OPE ID,School,State,Zip Code,School Type,20062007Qtr1_Dependent Students,20062007Qtr1_Independent Students,Quarterly Total,YTD_20062007Qtr1_Dependent Students,YTD_20062007Qtr1_Independent Students,Award Year To Date Total
00100200,ALABAMA AGRCLTL & MECHL UNIV            ,AL,35762-1357,Public       ,2502,961,3463,2502,961,3463
00100300,FAULKNER UNIVERSITY                     ,AL,36109-3398,Private      ,301,603,904,301,603,904
00100400,UNIVERSITY OF MONTEVALLO                ,AL,35115-6000,Public       ,561,256,817,561,256,817
00100500,ALABAMA STATE UNIVERSITY                ,AL,36101-0000,Public       ,2845,1072,3917,2845,1072,3917
00100700,CENTRAL ALABAMA COMMUNITY COLLEGE       ,AL,35011-0000,Public       ,243,237,480,243,237,480
00100800,ATHENS STATE UNIVERSITY                 ,AL,35611-1999,Public       ,137,581,718,137,581,718
00100900,AUBURN UNIVERSITY                       ,AL,36849-5113,Public       ,6787,1901,8688,6787,1901,8688
00101200,BIRMINGHAM SOUTHERN COLLEGE             ,AL,35254-0002,Private      ,665,87,752,665,87,752
00101300,CALHOUN COMMUNITY COLLEGE               ,AL,35609-2216,Public       ,873,1211,2084,873,1211,2084
00101500,ENTERPRISE-OZARK COMMUNITY COLLEGE      ,AL,36331-1300,Public       ,159,192,351,159,192,351
00101600,UNIVERSITY OF NORTH ALABAMA             ,AL,35632-0001,Public       ,1140,517,1657,1140,517,1657
00101700,GADSDEN STATE COMMUNITY COLLEGE         ,AL,35903-2269,Public       ,490,570,1060,490,570,1060
00101706,GADSDEN STATE COMM. COLLEGE-AYERS CAMPUS,AL,36202-0000,Public       ,60,93,153,60,93,153
00101800,GEORGE C WALLACE COMMUNITY COLLEGE      ,AL,36303-0943,Public       ,234,390,624,234,390,624
00101900,HUNTINGDON COLLEGE                      ,AL,36106-2148,Private      ,366,67,433,366,67,433
00102000,JACKSONVILLE STATE UNIVERSITY           ,AL,36265-1602,Public       ,1892,1193,3085,1892,1193,3085
00102100,JEFFERSON DAVIS COMMUNITY COLLEGE       ,AL,36427-2790,Public       ,83,154,237,83,154,237
00102200,JEFFERSON STATE COMMUNITY COLLEGE       ,AL,35215-3098,Public       ,531,948,1479,531,948,1479
00102300,JUDSON COLLEGE                          ,AL,36756-2504,Private      ,85,29,114,85,29,114
00102400,UNIVERSITY OF WEST ALABAMA              ,AL,35470-0000,Public       ,606,560,1166,606,560,1166
00102600,MARION MILITARY INSTITUTE               ,AL,36756-3214,Public       ,34,4,38,34,4,38
00102800,MILES COLLEGE                           ,AL,35064-2697,Private      ,467,211,678,467,211,678
00102900,UNIVERSITY OF MOBILE                    ,AL,36613-0000,Private      ,378,434,812,378,434,812
00103000,BISHOP STATE COMMUNITY COLLEGE          ,AL,36603-5898,Public       ,275,796,1071,275,796,1071
00103001,BISHOP STATE COMM COLG-CARVER CMPS      ,AL,36617-0000,Public       ,19,39,58,19,39,58
00103002,BISHOP STAT COMM CLG-SW CMPS            ,AL,36605-0000,Public       ,13,21,34,13,21,34
00103100,NORTHEAST ALABAMA STATE CMNTY COLG      ,AL,35986-0159,Public       ,180,184,364,180,184,364
00103300,OAKWOOD COLLEGE                         ,AL,35896-0001,Private      ,618,204,822,618,204,822
00103400,ALABAMA SOUTHERN COMMUNITY COLLEGE      ,AL,36460-5698,Public       ,141,117,258,141,117,258
00103600,SAMFORD UNIVERSITY                      ,AL,35229-7000,Private      ,1743,1257,3000,1743,1257,3000
00103800,SNEAD STATE COMMUNITY COLLEGE           ,AL,35957-0734,Public       ,195,269,464,195,269,464
00104000,SOUTHERN UNION STATE COMMUNITY CLG      ,AL,36276-0000,Public       ,542,455,997,542,455,997
00104100,SPRING HILL COLLEGE                     ,AL,36608-1791,Private      ,928,174,1102,928,174,1102
00104400,STILLMAN COLLEGE                        ,AL,35403-1430,Private      ,540,113,653,540,113,653
00104600,TALLADEGA COLLEGE                       ,AL,35160-2354,Private      ,142,29,171,142,29,171
00104700,TROY STATE UNIVERSITY                   ,AL,36082-0001,Public       ,1600,3161,4761,1600,3161,4761
00104754,TROY UNIVERSITY - DOTHAN                ,AL,36303-1575,Public       ,124,438,562,124,438,562
00104755,TROY UNIVERSITY - MONTGOMERY            ,AL,36103-4419,Public       ,248,1150,1398,248,1150,1398
00105000,TUSKEGEE UNIVERSITY                     ,AL,36088-1645,Private      ,2695,447,3142,2695,447,3142
00105100,UNIVERSITY OF ALABAMA (THE)             ,AL,35487-0120,Public       ,5963,2212,8175,5963,2212,8175
00105200,UNIVERSITY OF ALABAMA AT BIRMINGHAM     ,AL,35294-1150,Public       ,3471,2700,6171,3471,2700,6171
00105500,UNIVERSITY OF ALABAMA IN HUNTSVILLE     ,AL,35899-0001,Public       ,1470,833,2303,1470,833,2303
00105700,UNIVERSITY OF SOUTH ALABAMA             ,AL,36688-0002,Public       ,1651,2039,3690,1651,2039,3690
00105900,LAWSON STATE COMMUNITY COLLEGE          ,AL,35221-1798,Public       ,260,409,669,260,409,669
00105901,LAWSON STATE COMMUNITY COLLEGE - BESSEME,AL,35021-0308,Public       ,45,152,197,45,152,197
00106000,FAULKNER STATE COMMUNITY COLLEGE        ,AL,36507-2698,Public       ,308,337,645,308,337,645
00446200,GADSDEN BUSINESS COLLEGE                ,AL,35906-3658,Proprietary  ,1,3,4,1,3,4
00526000,J.F. DRAKE STATE TECH COLLEGE           ,AL,35811-1584,Public       ,45,156,201,45,156,201
00569100,SHELTON STATE COMMUNITY CLG             ,AL,35405-4017,Public       ,627,460,1087,627,460,1087
00569200,REID STATE TECHNICAL COLLEGE            ,AL,36401-0000,Public       ,23,38,61,23,38,61
00569700,NORTHWEST- SHOALS COMMUNITY COLLEGE     ,AL,35661-0000,Public       ,415,420,835,415,420,835
00569702,NORTHWEST-SHOALS C.C.-PHIL CAMPBELL     ,AL,35581-0000,Public       ,63,57,120,63,57,120
00569900,GEORGE C WALLACE STATE CMTY COLLEGE     ,AL,36703-0000,Public       ,178,198,376,178,198,376
00573300,BEVILL STATE CMTY COLLEGE-WALKER        ,AL,35148-0000,Public       ,204,306,510,204,306,510
00573301,BEVILL STATE COMMUNITY COLLEGE - FAYETTE,AL,35555-0000,Public       ,85,77,162,85,77,162
00573302,BEVILL STATE CMTY CLG-HAMILTON CAMP     ,AL,35570-0000,Public       ,48,75,123,48,75,123
00573305,BEVILL STATE CMTY CLG-WALKER CLG        ,AL,35501-0000,Public       ,73,90,163,73,90,163
00573400,H. COUNCILL TRENHOLM STATE TECH COLLEGE ,AL,36108-0020,Public       ,68,155,223,68,155,223
00573401,H. C. TRENHOLM ST TECH COL-PATTERSON CAM,AL,36116-2612,Public       ,24,73,97,24,73,97
00787100,GEORGE C WALLACE STATE CMTY CLG         ,AL,35077-2000,Public       ,436,647,1083,436,647,1083
00831000,AUBURN UNIVERSITY-MONTGOMERY            ,AL,36124-0000,Public       ,833,839,1672,833,839,1672
00898800,LURLEEN B WALLACE COMMUNITY COLLEGE     ,AL,36420-0418,Public       ,119,122,241,119,122,241
01019300,HERZING COLLEGE                         ,AL,35209-4816,Proprietary  ,37,126,163,37,126,163
01055400,CONCORDIA COLLEGE                       ,AL,36701-3323,Private      ,101,55,156,101,55,156
01123700,SOUTHERN COMMUNITY COLLEGE              ,AL,36083-1803,Private      ,9,12,21,9,12,21
01218200,CHATTAHOOCHEE VALLEY CMTY CLG           ,AL,36869-7917,Public       ,130,254,384,130,254,384
01303906,SOUTH UNIVERSITY - MONTGOMERY           ,AL,36116-1120,Proprietary  ,24,122,146,24,122,146
02170600,UNITED STATES SPORTS ACADEMY            ,AL,36526-7055,Private      ,5,142,147,5,142,147
02199700,HERITAGE CHRISTIAN UNIVERSITY           ,AL,35630-0000,Private      ,2,13,15,2,13,15
02270400,SOUTHEASTERN BIBLE COLLEGE              ,AL,35244-2083,Private      ,30,27,57,30,27,57
02296000,PRINCE INSTITUTE OF PROFESSIONAL STUDIES,AL,36117-0000,Proprietary  ,5,10,15,5,10,15
02323800,GAITHER AND COMPANY BEAUTY COLLEGE      ,AL,35768-0000,Proprietary  ,1,1,2,1,1,2
02341000,FORTIS COLLEGE                          ,AL,36609-0000,Proprietary  ,16,128,144,16,128,144
02341002,CAPPS COLLEGE - MONTGOMERY              ,AL,36109-3624,Proprietary  ,7,16,23,7,16,23
02503400,AMRIDGE UNIVERSITY                      ,AL,36124-0000,Private      ,6,170,176,6,170,176
02605500,REMINGTON COLLEGE - MOBILE CAMPUS       ,AL,36609-5593,Proprietary  ,49,401,450,49,401,450
03010600,VIRGINIA COLLEGE                        ,AL,35209-5154,Proprietary  ,98,901,999,98,901,999
03010602,VIRGINIA COLLEGE - HUNTSVILLE           ,AL,35805-0000,Proprietary  ,26,98,124,26,98,124
03010605,VA COLG TECHNICAL AT PELHAM             ,AL,35124-0000,Proprietary  ,12,7,19,12,7,19
03032500,ALABAMA STATE CLG BARBER STYLING        ,AL,35215-8308,Proprietary  ,11,8,19,11,8,19
03361400,FORTIS COLLEGE                          ,AL,36535-3547,Proprietary  ,5,34,39,5,34,39
03459300,SOUTHEASTERN SCHOOL OF COSMETOLOGY      ,AL,35228-0000,Private      ,4,15,19,4,15,19
03783300,BLUE CLIFF CAREER COLLEGE               ,AL,63306-4749,Proprietary  ,1,9,10,1,9,10
00111100,ALLAN HANCOCK COLLEGE                   ,CA,93454-6399,Public       ,1220,878,2098,1220,878,2098
00111300,ANTELOPE VALLEY COLLEGE                 ,CA,93536-5426,Public       ,1485,1583,3068,1485,1583,3068
00111600,ART CENTER COLLEGE OF DESIGN            ,CA,91103-1999,Private      ,824,880,1704,824,880,1704
00111700,AZUSA PACIFIC UNIVERSITY                ,CA,91702-7000,Private      ,4687,1735,6422,4687,1735,6422
00111800,BAKERSFIELD COLLEGE                     ,CA,93305-1299,Public       ,3816,2665,6481,3816,2665,6481
00111900,BARSTOW COMMUNITY COLLEGE               ,CA,92311-6608,Public       ,93,302,395,93,302,395
00112000,AMER BAPT SEM OF THE WEST-BERKELEY      ,CA,94704-0000,Private      ,2,30,32,2,30,32
00112100,BETHANY UNIVERSITY /  ASSEMBLIES OF GOD ,CA,95066-2896,Private      ,350,208,558,350,208,558
00112200,BIOLA UNIVERSITY                        ,CA,90639-0001,Private      ,3654,1036,4690,3654,1036,4690
00112300,BROOKS INSTITUTE                        ,CA,93103-1809,Proprietary  ,993,479,1472,993,479,1472
00112400,CABRILLO COLLEGE                        ,CA,95003-3194,Public       ,1257,1123,2380,1257,1123,2380
00112500,CALIFORNIA BAPTIST UNIVERSITY           ,CA,92504-3297,Private      ,1917,925,2842,1917,925,2842
00112700,CALIFORNIA COLLEGE OF THE ARTS          ,CA,94107-2206,Private      ,1022,891,1913,1022,891,1913
00113100,CALIFORNIA INSTITUTE OF TECHNOLOGY      ,CA,91125-0001,Private      ,2010,239,2249,2010,239,2249
00113200,CALIFORNIA INSTITUTE OF THE ARTS        ,CA,91355-2397,Private      ,1097,1236,2333,1097,1236,2333
00113300,CALIFORNIA LUTHERAN UNIVERSITY          ,CA,91360-2787,Private      ,1826,448,2274,1826,448,2274
00113400,CALIFORNIA MARITIME ACADEMY             ,CA,94590-8181,Public       ,415,118,533,415,118,533
00113700,CALIF STATE UNIV-FULLERTON              ,CA,92831-3599,Public       ,20753,7734,28487,20753,7734,28487
00113800,"CALIFORNIA STATE UNIVERSITY, EAST BAY   ",CA,94542-3000,Public       ,4478,4126,8604,4478,4126,8604
00113900,CALIF STATE UNIV-LONG BEACH             ,CA,90840-0006,Public       ,27704,9965,37669,27704,9965,37669
00114000,CALIF STATE UNIV-LOS ANGELES            ,CA,90032-4226,Public       ,13368,8502,21870,13368,8502,21870
00114100,"CALIF STATE UNIV, DOMINGUEZ HILLS       ",CA,90747-0001,Public       ,6833,4403,11236,6833,4403,11236
00114200,CALIF STATE UNIV SAN BERNARDINO         ,CA,92407-2397,Public       ,8793,5584,14377,8793,5584,14377
00114300,CAL POLY STATE UNIVERSITY               ,CA,93407-0001,Public       ,16723,2220,18943,16723,2220,18943
00114400,CALIF STATE POLYTECHNIC UNIV POMONA     ,CA,91768-2500,Public       ,14436,3977,18413,14436,3977,18413
00114600,CALIF STATE UNIV - CHICO                ,CA,95929-0001,Public       ,8828,3140,11968,8828,3140,11968
00114700,CALIF STATE UNIV - FRESNO               ,CA,93740-8026,Public       ,13036,5638,18674,13036,5638,18674
00114900,HUMBOLDT STATE UNIVERSITY               ,CA,95521-8299,Public       ,4963,2446,7409,4963,2446,7409
00115000,CALIF STATE UNIV-SACRAMENTO             ,CA,95819-6044,Public       ,13985,7917,21902,13985,7917,21902
00115100,SAN DIEGO STATE UNIVERSITY              ,CA,92182-1690,Public       ,26022,7675,33697,26022,7675,33697
00115300,CALIF STATE UNIV-NORTHRIDGE             ,CA,91330-8307,Public       ,18195,8467,26662,18195,8467,26662
00115301,CALIF STATE UNIV CHANNEL ISLANDS        ,CA,93012-0000,Public       ,1521,445,1966,1521,445,1966
00115400,SAN FRANCISCO STATE UNIVERSITY          ,CA,94132-1740,Public       ,18040,10003,28043,18040,10003,28043
00115500,SAN JOSE STATE UNIVERSITY               ,CA,95192-0036,Public       ,14489,6650,21139,14489,6650,21139
00115600,SONOMA STATE UNIVERSITY                 ,CA,94928-3609,Public       ,5613,1683,7296,5613,1683,7296
00115700,CALIF STATE UNIV-STANISLAUS             ,CA,95382-0299,Public       ,4453,2482,6935,4453,2482,6935
00115800,UNITED STATES INTERNATIONAL UNIV        ,CA,92131-1799,Private      ,63,663,726,63,663,726
00116100,CERRITOS COLLEGE                        ,CA,90650-6296,Public       ,4046,1957,6003,4046,1957,6003
00116200,CHABOT COLLEGE                          ,CA,94545-2400,Public       ,1649,1296,2945,1649,1296,2945
00116300,CHAFFEY COLLEGE                         ,CA,91737-9400,Public       ,2751,2242,4993,2751,2242,4993
00116400,CHAPMAN UNIVERSITY                      ,CA,92866-1099,Private      ,4407,2948,7355,4407,2948,7355
00116453,CHAPMAN UNIVERSITY SCHOOL OF LAW        ,CA,92866-0000,Private      ,92,1150,1242,92,1150,1242
00116500,CHURCH DIV SCH OF THE PACIFIC           ,CA,94709-0000,Private      ,0,54,54,0,54,54
00116600,CITRUS COLLEGE                          ,CA,91741-1899,Public       ,2322,1063,3385,2322,1063,3385
00116900,CLAREMONT GRADUATE UNIVERSITY           ,CA,91711-0000,Private      ,20,833,853,20,833,853
00117000,CLAREMONT MCKENNA COLLEGE               ,CA,91711-6400,Private      ,2085,38,2123,2085,38,2123
00117100,HARVEY MUDD COLLEGE                     ,CA,91711-5990,Private      ,1330,12,1342,1330,12,1342
00117200,PITZER COLLEGE                          ,CA,91711-6101,Private      ,1810,88,1898,1810,88,1898
00117300,POMONA COLLEGE                          ,CA,91711-6301,Private      ,2611,40,2651,2611,40,2651
00117400,SCRIPPS COLLEGE                         ,CA,91711-3948,Private      ,1029,40,1069,1029,40,1069
00117600,WEST HILLS COMMUNITY COLLEGE            ,CA,93210-1399,Public       ,1236,802,2038,1236,802,2038
00117700,COGSWELL POLYTECHNICAL COLLEGE          ,CA,94089-1210,Private      ,75,43,118,75,43,118
00117800,COLLEGE OF MARIN                        ,CA,94904-2590,Public       ,320,526,846,320,526,846
00117801,COLG OF MARIN-INDIAN VALLEY CMPS        ,CA,94949-0000,Public       ,5,14,19,5,14,19
00117900,NOTRE DAME DE NAMUR UNIVERSITY          ,CA,94002-1997,Private      ,665,312,977,665,312,977
00118100,COLLEGE OF SAN MATEO                    ,CA,94402-3784,Public       ,900,496,1396,900,496,1396
00118200,COLLEGE OF THE DESERT                   ,CA,92260-9305,Public       ,1087,666,1753,1087,666,1753
00118300,HOLY NAMES UNIVERSITY                   ,CA,94619-1699,Private      ,348,299,647,348,299,647
00118500,COLLEGE OF THE REDWOODS                 ,CA,95501-9300,Public       ,1023,1107,2130,1023,1107,2130
00118600,COLLEGE OF THE SEQUOIAS                 ,CA,93277-2234,Public       ,2423,1651,4074,2423,1651,4074
00118700,COLLEGE OF THE SISKIYOUS                ,CA,96094-2899,Public       ,412,263,675,412,263,675
00118701,COLLEGE OF THE SISKIYOUS - YREKA CENTER ,CA,96097-9538,Public       ,13,13,26,13,13,26
00119000,CONTRA COSTA COLLEGE                    ,CA,94806-3195,Public       ,646,684,1330,646,684,1330
00119100,DIABLO VALLEY COLLEGE                   ,CA,94523-1544,Public       ,1562,902,2464,1562,902,2464
00119200,CUESTA COLLEGE                          ,CA,93403-8106,Public       ,1434,818,2252,1434,818,2252
00119300,CYPRESS COLLEGE                         ,CA,90630-5897,Public       ,1960,1168,3128,1960,1168,3128
00119600,DOMINICAN UNIVERSITY OF CALIFORNIA      ,CA,94901-2298,Private      ,1605,574,2179,1605,574,2179
00119700,EL CAMINO COLLEGE                       ,CA,90506-0002,Public       ,3576,2054,5630,3576,2054,5630
00119701,COMPTON COMMUNITY COLLEGE               ,CA,90221-5393,Public       ,313,465,778,313,465,778
00119900,FOOTHILL COLLEGE                        ,CA,94022-4597,Public       ,689,700,1389,689,700,1389
00120000,FULLER THEOLOGICAL SEMINARY             ,CA,91182-0000,Private      ,6,1374,1380,6,1374,1380
00120100,FULLERTON COLLEGE                       ,CA,92832-2095,Public       ,2988,1285,4273,2988,1285,4273
00120200,GAVILAN COLLEGE                         ,CA,95020-9599,Public       ,461,325,786,461,325,786
00120300,GLENDALE COMMUNITY COLLEGE              ,CA,91208-2894,Public       ,2815,1695,4510,2815,1695,4510
00120400,GOLDEN GATE BAPT THEOL SEMINARY         ,CA,94941-0000,Private      ,0,13,13,0,13,13
00120500,GOLDEN GATE UNIVERSITY                  ,CA,94105-2967,Private      ,46,1889,1935,46,1889,1935
00120600,GOLDEN WEST COLLEGE                     ,CA,92647-2748,Public       ,2697,1397,4094,2697,1397,4094
00120700,GRADUATE THEOLOGICAL UNION              ,CA,94709-0000,Private      ,0,250,250,0,250,250
00120800,GROSSMONT COLLEGE                       ,CA,92020-1798,Public       ,2347,1586,3933,2347,1586,3933
00120900,HARTNELL COMMUNITY COLLEGE              ,CA,93901-1697,Public       ,897,450,1347,897,450,1347
00121200,HUMPHREYS COLLEGE                       ,CA,95207-3896,Private      ,114,320,434,114,320,434
00121400,IMPERIAL VALLEY COLLEGE                 ,CA,92251-9787,Public       ,1380,430,1810,1380,430,1810
00121500,LA SIERRA UNIVERSITY                    ,CA,92515-3332,Private      ,1205,306,1511,1205,306,1511
00121600,UNIVERSITY OF LA VERNE                  ,CA,91750-4443,Private      ,2105,2449,4554,2105,2449,4554
00121700,LASSEN COLLEGE                          ,CA,96130-3000,Public       ,161,150,311,161,150,311
00121800,LOMA LINDA UNIVERSITY                   ,CA,92350-0001,Private      ,493,2579,3072,493,2579,3072
00121900,LONG BEACH CITY COLLEGE                 ,CA,90808-1780,Public       ,4361,2927,7288,4361,2927,7288
00122000,MASTER'S COLLEGE & SEMINARY (THE)       ,CA,91321-1200,Private      ,876,161,1037,876,161,1037
00122300,LOS ANGELES CITY COLLEGE                ,CA,90029-3588,Public       ,2076,3005,5081,2076,3005,5081
00122400,LOS ANGELES HARBOR COLLEGE              ,CA,90744-2397,Public       ,922,1003,1925,922,1003,1925
00122600,LOS ANGELES PIERCE COLLEGE              ,CA,91371-0001,Public       ,2737,1583,4320,2737,1583,4320
00122700,LOS ANGELES TRADE TECH COLLEGE          ,CA,90015-4181,Public       ,1288,1789,3077,1288,1789,3077
00122800,LOS ANGELES VALLEY COLLEGE              ,CA,91401-4096,Public       ,2154,1795,3949,2154,1795,3949
00122900,SO CA UNIV  HEALTH SCIENCES             ,CA,90604-4051,Private      ,9,197,206,9,197,206
00123000,SOUTHERN CA COLLEGE OF OPTOMETRY        ,CA,92831-1699,Private      ,6,226,232,6,226,232
00123200,AMERICAN RIVER COLLEGE                  ,CA,95841-4286,Public       ,3430,3595,7025,3430,3595,7025
00123300,SACRAMENTO CITY COLLEGE                 ,CA,95822-1386,Public       ,4004,2957,6961,4004,2957,6961
00123600,MENLO COLLEGE                           ,CA,94027-4301,Private      ,514,58,572,514,58,572
00123700,MERCED COMMUNITY COLLEGE                ,CA,95348-2898,Public       ,2231,1356,3587,2231,1356,3587
00123800,MILLS COLLEGE                           ,CA,94613-1301,Private      ,990,755,1745,990,755,1745
00123900,MIRACOSTA COLLEGE                       ,CA,92056-3899,Public       ,873,706,1579,873,706,1579
00124000,MODESTO JUNIOR COLLEGE                  ,CA,95350-5800,Public       ,3692,2571,6263,3692,2571,6263
00124200,MONTEREY PENINSULA COLLEGE              ,CA,93940-4799,Public       ,505,452,957,505,452,957
00124300,MOUNT ST MARYS COLLEGE                  ,CA,90049-1599,Private      ,1668,1063,2731,1668,1063,2731
00124500,MT. SAN ANTONIO COLLEGE                 ,CA,91789-1399,Public       ,4743,2191,6934,4743,2191,6934
00124600,MT SAN JACINTO COLLEGE                  ,CA,92583-2399,Public       ,1276,1416,2692,1276,1416,2692
00124700,NAPA VALLEY COLLEGE                     ,CA,94558-6236,Public       ,564,514,1078,564,514,1078
00124900,OCCIDENTAL COLLEGE                      ,CA,90041-3314,Private      ,3138,140,3278,3138,140,3278
00125000,ORANGE COAST COLLEGE - FIN AID OFF      ,CA,92628-5005,Public       ,4298,1496,5794,4298,1496,5794
00125100,OTIS COLLEGE OF ART AND DESIGN          ,CA,90045-3505,Private      ,922,311,1233,922,311,1233
00125200,HOPE INTERNATIONAL UNIVERSITY           ,CA,92631-0000,Private      ,327,219,546,327,219,546
00125300,FRESNO PACIFIC UNIVERSITY               ,CA,93702-4798,Private      ,1231,770,2001,1231,770,2001
00125400,PACIFIC LUTHERAN THEOLOGICAL SEM        ,CA,94708-0000,Private      ,1,64,65,1,64,65
00125500,PACIFIC OAKS COLLEGE                    ,CA,91103-3592,Private      ,9,458,467,9,458,467
00125600,PACIFIC SCHOOL OF RELIGION              ,CA,94709-0000,Private      ,1,133,134,1,133,134
00125800,PACIFIC UNION COLLEGE                   ,CA,94508-9797,Private      ,700,176,876,700,176,876
00125900,PALO VERDE COLLEGE                      ,CA,92225-0000,Public       ,45,52,97,45,52,97
00126000,PALOMAR COLLEGE                         ,CA,92069-1486,Public       ,2221,1309,3530,2221,1309,3530
00126100,PASADENA CITY COLLEGE                   ,CA,91106-2003,Public       ,5746,2204,7950,5746,2204,7950
00126200,POINT LOMA NAZARENE UNIVERSITY          ,CA,92106-2899,Private      ,2733,331,3064,2733,331,3064
00126600,LANEY COLLEGE                           ,CA,94607-4893,Public       ,1301,1588,2889,1301,1588,2889
00126700,MERRITT COLLEGE                         ,CA,94619-3196,Public       ,580,867,1447,580,867,1447
00126800,PORTERVILLE COLLEGE                     ,CA,93257-6059,Public       ,732,537,1269,732,537,1269
00126900,RIO HONDO COLLEGE                       ,CA,90601-1699,Public       ,2774,1219,3993,2774,1219,3993
00127000,RIVERSIDE COMMUNITY COLLEGE             ,CA,92506-1299,Public       ,5611,4103,9714,5611,4103,9714
00127200,SAN BERNARDINO VALLEY COLLEGE           ,CA,92410-2798,Public       ,1598,2083,3681,1598,2083,3681
00127300,SAN DIEGO CITY COLLEGE                  ,CA,92101-4787,Public       ,2122,2367,4489,2122,2367,4489
00127500,SAN DIEGO MESA COLLEGE                  ,CA,92111-4996,Public       ,3015,1979,4994,3015,1979,4994
00127800,SAN FRANCISCO CONSERVATORY OF MUSIC     ,CA,94122-4498,Private      ,211,225,436,211,225,436
00127900,SAN FRANCISCO THEOLOGICAL SEMINARY      ,CA,94960-0000,Private      ,0,37,37,0,37,37
00128000,SAN JOAQUIN DELTA COLLEGE               ,CA,95207-6370,Public       ,3569,2516,6085,3569,2516,6085
00128100,WILLIAM JESSUP UNIVERSITY               ,CA,95765-3707,Private      ,315,148,463,315,148,463
00128200,SAN JOSE CITY COLLEGE                   ,CA,95128-2797,Public       ,1142,982,2124,1142,982,2124
00128400,SANTA ANA COLLEGE                       ,CA,92706-3398,Public       ,2064,1222,3286,2064,1222,3286
00128500,SANTA BARBARA CITY COLLEGE              ,CA,93109-2394,Public       ,2022,827,2849,2022,827,2849
00128600,SANTA MONICA COLLEGE                    ,CA,90405-1644,Public       ,5345,1956,7301,5345,1956,7301
00128700,SANTA ROSA JUNIOR COLLEGE               ,CA,95401-4395,Public       ,2140,1660,3800,2140,1660,3800
00128800,CLAREMONT SCHOOL OF THEOLOGY            ,CA,91711-0000,Private      ,2,124,126,2,124,126
00128900,SHASTA COLLEGE                          ,CA,96049-7692,Public       ,1549,1138,2687,1549,1138,2687
00129000,SIERRA COLLEGE                          ,CA,95677-3397,Public       ,2007,1752,3759,2007,1752,3759
00129100,SIMPSON UNIVERSITY                      ,CA,96003-8606,Private      ,872,325,1197,872,325,1197
00129200,SOLANO COMMUNITY COLLEGE                ,CA,94534-3197,Public       ,1007,1189,2196,1007,1189,2196
00129300,VANGUARD UNIVERSITY OF SOUTHERN CA      ,CA,92626-6597,Private      ,1524,373,1897,1524,373,1897
00129400,SOUTHWESTERN COLLEGE                    ,CA,91910-7299,Public       ,3179,1751,4930,3179,1751,4930
00129500,SOUTHWESTERN LAW SCHOOL                 ,CA,90010-1106,Private      ,11,1777,1788,11,1777,1788
00129600,DOMINICAN SCH PHILOSOPHY & THEOLOGY     ,CA,94709-0000,Private      ,1,10,11,1,10,11
00129900,ST JOHN'S SEMINARY COLLEGE              ,CA,93010-0000,Private      ,3,0,3,3,0,3
00130200,SAINT MARY'S COLLEGE OF CALIFORNIA      ,CA,94556-2744,Private      ,3088,638,3726,3088,638,3726
00130500,STANFORD UNIVERSITY                     ,CA,94305-6106,Private      ,11045,1922,12967,11045,1922,12967
00130501,STANFORD UNIVERSITY - GRADUATE SCHOOL OF,CA,94305-5301,Private      ,34,315,349,34,315,349
00130502,STANFORD UNIVERSITY - GRADUATE SCHOOL OF,CA,94305-5015,Private      ,19,596,615,19,596,615
00130503,STANFORD UNIVERSITY - STANFORD LAW SCHOO,CA,94305-3096,Private      ,15,1393,1408,15,1393,1408
00130700,FRESNO CITY COLLEGE                     ,CA,93741-0002,Public       ,6732,3925,10657,6732,3925,10657
00130800,REEDLEY COLLEGE                         ,CA,93654-2099,Public       ,2464,1418,3882,2464,1418,3882
00130900,TAFT COLLEGE                            ,CA,93268-2317,Public       ,274,180,454,274,180,454
00131200,UNIVERSITY OF CALIFORNIA-BERKELEY       ,CA,94720-1520,Public       ,34181,13228,47409,34181,13228,47409
00131300,UNIVERSITY OF CALIFORNIA-DAVIS          ,CA,95616-8558,Public       ,29427,8517,37944,29427,8517,37944
00131400,UNIVERSITY OF CALIFORNIA-IRVINE         ,CA,92697-2825,Public       ,31534,5610,37144,31534,5610,37144
00131500,UNIVERSITY OF CALIFORNIA (UCLA)         ,CA,90095-9000,Public       ,40713,14326,55039,40713,14326,55039
00131502,UNIV OF CALIFORNIA LOS ANG SCH MED      ,CA,90095-0000,Public       ,104,608,712,104,608,712
00131503,UNIV OF CALIFORNIA LOS ANG DENTAL       ,CA,90095-0000,Public       ,13,124,137,13,124,137
00131600,UNIVERSITY OF CALIFORNIA-RIVERSIDE      ,CA,92521-0209,Public       ,19141,3064,22205,19141,3064,22205
00131700,UNIVERSITY OF CALIFORNIA-SAN DIEGO      ,CA,92093-0013,Public       ,31051,5257,36308,31051,5257,36308
00131900,UNIVERSITY OF CALIFORNIA-SFRANCISCO     ,CA,94143-0246,Public       ,340,2402,2742,340,2402,2742
00132000,UNIVERSITY OF CALIFORNIA-SANTA BARB     ,CA,93106-3180,Public       ,28207,4490,32697,28207,4490,32697
00132100,UNIVERSITY OF CALIFORNIA-SANTA CRUZ     ,CA,95064-0001,Public       ,17909,2601,20510,17909,2601,20510
00132200,UNIVERSITY OF REDLANDS                  ,CA,92373-0999,Private      ,3157,821,3978,3157,821,3978
00132500,UNIVERSITY OF SAN FRANCISCO             ,CA,94117-1080,Private      ,5598,3678,9276,5598,3678,9276
00132600,SANTA CLARA UNIVERSITY                  ,CA,95053-4956,Private      ,5481,2192,7673,5481,2192,7673
00132800,UNIVERSITY OF SOUTHERN CALIFORNIA       ,CA,90089-0914,Private      ,23173,13448,36621,23173,13448,36621
00132900,UNIVERSITY OF THE PACIFIC               ,CA,95211-0197,Private      ,4708,1931,6639,4708,1931,6639
00132901,UNIVERSITY OF THE PACIFIC - MCGEORGE SCH,CA,95817-2799,Private      ,16,1765,1781,16,1765,1781
00132902,UNIV OF THE PACIFIC SCH OF DENT         ,CA,94115-0000,Private      ,10,506,516,10,506,516
00133400,VENTURA COLLEGE                         ,CA,93003-3899,Public       ,1163,730,1893,1163,730,1893
00133500,VICTOR VALLEY COLLEGE                   ,CA,92395-5849,Public       ,1116,1681,2797,1116,1681,2797
00133800,WEST VALLEY COLLEGE                     ,CA,95070-5697,Public       ,777,489,1266,777,489,1266
00134100,WESTMONT COLLEGE                        ,CA,93108-1099,Private      ,1720,25,1745,1720,25,1745
00134200,WHITTIER COLLEGE                        ,CA,90601-4413,Private      ,1776,181,1957,1776,181,1957
00134201,WHITTIER COLLEGE - COLLEGE OF LAW       ,CA,92626-1501,Private      ,2,932,934,2,932,934
00134300,WOODBURY UNIVERSITY                     ,CA,91510-7846,Private      ,808,444,1252,808,444,1252
00134400,YUBA COLLEGE                            ,CA,95901-7699,Public       ,1624,1463,3087,1624,1463,3087
00177212,TRINITY INTERNATIONAL UNIV-CA           ,CA,92705-0000,Private      ,2,72,74,2,72,74
00274100,AMERICAN JEWISH UNIVERSITY              ,CA,90077-1599,Private      ,59,113,172,59,113,172
00301002,ANTIOCH UNIV/LOS ANGELES                ,CA,90230-7615,Private      ,10,309,319,10,309,319
00301003,ANTIOCH  UNIV/SANTA BARBARA             ,CA,93101-0000,Private      ,143,207,350,143,207,350
00304701,HEBREW UNION COLL - LOS ANGELES         ,CA,90007-0000,Private      ,1,4,5,1,4,5
00369110,MONTEREY INST OF INTERNATL STUDIES      ,CA,93940-2691,Private      ,10,491,501,10,491,501
00394700,UC-HASTINGS COLLEGE OF THE LAW          ,CA,94102-0000,Public       ,15,3119,3134,15,3119,3134
00394800,SAN FRANCISCO ART INSTITUTE             ,CA,94133-2299,Private      ,722,552,1274,722,552,1274
00405500,HEBREW UNION COLLEGE - JEWISH INSTITUTE ,CA,90007-3796,Private      ,1,36,37,1,36,37
00408000,STARR KING SCHOOL FOR THE MINISTRY      ,CA,94709-1299,Private      ,1,30,31,1,30,31
00448000,DE ANZA COLLEGE                         ,CA,95014-5793,Public       ,2268,1269,3537,2268,1269,3537
00448100,OHLONE COLLEGE                          ,CA,94539-5847,Public       ,892,552,1444,892,552,1444
00448400,JOHN F. KENNEDY UNIVERSITY              ,CA,94523-4817,Private      ,7,686,693,7,686,693
00449000,PATTEN UNIVERSITY                       ,CA,94601-2699,Private      ,70,81,151,70,81,151
00449400,EVEREST COLLEGE                         ,CA,92408-3752,Proprietary  ,5,23,28,5,23,28
00450200,CITY COLLEGE OF SAN FRANCISCO           ,CA,94112-0000,Public       ,3269,2994,6263,3269,2994,6263
00563800,DOWNEY ADULT SCHOOL                     ,CA,90241-5610,Public       ,3,3,6,3,3,6
00565500,HACIENDA LA PUENTE ADULT EDUC CTR       ,CA,91746-0000,Public       ,19,41,60,19,41,60
00616500,LA CNTY CLG OF NURSING & ALLD HLTH      ,CA,90033-1018,Public       ,55,177,232,55,177,232
00672000,COLLEGE OF ALAMEDA                      ,CA,94501-2109,Public       ,699,535,1234,699,535,1234
00673100,CASA LOMA COLLEGE                       ,CA,91405-4523,Private      ,57,154,211,57,154,211
00686300,VENTURA COUNTY CMTY CLG DISTRICT        ,CA,93010-8552,Public       ,6,8,14,6,8,14
00697300,CANADA COLLEGE                          ,CA,94061-1099,Public       ,261,269,530,261,269,530
00697500,LINCOLN UNIVERSITY                      ,CA,94612-2801,Private      ,5,7,12,5,7,12
00701200,SAMUEL MERRITT COLLEGE                  ,CA,94609-3108,Private      ,130,907,1037,130,907,1037
00704700,LOS ANGELES SOUTHWEST COLLEGE           ,CA,90047-4810,Public       ,674,1284,1958,674,1284,1958
00705000,BAY VISTA COLLEGE OF BEAUTY             ,CA,91950-3616,Proprietary  ,7,7,14,7,7,14
00711500,MOORPARK COLLEGE                        ,CA,93021-1695,Public       ,1063,562,1625,1063,562,1625
00713000,NEWBERRY SCHOOLS OF BEAUTY              ,CA,91344-7404,Proprietary  ,7,5,12,7,5,12
00714200,LYLE'S COLLEGE OF BEAUTY                ,CA,93710-3948,Proprietary  ,26,22,48,26,22,48
00714201,LYLE'S CLG OF BTY BAKERSFIELD           ,CA,93301-0000,Proprietary  ,28,18,46,28,18,46
00716400,BRYAN COLLEGE                           ,CA,90057-0000,Proprietary  ,11,38,49,11,38,49
00717801,WESTERN SEMINARY - BAY AREA CENTER      ,CA,95032-0000,Private      ,0,9,9,0,9,9
00717804,WESTERN SEMINARY - SACRAMENTO           ,CA,95821-3939,Private      ,2,16,18,2,16,18
00718700,NORTH ADRIAN'S COLLEGE OF BEAUTY        ,CA,95350-2381,Proprietary  ,15,13,28,15,13,28
00719000,WYOTECH                                 ,CA,94539-7663,Proprietary  ,210,205,415,210,205,415
00720300,SALON SUCCESS ACADEMY                   ,CA,91786-4060,Proprietary  ,5,7,12,5,7,12
00720400,MODERN BEAUTY ACADEMY                   ,CA,93030-7016,Proprietary  ,7,3,10,7,3,10
00722900,WESTERN BEAUTY INSTITUTE                ,CA,91402-3104,Proprietary  ,8,58,66,8,58,66
00723400,HEALD COLLEGE                           ,CA,94105-2206,Proprietary  ,93,105,198,93,105,198
00723600,ART INST OF CALIFORNIA-LOS ANGELES      ,CA,90405-3035,Proprietary  ,2903,1645,4548,2903,1645,4548
00724500,SAN JOSE BEAUTY COLLEGE                 ,CA,95126-0000,Proprietary  ,1,0,1,1,0,1
00725300,FEDERICO BEAUTY INSTITUTE               ,CA,95834-1905,Proprietary  ,48,43,91,48,43,91
00729600,COLEMAN COLLEGE                         ,CA,92123-0000,Private      ,35,110,145,35,110,145
00745600,MARINELLO SCH BTY BUENA PRK             ,CA,90620-0000,Proprietary  ,1,0,1,1,0,1
00746501,AMERICAN ACADEMY OF DRAMATIC ARTS - HOLL,CA,90028-7504,Private      ,129,42,171,129,42,171
00747600,MARINELLO SCHOOLS OF BEAUTY             ,CA,90023-2666,Proprietary  ,54,164,218,54,164,218
00747602,MARINELLO SCHOOLS OF BEAUTY - SPA ACADEM,CA,90048-5101,Proprietary  ,17,9,26,17,9,26
00747603,MARINELLO SCHOOLS OF BEAUTY - INGLEWOOD ,CA,90301-2306,Proprietary  ,7,2,9,7,2,9
00747604,MARINELLO SCHOOLS OF BEAUTY - RESEDA    ,CA,91335-4218,Proprietary  ,4,5,9,4,5,9
00747605,MARINELLO SCHOOLS OF BEAUTY - NORTH HOLL,CA,91606-3210,Proprietary  ,9,3,12,9,3,12
00747606,MARINELLO SCHOOLS OF BEAUTY - WEST COVIN,CA,91790-2805,Proprietary  ,7,1,8,7,1,8
00747607,MARINELLO SCHOOLS OF BEAUTY - SAN BERNAR,CA,92410-3261,Proprietary  ,15,8,23,15,8,23
00747608,MARINELLO SCHOOLS OF BEAUTY - ONTARIO   ,CA,91762-2113,Proprietary  ,16,6,22,16,6,22
00747609,MARINELLO SCHOOLS OF BEAUTY - WHITTIER  ,CA,90601-4107,Proprietary  ,8,3,11,8,3,11
00747611,MARINELLO SCHOOLS OF BEAUTY - SAN DIEGO ,CA,92126-4217,Proprietary  ,25,12,37,25,12,37
00747700,"HEALD COLLEGE,SCHOOLS OF BUS & TECH     ",CA,95670-6005,Proprietary  ,138,300,438,138,300,438
00753100,ACADEMY OF ART UNIVERSITY               ,CA,94105-3410,Proprietary  ,1809,1839,3648,1809,1839,3648
00753600,COSUMNES RIVER COLLEGE                  ,CA,95823-5799,Public       ,2041,1219,3260,2041,1219,3260
00754802,WESTWOOD COLLEGE OF TECHNOLOGY          ,CA,92801-0000,Proprietary  ,435,217,652,435,217,652
00754803,WESTWOOD COLLEGE OF TECHNOLOGY          ,CA,91786-0000,Proprietary  ,438,267,705,438,267,705
00760500,ACADEMY PACIFIC BUSINESS & TRAVEL       ,CA,90028-5218,Proprietary  ,6,3,9,6,3,9
00760600,EVEREST COLLEGE                         ,CA,90010-2221,Proprietary  ,47,51,98,47,51,98
00760700,CONCORDE CAREER INSTITUTE               ,CA,91606-3134,Proprietary  ,49,91,140,49,91,140
00770700,COLUMBIA COLLEGE                        ,CA,95370-8580,Public       ,367,290,657,367,290,657
00771300,SKYLINE COLLEGE                         ,CA,94066-1698,Public       ,917,498,1415,917,498,1415
00793000,CONCORDE CAREER INSTITUTE               ,CA,92108-0000,Proprietary  ,41,133,174,41,133,174
00799300,CALIF STATE UNIV BAKERSFIELD            ,CA,93311-1022,Public       ,3981,2578,6559,3981,2578,6559
00807100,CONCORDE CAREER INSTITUTE               ,CA,92840-9201,Proprietary  ,44,125,169,44,125,169
00807300,BUTTE COMMUNITY COLLEGE                 ,CA,95965-0000,Public       ,2227,1618,3845,2227,1618,3845
00809000,EVEREST COLLEGE                         ,CA,91803-1310,Proprietary  ,63,94,157,63,94,157
00809300,HEALD COLLEGE                           ,CA,93704-1706,Proprietary  ,476,427,903,476,427,903
00853200,HEALD COLLEGE                           ,CA,94545-2352,Proprietary  ,163,292,455,163,292,455
00853700,CONCORDE CAREER INSTITUTE               ,CA,92401-0000,Proprietary  ,88,303,391,88,303,391
00859600,WEST LOS ANGELES COLLEGE                ,CA,90230-3500,Public       ,758,1145,1903,758,1145,1903
00859700,FEATHER RIVER COLLEGE                   ,CA,95971-9124,Public       ,223,98,321,223,98,321
00884400,CALIFORNIA CHRISTIAN COLLEGE            ,CA,93703-3599,Private      ,20,19,39,20,19,39
00884600,WRIGHT INSTITUTE                        ,CA,94704-0000,Private      ,0,149,149,0,149,149
00890300,COLLEGE OF THE CANYONS                  ,CA,91355-1899,Public       ,1138,550,1688,1138,550,1688
00891800,SADDLEBACK COLLEGE                      ,CA,92692-3699,Public       ,986,675,1661,986,675,1661
00902200,ASSOCIATED TECHNICAL COLLEGE            ,CA,90017-0000,Proprietary  ,3,9,12,3,9,12
00903200,EMPIRE COLLEGE                          ,CA,95403-2122,Proprietary  ,33,76,109,33,76,109
00915800,DON BOSCO TECHNICAL INSTITUTE           ,CA,91770-4299,Private      ,10,1,11,10,1,11
00927200,CRAFTON HILLS COLLEGE                   ,CA,92399-1799,Public       ,782,537,1319,782,537,1319
00932500,ABRAM FRIEDMAN OCCUP CTR                ,CA,90015-3507,Public       ,8,20,28,8,20,28
00950900,SKILLS & BUSINESS EDUCATION CENTER      ,CA,95824-1529,Public       ,28,87,115,28,87,115
00974800,WESTERN CAREER COLLEGE                  ,CA,95826-3203,Proprietary  ,320,681,1001,320,681,1001
00974802,WESTERN CAREER COLLEGE - PLEASANT HILL C,CA,94523-1984,Proprietary  ,42,86,128,42,86,128
00974805,WESTERN CAREER COLLEGE - FREMONT        ,CA,94538-3115,Proprietary  ,73,305,378,73,305,378
00974806,WESTERN CAREER COLLEGE -  ANTIOCH/WALNUT,CA,94531-1604,Proprietary  ,7,5,12,7,5,12
00998900,SANTA BARBARA BUSINESS COLLEGE          ,CA,93111-0000,Proprietary  ,48,107,155,48,107,155
01011100,CERRO-COSO COMMUNITY COLLEGE            ,CA,93555-9571,Public       ,128,362,490,128,362,490
01014225,TOURO CLG OSEOPATHIC MEDICINE           ,CA,94592-1115,Private      ,20,507,527,20,507,527
01014900,PEPPERDINE UNIVERSITY                   ,CA,90263-0000,Private      ,5369,3234,8603,5369,3234,8603
01033300,JESUIT SCHOOL OF THEOLOGY - BERKELEY    ,CA,94709-1193,Private      ,1,45,46,1,45,46
01034000,LOS MEDANOS COLLEGE                     ,CA,94565-5197,Public       ,593,625,1218,593,625,1218
01036500,CHARLES R DREW UNIV OF MED & SCI        ,CA,90059-0000,Private      ,28,212,240,28,212,240
01036800,MENNONITE BRETHREN BIBLICAL SEM         ,CA,93727-0000,Private      ,0,16,16,0,16,16
01037500,HARBOR OCCUPATIONAL CENTER              ,CA,90731-0000,Public       ,15,18,33,15,18,33
01039500,UNIVERSITY OF SAN DIEGO                 ,CA,92110-2492,Private      ,9222,1734,10956,9222,1734,10956
01039501,UNIVERSITY OF SAN DIEGO - SCHOOL OF LAW ,CA,92110-2492,Private      ,46,2271,2317,46,2271,2317
01044100,PARDEE RAND GRADUATE SCHOOL             ,CA,90407-2138,Private      ,3,6,9,3,6,9
01047400,MARYMOUNT COLLEGE OF PALOS VERDES       ,CA,90275-0000,Private      ,414,25,439,414,25,439
01057900,WEST VALLEY OCCUPATIONAL CTR            ,CA,91367-0000,Public       ,25,31,56,25,31,56
01083100,NEW COLLEGE OF CALIFORNIA               ,CA,94102-0000,Private      ,72,509,581,72,509,581
01083200,WESTERN STATE UNIV COLLEGE OF LAW       ,CA,92831-3014,Proprietary  ,10,638,648,10,638,648
01085400,THOMAS JEFFERSON SCHOOL OF LAW          ,CA,92110-0000,Private      ,3,927,930,3,927,930
01102400,EVEREST COLLEGE                         ,CA,94103-2091,Proprietary  ,97,360,457,97,360,457
01110700,EVEREST  COLLEGE                        ,CA,92801-5231,Proprietary  ,63,80,143,63,80,143
01110900,EVEREST COLLEGE                         ,CA,91335-4631,Proprietary  ,52,57,109,52,57,109
01111200,FIDM-FASHION INSTITUTE OF DESIGN        ,CA,90015-1421,Proprietary  ,2824,671,3495,2824,671,3495
01111700,ALLIANT INTERNATIONAL UNIVERSITY        ,CA,92131-1799,Private      ,26,704,730,26,704,730
01111705,ALLIANT INTERNATIONAL UNIVERSITY - LOS A,CA,91803-1360,Private      ,7,387,394,7,387,394
01111706,ALLIANT INTERNATIONAL UNIVERSITY - SAN F,CA,94133-1221,Private      ,0,275,275,0,275,275
01111707,ALLIANT INTERNATIONAL UNIVERSITY - FRESN,CA,93727-2014,Private      ,8,174,182,8,174,182
01112100,EVEREST COLLEGE                         ,CA,94541-4007,Proprietary  ,49,84,133,49,84,133
01112300,EVEREST COLLEGE                         ,CA,90247-4163,Proprietary  ,70,194,264,70,194,264
01146000,NATIONAL UNIVERSITY                     ,CA,92037-1011,Private      ,139,3212,3351,139,3212,3351
01162600,PRACTICAL SCHOOLS                       ,CA,92805-0000,Proprietary  ,128,175,303,128,175,303
01164900,LOYOLA MARYMOUNT UNIVERSITY             ,CA,90045-0000,Private      ,7731,1388,9119,7731,1388,9119
01164901,LOYOLA MARYMOUNT UNIVERSITY - LOYOLA LAW,CA,90015-0019,Private      ,21,2580,2601,21,2580,2601
01167200,MENDOCINO COMMUNITY COLLEGE             ,CA,95482-3000,Public       ,436,331,767,436,331,767
01169600,NATIONAL POLYTECHNIC COLLEGE OF SCIENCE ,CA,90744-6399,Private      ,20,76,96,20,76,96
01170700,NORTH-WEST COLLEGE                      ,CA,91790-2097,Proprietary  ,19,44,63,19,44,63
01179200,FRANCISCAN SCHOOL OF THEOLOGY           ,CA,94709-0000,Private      ,0,6,6,0,6,6
01182000,SAN DIEGO MIRAMAR COLLEGE               ,CA,92126-0000,Public       ,988,891,1879,988,891,1879
01186500,CALIFORNIA HAIR DESIGN ACADEMY          ,CA,92115-0000,Proprietary  ,17,9,26,17,9,26
01202600,JE BOUTIQUE COLLEGE OF BEAUTY           ,CA,92021-6247,Proprietary  ,7,12,19,7,12,19
01202700,GALEN COLLEGE OF CALIFORNIA             ,CA,93728-2381,Proprietary  ,26,12,38,26,12,38
01203100,SAN DIEGO CHRISTIAN COLLEGE             ,CA,92019-1157,Private      ,376,113,489,376,113,489
01206100,EVEREST COLLEGE                         ,CA,95128-3908,Proprietary  ,44,74,118,44,74,118
01215400,CALIFORNIA INSTITUTE OF INTEGRAL STUDIES,CA,94103-2557,Private      ,5,394,399,5,394,399
01231600,MANCHESTER BEAUTY COLLEGE               ,CA,93726-5306,Proprietary  ,43,9,52,43,9,52
01231700,TULARE BEAUTY COLLEGE                   ,CA,93274-3432,Proprietary  ,3,4,7,3,4,7
01244600,UNIVERSAL COLLEGE OF BEAUTY             ,CA,90044-0044,Proprietary  ,18,6,24,18,6,24
01245200,EVERGREEN VALLEY COLLEGE                ,CA,95135-1598,Public       ,1453,784,2237,1453,784,2237
01255000,LOS ANGELES MISSION COLLEGE             ,CA,91342-3200,Public       ,1002,977,1979,1002,977,1979
01265000,MARINELLO SCHOOL OF BEAUTY              ,CA,91502-2828,Proprietary  ,15,17,32,15,17,32
01265100,MARINELLO SCHOOL OF BEAUTY              ,CA,91748-1674,Proprietary  ,10,10,20,10,10,20
01284200,OXNARD COLLEGE                          ,CA,93030-0000,Public       ,643,466,1109,643,466,1109
01287200,NORTH-WEST COLLEGE                      ,CA,91768-3199,Proprietary  ,13,36,49,13,36,49
01287300,WYOTECH                                 ,CA,90810-3800,Proprietary  ,138,202,340,138,202,340
01290700,LAKE TAHOE COMMUNITY COLLEGE            ,CA,96150-4524,Public       ,123,97,220,123,97,220
01291100,MARINELLO SCHOOL OF BEAUTY              ,CA,92646-2552,Proprietary  ,4,2,6,4,2,6
01291200,MTI COLLEGE                             ,CA,95841-0000,Proprietary  ,136,451,587,136,451,587
01294200,ROSEMEAD BEAUTY SCHOOL                  ,CA,91770-1639,Proprietary  ,2,4,6,2,4,6
01298400,PROFESSIONAL INSTITUTE OF BEAUTY        ,CA,91731-2613,Proprietary  ,0,1,1,0,1,1
01298500,HAIR CALIFORNIA BEAUTY ACADEMY          ,CA,92867-7127,Proprietary  ,5,1,6,5,1,6
01298900,OCEANSIDE COLLEGE OF BEAUTY             ,CA,92054-5393,Proprietary  ,8,12,20,8,12,20
01301000,LANCASTER BEAUTY SCHOOL                 ,CA,93534-3098,Proprietary  ,11,9,20,11,9,20
01307400,AMERICAN BEAUTY COLLEGE                 ,CA,90706-5417,Proprietary  ,12,4,16,12,4,16
01309500,SALON SUCCESS ACADEMY                   ,CA,92879-6561,Proprietary  ,5,7,12,5,7,12
01310300,CALIFORNIA WESTERN SCHOOL OF LAW        ,CA,92101-0000,Private      ,10,1442,1452,10,1442,1452
01323300,SIMI VALLEY ADULT SCHOOL/CAREER INS     ,CA,93065-3940,Public       ,8,12,20,8,12,20
01324000,LYTLE'S REDWOOD EMPIRE BEAUTY CLG       ,CA,95403-0000,Proprietary  ,26,24,50,26,24,50
02052300,UNIVERSITY OF WEST LOS ANGELES          ,CA,90301-0000,Private      ,30,75,105,30,75,105
02054900,MARINELLO SCHOOL OF BEAUTY              ,CA,92630-0000,Proprietary  ,3,4,7,3,4,7
02057700,ALMADEN BEAUTY COLLEGE                  ,CA,95123-0000,Proprietary  ,1,0,1,1,0,1
02059800,PARIS BEAUTY COLLEGE                    ,CA,94520-2611,Proprietary  ,9,9,18,9,9,18
02063500,COASTLINE COMMUNITY COLLEGE             ,CA,92708-0000,Public       ,348,675,1023,348,675,1023
02064300,SIERRA COLLEGE OF BEAUTY                ,CA,95340-0000,Proprietary  ,19,3,22,19,3,22
02065500,BROOKS COLLEGE                          ,CA,90804-3289,Proprietary  ,482,165,647,482,165,647
02065501,BROOKS COLLEGE - SUNNYVALE              ,CA,94086-5303,Proprietary  ,140,99,239,140,99,239
02065700,CALIFORNIA BEAUTY COLLEGE               ,CA,95354-0000,Proprietary  ,37,15,52,37,15,52
02070500,CONCORDIA UNIVERSITY                    ,CA,92612-0000,Private      ,1162,360,1522,1162,360,1522
02075800,SOUTHERN CA INST OF ARCHITECTURE        ,CA,90013-0000,Private      ,83,368,451,83,368,451
02086400,MARINELLO SCHOOL OF BEAUTY              ,CA,95050-0000,Proprietary  ,6,2,8,6,2,8
02091200,ELEGANCE INTERNATIONAL                  ,CA,90028-0000,Proprietary  ,3,7,10,3,7,10
02091700,KAPLAN COLLEGE                          ,CA,92123-1509,Proprietary  ,125,296,421,125,296,421
02096100,FIELDING INSTITUTE                      ,CA,93105-0000,Private      ,0,256,256,0,256,256
02099200,AMERICAN CONSERVATORY THEATER           ,CA,94108-0000,Private      ,11,158,169,11,158,169
02110200,COLUMBIA COLLEGE                        ,CA,91356-0000,Private      ,86,53,139,86,53,139
02110800,CALIFORNIA COLLEGE SAN DIEGO            ,CA,92108-3821,Proprietary  ,124,75,199,124,75,199
02111300,CUYAMACA COLLEGE                        ,CA,92019-0000,Public       ,839,642,1481,839,642,1481
02113601,AMERICAN INTERCONTINENTAL UNIV - LOS ANG,CA,90066-7008,Proprietary  ,462,468,930,462,468,930
02119100,MISSION COLLEGE                         ,CA,95054-1897,Public       ,814,883,1697,814,883,1697
02120600,SAYBROOK GRADUATE SCHOOL                ,CA,94111-1920,Private      ,3,139,142,3,139,142
02120700,SAN JOAQUIN VALLEY COLLEGE              ,CA,93291-0000,Proprietary  ,963,1575,2538,963,1575,2538
02120900,ITT TECHNICAL INSTITUTE                 ,CA,95670-6034,Proprietary  ,233,193,426,233,193,426
02125000,CAREER ACADEMY OF BEAUTY                ,CA,92845-0000,Proprietary  ,9,8,17,9,8,17
02128200,"VICTOR VALLEY BEAUTY COLLEGE, INC       ",CA,92392-0000,Proprietary  ,24,13,37,24,13,37
02128300,INSTITUTE FOR BUSINESS & TECHNOLOGY     ,CA,95050-0000,Proprietary  ,15,54,69,15,54,69
02128301,INSTITUTE FOR BUSINESS & TECHNOLOGY     ,CA,95610-0000,Proprietary  ,12,54,66,12,54,66
02138300,PACIFIC GRADUATE SCHOOL OF PSYCHOLO     ,CA,94303-4232,Private      ,0,209,209,0,209,209
02147400,CLEVELAND CHIROPRACTIC COLLEGE          ,CA,90004-0000,Private      ,30,135,165,30,135,165
02161800,MUSICIANS INSTITUTE                     ,CA,90028-6157,Proprietary  ,400,231,631,400,231,631
02167800,ESTES INSTITUTE OF COSMETOLOGY          ,CA,93291-0000,Proprietary  ,34,23,57,34,23,57
02174600,MARINELLO SCHOOL OF BEAUTY              ,CA,90201-0000,Proprietary  ,3,7,10,3,7,10
02184900,PALMER COLLEGE OF CHIROPRACTIC WEST     ,CA,95134-0000,Private      ,14,236,250,14,236,250
02185800,MOLER BARBER COLLEGE                    ,CA,94611-0000,Proprietary  ,3,7,10,3,7,10
02187500,"HEALD COLLEGE, SCH OF BUS & TECH        ",CA,94520-0000,Proprietary  ,159,318,477,159,318,477
02188400,SIERRA VALLEY COLLEGE OF COURT REPORTING,CA,93726-0000,Proprietary  ,23,48,71,23,48,71
02208600,MADERA BEAUTY COLLEGE                   ,CA,93637-3519,Proprietary  ,11,1,12,11,1,12
02211000,HAIRMASTERS UNIVERSITY OF BEAUTY        ,CA,92405-0000,Proprietary  ,17,5,22,17,5,22
02220000,COLLEEN O'HARA BEAUTY ACADEMY           ,CA,92701-0000,Proprietary  ,2,0,2,2,0,2
02220200,CALIFORNIA CULINARY ACADEMY             ,CA,94102-3336,Proprietary  ,606,390,996,606,390,996
02221300,MARINELLO SCHOOL OF BEAUTY              ,CA,92553-0000,Proprietary  ,27,42,69,27,42,69
02222000,AMERICAN FILM INSTITUTE                 ,CA,90027-0000,Private      ,62,263,325,62,263,325
02226000,EAST LOS ANGELES COLLEGE                ,CA,91754-0000,Public       ,3906,2440,6346,3906,2440,6346
02228500,LIFE CHIROPRACTIC COLLEGE-WEST          ,CA,94545-0000,Private      ,4,159,163,4,159,163
02230900,FREDRICK & CHARLES BEAUTY COLLEGE       ,CA,95501-0000,Proprietary  ,15,12,27,15,12,27
02231900,GEMOLOGICAL INSTITUTE OF AMERICA        ,CA,92008-4698,Private      ,34,85,119,34,85,119
02234300,FASHION CAREERS OF CALIFORNIA           ,CA,92110-0000,Proprietary  ,59,35,94,59,35,94
02236400,"THANH LE COLG, SCH OF COSMETOLOGY       ",CA,92840-0000,Proprietary  ,0,1,1,0,1,1
02237200,PHILLIPS GRADUATE INSTITUTE             ,CA,91316-0000,Private      ,0,120,120,0,120,120
02238200,LAKE FOREST BEAUTY COLLEGE              ,CA,92630-1662,Proprietary  ,1,1,2,1,1,2
02241600,SAN DIEGO CONTINUING EDUCATION          ,CA,92113-0000,Public       ,22,62,84,22,62,84
02241800,AMERICAN CAREER COLLEGE                 ,CA,90004-0000,Proprietary  ,323,810,1133,323,810,1133
02242700,BERKELEY CITY COLLEGE                   ,CA,94704-0000,Public       ,327,409,736,327,409,736
02255400,INTERNATIONAL SCHOOL OF COSMETOLOGY     ,CA,90250-0000,Proprietary  ,3,17,20,3,17,20
02255600,MARINELLO SCHOOL OF BEAUTY              ,CA,90723-0000,Proprietary  ,5,0,5,5,0,5
02258600,ALAMEDA BEAUTY COLLEGE                  ,CA,94501-0000,Proprietary  ,16,10,26,16,10,26
02262400,YESHIVA OHR ELCHONON CHABAD             ,CA,90046-0000,Private      ,28,0,28,28,0,28
02267600,INSTITUTE OF TRANSPERSONAL PSYCHLGY     ,CA,94303-4624,Private      ,0,101,101,0,101,101
02270600,LIFE PACIFIC COLLEGE                    ,CA,91773-0000,Private      ,164,48,212,164,48,212
02276800,WESTMINSTER SEMINARY CALIFORNIA         ,CA,92027-0000,Private      ,0,54,54,0,54,54
02277400,SOUTH COAST COLLEGE                     ,CA,92868-2616,Proprietary  ,30,106,136,30,106,136
02282300,ALHAMBRA BEAUTY COLLEGE                 ,CA,91802-0000,Proprietary  ,4,1,5,4,1,5
02285100,HILLTOP BEAUTY SCHOOL                   ,CA,94014-0000,Proprietary  ,1,24,25,1,24,25
02291500,ITT TECHNICAL INSTITUTE                 ,CA,91773-0000,Proprietary  ,348,369,717,348,369,717
02291600,ITT TECHNICAL INSTITUTE                 ,CA,92123-0000,Proprietary  ,361,594,955,361,594,955
02298000,DESIGN INSTITUTE OF SAN DIEGO           ,CA,92121-0000,Proprietary  ,94,100,194,94,100,194
02304300,"PLATT COLLEGE, SAN DIEGO                ",CA,92115-0000,Proprietary  ,82,72,154,82,72,154
02306300,KAPLAN COLLEGE                          ,CA,95368-0000,Proprietary  ,61,172,233,61,172,233
02306302,KAPLAN COLLEGE - FRESNO                 ,CA,93612-3802,Proprietary  ,60,79,139,60,79,139
02309500,CLOVIS ADULT EDUC                       ,CA,93611-0000,Public       ,12,20,32,12,20,32
02312400,LA COLLEGE INTERNATIONAL                ,CA,90010-0000,Proprietary  ,59,50,109,59,50,109
02321800,ITT TECHNICAL INSTITUTE                 ,CA,91342-3664,Proprietary  ,370,392,762,370,392,762
02321900,ITT TECHNICAL INSTITUTE                 ,CA,92801-0000,Proprietary  ,235,233,468,235,233,468
02327600,ART INST OF CALIFORNIA-SAN DIEGO        ,CA,92108-4401,Proprietary  ,1032,621,1653,1032,621,1653
02330500,LAGUNA COLLEGE OF ART AND DESIGN        ,CA,92651-0000,Private      ,216,69,285,216,69,285
02332800,CENTER FOR EMPLOYMENT TRAINING          ,CA,95110-0000,Private      ,26,93,119,26,93,119
02338500,GLENDALE CAREER COLLEGE                 ,CA,91201-0000,Proprietary  ,33,80,113,33,80,113
02338700,MARINELLO SCHOOL OF BEAUTY              ,CA,94103-0000,Proprietary  ,13,12,25,13,12,25
02342400,ACADEMY OF RADIO BROADCASTING           ,CA,92647-3809,Proprietary  ,14,13,27,14,13,27
02343400,"BELLUS ACADEMY, THE ACADEMY OF BEAUTY AN",CA,92064-4633,Proprietary  ,2,6,8,2,6,8
02345800,MONTEBELLO BEAUTY COLLEGE               ,CA,90640-0000,Proprietary  ,2,1,3,2,1,3
02351900,KAPLAN COLLEGE                          ,CA,95660-5512,Proprietary  ,58,86,144,58,86,144
02351901,KAPLAN COLLEGE - BAKERSFIELD            ,CA,93304-0000,Proprietary  ,34,51,85,34,51,85
02358000,THOMAS AQUINAS COLLEGE                  ,CA,93060-9622,Private      ,282,22,304,282,22,304
02359300,SHASTA BIBLE COLLEGE                    ,CA,96002-0000,Private      ,32,15,47,32,15,47
02482700,WESTERN UNIVERSITY OF HEALTH S          ,CA,91766-1854,Private      ,39,2221,2260,39,2221,2260
02494800,LOLA BEAUTY COLLEGE                     ,CA,92641-0000,Proprietary  ,0,1,1,0,1,1
02497300,TRINITY COLLEGE                         ,CA,93277-0000,Proprietary  ,34,143,177,34,143,177
02500000,SAN JOAQUIN COLLEGE OF LAW              ,CA,93612-0000,Private      ,3,118,121,3,118,121
02518400,THE NATIONAL HISPANIC UNIVERSITY        ,CA,95127-0000,Private      ,158,100,258,158,100,258
02519800,AVANCE BEAUTY COLLEGE                   ,CA,92154-0000,Proprietary  ,19,6,25,19,6,25
02520200,CALIFORNIA CAREER SCHOOLS               ,CA,92805-0000,Proprietary  ,2,6,8,2,6,8
02520300,INTERIOR DESIGNERS INSTITUTE            ,CA,92660-0000,Proprietary  ,22,13,35,22,13,35
02537200,PALOMAR INSTITUTE OF COSMETOLOGY        ,CA,92069-0000,Proprietary  ,27,16,43,27,16,43
02539100,KAPLAN COLLEGE                          ,CA,91606-3231,Proprietary  ,82,232,314,82,232,314
02539500,IRVINE VALLEY COLLEGE                   ,CA,92620-0000,Public       ,831,524,1355,831,524,1355
02542300,NATIONAL HOLISTIC INSTITUTE             ,CA,94608-0000,Proprietary  ,34,62,96,34,62,96
02543400,BROWNSON TECHNICAL SCHOOL               ,CA,92805-0000,Proprietary  ,2,1,3,2,1,3
02545900,HYPNOSIS MOTIVATION INSTITUTE           ,CA,91356-0000,Private      ,0,4,4,0,4,4
02546400,MTI BUSINESS COLLEGE INC                ,CA,95207-0000,Proprietary  ,15,20,35,15,20,35
02549000,KAPLAN COLLEGE                          ,CA,92083-7736,Proprietary  ,85,159,244,85,159,244
02549005,KAPLAN COLLEGE -  PALM SPRINGS          ,CA,92262-7011,Proprietary  ,52,93,145,52,93,145
02553500,ASSOCIATED TECHNICAL COLLEGE            ,CA,92101-0000,Proprietary  ,9,8,17,9,8,17
02553600,DIVERSIFIED LANGUAGE INSTITUTE          ,CA,90017-0000,Proprietary  ,0,7,7,0,7,7
02559300,UNITED EDUCATION INSTITUTE              ,CA,90020-0000,Proprietary  ,179,465,644,179,465,644
02559400,INTERCOAST COLLEGES                     ,CA,92868-1656,Proprietary  ,3,10,13,3,10,13
02565400,KAPLAN COLLEGE                          ,CA,95207-6216,Proprietary  ,84,150,234,84,150,234
02570300,LOS ANGELES ORT TECHNICAL INSTITUTE     ,CA,90048-0000,Private      ,17,117,134,17,117,134
02577900,SANTA BARBARA BUSINESS COLLEGE          ,CA,93309-1664,Proprietary  ,65,184,249,65,184,249
02578000,SANTA BARBARA BUSINESS COLLEGE          ,CA,93454-6943,Proprietary  ,22,76,98,22,76,98
02584200,NEWBRIDGE COLLEGE                       ,CA,92701-0000,Proprietary  ,9,16,25,9,16,25
02591600,NORTH-WEST COLLEGE                      ,CA,91101-1744,Proprietary  ,11,7,18,11,7,18
02593100,HEALD COLLEGE                           ,CA,95678-5303,Proprietary  ,167,315,482,167,315,482
02593200,HEALD COLLEGE                           ,CA,95035-8008,Proprietary  ,134,279,413,134,279,413
02593300,HEALD COLLEGE                           ,CA,95210-5667,Proprietary  ,173,211,384,173,211,384
02595600,ASIAN AMERICAN INTERNATIONAL BTY CG     ,CA,92683-4043,Proprietary  ,0,3,3,0,3,3
02597300,SOUTH BAYLO UNIVERSITY                  ,CA,92801-1701,Private      ,1,26,27,1,26,27
02602300,CENTRAL COAST COLLEGE                   ,CA,93901-3301,Proprietary  ,19,23,42,19,23,42
02608900,PINNACLE COLLEGE                        ,CA,91803-8842,Proprietary  ,9,13,22,9,13,22
02609000,EMPERORS COLG OF TRAD ORIENTAL MED      ,CA,90403-5609,Proprietary  ,0,40,40,0,40,40
02612800,LOS ANGELES RECORDING SCHOOL            ,CA,90028-3112,Proprietary  ,147,136,283,147,136,283
02619300,SAMRA UNIV OF ORIENTAL MEDICINE         ,CA,90015-1019,Private      ,1,28,29,1,28,29
02620300,PLATT COLLEGE                           ,CA,92647-3017,Proprietary  ,26,16,42,26,16,42
03010611,VIRGINIA COLLEGE - GOLF ACADEMY OF AMERI,CA,92008-6512,Proprietary  ,17,27,44,17,27,44
03011300,"CALIF STATE UNIV, SAN MARCOS            ",CA,92096-0001,Public       ,4794,2237,7031,4794,2237,7031
03019900,ADELANTE CAREER INSTITUTE               ,CA,91402-4924,Proprietary  ,1,3,4,1,3,4
03025600,DELL'ARTE SCH OF PHYSICAL THEATRE       ,CA,95525-0816,Private      ,5,9,14,5,9,14
03027700,PACIFIC COLLEGE OF ORIENTAL MED         ,CA,92108-4408,Proprietary  ,9,85,94,9,85,94
03029600,POMONA ADULT SCHOOL                     ,CA,91766-0000,Public       ,9,12,21,9,12,21
03034000,HEALD COLLEGE                           ,CA,93906-5100,Proprietary  ,191,138,329,191,138,329
03035700,LAS POSITAS COLLEGE                     ,CA,94551-6750,Public       ,494,282,776,494,282,776
03039900,FREMONT COLLEGE                         ,CA,90703-5342,Proprietary  ,30,18,48,30,18,48
03043900,NEWSCHOOL OF ARCHITECTURE & DESIGN      ,CA,92101-6634,Proprietary  ,115,160,275,115,160,275
03044500,KAPLAN COLLEGE                          ,CA,91402-4222,Proprietary  ,40,88,128,40,88,128
03044501,MARIC COLLEGE - PANORAMA CITY           ,CA,91402-4222,Proprietary  ,36,81,117,36,81,117
03052201,COURT REPORTING INSTITUTE-SAN DIEGO     ,CA,92123-1765,Proprietary  ,25,71,96,25,71,96
03054100,ROYALE COLLEGE OF BEAUTY                ,CA,92590-2525,Proprietary  ,8,7,15,8,7,15
03062300,WESTECH COLLEGE                         ,CA,91764-4988,Proprietary  ,5,11,16,5,11,16
03062400,MT DIABLO ADULT EDUC LOMA VISTA CTR     ,CA,94518-1122,Public       ,11,10,21,11,10,21
03062700,PLATT COLLEGE                           ,CA,90041-0000,Proprietary  ,86,103,189,86,103,189
03062701,PLATT COLLEGE                           ,CA,91764-0000,Proprietary  ,85,76,161,85,76,161
03063400,MODERN TECHNOLOGY SCHOOL                ,CA,92708-9821,Proprietary  ,13,34,47,13,34,47
03067400,BALDWIN PARK ADULT SCHOOL               ,CA,91706-4897,Public       ,9,16,25,9,16,25
03067500,INSTITUTE OF TECHNOLOGY                 ,CA,93612-3217,Proprietary  ,114,175,289,114,175,289
03069500,SAGE COLLEGE                            ,CA,92557-6720,Proprietary  ,20,76,96,20,76,96
03070400,ITT TECHNICAL INSTITUTE                 ,CA,92408-3519,Proprietary  ,316,310,626,316,310,626
03072300,EVEREST COLLEGE                         ,CA,91761-3222,Proprietary  ,92,171,263,92,171,263
03072700,WESTWOOD COLLEGE - LOS ANGELES          ,CA,90010-1577,Proprietary  ,582,401,983,582,401,983
03074900,MARTINEZ ADULT CENTER                   ,CA,94553-3298,Public       ,2,3,5,2,3,5
03078200,AMERICAN CLG TRADITIONAL CHINESE MD     ,CA,94107-2813,Private      ,1,83,84,1,83,84
03084700,VENTURA ADULT\CONTINUING EDUCATION      ,CA,93003-7313,Public       ,7,18,25,7,18,25
03087400,ITT TECHNICAL INSTITUTE                 ,CA,90502-1356,Proprietary  ,228,383,611,228,383,611
03094400,ELITE PROGRESSIVE SCHOOL OF COSM        ,CA,95841-2909,Proprietary  ,44,29,73,44,29,73
03097700,CENTRAL CALIF SCH CONTINUING EDUC       ,CA,93401-6739,Proprietary  ,2,15,17,2,15,17
03098200,YO SAN UNIV TRADITIONAL CHINESE MED     ,CA,90066-1103,Private      ,1,20,21,1,20,21
03105700,MONTEREY PARK COLLEGE                   ,CA,91754-2416,Proprietary  ,14,10,24,14,10,24
03108100,SUMMIT CAREER COLLEGE                   ,CA,92324-3956,Proprietary  ,59,341,400,59,341,400
03109500,DONGGUK ROYAL UNIVERSITY                ,CA,90020-1765,Private      ,0,7,7,0,7,7
03113100,MARIC COLLEGE                           ,CA,92630-0000,Proprietary  ,18,47,65,18,47,65
03113102,MARIC COLLEGE - CARSON                  ,CA,90746-3228,Proprietary  ,30,82,112,30,82,112
03113103,MARIC COLLEGE - RIVERSIDE               ,CA,92507-4223,Proprietary  ,52,146,198,52,146,198
03113105,MARIC COLLEGE - POMONA                  ,CA,91768-2643,Proprietary  ,30,53,83,30,53,83
03113106,MARIC COLLEGE - SAN DIEGO               ,CA,92120-3425,Proprietary  ,44,96,140,44,96,140
03113300,MCED CAREER COLLEGE                     ,CA,93727-1620,Proprietary  ,8,29,37,8,29,37
03113600,SOUTHERN CALIFORNIA INST OF TECHNOL     ,CA,92805-3758,Proprietary  ,21,176,197,21,176,197
03115400,LYLE'S FRESNO COLLEGE OF BEAUTY         ,CA,93710-0000,Proprietary  ,30,4,34,30,4,34
03116600,EAST SAN GABRIEL VLY REG OCCUP PROG     ,CA,91790-2105,Public       ,2,2,4,2,2,4
03123000,SONOMA COLLEGE                          ,CA,94954-7464,Proprietary  ,48,129,177,48,129,177
03125300,JOHN WESLEY INTER. BARBER & BTY CLG     ,CA,90813-4321,Proprietary  ,14,15,29,14,15,29
03125400,ART INSTITUTE OF CALIFORNIA-HOLLYWOOD (T,CA,90010-1014,Proprietary  ,287,190,477,287,190,477
03125800,PREMIERE CAREER COLLEGE                 ,CA,91706-3746,Proprietary  ,5,8,13,5,8,13
03126800,PACIFICA GRADUATE INSTITUTE             ,CA,93013-0000,Proprietary  ,0,227,227,0,227,227
03128000,SANTA BARBARA CLG OF ORIENTAL MED       ,CA,93101-2430,Proprietary  ,5,14,19,5,14,19
03128700,MT SIERRA COLLEGE                       ,CA,91016-3414,Proprietary  ,165,157,322,165,157,322
03131300,FIVE BRANCHES UNIVERSITY                ,CA,95062-4669,Private      ,18,72,90,18,72,90
03138400,AMERICAN COLLEGE OF MEDICAL TECH        ,CA,90248-1611,Proprietary  ,13,48,61,13,48,61
03144400,AMERICAN CLG OF HEALTH PROFESSIONS      ,CA,92374-0000,Proprietary  ,8,13,21,8,13,21
03162300,FOUR-D SUCCESS ACADEMY                  ,CA,92324-4218,Proprietary  ,31,216,247,31,216,247
03163300,PACIFIC STATES UNIVERSITY               ,CA,90006-4298,Private      ,7,11,18,7,11,18
03195400,EVEREST COLLEGE                         ,CA,90501-2867,Proprietary  ,24,14,38,24,14,38
03210300,CALIFORNIA SCHOOL OF CULINARY ARTS      ,CA,91101-5221,Proprietary  ,694,325,1019,694,325,1019
03225300,AMERICAN UNIVERSITY OF HEALTH SCIENCES  ,CA,90755-3612,Proprietary  ,11,11,22,11,11,22
03242300,CAREER NETWORK INSTITUTE                ,CA,92868-4710,Proprietary  ,11,36,47,11,36,47
03250300,COMMUNITY BASED EDUCATION AND DEVEL     ,CA,90036-1137,Private      ,0,5,5,0,5,5
03260300,CALIFORNIA STATE U-MONTEREY BAY         ,CA,93955-8001,Public       ,2687,864,3551,2687,864,3551
03266300,BETHESDA CHRISTIAN UNIVERSITY           ,CA,92801-4132,Private      ,5,5,10,5,5,10
03278300,CLARITA CAREER COLLEGE                  ,CA,91351-5432,Proprietary  ,3,4,7,3,4,7
03282300,KIM ANH ACADEMY OF BEAUTY               ,CA,92683-4605,Proprietary  ,0,2,2,0,2,2
03288300,ACAD CHINESE CULTURE & HEALTH SCIS      ,CA,94512-0000,Private      ,1,21,22,1,21,22
03299300,PACIFIC COLLEGE                         ,CA,92626-3160,Proprietary  ,13,49,62,13,49,62
03308300,KENSINGTON COLLEGE                      ,CA,92705-8708,Proprietary  ,2,1,3,2,1,3
03321300,SCRIPPS RESEARCH INSTITUTE (THE)        ,CA,92037-0000,Private      ,5,21,26,5,21,26
03327400,ACUPUNCTURE AND INTEGRATIVE MEDICINE COL,CA,94704-2724,Private      ,0,44,44,0,44,44
03330300,NEWBRIDGE COLLEGE - BURBANK             ,CA,91754-2416,Proprietary  ,1,2,3,1,2,3
03332300,SOUTHERN CA BIBLE CLG & SEMINARY        ,CA,92019-1109,Private      ,3,65,68,3,65,68
03359300,ST. FRANCIS CAREER COLLEGE              ,CA,90262-2659,Private      ,31,120,151,31,120,151
03367300,PROFESSIONAL GOLFERS CAREER COLLEGE     ,CA,92591-6013,Proprietary  ,34,33,67,34,33,67
03383300,CALIFORNIA RECORDING INSTITUTE          ,CA,94103-3921,Proprietary  ,1,1,2,1,1,2
03392300,CHASE COLLEGE                           ,CA,90010-2501,Proprietary  ,2,3,5,2,3,5
03394300,REMINGTON COLLEGE - SAN DIEGO CAMPUS    ,CA,92108-3002,Proprietary  ,80,211,291,80,211,291
03395300,INTERNATIONAL CAREER DEVELOPMENT        ,CA,90027-5794,Proprietary  ,33,93,126,33,93,126
03399300,NORTHWESTERN TECHNICAL COLLEGE          ,CA,95670-4443,Proprietary  ,15,47,62,15,47,62
03403300,TRINITY LIFE BIBLE COLLEGE              ,CA,95842-3546,Private      ,31,74,105,31,74,105
03413400,ENGLISH CENTER  (THE)                   ,CA,94607-3734,Private      ,11,51,62,11,51,62
03427400,CAREER COLLEGES OF AMERICA              ,CA,90280-7420,Proprietary  ,38,231,269,38,231,269
03427500,ANTELOPE VALLEY MEDICAL COLLEGE         ,CA,93534-3324,Proprietary  ,24,85,109,24,85,109
03440400,MARIAN HEALTH CAREERS CENTER            ,CA,90010-1728,Proprietary  ,5,9,14,5,9,14
03441400,VALLEY CAREER COLLEGE                   ,CA,92020-3057,Proprietary  ,17,50,67,17,50,67
03455900,VALLECITOS CENTER FOR EMPLOYMENT TR     ,CA,94541-5027,Private      ,1,1,2,1,1,2
03458300,MY LE'S BEAUTY COLLEGE                  ,CA,95824-3039,Proprietary  ,23,12,35,23,12,35
03467300,MARINELLO SCHOOL OF BEAUTY              ,CA,92545-3661,Proprietary  ,5,8,13,5,8,13
03479300,PROFESSIONAL CAREER INSTITUTE           ,CA,90703-2522,Proprietary  ,16,26,42,16,26,42
03479400,DONALD VOCATIONAL SCHOOL                ,CA,90010-1718,Proprietary  ,1,1,2,1,1,2
03485400,JAMES ALBERT SCHOOL OF COSMETOLOGY      ,CA,92627-3831,Proprietary  ,5,3,8,5,3,8
03485401,JAMES ALBERT SCHOOL OF COSMETOLOGY - ANA,CA,92804-5384,Proprietary  ,0,1,1,0,1,1
03516300,THE KING'S COLLEGE AND SEMINARY         ,CA,91405-2233,Private      ,11,50,61,11,50,61
03532400,ADVANCED TRAINING ASSOCIATES            ,CA,92020-1236,Proprietary  ,2,1,3,2,1,3
03542400,COPPER MOUNTAIN COLLEGE                 ,CA,92252-6102,Public       ,112,304,416,112,304,416
03550300,OCCUPATIONAL TRAINING SERVICES          ,CA,92123-1539,Private      ,11,11,22,11,11,22
03577300,COBA ACADEMY                            ,CA,92866-1407,Proprietary  ,7,2,9,7,2,9
03590400,NTMA TRAINING CENTERS OF SOUTHERN C     ,CA,90650-6099,Private      ,2,9,11,2,9,11
03592400,IRELL & MANELLA GRADUATE SCHOOL OF BIOLO,CA,91010-0000,Private      ,1,8,9,1,8,9
03598300,AVALON BEAUTY COLLEGE                   ,CA,93103-3137,Proprietary  ,6,1,7,6,1,7
03602400,INSTITUTE OF NETWORK TECHNOLOGY         ,CA,90755-2274,Proprietary  ,2,0,2,2,0,2
03614300,UNITED BEAUTY COLLEGE                   ,CA,91733-0000,Proprietary  ,2,1,3,2,1,3
03615300,COMMUNITY BUSINESS COLLEGE              ,CA,95356-1569,Proprietary  ,10,10,20,10,10,20
03621300,LIBERTY TRAINING INSTITUTE              ,CA,90057-3202,Proprietary  ,2,1,3,2,1,3
03622300,INTERNATIONAL TECHNOLOGICAL UNIVERS     ,CA,95050-3714,Private      ,0,1,1,0,1,1
03633300,CALIFORNIA LEARNING CENTER              ,CA,92805-3700,Proprietary  ,1,5,6,1,5,6
03636300,HEARTWOOD INSTITUTE                     ,CA,95542-9446,Proprietary  ,5,14,19,5,14,19
03639300,WEST COAST ULTRASOUND INSTITUTE         ,CA,90211-3312,Proprietary  ,9,19,28,9,19,28
03646300,DESIGN'S SCHOOL OF COSMETOLOGY          ,CA,93446-1471,Proprietary  ,2,3,5,2,3,5
03662400,ACADEMY EDUCATION SERVICES              ,CA,93030-7026,Proprietary  ,0,6,6,0,6,6
03681300,CALIFORNIA HEALING ARTS COLLEGE         ,CA,90025-2589,Proprietary  ,8,18,26,8,18,26
03695300,COMMUNITY ENHANCEMENT SERVICES          ,CA,91205-2395,Private      ,0,1,1,0,1,1
03695700,SANTIAGO CANYON COLLEGE                 ,CA,92869-4512,Public       ,568,242,810,568,242,810
03698300,WEST COAST UNIVERSITY                   ,CA,90004-0000,Proprietary  ,13,193,206,13,193,206
03698400,CA COLLEGE OF VOCATIONAL CAREER         ,CA,93301-1800,Proprietary  ,7,18,25,7,18,25
03722300,AMERICAN MEDICAL SCIENCES CENTER        ,CA,91601-3718,Proprietary  ,2,1,3,2,1,3
03736300,ADVANCE BEAUTY COLLEGE                  ,CA,92843-4752,Proprietary  ,5,6,11,5,6,11
03740400,ATI COLLEGE                             ,CA,90650-0000,Proprietary  ,1,2,3,1,2,3
03755300,GATES COLLEGE                           ,CA,90278-0000,Proprietary  ,1,5,6,1,5,6
03759300,COMPUTER TUTOR BUSINESS & TECH INST     ,CA,95356-0000,Proprietary  ,6,9,15,6,9,15
03786300,ADVANCED COLLEGE                        ,CA,90280-5255,Proprietary  ,5,6,11,5,6,11
03797400,CAREER CARE INSTITUTE                   ,CA,93534-4766,Proprietary  ,5,27,32,5,27,32
03806300,LAKE COLLEGE                            ,CA,96002-0926,Proprietary  ,4,19,23,4,19,23
03810300,SILICON VALLEY UNIVERSITY               ,CA,95131-1868,Private      ,11,14,25,11,14,25
03814400,SOKA UNIVERSITY OF AMERICA              ,CA,92656-8081,Private      ,180,19,199,180,19,199
03835300,CONEJO VALLEY ADULT EDUCATION           ,CA,91360-0000,Public       ,0,5,5,0,5,5
03852500,CIT COLLEGE OF INFOMEDICAL TECHNOLOGY   ,CA,92831-3703,Proprietary  ,5,5,10,5,5,10
03853300,KECK GRADUATE INSTITUTE OF APPLIED LIFE ,CA,91711-4817,Private      ,0,29,29,0,29,29
03853400,LADERA CAREER PATHS TRAINING CENTERS    ,CA,90045-1931,Proprietary  ,2,3,5,2,3,5
03868300,WORLD MISSION UNIVERSITY                ,CA,90020-1789,Private      ,1,3,4,1,3,4
03868400,LOS ANGELES MUSIC ACADEMY               ,CA,91105-2540,Proprietary  ,22,10,32,22,10,32
03871300,FOLSOM LAKE COLLEGE                     ,CA,95630-6798,Public       ,461,468,929,461,468,929
03874300,CAMBRIDGE CAREER COLLEGE                ,CA,95993-0000,Proprietary  ,12,5,17,12,5,17
03874400,COMMMUNITY CHRISTIAN COLLEGE            ,CA,92373-4465,Private      ,15,8,23,15,8,23
03889300,STANBRIDGE COLLEGE                      ,CA,92612-0000,Proprietary  ,4,2,6,4,2,6
03901300,PACIFIC COAST TRADE SCHOOL              ,CA,93033-2441,Proprietary  ,0,2,2,0,2,2
03904300,QUALITY COLLEGE OF CULINARY CAREERS     ,CA,93727-1615,Proprietary  ,15,10,25,15,10,25
03910400,NATIONAL POLYTECHNIC COLLEGE            ,CA,90040-3066,Proprietary  ,0,1,1,0,1,1
03933300,MUELLER COLLEGE OF HOLISTIC STUDIES     ,CA,92116-2630,Proprietary  ,8,21,29,8,21,29
03959300,CAREER MANAGEMENT INSTITUTE             ,CA,92868-4117,Proprietary  ,0,2,2,0,2,2
03962300,AMERICAN INSTITUTE OF MASSAGE THERAPY   ,CA,92705-5463,Proprietary  ,8,7,15,8,7,15
03964400,INTERNATIONAL SCHOOL OF BEAUTY          ,CA,92260-2740,Proprietary  ,12,8,20,12,8,20
03969400,MEDICAL INSTITUTE                       ,CA,90029-2428,Proprietary  ,6,1,7,6,1,7
03969600,AMERICAN AUTO INSTITUTE                 ,CA,90703-2637,Proprietary  ,10,1,11,10,1,11
03971300,AMERICAN CAREER COLLEGE                 ,CA,91764-4906,Proprietary  ,11,62,73,11,62,73
03973300,EX'PRESSION COLLEGE FOR DIGITAL ARTS    ,CA,94608-1021,Proprietary  ,133,79,212,133,79,212
03974500,CALIFORNIA CAREER COLLEGE               ,CA,91303-2006,Proprietary  ,4,2,6,4,2,6
03980300,CALIFORNIA STATE UNIVERSITY CHANNEL ISLA,CA,93012-8599,Public       ,597,292,889,597,292,889
03995300,UNIVERSITY OF EAST-WEST MEDICINE        ,CA,94087-6106,Proprietary  ,3,11,14,3,11,14
04001300,PALACE BEAUTY COLLEGE                   ,CA,90006-4233,Proprietary  ,6,0,6,6,0,6
04001400,MOJAVE BARBER COLLEGE                   ,CA,92395-3201,Proprietary  ,1,4,5,1,4,5
04003300,CSI CAREER COLLEGE                      ,CA,95687-3100,Proprietary  ,7,15,22,7,15,22
04004300,THUY PRINCESS BEAUTY COLLEGE            ,CA,91766-0000,Proprietary  ,3,2,5,3,2,5
04005300,INTERAMERICAN COLLEGE                   ,CA,91950-4437,Private      ,0,1,1,0,1,1
04011900,AMERICAN COLLEGE OF CALIFORNIA          ,CA,94102-2305,Proprietary  ,9,3,12,9,3,12
04014400,PALLADIUM TECHNICAL ACADEMY             ,CA,91731-2429,Proprietary  ,1,1,2,1,1,2
04057300,TECHSKILLS OF SACRAMENTO                ,CA,95815-4025,Proprietary  ,0,1,1,0,1,1
00184600,BRIAR CLIFF UNIVERSITY                  ,IA,51104-2100,Private      ,884,179,1063,884,179,1063
00184700,BUENA VISTA UNIVERSITY                  ,IA,50588-9987,Private      ,1201,472,1673,1201,472,1673
00184800,SOUTHEASTERN COMMUNITY COLLEGE          ,IA,52655-0000,Public       ,360,343,703,360,343,703
00185000,CENTRAL COLLEGE                         ,IA,50219-1999,Private      ,1521,44,1565,1521,44,1565
00185200,CLARKE COLLEGE                          ,IA,52001-3198,Private      ,596,144,740,596,144,740
00185400,COE COLLEGE                             ,IA,52402-5092,Private      ,1299,96,1395,1299,96,1395
00185500,DES MOINES UNIV-OSTEOPATHIC MED CTR     ,IA,50312-0000,Private      ,11,549,560,11,549,560
00185600,CORNELL COLLEGE                         ,IA,52314-1098,Private      ,1416,36,1452,1416,36,1452
00185700,SOUTHWESTERN COMMUNITY COLLEGE          ,IA,50801-1098,Public       ,235,119,354,235,119,354
00185800,DIVINE WORD COLLEGE                     ,IA,52045-0380,Private      ,5,2,7,5,2,7
00185900,DORDT COLLEGE                           ,IA,51250-1697,Private      ,871,38,909,871,38,909
00186000,DRAKE UNIVERSITY                        ,IA,50311-4505,Private      ,3279,1386,4665,3279,1386,4665
00186200,ELLSWORTH COMMUNITY COLLEGE             ,IA,50126-1199,Public       ,296,58,354,296,58,354
00186400,IOWA LAKES COMMUNITY COLLEGE            ,IA,51334-2234,Public       ,608,209,817,608,209,817
00186500,IOWA CENTRAL COMMUNITY COLLEGE          ,IA,50501-0000,Public       ,941,332,1273,941,332,1273
00186600,GRACELAND UNIVERSITY                    ,IA,50140-1699,Private      ,449,227,676,449,227,676
00186700,GRAND VIEW UNIVERSITY                   ,IA,50316-1599,Private      ,726,408,1134,726,408,1134
00186800,GRINNELL COLLEGE                        ,IA,50112-1690,Private      ,1865,16,1881,1865,16,1881
00186900,IOWA STATE UNIV SCIENCE & TECHNOLOG     ,IA,50011-2028,Public       ,13196,2657,15853,13196,2657,15853
00187100,IOWA WESLEYAN COLLEGE                   ,IA,52641-1398,Private      ,286,126,412,286,126,412
00187300,LORAS COLLEGE                           ,IA,52004-0178,Private      ,1343,77,1420,1343,77,1420
00187400,LUTHER COLLEGE                          ,IA,52101-1045,Private      ,2133,53,2186,2133,53,2186
00187500,MARSHALLTOWN COMMUNITY COLLEGE          ,IA,50158-4760,Public       ,282,180,462,282,180,462
00187700,NORTH IOWA AREA COMMUNITY COLLEGE       ,IA,50401-7299,Public       ,694,271,965,694,271,965
00187900,MORNINGSIDE COLLEGE                     ,IA,51106-1751,Private      ,1260,162,1422,1260,162,1422
00188000,MOUNT MERCY COLLEGE                     ,IA,52402-4797,Private      ,838,300,1138,838,300,1138
00188100,ASHFORD UNIVERSITY                      ,IA,52732-3997,Proprietary  ,143,544,687,143,544,687
00188300,NORTHWESTERN COLLEGE                    ,IA,51041-1996,Private      ,1056,38,1094,1056,38,1094
00188700,SIMPSON COLLEGE                         ,IA,50125-1297,Private      ,1505,175,1680,1505,175,1680
00188900,ST AMBROSE UNIVERSITY                   ,IA,52803-2898,Private      ,1549,474,2023,1549,474,2023
00189000,UNIVERSITY OF NORTHERN IOWA             ,IA,50614-0705,Public       ,6032,1074,7106,6032,1074,7106
00189100,UNIVERSITY OF DUBUQUE                   ,IA,52001-5099,Private      ,906,224,1130,906,224,1130
00189200,UNIVERSITY OF IOWA                      ,IA,52242-1316,Public       ,10967,4637,15604,10967,4637,15604
00189300,UPPER IOWA UNIVERSITY                   ,IA,52142-9206,Private      ,686,908,1594,686,908,1594
00189400,VENNARD COLLEGE                         ,IA,52595-0029,Private      ,21,3,24,21,3,24
00189500,WALDORF COLLEGE                         ,IA,50436-1700,Private      ,353,25,378,353,25,378
00189600,WARTBURG COLLEGE                        ,IA,50677-2200,Private      ,1929,33,1962,1929,33,1962
00189700,WARTBURG THEOLOGICAL SEMINARY           ,IA,52004-5004,Private      ,1,50,51,1,50,51
00190000,WILLIAM PENN UNIVERSITY                 ,IA,52577-1799,Private      ,424,406,830,424,406,830
00396300,AIB COLLEGE OF BUSINESS                 ,IA,50321-1799,Private      ,477,236,713,477,236,713
00407500,ESTRN IOWA COMMUNITY COLLEGE DIST       ,IA,52801-1221,Public       ,20,31,51,20,31,51
00407501,CLINTON COMMUNITY COLLEGE               ,IA,52732-0000,Public       ,129,139,268,129,139,268
00407502,MUSCATINE COMMUNITY COLLEGE             ,IA,52761-0000,Public       ,142,128,270,142,128,270
00407503,SCOTT COMMUNITY COLLEGE                 ,IA,52722-0000,Public       ,325,606,931,325,606,931
00407600,KIRKWOOD COMMUNITY COLLEGE              ,IA,52406-2068,Public       ,2681,1487,4168,2681,1487,4168
00423300,MERCY/ST. LUKE'S SCH RAD TECH           ,IA,52402-0000,Private      ,13,11,24,13,11,24
00458600,KAPLAN UNIVERSITY                       ,IA,52807-2095,Proprietary  ,235,5741,5976,235,5741,5976
00458604,KAPLAN UNIVERSITY - CEDAR RAPIDS        ,IA,52404-2998,Proprietary  ,48,250,298,48,250,298
00458605,KAPLAN UNIVERSITY - DES MOINES          ,IA,50323-5702,Proprietary  ,65,177,242,65,177,242
00458606,KAPLAN UNIVERSITY - MASON CITY          ,IA,50401-4665,Proprietary  ,25,95,120,25,95,120
00458607,KAPLAN UNIVERSITY - CEDAR FALLS         ,IA,50613-6309,Proprietary  ,47,176,223,47,176,223
00458610,KAPLAN UNIVERSITY - COUNCIL BLUFFS      ,IA,51503-5289,Proprietary  ,15,86,101,15,86,101
00458700,NORTHEAST IOWA COMMUNITY COLLEGE        ,IA,52132-0400,Public       ,250,233,483,250,233,483
00458701,NORTHEAST IOWA COMMUNITY COLLEGE        ,IA,52068-0000,Public       ,329,287,616,329,287,616
00459500,HAWKEYE COMMUNITY COLLEGE               ,IA,50701-0000,Public       ,945,587,1532,945,587,1532
00459800,IOWA WESTERN CMTY CLG-COUNCIL BLUFF     ,IA,51502-0000,Public       ,702,482,1184,702,482,1184
00460000,NORTHWEST IOWA COMMUNITY COLLEGE        ,IA,51201-1046,Public       ,228,86,314,228,86,314
00626700,IOWA METHODIST MEDICAL CENTER SCHOOLS   ,IA,50309-1499,Private      ,12,18,30,12,18,30
00627300,MERCY COLLEGE OF HEALTH SCIENCES        ,IA,50309-1239,Private      ,204,202,406,204,202,406
00712000,DES MOINES AREA CMTY COLLEGE            ,IA,50021-0000,Public       ,1983,1884,3867,1983,1884,3867
00712100,FAITH BAPTIST BIBLE CLG & THEOL SEM     ,IA,50021-0000,Private      ,125,20,145,125,20,145
00729100,ST LUKE'S COLLEGE                       ,IA,51104-0263,Private      ,88,49,137,88,49,137
00731600,WESTERN IOWA TECH COMMUNITY COLLEGE     ,IA,51106-0000,Public       ,384,514,898,384,514,898
00758800,CAPRI COLLEGE                           ,IA,52004-0873,Proprietary  ,33,26,59,33,26,59
00761100,EQ SCHOOL OF HAIR DESIGN                ,IA,51503-0813,Proprietary  ,7,8,15,7,8,15
00765600,AMERICAN COLLEGE OF HARISTYLING -CR     ,IA,52402-0000,Proprietary  ,1,1,2,1,1,2
00765800,AMER COLL OF HAIRSTYLING-DES MOINES     ,IA,50309-5446,Proprietary  ,1,5,6,1,5,6
00765900,LA JAMES COLLEGE OF HAIRSTYLING         ,IA,50401-3308,Proprietary  ,17,8,25,17,8,25
00771700,CAPRI COLLEGE                           ,IA,52807-2622,Proprietary  ,16,7,23,16,7,23
00794100,COLLEGE OF HAIR DESIGN                  ,IA,50703-1834,Proprietary  ,5,10,15,5,10,15
00811600,DAYTON'S SCHOOL OF HAIR DESIGN          ,IA,52601-0000,Proprietary  ,0,3,3,0,3,3
00826000,IOWA SCHOOL OF BEAUTY INC               ,IA,50322-0000,Proprietary  ,11,19,30,11,19,30
00840300,INDIAN HILLS COMMUNITY COLLEGE          ,IA,52501-1398,Public       ,650,451,1101,650,451,1101
00840301,INDIAN HILLS COMMUNITY COLLEGE          ,IA,52544-0000,Public       ,85,80,165,85,80,165
00842400,LA JAMES INTERNATIONAL COLLEGE          ,IA,50501-5577,Proprietary  ,11,9,20,11,9,20
00959300,LA'JAMES COLLEGE OF HAIRSTYLING         ,IA,52240-0000,Proprietary  ,13,3,16,13,3,16
01111300,MAHARISHI UNIV OF MANAGEMENT            ,IA,52557-0001,Private      ,37,38,75,37,38,75
01206400,HAMILTON TECHNICAL COLLEGE              ,IA,52807-2653,Proprietary  ,11,43,54,11,43,54
01230000,PALMER COLLEGE OF CHIROPRACTIC          ,IA,52803-5287,Private      ,46,1847,1893,46,1847,1893
01300600,LA' JAMES INTERNATIONAL COLLEGE-CF      ,IA,50613-5242,Proprietary  ,12,5,17,12,5,17
02090300,CAPRI COLLEGE                           ,IA,52404-0000,Proprietary  ,15,7,22,15,7,22
02132000,LA JAMES COLLEGE OF HAIRSTYLING         ,IA,50703-0000,Proprietary  ,0,1,1,0,1,1
02134500,LA JAMES INTERNATIONAL COLLEGE - DAV    ,IA,52806-3952,Proprietary  ,8,8,16,8,8,16
02160900,"SALON PROFESSIONAL ACADEMY, THE         ",IA,50010-0000,Proprietary  ,52,10,62,52,10,62
02262500,FAUST INSTITUTE OF COSMETOLOGY          ,IA,50588-0000,Proprietary  ,6,3,9,6,3,9
02274100,LA' JAMES INTERNATIONAL COLLEGE - DM    ,IA,50131-0000,Proprietary  ,22,15,37,22,15,37
02306900,IOWA SCHOOL OF BEAUTY                   ,IA,52501-0000,Proprietary  ,2,3,5,2,3,5
02328900,EMMAUS BIBLE COLLEGE                    ,IA,52001-0000,Private      ,69,10,79,69,10,79
02330900,IOWA SCHOOL OF BEAUTY                   ,IA,50158-0000,Proprietary  ,3,4,7,3,4,7
02333200,DAYTON'S SCHOOL OF HAIR DESIGN          ,IA,52632-0000,Proprietary  ,1,0,1,1,0,1
02572500,DAVENPORT BARBER STYLING COLLEGE        ,IA,52807-0000,Proprietary  ,1,0,1,1,0,1
02609200,VATTEROTT COLLEGE                       ,IA,50321-4704,Proprietary  ,13,78,91,13,78,91
03069100,ALLEN COLLEGE                           ,IA,50703-1916,Private      ,159,97,256,159,97,256
03441300,IOWA SCHOOL OF BEAUTY                   ,IA,51106-5111,Proprietary  ,4,9,13,4,9,13
03607400,TOTAL LOOK SCHOOL OF COSMETOLOGY AND MAS,IA,52136-1053,Proprietary  ,0,1,1,0,1,1
00259600,ATLANTIC COMMUNITY COLLEGE              ,NJ,08330-2699,Public       ,542,614,1156,542,614,1156
00259700,BLOOMFIELD COLLEGE                      ,NJ,07003-3425,Private      ,1286,489,1775,1286,489,1775
00259800,CALDWELL COLLEGE                        ,NJ,07006-6195,Private      ,757,196,953,757,196,953
00259900,CENTENARY COLLEGE                       ,NJ,07840-2184,Private      ,677,202,879,677,202,879
00260000,COLLEGE OF SAINT ELIZABETH              ,NJ,07960-6989,Private      ,318,133,451,318,133,451
00260100,CUMBERLAND COUNTY COLLEGE               ,NJ,08362-0517,Public       ,321,345,666,321,345,666
00260300,DREW UNIVERSITY                         ,NJ,07940-4063,Private      ,2247,274,2521,2247,274,2521
00260700,FAIRLEIGH DICKINSON UNIV-TEANECK        ,NJ,07666-1996,Private      ,1903,795,2698,1903,795,2698
00260701,FAIRLEIGH DICKINSON UNIV-FLORHAM        ,NJ,07940-0000,Private      ,1881,287,2168,1881,287,2168
00260702,FAIRLEIGH DICKINSON UNIV-ED WMS CLG     ,NJ,07601-0000,Private      ,58,29,87,58,29,87
00260703,FAIRLEIGH DICKINSON UNIVERSITY          ,NJ,07940-0000,Private      ,1056,232,1288,1056,232,1288
00260800,GEORGIAN COURT UNIVERSITY               ,NJ,08701-2697,Private      ,533,432,965,533,432,965
00260900,ROWAN UNIVERSITY                        ,NJ,08028-1702,Public       ,6288,1087,7375,6288,1087,7375
00261000,FELICIAN COLLEGE                        ,NJ,07644-2198,Private      ,602,154,756,602,154,756
00261300,NEW JERSEY CITY UNIVERSITY              ,NJ,07305-1597,Public       ,1615,1024,2639,1615,1024,2639
00261500,MIDDLESEX COUNTY COLLEGE                ,NJ,08818-3050,Public       ,1115,634,1749,1115,634,1749
00261600,MONMOUTH UNIVERSITY                     ,NJ,07764-1898,Private      ,3850,672,4522,3850,672,4522
00261700,MONTCLAIR STATE UNIVERSITY              ,NJ,07043-9987,Public       ,7263,1726,8989,7263,1726,8989
00261900,NEW BRUNSWICK THEOLOGICAL SEMINARY      ,NJ,08901-0000,Private      ,5,18,23,5,18,23
00262100,NEW JERSEY INST OF TECHNOLOGY           ,NJ,07102-1982,Public       ,2140,592,2732,2140,592,2732
00262200,KEAN UNIVERSITY                         ,NJ,07083-7131,Public       ,4182,1826,6008,4182,1826,6008
00262400,OCEAN COUNTY COLLEGE                    ,NJ,08754-2001,Public       ,766,408,1174,766,408,1174
00262500,WILLIAM PATERSON UNIVERSITY             ,NJ,07470-2152,Public       ,3857,913,4770,3857,913,4770
00262600,PRINCETON THEOLOGICAL SEMINARY          ,NJ,08542-0000,Private      ,1,278,279,1,278,279
00262700,PRINCETON UNIVERSITY                    ,NJ,08544-0001,Private      ,7118,833,7951,7118,833,7951
00262800,RIDER UNIVERSITY                        ,NJ,08648-3099,Private      ,3936,596,4532,3936,596,4532
00262900,"RUTGERS, THE STATE UNIVERSITY OF NJ     ",NJ,08901-1281,Public       ,21978,8183,30161,21978,8183,30161
00263200,SETON HALL UNIVERSITY                   ,NJ,07079-2697,Private      ,3872,932,4804,3872,932,4804
00263201,SETON HALL UNIVERSITY - SCHOOL OF LAW   ,NJ,07079-5210,Private      ,86,1117,1203,86,1117,1203
00263800,ST PETER'S COLLEGE                      ,NJ,07306-5997,Private      ,1810,222,2032,1810,222,2032
00263900,STEVENS INSTITUTE OF TECHNOLOGY         ,NJ,07030-5370,Private      ,1494,102,1596,1494,102,1596
00264200,COLLEGE OF NEW JERSEY (THE)             ,NJ,08628-0718,Public       ,5938,399,6337,5938,399,6337
00264300,UNION COUNTY COLLEGE                    ,NJ,07016-1598,Public       ,664,730,1394,664,730,1394
00473600,BERGEN COMMUNITY COLLEGE                ,NJ,07652-1595,Public       ,1159,623,1782,1159,623,1782
00474000,MERCER COUNTY COMMUNITY COLLEGE         ,NJ,08690-0000,Public       ,521,827,1348,521,827,1348
00539900,MONMOUTH COUNTY VOCATIONAL SCH DIST     ,NJ,07728-5033,Public       ,4,5,9,4,5,9
00545200,TETERBORO SCH OF AERONAUTICS            ,NJ,07608-1083,Proprietary  ,10,3,13,10,3,13
00546000,SOMERSET COUNTY TECHNICAL INSTITUTE     ,NJ,08807-0350,Public       ,6,16,22,6,16,22
00546100,SALEM COMMUNITY COLLEGE                 ,NJ,08069-2799,Public       ,68,67,135,68,67,135
00641000,C E GREGORY SCHOOL OF NURSING           ,NJ,08857-0000,Private      ,16,15,31,16,15,31
00641700,HOLY NAME HOSPITAL SCH OF NURSING       ,NJ,07666-4254,Private      ,22,30,52,22,30,52
00642000,MOUNTAINSIDE HOSP SCH NRSG              ,NJ,07042-4898,Proprietary  ,20,55,75,20,55,75
00642100,MUHLENBERG SNYDER SCHOOLS               ,NJ,07061-3399,Private      ,29,94,123,29,94,123
00642900,ST FRANCIS MEDICAL CTR SCH NURSING      ,NJ,08629-1986,Private      ,7,16,23,7,16,23
00642902,ST FRANCIS MED CTR RAD TECH             ,NJ,08629-0000,Private      ,2,2,4,2,2,4
00686500,CAMDEN COUNTY COLLEGE                   ,NJ,08012-3240,Public       ,1113,1194,2307,1113,1194,2307
00690100,GLOUCESTER COUNTY COLLEGE               ,NJ,08080-4249,Public       ,647,326,973,647,326,973
00710700,ESSEX COUNTY COLLEGE                    ,NJ,07102-1798,Public       ,1007,1495,2502,1007,1495,2502
00750200,BERKELEY COLLEGE                        ,NJ,07424-3367,Proprietary  ,423,254,677,423,254,677
00750201,BERKELEY COLLEGE                        ,NJ,07095-0000,Proprietary  ,128,80,208,128,80,208
00750202,BERKELEY COLLEGE - PARAMUS              ,NJ,07652-2931,Proprietary  ,151,80,231,151,80,231
00750600,LINCOLN TECHNICAL INSTITUTE             ,NJ,07083-5032,Proprietary  ,43,72,115,43,72,115
00750601,LINCOLN TECHNICAL INSTITUTE             ,NJ,07430-0000,Proprietary  ,80,67,147,80,67,147
00750700,GIBBS COLLEGE                           ,NJ,07039-1611,Proprietary  ,231,338,569,231,338,569
00750701,KATHARINE GIBBS - PISCATAWAY            ,NJ,08854-0000,Proprietary  ,74,109,183,74,109,183
00759300,PARISIAN BEAUTY ACADEMY                 ,NJ,07601-5509,Proprietary  ,6,1,7,6,1,7
00772900,COUNTY COLLEGE OF MORRIS                ,NJ,07869-0000,Public       ,715,275,990,715,275,990
00773000,BURLINGTON COUNTY COLLEGE               ,NJ,08068-1599,Public       ,682,577,1259,682,577,1259
00773100,RARITAN VALLEY COMMUNITY COLLEGE        ,NJ,08876-1265,Public       ,304,188,492,304,188,492
00794700,BETH MEDRASH GOVOHA OF AMERICA          ,NJ,08701-0000,Private      ,2,3,5,2,3,5
00840400,BROOKDALE COMMUNITY COLLEGE             ,NJ,07738-1597,Public       ,938,547,1485,938,547,1485
00844101,ANTHEM INSTITUTE                        ,NJ,08002-0000,Proprietary  ,3,2,5,3,2,5
00849400,HO HO KUS SCHL OF TRADE & TECH SCIENCES ,NJ,07513-1402,Proprietary  ,2,1,3,2,1,3
00860900,RABBINICAL COLLEGE OF AMERICA           ,NJ,07960-3600,Private      ,5,0,5,5,0,5
00907800,CAPRI INSTITUTE OF HAIR DESIGN          ,NJ,07011-2111,Proprietary  ,2,3,5,2,3,5
00934400,RAMAPO COLLEGE OF NEW JERSEY            ,NJ,07430-1680,Public       ,3081,274,3355,3081,274,3355
00934500,RICHARD STOCKTON COLLEGE OF NJ          ,NJ,08240-0195,Public       ,3123,830,3953,3123,830,3953
00999400,PASSAIC COUNTY COMMUNITY COLLEGE        ,NJ,07505-1179,Public       ,290,301,591,290,301,591
01039400,UNIV OF MEDICINE & DENTISTRY OF NJ      ,NJ,07107-0000,Public       ,75,1372,1447,75,1372,1447
01062900,P B COSMETOLOGY EDUCATION CENTRE        ,NJ,08030-1750,Proprietary  ,5,1,6,5,1,6
01085100,ANTHEM INSTITUTE                        ,NJ,07054-3409,Proprietary  ,123,182,305,123,182,305
01085101,ANTHEM INSTITUTE                        ,NJ,07306-0000,Proprietary  ,10,13,23,10,13,23
01085102,ANTHEM INSTITUTE                        ,NJ,08902-0000,Proprietary  ,11,8,19,11,8,19
01090300,RIZZIERI INSTITUTE                      ,NJ,08043-4600,Proprietary  ,11,5,16,11,5,16
01152300,MORRIS COUNTY SCHOOL OF TECHNOLOGY      ,NJ,07834-0000,Public       ,6,6,12,6,6,12
01170800,NATURAL MOTION INST OF HAIR DESIGN      ,NJ,07306-5496,Proprietary  ,5,2,7,5,2,7
01234600,DOVER BUSINESS COLLEGE                  ,NJ,07011-2161,Proprietary  ,4,39,43,4,39,43
01234602,DOVER BUSINESS COLLEGE                  ,NJ,07801-4643,Proprietary  ,5,23,28,5,23,28
01246100,LINCOLN TECHNICAL INSTITUTE             ,NJ,08820-2896,Proprietary  ,10,19,29,10,19,29
01246102,LINCOLN TECHNICAL INSTITUTE             ,NJ,08054-0000,Proprietary  ,15,29,44,15,29,44
01246103,LINCOLN TECHNICAL INSTITUTE             ,NJ,07652-2106,Proprietary  ,19,39,58,19,39,58
01246200,HOHOKUS - HACKENSACK SCHOOL OF BUSINESS ,NJ,07601-7197,Proprietary  ,10,55,65,10,55,65
01295400,HUDSON COUNTY COMMUNITY COLLEGE         ,NJ,07306-4012,Public       ,573,674,1247,573,674,1247
02053700,EASTWICK COLLEGE                        ,NJ,07446-0000,Proprietary  ,3,13,16,3,13,16
02061800,ROMAN ACADEMY OF BEAUTY CULTURE         ,NJ,07506-0000,Proprietary  ,4,2,6,4,2,6
02092300,HOHOKUS SCHOOL - RETS/NUTLEY            ,NJ,07110-0000,Proprietary  ,20,35,55,20,35,55
02103700,CAPRI INSTITUTE OF HAIR DESIGN          ,NJ,07652-0000,Proprietary  ,6,2,8,6,2,8
02104000,HARRIS SCHOOL OF BUSINESS               ,NJ,08002-2983,Proprietary  ,0,22,22,0,22,22
02131100,DU CRET SCHOOL OF THE ARTS              ,NJ,07060-0000,Private      ,4,0,4,4,0,4
02131600,PENNCO TECH                             ,NJ,08012-0000,Proprietary  ,16,5,21,16,5,21
02132300,BERDAN INSTITUTE                        ,NJ,07512-0000,Proprietary  ,2,5,7,2,5,7
02146800,JOE KUBERT SCH OF CARTOON & GRAPHIC     ,NJ,07801-0000,Proprietary  ,31,13,44,31,13,44
02149800,EMPIRE BEAUTY SCHOOL                    ,NJ,08021-0000,Proprietary  ,6,21,27,6,21,27
02149801,EMPIRE BEAUTY SCHOOL - BORDENTOWN       ,NJ,08505-1513,Proprietary  ,2,4,6,2,4,6
02154000,DIVERS ACAD OF EASTERN SEABOARD         ,NJ,08081-1139,Proprietary  ,6,10,16,6,10,16
02183600,CAPRI INSTITUTE OF HAIR DESIGN          ,NJ,07033-0000,Proprietary  ,6,1,7,6,1,7
02186700,HARRISON CAREER INSTITUTE               ,NJ,08075-0000,Proprietary  ,0,1,1,0,1,1
02186703,HARRISON CAREER INSTITUTE               ,NJ,08096-0000,Proprietary  ,1,2,3,1,2,3
02186707,HARRISON CAREER INSTITUTE               ,NJ,07079-0000,Proprietary  ,1,1,2,1,1,2
02186708,HARRISON CAREER INSTITUTE               ,NJ,07376-0000,Proprietary  ,3,9,12,3,9,12
02192200,THOMAS EDISON STATE COLLEGE             ,NJ,08608-0000,Public       ,57,668,725,57,668,725
02219600,OMEGA INSTITUTE                         ,NJ,08109-0000,Proprietary  ,11,8,19,11,8,19
02223700,NEW HORIZON INST OF COSMETOLOGY         ,NJ,07093-0000,Proprietary  ,2,0,2,2,0,2
02223900,DRAKE COLLEGE OF BUSINESS               ,NJ,07201-0000,Proprietary  ,2,6,8,2,6,8
02232500,UNION COUNTY VOCATIONAL TECH INST       ,NJ,07076-0000,Public       ,6,10,16,6,10,16
02234600,SHORE BEAUTY SCHOOL                     ,NJ,08232-0000,Proprietary  ,1,0,1,1,0,1
02246000,ROSS UNIVERSITY - MEDICAL SCHOOL        ,NJ,08837-0000,Proprietary  ,6,2164,2170,6,2164,2170
02248600,COOPER HEALTH SYS-CTR ALLIED HEALTH     ,NJ,08103-0000,Private      ,10,14,24,10,14,24
02252700,CONCORDE SCHOOL OF HAIR DESIGN          ,NJ,07712-0000,Proprietary  ,3,0,3,3,0,3
02261800,EUROPEAN ACADEMY OF COSMETOLOGY         ,NJ,07083-0000,Proprietary  ,2,1,3,2,1,3
02265500,CAPRI INSTITUTE OF HAIR DESIGN          ,NJ,08724-0000,Proprietary  ,3,0,3,3,0,3
02277900,ROSS UNIV - SCH OF VETERINARY MED       ,NJ,08837-0000,Proprietary  ,0,650,650,0,650,650
02291000,LINCOLN TECHNICAL INSTITUTE             ,NJ,07080-2424,Proprietary  ,8,2,10,8,2,10
02301900,ALLIED MEDICAL AND TECHNICAL INSTITUTE  ,NJ,07470-3017,Proprietary  ,0,1,1,0,1,1
02312000,BERGEN COUNTY TECHNICAL SCHOOLS         ,NJ,07601-6110,Public       ,11,4,15,11,4,15
02344200,EMPIRE BEAUTY SCHOOL                    ,NJ,08002-0000,Proprietary  ,12,27,39,12,27,39
02503900,WARREN COUNTY COMMUNITY COLLEGE         ,NJ,07882-0000,Public       ,77,67,144,77,67,144
02523700,OCEAN COUNTY VOCATIONAL-TECH SCHOOL     ,NJ,08753-0000,Public       ,10,13,23,10,13,23
02525900,ARTISTIC ACADEMY OF HAIR DESIGN         ,NJ,07950-1409,Proprietary  ,5,5,10,5,5,10
02528200,REIGNBOW BEAUTY ACADEMY                 ,NJ,07060-0000,Proprietary  ,1,1,2,1,1,2
02539903,STAR TECHNICAL INSTITUTE-EGG HARBOR     ,NJ,08234-0000,Proprietary  ,1,16,17,1,16,17
02558700,PRISM CAREER INSTITUTE                  ,NJ,08037-0000,Proprietary  ,0,7,7,0,7,7
02558702,ACADEMY OF COMPUTER CAREERS             ,NJ,08080-0000,Proprietary  ,1,3,4,1,3,4
02568800,SUSSEX COUNTY COMMUNITY COLLEGE         ,NJ,07860-1149,Public       ,208,92,300,208,92,300
02586801,HARRISON CAREER INSTITUTE               ,NJ,07755-0000,Proprietary  ,1,3,4,1,3,4
02586900,HARRIS SCHOOL OF BUSINESS               ,NJ,08084-1520,Proprietary  ,8,40,48,8,40,48
02586901,STAR TECHNICAL INSTITUTE - LAKEWOOD     ,NJ,08701-0000,Proprietary  ,9,50,59,9,50,59
02615401,STAR TECHNICAL INSTITUTE -              ,NJ,07102-4599,Proprietary  ,6,59,65,6,59,65
02616402,SANFORD-BROWN INSTITUTE - ISELIN        ,NJ,08830-0000,Proprietary  ,47,179,226,47,179,226
03085201,HARRISON CAREER INSTITUTE               ,NJ,08648-0000,Proprietary  ,0,1,1,0,1,1
03122600,EASTERN INTERNATIONAL COLLEGE           ,NJ,07306-3906,Proprietary  ,3,9,12,3,9,12
03187300,STENOTECH CAREER INSTITUTE              ,NJ,07004-3490,Proprietary  ,1,5,6,1,5,6
03197300,INSTITUTE FOR HEALTH EDUCATION(THE)     ,NJ,07306-2929,Proprietary  ,1,0,1,1,0,1
03324300,CENTRAL CAREER SCHOOL                   ,NJ,07080-2408,Proprietary  ,0,2,2,0,2,2
03389300,ACADEMY OF MASSAGE THERAPY              ,NJ,07631-0000,Proprietary  ,1,2,3,1,2,3
03424500,NEW COMMUNITY WORKFORCE DEVELOPMENT     ,NJ,07103-2402,Private      ,4,7,11,4,7,11
03530300,"KEY SKILLS LEARNING, INC.               ",NJ,07013-1900,Proprietary  ,0,3,3,0,3,3
03536300,INSTITUTE FOR THERAPEUTIC MASSAGE       ,NJ,07420-1452,Proprietary  ,3,11,14,3,11,14
03574400,CORTIVA INSTITUTE - SOMERSET SCHOOL OF M,NJ,08854-3908,Proprietary  ,1,3,4,1,3,4
03650603,PC AGE                                  ,NJ,08817-2842,Proprietary  ,2,3,5,2,3,5
03666300,SOMERSET CHRISTIAN COLLEGE              ,NJ,08890-9035,Private      ,5,14,19,5,14,19
03769300,PC TECH LEARNING CENTER                 ,NJ,07306-9900,Proprietary  ,2,3,5,2,3,5
03803300,HEALTHCARE TRAINING INSTITUTE           ,NJ,07083-3504,Proprietary  ,11,48,59,11,48,59
03811300,EASTERN SCHOOL OF ACUPUNCTURE AND TRADIT,NJ,07042-3562,Proprietary  ,1,10,11,1,10,11
        ,BROOKLYN LAW SCHOOL                     ,NY,11201-0000,Private      ,20,2139,2159,20,2139,2159
00266500,VAUGHN COLLEGE OF AERONAUTICS AND TECHNO,NY,11369-9997,Private      ,150,55,205,150,55,205
00266600,ADELPHI UNIVERSITY                      ,NY,11530-4299,Private      ,4017,1565,5582,4017,1565,5582
00266700,DOWLING COLLEGE                         ,NY,11769-1999,Private      ,1041,547,1588,1041,547,1588
00266800,ALFRED UNIVERSITY                       ,NY,14802-1205,Private      ,2123,258,2381,2123,258,2381
00266900,BANK STREET COLLEGE OF EDUCATION        ,NY,10025-0000,Private      ,5,268,273,5,268,273
00267100,BARD COLLEGE                            ,NY,12504-5000,Private      ,2135,368,2503,2135,368,2503
00267800,BRYANT & STRATTON COLLEGE               ,NY,14203-1713,Proprietary  ,228,1340,1568,228,1340,1568
00267803,BRYANT & STRATTON COLLEGE - GREECE      ,NY,14606-4227,Proprietary  ,44,192,236,44,192,236
00267805,BRYANT & STRATTON COLLEGE - SYRACUSE    ,NY,13203-2502,Proprietary  ,180,506,686,180,506,686
00267807,BRYANT & STRATTON COLLEGE - ALBANY      ,NY,12205-5230,Proprietary  ,37,196,233,37,196,233
00268100,CANISIUS COLLEGE                        ,NY,14208-1098,Private      ,2860,370,3230,2860,370,3230
00268500,CAZENOVIA COLLEGE                       ,NY,13035-1085,Private      ,1101,48,1149,1101,48,1149
00268700,CUNY-BROOKLYN COLLEGE                   ,NY,11210-2814,Public       ,5117,2259,7376,5117,2259,7376
00268800,CITY COLLEGE-CUNY                       ,NY,10031-9198,Public       ,4828,1819,6647,4828,1819,6647
00268900,CUNY-HUNTER COLLEGE                     ,NY,10021-0000,Public       ,8822,3559,12381,8822,3559,12381
00269000,QUEENS COLLEGE-CUNY                     ,NY,11367-1597,Public       ,4258,1387,5645,4258,1387,5645
00269100,CUNY- BOROUGH OF MANHATTAN CMTY CLG     ,NY,10007-1047,Public       ,2774,2314,5088,2774,2314,5088
00269200,CUNY BRONX COMMUNITY COLLEGE            ,NY,10453-3102,Public       ,1185,1091,2276,1185,1091,2276
00269300,CUNY-JOHN JAY CLG CRIMINAL JUSTICE      ,NY,10019-1093,Public       ,3708,1505,5213,3708,1505,5213
00269400,KINGSBOROUGH COMMUNITY COLLEGE          ,NY,11235-2398,Public       ,1589,860,2449,1589,860,2449
00269600,NY CITY COLLEGE OF TECHNOLOGY-CUNY      ,NY,11201-2983,Public       ,3076,1670,4746,3076,1670,4746
00269700,QUEENSBOROUGH COMMUNITY COLLEGE         ,NY,11364-1497,Public       ,1292,531,1823,1292,531,1823
00269800,CUNY THE COLLEGE OF STATEN ISLAND       ,NY,10314-6600,Public       ,3429,1296,4725,3429,1296,4725
00269900,CLARKSON UNIVERSITY                     ,NY,13699-5615,Private      ,2811,127,2938,2811,127,2938
00270000,COLGATE ROCHESTER CROZER DIVINITY S     ,NY,14620-0000,Private      ,2,20,22,2,20,22
00270100,COLGATE UNIVERSITY                      ,NY,13346-1386,Private      ,3202,30,3232,3202,30,3232
00270300,COLLEGE OF MOUNT SAINT VINCENT          ,NY,10471-1093,Private      ,1179,75,1254,1179,75,1254
00270400,COLLEGE OF NEW ROCHELLE                 ,NY,10805-2339,Private      ,537,427,964,537,427,964
00270500,COLLEGE OF SAINT ROSE                   ,NY,12203-1490,Private      ,2710,766,3476,2710,766,3476
00270700,COLUMBIA UNIVERSITY                     ,NY,10027-0000,Private      ,2396,1624,4020,2396,1624,4020
00270701,COLUMBIA UNIV ARCHITECTURE              ,NY,10027-0000,Private      ,27,530,557,27,530,557
00270702,COLUMBIA UNIV SCHOOL OF THE ARTS        ,NY,10027-0000,Private      ,36,740,776,36,740,776
00270703,COLUMBIA UNIV BUSINESS GRAD             ,NY,10027-0000,Private      ,8,611,619,8,611,619
00270704,COLUMBIA UNIV SCHOOL ENGIN-UNDERGRA     ,NY,10027-0000,Private      ,1132,18,1150,1132,18,1150
00270705,COLUMBIA UNIV SCHOOL GENERAL STUDIE     ,NY,10027-0000,Private      ,137,343,480,137,343,480
00270706,COLUMBIA UNIV GRAD SCHL ARTS & SCI      ,NY,10027-0000,Private      ,19,978,997,19,978,997
00270707,COLUMBIA UNIV SCH INTL PUB AFFAIRS      ,NY,10027-0000,Private      ,4,919,923,4,919,923
00270708,COLUMBIA UNIV JOURNALISM GRAD           ,NY,10027-0000,Private      ,10,437,447,10,437,447
00270710,COLUMBIA UNIV COLUMBIA COLLEGE          ,NY,10027-0000,Private      ,5590,127,5717,5590,127,5717
00270711,COLUMBIA UNIV SCHOOL OF LAW             ,NY,10027-0000,Private      ,26,2690,2716,26,2690,2716
00270712,COLUMBIA UNIV SOCIAL WORK               ,NY,10025-0000,Private      ,9,748,757,9,748,757
00270713,COLUMBIA UNIV SCHL DENT & ORAL SURG     ,NY,10032-0000,Private      ,5,255,260,5,255,260
00270714,COLUMBIA UNIV INST HUMAN NUTRITION      ,NY,10032-0000,Private      ,2,16,18,2,16,18
00270715,COLUMBIA UNIV NURSING                   ,NY,10032-0000,Private      ,43,389,432,43,389,432
00270716,COLUMBIA UNIV COLL PHYS & SURGEONS      ,NY,10032-0000,Private      ,9,825,834,9,825,834
00270717,COLUMBIA UNIV PHYSICAL THERAPY          ,NY,10032-0000,Private      ,4,45,49,4,45,49
00270718,COLUMBIA UNIV OCCUPATIONAL THERAPY      ,NY,10032-0000,Private      ,3,30,33,3,30,33
00270719,COLUMBIA UNIV PUBLIC HEALTH             ,NY,10032-0000,Private      ,4,754,758,4,754,758
00270720,COLUMBIA UNIV - ENGINEERING (GRAD)      ,NY,10027-0000,Private      ,36,145,181,36,145,181
00270721,COLUMBIA UNIV-CONT ED & SP PROGMS       ,NY,10027-0000,Private      ,5,28,33,5,28,33
00270800,BARNARD COLLEGE-COLUMBIA UNIV           ,NY,10027-6598,Private      ,2713,53,2766,2713,53,2766
00270900,CONCORDIA COLLEGE                       ,NY,10708-1998,Private      ,445,39,484,445,39,484
00271000,COOPER UNION                            ,NY,10003-7120,Private      ,987,56,1043,987,56,1043
00271100,CORNELL UNIVERSITY                      ,NY,14853-2801,Private      ,14869,3089,17958,14869,3089,17958
00271101,WEILL CORNELL MEDICAL COLLEGE AND GRADUA,NY,10021-0000,Private      ,28,356,384,28,356,384
00271200,D'YOUVILLE COLLEGE                      ,NY,14201-1084,Private      ,842,496,1338,842,496,1338
00271300,DOMINICAN COLLEGE                       ,NY,10962-1299,Private      ,641,150,791,641,150,791
00271800,ELMIRA COLLEGE                          ,NY,14901-2099,Private      ,1374,164,1538,1374,164,1538
00272200,FORDHAM UNIVERSITY                      ,NY,10458-5157,Private      ,11409,3950,15359,11409,3950,15359
00272206,MARYMOUNT COLLEGE                       ,NY,10591-3796,Private      ,161,48,209,161,48,209
00272600,GENERAL THEOLOGICAL SEMINARY            ,NY,10011-0000,Private      ,0,78,78,0,78,78
00272800,HAMILTON COLLEGE                        ,NY,13323-1218,Private      ,1741,15,1756,1741,15,1756
00272900,HARTWICK COLLEGE                        ,NY,13820-4020,Private      ,1833,33,1866,1833,33,1866
00273100,HOBART & WILLIAM SMITH COLLEGES         ,NY,14456-3397,Private      ,1990,29,2019,1990,29,2019
00273200,HOFSTRA UNIVERSITY                      ,NY,11549-1010,Private      ,7627,2502,10129,7627,2502,10129
00273400,HOUGHTON COLLEGE                        ,NY,14744-0128,Private      ,1018,53,1071,1018,53,1071
00273500,HILBERT COLLEGE                         ,NY,14075-1597,Private      ,408,113,521,408,113,521
00273700,IONA COLLEGE                            ,NY,10801-1890,Private      ,3541,314,3855,3541,314,3855
00273900,ITHACA COLLEGE                          ,NY,14850-7130,Private      ,9182,399,9581,9182,399,9581
00274000,JEWISH THEOLOGICAL SEMINARY OF AMER     ,NY,10027-4649,Private      ,89,126,215,89,126,215
00274200,THE JUILLIARD SCHOOL                    ,NY,10023-6588,Private      ,882,477,1359,882,477,1359
00274400,KEUKA COLLEGE                           ,NY,14478-0000,Private      ,782,211,993,782,211,993
00274800,LEMOYNE COLLEGE                         ,NY,13214-1399,Private      ,2554,341,2895,2554,341,2895
00274900,NEW YORK COLLEGE OF PODIATRIC MED       ,NY,10035-0000,Private      ,18,180,198,18,180,198
00275100,LONG ISLAND UNIVERSITY                  ,NY,11548-1326,Private      ,4192,1297,5489,4192,1297,5489
00275115,LONG ISLAND UNIVERSITY - SOUTHAMPTON COL,NY,11968-4198,Private      ,35,6,41,35,6,41
00275116,LONG ISLAND UNIVERSITY - BROOKLYN       ,NY,11201-8423,Private      ,2746,1478,4224,2746,1478,4224
00275800,MANHATTAN COLLEGE                       ,NY,10471-4098,Private      ,3584,146,3730,3584,146,3730
00275900,MANHATTAN SCHOOL OF MUSIC               ,NY,10027-4698,Private      ,489,524,1013,489,524,1013
00276000,MANHATTANVILLE COLLEGE                  ,NY,10577-2132,Private      ,1926,224,2150,1926,224,2150
00276300,MARIA COLLEGE                           ,NY,12208-1798,Private      ,45,219,264,45,219,264
00276500,MARIST COLLEGE                          ,NY,12601-1387,Private      ,5110,306,5416,5110,306,5416
00276900,MARYMOUNT MANHATTAN COLLEGE             ,NY,10021-4597,Private      ,1758,116,1874,1758,116,1874
00277200,MERCY COLLEGE                           ,NY,10522-1189,Private      ,578,1117,1695,578,1117,1695
00277500,MOLLOY COLLEGE                          ,NY,11570-1100,Private      ,1024,543,1567,1024,543,1567
00277700,MEDAILLE COLLEGE                        ,NY,14214-2695,Private      ,666,430,1096,666,430,1096
00277800,MOUNT SAINT MARY COLLEGE                ,NY,12550-3494,Private      ,1533,513,2046,1533,513,2046
00277900,NAZARETH COLLEGE OF ROCHESTER           ,NY,14618-3790,Private      ,1962,499,2461,1962,499,2461
00278200,NEW YORK INSTITUTE OF TECHNOLOGY        ,NY,11568-8000,Private      ,2193,1239,3432,2193,1239,3432
00278202,NY INSTITUTE OF TECHNOLOGY-OSTEOPATHIC M,NY,11568-0000,Private      ,4,408,412,4,408,412
00278300,NEW YORK LAW SCHOOL                     ,NY,10013-0000,Private      ,12,2024,2036,12,2024,2036
00278400,NEW YORK MEDICAL COLLEGE                ,NY,10595-0000,Private      ,5,713,718,5,713,718
00278500,NEW YORK UNIVERSITY                     ,NY,10012-1091,Private      ,25536,14848,40384,25536,14848,40384
00278800,NIAGARA UNIVERSITY                      ,NY,14109-2010,Private      ,2723,264,2987,2723,264,2987
00279000,NYACK COLLEGE                           ,NY,10960-3698,Private      ,630,314,944,630,314,944
00279100,PACE UNIVERSITY - NEW YORK              ,NY,10038-1598,Private      ,4652,1206,5858,4652,1206,5858
00279101,PACE UNIVERSITY-PLEASANTVILLE           ,NY,10570-0000,Private      ,2193,335,2528,2193,335,2528
00279102,PACE UNIVERSITY - WHITE PLAINS          ,NY,10603-0000,Private      ,114,1117,1231,114,1117,1231
00279500,PAUL SMITHS CLG OF ARTS & SCIENCES      ,NY,12970-0000,Private      ,592,59,651,592,59,651
00279600,POLYTECHNIC INTSTITUTE OF NEW YORK UNIV ,NY,11201-3840,Private      ,1094,138,1232,1094,138,1232
00279800,PRATT INSTITUTE                         ,NY,11205-3899,Private      ,3024,1321,4345,3024,1321,4345
00280300,RENSSELAER POLYTECHNIC INSTITUTE        ,NY,12180-3590,Private      ,5383,310,5693,5383,310,5693
00280500,ROBERTS WESLEYAN COLLEGE                ,NY,14624-1997,Private      ,803,283,1086,803,283,1086
00280600,ROCHESTER INSTITUTE OF TECHNOLOGY       ,NY,14623-5608,Private      ,8431,1205,9636,8431,1205,9636
00280700,ROCKEFELLER UNIVERSITY                  ,NY,10021-0000,Private      ,5,11,16,5,11,16
00280800,DAEMEN COLLEGE                          ,NY,14226-3592,Private      ,1030,176,1206,1030,176,1206
00281000,THE SAGE COLLEGES                       ,NY,12180-4199,Private      ,814,592,1406,814,592,1406
00281200,TROCAIRE COLLEGE                        ,NY,14220-2094,Private      ,143,403,546,143,403,546
00281300,SARAH LAWRENCE COLLEGE                  ,NY,10708-5999,Private      ,1804,422,2226,1804,422,2226
00281400,SKIDMORE COLLEGE                        ,NY,12866-1632,Private      ,2812,43,2855,2812,43,2855
00281401,SKIDMORE COLL-UNIV WITHOUT WALLS        ,NY,12866-0000,Private      ,22,17,39,22,17,39
00281500,ST BERNARDS SCH THEOLOGY & MINISTRY     ,NY,14618-3822,Private      ,3,22,25,3,22,25
00281600,SIENA COLLEGE                           ,NY,12211-1462,Private      ,3016,76,3092,3016,76,3092
00281700,ST BONAVENTURE UNIVERSITY               ,NY,14778-2284,Private      ,1561,172,1733,1561,172,1733
00282000,ST FRANCIS COLLEGE                      ,NY,11201-4398,Private      ,887,94,981,887,94,981
00282100,ST JOHN FISHER COLLEGE                  ,NY,14618-3597,Private      ,3464,667,4131,3464,667,4131
00282200,CHRIST THE KING SEMINARY                ,NY,14052-0607,Private      ,0,1,1,0,1,1
00282300,ST JOHN'S UNIVERSITY                    ,NY,11439-1343,Private      ,12456,2801,15257,12456,2801,15257
00282500,ST JOSEPH'S COLLEGE                     ,NY,11205-3688,Private      ,505,127,632,505,127,632
00282501,ST JOSEPH'S COLLEGE-SUFFOLK CAMPUS      ,NY,11772-0000,Private      ,1265,334,1599,1265,334,1599
00282900,ST LAWRENCE UNIVERSITY                  ,NY,13617-1455,Private      ,1833,32,1865,1833,32,1865
00283200,ST THOMAS AQUINAS COLLEGE               ,NY,10976-1050,Private      ,858,70,928,858,70,928
00283300,ST VLADIMIR ORTHODOX THEOL SEM          ,NY,10707-0000,Private      ,1,12,13,1,12,13
00283500,SUNY AT ALBANY                          ,NY,12222-0001,Public       ,10029,1903,11932,10029,1903,11932
00283600,BINGHAMTON UNIVERSITY (SUNY)            ,NY,13902-6000,Public       ,12969,1250,14219,12969,1250,14219
00283700,SUNY AT BUFFALO                         ,NY,14260-0001,Public       ,12961,4621,17582,12961,4621,17582
00283800,SUNY AT STONY BROOK                     ,NY,11794-0001,Public       ,11725,2811,14536,11725,2811,14536
00283900,SUNY-DOWNSTATE MEDICAL CENTER           ,NY,11203-2098,Public       ,70,1219,1289,70,1219,1289
00284000,SUNY UPSTATE MEDICAL UNIVERSITY         ,NY,13210-2375,Public       ,119,803,922,119,803,922
00284100,SUNY BROCKPORT - FIN AID OFF            ,NY,14420-2914,Public       ,5091,886,5977,5091,886,5977
00284200,BUFFALO STATE COLLEGE - SUNY            ,NY,14222-1095,Public       ,5357,1404,6761,5357,1404,6761
00284300,SUNY COLLEGE-CORTLAND                   ,NY,13045-0900,Public       ,6991,758,7749,6991,758,7749
00284400,SUNY AT FREDONIA                        ,NY,14063-1145,Public       ,4272,350,4622,4272,350,4622
00284500,SUNY GENESEO                            ,NY,14454-1401,Public       ,6317,303,6620,6317,303,6620
00284600,SUNY COLLEGE-NEW PALTZ                  ,NY,12561-2499,Public       ,5724,775,6499,5724,775,6499
00284700,SUNY COLLEGE-ONEONTA                    ,NY,13820-4015,Public       ,6183,307,6490,6183,307,6490
00284800,SUNY OSWEGO                             ,NY,13126-3599,Public       ,5268,851,6119,5268,851,6119
00284900,SUNY COLLEGE AT PLATTSBURGH             ,NY,12901-2681,Public       ,3921,572,4493,3921,572,4493
00285000,SUNY COLLEGE-POTSDAM                    ,NY,13676-2294,Public       ,2518,335,2853,2518,335,2853
00285100,SUNY COLLEGE OF ENVIRONMENT SCIENCE AND ,NY,13210-2778,Public       ,1071,261,1332,1071,261,1332
00285300,SUNY MARITIME COLLEGE                   ,NY,10465-4198,Public       ,563,63,626,563,63,626
00285400,SUNY COLLEGE OF TECHNOLOGY-ALFRED       ,NY,14802-9951,Public       ,1801,233,2034,1801,233,2034
00285500,SUNY CANTON COLG OF TECHNOLOGY          ,NY,13617-1098,Public       ,1375,373,1748,1375,373,1748
00285600,SUNY AG & TECH COLLEGE-COBLESKILL       ,NY,12043-9986,Public       ,1495,128,1623,1495,128,1623
00285700,SUNY DELHI                              ,NY,13753-1190,Public       ,1363,168,1531,1363,168,1531
00285800,SUNY FARMINGDALE                        ,NY,11735-1021,Public       ,1961,423,2384,1961,423,2384
00285900,SUNY COLLEGE OF AG & TECH AT MORRISVILLE,NY,13408-0901,Public       ,1599,298,1897,1599,298,1897
00286000,ADIRONDACK COMMUNITY COLLEGE            ,NY,12804-2004,Public       ,501,271,772,501,271,772
00286100,CAYUGA COMMUNITY COLLEGE                ,NY,13021-3099,Public       ,435,365,800,435,365,800
00286200,BROOME COMMUNITY COLLEGE                ,NY,13902-0000,Public       ,1244,721,1965,1244,721,1965
00286300,CORNING COMMUNITY COLLEGE               ,NY,14830-3297,Public       ,470,456,926,470,456,926
00286400,DUTCHESS COMMUNITY COLLEGE              ,NY,12601-1595,Public       ,545,262,807,545,262,807
00286600,FASHION INSTITUTE OF TECHNOLOGY         ,NY,10001-5992,Public       ,3900,1105,5005,3900,1105,5005
00286700,SUNY FULTON MONTGOMERY COMM CLG         ,NY,12095-3790,Public       ,207,160,367,207,160,367
00286800,HUDSON VALLEY COMMUNITY COLLEGE         ,NY,12180-6096,Public       ,1502,632,2134,1502,632,2134
00286900,JAMESTOWN COMMUNITY COLLEGE             ,NY,14702-0020,Public       ,798,497,1295,798,497,1295
00287000,JEFFERSON COMMUNITY COLLEGE             ,NY,13601-1897,Public       ,389,339,728,389,339,728
00287100,"SUNY, MOHAWK VALLEY COMMUNITY CLG       ",NY,13501-5394,Public       ,1129,469,1598,1129,469,1598
00287200,MONROE COMMUNITY COLLEGE                ,NY,14623-5780,Public       ,2372,1381,3753,2372,1381,3753
00287300,NASSAU COMMUNITY COLLEGE                ,NY,11530-6793,Public       ,1896,678,2574,1896,678,2574
00287400,NIAGARA COUNTY COMMUNITY COLLEGE        ,NY,14132-9460,Public       ,948,774,1722,948,774,1722
00287500,ONONDAGA COMMUNITY COLLEGE              ,NY,13215-4585,Public       ,1255,815,2070,1255,815,2070
00287600,ORANGE COUNTY COMMUNITY COLLEGE         ,NY,10940-6441,Public       ,523,365,888,523,365,888
00287700,ROCKLAND COMMUNITY COLLEGE              ,NY,10901-3611,Public       ,323,136,459,323,136,459
00287800,SUFFOLK COMMUNITY COLLEGE               ,NY,11784-2899,Public       ,1205,480,1685,1205,480,1685
00287801,SUFFOLK COMMUNITY CLG-W. CAMPUS         ,NY,11717-0000,Public       ,470,324,794,470,324,794
00287803,SUFFOLK COMMUNITY CLG-EASTRN CAMPUS     ,NY,11901-0000,Public       ,161,98,259,161,98,259
00287900,SULLIVAN COUNTY COMMUNITY COLLEGE       ,NY,12759-5151,Public       ,324,109,433,324,109,433
00288000,ULSTER COUNTY COMMUNITY COLLEGE         ,NY,12484-0557,Public       ,241,97,338,241,97,338
00288100,SUNY WESTCHESTER COMMUNITY COLLEGE      ,NY,10595-1698,Public       ,716,468,1184,716,468,1184
00288200,SYRACUSE UNIVERSITY                     ,NY,13244-2130,Private      ,12905,3626,16531,12905,3626,16531
00288300,UTICA COLLEGE OF SYRACUSE UNIV          ,NY,13502-4892,Private      ,2000,414,2414,2000,414,2414
00288500,ALBANY COLLEGE OF PHARMACY AND HEALTH SC,NY,12208-3492,Private      ,1189,499,1688,1189,499,1688
00288600,ALBANY LAW SCHOOL                       ,NY,12208-0000,Private      ,24,845,869,24,845,869
00288700,ALBANY MEDICAL COLLEGE                  ,NY,12208-0000,Private      ,18,630,648,18,630,648
00288900,UNION COLLEGE                           ,NY,12308-2311,Private      ,2343,51,2394,2343,51,2394
00289000,UNION THEOLOGICAL SEMINARY              ,NY,10027-0000,Private      ,0,191,191,0,191,191
00289200,UNITED STATES MERCHANT MARINE ACADEMY   ,NY,11024-1699,Public       ,173,2,175,173,2,175
00289400,UNIVERSITY OF ROCHESTER                 ,NY,14627-9000,Private      ,4975,559,5534,4975,559,5534
00289401,EASTMAN SCH OF MUSIC/UNIV ROCHESTER     ,NY,14604-0000,Private      ,618,258,876,618,258,876
00289402,UNIV OF ROCHESTER SCHL OF MEDICINE      ,NY,14642-0000,Private      ,28,362,390,28,362,390
00289500,VASSAR COLLEGE                          ,NY,12604-0008,Private      ,2692,32,2724,2692,32,2724
00289600,VILLA MARIA COLLEGE-BUFFALO             ,NY,14225-3999,Private      ,123,59,182,123,59,182
00289900,WAGNER COLLEGE                          ,NY,10301-4495,Private      ,1869,99,1968,1869,99,1968
00290000,WEBB INSTITUTE                          ,NY,11542-1398,Private      ,42,0,42,42,0,42
00290100,WELLS COLLEGE                           ,NY,13026-0500,Private      ,578,34,612,578,34,612
00290300,YESHIVA UNIVERSITY                      ,NY,10033-3201,Private      ,700,1531,2231,700,1531,2231
00290302,YESHIVA UNIVERSITY - BRONX CAMPUS       ,NY,10461-1975,Private      ,5,516,521,5,516,521
00397400,MESIVTHA TIFERETH JERUSALEM OF AMER     ,NY,10002-6382,Private      ,1,0,1,1,0,1
00397600,RABBINICAL ACAD MESIVTA RABBI CHAIM     ,NY,11230-4715,Private      ,2,0,2,2,0,2
00397700,RABBINICAL COLLEGE CH'SAN SOFER         ,NY,11204-1252,Private      ,1,0,1,1,0,1
00397800,RABBINICAL SEMINARY OF AMERICA          ,NY,11375-0000,Private      ,4,0,4,4,0,4
00397900,COLUMBIA UNIV TEACHERS COLLEGE          ,NY,10027-0000,Private      ,15,1970,1985,15,1970,1985
00405400,HEBREW UNION COL-JEWISH INST OF REL     ,NY,10012-0000,Private      ,0,15,15,0,15,15
00455301,ITT TECHNICAL INSTITUTE                 ,NY,12205-0000,Proprietary  ,49,81,130,49,81,130
00475900,"CUNY, YORK COLLEGE                      ",NY,11451-0001,Public       ,1782,806,2588,1782,806,2588
00476500,CUNY GRADUATE SCH & UNIV CTR            ,NY,10016-0000,Public       ,21,860,881,21,860,881
00477600,CENTRAL YESHIVA TOMCHEI TMIMIM LUBA     ,NY,11230-2798,Private      ,4,0,4,4,0,4
00478800,HERKIMER COUNTY COMMUNITY COLLEGE       ,NY,13350-1598,Public       ,807,263,1070,807,263,1070
00479900,MONROE COLLEGE                          ,NY,10468-4305,Proprietary  ,777,1689,2466,777,1689,2466
00481100,EVEREST INSTITUTE                       ,NY,14621-3007,Proprietary  ,145,954,1099,145,954,1099
00482500,TAYLOR BUSINESS INSTITUTE               ,NY,10011-5501,Proprietary  ,167,176,343,167,176,343
00506401,ST JAMES MERCY HOSP SCH OF RAD          ,NY,14843-2197,Private      ,5,7,12,5,7,12
00506600,FAXTON ST. LUKE'S SCHOOL OF RADIOGRAPHY ,NY,13502-4856,Private      ,10,5,15,10,5,15
00520800,THE COLLEGE OF WESTCHESTER              ,NY,10602-0000,Proprietary  ,150,69,219,150,69,219
00587700,ROBERT J HOCHSTIM SCHOOL OF RADIOG      ,NY,11572-1151,Private      ,0,5,5,0,5,5
00643501,ARNOT OGDEN MEDICAL CENTER              ,NY,14905-1676,Private      ,9,10,19,9,10,19
00643800,PHILLIPS BETH ISRAEL SCH OF NURSING     ,NY,10001-6354,Private      ,29,67,96,29,67,96
00644300,COCHRAN SCH NSG-ST JOHN RVSDE HOSP      ,NY,10701-1399,Private      ,15,41,56,15,41,56
00644500,CROUSE HOSP SCH OF NURSING              ,NY,13210-1690,Private      ,53,58,111,53,58,111
00644800,ELLIS HOSPITAL SCHOOL OF NURSING        ,NY,12308-0000,Private      ,4,29,33,4,29,33
00646101,ST ELIZABETH COLLEGE OF NURSING         ,NY,13501-2998,Private      ,26,33,59,26,33,59
00646102,ST ELIZABETH SCH OF RADIOGRAPHY         ,NY,13501-0000,Private      ,8,1,9,8,1,9
00646700,SAINT JOSEPH'S COLLEGE OF NURSING       ,NY,13203-1806,Private      ,68,80,148,68,80,148
00678200,GENESEE COMMUNITY COLLEGE               ,NY,14020-9704,Public       ,750,427,1177,750,427,1177
00678500,SCHENECTADY COUNTY COMMUNITY CLG        ,NY,12305-2294,Public       ,356,255,611,356,255,611
00678700,CLINTON COMMUNITY COLLEGE               ,NY,12901-5690,Public       ,349,184,533,349,184,533
00678800,TOMPKINS CORTLAND COMMUNITY COLLEGE     ,NY,13053-8504,Public       ,613,286,899,613,286,899
00678900,COLUMBIA-GREENE COMMUNITY COLLEGE       ,NY,12534-9543,Public       ,277,188,465,277,188,465
00679100,SUNY AT PURCHASE                        ,NY,10577-1400,Public       ,3481,352,3833,3481,352,3833
00702200,CUNY-LEHMAN COLLEGE                     ,NY,10468-1589,Public       ,3409,1648,5057,3409,1648,5057
00702600,"MT SINAI SCH OF MEDICINE, NY UNIV       ",NY,10029-0000,Private      ,3,478,481,3,478,481
00710900,SUNY COLLEGE-OLD WESTBURY               ,NY,11568-0210,Public       ,1888,331,2219,1888,331,2219
00711100,NORTH COUNTRY COMMUNITY COLLEGE         ,NY,12983-2046,Public       ,240,133,373,240,133,373
00726400,MESIFTA TORAH VODAATH RABBINCAL SEM     ,NY,11218-5209,Private      ,1,0,1,1,0,1
00727300,CUNY-BERNARD BARUCH COLLEGE             ,NY,10010-5518,Public       ,6547,1897,8444,6547,1897,8444
00730400,CULINARY INSTITUTE OF AMERICA           ,NY,12538-1499,Private      ,1224,441,1665,1224,441,1665
00737200,AUSTIN'S SCHOOL OF SPA TECHNOLOGY       ,NY,12206-1513,Proprietary  ,2,3,5,2,3,5
00737500,ISLAND DRAFTING & TECHNICAL INST        ,NY,11701-2704,Proprietary  ,19,19,38,19,19,38
00738700,LONG ISLAND BEAUTY SCHOOL               ,NY,11788-4346,Proprietary  ,2,1,3,2,1,3
00738800,LONG ISLAND BEAUTY SCHOOL               ,NY,11550-3704,Proprietary  ,0,1,1,0,1,1
00739100,BEAUTY SCHOOL OF MIDDLETOWN             ,NY,10940-6574,Proprietary  ,1,5,6,1,5,6
00739400,BERKELEY COLLEGE                        ,NY,10017-0000,Proprietary  ,569,263,832,569,263,832
00739402,BERKELEY COLLEGE-WESTCHESTER CAMPUS     ,NY,10601-1533,Proprietary  ,202,48,250,202,48,250
00739800,KATHARINE GIBBS SCHOOL                  ,NY,10018-2602,Proprietary  ,507,881,1388,507,881,1388
00740100,MANDL SCHOOL                            ,NY,10019-5516,Proprietary  ,1,7,8,1,7,8
00740500,WOOD TOBE-COBURN SCHOOL                 ,NY,10016-0102,Proprietary  ,53,4,57,53,4,57
00746500,AMERICAN ACADEMY OF DRAMATIC ARTS       ,NY,10016-7089,Private      ,173,49,222,173,49,222
00746600,LIM COLLEGE                             ,NY,10022-5268,Proprietary  ,444,36,480,444,36,480
00746800,SCHOOL OF VISUAL ARTS                   ,NY,10010-3994,Proprietary  ,2105,684,2789,2105,684,2789
00751800,APEX TECHNICAL SCHOOL                   ,NY,10011-2008,Proprietary  ,53,121,174,53,121,174
00752200,CONTINENTAL SCH OF BEAUTY CULTURE       ,NY,14623-3231,Proprietary  ,2,2,4,2,2,4
00753200,FINGER LAKES COMMUNITY COLLEGE          ,NY,14424-8395,Public       ,805,416,1221,805,416,1221
00757200,AMERICAN MUSICAL AND DRAMATIC ACAD      ,NY,10023-2106,Private      ,621,91,712,621,91,712
00757300,EMPIRE BEAUTY SCHOOL                    ,NY,11103-4028,Proprietary  ,12,38,50,12,38,50
00780400,CAREER ACADEMY OF NEW YORK              ,NY,10011-7307,Proprietary  ,30,36,66,30,36,66
00818900,CONTINENTAL SCH OF BEAUTY CULTURE       ,NY,14223-0000,Proprietary  ,5,0,5,5,0,5
00818902,CONTINENTAL SCHOOL OF BEAUTY CULTURE  - ,NY,14224-3402,Proprietary  ,0,4,4,0,4,4
00843500,INTERBORO INSTITUTE                     ,NY,10019-3604,Proprietary  ,59,119,178,59,119,178
00843700,CHAMPLAIN VALLEY - TEC/PRN              ,NY,12901-0000,Public       ,2,4,6,2,4,6
00849500,JAMESTOWN BUSINESS COLLEGE              ,NY,14702-0429,Proprietary  ,42,57,99,42,57,99
00861100,"CUNY, HOSTOS CMTY COLLEGE               ",NY,10451-1499,Public       ,608,804,1412,608,804,1412
00878800,SUNY-STUDENT LOAN SERVICE CENTER        ,NY,12144-3440,Public       ,72,38,110,72,38,110
00900300,OLEAN BUSINESS INSTITUTE INC            ,NY,14760-2691,Proprietary  ,9,20,29,9,20,29
00902900,NEIGHBORHOOD PLAYHOUSE                  ,NY,10022-5017,Private      ,12,6,18,12,6,18
00904300,ELMIRA BUSINESS INSTITUTE               ,NY,14901-2731,Proprietary  ,7,10,17,7,10,17
00907700,UTICA SCHOOL OF COMMERCE                ,NY,13501-2280,Proprietary  ,22,34,56,22,34,56
00924800,SAMARITAN HOSPITAL SCH NURSING          ,NY,12180-2475,Private      ,14,52,66,14,52,66
00928300,MIDWAY-PARIS BEAUTY SCHOOL              ,NY,11385-3453,Proprietary  ,0,1,1,0,1,1
00947900,SAINT VINCENTS CMC SI NURSING SCHOOL    ,NY,10304-3850,Proprietary  ,7,16,23,7,16,23
00947901,SAINT VINCENTS CMC SI PHYS ASSIST PROG  ,NY,10304-3850,Proprietary  ,1,1,2,1,1,2
00976900,METROPOLITAN COLLEGE OF NEW YORK        ,NY,10013-1919,Private      ,39,598,637,39,598,637
00992900,SUNY COLLEGE OF OPTOMETRY               ,NY,10036-8003,Public       ,10,253,263,10,253,263
01005100,LA GUARDIA CMTY COLLEGE - CUNY          ,NY,11101-3083,Public       ,1375,1209,2584,1375,1209,2584
01005200,JEFFERSON-LEWIS BOCES PRAC NRSGPRG      ,NY,13601-9509,Public       ,2,10,12,2,10,12
01009700,CUNY-MEDGAR W EVERS COLLEGE             ,NY,11225-2010,Public       ,788,804,1592,788,804,1592
01014200,TOURO COLLEGE                           ,NY,10010-4202,Private      ,313,1781,2094,313,1781,2094
01014700,WESTERN SUFFOLK BOCES                   ,NY,11768-3499,Public       ,8,26,34,8,26,34
01015300,HELENE FULD COL OF NRSNG/N GEN HOSP     ,NY,10035-0000,Private      ,2,37,39,2,37,39
01028600,EMPIRE STATE COLLEGE                    ,NY,12866-4391,Public       ,123,3163,3286,123,3163,3286
01055100,NEW YORK SCH MED & DENTAL ASSISTANT     ,NY,11101-2327,Proprietary  ,9,46,55,9,46,55
01064100,SOUTHERN WESTCHESTER BOCES              ,NY,10543-0000,Public       ,2,5,7,2,5,7
01068400,ERIE COMMUNITY COLLEGE-ALL CAMPUSES     ,NY,14203-2698,Public       ,1475,1099,2574,1475,1099,2574
01081300,AMERICAN ACAD MCALLISTER INST           ,NY,10019-3604,Private      ,13,40,53,13,40,53
01083700,SIMMONS INST OF FUNERAL SERVICE         ,NY,13207-2098,Proprietary  ,10,12,22,10,12,22
01093000,SUBURBAN TECHNICAL SCHOOL               ,NY,11550-3771,Proprietary  ,2,5,7,2,5,7
01095200,PNW BOCES LPN PROGRAM                   ,NY,10598-0000,Public       ,1,8,9,1,8,9
01103100,TECHNICAL CAREER INSTITUTE              ,NY,10001-2789,Proprietary  ,199,536,735,199,536,735
01161400,CHAMPLAIN VALLEY HOSP SCH RAD TECH      ,NY,12901-1490,Private      ,15,3,18,15,3,18
01164700,SBI CAMPUS - AN AFFILIATE OF SANFORD-BRO,NY,11747-3785,Proprietary  ,78,131,209,78,131,209
01167700,MEMORIAL SLOAN KETTERING CANCER CTR     ,NY,10021-6094,Private      ,3,2,5,3,2,5
01167800,SUNY INST OF TECHNOLOGY UTICA ROME      ,NY,13504-3050,Public       ,629,211,840,629,211,840
01183000,BERK TRADE AND BUSINESS SCHOOL          ,NY,11101-0000,Proprietary  ,4,3,7,4,3,7
01185900,WORD OF LIFE BIBLE INSTITUTE            ,NY,12860-0129,Private      ,174,22,196,174,22,196
01186000,MERCY MED CNTR SCHL OF RADIOGRAPHY      ,NY,11570-1098,Private      ,0,2,2,0,2,2
01192100,WESTCHESTER SCH OF BEAUTY CULTURE       ,NY,10550-2295,Proprietary  ,2,1,3,2,1,3
01201100,TALMUDICAL SEM OHOLEI TORAH             ,NY,11213-3310,Private      ,3,0,3,3,0,3
01207200,PHILLIPS HAIRSTYLING INSTITUTE          ,NY,13210-1509,Proprietary  ,4,16,20,4,16,20
01210700,INSTITUTE OF DESIGN & CONSTRUCTION      ,NY,11201-5380,Private      ,7,10,17,7,10,17
01220300,MEMORIAL HOSPITAL SCH OF NURSING        ,NY,12204-1083,Private      ,11,52,63,11,52,63
01227700,NEW YORK CHIROPRACTIC COLLEGE           ,NY,13148-0800,Private      ,3,360,363,3,360,363
01229300,VEEB NASSAU CNTY SCHL OF PRACT NURS     ,NY,11553-3037,Public       ,10,14,24,10,14,24
01235800,PLAZA COLLEGE                           ,NY,11372-6300,Proprietary  ,3,6,9,3,6,9
01236400,SAINT VINCENTS CATHOLIC MEDICAL CENTERS ,NY,11354-0000,Proprietary  ,13,31,44,13,31,44
01240700,SCHUYLER-CHEMUNG-TIOGA BOCES            ,NY,14903-1089,Public       ,1,10,11,1,10,11
01240701,STEUBEN SCHUYLER CHEMUNG TIOGA ALLEGANY ,NY,14870-9518,Public       ,1,5,6,1,5,6
01256100,FIVE TOWNS COLLEGE                      ,NY,11746-5871,Proprietary  ,640,74,714,640,74,714
01258900,ERIE 1 BOCES                            ,NY,14224-0000,Public       ,1,7,8,1,7,8
01265200,ONONDAGA CORTLAND MADISON BOCES         ,NY,13090-4500,Public       ,24,43,67,24,43,67
01278300,OSWEGO COUNTY BOCES ADULT CAREERS       ,NY,13114-4498,Public       ,8,18,26,8,18,26
01292700,CENTRAL TECH NURSING PROGRAM            ,NY,13202-3092,Public       ,2,6,8,2,6,8
01302900,BORICUA COLLEGE                         ,NY,10032-1599,Private      ,14,43,57,14,43,57
02056400,CAPRI COSMETOLOGY LEARNING CENTER       ,NY,10954-0000,Proprietary  ,3,3,6,3,3,6
02066200,THE NEW SCHOOL                          ,NY,10011-0000,Private      ,2624,2485,5109,2624,2485,5109
02069000,NEW YORK SCHOOL OF INTERIOR DESIGN      ,NY,10021-0000,Private      ,82,72,154,82,72,154
02075700,BRIARCLIFFE COLLEGE                     ,NY,11714-0000,Proprietary  ,748,473,1221,748,473,1221
02075702,BRIARCLIFFE COLLEGE - PATCHOGUE         ,NY,11772-3019,Proprietary  ,473,408,881,473,408,881
02092400,RIDLEY-LOWELL SCHOOL OF BUSINESS        ,NY,13905-0000,Proprietary  ,1,4,5,1,4,5
02093700,LONG ISLAND BUSINESS INSTITUTE          ,NY,11725-0000,Proprietary  ,33,87,120,33,87,120
02098400,HERKIMER COUNTY BOCES                   ,NY,13350-0000,Public       ,7,9,16,7,9,16
02104300,OTSEGO AREA SCHOOL OF PRAC NURSING      ,NY,13820-0000,Public       ,6,6,12,6,6,12
02105900,HAIR DESIGN INSTITUTE AT FIFTH AVE      ,NY,11220-0000,Proprietary  ,2,1,3,2,1,3
02106800,BRAMSON ORT COLLEGE                     ,NY,11375-0000,Private      ,2,2,4,2,2,4
02110900,CATTARAUGUS/ALLEGANY BOCES              ,NY,14760-0000,Public       ,1,7,8,1,7,8
02116011,SANFORD-BROWN INSTITUTE - NEW YORK      ,NY,10003-2103,Proprietary  ,13,25,38,13,25,38
02118700,LONG ISLAND COLLEGE HOSPITAL - SCHOOL OF,NY,11201-6001,Private      ,13,50,63,13,50,63
02118702,LONG ISLAND COLLEGE HOSPITAL - SCHOOL OF,NY,11201-6001,Private      ,6,4,10,6,4,10
02124000,ORANGE ULSTER BOCES SCH OF PRAC NRS     ,NY,10924-9401,Public       ,3,10,13,3,10,13
02125500,CIRCLE IN THE SQUARE THEATRE SCHOOL     ,NY,10019-0000,Private      ,24,21,45,24,21,45
02126300,MADISON-ONEIDA BOCES PRAC NRS           ,NY,13478-0000,Public       ,1,4,5,1,4,5
02138500,BOCES RENSSELAER SCH OF PRAC NRSG       ,NY,12033-3221,Public       ,3,32,35,3,32,35
02145800,CAYUGA ONONDAGA BOCES                   ,NY,13021-9430,Public       ,5,12,17,5,12,17
02153600,BROOME-TIOGA BOCES PN PROG              ,NY,13905-0000,Public       ,5,11,16,5,11,16
02157900,ROCHESTER GENERAL HOSPITAL              ,NY,14621-3001,Private      ,8,26,34,8,26,34
02158200,WSHNGTN-SARTGA-WARN-HMLTN-ESX BOCES     ,NY,12839-1051,Public       ,1,2,3,1,2,3
02160100,GENEVA GENERAL HOSPITAL                 ,NY,14456-0000,Private      ,4,16,20,4,16,20
02163400,NEW YORK CAREER INSTITUTE               ,NY,10007-2801,Proprietary  ,16,52,68,16,52,68
02169100,DAVIS COLLEGE                           ,NY,13790-0000,Private      ,43,13,56,43,13,56
02170000,SWEDISH INSTITUTE                       ,NY,10001-0000,Proprietary  ,26,247,273,26,247,273
02170200,ALBANY SCHOHARIE SCHENECTADY            ,NY,12205-0000,Public       ,3,6,9,3,6,9
02171900,AILEY SCHOOL (THE)                      ,NY,10019-4402,Private      ,36,5,41,36,5,41
02172100,HAMILTON-FULTON-MONTGOMERY BOCES        ,NY,12095-0000,Public       ,8,1,9,8,1,9
02172800,DUTCHESS COUNTY BOCES SCH PRAC NURS     ,NY,12601-0000,Public       ,7,8,15,7,8,15
02173200,EMPIRE BEAUTY SCHOOL                    ,NY,10001-0000,Proprietary  ,27,90,117,27,90,117
02173900,ULSTER COUNTY BOCES PRACTICAL NRSG      ,NY,12466-0000,Public       ,4,14,18,4,14,18
02179400,EASTERN SUFFOLK BOCES                   ,NY,11713-0000,Public       ,10,47,57,10,47,57
02192500,BELLEVUE HOSP CTR SCH RAD TECH          ,NY,10016-0000,Public       ,2,3,5,2,3,5
02193700,SAINT LAWRENCE LEWIS COUNTY BOCES       ,NY,13617-0000,Public       ,45,2,47,45,2,47
02193701,SAINT LAWRENCE LEWIS COUNTY BOCES - NORT,NY,13669-0798,Public       ,0,1,1,0,1,1
02199300,ORLEANS-NIAGARA BOCES                   ,NY,14132-0000,Public       ,1,3,4,1,3,4
02206000,HUNTER BUSINESS SCHOOL                  ,NY,11756-0000,Proprietary  ,38,34,72,38,34,72
02217800,D.HOPFER SCH NURSING AT MT.VRN HOSP     ,NY,10550-0000,Private      ,11,33,44,11,33,44
02219500,MILDRED ELLEY                           ,NY,12206-1513,Proprietary  ,24,157,181,24,157,181
02235600,ERIE 2-CHAUTAUQUA-CATTARAUGUS BOCES     ,NY,14006-0000,Public       ,1,20,21,1,20,21
02248700,BUFFALO VOC TECH CTR PRAC NRSG PROG     ,NY,14211-0000,Public       ,4,3,7,4,3,7
02256700,KOL YAAKOV TORAH CENTER                 ,NY,10952-0000,Private      ,1,0,1,1,0,1
02265200,GLOBAL BUSINESS INSTITUTE               ,NY,11691-0000,Private      ,21,103,124,21,103,124
02272900,ROCKLAND COUNTY BOCES PRAC NRSG SCH     ,NY,10994-0000,Public       ,1,2,3,1,2,3
02275900,"MODERN WELDING SCHOOL, INC.             ",NY,12304-0000,Proprietary  ,4,1,5,4,1,5
02287800,NATIONAL TRACTOR TRAILER SCHOOL         ,NY,13088-2505,Proprietary  ,2,1,3,2,1,3
02294900,INSTITUTE OF AUDIO RESEARCH             ,NY,10003-0000,Proprietary  ,69,71,140,69,71,140
02306500,PROFESSIONAL BUSINESS INSTITUTE         ,NY,10002-0000,Private      ,34,105,139,34,105,139
02314200,NORTHERN WESTCHESTER SCH COSMETOL       ,NY,10566-0000,Proprietary  ,2,0,2,2,0,2
02320100,OHR SOMAYACH TANENBAUM EDUCATIONAL CENTE,NY,10952-0000,Private      ,0,1,1,0,1,1
02325600,NEW YORK INSTITUTE OF ENGLISH & BUS     ,NY,10001-0000,Private      ,12,30,42,12,30,42
02332300,FEGS TRADES AND BUSINESS SCHOOL         ,NY,10013-0000,Private      ,0,1,1,0,1,1
02348700,CAREER BLAZERS LEARNING CENTER          ,NY,10017-0000,Proprietary  ,9,57,66,9,57,66
02454300,NEW YORK UNIVERSITY SCHOOL OF MEDICINE  ,NY,10016-6497,Private      ,107,551,658,107,551,658
02491400,SPANISH AMERICAN INSTITUTE              ,NY,10036-0000,Private      ,0,2,2,0,2,2
02505800,YESHIVA KARLIN STOLIN RAB INSTITUTE     ,NY,11204-0000,Private      ,0,1,1,0,1,1
02505900,SH-OR YOSHUV RABBINICAL COLLEGE         ,NY,11691-0000,Private      ,1,0,1,1,0,1
02506000,ASSOCIATED BETH RIVKAH SCHOOLS          ,NY,11225-0000,Private      ,3,0,3,3,0,3
02506100,CITY UNIV OF NEW YORK-CENTRAL           ,NY,10021-0000,Public       ,274,113,387,274,113,387
02506200,MERCE CUNNINGHAM STUDIO                 ,NY,10014-0000,Private      ,0,1,1,0,1,1
02511500,JOFFREY BALLET SCHOOL                   ,NY,10011-0000,Proprietary  ,4,1,5,4,1,5
02513500,MAR JON SCHOOL OF BEAUTY CULTURE        ,NY,14150-0000,Proprietary  ,6,13,19,6,13,19
02525600,ART INSTITUTE OF NEW YORK CITY (THE)    ,NY,10013-2429,Proprietary  ,346,219,565,346,219,565
02540800,"GLOBE INSTITUTE OF TECHNOLOGY, INC.     ",NY,10007-0000,Proprietary  ,37,226,263,37,226,263
02546000,TRI-STATE COLLEGE OF ACUPUNCTURE        ,NY,10011-0000,Proprietary  ,1,10,11,1,10,11
02556700,SEMINAR L'MOROS BAIS YAAKOV             ,NY,11219-0000,Private      ,3,0,3,3,0,3
02572900,BUSINESS INFORMATICS CENTER             ,NY,11580-0000,Proprietary  ,1,3,4,1,3,4
02575400,FRENCH CULINARY INSTITUTE               ,NY,10013-2618,Proprietary  ,80,76,156,80,76,156
02587600,ORLO SCH HAIR DESIGN & COSMETOLOGY      ,NY,12206-1723,Proprietary  ,1,1,2,1,1,2
02599400,NEW YORK COLLEGE OF HEALTH PROFESSIONS  ,NY,11791-4413,Private      ,53,297,350,53,297,350
02600100,NEW YORK ACADEMY OF ART (THE)           ,NY,10013-2911,Private      ,0,38,38,0,38,38
02614900,SANFORD-BROWN INSTITUTE                 ,NY,10604-2910,Proprietary  ,32,144,176,32,144,176
02615001,SANFORD-BROWN INSTITUTE - GARDEN CITY   ,NY,11530-4734,Proprietary  ,1,4,5,1,4,5
02616600,SHEAR EGO INTL SCH OF HAIR DESIGN       ,NY,14617-3501,Proprietary  ,2,4,6,2,4,6
02617000,CONTINENTAL SCH OF BEAUTY CULTURE       ,NY,14020-1908,Proprietary  ,0,2,2,0,2,2
02617001,CONTINENTAL SCHOOL OF BEAUTY CULTURE - O,NY,14760-2618,Proprietary  ,0,1,1,0,1,1
02622900,BAIS MEDRASH ELYON                      ,NY,10952-3013,Private      ,1,0,1,1,0,1
03007200,DANCE THEATRE OF HARLEM                 ,NY,10031-0000,Private      ,5,1,6,5,1,6
03027701,PACIFIC COLLEGE OF ORIENTAL MEDICINE - N,NY,10010-7108,Proprietary  ,4,53,57,4,53,57
03081600,DELAWARE CHENANGO MADISON OT. BOCES     ,NY,13815-9554,Public       ,2,0,2,2,0,2
03088500,NEW YORK INTERNATIONAL BEAUTY SCH       ,NY,10019-0000,Proprietary  ,3,3,6,3,3,6
03089700,COMPUTER CAREER CENTER                  ,NY,11530-3334,Proprietary  ,11,94,105,11,94,105
03095500,ASA INST BUSINESS & COMPUTER TECH       ,NY,11201-5208,Proprietary  ,38,299,337,38,299,337
03096200,CHARLES STUART SCHOOL                   ,NY,11229-2004,Proprietary  ,1,2,3,1,2,3
03099100,SUNBRIDGE COLLEGE                       ,NY,10977-0000,Private      ,0,18,18,0,18,18
03103700,ADIRONDACK BEAUTY SCHOOL                ,NY,12801-3158,Proprietary  ,3,1,4,3,1,4
03104900,SULLIVAN COUNTY BOCES                   ,NY,12754-2116,Public       ,4,7,11,4,7,11
03111100,NEW YORK PARALEGAL SCHOOL               ,NY,10007-0000,Proprietary  ,4,10,14,4,10,14
03115300,GENESEE VALLEY BOCES                    ,NY,14020-1099,Public       ,2,14,16,2,14,16
03120700,NEW YORK CONSERVATORY FOR DRAMATIC ARTS ,NY,10011-4225,Proprietary  ,126,25,151,126,25,151
03127100,YESHIVAS NOVOMINSK                      ,NY,11219-0000,Private      ,1,0,1,1,0,1
03169300,STUDIO JEWELERS                         ,NY,10016-4112,Proprietary  ,0,3,3,0,3,3
03172400,CALIBER TRAINING INSTITUTE              ,NY,10018-6504,Proprietary  ,1,0,1,1,0,1
03191300,CUNY SCHOOL OF LAW @ QUEENS COLLEGE     ,NY,11367-0000,Public       ,71,687,758,71,687,758
03193300,MANHATTAN SCHOOL OF COMPUTER TECH       ,NY,11230-1617,Private      ,5,2,7,5,2,7
03203300,NEW YORK INSTITUTE OF MASSAGE           ,NY,14221-6021,Proprietary  ,12,44,56,12,44,56
03208300,GRACE INSTITUTE OF BUSINESS TECH        ,NY,11201-2303,Private      ,1,2,3,1,2,3
03315300,HARLEM SCHOOL OF TECHNOLOGY             ,NY,10027-4426,Proprietary  ,2,5,7,2,5,7
03342400,AMERICAN BARBER INSTITUTE               ,NY,10001-5271,Proprietary  ,1,6,7,1,6,7
03358300,ALLEN SCHOOL                            ,NY,11432-4901,Proprietary  ,5,6,11,5,6,11
03361500,WILLSEY INSTITUTE                       ,NY,10301-1989,Proprietary  ,0,1,1,0,1,1
03380300,CULINARY ACADEMY OF LONG ISLAND         ,NY,11791-5311,Proprietary  ,4,6,10,4,6,10
03419400,NORTHEASTERN SEMINARY                   ,NY,14624-1997,Private      ,3,38,41,3,38,41
03426400,ANTHEM INSTITUTE                        ,NY,10018-0000,Proprietary  ,85,185,270,85,185,270
03433500,LIA SCHORR INSTITUTE OF COSMETIC SK     ,NY,10022-2614,Proprietary  ,1,2,3,1,2,3
03443300,NEW YORK COLLEGE OF TRADITIONAL CHINESE ,NY,11501-0000,Private      ,3,11,14,3,11,14
03537300,NEW YORK AUTOMOTIVE & DIESEL INSTIT     ,NY,11101-0000,Proprietary  ,43,128,171,43,128,171
03568300,LEON STUDIO ONE SCHOOL OF HAIR DESI     ,NY,14221-5323,Proprietary  ,3,3,6,3,3,6
03651300,SAINT JOSEPH'S MEDICAL CENTER SCHOO     ,NY,10701-4080,Private      ,3,0,3,3,0,3
03713300,BEIS MEDRASH HEICHAL DOVID              ,NY,11691-4433,Private      ,0,1,1,0,1,1
03819400,HUDSON VALLEY SCHOOL OF ADVANCED AESTHET,NY,12493-0000,Proprietary  ,2,5,7,2,5,7
03839300,AVEDA INSTITUTE NEW YORK                ,NY,10013-1522,Proprietary  ,21,25,46,21,25,46
03881300,UNION GRADUATE COLLEGE                  ,NY,12308-3103,Private      ,7,47,54,7,47,54
03903400,AMERICAN BEAUTY SCHOOL                  ,NY,10462-8003,Proprietary  ,3,2,5,3,2,5
03931300,XINCON TECHNOLOGY SCHOOL                ,NY,10001-3507,Proprietary  ,3,0,3,3,0,3
03941400,ELITE ACADEMY OF BEAUTY ARTS            ,NY,11223-1630,Proprietary  ,4,1,5,4,1,5
03983300,"SCHOOL OF PROFESSIONAL HORTICULTURE, AT ",NY,10458-5126,Private      ,0,1,1,0,1,1
00267808,BRYANT & STRATTON COLLEGE - PARMA       ,OH,44130-0000,Proprietary  ,108,622,730,108,622,730
00301000,ANTIOCH UNIVERSITY                      ,OH,45387-1608,Private      ,444,49,493,444,49,493
00301001,ANTIOCH UNIVERSITY MCGREGOR             ,OH,45387-0000,Private      ,2,125,127,2,125,127
00301010,ANTIOCH UNIVERSITY                      ,OH,45387-0000,Private      ,32,61,93,32,61,93
00301100,ART ACADEMY OF CINCINNATI               ,OH,45202-7106,Private      ,119,19,138,119,19,138
00301200,ASHLAND UNIVERSITY                      ,OH,44805-3799,Private      ,2267,942,3209,2267,942,3209
00301300,ATHENAEUM OF OHIO                       ,OH,45230-2000,Private      ,0,3,3,0,3,3
00301400,BALDWIN-WALLACE COLLEGE                 ,OH,44017-2088,Private      ,2680,476,3156,2680,476,3156
00301600,BLUFFTON UNIVERSITY                     ,OH,45817-2104,Private      ,909,76,985,909,76,985
00301800,BOWLING GREEN STATE UNIVERSITY          ,OH,43403-0001,Public       ,11142,2269,13411,11142,2269,13411
00302300,CAPITAL UNIVERSITY                      ,OH,43209-2394,Private      ,2618,1395,4013,2618,1395,4013
00302400,CASE WESTERN RESERVE UNIV               ,OH,44106-0000,Private      ,4193,449,4642,4193,449,4642
00302401,CASE WESTERN RESERVE UNIV - MED         ,OH,44106-0000,Private      ,22,571,593,22,571,593
00302402,CASE WESTERN RESERVE UNIV - DENTAL      ,OH,44106-0000,Private      ,6,188,194,6,188,194
00302403,CASE WESTERN RESERVE UNIV - LAW         ,OH,44106-0000,Private      ,11,879,890,11,879,890
00302404,CASE WESTERN RESERVE UNIV - UG          ,OH,44106-0000,Private      ,236,24,260,236,24,260
00302405,CASE WESTERN RESERVE UNIV - MSASS       ,OH,44106-0000,Private      ,2,254,256,2,254,256
00302406,CASE WESTERN RESERVE UNIV - NURS UG     ,OH,44106-0000,Private      ,137,72,209,137,72,209
00302407,CASE WESTERN RESERVE UNIV - WSOM        ,OH,44106-0000,Private      ,6,90,96,6,90,96
00302408,CASE WESTERN RESERVE UNIV -A&S GRAD     ,OH,44106-0000,Private      ,4,101,105,4,101,105
00302409,CASE WESTERN RESERVE UNIV -ENG GRAD     ,OH,44106-0000,Private      ,8,39,47,8,39,47
00302410,CASE WESTERN RESERVE UNIV -NURS GRD     ,OH,44106-0000,Private      ,9,141,150,9,141,150
00302500,CEDARVILLE UNIVERSITY                   ,OH,45314-8564,Private      ,2354,69,2423,2354,69,2423
00302600,CENTRAL STATE UNIVERSITY                ,OH,45384-1004,Public       ,1645,390,2035,1645,390,2035
00302900,CINCINNATI CHRISTIAN UNIVERSITY         ,OH,45204-3200,Private      ,291,193,484,291,193,484
00303000,OHIO CHRISTIAN UNIVERSITY               ,OH,43113-9487,Private      ,49,94,143,49,94,143
00303100,CLEVELAND INSTITUTE OF MUSIC            ,OH,44106-1776,Private      ,489,322,811,489,322,811
00303200,CLEVELAND STATE UNIVERSITY              ,OH,44115-2214,Public       ,3453,4159,7612,3453,4159,7612
00303300,COLLEGE OF MT ST JOSEPH                 ,OH,45233-1670,Private      ,981,398,1379,981,398,1379
00303500,OHIO DOMINICAN UNIVERSITY               ,OH,43219-2099,Private      ,1624,815,2439,1624,815,2439
00303600,FRANCISCAN UNIV OF STEUBENVILLE         ,OH,43952-1763,Private      ,1227,274,1501,1227,274,1501
00303700,COLLEGE OF WOOSTER                      ,OH,44691-2363,Private      ,1612,31,1643,1612,31,1643
00303900,COLUMBUS COLLEGE OF ART AND DESIGN      ,OH,43215-1758,Private      ,1170,186,1356,1170,186,1356
00304000,CUYAHOGA COMMUNITY COLLEGE              ,OH,44115-2878,Public       ,1242,3165,4407,1242,3165,4407
00304001,CUYAHOGA COMMUNITY CLG-EASTERN CAM      ,OH,44122-6195,Public       ,204,489,693,204,489,693
00304002,CUYAHOGA COMMUNITY CLG-METRO CAMPUS     ,OH,44115-0000,Public       ,254,610,864,254,610,864
00304003,CUYAHOGA COMMUNITY CLG-WESTERN CMPS     ,OH,44130-0000,Public       ,435,390,825,435,390,825
00304100,"DEFIANCE COLLEGE, THE                   ",OH,43512-1695,Private      ,847,149,996,847,149,996
00304200,DENISON UNIVERSITY                      ,OH,43023-1329,Private      ,1848,19,1867,1848,19,1867
00304300,CHANCELLOR UNIVERSITY                   ,OH,44114-1096,Proprietary  ,69,365,434,69,365,434
00304400,TRINITY LUTHERAN SEMINARY               ,OH,43209-0000,Private      ,0,54,54,0,54,54
00304500,UNIVERSITY OF FINDLAY                   ,OH,45840-3695,Private      ,1899,488,2387,1899,488,2387
00304600,FRANKLIN UNIVERSITY                     ,OH,43215-5399,Private      ,323,2889,3212,323,2889,3212
00304606,FRANKLIN UNIVERSITY - NORTHWEST         ,OH,43019-5331,Private      ,1,9,10,1,9,10
00304608,FRANKLIN UNIVERSITY - NORTHEAST         ,OH,43081-1111,Private      ,4,13,17,4,13,17
00304700,HEBREW UNION COLLEGE MAIN CAMPUS        ,OH,45220-0000,Private      ,0,35,35,0,35,35
00304800,HEIDELBERG UNIVERSITY                   ,OH,44883-2462,Private      ,1085,102,1187,1085,102,1187
00304900,HIRAM COLLEGE                           ,OH,44234-1808,Private      ,940,97,1037,940,97,1037
00305000,JOHN CARROLL UNIVERSITY                 ,OH,44118-4581,Private      ,2990,316,3306,2990,316,3306
00305100,KENT STATE UNIV - KENT CAMPUS           ,OH,44242-0001,Public       ,10558,3457,14015,10558,3457,14015
00305101,KENT STATE UNIV - GEAUGA CAMPUS         ,OH,44021-0000,Public       ,97,74,171,97,74,171
00305102,KENT STATE UNIV - STARK CAMPUS          ,OH,44720-0000,Public       ,756,547,1303,756,547,1303
00305103,KENT STATE UNIV - TUSCARAWAS CAMPUS     ,OH,44663-0000,Public       ,353,334,687,353,334,687
00305104,KENT STATE UNIV - TRUMBULL CAMPUS       ,OH,44483-0000,Public       ,313,479,792,313,479,792
00305105,KENT STATE UNIV - ASHTABULA CAMPUS      ,OH,44004-0000,Public       ,258,391,649,258,391,649
00305106,KENT STATE UNIV -E.LIVERPOOL CAMPUS     ,OH,43920-0000,Public       ,131,229,360,131,229,360
00305107,KENT STATE UNIV - SALEM CAMPUS          ,OH,44460-0000,Public       ,300,320,620,300,320,620
00306500,KENYON COLLEGE                          ,OH,43022-9623,Private      ,1934,15,1949,1934,15,1949
00306600,LAKE ERIE COLLEGE                       ,OH,44077-3389,Private      ,395,105,500,395,105,500
00306800,LORAIN COUNTY COMMUNITY COLLEGE         ,OH,44035-1691,Public       ,695,1118,1813,695,1118,1813
00306900,LOURDES COLLEGE                         ,OH,43560-2898,Private      ,246,561,807,246,561,807
00307200,MALONE UNIVERSITY                       ,OH,44709-3897,Private      ,1435,424,1859,1435,424,1859
00307300,MARIETTA COLLEGE                        ,OH,45750-4033,Private      ,1779,119,1898,1779,119,1898
00307500,METHODIST THEOLOGICAL SCH IN OHIO       ,OH,43015-0000,Private      ,1,103,104,1,103,104
00307600,MIAMI-JACOBS COLLEGE                    ,OH,45401-0000,Proprietary  ,24,255,279,24,255,279
00307602,MIAMI - JACOBS CAREER COLLEGE - SPRINGBO,OH,45066-1115,Proprietary  ,3,2,5,3,2,5
00307700,MIAMI UNIVERSITY                        ,OH,45056-1831,Public       ,12012,1684,13696,12012,1684,13696
00307800,WRIGHT STATE UNIVERSITY                 ,OH,45435-0002,Public       ,7382,3948,11330,7382,3948,11330
00308300,MOUNT UNION COLLEGE                     ,OH,44601-3993,Private      ,2058,68,2126,2058,68,2126
00308400,MUSKINGUM UNIVERSITY                    ,OH,43762-1199,Private      ,1359,110,1469,1359,110,1469
00308500,NOTRE DAME COLLEGE OF OHIO              ,OH,44121-4293,Private      ,573,334,907,573,334,907
00308600,OBERLIN COLLEGE                         ,OH,44074-1090,Private      ,3282,57,3339,3282,57,3339
00308800,OHIO COLLEGE OF PODIATRIC MEDICINE      ,OH,44131-7304,Private      ,0,166,166,0,166,166
00308900,OHIO NORTHERN UNIVERSITY                ,OH,45810-1555,Private      ,2945,692,3637,2945,692,3637
00309000,OHIO STATE UNIVERSITY-ALL CAMPUSES      ,OH,43210-1358,Public       ,30227,14116,44343,30227,14116,44343
00309001,OHIO STATE UNIVERSITY-LIMA              ,OH,45804-0000,Public       ,3,4,7,3,4,7
00309002,OHIO STATE UNIVERSITY-MANSFIELD         ,OH,44906-0000,Public       ,1,5,6,1,5,6
00309003,THE OHIO STATE UNIVERSITY-MARION        ,OH,43302-0000,Public       ,5,7,12,5,7,12
00309004,OHIO STATE UNIVERSITY-NEWARK            ,OH,43055-1797,Public       ,12,6,18,12,6,18
00309005,OHIO STATE UNIVERSITY-ATI/WOOSTER       ,OH,44691-0000,Public       ,2,0,2,2,0,2
00310000,OHIO UNIVERSITY                         ,OH,45701-2979,Public       ,12462,2263,14725,12462,2263,14725
00310002,"OHIO UNIVERSITY, ZANESVILLE CAMPUS      ",OH,43701-0000,Public       ,516,458,974,516,458,974
00310003,"OHIO UNIVERSITY, LANCASTER CAMPUS       ",OH,43130-0000,Public       ,419,385,804,419,385,804
00310004,"OHIO UNIVERSITY, SOUTHERN CAMPUS        ",OH,45638-0000,Public       ,397,544,941,397,544,941
00310005,"OHIO UNIVERSITY, CHILLICOTHE CAMPUS     ",OH,45601-0000,Public       ,302,571,873,302,571,873
00310006,"OHIO UNIVERSITY, EASTERN CAMPUS         ",OH,43950-0000,Public       ,309,118,427,309,118,427
00310008,OHIO UNIV COLL OF OSTEOPATHIC MED       ,OH,45701-0000,Public       ,10,282,292,10,282,292
00310900,OHIO WESLEYAN UNIVERSITY                ,OH,43015-2398,Private      ,2124,58,2182,2124,58,2182
00311000,OTTERBEIN COLLEGE                       ,OH,43081-2006,Private      ,2453,357,2810,2453,357,2810
00311300,PONTIFICAL COLLEGE JOSEPHINUM           ,OH,43235-1498,Private      ,16,3,19,16,3,19
00311401,FIRELANDS REGIONAL MEDICAL CENTER       ,OH,44870-4788,Private      ,41,60,101,41,60,101
00311600,UNIV OF RIO GRANDE                      ,OH,45674-3131,Private      ,942,533,1475,942,533,1475
00311900,SINCLAIR COMMUNITY COLLEGE              ,OH,45402-1460,Public       ,1816,2994,4810,1816,2994,4810
00312100,TIFFIN UNIVERSITY                       ,OH,44883-2161,Private      ,952,382,1334,952,382,1334
00312200,UNITED THEOLOGICAL SEMINARY             ,OH,45406-0000,Private      ,0,68,68,0,68,68
00312300,UNIVERSITY OF AKRON                     ,OH,44325-6211,Public       ,9270,5476,14746,9270,5476,14746
00312500,UNIVERSITY OF CINCINNATI                ,OH,45221-0125,Public       ,10365,6461,16826,10365,6461,16826
00312504,UNIVERSITY OF CINCINNATI - COLLEGE OF ME,OH,45267-0553,Public       ,46,380,426,46,380,426
00312700,UNIVERSITY OF DAYTON                    ,OH,45469-0002,Private      ,6977,1507,8484,6977,1507,8484
00313100,UNIVERSITY OF TOLEDO                    ,OH,43606-3390,Public       ,8215,2621,10836,8215,2621,10836
00313101,UNIVERSITY OF TOLEDO - HEALTH SCIENCE CA,OH,43614-2598,Public       ,51,587,638,51,587,638
00313300,URBANA UNIVERSITY                       ,OH,43078-2091,Private      ,545,191,736,545,191,736
00313400,URSULINE COLLEGE                        ,OH,44124-4398,Private      ,477,444,921,477,444,921
00313500,WALSH UNIVERSITY                        ,OH,44720-3396,Private      ,1555,405,1960,1555,405,1960
00314100,WILBERFORCE UNIVERSITY                  ,OH,45384-1001,Private      ,702,261,963,702,261,963
00314200,WILMINGTON COLLEGE                      ,OH,45177-2499,Private      ,1279,227,1506,1279,227,1506
00314300,WITTENBERG UNIVERSITY                   ,OH,45501-2199,Private      ,2274,87,2361,2274,87,2361
00314400,XAVIER UNIVERSITY                       ,OH,45207-1035,Private      ,3845,1149,4994,3845,1149,4994
00314500,YOUNGSTOWN STATE UNIVERSITY             ,OH,44555-0001,Public       ,4708,2754,7462,4708,2754,7462
00398200,CLEVELAND INSTITUTE OF ART              ,OH,44106-1700,Private      ,577,72,649,577,72,649
00406000,WINEBRENNER THEOLOGICAL SEMINARY        ,OH,45840-0000,Private      ,2,12,14,2,12,14
00485200,CLARK STATE COMMUNITY COLLEGE           ,OH,45505-4795,Public       ,355,847,1202,355,847,1202
00485300,BRADFORD SCHOOL                         ,OH,43219-0000,Proprietary  ,82,36,118,82,36,118
00485500,DAVIS COLLEGE                           ,OH,43623-4307,Proprietary  ,21,106,127,21,106,127
00486100,UNIVERSITY OF NORTHWESTERN OHIO         ,OH,45805-1498,Private      ,1728,347,2075,1728,347,2075
00486600,STAUTZENBERGER COLLEGE                  ,OH,43537-4007,Proprietary  ,57,144,201,57,144,201
00510200,SCH OF DIAGNOSTIC IMAGING-CLEVELAND     ,OH,44119-0000,Private      ,6,10,16,6,10,16
00512700,BROWN MACKIE COLLEGE-CINCINNATI         ,OH,45215-1107,Proprietary  ,58,408,466,58,408,466
00531300,NORTH CENTRAL STATE COLLEGE             ,OH,44901-0000,Public       ,366,607,973,366,607,973
00575300,OWENS STATE COMMUNITY COLLEGE           ,OH,43699-0000,Public       ,1450,2303,3753,1450,2303,3753
00648700,AULTMAN COLLEGE OF NURSING AND HEALTH SC,OH,44710-1799,Private      ,48,89,137,48,89,137
00648900,CHRIST HOSP SCH OF NURSING              ,OH,45219-2989,Private      ,66,144,210,66,144,210
00649400,GOOD SAMARITAN COLG-NURSING/HEALTH      ,OH,45220-2489,Private      ,75,139,214,75,139,214
00649800,MERIDIA HURON SCHOOL OF NURSING         ,OH,44112-4308,Private      ,11,89,100,11,89,100
00650700,TRINIT HEALTH SYSTEM SCH OF NURSING     ,OH,43952-2667,Private      ,32,66,98,32,66,98
00680400,LAKELAND COMMUNITY COLLEGE              ,OH,44094-5198,Public       ,826,1162,1988,826,1162,1988
00686700,COLUMBUS STATE COMMUNITY COLLEGE        ,OH,43215-1786,Public       ,3254,5385,8639,3254,5385,8639
00703500,KETTERING COLLEGE OF MEDICAL ARTS       ,OH,45429-1299,Private      ,269,401,670,269,401,670
00708500,MOUNT VERNON NAZARENE UNIVERSITY        ,OH,43050-9500,Private      ,789,130,919,789,130,919
00708501,MOUNT VERNON NAZARENE UNIV - AGS        ,OH,43050-0000,Private      ,32,253,285,32,253,285
00727500,EASTERN GATEWAY COMMUNITY COLLEGE       ,OH,43952-3598,Public       ,209,266,475,209,266,475
00747300,CHOFFIN CAREER & TECHNICAL CENTER       ,OH,44503-1628,Public       ,21,60,81,21,60,81
00759800,HOCKING TECHNICAL COLLEGE               ,OH,45764-9582,Public       ,1297,996,2293,1297,996,2293
00777700,REMINGTON COLLEGE - CLEVELAND CAMPUS    ,OH,44125-1957,Proprietary  ,45,374,419,45,374,419
00777704,REMINGTON COLLEGE-CLEVELAND WEST CAMPUS ,OH,44070-3129,Proprietary  ,23,169,192,23,169,192
00812900,ADULT AND COMMUNITY EDUCATION @ HUDSON  ,OH,43211-2017,Public       ,14,82,96,14,82,96
00813200,TOLEDO SCHOOL OF PRACTICAL NURSING      ,OH,43613-5110,Public       ,19,80,99,19,80,99
00813300,ZANE STATE COLLEGE                      ,OH,43701-2626,Public       ,246,351,597,246,351,597
00819400,AKRON SCHOOL OF PRACTICAL NRSG          ,OH,44311-0000,Public       ,23,38,61,23,38,61
00827800,TERRA COMMUNITY COLLEGE                 ,OH,43420-9670,Public       ,181,297,478,181,297,478
00867700,NORTHWEST STATE COMMUNITY COLLEGE       ,OH,43502-9542,Public       ,275,374,649,275,374,649
00888600,PORTAGE LAKES CAREER CENTER             ,OH,44232-0000,Public       ,7,19,26,7,19,26
00908800,ITT TECHNICAL INSTITUTE                 ,OH,45414-3456,Proprietary  ,74,109,183,74,109,183
00915600,WAYNE COUNTY SCHOOLS CAREER CENTER      ,OH,44677-9672,Public       ,9,74,83,9,74,83
00917200,SPRINGFIELD REGIONAL SCHOOL OF NURSING  ,OH,45501-0000,Private      ,32,64,96,32,64,96
00941200,NATIONAL INSTITUTE OF TECHNOLOGY        ,OH,44221-2998,Proprietary  ,32,79,111,32,79,111
00945101,BROWN MACKIE COLLEGE-NORTH CANTON       ,OH,44720-0000,Proprietary  ,19,281,300,19,281,300
00953000,GERBER AKRON BEAUTY SCHOOL              ,OH,44333-3714,Proprietary  ,3,4,7,3,4,7
00953100,SPA SCHOOL (THE)                        ,OH,43214-1524,Proprietary  ,2,8,10,2,8,10
00965800,RIGGS LEMAR BEAUTY COLLEGE              ,OH,44221-1114,Proprietary  ,7,7,14,7,7,14
00966000,TIFFIN ACADEMY OF HAIR DESIGN           ,OH,44883-2833,Proprietary  ,8,13,21,8,13,21
00983700,ITT TECHNICAL INSTITUTE                 ,OH,44509-4098,Proprietary  ,122,182,304,122,182,304
00994100,BELMONT TECHNICAL COLLEGE               ,OH,43950-9766,Public       ,295,315,610,295,315,610
00994200,SHAWNEE STATE UNIVERSITY                ,OH,45662-4344,Public       ,1648,597,2245,1648,597,2245
01001700,PAYNE THEOLOGICAL SEMINARY              ,OH,45384-0474,Private      ,0,24,24,0,24,24
01002700,JAMES A. RHODES STATE COLLEGE           ,OH,45804-3597,Public       ,516,688,1204,516,688,1204
01016800,NATIONWIDE BEAUTY ACADEMY               ,OH,43228-1000,Proprietary  ,50,92,142,50,92,142
01028000,OHIO STATE BEAUTY ACADEMY               ,OH,45801-4950,Proprietary  ,22,22,44,22,22,44
01032300,HANNAH E MULLINS SCH-PRAC NRSG          ,OH,44460-2906,Public       ,2,29,31,2,29,31
01034500,CINCINNATI STATE TECH & COMM CLG        ,OH,45223-2690,Public       ,1356,2437,3793,1356,2437,3793
01045300,WASHINGTON STATE CMTY COLLEGE           ,OH,45750-9225,Public       ,351,399,750,351,399,750
01063000,NORTHERN INSTITUTE OF COSMETOLOGY       ,OH,44052-1803,Proprietary  ,4,10,14,4,10,14
01073600,MARION TECHNICAL COLLEGE                ,OH,43302-5694,Public       ,216,381,597,216,381,597
01088000,CHATFIELD COLLEGE                       ,OH,45118-9705,Private      ,11,16,27,11,16,27
01088100,STARK STATE COLLEGE OF TECHNOLOGY       ,OH,44720-7299,Public       ,726,1318,2044,726,1318,2044
01090600,CINCINNATI CLG OF MORTUARY SCIENCE      ,OH,45224-1428,Private      ,40,56,96,40,56,96
01092300,UNION INSTITUTE & UNIVERSITY            ,OH,45206-1925,Private      ,12,515,527,12,515,527
01096200,MOORE UNIV OF HAIR DESIGN               ,OH,45213-0000,Proprietary  ,1,3,4,1,3,4
01099300,HOBART INSTITUTE OF WELDING TECHNOLOGY  ,OH,45373-2400,Private      ,59,19,78,59,19,78
01100500,KAPLAN COLLEGE                          ,OH,43232-4827,Proprietary  ,30,163,193,30,163,193
01104600,CENTRAL OHIO TECHNICAL COLLEGE          ,OH,43055-1767,Public       ,620,1573,2193,620,1573,2193
01170300,PENTA COUNTY JOINT VOCATIONAL SCH       ,OH,43551-0000,Public       ,3,18,21,3,18,21
01174400,NATIONAL BEAUTY COLLEGE                 ,OH,44720-0000,Proprietary  ,12,19,31,12,19,31
01174500,OHIO TECHNICAL COLLEGE                  ,OH,44103-1228,Proprietary  ,328,93,421,328,93,421
01182500,OHIO STATE SCHOOL OF COSMETOLOGY        ,OH,43224-1107,Proprietary  ,17,23,40,17,23,40
01212800,SOUTHWESTERN COLLEGE                    ,OH,45402-3003,Proprietary  ,12,106,118,12,106,118
01212802,SOUTHWESTERN COLLEGE                    ,OH,45005-2267,Proprietary  ,7,50,57,7,50,57
01212803,SOUTHWESTERN COLLEGE                    ,OH,45202-4304,Proprietary  ,2,16,18,2,16,18
01212804,SOUTHWESTERN COLLEGE                    ,OH,45246-3121,Proprietary  ,10,146,156,10,146,156
01216600,CAROUSEL BEAUTY COLLEGE                 ,OH,45402-8935,Proprietary  ,12,16,28,12,16,28
01224800,CENTRAL SCHOOL OF PRACTICAL NURSING     ,OH,44103-4371,Private      ,12,73,85,12,73,85
01267200,CAROUSEL BEAUTY COLLEGE                 ,OH,45044-5113,Proprietary  ,2,1,3,2,1,3
01267400,CAROUSEL OF MIAMI VALLEY BEAUTY CLG     ,OH,45424-2063,Proprietary  ,8,10,18,8,10,18
01275000,EDISON COMMUNITY COLLEGE                ,OH,45356-9239,Public       ,272,606,878,272,606,878
01283800,LAURA AND ALVIN SIEGAL COLLEGE OF JUDAIC,OH,44122-7197,Private      ,0,1,1,0,1,1
01284800,MOLER-HOLLYWOOD BEAUTY COLLEGE          ,OH,45202-2577,Proprietary  ,6,13,19,6,13,19
01287000,SOUTHERN STATE COMMUNITY COLLEGE        ,OH,45133-9406,Public       ,351,599,950,351,599,950
01289100,ANTONELLI COLLEGE                       ,OH,45202-2592,Proprietary  ,63,242,305,63,242,305
01289600,VIRGINIA MARTI COLLEGE OF ART AND DESIGN,OH,44107-0778,Proprietary  ,47,38,85,47,38,85
01313200,INTERNATIONAL CLG OF BROADCASTING       ,OH,45431-1898,Proprietary  ,11,25,36,11,25,36
02052000,OHIO INST OF PHOTOGRAPHY & TECHNOLOGY   ,OH,45439-1984,Proprietary  ,86,172,258,86,172,258
02054300,TRUMBULL BUSINESS COLLEGE               ,OH,44484-0000,Proprietary  ,13,96,109,13,96,109
02056800,DAYMAR COLLEGE                          ,OH,45601-1038,Proprietary  ,4,38,42,4,38,42
02056802,DAYMAR COLLEGE - LANCASTER              ,OH,43130-0000,Proprietary  ,1,1,2,1,1,2
02056803,DAYMAR COLLEGE - NEW BOSTON             ,OH,45662-4900,Proprietary  ,0,5,5,0,5,5
02056804,DAYMAR COLLEGE - JACKSON                ,OH,45640-1728,Proprietary  ,0,6,6,0,6,6
02066100,OHIO STATE COLLEGE/BARBER STYLING       ,OH,43213-0000,Proprietary  ,12,27,39,12,27,39
02069500,AKRON INSTITUTE                         ,OH,44306-0000,Proprietary  ,25,148,173,25,148,173
02073300,GALLIA-JACKSON-VINTON SCH ADULT ED      ,OH,45674-0000,Public       ,12,65,77,12,65,77
02077800,CENTURY SCHOOL OF COSMETOLOGY           ,OH,43952-0000,Proprietary  ,1,2,3,1,2,3
02110700,CLEVELAND INST OF DENTAL-MED ASST       ,OH,44115-2285,Proprietary  ,12,65,77,12,65,77
02116009,SANFORD-BROWN COLLEGE - MIDDLEBURG HEIGH,OH,44130-8362,Proprietary  ,7,41,48,7,41,48
02116900,UPPER VALLEY JVS                        ,OH,45356-0000,Public       ,8,81,89,8,81,89
02117300,GREAT OAKS INSTITUTE OF TECHNOLOGY      ,OH,45241-1581,Public       ,29,304,333,29,304,333
02128600,THE ART INSTITUTE OF CINCINNATI         ,OH,45246-0000,Proprietary  ,64,11,75,64,11,75
02140700,COMMUNITY EDUCATIONAL SERVICES          ,OH,44702-1710,Public       ,5,65,70,5,65,70
02152100,ACADEMY OF COURT REPORTING AND TECHNOLOG,OH,44115-0000,Proprietary  ,8,36,44,8,36,44
02158500,OHIO BUSINESS COLLEGE                   ,OH,44055-3344,Proprietary  ,4,7,11,4,7,11
02158501,OHIO BUSINESS COLLEGE                   ,OH,44870-9953,Proprietary  ,8,4,12,8,4,12
02163900,BEATRICE ACADEMY OF BEAUTY              ,OH,44106-0000,Proprietary  ,6,18,24,6,18,24
02168100,TRI-COUNTY JOINT VOCATIONAL SCHOOL      ,OH,45764-0000,Public       ,1,3,4,1,3,4
02187900,ASHTABULA CO JOINT VOC SCH ADULT ED     ,OH,44047-0000,Public       ,2,29,31,2,29,31
02189000,ADULT CENTER FOR EDUCATION              ,OH,43701-0000,Public       ,4,31,35,4,31,35
02190700,RETS TECH CENTER                        ,OH,45459-0000,Proprietary  ,35,320,355,35,320,355
02192100,BUTLER TECHNOLOGY AND CAREER DEVELOPMENT,OH,45011-0000,Public       ,17,68,85,17,68,85
02196300,COLLINS CAREER CENTER                   ,OH,45619-0000,Public       ,26,146,172,26,146,172
02210800,MEDINA COUNTY CAREER CENTER             ,OH,44256-0000,Public       ,2,15,17,2,15,17
02215400,OHIO STATE SCHOOL OF COSMETOLOGY        ,OH,43207-0000,Proprietary  ,26,34,60,26,34,60
02220500,GOD'S BIBLE SCHOOL & COLLEGE            ,OH,45210-0000,Private      ,40,4,44,40,4,44
02220800,CAREER & TECHNOLOGY EDUCATION CENTERS OF,OH,43055-0000,Public       ,6,26,32,6,26,32
02239800,PIONEER CAREER & TECHNOLOGY CENTER      ,OH,44875-0000,Public       ,1,1,2,1,1,2
02245600,WARREN COUNTY CAREER CENTER             ,OH,45036-0000,Public       ,3,8,11,3,8,11
02246300,INSTITUTE OF MEDICAL-DENTAL TECH        ,OH,45246-3317,Proprietary  ,5,21,26,5,21,26
02261400,COLLEGE OF ART ADVERTISING              ,OH,45211-0000,Proprietary  ,3,4,7,3,4,7
02263700,MIAMI VALLEY CAREER TECHNOLOGY CTR      ,OH,45315-0000,Public       ,20,98,118,20,98,118
02269400,EASTERN HILLS ACAD OF HAIR DESIGN       ,OH,45255-0000,Proprietary  ,0,9,9,0,9,9
02269500,WESTERN HILLS SCHOOL OF BEAUTY & HAIR DE,OH,45211-0000,Proprietary  ,5,45,50,5,45,50
02270100,OHIO HI-POINT CAREER CENTER             ,OH,43311-0000,Public       ,5,44,49,5,44,49
02272700,COLUMBIANA COUNTY CAREER CENTER         ,OH,44432-0000,Public       ,3,34,37,3,34,37
02287900,RAPHAEL'S SCHOOL OF BEAUTY CULTURE      ,OH,44446-0000,Proprietary  ,4,13,17,4,13,17
02301400,OHIO VALLEY COLLEGE OF TECHNOLOGY       ,OH,43920-0000,Proprietary  ,10,36,46,10,36,46
02303600,BOHECKER'S BUSINESS COLLEGE             ,OH,44266-0000,Proprietary  ,53,152,205,53,152,205
02304700,TRI-RIVERS CAREER CENTER                ,OH,43302-0000,Public       ,11,35,46,11,35,46
02311200,AMERICAN SCHOOL OF TECHNOLOGY           ,OH,43229-0000,Proprietary  ,5,39,44,5,39,44
02315500,TOLEDO ACADEMY OF BEAUTY CULTURE - EAST ,OH,43616-0000,Proprietary  ,4,16,20,4,16,20
02328500,MOLER-PICKENS BEAUTY COLLEGE            ,OH,45014-0000,Proprietary  ,1,2,3,1,2,3
02334300,INTERNATIONAL ACAD OF HAIR DESIGN       ,OH,45239-0000,Proprietary  ,15,7,22,15,7,22
02336300,KNOX COUNTY CAREER CENTER               ,OH,43050-4298,Public       ,12,92,104,12,92,104
02336700,CUYAHOGA VALLEY CAREER CENTER           ,OH,44141-1296,Public       ,8,57,65,8,57,65
02337700,PROFESSIONAL SKILLS INSTITUTE           ,OH,43607-0000,Proprietary  ,22,220,242,22,220,242
02345600,AKRON MACHINING INSTITUTE               ,OH,44203-0000,Private      ,1,1,2,1,1,2
02351500,WILLOUGHBY EASTLAKE SCH OF PRAC NSG     ,OH,44094-0000,Public       ,6,36,42,6,36,42
02352800,POLARIS CAREER CENTER-ADULT ED DEPT     ,OH,44130-0000,Public       ,3,11,14,3,11,14
02354200,SCIOTO COUNTY JOINT VOCATIONAL SCH      ,OH,45648-0000,Public       ,13,58,71,13,58,71
02454400,NORTHEASTERN OHIO UNIVS COL OF MED      ,OH,44272-0000,Public       ,35,243,278,35,243,278
02497800,GREENE COUNTY CAREER CENTER             ,OH,45385-0000,Public       ,4,20,24,4,20,24
02512600,ADULT VOCATIONAL SERVICES               ,OH,44308-0000,Public       ,1,4,5,1,4,5
02519300,OHIO STATE SCH COSMETOLOGY              ,OH,43068-0000,Proprietary  ,0,3,3,0,3,3
02522700,EASTLAND-FAIRFIELD CAREER AND TECHNICAL ,OH,43125-0000,Public       ,8,50,58,8,50,58
02528300,TDDS TECHNICAL INSTITUTE                ,OH,44429-0000,Proprietary  ,2,30,32,2,30,32
02529500,HAMRICK SCHOOL                          ,OH,44256-0000,Proprietary  ,1,4,5,1,4,5
02541400,TOLEDO ACADEMY OF BEAUTY CULTURE-SO     ,OH,43614-0000,Proprietary  ,3,10,13,3,10,13
02545800,INNER STATE BEAUTY SCHOOLS              ,OH,44124-0000,Proprietary  ,4,26,30,4,26,30
02553000,SCHOOL OF ADVERTISING ART               ,OH,45440-0000,Proprietary  ,55,2,57,55,2,57
02560000,CASAL AVEDA INSTITUTE                   ,OH,44515-0000,Proprietary  ,16,7,23,16,7,23
02560700,PICKAWAY ROSS CO JOINT VOC TECH SCH     ,OH,45601-0000,Public       ,14,59,73,14,59,73
02562300,APOLLO CAREER CENTER-ADULT EDUC         ,OH,45806-0000,Public       ,17,89,106,17,89,106
02563000,RAPHAELS SCHOOL OF BEAUTY CULTURE       ,OH,44601-2847,Proprietary  ,4,4,8,4,4,8
02568600,MAHONING COUNTY CAREER & TECH CENTR     ,OH,44406-0000,Public       ,3,11,14,3,11,14
02582900,KAPLAN CAREER INSTITUTE                 ,OH,44129-6810,Proprietary  ,13,115,128,13,115,128
02586400,TRUMBULL CAREER & TECH CENTER-ADULT     ,OH,44483-1997,Public       ,8,41,49,8,41,49
02588500,OHIO STATE SCHOOL OF COSMETOLOGY        ,OH,43081-0000,Proprietary  ,7,2,9,7,2,9
02599711,VATTEROTT COLLEGE - CLEVELAND           ,OH,44147-3502,Proprietary  ,5,30,35,5,30,35
02603800,LORAIN COUNTY JVS ADULT CAREER CTR      ,OH,44074-9799,Public       ,2,17,19,2,17,19
02614700,SPRINGFIELD CLARK CO JOINT VOC SCH      ,OH,45505-4295,Public       ,2,17,19,2,17,19
02616200,BROWN MACKIE COLLEGE-FINDLAY            ,OH,45840-6848,Proprietary  ,14,59,73,14,59,73
02620000,SANDUSKY CAREER CENTER                  ,OH,44870-4786,Public       ,3,37,40,3,37,40
03007900,GALLIPOLIS CAREER COLLEGE               ,OH,45631-2600,Proprietary  ,2,62,64,2,62,64
03015100,ALLIANCE HIGH SCH-CMTY SERVICES DIV     ,OH,44601-2899,Public       ,3,12,15,3,12,15
03015300,EHOVE CAREER CENTER                     ,OH,44846-9500,Public       ,16,116,132,16,116,132
03023700,MADISON ADULT CAREER CENTER             ,OH,44905-2718,Public       ,0,8,8,0,8,8
03024300,VALLEY BEAUTY SCHOOL                    ,OH,43725-2332,Proprietary  ,3,3,6,3,3,6
03027100,FAIRVIEW ACADEMY                        ,OH,44126-2214,Proprietary  ,2,4,6,2,4,6
03034200,WASHINGTON COUNTY CAREER CENTER ADULT TE,OH,45750-9290,Public       ,7,18,25,7,18,25
03051400,AUBURN CAREER CENTER                    ,OH,44077-9723,Public       ,12,13,25,12,13,25
03051500,US GRANT JOINT VOCATIONAL SCHOOL        ,OH,45106-9502,Public       ,0,8,8,0,8,8
03065800,OHIO INSTITUTE OF HEALTH CAREERS        ,OH,44035-2394,Proprietary  ,8,30,38,8,30,38
03065900,BUCKEYE CAREER CENTER                   ,OH,44663-9437,Public       ,13,71,84,13,71,84
03067600,RAPHAEL'S SCHOOL OF BEAUTY CULTURE      ,OH,44512-2222,Proprietary  ,1,4,5,1,4,5
03068200,OHIO CENTER FOR BROADCASTING            ,OH,44125-4220,Proprietary  ,12,29,41,12,29,41
03071900,MOUNT CARMEL COLLEGE OF NURSING         ,OH,43222-1598,Private      ,330,235,565,330,235,565
03078000,OHIO CENTER FOR BROADCASTING            ,OH,45227-1509,Proprietary  ,7,10,17,7,10,17
03079000,ETI TECHNICAL COLLEGE                   ,OH,44446-4398,Proprietary  ,19,44,63,19,44,63
03084800,DELAWARE AREA CAREER CENTER             ,OH,43015-8969,Public       ,1,8,9,1,8,9
03084801,DELAWARE AREA CAREER CENTER -           ,OH,43015-9001,Public       ,3,7,10,3,7,10
03095600,VANTAGE CAREER CENTER                   ,OH,45891-1378,Public       ,4,31,35,4,31,35
03097000,MERCY COLLEGE OF NORTHWEST OHIO         ,OH,43604-1132,Private      ,151,219,370,151,219,370
03100100,PARAMOUNT BEAUTY ACADEMY                ,OH,45662-4136,Proprietary  ,3,4,7,3,4,7
03105400,CLEVELAND EXTENSION HIGH SCH-WEST       ,OH,44102-2298,Public       ,2,39,41,2,39,41
03116200,DAYTON BARBER COLLEGE                   ,OH,45402-2310,Proprietary  ,1,18,19,1,18,19
03116300,OHIO COLLEGE OF MASSOTHERAPY            ,OH,44321-1363,Private      ,22,39,61,22,39,61
03116400,VANGUARD-SENTINELL VOC SCH DISTRICT     ,OH,43420-1197,Public       ,0,4,4,0,4,4
03117000,ASHLAND COUNTY-W HOLMES CAREER CTR      ,OH,44805-0000,Public       ,3,12,15,3,12,15
03200500,YOUNGSTOWN COLLEGE OF MASSOTHERAPY      ,OH,44471-2321,Proprietary  ,4,6,10,4,6,10
03319300,CREATIVE IMAGES-A CERTIFIED MATRIX      ,OH,45414-2557,Proprietary  ,6,10,16,6,10,16
03319301,CREATIVE IMAGES-A CERTIFIED MATRIX      ,OH,45459-0000,Proprietary  ,8,12,20,8,12,20
03416400,VALLEY BEAUTY SCHOOL                    ,OH,43701-3624,Proprietary  ,1,1,2,1,1,2
03425300,ROSEDALE BIBLE COLLEGE                  ,OH,43029-9517,Private      ,17,1,18,17,1,18
03457300,ALLEGHENY WESLEYAN COLLEGE              ,OH,44460-9598,Private      ,6,0,6,6,0,6
03468400,NATIONAL INSTITUTE OF MASSOTHERAPY      ,OH,44319-2100,Proprietary  ,7,32,39,7,32,39
03468500,ATS INSTITUTE OF TECHNOLOGY             ,OH,44143-2216,Proprietary  ,4,60,64,4,60,64
03475400,TRI-STATE BIBLE COLLEGE                 ,OH,45680-8402,Private      ,3,5,8,3,5,8
03534400,AMERICAN INST OF ALTERNATIVE MEDICI     ,OH,43229-1113,Proprietary  ,11,33,44,11,33,44
03578300,TRI-STATE COLLEGE                       ,OH,44452-8535,Proprietary  ,1,11,12,1,11,12
03586400,MED CENTRAL COLLEGE OF NURSING          ,OH,44903-2265,Private      ,172,155,327,172,155,327
03626300,BROWN AVEDA INSTITUTE                   ,OH,44060-6212,Proprietary  ,19,7,26,19,7,26
03659300,COMPUTER QUEST LTD.                     ,OH,44130-3034,Proprietary  ,1,4,5,1,4,5
03693300,CARNEGIE INST OF INTEGRATIVE MED/MASSOTH,OH,44260-9608,Private      ,2,4,6,2,4,6
03700300,REGENCY BEAUTY INSTITUTE - CLEVELAND    ,OH,44094-0000,Proprietary  ,7,29,36,7,29,36
03726300,TEMPLE BAPTIST COLLEGE                  ,OH,45240-0000,Private      ,4,4,8,4,4,8
03744300,EDUTEK COLLEGE                          ,OH,44224-0000,Private      ,1,11,12,1,11,12
03747300,BEXLEY HALL SEMINARY                    ,OH,43209-2325,Private      ,0,4,4,0,4,4
03776400,HEALING ARTS INSTITUTE                  ,OH,43551-3138,Proprietary  ,3,18,21,3,18,21
03837300,AVEDA FREDRIC'S INSTITUTE               ,OH,45208-1304,Proprietary  ,6,3,9,6,3,9
03882300,OREGON CAREER CENTER                    ,OH,43616-2631,Public       ,1,0,1,1,0,1
        ,INVALID SCHOOL CODE                     ,  ,00000-0000,,9725,5604,15329,9725,5604,15329
00134500,ADAMS STATE COLLEGE                     ,CO,81102-2373,Public       ,984,420,1404,984,420,1404
00134600,ARAPAHOE COMMUNITY COLLEGE              ,CO,80160-9002,Public       ,327,802,1129,327,802,1129
00134700,COLORADO COLLEGE                        ,CO,80903-3294,Private      ,2081,147,2228,2081,147,2228
00134800,COLORADO SCHOOL OF MINES                ,CO,80401-1887,Public       ,2414,265,2679,2414,265,2679
00134900,UNIVERSITY OF NORTHERN COLORADO         ,CO,80639-0001,Public       ,6351,1789,8140,6351,1789,8140
00135000,COLORADO STATE UNIVERSITY               ,CO,80523-0100,Public       ,9750,3061,12811,9750,3061,12811
00135200,DENVER  SEMINARY                        ,CO,80120-2192,Private      ,5,296,301,5,296,301
00135300,FORT LEWIS COLLEGE                      ,CO,81301-3999,Public       ,1803,494,2297,1803,494,2297
00135400,ILIFF SCHOOL OF THEOLOGY                ,CO,80210-0000,Private      ,0,91,91,0,91,91
00135500,LAMAR COMMUNITY COLLEGE                 ,CO,81052-3999,Public       ,140,66,206,140,66,206
00135800,MESA STATE COLLEGE                      ,CO,81501-7682,Public       ,1663,831,2494,1663,831,2494
00135900,COLORADO NORTHWESTERN COMMUNITY COLLEGE ,CO,81648-3598,Public       ,81,64,145,81,64,145
00136000,METROPOLITAN STATE CLG OF DENVER        ,CO,80204-0000,Public       ,3061,4058,7119,3061,4058,7119
00136100,NORTHEASTERN JUNIOR COLLEGE             ,CO,80751-2399,Public       ,427,111,538,427,111,538
00136200,OTERO JUNIOR COLLEGE                    ,CO,81050-3346,Public       ,147,82,229,147,82,229
00136300,REGIS UNIVERSITY                        ,CO,80221-1099,Private      ,1527,3080,4607,1527,3080,4607
00136500,COLORADO STATE UNIVERSITY-PUEBLO        ,CO,81001-4901,Public       ,1339,790,2129,1339,790,2129
00136800,TRINIDAD STATE JR COLLEGE               ,CO,81082-2396,Public       ,181,147,328,181,147,328
00137000,UNIVERSITY OF COLORADO-BOULDER          ,CO,80309-0077,Public       ,10149,3715,13864,10149,3715,13864
00137100,UNIVERSITY OF DENVER                    ,CO,80208-2000,Private      ,3417,4076,7493,3417,4076,7493
00137200,WESTERN STATE COLLEGE                   ,CO,81231-0000,Public       ,968,162,1130,968,162,1130
00163202,AQUINAS INSTITUTE OF THEOLOGY - AQUINAS ,CO,80903-1498,Private      ,0,3,3,0,3,3
00405702,NATIONAL AMERICAN UNIVERSITY            ,CO,80918-0000,Proprietary  ,5,39,44,5,39,44
00405703,NATIONAL AMERICAN UNIVERSITY            ,CO,80222-0000,Proprietary  ,4,18,22,4,18,22
00450300,EVEREST COLLEGE                         ,CO,80916-3548,Proprietary  ,13,52,65,13,52,65
00450600,COLORADO MOUNTAIN COLLEGE               ,CO,81602-0000,Public       ,374,200,574,374,200,574
00450700,EVEREST COLLEGE                         ,CO,80229-4339,Proprietary  ,65,397,462,65,397,462
00450701,"EVEREST COLLEGE- EVEREST COLLEGE, AURORA",CO,80012-5692,Proprietary  ,13,16,29,13,16,29
00450800,UNIVERSITY OF COLORADO DENVER           ,CO,80204-2029,Public       ,379,1888,2267,379,1888,2267
00450824,UNIVERSITY OF COLORADO DENVER - AURARIA ,CO,80217-3364,Public       ,2129,3152,5281,2129,3152,5281
00450900,UNIV OF COLORADO AT COLO SPRINGS        ,CO,80918-3735,Public       ,2629,1686,4315,2629,1686,4315
00559600,EMILY GRIFFITH OPPORTUNITY SCH          ,CO,80204-2197,Public       ,45,200,245,45,200,245
00729700,REDSTONE COLLEGE                        ,CO,80020-9988,Proprietary  ,54,64,118,54,64,118
00754700,LINCOLN COLLEGE OF TECHNOLOGY           ,CO,80223-2013,Proprietary  ,163,92,255,163,92,255
00754800,WESTWOOD COLLEGE - DENVER NORTH         ,CO,80221-3653,Proprietary  ,289,1031,1320,289,1031,1320
00754801,WESTWOOD COLLEGE - DENVER SOUTH         ,CO,80227-3653,Proprietary  ,62,149,211,62,149,211
00758200,AIMS COMMUNITY COLLEGE                  ,CO,80632-0000,Public       ,525,684,1209,525,684,1209
00764900,ROCKY MOUNTAIN COLG OF ART & DESIGN     ,CO,80214-0000,Proprietary  ,345,93,438,345,93,438
00793300,FRONT RANGE COMMUNITY COLLEGE           ,CO,80031-2199,Public       ,1214,2132,3346,1214,2132,3346
00793301,FRONT RANGE COMM COLL/LARIMER CAMP      ,CO,80526-0000,Public       ,6,12,18,6,12,18
00863500,INTELLITEC MEDICAL INSTITUTE            ,CO,80909-1570,Proprietary  ,5,9,14,5,9,14
00887100,CONCORDE CAREER INSTITUTE               ,CO,80203-0000,Proprietary  ,17,82,99,17,82,99
00889600,PIKES PEAK COMMUNITY COLLEGE            ,CO,80906-5498,Public       ,733,1428,2161,733,1428,2161
00940100,COLORADO CHRISTIAN UNIVERSITY           ,CO,80226-7449,Private      ,757,409,1166,757,409,1166
00954200,COMMUNITY COLLEGE OF DENVER             ,CO,80217-2026,Public       ,654,1679,2333,654,1679,2333
00954300,RED ROCKS COMMUNITY COLLEGE             ,CO,80228-1255,Public       ,436,633,1069,436,633,1069
00985500,YESHIVA TORAS CHAIM TALMUDICAL SEM      ,CO,80204-0067,Private      ,1,1,2,1,1,2
00998100,MORGAN COMMUNITY COLLEGE                ,CO,80701-4399,Public       ,78,176,254,78,176,254
01014800,COLORADO TECHNICAL UNIVERSITY           ,CO,80907-3896,Proprietary  ,94,978,1072,94,978,1072
01014802,COLORADO TECHNICAL UNIV - DENVER        ,CO,80111-3201,Proprietary  ,20,150,170,20,150,170
01014805,COLORADO TECH UNIV - ON LINE            ,CO,80907-0000,Proprietary  ,131,2602,2733,131,2602,2733
01014806,COLORADO TECH UNIV - FED EXPRESS        ,CO,80921-3800,Proprietary  ,3,9,12,3,9,12
01014807,COLORADO TECH UNIV - MCI WORLD COM      ,CO,80919-3172,Proprietary  ,1,5,6,1,5,6
01014808,COLORADO TECH UNIV - USAA               ,CO,80920-1005,Proprietary  ,1,2,3,1,2,3
01014811,COLORADO TECH UNIV-HEWLETT PACKARD      ,CO,80919-2303,Proprietary  ,0,2,2,0,2,2
01014812,COLORADO TECHNICAL UNIVERSITY - WESTMINS,CO,80021-3498,Proprietary  ,20,93,113,20,93,113
01014813,COLORADO TECH UNIV - ORACLE             ,CO,80921-3660,Proprietary  ,0,2,2,0,2,2
01014815,COLORADO TECHNCL UNIV PUEBLO            ,CO,81003-2315,Proprietary  ,13,14,27,13,14,27
01070900,EMPIRE BEAUTY SCHOOL-LAKEWOOD           ,CO,80215-0000,Proprietary  ,0,3,3,0,3,3
01073200,SAN JUAN BASINTECHNICAL COLLEGE         ,CO,81328-9196,Public       ,9,11,20,9,11,20
01157200,COLORADO SCHOOL OF TRADES               ,CO,80215-2996,Proprietary  ,22,45,67,22,45,67
01267000,BEL-REA INST OF ANIMAL TECH             ,CO,80247-3048,Proprietary  ,95,160,255,95,160,255
01285000,INTERNATIONAL SALON AND SPA ACADEMY     ,CO,80918-3684,Proprietary  ,3,8,11,3,8,11
01287500,PICKENS TECHNICAL COLLEGE               ,CO,80011-9307,Public       ,34,62,96,34,62,96
01300700,NAZARENE BIBLE COLLEGE                  ,CO,80910-3717,Private      ,14,138,152,14,138,152
02059400,INTERNATIONAL BEAUTY ACADEMY            ,CO,80918-3684,Proprietary  ,5,7,12,5,7,12
02072200,EMPIRE BEAUTY SCHOOL -ARVADA            ,CO,80212-0000,Proprietary  ,2,6,8,2,6,8
02078900,ART INSTITUTE OF COLORADO (THE)         ,CO,80203-2983,Proprietary  ,1115,969,2084,1115,969,2084
02116300,PUEBLO COMMUNITY COLLEGE                ,CO,81004-0000,Public       ,323,956,1279,323,956,1279
02117500,NAROPA UNIVERSITY                       ,CO,80302-0000,Private      ,164,701,865,164,701,865
02133100,COLORADO CENTER FOR MEDICAL LABORATORY S,CO,80218-0000,Private      ,1,10,11,1,10,11
02141100,ARTISTIC BEAUTY COLGS-WESTMINSTER       ,CO,80030-0000,Proprietary  ,1,0,1,1,0,1
02141102,ARTISTIC BEAUTY COLLEGES-LITTLETON      ,CO,80123-3480,Proprietary  ,2,1,3,2,1,3
02141103,ARTISTIC BEAUTY COLLEGES-AURORA         ,CO,80017-3194,Proprietary  ,1,3,4,1,3,4
02156200,DELTA - MONTROSE TECHNICAL COLLEGE      ,CO,81416-0000,Public       ,17,18,35,17,18,35
02160600,EMPIRE BEAUTY SCHOOL -THORNTON          ,CO,80241-1659,Proprietary  ,0,2,2,0,2,2
02165200,SALON PROFESSIONAL ACADEMY (THE)        ,CO,81504-5309,Proprietary  ,2,0,2,2,0,2
02167600,KAPLAN COLLEGE                          ,CO,80229-5309,Proprietary  ,11,26,37,11,26,37
02171300,TRINIDAD STATE JUNIOR COLLEGE           ,CO,81101-0000,Proprietary  ,1,2,3,1,2,3
02188700,DENVER ACAD OF COURT REPORTING          ,CO,80030-0000,Proprietary  ,2,4,6,2,4,6
02211901,CHEEKS INTERNATIONAL ACADEMY OF BEAUTY C,CO,80525-3053,Proprietary  ,1,4,5,1,4,5
02211902,CHEEKS INTERNATIONAL ACDMY BTY CULT     ,CO,80631-0000,Proprietary  ,1,4,5,1,4,5
02253700,INTELLITEC COLLEGE                      ,CO,80909-0000,Proprietary  ,4,15,19,4,15,19
02267500,GLENWOOD BEAUTY ACADEMY                 ,CO,81601-0000,Proprietary  ,3,1,4,3,1,4
02276900,COMMUNITY COLLEGE OF AURORA             ,CO,80011-9036,Public       ,262,620,882,262,620,882
02321700,ITT TECHNICAL INSTITUTE                 ,CO,80229-5338,Proprietary  ,31,28,59,31,28,59
02518500,HAIR DYNAMICS EDUCATION CENTER          ,CO,80525-0000,Proprietary  ,5,14,19,5,14,19
02594300,COLLEGE AMERICA - DENVER                ,CO,80222-3380,Proprietary  ,14,95,109,14,95,109
02611000,HERITAGE COLLEGE                        ,CO,80212-7413,Proprietary  ,27,106,133,27,106,133
03006300,INST OF BUSINESS & MEDICAL CAREERS      ,CO,80525-3044,Proprietary  ,25,156,181,25,156,181
03012100,REMINGTON COLLEGE - COLORADO SPRINGS CAM,CO,80215-0000,Proprietary  ,21,160,181,21,160,181
03013100,BOULDER COLLEGE OF MASSAGE THERAPY      ,CO,80301-3295,Private      ,21,37,58,21,37,58
03014900,PLATT COLLEGE                           ,CO,80014-3141,Proprietary  ,11,32,43,11,32,43
03027400,XENON INTERNATIONAL ACADEMY III         ,CO,80014-1193,Proprietary  ,5,9,14,5,9,14
03030606,UTAH COLLEGE OF MASSAGE THERAPY - DENVER,CO,80031-2921,Proprietary  ,12,32,44,12,32,44
03030607,UTAH COLLEGE OF MASSAGE THERAPY - DENVER,CO,80012-2523,Proprietary  ,5,9,14,5,9,14
03031603,DPT BUSINESS SCHOOL                     ,CO,80223-0000,Proprietary  ,1,2,3,1,2,3
03066900,INTELLITEC COLLEGE                      ,CO,81506-3994,Proprietary  ,3,6,9,3,6,9
03068201,OHIO CENTER FOR BROADCASTING - COLORADO ,CO,80214-4129,Proprietary  ,5,12,17,5,12,17
03289300,COLORADO HEIGHTS UNIVERSITY             ,CO,80236-2711,Private      ,3,2,5,3,2,5
03306300,MONTESSORI EDUC CRT OF THE ROCKIES      ,CO,80301-2587,Private      ,2,11,13,2,11,13
03474400,CENTER OF ADVANCED THERAPEUTICS         ,CO,80210-1629,Proprietary  ,0,6,6,0,6,6
03534300,JONES INTERNATIONAL UNIVERSITY          ,CO,80112-3446,Proprietary  ,3,296,299,3,296,299
03545300,UNIVERSITY OF THE ROCKIES               ,CO,80903-3612,Proprietary  ,1,33,34,1,33,34
03584400,COLORADO SCHOOL OF HEALING ARTS         ,CO,80226-4332,Proprietary  ,12,43,55,12,43,55
03670300,TONI & GUY HAIRDRESSING ACADEMY         ,CO,80911-1713,Proprietary  ,8,14,22,8,14,22
03686300,COLORADO SCHOOL OF TRADITIONAL CHINESE M,CO,80206-2127,Proprietary  ,1,26,27,1,26,27
03805300,CORTIVA INSTITUTE-COLORADO              ,CO,80021-0000,Proprietary  ,1,5,6,1,5,6
03972300,CUTTIN' UP BEAUTY ACADEMY               ,CO,80220-0000,Proprietary  ,1,4,5,1,4,5
03976300,MASSAGE THERAPY INSTITUTE OF COLORADO   ,CO,80206-2127,Proprietary  ,6,10,16,6,10,16
00267811,BRYANT & STRATTON COLLEGE - VIRGINIA BEA,VA,23462-4417,Proprietary  ,52,449,501,52,449,501
00370200,AVERETT UNIVERSITY                      ,VA,24541-3692,Private      ,715,281,996,715,281,996
00370300,BLUEFIELD COLLEGE                       ,VA,24605-1799,Private      ,408,179,587,408,179,587
00370400,BRIDGEWATER COLLEGE                     ,VA,22812-1599,Private      ,1726,48,1774,1726,48,1774
00370500,COLLEGE OF WILLIAM & MARY               ,VA,23187-8795,Public       ,6320,2553,8873,6320,2553,8873
00370600,CHRISTOPHER NEWPORT UNIVERSITY          ,VA,23606-2998,Public       ,4371,444,4815,4371,444,4815
00370700,RICHARD BLAND COLLEGE                   ,VA,23805-7100,Public       ,196,94,290,196,94,290
00370800,EASTERN MENNONITE UNIVERSITY            ,VA,22802-2462,Private      ,609,131,740,609,131,740
00370900,EMORY & HENRY COLLEGE                   ,VA,24327-0010,Private      ,1120,55,1175,1120,55,1175
00371100,FERRUM COLLEGE                          ,VA,24088-2612,Private      ,1159,102,1261,1159,102,1261
00371200,TIDEWATER COMMUNITY COLLEGE             ,VA,23510-1910,Public       ,1934,3718,5652,1934,3718,5652
00371300,HAMPDEN-SYDNEY COLLEGE                  ,VA,23943-0128,Private      ,690,11,701,690,11,701
00371400,HAMPTON UNIVERSITY                      ,VA,23668-0099,Private      ,6478,1308,7786,6478,1308,7786
00371500,HOLLINS UNIVERSITY                      ,VA,24020-0000,Private      ,629,237,866,629,237,866
00371900,LONGWOOD UNIVERSITY                     ,VA,23909-1899,Public       ,2893,248,3141,2893,248,3141
00372000,LYNCHBURG COLLEGE                       ,VA,24501-3199,Private      ,1823,182,2005,1823,182,2005
00372100,JAMES MADISON UNIVERSITY                ,VA,22807-3780,Public       ,12275,1022,13297,12275,1022,13297
00372300,MARY BALDWIN COLLEGE                    ,VA,24401-3610,Private      ,612,226,838,612,226,838
00372400,MARYMOUNT UNIVERSITY                    ,VA,22207-4224,Private      ,1453,819,2272,1453,819,2272
00372600,NATIONAL COLLEGE                        ,VA,24153-4524,Proprietary  ,75,900,975,75,900,975
00372700,NORTHERN VA CMTY CLG                    ,VA,22003-3743,Public       ,1555,1956,3511,1555,1956,3511
00372800,OLD DOMINION UNIVERSITY                 ,VA,23529-0052,Public       ,7876,4558,12434,7876,4558,12434
00373200,RADFORD UNIVERSITY                      ,VA,24142-6905,Public       ,4914,1102,6016,4914,1102,6016
00373300,RANDOLPH-MACON COLLEGE                  ,VA,23005-5505,Private      ,1124,27,1151,1124,27,1151
00373400,RANDOLPH COLLEGE                        ,VA,24503-1526,Private      ,614,53,667,614,53,667
00373500,VIRGINIA COMMONWEALTH UNIVERSITY        ,VA,23284-9004,Public       ,9270,4688,13958,9270,4688,13958
00373600,ROANOKE COLLEGE                         ,VA,24153-3794,Private      ,1703,67,1770,1703,67,1770
00373700,SHENANDOAH UNIVERSITY                   ,VA,22601-5195,Private      ,1165,712,1877,1165,712,1877
00373800,SOUTHERN VIRGINIA UNIVERSITY            ,VA,24416-3038,Private      ,365,62,427,365,62,427
00373900,ST PAULS COLLEGE                        ,VA,23868-1299,Private      ,241,119,360,241,119,360
00374200,SWEET BRIAR COLLEGE                     ,VA,24595-9998,Private      ,401,25,426,401,25,426
00374300,UNION THEO SEMINARY & PRESBYTRN SCH     ,VA,23227-0000,Private      ,1,46,47,1,46,47
00374400,UNIVERSITY OF RICHMOND                  ,VA,23173-0001,Private      ,2371,1138,3509,2371,1138,3509
00374500,UNIVERSITY OF VIRGINIA - SFS            ,VA,22903-0000,Public       ,10424,4857,15281,10424,4857,15281
00374600,UNIVERSITY OF MARY WASHINGTON           ,VA,22401-5358,Public       ,2773,339,3112,2773,339,3112
00374700,UNIV OF VIRGINIA'S COLLEGE AT WISE      ,VA,24293-4412,Public       ,1138,193,1331,1138,193,1331
00374800,EASTERN SHORE COMMUNITY COLLEGE         ,VA,23410-3000,Public       ,98,137,235,98,137,235
00374900,GEORGE MASON UNIVERSITY                 ,VA,22030-4444,Public       ,7615,5200,12815,7615,5200,12815
00375100,PATRICK HENRY COMMUNITY COLLEGE         ,VA,24112-5311,Public       ,211,432,643,211,432,643
00375200,VIRGINIA INTERMONT COLLEGE              ,VA,24201-4298,Private      ,304,146,450,304,146,450
00375300,VIRGINIA MILITARY INSTITUTE             ,VA,24450-2138,Public       ,1017,38,1055,1017,38,1055
00375400,VIRGINIA POLYTECH INST & STATE UNIV     ,VA,24061-2000,Public       ,16688,2313,19001,16688,2313,19001
00375800,DANVILLE COMMUNITY COLLEGE              ,VA,24541-4004,Public       ,262,466,728,262,466,728
00375900,J. SARGEANT REYNOLDS COMMUNITY CLG      ,VA,23285-0000,Public       ,752,1472,2224,752,1472,2224
00376000,VIRGINIA WESTERN CMTY COLLEGE           ,VA,24038-0000,Public       ,388,562,950,388,562,950
00376100,WYTHEVILLE COMMUNITY COLLEGE            ,VA,24382-3308,Public       ,231,406,637,231,406,637
00376200,VIRGINIA UNIVERSITY OF LYNCHBURG        ,VA,24501-6400,Private      ,16,16,32,16,16,32
00376400,VIRGINIA STATE UNIVERSITY               ,VA,23806-0001,Public       ,4457,868,5325,4457,868,5325
00376500,NORFOLK STATE UNIVERSITY                ,VA,23504-8000,Public       ,4069,1926,5995,4069,1926,5995
00376600,VIRGINIA UNION UNIVERSITY               ,VA,23220-1711,Private      ,1418,268,1686,1418,268,1686
00376700,VIRGINIA WESLEYAN COLLEGE               ,VA,23502-5599,Private      ,1098,221,1319,1098,221,1319
00376800,WASHINGTON & LEE UNIVERSITY             ,VA,24450-0303,Private      ,1240,962,2202,1240,962,2202
00400400,JOHN TYLER COMMUNITY COLLEGE            ,VA,23831-5316,Public       ,480,811,1291,480,811,1291
00498800,CENTRAL VIRGINIA COMMUNITY COLLEGE      ,VA,24502-2498,Public       ,293,314,607,293,314,607
00499200,MILLER-MOTTE TECHNICAL COLLEGE          ,VA,24505-0000,Proprietary  ,8,56,64,8,56,64
00499600,DABNEY S LANCASTER COMMUNITY CLG        ,VA,24422-1000,Public       ,199,125,324,199,125,324
00522300,NEW RIVER COMMUNITY COLLEGE             ,VA,24084-1127,Public       ,394,482,876,394,482,876
00607500,ROANOKE MEM HOSP SCH RAD ONCOLOGY       ,VA,24033-0000,Private      ,1,1,2,1,1,2
00607501,ROANOKE MEM HOSP SCH RAD TECH           ,VA,24014-1850,Private      ,1,1,2,1,1,2
00662200,COLLEGE OF HEALTH SCIENCES - CHRV       ,VA,24031-0000,Private      ,198,256,454,198,256,454
00681900,BLUE RIDGE COMMUNITY COLLEGE            ,VA,24486-0080,Public       ,554,454,1008,554,454,1008
00687100,THOMAS NELSON COMMUNITY COLLEGE         ,VA,23670-0000,Public       ,676,1314,1990,676,1314,1990
00709900,VIRGINIA HIGHLANDS COMMUNITY CLG        ,VA,24210-4210,Public       ,340,359,699,340,359,699
00726000,SOUTHWEST VIRGINIA COMMUNITY CLG        ,VA,24641-1510,Public       ,356,297,653,356,297,653
00859200,LOUISE OBICI SCHOOL OF NURSING          ,VA,23434-8038,Private      ,3,11,14,3,11,14
00859202,SUFFOLK PUB SCH-LOUISE OBICI SCH PN     ,VA,23434-0000,Private      ,2,1,3,2,1,3
00865900,LORD FAIRFAX COMMUNITY COLLEGE          ,VA,22645-0047,Public       ,351,345,696,351,345,696
00866000,GERMANNA COMMUNITY COLLEGE              ,VA,22508-0339,Public       ,241,318,559,241,318,559
00866100,SOUTHSIDE VIRGINIA CMTY CLG             ,VA,23821-2930,Public       ,249,322,571,249,322,571
00915900,PAUL D CAMP COMMUNITY COLLEGE           ,VA,23851-0737,Public       ,86,182,268,86,182,268
00916000,RAPPAHANNOCK COMMUNITY COLLEGE          ,VA,23149-2616,Public       ,165,164,329,165,164,329
00926700,EVEREST COLLEGE                         ,VA,23606-4203,Proprietary  ,6,104,110,6,104,110
00942000,SANFORD-BROWN COLLEGE                   ,VA,22182-3913,Proprietary  ,115,138,253,115,138,253
00953500,STAUNTON SCHOOL OF COSMETOLOGY          ,VA,24401-4323,Proprietary  ,3,3,6,3,3,6
00953700,VIRGINIA SCH OF HAIR DESIGN             ,VA,23669-0000,Proprietary  ,3,15,18,3,15,18
00962900,MOUNTAIN EMPIRE COMMUNITY COLLEGE       ,VA,24219-0700,Public       ,274,273,547,274,273,547
00992800,PIEDMONT VIRGINIA COMMUNITY COLLEGE     ,VA,22902-7589,Public       ,332,353,685,332,353,685
00995800,HICKS ACADEMY OF BEAUTY CULTURE         ,VA,23707-3218,Proprietary  ,1,3,4,1,3,4
01004300,BON SECOURS MEMORIAL SCH OF NURSING     ,VA,23227-4612,Private      ,53,229,282,53,229,282
01019800,ECPI COLLEGE OF TECHNOLOGY              ,VA,23462-6542,Proprietary  ,173,615,788,173,615,788
01033800,EASTERN VIRGINIA MEDICAL SCHOOL         ,VA,23501-1980,Private      ,12,482,494,12,482,494
01159600,RALPH'S VIRGINIA SCH OF COSMETOLOGY     ,VA,24501-2652,Proprietary  ,4,1,5,4,1,5
01274401,SOUTHSIDE REGIONAL MED CTR PROF SCHOOLS ,VA,23803-5133,Proprietary  ,18,88,106,18,88,106
01274402,SOUTHSIDE REG MED CTR SCH RAD TECH      ,VA,23803-0000,Proprietary  ,2,11,13,2,11,13
02053000,LIBERTY UNIVERSITY                      ,VA,24502-0000,Private      ,6061,2961,9022,6061,2961,9022
02108800,WARDS CORNER BEAUTY ACADEMY             ,VA,23505-0000,Proprietary  ,5,11,16,5,11,16
02111600,DANVILLE REGIONAL MEDICAL CENTER SCHOOL ,VA,24541-0000,Proprietary  ,10,33,43,10,33,43
02140000,RIVERSIDE SCHOOL OF HEALTH CAREERS      ,VA,23608-3802,Private      ,15,59,74,15,59,74
02140001,RIVERSIDE SCHOOL OF HEALTH CAREERS-PRACT,VA,23601-3802,Private      ,13,58,71,13,58,71
02140002,RIVERSIDE SCHOOL OF RADIOLOGIC TECH     ,VA,23601-0000,Private      ,4,25,29,4,25,29
02175800,LYNCHBURG GENERAL HOSP SCH OF NURSG     ,VA,24501-0000,Private      ,22,37,59,22,37,59
02197600,WOODROW WILSON REHABILITATION CTR       ,VA,22939-0000,Public       ,1,2,3,1,2,3
02223100,HERITAGE INSTITUTE                      ,VA,22046-4400,Proprietary  ,4,6,10,4,6,10
02242400,HENRICO CTY ST MARYS HOSP PRAC NRSG     ,VA,23075-0000,Public       ,4,10,14,4,10,14
02247200,MEDSPA CAREERS INSTITUTE                ,VA,23606-0000,Proprietary  ,71,358,429,71,358,429
02304500,HERITAGE INSTITUTE                      ,VA,20111-0000,Proprietary  ,5,6,11,5,6,11
02320900,TIDEWATER TECH                          ,VA,23517-0000,Proprietary  ,6,10,16,6,10,16
02334400,CENTURA COLLEGE                         ,VA,23452-0000,Proprietary  ,62,564,626,62,564,626
02340000,COLONIAL HEIGHTS BEAUTY ACADEMY         ,VA,23834-0000,Proprietary  ,2,2,4,2,2,4
02342700,FORTIS COLLEGE                          ,VA,23502-4101,Proprietary  ,45,44,89,45,44,89
02342701,FORTIS COLLEGE - RICHMOND CAMPUS        ,VA,23236-3472,Proprietary  ,45,34,79,45,34,79
02535400,ECPI TECHNICAL COLLEGE                  ,VA,23236-0000,Proprietary  ,69,59,128,69,59,128
02538800,SUFFOLK BEAUTY ACADEMY                  ,VA,23434-0000,Proprietary  ,1,3,4,1,3,4
02541200,STRATFORD UNIVERSITY                    ,VA,22043-0000,Proprietary  ,36,45,81,36,45,81
02541201,STRATFORD UNIVERSITY-WOODBRIDGE         ,VA,22192-0000,Proprietary  ,12,24,36,12,24,36
02549800,NEW HORIZONS TECH SCH PR NSG            ,VA,23666-0000,Public       ,2,16,18,2,16,18
02567300,BRAXTON SCHOOL OF BUSINESS (THE)        ,VA,23230-0000,Proprietary  ,6,11,17,6,11,17
02588901,SANZ SCHOOL                             ,VA,22044-0000,Proprietary  ,2,5,7,2,5,7
02605900,TESST COLLEGE OF TECHNOLOGY             ,VA,22312-6342,Proprietary  ,12,34,46,12,34,46
02610100,WASHINGTON COUNTY ADULT SKILL CTR       ,VA,24210-2346,Public       ,6,6,12,6,6,12
03002400,GRAHAM WEBB INTERNATIONAL ACAD HAIR     ,VA,22209-2129,Proprietary  ,3,5,8,3,5,8
03010700,BAR PALMA BEAUTY CAREERS  ACADEMY       ,VA,24014-2255,Proprietary  ,2,5,7,2,5,7
03042800,"VIRGINIA BEACH CITY SCHOOLS, SCH.-PR.NSG",VA,23456-0038,Public       ,7,18,25,7,18,25
03091100,ACT COLLEGE                             ,VA,22209-2297,Proprietary  ,22,85,107,22,85,107
03091300,REGENT UNIVERSITY                       ,VA,23464-9800,Private      ,136,1694,1830,136,1694,1830
03092700,ECPI TECHNICAL COLLEGE-ROANOKE          ,VA,24012-1603,Proprietary  ,19,47,66,19,47,66
03096500,SPRINGFIELD BEAUTY ACADEMY              ,VA,22003-3016,Proprietary  ,1,4,5,1,4,5
03106500,SENTARA NORFOLK GENERAL HOSPITAL        ,VA,23320-2843,Private      ,49,199,248,49,199,248
03116900,BAPTIST THEOLOGICAL SEM.-RICHMOND       ,VA,23227-0000,Private      ,0,12,12,0,12,12
03126300,TIDEWATER TECH AVIATION                 ,VA,23320-5987,Proprietary  ,6,13,19,6,13,19
03126400,CENTURA COLLEGE                         ,VA,23235-5230,Proprietary  ,9,27,36,9,27,36
03126401,CENTURA COLLEGE - WEST                  ,VA,23294-0000,Proprietary  ,5,11,16,5,11,16
03127500,ADVANCED TECHNOLOGY INSTITUTE           ,VA,23462-2409,Proprietary  ,111,50,161,111,50,161
03280400,VIRGINIA SCHOOL OF MASSAGE              ,VA,22903-0000,Proprietary  ,2,5,7,2,5,7
03409500,RICHMOND SCHOOL OF HEALTH AND TECH      ,VA,23227-0000,Proprietary  ,8,40,48,8,40,48
03455300,CRESCENT COSMETOLOGY UNIVERSITY         ,VA,23666-3115,Proprietary  ,2,3,5,2,3,5
03559300,APPALACHIAN SCHOOL OF LAW               ,VA,24614-0000,Private      ,6,351,357,6,351,357
03638400,TAP THIS VALLEY WORKS CTR FOR EMPLO     ,VA,24016-1901,Private      ,1,0,1,1,0,1
03645400,RUDY & KELLY ACADEMY OF HAIR AND NA     ,VA,23464-6857,Proprietary  ,7,9,16,7,9,16
03654300,CAREER TRAINING SOLUTIONS               ,VA,22406-1014,Proprietary  ,6,37,43,6,37,43
03709300,EDWARD VIA VIRGINIA CLG OSTEOPATHIC MED ,VA,24060-6360,Private      ,6,320,326,6,320,326
03872400,INSTITUTE FOR THE PSYCHOLOGICAL SCIENCES,VA,22202-3609,Private      ,0,39,39,0,39,39
03876300,CULPEPER COSMETOLOGY TRAINING CENTER    ,VA,22701-3155,Public       ,2,5,7,2,5,7
03883400,AVIATION INSTITUTE OF MAINTENANCE       ,VA,20110-4156,Proprietary  ,4,9,13,4,9,13
04038400,AVI CAREER INSTITUTE                    ,VA,22066-1839,Proprietary  ,0,1,1,0,1,1
00107000,THUNDERBIRD SCHOOL OF GLOBAL MANAGEMENT ,AZ,85306-6000,Private      ,1,152,153,1,152,153
00107100,ARIZONA WESTERN COLLEGE                 ,AZ,85366-0000,Public       ,720,444,1164,720,444,1164
00107200,COCHISE COLLEGE                         ,AZ,85607-6190,Public       ,207,318,525,207,318,525
00107300,EASTERN ARIZONA COLLEGE                 ,AZ,85552-0769,Public       ,393,183,576,393,183,576
00107400,GRAND CANYON UNIVERSITY                 ,AZ,85017-3030,Proprietary  ,379,2052,2431,379,2052,2431
00107600,GLENDALE COMMUNITY COLLEGE              ,AZ,85302-3090,Public       ,1218,1330,2548,1218,1330,2548
00107700,MESA COMMUNITY COLLEGE                  ,AZ,85202-4866,Public       ,1523,1924,3447,1523,1924,3447
00107800,PHOENIX COLLEGE                         ,AZ,85013-4234,Public       ,619,1076,1695,619,1076,1695
00107900,YAVAPAI COLLEGE                         ,AZ,86301-3297,Public       ,392,472,864,392,472,864
00108100,ARIZONA STATE UNIV (ALL CAMPUSES)       ,AZ,85287-0412,Public       ,17636,10820,28456,17636,10820,28456
00108200,NORTHERN ARIZONA UNIVERSITY             ,AZ,86011-0001,Public       ,6384,3289,9673,6384,3289,9673
00108300,UNIVERSITY OF ARIZONA                   ,AZ,85721-0066,Public       ,11478,6413,17891,11478,6413,17891
00165701,MIDWESTERN UNIVERSITY                   ,AZ,85308-0000,Private      ,40,1038,1078,40,1038,1078
00446700,TUCSON COLLEGE                          ,AZ,85710-0000,Proprietary  ,13,66,79,13,66,79
00711300,SOUTHWESTERN COLLEGE                    ,AZ,85032-7097,Private      ,63,15,78,63,15,78
00726600,PIMA COUNTY COMMUNITY COLLEGE           ,AZ,85709-1110,Public       ,1697,2219,3916,1697,2219,3916
00728300,CENTRAL ARIZONA COLLEGE                 ,AZ,85228-9779,Public       ,246,314,560,246,314,560
00822100,UNIVERSAL TECHNICAL INSTITUTE           ,AZ,85323-7946,Proprietary  ,3338,1147,4485,3338,1147,4485
00824600,DINè COLLEGE                            ,AZ,86556-0126,Public       ,72,157,229,72,157,229
00830300,GATEWAY COMMUNITY COLLEGE               ,AZ,85034-1795,Public       ,230,720,950,230,720,950
00830302,MARICOPA SKILL CENTER                   ,AZ,85034-0000,Public       ,23,108,131,23,108,131
00830400,SCOTTSDALE COMMUNITY COLLEGE            ,AZ,85250-0000,Public       ,531,534,1065,531,534,1065
00886400,ARIZONA ACADEMY OF BEAUTY               ,AZ,85712-5021,Proprietary  ,2,4,6,2,4,6
00886500,ARTISTIC BEAUTY COLLEGES-TUCSON         ,AZ,85716-3999,Proprietary  ,6,2,8,6,2,8
00886501,ARTISTIC BEAUTY COLLEGES - TUCSON  - NOR,AZ,85705-1665,Proprietary  ,7,5,12,7,5,12
00945100,BROWN MACKIE COLLEGE                    ,AZ,85712-5300,Proprietary  ,7,13,20,7,13,20
01084700,ARIZONA AUTOMOTIVE INSTITUTE            ,AZ,85301-3503,Proprietary  ,68,120,188,68,120,188
01085800,AVALON SCHOOL OF COSMETOLOGY            ,AZ,85210-4010,Proprietary  ,7,8,15,7,8,15
01157000,PIMA MEDICAL INSTITUTE-MESA             ,AZ,85202-2950,Proprietary  ,21,61,82,21,61,82
01168900,REFRIGERATION SCHOOL                    ,AZ,85034-0000,Proprietary  ,3,29,32,3,29,32
01180200,ARIZONA ACADEMY OF BEAUTY-NORTH         ,AZ,85705-2720,Proprietary  ,3,2,5,3,2,5
01180800,ARTISTIC BEAUTY COLLEGES-FLAGSTAFF      ,AZ,86004-5119,Proprietary  ,4,3,7,4,3,7
01180801,CLG OF BEAUTY ARTS & SCI/CHANDLER       ,AZ,85224-0000,Proprietary  ,0,3,3,0,3,3
01180802,CLG OF BEAUTY ARTS & SCI/PRESCOTT       ,AZ,86303-0000,Proprietary  ,0,1,1,0,1,1
01186200,NORTHLAND PIONEER COLLEGE               ,AZ,86025-2996,Public       ,71,234,305,71,234,305
01186400,MOHAVE COMMUNITY COLLEGE                ,AZ,86409-1238,Public       ,129,412,541,129,412,541
01218400,INTERNATIONAL ACAD OF HAIR DESIGN       ,AZ,85225-7198,Proprietary  ,2,4,6,2,4,6
01234300,ARTISTIC BEAUTY COLLEGES-PHOENIX        ,AZ,85304-0000,Proprietary  ,1,2,3,1,2,3
01234301,EMPIRE BEAUTY SCHOOL - AVONDALE         ,AZ,85323-2352,Proprietary  ,7,8,15,7,8,15
01293700,ARTISTIC BEAUTY COLLEGES - PARADISE VALL,AZ,85257-0000,Proprietary  ,3,2,5,3,2,5
02065200,ITT TECHNICAL INSTITUTE                 ,AZ,85282-0000,Proprietary  ,61,91,152,61,91,152
02065300,PRESCOTT COLLEGE                        ,AZ,86301-0000,Private      ,196,381,577,196,381,577
02071200,KAPLAN COLLEGE                          ,AZ,85029-4349,Proprietary  ,8,24,32,8,24,32
02098800,UNIVERSITY OF PHOENIX                   ,AZ,85040-0000,Proprietary  ,817,25810,26627,817,25810,26627
02100500,UNIVERSAL TECHNICAL INSTITUTE           ,AZ,85027-0000,Proprietary  ,1827,1355,3182,1827,1355,3182
02100600,APOLLO COLLEGE                          ,AZ,85015-0000,Proprietary  ,112,348,460,112,348,460
02113800,ROBERTO-VENN SCH OF LUTHIERY            ,AZ,85040-0000,Proprietary  ,11,11,22,11,11,22
02146600,SOUTH MOUNTAIN COMMUNITY COLLEGE        ,AZ,85040-0000,Public       ,206,278,484,206,278,484
02171500,WESTERN INTERNATIONAL UNIVERSITY        ,AZ,85021-0000,Proprietary  ,229,5714,5943,229,5714,5943
02171545,AXIA- (WESTERN INTERNATIONAL UNIVERSITY),AZ,85210-4803,Proprietary  ,0,41,41,0,41,41
02173300,DEVOE COLLEGE OF BEAUTY                 ,AZ,85635-0000,Proprietary  ,1,1,2,1,1,2
02174900,COLLINS COLLEGE                         ,AZ,85040-4000,Proprietary  ,1093,582,1675,1093,582,1675
02177500,RIO SALADO COMMUNITY COLLEGE            ,AZ,85281-0000,Public       ,118,966,1084,118,966,1084
02181300,LONG TECHNICAL COLLEGE                  ,AZ,85008-6915,Proprietary  ,2,14,16,2,14,16
02192300,MARICOPA BEAUTY COLLEGE                 ,AZ,85323-0000,Proprietary  ,6,8,14,6,8,14
02199900,AMERICAN INDIAN CLG-ASSEMBLIES GOD      ,AZ,85021-0000,Private      ,14,13,27,14,13,27
02217100,PIMA MEDICAL INSTITUTE                  ,AZ,85716-0000,Proprietary  ,156,617,773,156,617,773
02218800,BROOKLINE COLLEGE                       ,AZ,85019-1600,Proprietary  ,21,220,241,21,220,241
02220300,ARTISTIC BEAUTY COLLEGES-GLENDALE       ,AZ,85051-0000,Proprietary  ,4,8,12,4,8,12
02263100,ANTHEM COLLEGE                          ,AZ,85014-0000,Proprietary  ,944,2037,2981,944,2037,2981
02280500,CHARLES OF ITALY BEAUTY COLLEGE         ,AZ,86403-0000,Proprietary  ,0,1,1,0,1,1
02295000,EVEREST COLLEGE                         ,AZ,85021-1610,Proprietary  ,45,241,286,45,241,286
02317800,AMERICAN INSTITUTE OF TECHNOLOGY        ,AZ,85043-0000,Proprietary  ,7,41,48,7,41,48
02342401,ACADEMY OF RADIO BROADCASTING           ,AZ,85008-0000,Proprietary  ,5,9,14,5,9,14
02361100,ITT TECHNICAL INSTITUTE                 ,AZ,85704-0000,Proprietary  ,37,107,144,37,107,144
02491500,THE ART CENTER DESIGN COLLEGE           ,AZ,85716-0000,Proprietary  ,31,35,66,31,35,66
02521500,LAMSON COLLEGE                          ,AZ,85284-1141,Proprietary  ,4,7,11,4,7,11
02559000,UNIVERSITY OF ADVANCING TECHNOLOGY      ,AZ,85283-0000,Proprietary  ,470,177,647,470,177,647
02561900,TONI AND GUY HAIRDRESSING ACADEMY       ,AZ,85251-3301,Proprietary  ,13,14,27,13,14,27
02582700,CORTIVA INSTITUTE - TUCSON              ,AZ,85710-3503,Proprietary  ,7,26,33,7,26,33
02602500,NORTHERN ARIZONA INSTITUTE OF TECHNOLOGY,AZ,86001-0000,Proprietary  ,1,0,1,1,0,1
02616700,SCOTTSDALE CULINARY INSTITUTE           ,AZ,85251-2729,Proprietary  ,394,469,863,394,469,863
02623600,PARADISE VALLEY COMMUNITY COLLEGE       ,AZ,85032-1210,Public       ,311,478,789,311,478,789
02623800,CORTIVA INSTITUTE - SCOTTSDALE          ,AZ,85257-4218,Proprietary  ,6,17,23,6,17,23
03004700,MUNDUS INSTITUTE                        ,AZ,85015-3665,Proprietary  ,2,6,8,2,6,8
03010613,VIRGINIA COLLEGE - GOLF ACADEMY OF ARIZO,AZ,85225-6742,Proprietary  ,23,43,66,23,43,66
03030604,UTAH COLLEGE OF MASSAGE THERAPY - ARIZON,AZ,85282-0000,Proprietary  ,25,47,72,25,47,72
03030605,UTAH COLLEGE OF MASSAGE THERAPY - ARIZON,AZ,85051-3470,Proprietary  ,22,51,73,22,51,73
03034400,CONSERVATORY RECORDING ARTS & SCIS      ,AZ,85282-1707,Proprietary  ,119,159,278,119,159,278
03072200,CHANDLER-GILBERT COMMUNITY COLLEGE      ,AZ,85225-2499,Public       ,414,519,933,414,519,933
03076400,BRYMAN SCHOOL OF ARIZONA                ,AZ,85029-4919,Proprietary  ,646,958,1604,646,958,1604
03081200,METROPOLITAN COLLEGE                    ,AZ,85040-0000,Private      ,2,4,6,2,4,6
03097800,CARSTEN INSTITUTE OF HAIR & BEAUTY      ,AZ,85282-5404,Proprietary  ,9,12,21,9,12,21
03100400,COCONINO COUNTY COMMUNITY COLLEGE       ,AZ,86001-2701,Public       ,221,261,482,221,261,482
03107000,SOUTHWEST CLG OF NATUROPATHIC MED       ,AZ,85282-0000,Private      ,2,129,131,2,129,131
03115000,ARIZONA COLLEGE OF ALLIED HEALTH        ,AZ,85302-3843,Proprietary  ,11,56,67,11,56,67
03120300,COLLEGE AMERICA                         ,AZ,86004-3936,Proprietary  ,6,10,16,6,10,16
03156300,ESTRELLA MOUNTAIN COMMUNITY COLLEGE     ,AZ,85392-1010,Public       ,259,396,655,259,396,655
03156301,ESTRELLA MOUNTAIN COMMUNITY COLLEGE - SO,AZ,85392-1010,Public       ,29,101,130,29,101,130
03347300,INTERNATIONAL BAPTIST COLLEGE           ,AZ,85282-6799,Private      ,3,1,4,3,1,4
03445300,HDS TRUCK DRIVING INSTITUTE             ,AZ,85731-0000,Proprietary  ,0,3,3,0,3,3
03572300,EAST VALLEY INSTITUTE OF TECHNOLOGY     ,AZ,85201-6910,Public       ,6,9,15,6,9,15
03593300,SOUTHWEST INSTITUTE OF HEALING ARTS     ,AZ,85281-3658,Proprietary  ,12,80,92,12,80,92
03617500,PHOENIX INSTITUTE OF HERBAL MEDICINE & A,AZ,85012-0000,Proprietary  ,3,20,23,3,20,23
03695500,ARIZONA SCHOOL OF ACUPUNCTURE AND ORIENT,AZ,85712-1100,Proprietary  ,2,10,12,2,10,12
03740500,ART INSTITUTE OF TUCSON (THE)           ,AZ,85712-2732,Proprietary  ,6,5,11,6,5,11
03784400,TOHONO O'ODHAM COMMUNITY COLLEGE        ,AZ,85634-3129,Public       ,4,5,9,4,5,9
03814300,TURNING POINT BEAUTY COLLEGE            ,AZ,85222-4229,Proprietary  ,0,1,1,0,1,1
00142800,DELAWARE STATE UNIVERSITY               ,DE,19901-2277,Public       ,2716,533,3249,2716,533,3249
00142900,GOLDEY BEACOM COLLEGE                   ,DE,19808-1993,Private      ,203,88,291,203,88,291
00143100,UNIVERSITY OF DELAWARE                  ,DE,19716-0099,Public       ,13074,990,14064,13074,990,14064
00143300,WESLEY COLLEGE                          ,DE,19901-3875,Private      ,1332,115,1447,1332,115,1447
00143301,WESLEY COLLEGE-CTR FOR ADULT STUDIE     ,DE,19720-0000,Private      ,13,63,76,13,63,76
00331301,WIDENER UNIV SCHOOL OF LAW - DE         ,DE,19803-0000,Private      ,16,1028,1044,16,1028,1044
00705300,DELAWARE TECH & CMTY COLLEGE-OWENS      ,DE,19947-0000,Public       ,380,367,747,380,367,747
00794800,WILMINGTON UNIVERSITY                   ,DE,19720-6491,Private      ,423,1069,1492,423,1069,1492
01172700,DELAWARE TECH & CMTY CLG-TERRY          ,DE,19901-8736,Public       ,289,287,576,289,287,576
01195002,DELAWARE COLLEGE OF ART & DESIGN        ,DE,19801-0000,Private      ,154,25,179,154,25,179
02125200,BEEBE SCHOOL OF NURSING                 ,DE,19958-1462,Private      ,9,22,31,9,22,31
02144900,DELAWARE TECH & CMTY CLG-STANTN/WLM     ,DE,19801-0000,Public       ,571,687,1258,571,687,1258
02190400,SCHILLING DOUGLAS SCH OF HAIR DSGN      ,DE,19711-0000,Proprietary  ,9,19,28,9,19,28
02586902,STAR TECHNICAL INSTITUTE -              ,DE,19901-4615,Proprietary  ,2,45,47,2,45,47
03021000,HARRISON CAREER INSTITUTE               ,DE,19804-3259,Proprietary  ,0,2,2,0,2,2
03025800,DAWN TRAINING CENTRE                    ,DE,19805-1511,Proprietary  ,2,17,19,2,17,19
03543300,HARRIS SCHOOL OF BUSINESS               ,DE,19803-5341,Proprietary  ,0,4,4,0,4,4
00143400,AMERICAN UNIVERSITY                     ,DC,20016-8020,Private      ,9450,6519,15969,9450,6519,15969
00143700,CATHOLIC UNIVERSITY OF AMERICA          ,DC,20064-0002,Private      ,2520,1028,3548,2520,1028,3548
00143711,"CATHOLIC UNIV AMERICA, LAW SCHOOL       ",DC,20064-0000,Private      ,19,1021,1040,19,1021,1040
00144100,UNIV OF THE DISTRICT OF COLUMBIA        ,DC,20008-0000,Public       ,604,1041,1645,604,1041,1645
00144102,UNIVERSITY OF THE DISTRICT OF COLUMBIA -,DC,20008-1173,Public       ,12,410,422,12,410,422
00144300,GALLAUDET UNIVERSITY                    ,DC,20002-3695,Private      ,341,316,657,341,316,657
00144400,GEORGE WASHINGTON UNIVERSITY            ,DC,20052-2353,Private      ,8333,3799,12132,8333,3799,12132
00144402,GEORGE WASHINGTON UNIV LAW SCHL         ,DC,20052-0000,Private      ,16,2873,2889,16,2873,2889
00144403,GEORGE WASHINGTON UNIV SCH MED          ,DC,20052-0000,Private      ,19,615,634,19,615,634
00144500,GEORGETOWN UNIVERSITY                   ,DC,20057-1252,Private      ,8173,2553,10726,8173,2553,10726
00144501,"GEORGETOWN UNIV, SCH OF MEDICINE        ",DC,20007-0000,Private      ,19,798,817,19,798,817
00144503,GEORGETOWN UNIV LAW CENTER              ,DC,20001-0000,Private      ,16,3572,3588,16,3572,3588
00144800,HOWARD UNIVERSITY                       ,DC,20059-0001,Private      ,8171,4426,12597,8171,4426,12597
00145600,SOUTHEASTERN UNIVERSITY                 ,DC,20024-2788,Private      ,57,247,304,57,247,304
00145900,STRAYER UNIVERSITY                      ,DC,20005-2603,Proprietary  ,78,2844,2922,78,2844,2922
00146000,TRINITY UNIVERSITY                      ,DC,20017-1004,Private      ,457,550,1007,457,550,1007
00146400,WESLEY THEOLOGICAL SEMINARY             ,DC,20016-0000,Private      ,0,109,109,0,109,109
00207701,JOHNS HOPKINS UNIV SCH ADV INTL STU     ,DC,20036-0000,Private      ,23,927,950,23,927,950
01006500,WASHINGTON THEOLOGICAL UNION            ,DC,20012-0000,Private      ,0,9,9,0,9,9
01195000,THE CORCORAN COLLEGE OF ART & DESIG     ,DC,20006-4804,Private      ,303,116,419,303,116,419
01266500,HARRISON CTR FOR CAREER EDUCATION       ,DC,20001-5303,Private      ,1,43,44,1,43,44
02132800,NAT'L CONSERVATORY DRAMATIC ARTS        ,DC,20007-2758,Private      ,2,4,6,2,4,6
02279200,DUDLEY BEAUTY COLG-WASHINGTON           ,DC,20018-0000,Proprietary  ,16,26,42,16,26,42
02588900,SANZ SCHOOL                             ,DC,20006-0000,Proprietary  ,9,53,62,9,53,62
03104300,CAREER BLAZERS LEARNING CENTER OF WASHIN,DC,20037-1881,Proprietary  ,8,37,45,8,37,45
03218300,POTOMAC COLLEGE                         ,DC,20016-1860,Proprietary  ,5,27,32,5,27,32
03409600,BENNETT CAREER INSTITUTE                ,DC,20017-1754,Proprietary  ,16,28,44,16,28,44
03750300,TECHNICAL LEARNING CENTERS              ,DC,20005-3415,Proprietary  ,6,37,43,6,37,43
00154100,ABRAHAM BALDWIN AGRICULTURAL CLG        ,GA,31794-0000,Public       ,701,346,1047,701,346,1047
00154200,AGNES SCOTT COLLEGE                     ,GA,30030-3797,Private      ,699,113,812,699,113,812
00154300,DARTON COLLEGE                          ,GA,31707-3098,Public       ,420,789,1209,420,789,1209
00154400,ALBANY STATE UNIVERSITY                 ,GA,31705-2796,Public       ,2458,867,3325,2458,867,3325
00154500,ANDREW COLLEGE                          ,GA,39840-1313,Private      ,127,13,140,127,13,140
00154600,ARMSTRONG ATLANTIC STATE UNIVERSITY     ,GA,31419-1997,Public       ,1578,1765,3343,1578,1765,3343
00154700,ATLANTA CHRISTIAN COLLEGE               ,GA,30344-1999,Private      ,115,48,163,115,48,163
00154900,ATLANTA COLLEGE OF ART                  ,GA,30309-3549,Private      ,90,45,135,90,45,135
00155200,AUGUSTA STATE UNIVERSITY                ,GA,30904-2200,Public       ,1476,1368,2844,1476,1368,2844
00155400,BERRY COLLEGE                           ,GA,30149-5007,Private      ,1293,71,1364,1293,71,1364
00155500,THOMAS UNIVERSITY                       ,GA,31792-7499,Private      ,70,148,218,70,148,218
00155600,BRENAU UNIVERSITY                       ,GA,30501-3668,Private      ,486,662,1148,486,662,1148
00155700,BREWTON PARKER COLLEGE                  ,GA,30445-0000,Private      ,239,200,439,239,200,439
00155800,COASTAL GEORGIA COMMUNITY COLLEGE       ,GA,31520-3644,Public       ,255,571,826,255,571,826
00155900,CLARK ATLANTA UNIVERSITY                ,GA,30314-4385,Private      ,7212,1714,8926,7212,1714,8926
00156000,COLUMBIA THEOLOGICAL SEMINARY           ,GA,30031-0000,Private      ,1,66,67,1,66,67
00156100,COLUMBUS STATE UNIVERSITY               ,GA,31907-5645,Public       ,1871,1182,3053,1871,1182,3053
00156200,GEORGIA PERIMETER COLLEGE               ,GA,30021-0000,Public       ,2526,3936,6462,2526,3936,6462
00156300,EMMANUEL COLLEGE                        ,GA,30639-0000,Private      ,261,56,317,261,56,317
00156400,EMORY UNIVERSITY                        ,GA,30322-1960,Private      ,6610,4475,11085,6610,4475,11085
00156600,FORT VALLEY STATE UNIVERSITY            ,GA,31030-3298,Public       ,1256,406,1662,1256,406,1662
00156700,GAINESVILLE STATE COLLEGE               ,GA,30503-0000,Public       ,874,395,1269,874,395,1269
00156800,INTERDENOMINATIONAL THEOLOGY CENTER     ,GA,30314-0000,Private      ,2,119,121,2,119,121
00156900,GEORGIA INSTITUTE OF TECHNOLOGY         ,GA,30332-0002,Public       ,7374,1217,8591,7374,1217,8591
00157000,SOUTHERN POLYTECHNIC STATE UNIV         ,GA,30060-2896,Public       ,856,469,1325,856,469,1325
00157100,GEORGIA MILITARY COLLEGE                ,GA,31061-3398,Public       ,444,721,1165,444,721,1165
00157200,GEORGIA SOUTHERN UNIVERSITY             ,GA,30460-8065,Public       ,7207,1687,8894,7207,1687,8894
00157300,GEORGIA SOUTHWESTERN STATE UNIV         ,GA,31709-4693,Public       ,617,460,1077,617,460,1077
00157400,GEORGIA STATE UNIVERSITY                ,GA,30303-3010,Public       ,8586,7743,16329,8586,7743,16329
00157500,GORDON COLLEGE                          ,GA,30204-1762,Public       ,962,500,1462,962,500,1462
00157700,KENNESAW STATE UNIVERSITY               ,GA,30144-5591,Public       ,3863,2804,6667,3863,2804,6667
00157800,LAGRANGE COLLEGE                        ,GA,30240-2999,Private      ,670,151,821,670,151,821
00157900,MEDICAL COLLEGE OF GEORGIA              ,GA,30912-0004,Public       ,214,918,1132,214,918,1132
00158000,MERCER UNIVERSITY                       ,GA,31207-0003,Private      ,2037,2216,4253,2037,2216,4253
00158100,MIDDLE GEORGIA COLLEGE                  ,GA,31014-1599,Public       ,931,487,1418,931,487,1418
00158200,MOREHOUSE COLLEGE                       ,GA,30314-3773,Private      ,2093,284,2377,2093,284,2377
00158500,NORTH GEORGIA COLLEGE & STATE UNIV      ,GA,30597-0001,Public       ,1338,545,1883,1338,545,1883
00158600,OGLETHORPE UNIVERSITY                   ,GA,30319-2737,Private      ,565,141,706,565,141,706
00158700,PAINE COLLEGE                           ,GA,30901-3182,Private      ,760,174,934,760,174,934
00158800,PIEDMONT COLLEGE                        ,GA,30535-5644,Private      ,283,346,629,283,346,629
00158900,REINHARDT COLLEGE                       ,GA,30183-2981,Private      ,340,76,416,340,76,416
00159000,SAVANNAH STATE UNIVERSITY               ,GA,31404-5298,Public       ,2028,654,2682,2028,654,2682
00159100,SHORTER COLLEGE                         ,GA,30165-4298,Private      ,691,516,1207,691,516,1207
00159200,SOUTH GEORGIA COLLEGE                   ,GA,31533-8104,Public       ,293,228,521,293,228,521
00159400,SPELMAN COLLEGE                         ,GA,30314-4399,Private      ,3502,437,3939,3502,437,3939
00159600,TOCCOA FALLS COLLEGE                    ,GA,30598-0001,Private      ,469,73,542,469,73,542
00159700,TRUETT MCCONNELL COLLEGE                ,GA,30528-1264,Private      ,145,15,160,145,15,160
00159800,UNIVERSITY OF GEORGIA                   ,GA,30602-6114,Public       ,9377,3772,13149,9377,3772,13149
00159900,VALDOSTA STATE UNIVERSITY               ,GA,31698-0001,Public       ,3285,1133,4418,3285,1133,4418
00160000,WESLEYAN COLLEGE                        ,GA,31210-4407,Private      ,179,100,279,179,100,279
00160100,UNIV OF WEST GEORGIA                    ,GA,30118-0002,Public       ,3171,1153,4324,3171,1153,4324
00160200,GEORGIA COLLEGE & STATE UNIVERSITY      ,GA,31061-0490,Public       ,2128,533,2661,2128,533,2661
00160400,YOUNG HARRIS COLLEGE                    ,GA,30582-4137,Private      ,354,10,364,354,10,364
00348400,COVENANT COLLEGE                        ,GA,30750-4164,Private      ,824,114,938,824,114,938
00395600,DALTON STATE COLLEGE                    ,GA,30720-3797,Public       ,423,455,878,423,455,878
00402400,GEORGIA NORTHWESTERN TECHNICAL COLLEGE  ,GA,30161-6757,Public       ,70,183,253,70,183,253
00402403,NORTHWESTERN TECHNICAL COLLEGE          ,GA,30739-0569,Public       ,74,300,374,74,300,374
00411700,GRADY HEALTH SYSTEM                     ,GA,30303-3050,Public       ,24,69,93,24,69,93
00525400,LANIER TECHNICAL COLLEGE                ,GA,30566-3499,Public       ,99,412,511,99,412,511
00525500,MOULTRIE TECHNICAL COLLEGE              ,GA,31768-0000,Public       ,50,246,296,50,246,296
00525600,VALDOSTA TECHNICAL COLLEGE              ,GA,31603-0000,Public       ,157,539,696,157,539,696
00551100,OKEFENOKEE TECHNICAL COLLEGE            ,GA,31501-4016,Public       ,28,94,122,28,94,122
00559900,AUGUSTA TECHNICAL COLLEGE               ,GA,30906-3399,Public       ,273,827,1100,273,827,1100
00560000,ATHENS TECHNICAL COLLEGE                ,GA,30601-1579,Public       ,275,635,910,275,635,910
00560100,ALBANY TECHNICAL COLLEGE                ,GA,31701-2648,Public       ,126,419,545,126,419,545
00561300,FLINT RIVER TECHNICAL INSTITUTE         ,GA,30286-0014,Public       ,23,180,203,23,180,203
00561500,SOUTHWEST GEORGIA TECHNICAL COLLEGE     ,GA,31792-2622,Public       ,74,335,409,74,335,409
00561700,SOUTH GEORGIA TECHNICAL COLLEGE         ,GA,31709-8167,Public       ,118,285,403,118,285,403
00561800,SAVANNAH TECHNICAL COLLEGE              ,GA,31405-5594,Public       ,217,848,1065,217,848,1065
00561900,NORTH GEORGIA TECHNICAL COLLEGE         ,GA,30523-0000,Public       ,90,185,275,90,185,275
00562000,CHATTAHOOCHEE TECHNICAL COLLEGE         ,GA,30060-3398,Public       ,378,1075,1453,378,1075,1453
00562004,NORTH METRO TECHNICAL COLLEGE           ,GA,30102-3129,Public       ,52,195,247,52,195,247
00562005,APPALACHIAN TECHNICAL COLLEGE           ,GA,30143-0000,Public       ,50,109,159,50,109,159
00562100,GRIFFIN TECHNICAL COLLEGE               ,GA,30223-2097,Public       ,156,469,625,156,469,625
00562200,DEKALB TECHNICAL COLLEGE                ,GA,30021-0000,Public       ,207,988,1195,207,988,1195
00562400,COLUMBUS TECHNICAL COLLEGE              ,GA,31904-6572,Public       ,149,513,662,149,513,662
00576300,CENTRAL GEORGIA TECHNICAL COLLEGE       ,GA,31206-3628,Public       ,385,1984,2369,385,1984,2369
00772800,MACON STATE COLLEGE                     ,GA,31206-5145,Public       ,776,1428,2204,776,1428,2204
00854300,ATLANTA TECHNICAL COLLEGE               ,GA,30310-4499,Public       ,227,876,1103,227,876,1103
00897600,CLAYTON STATE UNIVERSITY                ,GA,30260-0285,Public       ,1535,1895,3430,1535,1895,3430
00918300,EAST CENTRAL TECHNICAL COLLEGE          ,GA,31750-0000,Public       ,26,115,141,26,115,141
00927000,ART INSTITUTE OF ATLANTA                ,GA,30328-1649,Proprietary  ,1174,767,1941,1174,767,1941
00950700,GEORGIA HIGHLANDS COLLEGE               ,GA,30162-0000,Public       ,410,527,937,410,527,937
01031903,MEDIX SCHOOL                            ,GA,30080-7630,Proprietary  ,12,26,38,12,26,38
01048700,WEST GEORGIA TECHNICAL COLLEGE          ,GA,30182-6476,Public       ,190,678,868,190,678,868
01048704,WEST GEORGIA TECHNICAL COLLEGE          ,GA,30240-5957,Public       ,93,265,358,93,265,358
01077100,GUPTON JONES COLLEGE                    ,GA,30035-4022,Private      ,34,46,80,34,46,80
01099700,EAST GEORGIA COLLEGE                    ,GA,30401-2699,Public       ,334,136,470,334,136,470
01107400,BAINBRIDGE COLLEGE                      ,GA,39819-8400,Public       ,137,484,621,137,484,621
01110901,EVEREST COLLEGE - EVEREST INSTITUTE     ,GA,30067-8340,Proprietary  ,5,15,20,5,15,20
01157400,BAUDER COLLEGE                          ,GA,30313-2439,Proprietary  ,142,177,319,142,177,319
01205100,PRO WAY HAIR SCHOOL                     ,GA,30083-2884,Proprietary  ,7,34,41,7,34,41
01216500,ATLANTA METROPOLITAN COLLEGE            ,GA,30310-4498,Public       ,415,666,1081,415,666,1081
01303900,SOUTH UNIVERSITY                        ,GA,31406-4881,Proprietary  ,94,753,847,94,753,847
02055000,WAYCROSS COLLEGE                        ,GA,31503-0000,Public       ,104,167,271,104,167,271
02060900,BROWN CLG OF COURT REPORTING & M.T.     ,GA,30318-2570,Proprietary  ,3,77,80,3,77,80
02074800,LIFE UNIVERSITY                         ,GA,30060-0000,Private      ,92,893,985,92,893,985
02089700,HERZING COLLEGE                         ,GA,30326-1332,Proprietary  ,15,51,66,15,51,66
02110501,ART INSTITUTE OF CHARLOTTE (THE) - BROWN,GA,30319-3054,Proprietary  ,3,2,5,3,2,5
02113604,AMERICAN INTERCONTINENTAL UNIV - DUNWOOD,GA,30328-1649,Proprietary  ,327,1002,1329,327,1002,1329
02116000,SANFORD-BROWN COLLEGE                   ,GA,30328-4803,Proprietary  ,103,909,1012,103,909,1012
02141500,SAVANNAH COLLEGE OF ART & DESIGN        ,GA,31402-3146,Private      ,3443,1016,4459,3443,1016,4459
02202800,AUGUSTA AREA DIET INTERN UNIV HOSP      ,GA,30901-0000,Private      ,1,6,7,1,6,7
02205300,SAVANNAH RIVER COLLEGE                  ,GA,30909-0000,Proprietary  ,7,32,39,7,32,39
02217200,PORTFOLIO CENTER                        ,GA,30309-0000,Proprietary  ,6,28,34,6,28,34
02266200,AMERICAN PROFESSIONAL INSTITUTE         ,GA,31201-0000,Proprietary  ,9,67,76,9,67,76
02279500,HEART OF GEORGIA TECHNICAL COLLEGE      ,GA,31021-0000,Public       ,44,168,212,44,168,212
02284300,INTERACTIVE COLLEGE OF TECHNOLOGY       ,GA,30341-0000,Proprietary  ,11,101,112,11,101,112
02284308,INTERACTIVE LEARNING SYSTEMS            ,GA,30260-0000,Proprietary  ,4,47,51,4,47,51
02284309,INTERACTIVE COLLEGE OF TECHNOLOGY       ,GA,30501-0000,Proprietary  ,2,5,7,2,5,7
02285500,"CREATIVE CIRCUS, THE                    ",GA,30324-0000,Proprietary  ,8,55,63,8,55,63
02288400,GWINNETT TECHNICAL INSTITUTE            ,GA,30043-5702,Public       ,360,1277,1637,360,1277,1637
02313902,WESTWOOD COLLEGE - O'HARE AIRPORT - ATLA,GA,30345-2807,Proprietary  ,16,31,47,16,31,47
02318600,GEORGIA MEDICAL INSTITUTE               ,GA,30303-0000,Proprietary  ,64,192,256,64,192,256
02321400,ROFFLER-MOLER HAIRSTYLING COLLEGE       ,GA,30062-0000,Proprietary  ,1,12,13,1,12,13
02354500,SOUTHEASTERN BEAUTY SCHOOLS             ,GA,31906-0000,Proprietary  ,1,8,9,1,8,9
02482100,MOREHOUSE SCHOOL OF MEDICINE            ,GA,30310-0000,Private      ,48,259,307,48,259,307
02502700,ADVANCED CAREER TRAINING                ,GA,30329-0000,Proprietary  ,10,63,73,10,63,73
02502701,ADVANCED CAREER TRAINING-RIVERDALE      ,GA,30274-0000,Proprietary  ,10,75,85,10,75,85
02508600,MIDDLE GEORGIA TECHNICAL COLLEGE        ,GA,31088-0000,Public       ,82,161,243,82,161,243
02520000,INTERNATIONAL SCH SKIN & NAILCARE       ,GA,30342-1119,Proprietary  ,7,24,31,7,24,31
02577000,ARNOLD / PADRICKS  UNIV OF COSM         ,GA,30297-0000,Proprietary  ,1,4,5,1,4,5
02577700,BEAUTY COLLEGE OF AMERICA               ,GA,30297-0000,Proprietary  ,3,7,10,3,7,10
02578300,INTERNATIONAL CITY BEAUTY COLLEGE       ,GA,31093-3631,Proprietary  ,2,1,3,2,1,3
02580200,ATLANTA SCHOOL OF MASSAGE               ,GA,30338-0000,Proprietary  ,12,26,38,12,26,38
02583000,GWINNETT COLLEGE OF BUSINESS            ,GA,30047-3447,Proprietary  ,20,80,100,20,80,100
02607600,CAPELLI LEARNING CTR FOR COSM           ,GA,30324-0000,Proprietary  ,17,46,63,17,46,63
03005400,ARTISTIC BEAUTY COLLEGE                 ,GA,30013-2076,Proprietary  ,23,79,102,23,79,102
03022601,WESTERN CULINARY INSTITUTE - LE CORDON B,GA,30084-5893,Proprietary  ,35,30,65,35,30,65
03030000,OGEECHEE TECHNICAL COLLEGE              ,GA,30458-8049,Public       ,134,277,411,134,277,411
03032100,ALTAMAHA TECHNICAL COLLEGE              ,GA,31545-4465,Public       ,20,118,138,20,118,138
03042700,LAURUSTECHNICAL INSTITUTE               ,GA,30030-1506,Proprietary  ,10,52,62,10,52,62
03066500,SOUTHEASTERN TECHNICAL COLLEGE          ,GA,30474-8817,Public       ,27,165,192,27,165,192
03066502,SWAINSBORO TECHNICAL COLLEGE            ,GA,30401-5700,Public       ,29,70,99,29,70,99
03072304,EVEREST COLLEGE - EVEREST INSTITUTE     ,GA,30236-0000,Proprietary  ,13,50,63,13,50,63
03076300,BEULAH HEIGHTS BIBLE COLLEGE            ,GA,30316-1873,Private      ,9,98,107,9,98,107
03079202,WESTWOOD COLLEGE - ATLANTA MIDTOWN      ,GA,30309-2848,Proprietary  ,81,78,159,81,78,159
03081500,SOUTHEASTERN BEAUTY SCHOOL              ,GA,31917-0000,Proprietary  ,2,8,10,2,8,10
03089100,GEORGIA INSTITUTE OF COSMETOLOGY        ,GA,30606-3152,Proprietary  ,6,8,14,6,8,14
03090600,COBB BEAUTY COLLEGE                     ,GA,30144-2828,Proprietary  ,2,2,4,2,2,4
03100900,LUTHER RICE UNIVERSITY                  ,GA,30038-2454,Private      ,3,98,101,3,98,101
03102000,RIVERTOWN SCHOOL OF BEAUTY              ,GA,31904-4747,Proprietary  ,1,7,8,1,7,8
03104500,ATLANTA INSTITUTE OF MUSIC              ,GA,30096-4988,Proprietary  ,9,15,24,9,15,24
03116100,VOGUE BEAUTY SCHOOL                     ,GA,30141-2226,Proprietary  ,4,2,6,4,2,6
03155500,SANDERSVILLE REGIONAL TECH INST         ,GA,31082-6179,Public       ,27,94,121,27,94,121
03173300,ATLANTA'S JOHN MARSHALL LAW SCHOOL      ,GA,30309-0000,Proprietary  ,1,250,251,1,250,251
03232303,COMPUTER-ED INSTITUTE-                  ,GA,30071-0000,Proprietary  ,1,10,11,1,10,11
03232304,LINCOLN COLLEGE OF TECHNOLOGY           ,GA,30067-8638,Proprietary  ,14,86,100,14,86,100
03251300,BEACON UNIVERSITY                       ,GA,31909-4663,Private      ,12,68,80,12,68,80
03391300,ROSS MEDICAL EDUCATION CENTER           ,GA,30033-3105,Proprietary  ,1,25,26,1,25,26
03418300,GWINNETT COLLEGE-SANDY SPRINGS          ,GA,30328-3161,Proprietary  ,1,8,9,1,8,9
03445500,FAYETTE BEAUTY ACADEMY                  ,GA,30214-1191,Proprietary  ,4,3,7,4,3,7
03522300,POWDER SPRINGS BEAUTY COLLEGE           ,GA,30127-2926,Proprietary  ,0,3,3,0,3,3
03523300,AVIATION INSTITUTE OF MAINTENANCE       ,GA,30045-6716,Proprietary  ,16,39,55,16,39,55
03576300,GEORGIA AVIATION AND TECHNICAL COLL     ,GA,31023-0000,Public       ,18,15,33,18,15,33
03753400,MICHAEL'S SCHOOL OF BEAUTY              ,GA,31211-1493,Proprietary  ,1,4,5,1,4,5
03762300,INSTITUTE FOR MEDICAL SERVICES CERTIFICA,GA,30340-2702,Private      ,7,14,21,7,14,21
03804400,JAVELIN TECHNICAL TRAINING CENTER       ,GA,30339-6040,Proprietary  ,1,11,12,1,11,12
03812300,OMNITECH INSTITUTE                      ,GA,30035-1206,Proprietary  ,11,59,70,11,59,70
        ,CHICAGO THEOLOGICAL SEMINARY            ,IL,60637-0000,Private      ,0,101,101,0,101,101
00162800,AMERICAN ACADEMY OF ART                 ,IL,60604-4302,Proprietary  ,178,42,220,178,42,220
00163300,AUGUSTANA COLLEGE                       ,IL,61201-2296,Private      ,2284,48,2332,2284,48,2332
00163400,AURORA UNIVERSITY                       ,IL,60506-4892,Private      ,1081,623,1704,1081,623,1704
00163500,BARAT COLLEGE                           ,IL,60045-3297,Private      ,0,5,5,0,5,5
00163600,SOUTHWESTERN ILLINOIS COLLEGE           ,IL,62221-5899,Public       ,797,1264,2061,797,1264,2061
00163800,BLACK HAWK COLLEGE                      ,IL,61265-5899,Public       ,563,649,1212,563,649,1212
00163900,BLACKBURN COLLEGE                       ,IL,62626-1498,Private      ,513,48,561,513,48,561
00164000,PRAIRIE STATE COLLEGE                   ,IL,60411-8226,Public       ,455,897,1352,455,897,1352
00164100,BRADLEY UNIVERSITY                      ,IL,61625-0002,Private      ,4794,602,5396,4794,602,5396
00164300,SPOON RIVER COLLEGE                     ,IL,61520-8907,Public       ,234,171,405,234,171,405
00164700,CITY COLLEGES OF CHICAGO                ,IL,60606-6998,Public       ,97,211,308,97,211,308
00164800,TRUMAN COLLEGE                          ,IL,60640-5691,Public       ,468,988,1456,468,988,1456
00164900,RICHARD J DALEY COLLEGE                 ,IL,60652-1299,Public       ,525,1013,1538,525,1013,1538
00165000,CITY COLLEGES OF CHICAGO-MALCOLM X      ,IL,60612-3197,Public       ,493,1388,1881,493,1388,1881
00165200,HAROLD WASHINGTON COLLEGE               ,IL,60601-2403,Public       ,788,1352,2140,788,1352,2140
00165400,KENNEDY KING COLLEGE                    ,IL,60621-3798,Public       ,388,1360,1748,388,1360,1748
00165500,WRIGHT COLLEGE                          ,IL,60634-1591,Public       ,834,949,1783,834,949,1783
00165700,MIDWESTERN UNIVERSITY                   ,IL,60515-1200,Private      ,112,1582,1694,112,1582,1694
00165900,ROSALIND FRANKLIN UNIVERSITY OF MEDICINE,IL,60064-3095,Private      ,4,1359,1363,4,1359,1363
00166300,SPERTUS COLLEGE                         ,IL,60605-1995,Private      ,1,7,8,1,7,8
00166400,UNIVERSITY OF ST FRANCIS                ,IL,60435-6188,Private      ,612,454,1066,612,454,1066
00166495,ST JOSEPH COLLEGE OF NURSING            ,IL,60435-0000,Private      ,5,16,21,5,16,21
00166500,COLUMBIA COLLEGE                        ,IL,60605-1996,Private      ,4508,1869,6377,4508,1869,6377
00166600,CONCORDIA UNIVERSITY                    ,IL,60305-1499,Private      ,810,629,1439,810,629,1439
00166900,DANVILLE AREA COMMUNITY COLLEGE         ,IL,61832-5199,Public       ,276,309,585,276,309,585
00167100,DEPAUL UNIVERSITY                       ,IL,60604-2287,Private      ,9504,6088,15592,9504,6088,15592
00167400,EASTERN ILLINOIS UNIVERSITY             ,IL,61920-3099,Public       ,4972,1043,6015,4972,1043,6015
00167500,ELGIN COMMUNITY COLLEGE                 ,IL,60123-7193,Public       ,502,628,1130,502,628,1130
00167600,ELMHURST COLLEGE                        ,IL,60126-3296,Private      ,1555,389,1944,1555,389,1944
00167800,EUREKA COLLEGE                          ,IL,61530-9976,Private      ,413,46,459,413,46,459
00168100,HIGHLAND COMMUNITY COLLEGE              ,IL,61032-9341,Public       ,230,218,448,230,218,448
00168200,GARRETT-EVANGELICAL THEOLOGICAL SEM     ,IL,60201-0000,Private      ,1,68,69,1,68,69
00168400,GREENVILLE COLLEGE                      ,IL,62246-1199,Private      ,835,154,989,835,154,989
00168500,HEBREW THEOLOGICAL COLLEGE              ,IL,60077-3263,Private      ,83,0,83,83,0,83
00168800,ILLINOIS COLLEGE                        ,IL,62650-2299,Private      ,1096,60,1156,1096,60,1156
00168900,ILLINOIS COLLEGE OF OPTOMETRY           ,IL,60616-3878,Private      ,8,347,355,8,347,355
00169100,ILLINOIS INSTITUTE OF TECHNOLOGY        ,IL,60616-0000,Private      ,1865,640,2505,1865,640,2505
00169103,CHICAGO KENT COLLEGE OF LAW             ,IL,60661-0000,Private      ,3,1296,1299,3,1296,1299
00169200,ILLINOIS STATE UNIVERSITY               ,IL,61790-1000,Public       ,10891,2453,13344,10891,2453,13344
00169300,NORTHEASTERN ILLINOIS UNIV              ,IL,60625-4699,Public       ,2246,2368,4614,2246,2368,4614
00169400,CHICAGO STATE UNIVERSITY                ,IL,60628-1598,Public       ,2077,3201,5278,2077,3201,5278
00169600,ILLINOIS WESLEYAN UNIVERSITY            ,IL,61701-0000,Private      ,2159,28,2187,2159,28,2187
00169800,JOHN MARSHALL LAW SCHOOL                ,IL,60604-0000,Private      ,3,1044,1047,3,1044,1047
00169900,JOLIET JUNIOR COLLEGE                   ,IL,60431-8938,Public       ,1036,989,2025,1036,989,2025
00170000,JUDSON UNIVERSITY                       ,IL,60123-1498,Private      ,368,205,573,368,205,573
00170100,KASKASKIA COLLEGE                       ,IL,62801-7878,Public       ,330,489,819,330,489,819
00170300,KENDALL COLLEGE                         ,IL,60622-4278,Proprietary  ,330,303,633,330,303,633
00170400,KNOX COLLEGE                            ,IL,61401-4999,Private      ,1309,26,1335,1309,26,1335
00170500,ILLINOIS VALLEY COMMUNITY COLLEGE       ,IL,61348-9692,Public       ,277,318,595,277,318,595
00170600,LAKE FOREST COLLEGE                     ,IL,60045-2399,Private      ,1064,50,1114,1064,50,1114
00170700,LEWIS UNIVERSITY                        ,IL,60446-2200,Private      ,1621,707,2328,1621,707,2328
00170800,LINCOLN CHRISTIAN UNIVERSITY            ,IL,62656-2167,Private      ,255,181,436,255,181,436
00170900,LINCOLN COLLEGE                         ,IL,62656-1699,Private      ,410,86,496,410,86,496
00171000,LOYOLA UNIVERSITY CHICAGO               ,IL,60626-0000,Private      ,11553,4801,16354,11553,4801,16354
00171002,LOYOLA STRITCH SCHOOL OF MEDICINE       ,IL,60153-0000,Private      ,8,805,813,8,805,813
00171200,LUTHERAN SCHOOL OF THEOL AT CHICAGO     ,IL,60615-0000,Private      ,1,48,49,1,48,49
00171600,MACCORMAC COLLEGE                       ,IL,60602-4405,Private      ,17,29,46,17,29,46
00171700,MACMURRAY COLLEGE                       ,IL,62650-2590,Private      ,405,99,504,405,99,504
00172100,MCCORMICK THEOLOGICAL SEMINARY          ,IL,60615-5108,Private      ,0,40,40,0,40,40
00172200,MCKENDREE UNIVERSITY                    ,IL,62254-1299,Private      ,823,382,1205,823,382,1205
00172300,MEADVILLE LOMBARD THEOLOGICAL SCHOOL    ,IL,60637-1602,Private      ,0,56,56,0,56,56
00172400,MILLIKIN UNIVERSITY                     ,IL,62522-2084,Private      ,1848,300,2148,1848,300,2148
00172500,MONMOUTH COLLEGE                        ,IL,61462-1963,Private      ,1113,43,1156,1113,43,1156
00172800,MORTON COLLEGE                          ,IL,60804-4398,Public       ,242,279,521,242,279,521
00173200,NATIONAL UNIV OF HEALTH SCIENCES        ,IL,60148-4583,Private      ,24,211,235,24,211,235
00173300,NATIONAL-LOUIS UNIVERSITY               ,IL,60603-3032,Private      ,87,1521,1608,87,1521,1608
00173400,NORTH CENTRAL COLLEGE                   ,IL,60540-4690,Private      ,1566,227,1793,1566,227,1793
00173500,NORTH PARK UNIVERSITY                   ,IL,60625-4895,Private      ,1198,335,1533,1198,335,1533
00173600,NORTHERN BAPTIST THEOL SEMINARY         ,IL,60148-0000,Private      ,2,10,12,2,10,12
00173700,NORTHERN ILLINOIS UNIVERSITY            ,IL,60115-2854,Public       ,12098,4049,16147,12098,4049,16147
00173900,NORTHWESTERN UNIV                       ,IL,60208-0001,Private      ,10116,5016,15132,10116,5016,15132
00174100,OLIVET NAZARENE UNIVERSITY              ,IL,60914-2271,Private      ,1777,559,2336,1777,559,2336
00174200,IL EASTERN COMM COLGS-OLNEY CENTRAL     ,IL,62450-1099,Public       ,230,188,418,230,188,418
00174500,QUINCY UNIVERSITY                       ,IL,62301-2699,Private      ,690,156,846,690,156,846
00174600,ROBERT MORRIS UNIVERSITY ILLINOIS       ,IL,60605-1225,Private      ,2086,2100,4186,2086,2100,4186
00174700,ROCK VALLEY COLLEGE                     ,IL,61114-5699,Public       ,662,1053,1715,662,1053,1715
00174800,ROCKFORD COLLEGE                        ,IL,61108-2393,Private      ,420,333,753,420,333,753
00174900,ROOSEVELT UNIVERSITY                    ,IL,60605-1394,Private      ,1366,2529,3895,1366,2529,3895
00175000,DOMINICAN UNIVERSITY                    ,IL,60305-1066,Private      ,957,430,1387,957,430,1387
00175200,SAUK VALLEY COMMUNITY COLLEGE           ,IL,61021-9112,Public       ,259,340,599,259,340,599
00175300,SCHOOL OF ART INSTITUTE OF CHICAGO      ,IL,60603-3013,Private      ,1728,1255,2983,1728,1255,2983
00175400,SEABURY-WESTERN THEO SEMINARY           ,IL,60201-0000,Private      ,0,16,16,0,16,16
00175600,SHIMER COLLEGE                          ,IL,60616-3893,Private      ,23,20,43,23,20,43
00175700,SOUTHEASTERN ILLINOIS COLLEGE           ,IL,62946-4925,Public       ,170,179,349,170,179,349
00175800,SOUTHERN ILL UNIV-CARBONDALE            ,IL,62901-0000,Public       ,6343,2664,9007,6343,2664,9007
00175801,SOUTHERN ILLINOIS UNIV SCHOOL MEDIC     ,IL,62794-0000,Public       ,45,261,306,45,261,306
00175900,SOUTHERN ILL UNIV-EDWARDSVILLE          ,IL,62026-1060,Public       ,5424,2342,7766,5424,2342,7766
00175924,SO IL UNIV-SCHL OF DENTAL MEDICINE      ,IL,62002-0000,Public       ,7,142,149,7,142,149
00176100,SPRINGFIELD COLLEGE IN ILLINOIS         ,IL,62702-2694,Private      ,146,174,320,146,174,320
00176500,UNIVERSITY OF ST MARY OF THE LAKE       ,IL,60060-0000,Private      ,1,3,4,1,3,4
00176700,BENEDICTINE UNIVERSITY                  ,IL,60532-0900,Private      ,1021,610,1631,1021,610,1631
00176800,ST XAVIER UNIVERSITY                    ,IL,60655-3199,Private      ,2153,1343,3496,2153,1343,3496
00176900,SOUTH SUBURBAN COLLEGE                  ,IL,60473-9978,Public       ,525,1287,1812,525,1287,1812
00177100,TRINITY CHRISTIAN COLLEGE               ,IL,60463-0929,Private      ,716,194,910,716,194,910
00177200,TRINITY INTERNATIONAL UNIVERSITY        ,IL,60015-1283,Private      ,561,437,998,561,437,998
00177300,TRITON COLLEGE                          ,IL,60171-1995,Public       ,703,810,1513,703,810,1513
00177400,UNIVERSITY OF CHICAGO                   ,IL,60637-1476,Private      ,5938,1105,7043,5938,1105,7043
00177401,UNIV OF CHICAGO PRITZKER SCH OF MED     ,IL,60637-0000,Private      ,19,353,372,19,353,372
00177403,"UNIV OF CHICAGO, GRAD SCH OF BUS        ",IL,60637-0000,Private      ,6,281,287,6,281,287
00177405,UNIVERSITY OF CHICAGO GRADUATE          ,IL,60637-0000,Private      ,40,2938,2978,40,2938,2978
00177500,UNIV OF ILLINOIS @ URBANA-CHAMPAIGN     ,IL,61820-5796,Public       ,14909,3678,18587,14909,3678,18587
00177600,UNIV OF ILLINOIS AT CHICAGO             ,IL,60607-7163,Public       ,9706,6389,16095,9706,6389,16095
00177800,VANDERCOOK COLLEGE OF MUSIC             ,IL,60616-3731,Private      ,62,18,80,62,18,80
00177900,IL EASTERN COMM COLGS-WABASH VALLEY     ,IL,62863-2699,Public       ,147,93,240,147,93,240
00178000,WESTERN ILLINOIS UNIVERSITY             ,IL,61455-1390,Public       ,4884,1227,6111,4884,1227,6111
00178100,WHEATON COLLEGE                         ,IL,60187-5535,Private      ,1848,280,2128,1848,280,2128
00178300,WORSHAM COLLEGE OF MORTUARY SCIENCE     ,IL,60090-2646,Proprietary  ,12,36,48,12,36,48
00396100,HARPER COLLEGE                          ,IL,60067-7398,Public       ,980,669,1649,980,669,1649
00418100,ADVOCATE TRINITY HOSPITAL SCHOOL OF RADI,IL,60617-3982,Private      ,4,37,41,4,37,41
00456000,GEM CITY COLLEGE                        ,IL,62301-4949,Proprietary  ,3,4,7,3,4,7
00456800,MIDSTATE COLLEGE                        ,IL,61614-3558,Proprietary  ,16,224,240,16,224,240
00457100,SPARKS COLLEGE                          ,IL,62565-2241,Proprietary  ,2,6,8,2,6,8
00621400,BLESSING RIEMAN COLLEGE OF NURSING      ,IL,62301-0000,Private      ,36,28,64,36,28,64
00621401,BLESSING HOSP SCH MED LAB TECH          ,IL,62301-0000,Private      ,1,1,2,1,1,2
00621402,BLESSING HOSP SCH OF RAD TECH           ,IL,62301-2852,Private      ,2,6,8,2,6,8
00621403,BLESSING HOSPITAL - COLLEGE OF NURSING  ,IL,62305-7005,Private      ,2,3,5,2,3,5
00622501,TRINITY COLLEGE OF NURSING & HEALTH SCIE,IL,61201-5317,Private      ,19,54,73,19,54,73
00624000,ST FRANCIS MED CLG OF NRSG              ,IL,61603-3783,Private      ,66,124,190,66,124,190
00665600,COLLEGE OF DUPAGE                       ,IL,60137-6599,Public       ,1433,1247,2680,1433,1247,2680
00675300,ILLINOIS CENTRAL COLLEGE                ,IL,61635-0001,Public       ,956,1035,1991,956,1035,1991
00693100,WAUBONSEE COMMUNITY COLLEGE             ,IL,60554-0000,Public       ,333,441,774,333,441,774
00711800,PARKLAND COLLEGE                        ,IL,61821-1899,Public       ,956,779,1735,956,779,1735
00711900,REND LAKE COLLEGE                       ,IL,62846-9801,Public       ,319,286,605,319,286,605
00717000,LINCOLN LAND COMMUNITY COLLEGE          ,IL,62794-9256,Public       ,583,826,1409,583,826,1409
00726500,CARL SANDBURG COLLEGE                   ,IL,61401-9576,Public       ,268,397,665,268,397,665
00729701,WESTWOOD COLLEGE OF TECHNOLOGY          ,IL,60176-0000,Proprietary  ,7,5,12,7,5,12
00754900,COYNE AMERICAN INSTITUTE                ,IL,60607-1300,Proprietary  ,58,184,242,58,184,242
00764400,LAKE LAND COLLEGE                       ,IL,61938-9366,Public       ,707,535,1242,707,535,1242
00768400,KISHWAUKEE COLLEGE                      ,IL,60150-9699,Public       ,339,331,670,339,331,670
00769000,KANKAKEE COMMUNITY COLLEGE              ,IL,60901-6505,Public       ,321,419,740,321,419,740
00769100,MCHENRY COUNTY COLLEGE                  ,IL,60012-2761,Public       ,326,263,589,326,263,589
00769200,MORAINE VALLEY COMMUNITY COLLEGE        ,IL,60465-0937,Public       ,1126,892,2018,1126,892,2018
00769300,SHAWNEE COMMUNITY COLLEGE               ,IL,62992-9725,Public       ,171,224,395,171,224,395
00769400,COLLEGE OF LAKE COUNTY                  ,IL,60030-1198,Public       ,544,711,1255,544,711,1255
00793700,MS ROBERTS ACADEMY OF BEAUTY CULT       ,IL,60181-2930,Proprietary  ,4,7,11,4,7,11
00807600,JOHN A LOGAN COLLEGE                    ,IL,62918-2500,Public       ,421,417,838,421,417,838
00825900,EDUCATORS OF BEAUTY                     ,IL,61081-3611,Proprietary  ,9,13,22,9,13,22
00825901,EDUCATORS OF BEAUTY                     ,IL,61104-0000,Proprietary  ,3,9,12,3,9,12
00832800,ALVAREITA'S COLLEGE OF COSMETOLOGY      ,IL,62025-2041,Proprietary  ,8,5,13,8,5,13
00854400,CAREER COLLEGES OF CHICAGO              ,IL,60603-6397,Proprietary  ,10,43,53,10,43,53
00854500,ROCKFORD BUSINESS COLLEGE               ,IL,61103-0000,Proprietary  ,17,196,213,17,196,213
00888000,MORRISON INSTITUTE OF TECHNOLOGY        ,IL,61270-2959,Private      ,60,8,68,60,8,68
00893800,GRAHAM HOSPITAL SCH OF NURSING          ,IL,61520-2497,Private      ,5,31,36,5,31,36
00893900,CANNELLA SCHOOL OF HAIR DESIGN          ,IL,60406-2130,Proprietary  ,2,14,16,2,14,16
00914500,GOVERNORS STATE UNIVERSITY              ,IL,60466-0975,Public       ,228,1501,1729,228,1501,1729
00923200,CATHOLIC THEOLOGICAL UNION              ,IL,60615-0000,Private      ,0,16,16,0,16,16
00933300,UNIV OF ILLINOIS AT SPRINGFIELD         ,IL,62703-5407,Public       ,695,811,1506,695,811,1506
00947500,EDUCATORS OF BEAUTY                     ,IL,61301-2404,Proprietary  ,1,4,5,1,4,5
00959500,CANNELLA SCHOOL OF HAIR DESIGN          ,IL,60617-4303,Proprietary  ,7,24,31,7,24,31
00976700,OLIVE-HARVEY COLLEGE                    ,IL,60628-1696,Public       ,239,933,1172,239,933,1172
00978600,IL EASTERN COMM COLGS-LINCOLN TRAIL     ,IL,62454-5708,Public       ,127,134,261,127,134,261
00980000,RUSH UNIVERSITY                         ,IL,60612-3806,Private      ,123,850,973,123,850,973
00989600,OAKTON COMMUNITY COLLEGE                ,IL,60016-1268,Public       ,714,520,1234,714,520,1234
00998700,SAINT ANTHONY COLLEGE OF NURSING        ,IL,61108-2468,Private      ,35,70,105,35,70,105
01002000,LEWIS AND CLARK COMMUNITY COLLEGE       ,IL,62035-2466,Public       ,376,537,913,376,537,913
01031600,LINCOLN COLLEGE OF TECHNOLOGY           ,IL,60160-1605,Proprietary  ,136,214,350,136,214,350
01050100,LAKEVIEW  COLLEGE OF NURSING            ,IL,61832-3781,Private      ,35,78,113,35,78,113
01069500,TRI-COUNTY BEAUTY ACADEMY               ,IL,62056-2036,Proprietary  ,0,3,3,0,3,3
01071000,CAPITAL AREA SCH OF PRAC NRSG           ,IL,62707-0000,Public       ,9,94,103,9,94,103
01072700,DEVRY UNIVERSITY                        ,IL,60618-5994,Proprietary  ,5514,12203,17717,5514,12203,17717
01073700,ADVOCATE IL MASONIC SCH OF RAD TECH     ,IL,60657-5193,Private      ,7,28,35,7,28,35
01083600,PIVOT POINT INTNL CSMTLGY RSRCH CTR     ,IL,60626-0000,Proprietary  ,52,108,160,52,108,160
01087900,RICHLAND COMMUNITY COLLEGE              ,IL,62521-8513,Public       ,192,328,520,192,328,520
01181000,TAYLOR BUSINESS INSTITUTE               ,IL,60606-5111,Proprietary  ,2,16,18,2,16,18
01185800,EVEREST COLLEGE                         ,IL,60077-1074,Proprietary  ,21,75,96,21,75,96
01236200,NORTHWESTERN COLLEGE                    ,IL,60630-2298,Proprietary  ,264,735,999,264,735,999
01238500,BLOOMINGTON-NORMAL SCH RADIOGRAPHY      ,IL,61761-4604,Private      ,7,2,9,7,2,9
01258400,ILLINOIS INSTITUTE OF ART (THE)         ,IL,60654-1593,Proprietary  ,1378,560,1938,1378,560,1938
01260800,DU QUOIN BEAUTY COLLEGE                 ,IL,62832-1805,Proprietary  ,1,0,1,1,0,1
01281300,JOHN WOOD COMMUNITY COLLEGE             ,IL,62305-0401,Public       ,323,266,589,323,266,589
01308700,CAPRI GARFIELD RIDGE SCH OF BTY CLR     ,IL,60629-1613,Proprietary  ,4,15,19,4,15,19
01308800,CAPRI OAK FOREST COLLEGE OF BEAUTY      ,IL,60452-2798,Proprietary  ,17,35,52,17,35,52
02055200,HARRINGTON COLLEGE OF DESIGN            ,IL,60606-3433,Proprietary  ,358,209,567,358,209,567
02068100,ADLER SCH OF PROFESSIONAL PSYCHLGY      ,IL,60601-0000,Private      ,2,226,228,2,226,228
02069300,VATTEROTT COLLEGE                       ,IL,62305-5938,Proprietary  ,18,61,79,18,61,79
02073200,TELSHE YESHIVA-CHICAGO                  ,IL,60625-0000,Private      ,1,0,1,1,0,1
02074400,IL EASTERN COMM COLGS-FRONTIER          ,IL,62837-0000,Public       ,48,93,141,48,93,141
02075400,KELLER GRADUATE SCHOOL OF MGMT.         ,IL,60515-5683,Proprietary  ,12,2490,2502,12,2490,2502
02113600,AMERICAN INTERCONTINENTAL UNIVERSITY    ,IL,60192-3713,Proprietary  ,877,8285,9162,877,8285,9162
02117400,BECK AREA CAREER CENTER                 ,IL,62278-0000,Public       ,1,26,27,1,26,27
02124400,UNIVERSITY OF SPA & COSMETOLOGY ART     ,IL,62704-0000,Proprietary  ,15,27,42,15,27,42
02150600,COSMETOLOGY AND SPA INSTITUTE (THE)     ,IL,60014-4003,Proprietary  ,2,4,6,2,4,6
02155300,THE CHICAGO SCHOOL OF PROF PSYCHOLOGY   ,IL,60610-4705,Private      ,4,781,785,4,781,785
02160300,INTERNATIONAL ACAD OF DESIGN & TECH     ,IL,60602-3319,Proprietary  ,770,690,1460,770,690,1460
02160304,INTERNATIONAL ACADEMY OF DESIGN AND TECH,IL,60173-5160,Proprietary  ,45,19,64,45,19,64
02166800,JOHN AMICO'S SCHOOL OF HAIR DESIGN      ,IL,60452-0000,Proprietary  ,0,7,7,0,7,7
02168600,EAST WEST UNIVERSITY                    ,IL,60605-0000,Private      ,238,219,457,238,219,457
02179900,ARGOSY UNIVERSITY                       ,IL,60601-7757,Proprietary  ,312,6785,7097,312,6785,7097
02185400,ST AUGUSTINE COLLEGE                    ,IL,60640-0000,Private      ,46,173,219,46,173,219
02192400,MR JOHNS SCHOOL OF COSMETOLOGY          ,IL,62521-0000,Proprietary  ,2,3,5,2,3,5
02202600,CANNELLA SCHOOL OF HAIR DESIGN          ,IL,60181-1321,Proprietary  ,1,0,1,1,0,1
02214100,WEST SUBURBAN COLLEGE OF NURSING        ,IL,60302-2519,Private      ,30,99,129,30,99,129
02228100,MAC DANIEL'S BEAUTY SCHOOL              ,IL,60640-0000,Proprietary  ,3,9,12,3,9,12
02253000,CANNELLA SCHOOL OF HAIR DESIGN          ,IL,60644-0000,Proprietary  ,4,11,15,4,11,15
02261200,HAIR PROFESSIONALS ACAD COSMETOLOGY     ,IL,60118-0000,Proprietary  ,1,1,2,1,1,2
02262100,HAIR PROFESSIONALS SCH COSMETOLOGY      ,IL,60543-0000,Proprietary  ,2,1,3,2,1,3
02291200,CANNELLA SCHOOL OF HAIR DESIGN          ,IL,60639-0000,Proprietary  ,5,22,27,5,22,27
02295500,CANNELLA SCHOOL OF HAIR DESIGN          ,IL,60120-0000,Proprietary  ,0,1,1,0,1,1
02297500,OEHRLEIN SCHOOL OF COSMETOLOGY          ,IL,61611-0000,Proprietary  ,1,8,9,1,8,9
02312300,LA' JAMES COLLEGE HAIRSTYLING           ,IL,61244-0000,Proprietary  ,1,4,5,1,4,5
02313900,WESTWOOD COLLEGE - O'HARE AIRPORT       ,IL,60631-2801,Proprietary  ,102,188,290,102,188,290
02317300,CONCEPT COLLEGE OF COSMETOLOGY          ,IL,61832-0000,Proprietary  ,7,9,16,7,9,16
02319200,LAKE FOREST GRAD SCHL OF MGMT           ,IL,60045-4824,Private      ,0,31,31,0,31,31
02323300,PROFESSIONAL'S CHOICE HAIR DSN ACAD     ,IL,60435-0000,Proprietary  ,3,2,5,3,2,5
02332200,HAIR PROFESSIONALS CAREER COLLEGE       ,IL,60178-0000,Proprietary  ,2,3,5,2,3,5
02337800,THE COLLEGE OF OFFICE TECHNOLOGY        ,IL,60622-0000,Proprietary  ,3,30,33,3,30,33
02349400,ALVAREITA'S COLLEGE OF COSMETOLOGY      ,IL,62035-0000,Proprietary  ,1,3,4,1,3,4
02349500,CANNELLA SCHOOL OF HAIR DESIGN          ,IL,60632-0000,Proprietary  ,7,21,28,7,21,28
02352200,COOKING & HOSPITALITY INSTITUTE         ,IL,60610-3050,Proprietary  ,343,338,681,343,338,681
02498200,HAIR PROFESSIONALS ACAD COSMETOLOGY     ,IL,60187-0000,Proprietary  ,0,5,5,0,5,5
02522800,FOX COLLEGE                             ,IL,60453-0000,Proprietary  ,34,10,44,34,10,44
02527600,LEXINGTON COLLEGE                       ,IL,60607-0000,Private      ,24,13,37,24,13,37
02536700,BELL MAR BEAUTY COLLEGE                 ,IL,60650-0000,Proprietary  ,1,2,3,1,2,3
02538100,REGENCY BEAUTY INSTITUTE                ,IL,61820-0000,Proprietary  ,3,10,13,3,10,13
02556100,ENVIRONMENTAL TECHNICAL INSTITUTE       ,IL,60143-0000,Proprietary  ,7,3,10,7,3,10
02556600,NILES SCHOOL OF COSMETOLOGY             ,IL,60714-0000,Proprietary  ,0,5,5,0,5,5
02573700,INSTITUTE FOR CLINICAL SOCIAL WORK      ,IL,60601-0000,Private      ,2,22,24,2,22,24
02579200,INGALLS MEMORIAL HOSPITAL               ,IL,60426-0000,Private      ,0,4,4,0,4,4
02584900,"FIRST INSTITUTE, INC.                   ",IL,60014-7489,Proprietary  ,0,14,14,0,14,14
02587700,HAIR PROFESSIONALS CAREER COLLEGE       ,IL,60465-1929,Proprietary  ,3,4,7,3,4,7
02599500,HANOVER PARK COLLEGE OF BEAUTY CULT     ,IL,60133-5421,Proprietary  ,9,12,21,9,12,21
02622700,KNOWLEDGE SYSTEMS INSTITUTE             ,IL,60076-0000,Private      ,0,3,3,0,3,3
03002000,HAIRMASTERS INST OF COSMETOLOGY         ,IL,61701-5547,Proprietary  ,3,5,8,3,5,8
03027702,PACIFIC COLLEGE OF ORIENTAL MEDICINE - C,IL,60613-4418,Proprietary  ,2,39,41,2,39,41
03065300,TREND SETTERS COLL OF COSMETOLOGY       ,IL,60915-2101,Proprietary  ,3,8,11,3,8,11
03072701,WESTWOOD COLLEGE OF TECHNOLOGY          ,IL,60409-0000,Proprietary  ,98,212,310,98,212,310
03072702,WESTWOOD COLLEGE OF TECHNOLOGY          ,IL,60602-0000,Proprietary  ,93,121,214,93,121,214
03078400,CAMEO BEAUTY ACADEMY                    ,IL,60453-3196,Proprietary  ,9,5,14,9,5,14
03079200,WESTWOOD COLLEGE - DUPAGE               ,IL,60517-2321,Proprietary  ,169,119,288,169,119,288
03082900,ROSEL SCHOOL OF COSMETOLOGY             ,IL,60659-1913,Proprietary  ,1,6,7,1,6,7
03083800,HEARTLAND COMMUNITY COLLEGE             ,IL,61761-9446,Public       ,375,465,840,375,465,840
03098000,ST JOHN'S COLLEGE OF NURSING            ,IL,62702-5321,Private      ,32,31,63,32,31,63
03098002,ST JOHN'S HOSP SCH MED TECH             ,IL,62769-5324,Private      ,4,1,5,4,1,5
03098003,ST JOHN'S HOSPITAL SCH OF DIETETICS     ,IL,62769-0000,Private      ,1,0,1,1,0,1
03099700,CAIN'S BARBER COLLEGE                   ,IL,60615-3510,Proprietary  ,10,64,74,10,64,74
03099800,ILLINOIS SCHOOL OF HEALTH CAREERS       ,IL,60604-0000,Proprietary  ,26,104,130,26,104,130
03101800,ILLINOIS CENTER FOR BROADCASTING        ,IL,60148-7015,Proprietary  ,7,36,43,7,36,43
03128300,PYRAMID CAREER INSTITUTE                ,IL,60657-4207,Proprietary  ,0,2,2,0,2,2
03128500,NATIONAL LATINO EDUCATION INSTITUTE     ,IL,60609-2205,Private      ,1,7,8,1,7,8
03199300,CHRISTIAN LIFE COLLEGE                  ,IL,60056-2522,Private      ,3,3,6,3,3,6
03368300,MIDWEST TECHNICAL INSTITUTE             ,IL,62707-8805,Proprietary  ,20,152,172,20,152,172
03448300,BIR TRAINING CENTER                     ,IL,60659-1298,Proprietary  ,0,9,9,0,9,9
03455700,CORTIVA INSTITUTE - CHICAGO             ,IL,60602-3315,Proprietary  ,25,66,91,25,66,91
03472300,CHICAGO URBAN LEAGUE COMPUTER TRAIN     ,IL,60604-2198,Private      ,0,7,7,0,7,7
03510300,ERIKSON INSTITUTE                       ,IL,60654-4510,Private      ,1,130,131,1,130,131
03623300,VEE'S SCHOOL OF BEAUTY CULTURE          ,IL,62205-2326,Proprietary  ,1,4,5,1,4,5
03643300,"MR. JOHN'S SCHOOL OF JACKSONVILLE,  INC,",IL,62650-3488,Proprietary  ,0,6,6,0,6,6
03655300,ILLINOIS CAREERPATH INSTITUTE           ,IL,60610-4705,Private      ,1,3,4,1,3,4
03669300,ILLINOIS WELDING SCHOOL                 ,IL,61607-2045,Proprietary  ,4,13,17,4,13,17
03684300,NORTHSHORE UNIVERSITY HEALTHSYSTEM SCHOO,IL,60201-9872,Private      ,0,7,7,0,7,7
03721400,AMERICAN CAREER COLLEGE                 ,IL,60402-0000,Proprietary  ,3,2,5,3,2,5
03879300,YOUR SCHOOL OF BEAUTY CULTURE           ,IL,60653-1517,Proprietary  ,0,16,16,0,16,16
03881400,EUROPEAN MASSAGE THERAPY SCHOOL         ,IL,60077-2269,Proprietary  ,1,2,3,1,2,3
03891300,SOMA INSTITUTE - THE NATIONAL SCHOOL OF ,IL,60604-4466,Proprietary  ,9,40,49,9,40,49
03914300,"CALC, INSTITUTE OF TECHNOLOGY           ",IL,62002-5931,Proprietary  ,2,46,48,2,46,48
03955400,MIDWEST INSTITUTE OF MASSAGE THERAPY    ,IL,62223-0000,Proprietary  ,1,9,10,1,9,10
        ,ASBURY THEOLOGICAL SEMINARY             ,KY,40390-0000,Private      ,7,504,511,7,504,511
00195100,ALICE LLOYD COLLEGE                     ,KY,41844-9703,Private      ,749,43,792,749,43,792
00195200,ASBURY COLLEGE                          ,KY,40390-1198,Private      ,847,88,935,847,88,935
00195400,BELLARMINE UNIVERSITY                   ,KY,40205-1877,Private      ,1793,472,2265,1793,472,2265
00195500,BEREA COLLEGE                           ,KY,40403-0000,Private      ,1721,245,1966,1721,245,1966
00195800,BRESCIA UNIVERSITY                      ,KY,42301-3023,Private      ,279,119,398,279,119,398
00195900,CAMPBELLSVILLE UNIVERSITY               ,KY,42718-2799,Private      ,1493,386,1879,1493,386,1879
00196000,SPALDING UNIVERSITY                     ,KY,40203-2188,Private      ,310,879,1189,310,879,1189
00196100,CENTRE COLLEGE                          ,KY,40422-1394,Private      ,1519,30,1549,1519,30,1549
00196200,UNIVERSITY OF THE CUMBERLANDS           ,KY,40769-1372,Private      ,1350,226,1576,1350,226,1576
00196300,EASTERN KENTUCKY UNIVERSITY             ,KY,40475-3102,Public       ,5539,2787,8326,5539,2787,8326
00196400,GEORGETOWN COLLEGE                      ,KY,40324-1628,Private      ,1440,165,1605,1440,165,1605
00196500,KENTUCKY CHRISTIAN UNIVERSITY           ,KY,41143-2205,Private      ,334,76,410,334,76,410
00196800,KENTUCKY STATE UNIVERSITY               ,KY,40601-2355,Public       ,1426,516,1942,1426,516,1942
00196900,KENTUCKY WESLEYAN COLLEGE               ,KY,42302-1039,Private      ,1037,127,1164,1037,127,1164
00197000,LEES COLLEGE                            ,KY,41339-0000,Private      ,4,6,10,4,6,10
00197100,LEXINGTON THEOLOGICAL SEMINARY          ,KY,40508-0000,Private      ,0,21,21,0,21,21
00197200,LINDSEY WILSON COLLEGE                  ,KY,42728-1223,Private      ,1417,543,1960,1417,543,1960
00197400,LOUISVILLE PRESBYTERIAN THEOL SEM       ,KY,40205-0000,Private      ,0,45,45,0,45,45
00197500,MIDWAY COLLEGE                          ,KY,40347-1120,Private      ,328,565,893,328,565,893
00197600,MOREHEAD STATE UNIVERSITY               ,KY,40351-1689,Public       ,3241,1594,4835,3241,1594,4835
00197700,MURRAY STATE UNIVERSITY                 ,KY,42071-0009,Public       ,3307,1317,4624,3307,1317,4624
00197900,WEST KENTUCKY CMNTY & TECHNICAL COLG    ,KY,42002-7380,Public       ,493,815,1308,493,815,1308
00197901,WEST KENTUCKY CMNTY & TECHNICAL COLG    ,KY,42001-0000,Public       ,180,203,383,180,203,383
00197903,W KY CMNTY TECH - MURRAY AREA VOC ED CTR,KY,42071-0000,Public       ,1,3,4,1,3,4
00198000,PIKEVILLE COLLEGE                       ,KY,41501-1194,Private      ,696,187,883,696,187,883
00198001,PIKEVILLE CLG-SCH OSTEOPATHIC MEDIC     ,KY,41501-0000,Private      ,3,157,160,3,157,160
00198200,SOUTHERN BAPTIST THEOL SEMINARY         ,KY,40280-0000,Private      ,28,62,90,28,62,90
00198300,ST. CATHARINE COLLEGE                   ,KY,40061-9499,Private      ,355,179,534,355,179,534
00198700,TRANSYLVANIA UNIVERSITY                 ,KY,40508-1797,Private      ,1130,50,1180,1130,50,1180
00198800,UNION COLLEGE                           ,KY,40906-1499,Private      ,647,205,852,647,205,852
00198900,UNIVERSITY OF KENTUCKY                  ,KY,40506-0054,Public       ,9450,3367,12817,9450,3367,12817
00198901,UNIV OF KY-COLLEGE OF DENTISTRY         ,KY,40536-0000,Public       ,4,76,80,4,76,80
00198902,UNIV OF KY-COLLEGE OF MEDICINE          ,KY,40536-0000,Public       ,15,151,166,15,151,166
00199000,ASHLAND COMMUNITY AND TECHNICAL COLLEGE ,KY,41101-3683,Public       ,430,717,1147,430,717,1147
00199001,ASHLAND CMNTY AND TECHNCL COLG          ,KY,41102-0000,Public       ,80,101,181,80,101,181
00199100,ELIZABETHTOWN COMMUNITY  AND TECHNICAL C,KY,42701-3081,Public       ,798,1185,1983,798,1185,1983
00199300,HENDERSON COMMUNITY COLLEGE             ,KY,42420-4699,Public       ,193,330,523,193,330,523
00199400,HOPKINSVILLE COMMUNITY COLLEGE          ,KY,42241-2621,Public       ,305,897,1202,305,897,1202
00199600,BIG SANDY COMMUNITY AND TECHNICAL COLG  ,KY,41653-1815,Public       ,633,641,1274,633,641,1274
00199602,BIG SANDY COMMUNITY AND TECHNICAL COLG  ,KY,41240-1032,Public       ,67,64,131,67,64,131
00199700,SOMERSET COMMUNITY COLLEGE              ,KY,42501-2973,Public       ,897,1587,2484,897,1587,2484
00199701,LAUREL TECHNICAL COLLEGE                ,KY,40744-0000,Public       ,15,30,45,15,30,45
00199703,SOMERSET TECHNICAL COLLEGE              ,KY,42501-3043,Public       ,27,41,68,27,41,68
00199800,SOUTHEAST KENTUCKY COMMUNITY AND TECHNIC,KY,40823-1099,Public       ,441,442,883,441,442,883
00199802,CUMBERLAND VLY TEC CLG MIDDLESBORO      ,KY,40965-2265,Public       ,28,11,39,28,11,39
00199804,SOUTHEAST COMMUNITY COLLEGE             ,KY,40831-1796,Public       ,16,18,34,16,18,34
00199900,UNIVERSITY OF LOUISVILLE                ,KY,40292-0000,Public       ,7500,5514,13014,7500,5514,13014
00200100,THOMAS MORE COLLEGE                     ,KY,41017-3495,Private      ,757,232,989,757,232,989
00200200,WESTERN KENTUCKY UNIVERSITY             ,KY,42101-3576,Public       ,6461,2762,9223,6461,2762,9223
00461800,SPENCERIAN COLLEGE                      ,KY,40216-2605,Proprietary  ,311,573,884,311,573,884
00461900,SULLIVAN UNIVERSITY                     ,KY,40205-3000,Proprietary  ,835,1852,2687,835,1852,2687
00524300,HAZARD TECHNICAL COLLEGE                ,KY,41701-1198,Public       ,46,32,78,46,32,78
00524400,BLUEGRASS COMMUNITY & TECHNICAL COLLEGE ,KY,40506-0235,Public       ,334,979,1313,334,979,1313
00527100,BOWLING GREEN TECHNICAL COLLEGE         ,KY,42101-3601,Public       ,233,386,619,233,386,619
00527300,GATEWAY COMMUNITY & TECHNOLOGY COLL     ,KY,41011-0000,Public       ,228,482,710,228,482,710
00549500,KY TECH-JEFFERSON CAMPUS                ,KY,40203-2036,Public       ,218,242,460,218,242,460
00549502,SHELBY COUNTY AREA TECHNOLOGY CTR       ,KY,40065-0000,Public       ,29,25,54,29,25,54
00696000,MAYSVILLE CMNTY & TECHNCL COLG          ,KY,41056-8910,Public       ,241,561,802,241,561,802
00696002,MAYSVILLE CMNTY & TECHNCL COLG - ROWAN  ,KY,40351-8359,Public       ,52,40,92,52,40,92
00696100,JEFFERSON COMMUNITY AND TECHNICAL COLLEG,KY,40202-2005,Public       ,1645,2735,4380,1645,2735,4380
00696200,HAZARD COMMUNITY COLLEGE                ,KY,41701-2402,Public       ,638,614,1252,638,614,1252
00696203,KY TECH-KNOTT CO. TECHNOLOGY CTR        ,KY,41822-0000,Public       ,1,1,2,1,1,2
00696205,KY TECH-LEE COUNTY AREA TECH CTR        ,KY,41311-0000,Public       ,1,1,2,1,1,2
00696206,KY TECH-LETCHER CNTY AREA TECH CTR      ,KY,41858-0000,Public       ,6,4,10,6,4,10
00696207,KY TECH-BREATHITT COUNTY VOC ED CTR     ,KY,41339-0000,Public       ,1,9,10,1,9,10
00842500,DAYMAR COLLEGE                          ,KY,42001-0000,Proprietary  ,41,72,113,41,72,113
00901000,MADISONVILLE COMMUNITY COLLEGE          ,KY,42431-9199,Public       ,470,782,1252,470,782,1252
00927500,NORTHERN KENTUCKY UNIVERSITY            ,KY,41099-0001,Public       ,4103,2387,6490,4103,2387,6490
00931300,DAYMAR COLLEGE                          ,KY,42301-5830,Proprietary  ,43,311,354,43,311,354
00931302,DAYMAR COLLEGE - LOUISVILLE CAMPUS      ,KY,40219-1973,Proprietary  ,3,19,22,3,19,22
00970700,LEXINGTON COMMUNITY COLLEGE             ,KY,40506-0235,Public       ,1212,1344,2556,1212,1344,2556
01042400,SALON PROFESSIONAL ACADEMY THE          ,KY,40502-1776,Proprietary  ,8,12,20,8,12,20
01048900,NATIONAL COLLEGE                        ,KY,40508-0000,Proprietary  ,101,1117,1218,101,1117,1218
01172500,COLLINS SCHOOL OF COSMETOLOGY           ,KY,40965-2809,Proprietary  ,2,6,8,2,6,8
01208800,SULLIVAN COLLEGE OF TECHNOLOGY AND DESIG,KY,40218-4528,Proprietary  ,213,140,353,213,140,353
01212801,SOUTHWESTERN COLLEGE                    ,KY,41042-1466,Proprietary  ,11,70,81,11,70,81
01240400,LEXINGTON BEAUTY COLLEGE                ,KY,40503-1819,Proprietary  ,7,16,23,7,16,23
01267700,OWENSBORO TECHNICAL COLLEGE             ,KY,42301-4806,Public       ,3,5,8,3,5,8
01267702,KY TECH OHIO CO CENTER                  ,KY,42347-0000,Public       ,0,1,1,0,1,1
01291400,EMPIRE BEAUTY SCHOOL                    ,KY,40218-0000,Proprietary  ,15,16,31,15,16,31
01291500,EMPIRE BEAUTY SCHOOL                    ,KY,41042-5113,Proprietary  ,2,6,8,2,6,8
01291600,EMPIRE BEAUTY SCHOOL                    ,KY,40216-4212,Proprietary  ,5,10,15,5,10,15
01291700,EMPIRE BEAUTY SCHOOL                    ,KY,40160-0000,Proprietary  ,8,11,19,8,11,19
01296800,EMPIRE BEAUTY SCHOOL                    ,KY,40207-2695,Proprietary  ,12,10,22,12,10,22
02159100,"APPALACHIAN BEAUTY SCHOOL, INC.         ",KY,41503-0000,Proprietary  ,5,7,12,5,7,12
02177100,EMPIRE BEAUTY SCHOOL                    ,KY,40204-0000,Proprietary  ,6,13,19,6,13,19
02251500,TREND SETTERS ACAD OF BEAUTY CULT       ,KY,40258-0000,Proprietary  ,10,5,15,10,5,15
02275000,JENNY LEA ACADEMY OF COSMETOLOGY        ,KY,40831-0000,Proprietary  ,0,2,2,0,2,2
02279800,ELIZABETHTOWN BEAUTY SCHOOL             ,KY,42701-0000,Proprietary  ,7,7,14,7,7,14
02284306,INTERACTIVE LEARNING SYSTEMS            ,KY,41042-0000,Proprietary  ,0,3,3,0,3,3
02323700,PAT WILSON'S BEAUTY COLLEGE             ,KY,42420-0000,Proprietary  ,3,7,10,3,7,10
02337200,PJ'S COLLEGE OF COSMETOLOGY             ,KY,42101-0000,Proprietary  ,10,33,43,10,33,43
02340800,PAUL MITCHELL THE SCHOOL LEXINGTON      ,KY,40601-0000,Proprietary  ,0,1,1,0,1,1
02351700,DONTA SCHOOL OF BEAUTY CULTURE          ,KY,40203-0000,Proprietary  ,3,11,14,3,11,14
02491100,BECKFIELD COLLEGE                       ,KY,41042-0000,Proprietary  ,46,285,331,46,285,331
02518900,BARRETT & COMPANY SCH HAIR DESIGN       ,KY,40356-0000,Proprietary  ,5,20,25,5,20,25
02535600,CLEAR CREEK BAPTIST BIBLE COLLEGE       ,KY,40977-0000,Private      ,17,37,54,17,37,54
02551100,PJ'S COLLEGE OF COSMETOLOGY             ,KY,42121-0000,Proprietary  ,4,6,10,4,6,10
02560800,SOUTHEAST SCHOOL OF COSMETOLOGY         ,KY,40962-0000,Proprietary  ,3,12,15,3,12,15
02576200,MID-CONTINENT UNIVERSITY                ,KY,42066-9007,Private      ,80,511,591,80,511,591
02616204,BROWN MACKIE COLLEGE-FINDLAY - BROWN MAC,KY,40219-1916,Proprietary  ,41,385,426,41,385,426
03002100,KENTUCKY MOUNTAIN BIBLE COLLEGE         ,KY,41385-0010,Private      ,20,9,29,20,9,29
03007000,FRONTIER SCH OF MIDWIFERY&FAMILY NU     ,KY,41749-0000,Private      ,0,90,90,0,90,90
03026200,HEAD'S WEST KENTUCKY BEAUTY COLLEGE     ,KY,42431-0000,Proprietary  ,3,13,16,3,13,16
03029200,NU-TEK ACADEMY OF BEAUTY                ,KY,40353-9767,Proprietary  ,4,6,10,4,6,10
03034500,OWENSBORO COMMUNITY & TECHNICAL COLLEGE ,KY,42303-1899,Public       ,533,712,1245,533,712,1245
03083700,GALEN HEALTH INSTITUTES                 ,KY,40207-1047,Proprietary  ,54,405,459,54,405,459
03103500,MR JIM'S BEAUTY COLLEGE                 ,KY,42301-2646,Proprietary  ,3,2,5,3,2,5
03106700,MOTIF BEAUTY ACADEMY                    ,KY,40391-1958,Proprietary  ,5,3,8,5,3,8
03516500,EZELL'S COSMETOLOGY SCHOOL              ,KY,42071-2530,Proprietary  ,0,2,2,0,2,2
03611300,BRIGHTON CENTER'S CENTER FOR EMPLOY     ,KY,41071-1968,Private      ,1,3,4,1,3,4
03804300,BELLEFONTE ACADEMY OF BEAUTY            ,KY,41169-2015,Proprietary  ,1,4,5,1,4,5
03885300,EMPLOYMENT SOLUTIONS                    ,KY,40517-3260,Private      ,1,6,7,1,6,7
03886300,REGENCY SCHOOL OF HAIR DESIGN           ,KY,41653-1278,Proprietary  ,4,5,9,4,5,9
04038300,ATA CAREER EDUCATION                    ,KY,40223-3832,Proprietary  ,3,15,18,3,15,18
00200300,CENTENARY COLLEGE OF LOUISIANA          ,LA,71104-3396,Private      ,561,64,625,561,64,625
00200400,DILLARD UNIVERSITY                      ,LA,70122-3097,Private      ,465,87,552,465,87,552
00200500,NICHOLLS STATE UNIVERSITY               ,LA,70310-0001,Public       ,1555,885,2440,1555,885,2440
00200600,GRAMBLING STATE UNIVERSITY              ,LA,71245-2215,Public       ,2571,1097,3668,2571,1097,3668
00200700,LOUISIANA COLLEGE                       ,LA,71359-0000,Private      ,337,58,395,337,58,395
00200800,LOUISIANA TECH UNIVERSITY               ,LA,71272-0001,Public       ,2244,837,3081,2244,837,3081
00201000,LOUISIANA STATE UNIV & A&M COLG         ,LA,70803-5710,Public       ,6347,2378,8725,6347,2378,8725
00201100,LOUISIANA STATE UNIV-ALEXANDRIA         ,LA,71302-9121,Public       ,338,559,897,338,559,897
00201200,LOUISIANA STATE UNIV-EUNICE             ,LA,70535-6726,Public       ,487,436,923,487,436,923
00201300,LOUISIANA STATE UNIV-SHREVEPORT         ,LA,71115-2399,Public       ,701,762,1463,701,762,1463
00201400,LA STATE UNIV HEALTH SCIENCES CTR       ,LA,70112-2223,Public       ,76,672,748,76,672,748
00201500,(THE) UNIVERSITY OF NEW ORLEANS         ,LA,70148-0001,Public       ,1300,1015,2315,1300,1015,2315
00201600,LOYOLA UNIVERSITY NEW ORLEANS           ,LA,70118-6195,Private      ,1165,496,1661,1165,496,1661
00201700,MCNEESE STATE UNIVERSITY                ,LA,70609-4510,Public       ,1276,821,2097,1276,821,2097
00201900,NEW ORLEANS BAPTIST THEOL SEMINARY      ,LA,70126-0000,Private      ,5,18,23,5,18,23
00202000,UNIVERSITY OF LOUISIANA AT MONROE       ,LA,71209-9001,Public       ,1997,1289,3286,1997,1289,3286
00202100,NORTHWESTERN STATE UNIVERSITY           ,LA,71497-0001,Public       ,1944,1431,3375,1944,1431,3375
00202200,NOTRE DAME SEMINARY                     ,LA,70118-0000,Private      ,1,2,3,1,2,3
00202300,OUR LADY OF HOLY CROSS COLLEGE          ,LA,70131-7399,Private      ,115,189,304,115,189,304
00202400,SOUTHEASTERN LOUISIANA UNIV             ,LA,70402-0001,Public       ,2360,1373,3733,2360,1373,3733
00202500,SOUTHERN UNIVERSITY A & M COLLEGE       ,LA,70813-9374,Public       ,2686,1788,4474,2686,1788,4474
00202600,SOUTHERN UNIV NEW ORLEANS               ,LA,70126-0002,Public       ,163,364,527,163,364,527
00202700,ST JOSEPH SEMINARY COLLEGE              ,LA,70457-9990,Private      ,3,1,4,3,1,4
00202900,TULANE UNIVERSITY                       ,LA,70118-5698,Private      ,3856,1766,5622,3856,1766,5622
00203100,UNIV OF LOUISIANA AT LAFAYETTE          ,LA,70504-0001,Public       ,3297,1578,4875,3297,1578,4875
00203200,XAVIER UNIVERSITY OF LOUISIANA          ,LA,70125-1098,Private      ,1251,378,1629,1251,378,1629
00462100,AYERS CAREER COLLEGE                    ,LA,71108-5845,Proprietary  ,8,38,46,8,38,46
00462500,DELGADO COMMUNITY COLLEGE               ,LA,70119-0000,Public       ,504,1473,1977,504,1473,1977
00520300,REMINGTON COLLEGE - LAFAYETTE CAMPUS    ,LA,70508-5760,Proprietary  ,29,192,221,29,192,221
00520306,REMINGTON COLLEGE - BATON ROUGE CAMPUS  ,LA,70816-4040,Proprietary  ,38,137,175,38,137,175
00546700,SOWELA TECHNICAL COMMUNITY COLLEGE      ,LA,70616-6950,Public       ,55,92,147,55,92,147
00547200,LOUISIANA TECHNICAL COLLEGE - SIDNEY N. ,LA,70126-5511,Public       ,1,7,8,1,7,8
00548800,LOUISIANA TECH COLG-BATON ROUGE         ,LA,70807-0000,Public       ,55,95,150,55,95,150
00548802,LOUISIANA TECH COLG-ACADIAN CMPS        ,LA,70526-0000,Public       ,7,23,30,7,23,30
00548803,LOUISIANA TECH COLG-ALEXANDRIA CMPS     ,LA,71302-3137,Public       ,22,94,116,22,94,116
00548804,LOUISIANA TECH COLG-ASCENSION CMPS      ,LA,70778-3007,Public       ,8,8,16,8,8,16
00548805,LA TECH COLLEGE-AVOYELLES CAMPUS        ,LA,71327-0000,Public       ,5,9,14,5,9,14
00548806,LA TECHNICAL COLG-BASTROP CMPS          ,LA,71221-0000,Public       ,7,19,26,7,19,26
00548808,LA TECH COLG CHARLES B COREILCMPS       ,LA,70586-0000,Public       ,7,19,26,7,19,26
00548809,LA TECHNICAL COLG-DELTA-OUACHITA        ,LA,71292-9064,Public       ,44,94,138,44,94,138
00548810,EVANGELINE TECHNICAL INST               ,LA,70582-3104,Public       ,4,16,20,4,16,20
00548811,LA TECHN COLLEGE - FLORIDA PARISHES     ,LA,70441-0000,Public       ,2,17,19,2,17,19
00548812,LOUISIANA TECH COLG-FOLKES CAMPUS       ,LA,70748-0000,Public       ,0,3,3,0,3,3
00548813,LA TECHNICAL INST-GULF AREA CMPS        ,LA,70510-0878,Public       ,15,41,56,15,41,56
00548814,LOUISIANA TECH COLG-HAMMOND CMPS        ,LA,70404-0000,Public       ,13,27,40,13,27,40
00548815,LA TECH COLG-HUEY P. LONG CAMPUS        ,LA,71483-0000,Public       ,7,10,17,7,10,17
00548816,LA TECH COLLEGE-JEFFERSON CAMPUS        ,LA,70001-5605,Public       ,3,43,46,3,43,46
00548817,LOUISIANA TEC CLG-JUMONVILLE MEM CP     ,LA,70760-0000,Public       ,8,15,23,8,15,23
00548818,LA TECH COLLEGE-LAFAYETTE CAMPUS        ,LA,70506-0000,Public       ,67,134,201,67,134,201
00548819,LOUISIANA TECHNICAL COLLEGE-LAFOURC     ,LA,70301-4336,Public       ,4,26,30,4,26,30
00548820,LOUISIANA TEC CLG-LAMAR SALTER CMPS     ,LA,71446-0000,Public       ,7,23,30,7,23,30
00548822,LOUISIANA TECHNICAL CLG-MANSFIELD       ,LA,71052-1236,Public       ,7,15,22,7,15,22
00548823,LA. TECH COLG.-MORGAN SMITH CAMPUS      ,LA,70546-0000,Public       ,6,16,22,6,16,22
00548824,LOUISIANA TEC CLG-NATCHITOCHES CMPS     ,LA,71458-0000,Public       ,11,39,50,11,39,50
00548825,LOUISIANA TECH COLG-NORTH CTRL CMPS     ,LA,71241-0000,Public       ,0,3,3,0,3,3
00548826,LOUISIANA TECH CLG-NORTHEAST LA CMP     ,LA,71295-2999,Public       ,6,14,20,6,14,20
00548827,LOUISIANA TEC CLG-NW LOUISIANA CMPS     ,LA,71058-0000,Public       ,17,42,59,17,42,59
00548828,LA TECHNICAL COLG-OAKDALE CMPS          ,LA,71463-0000,Public       ,7,23,30,7,23,30
00548829,LTC-RIVER PARISHES CAMPUS               ,LA,70084-0000,Public       ,9,34,43,9,34,43
00548830,LOUISIANA TECHNICAL COLLEGE-RUSTON      ,LA,71273-0000,Public       ,82,68,150,82,68,150
00548831,LTC - SABINE VALLEY CAMPUS              ,LA,71449-3839,Public       ,4,8,12,4,8,12
00548832,LOUISIANA TECH COLG-SHELBY JACKSON      ,LA,71334-0000,Public       ,2,19,21,2,19,21
00548833,LA TECH COLG SHREVEPORT-BOSSIER         ,LA,71137-0000,Public       ,34,123,157,34,123,157
00548835,LA TECHNICAL COLLEGE-SLIDELL CAMPUS     ,LA,70459-0000,Public       ,3,4,7,3,4,7
00548837,LOUISIANA TECH COLG-SULLIVAN CAMPUS     ,LA,70427-5866,Public       ,6,44,50,6,44,50
00548838,LOUISIANA TECHNICAL COLG - TALLULAH     ,LA,71284-0000,Public       ,7,14,21,7,14,21
00548839,LA TECH COLG-TECHE AREA CAMPUS          ,LA,70562-0000,Public       ,27,53,80,27,53,80
00548840,LOUISIANA TECH COLG-T.H.HARRIS CMPS     ,LA,70570-6113,Public       ,41,74,115,41,74,115
00548841,LOUISIANA TECH COLG W JEFFERSON CMP     ,LA,70058-0000,Public       ,2,6,8,2,6,8
00548842,LOUISIANA TECHNICAL COLLEGE - WESTSIDE C,LA,70765-0733,Public       ,3,9,12,3,9,12
00548843,LTC-YOUNG MEMORIAL CAMPUS               ,LA,70381-0000,Public       ,7,40,47,7,40,47
00576100,L. E. FLETCHER TECHNICAL COMMUNITY COLLE,LA,70360-2863,Public       ,61,97,158,61,97,158
00576101,L.E. FLETCHER TECHNICAL COMMUNITY COLLEG,LA,70360-7310,Public       ,9,16,25,9,16,25
00768600,SOUTHERN UNIV AT SHREVEPORT/BOSSIER     ,LA,71107-4795,Public       ,172,453,625,172,453,625
00806700,LSU HEALTH SCIENCES CENTR-SHREVEPOR     ,LA,71130-3932,Public       ,54,255,309,54,255,309
00989800,DEMMON SCHOOL OF BEAUTY                 ,LA,70607-2128,Proprietary  ,0,3,3,0,3,3
01005701,AMERICAN COMMERCIAL COLLEGE             ,LA,71105-2502,Proprietary  ,3,34,37,3,34,37
01109700,CLOYD'S BEAUTY SCHOOL #1                ,LA,71291-3131,Proprietary  ,1,18,19,1,18,19
01112102,BRYMAN COLLEGE                          ,LA,70119-0000,Proprietary  ,2,6,8,2,6,8
01163100,"D-JAY'S SCHL OF BEAUTY, ARTS & SCI      ",LA,70806-0000,Proprietary  ,6,5,11,6,5,11
01184100,JOHN JAY BEAUTY COLLEGE                 ,LA,70124-2592,Proprietary  ,4,8,12,4,8,12
01261100,RONNIE & DORMANS SCHOOL HAIR DESIGN     ,LA,70501-0000,Proprietary  ,2,2,4,2,2,4
01282300,PAT GOINS RUSTON BEAUTY SCHOOL          ,LA,71270-4301,Proprietary  ,1,5,6,1,5,6
01287900,PAT GOINS BENTON ROAD BEAUTY SCHOOL     ,LA,71111-4838,Proprietary  ,2,4,6,2,4,6
01288000,PAT GOINS BEAUTY SCHOOL                 ,LA,71201-5167,Proprietary  ,1,4,5,1,4,5
02055400,BOSSIER PARISH COMMUNITY COLLEGE        ,LA,71111-0000,Public       ,360,705,1065,360,705,1065
02055500,DELTA SCH OF BUSINESS & TECHNOLOGY      ,LA,70601-0000,Proprietary  ,18,56,74,18,56,74
02065100,REMINGTON COLLEGE - NEW ORLEANS CAMPUS  ,LA,70005-3007,Proprietary  ,2,5,7,2,5,7
02089711,HERZING COLLEGE                         ,LA,70062-8727,Proprietary  ,0,8,8,0,8,8
02117800,AVEDA INSTITUTE LAFAYETTE               ,LA,70503-3246,Proprietary  ,10,7,17,10,7,17
02166100,NUNEZ COMMUNITY COLLEGE                 ,LA,70043-0000,Public       ,8,48,56,8,48,56
02166200,ITI TECHNICAL COLLEGE                   ,LA,70817-0000,Proprietary  ,41,54,95,41,54,95
02197500,BATON ROUGE SCHOOL OF COMPUTERS         ,LA,70816-0000,Proprietary  ,8,4,12,8,4,12
02234000,CAMERON COLLEGE                         ,LA,70119-0000,Proprietary  ,0,2,2,0,2,2
02258400,AVEDA INSTITUTE BATON ROUGE             ,LA,70816-2246,Proprietary  ,12,30,42,12,30,42
02260200,DIESEL DRIVING ACADEMY                  ,LA,71109-5617,Proprietary  ,0,4,4,0,4,4
02263600,BASTROP BEAUTY SCHOOL #1                ,LA,71220-0000,Proprietary  ,1,0,1,1,0,1
02265600,JOHN JAY KENNER ACADEMY                 ,LA,70062-0000,Proprietary  ,2,1,3,2,1,3
02269300,STEVENSON'S ACADEMY OF HAIR DESIGN      ,LA,70116-0000,Proprietary  ,2,8,10,2,8,10
02323100,PAT GOINS SHREVEPORT BEAUTY SCHOOL      ,LA,71108-4354,Proprietary  ,0,2,2,0,2,2
02327800,PINEVILLE BEAUTY SCHOOL                 ,LA,71360-0000,Proprietary  ,0,8,8,0,8,8
02335701,BATON ROUGE GEN MED CTR SCH NSG         ,LA,70821-0000,Private      ,20,42,62,20,42,62
02335702,BATON ROUGE GEN MED CTR-RAD TECH        ,LA,70806-0000,Private      ,10,11,21,10,11,21
02338000,"CLOYD'S BEAUTY SCHOOL #2, INC           ",LA,71202-3539,Proprietary  ,2,14,16,2,14,16
02352500,"CLOYD'S BEAUTY SCHOOL #3, INC           ",LA,71201-3211,Proprietary  ,1,15,16,1,15,16
02358600,"STAGE ONE THE HAIR SCHOOL, INC.         ",LA,70605-0000,Proprietary  ,2,2,4,2,2,4
02493400,ALEXANDRIA ACADEMY OF BEAUTY CULT       ,LA,71301-0000,Proprietary  ,0,7,7,0,7,7
02518300,SOUTH LOUISIANA BEAUTY COLLEGE          ,LA,70363-0000,Proprietary  ,3,3,6,3,3,6
02536400,LOUISIANA ACADEMY OF BEAUTY             ,LA,70535-0000,Proprietary  ,2,5,7,2,5,7
02538300,DELTA COLLEGE OF ARTS & TECH INC        ,LA,70806-1529,Proprietary  ,14,53,67,14,53,67
02538301,DELTA COLLEGE OF ARTS & TECHNOLOGY - LAF,LA,70508-6831,Proprietary  ,1,13,14,1,13,14
02548500,COSMETOLOGY TRAINING CENTER             ,LA,70503-0000,Proprietary  ,6,3,9,6,3,9
02554800,VANGUARD COLLEGE OF COSMETOLOGY         ,LA,70458-8823,Proprietary  ,1,7,8,1,7,8
02582200,"GUY'S ACADEMY HAIR, SKIN & NAILS        ",LA,71105-2404,Proprietary  ,3,9,12,3,9,12
02600900,AVEDA INSTITUTE                         ,LA,70433-2922,Proprietary  ,39,72,111,39,72,111
02601000,AMERICAN SCHOOL OF BUSINESS             ,LA,71105-5646,Proprietary  ,3,7,10,3,7,10
02601100,OPELOUSAS SCHOOL OF COSMETOLOGY         ,LA,70570-6156,Proprietary  ,0,1,1,0,1,1
02606800,CAREER TRAINING SPECIALISTS             ,LA,71201-6046,Proprietary  ,37,136,173,37,136,173
02606801,CAREER TECHNICAL COLLEGE - SHREVEPORT   ,LA,71105-2405,Proprietary  ,3,22,25,3,22,25
02617100,BATON ROUGE COLLEGE                     ,LA,70816-2246,Proprietary  ,10,17,27,10,17,27
02619200,DENHAM SPRINGS BEAUTY COLLEGE           ,LA,70726-3829,Proprietary  ,0,4,4,0,4,4
03023500,CAMELOT CAREER COLLEGE                  ,LA,70805-7539,Proprietary  ,10,8,18,10,8,18
03030900,DIESEL DRIVING ACADEMY                  ,LA,70815-8109,Proprietary  ,0,6,6,0,6,6
03061400,ASCENSION COLLEGE                       ,LA,70737-2912,Proprietary  ,8,13,21,8,13,21
03095100,GRETNA CAREER COLLEGE                   ,LA,70053-2436,Proprietary  ,1,5,6,1,5,6
03106200,OUR LADY OF THE LAKE COLLEGE            ,LA,70808-4345,Private      ,201,446,647,201,446,647
03253300,JONESVILLE BEAUTY SCHOOL                ,LA,71343-0000,Proprietary  ,2,2,4,2,2,4
03294300,BLUE CLIFF SCH THERAPEUTIC MASSAGE      ,LA,70002-3458,Proprietary  ,5,28,33,5,28,33
03322300,CULINARY INSTITUTE OF NEW ORLEANS       ,LA,70140-0000,Proprietary  ,8,11,19,8,11,19
03332600,DELTA COLLEGE                           ,LA,70433-9042,Proprietary  ,3,38,41,3,38,41
03332601,DELTA COLLEGE - SLIDELL                 ,LA,70460-2624,Proprietary  ,3,13,16,3,13,16
03356300,MEDICAL TRAINING COLLEGE                ,LA,70816-5820,Proprietary  ,16,64,80,16,64,80
03402300,METROPOLITAN COMMUNITY COLLEGE          ,LA,70053-6758,Proprietary  ,1,1,2,1,1,2
03422500,BLUE CLIFF COLLEGE                      ,LA,71107-6520,Proprietary  ,3,12,15,3,12,15
03422600,BLUE CLIFF COLLEGE                      ,LA,70508-3858,Proprietary  ,3,13,16,3,13,16
03480300,MEDVANCE INSTITUTE                      ,LA,70809-1908,Proprietary  ,26,211,237,26,211,237
03498400,OMEGA INSTITUTE OF COSMETOLOGY          ,LA,70360-0000,Proprietary  ,2,4,6,2,4,6
03727500,MOORE CAREER COLLEGE                    ,LA,70808-4191,Proprietary  ,4,10,14,4,10,14
03730300,BATON ROUGE COMMUNITY COLLEGE           ,LA,78806-4129,Public       ,586,789,1375,586,789,1375
03752400,SCHOOL OF URBAN MISSIONS                ,LA,70053-0000,Private      ,3,8,11,3,8,11
03789300,UNITECH TRAINING ACADEMY                ,LA,70503-5132,Proprietary  ,2,16,18,2,16,18
03789400,RIVER PARISHES COMMUNITY COLLEGE        ,LA,70778-0310,Public       ,47,80,127,47,80,127
03795300,CASSIA BEAUTY COLLEGE                   ,LA,70126-0000,Proprietary  ,1,2,3,1,2,3
03810500,COURT REPORTING INSTITUTE OF LOUISI     ,LA,70816-0000,Proprietary  ,2,9,11,2,9,11
03956300,SOUTH LOUISIANA COMMUNITY COLLEGE       ,LA,70506-0000,Public       ,91,135,226,91,135,226
04040300,COMPASS CAREER COLLEGE                  ,LA,70403-0653,Proprietary  ,1,11,12,1,11,12
00143600,CAPITOL COLLEGE                         ,MD,20708-9759,Private      ,236,113,349,236,113,349
00146200,WASHINGTON BIBLE COLLEGE                ,MD,20706-3599,Private      ,44,65,109,44,65,109
00205700,ALLEGANY COLLEGE OF MARYLAND            ,MD,21502-2596,Public       ,896,550,1446,896,550,1446
00205800,ANNE ARUNDEL COMMUNITY COLLEGE          ,MD,21012-1895,Public       ,1195,1336,2531,1195,1336,2531
00206000,BALTIMORE HEBREW UNIVERSITY             ,MD,21215-3996,Private      ,10,20,30,10,20,30
00206100,BALTIMORE CITY COMMUNITY COLLEGE        ,MD,21215-7893,Public       ,1087,2369,3456,1087,2369,3456
00206200,BOWIE STATE UNIVERSITY                  ,MD,20715-9465,Public       ,4510,1870,6380,4510,1870,6380
00206300,COMMUNITY COLLEGE OF BALTIMORE COUNTY   ,MD,21228-5381,Public       ,2230,2975,5205,2230,2975,5205
00206400,COLLEGE OF SOUTHERN MARYLAND            ,MD,20646-0910,Public       ,935,878,1813,935,878,1813
00206500,CLG NOTRE DAME OF MARYLAND              ,MD,21210-2476,Private      ,633,557,1190,633,557,1190
00206700,COLUMBIA UNION COLLEGE                  ,MD,20912-7796,Private      ,519,313,832,519,313,832
00206800,COPPIN STATE UNIVERSITY                 ,MD,21216-3698,Public       ,2235,1787,4022,2235,1787,4022
00207100,FREDERICK COMMUNITY COLLEGE             ,MD,21702-9745,Public       ,455,432,887,455,432,887
00207200,FROSTBURG STATE UNIVERSITY              ,MD,21532-1099,Public       ,3940,557,4497,3940,557,4497
00207300,GOUCHER COLLEGE                         ,MD,21204-2794,Private      ,2062,236,2298,2062,236,2298
00207400,HAGERSTOWN COMMUNITY COLLEGE            ,MD,21742-6590,Public       ,546,461,1007,546,461,1007
00207500,HARFORD COMMUNITY COLLEGE               ,MD,21015-1696,Public       ,605,497,1102,605,497,1102
00207600,HOOD COLLEGE                            ,MD,21701-8575,Private      ,1644,299,1943,1644,299,1943
00207700,JOHNS HOPKINS UNIVERSITY                ,MD,21218-2693,Private      ,4476,590,5066,4476,590,5066
00207702,JOHNS HOPKINS UNIV SCH ARTS/SCI/ENG     ,MD,21218-0000,Private      ,2822,478,3300,2822,478,3300
00207703,JOHNS HOPKINS UNIV SCH OF BUS/ED        ,MD,21046-0000,Private      ,24,558,582,24,558,582
00207705,JOHNS HOPKINS BLOOMBERG SCH OF PH       ,MD,21205-0000,Private      ,13,642,655,13,642,655
00207706,JOHNS HOPKINS UNIV SCH OF MEDICINE      ,MD,21205-0000,Private      ,45,542,587,45,542,587
00207707,JOHNS HOPKINS UNIV SCH OF NURSING       ,MD,21205-0000,Private      ,167,527,694,167,527,694
00207708,JOHNS HOPKINS UNIV PEABODY CONSERV      ,MD,21202-2397,Private      ,546,260,806,546,260,806
00207800,LOYOLA UNIVERSITY MARYLAND              ,MD,21210-2699,Private      ,4862,746,5608,4862,746,5608
00208000,MARYLAND INST COLLEGE OF ART            ,MD,21217-4191,Private      ,1709,432,2141,1709,432,2141
00208300,MORGAN STATE UNIVERSITY                 ,MD,21251-0002,Public       ,5948,1809,7757,5948,1809,7757
00208600,MOUNT SAINT MARY'S UNIVERSITY           ,MD,21727-7799,Private      ,1952,133,2085,1952,133,2085
00208700,NER ISRAEL RABBINICAL COLLEGE           ,MD,21208-1198,Private      ,47,25,72,47,25,72
00208900,PRINCE GEORGES COMMUNITY COLLEGE        ,MD,20774-2199,Public       ,1674,1885,3559,1674,1885,3559
00209100,SALISBURY UNIVERSITY                    ,MD,21801-6862,Public       ,5667,669,6336,5667,669,6336
00209200,ST JOHN'S COLLEGE                       ,MD,21404-0000,Private      ,544,107,651,544,107,651
00209500,ST. MARY'S COLLEGE OF MARYLAND          ,MD,20686-3001,Public       ,1828,89,1917,1828,89,1917
00209600,ST MARY'S SEMINARY & UNIV               ,MD,21210-1994,Private      ,9,15,24,9,15,24
00209900,TOWSON UNIVERSITY                       ,MD,21252-0002,Public       ,12345,2849,15194,12345,2849,15194
00210200,UNIVERSITY OF BALTIMORE                 ,MD,21201-5779,Public       ,376,2946,3322,376,2946,3322
00210300,"UNIVERSITY OF MARYLAND, COLLEGE PARK    ",MD,20742-5145,Public       ,18459,4947,23406,18459,4947,23406
00210400,"UNIVERSITY OF MARYLAND, BALTIMORE       ",MD,21201-1691,Public       ,1837,5626,7463,1837,5626,7463
00210500,UMBC                                    ,MD,21250-0002,Public       ,5756,1975,7731,5756,1975,7731
00210600,UNIVERSITY MARYLAND EASTERN SHORE       ,MD,21853-4053,Public       ,3319,698,4017,3319,698,4017
00210700,STEVENSON UNIVERSITY                    ,MD,21153-0641,Private      ,2698,511,3209,2698,511,3209
00210800,WASHINGTON COLLEGE                      ,MD,21620-1197,Private      ,1615,39,1654,1615,39,1654
00210900,MCDANIEL COLLEGE                        ,MD,21157-4390,Private      ,2344,192,2536,2344,192,2536
00458612,KAPLAN COLLEGE                          ,MD,21742-2797,Proprietary  ,114,266,380,114,266,380
00458614,KAPLAN COLLEGE - FREDERICK              ,MD,21704-8307,Proprietary  ,2,18,20,2,18,20
00465000,CHESAPEAKE COLLEGE                      ,MD,21679-0008,Public       ,453,434,887,453,434,887
00691100,MONTGOMERY COLLEGE                      ,MD,20850-1195,Public       ,3280,2502,5782,3280,2502,5782
00734100,INTERNATIONAL BEAUTY SCHOOL             ,MD,21502-2370,Proprietary  ,8,3,11,8,3,11
00744700,DEL-MAR-VA BEAUTY ACADEMY               ,MD,21804-0000,Proprietary  ,10,7,17,10,7,17
00749100,TESST COLLEGE OF TECHNOLOGY             ,MD,21227-1063,Proprietary  ,81,294,375,81,294,375
00793600,LINCOLN TECHNICAL INSTITUTE             ,MD,21046-1544,Proprietary  ,179,132,311,179,132,311
00817500,HOWARD COMMUNITY COLLEGE                ,MD,21044-3197,Public       ,925,915,1840,925,915,1840
00826300,AWARD BEAUTY SCHOOL                     ,MD,21740-5624,Proprietary  ,0,1,1,0,1,1
00830800,CECIL COLLEGE                           ,MD,21901-1999,Public       ,221,181,402,221,181,402
01001400,GARRETT COMMUNITY COLLEGE               ,MD,21541-1265,Public       ,213,72,285,213,72,285
01031900,MEDIX SCHOOL                            ,MD,21204-2538,Proprietary  ,26,64,90,26,64,90
01041000,TESST COLLEGE OF TECHNOLOGY             ,MD,21286-2201,Proprietary  ,84,141,225,84,141,225
01164400,UNIV OF MARYLAND UNIVERSITY COLLEGE     ,MD,20783-8078,Public       ,699,4957,5656,699,4957,5656
01164402,U OF MD UNIVERSITY COLLEGE - EUROPE     ,MD,20832-0000,Public       ,165,515,680,165,515,680
01164404,U OF MD UNIVERSITY COLLEGE - ASIA       ,MD,31207-0000,Public       ,21,175,196,21,175,196
02073900,WOR-WIC COMMUNITY COLLEGE               ,MD,21804-0000,Public       ,471,620,1091,471,620,1091
02083600,TESST COLLEGE OF TECHNOLOGY             ,MD,20705-2698,Proprietary  ,63,118,181,63,118,181
02116005,SANFORD-BROWN INSTITUTE - LANDOVER      ,MD,20785-2287,Proprietary  ,17,175,192,17,175,192
02127900,SOJOURNER DOUGLASS COLLEGE              ,MD,21205-0000,Private      ,51,833,884,51,833,884
02155100,MARYLAND COLLEGE OF ART AND DESIGN      ,MD,20902-0000,Private      ,45,20,65,45,20,65
02269700,INTERNATIONAL BEAUTY SCHOOL             ,MD,21014-0000,Proprietary  ,5,5,10,5,5,10
02288900,ABI-ACCUTECH BUSINESS INSTITUTE         ,MD,21703-0000,Proprietary  ,0,7,7,0,7,7
02314800,BALTIMORE INTERNATIONAL COLLEGE         ,MD,21202-0000,Private      ,305,158,463,305,158,463
02331000,MARYLAND BEAUTY ACADEMY OF ESSEX        ,MD,21221-0000,Proprietary  ,9,20,29,9,20,29
02333000,HAIR ACADEMY                            ,MD,20784-0000,Proprietary  ,6,9,15,6,9,15
02343800,MONTGOMERY BEAUTY SCHOOL                ,MD,20901-0000,Proprietary  ,10,7,17,10,7,17
02494700,BALTIMORE STUDIO OF HAIR DESIGN         ,MD,21201-0000,Proprietary  ,14,42,56,14,42,56
02495000,ROBERT PAUL ACAD COSMTGY ARTS & SCI     ,MD,21093-0000,Proprietary  ,16,13,29,16,13,29
02495100,MARYLAND BEAUTY ACADEMY                 ,MD,21136-0000,Proprietary  ,5,5,10,5,5,10
02545400,NORTH AMERICAN TRADE SCHOOLS            ,MD,21244-0069,Proprietary  ,15,31,46,15,31,46
02573800,"L' ACADEMIE DE CUISINE, INC.            ",MD,20877-0000,Proprietary  ,12,28,40,12,28,40
02578400,TAI SOPHIA INSTITUTE                    ,MD,20723-6010,Private      ,0,80,80,0,80,80
03021002,HARRISON CAREER INSTITUTE-BALTIMORE     ,MD,21201-0000,Proprietary  ,2,9,11,2,9,11
03027200,BLADES SCHOOL OF HAIR DESIGN            ,MD,20619-0226,Proprietary  ,4,2,6,4,2,6
03064900,AARON'S ACADEMY OF BEAUTY               ,MD,20602-2715,Proprietary  ,3,8,11,3,8,11
03097200,AESTHETICS INSTITUTE OF COSMETOLOGY     ,MD,20877-1305,Proprietary  ,3,9,12,3,9,12
03100700,CARROLL COMMUNITY COLLEGE               ,MD,21157-6913,Public       ,371,225,596,371,225,596
03148300,AMERICAN BEAUTY ACADEMY                 ,MD,20902-1911,Proprietary  ,12,7,19,12,7,19
03296300,BALTIMORE SCHOOL OF MASSAGE             ,MD,21090-2261,Proprietary  ,12,23,35,12,23,35
03327300,NEW CREATIONS ACADEMY OF HAIR DSN       ,MD,20746-2960,Proprietary  ,3,8,11,3,8,11
03455500,NATIONAL LABOR COLLEGE                  ,MD,20903-1790,Private      ,0,5,5,0,5,5
03493300,ALL-STATE CAREER SCHOOL                 ,MD,21224-6658,Proprietary  ,18,69,87,18,69,87
03771300,AMERICAN CAREER INSTITUTE               ,MD,20902-4637,Proprietary  ,4,7,11,4,7,11
03822400,MAPLE SPRINGS BAPTIST BIBLE COLLEGE & SE,MD,20743-5711,Private      ,2,5,7,2,5,7
03965500,HAIR EXPRESSIONS ACADEMY                ,MD,20852-1729,Proprietary  ,4,3,7,4,3,7
        ,MGH INSTITUTE OF HEALTH PROFESSION      ,MA,02129-0000,Private      ,4,473,477,4,473,477
00211400,AMERICAN INTERNATIONAL COLLEGE          ,MA,01109-3189,Private      ,945,398,1343,945,398,1343
00211500,AMHERST COLLEGE                         ,MA,01002-5000,Private      ,2418,44,2462,2418,44,2462
00211600,ANDOVER NEWTON THEOLOGICAL SCHOOL       ,MA,02459-0000,Private      ,0,100,100,0,100,100
00211700,ANNA MARIA COLLEGE                      ,MA,01612-1198,Private      ,584,92,676,584,92,676
00211800,ASSUMPTION COLLEGE                      ,MA,01615-1294,Private      ,3021,168,3189,3021,168,3189
00211900,ATLANTIC UNION COLLEGE                  ,MA,01561-1000,Private      ,116,77,193,116,77,193
00212000,MERRIMACK COLLEGE                       ,MA,01845-5800,Private      ,2708,47,2755,2708,47,2755
00212100,BABSON COLLEGE                          ,MA,02457-0310,Private      ,1436,254,1690,1436,254,1690
00212200,BAY PATH COLLEGE                        ,MA,01106-2212,Private      ,482,362,844,482,362,844
00212300,BECKER COLLEGE-WORCESTER                ,MA,01615-0071,Private      ,1372,343,1715,1372,343,1715
00212400,BENTLEY UNIVERSITY                      ,MA,02452-4705,Private      ,4400,273,4673,4400,273,4673
00212600,BERKLEE COLLEGE OF MUSIC                ,MA,02215-3693,Private      ,2198,301,2499,2198,301,2499
00212800,BOSTON COLLEGE                          ,MA,02467-3800,Private      ,13421,3934,17355,13421,3934,17355
00212900,BOSTON CONSERVATORY OF MUSIC            ,MA,02215-9830,Private      ,605,158,763,605,158,763
00213000,BOSTON UNIVERSITY                       ,MA,02215-1789,Private      ,19398,7579,26977,19398,7579,26977
00213300,BRANDEIS UNIVERSITY                     ,MA,02453-2700,Private      ,3436,384,3820,3436,384,3820
00213900,CLARK UNIVERSITY                        ,MA,01610-1473,Private      ,3002,271,3273,3002,271,3273
00214000,ELMS COLLEGE                            ,MA,01013-2839,Private      ,592,220,812,592,220,812
00214100,COLLEGE OF THE HOLY CROSS               ,MA,01610-2395,Private      ,4030,24,4054,4030,24,4054
00214300,CURRY COLLEGE                           ,MA,02186-2395,Private      ,2311,345,2656,2311,345,2656
00214400,DEAN COLLEGE                            ,MA,02038-1994,Private      ,913,52,965,913,52,965
00214500,EASTERN NAZARENE COLLEGE                ,MA,02170-2999,Private      ,369,67,436,369,67,436
00214507,EASTERN NAZARENE CLG - LEAD PROGRAM     ,MA,02170-0000,Private      ,5,17,22,5,17,22
00214600,EMERSON COLLEGE                         ,MA,02116-4624,Private      ,4198,936,5134,4198,936,5134
00214700,EMMANUEL COLLEGE                        ,MA,02115-5798,Private      ,2613,149,2762,2613,149,2762
00214800,ENDICOTT COLLEGE                        ,MA,01915-2098,Private      ,2965,68,3033,2965,68,3033
00214900,EPISCOPAL DIVINITY SCHOOL               ,MA,02138-0000,Private      ,0,15,15,0,15,15
00215000,FISHER COLLEGE                          ,MA,02116-1500,Private      ,599,198,797,599,198,797
00215100,BENJAMIN FRANKLIN INSTITUTE OF TECH     ,MA,02116-6296,Public       ,193,47,240,193,47,240
00215300,GORDON COLLEGE                          ,MA,01984-1899,Private      ,1199,33,1232,1199,33,1232
00215400,HELLENIC COLLEGE                        ,MA,02445-7496,Private      ,24,45,69,24,45,69
00215500,HARVARD UNIVERSITY                      ,MA,02138-3800,Private      ,3673,389,4062,3673,389,4062
00215501,AMRCN REPERTORY THTR INST ADV THTR      ,MA,02138-0000,Private      ,1,101,102,1,101,102
00215502,HARVARD BUSINESS SCHOOL                 ,MA,02163-0000,Private      ,112,736,848,112,736,848
00215503,HARVARD EXTENSION SCHOOL                ,MA,02138-0000,Private      ,21,215,236,21,215,236
00215504,HARVARD SCH OF DENTAL MEDICINE          ,MA,02115-0000,Private      ,2,122,124,2,122,124
00215505,HARVARD UNIV GRAD SCH DESIGN            ,MA,02138-0000,Private      ,6,576,582,6,576,582
00215506,HARVARD DIVINITY SCHOOL                 ,MA,02138-0000,Private      ,4,591,595,4,591,595
00215507,HARVARD UNIV GRAD SCH ED                ,MA,02138-0000,Private      ,9,1010,1019,9,1010,1019
00215508,HARVARD UNIV GRAD S OF ARTS & SCIEN     ,MA,02138-0000,Private      ,67,602,669,67,602,669
00215509,HARVARD JOHN F KENNEDY SCHL OF GOVT     ,MA,02138-0000,Private      ,10,858,868,10,858,868
00215510,HARVARD LAW SCHOOL                      ,MA,02138-0000,Private      ,36,2288,2324,36,2288,2324
00215511,HARVARD UNIV MEDICAL SCHOOL             ,MA,02115-0000,Private      ,63,503,566,63,503,566
00215512,HARVARD UNIV SCH PUBLIC HEALTH          ,MA,02115-0000,Private      ,14,482,496,14,482,496
00215513,HARVARD UNIVERSITY-HARVARD COLLEGE      ,MA,02138-0000,Private      ,8650,170,8820,8650,170,8820
00215700,HEBREW COLLEGE                          ,MA,02459-2237,Private      ,1,29,30,1,29,30
00215800,LASELL COLLEGE                          ,MA,02466-2716,Private      ,1490,47,1537,1490,47,1537
00216000,LESLEY UNIVERSITY                       ,MA,02138-2790,Private      ,1246,1680,2926,1246,1680,2926
00216100,UMASS LOWELL                            ,MA,01854-3089,Public       ,4584,1162,5746,4584,1162,5746
00216300,MARIST COLLEGE & SEMINARY               ,MA,01701-0000,Private      ,3,210,213,3,210,213
00216400,NEW ENGLAND COLLEGE OF OPTOMETRY        ,MA,02115-1129,Private      ,2,309,311,2,309,311
00216500,MASS. COLLEGE OF PHARMACY  & HEALTH SCIE,MA,02115-5804,Private      ,2298,1531,3829,2298,1531,3829
00216700,BERKSHIRE COMMUNITY COLLEGE             ,MA,01201-5786,Public       ,230,228,458,230,228,458
00216800,CAPE COD COMMUNITY COLLEGE              ,MA,02668-1599,Public       ,394,339,733,394,339,733
00216900,GREENFIELD COMMUNITY COLLEGE            ,MA,01301-9739,Public       ,196,288,484,196,288,484
00217000,HOLYOKE COMMUNITY COLLEGE               ,MA,01040-1099,Public       ,845,862,1707,845,862,1707
00217100,MASSACHUSETTS BAY COMMUNITY COLLEGE     ,MA,02181-0000,Public       ,538,482,1020,538,482,1020
00217200,MOUNT WACHUSETT COMMUNITY COLLEGE       ,MA,01440-1000,Public       ,506,603,1109,506,603,1109
00217300,NORTH SHORE COMMUNITY COLLEGE           ,MA,01923-4093,Public       ,509,702,1211,509,702,1211
00217400,NORTHERN ESSEX COMMUNITY COLLEGE        ,MA,01830-2399,Public       ,378,446,824,378,446,824
00217500,QUINSIGAMOND COMMUNITY COLLEGE          ,MA,01606-2092,Public       ,730,769,1499,730,769,1499
00217600,BRISTOL COMMUNITY COLLEGE               ,MA,02720-7399,Public       ,837,772,1609,837,772,1609
00217700,MASSASOIT COMMUNITY COLLEGE             ,MA,02302-3996,Public       ,870,743,1613,870,743,1613
00217800,MASSACHUSETTS INST OF TECHNOLOGY        ,MA,02139-4307,Private      ,6303,1272,7575,6303,1272,7575
00218000,MASSACHUSETTS COLLEGE OF ART AND DESIGN ,MA,02115-5803,Public       ,1570,464,2034,1570,464,2034
00218100,MASSACHUSETTS MARITIME ACADEMY          ,MA,02532-3400,Public       ,523,28,551,523,28,551
00218300,BRIDGEWATER STATE COLLEGE               ,MA,02325-0001,Public       ,6847,1104,7951,6847,1104,7951
00218400,FITCHBURG STATE COLLEGE                 ,MA,01420-2697,Public       ,3251,517,3768,3251,517,3768
00218500,FRAMINGHAM STATE COLLEGE                ,MA,01702-2471,Public       ,3335,375,3710,3335,375,3710
00218700,MASSACHUSETTS CLG OF LIBERAL ARTS       ,MA,01247-4100,Public       ,1180,264,1444,1180,264,1444
00218800,SALEM STATE COLLEGE                     ,MA,01970-5353,Public       ,4236,1044,5280,4236,1044,5280
00218900,WESTFIELD STATE COLLEGE                 ,MA,01086-1630,Public       ,4453,465,4918,4453,465,4918
00219000,WORCESTER STATE COLLEGE                 ,MA,01602-2597,Public       ,3105,738,3843,3105,738,3843
00219200,MOUNT HOLYOKE COLLEGE                   ,MA,01075-1492,Private      ,1675,147,1822,1675,147,1822
00219300,MOUNT IDA COLLEGE                       ,MA,02459-3323,Private      ,1330,130,1460,1330,130,1460
00219400,NEW ENGLAND CONSERVATORY OF MUSIC       ,MA,02115-5018,Private      ,598,594,1192,598,594,1192
00219700,NICHOLS COLLEGE                         ,MA,01571-6346,Private      ,1135,83,1218,1135,83,1218
00219900,NORTHEASTERN UNIVERSITY                 ,MA,02115-5000,Private      ,21071,4412,25483,21071,4412,25483
00220100,PINE MANOR COLLEGE                      ,MA,02167-0000,Private      ,368,34,402,368,34,402
00220500,QUINCY COLLEGE                          ,MA,02169-4501,Public       ,274,517,791,274,517,791
00220600,REGIS COLLEGE                           ,MA,02193-0000,Private      ,612,208,820,612,208,820
00220800,SIMMONS COLLEGE                         ,MA,02115-5898,Private      ,2147,1758,3905,2147,1758,3905
00220900,SMITH COLLEGE                           ,MA,01063-2936,Private      ,2584,768,3352,2584,768,3352
00221000,UNIV OF MASSACHUSETTS-DARTMOUTH         ,MA,02747-2300,Public       ,6663,1020,7683,6663,1020,7683
00221100,SPRINGFIELD COLLEGE                     ,MA,01109-3797,Private      ,2661,1463,4124,2661,1463,4124
00221400,ST JOHN'S SEMINARY                      ,MA,02135-8839,Private      ,3,4,7,3,4,7
00221700,STONEHILL COLLEGE                       ,MA,02357-6110,Private      ,4354,77,4431,4354,77,4431
00221800,SUFFOLK UNIVERSITY                      ,MA,02108-2770,Private      ,5864,1198,7062,5864,1198,7062
00221802,SUFFOLK UNIVERSITY LAW SCHOOL           ,MA,02108-0000,Private      ,93,2098,2191,93,2098,2191
00221900,TUFTS UNIVERSITY                        ,MA,02155-5808,Private      ,7358,1542,8900,7358,1542,8900
00221901,TUFTS UNIV SCH OF DENTAL MEDICINE       ,MA,02111-0000,Private      ,14,539,553,14,539,553
00221902,TUFTS UNIVERSITY - CUMMINGS SCHOOL OF VE,MA,01536-0000,Private      ,20,324,344,20,324,344
00221904,TUFTS UNIV SCHOOL OF MEDICINE           ,MA,02111-0000,Private      ,37,955,992,37,955,992
00222100,UNIV OF MASSACHUSETTS-AMHERST           ,MA,01003-0000,Public       ,19602,3274,22876,19602,3274,22876
00222200,UNIV OF MASSACHUSETTS-BOSTON            ,MA,02125-3393,Public       ,3804,2682,6486,3804,2682,6486
00222400,WELLESLEY COLLEGE                       ,MA,02481-8203,Private      ,2249,85,2334,2249,85,2334
00222500,WENTWORTH INSTITUTE OF TECHNOLOGY       ,MA,02115-5998,Private      ,2512,201,2713,2512,201,2713
00222600,WESTERN NEW ENGLAND COLLEGE             ,MA,01119-2654,Private      ,3537,781,4318,3537,781,4318
00222700,WHEATON COLLEGE                         ,MA,02766-2322,Private      ,2074,22,2096,2074,22,2096
00222800,WHEELOCK COLLEGE                        ,MA,02215-4176,Private      ,748,269,1017,748,269,1017
00222900,WILLIAMS COLLEGE                        ,MA,01267-2600,Private      ,2124,42,2166,2124,42,2166
00223300,WORCESTER POLYTECHNIC INSTITUTE         ,MA,01609-2280,Private      ,3632,146,3778,3632,146,3778
00396500,BAY STATE COLLEGE                       ,MA,02116-2901,Proprietary  ,533,126,659,533,126,659
00396600,BOSTON ARCHITECTURAL COLLEGE            ,MA,02115-2795,Private      ,164,207,371,164,207,371
00466100,HAMPSHIRE COLLEGE                       ,MA,01002-3359,Private      ,1561,42,1603,1561,42,1603
00466600,SALTER COLLEGE                          ,MA,01583-1700,Proprietary  ,40,283,323,40,283,323
00466700,SCHOOL OF MUSEUM OF FINE ARTS           ,MA,02115-5534,Private      ,684,249,933,684,249,933
00466900,UPPER CAPE COD REGIONAL VOC TECH        ,MA,02532-3310,Public       ,2,9,11,2,9,11
00527900,GREATER LOWELL REGNL VOC TECH SCH       ,MA,01879-0000,Public       ,3,16,19,3,16,19
00551900,DIMAN REGIONAL VOC TECH INST            ,MA,02723-3519,Public       ,4,20,24,4,20,24
00552300,BLUE HILLS REGIONAL VOC TECH            ,MA,02021-1398,Public       ,6,34,40,6,34,40
00555700,MCCANN TECHNICAL SCHOOL                 ,MA,01247-0000,Public       ,5,7,12,5,7,12
00613600,NATIONAL AVIATION ACADEMY - NEW ENGLAND ,MA,01730-2620,Proprietary  ,23,22,45,23,22,45
00632200,BROCKTON HOSPITAL SCH OF NURSING        ,MA,02302-0000,Private      ,59,248,307,59,248,307
00632400,LABOURE COLLEGE                         ,MA,02124-5698,Private      ,70,254,324,70,254,324
00633100,LAWRENCE MEM HOSPITAL SCH OF NRSNG      ,MA,02155-1643,Private      ,25,146,171,25,146,171
00687300,MARIAN COURT COLLEGE                    ,MA,01907-2896,Private      ,57,32,89,57,32,89
00748100,GIBBS COLLEGE                           ,MA,02116-2904,Proprietary  ,107,199,306,107,199,306
00748400,NEWBURY COLLEGE                         ,MA,02445-5796,Private      ,874,112,986,874,112,986
00748600,THE NEW ENGLAND INSTITUTE OF ART        ,MA,02445-7295,Proprietary  ,649,192,841,649,192,841
00748800,KAPLAN CAREER INSTITUTE                 ,MA,02129-1644,Proprietary  ,36,89,125,36,89,125
00807800,SPRINGFIELD TECHNICAL COMMUNITY CLG     ,MA,01105-0000,Public       ,719,1073,1792,719,1073,1792
00891600,NEW ENGLAND SCHOOL OF LAW               ,MA,02116-0000,Private      ,5,1465,1470,5,1465,1470
00912900,EMPIRE BEAUTY SCHOOL                    ,MA,02148-0000,Proprietary  ,2,7,9,2,7,9
00964500,BARD COLLEGE AT SIMON'S ROCK            ,MA,01230-9702,Private      ,149,1,150,149,1,150
00974700,GORDON-CONWELL THEOLOGICAL SEMINARY     ,MA,01982-0000,Private      ,2,308,310,2,308,310
00975600,UNIVERSITY OF MASS MEDICAL CENTER       ,MA,01655-0000,Public       ,10,364,374,10,364,374
00987700,HENRI'S SCHOOL OF HAIR DESIGN           ,MA,01420-5675,Proprietary  ,5,1,6,5,1,6
00989900,LOWELL ACADEMY HAIRSTYLING INST         ,MA,01852-1909,Proprietary  ,0,4,4,0,4,4
00993600,MIDDLESEX COMMUNITY COLLEGE             ,MA,01730-1197,Public       ,306,175,481,306,175,481
00993602,"MIDDLESEX COMMUNITY COLLEGE, LOWELL     ",MA,01852-0000,Public       ,495,293,788,495,293,788
01121000,BUNKER HILL COMMUNITY COLLEGE           ,MA,02129-2991,Public       ,935,1368,2303,935,1368,2303
01151000,EVEREST INSTITUTE                       ,MA,02135-7638,Proprietary  ,57,199,256,57,199,256
01193000,ROXBURY COMMUNITY COLLEGE               ,MA,02120-3400,Public       ,205,570,775,205,570,775
01204200,MANSFIELD BEAUTY SCHOOLS                ,MA,02169-5061,Proprietary  ,5,5,10,5,5,10
01206800,MANSFIELD BEAUTY SCHOOL                 ,MA,01103-1410,Proprietary  ,1,7,8,1,7,8
01238600,SOUTHEASTERN TECHNICAL INSTITUTE        ,MA,02375-1780,Public       ,5,30,35,5,30,35
01241400,EMPIRE BEAUTY SCHOOL                    ,MA,02116-1914,Proprietary  ,5,4,9,5,4,9
01255300,WHITTIER REGIONAL VOC TECH SCHOOL       ,MA,01830-1898,Public       ,1,1,2,1,1,2
01288100,MONTACHUSETT REG VOC TECH SCH           ,MA,01420-4649,Public       ,4,8,12,4,8,12
01292100,EMPIRE BEAUTY SCHOOL                    ,MA,02215-0000,Proprietary  ,17,21,38,17,21,38
01294800,ROB ROY ACADEMY                         ,MA,02721-5330,Proprietary  ,1,3,4,1,3,4
02063000,MONTSERRAT COLLEGE OF ART               ,MA,01915-0000,Private      ,324,26,350,324,26,350
02063800,BUTERA SCHOOL OF ART                    ,MA,02116-0000,Proprietary  ,22,4,26,22,4,26
02076700,EMPIRE BEAUTY SCHOOL                    ,MA,02148-0000,Proprietary  ,5,7,12,5,7,12
02079400,EMPIRE BEAUTY SCHOOL                    ,MA,02453-0000,Proprietary  ,10,13,23,10,13,23
02092100,MASSACHUSETTS SCHOOL OF BARBERING       ,MA,02169-0000,Proprietary  ,2,4,6,2,4,6
02092200,EMPIRE BEAUTY SCHOOL                    ,MA,01852-0000,Proprietary  ,6,7,13,6,7,13
02122000,NEW ENGLAND HAIR ACADEMY                ,MA,02148-0000,Proprietary  ,8,7,15,8,7,15
02137000,ROB ROY ACADEMY                         ,MA,02780-0000,Proprietary  ,1,2,3,1,2,3
02137200,MASS GEN HOSP DIETETIC INTERNSHIP       ,MA,02114-0000,Private      ,0,3,3,0,3,3
02143000,LONGY SCHOOL OF MUSIC                   ,MA,02138-3599,Private      ,22,70,92,22,70,92
02161300,WESTON JESUIT SCHOOL OF THEOLOGY        ,MA,02138-0000,Private      ,0,61,61,0,61,61
02163500,NEW ENGLAND SCHOOL OF PHOTOGRAPHY       ,MA,02215-0000,Proprietary  ,32,37,69,32,37,69
02169900,ASSABET VALLEY REGIONAL VOC SCHOOL      ,MA,01752-0000,Public       ,3,12,15,3,12,15
02181600,ROB ROY ACADEMY                         ,MA,01609-0000,Proprietary  ,9,6,15,9,6,15
02182900,CAMBRIDGE COLLEGE                       ,MA,02138-5304,Private      ,30,743,773,30,743,773
02197900,NORTH BENNET STREET SCHOOL              ,MA,02113-0000,Private      ,14,24,38,14,24,38
02215100,HALLMARK INSTITUTE OF PHOTOGRAPHY       ,MA,01376-0000,Proprietary  ,87,60,147,87,60,147
02219501,MILDRED ELLEY - PITTSFIELD              ,MA,01201-5300,Proprietary  ,2,3,5,2,3,5
02220400,CATHERINE HINDS INST OF ESTHETICS       ,MA,01801-0000,Proprietary  ,13,15,28,13,15,28
02237100,JOSEPH P KEEFE TECHNICAL SCHOOL         ,MA,01701-5698,Public       ,0,2,2,0,2,2
02274300,CONWAY SCHOOL OF LANDSCAPE DESIGN       ,MA,01341-0179,Private      ,0,5,5,0,5,5
02325700,LABARON HAIRDRESSING ACADEMY            ,MA,02740-0000,Proprietary  ,0,4,4,0,4,4
02325800,LABARON HAIRDRESSING ACAD-BROCKTON      ,MA,02301-0000,Proprietary  ,6,1,7,6,1,7
02337400,BANCROFT SCHOOL OF MASSAGE THERAPY      ,MA,01604-4614,Proprietary  ,8,15,23,8,15,23
02338200,BAY STATE SCHOOL OF TECHNOLOGY          ,MA,02021-0000,Proprietary  ,6,11,17,6,11,17
02339400,ROB ROY ACADEMY                         ,MA,02746-0000,Proprietary  ,1,2,3,1,2,3
02491700,CORTIVA INSTITUTE -  BOSTON             ,MA,02472-2577,Proprietary  ,5,20,25,5,20,25
02523900,ELIZABETH GRADY SCHOOL OF ESTHETICS     ,MA,02155-0000,Proprietary  ,5,7,12,5,7,12
02579800,NEW ENGLAND SCHOOL OF ACUPUNCTURE       ,MA,02458-0000,Private      ,0,32,32,0,32,32
02614901,SANFORD-BROWN INSTITUTE - SPRINGFIELD   ,MA,01104-1739,Proprietary  ,3,7,10,3,7,10
03066700,AILANO SCHOOL OF COSMETOLOGY            ,MA,02303-4740,Proprietary  ,7,2,9,7,2,9
03104000,SHAWSHEEN ADULT TECHNICAL INSTITUTE     ,MA,01821-5499,Public       ,2,11,13,2,11,13
03120800,KAY HARVEY HAIRDRESSING ACADEMY         ,MA,01089-2701,Proprietary  ,0,5,5,0,5,5
03127700,SOUTHERN NEW ENGLAND SCHOOL OF LAW      ,MA,02747-1252,Private      ,2,107,109,2,107,109
03130500,URBAN COLLEGE OF BOSTON                 ,MA,02111-1093,Private      ,10,129,139,10,129,139
03194300,BOSTON GRAD SCH OF PSYCHOANALYSIS       ,MA,02446-4602,Private      ,0,12,12,0,12,12
03196300,LINCOLN TECHNICAL INSTITUTE             ,MA,02145-1102,Proprietary  ,32,115,147,32,115,147
03196302,LINCOLN TECHNICAL INSTITUTE             ,MA,01852-5119,Proprietary  ,16,29,45,16,29,45
03205400,JOLIE HAIR & BEAUTY ACADEMY             ,MA,01056-2769,Proprietary  ,0,2,2,0,2,2
03232302,LINCOLN TECHNICAL INSTITUTE             ,MA,02401-1818,Proprietary  ,7,25,32,7,25,32
03235300,MASSACHUSETTS SCHOOL OF LAW             ,MA,01810-1094,Private      ,5,110,115,5,110,115
03248300,BOSTON BAPTIST COLLEGE                  ,MA,02136-4000,Private      ,38,8,46,38,8,46
03316400,FUNERAL INSTITUTE OF THE NORTHEAST      ,MA,02062-4766,Proprietary  ,3,14,17,3,14,17
03504300,NATL GRAD SCH OF QUALITY SYSTM MGMT     ,MA,02540-0000,Private      ,0,6,6,0,6,6
03763300,MEDICAL PROFESSIONAL INSTITUTE          ,MA,02148-8143,Proprietary  ,1,6,7,1,6,7
03859300,E.I.N.E.                                ,MA,01876-4709,Proprietary  ,0,3,3,0,3,3
00401000,INSTITUT INTERNAT'L D'ETUDES FRANCA     ,FC,00000-0000,Public       ,1,0,1,1,0,1
00401200,HEBREW UNIVERSITY OF JERUSALEM (THE)    ,FC,00000-0000,Public       ,22,85,107,22,85,107
00403000,UNIVERSITY OF CAMBRIDGE                 ,FC,00000-0000,Public       ,0,11,11,0,11,11
00503400,AMERICAN UNIVERSITY OF CAIRO            ,FC,00000-0000,Private      ,43,60,103,43,60,103
00667100,KATHOLIEKE UNIVERSITEIT LEUVEN          ,FC,00000-0000,Private      ,1,12,13,1,12,13
00669000,UNIVERSITY OF COPENHAGEN                ,FC,00000-0000,Public       ,0,5,5,0,5,5
00669100,UNIVERSITY OF CAMBRIDGE - PEMBROKE      ,FC,00000-0000,Public       ,1,2,3,1,2,3
00669200,UNIVERSITY OF LEEDS                     ,FC,00000-0000,Public       ,3,36,39,3,36,39
00669300,UNIV OF LONDON-LONDON SCHOOL ECON       ,FC,00000-0000,Public       ,10,208,218,10,208,218
00669400,SCH OF ORIENTAL & AFRICAN STUDIES       ,FC,00000-0000,Public       ,6,53,59,6,53,59
00669500,UNIV OF LONDON-UNIVERSITY COLLEGE       ,FC,00000-0000,Public       ,19,135,154,19,135,154
00669600,UNIV OF LONDON-SCH ADVANCED STUDY       ,FC,00000-0000,Public       ,0,10,10,0,10,10
00669700,"QUEEN MARY, UNIVERSITY OF LONDON        ",FC,00000-0000,Public       ,9,38,47,9,38,47
00669900,UNIVERSITY OF SUSSEX                    ,FC,00000-0000,Public       ,2,44,46,2,44,46
00670000,"UNIVERSITY OF YORK, THE                 ",FC,00000-0000,Public       ,4,37,41,4,37,41
00670400,UNIVERSITY COLLEGE CORK                 ,FC,00000-0000,Public       ,9,20,29,9,20,29
00671300,UPPSALA UNIVERSITY                      ,FC,00000-0000,Public       ,0,6,6,0,6,6
00671500,UNIVERSITY OF GENEVA                    ,FC,00000-0000,Public       ,0,15,15,0,15,15
00683900,UNIVERSITY OF EDINBURGH                 ,FC,00000-0000,Public       ,42,166,208,42,166,208
00684200,UNIVERSITY OF DUBLIN TRINITY COLLEG     ,FC,00000-0000,Public       ,16,49,65,16,49,65
00685100,INTERNATIONAL CHRISTIAN UNIVERSITY      ,FC,00000-0000,Private      ,7,3,10,7,3,10
00763200,UNIVERSITY OF BRISTOL                   ,FC,00000-0000,Public       ,6,37,43,6,37,43
00768100,COLLEGE OF EUROPE                       ,FC,00000-0000,Private      ,1,1,2,1,1,2
00770500,ROYAL COLLEGE OF SURGEONS IN IRELAN     ,FC,00000-0000,Private      ,3,19,22,3,19,22
00788100,AMERICAN UNIVERSITY OF PARIS            ,FC,00000-0000,Private      ,139,39,178,139,39,178
00837100,AMERICAN UNIVERSITY OF BEIRUT           ,FC,00000-0000,Private      ,34,30,64,34,30,64
00837300,TEL-AVIV UNIVERSITY                     ,FC,00000-0000,Public       ,6,23,29,6,23,29
00837700,UNIVERSITEIT VAN AMSTERDAM(UNIVERSI     ,FC,00000-0000,Public       ,6,53,59,6,53,59
00838000,UNIVERSITY OF WARWICK                   ,FC,00000-0000,Public       ,4,12,16,4,12,16
00838300,UNIVERSITY OF GLASGOW                   ,FC,00000-0000,Public       ,25,102,127,25,102,127
00838600,UNIVERSITY OF HELSINKI                  ,FC,00000-0000,Public       ,0,6,6,0,6,6
00839300,UNIVERSITY OF OSLO                      ,FC,00000-0000,Public       ,1,11,12,1,11,12
00839400,UNIVERSITY OF OXFORD                    ,FC,00000-0000,Public       ,8,76,84,8,76,84
00839800,UNIVERSITY OF SHEFFIELD (THE)           ,FC,00000-0000,Public       ,4,30,34,4,30,34
00839900,UNIVERSITY OF SOUTHAMPTON               ,FC,00000-0000,Public       ,2,13,15,2,13,15
00845000,KASTURBA MEDICAL COLLEGE (A CONSTITENT I,FC,00000-0000,Private      ,11,118,129,11,118,129
00845200,ABERYSTWYTH UNIVERSITY                  ,FC,00000-0000,Public       ,3,17,20,3,17,20
00846000,UNIVERSITY OF NEWCASTLE UPON TYNE       ,FC,00000-0000,Public       ,2,17,19,2,17,19
00846100,UNIVERSITY OF SAINT ANDREWS             ,FC,00000-0000,Public       ,57,43,100,57,43,100
00846200,UNIVERSIDAD DE SALAMANCA                ,FC,00000-0000,Public       ,2,16,18,2,16,18
00850500,UNIVERSITY OF MELBOURNE                 ,FC,00000-0000,Public       ,7,49,56,7,49,56
00858600,SWANSEA UNIVERSITY                      ,FC,00000-0000,Public       ,4,24,28,4,24,28
00858700,UNIVERSITY OF DURHAM                    ,FC,00000-0000,Public       ,4,26,30,4,26,30
00866500,UNIVERSITY OF KENT AT CANTERBURY (THE)  ,FC,00000-0000,Public       ,2,39,41,2,39,41
00866600,UNIVERSITY OF HONG KONG                 ,FC,00000-0000,Public       ,6,16,22,6,16,22
00867000,UNIVERSITY OF NEW SOUTH WALES           ,FC,00000-0000,Public       ,7,38,45,7,38,45
00868700,UNIVERSITY OF ESSEX                     ,FC,00000-0000,Public       ,4,19,23,4,19,23
00869200,LEIDEN UNIVERSITY                       ,FC,00000-0000,Public       ,1,23,24,1,23,24
00869300,CITY UNIVERSITY                         ,FC,00000-0000,Public       ,2,46,48,2,46,48
00890800,THE UNIVERSITY OF BIRMINGHAM            ,FC,00000-0000,Public       ,4,37,41,4,37,41
00891000,UNIVERSITY OF HULL                      ,FC,00000-0000,Public       ,3,5,8,3,5,8
00892000,UNIVERSITY OF NOTTINGHAM                ,FC,00000-0000,Public       ,4,40,44,4,40,44
00900600,UNIVERSITY OF SALFORD (THE)             ,FC,00000-0000,Public       ,0,7,7,0,7,7
00908400,"UNIV OF LONDON, BIRKBECK                ",FC,00000-0000,Public       ,0,34,34,0,34,34
00908500,UNIV OF LONDON KING'S COLLEGE           ,FC,00000-0000,Public       ,6,87,93,6,87,93
00908600,UNIVERSITY OF LONDON - ROYAL HOLLOWAY   ,FC,00000-0000,Public       ,9,25,34,9,25,34
00914300,BAR-ILAN UNIVERSITY                     ,FC,00000-0000,Private      ,3,9,12,3,9,12
00924700,ARCHITECTURAL ASSOC SCH OF ARCHITEC     ,FC,00000-0000,Private      ,1,13,14,1,13,14
00924900,UNIVERSITY OF LIVERPOOL                 ,FC,00000-0000,Public       ,6,21,27,6,21,27
00936800,UNIVERSITY OF ABERDEEN                  ,FC,00000-0000,Public       ,18,31,49,18,31,49
00942300,ROYAL COLLEGE OF ART                    ,FC,00000-0000,Public       ,2,15,17,2,15,17
00942400,ROYAL ACADEMY OF DRAMATIC ART           ,FC,00000-0000,Private      ,4,6,10,4,6,10
00942800,TECHNION-ISRAEL INST OF TECHLGY         ,FC,00000-0000,Public       ,1,9,10,1,9,10
00944200,UNIVERSITY OF EXETER                    ,FC,00000-0000,Public       ,5,26,31,5,26,31
00944400,UNIVERSITY OF LANCASTER                 ,FC,00000-0000,Public       ,0,10,10,0,10,10
00963400,UNIVERSITY OF OXFORD ST CATHERINE'S     ,FC,00000-0000,Public       ,0,2,2,0,2,2
00980800,UNIVERSITY OF STRATHCLYDE               ,FC,00000-0000,Public       ,0,15,15,0,15,15
00981700,UNIVERSITY OF SANTO TOMAS               ,FC,00000-0000,Private      ,1,6,7,1,6,7
00986000,UNIVERSITY OF SURREY                    ,FC,00000-0000,Public       ,0,6,6,0,6,6
00988800,KAROLINSKA INSTITUTET                   ,FC,00000-0000,Public       ,0,2,2,0,2,2
00990600,PONTIFICAL NORTH AMERICAN COLLEGE       ,FC,00000-0000,Private      ,2,2,4,2,2,4
00992700,UNIVERSITY OF CAMBRIDGE - FITZWILLI     ,FC,00000-0000,Public       ,0,2,2,0,2,2
01006700,LUND UNIVERSITY                         ,FC,00000-0000,Public       ,0,16,16,0,16,16
01008400,UNIVERSITY OF CAPE TOWN                 ,FC,00000-0000,Private      ,6,14,20,6,14,20
01008700,UNIVERSITY OF OXFORD ST PETER'S COL     ,FC,00000-0000,Public       ,1,5,6,1,5,6
01009000,UNIVERSITY OF OXFORD - BALLIOL COLL     ,FC,00000-0000,Public       ,0,4,4,0,4,4
01014300,UNIVERSITY OF READING                   ,FC,00000-0000,Public       ,3,22,25,3,22,25
01015700,CARDIFF UNIVERSITY                      ,FC,00000-0000,Public       ,0,17,17,0,17,17
01015900,PONTIFICIA UNIVERSITA GREGORIANA        ,FC,00000-0000,Private      ,0,3,3,0,3,3
01016000,CG JUNG INST                            ,FC,00000-0000,Private      ,1,0,1,1,0,1
01018800,UNIVERSITY COLLEGE DUBLIN               ,FC,00000-0000,Public       ,2,37,39,2,37,39
01019000,UNIVERSITY OF CAMBRIDGE CHURCHILL C     ,FC,00000-0000,Public       ,0,4,4,0,4,4
01022800,UNIVERSITY OF STIRLING                  ,FC,00000-0000,Public       ,6,7,13,6,7,13
01033200,UNIVERSITY OF CAMBRIDGE - CLARE COL     ,FC,00000-0000,Public       ,0,1,1,0,1,1
01045600,UNIVERSITY OF HAIFA                     ,FC,00000-0000,Public       ,5,4,9,5,4,9
01047200,INST EUROPEEN OPEEN D'ADMINISTRATIO     ,FC,00000-0000,Private      ,0,11,11,0,11,11
01049300,CRANFIELD UNIVERSITY                    ,FC,00000-0000,Public       ,0,2,2,0,2,2
01052000,TRINITY LABAN                           ,FC,00000-0000,Public       ,2,2,4,2,2,4
01052001,LABAN CENTER FOR MOVEMENT & DANCE       ,FC,00000-0000,Public       ,1,1,2,1,1,2
01052500,UNIVERSITY OF HERTFORDSHIRE             ,FC,00000-0000,Public       ,1,2,3,1,2,3
01057400,LONDON INTRNTL FILM SCHOOL              ,FC,00000-0000,Private      ,0,7,7,0,7,7
01058400,VRIJE UNIVERSITEIT BRUSSELS             ,FC,00000-0000,Private      ,1,4,5,1,4,5
01058600,INSTITUTE OF SOCIAL STUDIES             ,FC,00000-0000,Private      ,1,8,9,1,8,9
01058800,AUSTRALIAN NATIONAL UNIVERSITY          ,FC,00000-0000,Public       ,3,19,22,3,19,22
01058900,BANGOR UNIVERSITY                       ,FC,00000-0000,Public       ,2,7,9,2,7,9
01059400,"RICHMOND, THE AMERICAN INT UNI IN LONDON",FC,00000-0000,Private      ,211,17,228,211,17,228
01059900,INST D'ETUDES POLITIQUES DE PARIS       ,FC,00000-0000,Public       ,1,11,12,1,11,12
01068100,MACQUARIE UNIVERSITY                    ,FC,00000-0000,Public       ,13,26,39,13,26,39
01069200,UNIVERSITY OF QUEENSLAND (THE)          ,FC,00000-0000,Public       ,17,28,45,17,28,45
01070400,SILLIMAN UNIVERSITY                     ,FC,00000-0000,Private      ,0,1,1,0,1,1
01078900,UNIVERSITY OF OXFORD - WORCESTER CO     ,FC,00000-0000,Public       ,0,4,4,0,4,4
01079200,CITY AND GUILDS OF LONDON INSTITUTE     ,FC,00000-0000,Private      ,2,2,4,2,2,4
01079500,AKADEMIA MEDYCZNA                       ,FC,00000-0000,Public       ,0,7,7,0,7,7
01079700,"NATIONAL UNIVERSITY OF IRELAND, MAY     ",FC,00000-0000,Public       ,0,3,3,0,3,3
01080300,SEMMELWEIS UNIVERSITY OF BUDAPEST       ,FC,00000-0000,Public       ,0,10,10,0,10,10
01081600,KINGSTON UNIVERSITY                     ,FC,00000-0000,Public       ,8,10,18,8,10,18
01083800,UNIVERSITITY OF BERGEN (UOB)            ,FC,00000-0000,Public       ,1,2,3,1,2,3
01086400,UNIV OF DUNDEE                          ,FC,00000-0000,Public       ,5,10,15,5,10,15
01086600,UNIVERSITY OF OXFORD - MAGDALEN COLLEGE ,FC,00000-0000,Public       ,1,8,9,1,8,9
01086700,UNIVERSITY OF OXFORD ST JOHN'S COLL     ,FC,00000-0000,Public       ,1,3,4,1,3,4
01091400,MONASH UNIVERSITY                       ,FC,00000-0000,Public       ,5,16,21,5,16,21
01091500,UNIV OF EAST ANGLIA                     ,FC,00000-0000,Public       ,3,29,32,3,29,32
01094200,UNIVERSITY OF OXFORD - ST HUGH'S CO     ,FC,00000-0000,Public       ,1,1,2,1,1,2
01097700,UNIVERSIDAD CENTRAL DEL ESTE            ,FC,00000-0000,Private      ,28,296,324,28,296,324
01104400,PONTIFICIA UNIVERSITA SAN TOMMASO       ,FC,00000-0000,Private      ,2,2,4,2,2,4
01105500,UNIV OF OXFORD - LADY MARGARET HALL     ,FC,00000-0000,Public       ,0,3,3,0,3,3
01105600,UNIVERSITY OF OXFORD - UNIVERSITY C     ,FC,00000-0000,Public       ,0,2,2,0,2,2
01105700,UNIVERSITY OF OXFORD - TRINITY COLL     ,FC,00000-0000,Public       ,1,0,1,1,0,1
01105800,UNIVERSITY OF OXFORD-ST EDMUND HALL     ,FC,00000-0000,Public       ,0,3,3,0,3,3
01105900,UNIVERSITY OF OXFORD ST ANTONY'S CO     ,FC,00000-0000,Public       ,0,17,17,0,17,17
01106000,UNIVERSITY OF OXFORD - QUEEN'S COLL     ,FC,00000-0000,Public       ,0,4,4,0,4,4
01106100,UNIVERSITY OF OXFORD - PEMBROKE COL     ,FC,00000-0000,Public       ,1,4,5,1,4,5
01106200,UNIVERSITY OF OXFORD - ORIEL COLLEG     ,FC,00000-0000,Public       ,1,1,2,1,1,2
01106300,UNIVERSITY OF OXFORD - NUFFIELD COL     ,FC,00000-0000,Public       ,0,4,4,0,4,4
01106400,UNIVERSITY OF OXFORD - NEW COLLEGE      ,FC,00000-0000,Public       ,0,1,1,0,1,1
01106500,UNIVERSITY OF OXFORD MERTON COLLEGE     ,FC,00000-0000,Public       ,1,1,2,1,1,2
01106600,UNIVERSITY OF OXFORD - LINCOLN COLL     ,FC,00000-0000,Public       ,1,1,2,1,1,2
01106700,UNIVERSITY OF OXFORD - KEBLE COLLEG     ,FC,00000-0000,Public       ,1,4,5,1,4,5
01106800,UNIVERSITY OF OXFORD - JESUS COLLEG     ,FC,00000-0000,Public       ,0,2,2,0,2,2
01106900,UNIVERSITY OF OXFORD - HERTFORD COL     ,FC,00000-0000,Public       ,0,5,5,0,5,5
01107000,UNIVERSITY OF OXFORD EXETER COLLEGE     ,FC,00000-0000,Public       ,0,7,7,0,7,7
01107100,UNIV OF OXFORD - CHRIST CHURCH          ,FC,00000-0000,Public       ,0,10,10,0,10,10
01107200,UNIVERSITY OF OXFORD - BRASENOSE CO     ,FC,00000-0000,Public       ,0,1,1,0,1,1
01109100,FLINDERS UNIVERSITY OF S AUSTRALIA      ,FC,00000-0000,Public       ,1,9,10,1,9,10
01109400,UNIVERSITY OF WESTERN AUSTRALIA (THE)   ,FC,00000-0000,Public       ,1,10,11,1,10,11
01156700,"IMPERIAL COLLEGE OF SCIENCE, TECHNOLOGY ",FC,00000-0000,Public       ,3,15,18,3,15,18
01167900,UNIVERSITY OF BATH                      ,FC,00000-0000,Public       ,2,12,14,2,12,14
01168300,FRANKLIN COLLEGE  SWITZERLAND           ,FC,00000-0000,Private      ,217,8,225,217,8,225
01175800,UNIV OF CAMBRIDGE - PETERHOUSE          ,FC,00000-0000,Public       ,1,6,7,1,6,7
01176400,ROYAL ACADEMY OF MUSIC                  ,FC,00000-0000,Public       ,5,11,16,5,11,16
01176500,GOLDSMITHS' COLLEGE-UNIV OF LONDON      ,FC,00000-0000,Public       ,5,54,59,5,54,59
01176600,UNIV OF LONDON - INST OF EDUC           ,FC,00000-0000,Public       ,0,7,7,0,7,7
01177900,STOCKHOLM SCHOOL OF ECONOMICS           ,FC,00000-0000,Private      ,0,2,2,0,2,2
01178000,BRUNEL UNIVERSITY                       ,FC,00000-0000,Public       ,3,19,22,3,19,22
01178400,UNIVERSITY OF WARSAW                    ,FC,00000-0000,Public       ,0,2,2,0,2,2
01183800,UNIVERSITY OF OXFORD - MANSFIELD CO     ,FC,00000-0000,Public       ,0,1,1,0,1,1
01207500,UNIVERSITY CAMBRIDGE - TRINITY COLL     ,FC,00000-0000,Public       ,0,7,7,0,7,7
01207800,VICTORIA UNIV OF WELLINGTON             ,FC,00000-0000,Public       ,3,17,20,3,17,20
01213600,VICTORIA UNIV OF MANCHESTER (THE)       ,FC,00000-0000,Public       ,2,26,28,2,26,28
01219800,UNIVERSITY OF BRADFORD                  ,FC,00000-0000,Public       ,2,15,17,2,15,17
01220100,UNIVERSITY OF OXFORD - REGENT'S PAR     ,FC,00000-0000,Public       ,1,3,4,1,3,4
01220600,JAMES COOK UNIVERSITY                   ,FC,00000-0000,Public       ,10,30,40,10,30,40
01221500,BIRMINGHAM CITY UNIVERSITY              ,FC,00000-0000,Public       ,0,4,4,0,4,4
01222300,JAGIELLONIAN UNIVERSITY COLLEGIUM M     ,FC,00000-0000,Public       ,0,17,17,0,17,17
01222500,UNIVERSITY OF SZEGED FACULTY OF MEDICINE,FC,00000-0000,Public       ,0,5,5,0,5,5
01223400,KOREA UNIVERSITY                        ,FC,00000-0000,Private      ,2,8,10,2,8,10
01225800,ASTON UNIVERSITY                        ,FC,00000-0000,Public       ,0,3,3,0,3,3
01227500,UNIVERSITY OF OXFORD - WOLFSON COLL     ,FC,00000-0000,Public       ,0,4,4,0,4,4
01230200,GONVILLE & CAIUS COLLEGE                ,FC,00000-0000,Public       ,0,5,5,0,5,5
01233300,UNIV OF THE ARTS LONDON- CAMBERWELL COLL,FC,00000-0000,Public       ,1,5,6,1,5,6
01233500,ROYAL COLLEGE OF MUSIC                  ,FC,00000-0000,Public       ,3,6,9,3,6,9
01233700,WROCLAW UNIVERSITY OF MEDICINE          ,FC,00000-0000,Public       ,0,2,2,0,2,2
01234100,UNIVERSITY OF WALES - ST DAVID'S UN     ,FC,00000-0000,Public       ,2,12,14,2,12,14
01239700,KONINKLIJK CONSERVATORIUM               ,FC,00000-0000,Public       ,1,1,2,1,1,2
01242100,UNIV OF AUCKLAND                        ,FC,00000-0000,Public       ,3,31,34,3,31,34
01253900,UNIVERSITY OF THE ARTS LONDON IDO - CENT,FC,00000-0000,Public       ,10,24,34,10,24,34
01254000,UNIVERSIDAD DE NAVARRA                  ,FC,00000-0000,Private      ,2,11,13,2,11,13
01276500,UNIVERSITY OF OXFORD - LINACRE COLL     ,FC,00000-0000,Public       ,0,8,8,0,8,8
01276600,"NATIONAL UNIVERSITY IRELAND, GALWAY     ",FC,00000-0000,Public       ,2,26,28,2,26,28
01280200,PONTIFICIA UNIV CATOLICA MAD Y MAES     ,FC,00000-0000,Private      ,14,13,27,14,13,27
01281100,INST TECNOLOGICO DE SANTO DOMINGO       ,FC,00000-0000,Private      ,1,25,26,1,25,26
01283900,UNIVERSITY OF CAMBRIDGE - SAINT JOH     ,FC,00000-0000,Public       ,0,4,4,0,4,4
01286200,MOUNTVIEW ACADEMY OF THEATRE ARTS       ,FC,00000-0000,Private      ,1,1,2,1,1,2
01297800,UNIVERSITY OF HUDDERSFIELD (THE)        ,FC,00000-0000,Public       ,1,5,6,1,5,6
01315300,MASSEY UNIVERSITY                       ,FC,00000-0000,Public       ,4,21,25,4,21,25
01322500,COLLEGE OF LAW                          ,FC,00000-0000,Private      ,0,6,6,0,6,6
02052400,DARWIN COLLEGE                          ,FC,00000-0000,Public       ,0,2,2,0,2,2
02082400,UNIVERSITY OF CAMBRIDGE - QUEEN'S C     ,FC,00000-0000,Public       ,0,4,4,0,4,4
02083400,UNIVERSITY OF CAMBRIDGE - WOLFSON C     ,FC,00000-0000,Public       ,0,7,7,0,7,7
02087400,UNIVERSITY OF CAMBRIDGE - NEWNHAM C     ,FC,00000-0000,Public       ,0,1,1,0,1,1
02087900,OXFORD BROOKES UNIVERSITY               ,FC,00000-0000,Public       ,2,18,20,2,18,20
02094100,BEN-GURION UNIV                         ,FC,00000-0000,Public       ,1,101,102,1,101,102
02094400,UNIV OF CAMBRIDGE - ST EDMUND'S HOU     ,FC,00000-0000,Public       ,1,1,2,1,1,2
02095500,LONDON BUS SCHOOL                       ,FC,00000-0000,Private      ,1,43,44,1,43,44
02098700,FATIMA COLLEGE OF MEDICINE              ,FC,00000-0000,Private      ,1,18,19,1,18,19
02101900,ROEHAMPTON UNIVERSITY                   ,FC,00000-0000,Public       ,5,32,37,5,32,37
02108600,LONDON ACADEMY OF MUSIC & DRAMATIC      ,FC,00000-0000,Private      ,4,7,11,4,7,11
02115900,UNIVERSITY OF PORTSMOUTH                ,FC,00000-0000,Public       ,1,3,4,1,3,4
02116700,UNIVERSITY OF CAMBRIDGE - LUCY CAVE     ,FC,00000-0000,Public       ,0,1,1,0,1,1
02120000,UNIV OF LONDON - COURTALD INST OF A     ,FC,00000-0000,Public       ,2,9,11,2,9,11
02133400,UNIVERSITY OF CAMBRIDGE - SIDNEY SU     ,FC,00000-0000,Public       ,0,1,1,0,1,1
02142000,UNIVERSITY OF CAMBRIDGE - HOMERTON      ,FC,00000-0000,Public       ,1,2,3,1,2,3
02149700,UNIVERSITY OF WINCHESTER (THE)          ,FC,00000-0000,Public       ,0,1,1,0,1,1
02156800,UNIV OF OTAGO                           ,FC,00000-0000,Public       ,2,12,14,2,12,14
02162300,"IESE BUSINESS SCH, UNIV OF NAVARRA      ",FC,00000-0000,Private      ,1,15,16,1,15,16
02164600,DAYANAND MEDICAL COLLEGE & HOSPITAL     ,FC,00000-0000,Private      ,1,0,1,1,0,1
02167400,UNIVERSITY OF CAMBRIDGE - CORPUS CH     ,FC,00000-0000,Public       ,0,4,4,0,4,4
02168200,NORWEGIAN UNIV OF SCIENCE ANDTECH       ,FC,00000-0000,Public       ,0,2,2,0,2,2
02175700,OHR SOMAYACH INSTITUTIONS               ,FC,00000-0000,Private      ,0,1,1,0,1,1
02177700,KING'S COLLEGE- UNIV OF CAMBRIDGE       ,FC,00000-0000,Public       ,2,10,12,2,10,12
02180500,MIDDLESEX UNIVERSITY                    ,FC,00000-0000,Public       ,15,21,36,15,21,36
02181000,UNIVERSITY OF SOUTH AUSTRALIA           ,FC,00000-0000,Public       ,0,8,8,0,8,8
02183500,UNIV OF OXFORD - WYCLIFFE HALL          ,FC,00000-0000,Public       ,1,4,5,1,4,5
02186000,UNIVERSITY OF CAMBRIDGE - MAGDALENE     ,FC,00000-0000,Public       ,0,1,1,0,1,1
02186100,UNIVERSITY OF CAMBRIDGE - EMMANUEL      ,FC,00000-0000,Public       ,0,1,1,0,1,1
02189600,UNIVERSITY OF GRONINGEN                 ,FC,00000-0000,Public       ,0,7,7,0,7,7
02194800,UNIVERSITY OF THE WEST OF ENGLAND -     ,FC,00000-0000,Public       ,0,6,6,0,6,6
02195100,UNIV OF WESTMINSTER                     ,FC,00000-0000,Public       ,6,37,43,6,37,43
02196700,GUILDHALL SCHOOL OF MUSIC & DRAMA       ,FC,00000-0000,Public       ,8,4,12,8,4,12
02197000,INT'L GRAD PROGRAMME STOCKHOLM UNIV     ,FC,00000-0000,Public       ,0,3,3,0,3,3
02207300,UNIVERSITY OF CAMBRIDGE - CHRIST'S      ,FC,00000-0000,Public       ,0,2,2,0,2,2
02209500,UNIVERSITEIT UTRECHT                    ,FC,00000-0000,Public       ,4,24,28,4,24,28
02210000,UNIV OF LONDON - LONDON SCHOOL OF H     ,FC,00000-0000,Public       ,0,35,35,0,35,35
02212300,UNIVERSITY OF CAMBRIDGE - ROBINSON      ,FC,00000-0000,Public       ,0,3,3,0,3,3
02216300,UNIVERSIDAD DE CHILE                    ,FC,00000-0000,Public       ,6,7,13,6,7,13
02225300,UNIV OF CANTERBURY                      ,FC,00000-0000,Public       ,1,16,17,1,16,17
02229100,UNIVERSITY OF LEICESTER                 ,FC,00000-0000,Public       ,1,26,27,1,26,27
02229600,SACKLER SCHOOL OF MEDICINE              ,FC,00000-0000,Public       ,0,22,22,0,22,22
02232100,UNIVERSITY OF CAMBRIDGE                 ,FC,00000-0000,Public       ,0,11,11,0,11,11
02233300,"ST GEORGE'S UNIV, SCH OF MEDICINE       ",FC,00000-0000,Proprietary  ,5,562,567,5,562,567
02235300,LONDON METROPOLITAN UNIVERSITY          ,FC,00000-0000,Public       ,18,37,55,18,37,55
02240900,AISH HATORAH CLG OF JEWISH STUDIES      ,FC,00000-0000,Private      ,0,4,4,0,4,4
02244400,AMERICAN UNIV OF THE CARIBBEAN          ,FC,00000-0000,Proprietary  ,6,388,394,6,388,394
02257100,COVENTRY UNIVERSITY                     ,FC,00000-0000,Public       ,5,2,7,5,2,7
02266600,UNIVERSITY OF LONDON - SAINT GEORGE     ,FC,00000-0000,Public       ,1,5,6,1,5,6
02271700,UNIVERSITY OF CAMBRIDGE - CLARE HAL     ,FC,00000-0000,Public       ,0,2,2,0,2,2
02271800,UNIV OF OXFORD - CAMPION HALL           ,FC,00000-0000,Public       ,0,2,2,0,2,2
02272200,UNIV OF CAMBRIDGE - NEW HALL            ,FC,00000-0000,Public       ,0,2,2,0,2,2
02273600,QUEEN'S UNIV OF BELFAST (THE)           ,FC,00000-0000,Public       ,1,10,11,1,10,11
02273900,HERIOT WATT UNIVERSITY                  ,FC,00000-0000,Public       ,0,16,16,0,16,16
02276700,NYENRODE BUSINESS UNIVERSITEIT          ,FC,00000-0000,Private      ,0,4,4,0,4,4
02279700,UNIVERSITY OF MANCHESTER - INSTITUT     ,FC,00000-0000,Public       ,5,38,43,5,38,43
02293400,ECOLE DES HAUTES ETUDES COMERCIALS      ,FC,00000-0000,Public       ,0,7,7,0,7,7
02296300,UNIVERSITY OF CAMBRIDGE - JESUS COL     ,FC,00000-0000,Public       ,0,1,1,0,1,1
02310500,DE MONTFORT UNIVERSITY                  ,FC,00000-0000,Public       ,1,5,6,1,5,6
02320500,ROYAL NORTHERN COLLEGE OF MUSIC         ,FC,00000-0000,Public       ,1,4,5,1,4,5
02335100,UNIV OF CAMBRIDGE - TRINITY HALL        ,FC,00000-0000,Public       ,1,1,2,1,1,2
02338900,UNIVERSITY  FOR THE CREATIVE ARTS       ,FC,00000-0000,Public       ,3,0,3,3,0,3
02338903,KENT INSTITUTE OF ART & DESIGN          ,FC,00000-0000,Public       ,1,2,3,1,2,3
02339300,ERASMUS UNIV ROTTERDAM                  ,FC,00000-0000,Public       ,0,17,17,0,17,17
02347300,ESCUELA AUTONOMA DE CIENCIAS MEDICA     ,FC,00000-0000,Private      ,0,6,6,0,6,6
02351800,UNIVERSIDAD IBEROAMERICANA (UNIBE       ,FC,00000-0000,Private      ,25,278,303,25,278,303
02352100,UNIVERSITY OF PLYMOUTH                  ,FC,00000-0000,Public       ,0,11,11,0,11,11
02355200,ECOLE SUPERIEURE DE CUISINE FRANCAISE-FE,FC,00000-0000,Public       ,0,5,5,0,5,5
02493000,ESCUELA SUPERIOR ADMINISTRACION Y D     ,FC,00000-0000,Private      ,0,10,10,0,10,10
02496600,UNIVERSITY OF STELLENBOSCH              ,FC,00000-0000,Public       ,0,4,4,0,4,4
02502600,PECSI ORVOSTUDOMANYI EGYETEM (PECS      ,FC,00000-0000,Public       ,0,11,11,0,11,11
02530000,E.M. LYON                               ,FC,00000-0000,Private      ,0,1,1,0,1,1
02545700,GLASGOW SCHOOL OF ART                   ,FC,00000-0000,Public       ,2,9,11,2,9,11
02579600,MURDOCH UNIVERSITY                      ,FC,00000-0000,Public       ,6,21,27,6,21,27
02588000,UNIVERSITY OF ULSTER                    ,FC,00000-0000,Public       ,2,6,8,2,6,8
02591800,CURTIN UNIVERSITY OF TECHNOLOGY         ,FC,00000-0000,Public       ,3,14,17,3,14,17
02592300,MILLTOWN INST OF THEOLOGY & PHILOSO     ,FC,00000-0000,Private      ,0,1,1,0,1,1
02604300,AALBORG UNIVERSITY                      ,FC,00000-0000,Public       ,3,5,8,3,5,8
02611500,HELSINKI SCH OF ECONOMICS & BUS ADM     ,FC,00000-0000,Public       ,0,3,3,0,3,3
02611600,ECOL NATIONAL DES PONTS ET CHAUSSEE     ,FC,00000-0000,Public       ,1,3,4,1,3,4
02611700,DUBLIN CITY UNIVERSITY                  ,FC,00000-0000,Public       ,3,14,17,3,14,17
02623200,UNIVERSITY OF NEWCASTLE (THE)           ,FC,00000-0000,Public       ,4,8,12,4,8,12
03012700,UNIVERSITY OF BUCKINGHAM                ,FC,00000-0000,Private      ,0,5,5,0,5,5
03029400,KEELE UNIVERSITY                        ,FC,00000-0000,Public       ,0,6,6,0,6,6
03029500,NORTHUMBRIA UNIVERSITY                  ,FC,00000-0000,Public       ,2,6,8,2,6,8
03029800,NORGES HANDELSHOYSKOLE                  ,FC,00000-0000,Public       ,2,1,3,2,1,3
03033300,MANCHESTER METROPOLITAN UNIV            ,FC,00000-0000,Public       ,1,12,13,1,12,13
03033700,NORWEGIAN SCHOOL OF MANAGEMENT          ,FC,00000-0000,Private      ,1,1,2,1,1,2
03045000,UNIVERSITY OF EAST LONDON               ,FC,00000-0000,Public       ,1,14,15,1,14,15
03050100,STUDIO ART CENTERS INTERNATIONAL        ,FC,00000-0000,Private      ,25,36,61,25,36,61
03066800,PONTIFICIO ATENEO DELLA SANTA CROCE     ,FC,00000-0000,Private      ,0,2,2,0,2,2
03067200,UNIVERSITY OF SYDNEY                    ,FC,00000-0000,Public       ,9,56,65,9,56,65
03073800,UNIV OF DEBRECEN MED & HEALTH SCI       ,FC,00000-0000,Public       ,3,3,6,3,3,6
03078700,UNIVERSITA COMMERCIALE L BOCCONI        ,FC,00000-0000,Public       ,3,0,3,3,0,3
03080300,SHEFFIELD HALLAM UNIVERSITY             ,FC,00000-0000,Public       ,0,1,1,0,1,1
03084300,UNIVERSITY OF LIMERICK                  ,FC,00000-0000,Public       ,6,12,18,6,12,18
03085100,UNIV OF WOLVERHAMPTON (WOLVERHAMPTO     ,FC,00000-0000,Public       ,1,2,3,1,2,3
03088700,ROYAL SCOTTISH ACAD MUSIC & DRAMA       ,FC,00000-0000,Public       ,4,3,7,4,3,7
03091400,UNIVERSITY OF WOLLONGONG                ,FC,00000-0000,Public       ,5,10,15,5,10,15
03091500,UNIVERSITY OF CANBERRA                  ,FC,00000-0000,Public       ,2,2,4,2,2,4
03091700,KAROL MARCINKOWSKI UNIV OF MED SCI      ,FC,00000-0000,Public       ,2,28,30,2,28,30
03092500,NOTTINGHAM TRENT UNIVERSITY             ,FC,00000-0000,Public       ,1,5,6,1,5,6
03095000,RMIT UNIVERSITY                         ,FC,00000-0000,Public       ,2,7,9,2,7,9
03095400,BOND UNIVERSITY                         ,FC,00000-0000,Private      ,10,31,41,10,31,41
03095900,ESSEC BUSINESS SCHOOL                   ,FC,00000-0000,Private      ,0,4,4,0,4,4
03096100,LA TROBE UNIVERSITY                     ,FC,00000-0000,Public       ,5,5,10,5,5,10
03096900,DEAKIN UNIVERSITY                       ,FC,00000-0000,Public       ,2,9,11,2,9,11
03097100,UNIVERSITY OF WESTERN SYDNEY            ,FC,00000-0000,Public       ,1,2,3,1,2,3
03097300,VICTORIA UNIVERSITY OF TECHNOLOGY       ,FC,00000-0000,Public       ,0,6,6,0,6,6
03097500,CENTRAL QUEENSLAND UNIVERSITY           ,FC,00000-0000,Public       ,1,2,3,1,2,3
03100000,UNIVERSITY OF ADELAIDE (THE)            ,FC,00000-0000,Public       ,1,14,15,1,14,15
03100200,INST DE MANAGEMENT HOTELIER INTERNA     ,FC,00000-0000,Private      ,1,0,1,1,0,1
03101600,ASIAN INSTITUTE OF MANAGEMENT           ,FC,00000-0000,Private      ,1,2,3,1,2,3
03102500,AMERICAN UNIVERSITY OF ROME             ,FC,00000-0000,Private      ,64,24,88,64,24,88
03102800,ROBERT GORDON UNIVERSITY (THE)          ,FC,00000-0000,Public       ,1,4,5,1,4,5
03103200,INT'L STUDIES CTR AT THE CORVINUS UNIVER,FC,00000-0000,Public       ,0,3,3,0,3,3
03104800,GRIFFITH UNIVERSITY                     ,FC,00000-0000,Public       ,7,16,23,7,16,23
03123500,HOGESCHOOL VAN AMSTERDAM                ,FC,00000-0000,Private      ,2,2,4,2,2,4
03125200,LINCOLN UNIVERSITY                      ,FC,00000-0000,Public       ,0,2,2,0,2,2
03136300,AUSTRALIAN CATHOLIC UNIVERSITY          ,FC,00000-0000,Public       ,1,2,3,1,2,3
03137400,CHARLES STURT UNIVERSITY                ,FC,00000-0000,Public       ,1,3,4,1,3,4
03140300,EDITH COWAN UNIVERSITY                  ,FC,00000-0000,Public       ,1,5,6,1,5,6
03140400,NORTHERN TERRITORY UNIVERSITY           ,FC,00000-0000,Public       ,0,2,2,0,2,2
03140500,QUEENSLAND UNIVERSITY OF TECHNOLOGY     ,FC,00000-0000,Public       ,5,10,15,5,10,15
03140600,SOUTHERN CROSS UNIVERSITY               ,FC,00000-0000,Public       ,3,5,8,3,5,8
03140700,SWINBURNE UNIVERSITY OF TECHNOLOGY      ,FC,00000-0000,Public       ,2,1,3,2,1,3
03140900,UNIVERSITY OF BALLARAT                  ,FC,00000-0000,Public       ,0,1,1,0,1,1
03150300,UNIVERSITY OF TASMANIA                  ,FC,00000-0000,Public       ,1,7,8,1,7,8
03274300,"KUNGLIGA TEKNISKA HOGSKOLAN, KTH        ",FC,00000-0000,Public       ,0,4,4,0,4,4
03287300,LIVERPOOL INSTITUTE FOR PERFORMING ARTS ,FC,00000-0000,Public       ,3,5,8,3,5,8
03300300,"2ND SCHOOL OF MEDICINE, CHARLES UNI     ",FC,00000-0000,Public       ,0,3,3,0,3,3
03300400,"FIRST FACULTY OF MEDICINE, CHARLES UNIV.",FC,00000-0000,Public       ,0,10,10,0,10,10
03329300,JOHN CABOT UNIVERSITY                   ,FC,00000-0000,Private      ,50,9,59,50,9,59
03332400,AGRICULTURE UNIVERSITY OF WROCLAW       ,FC,00000-0000,Public       ,0,2,2,0,2,2
03333300,MEDICAL UNIVERSITY SCHOOL OF LUBLIN     ,FC,00000-0000,Public       ,8,57,65,8,57,65
03334300,UNIVERSIDAD NORDESTANA                  ,FC,00000-0000,Private      ,0,3,3,0,3,3
03335300,MEDICAL UNIVERSITY OF SILESIA           ,FC,00000-0000,Public       ,5,19,24,5,19,24
03342300,GLASGOW CALEDONIAN UNIVERSITY           ,FC,00000-0000,Public       ,1,1,2,1,1,2
03349400,"QUEEN MARGARET UNIVERSITY COLLEGE, EDINB",FC,00000-0000,Public       ,0,3,3,0,3,3
03350300,BOURNEMOUTH UNIVERSITY                  ,FC,00000-0000,Public       ,2,8,10,2,8,10
03352300,LONDON SOUTH BANK UNIVERSITY            ,FC,00000-0000,Private      ,7,8,15,7,8,15
03363300,THE ARTS EDUCATIONAL SCHOOLS LONDON     ,FC,00000-0000,Private      ,1,3,4,1,3,4
03364300,"FACULTY OF MEDICINE, PALACKY UNIVER     ",FC,00000-0000,Public       ,0,3,3,0,3,3
03365400,AUCKLAND INSTITUTE OF TECHNOLOGY        ,FC,00000-0000,Public       ,0,5,5,0,5,5
03375300,"CHARLES UNIVERSITY, FACULTY OF MEDI     ",FC,00000-0000,Public       ,0,3,3,0,3,3
03377300,"UNIVERSITY OF WALES INSTITUTE, CARD     ",FC,00000-0000,Public       ,0,1,1,0,1,1
03378300,"THE 3RD FACULTY OF MEDICINE, CHARLE     ",FC,00000-0000,Public       ,0,1,1,0,1,1
03386300,CHARLES UNIVERSITY-MEDICAL FACULTY      ,FC,00000-0000,Public       ,0,2,2,0,2,2
03397400,HOGESCHOOL VOOR DE KUNSTEN UTRECHT      ,FC,00000-0000,Private      ,0,5,5,0,5,5
03406300,"THE SCHOOL OF PHARMACY, UNIVERSITY      ",FC,00000-0000,Public       ,1,0,1,1,0,1
03418400,NAPIER UNIVERSITY                       ,FC,00000-0000,Public       ,2,11,13,2,11,13
03435300,ANGLIA POLYTECHNIC UNIVERSITY HIGHE     ,FC,00000-0000,Public       ,1,0,1,1,0,1
03460300,INTERNATIONALES THEOLOGISCHES INSTI     ,FC,00000-0000,Private      ,2,9,11,2,9,11
03462400,UNIV OF ARTS LONDON - LON COLL OF COMMUN,FC,00000-0000,Public       ,2,3,5,2,3,5
03466300,INSTITUTO CENTROAMERICANO DE ADMINI     ,FC,00000-0000,Private      ,0,1,1,0,1,1
03473300,UNIV OF ARTS LONDON - LON COLL FASHION  ,FC,00000-0000,Public       ,13,12,25,13,12,25
03475300,UNIV OF THE ARTS  LONDON - CHELSEA COLL ,FC,00000-0000,Public       ,2,5,7,2,5,7
03477400,UNIVERSITY OF LUTON                     ,FC,00000-0000,Public       ,1,0,1,1,0,1
03478300,ROYAL WELSH COLLEGE OF MUSIC AND DRAMA  ,FC,00000-0000,Public       ,1,0,1,1,0,1
03484300,LANDEGG INTERNATIONAL UNIVERSITY        ,FC,00000-0000,Private      ,0,2,2,0,2,2
03492400,UNIV OF CAMBRIDGE-ST CATHERINE'S CG     ,FC,00000-0000,Public       ,0,1,1,0,1,1
03494400,UNIV OF CAMBRIDGE-SELWYN COLLEGE        ,FC,00000-0000,Public       ,0,3,3,0,3,3
03494600,UNIV OF OXFORD-HARRIS MANCHESTER        ,FC,00000-0000,Public       ,0,1,1,0,1,1
03500300,WIMBLEDON COLLEGE OF ART                ,FC,00000-0000,Public       ,1,1,2,1,1,2
03501400,LEEDS METROPOLITAN UNIVERSITY           ,FC,00000-0000,Public       ,0,4,4,0,4,4
03507300,UNIVERSITY OF SUNDERLAND                ,FC,00000-0000,Public       ,1,4,5,1,4,5
03515300,UNIVERSITY OF CENTRAL LANCASHIRE        ,FC,00000-0000,Public       ,1,5,6,1,5,6
03517300,UNIVERSITY OF BRIGHTON                  ,FC,00000-0000,Public       ,1,6,7,1,6,7
03518300,EUROPEAN GRADUATE SCHOOL                ,FC,00000-0000,Private      ,1,27,28,1,27,28
03533300,BATH SPA UNIVERSITY                     ,FC,00000-0000,Public       ,0,6,6,0,6,6
03547300,UNIVERSITY OF GLAMORGAN                 ,FC,00000-0000,Public       ,0,1,1,0,1,1
03580300,LIVERPOOL JOHN MOORES UNIVERSITY        ,FC,00000-0000,Public       ,0,2,2,0,2,2
03594300,GROUP ESC GRENOBLE GRAD SCH OF BUS.     ,FC,00000-0000,Private      ,0,5,5,0,5,5
03597300,JAGIELLONIAN UNIVERSITY                 ,FC,00000-0000,Public       ,1,9,10,1,9,10
03601300,UNIVERSITAT JAUME I DE CASTELLO/UJI     ,FC,00000-0000,Public       ,0,3,3,0,3,3
03619300,UNIVERSITY OF GREENWICH                 ,FC,00000-0000,Public       ,4,3,7,4,3,7
03653400,UNIVERSIDAD DE IBEROAMERICA - UNIBE     ,FC,00000-0000,Private      ,2,4,6,2,4,6
03674300,UNIVERSITY OF ABERTAY DUNDEE            ,FC,00000-0000,Public       ,1,1,2,1,1,2
03684400,UNIVERSITY OF LINCOLN                   ,FC,00000-0000,Public       ,0,1,1,0,1,1
03716300,"UNIVERSITY OF WALES, NEWPORT            ",FC,00000-0000,Public       ,1,1,2,1,1,2
03721300,WRITTLE COLLEGE                         ,FC,00000-0000,Public       ,0,2,2,0,2,2
03770300,NAZARENE THEOLOGICAL COLLEGE            ,FC,00000-0000,Private      ,0,4,4,0,4,4
03777400,WESTMINSTER COLLEGE                     ,FC,00000-0000,Private      ,0,2,2,0,2,2
03816400,AMERICAN GRAD SCH OF INTERNTL REL & DIPL,FC,00000-0000,Private      ,1,17,18,1,17,18
03824300,"ROYAL VETERINARY COLLEGE (THE), UNIVERSI",FC,00000-0000,Public       ,0,12,12,0,12,12
03850500,MEDICAL UNIVERSITY OF LODZ              ,FC,00000-0000,Public       ,0,6,6,0,6,6
03926400,NATIONAL COLLEGE OF ART AND DESIGN      ,FC,00000-0000,Public       ,1,1,2,1,1,2
03941301,AVE MARIA UNIVERSITY - LATIN AMERICA    ,FC,00000-0000,Private      ,15,5,20,15,5,20
00380600,ALDERSON-BROADDUS COLLEGE               ,WV,26416-1051,Private      ,644,277,921,644,277,921
00380700,MOUNTAIN STATE UNIVERSITY               ,WV,25801-5624,Private      ,745,1541,2286,745,1541,2286
00380800,BETHANY COLLEGE                         ,WV,26032-0417,Private      ,734,27,761,734,27,761
00380900,BLUEFIELD STATE COLLEGE                 ,WV,24701-2198,Public       ,823,795,1618,823,795,1618
00381000,CONCORD UNIVERSITY                      ,WV,24712-0000,Public       ,2107,555,2662,2107,555,2662
00381100,DAVIS & ELKINS COLLEGE                  ,WV,26241-3996,Private      ,420,189,609,420,189,609
00381200,FAIRMONT STATE UNIVERSITY               ,WV,26554-2470,Public       ,4000,1999,5999,4000,1999,5999
00381300,GLENVILLE STATE COLLEGE                 ,WV,26351-1292,Public       ,1093,262,1355,1093,262,1355
00381500,MARSHALL UNIVERSITY                     ,WV,25755-3300,Public       ,6000,2584,8584,6000,2584,8584
00381600,SOUTHERN WV COMMUNITY COLLEGE           ,WV,25637-2900,Public       ,631,459,1090,631,459,1090
00381800,UNIVERSITY OF CHARLESTON                ,WV,25304-1099,Private      ,1152,331,1483,1152,331,1483
00381900,OHIO VALLEY COLLEGE                     ,WV,26105-8000,Private      ,241,68,309,241,68,309
00382000,SALEM INTERNATIONAL UNIVERSITY          ,WV,26426-0500,Proprietary  ,127,61,188,127,61,188
00382200,SHEPHERD UNIVERSITY                     ,WV,25443-3210,Public       ,2013,480,2493,2013,480,2493
00382300,WEST LIBERTY STATE COLLEGE              ,WV,26074-0295,Public       ,1701,310,2011,1701,310,2011
00382600,WEST VIRGINIA STATE UNIVERSITY          ,WV,25112-0000,Public       ,1689,1527,3216,1689,1527,3216
00382700,WEST VIRGINIA UNIVERSITY                ,WV,26506-6201,Public       ,16842,4837,21679,16842,4837,21679
00382711,WEST VIRGINIA UNIVERSITY - POTOMAC STATE,WV,26726-3000,Public       ,800,162,962,800,162,962
00382721,WEST VIRGINIA UNIV INST OF TECH         ,WV,25136-2436,Public       ,963,356,1319,963,356,1319
00382800,WEST VIRGINIA UNIV AT PARKERSBURG       ,WV,26101-9577,Public       ,861,895,1756,861,895,1756
00383000,WEST VIRGINIA WESLEYAN COLLEGE          ,WV,26201-2600,Private      ,1336,78,1414,1336,78,1414
00383100,WHEELING JESUIT UNIVERSITY              ,WV,26003-6243,Private      ,956,200,1156,956,200,1156
00500700,WEST VIRGINIA JUNIOR COLLEGE            ,WV,26505-5596,Proprietary  ,53,86,139,53,86,139
00500800,MOUNTAIN STATE COLLEGE                  ,WV,26101-3993,Proprietary  ,17,58,75,17,58,75
00754400,APPALACHIAN BIBLE COLLEGE               ,WV,25818-1353,Private      ,135,46,181,135,46,181
00757800,HUNTINGTON SCHOOL OF BEAUTY CULTURE     ,WV,25705-2030,Proprietary  ,15,4,19,15,4,19
00760000,INTERNATIONAL BEAUTY SCHOOL             ,WV,25401-3231,Proprietary  ,4,3,7,4,3,7
00835500,JAMES RUMSEY TECHNICAL INSTITUTE        ,WV,25403-0259,Public       ,28,43,71,28,43,71
00895900,CLARKSBURG BEAUTY ACADEMY               ,WV,26301-2903,Proprietary  ,15,4,19,15,4,19
00904700,HUNTINGTON JUNIOR COLLEGE               ,WV,25701-2004,Proprietary  ,85,541,626,85,541,626
00905400,WEST VIRGINIA NORTHERN CMTY COLLEGE     ,WV,26003-0000,Public       ,409,569,978,409,569,978
01014000,MINERAL COUNTY VOCATIONAL TECH CTR      ,WV,26726-0000,Public       ,3,8,11,3,8,11
01021703,INTERNATIONAL ACADEMY OF DESIGN AND TECH,WV,26554-9790,Proprietary  ,7,3,10,7,3,10
01035600,EVEREST INSTITUTE                       ,WV,25313-1304,Proprietary  ,53,206,259,53,206,259
01057300,WEST VIRGINIA JUNIOR COLLEGE            ,WV,25322-0000,Proprietary  ,47,114,161,47,114,161
01057302,WEST VIRGINIA JUNIOR COLLEGE            ,WV,26330-0000,Proprietary  ,108,114,222,108,114,222
01086100,WEST VIRGINIA BUSINESS COLLEGE          ,WV,26301-0000,Proprietary  ,8,6,14,8,6,14
01124500,WEST VIRGINIA SCH OSTEOPATHIC MED       ,WV,24901-1128,Public       ,10,445,455,10,445,455
01174900,WOOD COUNTY SCH OF PRAC NURSING         ,WV,26101-6424,Public       ,10,15,25,10,15,25
01235900,B M SPURR SCHOOL OF PRAC NURSING        ,WV,26038-1660,Private      ,3,11,14,3,11,14
01257300,WEST VIRGINIA UNIV-HOSP-RAD TECH        ,WV,26506-8062,Private      ,45,42,87,45,42,87
01274300,BENJAMIN FRANKLIN CAREER&TECH           ,WV,25064-0000,Public       ,19,16,35,19,16,35
01290400,MONONGALIA CNTY TECH ED CTR             ,WV,26501-6841,Public       ,31,49,80,31,49,80
01290500,ACADEMY OF CAREERS AND TECHNOLOGY       ,WV,25801-0000,Public       ,25,43,68,25,43,68
02057400,ROANE-JACKSON TECHNICAL CENTER          ,WV,25252-0000,Public       ,10,21,31,10,21,31
02068000,UNITED TECHNICAL CENTER                 ,WV,26301-0000,Public       ,14,27,41,14,27,41
02070100,BECKLEY BEAUTY ACADEMY                  ,WV,25801-0000,Proprietary  ,13,8,21,13,8,21
02073400,CARVER CAREER TECH ED CTR               ,WV,25306-6397,Public       ,39,64,103,39,64,103
02145100,SCOTT COLLEGE OF COSMETOLOGY            ,WV,26003-0000,Proprietary  ,12,7,19,12,7,19
02175900,MARION COUNTY TECHNICAL CENTER          ,WV,26571-0000,Public       ,1,1,2,1,1,2
02178200,CHARLESTON SCHOOL OF BEAUTY CULTURE     ,WV,25301-0000,Proprietary  ,11,6,17,11,6,17
02218200,GARNET CAREER CENTER                    ,WV,25301-0000,Public       ,25,73,98,25,73,98
02275300,CABELL COUNTY CAREER TECHNOLOGY CTR     ,WV,25705-0000,Public       ,21,36,57,21,36,57
02280300,WV CAREER AND TECHNICAL INSTITUTE       ,WV,25112-0000,Public       ,35,18,53,35,18,53
02524500,RALPH R WILLIS VOCATIONAL CENTER        ,WV,25601-0000,Public       ,6,8,14,6,8,14
02534800,FRED W EBERLE TECHNICAL CENTER          ,WV,26201-0000,Public       ,12,21,33,12,21,33
02535500,MERCER COUNTY TECH EDUC CNTR            ,WV,24740-0000,Public       ,17,22,39,17,22,39
02579900,NORTH CENTRAL OPPORTUNITIES IND CTR     ,WV,26554-2936,Private      ,1,11,12,1,11,12
02609400,VALLEY COLLEGE                          ,WV,25404-5711,Proprietary  ,4,32,36,4,32,36
03052000,MEREDITH MANOR EQUESTRIAN CENTRE        ,WV,26184-9707,Proprietary  ,27,11,38,27,11,38
03076500,FAYETTE INSTITUTE OF TECHNOLOGY         ,WV,25901-2174,Public       ,6,24,30,6,24,30
03084200,VALLEY COLLEGE                          ,WV,24740-3141,Proprietary  ,1,15,16,1,15,16
03084400,VALLEY COLLEGE                          ,WV,25801-2643,Proprietary  ,7,46,53,7,46,53
03098300,PUTNAM CAREER & TECHNICAL CENTER        ,WV,25070-0000,Public       ,14,25,39,14,25,39
03099200,"MOUNTAINEER BEAUTY COLLEGE, INC         ",WV,25177-2917,Proprietary  ,11,16,27,11,16,27
03102100,MORGANTOWN BEAUTY COLLEGE               ,WV,26505-5430,Proprietary  ,18,11,29,18,11,29
03123200,STANLEY TECHNICAL INSTITUTE             ,WV,26505-3751,Private      ,2,1,3,2,1,3
03734300,JOHN D. ROCKEFELLER IV CAREER CENTER    ,WV,26047-9424,Public       ,1,5,6,1,5,6
03957300,BLUE RIDGE COMMUNITY AND TECHNICAL COLLE,WV,25401-3244,Public       ,93,182,275,93,182,275
03960300,NEW RIVER COMMUNITY AND TECHNICAL COLLEG,WV,25801-2636,Public       ,276,453,729,276,453,729
04028300,MOUNTAIN STATE SCHOOL OF MASSAGE        ,WV,25304-2025,Proprietary  ,9,9,18,9,9,18
04038600,WEST VIRGINIA STATE COMMUNITY AND TECHNI,WV,25112-1000,Public       ,13,37,50,13,37,50
04041400,MARSHALL COMMUNITY AND TECHNICAL COLLEGE,WV,25755-3300,Public       ,125,85,210,125,85,210
00106100,ALASKA PACIFIC UNIVERSITY               ,AK,99508-4672,Private      ,209,205,414,209,205,414
00106200,SHELDON JACKSON COLLEGE                 ,AK,99835-7699,Private      ,29,29,58,29,29,58
00106300,UNIVERSITY OF ALASKA FAIRBANKS          ,AK,99775-7500,Public       ,925,854,1779,925,854,1779
00106500,UNIVERSITY OF ALASKA SOUTHEAST          ,AK,99801-8680,Public       ,221,309,530,221,309,530
00884300,ALASKA BIBLE COLLEGE                    ,AK,99588-0000,Private      ,3,6,9,3,6,9
01146200,UNIVERSITY OF ALASKA ANCHORAGE          ,AK,99514-1608,Public       ,1476,2056,3532,1476,2056,3532
02541000,CAREER ACADEMY                          ,AK,99507-0000,Proprietary  ,10,61,71,10,61,71
02576900,CHARTER COLLEGE                         ,AK,99508-0000,Proprietary  ,14,78,92,14,78,92
03160300,ALASKA VOCATIONAL TECHNICAL CENTER      ,AK,99664-0889,Public       ,25,82,107,25,82,107
03461300,ILISAGVIK COLLEGE                       ,AK,99723-0749,Public       ,0,12,12,0,12,12
00108500,UNIV ARKANSAS MONTICELLO                ,AR,71656-0000,Public       ,506,430,936,506,430,936
00108501,GREAT RIVERS TECHNICAL INSTITUTE        ,AR,71654-0000,Public       ,2,13,15,2,13,15
00108502,FOREST ECHOES TECHNICAL INSTITUTE       ,AR,71635-0000,Public       ,5,5,10,5,5,10
00108600,UNIV OF ARKANSAS AT PINE BLUFF          ,AR,71601-2790,Public       ,1222,462,1684,1222,462,1684
00108700,ARKANSAS BAPTIST COLLEGE                ,AR,72202-6099,Private      ,19,53,72,19,53,72
00108800,LYON COLLEGE                            ,AR,72501-3699,Private      ,366,45,411,366,45,411
00108900,ARKANSAS TECH UNIVERSITY                ,AR,72801-2222,Public       ,1570,868,2438,1570,868,2438
00109000,ARKANSAS STATE UNIVERSITY               ,AR,72467-0000,Public       ,2423,1982,4405,2423,1982,4405
00109006,DELTA TECHNICAL INSTITUTE               ,AR,72365-9558,Public       ,14,25,39,14,25,39
00109100,ARKANSAS STATE UNIVERSITY - BEEBE       ,AR,72012-1000,Public       ,359,484,843,359,484,843
00109103,ARKANSAS STATE UNIV-BEEBE-SEARCY        ,AR,72143-4798,Public       ,41,49,90,41,49,90
00109200,UNIVERSITY OF CENTRAL ARKANSAS          ,AR,72035-0001,Public       ,2835,1092,3927,2835,1092,3927
00109300,CENTRAL BAPTIST COLLEGE                 ,AR,72034-6470,Private      ,82,30,112,82,30,112
00109400,UNIVERSITY OF THE OZARKS                ,AR,72830-2880,Private      ,261,27,288,261,27,288
00109500,CROWLEYS RIDGE COLLEGE                  ,AR,72450-9775,Private      ,24,8,32,24,8,32
00109700,HARDING UNIVERSITY                      ,AR,72149-0001,Private      ,1250,236,1486,1250,236,1486
00109800,HENDERSON STATE UNIVERSITY              ,AR,71999-0001,Public       ,836,313,1149,836,313,1149
00109900,HENDRIX COLLEGE                         ,AR,72032-3080,Private      ,1086,36,1122,1086,36,1122
00110000,JOHN BROWN UNIVERSITY                   ,AR,72761-2747,Private      ,843,257,1100,843,257,1100
00110100,UNIV ARKANSAS LITTLE ROCK               ,AR,72204-1099,Public       ,1294,2668,3962,1294,2668,3962
00110200,OUACHITA BAPTIST UNIVERSITY             ,AR,71998-0001,Private      ,570,30,600,570,30,600
00110300,PHILANDER SMITH COLLEGE                 ,AR,72202-3718,Private      ,265,233,498,265,233,498
00110400,PHILLIPS COUNTY COMMUNITY COLLEGE       ,AR,72342-0000,Public       ,111,127,238,111,127,238
00110401,RICE BELT TECH INST                     ,AR,72042-0000,Public       ,2,4,6,2,4,6
00110600,WILLIAMS BAPTIST COLLEGE                ,AR,72476-4661,Private      ,255,60,315,255,60,315
00110700,SOUTHERN ARKANSAS UNIVERSITY            ,AR,71754-0000,Public       ,653,342,995,653,342,995
00110800,UNIV ARKANSAS FAYETTEVILLE              ,AR,72701-0000,Public       ,3588,1616,5204,3588,1616,5204
00110900,UNIV OF ARKANSAS FOR MEDCL SCIENCES     ,AR,72205-7102,Public       ,128,508,636,128,508,636
00110901,UNIV OF ARKANSAS COLG OF MEDICINE       ,AR,72205-0000,Public       ,12,430,442,12,430,442
00111000,UNIVERSITY OF ARKANSAS-FORT SMITH       ,AR,72904-7397,Public       ,914,1041,1955,914,1041,1955
00524500,U OF A COMM COLLEGE AT MORRILTON        ,AR,72110-9601,Public       ,197,321,518,197,321,518
00570700,SEARK COLLEGE                           ,AR,71603-0000,Public       ,133,491,624,133,491,624
00573200,UNIV AR COMMUNITY COLLEGE AT HOPE       ,AR,71801-0000,Public       ,114,123,237,114,123,237
00704400,CROWLEYS RIDGE TECHNICAL INSTITUTE      ,AR,72336-0000,Public       ,11,45,56,11,45,56
00773800,SOUTHERN ARKANSAS UNIVERSITY TECH       ,AR,71701-1900,Public       ,95,144,239,95,144,239
00792100,FAYETTEVILLE BEAUTY COLLEGE             ,AR,72701-0000,Proprietary  ,5,23,28,5,23,28
00997600,OUACHITA TECHNICAL COLLEGE              ,AR,72104-0816,Public       ,57,138,195,57,138,195
01074100,MELLIE'S BEAUTY COLLEGE                 ,AR,72901-3886,Proprietary  ,2,1,3,2,1,3
01210500,NATIONAL PARK COMMUNITY COLLEGE         ,AR,71913-9174,Public       ,147,306,453,147,306,453
01226000,EAST ARKANSAS COMMUNITY COLLEGE         ,AR,72335-2204,Public       ,95,122,217,95,122,217
01226100,NORTH ARKANSAS COLLEGE                  ,AR,72601-5508,Public       ,211,353,564,211,353,564
01286000,ARKANSAS NORTHEASTERN COLLEGE           ,AR,72316-1109,Public       ,271,323,594,271,323,594
02052200,BLACK RIVER TECHNICAL COLLEGE           ,AR,72455-0000,Public       ,168,193,361,168,193,361
02073500,UNIVERSITY OF ARKANSAS COMMUNITY COLLEGE,AR,72503-0000,Public       ,93,142,235,93,142,235
02073700,NORTHWEST TECHNICAL INSTITUTE           ,AR,72765-0000,Public       ,25,87,112,25,87,112
02074600,SOUTH ARKANSAS COMMUNITY COLLEGE        ,AR,71731-0000,Public       ,80,222,302,80,222,302
02075300,PULASKI TECHNICAL COLLEGE               ,AR,72118-0000,Public       ,402,1807,2209,402,1807,2209
02087000,OZARKA COLLEGE                          ,AR,72556-0000,Public       ,59,83,142,59,83,142
02111100,RICH MOUNTAIN COMMUNITY COLLEGE         ,AR,71953-0000,Public       ,141,119,260,141,119,260
02202400,PROFESSIONAL COSMETOLOGY EDUC CTR       ,AR,71730-5828,Proprietary  ,1,1,2,1,1,2
02220900,COSSATOT COMMUNITY COLLEGE              ,AR,71832-0000,Public       ,123,208,331,123,208,331
02260400,BEE JAY'S HAIRSTYLING ACADEMY           ,AR,72212-0000,Proprietary  ,0,5,5,0,5,5
02272400,EASTERN COLLEGE OF HEALTH VOCATIONS     ,AR,72209-0000,Proprietary  ,17,122,139,17,122,139
02284200,NEW TYLER BARBER COLLEGE INC            ,AR,72114-0000,Proprietary  ,2,5,7,2,5,7
02287400,MARSHA KAY BEAUTY COLLEGE               ,AR,72653-0000,Proprietary  ,2,2,4,2,2,4
02321701,ITT TECHNICAL INSTITUTE                 ,AR,72204-9925,Proprietary  ,36,43,79,36,43,79
02330800,JEFFERSON SCHOOL OF NURSING             ,AR,71603-0000,Private      ,13,43,56,13,43,56
02339800,SOUTHERN INSTITUTE OF COSMETOLOGY       ,AR,72301-0000,Proprietary  ,2,3,5,2,3,5
02341700,CAREER ACADEMY OF HAIR DESIGN           ,AR,72764-4304,Proprietary  ,6,22,28,6,22,28
02348200,MID-SOUTH COMMUNITY COLLEGE             ,AR,72301-0000,Public       ,128,287,415,128,287,415
02363500,ARTHUR'S BEAUTY COLLEGE                 ,AR,72901-0000,Proprietary  ,3,16,19,3,16,19
02525800,LEE'S SCHOOL OF COSMETOLOGY             ,AR,72114-0000,Proprietary  ,1,8,9,1,8,9
02538500,ARTHUR'S BEAUTY COLLEGE                 ,AR,72076-0000,Proprietary  ,3,21,24,3,21,24
02569600,SEARCY BEAUTY COLLEGE                   ,AR,72143-0000,Proprietary  ,1,3,4,1,3,4
03005100,ARKANSAS BEAUTY SCHOOL                  ,AR,72209-5116,Proprietary  ,5,11,16,5,11,16
03007100,HOT SPRINGS BEAUTY COLLEGE              ,AR,71901-5432,Proprietary  ,6,2,8,6,2,8
03007600,ARKANSAS BEAUTY SCHOOL-CONWAY           ,AR,72032-4354,Proprietary  ,4,4,8,4,4,8
03023400,ARKANSAS COLLEGE OF BARBERING           ,AR,72114-5615,Proprietary  ,1,5,6,1,5,6
03063300,NORTHWEST ARKANSAS COMMUNITY COLLEG     ,AR,72712-5190,Public       ,330,609,939,330,609,939
03065100,ABC BEAUTY COLLEGE                      ,AR,71923-4206,Proprietary  ,1,2,3,1,2,3
03105200,BAPTIST HEALTH SCHOOLS LITTLE ROCK      ,AR,72210-0000,Private      ,77,302,379,77,302,379
03116800,"DELUXE BEAUTY SCHOOL, L.L.C.            ",AR,71603-0000,Proprietary  ,0,3,3,0,3,3
03124900,IMAGINE -  PAUL MITCHELL PARTNER SCHOOL ,AR,72117-2516,Proprietary  ,2,2,4,2,2,4
03127200,ASKINS VO-TECH                          ,AR,72908-8028,Proprietary  ,1,0,1,1,0,1
03212300,BLYTHEVILLE ACADEMY OF COSMETOLOGY      ,AR,72315-3424,Proprietary  ,1,8,9,1,8,9
03214300,VELVATEX COLLEGE OF BEAUTY CULTURE      ,AR,72202-5452,Proprietary  ,1,4,5,1,4,5
03254300,MARGARET'S HAIR ACADEMY                 ,AR,71655-4905,Proprietary  ,1,9,10,1,9,10
03855300,ECCLESIA COLLEGE                        ,AR,72762-8159,Private      ,3,4,7,3,4,7
03912300,CROSSETT SCHOOL OF COSMETOLOGY          ,AR,71635-0000,Proprietary  ,3,0,3,3,0,3
03997300,ARKANSAS BEAUTY COLLEGE                 ,AR,72801-3741,Proprietary  ,3,11,14,3,11,14
00133900,CORBAN COLLEGE                          ,OR,97301-9392,Private      ,898,178,1076,898,178,1076
00316505,CASCADE COLLEGE                         ,OR,97216-0000,Private      ,135,46,181,135,46,181
00318600,BLUE MOUNTAIN COMMUNITY COLLEGE         ,OR,97801-0000,Public       ,387,467,854,387,467,854
00318800,CENTRAL OREGON COMMUNITY COLLEGE        ,OR,97701-5998,Public       ,825,859,1684,825,859,1684
00318900,CLATSOP COMMUNITY COLLEGE               ,OR,97103-3698,Public       ,189,205,394,189,205,394
00319100,CONCORDIA UNIVERSITY                    ,OR,97211-6099,Private      ,691,597,1288,691,597,1288
00319300,EASTERN OREGON UNIVERSITY               ,OR,97850-2899,Public       ,1430,1195,2625,1430,1195,2625
00319400,GEORGE FOX UNIVERSITY                   ,OR,97132-2697,Private      ,1799,711,2510,1799,711,2510
00319600,LANE COMMUNITY COLLEGE                  ,OR,97405-0640,Public       ,2198,3424,5622,2198,3424,5622
00319700,LEWIS & CLARK COLLEGE                   ,OR,97219-7899,Private      ,3157,2111,5268,3157,2111,5268
00319800,LINFIELD COLLEGE                        ,OR,97128-6894,Private      ,2602,275,2877,2602,275,2877
00319801,LINFIELD COLLEGE - PORTLAND CAMPUS      ,OR,97210-0000,Private      ,331,593,924,331,593,924
00319900,MARYLHURST UNIVERSITY                   ,OR,97036-7036,Private      ,71,401,472,71,401,472
00320300,MOUNT ANGEL SEMINARY                    ,OR,97373-0505,Private      ,8,11,19,8,11,19
00320400,MOUNT HOOD COMMUNITY COLLEGE            ,OR,97030-3300,Public       ,1507,1783,3290,1507,1783,3290
00320600,MULTNOMAH BIBLE COLLEGE/SEMINARY        ,OR,97220-5898,Private      ,340,281,621,340,281,621
00320700,PACIFIC NORTHWEST COLLEGE OF ART        ,OR,97209-3023,Private      ,273,204,477,273,204,477
00320800,NORTHWEST CHRISTIAN UNIVERSITY          ,OR,97401-3727,Private      ,307,217,524,307,217,524
00320900,WESTERN OREGON UNIVERSITY               ,OR,97361-1394,Public       ,3402,1021,4423,3402,1021,4423
00321000,OREGON STATE UNIVERSITY                 ,OR,97331-8507,Public       ,11484,4537,16021,11484,4537,16021
00321100,OREGON INSTITUTE OF TECHNOLOGY          ,OR,97601-8801,Public       ,1292,910,2202,1292,910,2202
00321200,PACIFIC UNIVERSITY                      ,OR,97116-1797,Private      ,1829,1690,3519,1829,1690,3519
00321300,PORTLAND COMMUNITY COLLEGE              ,OR,97219-7198,Public       ,3219,6239,9458,3219,6239,9458
00321600,PORTLAND STATE UNIVERSITY               ,OR,97207-0000,Public       ,6318,8167,14485,6318,8167,14485
00321700,REED COLLEGE                            ,OR,97202-8199,Private      ,1949,164,2113,1949,164,2113
00321800,CHEMEKETA COMMUNITY COLLEGE             ,OR,97309-1500,Public       ,1526,2601,4127,1526,2601,4127
00321900,SOUTHERN OREGON UNIVERSITY              ,OR,97520-5010,Public       ,2869,1247,4116,2869,1247,4116
00322000,SOUTHWESTERN OREGON COMMUNITY CLG       ,OR,97420-2956,Public       ,627,430,1057,627,430,1057
00322100,TREASURE VALLEY COMMUNITY COLLEGE       ,OR,97914-3423,Public       ,453,413,866,453,413,866
00322200,UMPQUA COMMUNITY COLLEGE                ,OR,97470-0226,Public       ,461,491,952,461,491,952
00322300,UNIVERSITY OF OREGON                    ,OR,97403-1226,Public       ,11659,5685,17344,11659,5685,17344
00322400,UNIVERSITY OF PORTLAND                  ,OR,97203-5798,Private      ,4941,967,5908,4941,967,5908
00322500,WARNER PACIFIC COLLEGE                  ,OR,97215-4099,Private      ,406,212,618,406,212,618
00322700,WILLAMETTE UNIVERSITY                   ,OR,97301-3930,Private      ,2638,1109,3747,2638,1109,3747
00487800,CLACKAMAS COMMUNITY COLLEGE             ,OR,97045-7998,Public       ,935,1167,2102,935,1167,2102
00488200,OREGON HEALTH & SCIENCE UNIVERSITY      ,OR,97239-0000,Public       ,346,1943,2289,346,1943,2289
00488230,OREGON GRAD INST OF SCIENCE & TECH      ,OR,97006-0000,Public       ,4,17,21,4,17,21
00693800,LINN BENTON COMMUNITY COLLEGE           ,OR,97321-3774,Public       ,1306,1193,2499,1306,1193,2499
00717800,WESTERN SEMINARY                        ,OR,97215-0000,Private      ,1,55,56,1,55,56
00723402,HEALD COLLEGE - PORTLAND                ,OR,97205-3432,Proprietary  ,15,29,44,15,29,44
00781900,ART INSTITUTE OF PORTLAND (THE)         ,OR,97209-2911,Proprietary  ,704,564,1268,704,564,1268
00888700,CONCORDE CAREER INSTITUTE               ,OR,97232-2242,Proprietary  ,27,89,116,27,89,116
00907900,EVEREST COLLEGE                         ,OR,97204-2296,Proprietary  ,63,466,529,63,466,529
00958100,SPRINGFIELD COLLEGE OF BEAUTY           ,OR,97477-5474,Proprietary  ,23,33,56,23,33,56
01012200,PHAGANS' MEDFORD BEAUTY SCHOOL          ,OR,97504-5297,Proprietary  ,13,9,22,13,9,22
01018200,ROGUE COMMUNITY COLLEGE                 ,OR,97527-0000,Public       ,680,1144,1824,680,1144,1824
01050700,ACADEMY OF HAIR DESIGN                  ,OR,97301-3526,Proprietary  ,4,6,10,4,6,10
01185200,ITT TECHNICAL INSTITUTE                 ,OR,97220-0000,Proprietary  ,107,111,218,107,111,218
01230900,WESTERN STATES CHIROPRACTIC COLLEGE     ,OR,97230-3099,Private      ,12,227,239,12,227,239
01234700,PHAGANS CENTRAL OREGON BEAUTY CLG       ,OR,97701-5175,Proprietary  ,8,13,21,8,13,21
01234800,PHAGANS BEAUTY COLLEGE                  ,OR,97333-4716,Proprietary  ,10,9,19,10,9,19
01235000,PHAGANS SCHOOL OF HAIR DESIGN           ,OR,97267-4808,Proprietary  ,7,8,15,7,8,15
01235100,PHAGANS SCHOOL OF BEAUTY                ,OR,97301-4732,Proprietary  ,5,12,17,5,12,17
01300800,PHAGANS TIGARD BEAUTY SCHOOL            ,OR,97223-0000,Proprietary  ,4,12,16,4,12,16
02101000,NORTHWEST COLLEGE OF HAIR DESIGN        ,OR,97086-7702,Proprietary  ,10,19,29,10,19,29
02101002,NORTHWEST COLLEGE                       ,OR,97007-3954,Proprietary  ,4,4,8,4,4,8
02104900,COLLEGE OF LEGAL ARTS                   ,OR,97219-9998,Proprietary  ,3,36,39,3,36,39
02106100,COLLEGE OF COSMETOLOGY                  ,OR,97601-0000,Proprietary  ,13,14,27,13,14,27
02154400,BEAU MONDE CLG OF HAIR DESIGN           ,OR,97205-0000,Proprietary  ,26,35,61,26,35,61
02159700,EUGENE BIBLE COLLEGE                    ,OR,97405-0000,Private      ,58,47,105,58,47,105
02201900,PHAGANS' SCHOOL OF HAIR DESIGN          ,OR,97232-0000,Proprietary  ,23,45,68,23,45,68
02311000,PAUL MITCHELL THE SCHOOL                ,OR,97103-0000,Proprietary  ,5,5,10,5,5,10
02330100,PIONEER PACIFIC COLLEGE                 ,OR,97070-0000,Proprietary  ,35,192,227,35,192,227
02330102,PIONEER PACIFIC COLLEGE                 ,OR,97403-0000,Proprietary  ,23,119,142,23,119,142
02337900,COLLEGE OF HAIR DESIGN CAREERS          ,OR,97301-0000,Proprietary  ,4,3,7,4,3,7
02344100,ROSEBURG BEAUTY COLLEGE                 ,OR,97470-0000,Proprietary  ,17,17,34,17,17,34
02534000,NATIONAL COLLEGE OF NATURAL MEDICINE    ,OR,97201-0000,Private      ,5,272,277,5,272,277
02578800,NORTHWEST NANNIES INSTITUTE             ,OR,97035-0000,Proprietary  ,6,0,6,6,0,6
02603700,OREGON COL OF ORIENTAL MEDICINE         ,OR,97216-0000,Private      ,1,142,143,1,142,143
03007300,OREGON COLLEGE OF ART & CRAFT           ,OR,97225-6399,Private      ,76,136,212,76,136,212
03022600,WESTERN CULINARY INSTITUTE              ,OR,97205-2793,Proprietary  ,726,665,1391,726,665,1391
03042500,APOLLO COLLEGE                          ,OR,97232-1302,Proprietary  ,39,143,182,39,143,182
03074400,PHAGANS NEWPORT ACAD CSMTLGY CAREER     ,OR,97365-4963,Proprietary  ,3,1,4,3,1,4
03074500,EAST-WEST COLLEGE OF THE HEALING ARTS   ,OR,97232-2765,Proprietary  ,18,94,112,18,94,112
03185300,PHAGANS GRANTS PASS COLLEGE OF BTY      ,OR,97527-3039,Proprietary  ,7,5,12,7,5,12
03428300,KLAMATH COMMUNITY COLLEGE               ,OR,97603-7121,Public       ,113,319,432,113,319,432
03642300,VALLEY MEDICAL COLLEGE                  ,OR,97305-1373,Proprietary  ,4,25,29,4,25,29
03668300,BIRTHINGWAY COLLEGE OF MIDWIFERY        ,OR,97266-4042,Private      ,4,46,50,4,46,50
03783400,ABDILL CAREER COLLEGE                   ,OR,97504-7137,Proprietary  ,5,18,23,5,18,23
03932400,GUTENBERG COLLEGE                       ,OR,97403-1368,Private      ,16,10,26,16,10,26
00137400,ALBERTUS MAGNUS COLLEGE                 ,CT,06511-1189,Private      ,555,222,777,555,222,777
00137403,ALBERTUS MAGNUS CLG-NEW DIMENSIONS      ,CT,06511-0000,Private      ,24,141,165,24,141,165
00137800,CENTRAL CONNECTICUT STATE UNIV          ,CT,06050-2490,Public       ,4944,1265,6209,4944,1265,6209
00137900,CONNECTICUT COLLEGE                     ,CT,06320-4196,Private      ,1707,39,1746,1707,39,1746
00138000,WESTERN CONNECTICUT STATE UNIV          ,CT,06810-6826,Public       ,2857,532,3389,2857,532,3389
00138500,FAIRFIELD UNIVERSITY                    ,CT,06430-0000,Private      ,4899,261,5160,4899,261,5160
00138700,HARTFORD SEMINARY                       ,CT,06105-0000,Private      ,6,6,12,6,6,12
00138900,HOLY APOSTLES COLLEGE & SEMINARY        ,CT,06416-2005,Private      ,4,9,13,4,9,13
00139200,MANCHESTER COMMUNITY COLLEGE            ,CT,06045-1046,Public       ,687,518,1205,687,518,1205
00139300,MITCHELL COLLEGE                        ,CT,06320-4498,Private      ,473,70,543,473,70,543
00139700,UNIVERSITY OF NEW HAVEN                 ,CT,06516-1999,Private      ,2933,587,3520,2933,587,3520
00139800,NORTHWESTERN CT COMMUNITY COLLEGE       ,CT,06098-1747,Public       ,132,119,251,132,119,251
00139900,NORWALK COMMUNITY TECHNICAL COLLEGE     ,CT,06854-1655,Public       ,281,406,687,281,406,687
00140100,POST UNIVERSITY                         ,CT,06723-3240,Proprietary  ,693,198,891,693,198,891
00140200,QUINNIPIAC UNIVERSITY                   ,CT,06518-1908,Private      ,8005,683,8688,8005,683,8688
00140201,QUINNIPIAC UNIVERSITY SCHOOL OF LAW     ,CT,06518-0000,Private      ,112,744,856,112,744,856
00140300,SACRED HEART UNIVERSITY                 ,CT,06825-1000,Private      ,4386,410,4796,4386,410,4796
00140600,SOUTHERN CONNECTICUT STATE UNIV         ,CT,06515-1355,Public       ,5678,2294,7972,5678,2294,7972
00140900,SAINT JOSEPH COLLEGE                    ,CT,06117-2791,Private      ,595,335,930,595,335,930
00141400,TRINITY COLLEGE                         ,CT,06106-3100,Private      ,2135,112,2247,2135,112,2247
00141600,UNIVERSITY OF BRIDGEPORT                ,CT,06601-5650,Private      ,1160,559,1719,1160,559,1719
00141700,UNIVERSITY OF CONNECTICUT-STORRS        ,CT,06269-2151,Public       ,18668,2969,21637,18668,2969,21637
00141702,UNIV CONN STAMFORD                      ,CT,06901-0000,Public       ,261,76,337,261,76,337
00141703,UNIV OF CONNECTICUT - TORINGTON         ,CT,06790-0000,Public       ,137,33,170,137,33,170
00141706,UNIV OF CONNECTICUT SCH LAW             ,CT,06105-0000,Public       ,18,823,841,18,823,841
00141707,UNIV OF CT - SCH OF SOCIAL WORK         ,CT,06117-0000,Public       ,48,351,399,48,351,399
00141708,UNIVERSITY OF CONNECTICUT - SCHOOL OF ME,CT,06030-1920,Public       ,8,232,240,8,232,240
00141709,UNIVERSITY OF CONNECTICUT - SCHOOL OF DE,CT,06030-1920,Public       ,0,107,107,0,107,107
00142200,UNIVERSITY OF HARTFORD                  ,CT,06117-1599,Private      ,7328,698,8026,7328,698,8026
00142400,WESLEYAN UNIVERSITY                     ,CT,06459-3208,Private      ,2663,63,2726,2663,63,2726
00142500,EASTERN CONNECTICUT STATE UNIV          ,CT,06226-2295,Public       ,3636,564,4200,3636,564,4200
00142600,YALE UNIVERSITY                         ,CT,06520-8288,Private      ,8646,4698,13344,8646,4698,13344
00142601,YALE UNIV PHYSICIANS ASSOC PROG         ,CT,06510-0000,Private      ,2,37,39,2,37,39
00142602,YALE UNIV EPIDEMIOLOGY & PUB HLTH       ,CT,06510-0000,Private      ,2,165,167,2,165,167
00142603,YALE UNIV SCHOOL MEDICINE               ,CT,06510-0000,Private      ,14,421,435,14,421,435
00280301,RENSSELAER POLYTECHNIC INSTITUTE-RENSSEL,CT,06120-2991,Private      ,1,2,3,1,2,3
00280303,RENSSELAER POLYTECHNIC INSTITUTE - RENSS,CT,06340-6097,Private      ,2,0,2,2,0,2
00280400,RENSSELAER HARTFORD GRADUATE CENTER     ,CT,06120-0000,Private      ,0,9,9,0,9,9
00451300,HOUSATONIC COMMUNITY COLLEGE            ,CT,06604-4704,Public       ,390,626,1016,390,626,1016
00618100,BRIDGEPORT HOSP SCHL OF NURSING         ,CT,06610-2896,Private      ,40,90,130,40,90,130
00619100,ST. VINCENT'S COLLEGE                   ,CT,06606-9966,Private      ,90,184,274,90,184,274
00698200,NAUGATUCK VALLEY COMM-TECH COLG         ,CT,06708-3089,Public       ,522,543,1065,522,543,1065
00730000,ELI WHITNEY TECHNICAL HIGH SCHOOL       ,CT,06514-0000,Public       ,1,20,21,1,20,21
00730300,LINCOLN TECHNICAL INSTITUTE             ,CT,06051-0000,Proprietary  ,29,54,83,29,54,83
00730500,PORTER AND CHESTER INSTITUTE OF BRANFORD,CT,06405-4022,Proprietary  ,3,11,14,3,11,14
00731100,WINDHAM TECHNICAL HIGH SCHOOL           ,CT,06226-2100,Public       ,1,2,3,1,2,3
00745900,PAIER COLLEGE OF ART                    ,CT,06514-3902,Proprietary  ,79,26,105,79,26,105
00763500,CAPITAL COMMUNITY COLLEGE               ,CT,06103-1207,Public       ,319,635,954,319,635,954
00803700,GATEWAY COMMUNITY-TECHNICAL COLLEGE     ,CT,06511-0000,Public       ,476,694,1170,476,694,1170
00803800,MIDDLESEX COMMUNITY CLG                 ,CT,06457-4889,Public       ,199,253,452,199,253,452
00887200,RENASCI ACADEMY OF HAIR                 ,CT,06460-4160,Proprietary  ,1,3,4,1,3,4
00887300,PAUL MITCHELL THE SCHOOL                ,CT,06810-6716,Proprietary  ,1,4,5,1,4,5
00887400,BRIO ACADEMY OF COSMETOLOGY             ,CT,06450-4836,Proprietary  ,5,10,15,5,10,15
00906500,THE HARTFORD CONSERVATORY               ,CT,06105-2891,Private      ,23,3,26,23,3,26
00927700,E C GOODWIN TECHNICAL HIGH SCHOOL       ,CT,06053-0000,Public       ,5,7,12,5,7,12
00929100,J M WRIGHT TECHNICAL HIGH SCHOOL        ,CT,06904-0000,Public       ,1,4,5,1,4,5
00940700,BRIARWOOD COLLEGE                       ,CT,06489-1057,Proprietary  ,247,87,334,247,87,334
00976400,TUNXIS COMMUNITY COLLEGE                ,CT,06032-3187,Public       ,331,314,645,331,314,645
00976500,THREE RIVERS COMMUNITY TECH COLLEGE     ,CT,06360-0000,Public       ,341,452,793,341,452,793
00982200,ALBERT I PRINCE TECHNICAL HIGH SCHOOL   ,CT,06106-3799,Public       ,1,7,8,1,7,8
01041700,BRIO ACADEMY OF EAST HARTFORD           ,CT,06108-2220,Proprietary  ,2,7,9,2,7,9
01053000,QUINEBAUG VALLEY COMMUNITY COLLEGE      ,CT,06239-1440,Public       ,155,236,391,155,236,391
01077900,PORTER AND CHESTER INSTITUTE-ALLCAMPUSES,CT,06615-7158,Proprietary  ,78,152,230,78,152,230
01077904,PORTER & CHESTER INSTITUTE              ,CT,06109-0000,Proprietary  ,0,1,1,0,1,1
01115000,ASNUNTUCK COMMUNITY COLLEGE             ,CT,06082-3800,Public       ,82,95,177,82,95,177
01149600,BULLARD HAVENS VOC TECH SCHOOL          ,CT,06610-3499,Public       ,2,8,10,2,8,10
01169700,VINAL REGIONAL VOC TECH SCHOOL          ,CT,06457-4918,Public       ,2,9,11,2,9,11
01184300,NORWICH TECHNICAL HIGH SCHOOL           ,CT,06360-7097,Public       ,3,12,15,3,12,15
01218500,H C WILCOX TECHNICAL HIGH SCHOOL        ,CT,06450-0000,Public       ,1,2,3,1,2,3
01242500,STONE ACADEMY                           ,CT,06514-4125,Proprietary  ,13,179,192,13,179,192
01242503,STONE ACADEMY -WATERBURY                ,CT,06705-3823,Proprietary  ,2,1,3,2,1,3
01287700,GIBBS COLLEGE                           ,CT,06855-1436,Proprietary  ,168,178,346,168,178,346
01291300,LEON INSTITUTE OF HAIR DESIGN           ,CT,06604-4226,Proprietary  ,2,6,8,2,6,8
01326400,HENRY ABBOTT TECHNICAL HIGH SCHOOL      ,CT,06811-4881,Public       ,0,5,5,0,5,5
02058900,HARVARD H ELLIS TECHNICAL HIGH SCHOOL   ,CT,06239-0000,Public       ,7,3,10,7,3,10
02074000,BRANFORD HALL CAREER INSTITUTE          ,CT,06405-0000,Proprietary  ,12,67,79,12,67,79
02106600,FOX INSTITUTE OF BUSINESS               ,CT,06110-0000,Proprietary  ,12,38,50,12,38,50
02112300,RIDLEY LOWELL BUSINESS & TECH INST      ,CT,06320-0000,Proprietary  ,1,6,7,1,6,7
02112700,NORTH HAVEN ACADEMY                     ,CT,06473-3108,Proprietary  ,6,3,9,6,3,9
02115100,BUTLER BUSINESS SCHOOL                  ,CT,06604-0000,Proprietary  ,1,7,8,1,7,8
02148700,CONNECTICUT INST OF HAIR DESIGN         ,CT,06716-0000,Proprietary  ,0,1,1,0,1,1
02202500,NEW ENGLAND TRACTOR TRAILER SCH         ,CT,06071-2036,Proprietary  ,2,27,29,2,27,29
02213000,ELLA T GRASSO SOUTHEASTERN TECHNICAL HIG,CT,06340-0000,Public       ,3,1,4,3,1,4
02228800,BARAN INSTITUTE OF TECHNOLOGY           ,CT,06088-9631,Proprietary  ,203,65,268,203,65,268
02244900,GOODWIN COLLEGE                         ,CT,06118-9980,Private      ,76,548,624,76,548,624
02245300,HOWELL CHENEY TECHNICAL HIGH SCHOOL     ,CT,06040-0000,Public       ,2,6,8,2,6,8
02265900,WINDHAM COMMUNITY MEM HOSP-RAD TECH     ,CT,06226-0000,Private      ,3,7,10,3,7,10
02296100,YALE-NEW HAVEN HOSP DIETETIC INTERN     ,CT,06510-8900,Private      ,9,9,18,9,9,18
02300000,W F KAYNOR TECHNICAL HIGH SCHOOL        ,CT,06708-0000,Public       ,2,5,7,2,5,7
02316600,CONNECTICUT CTR FOR MASSAGE THERAPY     ,CT,06111-3975,Proprietary  ,8,39,47,8,39,47
02316601,CONNECTICUT CENTER FOR MASSAGE THERAPY -,CT,06880-4619,Proprietary  ,4,16,20,4,16,20
02316603,CONNECTICUT CENTER FOR MASSAGE THERAPY -,CT,06340-4619,Proprietary  ,3,17,20,3,17,20
02565000,PLATT TECHNICAL HIGH SCHOOL             ,CT,06460-2105,Public       ,4,2,6,4,2,6
03079400,LYME ACADEMY COLLEGE OF FINE ARTS       ,CT,06371-2333,Private      ,52,16,68,52,16,68
03094800,INDUSTRIAL MANAGEMENT & TRAINING        ,CT,06706-1211,Proprietary  ,7,18,25,7,18,25
03231400,OLIVER WOLCOTT TECHNICAL HIGH SCHOOL    ,CT,06790-3859,Public       ,0,2,2,0,2,2
03234300,CHARTER OAK STATE COLLEGE               ,CT,06053-2150,Public       ,13,180,193,13,180,193
03316300,LINCOLN TECHNICAL INSTITUTE - HARTFORD  ,CT,06105-3630,Proprietary  ,104,53,157,104,53,157
03381300,CONNECTICUT TRAINING CENTER             ,CT,06108-2705,Private      ,1,17,18,1,17,18
03927300,ALBERT SCHOOL (THE)                     ,CT,06357-2447,Proprietary  ,1,3,4,1,3,4
00146600,BARRY UNIVERSITY                        ,FL,33161-6695,Private      ,1989,2554,4543,1989,2554,4543
00146601,BARRY UNIVERSITY SCHOOL OF LAW          ,FL,32807-0000,Private      ,24,496,520,24,496,520
00146700,BETHUNE COOKMAN UNIVERSITY              ,FL,32114-3099,Private      ,2678,390,3068,2678,390,3068
00146800,ST THOMAS UNIVERSITY                    ,FL,33054-0000,Private      ,485,897,1382,485,897,1382
00146900,FLORIDA INSTITUTE OF TECHNOLOGY         ,FL,32901-6988,Private      ,2200,374,2574,2200,374,2574
00147000,BREVARD COMMUNITY COLLEGE               ,FL,32922-6503,Public       ,617,1028,1645,617,1028,1645
00147100,CENTRAL FLORIDA COMMUNITY COLLEGE       ,FL,34478-1388,Public       ,599,831,1430,599,831,1430
00147200,CHIPOLA  COLLEGE                        ,FL,32446-2053,Public       ,138,155,293,138,155,293
00147300,CLEARWATER CHRISTIAN COLLEGE            ,FL,33759-0000,Private      ,402,48,450,402,48,450
00147500,DAYTONA STATE COLLEGE                   ,FL,32114-2800,Public       ,793,1244,2037,793,1244,2037
00147700,EDISON COLLEGE                          ,FL,33906-6210,Public       ,723,791,1514,723,791,1514
00147800,EDWARD WATERS COLLEGE                   ,FL,32209-6199,Private      ,253,157,410,253,157,410
00147900,EMBRY-RIDDLE AERONAUTICAL UNIV          ,FL,32114-3900,Private      ,4622,1323,5945,4622,1323,5945
00148000,FLORIDA A & M UNIVERSITY                ,FL,32307-3100,Public       ,6007,2402,8409,6007,2402,8409
00148100,FLORIDA ATLANTIC UNIVERSITY             ,FL,33431-6498,Public       ,5443,3504,8947,5443,3504,8947
00148101,FLORIDA ATLANTIC UNIVERSITY/DAVIE       ,FL,33314-0000,Public       ,327,793,1120,327,793,1120
00148103,FLORIDA ATLANTIC UNIV-JUPITER/PSL       ,FL,33458-0000,Public       ,232,171,403,232,171,403
00148200,FLORIDA COLLEGE                         ,FL,33617-5578,Private      ,149,11,160,149,11,160
00148400,FLORIDA STATE COLLEGE AT JACKSONVILLE   ,FL,32202-4030,Public       ,1568,3452,5020,1568,3452,5020
00148500,FLORIDA KEYS COMMUNITY COLLEGE          ,FL,33040-4397,Public       ,45,87,132,45,87,132
00148600,FLORIDA MEMORIAL UNIVERSITY             ,FL,33054-6199,Private      ,638,331,969,638,331,969
00148700,ECKERD COLLEGE                          ,FL,33711-4744,Private      ,1623,212,1835,1623,212,1835
00148800,FLORIDA SOUTHERN COLLEGE                ,FL,33801-5698,Private      ,1137,154,1291,1137,154,1291
00148900,FLORIDA STATE UNIVERSITY                ,FL,32306-2430,Public       ,15036,6278,21314,15036,6278,21314
00149000,GULF COAST COMMUNITY COLLEGE            ,FL,32401-1058,Public       ,378,672,1050,378,672,1050
00149300,INDIAN RIVER STATE COLLEGE              ,FL,34981-5596,Public       ,632,731,1363,632,731,1363
00149500,JACKSONVILLE UNIVERSITY                 ,FL,32211-3394,Private      ,1685,676,2361,1685,676,2361
00149700,JONES COLLEGE                           ,FL,32211-5588,Private      ,14,201,215,14,201,215
00149900,EVEREST UNIVERSITY                      ,FL,32810-5601,Proprietary  ,187,1790,1977,187,1790,1977
00150000,BROWARD COLLEGE- DOWNTOWN CTR           ,FL,33301-2208,Public       ,808,1489,2297,808,1489,2297
00150001,BROWARD COLLEGE - DAVIE CAMPUS          ,FL,33314-0000,Public       ,787,945,1732,787,945,1732
00150002,BROWARD COLLEGE- NORTH CAMPUS           ,FL,33066-0000,Public       ,482,717,1199,482,717,1199
00150003,BROWARD COLLEGE- SOUTH CAMPUS           ,FL,33024-0000,Public       ,552,722,1274,552,722,1274
00150100,LAKE CITY COMMUNITY COLLEGE             ,FL,32025-2007,Public       ,170,345,515,170,345,515
00150200,LAKE SUMTER COMMUNITY COLLEGE           ,FL,34788-8751,Public       ,237,336,573,237,336,573
00150400,MANATEE COMMUNITY COLLEGE               ,FL,34207-3596,Public       ,593,897,1490,593,897,1490
00150500,LYNN UNIVERSITY                         ,FL,33431-5598,Private      ,792,195,987,792,195,987
00150600,MIAMI DADE COLLEGE ADMINISTRATION ONLY  ,FL,33176-3393,Public       ,391,409,800,391,409,800
00150601,MIAMI DADE COLLEGE - NORTH CAMPUS       ,FL,33167-3495,Public       ,2144,3284,5428,2144,3284,5428
00150602,MIAMI DADE COLLEGE - KENDALL CAMPUS     ,FL,33176-3393,Public       ,2163,1892,4055,2163,1892,4055
00150603,MIAMI DADE COLLEGE - WOLFSON CAMPUS     ,FL,33132-2297,Public       ,1210,1596,2806,1210,1596,2806
00150604,MIAMI DADE COLLEGE - MEDICAL CAMPUS     ,FL,33127-4693,Public       ,301,760,1061,301,760,1061
00150605,MIAMI DADE COLLEGE - HOMESTEAD CAMPUS   ,FL,33030-6009,Public       ,227,385,612,227,385,612
00150606,MIAMI DADE COLLEGE -INTERAMERICAN CAMPUS,FL,33135-0000,Public       ,421,1174,1595,421,1174,1595
00150800,NORTH FLORIDA COMMUNITY COLLEGE         ,FL,32340-1699,Public       ,87,135,222,87,135,222
00150900,NOVA SOUTHEASTERN UNIVERSITY            ,FL,33314-7796,Private      ,1609,8328,9937,1609,8328,9937
00151000,NORTHWEST FLORIDA STATE COLLEGE         ,FL,32578-1295,Public       ,357,621,978,357,621,978
00151200,PALM BEACH COMMUNITY COLLEGE            ,FL,33461-4796,Public       ,1278,1442,2720,1278,1442,2720
00151300,PENSACOLA JR COLLEGE                    ,FL,32504-8998,Public       ,577,1048,1625,577,1048,1625
00151400,POLK COMMUNITY COLLEGE                  ,FL,33881-4299,Public       ,432,724,1156,432,724,1156
00151500,ROLLINS COLLEGE                         ,FL,32789-4499,Private      ,1214,385,1599,1214,385,1599
00151900,SANTA FE COLLEGE                        ,FL,32606-6200,Public       ,1743,1580,3323,1743,1580,3323
00152000,SEMINOLE COMMUNITY COLLEGE              ,FL,32773-6199,Public       ,689,1163,1852,689,1163,1852
00152100,SOUTHEASTERN UNIVERSITY                 ,FL,33801-6099,Private      ,1019,240,1259,1019,240,1259
00152200,SOUTH FLORIDA COMMUNITY COLLEGE         ,FL,33825-9399,Public       ,181,218,399,181,218,399
00152201,SOUTH FLORIDA COMMUNITY COLLEGE - LAKE P,FL,33852-9605,Public       ,6,8,14,6,8,14
00152300,ST JOHNS RIVER COMMUNITY COLLEGE        ,FL,32177-3897,Public       ,286,584,870,286,584,870
00152600,SAINT LEO UNIVERSITY                    ,FL,33574-6665,Private      ,1319,3572,4891,1319,3572,4891
00152800,ST. PETERSBURG COLLEGE                  ,FL,33760-3768,Public       ,1071,3047,4118,1071,3047,4118
00153100,STETSON UNIVERSITY                      ,FL,32723-3761,Private      ,1283,218,1501,1283,218,1501
00153101,STETSON UNIVERSITY - COLLEGE OF LAW     ,FL,33707-3299,Private      ,17,951,968,17,951,968
00153300,TALLAHASSEE COMMUNITY COLLEGE           ,FL,32304-2895,Public       ,1753,1580,3333,1753,1580,3333
00153400,EVEREST UNIVERSITY                      ,FL,33614-5801,Proprietary  ,221,2725,2946,221,2725,2946
00153500,UNIVERSITY OF FLORIDA                   ,FL,32611-3150,Public       ,15819,7583,23402,15819,7583,23402
00153600,UNIVERSITY OF MIAMI                     ,FL,33146-6531,Private      ,9679,2252,11931,9679,2252,11931
00153601,UNIV OF MIAMI SCHOOL OF LAW             ,FL,33124-0000,Private      ,48,1555,1603,48,1555,1603
00153602,UNIV OF MIAMI-SCH OF MEDICINE           ,FL,33136-0000,Private      ,318,443,761,318,443,761
00153700,UNIVERSITY OF SOUTH FLORIDA             ,FL,33620-6960,Public       ,12192,6415,18607,12192,6415,18607
00153701,UNIV OF SOUTH FLORIDA-ST PETERSBURG     ,FL,33701-0000,Public       ,235,266,501,235,266,501
00153702,UNIV OF SOUTH FLORIDA-SARASOTA          ,FL,34243-0000,Public       ,72,160,232,72,160,232
00153705,UNIV OF SOUTH FLORIDA                   ,FL,33803-0000,Public       ,262,147,409,262,147,409
00153706,UNIV OF SOUTH FLORIDA- MEDICINE         ,FL,33612-0000,Public       ,352,472,824,352,472,824
00153800,UNIVERSITY OF TAMPA                     ,FL,33606-1490,Private      ,3325,503,3828,3325,503,3828
00154000,WEBBER INTERNATIONAL UNIVERSITY         ,FL,33827-0096,Private      ,204,53,257,204,53,257
00173308,NATIONAL-LOUIS UNIVERSITY               ,FL,33609-0000,Private      ,4,19,23,4,19,23
00177201,TRINITY INTERNATIONAL UNIVERSITY - SOUTH,FL,33324-4611,Private      ,8,72,80,8,72,80
00395400,UNIV OF CENTRAL FLORIDA                 ,FL,32816-0001,Public       ,16825,6762,23587,16825,6762,23587
00395500,UNIVERSITY OF WEST FLORIDA              ,FL,32514-5750,Public       ,1830,1543,3373,1830,1543,3373
00407215,NORTHWOOD UNIVERSITY                    ,FL,33409-0000,Private      ,237,70,307,237,70,307
00558500,LIVELY TECHNICAL CENTER                 ,FL,32304-0000,Public       ,39,179,218,39,179,218
00558600,LINDSEY HOPKINS TECHNICAL ED CENTER     ,FL,33127-4692,Public       ,33,110,143,33,110,143
00559400,D G ERWIN TECHNICAL CENTER              ,FL,33610-8255,Public       ,46,202,248,46,202,248
00560500,PINELLAS TECH ED CTR-CLEARWATER         ,FL,33760-2194,Public       ,21,64,85,21,64,85
00560700,SARASOTA COUNTY TECHNICAL INSTITUTE     ,FL,34233-0000,Public       ,16,45,61,16,45,61
00560800,TRAVISS TECHNICAL CENTER                ,FL,33803-0000,Public       ,26,118,144,26,118,144
00561200,MANATEE TECHNICAL INSTITUTE             ,FL,34210-0000,Public       ,10,57,67,10,57,67
00561201,MANATEE TECHNICAL INSTITUTE-EAST        ,FL,34211-0000,Public       ,6,19,25,6,19,25
00675000,VALENCIA COMMUNITY COLLEGE              ,FL,32802-3028,Public       ,3032,2836,5868,3032,2836,5868
00752500,SUWANNEE-HAMILTON AREA VOC TECH CTR     ,FL,32060-0000,Public       ,7,33,40,7,33,40
00752600,WASHINGTON HOLMES TECHNICAL CENTER      ,FL,32428-1699,Public       ,8,16,24,8,16,24
00755800,LEE COUNTY HIGH TECH CENTER CENTRAL     ,FL,33916-2299,Public       ,29,52,81,29,52,81
00758600,REMINGTON COLLEGE - TAMPA CAMPUS        ,FL,33612-8410,Proprietary  ,41,246,287,41,246,287
00758604,REMINGTON COLLEGE-LARGO CAMPUS          ,FL,33771-0000,Proprietary  ,3,11,14,3,11,14
00758605,REMINGTON COLLEGE-JACKSONVILLE CAMPUS   ,FL,32256-6932,Proprietary  ,3,9,12,3,9,12
00787000,HILLSBOROUGH COMMUNITY COLLEGE          ,FL,33606-3572,Public       ,1630,2289,3919,1630,2289,3919
00789300,FLAGLER COLLEGE                         ,FL,32085-1027,Private      ,1313,193,1506,1313,193,1506
00807500,ST JOHN VIANNEY COLLEGE SEMINARY        ,FL,33165-3244,Private      ,2,0,2,2,0,2
00814600,EVEREST UNIVERSITY - POMPANO BEACH      ,FL,33062-2522,Proprietary  ,67,712,779,67,712,779
00822300,ST VINCENT DE PAUL REGIONL SEMINARY     ,FL,33436-0000,Private      ,0,2,2,0,2,2
00841700,STENOTYPE INST OF JACKSONVILLE          ,FL,32207-0000,Proprietary  ,3,22,25,3,22,25
00850100,RASMUSSEN COLLEGE                       ,FL,34471-7051,Proprietary  ,29,129,158,29,129,158
00850103,RASMUSSEN COLLEGE-HOLIDAY               ,FL,34690-0000,Proprietary  ,13,87,100,13,87,100
00884800,WARNER SOUTHERN COLLEGE                 ,FL,33859-8725,Private      ,126,114,240,126,114,240
00884900,PALM BEACH ATLANTIC UNIVERSITY          ,FL,33401-6505,Private      ,980,527,1507,980,527,1507
00887800,MIAMI INTERNATIONAL UNIV ART&DESIGN     ,FL,33132-1418,Proprietary  ,519,302,821,519,302,821
00910400,RIVERSIDE HAIRSTYLING ACADEMY           ,FL,32207-3810,Proprietary  ,3,8,11,3,8,11
00963500,FLORIDA INTERNATIONAL UNIVERSITY        ,FL,33199-0001,Public       ,9898,6484,16382,9898,6484,16382
00984100,UNIVERSITY OF NORTH FLORIDA             ,FL,32224-2645,Public       ,3678,2105,5783,3678,2105,5783
00990200,SHERIDAN TECHNICAL CENTER               ,FL,33021-3399,Public       ,41,156,197,41,156,197
01016100,"LORAINE'S ACADEMY, INC                  ",FL,33710-0000,Proprietary  ,2,13,15,2,13,15
01019500,ART INSTITUTE OF FT LAUDERDALE          ,FL,33316-3000,Proprietary  ,414,281,695,414,281,695
01065200,PASCO-HERNANDO COMMUNITY CLG            ,FL,34654-5199,Public       ,458,992,1450,458,992,1450
01072401,CARLOS ALBIZU UNIVERSITY                ,FL,33172-0000,Private      ,29,238,267,29,238,267
01082600,TOM P. HANEY TECHNICAL CENTER           ,FL,32405-5099,Public       ,6,81,87,6,81,87
01112700,GOODING INST OF NUR ANES BAY MED CT     ,FL,32401-0000,Public       ,0,15,15,0,15,15
01226300,ATLANTIC TECHNICAL CENTER               ,FL,33063-3902,Public       ,32,113,145,32,113,145
01254400,FIRST COAST TECHNICAL COLLEGE           ,FL,32084-1921,Public       ,17,66,83,17,66,83
01257400,RINGLING SCHOOL OF ART AND DESIGN       ,FL,34234-5895,Private      ,723,136,859,723,136,859
01303904,SOUTH UNIVERSITY                        ,FL,33409-5149,Proprietary  ,35,110,145,35,110,145
01323400,LORENZO WALKER INST OF TECHNOLOGY       ,FL,34104-4405,Public       ,12,52,64,12,52,64
02052002,FLORIDA EDUCATION CENTER - LAUDERHILL   ,FL,33313-5857,Proprietary  ,12,46,58,12,46,58
02089600,CONCORDE CAREER INSTITUTE               ,FL,32211-0000,Proprietary  ,12,109,121,12,109,121
02089709,HERZING COLLEGE                         ,FL,32792-5509,Proprietary  ,5,5,10,5,5,10
02113606,AMERICAN INTERCONTINENTAL UNIV          ,FL,33324-0000,Proprietary  ,23,51,74,23,51,74
02113609,AMERICAN INTERCONTINENTAL UNIV - WESTON ,FL,33326-3233,Proprietary  ,232,383,615,232,383,615
02115300,PINELLAS TECHNICAL EDUCATION CENTERS - S,FL,33711-0000,Public       ,18,80,98,18,80,98
02116006,SANFORD-BROWN INSTITUTE - FT. LAUDERDALE,FL,33309-1906,Proprietary  ,47,236,283,47,236,283
02121800,EVEREST INSTITUTE                       ,FL,33169-4759,Proprietary  ,60,186,246,60,186,246
02148200,FASHION FOCUS HAIR ACADEMY              ,FL,34231-0000,Proprietary  ,2,1,3,2,1,3
02148300,MANHATTAN BEAUTY SCHOOL                 ,FL,33611-0000,Proprietary  ,7,15,22,7,15,22
02149900,PAUL MITCHELL THE SCHOOL-JACKSONVILLE   ,FL,32205-0000,Proprietary  ,1,7,8,1,7,8
02151900,KEISER  UNIVERSITY                      ,FL,33309-0000,Proprietary  ,386,1740,2126,386,1740,2126
02156300,MARGATE SCHOOL OF BEAUTY                ,FL,33063-0000,Proprietary  ,1,6,7,1,6,7
02156700,FLORIDA CHRISTIAN COLLEGE               ,FL,34744-0000,Private      ,43,41,84,43,41,84
02159600,BAPTIST COLLEGE OF FLORIDA (THE)        ,FL,32440-0000,Private      ,66,78,144,66,78,144
02172700,CONCORDE CAREER INSTITUTE               ,FL,33607-0000,Proprietary  ,13,121,134,13,121,134
02188900,HOBE SOUND BIBLE COLLEGE                ,FL,33475-0000,Private      ,11,5,16,11,5,16
02200100,BRADENTON BEAUTY & BARBER ACADEMY       ,FL,34209-0000,Proprietary  ,0,1,1,0,1,1
02215900,ATI CAREER TRAINING CENTER              ,FL,33309-1785,Proprietary  ,27,108,135,27,108,135
02218700,FLORIDA TECHNICAL COLLEGE               ,FL,32826-2707,Proprietary  ,62,160,222,62,160,222
02228300,LAKE TECHNICAL CENTER                   ,FL,32726-0000,Public       ,11,62,73,11,62,73
02245500,CENTRAL FLORIDA COLLEGE                 ,FL,32789-4679,Proprietary  ,24,40,64,24,40,64
02245502,CFC-CAREER TRAINING INSTITUTE - ORLANDO ,FL,32804-0000,Proprietary  ,16,22,38,16,22,38
02245504,CENTRAL FLORIDA  COLLEGE -  LARGO       ,FL,33771-4957,Proprietary  ,15,35,50,15,35,50
02257900,INTERNATIONAL ACADEMY                   ,FL,32119-3541,Proprietary  ,13,10,23,13,10,23
02275100,CONCORDE CAREER INSTITUTE               ,FL,33025-0000,Proprietary  ,6,39,45,6,39,45
02278800,SOUTHWEST FLORIDA COLLEGE               ,FL,33907-0000,Proprietary  ,63,181,244,63,181,244
02278801,SOUTHWEST FLORIDA COLLEGE - TAMPA       ,FL,33619-1344,Proprietary  ,37,123,160,37,123,160
02279600,CORTIVA INSTITUTE - FLORIDA             ,FL,33781-0000,Proprietary  ,1,14,15,1,14,15
02280800,NEW ENGLAND INST TECH-PALM BEACH        ,FL,33407-0000,Proprietary  ,97,285,382,97,285,382
02283800,BEAUTY SCHOOLS OF AMERICA               ,FL,33012-3322,Proprietary  ,5,4,9,5,4,9
02286500,ITT TECHNICAL INSTITUTE                 ,FL,33634-7515,Proprietary  ,83,141,224,83,141,224
02287100,LA BELLE BEAUTY SCHOOL                  ,FL,33012-0000,Proprietary  ,3,0,3,3,0,3
02293200,ATI CAREER TRAINING CENTER              ,FL,33309-5916,Proprietary  ,37,151,188,37,151,188
02293202,ATI CAREER TAINING CENTER - ATI COLLEGE ,FL,87109-2016,Proprietary  ,12,92,104,12,92,104
02293600,ADVANCED TECHNICAL CENTERS              ,FL,33266-1597,Private      ,3,6,9,3,6,9
02297000,CHARLOTTE TECHNICAL CENTER              ,FL,33948-0000,Public       ,6,30,36,6,30,36
02300900,WITHLACOOCHEE TECHNICAL INSTITUTE       ,FL,34450-0000,Public       ,13,36,49,13,36,49
02305700,GULF COAST COLLEGE                      ,FL,33619-0000,Proprietary  ,11,39,50,11,39,50
02305800,FLORIDA CAREER COLLEGE                  ,FL,33012-7028,Proprietary  ,76,223,299,76,223,299
02307400,GEORGE STONE AREA VOCATIONAL TECHNICAL  ,FL,32526-0000,Public       ,11,50,61,11,50,61
02314100,SCHILLER INTERNATIONAL UNIVERSITY       ,FL,33770-3716,Proprietary  ,33,33,66,33,33,66
02316200,MIAMI LAKES TECHNICAL EDUCATION CTR     ,FL,33014-0000,Public       ,52,89,141,52,89,141
02321200,ORANGE TECH EDUC CTR- WESTSIDE TECH     ,FL,34787-0000,Public       ,7,17,24,7,17,24
02325100,KEY COLLEGE                             ,FL,33004-3046,Proprietary  ,1,7,8,1,7,8
02326800,RESORT & SPA SCHOOLS INTERNATIONAL      ,FL,34233-0000,Proprietary  ,0,2,2,0,2,2
02326900,SUNSTATE ACADEMY OF HAIR DESIGN         ,FL,33907-1415,Proprietary  ,5,3,8,5,3,8
02329900,FLORIDA INSTITUTE OF ULTRASOUND         ,FL,32514-0000,Proprietary  ,9,29,38,9,29,38
02337000,SUNCOAST II THE TAMPA BAY SCHOOL OF MASS,FL,33607-3802,Proprietary  ,0,7,7,0,7,7
02338400,FT PIERCE BEAUTY ACADEMY                ,FL,34982-0000,Proprietary  ,1,4,5,1,4,5
02341001,FORTIS COLLEGE - DBA FORTIS INSTITUTE   ,FL,32504-7322,Proprietary  ,3,14,17,3,14,17
02346200,WYOTECH                                 ,FL,32174-1010,Proprietary  ,36,62,98,36,62,98
02362100,FULL SAIL UNIVERSITY                    ,FL,32792-0000,Proprietary  ,1995,947,2942,1995,947,2942
02499000,ACADEMY OF COSMETOLOGY                  ,FL,32953-3311,Proprietary  ,2,1,3,2,1,3
02501500,"O*TEC, MID-FLORIDA TECH                 ",FL,32809-0000,Public       ,53,42,95,53,42,95
02502702,ADVANCED CAREER TRAINING-JACKSONVIL     ,FL,32256-0000,Proprietary  ,24,97,121,24,97,121
02504600,WINTER PARK TECH                        ,FL,32789-0000,Public       ,8,43,51,8,43,51
02508900,TALMUDIC COLLEGE OF FLORIDA             ,FL,33139-0000,Private      ,4,1,5,4,1,5
02511700,RIDGE TECHNICAL CENTER                  ,FL,33881-0000,Public       ,11,72,83,11,72,83
02513200,ORLANDO TECHNICAL CENTER                ,FL,32801-0000,Public       ,22,124,146,22,124,146
02515400,CITY COLLEGE                            ,FL,33309-3073,Private      ,22,109,131,22,109,131
02517100,SARASOTA SCHOOL OF MASSAGE THERAPY      ,FL,34243-6130,Proprietary  ,6,13,19,6,13,19
02524000,SUNSTATE ACADEMY OF HAIR DESIGN         ,FL,34624-0000,Proprietary  ,2,0,2,2,0,2
02524200,ROBERT MORGAN EDUCATIONAL CENTER        ,FL,33177-0000,Public       ,35,84,119,35,84,119
02547600,FLORIDA NATIONAL COLLEGE                ,FL,33012-0000,Proprietary  ,36,169,205,36,169,205
02554200,RADFORD LOCKLIN TECH CENTER             ,FL,32570-0000,Public       ,2,13,15,2,13,15
02573200,LA BELLE BEAUTY ACADEMY                 ,FL,33135-0000,Proprietary  ,2,2,4,2,2,4
02586200,FLORIDA CAREER COLLEGE                  ,FL,33759-3924,Proprietary  ,15,105,120,15,105,120
02597100,HERITAGE INSTITUTE                      ,FL,33912-7132,Proprietary  ,10,17,27,10,17,27
02598200,FLORIDA TECHNICAL CLG JACKSONVILLE      ,FL,32211-5123,Proprietary  ,10,24,34,10,24,34
02599800,EVEREST UNIVERSITY                      ,FL,33759-1359,Proprietary  ,59,895,954,59,895,954
02601600,HENRY W BREWSTER TECHNICAL CENTER       ,FL,33602-0000,Public       ,3,23,26,3,23,26
02612700,DARLYNE MCGEE'S ACAD OF COSMETOLOGY     ,FL,32905-2805,Proprietary  ,0,4,4,0,4,4
02616400,SANFORD-BROWN INSTITUTE                 ,FL,32256-3520,Proprietary  ,16,132,148,16,132,148
02616401,SANFORD-BROWN INSTITUTE - TAMPA         ,FL,33610-8304,Proprietary  ,20,189,209,20,189,209
03003200,EVEREST INSTITUTE                       ,FL,33186-1410,Proprietary  ,38,127,165,38,127,165
03003600,MCFATTER TECHNICAL CENTER               ,FL,33317-7499,Public       ,40,92,132,40,92,132
03008600,FLORIDA COLLEGE OF NATURAL HEALTH       ,FL,33064-1342,Proprietary  ,14,26,40,14,26,40
03010608,VIRGINIA COLLEGE - PENSACOLA            ,FL,32501-5650,Proprietary  ,74,185,259,74,185,259
03010612,VIRGINIA COLLEGE - GOLF ACADEMY OF AMERI,FL,32701-0000,Proprietary  ,20,24,44,20,24,44
03012300,ASM BEAUTY WORLD ACADEMY                ,FL,33021-0000,Proprietary  ,1,7,8,1,7,8
03018500,BENE'S INTERNATIONAL SCHOOL OF BEAUTY   ,FL,34652-1637,Proprietary  ,7,4,11,7,4,11
03028200,TRINITY COLLEGE OF FLORIDA              ,FL,34655-4401,Private      ,25,26,51,25,26,51
03031400,INTERNATIONAL ACAD OF DESIGN & TECH     ,FL,33634-6313,Proprietary  ,787,753,1540,787,753,1540
03031402,INTERNATIONAL ACADEMY OF DESIGN AND TECH,FL,32809-4633,Proprietary  ,252,218,470,252,218,470
03031403,IADT - ORLANDO CULINARY ACADEMY         ,FL,32819-0000,Proprietary  ,172,144,316,172,144,316
03035800,HERITAGE INSTITUTE                      ,FL,32216-0948,Proprietary  ,2,8,10,2,8,10
03035900,NATIONAL AVIATION ACADEMY               ,FL,33760-3931,Proprietary  ,28,79,107,28,79,107
03037500,HODGES UNIVERSITY                       ,FL,34119-7932,Private      ,28,204,232,28,204,232
03054200,TECHNICAL CAREER INSTITUTE              ,FL,33144-2373,Proprietary  ,41,35,76,41,35,76
03071600,COLLEGE OF BUSINESS & TECHNOLOGY        ,FL,33176-1412,Proprietary  ,9,29,38,9,29,38
03079800,GEORGE T BAKER AVIATION                 ,FL,33142-5687,Public       ,19,13,32,19,13,32
03079900,CITY COLLEGE                            ,FL,32707-5342,Private      ,0,3,3,0,3,3
03087600,ITT TECHNICAL INSTITUTE                 ,FL,32746-1607,Proprietary  ,49,128,177,49,128,177
03089200,NOUVELLE INSTITUTE                      ,FL,33125-4141,Proprietary  ,1,1,2,1,1,2
03096300,FLORIDA CAREER INSTITUTE                ,FL,33860-0000,Proprietary  ,10,20,30,10,20,30
03099600,MERCY HOSPITAL SCHOOL OF PRACTICAL NSG  ,FL,33133-4237,Private      ,9,33,42,9,33,42
03100800,TAYLOR TECHNICAL INSTITUTE              ,FL,32348-0894,Public       ,0,12,12,0,12,12
03101900,TRINITY BAPTIST COLLEGE                 ,FL,32221-1398,Private      ,60,20,80,60,20,80
03103900,MARION COUNTY COMMUNITY TECH & ADUL     ,FL,34474-3172,Public       ,12,51,63,12,51,63
03108500,EVERGLADES UNIVERSITY                   ,FL,33431-0000,Private      ,16,105,121,16,105,121
03108600,COM-PU-MED VOCATIONAL CAREERS           ,FL,33012-4861,Proprietary  ,0,1,1,0,1,1
03113400,ACADEMY OF HEALING ARTS                 ,FL,33463-2113,Proprietary  ,0,3,3,0,3,3
03114700,PRAXIS INSTITUTE                        ,FL,33135-2657,Proprietary  ,0,14,14,0,14,14
03115500,FLORIDA HOSPITAL COLG OF HEALTH SCI     ,FL,32803-1237,Private      ,217,681,898,217,681,898
03123900,KEISER CAREER INSTITUTE                 ,FL,33413-0000,Proprietary  ,37,118,155,37,118,155
03125600,MIAMI AD SCHOOL                         ,FL,33139-5203,Proprietary  ,10,51,61,10,51,61
03127900,TECHNICAL EDUCATION CTR OSCEOLA         ,FL,34744-4459,Public       ,14,46,60,14,46,60
03139600,DELTA CONNECTION ACADEMY                ,FL,32773-9683,Proprietary  ,20,22,42,20,22,42
03158300,LEE COUNTY HIGH TECH CENTER NORTH       ,FL,33993-2479,Public       ,6,18,24,6,18,24
03178400,CORAL RIDGE NURSES ASST TRAINING        ,FL,33306-0000,Proprietary  ,1,4,5,1,4,5
03224300,NEW PROFESSIONS TECHNICAL INSTITUTE     ,FL,33134-1640,Proprietary  ,1,1,2,1,1,2
03230300,OKALOOSA APPLIED TECHNOLOGY CENTER      ,FL,32547-1299,Public       ,9,55,64,9,55,64
03238300,FLORIDA COLLEGE OF INTEGRATIVE MED      ,FL,32809-5721,Proprietary  ,4,21,25,4,21,25
03255300,FLORIDA GULF COAST UNIVERSITY           ,FL,33965-6565,Public       ,2369,838,3207,2369,838,3207
03256300,YESHIVA GEDOLAH RABBINICAL COLLEGE      ,FL,33139-4708,Private      ,1,0,1,1,0,1
03346300,ACAD FOR PRAC NURSING & HEALTH OCCP     ,FL,33417-4574,Private      ,15,73,88,15,73,88
03348400,PROFESSIONAL TRAINING CENTERS           ,FL,33184-0000,Proprietary  ,12,129,141,12,129,141
03370300,AUDIO RECORDING TECHNOLOGY INSTITUTE    ,FL,32811-0000,Proprietary  ,26,31,57,26,31,57
03373300,BEACON COLLEGE                          ,FL,34748-5224,Private      ,33,16,49,33,16,49
03374300,FLORIDA COASTAL SCHOOL OF LAW           ,FL,32256-0000,Proprietary  ,8,1000,1008,8,1000,1008
03382300,BRADFORD-UNION AREA CAREERTECHNICAL CENT,FL,32091-2434,Public       ,6,41,47,6,41,47
03390300,LINCOLN TECHNICAL INSTITUTE             ,FL,32730-2351,Proprietary  ,6,45,51,6,45,51
03411400,INTERNATIONAL TRAINING CAREERS          ,FL,33155-1462,Private      ,0,7,7,0,7,7
03414500,SOUTHEAST INSTITUTE OF ORIENTAL MED     ,FL,33176-1509,Proprietary  ,0,27,27,0,27,27
03425400,CENTRAL FLORIDA INSTITUTE               ,FL,34684-4436,Proprietary  ,3,27,30,3,27,30
03429600,ATLANTIC INST OF ORIENTAL MEDICINE      ,FL,33316-0000,Private      ,0,15,15,0,15,15
03429700,EAST WEST COLLG OF NATURAL MEDICINE     ,FL,34236-4959,Proprietary  ,0,18,18,0,18,18
03433400,NEW CONCEPT MASSAGE AND BEAUTY SCHO     ,FL,33135-0000,Proprietary  ,0,3,3,0,3,3
03434300,FORTIS COLLEGE                          ,FL,32073-2999,Proprietary  ,14,111,125,14,111,125
03459400,SAINT PETERSBURG THEOLOGICAL SEMINA     ,FL,33708-3116,Private      ,1,10,11,1,10,11
03480302,MEDVANCE INSTITUTE - STUART             ,FL,34994-3000,Proprietary  ,0,6,6,0,6,6
03491400,AMERICAN ADVANCED TECHNICIANS INST      ,FL,33014-4430,Proprietary  ,0,6,6,0,6,6
03524300,ACADEMY FOR FIVE ELEMENT ACUPUNCTURE    ,FL,32601-6811,Private      ,0,2,2,0,2,2
03549300,ULTIMATE MEDICAL ACADEMY                ,FL,33756-5802,Proprietary  ,4,5,9,4,5,9
03553300,KEISER CAREER COLLEGE                   ,FL,32216-0000,Proprietary  ,1,4,5,1,4,5
03557300,NORTH FLORIDA COSMETOLOGY INSTITUTE     ,FL,32312-0000,Proprietary  ,7,28,35,7,28,35
03564300,SUPERIOR CAREER INSTITUTE               ,FL,33311-1141,Proprietary  ,0,2,2,0,2,2
03570400,ENGLISH CENTER (THE)                    ,FL,33133-2703,Public       ,1,22,23,1,22,23
03595400,ANGLEY COLLEGE                          ,FL,32720-4257,Proprietary  ,4,2,6,4,2,6
03611400,FLORIDA BARBER ACADEMY                  ,FL,33441-0000,Proprietary  ,2,1,3,2,1,3
03618300,FLORIDA INSTITUTE OF ANIMAL ARTS        ,FL,32792-1740,Proprietary  ,7,6,13,7,6,13
03627400,JACKSONVILLE BEAUTY INSTITUTE           ,FL,32208-1885,Proprietary  ,3,11,14,3,11,14
03627600,FLORIDA EDUCATION INSTITUTE             ,FL,33144-5036,Proprietary  ,5,5,10,5,5,10
03661400,SOUTH FLORIDA INSTITUTE OF TECHNOLO     ,FL,33135-0000,Proprietary  ,5,2,7,5,2,7
03691400,AVE MARIA SCHOOL OF LAW                 ,FL,34119-1376,Private      ,1,278,279,1,278,279
03706300,AMERICAN INSTITUTE                      ,FL,33319-5613,Proprietary  ,1,8,9,1,8,9
03801400,BEAUTY INSTITUTE (THE)                  ,FL,33409-2972,Proprietary  ,3,2,5,3,2,5
03816300,ARTISTIC NAILS & BEAUTY ACADEMY         ,FL,33605-5919,Proprietary  ,2,2,4,2,2,4
03823300,FLORIDA ACADEMY OF HEALTH & BEAUTY      ,FL,33311-0000,Proprietary  ,0,3,3,0,3,3
03832300,DADE MEDICAL COLLEGE                    ,FL,33126-5534,Proprietary  ,14,42,56,14,42,56
03842500,CAMBRIDGE INSTITUTE OF ALLIED HEALTH    ,FL,32750-0000,Proprietary  ,2,2,4,2,2,4
03866300,GALIANO CAREER ACADEMY                  ,FL,32701-0000,Proprietary  ,2,18,20,2,18,20
03875300,MEDICAL CAREER INSTITUTE OF SOUTH FLORID,FL,33407-2103,Proprietary  ,0,3,3,0,3,3
03903500,SOUTHERN TECHNICAL COLLEGE              ,FL,32809-0000,Proprietary  ,5,9,14,5,9,14
03905300,LEVIN SCHOOL OF HEALTH CARE             ,FL,33445-4699,Proprietary  ,0,2,2,0,2,2
03906300,CAREER INSTITUTE OF FLORIDA             ,FL,33773-3434,Proprietary  ,2,6,8,2,6,8
03911300,TOTAL INTERNATIONAL CAREER INSTITUTE    ,FL,33012-0000,Proprietary  ,0,1,1,0,1,1
03939400,CENTURA INSTITUTE                       ,FL,32807-3566,Proprietary  ,3,11,14,3,11,14
03939600,DAYTONA COLLEGE                         ,FL,32174-8445,Proprietary  ,1,3,4,1,3,4
03941300,AVE MARIA UNIVERSITY                    ,FL,34142-9505,Private      ,194,32,226,194,32,226
03957400,NEW COLLEGE OF FLORIDA                  ,FL,34243-2109,Public       ,616,74,690,616,74,690
03985300,COMMERCIAL DIVING ACADEMY               ,FL,32208-0000,Proprietary  ,8,18,26,8,18,26
03986300,AVIATOR COLLEGE OF AERONAUTICAL SCIENCE ,FL,34946-9022,Proprietary  ,2,4,6,2,4,6
04016500,AMERICAN INSTITUTE OF BEAUTY            ,FL,33773-0000,Proprietary  ,0,5,5,0,5,5
04029300,TRENDSETTERS OF FLORIDA SCHOOL OF BEAUTY,FL,32205-0000,Proprietary  ,0,7,7,0,7,7
00160500,CHAMINADE UNIV OF HONOLULU              ,HI,96816-1578,Private      ,820,584,1404,820,584,1404
00160600,BRIGHAM YOUNG UNIV-HAWAII CAMPUS        ,HI,96762-1294,Private      ,389,202,591,389,202,591
00161000,UNIVERSITY OF HAWAII AT MANOA           ,HI,96822-2399,Public       ,6040,3956,9996,6040,3956,9996
00161100,UNIVERSITY OF HAWAII AT HILO            ,HI,96720-4091,Public       ,1562,884,2446,1562,884,2446
00161200,HONOLULU COMMUNITY COLLEGE              ,HI,96817-4598,Public       ,438,404,842,438,404,842
00161300,KAPIOLANI COMMUNITY COLLEGE             ,HI,96816-4421,Public       ,741,628,1369,741,628,1369
00161400,KAUAI COMMUNITY COLLEGE                 ,HI,96766-9591,Public       ,103,89,192,103,89,192
00161500,MAUI COMMUNITY COLLEGE                  ,HI,96732-1644,Public       ,316,423,739,316,423,739
00454900,LEEWARD COMMUNITY COLLEGE               ,HI,96782-3393,Public       ,430,503,933,430,503,933
00525800,HAWAII COMMUNITY COLLEGE                ,HI,96720-4075,Public       ,367,458,825,367,458,825
00723401,HEALD COLLEGE - HONOLULU                ,HI,96814-0000,Proprietary  ,118,155,273,118,155,273
00727900,HAWAII PACIFIC UNIVERSITY               ,HI,96813-2882,Private      ,2414,1485,3899,2414,1485,3899
00777500,HOLLYWOOD BEAUTY COLLEGE                ,HI,96701-4100,Proprietary  ,5,12,17,5,12,17
01122000,WINDWARD COMMUNITY COLLEGE              ,HI,96744-0000,Public       ,143,199,342,143,199,342
02055100,HAWAII BUSINESS COLLEGE                 ,HI,96813-0000,Proprietary  ,26,34,60,26,34,60
02100300,MED-ASSIST SCHOOL OF HAWAII             ,HI,96813-0000,Proprietary  ,10,17,27,10,17,27
02107800,UNIVERSITY OF HAWAII - WEST OAHU        ,HI,96782-0000,Public       ,124,262,386,124,262,386
02139500,HAWAII INSTITUTE OF HAIR DESIGN         ,HI,96817-5195,Proprietary  ,6,9,15,6,9,15
02208704,SAN DIEGO GOLF ACADEMY - THE GOLF ACADEM,HI,96744-3724,Proprietary  ,9,5,14,9,5,14
02321300,HAWAI'I THEOLOGICAL SEMINARY            ,HI,96817-0000,Private      ,5,8,13,5,8,13
03017800,TRAVEL INSTITUTE OF THE PACIFIC         ,HI,96814-1946,Proprietary  ,7,16,23,7,16,23
03020800,NEW YORK TECHNICAL INST OF HAWAII       ,HI,96817-4415,Proprietary  ,4,10,14,4,10,14
03072500,WORLD MEDICINE INSTITUTE                ,HI,96826-0000,Private      ,1,13,14,1,13,14
03649300,HAWAII TECHNOLOGY INSTITUTE             ,HI,96813-3036,Private      ,8,9,17,8,9,17
03735300,INST OF CLINICAL ACUPUNCTURE & ORIENT MD,HI,96813-2307,Proprietary  ,1,3,4,1,3,4
00161600,BOISE STATE UNIVERSITY                  ,ID,83725-1000,Public       ,5386,5210,10596,5386,5210,10596
00161700,"COLLEGE OF IDAHO, THE                   ",ID,83605-4432,Private      ,783,97,880,783,97,880
00161900,COLLEGE OF SOUTHERN IDAHO               ,ID,83301-0000,Public       ,852,669,1521,852,669,1521
00162000,IDAHO STATE UNIVERSITY                  ,ID,83209-5377,Public       ,2081,2918,4999,2081,2918,4999
00162100,LEWIS-CLARK STATE COLLEGE               ,ID,83501-2698,Public       ,1242,1021,2263,1242,1021,2263
00162300,NORTH IDAHO COLLEGE                     ,ID,83814-2199,Public       ,983,855,1838,983,855,1838
00162400,NORTHWEST NAZARENE UNIVERSITY           ,ID,83686-5897,Private      ,833,292,1125,833,292,1125
00162500,BRIGHAM YOUNG UNIVERSITY-IDAHO          ,ID,83460-1650,Private      ,2407,820,3227,2407,820,3227
00162600,UNIVERSITY OF IDAHO                     ,ID,83844-4291,Public       ,5941,2646,8587,5941,2646,8587
00455300,ITT TECHNICAL INSTITUTE                 ,ID,83713-1529,Proprietary  ,62,71,133,62,71,133
00987300,MR JUAN'S CLG OF HAIR DESIGN            ,ID,83301-4154,Proprietary  ,4,13,17,4,13,17
01113300,EASTERN IDAHO TECHNICAL COLLEGE         ,ID,83404-5788,Public       ,98,296,394,98,296,394
02210700,CAREER BEAUTY COLLEGE                   ,ID,83440-0000,Proprietary  ,11,5,16,11,5,16
02218000,APOLLO COLLEGE                          ,ID,83704-0000,Proprietary  ,43,89,132,43,89,132
02234500,BOISE BIBLE COLLEGE                     ,ID,83714-1220,Private      ,95,31,126,95,31,126
02275800,MR LEONS SCHOOL OF HAIR DESIGN          ,ID,83843-8384,Proprietary  ,2,4,6,2,4,6
02314000,SCHOOL OF HAIRSTYLING (THE)             ,ID,83202-0000,Proprietary  ,8,19,27,8,19,27
02319800,HEADMASTERS SCHOOL OF HAIR DESIGN       ,ID,83814-0000,Proprietary  ,8,7,15,8,7,15
02349200,HEADMASTERS SCHOOL OF HAIR DESIGN       ,ID,83501-0000,Proprietary  ,5,11,16,5,11,16
02559500,RAZZLE DAZZLE CLG OF HAIR DESIGN        ,ID,83686-5104,Proprietary  ,14,12,26,14,12,26
02607100,SCOT LEWIS SCHOOLS                      ,ID,83709-1662,Proprietary  ,16,27,43,16,27,43
03052202,COURT REPORTING INSTITUTE/CRI COMPUTER T,ID,83709-8101,Proprietary  ,2,5,7,2,5,7
03098700,ACADEMY OF COURT REPORTING              ,ID,83704-8320,Proprietary  ,21,105,126,21,105,126
03832400,COSMETOLOGY SCHOOL OF ARTS & SCIENCES   ,ID,83318-1327,Proprietary  ,3,7,10,3,7,10
00163200,AQUINAS INSTITUTE OF THEOLOGY           ,MO,63108-3323,Private      ,1,29,30,1,29,30
00244900,AVILA COLLEGE                           ,MO,64145-1698,Private      ,507,372,879,507,372,879
00245000,CALVARY BIBLE COLLEGE                   ,MO,64147-1341,Private      ,87,63,150,87,63,150
00245200,CENTRAL BIBLE COLLEGE                   ,MO,65803-1096,Private      ,345,119,464,345,119,464
00245300,CENTRAL METHODIST UNIVERSITY            ,MO,65248-1198,Private      ,679,187,866,679,187,866
00245301,CENTRAL METHODIST UNIVERSITY            ,MO,63601-0000,Private      ,30,58,88,30,58,88
00245302,CENTRAL METHODIST UNIVERSITY- UNION     ,MO,63084-0000,Private      ,17,21,38,17,21,38
00245400,UNIVERSITY OF CENTRAL MISSOURI          ,MO,64093-5178,Public       ,3581,1359,4940,3581,1359,4940
00245600,COLUMBIA COLLEGE                        ,MO,65216-4581,Private      ,1110,4216,5326,1110,4216,5326
00245700,CONCORDIA SEMINARY                      ,MO,63105-3199,Private      ,2,477,479,2,477,479
00245800,COTTEY COLLEGE                          ,MO,64772-2790,Private      ,259,8,267,259,8,267
00245900,CROWDER COLLEGE                         ,MO,64850-9165,Public       ,421,512,933,421,512,933
00246000,CULVER STOCKTON COLLEGE                 ,MO,63435-1299,Private      ,731,85,816,731,85,816
00246100,DRURY UNIVERSITY                        ,MO,65802-3791,Private      ,1256,1137,2393,1256,1137,2393
00246200,EDEN THEOLOGICAL SEMINARY               ,MO,63119-0000,Private      ,0,42,42,0,42,42
00246300,EVANGEL UNIVERSITY                      ,MO,65802-2125,Private      ,1136,179,1315,1136,179,1315
00246400,FONTBONNE UNIVERSITY                    ,MO,63105-3098,Private      ,728,876,1604,728,876,1604
00246600,HARRIS-STOWE STATE COLLEGE              ,MO,63103-2199,Public       ,388,509,897,388,509,897
00246700,CONCEPTION SEMINARY COLLEGE             ,MO,64433-0000,Private      ,9,5,14,9,5,14
00246800,JEFFERSON COLLEGE                       ,MO,63050-2441,Public       ,624,401,1025,624,401,1025
00247100,ST LOUIS COMMUNITY COLLEGE              ,MO,63102-0000,Public       ,2199,2398,4597,2199,2398,4597
00247300,KANSAS CITY ART INSTITUTE               ,MO,64111-1874,Private      ,627,105,732,627,105,732
00247400,KANSAS CITY UNIV OF MED & BIOSCIENCES   ,MO,64106-0000,Private      ,13,474,487,13,474,487
00247600,KENRICK-GLENNON SEMINARY                ,MO,63119-0000,Private      ,3,3,6,3,3,6
00247700,A.T. STILL UNIV OF HEALTH SCIENCES      ,MO,63501-0000,Private      ,3,661,664,3,661,664
00247900,LINCOLN UNIVERSITY                      ,MO,65101-3500,Public       ,1064,525,1589,1064,525,1589
00248000,LINDENWOOD UNIVERSITY                   ,MO,63301-1695,Private      ,2456,1816,4272,2456,1816,4272
00248200,MARYVILLE UNIVERSITY                    ,MO,63141-7299,Private      ,1573,688,2261,1573,688,2261
00248400,METROPOLITAN COMMUNITY COLLEGE          ,MO,64111-2408,Public       ,1841,2406,4247,1841,2406,4247
00248500,MIDWESTERN BAPTIST THEOL SEMINARY       ,MO,64118-0000,Private      ,15,30,45,15,30,45
00248600,MINERAL AREA COLLEGE                    ,MO,63601-1000,Public       ,525,480,1005,525,480,1005
00248800,MISSOURI SOUTHERN STATE UNIVERSITY      ,MO,64801-1595,Public       ,1255,1033,2288,1255,1033,2288
00248900,MISSOURI VALLEY COLLEGE                 ,MO,65340-3197,Private      ,796,173,969,796,173,969
00249000,MISSOURI WESTERN STATE UNIVERSITY       ,MO,64507-2294,Public       ,2236,894,3130,2236,894,3130
00249100,MOBERLY AREA COMMUNITY COLLEGE          ,MO,65270-1304,Public       ,746,609,1355,746,609,1355
00249400,NAZARENE THEOLOGICAL SEMINARY           ,MO,64131-1246,Private      ,0,58,58,0,58,58
00249500,TRUMAN STATE UNIVERSITY                 ,MO,63501-4221,Public       ,3326,182,3508,3326,182,3508
00249600,NORTHWEST MISSOURI STATE UNIV           ,MO,64468-6001,Public       ,3130,347,3477,3130,347,3477
00249800,PARK UNIVERSITY                         ,MO,64152-3795,Private      ,417,2333,2750,417,2333,2750
00249900,ROCKHURST UNIVERSITY                    ,MO,64110-2561,Private      ,1281,449,1730,1281,449,1730
00250000,COLLEGE OF THE OZARKS                   ,MO,65726-2502,Private      ,2101,182,2283,2101,182,2283
00250100,SOUTHEAST MISSOURI STATE UNIV           ,MO,63701-4799,Public       ,3812,1430,5242,3812,1430,5242
00250200,SOUTHWEST BAPTIST UNIVERSITY            ,MO,65613-2597,Private      ,1168,452,1620,1168,452,1620
00250300,MISSOURI STATE UNIVERSITY               ,MO,65897-0094,Public       ,6688,2258,8946,6688,2258,8946
00250400,ST LOUIS COLLEGE OF PHARMACY            ,MO,63110-1088,Private      ,565,239,804,565,239,804
00250600,SAINT LOUIS UNIVERSITY                  ,MO,63103-2097,Private      ,6514,2749,9263,6514,2749,9263
00250602,SAINT LOUIS UNIV SCH MEDICINE           ,MO,63104-0000,Private      ,149,467,616,149,467,616
00250900,SAINT PAUL SCHOOL OF THEOLOGY           ,MO,64127-2499,Private      ,0,174,174,0,174,174
00251200,STEPHENS COLLEGE                        ,MO,65215-0001,Private      ,645,130,775,645,130,775
00251400,NORTH CENTRAL MISSOURI COLLEGE          ,MO,64683-1824,Public       ,259,201,460,259,201,460
00251600,UNIVERSITY OF MISSOURI-COLUMBIA         ,MO,65211-1600,Public       ,13070,3748,16818,13070,3748,16818
00251700,MISSOURI UNIVERSITY OF SCIENCE & TECHNOL,MO,65409-0250,Public       ,2836,528,3364,2836,528,3364
00251800,UNIVERSITY OF MISSOURI-KANSAS CITY      ,MO,64110-2497,Public       ,3273,3374,6647,3273,3374,6647
00251900,UNIVERSITY OF MISSOURI-ST LOUIS         ,MO,63121-4499,Public       ,2549,2756,5305,2549,2756,5305
00252000,WASHINGTON UNIVERSITY                   ,MO,63130-4899,Private      ,9617,2715,12332,9617,2715,12332
00252001,WASHINGTON UNIV-SCHOOL OF MEDICINE      ,MO,63110-0000,Private      ,22,663,685,22,663,685
00252100,WEBSTER UNIVERSITY                      ,MO,63119-3194,Private      ,1979,3813,5792,1979,3813,5792
00252200,WENTWORTH MILITARY ACADEMY              ,MO,64067-1799,Private      ,59,57,116,59,57,116
00252300,WESTMINSTER COLLEGE                     ,MO,65251-1299,Private      ,756,45,801,756,45,801
00252400,WILLIAM JEWELL COLLEGE                  ,MO,64068-1896,Private      ,1042,115,1157,1042,115,1157
00252500,WILLIAM WOODS UNIVERSITY                ,MO,65251-2388,Private      ,577,414,991,577,414,991
00405704,NATIONAL AMERICAN UNIVERSITY            ,MO,64057-1791,Proprietary  ,6,74,80,6,74,80
00441300,ST JOHNS HOSP SCH RAD TECH              ,MO,65802-0000,Private      ,15,20,35,15,20,35
00470300,LOGAN COLLEGE OF CHIROPRACTIC           ,MO,63006-1065,Private      ,33,877,910,33,877,910
00470700,COVENANT THEOLOGICAL SEMINARY           ,MO,63141-8697,Private      ,3,153,156,3,153,156
00471100,LINN STATE TECHNICAL COLLEGE            ,MO,65051-9607,Public       ,476,87,563,476,87,563
00471300,THREE RIVERS COMMUNITY COLLEGE          ,MO,63901-2393,Public       ,584,618,1202,584,618,1202
00528800,KIRKSVILLE AREA TECHNICAL CENTER        ,MO,63501-0000,Public       ,7,11,18,7,11,18
00528900,WAYNESVILLE TECHNICAL ACADEMY           ,MO,65583-0000,Public       ,3,35,38,3,35,38
00542400,SOUTH CENTRAL CAREER CENTER             ,MO,65775-3334,Public       ,12,28,40,12,28,40
00542600,SIKESTON CAREER AND TECHNOLOGY CTR      ,MO,63801-0000,Public       ,8,68,76,8,68,76
00542900,ROLLA TECHNICAL INSTITUTE               ,MO,65401-3601,Public       ,78,84,162,78,84,162
00543000,POPLAR BLUFF TECHNICAL CAREER CNTR      ,MO,63901-0000,Public       ,14,46,60,14,46,60
00543600,DAVIS H HART MEXICO AREA VOC TECH       ,MO,65265-0000,Public       ,7,5,12,7,5,12
00543800,SALINE COUNTY CAREER CENTER             ,MO,65340-0000,Public       ,4,34,38,4,34,38
00544500,TRUMAN MEDICAL CENTER SCHOOL OF NURSE AN,MO,64108-2677,Private      ,3,22,25,3,22,25
00553100,GRAND RIVER TECHNICAL SCHOOL            ,MO,64601-1299,Public       ,25,10,35,25,10,35
00553200,CAPE GIRARDEAU CAREER & TECHNOLOGY CENTE,MO,63703-7511,Public       ,27,93,120,27,93,120
00638500,CHAMBERLAIN COLLEGE OF NURSING          ,MO,63139-3297,Proprietary  ,130,277,407,130,277,407
00638900,BARNES JEWISH COLLEGE OF NURSING AND ALL,MO,63110-1091,Private      ,78,255,333,78,255,333
00639200,RESEARCH COLLEGE OF NURSING             ,MO,64132-1199,Proprietary  ,28,78,106,28,78,106
00639201,RESEARCH MEDICAL CENTER - COLLEGE OF NUR,MO,64132-1199,Proprietary  ,3,8,11,3,8,11
00639202,RESEARCH MED CTR SCHL OF RAD TECH       ,MO,64132-0000,Proprietary  ,6,8,14,6,8,14
00639203,RESEARCH MED CTR SCH NUCL MED TECH      ,MO,64132-0000,Proprietary  ,0,3,3,0,3,3
00666600,LUTHERAN  SCHOOL OF NURSING             ,MO,63118-3909,Proprietary  ,16,76,92,16,76,92
00754000,MISSOURI BAPTIST UNIVERSITY             ,MO,63141-8698,Private      ,431,338,769,431,338,769
00755700,ITT TECHNICAL INSTITUTE                 ,MO,63045-1122,Proprietary  ,108,135,243,108,135,243
00808000,STATE FAIR COMMUNITY COLLEGE            ,MO,65301-0000,Public       ,552,506,1058,552,506,1058
00826900,HILLYARD TECHNICAL CENTER               ,MO,64506-0000,Public       ,38,30,68,38,30,68
00855200,PATRICIA STEVENS COLLEGE                ,MO,63102-2334,Proprietary  ,15,7,22,15,7,22
00860600,TRI-COUNTY TECHNICAL SCHOOL             ,MO,65026-0000,Public       ,7,14,21,7,14,21
00886200,EAST CENTRAL COLLEGE                    ,MO,63084-0529,Public       ,651,395,1046,651,395,1046
00908900,HANNIBAL-LAGRANGE COLLEGE               ,MO,63401-1999,Private      ,355,159,514,355,159,514
00952000,NATIONAL ACADEMY OF BEAUTY ARTS         ,MO,63128-1307,Proprietary  ,27,56,83,27,56,83
00959000,INDEPENDENCE COLLEGE OF COSMETOLOGY     ,MO,64055-1105,Proprietary  ,6,9,15,6,9,15
00960700,HOUSE OF HEAVILIN BEAUTY COLLEGE        ,MO,64110-2826,Proprietary  ,4,5,9,4,5,9
00978200,SAINT LUKE'S COLLEGE                    ,MO,64114-3237,Private      ,56,85,141,56,85,141
00979500,MISSOURI COLLEGE                        ,MO,63144-2901,Proprietary  ,94,155,249,94,155,249
01014814,COLORADO TECHNL UNIV NORTH KANSAS CITY  ,MO,64116-3614,Proprietary  ,66,366,432,66,366,432
01027900,HICKEY COLLEGE                          ,MO,63146-0000,Proprietary  ,32,16,48,32,16,48
01040500,PINNACLE CAREER INSTITUTE               ,MO,64131-3367,Proprietary  ,2,30,32,2,30,32
01102600,WARRENSBURG AREA VOC TECH SCH           ,MO,64093-0000,Public       ,14,24,38,14,24,38
01173500,PIKE/LINCOLN TECHNICAL CENTER           ,MO,63344-0000,Public       ,7,13,20,7,13,20
01212000,ASSEMBLIES OF GOD THEO. SEMINARY        ,MO,65802-0000,Private      ,8,113,121,8,113,121
01250000,RANKEN TECHNICAL COLLEGE                ,MO,63113-2811,Private      ,344,154,498,344,154,498
01258000,ST LOUIS CHRISTIAN COLLEGE              ,MO,63033-6499,Private      ,44,40,84,44,40,84
01320800,BAPTIST BIBLE COLLEGE                   ,MO,65803-3498,Private      ,146,67,213,146,67,213
02056100,FOUR RIVERS CAREER CENTER               ,MO,63090-0000,Public       ,8,10,18,8,10,18
02066900,NICHOLS CAREER CENTER                   ,MO,65101-2814,Public       ,43,38,81,43,38,81
02068200,COX HEALTH - COX COLLEGE                ,MO,65802-0000,Private      ,96,250,346,96,250,346
02068202,COX HEALTH - RADIOLOGIC TECHNOLOGY      ,MO,65802-0000,Private      ,15,22,37,15,22,37
02068204,COX HEALTH - MEDICAL TECHNOLOGY         ,MO,65807-0000,Private      ,2,4,6,2,4,6
02073600,KENNETT CAREER & TECHNOLOGY CENTER      ,MO,63857-0000,Public       ,4,25,29,4,25,29
02090400,BOONSLICK TECHNICAL EDUCATION CTR       ,MO,65233-0000,Public       ,5,15,20,5,15,20
02121100,MIDWEST INSTITUTE                       ,MO,63122-0000,Proprietary  ,7,8,15,7,8,15
02124500,FRANKLIN TECHNOLOGY CENTER              ,MO,64801-0000,Public       ,23,79,102,23,79,102
02142200,LEX LA RAY TECHNICAL CENTER             ,MO,64067-0000,Public       ,6,25,31,6,25,31
02151000,HANNIBAL CAREER AND TECHNICAL CENTE     ,MO,63401-2285,Public       ,7,34,41,7,34,41
02154900,MISSOURI SCH OF BARB & HAIR             ,MO,63031-0000,Proprietary  ,3,12,15,3,12,15
02164200,FOREST INST PROFESSIONAL PSYCHOLOGY     ,MO,65807-0000,Private      ,0,84,84,0,84,84
02165900,CHILLICOTHE BEAUTY ACADEMY              ,MO,64601-0000,Proprietary  ,3,5,8,3,5,8
02180200,METRO BUSINESS COLLEGE                  ,MO,63701-0000,Proprietary  ,23,101,124,23,101,124
02188000,NORTHWEST TECHNICAL SCHOOL              ,MO,64468-0000,Public       ,27,23,50,27,23,50
02188100,NORTHLAND CAREER CENTER                 ,MO,64079-8333,Public       ,4,11,15,4,11,15
02202700,OZARK CHRISTIAN COLLEGE                 ,MO,64801-0000,Private      ,251,59,310,251,59,310
02203400,NEVADA REGIONAL TECHNICAL CENTER        ,MO,64772-0000,Public       ,3,28,31,3,28,31
02205200,SANFORD-BROWN COLLEGE                   ,MO,63026-7305,Proprietary  ,174,848,1022,174,848,1022
02205203,SANFORD BROWN COLLEGE-ST. PETERS        ,MO,63301-4042,Proprietary  ,48,151,199,48,151,199
02205205,SANFORD BROWN COLLEGE-HAZELWOOD         ,MO,63042-2708,Proprietary  ,29,106,135,29,106,135
02214500,SALEM COLLEGE OF HAIRSTYLING            ,MO,65401-0000,Proprietary  ,1,0,1,1,0,1
02239200,ALLIED COLLEGE - NORTH                  ,MO,63043-0000,Proprietary  ,132,243,375,132,243,375
02242800,GIBSON TECHNICAL CENTER                 ,MO,65737-0169,Public       ,1,26,27,1,26,27
02250600,EVEREST COLLEGE                         ,MO,65807-2446,Proprietary  ,172,596,768,172,596,768
02263400,LAKE CAREER AND TECHNICAL CENTER        ,MO,65020-0000,Public       ,7,3,10,7,3,10
02266400,CENTRAL CHRISTIAN CLG OF THE BIBLE      ,MO,65270-0000,Private      ,112,42,154,112,42,154
02277500,HOUSE OF HEAVILIN OF BLUE SPRINGS       ,MO,64014-3953,Proprietary  ,3,6,9,3,6,9
02289200,COLUMBIA AREA CAREER CENTER             ,MO,65203-0000,Public       ,25,63,88,25,63,88
02292400,COLUMBIA BEAUTY ACADEMY                 ,MO,65203-0000,Proprietary  ,6,8,14,6,8,14
02295700,MISSOURI BEAUTY ACADEMY                 ,MO,63640-1827,Proprietary  ,3,5,8,3,5,8
02295701,"MISSOURI BEAUTY ACADEMY, LLC - CRYSTAL C",MO,63019-1724,Proprietary  ,3,4,7,3,4,7
02304000,MISSOURI TECH                           ,MO,63132-0000,Proprietary  ,17,10,27,17,10,27
02309100,AMERICAN COLLEGE OF HAIR DESIGN         ,MO,65301-2144,Proprietary  ,9,3,12,9,3,12
02311100,ABBOTT ACADEMY OF COSMETIC ARTS/SCI     ,MO,63376-0000,Proprietary  ,6,9,15,6,9,15
02313000,CASS CAREER CENTER                      ,MO,64701-0000,Public       ,2,16,18,2,16,18
02340500,ST LOUIS COLLEGE OF HEALTH CAREERS      ,MO,63110-0000,Proprietary  ,14,99,113,14,99,113
02340501,ST LOUIS COLLEGE OF HEALTH              ,MO,63129-0000,Proprietary  ,1,8,9,1,8,9
02342100,CAREER & TECHNOLOGY CTR AT FT OSAGE     ,MO,64058-0000,Public       ,3,6,9,3,6,9
02361600,CONCORDE CAREER COLLEGE                 ,MO,64111-0000,Proprietary  ,15,110,125,15,110,125
02520800,MERRELL UNIV OF BTY ARTS & SCIENCES     ,MO,65109-0000,Proprietary  ,37,26,63,37,26,63
02530600,SAINT CHARLES COMMUNITY COLLEGE         ,MO,63376-0975,Public       ,849,459,1308,849,459,1308
02543800,PARIS II EDUCATIONAL CENTER (THE)       ,MO,64118-0000,Proprietary  ,2,13,15,2,13,15
02550400,OZARK MOUNTAIN TECHNICAL CENTER         ,MO,65711-0000,Public       ,1,0,1,1,0,1
02555300,PATSY AND ROB'S ACADEMY OF BEAUTY       ,MO,63074-0000,Proprietary  ,4,4,8,4,4,8
02564700,ELAINE STEVEN BEAUTY COLLEGE            ,MO,63136-0000,Proprietary  ,6,6,12,6,6,12
02564701,ELAINE STEVEN BEAUTY COLLEGE - ADVANCE B,MO,63383-2006,Proprietary  ,1,1,2,1,1,2
02568500,GRABBER SCHOOL OF HAIR DESIGN           ,MO,63011-0000,Proprietary  ,12,11,23,12,11,23
02599700,VATTEROTT COLLEGE                       ,MO,63134-2900,Proprietary  ,18,104,122,18,104,122
02599701,VATTEROTT COLLEGE - KANSAS CITY         ,MO,64129-1692,Proprietary  ,25,80,105,25,80,105
02599702,VATTEROTT COLLEGE - SPRINGFIELD LOCATION,MO,65807-5340,Proprietary  ,12,62,74,12,62,74
02599703,VATTEROTT COLLEGE - JOPLIN              ,MO,64801-5033,Proprietary  ,18,56,74,18,56,74
02599705,VATTEROTT COLLEGE - SUNSET HILLS        ,MO,63127-1516,Proprietary  ,29,110,139,29,110,139
02599712,VATTEROTT COLLEGE - O'FALLON            ,MO,63366-2748,Proprietary  ,22,80,102,22,80,102
02608000,NEOSHO BEAUTY COLLEGE                   ,MO,64850-1525,Proprietary  ,3,3,6,3,3,6
02608001,NEOSHO BEAUTY COLLEGE - CLASS ACT I COSM,MO,64801-2314,Proprietary  ,1,1,2,1,1,2
02609202,VATTEROTT COLLEGE-ST JOSEPH             ,MO,64501-2911,Proprietary  ,26,50,76,26,50,76
02609203,VATTEROTT COLLEGE - L'ECOLE CULINAIRE   ,MO,63124-1103,Proprietary  ,26,50,76,26,50,76
02611001,HERITAGE COLLEGE                        ,MO,64151-0000,Proprietary  ,24,44,68,24,44,68
03042400,LEBANON TECHNOLOGY & CAREER CENTER      ,MO,65536-3296,Public       ,11,34,45,11,34,45
03066300,BRYAN CAREER COLLEGE                    ,MO,65806-2507,Proprietary  ,9,31,40,9,31,40
03068600,NORTH COUNTY TECH SPECIAL SCH DIST      ,MO,63033-6498,Public       ,9,81,90,9,81,90
03070200,CENTRAL COLLEGE OF COSMETOLOGY          ,MO,65583-0000,Proprietary  ,2,3,5,2,3,5
03070900,SE MO HOSP CLG NURSING & HEALTH SCI     ,MO,63703-4507,Private      ,46,83,129,46,83,129
03072800,DALLAS COUNTY CAREER CENTER             ,MO,65685-9152,Public       ,0,3,3,0,3,3
03077200,COSMETOLOGY CONCEPTS INSTITUTE          ,MO,65202-1972,Proprietary  ,8,4,12,8,4,12
03083000,OZARKS TECHNICAL COMMUNITY COLLEGE      ,MO,65802-3601,Public       ,1326,1246,2572,1326,1246,2572
03092600,MESSENGER COLLEGE                       ,MO,64804-4909,Private      ,11,9,20,11,9,20
03097600,ST LOUIS HAIR ACADEMY                   ,MO,63107-1737,Proprietary  ,1,6,7,1,6,7
03101000,NEW DIMENSION SCHOOL OF HAIR DESIGN     ,MO,64801-5017,Proprietary  ,3,4,7,3,4,7
03106000,MISSOURI STATE UNIVERSITY - WEST PLAINS ,MO,65775-2715,Public       ,374,264,638,374,264,638
03110900,HOUSE OF HEAVILIN BEAUTY COLLEGE        ,MO,64030-1154,Proprietary  ,2,1,3,2,1,3
03166300,MOBERLY AREA TECHNICAL CENTER           ,MO,65270-1904,Public       ,8,3,11,8,3,11
03174300,HERNDON CAREER CENTER                   ,MO,64138-2695,Public       ,6,2,8,6,2,8
03519300,MISSOURI COLLEGE OF COSMETOLOGY NORTH   ,MO,65803-1235,Proprietary  ,29,44,73,29,44,73
03528300,MIDWEST UNIVERSITY                      ,MO,63385-2905,Private      ,0,2,2,0,2,2
03579300,TEXAS COUNTY TECHNICAL INSTITUTE        ,MO,65483-2700,Private      ,9,106,115,9,106,115
03616300,AVIATION INSTITUTE OF MAINTENANCE       ,MO,64129-1811,Proprietary  ,3,26,29,3,26,29
03663400,UNIVERSITY OF COSMETOLOGY               ,MO,63080-1910,Proprietary  ,1,1,2,1,1,2
03817300,ST. CHARLES SCHOOL OF MASSAGE THERAPY   ,MO,63303-5607,Proprietary  ,2,8,10,2,8,10
03878300,PROFESSIONAL MASSAGE TRAINING CENTER    ,MO,65803-2939,Proprietary  ,4,10,14,4,10,14
03916300,ECLIPS SCHOOL OF COSMETOLOGY AND BARBERI,MO,63703-5809,Proprietary  ,3,7,10,3,7,10
03924300,HAIR ACADEMY 110 (THE)                  ,MO,63501-2915,Proprietary  ,5,7,12,5,7,12
03970400,MTTI-WELLSPRING CENTER FOR NATURAL HEALT,MO,64114-3313,Proprietary  ,8,16,24,8,16,24
00163201,AQUINAS INSTITUTE OF THEOLOGY - MINISTRY,OK,73123-0380,Private      ,0,1,1,0,1,1
00314600,WESTERN OKLAHOMA STATE COLLEGE          ,OK,73521-1397,Public       ,149,206,355,149,206,355
00314700,BACONE COLLEGE                          ,OK,74403-1597,Private      ,170,187,357,170,187,357
00314900,SOUTHERN NAZARENE UNIVERSITY            ,OK,73008-2694,Private      ,516,236,752,516,236,752
00315000,CAMERON UNIVERSITY                      ,OK,73505-6377,Public       ,563,905,1468,563,905,1468
00315100,OKLAHOMA WESLEYAN UNIVERSITY            ,OK,74006-6299,Private      ,243,195,438,243,195,438
00315200,UNIV OF CENTRAL OKLAHOMA                ,OK,73034-5209,Public       ,3024,1938,4962,3024,1938,4962
00315300,CONNORS STATE COLLEGE                   ,OK,74469-9700,Public       ,302,393,695,302,393,695
00315400,EAST CENTRAL UNIVERSITY                 ,OK,74820-6999,Public       ,942,830,1772,942,830,1772
00315500,EASTERN OKLAHOMA STATE COLLEGE          ,OK,74578-4999,Public       ,361,317,678,361,317,678
00315600,REDLANDS COMMUNITY COLLEGE              ,OK,73036-5304,Public       ,200,277,477,200,277,477
00315700,LANGSTON UNIVERSITY                     ,OK,73050-0000,Public       ,967,735,1702,967,735,1702
00315800,MURRAY STATE COLLEGE                    ,OK,73460-3137,Public       ,336,440,776,336,440,776
00316000,NORTHEASTERN OKLAHOMA A & M COLLEGE     ,OK,74354-6497,Public       ,530,230,760,530,230,760
00316100,NORTHEASTERN STATE UNIVERSITY           ,OK,74464-2399,Public       ,1850,2266,4116,1850,2266,4116
00316200,NORTHERN OKLAHOMA COLLEGE               ,OK,74653-0310,Public       ,452,578,1030,452,578,1030
00316300,NORTHWESTERN OKLAHOMA STATE UNIV        ,OK,73717-2799,Public       ,340,259,599,340,259,599
00316400,OKLAHOMA BAPTIST UNIVERSITY             ,OK,74801-2590,Private      ,853,106,959,853,106,959
00316500,OKLAHOMA CHRISTIAN UNIVERSITY           ,OK,73131-0000,Private      ,985,139,1124,985,139,1124
00316600,OKLAHOMA CITY UNIVERSITY                ,OK,73106-1493,Private      ,1098,940,2038,1098,940,2038
00316700,UNIV OF SCIENCE & ARTS OF OKLAHOMA      ,OK,73018-5322,Public       ,370,197,567,370,197,567
00316800,ROGERS STATE UNIVERSITY                 ,OK,74017-3252,Public       ,685,816,1501,685,816,1501
00317000,OKLAHOMA STATE UNIVERSITY               ,OK,74078-1015,Public       ,5751,2480,8231,5751,2480,8231
00317200,OKLAHOMA STATE UNIVERSITY-OKMULGEE      ,OK,74447-3901,Public       ,500,404,904,500,404,904
00317400,OKLAHOMA PANHANDLE STATE UNIVERSITY     ,OK,73939-0000,Public       ,275,118,393,275,118,393
00317600,CARL ALBERT STATE COLLEGE               ,OK,74953-5208,Public       ,410,664,1074,410,664,1074
00317800,SEMINOLE STATE COLLEGE                  ,OK,74818-1902,Public       ,267,354,621,267,354,621
00317900,SOUTHEASTERN OKLAHOMA STATE UNIV        ,OK,74701-0609,Public       ,842,677,1519,842,677,1519
00318000,SOUTHWESTERN CHRISTIAN UNIVERSITY       ,OK,73008-2335,Private      ,36,37,73,36,37,73
00318100,SOUTHWESTERN OKLAHOMA STATE UNIV        ,OK,73096-3098,Public       ,1146,662,1808,1146,662,1808
00318101,SOUTHWESTERN OK STATE UNIV AT SAYRE     ,OK,73662-0000,Public       ,58,108,166,58,108,166
00318300,ST GREGORY'S UNIVERSITY                 ,OK,74804-2499,Private      ,154,144,298,154,144,298
00318308,SAINT GREGORY'S UNIVERSITY - IPD TULSA  ,OK,74135-2499,Private      ,5,44,49,5,44,49
00318400,UNIVERSITY OF OKLAHOMA                  ,OK,73019-4078,Public       ,6812,3403,10215,6812,3403,10215
00318401,UNIVERSITY OF OKLAHOMA-HLTH SCI CTR     ,OK,73190-0000,Public       ,177,1280,1457,177,1280,1457
00318500,UNIVERSITY OF TULSA                     ,OK,74104-3189,Private      ,1595,841,2436,1595,841,2436
00398500,ORAL ROBERTS UNIVERSITY                 ,OK,74171-0001,Private      ,1466,452,1918,1466,452,1918
00531100,TULSA COUNTY AREA VOC TECH SCHOOL       ,OK,74145-0000,Public       ,43,165,208,43,165,208
00531200,RED RIVER TECHNOLOGY CENTER             ,OK,73533-2700,Public       ,6,15,21,6,15,21
00533900,METRO TECHNOLOGY CENTERS SCH DIST22     ,OK,73111-0000,Public       ,28,223,251,28,223,251
00533903,METRO TECHNOLOGY CENTERS SCH DIST22     ,OK,73129-0000,Public       ,10,65,75,10,65,75
00694200,MID-AMERICA CHRISTIAN UNIVERSITY        ,OK,73170-4504,Private      ,102,164,266,102,164,266
00767800,SPARTAN COLLEGE OF AERONAUTICS AND TECHN,OK,74115-5800,Proprietary  ,188,89,277,188,89,277
00791100,VIRGILS BEAUTY COLLEGE                  ,OK,74401-6802,Proprietary  ,4,10,14,4,10,14
00834300,AUTRY TECHNOLOGY CENTER                 ,OK,73703-2598,Public       ,16,45,61,16,45,61
00861900,TRI COUNTY TECHNOLOGY CENTER            ,OK,74006-6029,Public       ,29,50,79,29,50,79
00918500,ROSE STATE COLLEGE                      ,OK,73110-2799,Public       ,561,1256,1817,561,1256,1817
00920400,KIAMICHI AREA VOC TECH SCHOOL           ,OK,74578-0548,Public       ,54,255,309,54,255,309
00920408,KIAMICHI AREA VOC TECH SCHOOL           ,OK,74953-0000,Public       ,4,24,28,4,24,28
00961800,TULSA WELDING SCHOOL                    ,OK,74104-0000,Proprietary  ,66,76,142,66,76,142
00964700,"OKLAHOMA STATE UNIV, OKLA CITY          ",OK,73107-6159,Public       ,461,1100,1561,461,1100,1561
00970800,EVES COLLEGE OF HAIRSTYLING             ,OK,73501-4359,Proprietary  ,4,3,7,4,3,7
00976300,TULSA COMMUNITY COLLEGE                 ,OK,74135-6198,Public       ,1281,2434,3715,1281,2434,3715
00996300,CADDO KIOWA VOC TECH CENTER             ,OK,73038-0000,Public       ,18,113,131,18,113,131
00996400,CENTRAL OKLAHOMA AREA VOC TECH SCH      ,OK,74030-9613,Public       ,8,45,53,8,45,53
00996500,CANADIAN VALLEY TECHNOLOGY CENTER       ,OK,73036-9117,Public       ,12,71,83,12,71,83
00996800,GORDON COOPER TECHNOLOGY CENTER         ,OK,74804-9913,Public       ,17,98,115,17,98,115
01005300,INDIAN CAPITAL TECHNOLGY CENTER #4      ,OK,74403-9907,Public       ,24,154,178,24,154,178
01026600,HILLSDALE FREE WILL BAPTIST COLLEGE     ,OK,73153-0000,Private      ,51,20,71,51,20,71
01034200,SOUTHERN OKLAHOMA TECHNOLOGY CENTER     ,OK,73401-2100,Public       ,14,48,62,14,48,62
01039100,OKLAHOMA CITY COMMUNITY COLLEGE         ,OK,73159-4444,Public       ,872,1533,2405,872,1533,2405
01071700,GREAT PLAINS TECHNOLOGY CENTER SCHOOL DI,OK,73505-8399,Public       ,28,117,145,28,117,145
01076200,WESTERN OK AREA VOC TECH SCH DIST12     ,OK,73624-1469,Public       ,7,29,36,7,29,36
01120600,PIONEER TECHNOLOGY CENTER               ,OK,74601-1106,Public       ,6,37,43,6,37,43
01128200,OKLAHOMA STATE UNV CLG OSTEOPTHC MD     ,OK,74107-0000,Public       ,14,212,226,14,212,226
01153700,MID-AMERICA TECHNOLOGY CENTER           ,OK,73095-0210,Public       ,6,22,28,6,22,28
01227200,MOORE-NORMAN TECHNOLOGY CENTER          ,OK,73069-8399,Public       ,28,145,173,28,145,173
02052700,NORTHEAST TECHNOLOGY CENTER             ,OK,74361-0487,Public       ,13,85,98,13,85,98
02060800,MERIDIAN TECHNOLOGY CENTER              ,OK,74074-0000,Public       ,22,86,108,22,86,108
02126500,ENID BEAUTY COLLEGE                     ,OK,73701-0000,Proprietary  ,1,2,3,1,2,3
02177900,STATE BARBER AND HAIR DESIGN CLG        ,OK,73108-0000,Proprietary  ,2,8,10,2,8,10
02184400,SAND SPRINGS BEAUTY COLLEGE             ,OK,74063-0000,Proprietary  ,3,12,15,3,12,15
02197300,HOLLYWOOD COSMETOLOGY CENTER            ,OK,73189-0000,Proprietary  ,1,2,3,1,2,3
02222700,FRANCIS TUTTLE TECHNOLOGY CENTER        ,OK,73142-0000,Public       ,42,238,280,42,238,280
02238500,CENTRAL STATE BEAUTY ACADEMY            ,OK,73162-6007,Proprietary  ,3,21,24,3,21,24
02250900,E OK COUNTY AREA VO-TECH                ,OK,73020-0000,Public       ,3,9,12,3,9,12
02256200,"BROKEN ARROW BEAUTY COLLEGE, INC        ",OK,74012-0000,Proprietary  ,3,13,16,3,13,16
02282100,HIGH PLAINS AREA VOC-TECH               ,OK,73801-0000,Public       ,2,23,25,2,23,25
02306800,PLATT COLLEGE                           ,OK,74145-0000,Proprietary  ,22,198,220,22,198,220
02510300,BEAUTY TECHNICAL COLLEGE                ,OK,74465-0000,Proprietary  ,4,7,11,4,7,11
02531200,WOODWARD BEAUTY COLLEGE                 ,OK,73801-0000,Proprietary  ,2,4,6,2,4,6
02554300,AMERICAN BEAUTY INSTITUTE               ,OK,74501-0000,Proprietary  ,1,10,11,1,10,11
02560200,PHILLIPS THEOLOGICAL SEMINARY -         ,OK,74116-5612,Private      ,0,21,21,0,21,21
02571500,CITY COLLEGE                            ,OK,73160-0000,Proprietary  ,3,13,16,3,13,16
02581100,CLAREMORE BEAUTY COLLEGE                ,OK,74017-7034,Proprietary  ,1,2,3,1,2,3
02581200,CC'S COSMETOLOGY COLLEGE                ,OK,74129-0000,Proprietary  ,10,41,51,10,41,51
02591101,CAREER POINT INSTITUTE                  ,OK,74146-0000,Proprietary  ,4,16,20,4,16,20
02597400,PONTOTOC TECHNOLOGY CENTER SCHOOL       ,OK,74820-8621,Public       ,12,41,53,12,41,53
02599706,VATTEROTT COLLEGE - TULSA               ,OK,74146-2205,Proprietary  ,3,13,16,3,13,16
02599713,VATTEROTT COLLEGE - TULSA               ,OK,74146-4406,Proprietary  ,0,1,1,0,1,1
02600000,NORTHWEST TECHNOLOG CTR SCH DIST 10     ,OK,73717-9600,Public       ,3,8,11,3,8,11
02600500,WES WATKINS TECHNOLOGY CENTER           ,OK,74883-9660,Public       ,13,63,76,13,63,76
02609205,VATTEROTT COLLEGE - OKLAHOMA CITY       ,OK,73127-2103,Proprietary  ,4,48,52,4,48,52
03008700,SOUTHWEST TECHNOLOGY CENTER             ,OK,73521-1527,Public       ,4,9,13,4,9,13
03010300,POTEAU BEAUTY COLLEGE                   ,OK,74953-5400,Proprietary  ,3,16,19,3,16,19
03024700,STILLWATER BEAUTY ACADEMY               ,OK,74075-3467,Proprietary  ,3,2,5,3,2,5
03030700,OKLAHOMA SCHOOL OF PHOTOGRAPHY          ,OK,73160-3320,Proprietary  ,6,8,14,6,8,14
03030800,AMERICAN BROADCASTING SCHOOL            ,OK,73115-3334,Proprietary  ,3,13,16,3,13,16
03051100,CHISHOLM TRAIL TECHNOLOGY CENTER        ,OK,73764-9720,Public       ,5,10,15,5,10,15
03067300,METROPOLITAN CLG OF LEGAL STUDIES       ,OK,74145-0000,Private      ,0,11,11,0,11,11
03081300,METROPOLITAN COLLEGE                    ,OK,73118-5438,Private      ,0,10,10,0,10,10
03089400,SCHOOL OF HAIR DESIGN                   ,OK,74745-3447,Proprietary  ,1,12,13,1,12,13
03103800,SOUTHERN SCHOOL OF BEAUTY               ,OK,74701-5008,Proprietary  ,2,2,4,2,2,4
03109800,PONCA CITY BEAUTY COLLEGE               ,OK,74601-4201,Proprietary  ,0,1,1,0,1,1
03109801,BARTLESVILLE BEAUTY COLLEGE             ,OK,74003-2835,Proprietary  ,2,1,3,2,1,3
03115100,HERITAGE COLLEGE                        ,OK,73119-0000,Proprietary  ,17,53,70,17,53,70
03124800,PLATT COLLEGE                           ,OK,73501-3808,Proprietary  ,4,32,36,4,32,36
03126200,GREEN COUNTRY AREA VOC TECH SCHOOL      ,OK,74447-1217,Public       ,10,20,30,10,20,30
03198400,MID-DEL AREA VOCATIONAL & TECH SCH      ,OK,73110-4825,Public       ,4,12,16,4,12,16
03329400,PRYOR BEAUTY COLLEGE                    ,OK,74361-0000,Proprietary  ,1,1,2,1,1,2
03367400,COMMUNITY CARE COLLEGE                  ,OK,74145-6420,Proprietary  ,8,46,54,8,46,54
03396300,OKLAHOMA HEALTH ACADEMY                 ,OK,74105-6220,Proprietary  ,5,23,28,5,23,28
03396400,OKLAHOMA HEALTH ACADEMY                 ,OK,73160-3667,Proprietary  ,2,32,34,2,32,34
03453400,SHAWNEE BEAUTY COLLEGE                  ,OK,74801-7014,Proprietary  ,1,3,4,1,3,4
03676300,FAMILY OF FAITH COLLEGE                 ,OK,74802-1805,Private      ,3,7,10,3,7,10
03928300,CENTRAL STATE MASSAGE ACADEMY           ,OK,73162-6007,Proprietary  ,3,6,9,3,6,9
04027300,4-STATES ACADEMY OF COSMETOLOGY         ,OK,74354-0000,Proprietary  ,0,5,5,0,5,5
00163700,BETHANY THEOLOGICAL SEMINARY            ,IN,47374-0000,Private      ,0,6,6,0,6,6
00178400,ANCILLA COLLEGE-FINANCIAL AID OFFC      ,IN,46513-0001,Private      ,305,312,617,305,312,617
00178500,ANDERSON UNIVERSITY                     ,IN,46012-3495,Private      ,2141,477,2618,2141,477,2618
00178600,BALL STATE UNIVERSITY                   ,IN,47306-0880,Public       ,14858,5592,20450,14858,5592,20450
00178700,BETHEL COLLEGE INC                      ,IN,46545-5591,Private      ,1361,717,2078,1361,717,2078
00178800,BUTLER UNIVERSITY                       ,IN,46208-3487,Private      ,4501,815,5316,4501,815,5316
00178900,CHRISTIAN THEOLOGICAL SEMINARY          ,IN,46208-0000,Private      ,2,101,103,2,101,103
00179200,DEPAUW UNIVERSITY                       ,IN,46135-0037,Private      ,2392,33,2425,2392,33,2425
00179300,EARLHAM COLLEGE                         ,IN,47374-4095,Private      ,1146,60,1206,1146,60,1206
00179301,EARLHAM SCHOOL OF RELIGION              ,IN,47374-0000,Private      ,14,18,32,14,18,32
00179500,UNIVERSITY OF EVANSVILLE                ,IN,47722-0002,Private      ,3204,323,3527,3204,323,3527
00179800,FRANKLIN COLLEGE OF INDIANA             ,IN,46131-2623,Private      ,1414,90,1504,1414,90,1504
00179900,GOSHEN COLLEGE                          ,IN,46526-4794,Private      ,793,164,957,793,164,957
00180000,GRACE COLLEGE & THEO SEMINARY           ,IN,46590-1224,Private      ,920,537,1457,920,537,1457
00180100,HANOVER COLLEGE                         ,IN,47243-0108,Private      ,1322,39,1361,1322,39,1361
00180300,HUNTINGTON UNIVERSITY                   ,IN,46750-1299,Private      ,992,147,1139,992,147,1139
00180400,UNIVERSITY OF INDIANAPOLIS              ,IN,46227-3697,Private      ,3760,1734,5494,3760,1734,5494
00180500,INDIANA INSTITUTE OF TECHNOLOGY         ,IN,46803-1297,Private      ,1044,1146,2190,1044,1146,2190
00180700,INDIANA STATE UNIVERSITY                ,IN,47809-2501,Public       ,6468,3373,9841,6468,3373,9841
00180800,UNIVERSITY OF SOUTHERN INDIANA          ,IN,47712-3596,Public       ,6718,1804,8522,6718,1804,8522
00180900,INDIANA UNIVERSITY-BLOOMINGTON          ,IN,47405-1223,Public       ,20804,6731,27535,20804,6731,27535
00181100,INDIANA UNIV-EAST                       ,IN,47374-1289,Public       ,780,1016,1796,780,1016,1796
00181300,INDIANA UNIV-PURDUE UNIV INDPLS         ,IN,46202-5145,Public       ,9949,11416,21365,9949,11416,21365
00181301,INDIANA UNIVERSITY - PURDUE UNIVERSITY I,IN,47203-1769,Public       ,724,636,1360,724,636,1360
00181400,INDIANA UNIV KOKOMO                     ,IN,46902-3557,Public       ,1088,1102,2190,1088,1102,2190
00181500,INDIANA UNIV-NORTHWEST                  ,IN,46408-1197,Public       ,1651,2158,3809,1651,2158,3809
00181600,INDIANA UNIVERSITY - SOUTH BEND         ,IN,46615-0000,Public       ,2641,2327,4968,2641,2327,4968
00181700,INDIANA UNIVERSITY-SOUTHEAST            ,IN,47150-6405,Public       ,1832,1504,3336,1832,1504,3336
00182000,MANCHESTER COLLEGE                      ,IN,46962-1276,Private      ,1523,92,1615,1523,92,1615
00182100,MARIAN UNIVERSITY                       ,IN,46222-1997,Private      ,1176,994,2170,1176,994,2170
00182200,INDIANA WESLEYAN UNIVERSITY             ,IN,46953-4974,Private      ,3206,4483,7689,3206,4483,7689
00182300,ASSOCIATED MENNONITE BIBLICAL SEM       ,IN,46517-1999,Private      ,3,31,34,3,31,34
00182400,OAKLAND CITY UNIVERSITY                 ,IN,47660-1099,Private      ,621,1215,1836,621,1215,1836
00182500,PURDUE UNIVERSITY                       ,IN,47907-2050,Public       ,24545,4445,28990,24545,4445,28990
00182600,PURDUE UNIV NORTH CENTRAL CAMPUS        ,IN,46391-9528,Public       ,1582,1451,3033,1582,1451,3033
00182700,PURDUE UNIV CALUMET                     ,IN,46323-2094,Public       ,3091,2763,5854,3091,2763,5854
00182800,INDIANA UNIV-PURDUE UNIV FORT WAYNE     ,IN,46805-1499,Public       ,5394,3787,9181,5394,3787,9181
00183000,ROSE HULMAN INSTITUTE OF TECHNOLOGY     ,IN,47803-3999,Private      ,2554,70,2624,2554,70,2624
00183200,UNIVERSITY OF SAINT FRANCIS             ,IN,46808-3994,Private      ,1760,1031,2791,1760,1031,2791
00183300,ST JOSEPH'S COLLEGE                     ,IN,47978-0000,Private      ,1042,88,1130,1042,88,1130
00183400,CALUMET COLLEGE OF SAINT JOSEPH         ,IN,46394-2195,Private      ,267,434,701,267,434,701
00183500,SAINT MARY-OF-THE-WOODS COLLEGE         ,IN,47876-0067,Private      ,320,664,984,320,664,984
00183600,ST MARY'S COLLEGE                       ,IN,46556-5007,Private      ,1447,39,1486,1447,39,1486
00183800,TAYLOR UNIVERSITY                       ,IN,46989-1001,Private      ,1898,48,1946,1898,48,1946
00183801,TAYLOR UNIVERSITY - FORT WAYNE          ,IN,46807-0000,Private      ,457,237,694,457,237,694
00183900,TRINE UNIVERSITY                        ,IN,46703-1764,Private      ,1547,352,1899,1547,352,1899
00184000,UNIVERSITY OF NOTRE DAME                ,IN,46556-5602,Private      ,10402,2314,12716,10402,2314,12716
00184200,VALPARAISO UNIVERSITY                   ,IN,46383-6493,Private      ,4026,1326,5352,4026,1326,5352
00184300,VINCENNES UNIVERSITY                    ,IN,47591-1523,Public       ,3851,1519,5370,3851,1519,5370
00184302,VINCENNES UNIV - FORT HARRISON CNTR     ,IN,46256-0000,Public       ,63,55,118,63,55,118
00184400,WABASH COLLEGE                          ,IN,47933-0352,Private      ,1055,22,1077,1055,22,1077
00224905,DAVENPORT UNIVERSITY-MERRILLVILLE       ,IN,46410-0000,Private      ,113,566,679,113,566,679
00420300,GOOD SAMARITAN HOSP RADIOGRAPHY PRG     ,IN,47591-0000,Public       ,2,12,14,2,12,14
00457900,INTERNATIONAL BUSINESS COLLEGE          ,IN,46804-0000,Proprietary  ,490,188,678,490,188,678
00457901,INTERNATIONAL BUSINESS COLLEGE          ,IN,46256-0000,Proprietary  ,299,69,368,299,69,368
00458300,BROWN MACKIE COLLEGE-SOUTH BEND         ,IN,46635-1776,Proprietary  ,207,1220,1427,207,1220,1427
00512730,BROWN MACKIE COLLEGE-MERRILLVILLE       ,IN,46410-0000,Proprietary  ,69,682,751,69,682,751
00625700,SAINT ELIZABETH SCHOOL OF NURSING       ,IN,47904-2198,Private      ,93,151,244,93,151,244
00726300,HOLY CROSS COLLEGE                      ,IN,46556-0308,Private      ,409,41,450,409,41,450
00727600,SAINT MEINRAD SCHOOL OF THEOLOGY        ,IN,47577-1002,Private      ,5,24,29,5,24,29
00732700,ITT TECHNICAL INSTITUTE                 ,IN,47630-7430,Proprietary  ,287,336,623,287,336,623
00732900,ITT TECHNICAL INSTITUTE                 ,IN,46268-1119,Proprietary  ,455,1376,1831,455,1376,1831
00736200,MEDTECH COLLEGE                         ,IN,46250-3970,Proprietary  ,11,91,102,11,91,102
00793800,LINCOLN COLLEGE OF TECHNOLOGY           ,IN,46202-0000,Proprietary  ,1077,401,1478,1077,401,1478
00832900,ITT TECHNICAL INSTITUTE                 ,IN,46825-2393,Proprietary  ,400,354,754,400,354,754
00842300,IVY TECH COMMUNITY COLLEGE OF INDIANA - ,IN,46601-3892,Public       ,936,2030,2966,936,2030,2966
00854600,NOT FOR STUDENT USE                     ,IN,46208-4700,Public       ,898,1555,2453,898,1555,2453
00854700,IVY TECH COMMUNITY COLLEGE OF INDIANA - ,IN,47802-4898,Public       ,990,1754,2744,990,1754,2744
00951500,J MICHAEL HARROLD BEAUTY ACADEMY        ,IN,47807-3390,Proprietary  ,11,3,14,11,3,14
00961200,"APEX SCHOOL OF BEAUTY CULTURE, INC      ",IN,46016-0000,Proprietary  ,2,7,9,2,7,9
00961300,MERRILLVILLE BEAUTY COLLEGE             ,IN,46410-3401,Proprietary  ,12,23,35,12,23,35
00967300,RUDAE'S SCHOOL OF BEAUTY CULTURE        ,IN,46825-5444,Proprietary  ,22,10,32,22,10,32
00977700,KAPLAN COLLEGE                          ,IN,46278-1736,Proprietary  ,132,239,371,132,239,371
00991700,IVY TECH COMMUNITY COLLEGE OF INDIANA - ,IN,46208-1763,Public       ,2223,3665,5888,2223,3665,5888
00992300,IVY TECH COMMUNITY COLLEGE OF INDIANA - ,IN,47250-1881,Public       ,367,624,991,367,624,991
00992400,IVY TECH COMMUNITY COLLEGE OF INDIANA - ,IN,47302-9448,Public       ,1436,2532,3968,1436,2532,3968
00992500,IVY TECH COMMUNITY COLLEGE OF INDIANA - ,IN,47710-3398,Public       ,917,1521,2438,917,1521,2438
00992600,IVY TECH COMMUNITY COLLEGE OF INDIANA- R,IN,46805-1489,Public       ,1683,3040,4723,1683,3040,4723
01003700,IVY TECH STATE COLLEGE - REGION 9       ,IN,47374-1220,Public       ,365,950,1315,365,950,1315
01003800,IVY TECH COMMUNITY COLLEGE OF INDIANA - ,IN,47203-1868,Public       ,528,1028,1556,528,1028,1556
01003900,IVY TECH COMMUNITY COLLEGE OF INDIANA - ,IN,47903-6299,Public       ,1265,1623,2888,1265,1623,2888
01004000,IVY TECH COMMUNITY COLLEGE OF INDIANA - ,IN,46409-1303,Public       ,763,2108,2871,763,2108,2871
01004100,IVY TECH STATE COLLEGE - REGION 5       ,IN,46903-1373,Public       ,525,1173,1698,525,1173,1698
01010900,IVY TECH COMMUNITY COLLEGE OF INDIANA - ,IN,47172-1897,Public       ,498,936,1434,498,936,1434
01015100,VINCENNES BEAUTY COLLEGE                ,IN,47591-1297,Proprietary  ,13,9,22,13,9,22
01040900,LAFAYETTE BEAUTY ACADEMY                ,IN,47901-1149,Proprietary  ,11,23,34,11,23,34
01061800,MID-AMERICA CLG FUNERAL SERVICE         ,IN,47130-9990,Private      ,14,29,43,14,29,43
01150500,CREATIVE HAIR STYLING ACADEMY           ,IN,46322-1554,Proprietary  ,13,21,34,13,21,34
02084800,RAVENSCROFT BEAUTY COLLEGE              ,IN,46815-0000,Proprietary  ,19,22,41,19,22,41
02087600,CONCORDIA THEOLOGICAL SEMINARY          ,IN,46825-0000,Private      ,3,133,136,3,133,136
02118900,EVANSVILLE TRI STATE BEAUTY COLLEGE     ,IN,47715-0000,Proprietary  ,28,15,43,28,15,43
02140800,MARTIN UNIVERSITY                       ,IN,46218-0000,Private      ,74,540,614,74,540,614
02158400,HARRISON COLLEGE                        ,IN,46204-2611,Proprietary  ,220,734,954,220,734,954
02158401,HARRISON COLLEGE - COLUMBUS             ,IN,47203-1843,Proprietary  ,61,230,291,61,230,291
02158402,HARRISON COLLEGE - LAFAYETTE            ,IN,47905-4859,Proprietary  ,65,141,206,65,141,206
02158404,HARRISON COLLEGE - MARION               ,IN,46952-0000,Proprietary  ,29,109,138,29,109,138
02158405,HARRISON COLLEGE - TERRE HAUTE          ,IN,47802-0000,Proprietary  ,40,209,249,40,209,249
02158407,HARRISON COLLEGE - ANDERSON             ,IN,46013-0000,Proprietary  ,65,172,237,65,172,237
02158409,HARRISON COLLEGE - EVANSVILLE           ,IN,47715-3901,Proprietary  ,52,170,222,52,170,222
02158410,HARRISON COLLEGE - EAST                 ,IN,46239-8903,Proprietary  ,76,330,406,76,330,406
02158412,HARRISON COLLEGE - FORT WAYNE           ,IN,46825-0000,Proprietary  ,113,236,349,113,236,349
02158413,HARRISON COLLEGE - NORTHWEST            ,IN,46278-0000,Proprietary  ,32,138,170,32,138,170
02158800,DON ROBERTS BEAUTY SCHOOLS              ,IN,46383-0000,Proprietary  ,7,3,10,7,3,10
02164300,DON ROBERTS SCHOOL OF HAIR DESIGN       ,IN,46375-9999,Proprietary  ,6,10,16,6,10,16
02201800,KAPLAN COLLEGE                          ,IN,46410-0000,Proprietary  ,85,233,318,85,233,318
02201802,KAPLAN COLLEGE - HAMMOND                ,IN,46324-3347,Proprietary  ,120,526,646,120,526,646
02241700,PJ'S COLLEGE OF COSMETOLOGY             ,IN,47129-0000,Proprietary  ,2,20,22,2,20,22
02302700,J EVERETT LIGHT CAREER CENTER           ,IN,46240-0000,Public       ,16,101,117,16,101,117
02304800,PJ'S COLLEGE OF COSMETOLOGY             ,IN,47374-0000,Proprietary  ,7,9,16,7,9,16
02308900,MASTER'S OF COSMETOLOGY COLLEGE         ,IN,46809-0000,Proprietary  ,35,26,61,35,26,61
02339600,ROGER'S ACADEMY OF HAIR DESIGN          ,IN,47712-0000,Proprietary  ,13,9,22,13,9,22
02345200,EMPIRE BEAUTY SCHOOL                    ,IN,46237-0000,Proprietary  ,34,43,77,34,43,77
02347600,BALL MEMORIAL HOSPITAL SCH RAD TECH     ,IN,47303-0000,Private      ,25,26,51,25,26,51
02351300,KNOX BEAUTY COLLEGE                     ,IN,46534-0000,Proprietary  ,4,8,12,4,8,12
02490500,HAIR FASHIONS BY KAYE BEAUTY CLG        ,IN,46250-0000,Proprietary  ,17,29,46,17,29,46
02490800,HAIR FASHIONS BY KAYE BEAUTY CLG        ,IN,46060-0000,Proprietary  ,8,19,27,8,19,27
02607000,HAIR ARTS ACADEMY                       ,IN,47404-3581,Proprietary  ,11,15,26,11,15,26
02615800,COLLEGE OF COURT REPORTING              ,IN,46342-5969,Proprietary  ,6,51,57,6,51,57
03009700,HARRISON COLLEGE                        ,IN,47303-6413,Proprietary  ,67,210,277,67,210,277
03084601,THE ART INSTITUTE OF INDIANAPOLIS       ,IN,46268-1170,Proprietary  ,132,104,236,132,104,236
03100600,MARION COMM TUCKER AREA VOC SCHOOL      ,IN,46952-3831,Public       ,43,94,137,43,94,137
03176300,AMERICAN TRANS AIR AVIATION ACADEMY     ,IN,46241-1445,Proprietary  ,12,85,97,12,85,97
03262300,DAVID DEMUTH INSTITUTE OF COSM          ,IN,47374-4101,Proprietary  ,4,9,13,4,9,13
03456700,CROSSROADS BIBLE COLLEGE                ,IN,46219-4912,Private      ,46,143,189,46,143,189
03521300,IVY TECH COMMUNITY COLLEGE OF INDIANA - ,IN,47404-9772,Public       ,1152,1493,2645,1152,1493,2645
03538300,ALEXANDRIA SCH OF SCIENTIFIC THERAP     ,IN,46001-0287,Proprietary  ,21,22,43,21,22,43
00190100,ALLEN COUNTY COMMUNITY COLLEGE          ,KS,66749-1607,Public       ,299,157,456,299,157,456
00190200,COWLEY COUNTY COMMUNITY COLLEGE & AREA V,KS,67005-2662,Public       ,507,521,1028,507,521,1028
00190300,BAKER UNIVERSITY                        ,KS,66006-0065,Private      ,1044,509,1553,1044,509,1553
00190400,BETHANY COLLEGE                         ,KS,67456-1897,Private      ,662,43,705,662,43,705
00190500,BETHEL COLLEGE                          ,KS,67117-0531,Private      ,367,77,444,367,77,444
00190600,BUTLER COUNTY COMMUNITY COLLEGE         ,KS,67042-3280,Public       ,1065,988,2053,1065,988,2053
00190700,CENTRAL BAPTIST THEOLOGY SEMINARY       ,KS,66226-3513,Private      ,0,14,14,0,14,14
00190800,CENTRAL CHRISTIAN COLLEGE OF KANSAS     ,KS,67460-5799,Private      ,267,36,303,267,36,303
00190900,CLOUD COUNTY COMMUNITY COLLEGE          ,KS,66901-1002,Public       ,361,214,575,361,214,575
00191000,COFFEYVILLE COMMUNITY COLLEGE           ,KS,67337-5064,Public       ,289,53,342,289,53,342
00191008,COFFEYVILLE COMM COL/AREA VOC TECH CAMP ,KS,67337-5064,Public       ,14,0,14,14,0,14
00191100,COLBY COMMUNITY COLLEGE                 ,KS,67701-4099,Public       ,275,93,368,275,93,368
00191300,DODGE CITY COMMUNITY COLLEGE            ,KS,67801-2399,Public       ,218,71,289,218,71,289
00191400,DONNELLY COLLEGE                        ,KS,66102-4298,Private      ,63,63,126,63,63,126
00191500,FORT HAYS STATE UNIVERSITY              ,KS,67601-4099,Public       ,2175,1033,3208,2175,1033,3208
00191600,FORT SCOTT COMMUNITY COLLEGE            ,KS,66701-3199,Public       ,400,164,564,400,164,564
00191700,BARCLAY COLLEGE                         ,KS,67059-0288,Private      ,39,8,47,39,8,47
00191800,FRIENDS UNIVERSITY                      ,KS,67213-3397,Private      ,810,773,1583,810,773,1583
00191900,GARDEN CITY COMMUNITY COLLEGE           ,KS,67846-6398,Public       ,277,125,402,277,125,402
00192000,HESSTON COLLEGE                         ,KS,67062-2093,Private      ,242,98,340,242,98,340
00192100,HIGHLAND COMMUNITY COLLEGE              ,KS,66035-4062,Public       ,404,198,602,404,198,602
00192114,HIGHLAND COMMUNITY COLLEGE - NOTHEAST KA,KS,66002-1513,Public       ,32,34,66,32,34,66
00192300,HUTCHINSON COMMUNITY COLLEGE            ,KS,67501-5894,Public       ,819,456,1275,819,456,1275
00192400,INDEPENDENCE COMMUNITY COLLEGE          ,KS,67301-0000,Public       ,125,49,174,125,49,174
00192500,KANSAS CITY KANSAS COMMUNITY CLG        ,KS,66112-9978,Public       ,343,693,1036,343,693,1036
00192502,"KANSAS CITY KS AREA TECH SCHOOL, KS     ",KS,66104-0000,Public       ,28,75,103,28,75,103
00192600,PITTSBURG STATE UNIVERSITY              ,KS,66762-7500,Public       ,2176,893,3069,2176,893,3069
00192700,EMPORIA STATE UNIVERSITY                ,KS,66801-5087,Public       ,1887,886,2773,1887,886,2773
00192800,KANSAS STATE UNIVERSITY                 ,KS,66506-1104,Public       ,9433,2641,12074,9433,2641,12074
00192900,KANSAS WESLEYAN UNIVERSITY              ,KS,67401-6196,Private      ,765,232,997,765,232,997
00193000,LABETTE COMMUNITY COLLEGE               ,KS,67357-4299,Public       ,173,129,302,173,129,302
00193100,MANHATTAN CHRISTIAN COLLEGE             ,KS,66502-4081,Private      ,199,30,229,199,30,229
00193300,MCPHERSON COLLEGE                       ,KS,67460-3899,Private      ,534,94,628,534,94,628
00193600,NEOSHO COUNTY COMMUNITY COLLEGE         ,KS,66720-2699,Public       ,168,127,295,168,127,295
00193700,OTTAWA UNIVERSITY                       ,KS,66067-3399,Private      ,386,419,805,386,419,805
00193800,PRATT COMMUNITY COLLEGE                 ,KS,67124-8432,Public       ,232,83,315,232,83,315
00193900,NEWMAN UNIVERSITY                       ,KS,67213-2084,Private      ,571,488,1059,571,488,1059
00194000,SOUTHWESTERN COLLEGE                    ,KS,67156-2499,Private      ,415,290,705,415,290,705
00194300,UNIVERSITY OF ST MARY                   ,KS,66048-5023,Private      ,277,173,450,277,173,450
00194500,STERLING COLLEGE                        ,KS,67579-1533,Private      ,517,19,536,517,19,536
00194600,TABOR COLLEGE                           ,KS,67063-1799,Private      ,385,49,434,385,49,434
00194800,UNIVERSITY OF KANSAS                    ,KS,66045-7535,Public       ,9252,3686,12938,9252,3686,12938
00194802,UNIVERSITY OF KANSAS MED CENTER         ,KS,66160-0000,Public       ,154,1116,1270,154,1116,1270
00194900,WASHBURN UNIVERSITY                     ,KS,66621-1110,Public       ,2192,2066,4258,2192,2066,4258
00195000,WICHITA STATE UNIVERSITY                ,KS,67208-0001,Public       ,2959,2513,5472,2959,2513,5472
00460800,BARTON COUNTY COMMUNITY COLLEGE         ,KS,67530-9283,Public       ,308,310,618,308,310,618
00526400,FLINT HILLS TECHNICAL COLLEGE           ,KS,66801-5999,Public       ,45,60,105,45,60,105
00526500,NORTH CENTRAL KANSAS TECH COLG          ,KS,67420-0000,Public       ,135,49,184,135,49,184
00526700,NORTHWEST KANSAS TECHNICAL SCHOOL       ,KS,67735-3441,Public       ,99,21,120,99,21,120
00549800,WICHITA AREA TECHNICAL COLLEGE          ,KS,67211-2099,Public       ,59,184,243,59,184,243
00549900,SALINA AREA TECHNICAL COLLEGE           ,KS,67401-8195,Public       ,66,30,96,66,30,96
00550000,MANHATTAN AREA TECHNICAL COLLEGE        ,KS,66503-2499,Public       ,122,81,203,122,81,203
00675500,BROWN MACKIE COLLEGE (THE)              ,KS,67401-7307,Proprietary  ,37,169,206,37,169,206
00703200,MID AMERICA NAZARENE UNIVERSITY         ,KS,66062-1899,Private      ,818,354,1172,818,354,1172
00817200,SOUTHWEST KANSAS TECHNICAL SCHOOL       ,KS,67905-2013,Public       ,19,9,28,19,9,28
00822800,SEWARD CO COMM CO/AREA TECHNICAL SCHOOL ,KS,67905-0000,Public       ,133,106,239,133,106,239
00824400,JOHNSON COUNTY COMMUNITY COLLEGE        ,KS,66210-1299,Public       ,1774,1625,3399,1774,1625,3399
00833200,B-STREET DESIGN SCHOOL OF INTERNATIONAL ,KS,66502-6082,Proprietary  ,7,12,19,7,12,19
00868200,ACADEMY OF HAIR DESIGN                  ,KS,67401-2803,Proprietary  ,13,12,25,13,12,25
01025600,BENEDICTINE COLLEGE                     ,KS,66002-1499,Private      ,970,74,1044,970,74,1044
01043800,HASKELL INDIAN NATIONS UNIVERSITY       ,KS,66046-4800,Public       ,262,156,418,262,156,418
01050300,WICHITA TECHNICAL INSTITUTE             ,KS,67213-1927,Proprietary  ,36,250,286,36,250,286
01068900,KAW AREA TECHNICAL SCHOOL               ,KS,66604-2199,Public       ,51,82,133,51,82,133
02090700,CLEVELAND CHIROPRACTIC COLLEGE          ,KS,66210-1613,Private      ,25,248,273,25,248,273
02134800,OLD TOWN BARBER AND BEAUTY COLLEGE      ,KS,67211-0000,Proprietary  ,1,11,12,1,11,12
02196400,CAPITOL CITY HAIR DESIGN COLLEGE        ,KS,66102-0000,Proprietary  ,5,2,7,5,2,7
02204900,AMERICAN ACADEMY OF HAIR DESIGN         ,KS,66611-0000,Proprietary  ,12,13,25,12,13,25
02257700,HAYS ACADEMY OF HAIR DESIGN             ,KS,67601-0000,Proprietary  ,11,6,17,11,6,17
02303500,AMERICAN INSTITUTE OF BAKING            ,KS,66502-0000,Private      ,3,3,6,3,3,6
02340700,LABARON HAIRDRESSING ACADEMY            ,KS,66204-0000,Proprietary  ,5,6,11,5,6,11
02590900,WRIGHT CAREER COLLEGE                   ,KS,66212-0000,Private      ,8,99,107,8,99,107
02599709,VATTEROTT COLLEGE - WICHITA             ,KS,67226-1304,Proprietary  ,13,44,57,13,44,57
02603100,XENON INTERNATIONAL ACADEMY             ,KS,67203-5428,Proprietary  ,23,11,34,23,11,34
02606300,PAUL MITCHELL THE SCHOOL WICHITA        ,KS,67226-2803,Proprietary  ,4,19,23,4,19,23
02613000,PINNACLE CAREER INSTITUTE               ,KS,66046-2703,Proprietary  ,13,59,72,13,59,72
03031300,XENON INTERNATIONAL ACADEMY IV          ,KS,66061-3765,Proprietary  ,5,9,14,5,9,14
03066200,BRYAN COLLEGE                           ,KS,66604-2496,Proprietary  ,9,80,89,9,80,89
03450300,B-STREET DESIGN SCHOOL OF INTERNATIONAL ,KS,66611-2373,Proprietary  ,3,2,5,3,2,5
03450301,B-STREET DESIGN SCHOOL OF INTERNATIONAL ,KS,67207-5148,Proprietary  ,0,5,5,0,5,5
03450302,B-STREET DESIGN SCHOOL OF INTERNATIONAL ,KS,66212-5451,Proprietary  ,6,4,10,6,4,10
03529300,SIDNEY'S HAIRDRESSING COLLEGE           ,KS,67501-7094,Proprietary  ,9,9,18,9,9,18
03862300,BMSI INSTITUTE                          ,KS,66212-3388,Proprietary  ,1,3,4,1,3,4
00203300,UNIVERSITY OF MAINE-PRESQUE ISLE        ,ME,04769-2888,Public       ,454,218,672,454,218,672
00203500,BANGOR THEOLOGICAL SEMINARY             ,ME,04402-0411,Private      ,1,32,33,1,32,33
00203600,BATES COLLEGE                           ,ME,04240-6028,Private      ,1847,18,1865,1847,18,1865
00203800,BOWDOIN COLLEGE                         ,ME,04011-8451,Private      ,2294,21,2315,2294,21,2315
00203900,COLBY COLLEGE                           ,ME,04901-8841,Private      ,2000,19,2019,2000,19,2019
00204000,UNIVERSITY OF MAINE-FARMINGTON          ,ME,04938-1990,Public       ,2245,278,2523,2245,278,2523
00204100,UNIVERSITY OF MAINE-FORT KENT           ,ME,04743-1292,Public       ,295,131,426,295,131,426
00204300,HUSSON UNIVERSITY                       ,ME,04401-2999,Private      ,1150,336,1486,1150,336,1486
00204400,MAINE MARITIME ACADEMY                  ,ME,04420-0001,Public       ,609,73,682,609,73,682
00205000,UNIVERSITY OF NEW ENGLAND               ,ME,04005-9599,Private      ,2113,1012,3125,2113,1012,3125
00205100,SAINT JOSEPH'S COLLEGE                  ,ME,04084-5263,Private      ,1153,191,1344,1153,191,1344
00205200,THOMAS COLLEGE                          ,ME,04901-5097,Private      ,549,72,621,549,72,621
00205300,UNIVERSITY OF MAINE                     ,ME,04469-0001,Public       ,7774,1839,9613,7774,1839,9613
00205400,UNIVERSITY OF SOUTHERN MAINE            ,ME,04104-0000,Public       ,4115,2708,6823,4115,2708,6823
00205500,UNIVERSITY OF MAINE-MACHIAS             ,ME,04654-1397,Public       ,341,108,449,341,108,449
00520400,BEAL COLLEGE                            ,ME,04401-6896,Proprietary  ,83,157,240,83,157,240
00527600,CENTRAL MAINE COMMUNITY COLLEGE         ,ME,04210-6498,Public       ,436,343,779,436,343,779
00527700,EASTERN MAINE COMMUNITY COLLEGE         ,ME,04401-4280,Public       ,602,347,949,602,347,949
00552500,SOUTHERN MAINE COMMUNITY  COLLEGE       ,ME,04106-1698,Public       ,1067,790,1857,1067,790,1857
00576000,NORTHERN MAINE COMMUNITY COLLEGE        ,ME,04769-2016,Public       ,190,139,329,190,139,329
00577600,MERCY HOSP SCH OF RADIOLOGIC TECH       ,ME,04101-3795,Private      ,7,5,12,7,5,12
00630501,CENTRAL MAINE MEDICAL CENTER - COLLEGE O,ME,04240-4500,Private      ,20,70,90,20,70,90
00676000,UNIVERSITY OF MAINE-AUGUSTA             ,ME,04330-9410,Public       ,830,2334,3164,830,2334,3164
00685800,UNITY COLLEGE                           ,ME,04988-9502,Private      ,421,53,474,421,53,474
00903800,MR BERNARD'S SCH HAIR FASHION INC       ,ME,04243-1163,Proprietary  ,6,3,9,6,3,9
00923100,WASHINGTON COUNTY COMMUNITY COLLEGE     ,ME,04619-9704,Public       ,112,74,186,112,74,186
00929200,ANDOVER COLLEGE                         ,ME,04106-2415,Proprietary  ,34,132,166,34,132,166
00929201,ANDOVER COLLEGE -                       ,ME,04240-0000,Proprietary  ,25,148,173,25,148,173
00945900,EMPIRE BEAUTY SCHOOL                    ,ME,04101-3348,Proprietary  ,62,108,170,62,108,170
00982600,KENNEBEC VALLEY  COMMUNITY  COLLEGE     ,ME,04937-1367,Public       ,208,436,644,208,436,644
01138500,COLLEGE OF THE ATLANTIC                 ,ME,04609-1105,Private      ,334,44,378,334,44,378
01167300,MAINE COLLEGE OF ART                    ,ME,04101-3987,Private      ,445,115,560,445,115,560
02104400,SPA TECH INSTITUTE                      ,ME,04102-0000,Proprietary  ,17,45,62,17,45,62
02347100,NEW ENGLAND SCHOOL OF COMMUNICATIONS    ,ME,04401-0000,Private      ,222,36,258,222,36,258
02361300,LANDING SCHOOL OF BOATBUILDING & DESIGN ,ME,04046-1490,Private      ,8,16,24,8,16,24
03122900,YORK COUNTY COMMUNITY COLLEGE           ,ME,04090-0529,Public       ,122,121,243,122,121,243
03429300,SEACOAST CAREER SCHOOLS                 ,ME,04073-0000,Proprietary  ,10,34,44,10,34,44
03612300,BIRTHWISE MIDWIFERY SCHOOL              ,ME,04009-1110,Proprietary  ,5,15,20,5,15,20
00209300,ST JOHN'S COLLEGE                       ,NM,87505-4599,Private      ,457,120,577,457,120,577
00264900,COLLEGE OF SANTA FE                     ,NM,87505-7634,Private      ,455,244,699,455,244,699
00265000,UNIVERSITY OF THE SOUTHWEST             ,NM,88240-9129,Private      ,119,77,196,119,77,196
00265100,EASTERN NEW MEXICO UNIV PORTALES        ,NM,88130-6000,Public       ,1083,594,1677,1083,594,1677
00265101,EASTERN NEW MEXICO UNIV-ROSWELL CAM     ,NM,88202-0000,Public       ,248,304,552,248,304,552
00265300,NEW MEXICO HIGHLANDS UNIVERSITY         ,NM,87701-4436,Public       ,533,582,1115,533,582,1115
00265400,NEW MEXICO INST OF MINING & TECH        ,NM,87801-4796,Public       ,437,83,520,437,83,520
00265500,NEW MEXICO JUNIOR COLLEGE               ,NM,88240-9123,Public       ,171,99,270,171,99,270
00265600,NEW MEXICO MILITARY INSTITUTE           ,NM,88201-5173,Public       ,95,3,98,95,3,98
00265700,NEW MEXICO STATE UNIVERSITY             ,NM,88003-8001,Public       ,4667,2638,7305,4667,2638,7305
00265701,NEW MEXICO STATE UNIV-ALAMOGORDO        ,NM,88311-0000,Public       ,96,204,300,96,204,300
00265702,NEW MEXICO STATE UNIV.-DONA ANA CLG     ,NM,88003-0000,Public       ,533,834,1367,533,834,1367
00265703,NEW MEXICO STATE UNIV-CARLSBAD          ,NM,88220-0000,Public       ,78,135,213,78,135,213
00265704,NEW MEXICO STATE UNIV-GRANTS            ,NM,87020-0000,Public       ,33,57,90,33,57,90
00266000,SAN JUAN COLLEGE                        ,NM,87402-4699,Public       ,300,441,741,300,441,741
00266300,THE UNIVERSITY OF NEW MEXICO            ,NM,87131-0001,Public       ,5061,5149,10210,5061,5149,10210
00266301,UNIV OF NEW MEXICO - GALLUP BRANCH      ,NM,87301-5697,Public       ,172,347,519,172,347,519
00266302,UNIV OF NEW MEXICO - VALENCIA BRANCH    ,NM,87031-0000,Public       ,150,261,411,150,261,411
00266303,UNIV OF NEW MEXICO - LOS ALAMOS         ,NM,87544-0000,Public       ,57,37,94,57,37,94
00266400,WESTERN NEW MEXICO UNIVERSITY           ,NM,88061-5417,Public       ,299,364,663,299,364,663
00405701,NATIONAL AMERICAN UNIVERSITY            ,NM,87110-0000,Proprietary  ,9,64,73,9,64,73
00474200,CENTRAL NEW MEXICO COMMUNITY COLLEGE    ,NM,87106-4096,Public       ,898,2346,3244,898,2346,3244
00474300,CLOVIS COMMUNITY COLLEGE                ,NM,88101-8381,Public       ,96,186,282,96,186,282
00996200,LUNA COMMUNITY COLLEGE                  ,NM,87701-0000,Public       ,75,97,172,75,97,172
01063200,DEWOLFF CLG HAIRSTYLING/COSMETOLOGY     ,NM,87112-4113,Proprietary  ,6,7,13,6,7,13
01300500,OLYMPIAN UNIVERSITY OF COSMETOLOGY      ,NM,88310-5051,Proprietary  ,15,51,66,15,51,66
02083900,NORTHERN NEW MEXICO COLLEGE             ,NM,87530-0000,Public       ,124,189,313,124,189,313
02146400,INSTITUTE OF AMERICAN INDIAN ARTS       ,NM,87508-0000,Public       ,38,42,80,38,42,80
02278100,SANTA FE COMMUNITY COLLEGE              ,NM,87507-0000,Public       ,91,212,303,91,212,303
02357600,CROWNPOINT INSTITUTE OF TECHNOLOGY      ,NM,87313-0000,Public       ,16,30,46,16,30,46
02491501,THE ART CENTER DESIGN COLLEGE- ALBQ     ,NM,87110-0000,Proprietary  ,26,24,50,26,24,50
02496900,ALBUQUERQUE BARBER COLLEGE              ,NM,87108-1859,Proprietary  ,5,5,10,5,5,10
02511000,SOUTHWESTERN INDIAN POLYTECH INST       ,NM,87184-0000,Public       ,50,45,95,50,45,95
02532900,BUSINESS SKILLS INSTITUTE               ,NM,88001-0000,Proprietary  ,4,1,5,4,1,5
02622000,SOUTHWEST ACUPUNCTURE COLLEGE           ,NM,87505-0000,Proprietary  ,0,70,70,0,70,70
03076100,SOUTHWESTERN COLLEGE                    ,NM,87507-0000,Private      ,2,38,40,2,38,40
03099300,METROPOLITAIN CLG COURT REPORTING       ,NM,87110-4129,Private      ,5,9,14,5,9,14
03128200,KAPLAN CAREER INSTITUTE                 ,NM,87109-2072,Proprietary  ,14,50,64,14,50,64
03206300,MESALANDS COMMUNITY COLLEGE             ,NM,88401-3352,Public       ,41,44,85,41,44,85
03430300,UNIVERSAL THERAPEUTIC MASSAGE INSTITUTE ,NM,87107-4403,Proprietary  ,4,8,12,4,8,12
03678300,PIMA MEDICAL INSTITUTE                  ,NM,87110-4127,Proprietary  ,1,3,4,1,3,4
03944300,MASSAGE THERAPY TRAINING INSTITUTE      ,NM,88007-0000,Proprietary  ,4,12,16,4,12,16
00223400,ADRIAN COLLEGE                          ,MI,49221-2575,Private      ,1317,75,1392,1317,75,1392
00223500,ALBION COLLEGE                          ,MI,49224-1831,Private      ,1913,42,1955,1913,42,1955
00223600,ALMA COLLEGE                            ,MI,48801-1599,Private      ,1505,39,1544,1505,39,1544
00223700,ALPENA COMMUNITY COLLEGE                ,MI,49707-1495,Public       ,377,207,584,377,207,584
00223800,ANDREWS UNIVERSITY                      ,MI,49104-0750,Private      ,713,485,1198,713,485,1198
00223900,AQUINAS COLLEGE                         ,MI,49506-1799,Private      ,1444,255,1699,1444,255,1699
00224000,BAY DE NOC COMMUNITY COLLEGE            ,MI,49829-2524,Public       ,478,306,784,478,306,784
00224100,CALVIN COLLEGE                          ,MI,49546-4388,Private      ,3188,143,3331,3188,143,3331
00224200,CALVIN THEOLOGICAL SEMINARY             ,MI,49546-4387,Private      ,5,132,137,5,132,137
00224300,CENTRAL MICHIGAN UNIVERSITY             ,MI,48859-0001,Public       ,12721,3103,15824,12721,3103,15824
00224600,CLEARY UNIVERSITY                       ,MI,48105-2659,Private      ,48,160,208,48,160,208
00224700,CONCORDIA UNIVERSITY-ANN ARBOR          ,MI,48105-2797,Private      ,436,81,517,436,81,517
00224800,CRANBROOK ACADEMY OF ART                ,MI,48303-0000,Private      ,9,195,204,9,195,204
00224900,DAVENPORT UNIVERSITY                    ,MI,49503-0000,Private      ,1346,5633,6979,1346,5633,6979
00225100,DELTA COLLEGE                           ,MI,48710-0001,Public       ,2182,1597,3779,2182,1597,3779
00225400,MICHIGAN STATE UNIVERSITY COLLEGE OF LAW,MI,48824-1300,Private      ,207,1062,1269,207,1062,1269
00225900,EASTERN MICHIGAN UNIVERSITY             ,MI,48197-2214,Public       ,7772,3669,11441,7772,3669,11441
00226000,FERRIS STATE UNIVERSITY                 ,MI,49307-2251,Public       ,7744,2677,10421,7744,2677,10421
00226100,CHARLES STEWART MOTT COMMUNITY CLG      ,MI,48503-2089,Public       ,1009,1481,2490,1009,1481,2490
00226200,KETTERING UNIVERSITY                    ,MI,48504-4898,Private      ,1749,122,1871,1749,122,1871
00226300,GLEN OAKS COMMUNITY COLLEGE             ,MI,49032-9784,Public       ,202,180,382,202,180,382
00226400,GOGEBIC COMMUNITY COLLEGE               ,MI,49938-1365,Public       ,225,124,349,225,124,349
00226500,GRACE BIBLE COLLEGE                     ,MI,49509-1998,Private      ,153,27,180,153,27,180
00226600,CORNERSTONE UNIVERSITY                  ,MI,49525-5897,Private      ,1166,476,1642,1166,476,1642
00226700,GRAND RAPIDS COMMUNITY COLLEGE          ,MI,49503-3295,Public       ,3676,2183,5859,3676,2183,5859
00226800,GRAND VALLEY STATE UNIVERSITY           ,MI,49401-9403,Public       ,14794,3827,18621,14794,3827,18621
00226900,GREAT LAKES CHRISTIAN COLLEGE           ,MI,48917-1299,Private      ,83,30,113,83,30,113
00227000,HENRY FORD COMMUNITY COLLEGE            ,MI,48128-1495,Public       ,1987,2673,4660,1987,2673,4660
00227300,HOPE COLLEGE                            ,MI,49423-3607,Private      ,3133,85,3218,3133,85,3218
00227400,JACKSON COMMUNITY COLLEGE               ,MI,49201-8399,Public       ,913,1038,1951,913,1038,1951
00227500,KALAMAZOO COLLEGE                       ,MI,49006-3295,Private      ,1294,31,1325,1294,31,1325
00227600,KELLOGG COMMUNITY COLLEGE               ,MI,49017-3397,Public       ,794,951,1745,794,951,1745
00227700,LAKE MICHIGAN COLLEGE                   ,MI,49022-1899,Public       ,688,651,1339,688,651,1339
00227800,LANSING COMMUNITY COLLEGE               ,MI,48933-1293,Public       ,2327,1785,4112,2327,1785,4112
00227900,LAWRENCE TECHNOLOGICAL UNIVERSITY       ,MI,48075-1058,Private      ,1156,441,1597,1156,441,1597
00228200,MADONNA UNIVERSITY                      ,MI,48150-1173,Private      ,658,915,1573,658,915,1573
00228400,MARYGROVE COLLEGE                       ,MI,48221-2599,Private      ,252,1011,1263,252,1011,1263
00228800,ROCHESTER COLLEGE                       ,MI,48307-2764,Private      ,302,249,551,302,249,551
00229000,MICHIGAN STATE UNIVERSITY               ,MI,48824-1113,Public       ,21344,5055,26399,21344,5055,26399
00229200,MICHIGAN TECHNOLOGICAL UNIV             ,MI,49931-1295,Public       ,3936,436,4372,3936,436,4372
00229300,LAKE SUPERIOR STATE UNIVERSITY          ,MI,49783-1691,Public       ,1548,422,1970,1548,422,1970
00229400,MONROE COUNTY COMMUNITY CLG             ,MI,48161-9746,Public       ,446,315,761,446,315,761
00229500,MONTCALM COMMUNITY COLLEGE              ,MI,48885-9723,Public       ,371,483,854,371,483,854
00229700,MUSKEGON COMMUNITY COLLEGE              ,MI,49442-1432,Public       ,1192,926,2118,1192,926,2118
00229900,NORTH CENTRAL MICHIGAN COLLEGE          ,MI,49770-8740,Public       ,337,310,647,337,310,647
00230100,NORTHERN MICHIGAN UNIVERSITY            ,MI,49855-5316,Public       ,4787,1221,6008,4787,1221,6008
00230200,NORTHWESTERN MICHIGAN COLLEGE           ,MI,49686-3061,Public       ,1119,655,1774,1119,655,1774
00230300,OAKLAND COMMUNITY COLLEGE               ,MI,48304-2266,Public       ,106,110,216,106,110,216
00230301,OAKLAND COMMUNITY COLLEGE - ORCHARD RIDG,MI,48334-4579,Public       ,466,560,1026,466,560,1026
00230302,OAKLAND COMMUNITY COLLEGE - ROYAL OAK CA,MI,48067-3898,Public       ,668,1231,1899,668,1231,1899
00230304,OAKLAND COMMUNITY COLLEGE - AUBURN HILLS,MI,48323-2845,Public       ,699,709,1408,699,709,1408
00230305,OAKLAND COMMUNITY COLLEGE - HIGHLAND LAK,MI,48327-4187,Public       ,357,487,844,357,487,844
00230700,OAKLAND UNIVERSITY                      ,MI,48309-4401,Public       ,5428,2297,7725,5428,2297,7725
00230800,OLIVET COLLEGE                          ,MI,49076-9902,Private      ,733,94,827,733,94,827
00231000,ST. CLAIR COUNTY COMMUNITY COLLEGE      ,MI,48061-0000,Public       ,653,560,1213,653,560,1213
00231100,KUYPER COLLEGE                          ,MI,49525-9749,Private      ,164,50,214,164,50,214
00231300,SACRED HEART MAJOR SEMINARY             ,MI,48206-1799,Private      ,12,56,68,12,56,68
00231400,SAGINAW VALLEY STATE UNIV               ,MI,48710-0001,Public       ,4478,1326,5804,4478,1326,5804
00231500,SCHOOLCRAFT COLLEGE                     ,MI,48152-2696,Public       ,1291,1315,2606,1291,1315,2606
00231600,SIENA HEIGHTS UNIVERSITY                ,MI,49221-1796,Private      ,615,409,1024,615,409,1024
00231700,SOUTHWESTERN MICHIGAN COLLEGE           ,MI,49047-9793,Public       ,405,381,786,405,381,786
00231800,SPRING ARBOR UNIVERSITY                 ,MI,49283-9984,Private      ,1381,921,2302,1381,921,2302
00232200,FINLANDIA UNIVERSITY                    ,MI,49930-1882,Private      ,395,182,577,395,182,577
00232300,UNIVERSITY OF DETROIT MERCY             ,MI,48221-3038,Private      ,1759,1409,3168,1759,1409,3168
00232301,UNIVERSITY OF DETROIT MERCY- DENTAL SCH ,MI,48219-3580,Private      ,59,324,383,59,324,383
00232303,UNIV OF DETROIT MERCY - LAW SCHOOL      ,MI,48226-0000,Private      ,10,668,678,10,668,678
00232500,UNIVERSITY OF MICHIGAN - ANN ARBOR      ,MI,48109-1316,Public       ,19598,6364,25962,19598,6364,25962
00232501,UNIVERSITY OF MICHIGAN-MEDICAL SCH      ,MI,48109-0000,Public       ,52,853,905,52,853,905
00232503,UNIVERSITY OF MICHIGAN LAW SCHOOL       ,MI,48109-0000,Public       ,20,1950,1970,20,1950,1970
00232600,UNIVERSITY OF MICHIGAN-DEARBORN         ,MI,48128-2406,Public       ,2298,1409,3707,2298,1409,3707
00232700,UNIVERSITY OF MICHIGAN-FLINT            ,MI,48502-1950,Public       ,1357,1438,2795,1357,1438,2795
00232800,WASHTENAW COMMUNITY COLLEGE             ,MI,48106-0000,Public       ,988,1285,2273,988,1285,2273
00232900,WAYNE STATE UNIVERSITY                  ,MI,48202-0000,Public       ,8116,7604,15720,8116,7604,15720
00232901,WAYNE STATE UNIV SCH OF MEDICINE        ,MI,48201-3359,Public       ,116,805,921,116,805,921
00232902,WAYNE STATE UNIVERSITY - LAW SCHOOL     ,MI,48202-3424,Public       ,43,751,794,43,751,794
00233000,WESTERN MICHIGAN UNIVERSITY             ,MI,49008-3899,Public       ,11081,3158,14239,11081,3158,14239
00233100,WESTERN THEOLOGICAL SEMINARY            ,MI,49423-0000,Private      ,0,54,54,0,54,54
00407100,WALSH COLLEGE OF ACCT & BUS ADMN        ,MI,48007-7006,Private      ,78,493,571,78,493,571
00407200,NORTHWOOD UNIVERSITY                    ,MI,48640-2398,Private      ,1450,512,1962,1450,512,1962
00467300,BAKER COLLEGE - FLINT                   ,MI,48507-5508,Private      ,675,1210,1885,675,1210,1885
00467301,BAKER COLLEGE OF CADILLAC               ,MI,49601-0000,Private      ,146,399,545,146,399,545
00467302,BAKER COLLEGE OF CLINTON TOWNSHIP       ,MI,48035-0000,Private      ,864,1650,2514,864,1650,2514
00467303,BAKER COLLEGE OF MUSKEGON               ,MI,49442-0000,Private      ,974,943,1917,974,943,1917
00467304,BAKER COLLEGE OF OWOSSO                 ,MI,48867-0000,Private      ,593,491,1084,593,491,1084
00467305,BAKER COLLEGE OF AUBURN HILLS           ,MI,48326-0000,Private      ,291,656,947,291,656,947
00467306,BAKER COLLEGE OF PORT HURON             ,MI,48060-0000,Private      ,196,401,597,196,401,597
00467309,BAKER COLLEGE OF JACKSON                ,MI,49202-0000,Private      ,202,441,643,202,441,643
00467311,BAKER COLLEGE-CASS CITY                 ,MI,48726-0000,Private      ,60,133,193,60,133,193
00467313,BAKER COLLEGE - GRADUATE ON-LINE        ,MI,48507-0000,Private      ,58,1436,1494,58,1436,1494
00467317,BAKER COLLEGE-ALLEN PARK                ,MI,48101-0000,Private      ,193,438,631,193,438,631
00469200,DORSEY SCHOOL OF BUSINESS               ,MI,48195-2334,Proprietary  ,5,13,18,5,13,18
00469201,DORSEY SCHOOL OF BUSINESS               ,MI,48184-0000,Proprietary  ,3,43,46,3,43,46
00469202,DORSEY SCHOOL OF BUSINESS               ,MI,48071-0000,Proprietary  ,1,8,9,1,8,9
00469204,DORSEY SCHOOL OF BUSINESS               ,MI,48066-0000,Proprietary  ,7,63,70,7,63,70
00676800,MID MICHIGAN COMMUNITY COLLEGE          ,MI,48625-9447,Public       ,674,623,1297,674,623,1297
00677100,COLLEGE FOR CREATIVE STUDIES            ,MI,48202-4034,Private      ,788,223,1011,788,223,1011
00694900,KALAMAZOO VALLEY COMMUNITY COLLEGE      ,MI,49003-4070,Public       ,1733,1172,2905,1733,1172,2905
00717100,KIRTLAND COMMUNITY COLLEGE              ,MI,48653-0000,Public       ,308,335,643,308,335,643
00761700,CARNEGIE INSTITUTE                      ,MI,48083-1159,Proprietary  ,12,94,106,12,94,106
00795000,WEST SHORE COMMUNITY COLLEGE            ,MI,49454-0000,Public       ,235,246,481,235,246,481
00817800,EMPIRE BEAUTY SCHOOL                    ,MI,49525-2440,Proprietary  ,53,48,101,53,48,101
00890600,MACOMB COMMUNITY COLLEGE                ,MI,48088-3896,Public       ,2163,1716,3879,2163,1716,3879
00894600,PORT HURON COSMETOLOGY COLLEGE          ,MI,48329-1618,Proprietary  ,3,14,17,3,14,17
00923000,WAYNE COUNTY COMMUNITY CLG-DISTRICT     ,MI,48226-3095,Public       ,1482,3972,5454,1482,3972,5454
00973200,VIRGINIA FARRELL BEAUTY SCHOOL          ,MI,48080-1448,Proprietary  ,6,18,24,6,18,24
00973400,VIRGINIA FARRELL BEAUTY SCHOOL          ,MI,48220-1739,Proprietary  ,15,52,67,15,52,67
00982800,EVEREST INSTITUTE                       ,MI,48033-4400,Proprietary  ,77,488,565,77,488,565
01047000,KALAMAZOO BEAUTY ACADEMY                ,MI,49002-5220,Proprietary  ,4,1,5,4,1,5
01062700,ITT TECHNICAL INSTITUTE                 ,MI,49519-0000,Proprietary  ,171,188,359,171,188,359
01082700,DAVID PRESSLEY PROF SCH OF COSMTLGY     ,MI,48067-3219,Proprietary  ,16,15,31,16,15,31
01109800,FLINT INSTITUTE OF BARBERING            ,MI,48504-4395,Proprietary  ,6,20,26,6,20,26
01164600,VIRGINIA FARRELL BEAUTY SCHOOL          ,MI,48185-3091,Proprietary  ,10,41,51,10,41,51
01229100,WRIGHT BEAUTY ACADEMY                   ,MI,49015-2696,Proprietary  ,8,10,18,8,10,18
01239900,LEWIS COLLEGE OF BUSINESS               ,MI,48235-0000,Private      ,57,130,187,57,130,187
01262700,THOMAS M. COOLEY LAW SCHOOL             ,MI,48901-1586,Private      ,8,2373,2381,8,2373,2381
01321800,M J MURPHY BTY CLG MT PLEASANT          ,MI,48858-2502,Proprietary  ,15,12,27,15,12,27
02060300,MICHIGAN INSTITUTE OF AERONAUTICS       ,MI,48111-0000,Proprietary  ,26,44,70,26,44,70
02068700,ADRIAN BEAUTY ACADEMY                   ,MI,49221-0000,Proprietary  ,5,3,8,5,3,8
02099700,ROSS MEDICAL EDUCATION CENTER           ,MI,48532-0000,Proprietary  ,14,107,121,14,107,121
02100400,EVEREST INSTITUTE                       ,MI,49525-2301,Proprietary  ,79,298,377,79,298,377
02125600,MICHIGAN COLLEGE OF BEAUTY              ,MI,48083-0000,Proprietary  ,22,20,42,22,20,42
02135000,MARQUETTE GEN HOSP SCH RAD TECH         ,MI,49855-0000,Private      ,11,8,19,11,8,19
02158600,MR BELA'S SCHOOL OF COSMETOLOGY         ,MI,48092-4637,Proprietary  ,3,2,5,3,2,5
02160303,INTERNATIONAL ACADEMY OF DESIGN AND TECH,MI,48083-2160,Proprietary  ,175,195,370,175,195,370
02180100,ROSS MEDICAL EDUCATION CENTER           ,MI,48092-0000,Proprietary  ,7,31,38,7,31,38
02198900,MICHIGAN SCHOOL OF PROFESSIONAL PSYCHOLO,MI,48334-4512,Private      ,3,28,31,3,28,31
02209200,TAYLORTOWN SCHOOL OF BEAUTY             ,MI,48180-0000,Proprietary  ,7,21,28,7,21,28
02237800,SPECS HOWARD SCHOOL OF MEDIA ARTS       ,MI,48075-0000,Proprietary  ,128,88,216,128,88,216
02285700,BAYSHIRE BEAUTY ACADEMY                 ,MI,48708-5614,Proprietary  ,8,6,14,8,6,14
02324500,MICHIGAN COLLEGE OF BEAUTY              ,MI,48161-0000,Proprietary  ,7,8,15,7,8,15
02339700,ROSS MEDICAL EDUCATION CENTER           ,MI,48116-0000,Proprietary  ,4,41,45,4,41,45
02361500,MICHIGAN BARBER COLLEGE                 ,MI,48204-2244,Private      ,15,24,39,15,24,39
02491000,WEST MI COLG OF BARBERING & BEAUTY      ,MI,49008-0000,Proprietary  ,3,13,16,3,13,16
02495800,FOCUS:HOPE                              ,MI,48238-0000,Private      ,20,50,70,20,50,70
02498300,VIRGINIA FARRELL BEAUTY SCHOOL          ,MI,48154-0000,Proprietary  ,11,28,39,11,28,39
02533600,ROSS MEDICAL EDUCATION CENTER           ,MI,48917-2108,Proprietary  ,6,61,67,6,61,67
02588200,DOUGLAS J AVEDA INSTITUTE               ,MI,48823-4351,Proprietary  ,62,38,100,62,38,100
02588201,DOUGLAS J AVEDA INSTITUTE - ANN ARBOR   ,MI,48104-2211,Proprietary  ,24,18,42,24,18,42
02594600,HOWELL COLLEGE OF COSMETOLOGY           ,MI,48843-8584,Proprietary  ,1,4,5,1,4,5
02595700,HILLSDALE BEAUTY COLLEGE                ,MI,49242-0000,Proprietary  ,29,2,31,29,2,31
02618400,MICHIGAN CAREER & TECHNICAL INST        ,MI,49080-9254,Public       ,57,17,74,57,17,74
03005700,DETROIT BUSINESS INST. DOWNRIVER        ,MI,48193-6761,Proprietary  ,7,27,34,7,27,34
03025100,MR DAVID'S SCHOOL OF COSMETOLOGY        ,MI,48507-2054,Proprietary  ,3,20,23,3,20,23
03028500,LAWTON SCHOOL                           ,MI,48075-5406,Proprietary  ,1,8,9,1,8,9
03066600,BAY MILLS COMMUNITY COLLEGE             ,MI,49715-9750,Public       ,25,55,80,25,55,80
03075200,TWIN CITY BEAUTY COLLEGE                ,MI,49085-3305,Proprietary  ,4,5,9,4,5,9
03075201,TWIN CITY BEAUTY COLLEGE - TRAVERSE CITY,MI,49686-5119,Proprietary  ,2,3,5,2,3,5
03090000,SHARP'S ACADEMY OF HAIRSTYLING INC.     ,MI,48433-0000,Proprietary  ,2,0,2,2,0,2
03109700,HOUGHTON LAKE INST OF COSMETOLOGY       ,MI,48629-0669,Proprietary  ,2,5,7,2,5,7
03110300,THE SCHOOL OF CREATIVE HAIR DESIGN      ,MI,49036-1139,Proprietary  ,6,3,9,6,3,9
03124000,NORTHWESTERN TECHNOLOGICAL INST         ,MI,48075-2412,Proprietary  ,22,77,99,22,77,99
03135300,MICHIGAN THEOLOGICAL SEMINARY           ,MI,48170-4399,Private      ,1,23,24,1,23,24
03284300,MICHIGAN JEWISH INSTITUTE               ,MI,48237-0000,Private      ,47,4,51,47,4,51
03340300,WARREN WOODS VOCATIONAL ADULT EDUC      ,MI,48088-3699,Public       ,2,0,2,2,0,2
03474300,AVE MARIA COLLEGE                       ,MI,48197-2451,Private      ,10,10,20,10,10,20
03490300,PAUL MITCHELL THE SCHOOL ESCANABA       ,MI,49829-0000,Proprietary  ,2,4,6,2,4,6
03588300,IRENE'S MYOMASSOLOGY INSTITUTE          ,MI,48033-2404,Proprietary  ,11,44,55,11,44,55
03704300,BLUE WATER COLLEGE OF COSMETOLOGY       ,MI,48040-0000,Proprietary  ,2,6,8,2,6,8
03772300,SAGINAW CHIPPEWA TRIBAL COLLEGE         ,MI,48858-0000,Public       ,2,5,7,2,5,7
03815300,IN SESSION-ARTS OF COSMETOLOGY BEAU     ,MI,48609-0000,Proprietary  ,10,13,23,10,13,23
03907300,PAUL MITCHELL THE SCHOOL GREAT LAKES    ,MI,48060-0000,Proprietary  ,4,9,13,4,9,13
03915300,CAREER QUEST LEARNING CENTER            ,MI,48910-4732,Proprietary  ,0,28,28,0,28,28
03976500,ANN ARBOR INSTITUTE OF MASSAGE THERAPY  ,MI,48103-0000,Proprietary  ,4,22,26,4,22,26
04002400,ECUMENICAL THEOLOGICAL SEMINARY         ,MI,48201-3035,Private      ,0,18,18,0,18,18
04006300,NUVO COLLEGE OF COSMETOLOGY             ,MI,49441-3822,Proprietary  ,0,9,9,0,9,9
04014300,P&A SCHOLARS BEAUTY SCHOOL              ,MI,48204-0000,Proprietary  ,4,4,8,4,4,8
04055300,CREATIVE HAIR SCHOOL OF COSMETOLOGY     ,MI,48504-1234,Proprietary  ,1,0,1,1,0,1
00233200,ANOKA-RAMSEY CC-CAMBRIDGE/COONRAPID     ,MN,55433-3499,Public       ,397,398,795,397,398,795
00233400,AUGSBURG COLLEGE                        ,MN,55454-1351,Private      ,1013,459,1472,1013,459,1472
00233500,RIVERLAND COMMUNITY COLLEGE             ,MN,55912-1473,Public       ,206,242,448,206,242,448
00233600,BEMIDJI STATE UNIVERSITY                ,MN,56601-2699,Public       ,1032,344,1376,1032,344,1376
00233700,BETHANY LUTHERAN COLLEGE INC            ,MN,56001-6163,Private      ,298,18,316,298,18,316
00233900,CENTRAL LAKES COLG-BRAINERD/STAPLES     ,MN,56401-3900,Public       ,310,227,537,310,227,537
00234000,CARLETON COLLEGE                        ,MN,55057-4001,Private      ,2232,12,2244,2232,12,2244
00234100,COLLEGE OF ST BENEDICT                  ,MN,56374-2099,Private      ,1174,8,1182,1174,8,1182
00234200,ST. CATHERINE UNIVERSITY                ,MN,55105-1789,Private      ,1041,908,1949,1041,908,1949
00234201,COLLEGE OF ST CATHERINE-MINNEAPOLIS     ,MN,55454-0000,Private      ,0,1,1,0,1,1
00234300,COLLEGE OF ST SCHOLASTICA               ,MN,55811-4199,Private      ,1078,306,1384,1078,306,1384
00234500,UNIVERSITY OF ST THOMAS                 ,MN,55105-1096,Private      ,3611,1037,4648,3611,1037,4648
00234600,CONCORDIA COLLEGE-MOORHEAD              ,MN,56562-0001,Private      ,1662,52,1714,1662,52,1714
00234700,"CONCORDIA UNIVERSITY, ST PAUL, MN       ",MN,55104-5494,Private      ,481,248,729,481,248,729
00235000,VERMILION COMMUNITY COLLEGE             ,MN,55731-1996,Public       ,203,27,230,203,27,230
00235300,GUSTAVUS ADOLPHUS COLLEGE               ,MN,56082-1498,Private      ,2099,13,2112,2099,13,2112
00235400,HAMLINE UNIVERSITY                      ,MN,55104-1284,Private      ,1280,955,2235,1280,955,2235
00235500,HIBBING COMMUNITY COLLEGE               ,MN,55746-3300,Public       ,162,123,285,162,123,285
00235600,ITASCA COMMUNITY COLLEGE                ,MN,55744-3397,Public       ,228,112,340,228,112,340
00235700,LUTHER SEMINARY                         ,MN,55108-0000,Private      ,2,200,202,2,200,202
00235800,MACALESTER COLLEGE                      ,MN,55105-1899,Private      ,2167,33,2200,2167,33,2200
00236000,"MINNESOTA STATE UNIVERSITY, MANKATO     ",MN,56002-0000,Public       ,4442,1184,5626,4442,1184,5626
00236100,MARTIN LUTHER COLLEGE                   ,MN,56073-3965,Private      ,384,15,399,384,15,399
00236200,MINNEAPOLIS COMM AND TECH COLLEGE       ,MN,55403-1779,Public       ,494,1140,1634,494,1140,1634
00236500,MINNEAPOLIS COLLEGE OF ART & DESIGN     ,MN,55404-4343,Private      ,631,197,828,631,197,828
00236600,CROSSROADS COLLEGE                      ,MN,55902-2382,Private      ,20,12,32,20,12,32
00236700,MINNESOTA STATE UNIVERSITY MOORHEAD     ,MN,56563-0001,Public       ,2470,628,3098,2470,628,3098
00236900,NORTH CENTRAL UNIVERSITY                ,MN,55404-1391,Private      ,457,82,539,457,82,539
00237000,NORTH HENNEPIN COMMUNITY COLLEGE        ,MN,55445-2299,Public       ,302,554,856,302,554,856
00237100,NORTHWESTERN COLLEGE                    ,MN,55113-1598,Private      ,1232,140,1372,1232,140,1372
00237300,ROCHESTER COMMUNITY/TECH COLLEGE        ,MN,55904-4999,Public       ,612,519,1131,612,519,1131
00237500,SOUTHWEST MINNESOTA STATE UNIVERSITY    ,MN,56258-1598,Public       ,1234,337,1571,1234,337,1571
00237700,ST CLOUD STATE UNIVERSITY               ,MN,56301-4498,Public       ,3100,831,3931,3100,831,3931
00237900,SAINT JOHNS UNIVERSITY                  ,MN,56321-0000,Private      ,1035,34,1069,1035,34,1069
00238000,SAINT MARY'S UNIVERSITY                 ,MN,55987-1399,Private      ,916,499,1415,916,499,1415
00238200,ST OLAF COLLEGE                         ,MN,55057-1098,Private      ,2396,34,2430,2396,34,2430
00238300,CROWN COLLEGE                           ,MN,55375-9001,Private      ,288,111,399,288,111,399
00238500,NORTHLAND COMMUNITY & TECHNICAL CLG     ,MN,56701-2598,Public       ,377,338,715,377,338,715
00238600,UNITED THEOLGCL SEMINRY TWIN CITIES     ,MN,55112-0000,Private      ,0,24,24,0,24,24
00238800,"UNIVERSITY OF MINNESOTA, DULUTH         ",MN,55812-2496,Public       ,4079,551,4630,4079,551,4630
00238900,"UNIVERSITY OF MINNESOTA, MORRIS         ",MN,56267-2113,Public       ,1245,97,1342,1245,97,1342
00239100,WILLIAM MITCHELL COLLEGE OF LAW         ,MN,55105-0000,Private      ,0,1021,1021,0,1021,1021
00239300,MINNESOTA STATE COLLEGE-SE TECH         ,MN,55987-0409,Public       ,139,147,286,139,147,286
00239400,WINONA STATE UNIVERSITY                 ,MN,55987-5838,Public       ,2669,267,2936,2669,267,2936
00396900,UNIVERSITY OF MINNESOTA-TWIN CITIES     ,MN,55455-0422,Public       ,13762,6227,19989,13762,6227,19989
00400900,MESABI RANGE CMNTY & TECH COLLEGE       ,MN,55792-0000,Public       ,94,78,172,94,78,172
00405708,NATIONAL AMERICAN UNIVERSITY            ,MN,55113-0000,Proprietary  ,4,61,65,4,61,65
00405715,NATIONAL AMERICAN UNIVERSITY - BLOOMINGT,MN,55425-5550,Proprietary  ,0,24,24,0,24,24
00406900,UNIVERSITY OF MINNESOTA-CROOKSTON       ,MN,56716-5001,Public       ,404,96,500,404,96,500
00438600,VETERAN'S MEDICAL CTR- SCH RAD TECH     ,MN,55417-2399,Public       ,4,8,12,4,8,12
00464100,DUNWOODY COLLEGE OF TECHNOLOGY          ,MN,55403-1192,Private      ,139,165,304,139,165,304
00464200,GLOBE UNIVERSITY                        ,MN,55125-5408,Proprietary  ,51,106,157,51,106,157
00464500,MINNEAPOLIS BUSINESS COLLEGE            ,MN,55113-4036,Proprietary  ,20,10,30,20,10,30
00464600,MINNESOTA SCHOOL OF BUSINESS            ,MN,55423-0000,Proprietary  ,249,498,747,249,498,747
00464800,RASMUSSEN COLLEGE - EAGAN               ,MN,55122-1346,Proprietary  ,9,65,74,9,65,74
00525200,RIDGEWATER COLLEGE                      ,MN,56201-2098,Public       ,596,277,873,596,277,873
00526300,MINNESOTA WEST CMNTY & TECH COLG        ,MN,56241-1096,Public       ,251,193,444,251,193,444
00553300,"SAINT PAUL COLLEGE, COMMUNITY/TECHNICAL ",MN,55102-1800,Public       ,272,539,811,272,539,811
00553400,ST CLOUD TECHNICAL COLLEGE              ,MN,56303-1240,Public       ,395,255,650,395,255,650
00553500,PINE TECHNICAL COLLEGE                  ,MN,55063-2198,Public       ,38,76,114,38,76,114
00553700,SOUTH CENTRAL COLLEGE                   ,MN,56003-0000,Public       ,319,301,620,319,301,620
00554100,MINNESOTA STATE COMMUNITY AND TECHNICAL ,MN,56573-1405,Public       ,627,567,1194,627,567,1194
00554400,ALEXANDRIA TECHNICAL COLLEGE            ,MN,56308-3799,Public       ,474,130,604,474,130,604
00575700,LAKE SUPERIOR COLLEGE                   ,MN,55811-3399,Public       ,369,395,764,369,395,764
00575900,NORTHWEST TECHNICAL COLLEGE - BEMIDJI   ,MN,56601-4907,Public       ,101,107,208,101,107,208
00677500,RAINY RIVER COMMUNITY COLLEGE           ,MN,56649-2187,Public       ,38,24,62,38,24,62
00735000,ANOKA-HENNEPIN TECHNICAL COLLEGE        ,MN,55303-1590,Public       ,127,200,327,127,200,327
00735100,BROWN COLLEGE                           ,MN,55120-1004,Proprietary  ,481,427,908,481,427,908
00746200,COLLEGE OF VISUAL ARTS                  ,MN,55102-2199,Private      ,73,18,91,73,18,91
00795400,NORMANDALE COMMUNITY COLLEGE            ,MN,55431-4399,Public       ,742,868,1610,742,868,1610
00826700,NORTHWEST TECHNICAL INSTITUTE           ,MN,55121-5001,Proprietary  ,33,14,47,33,14,47
00869400,RASMUSSEN COLLEGE                       ,MN,56301-3713,Proprietary  ,22,120,142,22,120,142
00869401,RASMUSSEN COLLEGE - BROOKLYN PARK       ,MN,55445-1512,Proprietary  ,9,55,64,9,55,64
00905800,BETHEL UNIVERSITY                       ,MN,55112-6999,Private      ,1531,323,1854,1531,323,1854
00960000,COSMETOLOGY CAREERS UNLTD-DULUTH        ,MN,55802-2031,Proprietary  ,2,7,9,2,7,9
00972200,EMPIRE BEAUTY SCHOOL                    ,MN,55119-7003,Proprietary  ,19,45,64,19,45,64
00974000,INVER HILLS COMMUNITY COLLEGE           ,MN,55076-3224,Public       ,312,343,655,312,343,655
00983100,MODEL COLLEGE OF HAIR DESIGN            ,MN,56301-4280,Proprietary  ,30,6,36,30,6,36
00987000,EMPIRE BEAUTY SCHOOL                    ,MN,55420-2919,Proprietary  ,23,49,72,23,49,72
00989200,"DULUTH BUSINESS UNIV, INC.              ",MN,55807-0000,Proprietary  ,25,28,53,25,28,53
00999200,OAK HILLS CHRISTIAN COLLEGE             ,MN,56601-0000,Private      ,33,12,45,33,12,45
01024800,ART INSTITUTES INTL MINNESOTA           ,MN,55402-3137,Proprietary  ,527,266,793,527,266,793
01037400,METROPOLITAN STATE UNIVERSITY           ,MN,55106-5000,Public       ,342,1040,1382,342,1040,1382
01040200,DAKOTA COUNTY TECHNICAL COLLEGE         ,MN,55068-2999,Public       ,170,220,390,170,220,390
01049000,REGENCY BEAUTY INSTITUTE                ,MN,55428-0000,Proprietary  ,51,42,93,51,42,93
01049100,HENNEPIN TECHNICAL COLLEGE              ,MN,55445-2399,Public       ,215,388,603,215,388,603
01054600,CENTURY COMMUNITY AND TECHNICAL CLG     ,MN,55110-1894,Public       ,589,642,1231,589,642,1231
01101700,HERZING COLLEGE                         ,MN,55428-3548,Proprietary  ,42,103,145,42,103,145
01168600,RASMUSSEN COLLEGE - EDEN PRAIRIE        ,MN,55344-7220,Proprietary  ,10,171,181,10,171,181
01173200,"MAYO CLINIC, COLLEGE OF MEDICINE        ",MN,55905-0000,Private      ,15,124,139,15,124,139
01173201,MAYO SCHOOL OF HEALTH-RELATED SCIEN     ,MN,55905-0000,Private      ,13,55,68,13,55,68
01173206,MAYO GRAD SCHOOL                        ,MN,55901-0000,Private      ,0,12,12,0,12,12
01173207,MAYO MEDICAL SCHOOL                     ,MN,55901-0000,Private      ,0,150,150,0,150,150
01232800,NORTHWESTERN HEALTH SCIENCES UNIV       ,MN,55431-1599,Private      ,24,240,264,24,240,264
02050300,ACADEMY COLLEGE                         ,MN,55420-1554,Proprietary  ,12,8,20,12,8,20
02096002,REGIONS HOSPITAL -DIETETIC INTRNSHP     ,MN,55101-0000,Private      ,1,1,2,1,1,2
02123200,AVEDA INSTITUTE                         ,MN,55414-0000,Proprietary  ,76,55,131,76,55,131
02159800,COSMETOLOGY CAREERS UNLTD - HIBBING     ,MN,55746-0000,Proprietary  ,2,1,3,2,1,3
02160901,"SALON PROFESSIONAL ACADEMY, THE - THE SA",MN,55428-4928,Proprietary  ,4,4,8,4,4,8
02238100,MINNESOTA SCHOOL OF COSMETOLOGY         ,MN,55125-0000,Proprietary  ,5,6,11,5,6,11
02260500,SUMMIT ACAD OPPORTUNITIES IND CTR       ,MN,55405-0000,Private      ,2,6,8,2,6,8
02284500,PILLSBURY BAPTIST BIBLE COLLEGE         ,MN,55060-0000,Private      ,38,2,40,38,2,40
02503300,RASMUSSEN COLLEGE - MANKATO             ,MN,56001-8658,Proprietary  ,51,179,230,51,179,230
02504200,WALDEN UNIVERSITY                       ,MN,55401-2511,Proprietary  ,7,4132,4139,7,4132,4139
02514100,AMERICAN INDIAN OPPORTUNITIES CTR       ,MN,55404-0000,Private      ,1,1,2,1,1,2
02543600,INGENUE                                 ,MN,56560-0000,Proprietary  ,7,1,8,7,1,8
02551200,EAST METRO OIC                          ,MN,55104-3435,Private      ,0,3,3,0,3,3
03001200,MCNALLY SMITH COLLEGE OF MUSIC          ,MN,55101-2220,Proprietary  ,149,32,181,149,32,181
03051900,ALFRED ADLER GRADUATE SCHOOL            ,MN,55305-0000,Private      ,0,15,15,0,15,15
03096400,LEECH LAKE TRIBAL COLLEGE               ,MN,56633-0000,Public       ,4,28,32,4,28,32
03129100,FOND DU LAC TRIBAL & COMMUNITY CLG      ,MN,55720-2984,Public       ,44,65,109,44,65,109
03267300,CAPELLA UNIVERSITY                      ,MN,55402-3389,Proprietary  ,12,5332,5344,12,5332,5344
03473400,MINNEAPOLIS SCHOOL OF MASSAGE AND B     ,MN,55418-3343,Private      ,4,18,22,4,18,22
03833300,AMERICAN ACADEMY OF ACUPUNCTURE AND ORIE,MN,55113-0000,Proprietary  ,1,21,22,1,21,22
03921400,WHITE EARTH TRIBAL AND COMMUNITY COLLEGE,MN,56557-0478,Private      ,0,3,3,0,3,3
00239600,ALCORN STATE UNIVERSITY                 ,MS,39096-7500,Public       ,1327,652,1979,1327,652,1979
00239700,BELHAVEN COLLEGE                        ,MS,39202-1789,Private      ,594,702,1296,594,702,1296
00239800,BLUE MOUNTAIN COLLEGE                   ,MS,38610-9370,Private      ,75,53,128,75,53,128
00240100,COAHOMA COMMUNITY COLLEGE               ,MS,38614-9799,Public       ,224,269,493,224,269,493
00240200,COPIAH-LINCOLN COMMUNITY COLLEGE        ,MS,39191-0649,Public       ,388,328,716,388,328,716
00240300,DELTA STATE UNIVERSITY                  ,MS,38733-0000,Public       ,1102,716,1818,1102,716,1818
00240400,EAST CENTRAL COMMUNITY COLLEGE          ,MS,39327-0129,Public       ,395,276,671,395,276,671
00240500,EAST MISSISSIPPI COMM COLLEGE           ,MS,39358-0000,Public       ,354,399,753,354,399,753
00240700,HINDS COMMUNITY COLLEGE                 ,MS,39154-9799,Public       ,1256,1626,2882,1256,1626,2882
00240800,HOLMES COMMUNITY COLLEGE                ,MS,39079-0000,Public       ,502,732,1234,502,732,1234
00240900,ITAWAMBA COMMUNITY COLLEGE              ,MS,38843-1099,Public       ,561,558,1119,561,558,1119
00241000,JACKSON STATE UNIVERSITY                ,MS,39217-0001,Public       ,3094,1969,5063,3094,1969,5063
00241100,JONES COUNTY JUNIOR COLLEGE             ,MS,39437-3999,Public       ,610,431,1041,610,431,1041
00241300,MERIDIAN COMMUNITY COLLEGE              ,MS,39307-5890,Public       ,422,369,791,422,369,791
00241400,MILLSAPS COLLEGE                        ,MS,39201-0000,Private      ,626,97,723,626,97,723
00241500,MISSISSIPPI COLLEGE                     ,MS,39058-0001,Private      ,830,733,1563,830,733,1563
00241501,MISSISSIPPI COLLEGE - SCHOOL OF LAW     ,MS,39201-1391,Private      ,12,306,318,12,306,318
00241600,MISSISSIPPI DELTA CMTY COLLEGE          ,MS,38761-0000,Public       ,405,434,839,405,434,839
00241700,MISSISSIPPI GULF CST CLG-PERKINSTON     ,MS,39573-0000,Public       ,223,123,346,223,123,346
00241701,MISSISSIPPI GULF CST CLG-JEFF DAVIS     ,MS,39507-0000,Public       ,256,399,655,256,399,655
00241702,MISSISSIPPI GULF CST CLG-JACKSON CN     ,MS,39553-0000,Public       ,244,326,570,244,326,570
00242200,MISSISSIPPI UNIV FOR WOMEN              ,MS,39701-5818,Public       ,641,439,1080,641,439,1080
00242300,MISSISSIPPI STATE UNIVERSITY            ,MS,39762-9698,Public       ,3852,1389,5241,3852,1389,5241
00242400,MISSISSIPPI VALLEY STATE UNIVERSITY     ,MS,38941-1400,Public       ,875,756,1631,875,756,1631
00242600,NORTHEAST MS CMNTY COLLEGE              ,MS,38829-1731,Public       ,611,408,1019,611,408,1019
00242700,NORTHWEST MISSISSIPPI COMMUNITY CLG     ,MS,38668-1703,Public       ,946,710,1656,946,710,1656
00243000,PEARL RIVER COMMUNITY COLLEGE           ,MS,39470-2201,Public       ,411,447,858,411,447,858
00243300,RUST COLLEGE                            ,MS,38635-2328,Private      ,406,93,499,406,93,499
00243500,SOUTHEASTERN BAPTIST COLLEGE            ,MS,39440-0000,Private      ,3,3,6,3,3,6
00243600,SOUTHWEST MISSISSIPPI CMNTY CLG         ,MS,39666-8099,Public       ,202,183,385,202,183,385
00243900,TOUGALOO COLLEGE                        ,MS,39174-9799,Private      ,632,146,778,632,146,778
00244000,UNIVERSITY OF MISSISSIPPI               ,MS,38677-1848,Public       ,3623,1559,5182,3623,1559,5182
00244001,UNIVERSITY OF MISSISSIPPI - MED CTR     ,MS,39216-0000,Public       ,204,836,1040,204,836,1040
00244100,UNIVERSITY OF SOUTHERN MISSISSIPPI      ,MS,39406-0001,Public       ,3669,2446,6115,3669,2446,6115
00244700,WILLIAM CAREY UNIVERSITY                ,MS,39401-5499,Private      ,284,552,836,284,552,836
01146100,WESLEY COLLEGE                          ,MS,39073-1070,Private      ,12,12,24,12,12,24
02074900,CHRIS' BEAUTY COLLEGE                   ,MS,39501-0000,Proprietary  ,4,1,5,4,1,5
02160500,NORTH MISSISSIPPI MED CTR MED TECH      ,MS,38801-0000,Private      ,3,13,16,3,13,16
02235900,ACADEMY OF HAIR DESIGN #4               ,MS,39208-0000,Proprietary  ,1,5,6,1,5,6
02244300,ACADEMY OF HAIR DESIGN #1               ,MS,38901-0000,Proprietary  ,3,3,6,3,3,6
02249900,DELTA BEAUTY COLLEGE                    ,MS,38701-0000,Proprietary  ,7,5,12,7,5,12
02251600,ACADEMY OF HAIR DESIGN #6               ,MS,39401-7581,Proprietary  ,6,6,12,6,6,12
02302800,MISSISSIPPI COLLEGE OF BEAUTY CULT      ,MS,39440-0000,Proprietary  ,1,0,1,1,0,1
02320800,MAGNOLIA COLLEGE OF COSMETOLOGY         ,MS,39206-0000,Proprietary  ,5,14,19,5,14,19
02361200,MAGNOLIA BIBLE COLLEGE                  ,MS,39090-0000,Private      ,0,2,2,0,2,2
02490200,"ICS, THE WRIGHT BEAUTY COLLEGE          ",MS,38834-0000,Proprietary  ,1,2,3,1,2,3
02502100,CREATIONS COLLEGE OF COSMETOLOGY        ,MS,38803-0000,Proprietary  ,2,3,5,2,3,5
02516200,WESLEY BIBLICAL SEMINARY                ,MS,39206-0000,Private      ,0,16,16,0,16,16
02554600,GIBSON'S BARBER AND BEAUTY COLLEGE      ,MS,39773-0000,Proprietary  ,4,12,16,4,12,16
02586000,J & J HAIR DESIGN COLLEGE               ,MS,39051-3716,Proprietary  ,1,5,6,1,5,6
03004000,FINAL TOUCH BEAUTY SCHOOL               ,MS,39307-2934,Proprietary  ,2,3,5,2,3,5
03010603,VIRGINIA COLLEGE - JACKSON              ,MS,39206-5602,Proprietary  ,9,60,69,9,60,69
03010610,VIRGINIA COLLEGE - BILOXI               ,MS,39532-2124,Proprietary  ,3,25,28,3,25,28
03263300,TRAXLER'S SCHOOL OF HAIR                ,MS,39212-2529,Proprietary  ,0,8,8,0,8,8
03464300,ACADEMY OF HAIR DESIGN                  ,MS,39562-0000,Proprietary  ,2,0,2,2,0,2
03525300,BLUE CLIFF COLLEGE                      ,MS,39507-0000,Proprietary  ,2,9,11,2,9,11
03848300,DAY SPA CAREER COLLEGE                  ,MS,39564-0000,Proprietary  ,3,2,5,3,2,5
03963300,HEALING TOUCH SCHOOL OF MASSAGE THERAPY ,MS,39402-1300,Proprietary  ,3,9,12,3,9,12
00252600,CARROLL COLLEGE                         ,MT,59625-0002,Private      ,1163,123,1286,1163,123,1286
00252700,UNIVERSITY OF GREAT FALLS               ,MT,59405-4996,Private      ,215,175,390,215,175,390
00252800,MILES COMMUNITY COLLEGE                 ,MT,59301-4799,Public       ,156,82,238,156,82,238
00252900,DAWSON COMMUNITY COLLEGE                ,MT,59330-1405,Public       ,146,49,195,146,49,195
00253000,MONTANA STATE UNIVERSITY - BILLINGS     ,MT,59101-0298,Public       ,1534,1323,2857,1534,1323,2857
00253100,MONTANA TECH OF THE UNIV OF MONTANA     ,MT,59701-8997,Public       ,841,450,1291,841,450,1291
00253200,MONTANA STATE UNIVERSITY - BOZEMAN      ,MT,59717-0001,Public       ,5871,1886,7757,5871,1886,7757
00253300,MONTANA STATE UNIVERSITY-NORTHERN       ,MT,59501-3148,Public       ,407,327,734,407,327,734
00253400,ROCKY MOUNTAIN COLLEGE                  ,MT,59102-1796,Private      ,559,142,701,559,142,701
00253600,UNIVERSITY OF MONTANA (THE)             ,MT,59812-0001,Public       ,4989,3364,8353,4989,3364,8353
00253700,UNIVERSITY OF MONTANA WESTERN (THE)     ,MT,59725-3598,Public       ,549,194,743,549,194,743
00442500,BENEFIS HEALTHCARE SCH RAD TECH         ,MT,59405-4324,Private      ,6,3,9,6,3,9
00677700,FLATHEAD VALLEY COMMUNITY COLLEGE       ,MT,59901-2699,Public       ,258,264,522,258,264,522
00757000,HELENA COLLEGE OF TECHNOLOGY            ,MT,59601-3098,Public       ,196,202,398,196,202,398
00790000,BUTTE ACADEMY OF BEAUTY CULTURE         ,MT,59701-9197,Proprietary  ,2,5,7,2,5,7
00894700,"DAHL'S COLLEGE OF BEAUTY,INC            ",MT,59401-3731,Proprietary  ,6,7,13,6,7,13
00931400,MSU COLLEGE OF TECH-GREAT FALLS         ,MT,59405-4907,Public       ,195,339,534,195,339,534
00946800,COLLEGE OF COIFFURE ART LTD             ,MT,59102-5333,Proprietary  ,11,10,21,11,10,21
02143400,SALISH KOOTENAI COLLEGE                 ,MT,59855-0000,Public       ,93,309,402,93,309,402
02286600,LITTLE BIG HORN COLLEGE                 ,MT,59022-0000,Public       ,46,49,95,46,49,95
02343000,FT PECK COMMUNITY COLLEGE               ,MT,59255-0000,Public       ,9,44,53,9,44,53
02510600,BLACKFEET COMMUNITY COLLEGE             ,MT,59417-0000,Private      ,58,105,163,58,105,163
02517500,FORT BELKNAP COLLEGE                    ,MT,59526-0000,Public       ,8,14,22,8,14,22
02545200,CHIEF DULL KNIFE COLLEGE                ,MT,59043-0098,Public       ,30,48,78,30,48,78
02610900,STONE CHILD COLLEGE                     ,MT,59521-9796,Public       ,31,44,75,31,44,75
02621300,ACADEMY OF COSMETOLOGY                  ,MT,59715-3544,Proprietary  ,17,5,22,17,5,22
03205300,MODERN BEAUTY SCHOOL                    ,MT,59801-8386,Proprietary  ,10,8,18,10,8,18
03763400,"ACADEMY OF NAIL, SKIN & HAIR            ",MT,59101-0000,Proprietary  ,13,15,28,13,15,28
03778300,HEALTH WORKS INSTITUTE                  ,MT,59715-0000,Proprietary  ,5,7,12,5,7,12
00253900,CHADRON STATE COLLEGE                   ,NE,69337-2690,Public       ,717,208,925,717,208,925
00254000,COLLEGE OF ST MARY                      ,NE,68106-2606,Private      ,222,272,494,222,272,494
00254100,CONCORDIA UNIVERSITY                    ,NE,68434-1594,Private      ,755,39,794,755,39,794
00254200,CREIGHTON UNIVERSITY                    ,NE,68178-0001,Private      ,2960,2412,5372,2960,2412,5372
00254300,DANA COLLEGE                            ,NE,68008-9905,Private      ,532,41,573,532,41,573
00254400,DOANE COLLEGE                           ,NE,68333-2421,Private      ,901,205,1106,901,205,1106
00254700,GRACE UNIVERSITY                        ,NE,68108-3629,Private      ,219,91,310,219,91,310
00254800,HASTINGS COLLEGE                        ,NE,68901-7621,Private      ,952,46,998,952,46,998
00255100,UNIVERSITY OF NEBRASKA AT KEARNEY       ,NE,68849-0001,Public       ,2320,412,2732,2320,412,2732
00255300,MIDLAND LUTHERAN COLLEGE                ,NE,68025-4254,Private      ,665,43,708,665,43,708
00255400,UNIVERSITY OF NEBRASKA-OMAHA            ,NE,68182-0001,Public       ,3941,2103,6044,3941,2103,6044
00255500,NEBRASKA WESLEYAN UNIVERSITY            ,NE,68504-2796,Private      ,1160,118,1278,1160,118,1278
00255700,MID-PLAINS COMM COLLEGE - NORTH PLATTE  ,NE,69101-9420,Public       ,162,106,268,162,106,268
00255701,MID-PLAINS COMMUNITY COLLEGE - MCCOOK   ,NE,69001-2631,Public       ,102,39,141,102,39,141
00255900,PERU STATE COLLEGE                      ,NE,68421-0010,Public       ,444,234,678,444,234,678
00256000,WESTERN NEBRASKA COMMUNITY COLLEGE      ,NE,69361-1815,Public       ,269,237,506,269,237,506
00256300,UNION COLLEGE                           ,NE,68506-4387,Private      ,321,84,405,321,84,405
00256500,UNIVERSITY OF NEBRASKA-LINCOLN          ,NE,68588-0419,Public       ,7441,1874,9315,7441,1874,9315
00256596,UNIVERSITY OF NEBRASKA - CURTIS         ,NE,69025-9522,Public       ,131,5,136,131,5,136
00256600,WAYNE STATE COLLEGE                     ,NE,68787-1172,Public       ,1383,281,1664,1383,281,1664
00256700,YORK COLLEGE                            ,NE,68467-2699,Private      ,174,23,197,174,23,197
00443100,MARY LANNING MEM HOSP SCH RAD TECH      ,NE,68901-4497,Private      ,7,2,9,7,2,9
00443600,REGNL WST MEDCL CTR SCHL RAD            ,NE,69361-0000,Private      ,5,2,7,5,2,7
00458608,KAPLAN UNIVERSITY - OMAHA               ,NE,68134-1002,Proprietary  ,47,313,360,47,313,360
00458609,KAPLAN UNIVERSITY - LINCOLN             ,NE,68508-2668,Proprietary  ,38,46,84,38,46,84
00639900,BRYANLGH COLLEGE OF HEALTH SCIENCES     ,NE,68506-1398,Private      ,106,84,190,106,84,190
00640400,NEBR METHODIST CLG OF NURS ALLD HLTH    ,NE,68114-2852,Private      ,165,184,349,165,184,349
00689500,UNIVERSITY OF NEBRASKA-MED CTR          ,NE,68198-4265,Public       ,290,1189,1479,290,1189,1479
00750100,VATTEROTT COLLEGE                       ,NE,68137-1237,Proprietary  ,41,113,154,41,113,154
00849200,ALEGENT HEALTH SCHOOLS                  ,NE,68114-2767,Private      ,13,26,39,13,26,39
00952300,BAHNER COLLEGE OF HAIRSTYLING           ,NE,68025-3297,Proprietary  ,20,2,22,20,2,22
00961700,CAPITOL BEAUTY SCHOOL                   ,NE,68144-3873,Proprietary  ,22,14,36,22,14,36
00974300,BELLEVUE UNIVERSITY                     ,NE,68005-0000,Private      ,185,1092,1277,185,1092,1277
00986200,CLARKSON COLLEGE                        ,NE,68131-2739,Private      ,258,252,510,258,252,510
01151900,JOSEPH'S COLLEGE OF BEAUTY/ALL CAMPUSES ,NE,68510-2226,Proprietary  ,44,57,101,44,57,101
01166700,NORTHEAST COMMUNITY COLLEGE             ,NE,68702-0000,Public       ,664,234,898,664,234,898
01258600,METROPOLITAN COMMUNITY COLLEGE          ,NE,68103-0000,Public       ,859,2007,2866,859,2007,2866
01297600,NEBRASKA CHRISTIAN COLLEGE              ,NE,68046-4256,Private      ,42,2,44,42,2,44
02079700,COLLEGE OF HAIR DESIGN                  ,NE,68508-0000,Proprietary  ,36,7,43,36,7,43
02099500,CENTRAL COMMUNITY COLLEGE- GI           ,NE,68801-0000,Public       ,201,236,437,201,236,437
02099501,CENTRAL COMMUNITY COLLEGE - HASTINGS    ,NE,68902-0000,Public       ,405,157,562,405,157,562
02099502,CENTRAL COMMUNITY COLLEGE - COLUMBUS    ,NE,68602-0000,Public       ,175,93,268,175,93,268
02508300,SOUTHEAST COMM. COLLEGE-ALL CAMPUSES    ,NE,68520-0000,Public       ,1172,1144,2316,1172,1144,2316
02508301,SOUTHEAST COMMUNITY COLLEGE             ,NE,68310-7042,Public       ,231,79,310,231,79,310
02508302,SOUTHEAST COMMUNITY COLLEGE             ,NE,68405-0000,Public       ,410,80,490,410,80,490
02550800,NEBRASKA INDIAN COMMUNITY COLLEGE       ,NE,68039-0000,Public       ,2,9,11,2,9,11
02610500,XENON INTERNATIONAL ACADEMY II          ,NE,68127-3522,Proprietary  ,40,29,69,40,29,69
03023300,VATTEROTT COLLEGE                       ,NE,68137-1237,Proprietary  ,9,7,16,9,7,16
03127300,OMAHA SCHOOL OF MASSAGE THERAPY         ,NE,68127-5002,Proprietary  ,10,13,23,10,13,23
03164300,THE CREATIVE CENTER                     ,NE,68164-2911,Proprietary  ,24,3,27,24,3,27
03279300,MYOTHERAPY INSTITUTE                    ,NE,68516-3641,Proprietary  ,13,17,30,13,17,30
03323300,LITTLE PRIEST TRIBAL COLLEGE            ,NE,68071-0000,Private      ,4,7,11,4,7,11
03821400,UNIVERSAL COLLEGE OF HEALING ARTS       ,NE,68112-1810,Proprietary  ,4,9,13,4,9,13
00256800,UNIVERSITY OF NEVADA RENO               ,NV,89557-0002,Public       ,3396,1748,5144,3396,1748,5144
00256900,UNIVERSITY OF NEVADA-LAS VEGAS          ,NV,89154-1001,Public       ,5190,4935,10125,5190,4935,10125
00697700,GREAT BASIN COLLEGE                     ,NV,89801-3348,Public       ,109,164,273,109,164,273
00736700,MARINELLO SCHOOLS OF BEAUTY             ,NV,89110-3563,Proprietary  ,13,9,22,13,9,22
00919200,SIERRA NEVADA COLLEGE                   ,NV,89451-0000,Private      ,131,86,217,131,86,217
01036200,COLLEGE OF SOUTHERN NEVADA              ,NV,89146-1139,Public       ,1152,2551,3703,1152,2551,3703
01036300,WESTERN NEVADA COLLEGE                  ,NV,89703-0000,Public       ,153,306,459,153,306,459
01323200,ACADEMY OF HAIR DESIGN                  ,NV,89102-0000,Proprietary  ,12,17,29,12,17,29
02097100,SOUTHERN NEVADA UNIV OF COSMETOLOGY     ,NV,89121-0000,Proprietary  ,12,16,28,12,16,28
02107700,TRUCKEE MEADOWS COMMUNITY CLG           ,NV,89512-0000,Public       ,511,873,1384,511,873,1384
02237500,EVEREST COLLEGE                         ,NV,89103-0000,Proprietary  ,82,180,262,82,180,262
02338509,NEVADA CAREER INSTITUTE                 ,NV,89121-0000,Proprietary  ,15,78,93,15,78,93
02361001,ITT TECHNICAL INSTITUTE                 ,NV,89014-0000,Proprietary  ,26,49,75,26,49,75
02600700,LAS VEGAS GAMING & TECHNICAL SCHOOL     ,NV,89109-0000,Proprietary  ,0,1,1,0,1,1
02616703,SCOTTSDALE CULINARY INSTITUTE - LE CORDO,NV,89144-7047,Proprietary  ,46,61,107,46,61,107
02621500,CAREER COLLEGE OF NORTHERN NEVADA       ,NV,89434-7905,Proprietary  ,15,19,34,15,19,34
03030603,UTAH CLG OF MASSAGE THERAPY-NSMT        ,NV,89123-0000,Proprietary  ,17,50,67,17,50,67
03031405,INTERNATIONAL ACADEMY OF DESIGN AND TECH,NV,89074-7750,Proprietary  ,35,31,66,35,31,66
03043200,KAPLAN COLLEGE                          ,NV,89102-8618,Proprietary  ,15,32,47,15,32,47
03084600,THE ART INSTITUTE OF LAS VEGAS          ,NV,89074-7737,Proprietary  ,265,355,620,265,355,620
03088200,CARSON CITY BEAUTY ACADEMY              ,NV,89706-0000,Proprietary  ,8,10,18,8,10,18
03110000,ACADEMY OF HEALING ARTS                 ,NV,89106-4031,Proprietary  ,2,1,3,2,1,3
03232305,COMPUTER-ED INSTITUTE -                 ,NV,89014-6398,Proprietary  ,8,22,30,8,22,30
03787300,EXPERTISE SCHOOL OF BEAUTY              ,NV,89106-2516,Private      ,4,13,17,4,13,17
03838500,NORTHWEST HEALTH CAREERS                ,NV,89128-0000,Proprietary  ,9,20,29,9,20,29
03975300,INSTITUTE OF PROFESSIONAL CAREERS       ,NV,89119-7825,Proprietary  ,9,14,23,9,14,23
00257200,COLBY-SAWYER COLLEGE                    ,NH,03257-4648,Private      ,1085,24,1109,1085,24,1109
00257300,DARTMOUTH COLLEGE                       ,NH,03755-3529,Private      ,6360,1012,7372,6360,1012,7372
00257500,FRANKLIN PIERCE UNIVERSITY              ,NH,03461-0060,Private      ,2402,249,2651,2402,249,2651
00257900,NEW ENGLAND COLLEGE                     ,NH,03242-3293,Private      ,1011,104,1115,1011,104,1115
00258000,SOUTHERN NEW HAMPSHIRE UNIVERSITY       ,NH,03106-1045,Private      ,2464,838,3302,2464,838,3302
00258100,NHTI  - CONCORD'S COMMUNITY COLLEGE     ,NH,03301-7412,Public       ,750,352,1102,750,352,1102
00258200,MANCHESTER COMMUNITY COLLEGE            ,NH,03102-8518,Public       ,227,186,413,227,186,413
00258201,NH COMM TECH COLLEGE - STRATHAM         ,NH,03885-0000,Public       ,137,154,291,137,154,291
00258202,NEW HAMPSHIRE COMMUNITY TECHNICAL COLLEG,NH,03038-0000,Public       ,10,9,19,10,9,19
00258204,HEW HAMPSHIRE COMMUNITY TECHNICAL COLLEG,NH,03803-2807,Public       ,19,9,28,19,9,28
00258600,RIVIER COLLEGE                          ,NH,03060-5086,Private      ,894,266,1160,894,266,1160
00258700,SAINT ANSELM COLLEGE                    ,NH,03102-1310,Private      ,2733,28,2761,2733,28,2761
00258900,UNIVERSITY OF NEW HAMPSHIRE             ,NH,03824-2511,Public       ,14074,1947,16021,14074,1947,16021
00259000,KEENE STATE COLLEGE                     ,NH,03431-0000,Public       ,4304,341,4645,4304,341,4645
00259100,PLYMOUTH STATE UNIVERSITY               ,NH,03264-1595,Public       ,4551,461,5012,4551,461,5012
00301004,ANTIOCH UNIVERSITY                      ,NH,03431-0000,Private      ,2,524,526,2,524,526
00472900,HESSER COLLEGE                          ,NH,03103-7230,Proprietary  ,267,244,511,267,244,511
00472901,HESSER COLLEGE - NASHUA CAMPUS          ,NH,03063-1286,Proprietary  ,16,49,65,16,49,65
00472904,HESSER COLLEGE - PORTSMOUTH CAMPUS      ,NH,03801-3245,Proprietary  ,41,74,115,41,74,115
00472905,HESSER COLLEGE - SALEM CAMPUS           ,NH,03079-2842,Proprietary  ,26,35,61,26,35,61
00472906,HESSER COLLEGE - CONCORD CAMPUS         ,NH,03301-3415,Proprietary  ,22,62,84,22,62,84
00473000,MCINTOSH COLLEGE INC                    ,NH,03820-3990,Proprietary  ,377,255,632,377,255,632
00473100,DANIEL WEBSTER COLLEGE                  ,NH,03063-1300,Proprietary  ,731,76,807,731,76,807
00473300,CHESTER COLLEGE OF NEW ENGLAND          ,NH,03036-4331,Private      ,193,18,211,193,18,211
00529100,WHITE MOUNTAINS COMMUNITY COLLEGE       ,NH,03570-3799,Public       ,89,150,239,89,150,239
00529101,N.H.COMM TECH COLLEGE - LACONIA         ,NH,03246-0000,Public       ,148,99,247,148,99,247
00702500,LEBANON COLLEGE                         ,NH,03766-0000,Private      ,1,9,10,1,9,10
00756000,RIVER VALLEY COMMUNITY COLLEGE          ,NH,03743-9707,Public       ,71,150,221,71,150,221
00849300,CONTINENTAL ACADEMIE OF HAIR DESIGN     ,NH,03103-4901,Proprietary  ,5,2,7,5,2,7
00864500,EMPIRE BEAUTY SCHOOL                    ,NH,03220-0000,Proprietary  ,9,9,18,9,9,18
00923600,NASHUA COMMUNITY COLLEGE                ,NH,03063-2052,Public       ,167,149,316,167,149,316
01318900,CONTINENTAL ACADEMIE OF HAIR DESIGN     ,NH,03051-3754,Proprietary  ,12,1,13,12,1,13
02097900,FRANKLIN PIERCE LAW CENTER              ,NH,03301-0000,Private      ,11,450,461,11,450,461
02140400,ST JOSEPH SCH OF PRAC NRSG              ,NH,03060-0000,Private      ,9,23,32,9,23,32
02174800,MICHAEL'S SCHOOL OF HAIR DESIGN & ESTHET,NH,03110-0000,Proprietary  ,7,3,10,7,3,10
02179600,EMPIRE BEAUTY SCHOOL                    ,NH,03878-0000,Proprietary  ,10,4,14,10,4,14
02211600,PORTSMOUTH BTY SCH OF HAIR DESIGN       ,NH,03801-4084,Proprietary  ,9,3,12,9,3,12
02245400,KEENE BEAUTY ACADEMY                    ,NH,03431-0000,Proprietary  ,9,1,10,9,1,10
02247000,NEW ENGLAND SCHOOL OF HAIR DESIGN       ,NH,03784-0000,Proprietary  ,8,1,9,8,1,9
02300200,CONCORD ACADEMY OF HAIR DESIGN          ,NH,03301-0000,Proprietary  ,3,3,6,3,3,6
03043100,THOMAS MORE COLLEGE OF LIBERAL ARTS     ,NH,03054-4818,Private      ,46,5,51,46,5,51
03101300,GRANITE STATE COLLEGE                   ,NH,03301-6400,Public       ,44,306,350,44,306,350
03182300,NEW HAMPSHIRE INSTITUTE OF ART          ,NH,03104-4858,Private      ,130,22,152,130,22,152
03305300,SECOND START                            ,NH,03301-5706,Private      ,0,1,1,0,1,1
03437300,UPPER VALLEY TEACHER TRANING PROGRAM    ,NH,03766-1358,Private      ,1,12,13,1,12,13
03729300,NH INSTITUTE FOR THERAPEUTIC ARTS       ,NH,03051-4906,Proprietary  ,3,3,6,3,3,6
00267000,BAPTIST BIBLE COLG OF PENNSYLVANIA      ,PA,18411-1297,Private      ,334,47,381,334,47,381
00322800,BRYN ATHYN COLLEGE OF THE NEW CHURCH    ,PA,19009-0717,Private      ,21,0,21,21,0,21
00322900,ALBRIGHT COLLEGE                        ,PA,19612-5234,Private      ,2041,238,2279,2041,238,2279
00323000,ALLEGHENY COLLEGE                       ,PA,16335-3902,Private      ,2741,38,2779,2741,38,2779
00323100,COMM CLG OF ALLEGHENY-ALLEGHENY CMP     ,PA,15212-0000,Public       ,462,963,1425,462,963,1425
00323101,"COMM CLG OF ALLEGHENY, BOYCE CAMPUS     ",PA,15146-0000,Public       ,244,471,715,244,471,715
00323102,"COMM CLG OF ALLEGHENY, NORTH CAMPUS     ",PA,15237-0000,Public       ,212,230,442,212,230,442
00323103,"COMM CLG OF ALLEGHENY, SOUTH CAMPUS     ",PA,15122-0000,Public       ,371,594,965,371,594,965
00323300,ALVERNIA UNIVERSITY                     ,PA,19607-1799,Private      ,864,422,1286,864,422,1286
00323500,ARCADIA UNIVERSITY                      ,PA,19038-3295,Private      ,2477,652,3129,2477,652,3129
00323700,BRYN MAWR COLLEGE                       ,PA,19010-2899,Private      ,1024,290,1314,1024,290,1314
00323800,BUCKNELL UNIVERSITY                     ,PA,17837-2122,Private      ,4011,62,4073,4011,62,4073
00323900,BUCKS COUNTY COMMUNITY COLLEGE          ,PA,18940-1320,Public       ,723,489,1212,723,489,1212
00324000,BUTLER COUNTY COMMUNITY COLLEGE         ,PA,16001-0000,Public       ,376,332,708,376,332,708
00324100,CABRINI COLLEGE                         ,PA,19087-3698,Private      ,1571,126,1697,1571,126,1697
00324200,CARNEGIE MELLON UNIVERSITY              ,PA,15213-3890,Private      ,6091,473,6564,6091,473,6564
00324201,CARNEGIE MELLON UNIV- THE HEINZ SCH     ,PA,15213-0000,Private      ,392,285,677,392,285,677
00324202,CARNEGIE MELLON- TEPPER SCHOOL OF BUSINE,PA,15213-0000,Private      ,6,265,271,6,265,271
00324300,CEDAR CREST COLLEGE                     ,PA,18104-6196,Private      ,798,373,1171,798,373,1171
00324400,CHATHAM UNIVERSITY                      ,PA,15232-2826,Private      ,436,544,980,436,544,980
00324500,CHESTNUT HILL COLLEGE                   ,PA,19118-2693,Private      ,796,379,1175,796,379,1175
00324700,MISERICORDIA  UNIVERSITY                ,PA,18612-1008,Private      ,1035,277,1312,1035,277,1312
00324900,COMMUNITY COLLEGE OF PHILADELPHIA       ,PA,19130-3991,Public       ,2887,4370,7257,2887,4370,7257
00325100,CURTIS INSTITUTE OF MUSIC               ,PA,19103-6187,Private      ,189,73,262,189,73,262
00325200,DELAWARE VALLEY COLLEGE                 ,PA,18901-2697,Private      ,1197,77,1274,1197,77,1274
00325300,DICKINSON COLLEGE                       ,PA,17013-2896,Private      ,2303,35,2338,2303,35,2338
00325400,DICKINSON SCHOOL OF LAW                 ,PA,17013-2899,Private      ,24,1436,1460,24,1436,1460
00325600,DREXEL UNIVERSITY                       ,PA,19104-2875,Private      ,9873,4159,14032,9873,4159,14032
00325800,DUQUESNE UNIVERSITY                     ,PA,15282-0001,Private      ,4180,1475,5655,4180,1475,5655
00325900,EASTERN UNIVERSITY                      ,PA,19087-3696,Private      ,1356,532,1888,1356,532,1888
00325908,EASTERN BAPTIST THEOLGCL SEMINARY       ,PA,19096-0000,Private      ,0,36,36,0,36,36
00326200,ELIZABETHTOWN COLLEGE                   ,PA,17022-2298,Private      ,2277,109,2386,2277,109,2386
00326300,EVANGELICAL SCHOOL OF THEOLOGY          ,PA,17067-0000,Private      ,0,23,23,0,23,23
00326500,FRANKLIN & MARSHALL COLLEGE             ,PA,17604-0000,Private      ,1844,30,1874,1844,30,1874
00326600,GANNON UNIVERSITY                       ,PA,16541-0001,Private      ,2559,634,3193,2559,634,3193
00326700,GENEVA COLLEGE                          ,PA,15010-3599,Private      ,1385,349,1734,1385,349,1734
00326800,GETTYSBURG COLLEGE                      ,PA,17325-1486,Private      ,2836,36,2872,2836,36,2872
00326900,GROVE CITY COLLEGE                      ,PA,16127-0000,Private      ,1286,12,1298,1286,12,1298
00327000,GWYNEDD-MERCY COLLEGE                   ,PA,19437-0901,Private      ,843,358,1201,843,358,1201
00327200,HARCUM COLLEGE                          ,PA,19010-3476,Private      ,205,194,399,205,194,399
00327300,HARRISBURG AREA COMMUNITY COLLEGE       ,PA,17110-2999,Public       ,2095,3235,5330,2095,3235,5330
00327400,HAVERFORD COLLEGE                       ,PA,19041-1392,Private      ,1432,11,1443,1432,11,1443
00327500,HOLY FAMILY UNIVERSITY                  ,PA,19114-2094,Private      ,1104,838,1942,1104,838,1942
00327600,IMMACULATA UNIVERSITY                   ,PA,19345-0647,Private      ,744,462,1206,744,462,1206
00327700,INDIANA UNIVERSITY OF PENNSYLVANIA      ,PA,15705-1097,Public       ,5730,1229,6959,5730,1229,6959
00327900,JUNIATA COLLEGE                         ,PA,16652-2196,Private      ,1518,44,1562,1518,44,1562
00328000,KEYSTONE COLLEGE                        ,PA,18440-0200,Private      ,684,261,945,684,261,945
00328200,KINGS COLLEGE                           ,PA,18711-0801,Private      ,2011,174,2185,2011,174,2185
00328300,LACKAWANNA COLLEGE                      ,PA,18509-9961,Private      ,354,187,541,354,187,541
00328400,LAFAYETTE COLLEGE                       ,PA,18042-1768,Private      ,2747,18,2765,2747,18,2765
00328500,LANCASTER BIBLE COLLEGE                 ,PA,17601-5036,Private      ,291,88,379,291,88,379
00328600,LANCASTER THEOLOGICAL SEMINARY          ,PA,17603-0000,Private      ,0,31,31,0,31,31
00328700,LASALLE UNIVERSITY                      ,PA,19141-1199,Private      ,3674,1103,4777,3674,1103,4777
00328800,LEBANON VALLEY COLLEGE                  ,PA,17003-1400,Private      ,1745,83,1828,1745,83,1828
00328900,LEHIGH UNIVERSITY                       ,PA,18015-1588,Private      ,5548,279,5827,5548,279,5827
00329000,LINCOLN UNIVERSITY                      ,PA,19352-0999,Public       ,1892,440,2332,1892,440,2332
00329100,LUTHERAN THEOLOG SEMINARY-GETTYSBRG     ,PA,17325-0000,Private      ,1,61,62,1,61,62
00329200,LUTHERAN THEOLOGICAL SEMINARY           ,PA,19119-0000,Private      ,0,88,88,0,88,88
00329300,LYCOMING COLLEGE                        ,PA,17701-5192,Private      ,1449,55,1504,1449,55,1504
00329400,MANOR COLLEGE                           ,PA,19046-3399,Private      ,205,194,399,205,194,399
00329600,MARYWOOD UNIVERSITY                     ,PA,18509-1598,Private      ,1470,587,2057,1470,587,2057
00329700,MERCYHURST COLLEGE                      ,PA,16546-0001,Private      ,3090,707,3797,3090,707,3797
00329800,MESSIAH COLLEGE                         ,PA,17027-0800,Private      ,2785,71,2856,2785,71,2856
00330000,MOORE COLLEGE OF ART & DESIGN           ,PA,19103-1179,Private      ,465,112,577,465,112,577
00330100,MORAVIAN COLLEGE                        ,PA,18018-6650,Private      ,1573,95,1668,1573,95,1668
00330101,MORAVIAN THEOLOGICAL SEMINARY           ,PA,18018-0000,Private      ,7,24,31,7,24,31
00330200,MOUNT ALOYSIUS COLLEGE                  ,PA,16630-1999,Private      ,595,346,941,595,346,941
00330300,CARLOW COLLEGE                          ,PA,15213-3165,Private      ,809,603,1412,809,603,1412
00330400,MUHLENBERG COLLEGE                      ,PA,18104-5586,Private      ,2423,73,2496,2423,73,2496
00330600,VALLEY FORGE CHRISTIAN COLLEGE          ,PA,19460-2399,Private      ,332,73,405,332,73,405
00330900,PEIRCE COLLEGE                          ,PA,19102-4699,Private      ,74,526,600,74,526,600
00331100,PENNSYLVANIA COLLEGE OF OPTOMETRY       ,PA,19027-1598,Private      ,6,589,595,6,589,595
00331300,WIDENER UNIVERSITY                      ,PA,19013-5792,Private      ,2634,1022,3656,2634,1022,3656
00331302,WIDENER UNIV SCH OF LAW- HARRISBURG     ,PA,17106-9381,Private      ,3,501,504,3,501,504
00331500,BLOOMSBURG UNIVERSITY OF PA             ,PA,17815-1301,Public       ,5500,637,6137,5500,637,6137
00331600,CALIFORNIA UNIV OF PENNSYLVANIA         ,PA,15419-1394,Public       ,2653,912,3565,2653,912,3565
00331700,CHEYNEY UNIVERSITY OF PENNSYLVANIA      ,PA,19319-0200,Public       ,1236,309,1545,1236,309,1545
00331800,CLARION UNIVERSITY OF PENNSYLVANIA      ,PA,16214-1232,Public       ,2468,520,2988,2468,520,2988
00332000,EAST STROUDSBURG UNIVERSITY             ,PA,18301-2999,Public       ,4418,550,4968,4418,550,4968
00332100,EDINBORO UNIVERSITY OF PENNSYLVANIA     ,PA,16444-0001,Public       ,3318,1300,4618,3318,1300,4618
00332200,KUTZTOWN UNIVERSITY OF PENNSYLVANIA     ,PA,19530-9339,Public       ,6458,782,7240,6458,782,7240
00332300,LOCK HAVEN UNIV OF PENNSYLVANIA         ,PA,17745-2439,Public       ,3801,553,4354,3801,553,4354
00332400,MANSFIELD UNIVERSITY                    ,PA,16933-1123,Public       ,1724,435,2159,1724,435,2159
00332500,MILLERSVILLE UNIVERSITY OF PA           ,PA,17551-1800,Public       ,5267,837,6104,5267,837,6104
00332600,SHIPPENSBURG UNIVERSITY                 ,PA,17257-2299,Public       ,4532,561,5093,4532,561,5093
00332700,SLIPPERY ROCK UNIVERSITY                ,PA,16057-1326,Public       ,3695,632,4327,3695,632,4327
00332800,WEST CHESTER UNIVERSITY                 ,PA,19383-0001,Public       ,8539,1481,10020,8539,1481,10020
00332900,PENN STATE UNIVERSITY                   ,PA,16802-1503,Public       ,39134,6935,46069,39134,6935,46069
00332901,PENN STATE UNIV-HERSHEY MEDCL CTR       ,PA,17033-0000,Public       ,38,682,720,38,682,720
00335000,UNIVERSITY OF THE ARTS (THE)            ,PA,19102-9493,Private      ,2108,286,2394,2108,286,2394
00335100,PHILADELPHIA BIBLICAL UNIVERSITY        ,PA,19047-2942,Private      ,468,134,602,468,134,602
00335200,PHILADELPHIA CLG OSTEOPATHIC MED        ,PA,19131-0000,Private      ,9,1018,1027,9,1018,1027
00335300,UNIVERSITY OF THE SCIENCES IN PHILADELPH,PA,19104-4495,Private      ,2327,403,2730,2327,403,2730
00335400,PHILADELPHIA UNIVERSITY                 ,PA,19144-5497,Private      ,2466,283,2749,2466,283,2749
00335600,PITTSBURGH THEOLOGICAL SEMINARY         ,PA,15206-0000,Private      ,0,100,100,0,100,100
00335700,POINT PARK UNIVERSITY                   ,PA,15222-1912,Private      ,1426,566,1992,1426,566,1992
00335800,REFORMED PRESBYTERIAN THEOL SEMINAR     ,PA,15208-0000,Private      ,0,9,9,0,9,9
00335900,ROBERT MORRIS UNIVERSITY                ,PA,15108-1189,Private      ,1818,527,2345,1818,527,2345
00336000,ROSEMONT COLLEGE                        ,PA,19010-1699,Private      ,327,148,475,327,148,475
00336200,SETON HILL UNIVERSITY                   ,PA,15601-1599,Private      ,999,250,1249,999,250,1249
00336400,ST. CHARLES BORROMEO SEMINARY           ,PA,19096-0000,Private      ,13,7,20,13,7,20
00336600,SAINT FRANCIS UNIVERSITY                ,PA,15940-0600,Private      ,1112,201,1313,1112,201,1313
00336700,SAINT JOSEPH'S UNIVERSITY               ,PA,19131-1395,Private      ,4278,490,4768,4278,490,4768
00336800,ST VINCENT COLLEGE                      ,PA,15650-2690,Private      ,1141,65,1206,1141,65,1206
00336900,SUSQUEHANNA UNIVERSITY                  ,PA,17870-1001,Private      ,1987,40,2027,1987,40,2027
00337000,SWARTHMORE COLLEGE                      ,PA,19081-1397,Private      ,2043,21,2064,2043,21,2064
00337100,TEMPLE UNIV - MAIN CAMPUS               ,PA,19122-6003,Private      ,18330,3866,22196,18330,3866,22196
00337101,TEMPLE UNIV - SCHOOL OF LAW             ,PA,19122-0000,Private      ,37,1881,1918,37,1881,1918
00337102,TEMPLE UNIV - SCHOOL OF MEDICINE        ,PA,19140-0000,Private      ,75,929,1004,75,929,1004
00337103,TEMPLE UNIV - SCHOOL OF DENTISTRY       ,PA,19140-0000,Private      ,13,480,493,13,480,493
00337104,TEMPLE UNIV - AMBLER CAMPUS             ,PA,19002-0000,Private      ,556,372,928,556,372,928
00337105,TEMPLE UNIV - SCH OF ALLIED HEALTH      ,PA,19140-0000,Private      ,248,215,463,248,215,463
00337106,TEMPLE UNIV - SCHOOL OF PHARMACY        ,PA,19140-0000,Private      ,262,430,692,262,430,692
00337107,TEMPLE UNIV - TYLER SCHOOL OF ART       ,PA,19122-0000,Private      ,584,220,804,584,220,804
00337108,TEMPLE UNIV - GRAD DIV HEALTH SCI       ,PA,19140-0000,Private      ,48,222,270,48,222,270
00337109,TEMPLE UNIV - GRADUATE DIVISION         ,PA,19122-0000,Private      ,97,1453,1550,97,1453,1550
00337111,TEMPLE UNIV-SCH OF PODIATRIC MED        ,PA,19107-0000,Private      ,6,227,233,6,227,233
00337600,THIEL COLLEGE                           ,PA,16125-2181,Private      ,867,34,901,867,34,901
00337800,UNIVERSITY OF PENNSYLVANIA              ,PA,19104-6216,Private      ,9023,6470,15493,9023,6470,15493
00337900,UNIVERSITY OF PITTSBURGH                ,PA,15260-0000,Public       ,15158,4545,19703,15158,4545,19703
00337906,UNIVERSITY OF PITTSBURGH - SCHOOL OF MED,PA,15261-0001,Public       ,34,719,753,34,719,753
00337907,UNIVERSITY OF PITTSBURGH - SCHOOL OF DEN,PA,15261-2523,Public       ,15,193,208,15,193,208
00338400,UNIVERSITY OF SCRANTON                  ,PA,18510-4622,Private      ,4044,384,4428,4044,384,4428
00338500,URSINUS COLLEGE                         ,PA,19426-2562,Private      ,2373,41,2414,2373,41,2414
00338600,VALLEY FORGE MILITARY COLLEGE           ,PA,19087-3695,Private      ,88,5,93,88,5,93
00338800,VILLANOVA UNIVERSITY                    ,PA,19085-1699,Private      ,7984,656,8640,7984,656,8640
00338801,VILLANOVA UNIV SCH OF LAW               ,PA,19085-0000,Private      ,8,1112,1120,8,1112,1120
00338900,WASHINGTON & JEFFERSON COLLEGE          ,PA,15301-4801,Private      ,1811,22,1833,1811,22,1833
00339100,WAYNESBURG UNIVERSITY                   ,PA,15370-1222,Private      ,1032,177,1209,1032,177,1209
00339200,WESTMINSTER COLLEGE                     ,PA,16172-0002,Private      ,1119,27,1146,1119,27,1146
00339300,WESTMINSTER THEOLOGICAL SEMINARY        ,PA,19038-0000,Private      ,1,120,121,1,120,121
00339400,WILKES UNIVERSITY                       ,PA,18766-0998,Private      ,1967,281,2248,1967,281,2248
00339500,PENNSYLVANIA COLLEGE OF TECHNOLOGY      ,PA,17701-5779,Public       ,2495,878,3373,2495,878,3373
00339600,WILSON COLLEGE                          ,PA,17201-1285,Private      ,192,133,325,192,133,325
00339900,YORK COLLEGE OF PENNSYLVANIA            ,PA,17405-7199,Private      ,3460,409,3869,3460,409,3869
00398600,DESALES UNIVERSITY                      ,PA,18034-9568,Private      ,1412,348,1760,1412,348,1760
00398700,LA ROCHE COLLEGE                        ,PA,15237-5898,Private      ,504,140,644,504,140,644
00398800,NEUMANN COLLEGE                         ,PA,19014-1298,Private      ,1393,293,1686,1393,293,1686
00405800,GRATZ COLLEGE                           ,PA,19027-3097,Private      ,1,23,24,1,23,24
00445200,MONTGOMERY COUNTY COMMUNITY COLLEGE     ,PA,19422-6300,Public       ,665,688,1353,665,688,1353
00488600,ELECTRONIC INSTITUTES                   ,PA,17057-9984,Private      ,0,1,1,0,1,1
00488700,BRANDYWINE SCHOOL OF NURSING            ,PA,19320-1536,Proprietary  ,19,19,38,19,19,38
00488900,CAMBRIA-ROWE BUSINESS COLLEGE           ,PA,15902-2494,Proprietary  ,48,100,148,48,100,148
00489000,CENTRAL PENNSYLVANIA COLLEGE            ,PA,17093-0309,Proprietary  ,693,282,975,693,282,975
00489300,DU BOIS BUSINESS COLLEGE                ,PA,15801-2401,Proprietary  ,79,109,188,79,109,188
00489400,ERIE BUSINESS CENTER                    ,PA,16501-1305,Proprietary  ,23,117,140,23,117,140
00489401,ERIE BUSINESS CENTER SOUTH              ,PA,16101-0000,Proprietary  ,12,24,36,12,24,36
00489800,MCCANN SCHOOL OF BUSINESS & TECHNOL     ,PA,17901-1335,Proprietary  ,135,399,534,135,399,534
00489900,MERCY HOSP SCH OF NURSING               ,PA,15219-5166,Private      ,46,35,81,46,35,81
00490100,NEWPORT BUSINESS INSTITUTE              ,PA,15068-3929,Proprietary  ,9,27,36,9,27,36
00490200,PENN COMMERCIAL BUSINESS/TECHNICAL SCHL ,PA,15301-2871,Proprietary  ,61,115,176,61,115,176
00491000,KAPLAN CAREER INSTITUTE                 ,PA,17111-3571,Proprietary  ,62,101,163,62,101,163
00491001,THOMPSON INSTITUTE-PHILADEPHIA CAMPUS   ,PA,19104-3386,Proprietary  ,29,173,202,29,173,202
00491002,THOMPSON INSTITUTE-CHAMBERSBURG         ,PA,17201-0000,Proprietary  ,1,0,1,1,0,1
00491400,NEWPORT BUSINESS INSTITUTE              ,PA,17701-5855,Proprietary  ,24,49,73,24,49,73
00500701,WEST VIRGINIA CAREER INSTITUTE          ,PA,15456-0000,Proprietary  ,27,46,73,27,46,73
00531000,PITTSBURGH INST OF AERONAUTICS          ,PA,15236-0000,Private      ,53,28,81,53,28,81
00533000,FAYETTE CNTY AREA VOC TECH PRC NRSG     ,PA,15401-0000,Public       ,5,40,45,5,40,45
00533500,CENTRAL PENN INST OF SCI & TECH PNP     ,PA,16823-0000,Public       ,5,22,27,5,22,27
00534100,UPPER BUCKS CO AREA VOC-TECH SCHOOL     ,PA,18944-0000,Public       ,0,3,3,0,3,3
00536500,YORK CO AREA VOC-TECH SCH-PRAC NSG      ,PA,17402-0000,Public       ,6,9,15,6,9,15
00594200,UPMC PRESBYTERIAN SCH OF RADIOLOGIC     ,PA,15213-2582,Private      ,14,11,25,14,11,25
00594600,SCHOOL OF RADIOLOGIC TECHNOLOGY AT ST. C,PA,19134-1995,Proprietary  ,10,14,24,10,14,24
00653400,CITIZENS SCHOOL OF NURSING              ,PA,15068-6591,Private      ,13,25,38,13,25,38
00653700,CONEMAUGH VLY MEM HOSP SCH NRSNG        ,PA,15905-4398,Private      ,48,47,95,48,47,95
00653702,CONEMAUGH HOSP- SCH HISTOTECHNOLOGY     ,PA,15905-0000,Private      ,4,0,4,4,0,4
00653704,CONEMAUGH VLY MEM HOSP SCH RAD TECH     ,PA,15905-0000,Private      ,18,8,26,18,8,26
00653706,CONEMAUGH VLY MEM HOSP SCH  MED TECH    ,PA,15905-4398,Private      ,1,2,3,1,2,3
00653900,EPISCOPAL HOSPITAL SCHL OF NURSING      ,PA,19125-1000,Private      ,25,123,148,25,123,148
00655100,ST MARGARET SCHL OF NURSING             ,PA,15238-3205,Private      ,22,76,98,22,76,98
00656000,OHIO VALLEY HOSP SCH OF NURSING         ,PA,15136-1694,Private      ,3,18,21,3,18,21
00656500,READING HOSPITAL SCHOOL OF HEALTH SCIENC,PA,19611-1744,Private      ,67,100,167,67,100,167
00657400,"ST LUKE'S HOSPITAL OF BETHLEHEM, PA     ",PA,18015-1065,Private      ,22,55,77,22,55,77
00657600,SEWICKLEY VALLEY HOSP SCH NRSNG         ,PA,15143-1498,Private      ,17,37,54,17,37,54
00657602,HVHS SCHOOL OF RADIOLOGIC TECHNOLOGY    ,PA,15143-0000,Private      ,2,3,5,2,3,5
00657700,UPMC SHADYSIDE SCHOOL OF NURSING        ,PA,15232-1381,Private      ,34,94,128,34,94,128
00657800,SHARON REGIONAL SCHOOL OF NURSING       ,PA,16146-3395,Private      ,11,23,34,11,23,34
00658200,WASHINGTON HOSP SCH OF NURSING          ,PA,15301-3398,Private      ,33,59,92,33,59,92
00658202,WASHINGTON HOSP SCH OF RAD TECH         ,PA,15301-3398,Private      ,10,7,17,10,7,17
00658300,WESTERN PENN HOSP-SCH OF NURSING        ,PA,15224-1790,Private      ,38,34,72,38,34,72
00680700,COMMUNITY COLLEGE OF BEAVER COUNTY      ,PA,15061-2588,Public       ,276,293,569,276,293,569
00681000,LEHIGH CARBON COMMUNITY COLLEGE         ,PA,18078-2598,Public       ,690,641,1331,690,641,1331
00681100,LUZERNE COUNTY COMMUNITY COLLEGE        ,PA,18634-3899,Public       ,773,720,1493,773,720,1493
00708700,ABINGTON MEM HOSP SCHL OF NURSING       ,PA,19090-1284,Private      ,51,74,125,51,74,125
00709000,METHODIST HOSPITAL SCH OF NURSING       ,PA,19148-3594,Private      ,5,12,17,5,12,17
00709100,EVEREST INSTITUTE                       ,PA,15222-1320,Proprietary  ,51,296,347,51,296,347
00711000,DELAWARE COUNTY COMMUNITY COLLEGE       ,PA,19063-1094,Public       ,904,1034,1938,904,1034,1938
00719100,NORTHAMPTON COMMUNITY COLLEGE           ,PA,18020-7599,Public       ,1403,1208,2611,1403,1208,2611
00739802,KATHERINE GIBBS-PHILADELPHIA            ,PA,19403-2422,Proprietary  ,30,29,59,30,29,59
00743000,ANTONELLI INST OF ART & PHOTOGRAPHY     ,PA,19038-8242,Proprietary  ,88,6,94,88,6,94
00743600,KAPLAN CAREER INSTITUTE - ICM CAMPUS    ,PA,15222-1977,Proprietary  ,111,365,476,111,365,476
00743700,PITTSBURGH TECHNICAL INSTITUTE          ,PA,15071-3205,Proprietary  ,1196,387,1583,1196,387,1583
00746900,"HUSSIAN SCHOOL OF ART, INC.             ",PA,19106-0000,Proprietary  ,52,3,55,52,3,55
00747000,"ART INSTITUTE OF PITTSBURGH, THE        ",PA,15219-1328,Proprietary  ,1598,1622,3220,1598,1622,3220
00752900,CTR ART TCH BRDYWN CMPS PRC NRS PRG     ,PA,19320-2459,Public       ,3,38,41,3,38,41
00775900,LINCOLN TECHNICAL INSTITUTE             ,PA,18104-3298,Proprietary  ,103,106,209,103,106,209
00777900,LANSDALE SCHOOL OF BUSINESS             ,PA,19454-4148,Proprietary  ,10,49,59,10,49,59
00778000,NEW CASTLE SCHOOL OF TRADES             ,PA,16143-9721,Proprietary  ,43,117,160,43,117,160
00778100,CHI INSTITUTE/RETS CAMPUS               ,PA,19008-3516,Proprietary  ,61,293,354,61,293,354
00782600,BEREAN INSTITUTE                        ,PA,19130-1526,Private      ,12,7,19,12,7,19
00783200,LINCOLN TECH INSTITUTE                  ,PA,19136-1595,Proprietary  ,124,151,275,124,151,275
00783900,TRIANGLE TECH                           ,PA,15214-3897,Proprietary  ,38,42,80,38,42,80
00791200,THADDEUS STEVENS CLG OF TECHNOLOGY      ,PA,17602-0000,Public       ,281,90,371,281,90,371
00791600,FRANKLIN CNTY CAREER & TECH CTR-PNP     ,PA,17201-0000,Public       ,1,4,5,1,4,5
00820000,JAMESON MEMORIAL HOSP SCH NURSING       ,PA,16105-2595,Private      ,27,47,74,27,47,74
00826301,AWARD BEAUTY SCHOOL - CHAMBERSBURG BEAUT,PA,17201-2435,Proprietary  ,1,1,2,1,1,2
00835000,ART INSTITUTE OF PHILADELPHIA           ,PA,19103-5198,Proprietary  ,1420,532,1952,1420,532,1952
00844100,ANTHEM INSTITUTE                        ,PA,19064-1243,Proprietary  ,42,79,121,42,79,121
00856800,VET TECH INSTITUTE                      ,PA,15222-3400,Proprietary  ,56,27,83,56,27,83
00865300,JEFFERSON CO DUBOIS VOC TECH-PR NSG     ,PA,15851-0000,Public       ,9,21,30,9,21,30
00888900,LEHIGH VALLEY COLLEGE                   ,PA,18034-8447,Proprietary  ,400,363,763,400,363,763
00895500,PRUONTOS HAIR DESIGN INSTITUTE & BEAUTY ,PA,16602-0000,Proprietary  ,4,0,4,4,0,4
00918600,DEAN INSTITUTE OF TECHNOLOGY            ,PA,15226-1197,Proprietary  ,6,21,27,6,21,27
00944900,PENNCO TECH                             ,PA,19007-0000,Proprietary  ,18,4,22,18,4,22
00966400,EMPIRE BEAUTY SCHOOL                    ,PA,18052-5730,Proprietary  ,9,18,27,9,18,27
00966500,EMPIRE BEAUTY SCHOOL                    ,PA,17109-2210,Proprietary  ,22,26,48,22,26,48
00966600,EMPIRE BEAUTY SCHOOL                    ,PA,19605-2803,Proprietary  ,14,26,40,14,26,40
00972100,BRADFORD SCHOOL                         ,PA,15219-2602,Proprietary  ,44,3,47,44,3,47
00972300,FRANKFORD HOSP SCH OF NURSING           ,PA,19124-2696,Private      ,99,101,200,99,101,200
00978300,GORDON PHILLIPS SCH OF BEAUTY CULT      ,PA,19135-0000,Proprietary  ,17,31,48,17,31,48
00986300,LANCASTER GENERAL COLLEGE OF NURSING AND,PA,17602-4955,Private      ,86,108,194,86,108,194
01000600,GREATER JOHNSTOWN AREA VOC TECH SCH     ,PA,15904-0000,Public       ,9,49,58,9,49,58
01005500,CRAWFORD CNTY AREA VO-TECH PRAC NUR     ,PA,16335-0000,Public       ,2,2,4,2,2,4
01017600,WESTMORELAND COUNTY COMMUNITY CLG       ,PA,15697-1895,Public       ,435,554,989,435,554,989
01038800,READING AREA COMMUNITY COLLEGE          ,PA,19603-1706,Public       ,343,642,985,343,642,985
01054100,EMPIRE BEAUTY SCHOOL                    ,PA,15146-2229,Proprietary  ,27,47,74,27,47,74
01054200,EMPIRE BEAUTY SCHOOL                    ,PA,18701-0000,Proprietary  ,41,44,85,41,44,85
01054300,EMPIRE BEAUTY SCHOOL                    ,PA,17701-3914,Proprietary  ,16,32,48,16,32,48
01081400,PITTSBURGH INST MORTUARY SCIENCE        ,PA,15206-3706,Private      ,22,45,67,22,45,67
01086000,GREATER ALTOONA CAREER/TECH CENTER      ,PA,16602-0000,Public       ,14,24,38,14,24,38
01096300,GREENE COUNTY VOC-TECH SCHOOL           ,PA,15370-0000,Public       ,3,5,8,3,5,8
01097000,EMPIRE BEAUTY SCHOOL                    ,PA,17042-5209,Proprietary  ,5,4,9,5,4,9
01099800,PENNSYLVANIA INSTITUTE OF TECH          ,PA,19063-4098,Private      ,50,25,75,50,25,75
01102000,EMPIRE BEAUTY SCHOOL                    ,PA,17604-4335,Proprietary  ,7,18,25,7,18,25
01102100,EMPIRE BEAUTY SCHOOL                    ,PA,17402-2862,Proprietary  ,23,37,60,23,37,60
01162100,AUTOMOTIVE TRAINING CENTER              ,PA,19341-1310,Proprietary  ,159,32,191,159,32,191
01163800,EMPIRE BEAUTY SCHOOL                    ,PA,17876-0000,Proprietary  ,9,10,19,9,10,19
01171500,POTTSVILLE HOSPITAL SCHOOL OF NURSING   ,PA,17901-3692,Private      ,21,24,45,21,24,45
01191900,BEAVER FALLS BEAUTY ACADEMY             ,PA,15010-4208,Proprietary  ,1,1,2,1,1,2
01205000,ROSEDALE TECHNICAL INSTITUTE            ,PA,15205-9791,Private      ,49,49,98,49,49,98
01239300,THOMAS JEFF UNIV-CLG ALLIED HEALTH      ,PA,19107-0000,Private      ,236,337,573,236,337,573
01239301,JEFFERSON MED CLG-T. JEFFERSON UNIV     ,PA,19107-5587,Private      ,79,847,926,79,847,926
01239303,THOMAS JEFFERSON UNIV-GRADUATE COLG     ,PA,19107-0000,Private      ,79,326,405,79,326,405
01246104,LINCOLN TECHNICAL INSTITUTE             ,PA,19104-0202,Proprietary  ,19,11,30,19,11,30
01246105,LINCOLN TECHNICAL INSTITUTE             ,PA,19116-4202,Proprietary  ,29,55,84,29,55,84
01246106,THE CITTONE INSTITUTE                   ,PA,19462-1326,Proprietary  ,11,29,40,11,29,40
01252300,TALMUDICAL YESHIVA OF PHILA             ,PA,19131-1296,Private      ,1,0,1,1,0,1
01260500,EMPIRE BEAUTY SCHOOL                    ,PA,17331-2405,Proprietary  ,21,11,32,21,11,32
01260600,EMPIRE BEAUTY SCHOOL                    ,PA,17901-2505,Proprietary  ,18,28,46,18,28,46
01260700,EMPIRE BEAUTY SCHOOL                    ,PA,16801-5218,Proprietary  ,1,5,6,1,5,6
01292900,SOUTH HILLS BEAUTY ACADEMY              ,PA,15216-2335,Proprietary  ,3,4,7,3,4,7
01301500,GORDON PHILLIPS SCH BEAUTY CULTURE      ,PA,19102-2701,Proprietary  ,29,60,89,29,60,89
01313400,YESHIVATH BETH MOSHE                    ,PA,18505-2196,Private      ,3,0,3,3,0,3
01321400,ROXBOROUGH MEM HOSP SCH OF NURSING      ,PA,19128-0000,Proprietary  ,19,81,100,19,81,100
01326300,SOUTH HILLS SCH OF BUS & TECHNOLOGY     ,PA,16801-4516,Proprietary  ,135,144,279,135,144,279
01326304,SOUTH HILLS SCHOOL OF BUSINESS & TECHNOL,PA,16602-1188,Proprietary  ,21,15,36,21,15,36
02061000,VENUS BEAUTY ACADEMY                    ,PA,19079-0000,Proprietary  ,4,4,8,4,4,8
02068300,DOUGLAS SCHOOL OF BUSINESS              ,PA,15062-0000,Proprietary  ,52,62,114,52,62,114
02090200,TRIANGLE TECH                           ,PA,16502-0000,Proprietary  ,23,21,44,23,21,44
02092500,LAUREL TECHNICAL INSTITUTE              ,PA,16146-0000,Proprietary  ,2,29,31,2,29,31
02092502,BUSINESS INSTITUTE OF PENNSYLVANIA      ,PA,16335-0000,Proprietary  ,2,20,22,2,20,22
02107300,PENNSYLVANIA ACADEMY OF FINE ARTS       ,PA,19102-1424,Private      ,109,149,258,109,149,258
02112200,GREAT LAKES INSTITUTE OF TECHNOLOGY     ,PA,16509-0000,Proprietary  ,34,6,40,34,6,40
02114200,JOHNSON COLLEGE                         ,PA,18508-0000,Private      ,120,36,156,120,36,156
02116001,SANFORD-BROWN INSTITUTE - TREVOSE       ,PA,19053-4700,Proprietary  ,53,203,256,53,203,256
02118000,LEVITTOWN BEAUTY ACADEMY LLC            ,PA,19054-1713,Proprietary  ,2,0,2,2,0,2
02119300,PA ACAD OF COSMETOLOGY ARTS & SCI       ,PA,15904-0000,Proprietary  ,5,20,25,5,20,25
02119301,PA ACAD OF COSMTLGY ARTS & SCI          ,PA,15801-0000,Proprietary  ,3,0,3,3,0,3
02120800,"YORKTOWNE BUSINESS INSTITUTE, INC.      ",PA,17404-0000,Proprietary  ,14,84,98,14,84,98
02127400,YORK TECHNICAL INSTITUTE                ,PA,17402-0000,Proprietary  ,524,454,978,524,454,978
02129000,TRIANGLE TECH                           ,PA,15601-0000,Proprietary  ,51,20,71,51,20,71
02144000,"VISION ACADEMY, THE                     ",PA,18103-0000,Proprietary  ,7,3,10,7,3,10
02147800,SCHUYLKILL INST BUSINESS & TECHNLGY     ,PA,17901-0000,Proprietary  ,20,39,59,20,39,59
02149000,EMPIRE BEAUTY SCHOOL                    ,PA,19341-2804,Proprietary  ,9,12,21,9,12,21
02151500,CENTRAL SUSQUEHANNA LPN CENTER          ,PA,17847-0000,Public       ,10,70,80,10,70,80
02153500,OAKBRIDGE ACADEMY OF ARTS               ,PA,15068-0000,Proprietary  ,14,7,21,14,7,21
02158300,JUNIATA-MIFFLIN CO AREA VOC TECH        ,PA,17044-0000,Public       ,8,10,18,8,10,18
02161400,NORTHEASTERN HOSP SCH OF NRSG           ,PA,19134-0000,Private      ,16,70,86,16,70,86
02169600,CLEARFIELD CTY CAREER AND TECH CNTR     ,PA,16830-0000,Public       ,11,20,31,11,20,31
02174400,TRIANGLE TECH                           ,PA,15801-0000,Proprietary  ,113,108,221,113,108,221
02178900,ACADEMY OF HAIR DESIGN                  ,PA,18202-1465,Proprietary  ,4,1,5,4,1,5
02183000,ORLEANS TECHNICAL INSTITUTE             ,PA,19111-0000,Private      ,17,45,62,17,45,62
02186705,HARRISON CAREER INSTITUTE               ,PA,18704-0000,Proprietary  ,0,1,1,0,1,1
02192800,WALNUT HILL COLLEGE                     ,PA,19104-0000,Proprietary  ,217,72,289,217,72,289
02202300,SANFORD-BROWN INSTITUTE                 ,PA,15219-1907,Proprietary  ,113,271,384,113,271,384
02202301,SANFORD-BROWN INSTITUTE                 ,PA,15146-2141,Proprietary  ,84,159,243,84,159,243
02203900,ERIE INSTITUTE OF TECHNOLOGY            ,PA,16565-1002,Proprietary  ,27,27,54,27,27,54
02206200,AMBLER BEAUTY ACADEMY                   ,PA,19002-0000,Proprietary  ,2,4,6,2,4,6
02206300,STROUDSBURG SCHOOL OF COSMETOLOGY       ,PA,18360-0000,Proprietary  ,7,3,10,7,3,10
02212700,LANCASTER SCHOOL OF COSMETOLOGY         ,PA,17602-0000,Proprietary  ,4,9,13,4,9,13
02213400,PROFESSIONAL SKILLS CAREER ACADEMY      ,PA,16148-0000,Proprietary  ,6,4,10,6,4,10
02234200,ACADEMY OF MEDICAL ARTS & BUSINESS      ,PA,17112-0000,Proprietary  ,6,7,13,6,7,13
02251200,SCHUYLKILL COUNTY AREA VOC TECH SCH     ,PA,17931-0000,Public       ,8,32,40,8,32,40
02251202,SCHUYLKILL COUNTY AREA VOC TECH SCH     ,PA,17931-0000,Public       ,6,5,11,6,5,11
02253900,BERKS TECHNICAL INSTITUTE               ,PA,19610-0000,Proprietary  ,150,237,387,150,237,387
02255200,PENNSYLVANIA SCHOOL OF BUSINESS         ,PA,18101-1604,Proprietary  ,8,56,64,8,56,64
02269900,PENNSYLVANIA COLLEGE OF ART & DESIGN    ,PA,17603-3528,Private      ,151,15,166,151,15,166
02270500,BUCKS COUNTY SCHOOL OF BEAUTY CULT      ,PA,19053-0000,Proprietary  ,6,5,11,6,5,11
02273400,RECONSTRUCTIONIST RABBINICAL COLLEG     ,PA,19095-0000,Private      ,0,7,7,0,7,7
02276600,HANOVER PUBLIC SCH DIST PRAC NURSG      ,PA,17331-0000,Public       ,3,14,17,3,14,17
02282500,LENAPE SCHOOL OF PRACTICAL NURSING      ,PA,16226-0000,Public       ,13,84,97,13,84,97
02288800,EMPIRE BEAUTY SCHOOL                    ,PA,18974-4508,Proprietary  ,2,2,4,2,2,4
02289500,PACE INSTITUTE                          ,PA,19601-0000,Proprietary  ,3,39,42,3,39,42
02289600,CONSOLIDATED SCHOOL OF BUSINESS         ,PA,17404-0000,Proprietary  ,16,41,57,16,41,57
02289700,ACADEMY OF CREATIVE HAIR DESIGN         ,PA,18702-0000,Proprietary  ,5,6,11,5,6,11
02289800,CHI INSTITUTE - FRANKLIN MILLS          ,PA,19154-0000,Proprietary  ,49,97,146,49,97,146
02290400,"ALTOONA BEAUTY SCHOOL, INC              ",PA,16602-0000,Proprietary  ,4,1,5,4,1,5
02292700,LANSDALE SCHOOL OF COSMETOLOGY          ,PA,19446-0000,Proprietary  ,2,4,6,2,4,6
02299300,TRINITY EPISCOPAL SCHOOL MINISTRY       ,PA,15003-0000,Private      ,0,10,10,0,10,10
02301300,PJA SCHOOL (THE)                        ,PA,19082-1917,Proprietary  ,8,88,96,8,88,96
02304400,YTI CAREER INSTITUTE - MECHANICSBURG    ,PA,17055-0000,Proprietary  ,41,110,151,41,110,151
02306200,VENANGO COUNTY AREA VOC TECH SCHOOL     ,PA,16301-0000,Public       ,5,8,13,5,8,13
02310800,LANCASTER COUNTY CAREER & TECH CTR      ,PA,17584-0000,Public       ,16,80,96,16,80,96
02330300,LEBANON CO CAREER & TECHNOLOGY CTR      ,PA,17042-0000,Public       ,4,16,20,4,16,20
02330600,PENNSYLVANIA GUNSMITH SCHOOL            ,PA,15202-0000,Proprietary  ,7,8,15,7,8,15
02350100,WESTERN AREA CAREER & TECHNOLOGY CT     ,PA,15317-0000,Public       ,6,50,56,6,50,56
02350200,INDIANA COUNTY TECH CTR SCH PR NSG      ,PA,15701-1465,Public       ,5,11,16,5,11,16
02353100,NORTHERN TIER CAREER CENTER             ,PA,18848-0000,Public       ,2,21,23,2,21,23
02361002,ITT TECHNICAL INSTITUTE                 ,PA,19406-0000,Proprietary  ,63,27,90,63,27,90
02362300,MERCER COUNTY AREA VOC TECH SCHOOL      ,PA,16137-0000,Public       ,8,10,18,8,10,18
02492500,DELAWARE VLY ACAD MED DNTL ASSTS        ,PA,19114-0000,Proprietary  ,1,0,1,1,0,1
02492600,EASTERN CTR ARTS AND TECH PR NSG        ,PA,19090-0000,Public       ,0,34,34,0,34,34
02495500,ALL-STATE CAREER SCHOOL                 ,PA,19029-0000,Proprietary  ,5,31,36,5,31,36
02529800,WILKES BARRE AREA CAREER AND TECHNICAL C,PA,18705-0000,Public       ,11,39,50,11,39,50
02530400,CLEARFIELD BEAUTY ACADEMY               ,PA,16830-0000,Proprietary  ,0,1,1,0,1,1
02536600,COMMONWEALTH TECH INSTIT @ HIRAM G      ,PA,15905-0000,Public       ,53,37,90,53,37,90
02539900,STAR TECHNICAL INSTITUTE                ,PA,19082-0000,Proprietary  ,6,50,56,6,50,56
02544300,BUTLER BEAUTY SCHOOL                    ,PA,16001-0000,Proprietary  ,6,14,20,6,14,20
02545000,LAWRENCE COUNTY CAREER AND TECHNICAL CEN,PA,16101-0000,Public       ,3,12,15,3,12,15
02546200,LAUREL BUSINESS INSTITUTE               ,PA,15401-0877,Proprietary  ,46,80,126,46,80,126
02550000,CLARION CO AREA VOC-TECH PRAC NRSG      ,PA,16254-0000,Public       ,3,9,12,3,9,12
02554500,HAZLETON AREA CAREER CENTER PRACTICAL NU,PA,18201-0000,Public       ,11,22,33,11,22,33
02557800,ART INSTITUTE OF YORK (THE) - PENNSYLVAN,PA,17402-9012,Proprietary  ,225,64,289,225,64,289
02558701,PRISM CAREER INSTITUTE - PHL CAMPUS     ,PA,19152-0000,Proprietary  ,1,3,4,1,3,4
02566400,ALBERT EINSTEIN MED CTR DEPT DNTL       ,PA,19141-3098,Private      ,3,3,6,3,3,6
02574800,PENNSYLVANIA INSTITUTE OF TAXIDERMY     ,PA,15931-0000,Proprietary  ,2,7,9,2,7,9
02609500,CAREER TRAINING ACADEMY                 ,PA,15068-6308,Proprietary  ,15,53,68,15,53,68
02609501,CAREER TRAINING ACADEMY                 ,PA,15146-0000,Proprietary  ,4,1,5,4,1,5
02615400,STAR TECHNICAL INSTITUTE                ,PA,19114-2204,Proprietary  ,22,113,135,22,113,135
02616100,JEAN MADELINE ED CTR FOR COSM           ,PA,19147-1542,Proprietary  ,46,36,82,46,36,82
03006800,PENNSYLVANIA CULINARY INSTITUTE         ,PA,15222-3511,Proprietary  ,472,286,758,472,286,758
03010800,TRI-STATE BUSINESS INSTITUTE            ,PA,16506-1013,Proprietary  ,189,808,997,189,808,997
03011500,ALLIED MEDICAL AND TECHNICAL INSTITUTE  ,PA,18702-0000,Proprietary  ,7,26,33,7,26,33
03011600,ALLIED MEDICAL AND TECHNICAL INSTITUTE  ,PA,18509-2903,Proprietary  ,16,24,40,16,24,40
03021001,HARRISON CAREER INSTITUTE.              ,PA,18103-0000,Proprietary  ,1,0,1,1,0,1
03029900,CONSOLIDATED SCHOOL OF BUSINESS         ,PA,17603-2389,Proprietary  ,26,54,80,26,54,80
03031600,DPT BUSINESS SCHOOL                     ,PA,19116-3961,Proprietary  ,5,52,57,5,52,57
03031601,DPT BUSINESS SCHOOL                     ,PA,19106-0000,Proprietary  ,5,50,55,5,50,55
03067000,ANTONELLI MEDICAL & PROF INST           ,PA,19464-9244,Proprietary  ,0,3,3,0,3,3
03072400,ALL-STATE CAREER SCHOOL                 ,PA,15122-1000,Proprietary  ,0,5,5,0,5,5
03072600,DCI CAREER INSTITUTE                    ,PA,15061-2307,Proprietary  ,1,20,21,1,20,21
03081900,YTI CAREER INSTITUTE - ALTOONA          ,PA,16602-4457,Proprietary  ,27,99,126,27,99,126
03085200,HARRISON CAREER INSTITUTE               ,PA,19103-5402,Proprietary  ,0,2,2,0,2,2
03090800,LAKE ERIE COLL OF OSTEOPATHIC MED       ,PA,16509-0000,Private      ,77,1112,1189,77,1112,1189
03098600,CAREER TECH CTR OF LACKAWANNA CNTY      ,PA,18508-0000,Public       ,5,14,19,5,14,19
03101500,BIDWELL TRAINING CENTER                 ,PA,15233-2233,Private      ,0,4,4,0,4,4
03103300,JNA INSTITUTE OF CULINARY ARTS          ,PA,19146-3119,Proprietary  ,20,13,33,20,13,33
03109100,METROPOLITAN CAREER CENTER              ,PA,19144-0000,Private      ,4,20,24,4,20,24
03110700,AVIATION INSTITUTE OF MAINTENANCE       ,PA,19114-1017,Proprietary  ,8,27,35,8,27,35
03126000,CENTER FOR INNOVATIVE TRAINING & ED     ,PA,19106-4414,Proprietary  ,1,4,5,1,4,5
03128400,DELAWARE COUNTY TECHNICAL SCHOOL        ,PA,19032-1998,Public       ,4,25,29,4,25,29
03128800,GECAC TRAINING INSTITUTE                ,PA,16502-1137,Private      ,0,3,3,0,3,3
03180400,PENNSYLVANIA HIGHLANDS COMMUNITY COLLEGE,PA,15904-2927,Public       ,121,180,301,121,180,301
03236400,LT INTERNATIONAL BEAUTY SCHOOL          ,PA,19130-2235,Proprietary  ,1,3,4,1,3,4
03353300,ACADEMY OF VOCAL ARTS                   ,PA,19103-6685,Private      ,3,18,21,3,18,21
03439400,NAWCC SCHOOL OF HOROLOGY                ,PA,17512-2130,Private      ,2,0,2,2,0,2
03471400,NORTH CENTRAL INDUSTRIAL TECHNICAL      ,PA,15853-9708,Private      ,3,3,6,3,3,6
03503300,WINNER INSTITUTE OF ARTS & SCIENCES     ,PA,16154-1811,Private      ,9,2,11,9,2,11
03535300,HUNTINGDON COUNTY CAREER AND TECHNO     ,PA,17060-0905,Public       ,0,7,7,0,7,7
03561400,SUSQUEHANNA COUNTY CAREER & TECHNOL     ,PA,18816-0100,Public       ,2,1,3,2,1,3
03661300,SPRINGHOUSE COMPUTER SCHOOL             ,PA,19341-1129,Proprietary  ,1,0,1,1,0,1
03766300,PENNSYLVANIA SCHOOL OF MUSCLE THERAPY   ,PA,19406-3101,Proprietary  ,7,13,20,7,13,20
03781300,PRINCETON INFORMATION TECHNOLOGY CENTER ,PA,19038-4535,Proprietary  ,0,1,1,0,1,1
03899300,CALVARY BAPTIST THEOLOGICAL SEMINARY    ,PA,19446-4718,Private      ,2,1,3,2,1,3
03923300,PRECISION MANUFACTURING INSTITUTE       ,PA,16335-8380,Private      ,1,1,2,1,1,2
03949300,WON INSTITUTE OF GRADUATE STUDIES       ,PA,19038-4535,Private      ,0,1,1,0,1,1
03950500,NORTHWEST REGIONAL TECHNOLOGY INSTITUTE ,PA,16508-2820,Proprietary  ,1,3,4,1,3,4
03952300,NATIONAL MASSAGE THERAPY INSTITUTE      ,PA,19116-3965,Proprietary  ,1,10,11,1,10,11
00267813,BRYANT & STRATTON COLLEGE - MIL DOWNTOWN,WI,53203-2608,Proprietary  ,64,291,355,64,291,355
00383200,ALVERNO COLLEGE                         ,WI,53234-3922,Private      ,659,791,1450,659,791,1450
00383500,BELOIT COLLEGE                          ,WI,53511-5595,Private      ,1453,53,1506,1453,53,1506
00383700,CARDINAL STRITCH UNIVERSITY             ,WI,53217-9884,Private      ,354,881,1235,354,881,1235
00383800,CARROLL UNIVERSITY                      ,WI,53186-5593,Private      ,1714,281,1995,1714,281,1995
00383900,CARTHAGE COLLEGE                        ,WI,53141-0000,Private      ,2383,195,2578,2383,195,2578
00384000,WESTERN TECHNICAL COLLEGE               ,WI,54601-0908,Public       ,412,340,752,412,340,752
00384200,CONCORDIA UNIVERSITY WISCONSIN          ,WI,53097-2402,Private      ,959,601,1560,959,601,1560
00384800,EDGEWOOD COLLEGE                        ,WI,53711-1958,Private      ,744,341,1085,744,341,1085
00385000,SILVER LAKE COLLEGE                     ,WI,54220-9319,Private      ,62,109,171,62,109,171
00385400,LAKELAND COLLEGE                        ,WI,53082-0000,Private      ,473,400,873,473,400,873
00385600,LAWRENCE UNIVERSITY                     ,WI,54912-0599,Private      ,1500,41,1541,1500,41,1541
00386100,MARIAN UNIVERSITY                       ,WI,54935-4699,Private      ,738,461,1199,738,461,1199
00386300,MARQUETTE UNIVERSITY                    ,WI,53201-0000,Private      ,8304,2338,10642,8304,2338,10642
00386600,MILWAUKEE AREA TECH COLLEGE             ,WI,53233-1443,Public       ,1105,3220,4325,1105,3220,4325
00386800,MILWAUKEE SCHOOL OF ENGINEERING         ,WI,53202-3109,Private      ,1594,255,1849,1594,255,1849
00386900,MOUNT MARY COLLEGE                      ,WI,53222-4597,Private      ,333,407,740,333,407,740
00387400,NASHOTAH HOUSE                          ,WI,53058-0000,Private      ,0,18,18,0,18,18
00387500,NORTHLAND COLLEGE                       ,WI,54806-3999,Private      ,730,65,795,730,65,795
00388400,RIPON COLLEGE                           ,WI,54971-0248,Private      ,797,11,808,797,11,808
00389200,ST. NORBERT COLLEGE                     ,WI,54115-2002,Private      ,1312,35,1347,1312,35,1347
00389500,UNIVERSITY OF WISCONSIN-MADISON         ,WI,53715-1382,Public       ,11349,5478,16827,11349,5478,16827
00389600,UNIVERSITY OF WISCONSIN-MILWAUKEE       ,WI,53201-3165,Public       ,7529,3871,11400,7529,3871,11400
00389700,UNIVERSITY OF WISCONSIN COLLEGES        ,WI,53708-8680,Public       ,481,310,791,481,310,791
00389701,UNIVERSITY OF WISCONSIN-BARABOO         ,WI,53913-1098,Public       ,84,40,124,84,40,124
00389702,UNIVERSITY OF WISCONSIN-BARRON          ,WI,54868-2497,Public       ,110,28,138,110,28,138
00389703,UNIVERSITY OF WISCONSIN-FOND DU LAC     ,WI,54935-2998,Public       ,155,76,231,155,76,231
00389704,UNIVERSITY OF WISCONSIN-FOX VALLEY      ,WI,54952-1297,Public       ,342,140,482,342,140,482
00389705,UNIVERSITY OF WISCONSIN-MANITOWOC       ,WI,54220-6699,Public       ,99,37,136,99,37,136
00389706,UNIVERSITY OF WISCONSIN-MARATHON        ,WI,54401-5396,Public       ,207,63,270,207,63,270
00389707,UNIVERSITY OF WISCONSIN-MARINETTE       ,WI,54143-4299,Public       ,105,28,133,105,28,133
00389708,UNIVERSITY OF WISCONSIN-MARSHFIELD      ,WI,54449-3310,Public       ,99,49,148,99,49,148
00389709,UNIVERSITY OF WISCONSIN-RICHLAND        ,WI,53581-1399,Public       ,101,21,122,101,21,122
00389710,UNIVERSITY OF WISCONSIN COLLEGES - ROCK ,WI,53546-5699,Public       ,136,80,216,136,80,216
00389711,UNIVERSITY OF WISCONSIN-SHEBOYGAN       ,WI,53081-4789,Public       ,96,53,149,96,53,149
00389712,UNIVERSITY OF WISCONSIN-WASHINGTON      ,WI,53095-3699,Public       ,148,47,195,148,47,195
00389713,UNIVERSITY OF WISCONSIN-WAUKESHA        ,WI,53188-2799,Public       ,276,78,354,276,78,354
00389900,UNIVERSITY OF WISCONSIN-GREEN BAY       ,WI,54311-7001,Public       ,2029,528,2557,2029,528,2557
00391100,VITERBO UNIVERSITY                      ,WI,54601-4777,Private      ,1131,386,1517,1131,386,1517
00391500,UNIVERSITY OF WISCONSIN-STOUT           ,WI,54751-0790,Public       ,2599,552,3151,2599,552,3151
00391700,UNIVERSITY OF WISCONSIN-EAU CLAIRE      ,WI,54702-4004,Public       ,3779,469,4248,3779,469,4248
00391900,UNIVERSITY OF WISCONSIN-LA CROSSE       ,WI,54601-3742,Public       ,3967,583,4550,3967,583,4550
00392000,UNIVERSITY OF WISCONSIN-OSHKOSH         ,WI,54901-8604,Public       ,3887,1268,5155,3887,1268,5155
00392100,UNIVERSITY OF WISCONSIN-PLATTEVILLE     ,WI,53818-3099,Public       ,2371,384,2755,2371,384,2755
00392300,UNIVERSITY OF WISCONSIN-RIVER FALLS     ,WI,54022-5013,Public       ,1946,296,2242,1946,296,2242
00392400,UNIVERSITY OF WISCONSIN-STEVENS POINT   ,WI,54481-3871,Public       ,2887,502,3389,2887,502,3389
00392500,UNIVERSITY OF WISCONSIN-SUPERIOR        ,WI,54880-2898,Public       ,656,427,1083,656,427,1083
00392600,UNIVERSITY OF WISCONSIN-WHITEWATER      ,WI,53190-1792,Public       ,3756,801,4557,3756,801,4557
00400700,MADISON AREA TECHNICAL COLLEGE          ,WI,53704-2599,Public       ,881,988,1869,881,988,1869
00501500,UNIVERSITY OF WISCONSIN-PARKSIDE        ,WI,53141-2000,Public       ,1156,549,1705,1156,549,1705
00529400,WAUKESHA COUNTY TECHNICAL COLLEGE       ,WI,53072-4696,Public       ,270,411,681,270,411,681
00530100,NORTHEAST WISCONSIN TECHNICAL COLLEGE   ,WI,54307-9042,Public       ,481,781,1262,481,781,1262
00530400,CHIPPEWA VALLEY TECHNICAL COLLEGE       ,WI,54701-6162,Public       ,459,710,1169,459,710,1169
00538000,MID-STATE TECHNICAL COLLEGE             ,WI,54494-5512,Public       ,152,235,387,152,235,387
00538400,NICOLET AREA TECHNICAL COLLEGE          ,WI,54501-0000,Public       ,111,161,272,111,161,272
00538700,NORTHCENTRAL TECHNICAL COLLEGE          ,WI,54401-1899,Public       ,159,285,444,159,285,444
00538900,GATEWAY TECHNICAL COLLEGE               ,WI,53144-1690,Public       ,252,1124,1376,252,1124,1376
00539000,BLACKHAWK TECHNICAL COLLEGE             ,WI,53547-5009,Public       ,137,320,457,137,320,457
00610800,BELLIN HOSP SCH OF RAD TECH             ,WI,54305-3505,Private      ,9,4,13,9,4,13
00611500,MERCY MED CTR SCH OF RAD TECH           ,WI,54904-3370,Private      ,7,2,9,7,2,9
00612601,ST LUKE'S MEDCL CTR SCHL RAD TECH       ,WI,53215-4330,Private      ,3,9,12,3,9,12
00612603,ST LUKE'S MED CTR SCH OF SONOGRAPHY     ,WI,53215-0000,Private      ,1,6,7,1,6,7
00613100,THEDA CLARK REG MED CTR SCH RAD TEC     ,WI,54957-0000,Private      ,3,0,3,3,0,3
00663900,BELLIN COLLEGE                          ,WI,54305-0000,Private      ,119,77,196,119,77,196
00766900,SOUTHWEST WISCONSIN TECH COLLEGE        ,WI,53809-0000,Public       ,185,122,307,185,122,307
00777400,SCIENTIFIC COLLEGE OF BEAUTY/BARBER     ,WI,54601-0000,Proprietary  ,3,2,5,3,2,5
00821700,WISCONSIN COLLEGE OF COSMETOLOGY        ,WI,54304-0000,Proprietary  ,20,7,27,20,7,27
00919400,LAKESHORE TECHNICAL COLLEGE             ,WI,53015-1412,Public       ,115,294,409,115,294,409
00925600,MORAINE PARK TECHNICAL COLLEGE          ,WI,54936-0000,Public       ,236,668,904,236,668,904
00941900,STATE CLG OF BEAUTY CULT-WAUSAU         ,WI,54403-4667,Proprietary  ,9,9,18,9,9,18
00962100,HERZING COLLEGE                         ,WI,53718-4236,Proprietary  ,104,431,535,104,431,535
00974400,FOX VALLEY TECHNICAL COLLEGE            ,WI,54913-0000,Public       ,549,805,1354,549,805,1354
01091300,MADISON MEDIA INSTITUTE                 ,WI,53718-6787,Proprietary  ,70,36,106,70,36,106
01148400,ADVANCED INSTITUTE OF HAIR DESIGN       ,WI,53225-0000,Proprietary  ,20,24,44,20,24,44
01182400,WISCONSIN INDIANHEAD TECH CLG WITC      ,WI,54871-9300,Public       ,212,368,580,212,368,580
01290600,MADISON COSMETOLOGY COLLEGE             ,WI,53711-1030,Proprietary  ,10,15,25,10,15,25
02077100,MILWAUKEE INST OF ART & DESIGN          ,WI,53202-0000,Private      ,487,58,545,487,58,545
02078000,SACRED HEART SCHOOL OF THEOLOGY         ,WI,53130-0000,Private      ,0,4,4,0,4,4
02136600,WISCONSIN LUTHERAN COLLEGE              ,WI,53226-0000,Private      ,436,25,461,436,25,461
02201803,KAPLAN COLLEGE - MILWAUKEE              ,WI,53212-3939,Proprietary  ,0,2,2,0,2,2
02271300,WI SCH OF PROFESSIONAL PSYCHOLOGY       ,WI,53225-0000,Private      ,0,14,14,0,14,14
02317200,MARANATHA BAPTIST BIBLE COLLEGE         ,WI,53094-0000,Private      ,227,21,248,227,21,248
02324700,EMPIRE BEAUTY SCHOOL                    ,WI,53717-0000,Proprietary  ,21,29,50,21,29,50
02332100,EMPIRE BEAUTY SCHOOL                    ,WI,54220-0000,Proprietary  ,19,41,60,19,41,60
02453500,MEDICAL COLLEGE OF WISCONSIN            ,WI,53226-0000,Private      ,11,945,956,11,945,956
02494300,GILL-TECH ACADEMY OF HAIR DESIGN        ,WI,54911-0000,Proprietary  ,8,5,13,8,5,13
02532200,LAC COURTE OREILLES OJIBWA CMTY CLG     ,WI,54843-0000,Public       ,5,20,25,5,20,25
03007400,LAKESIDE SCHOOL OF MASSAGE THERAPY      ,WI,53719-1103,Private      ,10,12,22,10,12,22
03061200,MIDWEST COLLEGE OF ORIENTAL MEDICINE    ,WI,53403-9747,Proprietary  ,1,11,12,1,11,12
03077600,EMPIRE BEAUTY SCHOOL                    ,WI,54304-4838,Proprietary  ,30,80,110,30,80,110
03087500,ITT TECHNICAL INSTITUTE                 ,WI,53220-4612,Proprietary  ,122,211,333,122,211,333
03125100,COLLEGE OF MENOMINEE NATION             ,WI,54135-0000,Private      ,20,82,102,20,82,102
03220300,"SALON PROFESSIONAL ACADEMY, THE         ",WI,54701-7633,Proprietary  ,15,10,25,15,10,25
03309300,MONTESSORI INSTITUTE OF MILWAUKEE       ,WI,53207-0000,Private      ,0,7,7,0,7,7
03822300,FOUR SEASONS SALON AND COSMETOLOGY SCHOO,WI,53566-0000,Proprietary  ,1,3,4,1,3,4
03872500,NORTHLAND INTERNATIONAL UNIVERSITY      ,WI,54119-9285,Private      ,87,5,92,87,5,92
03925300,BLUE SKY SCHOOL OF PROFESSIONAL MASSAGE ,WI,53024-9699,Private      ,12,20,32,12,20,32
00290500,NORTH CAROLINA A&T STATE UNIV           ,NC,27411-0001,Public       ,7931,1904,9835,7931,1904,9835
00290600,APPALACHIAN STATE UNIVERSITY            ,NC,28608-2059,Public       ,7527,1424,8951,7527,1424,8951
00290700,UNIVERSITY OF NC AT ASHEVILLE           ,NC,28804-3299,Public       ,1776,503,2279,1776,503,2279
00290800,BARTON COLLEGE                          ,NC,27893-3104,Private      ,702,257,959,702,257,959
00291000,BELMONT ABBEY COLLEGE                   ,NC,28012-1802,Private      ,621,131,752,621,131,752
00291100,BENNETT COLLEGE                         ,NC,27401-3239,Private      ,508,136,644,508,136,644
00291200,BREVARD COLLEGE                         ,NC,28712-3306,Private      ,544,56,600,544,56,600
00291300,CAMPBELL UNIVERSITY                     ,NC,27506-0036,Private      ,2205,1363,3568,2205,1363,3568
00291400,CATAWBA COLLEGE                         ,NC,28144-2488,Private      ,844,187,1031,844,187,1031
00291500,CENTRAL PIEDMONT COMMUNITY COLLEGE      ,NC,28204-2297,Public       ,1316,2032,3348,1316,2032,3348
00291600,CHOWAN UNIVERSITY                       ,NC,27855-1850,Private      ,794,75,869,794,75,869
00291700,COLLEGE OF THE ALBEMARLE                ,NC,27909-2327,Public       ,237,391,628,237,391,628
00291800,DAVIDSON COLLEGE                        ,NC,28035-7157,Private      ,1544,17,1561,1544,17,1561
00291900,DAVIDSON COUNTY COMMUNITY COLLEGE       ,NC,27293-0000,Public       ,186,462,648,186,462,648
00292000,DUKE UNIVERSITY                         ,NC,27708-0397,Private      ,8668,564,9232,8668,564,9232
00292001,DUKE UNIV - SCHOOL OF MEDICINE          ,NC,27710-0000,Private      ,37,651,688,37,651,688
00292002,DUKE UNIV - SCHOOL OF LAW               ,NC,27708-0000,Private      ,14,1464,1478,14,1464,1478
00292003,DUKE UNIV - GRAD SCH ARTS & SCIENCE     ,NC,27708-0000,Private      ,27,406,433,27,406,433
00292004,DUKE UNIV - FUQUA SCH OF BUSINESS       ,NC,27708-0000,Private      ,30,470,500,30,470,500
00292005,DUKE UNIV/NICHOLAS SCH OF ENVIRON.      ,NC,27708-0000,Private      ,9,186,195,9,186,195
00292006,DUKE UNIV - DIVINITY SCHOOL             ,NC,27708-0000,Private      ,42,363,405,42,363,405
00292007,DUKE UNIV - SCHOOL OF NURSING           ,NC,27710-0000,Private      ,42,228,270,42,228,270
00292300,EAST CAROLINA UNIVERSITY                ,NC,27858-1818,Public       ,9472,3672,13144,9472,3672,13144
00292600,ELIZABETH CITY STATE UNIVERSITY         ,NC,27909-7806,Public       ,1870,556,2426,1870,556,2426
00292700,ELON UNIVERSITY                         ,NC,27244-2010,Private      ,4549,301,4850,4549,301,4850
00292800,FAYETTEVILLE STATE UNIVERSITY           ,NC,28301-4298,Public       ,2839,2004,4843,2839,2004,4843
00292900,GARDNER-WEBB UNIVERSITY                 ,NC,28017-0000,Private      ,1152,641,1793,1152,641,1793
00293000,GREENSBORO COLLEGE                      ,NC,27401-1875,Private      ,838,253,1091,838,253,1091
00293100,GUILFORD COLLEGE                        ,NC,27410-4171,Private      ,1427,851,2278,1427,851,2278
00293300,HIGH POINT UNIVERSITY                   ,NC,27262-4221,Private      ,1375,560,1935,1375,560,1935
00293400,ISOTHERMAL COMMUNITY COLLEGE            ,NC,28160-0804,Public       ,150,289,439,150,289,439
00293500,JOHN WESLEY COLLEGE                     ,NC,27265-0000,Private      ,13,66,79,13,66,79
00293600,JOHNSON C SMITH UNIVERSITY              ,NC,28216-5398,Private      ,1827,267,2094,1827,267,2094
00293700,KING'S COLLEGE-CHARLOTTE                ,NC,28204-2435,Proprietary  ,79,41,120,79,41,120
00293900,LEES MCRAE COLLEGE                      ,NC,28604-0000,Private      ,501,115,616,501,115,616
00294000,LENOIR COMMUNITY COLLEGE                ,NC,28502-0188,Public       ,219,413,632,219,413,632
00294100,LENOIR-RHYNE UNIVERSITY                 ,NC,28603-0000,Private      ,1167,212,1379,1167,212,1379
00294200,LIVINGSTONE COLLEGE                     ,NC,28144-5298,Private      ,441,117,558,441,117,558
00294300,LOUISBURG COLLEGE                       ,NC,27549-2398,Private      ,490,37,527,490,37,527
00294400,MARS HILL COLLEGE                       ,NC,28754-0000,Private      ,823,156,979,823,156,979
00294500,MEREDITH COLLEGE                        ,NC,27607-5298,Private      ,1336,424,1760,1336,424,1760
00294600,METHODIST UNIVERSITY                    ,NC,28311-1420,Private      ,1082,380,1462,1082,380,1462
00294700,MITCHELL COMMUNITY COLLEGE              ,NC,28677-5264,Public       ,158,350,508,158,350,508
00294800,MONTREAT COLLEGE                        ,NC,28757-1267,Private      ,310,170,480,310,170,480
00294900,MOUNT OLIVE COLLEGE                     ,NC,28365-1299,Private      ,354,647,1001,354,647,1001
00295000,NORTH CAROLINA CENTRAL UNIVERSITY       ,NC,27707-3198,Public       ,4603,2705,7308,4603,2705,7308
00295100,NORTH CAROLINA WESLEYAN COLLEGE         ,NC,27804-8699,Private      ,674,292,966,674,292,966
00295300,PEACE COLLEGE                           ,NC,27604-1194,Private      ,465,84,549,465,84,549
00295400,UNIV OF NORTH CAROLINA AT PEMBROKE      ,NC,28372-1510,Public       ,2519,1212,3731,2519,1212,3731
00295500,PFEIFFER UNIVERSITY                     ,NC,28109-0000,Private      ,485,298,783,485,298,783
00295600,PIEDMONT BAPTIST COLLEGE AND GRADUATE SC,NC,27101-5025,Private      ,64,29,93,64,29,93
00295700,QUEENS UNIVERSITY OF CHARLOTTE          ,NC,28274-0001,Private      ,784,348,1132,784,348,1132
00295800,ROCKINGHAM COMMUNITY COLLEGE            ,NC,27375-0000,Public       ,233,379,612,233,379,612
00296000,SALEM COLLEGE                           ,NC,27108-0000,Private      ,364,211,575,364,211,575
00296100,SANDHILLS COMMUNITY COLLEGE             ,NC,28374-8283,Public       ,279,520,799,279,520,799
00296200,SHAW UNIVERSITY                         ,NC,27601-2393,Private      ,1690,1075,2765,1690,1075,2765
00296300,SOUTHEASTERN BAPTIST THEOL SEMINARY     ,NC,27588-0000,Private      ,22,38,60,22,38,60
00296400,SOUTHEASTERN COMMUNITY COLLEGE          ,NC,28472-5422,Public       ,169,256,425,169,256,425
00296700,ST ANDREWS PRESBYTERIAN COLLEGE         ,NC,28352-9979,Private      ,400,53,453,400,53,453
00296800,ST AUGUSTINES COLLEGE                   ,NC,27610-2298,Private      ,856,188,1044,856,188,1044
00297000,SURRY COMMUNITY COLLEGE                 ,NC,27017-0304,Public       ,258,313,571,258,313,571
00297200,NORTH CAROLINA STATE UNIV-RALEIGH       ,NC,27695-1751,Public       ,12908,3590,16498,12908,3590,16498
00297300,GASTON COLLEGE                          ,NC,28034-1499,Public       ,411,659,1070,411,659,1070
00297400,UNIVERSITY OF N C-CHAPEL HILL           ,NC,27514-0000,Public       ,14453,7361,21814,14453,7361,21814
00297500,UNIVERSITY OF NC AT CHARLOTTE           ,NC,28223-0001,Public       ,8357,3775,12132,8357,3775,12132
00297600,UNIVERSITY OF N C - GREENSBORO          ,NC,27412-0001,Public       ,8710,3709,12419,8710,3709,12419
00297800,WAKE FOREST UNIV - UNDERGRADUATE        ,NC,27109-7246,Private      ,3535,102,3637,3535,102,3637
00297801,WAKE FOREST UNIV - SCH OF MEDICINE      ,NC,27157-1090,Private      ,22,574,596,22,574,596
00297803,WAKE FOREST UNIVERSITY - SCHOOLS OF BUSI,NC,27109-7659,Private      ,16,125,141,16,125,141
00297805,WAKE FOREST UNIV - SCH OF LAW           ,NC,27109-7206,Private      ,6,703,709,6,703,709
00297806,WAKE FOREST UNIV - GRAD A&S/DIVINITY    ,NC,27109-7246,Private      ,25,188,213,25,188,213
00297900,WARREN WILSON COLLEGE                   ,NC,28815-0000,Private      ,627,170,797,627,170,797
00298000,WAYNE COMMUNITY COLLEGE                 ,NC,27533-0000,Public       ,304,529,833,304,529,833
00298100,WESTERN CAROLINA UNIVERSITY             ,NC,28723-9731,Public       ,3510,909,4419,3510,909,4419
00298200,WESTERN PIEDMONT COMMUNITY COLLEGE      ,NC,28655-4504,Public       ,316,715,1031,316,715,1031
00298300,WILKES COMMUNITY COLLEGE                ,NC,28697-2100,Public       ,240,283,523,240,283,523
00298400,UNIVERSITY OF N C-WILMINGTON            ,NC,28403-3297,Public       ,5729,1342,7071,5729,1342,7071
00298500,WINGATE UNIVERSITY                      ,NC,28174-0159,Private      ,1145,224,1369,1145,224,1369
00298600,WINSTON-SALEM STATE UNIVERSITY          ,NC,27102-0000,Public       ,4346,1524,5870,4346,1524,5870
00398100,UNC SCHOOL OF THE ARTS                  ,NC,27127-2188,Public       ,736,145,881,736,145,881
00403300,ASHEVILLE BUNCOMBE TECH CMTY CLG        ,NC,28801-4897,Public       ,349,648,997,349,648,997
00406200,PITT COMMUNITY COLLEGE                  ,NC,28590-0000,Public       ,698,866,1564,698,866,1564
00483500,CALDWELL COMMUNITY CLG & TECH INST      ,NC,28638-2626,Public       ,275,408,683,275,408,683
00483800,GUILFORD TECHNICAL COMMUNITY CLG        ,NC,27282-0309,Public       ,1232,2533,3765,1232,2533,3765
00484400,WAKE TECHNICAL COMMUNITY COLLEGE        ,NC,27603-5696,Public       ,955,1691,2646,955,1691,2646
00484500,WILSON COMMUNITY COLLEGE                ,NC,27893-3310,Public       ,110,322,432,110,322,432
00499201,MILLER-MOTTE TECHNICAL COLLEGE - MILLER-,NC,27511-9209,Proprietary  ,9,98,107,9,98,107
00531600,COASTAL CAROLINA COMMUNITY COLLEGE      ,NC,28546-6816,Public       ,241,658,899,241,658,899
00531700,FORSYTH TECHNICAL COMMUNITY COLLEGE     ,NC,27103-5197,Public       ,478,1296,1774,478,1296,1774
00531800,CATAWBA VALLEY COMMUNITY COLLEGE        ,NC,28602-8302,Public       ,456,682,1138,456,682,1138
00532000,CAPE FEAR COMMUNITY COLLEGE             ,NC,28401-3910,Public       ,606,587,1193,606,587,1193
00544700,RANDOLPH COMMUNITY COLLEGE              ,NC,27204-1009,Public       ,187,411,598,187,411,598
00544800,DURHAM TECHNICAL CMNTY COLLEGE          ,NC,27703-5023,Public       ,231,792,1023,231,792,1023
00544900,CENTRAL CAROLINA COMMUNITY COLLEGE      ,NC,27330-9000,Public       ,278,597,875,278,597,875
00546300,ALAMANCE COMMUNITY COLLEGE              ,NC,27253-0000,Public       ,224,505,729,224,505,729
00546400,RICHMOND COMMUNITY COLLEGE              ,NC,28345-4522,Public       ,112,368,480,112,368,480
00575400,ROWAN-CABARRUS COMMUNITY COLLEGE        ,NC,28145-1595,Public       ,338,827,1165,338,827,1165
00647700,CABARRUS COLLEGE OF HEALTH SCIENCES     ,NC,28025-0000,Private      ,103,136,239,103,136,239
00647800,MERCY HOSP SCH OF NURSING               ,NC,28207-0000,Public       ,49,112,161,49,112,161
00648300,WATTS SCHOOL OF NURSING                 ,NC,27704-0000,Private      ,35,78,113,35,78,113
00679900,CRAVEN COMMUNITY COLLEGE                ,NC,28562-0000,Public       ,179,575,754,179,575,754
00703100,PAMLICO COMMUNITY COLLEGE               ,NC,28529-0000,Public       ,13,38,51,13,38,51
00764000,FAYETTEVILLE TECHNICAL CMTY COLLEGE     ,NC,28303-0236,Public       ,699,2529,3228,699,2529,3228
00768700,JAMES SPRUNT COMMUNITY COLLEGE          ,NC,28349-0398,Public       ,102,240,342,102,240,342
00781400,BROOKSTONE COLLEGE OF BUSINESS          ,NC,28262-0000,Proprietary  ,8,26,34,8,26,34
00781401,BROOKSTONE COLLEGE OF BUSINESS          ,NC,27409-0000,Proprietary  ,6,47,53,6,47,53
00789200,SAMPSON COMMUNITY COLLEGE               ,NC,28328-0000,Public       ,173,439,612,173,439,612
00798500,SOUTH PIEDMONT COMMUNITY COLLEGE        ,NC,28135-9703,Public       ,70,229,299,70,229,299
00798600,HALIFAX COMMUNITY COLLEGE               ,NC,27890-0089,Public       ,126,239,365,126,239,365
00798700,BLADEN COMMUNITY COLLEGE                ,NC,28332-0266,Public       ,102,383,485,102,383,485
00798800,MARTIN COMMUNITY COLLEGE                ,NC,27892-8307,Public       ,47,193,240,47,193,240
00808100,CARTERET COMMUNITY COLLEGE              ,NC,28557-2989,Public       ,96,218,314,96,218,314
00808200,CLEVELAND COMMUNITY COLLEGE             ,NC,28150-0000,Public       ,167,423,590,167,423,590
00808300,HAYWOOD COMMUNITY COLLEGE               ,NC,28721-0000,Public       ,127,211,338,127,211,338
00808500,MCDOWELL TECHNICAL COMMUNITY CLG        ,NC,28752-8728,Public       ,62,104,166,62,104,166
00808700,MONTGOMERY COMMUNITY COLLEGE            ,NC,27371-0787,Public       ,60,171,231,60,171,231
00846600,SOUTHWESTERN COMMUNITY COLLEGE          ,NC,28779-8581,Public       ,175,252,427,175,252,427
00855700,NASH COMMUNITY COLLEGE                  ,NC,27804-0488,Public       ,161,201,362,161,201,362
00855800,BEAUFORT COUNTY COMMUNITY COLLEGE       ,NC,27889-7889,Public       ,99,281,380,99,281,380
00861200,ROBESON COMMUNITY COLLEGE               ,NC,28359-2151,Public       ,209,707,916,209,707,916
00861300,ROANOKE-CHOWAN COMMUNITY COLLEGE        ,NC,27910-9522,Public       ,59,184,243,59,184,243
00885500,EDGECOMBE COMMUNITY COLLEGE             ,NC,27886-9399,Public       ,77,175,252,77,175,252
00885501,EDGECOMBE COMMUNITY COLLEGE             ,NC,27801-0000,Public       ,50,103,153,50,103,153
00902500,SOUTH EASTERN CLG OF BEAUTY CULTURE     ,NC,28204-0000,Proprietary  ,7,36,43,7,36,43
00933600,JOHNSTON COMMUNITY COLLEGE              ,NC,27577-0000,Public       ,231,420,651,231,420,651
00943000,TRI-COUNTY COMMUNITY COLLEGE            ,NC,28906-7919,Public       ,67,112,179,67,112,179
00964600,PIEDMONT COMMUNITY COLLEGE              ,NC,27573-1197,Public       ,80,296,376,80,296,376
00968400,BLUE RIDGE COMMUNITY COLLEGE            ,NC,28731-9624,Public       ,123,171,294,123,171,294
00974701,GORDON-CONWELL THEO SEM - CHARLOTTE     ,NC,28273-0000,Private      ,1,53,54,1,53,54
00990300,VANCE-GRANVILLE CMTY COLLEGE            ,NC,27536-0917,Public       ,265,644,909,265,644,909
01026400,SOUTH COLLEGE                           ,NC,28803-3152,Proprietary  ,11,42,53,11,42,53
01119400,STANLY COMMUNITY COLLEGE                ,NC,28001-7458,Public       ,138,262,400,138,262,400
01119700,MAYLAND COMMUNITY COLLEGE               ,NC,28777-2777,Public       ,108,125,233,108,125,233
01179900,PAUL MITCHELL THE SCHOOL FAYETTEVILLE   ,NC,28303-5364,Proprietary  ,2,19,21,2,19,21
01192600,LEON'S BEAUTY SCHOOL                    ,NC,27403-2812,Proprietary  ,25,39,64,25,39,64
02056500,MITCHELL'S HAIR STYLING ACADEMY         ,NC,27893-0000,Proprietary  ,11,27,38,11,27,38
02056501,MITCHELL'S HAIR STYLING ACADEMY - MITCHE,NC,27606-3326,Proprietary  ,7,6,13,7,6,13
02110500,ART INSTITUTE OF CHARLOTTE (THE)        ,NC,28217-0000,Proprietary  ,486,299,785,486,299,785
02170700,BRUNSWICK COMMUNITY COLLEGE             ,NC,28422-0000,Public       ,76,127,203,76,127,203
02205000,COLLEGE OF WILMINGTON                   ,NC,28403-0000,Proprietary  ,1,9,10,1,9,10
02210400,FAYETTEVILLE BEAUTY COLLEGE             ,NC,28303-0000,Proprietary  ,7,33,40,7,33,40
02227800,MITCHELL'S HAIR STYLING ACADEMY         ,NC,27534-0000,Proprietary  ,0,7,7,0,7,7
02227900,MITCHELL'S HAIR STYLING ACADEMY         ,NC,27858-0000,Proprietary  ,3,5,8,3,5,8
02238700,HAIRSTYLING INSTITUTE OF CHARLOTTE      ,NC,28204-0000,Proprietary  ,8,22,30,8,22,30
02280900,ROANOKE BIBLE COLLEGE                   ,NC,27909-0000,Private      ,60,18,78,60,18,78
02286300,CAROLINA BEAUTY COLLEGE                 ,NC,27262-0000,Proprietary  ,15,51,66,15,51,66
02558900,CHEVEUX SCHOOL OF HAIR DESIGN           ,NC,28540-0000,Proprietary  ,1,3,4,1,3,4
02560600,PINNACLE INSTITUTE OF COSMETOLOGY       ,NC,28115-8020,Proprietary  ,7,3,10,7,3,10
02614201,MILLER-MOTTE BUSINESS COLLEGE           ,NC,28403-0000,Proprietary  ,18,172,190,18,172,190
03009500,WINSTON-SALEM BARBER SCHOOL             ,NC,27107-0000,Proprietary  ,21,23,44,21,23,44
03064400,REGENCY BEAUTY INSTITUTE                ,NC,27127-0000,Proprietary  ,4,12,16,4,12,16
03089300,HERITAGE BIBLE COLLEGE                  ,NC,28335-0000,Private      ,4,17,21,4,17,21
03104200,CAROLINAS COLLEGE OF HEALTH SCIENCE     ,NC,28232-2861,Public       ,95,143,238,95,143,238
03104201,CHS NURSE ANESTHESIA PROGRAM / UNCC     ,NC,28232-2861,Public       ,72,63,135,72,63,135
03109000,SCHOOL OF COMMUNICATION ARTS OF NORTH CA,NC,27614-7076,Proprietary  ,90,24,114,90,24,114
03237300,ANSON COLLEGE OF COSMETOLOGY            ,NC,28170-2147,Proprietary  ,5,11,16,5,11,16
03361300,MEDICAL ARTS MASSAGE SCHOOL             ,NC,27616-6453,Proprietary  ,5,19,24,5,19,24
03513400,APEX SCHOOL OF THEOLOGY                 ,NC,27703-8024,Private      ,1,21,22,1,21,22
03555400,SOUTHEASTERN SCHOOL OF NEUROMUSCULAR  MA,NC,29406-0000,Proprietary  ,1,3,4,1,3,4
03570300,CAROLINA CHRISTIAN COLLEGE              ,NC,27105-3241,Private      ,5,15,20,5,15,20
03663300,HOOD THEOLOGICAL SEMINARY               ,NC,28144-5768,Private      ,1,28,29,1,28,29
03748500,LA SHE'S BEAUTY ACADEMY                 ,NC,27707-3569,Proprietary  ,8,13,21,8,13,21
03777300,CAROLINA ACAD OF COSMETIC ART & SCI     ,NC,28054-0460,Proprietary  ,6,21,27,6,21,27
03827300,NEW LIFE THEOLOGICAL SEMINARY           ,NC,28205-1648,Private      ,0,12,12,0,12,12
00298800,BISMARCK STATE COLLEGE                  ,ND,58501-1299,Public       ,882,450,1332,882,450,1332
00298900,DICKINSON STATE UNIVERSITY              ,ND,58601-4896,Public       ,870,260,1130,870,260,1130
00299000,JAMESTOWN COLLEGE                       ,ND,58405-3401,Private      ,563,71,634,563,71,634
00299100,LAKE REGION STATE COLLEGE               ,ND,58301-1598,Public       ,161,113,274,161,113,274
00299200,UNIVERSITY OF MARY                      ,ND,58504-9652,Private      ,1197,472,1669,1197,472,1669
00299300,MAYVILLE STATE UNIVERSITY               ,ND,58257-1299,Public       ,344,95,439,344,95,439
00299400,MINOT STATE UNIVERSITY                  ,ND,58707-0002,Public       ,921,608,1529,921,608,1529
00299500,MINOT STATE UNIV-BOTTINEAU CAMPUS       ,ND,58318-1159,Public       ,113,57,170,113,57,170
00299600,NORTH DAKOTA STATE CLG OF SCIENCE       ,ND,58076-0002,Public       ,811,194,1005,811,194,1005
00299700,NORTH DAKOTA STATE UNIVERSITY           ,ND,58108-6050,Public       ,5106,1015,6121,5106,1015,6121
00300500,UNIVERSITY OF NORTH DAKOTA              ,ND,58202-8193,Public       ,4293,1715,6008,4293,1715,6008
00300700,WILLISTON STATE COLLEGE                 ,ND,58802-1326,Public       ,154,133,287,154,133,287
00300800,VALLEY CITY STATE UNIVERSITY            ,ND,58072-0000,Public       ,375,68,443,375,68,443
00484600,RASMUSSEN COLLEGE                       ,ND,58103-7196,Proprietary  ,68,201,269,68,201,269
00775600,JOSEF'S SCHOOL OF HAIR DESIGN INC       ,ND,58102-4977,Proprietary  ,23,12,35,23,12,35
00935400,MEDCENTER ONE COLLEGE OF NURSING        ,ND,58501-4494,Private      ,34,47,81,34,47,81
01040600,JOSEF'S SCHOOL OF HAIR DESIGN           ,ND,58201-6394,Proprietary  ,11,9,20,11,9,20
01205900,TRINITY BIBLE COLLEGE                   ,ND,58436-7150,Private      ,118,40,158,118,40,158
01229500,R D HAIRSTYLING COLLEGE                 ,ND,58501-4001,Proprietary  ,13,8,21,13,8,21
02188200,SITTING BULL COLLEGE                    ,ND,58538-9721,Public       ,3,43,46,3,43,46
02236500,LITTLE HOOP COMMUNITY COLLEGE           ,ND,58335-0000,Public       ,2,16,18,2,16,18
02242900,UNITED TRIBES TECHNICAL COLLEGE         ,ND,58504-0000,Private      ,48,135,183,48,135,183
02298200,HEADQUARTERS ACADEMY OF HAIR DESIGN     ,ND,58701-0000,Proprietary  ,7,6,13,7,6,13
02301100,TURTLE MTN CMNTY COLG-FIN AID OFC       ,ND,58316-0000,Private      ,57,94,151,57,94,151
02553700,FORT BERTHOLD COMMUNITY COLLEGE         ,ND,58763-0000,Public       ,7,19,26,7,19,26
03087200,MOLER BARBER CLG OF HAIRSTYLING         ,ND,58103-0000,Proprietary  ,2,3,5,2,3,5
04031300,SALON PROFESSIONAL ACADEMY (THE)        ,ND,58103-3337,Proprietary  ,20,5,25,20,5,25
00301005,ANTIOCH UNIV/SEATTLE                    ,WA,98121-0000,Private      ,12,451,463,12,451,463
00376900,BELLEVUE COMMUNITY COLLEGE              ,WA,98007-6484,Public       ,1185,1435,2620,1185,1435,2620
00377000,BIG BEND COMMUNITY COLLEGE              ,WA,98837-3299,Public       ,329,393,722,329,393,722
00377100,"CENTRAL WASHINGTON UNIV., FIN AID       ",WA,98926-7495,Public       ,5032,2097,7129,5032,2097,7129
00377200,CENTRALIA COLLEGE                       ,WA,98531-4099,Public       ,376,385,761,376,385,761
00377300,CLARK COLLEGE                           ,WA,98663-3598,Public       ,1172,2101,3273,1172,2101,3273
00377400,COLUMBIA BASIN COLLEGE                  ,WA,99301-3379,Public       ,884,983,1867,884,983,1867
00377500,EASTERN WASHINGTON UNIVERSITY           ,WA,99004-2447,Public       ,5884,3212,9096,5884,3212,9096
00377600,EVERETT COMMUNITY COLLEGE               ,WA,98201-1352,Public       ,633,1267,1900,633,1267,1900
00377700,HERITAGE UNIVERSITY                     ,WA,98948-9562,Private      ,289,793,1082,289,793,1082
00377800,GONZAGA UNIVERSITY                      ,WA,99258-0083,Private      ,5352,1976,7328,5352,1976,7328
00377900,GRAYS HARBOR COLLEGE                    ,WA,98520-7599,Public       ,231,335,566,231,335,566
00378000,GREEN RIVER COMMUNITY COLLEGE           ,WA,98092-3622,Public       ,730,997,1727,730,997,1727
00378100,HIGHLINE COMMUNITY COLLEGE              ,WA,98198-9800,Public       ,659,1024,1683,659,1024,1683
00378200,LOWER COLUMBIA COLLEGE                  ,WA,98632-0310,Public       ,210,340,550,210,340,550
00378300,NORTHWEST UNIVERSITY                    ,WA,98083-0000,Private      ,820,301,1121,820,301,1121
00378400,OLYMPIC COLLEGE                         ,WA,98337-1600,Public       ,455,1065,1520,455,1065,1520
00378500,PACIFIC LUTHERAN UNIVERSITY             ,WA,98447-0003,Private      ,3083,906,3989,3083,906,3989
00378600,PENINSULA COLLEGE                       ,WA,98362-6660,Public       ,123,317,440,123,317,440
00378700,SEATTLE CENTRAL COMMUNITY COLLEGE       ,WA,98122-2413,Public       ,841,1513,2354,841,1513,2354
00378703,SEATTLE VOCATIONAL INSTITUTE            ,WA,98144-0000,Public       ,17,40,57,17,40,57
00378800,SEATTLE PACIFIC UNIVERSITY              ,WA,98119-1997,Private      ,3312,821,4133,3312,821,4133
00379000,SEATTLE UNIVERSITY                      ,WA,98122-1090,Private      ,5025,3961,8986,5025,3961,8986
00379100,SHORELINE COMMUNITY COLLEGE             ,WA,98133-5696,Public       ,711,1091,1802,711,1091,1802
00379200,SKAGIT VALLEY COLLEGE                   ,WA,98273-5899,Public       ,352,733,1085,352,733,1085
00379300,SPOKANE COMMUNITY COLLEGE               ,WA,99207-5399,Public       ,1147,2374,3521,1147,2374,3521
00379400,ST MARTIN'S UNIVERSITY                  ,WA,98503-7500,Private      ,901,651,1552,901,651,1552
00379600,TACOMA COMMUNITY COLLEGE                ,WA,98466-6100,Public       ,878,1984,2862,878,1984,2862
00379700,UNIVERSITY OF PUGET SOUND               ,WA,98416-1039,Private      ,3591,579,4170,3591,579,4170
00379800,UNIVERSITY OF WASHINGTON                ,WA,98195-5880,Public       ,17498,14081,31579,17498,14081,31579
00379900,WALLA WALLA UNIVERSITY                  ,WA,99324-1198,Private      ,599,303,902,599,303,902
00380000,WASHINGTON STATE UNIVERSITY             ,WA,99164-1035,Public       ,11120,5266,16386,11120,5266,16386
00380100,WENATCHEE VALLEY COLLEGE                ,WA,98801-1799,Public       ,562,821,1383,562,821,1383
00380200,WESTERN WASHINGTON UNIVERSITY           ,WA,98225-5946,Public       ,9093,2457,11550,9093,2457,11550
00380300,WHITMAN COLLEGE                         ,WA,99362-2067,Private      ,1777,35,1812,1777,35,1812
00380400,WHITWORTH UNIVERSITY                    ,WA,99251-0001,Private      ,2169,413,2582,2169,413,2582
00380500,YAKIMA VALLEY COMMUNITY COLLEGE         ,WA,98907-2520,Public       ,983,1586,2569,983,1586,2569
00499800,PUGET SOUND CHRISTIAN COLLEGE           ,WA,98201-3516,Private      ,40,23,63,40,23,63
00499900,BELLINGHAM TECHNICAL COLLEGE            ,WA,98225-0000,Public       ,128,293,421,128,293,421
00500000,PIERCE COLLEGE                          ,WA,98498-1919,Public       ,733,1526,2259,733,1526,2259
00500100,EDMONDS COMMUNITY COLLEGE               ,WA,98036-5999,Public       ,513,915,1428,513,915,1428
00500600,WALLA WALLA COMMUNITY COLLEGE           ,WA,99362-9267,Public       ,705,923,1628,705,923,1628
00530600,BATES TECHNICAL COLLEGE                 ,WA,98405-0000,Public       ,162,484,646,162,484,646
00537200,SOUTH PUGET SOUND COMMUNITY COLLEGE     ,WA,98512-6292,Public       ,562,974,1536,562,974,1536
00537300,LAKE WASHINGTON TECHNICAL COLLEGE       ,WA,98034-8505,Public       ,154,474,628,154,474,628
00575200,CLOVER PARK TECHNICAL COLLEGE           ,WA,98499-0000,Public       ,257,815,1072,257,815,1072
00717805,WESTERN SEMINARY - SEATTLE              ,WA,98021-4440,Private      ,0,1,1,0,1,1
00815500,EVERGREEN STATE COLLEGE (THE)           ,WA,98505-0002,Public       ,1947,1715,3662,1947,1715,3662
00844300,ITT TECHNICAL INSTITUTE                 ,WA,98168-3334,Proprietary  ,92,110,202,92,110,202
00907901,EVEREST COLLEGE                         ,WA,98684-6950,Proprietary  ,11,20,31,11,20,31
00938700,PERRY TECHNICAL INSTITUTE               ,WA,98903-1239,Private      ,112,160,272,112,160,272
00954400,SPOKANE FALLS COMMUNITY COLLEGE         ,WA,99224-5204,Public       ,1298,1485,2783,1298,1485,2783
00970400,NORTH SEATTLE COMMUNITY COLLEGE         ,WA,98103-3599,Public       ,499,1017,1516,499,1017,1516
00970600,SOUTH SEATTLE COMMUNITY COLLEGE         ,WA,98106-1499,Public       ,456,623,1079,456,623,1079
00973900,GLEN DOW ACAD OF HAIR DESIGN            ,WA,99201-0209,Proprietary  ,23,21,44,23,21,44
01036400,WHATCOM COMMUNITY COLLEGE               ,WA,98226-8003,Public       ,498,597,1095,498,597,1095
01043400,RENTON TECHNICAL COLLEGE                ,WA,98056-0000,Public       ,156,402,558,156,402,558
01148100,DIVERS INSTITUTE OF TECHNOLOGY          ,WA,98107-0667,Proprietary  ,10,64,74,10,64,74
01231500,CORNISH COLLEGE OF THE ARTS             ,WA,98121-4604,Private      ,680,230,910,680,230,910
01249600,GREENWOOD BEAUTY SCHOOL                 ,WA,98103-0000,Proprietary  ,4,22,26,4,22,26
01302200,CITY UNIVERSITY OF SEATTLE              ,WA,98005-3030,Private      ,40,807,847,40,807,847
01309400,BELLINGHAM BEAUTY SCHOOL                ,WA,98225-0000,Proprietary  ,1,9,10,1,9,10
02105300,BELLEVUE BEAUTY SCHOOL                  ,WA,98007-0000,Proprietary  ,5,8,13,5,8,13
02106700,TRINITY LUTHERAN COLLEGE                ,WA,98201-3569,Private      ,37,13,50,37,13,50
02180000,NORTHWEST INDIAN COLLEGE                ,WA,98226-9278,Public       ,16,91,107,16,91,107
02184200,PAROBA COLLEGE OF COSMETOLOGY           ,WA,98208-0000,Proprietary  ,9,5,14,9,5,14
02202200,STYLEMASTERS COLLEGE OF HAIR DESIGN     ,WA,98632-0000,Proprietary  ,4,5,9,4,5,9
02203300,GENE JUAREZ ACADEMY OF BEAUTY           ,WA,98125-0000,Proprietary  ,47,61,108,47,61,108
02203301,GENE JUAREZ ACADEMY OF BEAUTY           ,WA,98003-0000,Proprietary  ,14,14,28,14,14,28
02222900,INTERNATIONAL AIR & HOSPITALITY ACADEMY ,WA,98661-4835,Proprietary  ,29,14,43,29,14,43
02231100,CROWN COLLEGE                           ,WA,98444-0000,Proprietary  ,7,97,104,7,97,104
02236800,PROFESSIONAL BEAUTY SCHOOL              ,WA,98902-0000,Proprietary  ,10,8,18,10,8,18
02242500,BASTYR UNIVERSITY                       ,WA,98028-0000,Private      ,54,466,520,54,466,520
02291300,ART INSTITUTE OF SEATTLE                ,WA,98121-1622,Proprietary  ,854,630,1484,854,630,1484
02291700,HENRY COGSWELL COLLEGE                  ,WA,98201-0000,Private      ,50,36,86,50,36,86
02300100,EVEREST COLLEGE                         ,WA,98367-1835,Proprietary  ,12,122,134,12,122,134
02326500,INTERFACE COLLEGE                       ,WA,99201-3209,Proprietary  ,6,38,44,6,38,44
02331400,NORTHWEST HAIR ACADEMY                  ,WA,98273-0000,Proprietary  ,2,7,9,2,7,9
02331402,NORTHWEST HAIR ACADEMY - EVERETT        ,WA,98204-0000,Proprietary  ,2,2,4,2,2,4
02345100,PHAGAN'S ORCHARDS BEAUTY SCHOOL         ,WA,98662-0000,Proprietary  ,4,8,12,4,8,12
02504900,ACADEMY OF HAIR DESIGN (THE)            ,WA,98801-0000,Proprietary  ,13,3,16,13,3,16
02541900,BJ'S BEAUTY AND BARBER COLLEGE          ,WA,98409-0000,Proprietary  ,2,9,11,2,9,11
02602100,NORTHWEST COLLEGE OF ART                ,WA,98370-8625,Proprietary  ,89,15,104,89,15,104
02606200,EVEREST COLLEGE                         ,WA,98055-2990,Proprietary  ,39,176,215,39,176,215
02617500,EVEREST COLLEGE                         ,WA,98133-9018,Proprietary  ,95,254,349,95,254,349
03052200,COURT REPORTING INSTITUTE               ,WA,98133-7500,Proprietary  ,3,9,12,3,9,12
03065000,CLARE'S BEAUTY COLLEGE                  ,WA,99301-5505,Proprietary  ,5,8,13,5,8,13
03071800,ITT TECHNICAL INSTITUTE                 ,WA,99216-1589,Proprietary  ,62,114,176,62,114,176
03099000,CORTIVA INSTITUTE - SEATTLE             ,WA,98109-5474,Proprietary  ,13,56,69,13,56,69
03139500,MONTESSORI SCHOOLS OF WASHINGTON        ,WA,98203-6600,Private      ,0,1,1,0,1,1
03280300,SEATTLE INST OF ORIENTAL MEDICINE       ,WA,98115-0000,Proprietary  ,2,19,21,2,19,21
03283300,NORTHWEST HVAC/R ASSOCIATION & TRAINING ,WA,99202-2125,Private      ,1,12,13,1,12,13
03361600,SEATTLE MIDWIFERY SCHOOL                ,WA,98144-0000,Private      ,3,32,35,3,32,35
03466400,MARS HILL GRADUATE SCHOOL               ,WA,98121-0000,Private      ,0,54,54,0,54,54
03483500,CASCADIA COMMUNITY COLLEGE              ,WA,98011-9510,Public       ,189,243,432,189,243,432
03631500,CORTIVA INSTITUTE - BRIAN UTTING SCHOOL ,WA,98109-5211,Proprietary  ,3,23,26,3,23,26
03689400,FAITH EVANGELICAL SEMINARY              ,WA,98407-2607,Private      ,2,35,37,2,35,37
03707500,CHETTA'S ACADEMY OF HAIR AND NAILS      ,WA,98362-4310,Proprietary  ,3,5,8,3,5,8
03724300,DIGIPEN INSTITUTE OF TECHNOLOGY         ,WA,98052-5170,Proprietary  ,385,88,473,385,88,473
03917300,EVERGREEN BEAUTY AND BARBER COLLEGE     ,WA,98208-3759,Proprietary  ,0,4,4,0,4,4
03932500,TOTAL COSMETOLOGY TRAINING CENTER       ,WA,99217-6231,Proprietary  ,8,17,25,8,17,25
03953300,YAKIMA BEAUTY SCHOOL;BEAUTYWORKS        ,WA,98901-2202,Proprietary  ,5,5,10,5,5,10
00340100,BROWN UNIVERSITY                        ,RI,02912-9127,Private      ,10159,223,10382,10159,223,10382
00340101,BROWN UNIVERSITY - GRADUATE SCHOOL      ,RI,02912-1827,Private      ,17,1158,1175,17,1158,1175
00340102,BROWN MEDICAL SCHOOL                    ,RI,02912-0000,Private      ,7,255,262,7,255,262
00340200,BRYANT UNIVERSITY                       ,RI,02917-1284,Private      ,4415,183,4598,4415,183,4598
00340400,JOHNSON & WALES UNIVERSITY              ,RI,02903-3703,Private      ,11451,1747,13198,11451,1747,13198
00340600,PROVIDENCE COLLEGE                      ,RI,02918-0001,Private      ,5815,278,6093,5815,278,6093
00340700,RHODE ISLAND COLLEGE                    ,RI,02908-1991,Public       ,4965,1893,6858,4965,1893,6858
00340800,COMMUNITY COLLEGE OF RI - WARWICK       ,RI,02906-0000,Public       ,2119,2270,4389,2119,2270,4389
00340801,COMMUNITY COLLEGE OF RI - LINCOLN       ,RI,02865-4585,Public       ,833,742,1575,833,742,1575
00340802,COMMUNITY COLLEGE OF RI- PROVIDENCE     ,RI,02905-2313,Public       ,781,1199,1980,781,1199,1980
00340900,RHODE ISLAND SCHOOL OF DESIGN           ,RI,02903-2784,Private      ,2018,892,2910,2018,892,2910
00341000,ROGER WILLIAMS UNIVERSITY               ,RI,02809-2921,Private      ,5872,1111,6983,5872,1111,6983
00341100,SALVE REGINA UNIVERSITY                 ,RI,02840-4192,Private      ,3651,137,3788,3651,137,3788
00341400,UNIVERSITY OF RHODE ISLAND              ,RI,02881-0000,Public       ,11477,1834,13311,11477,1834,13311
00659100,ST. JOSEPH HOSP SCH OF NURSING          ,RI,02904-5199,Private      ,37,89,126,37,89,126
00784400,GIBBS COLLEGE                           ,RI,02920-7807,Proprietary  ,210,322,532,210,322,532
00784500,NEW ENGLAND INSTITUTE OF TECHNOLOGY     ,RI,02886-2266,Private      ,1156,724,1880,1156,724,1880
01115900,"SAWYER SCHOOL,THE                       ",RI,02860-4117,Proprietary  ,48,278,326,48,278,326
02071900,ARTHUR ANGELO SCH COSMET&HAIR DSGN      ,RI,02903-0000,Proprietary  ,51,63,114,51,63,114
02176900,WARWICK ACADEMY OF BEAUTY CULTURE       ,RI,02886-1534,Proprietary  ,37,53,90,37,53,90
02584400,NEW ENGLAND TRACTOR TRAILER TRAINING SCH,RI,02860-1752,Proprietary  ,3,10,13,3,10,13
03080000,NEWPORT SCHOOL OF HAIRDRESSING          ,RI,02860-4038,Proprietary  ,5,39,44,5,39,44
03115200,MOTORING TECHNICAL TRAINING INST        ,RI,02914-0000,Proprietary  ,31,36,67,31,36,67
03232300,LINCOLN TECHNICAL INSTITUTE             ,RI,02865-4211,Proprietary  ,34,113,147,34,113,147
03570500,ZION BIBLE COLLEGE                      ,RI,02806-1246,Private      ,57,33,90,57,33,90
03732300,INTERNATIONAL YACHT RESTORATION SCH     ,RI,02840-6720,Private      ,4,5,9,4,5,9
00341700,ALLEN UNIVERSITY                        ,SC,29204-1085,Private      ,124,57,181,124,57,181
00341800,ANDERSON UNIVERSITY                     ,SC,29621-4035,Private      ,1174,232,1406,1174,232,1406
00341900,CHARLESTON SOUTHERN UNIVERSITY          ,SC,29406-2160,Private      ,1603,553,2156,1603,553,2156
00342000,BENEDICT COLLEGE                        ,SC,29204-1086,Private      ,1142,413,1555,1142,413,1555
00342200,SOUTHERN WESLEYAN UNIVERSITY            ,SC,29630-1020,Private      ,301,670,971,301,670,971
00342300,THE CITADEL                             ,SC,29409-0002,Public       ,1113,271,1384,1113,271,1384
00342400,CLAFLIN UNIVERSITY                      ,SC,29115-4498,Private      ,882,256,1138,882,256,1138
00342500,CLEMSON UNIVERSITY                      ,SC,29634-0001,Public       ,7440,1153,8593,7440,1153,8593
00342600,UNIV OF SC AT SUMTER                    ,SC,29150-2498,Public       ,189,185,374,189,185,374
00342700,COKER COLLEGE                           ,SC,29550-3797,Private      ,389,254,643,389,254,643
00342800,COLLEGE OF CHARLESTON                   ,SC,29424-0100,Public       ,4803,918,5721,4803,918,5721
00342900,COLUMBIA INTERNATIONAL UNIVERSITY       ,SC,29203-1599,Private      ,393,375,768,393,375,768
00343000,COLUMBIA COLLEGE                        ,SC,29203-5998,Private      ,613,344,957,613,344,957
00343100,CONVERSE COLLEGE                        ,SC,29302-0006,Private      ,429,217,646,429,217,646
00343200,ERSKINE COLLEGE                         ,SC,29639-0000,Private      ,443,12,455,443,12,455
00343201,ERSKINE THEOLOGICAL SEMINARY            ,SC,29639-0000,Private      ,6,28,34,6,28,34
00343400,FURMAN UNIVERSITY                       ,SC,29613-5253,Private      ,1988,89,2077,1988,89,2077
00343500,LANDER UNIVERSITY                       ,SC,29649-2099,Public       ,1307,287,1594,1307,287,1594
00343600,LIMESTONE COLLEGE                       ,SC,29340-3799,Private      ,421,947,1368,421,947,1368
00343700,LUTHERAN THEOLOGICAL SOUTHERN SEM       ,SC,29203-5898,Private      ,1,37,38,1,37,38
00343800,MEDICAL UNIV OF SOUTH CAROLINA - FA     ,SC,29425-1760,Public       ,99,1921,2020,99,1921,2020
00343900,MORRIS COLLEGE                          ,SC,29150-3599,Private      ,403,125,528,403,125,528
00344000,NEWBERRY COLLEGE                        ,SC,29108-2197,Private      ,753,59,812,753,59,812
00344100,NORTH GREENVILLE COLLEGE                ,SC,29688-1892,Private      ,829,66,895,829,66,895
00344500,PRESBYTERIAN COLLEGE                    ,SC,29325-2503,Private      ,798,15,813,798,15,813
00344600,SOUTH CAROLINA STATE UNIVERSITY         ,SC,29117-4427,Public       ,2281,629,2910,2281,629,2910
00344700,SPARTANBURG METHODIST COLLEGE           ,SC,29301-5899,Private      ,484,42,526,484,42,526
00344800,UNIVERSITY OF SOUTH CAROLINA            ,SC,29208-3999,Public       ,8627,3910,12537,8627,3910,12537
00344900,UNIVERSITY OF SOUTH CAROLINA AIKEN      ,SC,29801-6399,Public       ,1264,472,1736,1264,472,1736
00345000,UNIV OF SC AT BEAUFORT                  ,SC,29902-4602,Public       ,193,197,390,193,197,390
00345100,COASTAL CAROLINA UNIVERSITY             ,SC,29528-0000,Public       ,4061,704,4765,4061,704,4765
00345300,UNIV OF SC AT LANCASTER                 ,SC,29721-0889,Public       ,199,177,376,199,177,376
00345400,UNIV OF SC SYSTEM SALKEHATCHIE          ,SC,29810-0617,Public       ,108,95,203,108,95,203
00345500,VOORHEES COLLEGE                        ,SC,29042-0000,Private      ,184,101,285,184,101,285
00345600,WINTHROP UNIVERSITY                     ,SC,29733-0001,Public       ,2871,573,3444,2871,573,3444
00345700,WOFFORD COLLEGE                         ,SC,29303-3663,Private      ,1267,30,1297,1267,30,1297
00399000,FLORENCE-DARLINGTON TECH COLLEGE        ,SC,29501-0548,Public       ,550,911,1461,550,911,1461
00399100,GREENVILLE TECHNICAL COLLEGE            ,SC,29607-2439,Public       ,1169,2157,3326,1169,2157,3326
00399200,PIEDMONT TECHNICAL COLLEGE              ,SC,29648-1467,Public       ,366,715,1081,366,715,1081
00399300,MIDLANDS TECHNICAL COLLEGE              ,SC,29202-0000,Public       ,1130,2200,3330,1130,2200,3330
00399400,SPARTANBURG COMMUNITY COLLEGE           ,SC,29305-4386,Public       ,576,1058,1634,576,1058,1634
00399500,CENTRAL CAROLINA TECHNICAL COLLEGE      ,SC,29150-2499,Public       ,262,832,1094,262,832,1094
00399600,YORK TECHNICAL COLLEGE                  ,SC,29730-3395,Public       ,417,776,1193,417,776,1193
00492000,TRIDENT TECHNICAL COLLEGE               ,SC,29423-8067,Public       ,1091,2338,3429,1091,2338,3429
00492300,CLINTON JR COLLEGE                      ,SC,29730-5152,Private      ,16,4,20,16,4,20
00492400,FORREST JUNIOR COLLEGE                  ,SC,29624-2405,Proprietary  ,6,9,15,6,9,15
00492500,HORRY-GEORGETOWN TECH COLLEGE           ,SC,29526-9521,Public       ,427,915,1342,427,915,1342
00492600,TRI-COUNTY TECHNICAL COLLEGE            ,SC,29670-9133,Public       ,660,751,1411,660,751,1411
00492700,UNIV OF SC AT UNION                     ,SC,29379-0729,Public       ,76,62,138,76,62,138
00536300,DENMARK TECHNICAL COLLEGE               ,SC,29042-0000,Public       ,85,52,137,85,52,137
00681500,ORANGEBURG-CALHOUN TECHNICAL COLG       ,SC,29118-8299,Public       ,232,437,669,232,437,669
00695100,UNIVERSITY OF SOUTH CAROLINA UPSTATE    ,SC,29303-9972,Public       ,1865,784,2649,1865,784,2649
00760200,NORTHEASTERN TECHNICAL COLLEGE          ,SC,29520-7015,Public       ,100,181,281,100,181,281
00922600,FRANCIS MARION UNIVERSITY               ,SC,29501-0000,Public       ,2001,454,2455,2001,454,2455
00932200,WILLIAMSBURG TECHNICAL COLLEGE          ,SC,29556-4197,Public       ,70,106,176,70,106,176
00991000,TECHNICAL COLLEGE OF THE LOWCOUNTRY     ,SC,29902-5441,Public       ,104,283,387,104,283,387
00991100,UNIV OF SC-REGIONAL CAMPUSES ADMIN      ,SC,29208-0001,Public       ,57,17,74,57,17,74
01005600,AIKEN TECHNICAL COLLEGE                 ,SC,29802-0696,Public       ,318,639,957,318,639,957
01209200,KENNETH SHULER SCHOOL OF COSMETOLOGY    ,SC,29732-2169,Proprietary  ,2,5,7,2,5,7
01303907,SOUTH UNIVERSITY                        ,SC,29203-6400,Proprietary  ,36,216,252,36,216,252
02063700,SHERMAN CLG STRAIGHT CHIROPRACTIC       ,SC,29316-0000,Private      ,8,118,126,8,118,126
02189800,NO AMER INST OF AVIATION OF SO CAR      ,SC,29527-0000,Proprietary  ,0,5,5,0,5,5
02310300,COLUMBIA BEAUTY SCHOOL                  ,SC,29033-0000,Proprietary  ,3,6,9,3,6,9
02338600,CHARZANNE BEAUTY COLLEGE                ,SC,29649-0000,Proprietary  ,2,4,6,2,4,6
02341100,KENNETH SHULER SCHOOL OF COSMETOLOGY & N,SC,29210-0000,Proprietary  ,10,15,25,10,15,25
02356600,CHARLESTON COSMETOLOGY INSTITUTE        ,SC,29420-0000,Proprietary  ,4,15,19,4,15,19
02552400,ACADEMY OF HAIR TECHNOLOGY              ,SC,29615-2363,Proprietary  ,6,13,19,6,13,19
02567600,SUMTER BEAUTY COLLEGE                   ,SC,29150-0000,Proprietary  ,2,7,9,2,7,9
02614202,MILLER - MOTTE TECHNICAL COLLEGE - NORTH,SC,29406-9239,Proprietary  ,6,23,29,6,23,29
03010614,VIRGINIA COLLEGE - GOLF ACADEMY OF AMERI,SC,29579-0000,Proprietary  ,49,39,88,49,39,88
03052300,KENNETH SHULER SCH COSM & HAIR DESG     ,SC,29841-2013,Proprietary  ,4,5,9,4,5,9
03088300,ACADEMY OF COSMETOLOGY                  ,SC,29418-5667,Proprietary  ,5,14,19,5,14,19
03258300,SOUTHERN METHODIST COLLEGE              ,SC,29116-1027,Private      ,2,16,18,2,16,18
03293300,STRAND COLLEGE OF HAIR DESIGN           ,SC,29572-4310,Proprietary  ,2,9,11,2,9,11
03304300,CENTURA COLLEGE                         ,SC,29406-9235,Proprietary  ,17,70,87,17,70,87
03513300,LACY COSMETOLOGY SCHOOL                 ,SC,29803-9084,Proprietary  ,5,8,13,5,8,13
03595300,CHARLESTON SCHOOL OF MASSAGE            ,SC,29412-8270,Proprietary  ,3,7,10,3,7,10
03746300,LEGRAND INSTITUTE OF COSMETOLOGY        ,SC,29020-0000,Proprietary  ,1,9,10,1,9,10
03746400,SOUTHEASTERN INSTITUTE                  ,SC,29210-0000,Proprietary  ,10,15,25,10,15,25
03768400,STYLETRENDS BARBER AND HAIRSTYLING ACADE,SC,29730-4511,Proprietary  ,1,1,2,1,1,2
03842300,PLATINUM SHEAR SCHOOL OF COSMETOLOGY    ,SC,29115-0000,Proprietary  ,4,2,6,4,2,6
03856400,W. L. BONNER COLLEGE                    ,SC,29203-0000,Private      ,3,8,11,3,8,11
03892300,HARLEY'S BEAUTY & BARBER CAREER INST.   ,SC,29204-1919,Proprietary  ,3,11,14,3,11,14
00345800,AUGUSTANA COLLEGE                       ,SD,57197-0001,Private      ,1120,67,1187,1120,67,1187
00345900,BLACK HILLS STATE UNIVERSITY            ,SD,57799-9670,Public       ,1208,575,1783,1208,575,1783
00346100,DAKOTA WESLEYAN UNIVERSITY              ,SD,57301-4398,Private      ,344,128,472,344,128,472
00346300,DAKOTA STATE UNIVERSITY                 ,SD,57042-1799,Public       ,686,172,858,686,172,858
00346500,MOUNT MARTY COLLEGE                     ,SD,57078-3724,Private      ,363,192,555,363,192,555
00346600,NORTHERN STATE UNIVERSITY               ,SD,57401-7198,Public       ,1057,335,1392,1057,335,1392
00346700,PRESENTATION COLLEGE                    ,SD,57401-1299,Private      ,241,286,527,241,286,527
00346900,UNIVERSITY OF SIOUX FALLS               ,SD,57105-1699,Private      ,870,205,1075,870,205,1075
00347000,SOUTH DAKOTA SCH OF MINES & TECH        ,SD,57701-3995,Public       ,740,213,953,740,213,953
00347100,SOUTH DAKOTA STATE UNIVERSITY           ,SD,57007-2298,Public       ,4265,864,5129,4265,864,5129
00347400,UNIVERSITY OF SOUTH DAKOTA              ,SD,57069-2390,Public       ,2395,1542,3937,2395,1542,3937
00405600,SIOUX FALLS SEMINARY                    ,SD,57105-2729,Private      ,0,20,20,0,20,20
00405700,NATIONAL AMERICAN UNIVERSITY            ,SD,57701-3692,Proprietary  ,111,632,743,111,632,743
00405707,NATIONAL AMERICAN UNIVERSITY            ,SD,57105-0000,Proprietary  ,13,71,84,13,71,84
00492900,MCKENNAN HOSP-RADOLOGICAL TECH          ,SD,57101-0000,Private      ,22,6,28,22,6,28
00530900,LAKE AREA TECHNICAL INSTITUTE           ,SD,57201-2869,Public       ,317,92,409,317,92,409
00598700,AVERA SACRED HEART HOSPITAL SCHOOL OF RA,SD,57078-3899,Private      ,6,1,7,6,1,7
00776400,SOUTHEAST TECHNICAL INST                ,SD,57107-0000,Public       ,568,271,839,568,271,839
00828400,MITCHELL TECHNICAL INSTITUTE            ,SD,57301-2002,Public       ,210,107,317,210,107,317
01013800,STEWART SCHOOL                          ,SD,57104-0000,Proprietary  ,30,14,44,30,14,44
01014804,COLORADO TECHNICAL UNIVERSITY           ,SD,57108-2272,Proprietary  ,155,433,588,155,433,588
01017000,WESTERN DAKOTA TECHNICAL INSTITUTE      ,SD,57701-4018,Public       ,164,232,396,164,232,396
01147701,SIOUX VALLEY HOSP-MEDICAL TECH          ,SD,57117-5039,Private      ,13,8,21,13,8,21
01465900,OGLALA LAKOTA COLLEGE                   ,SD,57752-0490,Public       ,42,140,182,42,140,182
02137100,BLACK HILLS BEAUTY COLLEGE              ,SD,57701-0000,Proprietary  ,19,13,32,19,13,32
02143700,SINTE GLESKA UNIVERSITY                 ,SD,57570-0000,Public       ,16,123,139,16,123,139
02144600,KILIAN COMMUNITY COLLEGE                ,SD,57103-7020,Private      ,17,120,137,17,120,137
02277300,SISSETON WAHPETON COLLEGE               ,SD,57262-0000,Public       ,0,4,4,0,4,4
02297800,HEADLINES ACADEMY                       ,SD,57701-0000,Proprietary  ,13,20,33,13,20,33
00347700,AQUINAS COLLEGE                         ,TN,37205-2086,Private      ,136,388,524,136,388,524
00347701,AQUINAS COLLEGE -  PRIMETIME PROGRAM    ,TN,37214-3644,Private      ,6,108,114,6,108,114
00347800,AUSTIN PEAY STATE UNIVERSITY            ,TN,37044-0002,Public       ,2721,2305,5026,2721,2305,5026
00347900,BELMONT UNIVERSITY                      ,TN,37212-3757,Private      ,2890,867,3757,2890,867,3757
00348000,BETHEL COLLEGE                          ,TN,38201-1705,Private      ,720,725,1445,720,725,1445
00348100,CARSON-NEWMAN COLLEGE                   ,TN,37760-2204,Private      ,1607,240,1847,1607,240,1847
00348200,CHRISTIAN BROTHERS UNIVERSITY           ,TN,38104-5581,Private      ,1186,620,1806,1186,620,1806
00348300,COLUMBIA STATE COMMUNITY COLLEGE        ,TN,38401-5653,Public       ,884,857,1741,884,857,1741
00348500,CUMBERLAND UNIVERSITY                   ,TN,37087-3554,Private      ,844,306,1150,844,306,1150
00348600,LIPSCOMB UNIVERSITY                     ,TN,37204-3951,Private      ,1545,223,1768,1545,223,1768
00348700,EAST TENNESSEE STATE UNIV - MAIN CAMPUS ,TN,37614-2857,Public       ,4607,2565,7172,4607,2565,7172
00348701,EAST TENNESSEE STATE UNIV - MEDICINE    ,TN,37614-1708,Public       ,26,106,132,26,106,132
00349000,FISK UNIVERSITY                         ,TN,37208-3045,Private      ,1264,194,1458,1264,194,1458
00349200,FREED-HARDEMAN UNIVERSITY               ,TN,38340-2399,Private      ,856,260,1116,856,260,1116
00349400,HIWASSEE COLLEGE                        ,TN,37354-4001,Private      ,221,44,265,221,44,265
00349500,JOHNSON BIBLE COLLEGE                   ,TN,37998-9775,Private      ,324,79,403,324,79,403
00349600,KING COLLEGE                            ,TN,37620-2699,Private      ,772,234,1006,772,234,1006
00349800,LAMBUTH UNIVERSITY                      ,TN,38301-5296,Private      ,884,149,1033,884,149,1033
00349900,LANE COLLEGE                            ,TN,38301-4598,Private      ,1249,331,1580,1249,331,1580
00350000,LEE UNIVERSITY                          ,TN,37320-0000,Private      ,1894,518,2412,1894,518,2412
00350100,LEMOYNE-OWEN COLLEGE                    ,TN,38126-6510,Private      ,508,481,989,508,481,989
00350200,LINCOLN MEMORIAL UNIVERSITY             ,TN,37752-7920,Private      ,777,966,1743,777,966,1743
00350400,MARTIN METHODIST COLLEGE                ,TN,38478-2799,Private      ,520,242,762,520,242,762
00350500,MARYVILLE COLLEGE                       ,TN,37804-5907,Private      ,1255,90,1345,1255,90,1345
00350600,MEHARRY MEDICAL COLLEGE                 ,TN,37208-0000,Private      ,21,663,684,21,663,684
00350700,MEMPHIS COLLEGE OF ART                  ,TN,38104-2764,Private      ,284,81,365,284,81,365
00350900,UNIVERSITY OF MEMPHIS (THE)             ,TN,38152-4611,Public       ,6999,5756,12755,6999,5756,12755
00351000,MIDDLE TENNESSEE STATE UNIV             ,TN,37130-0000,Public       ,8262,3072,11334,8262,3072,11334
00351100,MILLIGAN COLLEGE                        ,TN,37682-4001,Private      ,680,241,921,680,241,921
00351700,SOUTHERN COLLEGE OF OPTOMETRY           ,TN,38104-2222,Private      ,14,430,444,14,430,444
00351800,SOUTHERN ADVENTIST UNIVERSITY           ,TN,37315-0370,Private      ,1070,283,1353,1070,283,1353
00351900,RHODES COLLEGE                          ,TN,38112-1690,Private      ,1721,89,1810,1721,89,1810
00352200,TENNESSEE STATE UNIVERSITY              ,TN,37209-1561,Public       ,5462,2920,8382,5462,2920,8382
00352300,TENNESSEE TECHNOLOGICAL UNIV            ,TN,38505-0001,Public       ,3741,1090,4831,3741,1090,4831
00352400,TENNESSEE TEMPLE UNIVERSITY             ,TN,37404-3587,Private      ,218,54,272,218,54,272
00352500,TENNESSEE WESLEYAN COLLEGE              ,TN,37371-0040,Private      ,564,213,777,564,213,777
00352600,TREVECCA NAZARENE UNIVERSITY            ,TN,37210-2877,Private      ,617,615,1232,617,615,1232
00352700,TUSCULUM COLLEGE                        ,TN,37743-0001,Private      ,1141,917,2058,1141,917,2058
00352800,UNION UNIVERSITY                        ,TN,38305-3697,Private      ,1238,456,1694,1238,456,1694
00352900,UNIVERSITY OF TENNESSEE-CHATTANOOGA     ,TN,37403-2598,Public       ,4608,1266,5874,4608,1266,5874
00353000,UNIVERSITY OF TENNESSEE-KNOXVILLE       ,TN,37996-0150,Public       ,12432,3665,16097,12432,3665,16097
00353006,UNIVERSITY OF TENNESSEE-HEALTH SCI CTR  ,TN,38103-0000,Public       ,192,1585,1777,192,1585,1777
00353100,UNIVERSITY OF TENNESSEE-MARTIN          ,TN,38238-0002,Public       ,4048,1058,5106,4048,1058,5106
00353400,UNIVERSITY OF THE SOUTH                 ,TN,37383-1000,Private      ,1084,24,1108,1084,24,1108
00353500,VANDERBILT UNIVERSITY                   ,TN,37240-0001,Private      ,5766,2620,8386,5766,2620,8386
00353501,VANDERBILT UNIV MED CTR ALLIEDHEAL      ,TN,37232-5510,Private      ,17,92,109,17,92,109
00353502,VANDERBILT UNIV - SCH OF MED            ,TN,37232-0000,Private      ,42,532,574,42,532,574
00353600,BRYAN COLLEGE                           ,TN,37321-7000,Private      ,627,134,761,627,134,761
00399800,CHATTANOOGA STATE COMMUNITY COLLEGE     ,TN,37406-1097,Public       ,1109,1499,2608,1109,1499,2608
00399900,CLEVELAND STATE COMMUNITY COLLEGE       ,TN,37312-2858,Public       ,534,581,1115,534,581,1115
00402500,TN TECHNOLOGY CTR AT KNOXVILLE          ,TN,37919-2327,Public       ,109,260,369,109,260,369
00402600,TENNESSEE TECH. CNTR AT CROSSVILLE      ,TN,38555-4142,Public       ,94,144,238,94,144,238
00461700,NATIONAL COLLEGE OF BUSINESS & TECH     ,TN,37211-6605,Proprietary  ,25,244,269,25,244,269
00493400,DRAUGHONS JR CLG OF BUSINESS            ,TN,37217-1056,Proprietary  ,77,712,789,77,712,789
00493700,JACKSON STATE COMMUNITY COLLEGE         ,TN,38301-3797,Public       ,1014,1044,2058,1014,1044,2058
00493800,SOUTH COLLEGE                           ,TN,37909-3323,Proprietary  ,82,305,387,82,305,387
00494700,WEST TENNESSEE BUSINESS COLLEGE         ,TN,38301-3256,Proprietary  ,32,136,168,32,136,168
00528000,TN TECHNOLOGY CTR AT COVINGTON          ,TN,38019-0249,Public       ,31,80,111,31,80,111
00528100,TN TECHNOLOGY CTR AT ELIZABETHTON       ,TN,37643-0789,Public       ,39,208,247,39,208,247
00528200,TN TECHNOLOGY CTR AT HARTSVILLE         ,TN,37074-0000,Public       ,45,88,133,45,88,133
00528300,TN TECHNOLOGY CTR AT NEWBERN            ,TN,38059-1198,Public       ,29,99,128,29,99,128
00530700,TN TECHNOLOGY CTR AT MCMINNVILLE        ,TN,37110-1322,Public       ,38,176,214,38,176,214
00535100,TENNESSEE TECHNOLOGY CENTER AT MORRISTOW,TN,37813-2094,Public       ,112,207,319,112,207,319
00535200,TN TECHNOLOGY CENTER AT MCKENZIE        ,TN,38201-1620,Public       ,45,90,135,45,90,135
00535300,TN TECHNOLOGY CENTER AT LIVINGSTON      ,TN,38570-0219,Public       ,75,173,248,75,173,248
00535400,TN TECHNOLOGY CTR AT JACKSON            ,TN,38301-0000,Public       ,146,308,454,146,308,454
00535600,TENNESSEE TECHNOLOGY CENTER AT HOHENWALD,TN,38462-0000,Public       ,100,220,320,100,220,320
00535700,TENNESSEE TECHNOLOGY CENTER AT CRUMP    ,TN,38327-3402,Public       ,85,130,215,85,130,215
00535800,TN TECHNOLOGY CENTER AT ATHENS          ,TN,37371-0848,Public       ,76,102,178,76,102,178
00535900,TENNESSEE TECHNOLOGY CENTER AT NASHVILLE,TN,37209-0000,Public       ,106,239,345,106,239,345
00536000,TENNESSEE TECHNOLOGY CENTER AT MEMPHIS  ,TN,38105-3604,Public       ,162,432,594,162,432,594
00537800,NORTHEAST STATE TECH CMNTY COLG         ,TN,37617-0246,Public       ,845,901,1746,845,901,1746
00537900,TN TECHNOLOGY CTR AT SHELBYVILLE        ,TN,37160-3697,Public       ,109,201,310,109,201,310
00660000,METHODIST HOSP SCH OF NURSING           ,TN,38104-3499,Private      ,40,72,112,40,72,112
00683500,DYERSBURG STATE COMMUNITY COLLEGE       ,TN,38024-0000,Public       ,598,711,1309,598,711,1309
00683600,MOTLOW STATE COMMUNITY COLLEGE          ,TN,37388-7972,Public       ,577,528,1105,577,528,1105
00743900,FOUNTAINHEAD COLLEGE OF TECHNOLOGY      ,TN,37918-2583,Proprietary  ,22,61,83,22,61,83
00744000,NASHVILLE AUTO DIESEL COLLEGE           ,TN,37206-3298,Proprietary  ,784,156,940,784,156,940
00778200,TENNESSEE TECHNOLOGY CENTER AT DICKSON  ,TN,37055-0000,Public       ,69,198,267,69,198,267
00778300,MIDDLE TENNESSEE SCH OF ANESTHESIA      ,TN,37116-0417,Private      ,5,69,74,5,69,74
00814500,NASHVILLE STATE TECH CMNTY COLLEGE      ,TN,37209-0000,Public       ,667,1385,2052,667,1385,2052
00865500,GENESIS CAREER COLLEGE OF COOKEVILLE    ,TN,38501-1959,Proprietary  ,16,5,21,16,5,21
00885900,JOHN A GUPTON COLLEGE                   ,TN,37203-2934,Private      ,17,30,47,17,30,47
00886300,WALTERS STATE COMMUNITY COLLEGE         ,TN,37813-6899,Public       ,1285,1063,2348,1285,1063,2348
00946400,TN TECHNOLOGY CTR AT PULASKI            ,TN,38478-4541,Public       ,32,225,257,32,225,257
00956700,TENNESSEE SCHOOL OF BEAUTY              ,TN,37921-3303,Proprietary  ,33,45,78,33,45,78
00971000,TENNESSEE TECHNOLOGY CENTER AT ONEIDA/HU,TN,37756-4149,Public       ,17,37,54,17,37,54
00991200,VOLUNTEER STATE COMMUNITY COLLEGE       ,TN,37066-3188,Public       ,1045,1042,2087,1045,1042,2087
00991400,ROANE STATE COMMUNITY COLLEGE           ,TN,37748-8664,Public       ,968,1108,2076,968,1108,2076
00998200,CRICHTON COLLEGE                        ,TN,38111-4745,Private      ,284,519,803,284,519,803
01021700,INTERNATIONAL ACADEMY OF DESIGN & TECH  ,TN,37212-0000,Proprietary  ,273,272,545,273,272,545
01032600,TN TECHNOLOGY CTR AT HARRIMAN           ,TN,37748-1109,Public       ,48,136,184,48,136,184
01043900,SOUTHWEST TENNESSEE COMMUNITY COLLG     ,TN,38104-3322,Public       ,1776,3431,5207,1776,3431,5207
01044700,"PLAZA BEAUTY SCHOOL, INC.               ",TN,38117-4822,Proprietary  ,10,14,24,10,14,24
01046000,AMERICAN BAPTIST THEOLOGICAL SEMINA     ,TN,37207-4994,Private      ,4,35,39,4,35,39
01052900,MEMPHIS THEOLOGICAL SEMINARY            ,TN,38104-0000,Private      ,2,24,26,2,24,26
01070000,TN TECHNOLOGY CENTER AT JACKSBORO       ,TN,37757-2461,Public       ,41,81,122,41,81,122
01155300,WM R MOORE COLLEGE OF TECHNOLOGY        ,TN,38104-0000,Private      ,11,25,36,11,25,36
01216400,TENNESSEE TECHNICAL CNTR AT RIPLEY      ,TN,38063-7359,Public       ,16,82,98,16,82,98
01254700,EMMANUEL SCHOOL OF RELIGION             ,TN,37601-0000,Private      ,3,20,23,3,20,23
01269300,PELLISSIPPI STATE COMMUNITY COLLEGE     ,TN,37933-0990,Public       ,1149,949,2098,1149,949,2098
02092800,TENNESSEE TECHNOLOGY CENTER AT WHITEVILL,TN,38075-0000,Public       ,25,66,91,25,66,91
02103500,TN TECHNOLOGY CTR AT MURFREESBORO       ,TN,37129-0000,Public       ,67,119,186,67,119,186
02106400,O'MORE COLLEGE OF DESIGN                ,TN,37064-0000,Private      ,87,24,111,87,24,111
02125300,NASHVILLE CLG OF MEDICAL CAREERS        ,TN,37115-0000,Proprietary  ,8,63,71,8,63,71
02153100,JON NAVE UNIVERSITY OF COSMETOLOGY      ,TN,37013-3347,Proprietary  ,3,14,17,3,14,17
02157100,CONCORDE CAREER COLLEGE                 ,TN,38137-0000,Proprietary  ,73,353,426,73,353,426
02188300,PENTECOSTAL THEOLOGICAL SEMINARY        ,TN,37320-0000,Private      ,1,52,53,1,52,53
02204200,"CHATTANOOGA COLLEGE - MEDICAL, DENTAL AN",TN,37411-0000,Proprietary  ,7,84,91,7,84,91
02237900,TN TECHNOLOGY CENTER AT PARIS           ,TN,38242-0000,Public       ,41,195,236,41,195,236
02257400,ARNOLD'S BEAUTY SCHOOL                  ,TN,38358-0000,Proprietary  ,9,6,15,9,6,15
02275500,REUBEN-ALLEN COLLEGE                    ,TN,37922-0000,Proprietary  ,5,5,10,5,5,10
02278700,MR WAYNES SCH OF UNISEX HAIR DESIGN     ,TN,38501-0000,Proprietary  ,3,4,7,3,4,7
02293900,VOLUNTEER BEAUTY ACADEMY-NASHVILLE      ,TN,37115-2112,Proprietary  ,5,6,11,5,6,11
02294000,VOLUNTEER BEAUTY ACADEMY-DYERSBURG      ,TN,38024-1622,Proprietary  ,0,3,3,0,3,3
02326200,KAPLAN CAREER INSTITUTE                 ,TN,37217-1342,Proprietary  ,27,151,178,27,151,178
02326300,MEDVANCE INSTITUTE                      ,TN,38501-4305,Proprietary  ,34,195,229,34,195,229
02335900,VOLUNTEER BEAUTY ACADEMY-NASHVILLE      ,TN,37209-3033,Proprietary  ,1,14,15,1,14,15
02359800,ITT TECHNICAL INSTITUTE                 ,TN,37214-3717,Proprietary  ,173,228,401,173,228,401
02498000,NEW WAVE HAIR ACADEMY                   ,TN,38128-0000,Proprietary  ,7,16,23,7,16,23
02539800,QUEEN CITY COLLEGE                      ,TN,37042-0000,Proprietary  ,4,36,40,4,36,40
02540000,TENNESSEE ACADEMY OF COSMETOLOGY        ,TN,38133-0000,Proprietary  ,7,13,20,7,13,20
02578200,NOSSI COLLEGE OF ART                    ,TN,37072-0000,Proprietary  ,104,151,255,104,151,255
02595000,FAYETTEVILLE BEAUTY SCHOOL              ,TN,37334-2909,Proprietary  ,6,6,12,6,6,12
02597600,NEW WAVE HAIR ACADEMY                   ,TN,38301-3812,Proprietary  ,3,6,9,3,6,9
02599710,VATTEROTT COLLEGE - MEMPHIS             ,TN,38132-1714,Proprietary  ,16,90,106,16,90,106
02605501,REMINGTON COLLEGE - MEMPHIS CAMPUS      ,TN,38132-0000,Proprietary  ,49,154,203,49,154,203
02614200,MILLER MOTTE BUSINESS COLLEGE           ,TN,37040-6023,Proprietary  ,18,208,226,18,208,226
02614203,MILLER - MOTTE TECHNICAL COLLEGE - CHATT,TN,37421-7220,Proprietary  ,54,366,420,54,366,420
02614204,MILLER - MOTTE TECHNICAL COLLEGE - GOODL,TN,37072-1870,Proprietary  ,11,70,81,11,70,81
03001800,FREE WILL BAPTIST BIBLE COLLEGE         ,TN,37205-2498,Private      ,94,21,115,94,21,115
03008800,FRANKLIN ACADEMY                        ,TN,37312-3939,Private      ,3,19,22,3,19,22
03012500,NEW WAVE HAIR ACADEMY                   ,TN,38111-4253,Proprietary  ,19,33,52,19,33,52
03024900,TENNESSEE ACADEMY OF COSMETOLOGY        ,TN,38125-3442,Proprietary  ,9,9,18,9,9,18
03061100,GENESIS CAREER COLLEGE OF LEBANON       ,TN,37087-2718,Proprietary  ,2,3,5,2,3,5
03073400,ITT TECHNICAL INSTITUTE                 ,TN,37932-3343,Proprietary  ,158,220,378,158,220,378
03079100,NORTH CENTRAL INSTITUTE                 ,TN,37042-3116,Proprietary  ,5,19,24,5,19,24
03088800,WATKINS INSTITUTE COLLEGE OF ART & DESIG,TN,37228-1306,Private      ,135,99,234,135,99,234
03149300,NEW DIRECTIONS HAIR ACADEMY             ,TN,37209-0000,Proprietary  ,6,24,30,6,24,30
03355400,RICHMONT GRADUATE UNIVERSITY            ,TN,37404-0000,Private      ,1,46,47,1,46,47
03440300,BAPTIST MEMORIAL COLLEGE OF HEALTH      ,TN,38104-3104,Private      ,354,513,867,354,513,867
03454300,TENNESSEE CAREER COLLEGE                ,TN,37214-2945,Proprietary  ,2,31,33,2,31,33
03487300,TEMPLE BAPTIST SEMINARY                 ,TN,37404-0000,Private      ,2,4,6,2,4,6
03513500,WILLIAMSON CHRISTIAN COLLEGE            ,TN,37067-8237,Private      ,3,7,10,3,7,10
03647300,NEW CONCEPTS SCHOOL OF COSMETOLOGY      ,TN,37311-7373,Proprietary  ,0,2,2,0,2,2
03683300,INTERNATIONAL BARBER & STYLE COLLEGE    ,TN,37209-0000,Proprietary  ,1,10,11,1,10,11
03774300,PYRAMID BEAUTY SCHOOL                   ,TN,38104-2324,Proprietary  ,4,13,17,4,13,17
03774400,SHEAR ACADEMY                           ,TN,38555-4177,Proprietary  ,3,11,14,3,11,14
03830300,SAE INSTITUTE OF TECHNOLOGY             ,TN,37203-4310,Proprietary  ,52,57,109,52,57,109
03841300,CAREER BEAUTY COLLEGE                   ,TN,38464-3634,Proprietary  ,4,5,9,4,5,9
03920300,INSTITUTE OF HAIR DESIGN                ,TN,38310-1801,Proprietary  ,6,15,21,6,15,21
03930300,BUCHANAN BEAUTY COLLEGE                 ,TN,37160-2741,Proprietary  ,5,4,9,5,4,9
04025300,LAST MINUTE CUTS SCHOOL OF BARBERING AND,TN,38109-7709,Proprietary  ,2,9,11,2,9,11
04035300,NAVE COSMETOLOGY ACADEMY                ,TN,38401-6335,Proprietary  ,6,7,13,6,7,13
00353700,ABILENE CHRISTIAN UNIVERSITY            ,TX,79699-3701,Private      ,1901,354,2255,1901,354,2255
00353900,ALVIN COMMUNITY COLLEGE                 ,TX,77511-4807,Public       ,155,285,440,155,285,440
00354000,AMARILLO COLLEGE                        ,TX,79109-2446,Public       ,764,1258,2022,764,1258,2022
00354100,ANGELO STATE UNIVERSITY                 ,TX,76909-5069,Public       ,2406,890,3296,2406,890,3296
00354300,AUSTIN COLLEGE                          ,TX,75090-4440,Private      ,953,45,998,953,45,998
00354400,AUSTIN PRESBYTERIAN THEOLOGICAL SEM     ,TX,78705-5797,Private      ,0,51,51,0,51,51
00354500,BAYLOR UNIVERSITY                       ,TX,76798-1458,Private      ,9395,1792,11187,9395,1792,11187
00354600,COASTAL BEND COLLEGE                    ,TX,78102-2197,Public       ,401,496,897,401,496,897
00354900,BLINN COLLEGE                           ,TX,77833-4098,Public       ,2328,885,3213,2328,885,3213
00355300,CISCO JUNIOR COLLEGE                    ,TX,76437-9803,Public       ,419,400,819,419,400,819
00355400,CLARENDON COLLEGE                       ,TX,79226-0000,Public       ,97,61,158,97,61,158
00355600,COMMONWEALTH INST OF FUNERAL SVC        ,TX,77090-5918,Private      ,14,35,49,14,35,49
00355700,CONCORDIA UNIVERSITY TEXAS              ,TX,78726-4141,Private      ,521,226,747,521,226,747
00355800,NORTH CENTRAL TEXAS COLLEGE             ,TX,76240-4699,Public       ,480,622,1102,480,622,1102
00356000,DALLAS BAPTIST UNIVERSITY               ,TX,75211-9299,Private      ,904,859,1763,904,859,1763
00356100,CEDAR VALLEY COLLEGE                    ,TX,75134-0000,Public       ,433,598,1031,433,598,1031
00356200,DALLAS THEOLOGICAL SEM                  ,TX,75204-0000,Private      ,8,168,176,8,168,176
00356300,DEL MAR COLLEGE                         ,TX,78404-3897,Public       ,1172,1472,2644,1172,1472,2644
00356400,EAST TEXAS BAPTIST UNIVERSITY           ,TX,75670-1423,Private      ,763,154,917,763,154,917
00356500,TEXAS A&M UNIVERSITY - COMMERCE         ,TX,75429-3011,Public       ,1452,1424,2876,1452,1424,2876
00356600,EPISCOPAL THEOL SEM OF THE STHWST       ,TX,78768-0000,Private      ,1,6,7,1,6,7
00356800,FRANK PHILLIPS COLLEGE                  ,TX,79008-0000,Public       ,55,92,147,55,92,147
00357000,GRAYSON COUNTY COLLEGE                  ,TX,75020-8299,Public       ,320,498,818,320,498,818
00357100,HARDIN-SIMMONS UNIVERSITY               ,TX,79698-6050,Private      ,1021,357,1378,1021,357,1378
00357200,TRINITY VALLEY COMMUNITY COLLEGE        ,TX,75751-2734,Public       ,462,618,1080,462,618,1080
00357300,HILL COLLEGE                            ,TX,76645-2711,Public       ,168,127,295,168,127,295
00357301,HILL COLLEGE                            ,TX,76031-0000,Public       ,107,243,350,107,243,350
00357400,HOWARD COLLEGE                          ,TX,79720-0213,Public       ,311,477,788,311,477,788
00357500,HOWARD PAYNE UNIVERSITY                 ,TX,76801-2715,Private      ,834,151,985,834,151,985
00357600,HOUSTON BAPTIST UNIVERSITY              ,TX,77074-3298,Private      ,859,662,1521,859,662,1521
00357700,HUSTON - TILLOTSON UNIVERSITY           ,TX,78702-2795,Private      ,306,161,467,306,161,467
00357800,UNIVERSITY OF THE INCARNATE WORD        ,TX,78209-6398,Private      ,1815,1428,3243,1815,1428,3243
00357900,JACKSONVILLE COLLEGE                    ,TX,75766-4759,Private      ,52,36,88,52,36,88
00358000,KILGORE COLLEGE                         ,TX,75662-3299,Public       ,626,691,1317,626,691,1317
00358100,LAMAR UNIVERSITY-BEAUMONT               ,TX,77710-0042,Public       ,2537,1386,3923,2537,1386,3923
00358200,LAREDO COMMUNITY COLLEGE                ,TX,78040-4395,Public       ,1164,880,2044,1164,880,2044
00358300,LEE COLLEGE                             ,TX,77520-4796,Public       ,244,681,925,244,681,925
00358400,LETOURNEAU UNIVERSITY                   ,TX,75607-0000,Private      ,982,1166,2148,982,1166,2148
00358500,LON MORRIS COLLEGE                      ,TX,75766-2900,Private      ,135,17,152,135,17,152
00358600,LUBBOCK CHRISTIAN UNIVERSITY            ,TX,79407-2099,Private      ,546,368,914,546,368,914
00358800,UNIVERSITY OF MARY HARDIN-BAYLOR        ,TX,76513-2599,Private      ,1702,620,2322,1702,620,2322
00359000,MCLENNAN COMMUNITY COLLEGE              ,TX,76708-1498,Public       ,946,1243,2189,946,1243,2189
00359100,MCMURRY UNIVERSITY                      ,TX,79697-0001,Private      ,905,256,1161,905,256,1161
00359200,MIDWESTERN STATE UNIVERSITY             ,TX,76308-2099,Public       ,1552,1040,2592,1552,1040,2592
00359300,NAVARRO COLLEGE                         ,TX,75110-4818,Public       ,755,732,1487,755,732,1487
00359400,UNIVERSITY OF NORTH TEXAS               ,TX,76203-1370,Public       ,9878,4993,14871,9878,4993,14871
00359500,OBLATE SCHOOL OF THEOLOGY               ,TX,78216-0000,Private      ,1,9,10,1,9,10
00359600,ODESSA COLLEGE                          ,TX,79764-7127,Public       ,415,711,1126,415,711,1126
00359800,OUR LADY OF THE LAKE UNIVERSITY         ,TX,78207-4689,Private      ,1145,954,2099,1145,954,2099
00359900,UNIVERSITY OF TEXAS - PAN AMERICAN      ,TX,78541-2999,Public       ,7509,3150,10659,7509,3150,10659
00360000,PANOLA COLLEGE                          ,TX,75633-2397,Public       ,227,248,475,227,248,475
00360100,PARIS JR COLLEGE                        ,TX,75460-6298,Public       ,357,486,843,357,486,843
00360200,PAUL QUINN COLLEGE                      ,TX,75241-4398,Private      ,187,213,400,187,213,400
00360300,RANGER COLLEGE                          ,TX,76470-3298,Public       ,128,74,202,128,74,202
00360400,RICE UNIVERSITY                         ,TX,77251-1892,Private      ,4121,748,4869,4121,748,4869
00360600,SAM HOUSTON STATE UNIVERSITY            ,TX,77340-0000,Public       ,5647,1995,7642,5647,1995,7642
00360700,ALAMO CMTY CLG DISTRICT PROGRAM         ,TX,78207-0000,Public       ,41,63,104,41,63,104
00360800,ST PHILLIPS COLLEGE                     ,TX,78203-2098,Public       ,948,2009,2957,948,2009,2957
00360900,SAN JACINTO CLG-CENTRAL-NORTH-SOUTH     ,TX,77501-0000,Public       ,1404,2047,3451,1404,2047,3451
00361000,SCHREINER UNIVERSITY                    ,TX,78028-5697,Private      ,527,176,703,527,176,703
00361100,SOUTH PLAINS COLLEGE                    ,TX,79336-6504,Public       ,1252,1101,2353,1252,1101,2353
00361200,UNIV OF HOUSTON-DOWNTOWN                ,TX,77002-1001,Public       ,2207,2745,4952,2207,2745,4952
00361300,SOUTHERN METHODIST UNIVERSITY           ,TX,75275-0181,Private      ,3197,1851,5048,3197,1851,5048
00361400,SOUTHWEST TEXAS JR COLLEGE              ,TX,78801-6221,Public       ,407,485,892,407,485,892
00361500,TEXAS STATE UNIVERSITY--SAN MARCOS      ,TX,78666-4602,Public       ,9500,4245,13745,9500,4245,13745
00361600,SOUTHWESTERN ASSEMBLIES OF GOD UNIV     ,TX,75165-2397,Private      ,372,259,631,372,259,631
00361700,SOUTHWESTERN BAPTIST THEOL SEMINARY     ,TX,76122-0000,Private      ,17,61,78,17,61,78
00361800,SOUTHWESTERN CHRISTIAN COLLEGE          ,TX,75160-3400,Private      ,39,16,55,39,16,55
00361900,SOUTHWESTERN ADVENTIST UNIVERSITY       ,TX,76059-1922,Private      ,224,119,343,224,119,343
00362000,SOUTHWESTERN UNIVERSITY                 ,TX,78626-6111,Private      ,1470,63,1533,1470,63,1533
00362100,ST EDWARDS UNIVERSITY                   ,TX,78704-0000,Private      ,2277,1002,3279,2277,1002,3279
00362300,ST MARY'S UNIV OF SAN ANTONIO           ,TX,78228-8500,Private      ,2348,1483,3831,2348,1483,3831
00362400,STEPHEN F AUSTIN STATE UNIVERSITY       ,TX,75962-0001,Public       ,4568,1164,5732,4568,1164,5732
00362500,SUL ROSS STATE UNIVERSITY               ,TX,79832-0113,Public       ,605,497,1102,605,497,1102
00362600,TARRANT COUNTY COLLEGE                  ,TX,76102-6599,Public       ,2263,3363,5626,2263,3363,5626
00362700,TEMPLE COLLEGE                          ,TX,76504-7435,Public       ,445,620,1065,445,620,1065
00362800,TEXARKANA COLLEGE                       ,TX,75599-0001,Public       ,476,494,970,476,494,970
00363000,PRAIRIE VIEW A&M UNIVERSITY             ,TX,77446-2967,Public       ,4033,1585,5618,4033,1585,5618
00363100,TARLETON STATE UNIVERSITY               ,TX,76402-0000,Public       ,2174,1374,3548,2174,1374,3548
00363200,TEXAS A&M UNIVERSITY                    ,TX,77842-0000,Public       ,15039,2882,17921,15039,2882,17921
00363400,TEXAS STATE TECHNICAL CLG AT WACO       ,TX,76705-1695,Public       ,683,576,1259,683,576,1259
00363500,TEXAS CHIROPRACTIC COLLEGE              ,TX,77505-1699,Private      ,10,146,156,10,146,156
00363600,TEXAS CHRISTIAN UNIVERSITY              ,TX,76129-0001,Private      ,5154,1111,6265,5154,1111,6265
00363700,JARVIS CHRISTIAN COLLEGE                ,TX,75765-1470,Private      ,131,32,163,131,32,163
00363800,TEXAS COLLEGE                           ,TX,75702-4500,Private      ,183,131,314,183,131,314
00363900,TEXAS A&M UNIVERSITY-KINGSVILLE         ,TX,78363-8203,Public       ,1974,1174,3148,1974,1174,3148
00364100,TEXAS LUTHERAN UNIVERSITY               ,TX,78155-5999,Private      ,962,75,1037,962,75,1037
00364200,TEXAS SOUTHERN UNIVERSITY               ,TX,77004-4598,Public       ,4365,3922,8287,4365,3922,8287
00364300,TEXAS SOUTHMOST COLLEGE                 ,TX,78520-4992,Public       ,94,104,198,94,104,198
00364400,TEXAS TECH UNIVERSITY                   ,TX,79409-0000,Public       ,8577,3236,11813,8577,3236,11813
00364500,TEXAS WESLEYAN UNIVERSITY               ,TX,76105-1536,Private      ,411,1314,1725,411,1314,1725
00364600,TEXAS WOMAN'S UNIVERSITY                ,TX,76204-5587,Public       ,2394,3716,6110,2394,3716,6110
00364700,TRINITY UNIVERSITY                      ,TX,78212-7200,Private      ,2068,183,2251,2068,183,2251
00364800,TYLER JUNIOR COLLEGE                    ,TX,75701-3436,Public       ,1459,1071,2530,1459,1071,2530
00365100,UNIVERSITY OF DALLAS                    ,TX,75062-4799,Private      ,1011,368,1379,1011,368,1379
00365200,UNIVERSITY OF HOUSTON                   ,TX,77204-2010,Public       ,11323,7568,18891,11323,7568,18891
00365400,UNIVERSITY OF ST THOMAS                 ,TX,77006-4626,Private      ,832,468,1300,832,468,1300
00365600,UNIVERSITY OF TEXAS-ARLINGTON           ,TX,76019-0000,Public       ,6321,5194,11515,6321,5194,11515
00365800,UNIVERSITY OF TEXAS-AUSTIN              ,TX,78713-7758,Public       ,23650,9738,33388,23650,9738,33388
00365900,UT HEALTH CENTER-SAN ANTONIO            ,TX,78229-3900,Public       ,256,1318,1574,256,1318,1574
00366100,UNIVERSITY OF TEXAS-EL PASO             ,TX,79968-0629,Public       ,5862,4216,10078,5862,4216,10078
00366200,VICTORIA COLLEGE (THE)                  ,TX,77901-4494,Public       ,338,528,866,338,528,866
00366300,WAYLAND BAPTIST UNIVERSITY              ,TX,79072-6998,Private      ,369,632,1001,369,632,1001
00366400,WEATHERFORD COLLEGE                     ,TX,76086-5699,Public       ,521,466,987,521,466,987
00366500,WEST TEXAS A&M UNIVERSITY               ,TX,79016-0000,Public       ,1563,937,2500,1563,937,2500
00366800,WHARTON COUNTY JR COLLEGE               ,TX,77488-3298,Public       ,580,475,1055,580,475,1055
00366900,WILEY COLLEGE                           ,TX,75670-5199,Private      ,179,105,284,179,105,284
00400300,CENTRAL TEXAS COLLEGE                   ,TX,76540-4199,Public       ,504,2153,2657,504,2153,2657
00407221,NORTHWOOD UNIVERSITY                    ,TX,75104-0000,Private      ,243,219,462,243,219,462
00445300,EL CENTRO COLLEGE                       ,TX,75202-0000,Public       ,712,1327,2039,712,1327,2039
00494800,TEXAS A&M UNIV SYSTEM HEALTH SCI CT     ,TX,77840-7896,Public       ,25,269,294,25,269,294
00494801,TEXAS A&M UNIV SYSTEMS-HSC              ,TX,77843-1114,Public       ,65,319,384,65,319,384
00494900,BAYLOR COLLEGE OF MEDICINE              ,TX,77030-0000,Private      ,86,688,774,86,688,774
00495100,UNIV OF TEXAS HEALTH SCIENCE CENTER     ,TX,77225-0000,Public       ,155,1274,1429,155,1274,1429
00495200,UNIV OF TEXAS MEDICAL BRANCH            ,TX,77550-0000,Public       ,140,867,1007,140,867,1007
00497200,GALVESTON COLLEGE                       ,TX,77550-7447,Public       ,163,315,478,163,315,478
00497700,SOUTH TEXAS COLLEGE OF LAW              ,TX,77002-0000,Private      ,6,1081,1087,6,1081,1087
00520307,REMINGTON COLLEGE - DALLAS CAMPUS       ,TX,75041-9935,Proprietary  ,10,16,26,10,16,26
00661200,COVENANT SCH OF NSG & ALLIED HEALTH     ,TX,79410-0000,Private      ,32,91,123,32,91,123
00666100,ANGELINA COLLEGE                        ,TX,75902-0000,Public       ,529,550,1079,529,550,1079
00694100,DALLAS CHRISTIAN COLLEGE                ,TX,75234-7229,Private      ,74,62,136,74,62,136
00709600,COLLEGE OF THE MAINLAND                 ,TX,77591-2499,Public       ,213,419,632,213,419,632
00728700,BRAZOSPORT COLLEGE                      ,TX,77566-3199,Public       ,166,250,416,166,250,416
00732907,ITT TECHNICAL INSTITUTE                 ,TX,77063-3751,Proprietary  ,49,46,95,49,46,95
00754805,WESTWOOD COLLEGE OF TECHNOLOGY          ,TX,77074-0000,Proprietary  ,34,39,73,34,39,73
00758602,REMINGTON COLLEGE - FORT WORTH CAMPUS   ,TX,76112-1280,Proprietary  ,32,173,205,32,173,205
00835300,LINCOLN COLLEGE OF TECHNOLOGY           ,TX,75052-0000,Proprietary  ,82,97,179,82,97,179
00849800,MIMS CLASSIC BEAUTY COLLEGE             ,TX,78216-0000,Proprietary  ,8,10,18,8,10,18
00850300,MOUNTAIN VIEW COLLEGE                   ,TX,75211-6599,Public       ,617,781,1398,617,781,1398
00850400,RICHLAND COLLEGE                        ,TX,75243-2199,Public       ,763,1113,1876,763,1113,1876
00851000,EASTFIELD COLLEGE                       ,TX,75150-2099,Public       ,674,979,1653,674,979,1653
00908200,INTERNATIONAL BUSINESS COLLEGE          ,TX,79903-0000,Proprietary  ,16,14,30,16,14,30
00916300,SAN ANTONIO COLLEGE                     ,TX,78212-4299,Public       ,2443,3561,6004,2443,3561,6004
00916302,SAN ANTONIO COLLEGE FT SAM HOUSTON      ,TX,78234-0000,Public       ,25,14,39,25,14,39
00922500,TEXAS STATE TECHNICAL COLLEGE  HARLINGEN,TX,78550-3697,Public       ,1142,591,1733,1142,591,1733
00946600,KAPLAN CAREER INSTITUTE                 ,TX,78216-1899,Proprietary  ,44,154,198,44,154,198
00946607,SAN ANT COL OF MED & DENTAL - MCALLEN   ,TX,78503-1622,Proprietary  ,63,116,179,63,116,179
00946609,CAREER CENTERS OF TX - CORPUS CHRISTI   ,TX,78416-9900,Proprietary  ,19,117,136,19,117,136
00946610,KAPLAN CAREER INSTITUTE - CAREER CENTERS,TX,76103-2310,Proprietary  ,3,22,25,3,22,25
00954900,WESTERN TEXAS COLLEGE                   ,TX,79549-9501,Public       ,127,55,182,127,55,182
00965100,TEXAS A&M INTERNATIONAL UNIVERSITY      ,TX,78041-1900,Public       ,1440,751,2191,1440,751,2191
00974100,UNIVERSITY OF TEXAS AT DALLAS           ,TX,75083-0000,Public       ,2963,2107,5070,2963,2107,5070
00976800,UNIVERSITY OF NORTH TEXAS HEALTH SCIENCE,TX,76107-2699,Public       ,45,533,578,45,533,578
00979700,MIDLAND COLLEGE                         ,TX,79705-6397,Public       ,519,650,1169,519,650,1169
00993000,UNIVERSITY OF TEXAS-PERMIAN BASIN       ,TX,79762-0001,Public       ,581,628,1209,581,628,1209
00993200,TEXAS STATE TECH CLG-WEST TEXAS         ,TX,79556-4108,Public       ,119,144,263,119,144,263
00993201,TEXAS STATE TECH COLLEGE-ABILENE        ,TX,79601-0000,Public       ,41,67,108,41,67,108
00993204,TEXAS STATE TECH CLG-BRECKENRIDGE       ,TX,76424-0000,Public       ,8,26,34,8,26,34
00993205,TEXAS STATE TECH COLLEGE-BROWNWOOD      ,TX,76801-0000,Public       ,19,61,80,19,61,80
01001900,UNIV OF TEXAS SOUTHWESTERN MED CTR      ,TX,75390-9096,Public       ,76,984,1060,76,984,1060
01005700,AMERICAN COMMERCIAL COLLEGE             ,TX,79602-1399,Proprietary  ,5,53,58,5,53,58
01005900,AMERICAN COMMERCIAL COLLEGE             ,TX,79761-0000,Proprietary  ,6,29,35,6,29,35
01005901,AMERICAN COMMERCIAL COLLEGE - AMERICAN C,TX,76310-2303,Proprietary  ,9,41,50,9,41,50
01006000,VERNON COLLEGE                          ,TX,76384-4092,Public       ,241,513,754,241,513,754
01011500,UNIVERSITY OF TEXAS-SAN ANTONIO         ,TX,78249-0600,Public       ,10801,5612,16413,10801,5612,16413
01013000,WADE COLLEGE                            ,TX,75207-3199,Proprietary  ,45,47,92,45,47,92
01038700,EL PASO COMMUNITY COLLEGE               ,TX,79998-0000,Public       ,3782,4433,8215,3782,4433,8215
01050900,HALLMARK COLLEGE OF AERONAUTICS         ,TX,78214-0000,Proprietary  ,33,126,159,33,126,159
01062400,CENTRAL TEXAS COMMERCIAL COLLEGE        ,TX,75231-5033,Proprietary  ,8,3,11,8,3,11
01063300,HOUSTON COMMUNITY COLLEGE               ,TX,77002-0000,Public       ,354,583,937,354,583,937
01063303,HOUSTON COMMUNITY COLLEGE - CENTRAL     ,TX,77004-0000,Public       ,698,1507,2205,698,1507,2205
01063304,HOUSTON COMMUNITY COLLEGE - RICE AVIATIO,TX,77061-5001,Public       ,365,787,1152,365,787,1152
01063305,HOUSTON COMMUNITY COLLEGE - NORTHEAST CO,TX,77066-5221,Public       ,395,744,1139,395,744,1139
01063306,HOUSTON COMMUNITY COLLEGE - CENTRAL COLL,TX,77088-6372,Public       ,363,606,969,363,606,969
01063339,HOUSTON COMMUNITY COLLEGE - STAFFORD    ,TX,77477-0000,Public       ,416,564,980,416,564,980
01063347,HOUSTON COMMUNITY COLLEGE - SOUTHWEST   ,TX,77081-7849,Public       ,1420,2278,3698,1420,2278,3698
01063348,HOUSTON COMMUNITY COLLEGE - COLEMAN     ,TX,77030-0000,Public       ,74,392,466,74,392,466
01067400,TEXAS TECH U HEALTH SCIENCES CENTER     ,TX,79430-0000,Public       ,281,1092,1373,281,1092,1373
01076100,DALLAS INSTITUTE OF FUNERAL SERVICE     ,TX,75227-4314,Private      ,19,48,67,19,48,67
01114500,LONE STAR COLLEGE SYSTEM                ,TX,77073-3499,Public       ,1076,1896,2972,1076,1896,2972
01114501,LONE STAR COLLEGE-KINGWOOD              ,TX,77339-0000,Public       ,253,469,722,253,469,722
01114502,LONE STAR COLLEGE-TOMBALL               ,TX,77375-0000,Public       ,241,477,718,241,477,718
01114503,LONE STAR COLLEGE-MONTGOMERY            ,TX,77384-0000,Public       ,366,687,1053,366,687,1053
01114504,LONE STAR COLLEGE-CY-FAIR               ,TX,77433-1383,Public       ,484,682,1166,484,682,1166
01116100,TEXAS A&M UNIV CORPUS CHRISTI           ,TX,78412-5599,Public       ,3520,1448,4968,3520,1448,4968
01116300,UNIVERSITY OF TEXAS AT TYLER            ,TX,75799-6699,Public       ,1556,1169,2725,1556,1169,2725
01171100,UNIVERSITY OF HOUSTON-CLEAR LAKE        ,TX,77058-1002,Public       ,538,1896,2434,538,1896,2434
01201500,AUSTIN COMMUNITY COLLEGE                ,TX,78752-4390,Public       ,3064,4028,7092,3064,4028,7092
01202000,VICTORIA BEAUTY COLLEGE                 ,TX,77901-6233,Proprietary  ,4,20,24,4,20,24
01226800,BALDWIN BEAUTY SCHOOL #5                ,TX,78704-4785,Proprietary  ,13,27,40,13,27,40
01229700,LAREDO BEAUTY COLLEGE                   ,TX,78040-1051,Proprietary  ,5,20,25,5,20,25
01248200,ATI TECHNICAL TRAINING CENTER           ,TX,75235-4622,Proprietary  ,25,193,218,25,193,218
01248300,COSMETOLOGY CAREER CENTER               ,TX,75006-2566,Proprietary  ,14,30,44,14,30,44
01248800,INTERNATIONAL BEAUTY COLLEGE NO 3       ,TX,75040-0000,Proprietary  ,3,6,9,3,6,9
01276400,METROPLEX BEAUTY SCHOOL                 ,TX,75149-0000,Proprietary  ,3,7,10,3,7,10
01293000,CHARLES & SUE'S SCH OF HAIR DESIGN      ,TX,77801-0000,Proprietary  ,5,13,18,5,13,18
01293100,VELMA B'S BEAUTY ACADEMY                ,TX,75216-1511,Proprietary  ,5,7,12,5,7,12
01293200,TINT SCHOOL OF MAKEUP & COSMETOLOGY     ,TX,75061-4235,Proprietary  ,3,6,9,3,6,9
01298200,BORDER INSTITUTE OF TECHNOLOGY          ,TX,79925-6709,Proprietary  ,7,16,23,7,16,23
01300300,NEILSON BEAUTY COLLEGE                  ,TX,75208-4637,Proprietary  ,5,6,11,5,6,11
01301600,OGLE SCHOOL HAIR SKIN NAILS             ,TX,76013-7400,Proprietary  ,17,35,52,17,35,52
01323100,UNIVERSITY OF HOUSTON-VICTORIA          ,TX,77901-5731,Public       ,133,511,644,133,511,644
02058600,CONLEE'S COLLEGE OF COSMETOLOGY         ,TX,78028-0000,Proprietary  ,2,9,11,2,9,11
02074100,CAPITOL CITY TRADE & TECHNICAL SCH      ,TX,78704-0000,Proprietary  ,9,11,20,9,11,20
02077400,NORTH LAKE COLLEGE                      ,TX,75038-0000,Public       ,346,621,967,346,621,967
02078100,STEPHENVILLE BEAUTY COLLEGE             ,TX,76401-0000,Proprietary  ,2,4,6,2,4,6
02081400,ARLINGTON BAPTIST COLLEGE               ,TX,76012-0000,Private      ,22,15,37,22,15,37
02093600,SOUTHWEST SCHOOL OF ELECTRONIC          ,TX,78735-0000,Proprietary  ,3,9,12,3,9,12
02098300,WESTERN TECHNICAL COLLEGE               ,TX,79927-2105,Proprietary  ,47,32,79,47,32,79
02100200,BROOKHAVEN COLLEGE                      ,TX,75244-0000,Public       ,404,725,1129,404,725,1129
02113610,AMERICAN INTERCONTINENTAL UNIV - HOUSTON,TX,77042-4516,Proprietary  ,105,141,246,105,141,246
02116008,SANFORD-BROWN COLLEGE - HOUSTON         ,TX,77036-8507,Proprietary  ,13,164,177,13,164,177
02116012,SANFORD-BROWN INSTITUTE - HOUSTON NORTH ,TX,77008-1058,Proprietary  ,17,150,167,17,150,167
02117100,ART INSTITUTE OF HOUSTON                ,TX,77056-0000,Proprietary  ,458,356,814,458,356,814
02119200,COURT REPORTING INSTITUTE OF DALLAS     ,TX,75247-6913,Proprietary  ,71,439,510,71,439,510
02136800,AMERICAN COMMERCIAL COLLEGE             ,TX,76904-0000,Proprietary  ,10,32,42,10,32,42
02144800,VET TECH INSTITUTE OF HOUSTON           ,TX,77027-9881,Proprietary  ,17,16,33,17,16,33
02176100,PIPO ACADEMY OF HAIR DESIGN             ,TX,79903-0000,Proprietary  ,11,3,14,11,3,14
02188600,AUSTIN BUSINESS COLLEGE                 ,TX,78741-0000,Proprietary  ,22,29,51,22,29,51
02200800,AMERICAN COMMERCIAL COLLEGE             ,TX,79411-0000,Proprietary  ,3,21,24,3,21,24
02218300,SOUTHWEST SCHOOL OF BUSINESS & TECHNICAL,TX,78221-0000,Proprietary  ,4,38,42,4,38,42
02224600,TRI-STATE BEAUTY SCHOOL #1              ,TX,79915-0000,Proprietary  ,11,10,21,11,10,21
02230500,OGLE SCHOOL HAIR SKIN NAILS             ,TX,76132-3638,Proprietary  ,23,48,71,23,48,71
02230600,OGLE SCHOOL HAIR SKIN NAILS             ,TX,76053-4650,Proprietary  ,4,14,18,4,14,18
02239100,CENTRAL TEXAS BEAUTY COLLEGE #2         ,TX,78664-4204,Proprietary  ,3,2,5,3,2,5
02245200,MTI COLLEGE OF BUS. & TECHNOLOGY        ,TX,77036-0000,Proprietary  ,11,32,43,11,32,43
02248200,MILAN INSTITUTE OF COSMETOLOGY          ,TX,79103-0000,Proprietary  ,7,20,27,7,20,27
02254800,TEXAS VOCATIONAL SCHOOLS                ,TX,77901-0000,Proprietary  ,4,7,11,4,7,11
02259400,AMBERTON UNIVERSITY                     ,TX,75041-0000,Private      ,5,39,44,5,39,44
02261300,EVEREST INSTITUTE                       ,TX,78213-3841,Proprietary  ,105,536,641,105,536,641
02261301,NATIONAL INSTITUTE OF TECHNOLOGY        ,TX,77027-0000,Proprietary  ,22,38,60,22,38,60
02267100,EXPOSITO SCHOOL OF HAIR DESIGN          ,TX,79109-0000,Proprietary  ,2,12,14,2,12,14
02276000,FRANKLIN BEAUTY SCHOOL #2               ,TX,77021-0000,Proprietary  ,11,22,33,11,22,33
02285900,UNIVERSITY OF COSMETOLOGY ARTS&SCI      ,TX,78504-0000,Proprietary  ,13,41,54,13,41,54
02294800,CAPITOL CITY CAREERS                    ,TX,78745-0000,Proprietary  ,10,8,18,10,8,18
02305300,PARKER COLLEGE OF CHIROPRACTIC          ,TX,75229-0000,Private      ,11,629,640,11,629,640
02306700,FORT WORTH BEAUTY SCHOOL                ,TX,76116-3299,Proprietary  ,1,9,10,1,9,10
02312200,TEXAS SCHOOL OF BUSINESS                ,TX,77073-6032,Proprietary  ,18,94,112,18,94,112
02312201,TEXAS SCHOOL OF BUSINESS - SOUTHWEST CAM,TX,77057-0000,Proprietary  ,18,125,143,18,125,143
02312202,TEXAS SCHOOL OF BUSINESS - FRIENDSWOOD C,TX,77546-8938,Proprietary  ,3,66,69,3,66,69
02312203,TEXAS SCHOOL OF BUSINESS - EAST CAMPUS  ,TX,77029-1916,Proprietary  ,11,100,111,11,100,111
02313901,WESTWOOD COLLEGE - DALLAS               ,TX,75243-0000,Proprietary  ,56,63,119,56,63,119
02315400,NORTHEAST TEXAS COMMUNITY COLLEGE       ,TX,75456-0000,Public       ,230,250,480,230,250,480
02318200,"KD STUDIO, ACTOR'S CONSERVATORY         ",TX,75207-2111,Proprietary  ,21,23,44,21,23,44
02320200,HOUSTON GRADUATE SCHOOL OF THEOLOGY     ,TX,77004-0000,Private      ,1,24,25,1,24,25
02326000,SAN ANTONIO BEAUTY COLLEGE NO 3         ,TX,78217-0000,Proprietary  ,5,2,7,5,2,7
02328600,ITT TECHNICAL INSTITUTE                 ,TX,76011-0000,Proprietary  ,68,94,162,68,94,162
02331200,BAPTIST MISSIONARY ASSN THEOL SEM       ,TX,75766-0000,Private      ,1,9,10,1,9,10
02331300,INTERACTIVE LEARNING SYSTEMS            ,TX,77502-1201,Proprietary  ,4,8,12,4,8,12
02331301,INTERACTIVE LEARNING SYSTEMS            ,TX,77081-0000,Proprietary  ,0,18,18,0,18,18
02331304,INTERACTIVE LEARNING SYSTEMS            ,TX,77060-0000,Proprietary  ,0,4,4,0,4,4
02341300,PALO ALTO COLLEGE                       ,TX,78224-0000,Public       ,1051,1297,2348,1051,1297,2348
02348500,LAMAR STATE COLLEGE-PORT ARTHUR         ,TX,77640-0000,Public       ,201,377,578,201,377,578
02357700,ACADEMY OF HAIR DESIGN                  ,TX,77090-0000,Proprietary  ,6,14,20,6,14,20
02358200,LAMAR STATE COLLEGE-ORANGE              ,TX,77630-0000,Public       ,146,279,425,146,279,425
02361400,COLLIN COUNTY COMMUNITY COLLEGE         ,TX,75071-0000,Public       ,806,1120,1926,806,1120,1926
02362000,UNIVERSAL TECHNICAL INSTITUTE           ,TX,77073-0000,Proprietary  ,1684,557,2241,1684,557,2241
02362800,AUSTIN GRADUATE SCHOOL OF THEOLOGY      ,TX,78752-1333,Private      ,3,10,13,3,10,13
02521200,ARLINGTON CAREER INSTITUTE              ,TX,75050-0000,Proprietary  ,6,20,26,6,20,26
02521800,SEGUIN BEAUTY SCHOOL                    ,TX,78155-0000,Proprietary  ,1,3,4,1,3,4
02527500,HOUSTON TRAINING SCHOOLS                ,TX,77020-0000,Proprietary  ,7,19,26,7,19,26
02530700,SEBRING CAREER SCHOOLS                  ,TX,77083-1510,Proprietary  ,1,10,11,1,10,11
02538900,INTERNATIONAL BUSINESS COLLEGE          ,TX,79414-3509,Proprietary  ,8,30,38,8,30,38
02539600,ART INSTITUTE OF DALLAS                 ,TX,75231-5993,Proprietary  ,389,281,670,389,281,670
02548800,SOUTH TEXAS VO-TECH INSTITUTE           ,TX,78596-0000,Proprietary  ,17,9,26,17,9,26
02549400,SOUTH TEXAS VO-TECH INSTITUTE           ,TX,78501-0000,Proprietary  ,23,39,62,23,39,62
02555400,UNIV OF TX MD ANDERSON CANCER CTR       ,TX,77030-0000,Public       ,18,68,86,18,68,86
02557400,STAR COLLEGE OF COSMETOLOGY             ,TX,75961-0000,Proprietary  ,7,6,13,7,6,13
02568100,TEXAS BARBER COLLEGES & HAIRSTYLING     ,TX,75208-0000,Proprietary  ,33,106,139,33,106,139
02569300,TEXAS CULINARY ACADEMY                  ,TX,78758-3403,Proprietary  ,224,243,467,224,243,467
02572000,COMPUTER CAREER CENTER                  ,TX,79925-2021,Proprietary  ,13,18,31,13,18,31
02572100,"CAREER ACADEMY, INC.                    ",TX,75501-0000,Proprietary  ,4,7,11,4,7,11
02572200,INSTITUTE OF COSMETOLOGY & ESTHETICS    ,TX,77036-0000,Proprietary  ,9,18,27,9,18,27
02580100,IVERSON BUSINESS SCH & COURT REPORT     ,TX,76011-1344,Proprietary  ,10,54,64,10,54,64
02591100,CAREER POINT INSTITUTE                  ,TX,78201-2027,Proprietary  ,43,270,313,43,270,313
02591900,CAREER CENTERS OF TEXAS - EL PASO       ,TX,79907-1525,Proprietary  ,75,193,268,75,193,268
02591905,CAREER CENTERS OF TEXAS-BROWNSVILLE     ,TX,78521-9905,Proprietary  ,46,129,175,46,129,175
02596400,REDSTONE COLLEGE - LOS ANGELES          ,TX,77061-0000,Proprietary  ,284,169,453,284,169,453
02596412,WESTWOOD COLLEGE OF AVIATION TECHNOLOGY ,TX,77061-5114,Proprietary  ,12,25,37,12,25,37
02596500,ATI CAREER TRAINING CENTER              ,TX,76180-1599,Proprietary  ,55,212,267,55,212,267
02596600,ATI-CAREER TRAINING CENTER              ,TX,75220-4443,Proprietary  ,30,149,179,30,149,179
02600200,OCEAN CORPORATION (THE)                 ,TX,77099-3479,Proprietary  ,22,75,97,22,75,97
02604700,CENTER FOR ADVANCED LEGAL STUDIES       ,TX,77098-4151,Proprietary  ,2,50,52,2,50,52
02615000,SANFORD-BROWN INSTITUTE                 ,TX,75247-6931,Proprietary  ,52,225,277,52,225,277
03009400,SW SCH BUS & TECH CAREERS               ,TX,78212-2840,Proprietary  ,2,2,4,2,2,4
03010000,VANGUARD INSTITUTE OF TECHNOLOGY        ,TX,78539-0000,Proprietary  ,11,131,142,11,131,142
03011800,UNIVERSITY OF COSMETOLOGY ARTS & SCIENCE,TX,78226-1160,Proprietary  ,4,3,7,4,3,7
03019800,PCI HEALTH TRAINING CENTER              ,TX,75247-4720,Proprietary  ,34,130,164,34,130,164
03021500,SW SCH BUS & TECH CAREERS               ,TX,78852-4859,Proprietary  ,11,7,18,11,7,18
03023800,AIMS ACADEMY                            ,TX,75050-0000,Proprietary  ,4,13,17,4,13,17
03025000,TEXAS COLLEGE OF COSMETOLOGY            ,TX,79605-2001,Proprietary  ,6,4,10,6,4,10
03026100,POLYTECHNIC INSTITUTE                   ,TX,77022-2914,Proprietary  ,3,7,10,3,7,10
03026500,REMINGTON COLLEGE - HOUSTON CAMPUS      ,TX,77082-1849,Proprietary  ,81,277,358,81,277,358
03026501,REMINGTON COLLEGE - NORTH HOUSTON CAMPUS,TX,77067-1849,Proprietary  ,10,28,38,10,28,38
03028800,CIRCLE J BEAUTY SCHOOL                  ,TX,77587-3714,Proprietary  ,0,4,4,0,4,4
03032300,SCHOOL OF AUTOMOTIVE MACHINISTS         ,TX,77055-1803,Proprietary  ,11,11,22,11,11,22
03035200,TINT SCHOOL OF MAKEUP & COSMETOLOGY     ,TX,75229-3734,Proprietary  ,5,27,32,5,27,32
03035300,SOUTHERN CAREERS INSTITUTE              ,TX,78704-5252,Proprietary  ,50,174,224,50,174,224
03035301,SOUTHERN CAREERS INSTITUTE              ,TX,78577-0000,Proprietary  ,30,81,111,30,81,111
03035302,SOUTHERN CAREERS INSTITUTE - CORPUS CHRI,TX,78414-2904,Proprietary  ,23,86,109,23,86,109
03035303,SOUTHERN CAREERS INSTITUTE - #1         ,TX,78221-4351,Proprietary  ,10,82,92,10,82,92
03035304,SOUTHERN CAREERS INSTITUTE-LAREDO       ,TX,78041-0000,Proprietary  ,10,18,28,10,18,28
03061800,STAR COLLEGE OF COSMETOLOGY             ,TX,75702-8214,Proprietary  ,5,25,30,5,25,30
03064600,UNIVERSITY OF TEXAS AT BROWNSVILLE      ,TX,78520-4993,Public       ,2854,2370,5224,2854,2370,5224
03071400,ITT TECHNICAL INSTITUTE                 ,TX,78249-3303,Proprietary  ,50,41,91,50,41,91
03075400,ICC TECHNICAL INSTITUTE                 ,TX,77004-2930,Private      ,3,5,8,3,5,8
03079201,WESTWOOD COLLEGE OF TECHNOLOGY          ,TX,76180-0000,Proprietary  ,54,83,137,54,83,137
03091200,CAREERS UNLIMITED                       ,TX,75702-7110,Proprietary  ,5,8,13,5,8,13
03103400,SOUTH TEXAS COLLEGE                     ,TX,78501-6699,Public       ,3082,2103,5185,3082,2103,5185
03104700,TEXAS COLLEGE OF COSMETOLOGY            ,TX,76903-4708,Proprietary  ,7,5,12,7,5,12
03105900,CAREERS UNLIMITED                       ,TX,77055-4002,Proprietary  ,10,122,132,10,122,132
03108700,ROYAL BEAUTY CAREERS                    ,TX,77069-4611,Proprietary  ,3,13,16,3,13,16
03111000,MID-CITIES BARBER COLLEGE               ,TX,75051-4810,Proprietary  ,1,8,9,1,8,9
03115800,TEXAS CAREERS                           ,TX,78238-4203,Proprietary  ,24,187,211,24,187,211
03115802,TEXAS CAREERS - LAREDO                  ,TX,78041-6181,Proprietary  ,7,12,19,7,12,19
03115803,TEXAS CAREERS - BEAUMONT                ,TX,77701-3706,Proprietary  ,21,116,137,21,116,137
03115804,TEXAS CAREERS - LUBBOCK                 ,TX,79401-2601,Proprietary  ,16,110,126,16,110,126
03128100,ACADEMY OF HEALTH CARE PROFESSIONS      ,TX,77092-8108,Proprietary  ,24,83,107,24,83,107
03144300,NATIONAL BEAUTY COLLEGE                 ,TX,75043-4046,Proprietary  ,1,3,4,1,3,4
03153300,AMER COLL OF ACUPUNCTURE & O.M.         ,TX,77063-4104,Proprietary  ,0,15,15,0,15,15
03156400,ACADEMY OF ORIENTAL MEDICINE AT AUSTIN  ,TX,78757-1132,Proprietary  ,4,56,60,4,56,60
03159300,ARLINGTON MEDICAL INSTITUTE             ,TX,76011-2645,Proprietary  ,15,29,44,15,29,44
03170300,TEXAS A&M UNIVERSITY-TEXARKANA          ,TX,75501-0000,Public       ,118,352,470,118,352,470
03179500,TEXAS COLG TRADITIONAL CHINESE MED      ,TX,78704-6748,Proprietary  ,0,26,26,0,26,26
03189400,COLLEGE OF SAINT THOMAS MORE            ,TX,76109-2323,Private      ,5,3,8,5,3,8
03237400,FARIS COMPUTER SCHOOL                   ,TX,77627-3829,Proprietary  ,0,3,3,0,3,3
03272300,SOUTHEASTERN CAREER INSTITUTE           ,TX,75234-7288,Proprietary  ,14,63,77,14,63,77
03272301,SOUTHEASTERN CAREER INSTITUTE - MIDLAND ,TX,79703-5531,Proprietary  ,7,57,64,7,57,64
03275300,TOUCH OF CLASS SCHOOL OF COSM           ,TX,75402-6314,Proprietary  ,1,2,3,1,2,3
03276300,ACADEMY OF HAIR DESIGN                  ,TX,75901-4900,Proprietary  ,4,6,10,4,6,10
03277300,ACADEMY OF HAIR DESIGN                  ,TX,77701-4650,Proprietary  ,4,5,9,4,5,9
03303300,NORTHWEST EDUCATIONAL CENTER            ,TX,77092-7055,Proprietary  ,0,5,5,0,5,5
03341300,SOUTHWESTERN PROFESSIONAL INSTITUTE     ,TX,77056-6239,Proprietary  ,1,4,5,1,4,5
03371300,TONI&GUY HAIRDRESSING ACADEMY           ,TX,75006-2351,Proprietary  ,8,17,25,8,17,25
03372300,NORTHWEST VISTA COLLEGE                 ,TX,78251-4217,Public       ,997,1266,2263,997,1266,2263
03396500,TEXAS STATE TECHNICAL COLG/MARSHALL     ,TX,75672-7402,Public       ,88,92,180,88,92,180
03400300,CAREER QUEST                            ,TX,78229-3539,Proprietary  ,3,29,32,3,29,32
03412300,ADVANCED BARBER COLLEGE & HAIR DESI     ,TX,78596-0000,Proprietary  ,2,1,3,2,1,3
03416500,DALLAS NURSING INSTITUTE                ,TX,75243-5502,Proprietary  ,11,71,82,11,71,82
03422300,MILAN INSTITUTE                         ,TX,78238-3327,Proprietary  ,32,70,102,32,70,102
03422400,COLLEGE OF BIBLICAL STUDIES-HOUSTON     ,TX,77036-3211,Private      ,16,138,154,16,138,154
03424400,MEDVANCE INSTITUTE                      ,TX,77057-7386,Proprietary  ,4,22,26,4,22,26
03426300,CAREER ADVANCEMENT CENTER               ,TX,78752-1470,Proprietary  ,7,33,40,7,33,40
03486300,SYLVIA'S INTERNATIONAL SCHOOL OF BE     ,TX,77091-3203,Proprietary  ,1,1,2,1,1,2
03520300,LUBBOCK HAIR ACADEMY                    ,TX,79410-3524,Proprietary  ,2,5,7,2,5,7
03541300,BEHOLD! BEAUTY ACADEMY                  ,TX,77016-3725,Proprietary  ,3,8,11,3,8,11
03542300,CONCORDE CAREER INSTITUTE               ,TX,76011-4016,Proprietary  ,33,294,327,33,294,327
03551400,STATE BEAUTY ACADEMY                    ,TX,75116-3501,Proprietary  ,3,5,8,3,5,8
03556400,KUSSAD INSTITUTE OF COURT REPORTING     ,TX,78704-5712,Proprietary  ,0,6,6,0,6,6
03563300,ACADEMY OF COSEMTOLOGY                  ,TX,78745-2858,Proprietary  ,11,23,34,11,23,34
03573300,AVIATION INSTITUTE OF MAINTENANCE       ,TX,75209-3017,Proprietary  ,5,17,22,5,17,22
03610300,MJ'S BEAUTY ACADEMY INC                 ,TX,75224-4409,Proprietary  ,3,4,7,3,4,7
03612400,VALLEY GRANDE INSTITUTE FOR ACADEMI     ,TX,78596-0000,Private      ,22,49,71,22,49,71
03627300,LAMAR INSTITUTE OF TECHNOLOGY           ,TX,77705-4142,Public       ,272,569,841,272,569,841
03676400,HEALTHY HAIR ACADEMY                    ,TX,75227-0000,Proprietary  ,2,4,6,2,4,6
03680300,JAY'S TECHNICAL INSTITUTE               ,TX,77031-3509,Proprietary  ,1,7,8,1,7,8
03682400,DALLAS BARBER & STYLIST COLLEGE         ,TX,75231-0000,Proprietary  ,9,30,39,9,30,39
03714300,TREND BARBER COLLEGE                    ,TX,77071-2104,Proprietary  ,4,14,18,4,14,18
03723300,CULINARY INST ALAIN & MARIE LENOTRE     ,TX,77022-4322,Proprietary  ,10,34,44,10,34,44
03727600,CULINARY ACADEMY OF AUSTIN              ,TX,78752-0000,Proprietary  ,27,31,58,27,31,58
03731300,INTERNATIONAL RENOWNED BEAUTY ACADE     ,TX,76103-2504,Proprietary  ,0,7,7,0,7,7
03733300,BAPTIST UNIVERSITY OF THE AMERICAS      ,TX,78224-1336,Private      ,7,44,51,7,44,51
03756300,ANAMARC EDUCATIONAL INSTITUTE           ,TX,79930-6230,Proprietary  ,5,7,12,5,7,12
03885700,HOUSTON'S TRAINING AND EDUCATION CENTER ,TX,77036-2021,Proprietary  ,4,25,29,4,25,29
03922300,SOUTH TEXAS BARBER COLLEGE              ,TX,78415-3463,Proprietary  ,0,7,7,0,7,7
03926300,AMESED                                  ,TX,75081-0000,Proprietary  ,3,1,4,3,1,4
03984300,ALLIED CAREER CENTER                    ,TX,75007-0000,Proprietary  ,1,9,10,1,9,10
03987300,TEXAS HEALTH SCHOOL                     ,TX,77079-2106,Proprietary  ,9,24,33,9,24,33
04045300,NORTHWEST BEAUTY SCHOOL                 ,TX,77091-1208,Proprietary  ,2,5,7,2,5,7
00367000,BRIGHAM YOUNG UNIVERSITY                ,UT,84602-8406,Private      ,3744,2790,6534,3744,2790,6534
00367100,DIXIE STATE COLLEGE OF UTAH             ,UT,84770-3876,Public       ,584,316,900,584,316,900
00367200,LDS BUSINESS COLLEGE                    ,UT,84101-3500,Private      ,146,90,236,146,90,236
00367400,STEVENS HENAGER COLLEGE                 ,UT,84401-1420,Proprietary  ,19,85,104,19,85,104
00367500,UNIVERSITY OF UTAH                      ,UT,84112-9055,Public       ,3976,6479,10455,3976,6479,10455
00367600,COLLEGE OF EASTERN UTAH                 ,UT,84501-2699,Public       ,209,131,340,209,131,340
00367700,UTAH STATE UNIVERSITY                   ,UT,84322-1400,Public       ,2012,2358,4370,2012,2358,4370
00367800,SOUTHERN UTAH UNIVERSITY                ,UT,84720-2470,Public       ,1046,579,1625,1046,579,1625
00367900,SNOW COLLEGE                            ,UT,84627-1299,Public       ,473,94,567,473,94,567
00368000,WEBER STATE UNIVERSITY                  ,UT,84408-1136,Public       ,1311,2994,4305,1311,2994,4305
00368100,WESTMINSTER COLLEGE                     ,UT,84105-3697,Private      ,826,473,1299,826,473,1299
00402700,UTAH VALLEY UNIVERSITY                  ,UT,84058-5999,Public       ,1227,2454,3681,1227,2454,3681
00522000,SALT LAKE COMMUNITY COLLEGE             ,UT,84123-0000,Public       ,1036,2507,3543,1036,2507,3543
00943300,SHERMAN KENDALL'S ACADEMY OF BEAUTY     ,UT,84106-1836,Proprietary  ,4,2,6,4,2,6
01009800,NEUMONT UNIVERSITY                      ,UT,84095-0000,Proprietary  ,84,60,144,84,60,144
01116500,UINTAH BASIN APPLIED TECHNOLOGY CLG     ,UT,84066-0000,Public       ,5,13,18,5,13,18
01116600,UTAH CAREER COLLEGE                     ,UT,84088-4021,Proprietary  ,12,28,40,12,28,40
02078800,SHERMAN KENDALL'S ACADEMY OF BEAUTY     ,UT,84047-0000,Proprietary  ,1,3,4,1,3,4
02115400,BRIDGERLAND APPLIED TECHNOLOGY COLLEGE  ,UT,84321-0000,Public       ,19,78,97,19,78,97
02156600,DAVIS APPLIED TECHNOLOGY COLLEGE        ,UT,84037-0000,Public       ,35,142,177,35,142,177
02178500,EAGLE GATE COLLEGE                      ,UT,84123-0000,Proprietary  ,20,133,153,20,133,153
02270800,AMERITECH COLLEGE                       ,UT,84604-6927,Proprietary  ,2,21,23,2,21,23
02298500,EVEREST COLLEGE                         ,UT,84119-2668,Proprietary  ,14,94,108,14,94,108
02346500,OGDEN-WEBER APPLIED TECHNOLOGY COLG     ,UT,84404-0000,Public       ,32,128,160,32,128,160
02360800,PROVO COLLEGE                           ,UT,84601-0000,Proprietary  ,28,56,84,28,56,84
02361000,ITT TECHNICAL INSTITUTE                 ,UT,84123-0000,Proprietary  ,8,23,31,8,23,31
02504000,MARINELLO SCHOOL OF BEAUTY              ,UT,84041-0000,Proprietary  ,3,10,13,3,10,13
02516100,MARINELLO SCHOOL OF BEAUTY              ,UT,84405-1501,Proprietary  ,5,7,12,5,7,12
02531800,VON CURTIS ACADEMY OF HAIR DESIGN       ,UT,84606-0000,Proprietary  ,84,47,131,84,47,131
02556800,HAIRITAGE COLLEGE OF BEAUTY             ,UT,84117-7204,Proprietary  ,7,2,9,7,2,9
02557700,PREMIER HAIR ACADEMY                    ,UT,84120-3603,Proprietary  ,0,3,3,0,3,3
02572700,EVANS HAIRSTYLING COLLEGE               ,UT,84770-0000,Proprietary  ,2,1,3,2,1,3
02572800,VISTA COLLEGE                           ,UT,84015-0000,Proprietary  ,2,14,16,2,14,16
02572801,CERTIFIED CAREERS INSTITUTE             ,UT,84015-0000,Proprietary  ,2,8,10,2,8,10
02573100,EVANS HAIRSTYLING COLLEGE               ,UT,84720-0000,Proprietary  ,5,3,8,5,3,8
02612200,MARINELLO SCHOOL OF BEAUTY              ,UT,84604-1585,Proprietary  ,15,20,35,15,20,35
03030600,UTAH COLLEGE OF MASSAGE THERAPY         ,UT,84111-1606,Proprietary  ,47,104,151,47,104,151
03030601,UTAH CLG OF MASSAGE THER-PROVO CMPS     ,UT,84042-0000,Proprietary  ,14,35,49,14,35,49
03082100,MYOTHERAPY COLLEGE OF UTAH              ,UT,84115-2522,Proprietary  ,4,12,16,4,12,16
03108200,ECHELON EDGE ACADEMY OF HAIR SKIN & NAIL,UT,84070-2004,Proprietary  ,2,1,3,2,1,3
03110400,HAIRITAGE HAIR ACADEMY                  ,UT,84770-5233,Proprietary  ,1,6,7,1,6,7
03339400,WESTERN GOVERNORS UNIVERSITY            ,UT,84107-2533,Private      ,29,1296,1325,29,1296,1325
03413300,MOUNTAINLAND APPLIED TECHNOLOGY COLLEGE ,UT,84058-5857,Public       ,5,10,15,5,10,15
03463300,CAREERS UNLIMITED                       ,UT,84058-0000,Proprietary  ,3,4,7,3,4,7
03617300,HEALING MOUNTAIN MASSAGE SCHOOL         ,UT,84111-3232,Proprietary  ,3,9,12,3,9,12
03829500,SKINWORKS SCHOOL OF ADVANCED SKINCARE   ,UT,84115-0000,Proprietary  ,0,6,6,0,6,6
03838300,OGDEN INSTITUTE OF MASSAGE THERAPY      ,UT,84403-0000,Proprietary  ,2,4,6,2,4,6
03902300,RENAISSANCE SCHOOL OF THERAPEUTIC MASSAG,UT,84010-2835,Proprietary  ,0,2,2,0,2,2
03909300,MAXIMUM STYLE TEC SCHOOL OF COSMETOLOGY ,UT,84323-4679,Proprietary  ,2,4,6,2,4,6
03921300,CAMEO COLLEGE OF ESSENTIAL BEAUTY       ,UT,84115-0000,Proprietary  ,15,21,36,15,21,36
00368200,BENNINGTON COLLEGE                      ,VT,05201-6001,Private      ,597,128,725,597,128,725
00368300,CASTLETON STATE COLLEGE                 ,VT,05735-0000,Public       ,1713,218,1931,1713,218,1931
00368400,CHAMPLAIN COLLEGE                       ,VT,05401-3950,Private      ,1920,332,2252,1920,332,2252
00368402,WOODBURY COLLEGE                        ,VT,05602-0000,Private      ,6,55,61,6,55,61
00368500,COLLEGE OF ST JOSEPH                    ,VT,05701-3899,Private      ,122,83,205,122,83,205
00368600,GODDARD COLLEGE                         ,VT,05667-0000,Private      ,24,220,244,24,220,244
00368700,GREEN MOUNTAIN COLLEGE                  ,VT,05764-1199,Private      ,660,39,699,660,39,699
00368800,JOHNSON STATE COLLEGE                   ,VT,05656-9898,Public       ,851,396,1247,851,396,1247
00368900,LYNDON STATE COLLEGE                    ,VT,05851-0919,Public       ,1034,207,1241,1034,207,1241
00369000,MARLBORO COLLEGE                        ,VT,05344-0300,Private      ,362,35,397,362,35,397
00369100,MIDDLEBURY COLLEGE                      ,VT,05753-0000,Private      ,2133,757,2890,2133,757,2890
00369200,NORWICH UNIVERSITY                      ,VT,05663-1035,Private      ,1851,462,2313,1851,462,2313
00369300,SOUTHERN VERMONT COLLEGE                ,VT,05201-6002,Private      ,271,64,335,271,64,335
00369400,ST MICHAELS COLLEGE                     ,VT,05439-0001,Private      ,2418,84,2502,2418,84,2502
00369600,UNIVERSITY OF VERMONT                   ,VT,05405-0160,Public       ,10809,1869,12678,10809,1869,12678
00369800,VERMONT TECHNICAL COLLEGE               ,VT,05061-0000,Public       ,630,258,888,630,258,888
00857500,SALON PROFESSIONAL ACADEMY (THE)        ,VT,05495-4001,Proprietary  ,34,19,53,34,19,53
00865800,O'BRIENS AVEDA INSTITUTE                ,VT,05403-7747,Proprietary  ,7,7,14,7,7,14
00886000,SIT                                     ,VT,05301-4801,Private      ,3,283,286,3,283,286
01116700,COMMUNITY COLLEGE OF VERMONT            ,VT,05676-1552,Public       ,311,754,1065,311,754,1065
01193400,VERMONT LAW SCHOOL                      ,VT,05068-0000,Private      ,1,756,757,1,756,757
01218300,BURLINGTON COLLEGE                      ,VT,05401-8477,Private      ,45,55,100,45,55,100
02143500,STERLING COLLEGE                        ,VT,05827-0000,Private      ,64,9,73,64,9,73
02207000,NEW ENGLAND SCHOOL OF RADIOLOGIC TE     ,VT,05701-0000,Private      ,1,0,1,1,0,1
02254000,NEW ENGLAND CULINARY INSTITUTE          ,VT,05602-0000,Proprietary  ,304,137,441,304,137,441
02532600,LANDMARK COLLEGE                        ,VT,05346-0000,Private      ,135,20,155,135,20,155
03708300,BURLINGTON TECHNICAL CENTER             ,VT,05401-2721,Public       ,7,7,14,7,7,14
00392800,CASPER COLLEGE                          ,WY,82601-4612,Public       ,418,279,697,418,279,697
00392900,EASTERN WYOMING COLLEGE                 ,WY,82240-1603,Public       ,117,64,181,117,64,181
00393000,SHERIDAN COLLEGE                        ,WY,82801-9133,Public       ,280,231,511,280,231,511
00393100,NORTHWEST COLLEGE                       ,WY,82435-1895,Public       ,461,171,632,461,171,632
00393200,UNIVERSITY OF WYOMING                   ,WY,82071-3663,Public       ,3439,1851,5290,3439,1851,5290
00393300,WESTERN WYOMING COMMUNITY COLLEGE       ,WY,82902-0000,Public       ,248,231,479,248,231,479
00728900,CENTRAL WYOMING COLLEGE                 ,WY,82501-0000,Public       ,172,173,345,172,173,345
00915700,WYOMING TECHNICAL INSTITUTE             ,WY,82072-9519,Proprietary  ,1774,407,2181,1774,407,2181
00925900,LARAMIE COUNTY COMMUNITY CLG            ,WY,82007-3299,Public       ,397,502,899,397,502,899
02211900,CHEEKS INTERNATIONAL ACDMY              ,WY,82001-0000,Proprietary  ,5,22,27,5,22,27
03291300,BUSINESS SKILLS INSTITUTE A DEPARTMENT O,WY,82930-0000,Public       ,2,4,6,2,4,6
00393500,UNIV OF GUAM                            ,GU,96923-0000,Public       ,318,332,650,318,332,650
01536100,GUAM COMMUNITY COLLEGE                  ,GU,96921-0000,Public       ,112,247,359,112,247,359
03438300,PACIFIC ISLANDS BIBLE COLLEGE           ,GU,96913-2619,Private      ,6,4,10,6,4,10
00393600,PONTIFICAL CATHOLIC UNIV OF PR          ,PR,00717-0777,Private      ,625,459,1084,625,459,1084
00393700,UNIVERSITY OF THE SACRED HEART          ,PR,00914-0383,Private      ,332,129,461,332,129,461
00393800,INTER-AMER UNIV PR-CNTRL ADMN           ,PR,00936-0000,Private      ,68,226,294,68,226,294
00393801,INTER-AMER UNIV PR SCHL LAW             ,PR,00936-8351,Private      ,0,52,52,0,52,52
00393802,INTER AMERICAN UNIVERSITY OF PUERTO RICO,PR,00926-0000,Private      ,166,224,390,166,224,390
00393803,INTER AMERICAN UNIVERSITY OF PR         ,PR,00683-0000,Private      ,445,342,787,445,342,787
00393804,INTER-AMER UNIV PR-RECINTO AGUADILA     ,PR,00605-2000,Private      ,241,242,483,241,242,483
00393805,INTER-AMER UNIV PR-ARECIBO CAMPUS       ,PR,00614-4050,Private      ,249,204,453,249,204,453
00393806,INTER-AMER UNIV PR-BARRANQUITAS REG     ,PR,00794-0517,Private      ,322,182,504,322,182,504
00393807,INTER-AMER UNIV PR-FAJARDO REGIONAL     ,PR,00738-0000,Private      ,40,70,110,40,70,110
00393808,INTER-AMER UNIV PR - GUAYAMA CAMPUS     ,PR,00785-4004,Private      ,127,157,284,127,157,284
00393809,INTER-AMER UNIV PR-PONCE REGIONAL       ,PR,00715-0000,Private      ,308,290,598,308,290,598
00393810,INTER-AMER UNIV PR - SCH OF OPTOMETRY   ,PR,00918-0000,Private      ,0,17,17,0,17,17
00393811,INTER-AMER UNIV PR-BAYAMON REG CLG      ,PR,00959-0000,Private      ,331,120,451,331,120,451
00394100,COLEGIO UNIVERSITARIO DEL ESTE          ,PR,00983-0000,Private      ,144,365,509,144,365,509
00394200,UNIVERSITY OF PR-CENTRAL ADMINISTRATION ,PR,00936-4984,Public       ,164,72,236,164,72,236
00394201,UNIVERSITY OF PR-RIO PIEDRAS CAMPUS     ,PR,00931-3300,Public       ,1314,473,1787,1314,473,1787
00394202,UNIV OF PUERTO RICO-MAYAGUEZ CAMPUS     ,PR,00681-5000,Public       ,1499,401,1900,1499,401,1900
00394203,"UNIVERSITY OF PR, MED. SCIENCES CAMPUS  ",PR,00936-5067,Public       ,49,95,144,49,95,144
00394204,"UNIVERSITY OF PUERTO RICO, CAYEY CAMPUS ",PR,00736-0000,Public       ,832,221,1053,832,221,1053
00394205,"UNIVERSITY OF PR, HUMACAO CAMPUS        ",PR,00791-4057,Public       ,325,42,367,325,42,367
00394206,UNIVERSITY OF PR-AGUADILLA CAMPUS       ,PR,00604-6150,Public       ,430,109,539,430,109,539
00394207,UNIVERSITY OF PUERTO RICO-ARECIBO CAMPUS,PR,00614-0000,Public       ,963,185,1148,963,185,1148
00394208,UNIVERSITY OF PUERTO RICO-BAYAMON CAMPUS,PR,00959-0000,Public       ,992,149,1141,992,149,1141
00394209,UNIVERSITY OF PUERTO RICO-CAROLINA      ,PR,00984-4800,Public       ,296,47,343,296,47,343
00394210,UNIVERSITY OF PUERTO RICO-PONCE         ,PR,00732-0000,Public       ,819,89,908,819,89,908
00394211,"UNIVERSITY OF PR, UTUADO CAMPUS         ",PR,00641-0000,Public       ,208,73,281,208,73,281
00501900,UNIV ADVENTISTA DE LAS ANTILLAS         ,PR,00681-0118,Private      ,32,19,51,32,19,51
00502200,BAYAMON CENTRAL UNIVERSITY              ,PR,00960-0000,Private      ,56,57,113,56,57,113
00890200,COLUMBIA CENTRO UNIVERSITARIO           ,PR,00726-0000,Proprietary  ,20,44,64,20,44,64
01056700,COLEGIO TECNOLOGICO DE SAN JUAN         ,PR,00918-2973,Public       ,7,20,27,7,20,27
01072400,CARLOS ALBIZU UNIVERSITY                ,PR,00902-3711,Private      ,7,76,83,7,76,83
01081900,CONSERVATORIO DE MUSICA DE PUERTO RICO  ,PR,00907-3373,Public       ,17,4,21,17,4,21
01120300,RYDER MEMORIAL HOSP SCH OF NURSING      ,PR,00792-0000,Private      ,3,0,3,3,0,3
01171900,UNIVERSIDAD DEL TURABO                  ,PR,00778-0000,Private      ,628,1110,1738,628,1110,1738
01194000,ICPR JUNIOR COLLEGE                     ,PR,00919-0000,Proprietary  ,4,2,6,4,2,6
01194100,AMERICAN UNIVERSITY OF PUERTO RICO      ,PR,00960-2037,Private      ,59,73,132,59,73,132
01194101,AMERICAN UNIVERSITY OF PUERTO RICO      ,PR,00674-0000,Private      ,105,101,206,105,101,206
01252500,CARIBBEAN UNIVERSITY                    ,PR,00960-0493,Private      ,63,124,187,63,124,187
01314800,RAMIREZ COLLEGE OF BUS & TECH           ,PR,00918-0000,Proprietary  ,22,39,61,22,39,61
02063100,MBTI BUSINESS TRNG INSTITUTE            ,PR,00907-3917,Proprietary  ,51,84,135,51,84,135
02097000,"COLEGIO TECNICO METROPOLITANO, INC.     ",PR,00920-0000,Proprietary  ,2,1,3,2,1,3
02100000,POLYTECHNIC UNIVERSITY OF PR            ,PR,00917-0000,Private      ,333,195,528,333,195,528
02163300,UNIVERSIDAD CENTRAL DEL CARIBE          ,PR,00960-0000,Private      ,5,23,28,5,23,28
02165100,EDP COLLEGE OF PUERTO RICO              ,PR,00919-0000,Private      ,7,49,56,7,49,56
02166400,INSTITUTO DE BANCA Y COMERCIO           ,PR,00925-0000,Proprietary  ,829,1161,1990,829,1161,1990
02189100,CENTRO DE ESTUDIOS MULTIDISCIPLIN       ,PR,00926-0000,Private      ,12,26,38,12,26,38
02189300,EMMA'S BEAUTY ACADEMY                   ,PR,00680-0000,Proprietary  ,3,2,5,3,2,5
02195400,MODERN HAIRSTYLING INSTITUTE            ,PR,00960-0000,Proprietary  ,1,0,1,1,0,1
02195500,MODERN HAIRSTYLING INSTITUTE            ,PR,00612-0000,Proprietary  ,0,1,1,0,1,1
02195800,LICEO E ARTE Y TECNOLGIA                ,PR,00919-0000,Private      ,31,20,51,31,20,51
02234900,ANTILLES SCHOOL OF TECH CAREERS         ,PR,00909-0000,Proprietary  ,3,0,3,3,0,3
02241901,COMMONWEALTH OF PR DEPT OF EDUC - CARLOS,PR,00986-0000,Public       ,0,1,1,0,1,1
02241902,COMMONWEALTH OF PR DEPT OF EDUC - TOMAS ,PR,00613-0000,Public       ,1,2,3,1,2,3
02241904,COMMONWEALTH OF PR DEPT OF EDUC - ITPR R,PR,00655-0000,Public       ,33,22,55,33,22,55
02241905,COMMONWEALTH OF PR DEPT OF EDUC - JOSE A,PR,00674-0000,Public       ,158,45,203,158,45,203
02241907,COMMONWEALTH OF PR DEPT OF EDUC - ITPR R,PR,00928-0000,Public       ,14,4,18,14,4,18
02241908,COMMONWEALTH OF PR DEPT OF EDUC - ITPR R,PR,00732-0000,Public       ,63,26,89,63,26,89
02260600,NATIONAL COLLEGE OF BUSINESS & TECH     ,PR,00960-2036,Proprietary  ,348,567,915,348,567,915
02260601,NATIONAL COLLEGE OF BUSINESS & TECHNOLOG,PR,00612-0000,Proprietary  ,4,3,7,4,3,7
02260602,NATIONAL COLLEGE OF BUSINESS & TECHNOLOG,PR,00745-9903,Proprietary  ,3,0,3,3,0,3
02260800,HUERTAS JUNIOR COLLEGE                  ,PR,00726-0000,Proprietary  ,3,4,7,3,4,7
02276400,INTERNATIONAL JUNIOR COLLEGE            ,PR,00910-0000,Proprietary  ,1,0,1,1,0,1
02276403,INTERNATIONAL JUNIOR COLLEGE            ,PR,00733-0000,Proprietary  ,1,0,1,1,0,1
02297700,AUTOMECA TECHNICAL COLLEGE              ,PR,00957-0000,Proprietary  ,30,22,52,30,22,52
02303800,AMERICAN EDUCATIONAL COLLEGE            ,PR,00961-0000,Proprietary  ,1,3,4,1,3,4
02335500,COLEGIO BIBLICO PENTECOSTAL DE PR       ,PR,00978-0000,Private      ,0,3,3,0,3,3
02340600,HUMACAO COMMUNITY COLLEGE               ,PR,00792-0000,Private      ,1,1,2,1,1,2
02343600,INSTITUTE OF BEAUTY CAREERS             ,PR,00613-0000,Proprietary  ,21,56,77,21,56,77
02482400,PONCE SCHOOL OF MEDICINE                ,PR,00716-2347,Private      ,1,107,108,1,107,108
02504500,INSTITUCION CHAVIANO DE MAYAGUEZ        ,PR,00708-0000,Proprietary  ,1,0,1,1,0,1
02505400,ATLANTIC COLLEGE                        ,PR,00970-0000,Private      ,25,20,45,25,20,45
02512100,INSTITUTO IRMA VALENTIN - UTUADO        ,PR,00641-0000,Proprietary  ,5,14,19,5,14,19
02534900,PONCE PARAMEDICAL COLLEGE (POPAC)       ,PR,00731-0000,Proprietary  ,276,143,419,276,143,419
02549700,ACADEMIA MAISON D'ESTHETIQUE            ,PR,00907-0000,Proprietary  ,5,23,28,5,23,28
02552300,COLEGIO MAYOR DE TECHNOLOGIA            ,PR,00714-0000,Proprietary  ,18,57,75,18,57,75
02562500,INTERNATIONAL TECHNICAL COLLEGE         ,PR,00918-0000,Proprietary  ,0,3,3,0,3,3
02563500,ROGIES SCHOOL OF BEAUTY CULTURE         ,PR,00910-0000,Proprietary  ,1,0,1,1,0,1
02566800,PUERTO RICO TECH JUNIOR COLLEGE         ,PR,00917-0000,Proprietary  ,1,6,7,1,6,7
02569400,ESCUELA DE ARTES PLASTICAS              ,PR,00902-1112,Public       ,30,17,47,30,17,47
02570400,EDUCATIONAL TECHNICAL COLLEGE           ,PR,00925-3404,Proprietary  ,2,20,22,2,20,22
02576100,ESCUELA TECNICA DE ELECTRICIDAD         ,PR,00731-0000,Proprietary  ,32,32,64,32,32,64
02587500,UNIVERSIDAD METROPOLITANA               ,PR,00928-0000,Private      ,418,631,1049,418,631,1049
02588600,SEMINARIO EVANGELICO DE PUERTO RICO     ,PR,00925-0000,Private      ,0,8,8,0,8,8
02593700,HISPANIC AMERICAN COLLEGE               ,PR,00725-0000,Proprietary  ,1,0,1,1,0,1
02611100,INSTITUTO MERLIX                        ,PR,00961-0000,Proprietary  ,1,0,1,1,0,1
03021900,EDIC COLLEGE                            ,PR,00726-0000,Proprietary  ,1,2,3,1,2,3
03025500,MECH TECH COLLEGE                       ,PR,00725-6118,Proprietary  ,265,124,389,265,124,389
03025900,"LICEO DE ARTE, DISENOS Y COMERCIO       ",PR,00726-0000,Proprietary  ,3,5,8,3,5,8
03029700,"UNIVERSAL TECHNOLOGY CLG OF PR, INC     ",PR,00605-1955,Private      ,40,101,141,40,101,141
03061900,COLEGIO TECHNOLOGICO Y COMERCIAL        ,PR,00602-0000,Proprietary  ,1,2,3,1,2,3
03070500,D'MART INSTITUTE                        ,PR,00794-3517,Proprietary  ,69,85,154,69,85,154
03075600,EMMA'S BEAUTY ACADEMY                   ,PR,00795-0000,Proprietary  ,4,0,4,4,0,4
03085700,PROFESSIONAL TECHNICAL INSTITUTION      ,PR,00960-7061,Proprietary  ,0,1,1,0,1,1
03098100,INSTITUTO IRMA VALENTIN - MANATI        ,PR,00674-0333,Proprietary  ,1,0,1,1,0,1
03104400,PROFESSIONAL ELECTRIC SCHOOL            ,PR,00674-1797,Proprietary  ,4,6,10,4,6,10
03112100,JOHN DEWEY COLLEGE                      ,PR,00915-9538,Private      ,2,17,19,2,17,19
03112101,JOHN DEWEY COLLEGE                      ,PR,00986-0000,Private      ,8,24,32,8,24,32
03112102,JOHN DEWEY COLLEGE-BAYAMON CAMPUS       ,PR,00959-0000,Private      ,4,6,10,4,6,10
03112106,JOHN DEWEY COLLEGE - ARROYO BRANCH      ,PR,00714-0714,Private      ,1,2,3,1,2,3
03112107,JOHN DEWEY COLLEGE - JUANA DIAZ BRANCH  ,PR,00795-0000,Private      ,6,26,32,6,26,32
03115900,TRINITY COLLEGE OF PUERTO RICO          ,PR,00734-0000,Private      ,1,0,1,1,0,1
03122500,ACADEMIA SERRANT INC.                   ,PR,00717-1568,Proprietary  ,2,2,4,2,2,4
03123100,GLOBELLE TECHNICAL INSTITUTE            ,PR,00693-4218,Proprietary  ,2,0,2,2,0,2
03124200,NOVA COLLEGE DE PUERTO RICO             ,PR,00960-4016,Proprietary  ,1,0,1,1,0,1
03142300,ACADEMIA VOCATIONAL DEL TURABO          ,PR,00725-3657,Proprietary  ,3,2,5,3,2,5
03157600,"COLEGIO DE CINEMATOGRAFIA, ARTES Y TELEV",PR,00961-6345,Proprietary  ,1,0,1,1,0,1
03177300,SAN JUAN BAUTISTA SCH OF MEDICINE       ,PR,00726-0000,Private      ,0,119,119,0,119,119
03326300,UNIVERSAL CAREER COMMUNITY COLLEGE      ,PR,00907-0000,Proprietary  ,18,27,45,18,27,45
03336300,CENTURY COLLEGE                         ,PR,00603-4802,Proprietary  ,1,1,2,1,1,2
03414300,MONTECLARO                              ,PR,00745-9612,Private      ,3,0,3,3,0,3
03452300,INSTITUTO PRE-VOCACIONAL E INDUSTRI     ,PR,00613-1800,Private      ,1,0,1,1,0,1
03461400,POLITEC INSTITUTE                       ,PR,00732-0000,Proprietary  ,3,3,6,3,3,6
03469300,IVAEM COLLEGE                           ,PR,00725-0000,Proprietary  ,8,1,9,8,1,9
03544300,ATENAS COLLEGE                          ,PR,00674-0000,Private      ,42,107,149,42,107,149
03585300,CENTRO DE CAPACITACION Y ASESORAMIE     ,PR,00612-0000,Proprietary  ,0,4,4,0,4,4
03600300,AMERICAN TECHNOLOGICAL COLLEGE          ,PR,00928-3713,Proprietary  ,0,1,1,0,1,1
03608300,CARIBBEAN FORENSIC & TECHNICAL COLL     ,PR,00926-0000,Proprietary  ,1,2,3,1,2,3
03638300,ROSSLYN TRAINING ACADEMY OF COSMETOLOGY ,PR,00602-3225,Proprietary  ,1,0,1,1,0,1
03751300,ESCUELA HOTELERA DE SAN JUAN            ,PR,00917-0091,Proprietary  ,20,16,36,20,16,36
03758300,BAYAMON COMMUNITY COLLEGE               ,PR,00960-0000,Proprietary  ,1,0,1,1,0,1
03781400,INDUSTRIAL TECHNICAL COLLEGE            ,PR,00792-0000,Proprietary  ,4,2,6,4,2,6
03800400,INSTITUTE OF BEAUTY OCCUPATIONS AND TECH,PR,00676-5071,Proprietary  ,4,14,18,4,14,18
00394600,UNIVERSITY OF THE VIRGIN ISLANDS        ,VI,00802-6000,Public       ,378,203,581,378,203,581
00394601,UNIV OF THE VIRGIN ISLANDS-ST CROIX     ,VI,00850-0000,Public       ,132,151,283,132,151,283
00667700,MCGILL UNIVERSITY                       ,CN,00000-0000,Public       ,1011,199,1210,1011,199,1210
00667900,QUEEN'S UNIVERSITY AT KINGSTON          ,CN,00000-0000,Public       ,63,12,75,63,12,75
00668100,ST FRANCIS XAVIER UNIVERSITY            ,CN,00000-0000,Public       ,23,3,26,23,3,26
00668200,ST THOMAS UNIVERSITY                    ,CN,00000-0000,Public       ,11,1,12,11,1,12
00668300,UNIVERSITY OF GUELPH                    ,CN,00000-0000,Public       ,19,16,35,19,16,35
00668400,UNIVERSITY OF MANITOBA                  ,CN,00000-0000,Public       ,18,14,32,18,14,32
00668500,UNIVERSITY OF NEW BRUNSWICK (THE)       ,CN,00000-0000,Public       ,15,6,21,15,6,21
00668600,UNIVERSITY OF OTTAWA                    ,CN,00000-0000,Public       ,13,10,23,13,10,23
00668800,UNIVERSITY OF TORONTO                   ,CN,00000-0000,Public       ,166,183,349,166,183,349
00668900,UNIVERSITY OF WINDSOR                   ,CN,00000-0000,Public       ,7,14,21,7,14,21
00683700,UNIVERSITE LAVAL                        ,CN,00000-0000,Public       ,4,6,10,4,6,10
00683800,DALHOUSIE UNIVERSITY                    ,CN,00000-0000,Public       ,78,22,100,78,22,100
00685200,BISHOP'S UNIVERSITY                     ,CN,00000-0000,Private      ,15,0,15,15,0,15
00685300,MCMASTER UNIVERSITY                     ,CN,00000-0000,Public       ,11,9,20,11,9,20
00767900,YORK UNIVERSITY                         ,CN,00000-0000,Public       ,60,43,103,60,43,103
00787400,UNIVERSITY AT CALGARY (THE)             ,CN,00000-0000,Public       ,7,22,29,7,22,29
00814800,UNIVERSITY OF WINNIPEG                  ,CN,00000-0000,Public       ,6,1,7,6,1,7
00836200,UNIVERSITY OF ALBERTA (THE)             ,CN,00000-0000,Public       ,13,16,29,13,16,29
00836300,MOUNT SAINT VINCENT UNIVERSITY          ,CN,00000-0000,Private      ,5,1,6,5,1,6
00836400,SAINT MARY'S UNIVERSITY                 ,CN,00000-0000,Public       ,7,7,14,7,7,14
00836500,CONCORDIA UNIVERSITY - SIR GEORGE W     ,CN,00000-0000,Public       ,110,71,181,110,71,181
00836600,UNIVERSITE DE MONTREAL                  ,CN,00000-0000,Public       ,4,13,17,4,13,17
00836800,CARLETON UNIVERSITY                     ,CN,00000-0000,Public       ,24,7,31,24,7,31
00836900,UNIVERSITY OF BRITISH COLUMBIA          ,CN,00000-0000,Public       ,395,248,643,395,248,643
00837000,"SAFA, UNIVERSITY OF VICTORIA            ",CN,00000-0000,Public       ,78,33,111,78,33,111
00844400,SIMON FRASER UNIVERSITY                 ,CN,00000-0000,Public       ,42,39,81,42,39,81
00844600,UNIVERSITY OF WESTERN ONTARIO (THE)     ,CN,00000-0000,Public       ,19,16,35,19,16,35
00844800,UNIVERSITY OF REGINA                    ,CN,00000-0000,Public       ,4,3,7,4,3,7
00844900,ACADIA UNIVERSITY                       ,CN,00000-0000,Public       ,29,4,33,29,4,33
00852600,UNIVERSITY OF WATERLOO                  ,CN,00000-0000,Public       ,15,7,22,15,7,22
00858200,WILFRID LAURIER UNIVERSITY              ,CN,00000-0000,Public       ,3,2,5,3,2,5
00874200,UNIVERSITE DE SHERBROOKE                ,CN,00000-0000,Private      ,1,0,1,1,0,1
00891300,LAKEHEAD UNIVERSITY                     ,CN,00000-0000,Public       ,2,5,7,2,5,7
00911900,UNIVERSITE DE MONCTON                   ,CN,00000-0000,Public       ,0,1,1,0,1,1
00918000,LAURENTIAN UNIVERSITY OF SUDBURY        ,CN,00000-0000,Public       ,0,2,2,0,2,2
00925200,BROCK UNIVERSITY                        ,CN,00000-0000,Public       ,2,3,5,2,3,5
00936700,UNIVERSITY OF PRINCE EDWARD ISLAND      ,CN,00000-0000,Public       ,5,37,42,5,37,42
00942100,BRANDON UNIVERSITY                      ,CN,00000-0000,Public       ,2,2,4,2,2,4
00948600,TRINITY WESTERN UNIVERSITY              ,CN,00000-0000,Private      ,187,22,209,187,22,209
00950000,MEMORIAL UNIVERSITY OF NEWFOUNDLAND     ,CN,00000-0000,Public       ,9,12,21,9,12,21
00950100,UNIVERSITY OF KING'S COLLEGE            ,CN,00000-0000,Public       ,10,0,10,10,0,10
00950300,MOUNT ALLISON UNIVERSITY                ,CN,00000-0000,Public       ,22,0,22,22,0,22
00950500,TRENT UNIVERSITY                        ,CN,00000-0000,Public       ,5,1,6,5,1,6
00969700,LETHBRIDGE COLLEGE                      ,CN,00000-0000,Public       ,1,0,1,1,0,1
00969800,MEDICINE HAT COLLEGE                    ,CN,00000-0000,Public       ,0,2,2,0,2,2
00970100,SENECA COLG OF APPLIED ARTS & TECH      ,CN,00000-0000,Public       ,3,3,6,3,3,6
01012300,NOVA SCOTIA COLLEGE OF ART & DESIGN     ,CN,00000-0000,Public       ,5,12,17,5,12,17
01022100,SAINT PAUL UNIVERSITY                   ,CN,00000-0000,Public       ,0,1,1,0,1,1
01045800,SHERIDAN COLLEGE OF APPLIED ARTS AN     ,CN,00000-0000,Public       ,13,5,18,13,5,18
01067500,REGENT COLLEGE                          ,CN,00000-0000,Private      ,2,43,45,2,43,45
01070300,UNIVERSITY OF LETHBRIDGE                ,CN,00000-0000,Public       ,2,0,2,2,0,2
01072000,RYERSON UNIVERSITY                      ,CN,00000-0000,Public       ,18,8,26,18,8,26
01172200,BRIERCREST BIBLE COLLEGE                ,CN,00000-0000,Private      ,8,6,14,8,6,14
01221100,ALGONQUIN CLG OF APPLIED ARTS &TECH     ,CN,00000-0000,Public       ,3,2,5,3,2,5
01222800,HUMBER COLLEGE                          ,CN,00000-0000,Public       ,6,10,16,6,10,16
01227400,PROVIDENCE COLLEGE                      ,CN,00000-0000,Private      ,8,4,12,8,4,12
02054200,DAWSON COLLEGE                          ,CN,00000-0000,Public       ,0,1,1,0,1,1
02102100,BETHANY BIBLE COLLEGE                   ,CN,00000-0000,Private      ,26,2,28,26,2,28
02116600,CANADIAN MEMORIAL CHIROPRACTIC COLL     ,CN,00000-0000,Private      ,0,1,1,0,1,1
02167000,PRAIRIE BIBLE INST                      ,CN,00000-0000,Private      ,15,8,23,15,8,23
02184600,INSTITUTE FOR CHRISTIAN STUDIES         ,CN,00000-0000,Private      ,1,3,4,1,3,4
02195600,LASALLE COLLEGE                         ,CN,00000-0000,Private      ,2,6,8,2,6,8
02195700,TAYLOR UNIVERSITY COLLEGE AND SEMINARY  ,CN,00000-0000,Private      ,5,2,7,5,2,7
02201100,COLUMBIA BIBLE COLLEGE                  ,CN,00000-0000,Private      ,7,4,11,7,4,11
02209700,UNIVERSITE DU QUEBEC (UNIVERSITY OF     ,CN,00000-0000,Public       ,0,5,5,0,5,5
02216400,TYNDALE COLLEGE & SEMINARY              ,CN,00000-0000,Private      ,1,1,2,1,1,2
02219000,ST. LAWRENCE COLLEGE                    ,CN,00000-0000,Public       ,2,0,2,2,0,2
02219200,UNIVERSITY OF SASKATCHEWAN              ,CN,00000-0000,Public       ,3,7,10,3,7,10
02324900,EMMANUEL BIBLE COLLEGE                  ,CN,00000-0000,Private      ,0,1,1,0,1,1
02338800,EMILY CARR UNIVERSITY OF ART AND DESIGN ,CN,00000-0000,Public       ,35,11,46,35,11,46
02354700,RED DEER COLLEGE                        ,CN,00000-0000,Public       ,0,1,1,0,1,1
02592600,NEW BRUNSWICK COMMUNITY COLLEGE         ,CN,00000-0000,Public       ,1,0,1,1,0,1
02593800,CONCORDIA UNIVERSITY COLLEGE            ,CN,00000-0000,Private      ,6,1,7,6,1,7
02611900,THE KING'S UNIVERSITY COLLEGE           ,CN,00000-0000,Private      ,0,1,1,0,1,1
03018300,ROCKY MOUNTAIN COLLEGE: CENTRE FOR      ,CN,00000-0000,Private      ,3,2,5,3,2,5
03033800,UNIVERSITY COLLEGE OF CAPE BRETON       ,CN,00000-0000,Public       ,2,1,3,2,1,3
03076200,COVENANT BIBLE COLLEGE                  ,CN,00000-0000,Private      ,7,1,8,7,1,8
03078300,VANCOUVER SCHOOL OF THEOLOGY            ,CN,00000-0000,Private      ,1,7,8,1,7,8
03273300,CANADIAN COLLEGE OF NATUROPATHIC ME     ,CN,00000-0000,Private      ,3,9,12,3,9,12
03298300,ALBERTA COLLEGE OF ART & DESIGN         ,CN,00000-0000,Public       ,11,1,12,11,1,12
03332500,KWANTLEN UNIVERSITY COLLEGE             ,CN,00000-0000,Public       ,2,5,7,2,5,7
03335400,CANADIAN UNIVERSITY COLLEGE             ,CN,00000-0000,Private      ,16,1,17,16,1,17
03339300,ST. STEPHENS UNIVERSITY                 ,CN,00000-0000,Private      ,1,1,2,1,1,2
03348500,REDEEMER UNIVERSITY COLLEGE             ,CN,00000-0000,Private      ,13,1,14,13,1,14
03408300,CANDIAN NAZARENE UNIVERSITY COLLEGE     ,CN,00000-0000,Private      ,3,1,4,3,1,4
03421300,LOYALIST COLLEGE OF APPLIED ARTS &      ,CN,00000-0000,Public       ,1,1,2,1,1,2
03433300,LANGARA COLLEGE                         ,CN,00000-0000,Public       ,5,4,9,5,4,9
03435400,ROYAL ROADS UNIVERSITY                  ,CN,00000-0000,Public       ,1,2,3,1,2,3
03511300,CN CLG ACUPUNCTURE & ORIENTAL MED       ,CN,00000-0000,Private      ,1,5,6,1,5,6
03551300,INTERNATIONAL BIBLE COLLEGE             ,CN,00000-0000,Private      ,1,1,2,1,1,2
03560400,NIAGARA COLLEGE-WELLAND CAMPUS          ,CN,00000-0000,Public       ,0,3,3,0,3,3
03613300,UNIV OF NORTHERN BRITISH COLUMBIA       ,CN,00000-0000,Public       ,4,3,7,4,3,7
03711300,CAPILANO UNIVERSITY                     ,CN,00000-0000,Public       ,0,1,1,0,1,1
03745300,BRITISH COLUMBIA INSTITUTE OF TECHNOLOGY,CN,00000-0000,Public       ,2,3,5,2,3,5
00814700,UNIVERSIDAD AUTONOMA DE GUADALAJARA     ,MX,00000-0000,Private      ,19,358,377,19,358,377
01041800,INST TEC Y DE ESTSUPER DE MONTERRE      ,MX,00000-0000,Private      ,25,21,46,25,21,46
01067600,UNIVERSIDAD DE MONTERREY                ,MX,00000-0000,Private      ,5,9,14,5,9,14
01093800,UNIVERSIDAD DE GUANAJUATO               ,MX,00000-0000,Public       ,7,9,16,7,9,16
01097600,INSTITUTO ALLENDE                       ,MX,00000-0000,Private      ,2,8,10,2,8,10
01230100,UNIV AUTON DE TAMAULIPAS FAC DEMED      ,MX,00000-0000,Public       ,0,3,3,0,3,3
02053300,CENTRO DE ESTUDIOS UNIVERSITARIOS D     ,MX,00000-0000,Private      ,12,29,41,12,29,41
02283100,UNIVERSIDAD TECNOLOGICA DE MEXICO       ,MX,00000-0000,Proprietary  ,4,4,8,4,4,8
01001000,AMERICAN SAMOA CMNTY COLLEGE            ,AS,96799-2609,Public       ,222,67,289,222,67,289
01034300,COLLEGE OF MICRONESIA - FSM             ,FM,96941-0159,Public       ,276,48,324,276,48,324
01100900,PALAU COMMUNITY COLLEGE                 ,PW,96940-0009,Public       ,372,119,491,372,119,491
03022400,COLLEGE OF THE MARSHALL ISLANDS         ,MH,96960-1258,Public       ,13,4,17,13,4,17
03033000,NORTHERN MARIANAS COLLEGE               ,MP,96950-0000,Public       ,29,24,53,29,24,53
