OPE ID,School,State,Zip Code,School Type,20072008Qtr1_Dependent Students,20072008Qtr1_Independent Students,Quarterly Total,YTD_20072008Qtr1_Dependent Students,YTD_20072008Qtr1_Independent Students,Award Year To Date Total
00100200,ALABAMA AGRCLTL & MECHL UNIV            ,AL,35762-1357,Public       ,2160,755,2915,2160,755,2915
00100300,FAULKNER UNIVERSITY                     ,AL,36109-3398,Private      ,385,648,1033,385,648,1033
00100400,UNIVERSITY OF MONTEVALLO                ,AL,35115-6000,Public       ,635,235,870,635,235,870
00100500,ALABAMA STATE UNIVERSITY                ,AL,36101-0000,Public       ,2987,1044,4031,2987,1044,4031
00100700,CENTRAL ALABAMA COMMUNITY COLLEGE       ,AL,35011-0000,Public       ,247,230,477,247,230,477
00100800,ATHENS STATE UNIVERSITY                 ,AL,35611-1999,Public       ,135,535,670,135,535,670
00100900,AUBURN UNIVERSITY                       ,AL,36849-5113,Public       ,7152,1811,8963,7152,1811,8963
00101200,BIRMINGHAM SOUTHERN COLLEGE             ,AL,35254-0002,Private      ,940,79,1019,940,79,1019
00101300,CALHOUN COMMUNITY COLLEGE               ,AL,35609-2216,Public       ,864,1059,1923,864,1059,1923
00101500,ENTERPRISE-OZARK COMMUNITY COLLEGE      ,AL,36331-1300,Public       ,185,173,358,185,173,358
00101600,UNIVERSITY OF NORTH ALABAMA             ,AL,35632-0001,Public       ,1103,430,1533,1103,430,1533
00101700,GADSDEN STATE COMMUNITY COLLEGE         ,AL,35903-2269,Public       ,508,563,1071,508,563,1071
00101706,GADSDEN STATE COMM. COLLEGE-AYERS CAMPUS,AL,36202-0000,Public       ,68,103,171,68,103,171
00101800,GEORGE C WALLACE COMMUNITY COLLEGE      ,AL,36303-0943,Public       ,267,386,653,267,386,653
00101900,HUNTINGDON COLLEGE                      ,AL,36106-2148,Private      ,462,86,548,462,86,548
00102000,JACKSONVILLE STATE UNIVERSITY           ,AL,36265-1602,Public       ,2105,1162,3267,2105,1162,3267
00102100,JEFFERSON DAVIS COMMUNITY COLLEGE       ,AL,36427-2790,Public       ,93,108,201,93,108,201
00102200,JEFFERSON STATE COMMUNITY COLLEGE       ,AL,35215-3098,Public       ,614,923,1537,614,923,1537
00102300,JUDSON COLLEGE                          ,AL,36756-2504,Private      ,111,26,137,111,26,137
00102400,UNIVERSITY OF WEST ALABAMA              ,AL,35470-0000,Public       ,584,675,1259,584,675,1259
00102600,MARION MILITARY INSTITUTE               ,AL,36756-3214,Public       ,79,6,85,79,6,85
00102800,MILES COLLEGE                           ,AL,35064-2697,Private      ,564,245,809,564,245,809
00102900,UNIVERSITY OF MOBILE                    ,AL,36613-0000,Private      ,501,361,862,501,361,862
00103000,BISHOP STATE COMMUNITY COLLEGE          ,AL,36603-5898,Public       ,192,491,683,192,491,683
00103001,BISHOP STATE COMM COLG-CARVER CMPS      ,AL,36617-0000,Public       ,7,36,43,7,36,43
00103002,BISHOP STAT COMM CLG-SW CMPS            ,AL,36605-0000,Public       ,7,21,28,7,21,28
00103100,NORTHEAST ALABAMA STATE CMNTY COLG      ,AL,35986-0159,Public       ,170,213,383,170,213,383
00103300,OAKWOOD COLLEGE                         ,AL,35896-0001,Private      ,631,191,822,631,191,822
00103400,ALABAMA SOUTHERN COMMUNITY COLLEGE      ,AL,36460-5698,Public       ,169,133,302,169,133,302
00103600,SAMFORD UNIVERSITY                      ,AL,35229-7000,Private      ,1682,1028,2710,1682,1028,2710
00103700,SELMA UNIVERSITY                        ,AL,36701-0000,Private      ,1,0,1,1,0,1
00103800,SNEAD STATE COMMUNITY COLLEGE           ,AL,35957-0734,Public       ,222,266,488,222,266,488
00104000,SOUTHERN UNION STATE COMMUNITY CLG      ,AL,36276-0000,Public       ,526,414,940,526,414,940
00104100,SPRING HILL COLLEGE                     ,AL,36608-1791,Private      ,975,167,1142,975,167,1142
00104400,STILLMAN COLLEGE                        ,AL,35403-1430,Private      ,606,118,724,606,118,724
00104600,TALLADEGA COLLEGE                       ,AL,35160-2354,Private      ,152,28,180,152,28,180
00104700,TROY STATE UNIVERSITY                   ,AL,36082-0001,Public       ,1778,3291,5069,1778,3291,5069
00104754,TROY UNIVERSITY - DOTHAN                ,AL,36303-1575,Public       ,127,375,502,127,375,502
00104755,TROY UNIVERSITY - MONTGOMERY            ,AL,36103-4419,Public       ,251,1053,1304,251,1053,1304
00105000,TUSKEGEE UNIVERSITY                     ,AL,36088-1645,Private      ,2609,374,2983,2609,374,2983
00105100,UNIVERSITY OF ALABAMA (THE)             ,AL,35487-0120,Public       ,6251,2140,8391,6251,2140,8391
00105200,UNIVERSITY OF ALABAMA AT BIRMINGHAM     ,AL,35294-1150,Public       ,3321,2690,6011,3321,2690,6011
00105500,UNIVERSITY OF ALABAMA IN HUNTSVILLE     ,AL,35899-0001,Public       ,1470,729,2199,1470,729,2199
00105700,UNIVERSITY OF SOUTH ALABAMA             ,AL,36688-0002,Public       ,1711,1812,3523,1711,1812,3523
00105900,LAWSON STATE COMMUNITY COLLEGE          ,AL,35221-1798,Public       ,270,514,784,270,514,784
00105901,LAWSON STATE COMMUNITY COLLEGE - BESSEME,AL,35021-0308,Public       ,56,116,172,56,116,172
00106000,FAULKNER STATE COMMUNITY COLLEGE        ,AL,36507-2698,Public       ,378,316,694,378,316,694
00446200,GADSDEN BUSINESS COLLEGE                ,AL,35906-3658,Proprietary  ,0,5,5,0,5,5
00526000,J.F. DRAKE STATE TECH COLLEGE           ,AL,35811-1584,Public       ,46,157,203,46,157,203
00569100,SHELTON STATE COMMUNITY CLG             ,AL,35405-4017,Public       ,705,450,1155,705,450,1155
00569200,REID STATE TECHNICAL COLLEGE            ,AL,36401-0000,Public       ,28,37,65,28,37,65
00569700,NORTHWEST- SHOALS COMMUNITY COLLEGE     ,AL,35661-0000,Public       ,374,354,728,374,354,728
00569702,NORTHWEST-SHOALS C.C.-PHIL CAMPBELL     ,AL,35581-0000,Public       ,43,32,75,43,32,75
00569900,GEORGE C WALLACE STATE CMTY COLLEGE     ,AL,36703-0000,Public       ,147,208,355,147,208,355
00573300,BEVILL STATE CMTY COLLEGE-WALKER        ,AL,35148-0000,Public       ,195,339,534,195,339,534
00573301,BEVILL STATE COMMUNITY COLLEGE - FAYETTE,AL,35555-0000,Public       ,115,108,223,115,108,223
00573302,BEVILL STATE CMTY CLG-HAMILTON CAMP     ,AL,35570-0000,Public       ,32,73,105,32,73,105
00573305,BEVILL STATE CMTY CLG-WALKER CLG        ,AL,35501-0000,Public       ,94,75,169,94,75,169
00573400,H. COUNCILL TRENHOLM STATE TECH COLLEGE ,AL,36108-0020,Public       ,58,178,236,58,178,236
00573401,H. C. TRENHOLM ST TECH COL-PATTERSON CAM,AL,36116-2612,Public       ,48,77,125,48,77,125
00787100,GEORGE C WALLACE STATE CMTY CLG         ,AL,35077-2000,Public       ,443,611,1054,443,611,1054
00831000,AUBURN UNIVERSITY-MONTGOMERY            ,AL,36124-0000,Public       ,855,789,1644,855,789,1644
00898800,LURLEEN B WALLACE COMMUNITY COLLEGE     ,AL,36420-0418,Public       ,122,142,264,122,142,264
01019300,HERZING COLLEGE                         ,AL,35209-4816,Proprietary  ,21,112,133,21,112,133
01055400,CONCORDIA COLLEGE                       ,AL,36701-3323,Private      ,83,63,146,83,63,146
01123700,SOUTHERN COMMUNITY COLLEGE              ,AL,36083-1803,Private      ,8,10,18,8,10,18
01218200,CHATTAHOOCHEE VALLEY CMTY CLG           ,AL,36869-7917,Public       ,135,228,363,135,228,363
01303906,SOUTH UNIVERSITY - MONTGOMERY           ,AL,36116-1120,Proprietary  ,39,131,170,39,131,170
02170600,UNITED STATES SPORTS ACADEMY            ,AL,36526-7055,Private      ,4,119,123,4,119,123
02199700,HERITAGE CHRISTIAN UNIVERSITY           ,AL,35630-0000,Private      ,5,6,11,5,6,11
02270400,SOUTHEASTERN BIBLE COLLEGE              ,AL,35244-2083,Private      ,30,29,59,30,29,59
02296000,PRINCE INSTITUTE OF PROFESSIONAL STUDIES,AL,36117-0000,Proprietary  ,2,11,13,2,11,13
02323800,GAITHER AND COMPANY BEAUTY COLLEGE      ,AL,35768-0000,Proprietary  ,0,3,3,0,3,3
02341000,FORTIS COLLEGE                          ,AL,36609-0000,Proprietary  ,19,104,123,19,104,123
02341002,CAPPS COLLEGE - MONTGOMERY              ,AL,36109-3624,Proprietary  ,10,22,32,10,22,32
02503400,AMRIDGE UNIVERSITY                      ,AL,36124-0000,Private      ,5,128,133,5,128,133
02605500,REMINGTON COLLEGE - MOBILE CAMPUS       ,AL,36609-5593,Proprietary  ,37,259,296,37,259,296
03010600,VIRGINIA COLLEGE                        ,AL,35209-5154,Proprietary  ,68,789,857,68,789,857
03010602,VIRGINIA COLLEGE - HUNTSVILLE           ,AL,35805-0000,Proprietary  ,34,67,101,34,67,101
03010605,VA COLG TECHNICAL AT PELHAM             ,AL,35124-0000,Proprietary  ,3,2,5,3,2,5
03032500,ALABAMA STATE CLG BARBER STYLING        ,AL,35215-8308,Proprietary  ,9,10,19,9,10,19
03100503,VIRGINIA COLLEGE AT PENSACOLA - VIRGINIA,AL,35242-5340,Proprietary  ,22,103,125,22,103,125
03361400,FORTIS COLLEGE                          ,AL,36535-3547,Proprietary  ,2,28,30,2,28,30
03459300,SOUTHEASTERN SCHOOL OF COSMETOLOGY      ,AL,35228-0000,Private      ,2,17,19,2,17,19
03783300,BLUE CLIFF CAREER COLLEGE               ,AL,63306-4749,Proprietary  ,7,18,25,7,18,25
03894300,HUNTSVILLE BIBLE COLLEGE                ,AL,35811-0000,Private      ,3,5,8,3,5,8
00111100,ALLAN HANCOCK COLLEGE                   ,CA,93454-6399,Public       ,1195,819,2014,1195,819,2014
00111300,ANTELOPE VALLEY COLLEGE                 ,CA,93536-5426,Public       ,1447,1463,2910,1447,1463,2910
00111600,ART CENTER COLLEGE OF DESIGN            ,CA,91103-1999,Private      ,796,834,1630,796,834,1630
00111700,AZUSA PACIFIC UNIVERSITY                ,CA,91702-7000,Private      ,4202,1669,5871,4202,1669,5871
00111800,BAKERSFIELD COLLEGE                     ,CA,93305-1299,Public       ,3788,2321,6109,3788,2321,6109
00111900,BARSTOW COMMUNITY COLLEGE               ,CA,92311-6608,Public       ,81,295,376,81,295,376
00112000,AMER BAPT SEM OF THE WEST-BERKELEY      ,CA,94704-0000,Private      ,0,31,31,0,31,31
00112100,BETHANY UNIVERSITY /  ASSEMBLIES OF GOD ,CA,95066-2896,Private      ,306,171,477,306,171,477
00112200,BIOLA UNIVERSITY                        ,CA,90639-0001,Private      ,3565,980,4545,3565,980,4545
00112300,BROOKS INSTITUTE                        ,CA,93103-1809,Proprietary  ,890,445,1335,890,445,1335
00112400,CABRILLO COLLEGE                        ,CA,95003-3194,Public       ,1320,1304,2624,1320,1304,2624
00112500,CALIFORNIA BAPTIST UNIVERSITY           ,CA,92504-3297,Private      ,2220,864,3084,2220,864,3084
00112700,CALIFORNIA COLLEGE OF THE ARTS          ,CA,94107-2206,Private      ,1026,844,1870,1026,844,1870
00113100,CALIFORNIA INSTITUTE OF TECHNOLOGY      ,CA,91125-0001,Private      ,1941,254,2195,1941,254,2195
00113200,CALIFORNIA INSTITUTE OF THE ARTS        ,CA,91355-2397,Private      ,1109,1107,2216,1109,1107,2216
00113300,CALIFORNIA LUTHERAN UNIVERSITY          ,CA,91360-2787,Private      ,1918,524,2442,1918,524,2442
00113400,CALIFORNIA MARITIME ACADEMY             ,CA,94590-8181,Public       ,466,126,592,466,126,592
00113700,CALIF STATE UNIV-FULLERTON              ,CA,92831-3599,Public       ,20621,7593,28214,20621,7593,28214
00113800,"CALIFORNIA STATE UNIVERSITY, EAST BAY   ",CA,94542-3000,Public       ,4760,3807,8567,4760,3807,8567
00113900,CALIF STATE UNIV-LONG BEACH             ,CA,90840-0006,Public       ,26288,9855,36143,26288,9855,36143
00114000,CALIF STATE UNIV-LOS ANGELES            ,CA,90032-4226,Public       ,13895,8255,22150,13895,8255,22150
00114100,"CALIF STATE UNIV, DOMINGUEZ HILLS       ",CA,90747-0001,Public       ,6866,4603,11469,6866,4603,11469
00114200,CALIF STATE UNIV SAN BERNARDINO         ,CA,92407-2397,Public       ,8968,5384,14352,8968,5384,14352
00114300,CAL POLY STATE UNIVERSITY               ,CA,93407-0001,Public       ,17047,2011,19058,17047,2011,19058
00114400,CALIF STATE POLYTECHNIC UNIV POMONA     ,CA,91768-2500,Public       ,14963,4043,19006,14963,4043,19006
00114600,CALIF STATE UNIV - CHICO                ,CA,95929-0001,Public       ,9817,3040,12857,9817,3040,12857
00114700,CALIF STATE UNIV - FRESNO               ,CA,93740-8026,Public       ,12682,5060,17742,12682,5060,17742
00114900,HUMBOLDT STATE UNIVERSITY               ,CA,95521-8299,Public       ,5525,2328,7853,5525,2328,7853
00115000,CALIF STATE UNIV-SACRAMENTO             ,CA,95819-6044,Public       ,14285,7777,22062,14285,7777,22062
00115100,SAN DIEGO STATE UNIVERSITY              ,CA,92182-1690,Public       ,23692,7596,31288,23692,7596,31288
00115300,CALIF STATE UNIV-NORTHRIDGE             ,CA,91330-8307,Public       ,18496,7983,26479,18496,7983,26479
00115301,CALIF STATE UNIV CHANNEL ISLANDS        ,CA,93012-0000,Public       ,1787,487,2274,1787,487,2274
00115400,SAN FRANCISCO STATE UNIVERSITY          ,CA,94132-1740,Public       ,17563,9244,26807,17563,9244,26807
00115500,SAN JOSE STATE UNIVERSITY               ,CA,95192-0036,Public       ,14683,6903,21586,14683,6903,21586
00115600,SONOMA STATE UNIVERSITY                 ,CA,94928-3609,Public       ,5747,1770,7517,5747,1770,7517
00115700,CALIF STATE UNIV-STANISLAUS             ,CA,95382-0299,Public       ,4740,2329,7069,4740,2329,7069
00115800,UNITED STATES INTERNATIONAL UNIV        ,CA,92131-1799,Private      ,27,437,464,27,437,464
00116100,CERRITOS COLLEGE                        ,CA,90650-6296,Public       ,4154,2035,6189,4154,2035,6189
00116200,CHABOT COLLEGE                          ,CA,94545-2400,Public       ,1613,1197,2810,1613,1197,2810
00116300,CHAFFEY COLLEGE                         ,CA,91737-9400,Public       ,2915,2213,5128,2915,2213,5128
00116400,CHAPMAN UNIVERSITY                      ,CA,92866-1099,Private      ,4449,2883,7332,4449,2883,7332
00116453,CHAPMAN UNIVERSITY SCHOOL OF LAW        ,CA,92866-0000,Private      ,70,1087,1157,70,1087,1157
00116500,CHURCH DIV SCH OF THE PACIFIC           ,CA,94709-0000,Private      ,0,63,63,0,63,63
00116600,CITRUS COLLEGE                          ,CA,91741-1899,Public       ,2359,968,3327,2359,968,3327
00116900,CLAREMONT GRADUATE UNIVERSITY           ,CA,91711-0000,Private      ,9,874,883,9,874,883
00117000,CLAREMONT MCKENNA COLLEGE               ,CA,91711-6400,Private      ,2227,46,2273,2227,46,2273
00117100,HARVEY MUDD COLLEGE                     ,CA,91711-5990,Private      ,1493,14,1507,1493,14,1507
00117200,PITZER COLLEGE                          ,CA,91711-6101,Private      ,2016,76,2092,2016,76,2092
00117300,POMONA COLLEGE                          ,CA,91711-6301,Private      ,2559,43,2602,2559,43,2602
00117400,SCRIPPS COLLEGE                         ,CA,91711-3948,Private      ,1053,50,1103,1053,50,1103
00117600,WEST HILLS COMMUNITY COLLEGE            ,CA,93210-1399,Public       ,1177,693,1870,1177,693,1870
00117700,COGSWELL POLYTECHNICAL COLLEGE          ,CA,94089-1210,Private      ,78,24,102,78,24,102
00117800,COLLEGE OF MARIN                        ,CA,94904-2590,Public       ,319,533,852,319,533,852
00117801,COLG OF MARIN-INDIAN VALLEY CMPS        ,CA,94949-0000,Public       ,12,23,35,12,23,35
00117900,NOTRE DAME DE NAMUR UNIVERSITY          ,CA,94002-1997,Private      ,453,286,739,453,286,739
00118100,COLLEGE OF SAN MATEO                    ,CA,94402-3784,Public       ,854,451,1305,854,451,1305
00118200,COLLEGE OF THE DESERT                   ,CA,92260-9305,Public       ,1194,707,1901,1194,707,1901
00118300,HOLY NAMES UNIVERSITY                   ,CA,94619-1699,Private      ,395,277,672,395,277,672
00118500,COLLEGE OF THE REDWOODS                 ,CA,95501-9300,Public       ,973,973,1946,973,973,1946
00118600,COLLEGE OF THE SEQUOIAS                 ,CA,93277-2234,Public       ,2259,1383,3642,2259,1383,3642
00118700,COLLEGE OF THE SISKIYOUS                ,CA,96094-2899,Public       ,392,222,614,392,222,614
00118701,COLLEGE OF THE SISKIYOUS - YREKA CENTER ,CA,96097-9538,Public       ,13,14,27,13,14,27
00119000,CONTRA COSTA COLLEGE                    ,CA,94806-3195,Public       ,543,566,1109,543,566,1109
00119100,DIABLO VALLEY COLLEGE                   ,CA,94523-1544,Public       ,1596,930,2526,1596,930,2526
00119200,CUESTA COLLEGE                          ,CA,93403-8106,Public       ,1532,789,2321,1532,789,2321
00119300,CYPRESS COLLEGE                         ,CA,90630-5897,Public       ,2042,1252,3294,2042,1252,3294
00119600,DOMINICAN UNIVERSITY OF CALIFORNIA      ,CA,94901-2298,Private      ,1612,547,2159,1612,547,2159
00119700,EL CAMINO COLLEGE                       ,CA,90506-0002,Public       ,3645,1967,5612,3645,1967,5612
00119701,COMPTON COMMUNITY COLLEGE               ,CA,90221-5393,Public       ,252,338,590,252,338,590
00119900,FOOTHILL COLLEGE                        ,CA,94022-4597,Public       ,645,628,1273,645,628,1273
00120000,FULLER THEOLOGICAL SEMINARY             ,CA,91182-0000,Private      ,10,1315,1325,10,1315,1325
00120100,FULLERTON COLLEGE                       ,CA,92832-2095,Public       ,3088,1271,4359,3088,1271,4359
00120200,GAVILAN COLLEGE                         ,CA,95020-9599,Public       ,476,349,825,476,349,825
00120300,GLENDALE COMMUNITY COLLEGE              ,CA,91208-2894,Public       ,2701,1423,4124,2701,1423,4124
00120400,GOLDEN GATE BAPT THEOL SEMINARY         ,CA,94941-0000,Private      ,1,15,16,1,15,16
00120500,GOLDEN GATE UNIVERSITY                  ,CA,94105-2967,Private      ,24,1562,1586,24,1562,1586
00120600,GOLDEN WEST COLLEGE                     ,CA,92647-2748,Public       ,2484,1232,3716,2484,1232,3716
00120700,GRADUATE THEOLOGICAL UNION              ,CA,94709-0000,Private      ,0,253,253,0,253,253
00120800,GROSSMONT COLLEGE                       ,CA,92020-1798,Public       ,2259,1455,3714,2259,1455,3714
00120900,HARTNELL COMMUNITY COLLEGE              ,CA,93901-1697,Public       ,843,442,1285,843,442,1285
00121200,HUMPHREYS COLLEGE                       ,CA,95207-3896,Private      ,105,281,386,105,281,386
00121400,IMPERIAL VALLEY COLLEGE                 ,CA,92251-9787,Public       ,1354,416,1770,1354,416,1770
00121500,LA SIERRA UNIVERSITY                    ,CA,92515-3332,Private      ,1048,235,1283,1048,235,1283
00121600,UNIVERSITY OF LA VERNE                  ,CA,91750-4443,Private      ,1985,2533,4518,1985,2533,4518
00121700,LASSEN COLLEGE                          ,CA,96130-3000,Public       ,130,110,240,130,110,240
00121800,LOMA LINDA UNIVERSITY                   ,CA,92350-0001,Private      ,428,2539,2967,428,2539,2967
00121900,LONG BEACH CITY COLLEGE                 ,CA,90808-1780,Public       ,4034,2907,6941,4034,2907,6941
00122000,MASTER'S COLLEGE & SEMINARY (THE)       ,CA,91321-1200,Private      ,830,136,966,830,136,966
00122300,LOS ANGELES CITY COLLEGE                ,CA,90029-3588,Public       ,1758,2600,4358,1758,2600,4358
00122400,LOS ANGELES HARBOR COLLEGE              ,CA,90744-2397,Public       ,922,931,1853,922,931,1853
00122600,LOS ANGELES PIERCE COLLEGE              ,CA,91371-0001,Public       ,2614,1224,3838,2614,1224,3838
00122700,LOS ANGELES TRADE TECH COLLEGE          ,CA,90015-4181,Public       ,1124,1491,2615,1124,1491,2615
00122800,LOS ANGELES VALLEY COLLEGE              ,CA,91401-4096,Public       ,2108,1696,3804,2108,1696,3804
00122900,SO CA UNIV  HEALTH SCIENCES             ,CA,90604-4051,Private      ,7,213,220,7,213,220
00123000,SOUTHERN CA COLLEGE OF OPTOMETRY        ,CA,92831-1699,Private      ,8,192,200,8,192,200
00123200,AMERICAN RIVER COLLEGE                  ,CA,95841-4286,Public       ,3340,3826,7166,3340,3826,7166
00123300,SACRAMENTO CITY COLLEGE                 ,CA,95822-1386,Public       ,4089,3059,7148,4089,3059,7148
00123600,MENLO COLLEGE                           ,CA,94027-4301,Private      ,512,50,562,512,50,562
00123700,MERCED COMMUNITY COLLEGE                ,CA,95348-2898,Public       ,2096,1301,3397,2096,1301,3397
00123800,MILLS COLLEGE                           ,CA,94613-1301,Private      ,1032,784,1816,1032,784,1816
00123900,MIRACOSTA COLLEGE                       ,CA,92056-3899,Public       ,892,695,1587,892,695,1587
00124000,MODESTO JUNIOR COLLEGE                  ,CA,95350-5800,Public       ,3411,2393,5804,3411,2393,5804
00124200,MONTEREY PENINSULA COLLEGE              ,CA,93940-4799,Public       ,536,390,926,536,390,926
00124300,MOUNT ST MARYS COLLEGE                  ,CA,90049-1599,Private      ,1628,880,2508,1628,880,2508
00124500,MT. SAN ANTONIO COLLEGE                 ,CA,91789-1399,Public       ,5154,2365,7519,5154,2365,7519
00124600,MT SAN JACINTO COLLEGE                  ,CA,92583-2399,Public       ,1522,1497,3019,1522,1497,3019
00124700,NAPA VALLEY COLLEGE                     ,CA,94558-6236,Public       ,620,564,1184,620,564,1184
00124900,OCCIDENTAL COLLEGE                      ,CA,90041-3314,Private      ,3093,105,3198,3093,105,3198
00125000,ORANGE COAST COLLEGE - FIN AID OFF      ,CA,92628-5005,Public       ,4081,1424,5505,4081,1424,5505
00125100,OTIS COLLEGE OF ART AND DESIGN          ,CA,90045-3505,Private      ,1003,351,1354,1003,351,1354
00125200,HOPE INTERNATIONAL UNIVERSITY           ,CA,92631-0000,Private      ,382,185,567,382,185,567
00125300,FRESNO PACIFIC UNIVERSITY               ,CA,93702-4798,Private      ,1194,649,1843,1194,649,1843
00125302,FRESNO PACIFIC UNIVERSITY - VISALIA CENT,CA,93277-8341,Private      ,15,71,86,15,71,86
00125303,FRESNO PACIFIC UNIVERSITY - BAKERSFIELD ,CA,93301-4533,Private      ,17,53,70,17,53,70
00125400,PACIFIC LUTHERAN THEOLOGICAL SEM        ,CA,94708-0000,Private      ,0,65,65,0,65,65
00125500,PACIFIC OAKS COLLEGE                    ,CA,91103-3592,Private      ,14,421,435,14,421,435
00125600,PACIFIC SCHOOL OF RELIGION              ,CA,94709-0000,Private      ,0,145,145,0,145,145
00125800,PACIFIC UNION COLLEGE                   ,CA,94508-9797,Private      ,759,163,922,759,163,922
00125900,PALO VERDE COLLEGE                      ,CA,92225-0000,Public       ,40,43,83,40,43,83
00126000,PALOMAR COLLEGE                         ,CA,92069-1486,Public       ,2194,1268,3462,2194,1268,3462
00126100,PASADENA CITY COLLEGE                   ,CA,91106-2003,Public       ,5585,2111,7696,5585,2111,7696
00126200,POINT LOMA NAZARENE UNIVERSITY          ,CA,92106-2899,Private      ,2460,348,2808,2460,348,2808
00126600,LANEY COLLEGE                           ,CA,94607-4893,Public       ,1205,1450,2655,1205,1450,2655
00126700,MERRITT COLLEGE                         ,CA,94619-3196,Public       ,548,725,1273,548,725,1273
00126800,PORTERVILLE COLLEGE                     ,CA,93257-6059,Public       ,761,536,1297,761,536,1297
00126900,RIO HONDO COLLEGE                       ,CA,90601-1699,Public       ,2794,1146,3940,2794,1146,3940
00127000,RIVERSIDE COMMUNITY COLLEGE             ,CA,92506-1299,Public       ,5740,3993,9733,5740,3993,9733
00127200,SAN BERNARDINO VALLEY COLLEGE           ,CA,92410-2798,Public       ,1712,1691,3403,1712,1691,3403
00127300,SAN DIEGO CITY COLLEGE                  ,CA,92101-4787,Public       ,2234,2134,4368,2234,2134,4368
00127500,SAN DIEGO MESA COLLEGE                  ,CA,92111-4996,Public       ,2798,1803,4601,2798,1803,4601
00127800,SAN FRANCISCO CONSERVATORY OF MUSIC     ,CA,94122-4498,Private      ,201,241,442,201,241,442
00127900,SAN FRANCISCO THEOLOGICAL SEMINARY      ,CA,94960-0000,Private      ,0,31,31,0,31,31
00128000,SAN JOAQUIN DELTA COLLEGE               ,CA,95207-6370,Public       ,3329,2454,5783,3329,2454,5783
00128100,WILLIAM JESSUP UNIVERSITY               ,CA,95765-3707,Private      ,303,133,436,303,133,436
00128200,SAN JOSE CITY COLLEGE                   ,CA,95128-2797,Public       ,1129,972,2101,1129,972,2101
00128400,SANTA ANA COLLEGE                       ,CA,92706-3398,Public       ,2137,1195,3332,2137,1195,3332
00128500,SANTA BARBARA CITY COLLEGE              ,CA,93109-2394,Public       ,1949,747,2696,1949,747,2696
00128600,SANTA MONICA COLLEGE                    ,CA,90405-1644,Public       ,4890,1814,6704,4890,1814,6704
00128700,SANTA ROSA JUNIOR COLLEGE               ,CA,95401-4395,Public       ,2094,1614,3708,2094,1614,3708
00128800,CLAREMONT SCHOOL OF THEOLOGY            ,CA,91711-0000,Private      ,3,87,90,3,87,90
00128900,SHASTA COLLEGE                          ,CA,96049-7692,Public       ,1633,1093,2726,1633,1093,2726
00129000,SIERRA COLLEGE                          ,CA,95677-3397,Public       ,2171,1726,3897,2171,1726,3897
00129100,SIMPSON UNIVERSITY                      ,CA,96003-8606,Private      ,812,320,1132,812,320,1132
00129200,SOLANO COMMUNITY COLLEGE                ,CA,94534-3197,Public       ,1088,1308,2396,1088,1308,2396
00129300,VANGUARD UNIVERSITY OF SOUTHERN CA      ,CA,92626-6597,Private      ,1543,390,1933,1543,390,1933
00129400,SOUTHWESTERN COLLEGE                    ,CA,91910-7299,Public       ,3216,1579,4795,3216,1579,4795
00129500,SOUTHWESTERN LAW SCHOOL                 ,CA,90010-1106,Private      ,6,1733,1739,6,1733,1739
00129600,DOMINICAN SCH PHILOSOPHY & THEOLOGY     ,CA,94709-0000,Private      ,2,18,20,2,18,20
00129900,ST JOHN'S SEMINARY COLLEGE              ,CA,93010-0000,Private      ,1,1,2,1,1,2
00130200,SAINT MARY'S COLLEGE OF CALIFORNIA      ,CA,94556-2744,Private      ,2937,515,3452,2937,515,3452
00130500,STANFORD UNIVERSITY                     ,CA,94305-6106,Private      ,11280,1844,13124,11280,1844,13124
00130501,STANFORD UNIVERSITY - GRADUATE SCHOOL OF,CA,94305-5301,Private      ,33,399,432,33,399,432
00130502,STANFORD UNIVERSITY - GRADUATE SCHOOL OF,CA,94305-5015,Private      ,14,583,597,14,583,597
00130503,STANFORD UNIVERSITY - STANFORD LAW SCHOO,CA,94305-3096,Private      ,10,1425,1435,10,1425,1435
00130700,FRESNO CITY COLLEGE                     ,CA,93741-0002,Public       ,6290,3522,9812,6290,3522,9812
00130800,REEDLEY COLLEGE                         ,CA,93654-2099,Public       ,2480,1383,3863,2480,1383,3863
00130900,TAFT COLLEGE                            ,CA,93268-2317,Public       ,254,163,417,254,163,417
00131200,UNIVERSITY OF CALIFORNIA-BERKELEY       ,CA,94720-1520,Public       ,33326,12509,45835,33326,12509,45835
00131300,UNIVERSITY OF CALIFORNIA-DAVIS          ,CA,95616-8558,Public       ,30239,8522,38761,30239,8522,38761
00131400,UNIVERSITY OF CALIFORNIA-IRVINE         ,CA,92697-2825,Public       ,31309,5609,36918,31309,5609,36918
00131500,UNIVERSITY OF CALIFORNIA (UCLA)         ,CA,90095-9000,Public       ,40621,14858,55479,40621,14858,55479
00131502,UNIV OF CALIFORNIA LOS ANG SCH MED      ,CA,90095-0000,Public       ,76,599,675,76,599,675
00131503,UNIV OF CALIFORNIA LOS ANG DENTAL       ,CA,90095-0000,Public       ,17,113,130,17,113,130
00131600,UNIVERSITY OF CALIFORNIA-RIVERSIDE      ,CA,92521-0209,Public       ,19095,3043,22138,19095,3043,22138
00131700,UNIVERSITY OF CALIFORNIA-SAN DIEGO      ,CA,92093-0013,Public       ,30433,5352,35785,30433,5352,35785
00131900,UNIVERSITY OF CALIFORNIA-SFRANCISCO     ,CA,94143-0246,Public       ,359,2429,2788,359,2429,2788
00132000,UNIVERSITY OF CALIFORNIA-SANTA BARB     ,CA,93106-3180,Public       ,26588,4111,30699,26588,4111,30699
00132100,UNIVERSITY OF CALIFORNIA-SANTA CRUZ     ,CA,95064-0001,Public       ,16427,2460,18887,16427,2460,18887
00132200,UNIVERSITY OF REDLANDS                  ,CA,92373-0999,Private      ,3194,719,3913,3194,719,3913
00132500,UNIVERSITY OF SAN FRANCISCO             ,CA,94117-1080,Private      ,5758,3626,9384,5758,3626,9384
00132600,SANTA CLARA UNIVERSITY                  ,CA,95053-4956,Private      ,5550,2135,7685,5550,2135,7685
00132800,UNIVERSITY OF SOUTHERN CALIFORNIA       ,CA,90089-0914,Private      ,22330,13120,35450,22330,13120,35450
00132900,UNIVERSITY OF THE PACIFIC               ,CA,95211-0197,Private      ,4710,1799,6509,4710,1799,6509
00132901,UNIVERSITY OF THE PACIFIC - MCGEORGE SCH,CA,95817-2799,Private      ,11,1629,1640,11,1629,1640
00132902,UNIV OF THE PACIFIC SCH OF DENT         ,CA,94115-0000,Private      ,7,382,389,7,382,389
00133400,VENTURA COLLEGE                         ,CA,93003-3899,Public       ,1296,781,2077,1296,781,2077
00133500,VICTOR VALLEY COLLEGE                   ,CA,92395-5849,Public       ,1196,1510,2706,1196,1510,2706
00133800,WEST VALLEY COLLEGE                     ,CA,95070-5697,Public       ,714,415,1129,714,415,1129
00134100,WESTMONT COLLEGE                        ,CA,93108-1099,Private      ,1510,23,1533,1510,23,1533
00134200,WHITTIER COLLEGE                        ,CA,90601-4413,Private      ,1607,127,1734,1607,127,1734
00134201,WHITTIER COLLEGE - COLLEGE OF LAW       ,CA,92626-1501,Private      ,4,703,707,4,703,707
00134300,WOODBURY UNIVERSITY                     ,CA,91510-7846,Private      ,827,449,1276,827,449,1276
00134400,YUBA COLLEGE                            ,CA,95901-7699,Public       ,1631,1510,3141,1631,1510,3141
00177212,TRINITY INTERNATIONAL UNIV-CA           ,CA,92705-0000,Private      ,2,66,68,2,66,68
00274100,AMERICAN JEWISH UNIVERSITY              ,CA,90077-1599,Private      ,60,83,143,60,83,143
00301002,ANTIOCH UNIV/LOS ANGELES                ,CA,90230-7615,Private      ,8,337,345,8,337,345
00301003,ANTIOCH  UNIV/SANTA BARBARA             ,CA,93101-0000,Private      ,146,161,307,146,161,307
00304701,HEBREW UNION COLL - LOS ANGELES         ,CA,90007-0000,Private      ,0,4,4,0,4,4
00369110,MONTEREY INST OF INTERNATL STUDIES      ,CA,93940-2691,Private      ,12,466,478,12,466,478
00394700,UC-HASTINGS COLLEGE OF THE LAW          ,CA,94102-0000,Public       ,5,2735,2740,5,2735,2740
00394800,SAN FRANCISCO ART INSTITUTE             ,CA,94133-2299,Private      ,715,507,1222,715,507,1222
00405500,HEBREW UNION COLLEGE - JEWISH INSTITUTE ,CA,90007-3796,Private      ,1,26,27,1,26,27
00408000,STARR KING SCHOOL FOR THE MINISTRY      ,CA,94709-1299,Private      ,0,22,22,0,22,22
00448000,DE ANZA COLLEGE                         ,CA,95014-5793,Public       ,2309,1207,3516,2309,1207,3516
00448100,OHLONE COLLEGE                          ,CA,94539-5847,Public       ,839,490,1329,839,490,1329
00448400,JOHN F. KENNEDY UNIVERSITY              ,CA,94523-4817,Private      ,7,679,686,7,679,686
00449000,PATTEN UNIVERSITY                       ,CA,94601-2699,Private      ,89,82,171,89,82,171
00449400,EVEREST COLLEGE                         ,CA,92408-3752,Proprietary  ,6,9,15,6,9,15
00450200,CITY COLLEGE OF SAN FRANCISCO           ,CA,94112-0000,Public       ,3265,2805,6070,3265,2805,6070
00563800,DOWNEY ADULT SCHOOL                     ,CA,90241-5610,Public       ,1,2,3,1,2,3
00565500,HACIENDA LA PUENTE ADULT EDUC CTR       ,CA,91746-0000,Public       ,20,29,49,20,29,49
00616500,LA CNTY CLG OF NURSING & ALLD HLTH      ,CA,90033-1018,Public       ,43,151,194,43,151,194
00672000,COLLEGE OF ALAMEDA                      ,CA,94501-2109,Public       ,700,573,1273,700,573,1273
00673100,CASA LOMA COLLEGE                       ,CA,91405-4523,Private      ,60,153,213,60,153,213
00686300,VENTURA COUNTY CMTY CLG DISTRICT        ,CA,93010-8552,Public       ,8,7,15,8,7,15
00697300,CANADA COLLEGE                          ,CA,94061-1099,Public       ,229,250,479,229,250,479
00697500,LINCOLN UNIVERSITY                      ,CA,94612-2801,Private      ,3,11,14,3,11,14
00701200,SAMUEL MERRITT COLLEGE                  ,CA,94609-3108,Private      ,149,999,1148,149,999,1148
00704700,LOS ANGELES SOUTHWEST COLLEGE           ,CA,90047-4810,Public       ,594,1043,1637,594,1043,1637
00705000,BAY VISTA COLLEGE OF BEAUTY             ,CA,91950-3616,Proprietary  ,6,3,9,6,3,9
00711500,MOORPARK COLLEGE                        ,CA,93021-1695,Public       ,1074,503,1577,1074,503,1577
00713000,NEWBERRY SCHOOLS OF BEAUTY              ,CA,91344-7404,Proprietary  ,9,8,17,9,8,17
00714200,LYLE'S COLLEGE OF BEAUTY                ,CA,93710-3948,Proprietary  ,16,3,19,16,3,19
00714201,LYLE'S CLG OF BTY BAKERSFIELD           ,CA,93301-0000,Proprietary  ,26,17,43,26,17,43
00716400,BRYAN COLLEGE                           ,CA,90057-0000,Proprietary  ,27,72,99,27,72,99
00717801,WESTERN SEMINARY - BAY AREA CENTER      ,CA,95032-0000,Private      ,0,5,5,0,5,5
00717804,WESTERN SEMINARY - SACRAMENTO           ,CA,95821-3939,Private      ,5,22,27,5,22,27
00718700,NORTH ADRIAN'S COLLEGE OF BEAUTY        ,CA,95350-2381,Proprietary  ,22,6,28,22,6,28
00719000,WYOTECH                                 ,CA,94539-7663,Proprietary  ,167,206,373,167,206,373
00720300,SALON SUCCESS ACADEMY                   ,CA,91786-4060,Proprietary  ,10,7,17,10,7,17
00720400,MODERN BEAUTY ACADEMY                   ,CA,93030-7016,Proprietary  ,3,2,5,3,2,5
00722900,WESTERN BEAUTY INSTITUTE                ,CA,91402-3104,Proprietary  ,11,53,64,11,53,64
00723400,HEALD COLLEGE                           ,CA,94105-2206,Proprietary  ,60,93,153,60,93,153
00723600,ART INST OF CALIFORNIA-LOS ANGELES      ,CA,90405-3035,Proprietary  ,3001,1852,4853,3001,1852,4853
00724500,SAN JOSE BEAUTY COLLEGE                 ,CA,95126-0000,Proprietary  ,0,1,1,0,1,1
00725300,FEDERICO BEAUTY INSTITUTE               ,CA,95834-1905,Proprietary  ,51,29,80,51,29,80
00729600,COLEMAN COLLEGE                         ,CA,92123-0000,Private      ,49,136,185,49,136,185
00746501,AMERICAN ACADEMY OF DRAMATIC ARTS - HOLL,CA,90028-7504,Private      ,115,32,147,115,32,147
00747600,MARINELLO SCHOOLS OF BEAUTY             ,CA,90023-2666,Proprietary  ,6,6,12,6,6,12
00747602,MARINELLO SCHOOLS OF BEAUTY - SPA ACADEM,CA,90048-5101,Proprietary  ,7,9,16,7,9,16
00747603,MARINELLO SCHOOLS OF BEAUTY - INGLEWOOD ,CA,90301-2306,Proprietary  ,5,5,10,5,5,10
00747604,MARINELLO SCHOOLS OF BEAUTY - RESEDA    ,CA,91335-4218,Proprietary  ,3,1,4,3,1,4
00747605,MARINELLO SCHOOLS OF BEAUTY - NORTH HOLL,CA,91606-3210,Proprietary  ,8,2,10,8,2,10
00747606,MARINELLO SCHOOLS OF BEAUTY - WEST COVIN,CA,91790-2805,Proprietary  ,7,1,8,7,1,8
00747607,MARINELLO SCHOOLS OF BEAUTY - SAN BERNAR,CA,92410-3261,Proprietary  ,20,3,23,20,3,23
00747608,MARINELLO SCHOOLS OF BEAUTY - ONTARIO   ,CA,91762-2113,Proprietary  ,17,8,25,17,8,25
00747609,MARINELLO SCHOOLS OF BEAUTY - WHITTIER  ,CA,90601-4107,Proprietary  ,19,1,20,19,1,20
00747611,MARINELLO SCHOOLS OF BEAUTY - SAN DIEGO ,CA,92126-4217,Proprietary  ,16,7,23,16,7,23
00747700,"HEALD COLLEGE,SCHOOLS OF BUS & TECH     ",CA,95670-6005,Proprietary  ,109,251,360,109,251,360
00753100,ACADEMY OF ART UNIVERSITY               ,CA,94105-3410,Proprietary  ,2696,2823,5519,2696,2823,5519
00753600,COSUMNES RIVER COLLEGE                  ,CA,95823-5799,Public       ,2075,1306,3381,2075,1306,3381
00754802,WESTWOOD COLLEGE OF TECHNOLOGY          ,CA,92801-0000,Proprietary  ,384,182,566,384,182,566
00754803,WESTWOOD COLLEGE OF TECHNOLOGY          ,CA,91786-0000,Proprietary  ,455,239,694,455,239,694
00760600,EVEREST COLLEGE                         ,CA,90010-2221,Proprietary  ,31,50,81,31,50,81
00760700,CONCORDE CAREER INSTITUTE               ,CA,91606-3134,Proprietary  ,60,138,198,60,138,198
00770700,COLUMBIA COLLEGE                        ,CA,95370-8580,Public       ,420,275,695,420,275,695
00771300,SKYLINE COLLEGE                         ,CA,94066-1698,Public       ,808,405,1213,808,405,1213
00793000,CONCORDE CAREER INSTITUTE               ,CA,92108-0000,Proprietary  ,45,136,181,45,136,181
00799300,CALIF STATE UNIV BAKERSFIELD            ,CA,93311-1022,Public       ,3965,2451,6416,3965,2451,6416
00807100,CONCORDE CAREER INSTITUTE               ,CA,92840-9201,Proprietary  ,56,170,226,56,170,226
00807300,BUTTE COMMUNITY COLLEGE                 ,CA,95965-0000,Public       ,2204,1593,3797,2204,1593,3797
00809000,EVEREST COLLEGE                         ,CA,91803-1310,Proprietary  ,45,52,97,45,52,97
00809300,HEALD COLLEGE                           ,CA,93704-1706,Proprietary  ,436,344,780,436,344,780
00853200,HEALD COLLEGE                           ,CA,94545-2352,Proprietary  ,115,169,284,115,169,284
00853700,CONCORDE CAREER INSTITUTE               ,CA,92401-0000,Proprietary  ,110,271,381,110,271,381
00859600,WEST LOS ANGELES COLLEGE                ,CA,90230-3500,Public       ,712,1039,1751,712,1039,1751
00859700,FEATHER RIVER COLLEGE                   ,CA,95971-9124,Public       ,236,85,321,236,85,321
00884400,CALIFORNIA CHRISTIAN COLLEGE            ,CA,93703-3599,Private      ,24,11,35,24,11,35
00884600,WRIGHT INSTITUTE                        ,CA,94704-0000,Private      ,1,139,140,1,139,140
00890300,COLLEGE OF THE CANYONS                  ,CA,91355-1899,Public       ,1058,518,1576,1058,518,1576
00891800,SADDLEBACK COLLEGE                      ,CA,92692-3699,Public       ,898,646,1544,898,646,1544
00902200,ASSOCIATED TECHNICAL COLLEGE            ,CA,90017-0000,Proprietary  ,7,22,29,7,22,29
00903200,EMPIRE COLLEGE                          ,CA,95403-2122,Proprietary  ,42,73,115,42,73,115
00915800,DON BOSCO TECHNICAL INSTITUTE           ,CA,91770-4299,Private      ,4,2,6,4,2,6
00927200,CRAFTON HILLS COLLEGE                   ,CA,92399-1799,Public       ,820,480,1300,820,480,1300
00932500,ABRAM FRIEDMAN OCCUP CTR                ,CA,90015-3507,Public       ,6,8,14,6,8,14
00950900,SKILLS & BUSINESS EDUCATION CENTER      ,CA,95824-1529,Public       ,30,97,127,30,97,127
00974800,WESTERN CAREER COLLEGE                  ,CA,95826-3203,Proprietary  ,418,1072,1490,418,1072,1490
00974802,WESTERN CAREER COLLEGE - PLEASANT HILL C,CA,94523-1984,Proprietary  ,37,71,108,37,71,108
00974805,WESTERN CAREER COLLEGE - FREMONT        ,CA,94538-3115,Proprietary  ,53,181,234,53,181,234
00974806,WESTERN CAREER COLLEGE -  ANTIOCH/WALNUT,CA,94531-1604,Proprietary  ,18,18,36,18,18,36
00998900,SANTA BARBARA BUSINESS COLLEGE          ,CA,93111-0000,Proprietary  ,60,128,188,60,128,188
01011100,CERRO-COSO COMMUNITY COLLEGE            ,CA,93555-9571,Public       ,148,278,426,148,278,426
01014225,TOURO CLG OSEOPATHIC MEDICINE           ,CA,94592-1115,Private      ,20,396,416,20,396,416
01014900,PEPPERDINE UNIVERSITY                   ,CA,90263-0000,Private      ,4881,2771,7652,4881,2771,7652
01033300,JESUIT SCHOOL OF THEOLOGY - BERKELEY    ,CA,94709-1193,Private      ,0,50,50,0,50,50
01034000,LOS MEDANOS COLLEGE                     ,CA,94565-5197,Public       ,616,576,1192,616,576,1192
01036500,CHARLES R DREW UNIV OF MED & SCI        ,CA,90059-0000,Private      ,32,230,262,32,230,262
01036800,MENNONITE BRETHREN BIBLICAL SEM         ,CA,93727-0000,Private      ,2,22,24,2,22,24
01037500,HARBOR OCCUPATIONAL CENTER              ,CA,90731-0000,Public       ,17,15,32,17,15,32
01039500,UNIVERSITY OF SAN DIEGO                 ,CA,92110-2492,Private      ,9279,1798,11077,9279,1798,11077
01039501,UNIVERSITY OF SAN DIEGO - SCHOOL OF LAW ,CA,92110-2492,Private      ,52,2188,2240,52,2188,2240
01044100,PARDEE RAND GRADUATE SCHOOL             ,CA,90407-2138,Private      ,0,10,10,0,10,10
01047400,MARYMOUNT COLLEGE OF PALOS VERDES       ,CA,90275-0000,Private      ,435,30,465,435,30,465
01057900,WEST VALLEY OCCUPATIONAL CTR            ,CA,91367-0000,Public       ,42,19,61,42,19,61
01083100,NEW COLLEGE OF CALIFORNIA               ,CA,94102-0000,Private      ,55,520,575,55,520,575
01083200,WESTERN STATE UNIV COLLEGE OF LAW       ,CA,92831-3014,Proprietary  ,7,677,684,7,677,684
01085400,THOMAS JEFFERSON SCHOOL OF LAW          ,CA,92110-0000,Private      ,4,880,884,4,880,884
01102400,EVEREST COLLEGE                         ,CA,94103-2091,Proprietary  ,30,54,84,30,54,84
01110700,EVEREST  COLLEGE                        ,CA,92801-5231,Proprietary  ,62,48,110,62,48,110
01110900,EVEREST COLLEGE                         ,CA,91335-4631,Proprietary  ,57,45,102,57,45,102
01111200,FIDM-FASHION INSTITUTE OF DESIGN        ,CA,90015-1421,Proprietary  ,3064,734,3798,3064,734,3798
01111700,ALLIANT INTERNATIONAL UNIVERSITY        ,CA,92131-1799,Private      ,28,1015,1043,28,1015,1043
01111705,ALLIANT INTERNATIONAL UNIVERSITY - LOS A,CA,91803-1360,Private      ,5,350,355,5,350,355
01111706,ALLIANT INTERNATIONAL UNIVERSITY - SAN F,CA,94133-1221,Private      ,1,298,299,1,298,299
01111707,ALLIANT INTERNATIONAL UNIVERSITY - FRESN,CA,93727-2014,Private      ,13,189,202,13,189,202
01112100,EVEREST COLLEGE                         ,CA,94541-4007,Proprietary  ,17,21,38,17,21,38
01112300,EVEREST COLLEGE                         ,CA,90247-4163,Proprietary  ,27,55,82,27,55,82
01146000,NATIONAL UNIVERSITY                     ,CA,92037-1011,Private      ,124,3367,3491,124,3367,3491
01162600,PRACTICAL SCHOOLS                       ,CA,92805-0000,Proprietary  ,172,238,410,172,238,410
01164900,LOYOLA MARYMOUNT UNIVERSITY             ,CA,90045-0000,Private      ,7679,1325,9004,7679,1325,9004
01164901,LOYOLA MARYMOUNT UNIVERSITY - LOYOLA LAW,CA,90015-0019,Private      ,18,2540,2558,18,2540,2558
01167200,MENDOCINO COMMUNITY COLLEGE             ,CA,95482-3000,Public       ,405,264,669,405,264,669
01169600,NATIONAL POLYTECHNIC COLLEGE OF SCIENCE ,CA,90744-6399,Private      ,25,85,110,25,85,110
01170700,NORTH-WEST COLLEGE                      ,CA,91790-2097,Proprietary  ,28,75,103,28,75,103
01179200,FRANCISCAN SCHOOL OF THEOLOGY           ,CA,94709-0000,Private      ,0,9,9,0,9,9
01182000,SAN DIEGO MIRAMAR COLLEGE               ,CA,92126-0000,Public       ,989,836,1825,989,836,1825
01186500,CALIFORNIA HAIR DESIGN ACADEMY          ,CA,92115-0000,Proprietary  ,13,6,19,13,6,19
01202600,JE BOUTIQUE COLLEGE OF BEAUTY           ,CA,92021-6247,Proprietary  ,8,4,12,8,4,12
01202700,GALEN COLLEGE OF CALIFORNIA             ,CA,93728-2381,Proprietary  ,21,10,31,21,10,31
01203100,SAN DIEGO CHRISTIAN COLLEGE             ,CA,92019-1157,Private      ,352,95,447,352,95,447
01206100,EVEREST COLLEGE                         ,CA,95128-3908,Proprietary  ,25,26,51,25,26,51
01215400,CALIFORNIA INSTITUTE OF INTEGRAL STUDIES,CA,94103-2557,Private      ,8,453,461,8,453,461
01231600,MANCHESTER BEAUTY COLLEGE               ,CA,93726-5306,Proprietary  ,33,15,48,33,15,48
01231700,TULARE BEAUTY COLLEGE                   ,CA,93274-3432,Proprietary  ,3,10,13,3,10,13
01244600,UNIVERSAL COLLEGE OF BEAUTY             ,CA,90044-0044,Proprietary  ,14,7,21,14,7,21
01245200,EVERGREEN VALLEY COLLEGE                ,CA,95135-1598,Public       ,1399,833,2232,1399,833,2232
01255000,LOS ANGELES MISSION COLLEGE             ,CA,91342-3200,Public       ,939,867,1806,939,867,1806
01265000,MARINELLO SCHOOL OF BEAUTY              ,CA,91502-2828,Proprietary  ,14,9,23,14,9,23
01265100,MARINELLO SCHOOL OF BEAUTY              ,CA,91748-1674,Proprietary  ,0,2,2,0,2,2
01284200,OXNARD COLLEGE                          ,CA,93030-0000,Public       ,705,555,1260,705,555,1260
01287200,NORTH-WEST COLLEGE                      ,CA,91768-3199,Proprietary  ,27,72,99,27,72,99
01287300,WYOTECH                                 ,CA,90810-3800,Proprietary  ,66,116,182,66,116,182
01290700,LAKE TAHOE COMMUNITY COLLEGE            ,CA,96150-4524,Public       ,136,76,212,136,76,212
01291100,MARINELLO SCHOOL OF BEAUTY              ,CA,92646-2552,Proprietary  ,8,4,12,8,4,12
01291200,MTI COLLEGE                             ,CA,95841-0000,Proprietary  ,175,439,614,175,439,614
01294200,ROSEMEAD BEAUTY SCHOOL                  ,CA,91770-1639,Proprietary  ,4,3,7,4,3,7
01298400,PROFESSIONAL INSTITUTE OF BEAUTY        ,CA,91731-2613,Proprietary  ,0,2,2,0,2,2
01298500,HAIR CALIFORNIA BEAUTY ACADEMY          ,CA,92867-7127,Proprietary  ,6,3,9,6,3,9
01298900,OCEANSIDE COLLEGE OF BEAUTY             ,CA,92054-5393,Proprietary  ,12,11,23,12,11,23
01301000,LANCASTER BEAUTY SCHOOL                 ,CA,93534-3098,Proprietary  ,9,4,13,9,4,13
01307400,AMERICAN BEAUTY COLLEGE                 ,CA,90706-5417,Proprietary  ,4,6,10,4,6,10
01309500,SALON SUCCESS ACADEMY                   ,CA,92879-6561,Proprietary  ,16,7,23,16,7,23
01310300,CALIFORNIA WESTERN SCHOOL OF LAW        ,CA,92101-0000,Private      ,4,1224,1228,4,1224,1228
01323300,SIMI VALLEY ADULT SCHOOL/CAREER INS     ,CA,93065-3940,Public       ,5,16,21,5,16,21
01324000,LYTLE'S REDWOOD EMPIRE BEAUTY CLG       ,CA,95403-0000,Proprietary  ,22,20,42,22,20,42
02054900,MARINELLO SCHOOL OF BEAUTY              ,CA,92630-0000,Proprietary  ,1,0,1,1,0,1
02057700,ALMADEN BEAUTY COLLEGE                  ,CA,95123-0000,Proprietary  ,0,1,1,0,1,1
02059800,PARIS BEAUTY COLLEGE                    ,CA,94520-2611,Proprietary  ,11,7,18,11,7,18
02063500,COASTLINE COMMUNITY COLLEGE             ,CA,92708-0000,Public       ,329,653,982,329,653,982
02064300,SIERRA COLLEGE OF BEAUTY                ,CA,95340-0000,Proprietary  ,14,10,24,14,10,24
02065500,BROOKS COLLEGE                          ,CA,90804-3289,Proprietary  ,336,135,471,336,135,471
02065501,BROOKS COLLEGE - SUNNYVALE              ,CA,94086-5303,Proprietary  ,96,82,178,96,82,178
02065700,CALIFORNIA BEAUTY COLLEGE               ,CA,95354-0000,Proprietary  ,25,14,39,25,14,39
02070500,CONCORDIA UNIVERSITY                    ,CA,92612-0000,Private      ,1037,293,1330,1037,293,1330
02075800,SOUTHERN CA INST OF ARCHITECTURE        ,CA,90013-0000,Private      ,73,359,432,73,359,432
02086400,MARINELLO SCHOOL OF BEAUTY              ,CA,95050-0000,Proprietary  ,0,4,4,0,4,4
02091200,ELEGANCE INTERNATIONAL                  ,CA,90028-0000,Proprietary  ,19,9,28,19,9,28
02091700,KAPLAN COLLEGE                          ,CA,92123-1509,Proprietary  ,193,301,494,193,301,494
02096100,FIELDING INSTITUTE                      ,CA,93105-0000,Private      ,0,252,252,0,252,252
02099200,AMERICAN CONSERVATORY THEATER           ,CA,94108-0000,Private      ,7,128,135,7,128,135
02110200,COLUMBIA COLLEGE                        ,CA,91356-0000,Private      ,126,62,188,126,62,188
02110800,CALIFORNIA COLLEGE SAN DIEGO            ,CA,92108-3821,Proprietary  ,68,27,95,68,27,95
02111300,CUYAMACA COLLEGE                        ,CA,92019-0000,Public       ,847,680,1527,847,680,1527
02113601,AMERICAN INTERCONTINENTAL UNIV - LOS ANG,CA,90066-7008,Proprietary  ,331,379,710,331,379,710
02119100,MISSION COLLEGE                         ,CA,95054-1897,Public       ,743,867,1610,743,867,1610
02120600,SAYBROOK GRADUATE SCHOOL                ,CA,94111-1920,Private      ,0,102,102,0,102,102
02120700,SAN JOAQUIN VALLEY COLLEGE              ,CA,93291-0000,Proprietary  ,898,1272,2170,898,1272,2170
02120900,ITT TECHNICAL INSTITUTE                 ,CA,95670-6034,Proprietary  ,203,259,462,203,259,462
02125000,CAREER ACADEMY OF BEAUTY                ,CA,92845-0000,Proprietary  ,3,2,5,3,2,5
02128200,"VICTOR VALLEY BEAUTY COLLEGE, INC       ",CA,92392-0000,Proprietary  ,17,13,30,17,13,30
02128300,INSTITUTE FOR BUSINESS & TECHNOLOGY     ,CA,95050-0000,Proprietary  ,25,103,128,25,103,128
02128301,INSTITUTE FOR BUSINESS & TECHNOLOGY     ,CA,95610-0000,Proprietary  ,8,37,45,8,37,45
02138300,PALO ALTO UNIVERSITY                    ,CA,94304-1337,Private      ,3,238,241,3,238,241
02147400,CLEVELAND CHIROPRACTIC COLLEGE          ,CA,90004-0000,Private      ,15,104,119,15,104,119
02161800,MUSICIANS INSTITUTE                     ,CA,90028-6157,Proprietary  ,410,292,702,410,292,702
02167800,ESTES INSTITUTE OF COSMETOLOGY          ,CA,93291-0000,Proprietary  ,36,12,48,36,12,48
02174600,MARINELLO SCHOOL OF BEAUTY              ,CA,90201-0000,Proprietary  ,4,2,6,4,2,6
02180600,BRIDGES  ACADEMY OF BEAUTY              ,CA,92311-2327,Proprietary  ,2,1,3,2,1,3
02184900,PALMER COLLEGE OF CHIROPRACTIC WEST     ,CA,95134-0000,Private      ,7,214,221,7,214,221
02185800,MOLER BARBER COLLEGE                    ,CA,94611-0000,Proprietary  ,3,3,6,3,3,6
02187500,"HEALD COLLEGE, SCH OF BUS & TECH        ",CA,94520-0000,Proprietary  ,115,223,338,115,223,338
02188400,SIERRA VALLEY COLLEGE OF COURT REPORTING,CA,93726-0000,Proprietary  ,27,41,68,27,41,68
02208600,MADERA BEAUTY COLLEGE                   ,CA,93637-3519,Proprietary  ,8,1,9,8,1,9
02211000,HAIRMASTERS UNIVERSITY OF BEAUTY        ,CA,92405-0000,Proprietary  ,18,4,22,18,4,22
02220000,COLLEEN O'HARA BEAUTY ACADEMY           ,CA,92701-0000,Proprietary  ,1,1,2,1,1,2
02220200,CALIFORNIA CULINARY ACADEMY             ,CA,94102-3336,Proprietary  ,497,318,815,497,318,815
02221300,MARINELLO SCHOOL OF BEAUTY              ,CA,92553-0000,Proprietary  ,12,7,19,12,7,19
02222000,AMERICAN FILM INSTITUTE                 ,CA,90027-0000,Private      ,44,209,253,44,209,253
02226000,EAST LOS ANGELES COLLEGE                ,CA,91754-0000,Public       ,3505,2031,5536,3505,2031,5536
02228500,LIFE CHIROPRACTIC COLLEGE-WEST          ,CA,94545-0000,Private      ,4,117,121,4,117,121
02230900,FREDRICK & CHARLES BEAUTY COLLEGE       ,CA,95501-0000,Proprietary  ,16,5,21,16,5,21
02231900,GEMOLOGICAL INSTITUTE OF AMERICA        ,CA,92008-4698,Private      ,21,66,87,21,66,87
02234300,FASHION CAREERS OF CALIFORNIA           ,CA,92110-0000,Proprietary  ,55,53,108,55,53,108
02236400,"THANH LE COLG, SCH OF COSMETOLOGY       ",CA,92840-0000,Proprietary  ,1,0,1,1,0,1
02237200,PHILLIPS GRADUATE INSTITUTE             ,CA,91316-0000,Private      ,2,107,109,2,107,109
02241600,SAN DIEGO CONTINUING EDUCATION          ,CA,92113-0000,Public       ,18,62,80,18,62,80
02241800,AMERICAN CAREER COLLEGE                 ,CA,90004-0000,Proprietary  ,292,696,988,292,696,988
02242700,BERKELEY CITY COLLEGE                   ,CA,94704-0000,Public       ,390,500,890,390,500,890
02255400,INTERNATIONAL SCHOOL OF COSMETOLOGY     ,CA,90250-0000,Proprietary  ,1,3,4,1,3,4
02255600,MARINELLO SCHOOL OF BEAUTY              ,CA,90723-0000,Proprietary  ,5,13,18,5,13,18
02258600,ALAMEDA BEAUTY COLLEGE                  ,CA,94501-0000,Proprietary  ,14,8,22,14,8,22
02262400,YESHIVA OHR ELCHONON CHABAD             ,CA,90046-0000,Private      ,24,2,26,24,2,26
02267600,INSTITUTE OF TRANSPERSONAL PSYCHLGY     ,CA,94303-4624,Private      ,4,117,121,4,117,121
02270600,LIFE PACIFIC COLLEGE                    ,CA,91773-0000,Private      ,146,57,203,146,57,203
02276800,WESTMINSTER SEMINARY CALIFORNIA         ,CA,92027-0000,Private      ,4,81,85,4,81,85
02277400,SOUTH COAST COLLEGE                     ,CA,92868-2616,Proprietary  ,30,117,147,30,117,147
02282300,ALHAMBRA BEAUTY COLLEGE                 ,CA,91802-0000,Proprietary  ,3,1,4,3,1,4
02285100,HILLTOP BEAUTY SCHOOL                   ,CA,94014-0000,Proprietary  ,2,1,3,2,1,3
02291500,ITT TECHNICAL INSTITUTE                 ,CA,91773-0000,Proprietary  ,310,365,675,310,365,675
02291600,ITT TECHNICAL INSTITUTE                 ,CA,92123-0000,Proprietary  ,248,428,676,248,428,676
02298000,DESIGN INSTITUTE OF SAN DIEGO           ,CA,92121-0000,Proprietary  ,79,84,163,79,84,163
02304300,"PLATT COLLEGE, SAN DIEGO                ",CA,92115-0000,Proprietary  ,71,68,139,71,68,139
02306300,KAPLAN COLLEGE                          ,CA,95368-0000,Proprietary  ,93,147,240,93,147,240
02306302,KAPLAN COLLEGE - FRESNO                 ,CA,93612-3802,Proprietary  ,99,116,215,99,116,215
02309500,CLOVIS ADULT EDUC                       ,CA,93611-0000,Public       ,24,21,45,24,21,45
02312400,LA COLLEGE INTERNATIONAL                ,CA,90010-0000,Proprietary  ,32,57,89,32,57,89
02321800,ITT TECHNICAL INSTITUTE                 ,CA,91342-3664,Proprietary  ,243,278,521,243,278,521
02321900,ITT TECHNICAL INSTITUTE                 ,CA,92801-0000,Proprietary  ,180,178,358,180,178,358
02327600,ART INST OF CALIFORNIA-SAN DIEGO        ,CA,92108-4401,Proprietary  ,1228,745,1973,1228,745,1973
02330500,LAGUNA COLLEGE OF ART AND DESIGN        ,CA,92651-0000,Private      ,164,45,209,164,45,209
02332800,CENTER FOR EMPLOYMENT TRAINING          ,CA,95110-0000,Private      ,6,20,26,6,20,26
02338500,GLENDALE CAREER COLLEGE                 ,CA,91201-0000,Proprietary  ,28,82,110,28,82,110
02338700,MARINELLO SCHOOL OF BEAUTY              ,CA,94103-0000,Proprietary  ,14,21,35,14,21,35
02342400,ACADEMY OF RADIO BROADCASTING           ,CA,92647-3809,Proprietary  ,6,6,12,6,6,12
02343400,"BELLUS ACADEMY, THE ACADEMY OF BEAUTY AN",CA,92064-4633,Proprietary  ,6,13,19,6,13,19
02345800,MONTEBELLO BEAUTY COLLEGE               ,CA,90640-0000,Proprietary  ,4,0,4,4,0,4
02351900,KAPLAN COLLEGE                          ,CA,95660-5512,Proprietary  ,39,52,91,39,52,91
02351901,KAPLAN COLLEGE - BAKERSFIELD            ,CA,93304-0000,Proprietary  ,69,98,167,69,98,167
02358000,THOMAS AQUINAS COLLEGE                  ,CA,93060-9622,Private      ,283,18,301,283,18,301
02359300,SHASTA BIBLE COLLEGE                    ,CA,96002-0000,Private      ,25,12,37,25,12,37
02482700,WESTERN UNIVERSITY OF HEALTH S          ,CA,91766-1854,Private      ,36,2310,2346,36,2310,2346
02494800,LOLA BEAUTY COLLEGE                     ,CA,92641-0000,Proprietary  ,2,0,2,2,0,2
02497300,TRINITY COLLEGE                         ,CA,93277-0000,Proprietary  ,25,77,102,25,77,102
02500000,SAN JOAQUIN COLLEGE OF LAW              ,CA,93612-0000,Private      ,6,96,102,6,96,102
02518400,THE NATIONAL HISPANIC UNIVERSITY        ,CA,95127-0000,Private      ,119,82,201,119,82,201
02519800,AVANCE BEAUTY COLLEGE                   ,CA,92154-0000,Proprietary  ,10,2,12,10,2,12
02520200,CALIFORNIA CAREER SCHOOLS               ,CA,92805-0000,Proprietary  ,3,2,5,3,2,5
02520300,INTERIOR DESIGNERS INSTITUTE            ,CA,92660-0000,Proprietary  ,19,13,32,19,13,32
02537200,PALOMAR INSTITUTE OF COSMETOLOGY        ,CA,92069-0000,Proprietary  ,27,28,55,27,28,55
02539100,KAPLAN COLLEGE                          ,CA,91606-3231,Proprietary  ,109,303,412,109,303,412
02539500,IRVINE VALLEY COLLEGE                   ,CA,92620-0000,Public       ,821,477,1298,821,477,1298
02542300,NATIONAL HOLISTIC INSTITUTE             ,CA,94608-0000,Proprietary  ,31,85,116,31,85,116
02543400,BROWNSON TECHNICAL SCHOOL               ,CA,92805-0000,Proprietary  ,4,1,5,4,1,5
02545900,HYPNOSIS MOTIVATION INSTITUTE           ,CA,91356-0000,Private      ,0,4,4,0,4,4
02546400,MTI BUSINESS COLLEGE INC                ,CA,95207-0000,Proprietary  ,11,10,21,11,10,21
02549000,KAPLAN COLLEGE                          ,CA,92083-7736,Proprietary  ,110,205,315,110,205,315
02549005,KAPLAN COLLEGE -  PALM SPRINGS          ,CA,92262-7011,Proprietary  ,34,58,92,34,58,92
02553500,ASSOCIATED TECHNICAL COLLEGE            ,CA,92101-0000,Proprietary  ,5,8,13,5,8,13
02553600,DIVERSIFIED LANGUAGE INSTITUTE          ,CA,90017-0000,Proprietary  ,0,37,37,0,37,37
02559300,UNITED EDUCATION INSTITUTE              ,CA,90020-0000,Proprietary  ,55,155,210,55,155,210
02559400,INTERCOAST COLLEGES                     ,CA,92868-1656,Proprietary  ,1,5,6,1,5,6
02565400,KAPLAN COLLEGE                          ,CA,95207-6216,Proprietary  ,81,109,190,81,109,190
02570300,LOS ANGELES ORT TECHNICAL INSTITUTE     ,CA,90048-0000,Private      ,20,83,103,20,83,103
02577900,SANTA BARBARA BUSINESS COLLEGE          ,CA,93309-1664,Proprietary  ,68,128,196,68,128,196
02578000,SANTA BARBARA BUSINESS COLLEGE          ,CA,93454-6943,Proprietary  ,17,46,63,17,46,63
02584200,NEWBRIDGE COLLEGE                       ,CA,92701-0000,Proprietary  ,12,41,53,12,41,53
02591600,NORTH-WEST COLLEGE                      ,CA,91101-1744,Proprietary  ,2,14,16,2,14,16
02593100,HEALD COLLEGE                           ,CA,95678-5303,Proprietary  ,131,272,403,131,272,403
02593200,HEALD COLLEGE                           ,CA,95035-8008,Proprietary  ,109,241,350,109,241,350
02593300,HEALD COLLEGE                           ,CA,95210-5667,Proprietary  ,172,225,397,172,225,397
02595600,ASIAN AMERICAN INTERNATIONAL BTY CG     ,CA,92683-4043,Proprietary  ,1,0,1,1,0,1
02597300,SOUTH BAYLO UNIVERSITY                  ,CA,92801-1701,Private      ,2,15,17,2,15,17
02602300,CENTRAL COAST COLLEGE                   ,CA,93901-3301,Proprietary  ,21,25,46,21,25,46
02608900,PINNACLE COLLEGE                        ,CA,91803-8842,Proprietary  ,15,11,26,15,11,26
02609000,EMPERORS COLG OF TRAD ORIENTAL MED      ,CA,90403-5609,Proprietary  ,1,31,32,1,31,32
02612800,LOS ANGELES RECORDING SCHOOL            ,CA,90028-3112,Proprietary  ,164,197,361,164,197,361
02619300,SAMRA UNIV OF ORIENTAL MEDICINE         ,CA,90015-1019,Private      ,1,19,20,1,19,20
02620300,PLATT COLLEGE                           ,CA,92647-3017,Proprietary  ,31,42,73,31,42,73
03010611,VIRGINIA COLLEGE - GOLF ACADEMY OF AMERI,CA,92008-6512,Proprietary  ,24,24,48,24,24,48
03011300,"CALIF STATE UNIV, SAN MARCOS            ",CA,92096-0001,Public       ,4928,2010,6938,4928,2010,6938
03019900,ADELANTE CAREER INSTITUTE               ,CA,91402-4924,Proprietary  ,0,1,1,0,1,1
03025600,DELL'ARTE SCH OF PHYSICAL THEATRE       ,CA,95525-0816,Private      ,1,17,18,1,17,18
03027700,PACIFIC COLLEGE OF ORIENTAL MED         ,CA,92108-4408,Proprietary  ,8,91,99,8,91,99
03029600,POMONA ADULT SCHOOL                     ,CA,91766-0000,Public       ,7,10,17,7,10,17
03031409,INTERNATIONAL ACADEMY OF DESIGN AND TECH,CA,95834-9664,Proprietary  ,27,12,39,27,12,39
03034000,HEALD COLLEGE                           ,CA,93906-5100,Proprietary  ,149,146,295,149,146,295
03035700,LAS POSITAS COLLEGE                     ,CA,94551-6750,Public       ,537,283,820,537,283,820
03039900,FREMONT COLLEGE                         ,CA,90703-5342,Proprietary  ,49,24,73,49,24,73
03043900,NEWSCHOOL OF ARCHITECTURE & DESIGN      ,CA,92101-6634,Proprietary  ,130,150,280,130,150,280
03044500,KAPLAN COLLEGE                          ,CA,91402-4222,Proprietary  ,15,54,69,15,54,69
03054100,ROYALE COLLEGE OF BEAUTY                ,CA,92590-2525,Proprietary  ,7,5,12,7,5,12
03062300,WESTECH COLLEGE                         ,CA,91764-4988,Proprietary  ,9,8,17,9,8,17
03062400,MT DIABLO ADULT EDUC LOMA VISTA CTR     ,CA,94518-1122,Public       ,11,14,25,11,14,25
03062700,PLATT COLLEGE                           ,CA,90041-0000,Proprietary  ,109,121,230,109,121,230
03062701,PLATT COLLEGE                           ,CA,91764-0000,Proprietary  ,121,113,234,121,113,234
03063400,MODERN TECHNOLOGY SCHOOL                ,CA,92708-9821,Proprietary  ,8,53,61,8,53,61
03067400,BALDWIN PARK ADULT SCHOOL               ,CA,91706-4897,Public       ,10,3,13,10,3,13
03067500,INSTITUTE OF TECHNOLOGY                 ,CA,93612-3217,Proprietary  ,115,171,286,115,171,286
03069500,SAGE COLLEGE                            ,CA,92557-6720,Proprietary  ,22,82,104,22,82,104
03070400,ITT TECHNICAL INSTITUTE                 ,CA,92408-3519,Proprietary  ,305,322,627,305,322,627
03072300,EVEREST COLLEGE                         ,CA,91761-3222,Proprietary  ,73,80,153,73,80,153
03072700,WESTWOOD COLLEGE - LOS ANGELES          ,CA,90010-1577,Proprietary  ,452,328,780,452,328,780
03074900,MARTINEZ ADULT CENTER                   ,CA,94553-3298,Public       ,0,5,5,0,5,5
03078200,AMERICAN CLG TRADITIONAL CHINESE MD     ,CA,94107-2813,Private      ,2,55,57,2,55,57
03084700,VENTURA ADULT\CONTINUING EDUCATION      ,CA,93003-7313,Public       ,5,16,21,5,16,21
03087400,ITT TECHNICAL INSTITUTE                 ,CA,90502-1356,Proprietary  ,157,193,350,157,193,350
03094400,ELITE PROGRESSIVE SCHOOL OF COSM        ,CA,95841-2909,Proprietary  ,104,95,199,104,95,199
03097700,CENTRAL CALIF SCH CONTINUING EDUC       ,CA,93401-6739,Proprietary  ,9,32,41,9,32,41
03098200,YO SAN UNIV TRADITIONAL CHINESE MED     ,CA,90066-1103,Private      ,3,32,35,3,32,35
03105700,MONTEREY PARK COLLEGE                   ,CA,91754-2416,Proprietary  ,8,4,12,8,4,12
03108100,SUMMIT CAREER COLLEGE                   ,CA,92324-3956,Proprietary  ,99,274,373,99,274,373
03109500,DONGGUK ROYAL UNIVERSITY                ,CA,90020-1765,Private      ,0,10,10,0,10,10
03113100,MARIC COLLEGE                           ,CA,92630-0000,Proprietary  ,0,1,1,0,1,1
03113102,MARIC COLLEGE - CARSON                  ,CA,90746-3228,Proprietary  ,8,5,13,8,5,13
03113103,MARIC COLLEGE - RIVERSIDE               ,CA,92507-4223,Proprietary  ,30,40,70,30,40,70
03113105,MARIC COLLEGE - POMONA                  ,CA,91768-2643,Proprietary  ,14,6,20,14,6,20
03113300,MCED CAREER COLLEGE                     ,CA,93727-1620,Proprietary  ,17,56,73,17,56,73
03113600,SOUTHERN CALIFORNIA INST OF TECHNOL     ,CA,92805-3758,Proprietary  ,21,172,193,21,172,193
03115400,LYLE'S FRESNO COLLEGE OF BEAUTY         ,CA,93710-0000,Proprietary  ,24,8,32,24,8,32
03116600,EAST SAN GABRIEL VLY REG OCCUP PROG     ,CA,91790-2105,Public       ,1,4,5,1,4,5
03123000,SONOMA COLLEGE                          ,CA,94954-7464,Proprietary  ,24,33,57,24,33,57
03125300,JOHN WESLEY INTER. BARBER & BTY CLG     ,CA,90813-4321,Proprietary  ,4,5,9,4,5,9
03125400,ART INSTITUTE OF CALIFORNIA-HOLLYWOOD (T,CA,90010-1014,Proprietary  ,349,242,591,349,242,591
03125800,PREMIERE CAREER COLLEGE                 ,CA,91706-3746,Proprietary  ,0,8,8,0,8,8
03126800,PACIFICA GRADUATE INSTITUTE             ,CA,93013-0000,Proprietary  ,1,233,234,1,233,234
03128700,MT SIERRA COLLEGE                       ,CA,91016-3414,Proprietary  ,120,126,246,120,126,246
03131300,FIVE BRANCHES UNIVERSITY                ,CA,95062-4669,Private      ,9,80,89,9,80,89
03138400,AMERICAN COLLEGE OF MEDICAL TECH        ,CA,90248-1611,Proprietary  ,7,9,16,7,9,16
03144400,AMERICAN CLG OF HEALTH PROFESSIONS      ,CA,92374-0000,Proprietary  ,6,3,9,6,3,9
03150500,VIRGINIA SEWING MACHINES & SCH CTR      ,CA,90015-3535,Proprietary  ,1,0,1,1,0,1
03162300,FOUR-D SUCCESS ACADEMY                  ,CA,92324-4218,Proprietary  ,19,132,151,19,132,151
03163300,PACIFIC STATES UNIVERSITY               ,CA,90006-4298,Private      ,5,5,10,5,5,10
03195400,EVEREST COLLEGE                         ,CA,90501-2867,Proprietary  ,5,3,8,5,3,8
03210300,CALIFORNIA SCHOOL OF CULINARY ARTS      ,CA,91101-5221,Proprietary  ,564,277,841,564,277,841
03225300,AMERICAN UNIVERSITY OF HEALTH SCIENCES  ,CA,90755-3612,Proprietary  ,18,8,26,18,8,26
03242300,CAREER NETWORK INSTITUTE                ,CA,92868-4710,Proprietary  ,9,11,20,9,11,20
03250300,COMMUNITY BASED EDUCATION AND DEVEL     ,CA,90036-1137,Private      ,2,4,6,2,4,6
03260300,CALIFORNIA STATE U-MONTEREY BAY         ,CA,93955-8001,Public       ,3238,844,4082,3238,844,4082
03266300,BETHESDA CHRISTIAN UNIVERSITY           ,CA,92801-4132,Private      ,3,3,6,3,3,6
03278300,CLARITA CAREER COLLEGE                  ,CA,91351-5432,Proprietary  ,6,5,11,6,5,11
03288300,ACAD CHINESE CULTURE & HEALTH SCIS      ,CA,94512-0000,Private      ,3,25,28,3,25,28
03299300,PACIFIC COLLEGE                         ,CA,92626-3160,Proprietary  ,13,31,44,13,31,44
03308300,KENSINGTON COLLEGE                      ,CA,92705-8708,Proprietary  ,0,3,3,0,3,3
03321300,SCRIPPS RESEARCH INSTITUTE (THE)        ,CA,92037-0000,Private      ,2,21,23,2,21,23
03327400,ACUPUNCTURE AND INTEGRATIVE MEDICINE COL,CA,94704-2724,Private      ,3,47,50,3,47,50
03332300,SOUTHERN CA BIBLE CLG & SEMINARY        ,CA,92019-1109,Private      ,3,55,58,3,55,58
03359300,ST. FRANCIS CAREER COLLEGE              ,CA,90262-2659,Private      ,38,142,180,38,142,180
03367300,PROFESSIONAL GOLFERS CAREER COLLEGE     ,CA,92591-6013,Proprietary  ,39,46,85,39,46,85
03392300,CHASE COLLEGE                           ,CA,90010-2501,Proprietary  ,4,2,6,4,2,6
03394300,REMINGTON COLLEGE - SAN DIEGO CAMPUS    ,CA,92108-3002,Proprietary  ,33,55,88,33,55,88
03395300,INTERNATIONAL CAREER DEVELOPMENT        ,CA,90027-5794,Proprietary  ,52,169,221,52,169,221
03399300,NORTHWESTERN TECHNICAL COLLEGE          ,CA,95670-4443,Proprietary  ,14,89,103,14,89,103
03403300,TRINITY LIFE BIBLE COLLEGE              ,CA,95842-3546,Private      ,28,90,118,28,90,118
03413400,ENGLISH CENTER  (THE)                   ,CA,94607-3734,Private      ,11,32,43,11,32,43
03427400,CAREER COLLEGES OF AMERICA              ,CA,90280-7420,Proprietary  ,39,331,370,39,331,370
03427500,ANTELOPE VALLEY MEDICAL COLLEGE         ,CA,93534-3324,Proprietary  ,19,30,49,19,30,49
03440400,MARIAN HEALTH CAREERS CENTER            ,CA,90010-1728,Proprietary  ,5,12,17,5,12,17
03441400,VALLEY CAREER COLLEGE                   ,CA,92020-3057,Proprietary  ,26,53,79,26,53,79
03455900,VALLECITOS CENTER FOR EMPLOYMENT TR     ,CA,94541-5027,Private      ,0,1,1,0,1,1
03458300,MY LE'S BEAUTY COLLEGE                  ,CA,95824-3039,Proprietary  ,19,7,26,19,7,26
03467300,MARINELLO SCHOOL OF BEAUTY              ,CA,92545-3661,Proprietary  ,8,1,9,8,1,9
03467301,CALIFORNIA BEAUTY COLLEGE - DESERT HOT S,CA,92240-1307,Proprietary  ,2,0,2,2,0,2
03474700,OPPORTUNITIES INDUSTRIALIZATION CEN     ,CA,94025-1413,Private      ,0,1,1,0,1,1
03479300,PROFESSIONAL CAREER INSTITUTE           ,CA,90703-2522,Proprietary  ,25,9,34,25,9,34
03479400,DONALD VOCATIONAL SCHOOL                ,CA,90010-1718,Proprietary  ,1,0,1,1,0,1
03485400,JAMES ALBERT SCHOOL OF COSMETOLOGY      ,CA,92627-3831,Proprietary  ,11,6,17,11,6,17
03485401,JAMES ALBERT SCHOOL OF COSMETOLOGY - ANA,CA,92804-5384,Proprietary  ,4,1,5,4,1,5
03516300,THE KING'S COLLEGE AND SEMINARY         ,CA,91405-2233,Private      ,9,52,61,9,52,61
03532400,ADVANCED TRAINING ASSOCIATES            ,CA,92020-1236,Proprietary  ,1,1,2,1,1,2
03542400,COPPER MOUNTAIN COLLEGE                 ,CA,92252-6102,Public       ,143,286,429,143,286,429
03550300,OCCUPATIONAL TRAINING SERVICES          ,CA,92123-1539,Private      ,6,6,12,6,6,12
03577300,COBA ACADEMY                            ,CA,92866-1407,Proprietary  ,10,1,11,10,1,11
03590400,NTMA TRAINING CENTERS OF SOUTHERN C     ,CA,90650-6099,Private      ,5,14,19,5,14,19
03592400,IRELL & MANELLA GRADUATE SCHOOL OF BIOLO,CA,91010-0000,Private      ,1,5,6,1,5,6
03598300,AVALON BEAUTY COLLEGE                   ,CA,93103-3137,Proprietary  ,6,0,6,6,0,6
03602400,INSTITUTE OF NETWORK TECHNOLOGY         ,CA,90755-2274,Proprietary  ,0,2,2,0,2,2
03614300,UNITED BEAUTY COLLEGE                   ,CA,91733-0000,Proprietary  ,2,3,5,2,3,5
03615300,COMMUNITY BUSINESS COLLEGE              ,CA,95356-1569,Proprietary  ,9,9,18,9,9,18
03621300,LIBERTY TRAINING INSTITUTE              ,CA,90057-3202,Proprietary  ,1,0,1,1,0,1
03636300,HEARTWOOD INSTITUTE                     ,CA,95542-9446,Proprietary  ,0,2,2,0,2,2
03639300,WEST COAST ULTRASOUND INSTITUTE         ,CA,90211-3312,Proprietary  ,12,31,43,12,31,43
03646300,DESIGN'S SCHOOL OF COSMETOLOGY          ,CA,93446-1471,Proprietary  ,6,8,14,6,8,14
03681300,CALIFORNIA HEALING ARTS COLLEGE         ,CA,90025-2589,Proprietary  ,8,17,25,8,17,25
03695300,COMMUNITY ENHANCEMENT SERVICES          ,CA,91205-2395,Private      ,1,1,2,1,1,2
03695700,SANTIAGO CANYON COLLEGE                 ,CA,92869-4512,Public       ,647,236,883,647,236,883
03696300,UNIVERSITY OF THE WEST                  ,CA,91770-3709,Private      ,0,8,8,0,8,8
03698300,WEST COAST UNIVERSITY                   ,CA,90004-0000,Proprietary  ,19,173,192,19,173,192
03698400,CA COLLEGE OF VOCATIONAL CAREER         ,CA,93301-1800,Proprietary  ,18,24,42,18,24,42
03722300,AMERICAN MEDICAL SCIENCES CENTER        ,CA,91601-3718,Proprietary  ,0,3,3,0,3,3
03736300,ADVANCE BEAUTY COLLEGE                  ,CA,92843-4752,Proprietary  ,1,5,6,1,5,6
03740400,ATI COLLEGE                             ,CA,90650-0000,Proprietary  ,4,1,5,4,1,5
03755300,GATES COLLEGE                           ,CA,90278-0000,Proprietary  ,2,2,4,2,2,4
03759300,COMPUTER TUTOR BUSINESS & TECH INST     ,CA,95356-0000,Proprietary  ,7,4,11,7,4,11
03786300,ADVANCED COLLEGE                        ,CA,90280-5255,Proprietary  ,2,2,4,2,2,4
03797400,CAREER CARE INSTITUTE                   ,CA,93534-4766,Proprietary  ,10,23,33,10,23,33
03806300,LAKE COLLEGE                            ,CA,96002-0926,Proprietary  ,12,25,37,12,25,37
03810300,SILICON VALLEY UNIVERSITY               ,CA,95131-1868,Private      ,4,14,18,4,14,18
03814400,SOKA UNIVERSITY OF AMERICA              ,CA,92656-8081,Private      ,231,15,246,231,15,246
03838400,WALTER JAY M.D. INSTITUTE AN EDUCATIONAL,CA,90057-0000,Proprietary  ,1,4,5,1,4,5
03852500,CIT COLLEGE OF INFOMEDICAL TECHNOLOGY   ,CA,92831-3703,Proprietary  ,8,34,42,8,34,42
03853300,KECK GRADUATE INSTITUTE OF APPLIED LIFE ,CA,91711-4817,Private      ,0,40,40,0,40,40
03853400,LADERA CAREER PATHS TRAINING CENTERS    ,CA,90045-1931,Proprietary  ,1,1,2,1,1,2
03868300,WORLD MISSION UNIVERSITY                ,CA,90020-1789,Private      ,4,14,18,4,14,18
03868400,LOS ANGELES MUSIC ACADEMY               ,CA,91105-2540,Proprietary  ,18,9,27,18,9,27
03871300,FOLSOM LAKE COLLEGE                     ,CA,95630-6798,Public       ,527,507,1034,527,507,1034
03874300,CAMBRIDGE CAREER COLLEGE                ,CA,95993-0000,Proprietary  ,9,5,14,9,5,14
03874400,COMMMUNITY CHRISTIAN COLLEGE            ,CA,92373-4465,Private      ,12,11,23,12,11,23
03889300,STANBRIDGE COLLEGE                      ,CA,92612-0000,Proprietary  ,5,8,13,5,8,13
03901300,PACIFIC COAST TRADE SCHOOL              ,CA,93033-2441,Proprietary  ,1,5,6,1,5,6
03904300,QUALITY COLLEGE OF CULINARY CAREERS     ,CA,93727-1615,Proprietary  ,24,16,40,24,16,40
03910400,NATIONAL POLYTECHNIC COLLEGE            ,CA,90040-3066,Proprietary  ,1,3,4,1,3,4
03933300,MUELLER COLLEGE OF HOLISTIC STUDIES     ,CA,92116-2630,Proprietary  ,5,23,28,5,23,28
03962300,AMERICAN INSTITUTE OF MASSAGE THERAPY   ,CA,92705-5463,Proprietary  ,2,7,9,2,7,9
03964400,INTERNATIONAL SCHOOL OF BEAUTY          ,CA,92260-2740,Proprietary  ,11,2,13,11,2,13
03969600,AMERICAN AUTO INSTITUTE                 ,CA,90703-2637,Proprietary  ,9,4,13,9,4,13
03971300,AMERICAN CAREER COLLEGE                 ,CA,91764-4906,Proprietary  ,33,66,99,33,66,99
03973300,EX'PRESSION COLLEGE FOR DIGITAL ARTS    ,CA,94608-1021,Proprietary  ,171,114,285,171,114,285
03974500,CALIFORNIA CAREER COLLEGE               ,CA,91303-2006,Proprietary  ,5,8,13,5,8,13
03976400,CALIFORNIA INSTITUTE OF THE HEALING ARTS,CA,95825-8551,Proprietary  ,5,10,15,5,10,15
03980300,CALIFORNIA STATE UNIVERSITY CHANNEL ISLA,CA,93012-8599,Public       ,774,314,1088,774,314,1088
03995300,UNIVERSITY OF EAST-WEST MEDICINE        ,CA,94087-6106,Proprietary  ,5,11,16,5,11,16
03999300,BEAUMONT ADULT SCHOOL                   ,CA,92223-1927,Public       ,4,18,22,4,18,22
04001300,PALACE BEAUTY COLLEGE                   ,CA,90006-4233,Proprietary  ,12,8,20,12,8,20
04001400,MOJAVE BARBER COLLEGE                   ,CA,92395-3201,Proprietary  ,1,7,8,1,7,8
04003300,CSI CAREER COLLEGE                      ,CA,95687-3100,Proprietary  ,14,13,27,14,13,27
04004300,THUY PRINCESS BEAUTY COLLEGE            ,CA,91766-0000,Proprietary  ,2,3,5,2,3,5
04005300,INTERAMERICAN COLLEGE                   ,CA,91950-4437,Private      ,3,11,14,3,11,14
04014400,PALLADIUM TECHNICAL ACADEMY             ,CA,91731-2429,Proprietary  ,0,1,1,0,1,1
04037300,LOS ANGELES FILM SCHOOL (THE)           ,CA,90028-7300,Proprietary  ,152,156,308,152,156,308
04049300,MAXINE WATERS EMPLOYMENT PREPARATION CEN,CA,90059-1023,Public       ,8,12,20,8,12,20
04056300,CAREER COLLEGE OF CALIFORNIA            ,CA,92705-5805,Proprietary  ,0,2,2,0,2,2
04057300,TECHSKILLS OF SACRAMENTO                ,CA,95815-4025,Proprietary  ,29,8,37,29,8,37
04076400,GNOMON SCHOOL OF VISUAL EFFECTS         ,CA,90038-2616,Proprietary  ,3,21,24,3,21,24
04092400,MAKE-UP DESIGNORY                       ,CA,91502-1322,Proprietary  ,21,8,29,21,8,29
04109300,ACADEMY OF BARBERING ARTS (THE)         ,CA,91324-3406,Proprietary  ,4,1,5,4,1,5
04114500,VALLEY COLLEGE OF MEDICAL CAREERS       ,CA,91304-2354,Proprietary  ,1,8,9,1,8,9
04116000,VIDEO SYMPHONY ENTERTRAINING            ,CA,91502-3253,Proprietary  ,8,39,47,8,39,47
00184600,BRIAR CLIFF UNIVERSITY                  ,IA,51104-2100,Private      ,861,160,1021,861,160,1021
00184700,BUENA VISTA UNIVERSITY                  ,IA,50588-9987,Private      ,1042,473,1515,1042,473,1515
00184800,SOUTHEASTERN COMMUNITY COLLEGE          ,IA,52655-0000,Public       ,316,340,656,316,340,656
00185000,CENTRAL COLLEGE                         ,IA,50219-1999,Private      ,1508,26,1534,1508,26,1534
00185200,CLARKE COLLEGE                          ,IA,52001-3198,Private      ,613,182,795,613,182,795
00185400,COE COLLEGE                             ,IA,52402-5092,Private      ,1382,88,1470,1382,88,1470
00185500,DES MOINES UNIV-OSTEOPATHIC MED CTR     ,IA,50312-0000,Private      ,9,617,626,9,617,626
00185600,CORNELL COLLEGE                         ,IA,52314-1098,Private      ,1432,45,1477,1432,45,1477
00185700,SOUTHWESTERN COMMUNITY COLLEGE          ,IA,50801-1098,Public       ,245,129,374,245,129,374
00185800,DIVINE WORD COLLEGE                     ,IA,52045-0380,Private      ,5,0,5,5,0,5
00185900,DORDT COLLEGE                           ,IA,51250-1697,Private      ,885,30,915,885,30,915
00186000,DRAKE UNIVERSITY                        ,IA,50311-4505,Private      ,3334,1237,4571,3334,1237,4571
00186200,ELLSWORTH COMMUNITY COLLEGE             ,IA,50126-1199,Public       ,254,54,308,254,54,308
00186400,IOWA LAKES COMMUNITY COLLEGE            ,IA,51334-2234,Public       ,545,211,756,545,211,756
00186500,IOWA CENTRAL COMMUNITY COLLEGE          ,IA,50501-0000,Public       ,1050,369,1419,1050,369,1419
00186600,GRACELAND UNIVERSITY                    ,IA,50140-1699,Private      ,414,265,679,414,265,679
00186700,GRAND VIEW UNIVERSITY                   ,IA,50316-1599,Private      ,617,329,946,617,329,946
00186800,GRINNELL COLLEGE                        ,IA,50112-1690,Private      ,1818,27,1845,1818,27,1845
00186900,IOWA STATE UNIV SCIENCE & TECHNOLOG     ,IA,50011-2028,Public       ,13895,2786,16681,13895,2786,16681
00187100,IOWA WESLEYAN COLLEGE                   ,IA,52641-1398,Private      ,274,129,403,274,129,403
00187300,LORAS COLLEGE                           ,IA,52004-0178,Private      ,1160,57,1217,1160,57,1217
00187400,LUTHER COLLEGE                          ,IA,52101-1045,Private      ,2192,45,2237,2192,45,2237
00187500,MARSHALLTOWN COMMUNITY COLLEGE          ,IA,50158-4760,Public       ,267,146,413,267,146,413
00187700,NORTH IOWA AREA COMMUNITY COLLEGE       ,IA,50401-7299,Public       ,689,247,936,689,247,936
00187900,MORNINGSIDE COLLEGE                     ,IA,51106-1751,Private      ,1172,148,1320,1172,148,1320
00188000,MOUNT MERCY COLLEGE                     ,IA,52402-4797,Private      ,744,353,1097,744,353,1097
00188100,ASHFORD UNIVERSITY                      ,IA,52732-3997,Proprietary  ,222,1879,2101,222,1879,2101
00188300,NORTHWESTERN COLLEGE                    ,IA,51041-1996,Private      ,1022,26,1048,1022,26,1048
00188700,SIMPSON COLLEGE                         ,IA,50125-1297,Private      ,1481,160,1641,1481,160,1641
00188900,ST AMBROSE UNIVERSITY                   ,IA,52803-2898,Private      ,1542,453,1995,1542,453,1995
00189000,UNIVERSITY OF NORTHERN IOWA             ,IA,50614-0705,Public       ,6050,1001,7051,6050,1001,7051
00189100,UNIVERSITY OF DUBUQUE                   ,IA,52001-5099,Private      ,788,156,944,788,156,944
00189200,UNIVERSITY OF IOWA                      ,IA,52242-1316,Public       ,10918,4433,15351,10918,4433,15351
00189300,UPPER IOWA UNIVERSITY                   ,IA,52142-9206,Private      ,616,912,1528,616,912,1528
00189400,VENNARD COLLEGE                         ,IA,52595-0029,Private      ,23,2,25,23,2,25
00189500,WALDORF COLLEGE                         ,IA,50436-1700,Private      ,334,18,352,334,18,352
00189600,WARTBURG COLLEGE                        ,IA,50677-2200,Private      ,1939,32,1971,1939,32,1971
00189700,WARTBURG THEOLOGICAL SEMINARY           ,IA,52004-5004,Private      ,2,38,40,2,38,40
00190000,WILLIAM PENN UNIVERSITY                 ,IA,52577-1799,Private      ,425,362,787,425,362,787
00396300,AIB COLLEGE OF BUSINESS                 ,IA,50321-1799,Private      ,373,191,564,373,191,564
00407500,ESTRN IOWA COMMUNITY COLLEGE DIST       ,IA,52801-1221,Public       ,14,23,37,14,23,37
00407501,CLINTON COMMUNITY COLLEGE               ,IA,52732-0000,Public       ,103,127,230,103,127,230
00407502,MUSCATINE COMMUNITY COLLEGE             ,IA,52761-0000,Public       ,159,105,264,159,105,264
00407503,SCOTT COMMUNITY COLLEGE                 ,IA,52722-0000,Public       ,261,512,773,261,512,773
00407600,KIRKWOOD COMMUNITY COLLEGE              ,IA,52406-2068,Public       ,2356,1325,3681,2356,1325,3681
00423300,MERCY/ST. LUKE'S SCH RAD TECH           ,IA,52402-0000,Private      ,10,4,14,10,4,14
00458600,KAPLAN UNIVERSITY                       ,IA,52807-2095,Proprietary  ,281,7039,7320,281,7039,7320
00458604,KAPLAN UNIVERSITY - CEDAR RAPIDS        ,IA,52404-2998,Proprietary  ,59,222,281,59,222,281
00458605,KAPLAN UNIVERSITY - DES MOINES          ,IA,50323-5702,Proprietary  ,59,208,267,59,208,267
00458606,KAPLAN UNIVERSITY - MASON CITY          ,IA,50401-4665,Proprietary  ,22,86,108,22,86,108
00458607,KAPLAN UNIVERSITY - CEDAR FALLS         ,IA,50613-6309,Proprietary  ,37,184,221,37,184,221
00458610,KAPLAN UNIVERSITY - COUNCIL BLUFFS      ,IA,51503-5289,Proprietary  ,13,79,92,13,79,92
00458700,NORTHEAST IOWA COMMUNITY COLLEGE        ,IA,52132-0400,Public       ,253,181,434,253,181,434
00458701,NORTHEAST IOWA COMMUNITY COLLEGE        ,IA,52068-0000,Public       ,313,223,536,313,223,536
00459500,HAWKEYE COMMUNITY COLLEGE               ,IA,50701-0000,Public       ,997,498,1495,997,498,1495
00459800,IOWA WESTERN CMTY CLG-COUNCIL BLUFF     ,IA,51502-0000,Public       ,672,486,1158,672,486,1158
00460000,NORTHWEST IOWA COMMUNITY COLLEGE        ,IA,51201-1046,Public       ,216,75,291,216,75,291
00626700,IOWA METHODIST MEDICAL CENTER SCHOOLS   ,IA,50309-1499,Private      ,3,18,21,3,18,21
00627300,MERCY COLLEGE OF HEALTH SCIENCES        ,IA,50309-1239,Private      ,165,180,345,165,180,345
00712000,DES MOINES AREA CMTY COLLEGE            ,IA,50021-0000,Public       ,1849,1917,3766,1849,1917,3766
00712100,FAITH BAPTIST BIBLE CLG & THEOL SEM     ,IA,50021-0000,Private      ,130,12,142,130,12,142
00729100,ST LUKE'S COLLEGE                       ,IA,51104-0263,Private      ,73,38,111,73,38,111
00731600,WESTERN IOWA TECH COMMUNITY COLLEGE     ,IA,51106-0000,Public       ,386,484,870,386,484,870
00758800,CAPRI COLLEGE                           ,IA,52004-0873,Proprietary  ,26,13,39,26,13,39
00761100,EQ SCHOOL OF HAIR DESIGN                ,IA,51503-0813,Proprietary  ,3,1,4,3,1,4
00765600,AMERICAN COLLEGE OF HARISTYLING -CR     ,IA,52402-0000,Proprietary  ,0,2,2,0,2,2
00765800,AMER COLL OF HAIRSTYLING-DES MOINES     ,IA,50309-5446,Proprietary  ,2,6,8,2,6,8
00765900,LA JAMES COLLEGE OF HAIRSTYLING         ,IA,50401-3308,Proprietary  ,18,7,25,18,7,25
00771700,CAPRI COLLEGE                           ,IA,52807-2622,Proprietary  ,12,7,19,12,7,19
00794100,COLLEGE OF HAIR DESIGN                  ,IA,50703-1834,Proprietary  ,4,5,9,4,5,9
00811600,DAYTON'S SCHOOL OF HAIR DESIGN          ,IA,52601-0000,Proprietary  ,1,2,3,1,2,3
00826000,IOWA SCHOOL OF BEAUTY INC               ,IA,50322-0000,Proprietary  ,4,7,11,4,7,11
00840300,INDIAN HILLS COMMUNITY COLLEGE          ,IA,52501-1398,Public       ,614,395,1009,614,395,1009
00840301,INDIAN HILLS COMMUNITY COLLEGE          ,IA,52544-0000,Public       ,81,52,133,81,52,133
00842400,LA JAMES INTERNATIONAL COLLEGE          ,IA,50501-5577,Proprietary  ,15,9,24,15,9,24
00959300,LA'JAMES COLLEGE OF HAIRSTYLING         ,IA,52240-0000,Proprietary  ,16,10,26,16,10,26
01111300,MAHARISHI UNIV OF MANAGEMENT            ,IA,52557-0001,Private      ,51,51,102,51,51,102
01206400,HAMILTON TECHNICAL COLLEGE              ,IA,52807-2653,Proprietary  ,12,38,50,12,38,50
01230000,PALMER COLLEGE OF CHIROPRACTIC          ,IA,52803-5287,Private      ,46,1769,1815,46,1769,1815
01300600,LA' JAMES INTERNATIONAL COLLEGE-CF      ,IA,50613-5242,Proprietary  ,20,7,27,20,7,27
02090300,CAPRI COLLEGE                           ,IA,52404-0000,Proprietary  ,16,7,23,16,7,23
02134500,LA JAMES INTERNATIONAL COLLEGE - DAV    ,IA,52806-3952,Proprietary  ,5,8,13,5,8,13
02160900,"SALON PROFESSIONAL ACADEMY, THE         ",IA,50010-0000,Proprietary  ,31,9,40,31,9,40
02262500,FAUST INSTITUTE OF COSMETOLOGY          ,IA,50588-0000,Proprietary  ,7,1,8,7,1,8
02274100,LA' JAMES INTERNATIONAL COLLEGE - DM    ,IA,50131-0000,Proprietary  ,32,15,47,32,15,47
02289000,AMERICAN HAIR ACADEMY                   ,IA,52627-4530,Proprietary  ,2,5,7,2,5,7
02306900,IOWA SCHOOL OF BEAUTY                   ,IA,52501-0000,Proprietary  ,5,9,14,5,9,14
02328900,EMMAUS BIBLE COLLEGE                    ,IA,52001-0000,Private      ,72,12,84,72,12,84
02330900,IOWA SCHOOL OF BEAUTY                   ,IA,50158-0000,Proprietary  ,2,2,4,2,2,4
02333200,DAYTON'S SCHOOL OF HAIR DESIGN          ,IA,52632-0000,Proprietary  ,1,0,1,1,0,1
02572500,DAVENPORT BARBER STYLING COLLEGE        ,IA,52807-0000,Proprietary  ,0,3,3,0,3,3
02609200,VATTEROTT COLLEGE                       ,IA,50321-4704,Proprietary  ,21,37,58,21,37,58
03069100,ALLEN COLLEGE                           ,IA,50703-1916,Private      ,197,101,298,197,101,298
03441300,IOWA SCHOOL OF BEAUTY                   ,IA,51106-5111,Proprietary  ,4,11,15,4,11,15
00259600,ATLANTIC COMMUNITY COLLEGE              ,NJ,08330-2699,Public       ,630,571,1201,630,571,1201
00259700,BLOOMFIELD COLLEGE                      ,NJ,07003-3425,Private      ,1258,476,1734,1258,476,1734
00259800,CALDWELL COLLEGE                        ,NJ,07006-6195,Private      ,745,204,949,745,204,949
00259900,CENTENARY COLLEGE                       ,NJ,07840-2184,Private      ,755,202,957,755,202,957
00260000,COLLEGE OF SAINT ELIZABETH              ,NJ,07960-6989,Private      ,329,122,451,329,122,451
00260100,CUMBERLAND COUNTY COLLEGE               ,NJ,08362-0517,Public       ,340,316,656,340,316,656
00260300,DREW UNIVERSITY                         ,NJ,07940-4063,Private      ,2086,201,2287,2086,201,2287
00260700,FAIRLEIGH DICKINSON UNIV-TEANECK        ,NJ,07666-1996,Private      ,1638,794,2432,1638,794,2432
00260701,FAIRLEIGH DICKINSON UNIV-FLORHAM        ,NJ,07940-0000,Private      ,1695,257,1952,1695,257,1952
00260702,FAIRLEIGH DICKINSON UNIV-ED WMS CLG     ,NJ,07601-0000,Private      ,57,20,77,57,20,77
00260703,FAIRLEIGH DICKINSON UNIVERSITY          ,NJ,07940-0000,Private      ,859,219,1078,859,219,1078
00260800,GEORGIAN COURT UNIVERSITY               ,NJ,08701-2697,Private      ,522,405,927,522,405,927
00260900,ROWAN UNIVERSITY                        ,NJ,08028-1702,Public       ,6382,971,7353,6382,971,7353
00261000,FELICIAN COLLEGE                        ,NJ,07644-2198,Private      ,652,150,802,652,150,802
00261300,NEW JERSEY CITY UNIVERSITY              ,NJ,07305-1597,Public       ,1529,968,2497,1529,968,2497
00261500,MIDDLESEX COUNTY COLLEGE                ,NJ,08818-3050,Public       ,1230,625,1855,1230,625,1855
00261600,MONMOUTH UNIVERSITY                     ,NJ,07764-1898,Private      ,4045,623,4668,4045,623,4668
00261700,MONTCLAIR STATE UNIVERSITY              ,NJ,07043-9987,Public       ,7478,1732,9210,7478,1732,9210
00261900,NEW BRUNSWICK THEOLOGICAL SEMINARY      ,NJ,08901-0000,Private      ,4,21,25,4,21,25
00262100,NEW JERSEY INST OF TECHNOLOGY           ,NJ,07102-1982,Public       ,2122,458,2580,2122,458,2580
00262200,KEAN UNIVERSITY                         ,NJ,07083-7131,Public       ,4392,1947,6339,4392,1947,6339
00262400,OCEAN COUNTY COLLEGE                    ,NJ,08754-2001,Public       ,945,419,1364,945,419,1364
00262500,WILLIAM PATERSON UNIVERSITY             ,NJ,07470-2152,Public       ,3966,854,4820,3966,854,4820
00262600,PRINCETON THEOLOGICAL SEMINARY          ,NJ,08542-0000,Private      ,3,221,224,3,221,224
00262700,PRINCETON UNIVERSITY                    ,NJ,08544-0001,Private      ,7286,814,8100,7286,814,8100
00262800,RIDER UNIVERSITY                        ,NJ,08648-3099,Private      ,4069,536,4605,4069,536,4605
00262900,"RUTGERS, THE STATE UNIVERSITY OF NJ     ",NJ,08901-1281,Public       ,22514,8013,30527,22514,8013,30527
00263200,SETON HALL UNIVERSITY                   ,NJ,07079-2697,Private      ,4125,948,5073,4125,948,5073
00263201,SETON HALL UNIVERSITY - SCHOOL OF LAW   ,NJ,07079-5210,Private      ,97,1134,1231,97,1134,1231
00263800,ST PETER'S COLLEGE                      ,NJ,07306-5997,Private      ,1791,241,2032,1791,241,2032
00263900,STEVENS INSTITUTE OF TECHNOLOGY         ,NJ,07030-5370,Private      ,1792,99,1891,1792,99,1891
00264200,COLLEGE OF NEW JERSEY (THE)             ,NJ,08628-0718,Public       ,6080,352,6432,6080,352,6432
00264300,UNION COUNTY COLLEGE                    ,NJ,07016-1598,Public       ,663,761,1424,663,761,1424
00473600,BERGEN COMMUNITY COLLEGE                ,NJ,07652-1595,Public       ,1166,538,1704,1166,538,1704
00474000,MERCER COUNTY COMMUNITY COLLEGE         ,NJ,08690-0000,Public       ,526,670,1196,526,670,1196
00539900,MONMOUTH COUNTY VOCATIONAL SCH DIST     ,NJ,07728-5033,Public       ,16,3,19,16,3,19
00545200,TETERBORO SCH OF AERONAUTICS            ,NJ,07608-1083,Proprietary  ,7,3,10,7,3,10
00546000,SOMERSET COUNTY TECHNICAL INSTITUTE     ,NJ,08807-0350,Public       ,1,17,18,1,17,18
00546100,SALEM COMMUNITY COLLEGE                 ,NJ,08069-2799,Public       ,85,81,166,85,81,166
00641000,C E GREGORY SCHOOL OF NURSING           ,NJ,08857-0000,Private      ,8,8,16,8,8,16
00641700,HOLY NAME HOSPITAL SCH OF NURSING       ,NJ,07666-4254,Private      ,32,31,63,32,31,63
00642000,MOUNTAINSIDE HOSP SCH NRSG              ,NJ,07042-4898,Proprietary  ,16,26,42,16,26,42
00642100,MUHLENBERG SNYDER SCHOOLS               ,NJ,07061-3399,Private      ,37,89,126,37,89,126
00642900,ST FRANCIS MEDICAL CTR SCH NURSING      ,NJ,08629-1986,Private      ,8,17,25,8,17,25
00642902,ST FRANCIS MED CTR RAD TECH             ,NJ,08629-0000,Private      ,0,1,1,0,1,1
00686500,CAMDEN COUNTY COLLEGE                   ,NJ,08012-3240,Public       ,1197,1108,2305,1197,1108,2305
00690100,GLOUCESTER COUNTY COLLEGE               ,NJ,08080-4249,Public       ,653,373,1026,653,373,1026
00710700,ESSEX COUNTY COLLEGE                    ,NJ,07102-1798,Public       ,849,1262,2111,849,1262,2111
00750200,BERKELEY COLLEGE                        ,NJ,07424-3367,Proprietary  ,424,289,713,424,289,713
00750201,BERKELEY COLLEGE                        ,NJ,07095-0000,Proprietary  ,169,96,265,169,96,265
00750202,BERKELEY COLLEGE - PARAMUS              ,NJ,07652-2931,Proprietary  ,135,77,212,135,77,212
00750600,LINCOLN TECHNICAL INSTITUTE             ,NJ,07083-5032,Proprietary  ,111,32,143,111,32,143
00750601,LINCOLN TECHNICAL INSTITUTE             ,NJ,07430-0000,Proprietary  ,104,55,159,104,55,159
00750700,GIBBS COLLEGE                           ,NJ,07039-1611,Proprietary  ,199,351,550,199,351,550
00750701,KATHARINE GIBBS - PISCATAWAY            ,NJ,08854-0000,Proprietary  ,53,104,157,53,104,157
00759300,PARISIAN BEAUTY ACADEMY                 ,NJ,07601-5509,Proprietary  ,6,4,10,6,4,10
00772900,COUNTY COLLEGE OF MORRIS                ,NJ,07869-0000,Public       ,735,238,973,735,238,973
00773000,BURLINGTON COUNTY COLLEGE               ,NJ,08068-1599,Public       ,771,532,1303,771,532,1303
00773100,RARITAN VALLEY COMMUNITY COLLEGE        ,NJ,08876-1265,Public       ,334,184,518,334,184,518
00794700,BETH MEDRASH GOVOHA OF AMERICA          ,NJ,08701-0000,Private      ,3,4,7,3,4,7
00840400,BROOKDALE COMMUNITY COLLEGE             ,NJ,07738-1597,Public       ,1013,527,1540,1013,527,1540
00844101,ANTHEM INSTITUTE                        ,NJ,08002-0000,Proprietary  ,1,5,6,1,5,6
00849400,HO HO KUS SCHL OF TRADE & TECH SCIENCES ,NJ,07513-1402,Proprietary  ,4,10,14,4,10,14
00860900,RABBINICAL COLLEGE OF AMERICA           ,NJ,07960-3600,Private      ,6,0,6,6,0,6
00907800,CAPRI INSTITUTE OF HAIR DESIGN          ,NJ,07011-2111,Proprietary  ,7,0,7,7,0,7
00934400,RAMAPO COLLEGE OF NEW JERSEY            ,NJ,07430-1680,Public       ,3502,275,3777,3502,275,3777
00934500,RICHARD STOCKTON COLLEGE OF NJ          ,NJ,08240-0195,Public       ,3320,878,4198,3320,878,4198
00999400,PASSAIC COUNTY COMMUNITY COLLEGE        ,NJ,07505-1179,Public       ,331,318,649,331,318,649
01039400,UNIV OF MEDICINE & DENTISTRY OF NJ      ,NJ,07107-0000,Public       ,65,1400,1465,65,1400,1465
01062900,P B COSMETOLOGY EDUCATION CENTRE        ,NJ,08030-1750,Proprietary  ,4,2,6,4,2,6
01085100,ANTHEM INSTITUTE                        ,NJ,07054-3409,Proprietary  ,134,238,372,134,238,372
01085101,ANTHEM INSTITUTE                        ,NJ,07306-0000,Proprietary  ,17,12,29,17,12,29
01085102,ANTHEM INSTITUTE                        ,NJ,08902-0000,Proprietary  ,10,6,16,10,6,16
01090300,RIZZIERI INSTITUTE                      ,NJ,08043-4600,Proprietary  ,16,8,24,16,8,24
01152300,MORRIS COUNTY SCHOOL OF TECHNOLOGY      ,NJ,07834-0000,Public       ,10,4,14,10,4,14
01170800,NATURAL MOTION INST OF HAIR DESIGN      ,NJ,07306-5496,Proprietary  ,2,2,4,2,2,4
01209000,REIGNBOW BEAUTY ACADEMY                 ,NJ,08861-4118,Proprietary  ,2,2,4,2,2,4
01234600,DOVER BUSINESS COLLEGE                  ,NJ,07011-2161,Proprietary  ,7,8,15,7,8,15
01234602,DOVER BUSINESS COLLEGE                  ,NJ,07801-4643,Proprietary  ,7,21,28,7,21,28
01246100,LINCOLN TECHNICAL INSTITUTE             ,NJ,08820-2896,Proprietary  ,57,51,108,57,51,108
01246102,LINCOLN TECHNICAL INSTITUTE             ,NJ,08054-0000,Proprietary  ,16,20,36,16,20,36
01246103,LINCOLN TECHNICAL INSTITUTE             ,NJ,07652-2106,Proprietary  ,50,14,64,50,14,64
01246200,HOHOKUS - HACKENSACK SCHOOL OF BUSINESS ,NJ,07601-7197,Proprietary  ,10,43,53,10,43,53
01295400,HUDSON COUNTY COMMUNITY COLLEGE         ,NJ,07306-4012,Public       ,489,553,1042,489,553,1042
02053700,EASTWICK COLLEGE                        ,NJ,07446-0000,Proprietary  ,13,40,53,13,40,53
02061800,ROMAN ACADEMY OF BEAUTY CULTURE         ,NJ,07506-0000,Proprietary  ,1,1,2,1,1,2
02092300,HOHOKUS SCHOOL - RETS/NUTLEY            ,NJ,07110-0000,Proprietary  ,5,22,27,5,22,27
02103700,CAPRI INSTITUTE OF HAIR DESIGN          ,NJ,07652-0000,Proprietary  ,5,1,6,5,1,6
02104000,HARRIS SCHOOL OF BUSINESS               ,NJ,08002-2983,Proprietary  ,12,92,104,12,92,104
02131100,DU CRET SCHOOL OF THE ARTS              ,NJ,07060-0000,Private      ,3,0,3,3,0,3
02131600,PENNCO TECH                             ,NJ,08012-0000,Proprietary  ,30,46,76,30,46,76
02132300,BERDAN INSTITUTE                        ,NJ,07512-0000,Proprietary  ,2,3,5,2,3,5
02146800,JOE KUBERT SCH OF CARTOON & GRAPHIC     ,NJ,07801-0000,Proprietary  ,21,12,33,21,12,33
02149800,EMPIRE BEAUTY SCHOOL                    ,NJ,08021-0000,Proprietary  ,10,47,57,10,47,57
02149801,EMPIRE BEAUTY SCHOOL - BORDENTOWN       ,NJ,08505-1513,Proprietary  ,2,2,4,2,2,4
02154000,DIVERS ACAD OF EASTERN SEABOARD         ,NJ,08081-1139,Proprietary  ,2,8,10,2,8,10
02183600,CAPRI INSTITUTE OF HAIR DESIGN          ,NJ,07033-0000,Proprietary  ,1,1,2,1,1,2
02186703,HARRISON CAREER INSTITUTE               ,NJ,08096-0000,Proprietary  ,1,2,3,1,2,3
02186708,HARRISON CAREER INSTITUTE               ,NJ,07376-0000,Proprietary  ,0,1,1,0,1,1
02192200,THOMAS EDISON STATE COLLEGE             ,NJ,08608-0000,Public       ,63,695,758,63,695,758
02219600,OMEGA INSTITUTE                         ,NJ,08109-0000,Proprietary  ,8,14,22,8,14,22
02223900,DRAKE COLLEGE OF BUSINESS               ,NJ,07201-0000,Proprietary  ,3,4,7,3,4,7
02232500,UNION COUNTY VOCATIONAL TECH INST       ,NJ,07076-0000,Public       ,13,9,22,13,9,22
02234600,SHORE BEAUTY SCHOOL                     ,NJ,08232-0000,Proprietary  ,1,5,6,1,5,6
02246000,ROSS UNIVERSITY - MEDICAL SCHOOL        ,NJ,08837-0000,Proprietary  ,6,2443,2449,6,2443,2449
02248600,COOPER HEALTH SYS-CTR ALLIED HEALTH     ,NJ,08103-0000,Private      ,6,23,29,6,23,29
02252700,CONCORDE SCHOOL OF HAIR DESIGN          ,NJ,07712-0000,Proprietary  ,4,1,5,4,1,5
02261800,EUROPEAN ACADEMY OF COSMETOLOGY         ,NJ,07083-0000,Proprietary  ,3,4,7,3,4,7
02265500,CAPRI INSTITUTE OF HAIR DESIGN          ,NJ,08724-0000,Proprietary  ,4,1,5,4,1,5
02277900,ROSS UNIV - SCH OF VETERINARY MED       ,NJ,08837-0000,Proprietary  ,1,636,637,1,636,637
02291000,LINCOLN TECHNICAL INSTITUTE             ,NJ,07080-2424,Proprietary  ,3,0,3,3,0,3
02312000,BERGEN COUNTY TECHNICAL SCHOOLS         ,NJ,07601-6110,Public       ,8,3,11,8,3,11
02344200,EMPIRE BEAUTY SCHOOL                    ,NJ,08002-0000,Proprietary  ,11,24,35,11,24,35
02503900,WARREN COUNTY COMMUNITY COLLEGE         ,NJ,07882-0000,Public       ,99,56,155,99,56,155
02523700,OCEAN COUNTY VOCATIONAL-TECH SCHOOL     ,NJ,08753-0000,Public       ,17,15,32,17,15,32
02525900,ARTISTIC ACADEMY OF HAIR DESIGN         ,NJ,07950-1409,Proprietary  ,15,2,17,15,2,17
02528200,REIGNBOW BEAUTY ACADEMY                 ,NJ,07060-0000,Proprietary  ,1,0,1,1,0,1
02539903,STAR TECHNICAL INSTITUTE-EGG HARBOR     ,NJ,08234-0000,Proprietary  ,5,63,68,5,63,68
02558700,PRISM CAREER INSTITUTE                  ,NJ,08037-0000,Proprietary  ,2,4,6,2,4,6
02568800,SUSSEX COUNTY COMMUNITY COLLEGE         ,NJ,07860-1149,Public       ,249,84,333,249,84,333
02586800,HARRISON CAREER INSTITUTE               ,NJ,08360-6210,Proprietary  ,0,4,4,0,4,4
02586801,HARRISON CAREER INSTITUTE               ,NJ,07755-0000,Proprietary  ,1,0,1,1,0,1
02586900,HARRIS SCHOOL OF BUSINESS               ,NJ,08084-1520,Proprietary  ,2,23,25,2,23,25
02586901,STAR TECHNICAL INSTITUTE - LAKEWOOD     ,NJ,08701-0000,Proprietary  ,1,19,20,1,19,20
02615401,STAR TECHNICAL INSTITUTE -              ,NJ,07102-4599,Proprietary  ,5,41,46,5,41,46
02616402,SANFORD-BROWN INSTITUTE - ISELIN        ,NJ,08830-0000,Proprietary  ,51,199,250,51,199,250
03122600,EASTERN INTERNATIONAL COLLEGE           ,NJ,07306-3906,Proprietary  ,5,3,8,5,3,8
03187300,STENOTECH CAREER INSTITUTE              ,NJ,07004-3490,Proprietary  ,3,1,4,3,1,4
03197300,INSTITUTE FOR HEALTH EDUCATION(THE)     ,NJ,07306-2929,Proprietary  ,0,1,1,0,1,1
03324300,CENTRAL CAREER SCHOOL                   ,NJ,07080-2408,Proprietary  ,0,1,1,0,1,1
03389300,ACADEMY OF MASSAGE THERAPY              ,NJ,07631-0000,Proprietary  ,2,1,3,2,1,3
03424500,NEW COMMUNITY WORKFORCE DEVELOPMENT     ,NJ,07103-2402,Private      ,7,127,134,7,127,134
03530300,"KEY SKILLS LEARNING, INC.               ",NJ,07013-1900,Proprietary  ,0,2,2,0,2,2
03536300,INSTITUTE FOR THERAPEUTIC MASSAGE       ,NJ,07420-1452,Proprietary  ,3,12,15,3,12,15
03574400,CORTIVA INSTITUTE - SOMERSET SCHOOL OF M,NJ,08854-3908,Proprietary  ,2,4,6,2,4,6
03629300,HELMA INSTITUTE OF MASSAGE THERAPY      ,NJ,07663-6200,Proprietary  ,3,7,10,3,7,10
03650600,PC AGE                                  ,NJ,07306-3936,Proprietary  ,0,1,1,0,1,1
03650603,PC AGE                                  ,NJ,08817-2842,Proprietary  ,1,2,3,1,2,3
03666300,SOMERSET CHRISTIAN COLLEGE              ,NJ,08890-9035,Private      ,5,13,18,5,13,18
03769300,PC TECH LEARNING CENTER                 ,NJ,07306-9900,Proprietary  ,1,0,1,1,0,1
03803300,HEALTHCARE TRAINING INSTITUTE           ,NJ,07083-3504,Proprietary  ,0,12,12,0,12,12
03811300,EASTERN SCHOOL OF ACUPUNCTURE AND TRADIT,NJ,07042-3562,Proprietary  ,1,6,7,1,6,7
        ,BROOKLYN LAW SCHOOL                     ,NY,11201-0000,Private      ,11,1809,1820,11,1809,1820
00266500,VAUGHN COLLEGE OF AERONAUTICS AND TECHNO,NY,11369-9997,Private      ,193,70,263,193,70,263
00266600,ADELPHI UNIVERSITY                      ,NY,11530-4299,Private      ,4233,1671,5904,4233,1671,5904
00266700,DOWLING COLLEGE                         ,NY,11769-1999,Private      ,1005,440,1445,1005,440,1445
00266800,ALFRED UNIVERSITY                       ,NY,14802-1205,Private      ,2210,255,2465,2210,255,2465
00266900,BANK STREET COLLEGE OF EDUCATION        ,NY,10025-0000,Private      ,3,242,245,3,242,245
00267100,BARD COLLEGE                            ,NY,12504-5000,Private      ,1973,359,2332,1973,359,2332
00267800,BRYANT & STRATTON COLLEGE               ,NY,14203-1713,Proprietary  ,254,1569,1823,254,1569,1823
00267803,BRYANT & STRATTON COLLEGE - GREECE      ,NY,14606-4227,Proprietary  ,42,290,332,42,290,332
00267805,BRYANT & STRATTON COLLEGE - SYRACUSE    ,NY,13203-2502,Proprietary  ,167,563,730,167,563,730
00267807,BRYANT & STRATTON COLLEGE - ALBANY      ,NY,12205-5230,Proprietary  ,38,194,232,38,194,232
00268100,CANISIUS COLLEGE                        ,NY,14208-1098,Private      ,2909,350,3259,2909,350,3259
00268500,CAZENOVIA COLLEGE                       ,NY,13035-1085,Private      ,1318,59,1377,1318,59,1377
00268700,CUNY-BROOKLYN COLLEGE                   ,NY,11210-2814,Public       ,4661,1950,6611,4661,1950,6611
00268800,CITY COLLEGE-CUNY                       ,NY,10031-9198,Public       ,5287,1733,7020,5287,1733,7020
00268900,CUNY-HUNTER COLLEGE                     ,NY,10021-0000,Public       ,9530,3800,13330,9530,3800,13330
00269000,QUEENS COLLEGE-CUNY                     ,NY,11367-1597,Public       ,4342,1313,5655,4342,1313,5655
00269100,CUNY- BOROUGH OF MANHATTAN CMTY CLG     ,NY,10007-1047,Public       ,2621,1812,4433,2621,1812,4433
00269200,CUNY BRONX COMMUNITY COLLEGE            ,NY,10453-3102,Public       ,1178,1079,2257,1178,1079,2257
00269300,CUNY-JOHN JAY CLG CRIMINAL JUSTICE      ,NY,10019-1093,Public       ,3745,1259,5004,3745,1259,5004
00269400,KINGSBOROUGH COMMUNITY COLLEGE          ,NY,11235-2398,Public       ,1598,835,2433,1598,835,2433
00269600,NY CITY COLLEGE OF TECHNOLOGY-CUNY      ,NY,11201-2983,Public       ,2926,1322,4248,2926,1322,4248
00269700,QUEENSBOROUGH COMMUNITY COLLEGE         ,NY,11364-1497,Public       ,1220,482,1702,1220,482,1702
00269800,CUNY THE COLLEGE OF STATEN ISLAND       ,NY,10314-6600,Public       ,3023,1071,4094,3023,1071,4094
00269900,CLARKSON UNIVERSITY                     ,NY,13699-5615,Private      ,2774,105,2879,2774,105,2879
00270000,COLGATE ROCHESTER CROZER DIVINITY S     ,NY,14620-0000,Private      ,3,20,23,3,20,23
00270100,COLGATE UNIVERSITY                      ,NY,13346-1386,Private      ,3095,29,3124,3095,29,3124
00270300,COLLEGE OF MOUNT SAINT VINCENT          ,NY,10471-1093,Private      ,1088,77,1165,1088,77,1165
00270400,COLLEGE OF NEW ROCHELLE                 ,NY,10805-2339,Private      ,571,241,812,571,241,812
00270500,COLLEGE OF SAINT ROSE                   ,NY,12203-1490,Private      ,2701,671,3372,2701,671,3372
00270700,COLUMBIA UNIVERSITY                     ,NY,10027-0000,Private      ,2985,1743,4728,2985,1743,4728
00270701,COLUMBIA UNIV ARCHITECTURE              ,NY,10027-0000,Private      ,22,504,526,22,504,526
00270702,COLUMBIA UNIV SCHOOL OF THE ARTS        ,NY,10027-0000,Private      ,39,649,688,39,649,688
00270703,COLUMBIA UNIV BUSINESS GRAD             ,NY,10027-0000,Private      ,12,804,816,12,804,816
00270704,COLUMBIA UNIV SCHOOL ENGIN-UNDERGRA     ,NY,10027-0000,Private      ,1189,24,1213,1189,24,1213
00270705,COLUMBIA UNIV SCHOOL GENERAL STUDIE     ,NY,10027-0000,Private      ,194,295,489,194,295,489
00270706,COLUMBIA UNIV GRAD SCHL ARTS & SCI      ,NY,10027-0000,Private      ,8,773,781,8,773,781
00270707,COLUMBIA UNIV SCH INTL PUB AFFAIRS      ,NY,10027-0000,Private      ,6,935,941,6,935,941
00270708,COLUMBIA UNIV JOURNALISM GRAD           ,NY,10027-0000,Private      ,8,364,372,8,364,372
00270710,COLUMBIA UNIV COLUMBIA COLLEGE          ,NY,10027-0000,Private      ,5247,104,5351,5247,104,5351
00270711,COLUMBIA UNIV SCHOOL OF LAW             ,NY,10027-0000,Private      ,9,2404,2413,9,2404,2413
00270712,COLUMBIA UNIV SOCIAL WORK               ,NY,10025-0000,Private      ,7,686,693,7,686,693
00270713,COLUMBIA UNIV SCHL DENT & ORAL SURG     ,NY,10032-0000,Private      ,1,263,264,1,263,264
00270714,COLUMBIA UNIV INST HUMAN NUTRITION      ,NY,10032-0000,Private      ,0,17,17,0,17,17
00270715,COLUMBIA UNIV NURSING                   ,NY,10032-0000,Private      ,48,407,455,48,407,455
00270716,COLUMBIA UNIV COLL PHYS & SURGEONS      ,NY,10032-0000,Private      ,6,743,749,6,743,749
00270717,COLUMBIA UNIV PHYSICAL THERAPY          ,NY,10032-0000,Private      ,0,36,36,0,36,36
00270718,COLUMBIA UNIV OCCUPATIONAL THERAPY      ,NY,10032-0000,Private      ,1,39,40,1,39,40
00270719,COLUMBIA UNIV PUBLIC HEALTH             ,NY,10032-0000,Private      ,3,658,661,3,658,661
00270720,COLUMBIA UNIV - ENGINEERING (GRAD)      ,NY,10027-0000,Private      ,21,148,169,21,148,169
00270721,COLUMBIA UNIV-CONT ED & SP PROGMS       ,NY,10027-0000,Private      ,2,43,45,2,43,45
00270800,BARNARD COLLEGE-COLUMBIA UNIV           ,NY,10027-6598,Private      ,2628,46,2674,2628,46,2674
00270900,CONCORDIA COLLEGE                       ,NY,10708-1998,Private      ,404,32,436,404,32,436
00271000,COOPER UNION                            ,NY,10003-7120,Private      ,890,50,940,890,50,940
00271100,CORNELL UNIVERSITY                      ,NY,14853-2801,Private      ,15471,3033,18504,15471,3033,18504
00271101,WEILL CORNELL MEDICAL COLLEGE AND GRADUA,NY,10021-0000,Private      ,24,348,372,24,348,372
00271200,D'YOUVILLE COLLEGE                      ,NY,14201-1084,Private      ,860,503,1363,860,503,1363
00271300,DOMINICAN COLLEGE                       ,NY,10962-1299,Private      ,794,156,950,794,156,950
00271800,ELMIRA COLLEGE                          ,NY,14901-2099,Private      ,1291,139,1430,1291,139,1430
00272200,FORDHAM UNIVERSITY                      ,NY,10458-5157,Private      ,12185,3820,16005,12185,3820,16005
00272206,MARYMOUNT COLLEGE                       ,NY,10591-3796,Private      ,6,1,7,6,1,7
00272600,GENERAL THEOLOGICAL SEMINARY            ,NY,10011-0000,Private      ,0,62,62,0,62,62
00272800,HAMILTON COLLEGE                        ,NY,13323-1218,Private      ,1893,9,1902,1893,9,1902
00272900,HARTWICK COLLEGE                        ,NY,13820-4020,Private      ,1645,35,1680,1645,35,1680
00273100,HOBART & WILLIAM SMITH COLLEGES         ,NY,14456-3397,Private      ,2135,33,2168,2135,33,2168
00273200,HOFSTRA UNIVERSITY                      ,NY,11549-1010,Private      ,9576,2509,12085,9576,2509,12085
00273400,HOUGHTON COLLEGE                        ,NY,14744-0128,Private      ,1085,64,1149,1085,64,1149
00273500,HILBERT COLLEGE                         ,NY,14075-1597,Private      ,431,102,533,431,102,533
00273700,IONA COLLEGE                            ,NY,10801-1890,Private      ,3830,295,4125,3830,295,4125
00273900,ITHACA COLLEGE                          ,NY,14850-7130,Private      ,9096,396,9492,9096,396,9492
00274000,JEWISH THEOLOGICAL SEMINARY OF AMER     ,NY,10027-4649,Private      ,88,100,188,88,100,188
00274200,THE JUILLIARD SCHOOL                    ,NY,10023-6588,Private      ,841,443,1284,841,443,1284
00274400,KEUKA COLLEGE                           ,NY,14478-0000,Private      ,841,247,1088,841,247,1088
00274800,LEMOYNE COLLEGE                         ,NY,13214-1399,Private      ,2672,276,2948,2672,276,2948
00274900,NEW YORK COLLEGE OF PODIATRIC MED       ,NY,10035-0000,Private      ,22,155,177,22,155,177
00275100,LONG ISLAND UNIVERSITY                  ,NY,11548-1326,Private      ,4932,1892,6824,4932,1892,6824
00275101,LONG ISLAND UNIVERSITY - BRENTWOOD CAMPU,NY,11717-5326,Private      ,0,2,2,0,2,2
00275102,LONG ISLAND UNIVERSITY - ROCKLAND CAMPUS,NY,10962-0000,Private      ,1,1,2,1,1,2
00275104,LONG ISLAND UNIVERSITY - NEW YORK UNIVER,NY,10011-0000,Private      ,1,0,1,1,0,1
00275105,LONG ISLAND UNIVERSITY - WEST POINT CAMP,NY,10966-0000,Private      ,0,1,1,0,1,1
00275107,LONG ISLAND UNIVERSITY - QUEENS DISTRICT,NY,11364-0000,Private      ,0,1,1,0,1,1
00275110,LONG ISLAND UNIVERSITY - WESTBURY SENIOR,NY,11568-1619,Private      ,2,2,4,2,2,4
00275115,LONG ISLAND UNIVERSITY - SOUTHAMPTON COL,NY,11968-4198,Private      ,345,77,422,345,77,422
00275116,LONG ISLAND UNIVERSITY - BROOKLYN       ,NY,11201-8423,Private      ,1437,583,2020,1437,583,2020
00275800,MANHATTAN COLLEGE                       ,NY,10471-4098,Private      ,3380,138,3518,3380,138,3518
00275900,MANHATTAN SCHOOL OF MUSIC               ,NY,10027-4698,Private      ,449,425,874,449,425,874
00276000,MANHATTANVILLE COLLEGE                  ,NY,10577-2132,Private      ,1862,218,2080,1862,218,2080
00276300,MARIA COLLEGE                           ,NY,12208-1798,Private      ,56,213,269,56,213,269
00276500,MARIST COLLEGE                          ,NY,12601-1387,Private      ,5518,254,5772,5518,254,5772
00276900,MARYMOUNT MANHATTAN COLLEGE             ,NY,10021-4597,Private      ,1845,109,1954,1845,109,1954
00277200,MERCY COLLEGE                           ,NY,10522-1189,Private      ,562,1012,1574,562,1012,1574
00277500,MOLLOY COLLEGE                          ,NY,11570-1100,Private      ,1142,527,1669,1142,527,1669
00277700,MEDAILLE COLLEGE                        ,NY,14214-2695,Private      ,763,288,1051,763,288,1051
00277800,MOUNT SAINT MARY COLLEGE                ,NY,12550-3494,Private      ,1208,268,1476,1208,268,1476
00277900,NAZARETH COLLEGE OF ROCHESTER           ,NY,14618-3790,Private      ,1943,498,2441,1943,498,2441
00278200,NEW YORK INSTITUTE OF TECHNOLOGY        ,NY,11568-8000,Private      ,2009,916,2925,2009,916,2925
00278202,NY INSTITUTE OF TECHNOLOGY-OSTEOPATHIC M,NY,11568-0000,Private      ,3,330,333,3,330,333
00278300,NEW YORK LAW SCHOOL                     ,NY,10013-0000,Private      ,15,1891,1906,15,1891,1906
00278400,NEW YORK MEDICAL COLLEGE                ,NY,10595-0000,Private      ,3,648,651,3,648,651
00278500,NEW YORK UNIVERSITY                     ,NY,10012-1091,Private      ,23671,13669,37340,23671,13669,37340
00278800,NIAGARA UNIVERSITY                      ,NY,14109-2010,Private      ,2557,271,2828,2557,271,2828
00279000,NYACK COLLEGE                           ,NY,10960-3698,Private      ,633,289,922,633,289,922
00279100,PACE UNIVERSITY - NEW YORK              ,NY,10038-1598,Private      ,4470,1193,5663,4470,1193,5663
00279101,PACE UNIVERSITY-PLEASANTVILLE           ,NY,10570-0000,Private      ,2023,333,2356,2023,333,2356
00279102,PACE UNIVERSITY - WHITE PLAINS          ,NY,10603-0000,Private      ,140,993,1133,140,993,1133
00279500,PAUL SMITHS CLG OF ARTS & SCIENCES      ,NY,12970-0000,Private      ,677,40,717,677,40,717
00279600,POLYTECHNIC INTSTITUTE OF NEW YORK UNIV ,NY,11201-3840,Private      ,921,144,1065,921,144,1065
00279800,PRATT INSTITUTE                         ,NY,11205-3899,Private      ,2934,1384,4318,2934,1384,4318
00280300,RENSSELAER POLYTECHNIC INSTITUTE        ,NY,12180-3590,Private      ,6471,261,6732,6471,261,6732
00280500,ROBERTS WESLEYAN COLLEGE                ,NY,14624-1997,Private      ,955,249,1204,955,249,1204
00280600,ROCHESTER INSTITUTE OF TECHNOLOGY       ,NY,14623-5608,Private      ,8222,1019,9241,8222,1019,9241
00280700,ROCKEFELLER UNIVERSITY                  ,NY,10021-0000,Private      ,3,7,10,3,7,10
00280800,DAEMEN COLLEGE                          ,NY,14226-3592,Private      ,1096,178,1274,1096,178,1274
00281000,THE SAGE COLLEGES                       ,NY,12180-4199,Private      ,763,581,1344,763,581,1344
00281200,TROCAIRE COLLEGE                        ,NY,14220-2094,Private      ,160,317,477,160,317,477
00281300,SARAH LAWRENCE COLLEGE                  ,NY,10708-5999,Private      ,1805,431,2236,1805,431,2236
00281400,SKIDMORE COLLEGE                        ,NY,12866-1632,Private      ,2797,44,2841,2797,44,2841
00281401,SKIDMORE COLL-UNIV WITHOUT WALLS        ,NY,12866-0000,Private      ,28,14,42,28,14,42
00281500,ST BERNARDS SCH THEOLOGY & MINISTRY     ,NY,14618-3822,Private      ,1,12,13,1,12,13
00281600,SIENA COLLEGE                           ,NY,12211-1462,Private      ,3118,64,3182,3118,64,3182
00281700,ST BONAVENTURE UNIVERSITY               ,NY,14778-2284,Private      ,1612,177,1789,1612,177,1789
00282000,ST FRANCIS COLLEGE                      ,NY,11201-4398,Private      ,869,96,965,869,96,965
00282100,ST JOHN FISHER COLLEGE                  ,NY,14618-3597,Private      ,3370,717,4087,3370,717,4087
00282200,CHRIST THE KING SEMINARY                ,NY,14052-0607,Private      ,0,1,1,0,1,1
00282300,ST JOHN'S UNIVERSITY                    ,NY,11439-1343,Private      ,11423,2471,13894,11423,2471,13894
00282500,ST JOSEPH'S COLLEGE                     ,NY,11205-3688,Private      ,516,122,638,516,122,638
00282501,ST JOSEPH'S COLLEGE-SUFFOLK CAMPUS      ,NY,11772-0000,Private      ,1338,283,1621,1338,283,1621
00282600,ST JOSEPH'S SEMINARY                    ,NY,10704-0000,Private      ,0,1,1,0,1,1
00282900,ST LAWRENCE UNIVERSITY                  ,NY,13617-1455,Private      ,1915,36,1951,1915,36,1951
00283200,ST THOMAS AQUINAS COLLEGE               ,NY,10976-1050,Private      ,966,79,1045,966,79,1045
00283300,ST VLADIMIR ORTHODOX THEOL SEM          ,NY,10707-0000,Private      ,0,41,41,0,41,41
00283500,SUNY AT ALBANY                          ,NY,12222-0001,Public       ,11507,2046,13553,11507,2046,13553
00283600,BINGHAMTON UNIVERSITY (SUNY)            ,NY,13902-6000,Public       ,13674,1190,14864,13674,1190,14864
00283700,SUNY AT BUFFALO                         ,NY,14260-0001,Public       ,12642,4340,16982,12642,4340,16982
00283800,SUNY AT STONY BROOK                     ,NY,11794-0001,Public       ,11932,2591,14523,11932,2591,14523
00283900,SUNY-DOWNSTATE MEDICAL CENTER           ,NY,11203-2098,Public       ,54,1024,1078,54,1024,1078
00284000,SUNY UPSTATE MEDICAL UNIVERSITY         ,NY,13210-2375,Public       ,100,825,925,100,825,925
00284100,SUNY BROCKPORT - FIN AID OFF            ,NY,14420-2914,Public       ,4942,807,5749,4942,807,5749
00284200,BUFFALO STATE COLLEGE - SUNY            ,NY,14222-1095,Public       ,4984,1274,6258,4984,1274,6258
00284300,SUNY COLLEGE-CORTLAND                   ,NY,13045-0900,Public       ,6934,676,7610,6934,676,7610
00284400,SUNY AT FREDONIA                        ,NY,14063-1145,Public       ,4328,373,4701,4328,373,4701
00284500,SUNY GENESEO                            ,NY,14454-1401,Public       ,6501,272,6773,6501,272,6773
00284600,SUNY COLLEGE-NEW PALTZ                  ,NY,12561-2499,Public       ,5536,690,6226,5536,690,6226
00284700,SUNY COLLEGE-ONEONTA                    ,NY,13820-4015,Public       ,6152,289,6441,6152,289,6441
00284800,SUNY OSWEGO                             ,NY,13126-3599,Public       ,5470,750,6220,5470,750,6220
00284900,SUNY COLLEGE AT PLATTSBURGH             ,NY,12901-2681,Public       ,3955,543,4498,3955,543,4498
00285000,SUNY COLLEGE-POTSDAM                    ,NY,13676-2294,Public       ,2603,331,2934,2603,331,2934
00285100,SUNY COLLEGE OF ENVIRONMENT SCIENCE AND ,NY,13210-2778,Public       ,1180,261,1441,1180,261,1441
00285300,SUNY MARITIME COLLEGE                   ,NY,10465-4198,Public       ,630,94,724,630,94,724
00285400,SUNY COLLEGE OF TECHNOLOGY-ALFRED       ,NY,14802-9951,Public       ,1749,226,1975,1749,226,1975
00285500,SUNY CANTON COLG OF TECHNOLOGY          ,NY,13617-1098,Public       ,1371,385,1756,1371,385,1756
00285600,SUNY AG & TECH COLLEGE-COBLESKILL       ,NY,12043-9986,Public       ,1385,104,1489,1385,104,1489
00285700,SUNY DELHI                              ,NY,13753-1190,Public       ,1583,169,1752,1583,169,1752
00285800,SUNY FARMINGDALE                        ,NY,11735-1021,Public       ,2002,376,2378,2002,376,2378
00285900,SUNY COLLEGE OF AG & TECH AT MORRISVILLE,NY,13408-0901,Public       ,1420,227,1647,1420,227,1647
00286000,ADIRONDACK COMMUNITY COLLEGE            ,NY,12804-2004,Public       ,497,236,733,497,236,733
00286100,CAYUGA COMMUNITY COLLEGE                ,NY,13021-3099,Public       ,400,324,724,400,324,724
00286200,BROOME COMMUNITY COLLEGE                ,NY,13902-0000,Public       ,1209,627,1836,1209,627,1836
00286300,CORNING COMMUNITY COLLEGE               ,NY,14830-3297,Public       ,414,297,711,414,297,711
00286400,DUTCHESS COMMUNITY COLLEGE              ,NY,12601-1595,Public       ,628,282,910,628,282,910
00286600,FASHION INSTITUTE OF TECHNOLOGY         ,NY,10001-5992,Public       ,3974,983,4957,3974,983,4957
00286700,SUNY FULTON MONTGOMERY COMM CLG         ,NY,12095-3790,Public       ,278,167,445,278,167,445
00286800,HUDSON VALLEY COMMUNITY COLLEGE         ,NY,12180-6096,Public       ,1597,646,2243,1597,646,2243
00286900,JAMESTOWN COMMUNITY COLLEGE             ,NY,14702-0020,Public       ,814,483,1297,814,483,1297
00287000,JEFFERSON COMMUNITY COLLEGE             ,NY,13601-1897,Public       ,401,298,699,401,298,699
00287100,"SUNY, MOHAWK VALLEY COMMUNITY CLG       ",NY,13501-5394,Public       ,1117,507,1624,1117,507,1624
00287200,MONROE COMMUNITY COLLEGE                ,NY,14623-5780,Public       ,2463,1380,3843,2463,1380,3843
00287300,NASSAU COMMUNITY COLLEGE                ,NY,11530-6793,Public       ,2094,556,2650,2094,556,2650
00287400,NIAGARA COUNTY COMMUNITY COLLEGE        ,NY,14132-9460,Public       ,905,831,1736,905,831,1736
00287500,ONONDAGA COMMUNITY COLLEGE              ,NY,13215-4585,Public       ,1570,635,2205,1570,635,2205
00287600,ORANGE COUNTY COMMUNITY COLLEGE         ,NY,10940-6441,Public       ,586,317,903,586,317,903
00287700,ROCKLAND COMMUNITY COLLEGE              ,NY,10901-3611,Public       ,347,142,489,347,142,489
00287800,SUFFOLK COMMUNITY COLLEGE               ,NY,11784-2899,Public       ,1301,414,1715,1301,414,1715
00287801,SUFFOLK COMMUNITY CLG-W. CAMPUS         ,NY,11717-0000,Public       ,525,298,823,525,298,823
00287803,SUFFOLK COMMUNITY CLG-EASTRN CAMPUS     ,NY,11901-0000,Public       ,156,79,235,156,79,235
00287900,SULLIVAN COUNTY COMMUNITY COLLEGE       ,NY,12759-5151,Public       ,356,78,434,356,78,434
00288000,ULSTER COUNTY COMMUNITY COLLEGE         ,NY,12484-0557,Public       ,258,130,388,258,130,388
00288100,SUNY WESTCHESTER COMMUNITY COLLEGE      ,NY,10595-1698,Public       ,761,481,1242,761,481,1242
00288200,SYRACUSE UNIVERSITY                     ,NY,13244-2130,Private      ,13653,3103,16756,13653,3103,16756
00288300,UTICA COLLEGE OF SYRACUSE UNIV          ,NY,13502-4892,Private      ,1729,379,2108,1729,379,2108
00288500,ALBANY COLLEGE OF PHARMACY AND HEALTH SC,NY,12208-3492,Private      ,1182,485,1667,1182,485,1667
00288600,ALBANY LAW SCHOOL                       ,NY,12208-0000,Private      ,12,818,830,12,818,830
00288700,ALBANY MEDICAL COLLEGE                  ,NY,12208-0000,Private      ,12,550,562,12,550,562
00288900,UNION COLLEGE                           ,NY,12308-2311,Private      ,2176,53,2229,2176,53,2229
00289000,UNION THEOLOGICAL SEMINARY              ,NY,10027-0000,Private      ,1,202,203,1,202,203
00289200,UNITED STATES MERCHANT MARINE ACADEMY   ,NY,11024-1699,Public       ,174,8,182,174,8,182
00289400,UNIVERSITY OF ROCHESTER                 ,NY,14627-9000,Private      ,5269,549,5818,5269,549,5818
00289401,EASTMAN SCH OF MUSIC/UNIV ROCHESTER     ,NY,14604-0000,Private      ,584,226,810,584,226,810
00289402,UNIV OF ROCHESTER SCHL OF MEDICINE      ,NY,14642-0000,Private      ,24,400,424,24,400,424
00289500,VASSAR COLLEGE                          ,NY,12604-0008,Private      ,2725,39,2764,2725,39,2764
00289600,VILLA MARIA COLLEGE-BUFFALO             ,NY,14225-3999,Private      ,125,29,154,125,29,154
00289900,WAGNER COLLEGE                          ,NY,10301-4495,Private      ,1752,89,1841,1752,89,1841
00290000,WEBB INSTITUTE                          ,NY,11542-1398,Private      ,38,1,39,38,1,39
00290100,WELLS COLLEGE                           ,NY,13026-0500,Private      ,609,30,639,609,30,639
00290300,YESHIVA UNIVERSITY                      ,NY,10033-3201,Private      ,782,1368,2150,782,1368,2150
00290302,YESHIVA UNIVERSITY - BRONX CAMPUS       ,NY,10461-1975,Private      ,6,471,477,6,471,477
00397600,RABBINICAL ACAD MESIVTA RABBI CHAIM     ,NY,11230-4715,Private      ,1,0,1,1,0,1
00397700,RABBINICAL COLLEGE CH'SAN SOFER         ,NY,11204-1252,Private      ,1,0,1,1,0,1
00397800,RABBINICAL SEMINARY OF AMERICA          ,NY,11375-0000,Private      ,0,1,1,0,1,1
00397900,COLUMBIA UNIV TEACHERS COLLEGE          ,NY,10027-0000,Private      ,13,1969,1982,13,1969,1982
00405400,HEBREW UNION COL-JEWISH INST OF REL     ,NY,10012-0000,Private      ,0,13,13,0,13,13
00455301,ITT TECHNICAL INSTITUTE                 ,NY,12205-0000,Proprietary  ,34,18,52,34,18,52
00475900,"CUNY, YORK COLLEGE                      ",NY,11451-0001,Public       ,1665,652,2317,1665,652,2317
00476500,CUNY GRADUATE SCH & UNIV CTR            ,NY,10016-4309,Public       ,11,940,951,11,940,951
00477600,CENTRAL YESHIVA TOMCHEI TMIMIM LUBA     ,NY,11230-2798,Private      ,6,0,6,6,0,6
00478800,HERKIMER COUNTY COMMUNITY COLLEGE       ,NY,13350-1598,Public       ,703,209,912,703,209,912
00479800,MIRRER YESHIVA CENTRAL INST             ,NY,11223-2010,Private      ,1,0,1,1,0,1
00479900,MONROE COLLEGE                          ,NY,10468-4305,Proprietary  ,921,1709,2630,921,1709,2630
00481100,EVEREST INSTITUTE                       ,NY,14621-3007,Proprietary  ,22,358,380,22,358,380
00506401,ST JAMES MERCY HOSP SCH OF RAD          ,NY,14843-2197,Private      ,6,7,13,6,7,13
00506600,FAXTON ST. LUKE'S SCHOOL OF RADIOGRAPHY ,NY,13502-4856,Private      ,9,5,14,9,5,14
00520800,THE COLLEGE OF WESTCHESTER              ,NY,10602-0000,Proprietary  ,205,69,274,205,69,274
00643501,ARNOT OGDEN MEDICAL CENTER              ,NY,14905-1676,Private      ,5,11,16,5,11,16
00643800,PHILLIPS BETH ISRAEL SCH OF NURSING     ,NY,10001-6354,Private      ,27,61,88,27,61,88
00644300,COCHRAN SCH NSG-ST JOHN RVSDE HOSP      ,NY,10701-1399,Private      ,20,98,118,20,98,118
00644500,CROUSE HOSP SCH OF NURSING              ,NY,13210-1690,Private      ,42,59,101,42,59,101
00644800,ELLIS HOSPITAL SCHOOL OF NURSING        ,NY,12308-0000,Private      ,11,21,32,11,21,32
00646101,ST ELIZABETH COLLEGE OF NURSING         ,NY,13501-2998,Private      ,33,44,77,33,44,77
00646102,ST ELIZABETH SCH OF RADIOGRAPHY         ,NY,13501-0000,Private      ,3,5,8,3,5,8
00646700,SAINT JOSEPH'S COLLEGE OF NURSING       ,NY,13203-1806,Private      ,95,116,211,95,116,211
00678200,GENESEE COMMUNITY COLLEGE               ,NY,14020-9704,Public       ,744,365,1109,744,365,1109
00678500,SCHENECTADY COUNTY COMMUNITY CLG        ,NY,12305-2294,Public       ,352,241,593,352,241,593
00678700,CLINTON COMMUNITY COLLEGE               ,NY,12901-5690,Public       ,336,149,485,336,149,485
00678800,TOMPKINS CORTLAND COMMUNITY COLLEGE     ,NY,13053-8504,Public       ,707,245,952,707,245,952
00678900,COLUMBIA-GREENE COMMUNITY COLLEGE       ,NY,12534-9543,Public       ,211,114,325,211,114,325
00679100,SUNY AT PURCHASE                        ,NY,10577-1400,Public       ,3928,404,4332,3928,404,4332
00702200,CUNY-LEHMAN COLLEGE                     ,NY,10468-1589,Public       ,3349,1638,4987,3349,1638,4987
00702600,"MT SINAI SCH OF MEDICINE, NY UNIV       ",NY,10029-0000,Private      ,4,476,480,4,476,480
00710900,SUNY COLLEGE-OLD WESTBURY               ,NY,11568-0210,Public       ,1903,329,2232,1903,329,2232
00711100,NORTH COUNTRY COMMUNITY COLLEGE         ,NY,12983-2046,Public       ,236,119,355,236,119,355
00727300,CUNY-BERNARD BARUCH COLLEGE             ,NY,10010-5518,Public       ,6178,1706,7884,6178,1706,7884
00730400,CULINARY INSTITUTE OF AMERICA           ,NY,12538-1499,Private      ,1269,398,1667,1269,398,1667
00737200,AUSTIN'S SCHOOL OF SPA TECHNOLOGY       ,NY,12206-1513,Proprietary  ,2,0,2,2,0,2
00737500,ISLAND DRAFTING & TECHNICAL INST        ,NY,11701-2704,Proprietary  ,17,11,28,17,11,28
00738700,LONG ISLAND BEAUTY SCHOOL               ,NY,11788-4346,Proprietary  ,2,4,6,2,4,6
00738800,LONG ISLAND BEAUTY SCHOOL               ,NY,11550-3704,Proprietary  ,2,19,21,2,19,21
00739100,BEAUTY SCHOOL OF MIDDLETOWN             ,NY,10940-6574,Proprietary  ,2,1,3,2,1,3
00739400,BERKELEY COLLEGE                        ,NY,10017-0000,Proprietary  ,497,235,732,497,235,732
00739402,BERKELEY COLLEGE-WESTCHESTER CAMPUS     ,NY,10601-1533,Proprietary  ,204,43,247,204,43,247
00739800,KATHARINE GIBBS SCHOOL                  ,NY,10018-2602,Proprietary  ,435,765,1200,435,765,1200
00740100,MANDL SCHOOL                            ,NY,10019-5516,Proprietary  ,16,84,100,16,84,100
00740500,WOOD TOBE-COBURN SCHOOL                 ,NY,10016-0102,Proprietary  ,143,23,166,143,23,166
00746500,AMERICAN ACADEMY OF DRAMATIC ARTS       ,NY,10016-7089,Private      ,139,37,176,139,37,176
00746600,LIM COLLEGE                             ,NY,10022-5268,Proprietary  ,548,37,585,548,37,585
00746800,SCHOOL OF VISUAL ARTS                   ,NY,10010-3994,Proprietary  ,2086,737,2823,2086,737,2823
00750602,LINCOLN TECHNICAL INSTITUTE             ,NY,11357-6092,Proprietary  ,83,19,102,83,19,102
00751800,APEX TECHNICAL SCHOOL                   ,NY,10011-2008,Proprietary  ,26,75,101,26,75,101
00752200,CONTINENTAL SCH OF BEAUTY CULTURE       ,NY,14623-3231,Proprietary  ,3,1,4,3,1,4
00753200,FINGER LAKES COMMUNITY COLLEGE          ,NY,14424-8395,Public       ,902,422,1324,902,422,1324
00757200,AMERICAN MUSICAL AND DRAMATIC ACAD      ,NY,10023-2106,Private      ,580,91,671,580,91,671
00757300,EMPIRE BEAUTY SCHOOL                    ,NY,11103-4028,Proprietary  ,2,11,13,2,11,13
00780400,CAREER ACADEMY OF NEW YORK              ,NY,10011-7307,Proprietary  ,29,73,102,29,73,102
00818900,CONTINENTAL SCH OF BEAUTY CULTURE       ,NY,14223-0000,Proprietary  ,4,3,7,4,3,7
00818902,CONTINENTAL SCHOOL OF BEAUTY CULTURE  - ,NY,14224-3402,Proprietary  ,0,1,1,0,1,1
00843500,INTERBORO INSTITUTE                     ,NY,10019-3604,Proprietary  ,33,66,99,33,66,99
00843700,CHAMPLAIN VALLEY - TEC/PRN              ,NY,12901-0000,Public       ,7,2,9,7,2,9
00849500,JAMESTOWN BUSINESS COLLEGE              ,NY,14702-0429,Proprietary  ,35,51,86,35,51,86
00861100,"CUNY, HOSTOS CMTY COLLEGE               ",NY,10451-1499,Public       ,540,696,1236,540,696,1236
00878800,SUNY-STUDENT LOAN SERVICE CENTER        ,NY,12144-3440,Public       ,138,33,171,138,33,171
00900300,OLEAN BUSINESS INSTITUTE INC            ,NY,14760-2691,Proprietary  ,4,15,19,4,15,19
00902900,NEIGHBORHOOD PLAYHOUSE                  ,NY,10022-5017,Private      ,10,3,13,10,3,13
00904300,ELMIRA BUSINESS INSTITUTE               ,NY,14901-2731,Proprietary  ,6,8,14,6,8,14
00907700,UTICA SCHOOL OF COMMERCE                ,NY,13501-2280,Proprietary  ,29,28,57,29,28,57
00924800,SAMARITAN HOSPITAL SCH NURSING          ,NY,12180-2475,Private      ,25,54,79,25,54,79
00928300,MIDWAY-PARIS BEAUTY SCHOOL              ,NY,11385-3453,Proprietary  ,0,1,1,0,1,1
00928400,LEARNING INST FOR BEAUTY SCIENCES       ,NY,11756-1345,Proprietary  ,1,0,1,1,0,1
00947900,SAINT VINCENTS CMC SI NURSING SCHOOL    ,NY,10304-3850,Proprietary  ,16,17,33,16,17,33
00947901,SAINT VINCENTS CMC SI PHYS ASSIST PROG  ,NY,10304-3850,Proprietary  ,1,5,6,1,5,6
00976900,METROPOLITAN COLLEGE OF NEW YORK        ,NY,10013-1919,Private      ,28,411,439,28,411,439
00992900,SUNY COLLEGE OF OPTOMETRY               ,NY,10036-8003,Public       ,10,168,178,10,168,178
01005100,LA GUARDIA CMTY COLLEGE - CUNY          ,NY,11101-3083,Public       ,1506,1153,2659,1506,1153,2659
01005200,JEFFERSON-LEWIS BOCES PRAC NRSGPRG      ,NY,13601-9509,Public       ,3,13,16,3,13,16
01009700,CUNY-MEDGAR W EVERS COLLEGE             ,NY,11225-2010,Public       ,707,725,1432,707,725,1432
01014200,TOURO COLLEGE                           ,NY,10010-4202,Private      ,362,2319,2681,362,2319,2681
01014700,WESTERN SUFFOLK BOCES                   ,NY,11768-3499,Public       ,8,39,47,8,39,47
01015300,HELENE FULD COL OF NRSNG/N GEN HOSP     ,NY,10035-0000,Private      ,3,30,33,3,30,33
01028600,EMPIRE STATE COLLEGE                    ,NY,12866-4391,Public       ,144,3078,3222,144,3078,3222
01055100,NEW YORK SCH MED & DENTAL ASSISTANT     ,NY,11101-2327,Proprietary  ,28,56,84,28,56,84
01064100,SOUTHERN WESTCHESTER BOCES              ,NY,10543-0000,Public       ,5,11,16,5,11,16
01068400,ERIE COMMUNITY COLLEGE-ALL CAMPUSES     ,NY,14203-2698,Public       ,1540,1141,2681,1540,1141,2681
01081300,AMERICAN ACAD MCALLISTER INST           ,NY,10019-3604,Private      ,9,36,45,9,36,45
01083700,SIMMONS INST OF FUNERAL SERVICE         ,NY,13207-2098,Proprietary  ,10,9,19,10,9,19
01093000,SUBURBAN TECHNICAL SCHOOL               ,NY,11550-3771,Proprietary  ,0,6,6,0,6,6
01095200,PNW BOCES LPN PROGRAM                   ,NY,10598-0000,Public       ,1,8,9,1,8,9
01103100,TECHNICAL CAREER INSTITUTE              ,NY,10001-2789,Proprietary  ,229,399,628,229,399,628
01161400,CHAMPLAIN VALLEY HOSP SCH RAD TECH      ,NY,12901-1490,Private      ,8,3,11,8,3,11
01164700,SBI CAMPUS - AN AFFILIATE OF SANFORD-BRO,NY,11747-3785,Proprietary  ,110,122,232,110,122,232
01167700,MEMORIAL SLOAN KETTERING CANCER CTR     ,NY,10021-6094,Private      ,2,3,5,2,3,5
01167800,SUNY INST OF TECHNOLOGY UTICA ROME      ,NY,13504-3050,Public       ,652,201,853,652,201,853
01183000,BERK TRADE AND BUSINESS SCHOOL          ,NY,11101-0000,Proprietary  ,1,2,3,1,2,3
01185900,WORD OF LIFE BIBLE INSTITUTE            ,NY,12860-0129,Private      ,133,24,157,133,24,157
01186000,MERCY MED CNTR SCHL OF RADIOGRAPHY      ,NY,11570-1098,Private      ,1,1,2,1,1,2
01201100,TALMUDICAL SEM OHOLEI TORAH             ,NY,11213-3310,Private      ,7,0,7,7,0,7
01207200,PHILLIPS HAIRSTYLING INSTITUTE          ,NY,13210-1509,Proprietary  ,9,20,29,9,20,29
01210700,INSTITUTE OF DESIGN & CONSTRUCTION      ,NY,11201-5380,Private      ,5,9,14,5,9,14
01220300,MEMORIAL HOSPITAL SCH OF NURSING        ,NY,12204-1083,Private      ,9,44,53,9,44,53
01227700,NEW YORK CHIROPRACTIC COLLEGE           ,NY,13148-0800,Private      ,3,377,380,3,377,380
01229300,VEEB NASSAU CNTY SCHL OF PRACT NURS     ,NY,11553-3037,Public       ,8,16,24,8,16,24
01235800,PLAZA COLLEGE                           ,NY,11372-6300,Proprietary  ,43,98,141,43,98,141
01236400,SAINT VINCENTS CATHOLIC MEDICAL CENTERS ,NY,11354-0000,Proprietary  ,13,34,47,13,34,47
01240700,SCHUYLER-CHEMUNG-TIOGA BOCES            ,NY,14903-1089,Public       ,2,13,15,2,13,15
01240701,STEUBEN SCHUYLER CHEMUNG TIOGA ALLEGANY ,NY,14870-9518,Public       ,1,13,14,1,13,14
01256100,FIVE TOWNS COLLEGE                      ,NY,11746-5871,Proprietary  ,575,86,661,575,86,661
01258900,ERIE 1 BOCES                            ,NY,14224-0000,Public       ,3,19,22,3,19,22
01265200,ONONDAGA CORTLAND MADISON BOCES         ,NY,13090-4500,Public       ,6,68,74,6,68,74
01278300,OSWEGO COUNTY BOCES ADULT CAREERS       ,NY,13114-4498,Public       ,11,21,32,11,21,32
01292700,CENTRAL TECH NURSING PROGRAM            ,NY,13202-3092,Public       ,3,5,8,3,5,8
01302900,BORICUA COLLEGE                         ,NY,10032-1599,Private      ,35,141,176,35,141,176
02056400,CAPRI COSMETOLOGY LEARNING CENTER       ,NY,10954-0000,Proprietary  ,2,2,4,2,2,4
02066200,THE NEW SCHOOL                          ,NY,10011-0000,Private      ,2781,2281,5062,2781,2281,5062
02069000,NEW YORK SCHOOL OF INTERIOR DESIGN      ,NY,10021-0000,Private      ,63,36,99,63,36,99
02075700,BRIARCLIFFE COLLEGE                     ,NY,11714-0000,Proprietary  ,558,332,890,558,332,890
02075702,BRIARCLIFFE COLLEGE - PATCHOGUE         ,NY,11772-3019,Proprietary  ,442,275,717,442,275,717
02092400,RIDLEY-LOWELL SCHOOL OF BUSINESS        ,NY,13905-0000,Proprietary  ,2,5,7,2,5,7
02093700,LONG ISLAND BUSINESS INSTITUTE          ,NY,11725-0000,Proprietary  ,14,64,78,14,64,78
02098400,HERKIMER COUNTY BOCES                   ,NY,13350-0000,Public       ,3,7,10,3,7,10
02104300,OTSEGO AREA SCHOOL OF PRAC NURSING      ,NY,13820-0000,Public       ,1,1,2,1,1,2
02105900,HAIR DESIGN INSTITUTE AT FIFTH AVE      ,NY,11220-0000,Proprietary  ,2,2,4,2,2,4
02106800,BRAMSON ORT COLLEGE                     ,NY,11375-0000,Private      ,1,3,4,1,3,4
02110900,CATTARAUGUS/ALLEGANY BOCES              ,NY,14760-0000,Public       ,1,7,8,1,7,8
02116011,SANFORD-BROWN INSTITUTE - NEW YORK      ,NY,10003-2103,Proprietary  ,12,32,44,12,32,44
02118700,LONG ISLAND COLLEGE HOSPITAL - SCHOOL OF,NY,11201-6001,Private      ,54,45,99,54,45,99
02118702,LONG ISLAND COLLEGE HOSPITAL - SCHOOL OF,NY,11201-6001,Private      ,12,7,19,12,7,19
02124000,ORANGE ULSTER BOCES SCH OF PRAC NRS     ,NY,10924-9401,Public       ,4,9,13,4,9,13
02125500,CIRCLE IN THE SQUARE THEATRE SCHOOL     ,NY,10019-0000,Private      ,22,16,38,22,16,38
02126300,MADISON-ONEIDA BOCES PRAC NRS           ,NY,13478-0000,Public       ,2,3,5,2,3,5
02138500,BOCES RENSSELAER SCH OF PRAC NRSG       ,NY,12033-3221,Public       ,1,16,17,1,16,17
02145800,CAYUGA ONONDAGA BOCES                   ,NY,13021-9430,Public       ,4,24,28,4,24,28
02146000,WAYNE-FINGER LAKES BOCES                ,NY,14513-0000,Public       ,2,2,4,2,2,4
02152000,YESHIVA SHAAR HATORAH ITRI TORAH        ,NY,11418-0000,Private      ,0,2,2,0,2,2
02153600,BROOME-TIOGA BOCES PN PROG              ,NY,13905-0000,Public       ,1,6,7,1,6,7
02157900,ROCHESTER GENERAL HOSPITAL              ,NY,14621-3001,Private      ,2,40,42,2,40,42
02158200,WSHNGTN-SARTGA-WARN-HMLTN-ESX BOCES     ,NY,12839-1051,Public       ,3,6,9,3,6,9
02160100,GENEVA GENERAL HOSPITAL                 ,NY,14456-0000,Private      ,7,12,19,7,12,19
02163400,NEW YORK CAREER INSTITUTE               ,NY,10007-2801,Proprietary  ,18,67,85,18,67,85
02169100,DAVIS COLLEGE                           ,NY,13790-0000,Private      ,46,22,68,46,22,68
02170000,SWEDISH INSTITUTE                       ,NY,10001-0000,Proprietary  ,18,169,187,18,169,187
02170200,ALBANY SCHOHARIE SCHENECTADY            ,NY,12205-0000,Public       ,2,1,3,2,1,3
02171900,AILEY SCHOOL (THE)                      ,NY,10019-4402,Private      ,34,12,46,34,12,46
02172100,HAMILTON-FULTON-MONTGOMERY BOCES        ,NY,12095-0000,Public       ,14,2,16,14,2,16
02172800,DUTCHESS COUNTY BOCES SCH PRAC NURS     ,NY,12601-0000,Public       ,3,10,13,3,10,13
02173200,EMPIRE BEAUTY SCHOOL                    ,NY,10001-0000,Proprietary  ,42,146,188,42,146,188
02173900,ULSTER COUNTY BOCES PRACTICAL NRSG      ,NY,12466-0000,Public       ,2,5,7,2,5,7
02176000,CHERYL FELL'S SCHOOL OF BUSINESS        ,NY,14304-0000,Proprietary  ,1,0,1,1,0,1
02179400,EASTERN SUFFOLK BOCES                   ,NY,11713-0000,Public       ,7,18,25,7,18,25
02179401,HARRY B WARD TECH CTR-EAST SUF BOCE     ,NY,11901-0000,Public       ,1,1,2,1,1,2
02182200,NEW SCHOOL OF RADIO & TELEVISION        ,NY,12206-1106,Proprietary  ,5,9,14,5,9,14
02192500,BELLEVUE HOSP CTR SCH RAD TECH          ,NY,10016-0000,Public       ,4,6,10,4,6,10
02193700,SAINT LAWRENCE LEWIS COUNTY BOCES       ,NY,13617-0000,Public       ,54,1,55,54,1,55
02193701,SAINT LAWRENCE LEWIS COUNTY BOCES - NORT,NY,13669-0798,Public       ,2,0,2,2,0,2
02193702,SAINT LAWRENCE LEWIS COUNTY BOCES - SOUT,NY,13642-0342,Public       ,1,0,1,1,0,1
02199300,ORLEANS-NIAGARA BOCES                   ,NY,14132-0000,Public       ,1,1,2,1,1,2
02206000,HUNTER BUSINESS SCHOOL                  ,NY,11756-0000,Proprietary  ,18,26,44,18,26,44
02206001,HUNTER BUSINESS SCHOOL -                ,NY,11763-0000,Proprietary  ,4,4,8,4,4,8
02217800,D.HOPFER SCH NURSING AT MT.VRN HOSP     ,NY,10550-0000,Private      ,6,45,51,6,45,51
02219500,MILDRED ELLEY                           ,NY,12206-1513,Proprietary  ,5,30,35,5,30,35
02235600,ERIE 2-CHAUTAUQUA-CATTARAUGUS BOCES     ,NY,14006-0000,Public       ,3,28,31,3,28,31
02265200,GLOBAL BUSINESS INSTITUTE               ,NY,11691-0000,Private      ,6,34,40,6,34,40
02272900,ROCKLAND COUNTY BOCES PRAC NRSG SCH     ,NY,10994-0000,Public       ,0,5,5,0,5,5
02275900,"MODERN WELDING SCHOOL, INC.             ",NY,12304-0000,Proprietary  ,5,5,10,5,5,10
02294900,INSTITUTE OF AUDIO RESEARCH             ,NY,10003-0000,Proprietary  ,57,35,92,57,35,92
02306500,PROFESSIONAL BUSINESS INSTITUTE         ,NY,10002-0000,Private      ,48,95,143,48,95,143
02314200,NORTHERN WESTCHESTER SCH COSMETOL       ,NY,10566-0000,Proprietary  ,1,0,1,1,0,1
02325600,NEW YORK INSTITUTE OF ENGLISH & BUS     ,NY,10001-0000,Private      ,8,14,22,8,14,22
02348700,CAREER BLAZERS LEARNING CENTER          ,NY,10017-0000,Proprietary  ,5,43,48,5,43,48
02454300,NEW YORK UNIVERSITY SCHOOL OF MEDICINE  ,NY,10016-6497,Private      ,127,682,809,127,682,809
02491400,SPANISH AMERICAN INSTITUTE              ,NY,10036-0000,Private      ,2,0,2,2,0,2
02506000,ASSOCIATED BETH RIVKAH SCHOOLS          ,NY,11225-0000,Private      ,1,0,1,1,0,1
02506100,CITY UNIV OF NEW YORK-CENTRAL           ,NY,10021-0000,Public       ,217,118,335,217,118,335
02506200,MERCE CUNNINGHAM STUDIO                 ,NY,10014-0000,Private      ,1,0,1,1,0,1
02506800,YESHIVAT MIKDASH MELECH                 ,NY,11230-0000,Private      ,2,0,2,2,0,2
02511500,JOFFREY BALLET SCHOOL                   ,NY,10011-0000,Proprietary  ,5,0,5,5,0,5
02513500,MAR JON SCHOOL OF BEAUTY CULTURE        ,NY,14150-0000,Proprietary  ,3,6,9,3,6,9
02525600,ART INSTITUTE OF NEW YORK CITY (THE)    ,NY,10013-2429,Proprietary  ,450,256,706,450,256,706
02540800,"GLOBE INSTITUTE OF TECHNOLOGY, INC.     ",NY,10007-0000,Proprietary  ,36,57,93,36,57,93
02546000,TRI-STATE COLLEGE OF ACUPUNCTURE        ,NY,10011-0000,Proprietary  ,0,21,21,0,21,21
02550600,TALMUDICAL INST OF UPSTATE NY           ,NY,14607-0000,Private      ,1,0,1,1,0,1
02556700,SEMINAR L'MOROS BAIS YAAKOV             ,NY,11219-0000,Private      ,1,0,1,1,0,1
02572900,BUSINESS INFORMATICS CENTER             ,NY,11580-0000,Proprietary  ,1,2,3,1,2,3
02575400,FRENCH CULINARY INSTITUTE               ,NY,10013-2618,Proprietary  ,52,73,125,52,73,125
02587600,ORLO SCH HAIR DESIGN & COSMETOLOGY      ,NY,12206-1723,Proprietary  ,4,2,6,4,2,6
02599400,NEW YORK COLLEGE OF HEALTH PROFESSIONS  ,NY,11791-4413,Private      ,50,245,295,50,245,295
02600100,NEW YORK ACADEMY OF ART (THE)           ,NY,10013-2911,Private      ,25,65,90,25,65,90
02614900,SANFORD-BROWN INSTITUTE                 ,NY,10604-2910,Proprietary  ,28,145,173,28,145,173
02615001,SANFORD-BROWN INSTITUTE - GARDEN CITY   ,NY,11530-4734,Proprietary  ,2,7,9,2,7,9
02616600,SHEAR EGO INTL SCH OF HAIR DESIGN       ,NY,14617-3501,Proprietary  ,2,1,3,2,1,3
02617000,CONTINENTAL SCH OF BEAUTY CULTURE       ,NY,14020-1908,Proprietary  ,1,1,2,1,1,2
02617001,CONTINENTAL SCHOOL OF BEAUTY CULTURE - O,NY,14760-2618,Proprietary  ,1,2,3,1,2,3
03007200,DANCE THEATRE OF HARLEM                 ,NY,10031-0000,Private      ,4,0,4,4,0,4
03027701,PACIFIC COLLEGE OF ORIENTAL MEDICINE - N,NY,10010-7108,Proprietary  ,2,55,57,2,55,57
03081600,DELAWARE CHENANGO MADISON OT. BOCES     ,NY,13815-9554,Public       ,1,1,2,1,1,2
03088500,NEW YORK INTERNATIONAL BEAUTY SCH       ,NY,10019-0000,Proprietary  ,8,25,33,8,25,33
03089700,COMPUTER CAREER CENTER                  ,NY,11530-3334,Proprietary  ,9,26,35,9,26,35
03095500,ASA INST BUSINESS & COMPUTER TECH       ,NY,11201-5208,Proprietary  ,20,133,153,20,133,153
03096200,CHARLES STUART SCHOOL                   ,NY,11229-2004,Proprietary  ,0,1,1,0,1,1
03099100,SUNBRIDGE COLLEGE                       ,NY,10977-0000,Private      ,0,19,19,0,19,19
03103700,ADIRONDACK BEAUTY SCHOOL                ,NY,12801-3158,Proprietary  ,3,3,6,3,3,6
03104900,SULLIVAN COUNTY BOCES                   ,NY,12754-2116,Public       ,2,3,5,2,3,5
03111100,NEW YORK PARALEGAL SCHOOL               ,NY,10007-0000,Proprietary  ,3,14,17,3,14,17
03115300,GENESEE VALLEY BOCES                    ,NY,14020-1099,Public       ,7,9,16,7,9,16
03120700,NEW YORK CONSERVATORY FOR DRAMATIC ARTS ,NY,10011-4225,Proprietary  ,119,33,152,119,33,152
03127100,YESHIVAS NOVOMINSK                      ,NY,11219-0000,Private      ,0,1,1,0,1,1
03169300,STUDIO JEWELERS                         ,NY,10016-4112,Proprietary  ,1,4,5,1,4,5
03172400,CALIBER TRAINING INSTITUTE              ,NY,10018-6504,Proprietary  ,0,3,3,0,3,3
03191300,CUNY SCHOOL OF LAW @ QUEENS COLLEGE     ,NY,11367-0000,Public       ,58,547,605,58,547,605
03193300,MANHATTAN SCHOOL OF COMPUTER TECH       ,NY,11230-1617,Private      ,9,4,13,9,4,13
03203300,NEW YORK INSTITUTE OF MASSAGE           ,NY,14221-6021,Proprietary  ,14,45,59,14,45,59
03208300,GRACE INSTITUTE OF BUSINESS TECH        ,NY,11201-2303,Private      ,0,2,2,0,2,2
03216300,UNIFICATION THEOLOGICAL SEMINARY        ,NY,12507-5021,Private      ,0,3,3,0,3,3
03315300,HARLEM SCHOOL OF TECHNOLOGY             ,NY,10027-4426,Proprietary  ,2,1,3,2,1,3
03328300,FRANKLIN CAREER INSTITUTE               ,NY,11550-3003,Private      ,41,137,178,41,137,178
03342400,AMERICAN BARBER INSTITUTE               ,NY,10001-5271,Proprietary  ,5,20,25,5,20,25
03358300,ALLEN SCHOOL                            ,NY,11432-4901,Proprietary  ,3,6,9,3,6,9
03361500,WILLSEY INSTITUTE                       ,NY,10301-1989,Proprietary  ,0,1,1,0,1,1
03380300,CULINARY ACADEMY OF LONG ISLAND         ,NY,11791-5311,Proprietary  ,9,5,14,9,5,14
03419400,NORTHEASTERN SEMINARY                   ,NY,14624-1997,Private      ,0,24,24,0,24,24
03426400,ANTHEM INSTITUTE                        ,NY,10018-0000,Proprietary  ,91,235,326,91,235,326
03433500,LIA SCHORR INSTITUTE OF COSMETIC SK     ,NY,10022-2614,Proprietary  ,2,3,5,2,3,5
03443300,NEW YORK COLLEGE OF TRADITIONAL CHINESE ,NY,11501-0000,Private      ,2,7,9,2,7,9
03537300,NEW YORK AUTOMOTIVE & DIESEL INSTIT     ,NY,11101-0000,Proprietary  ,22,43,65,22,43,65
03568300,LEON STUDIO ONE SCHOOL OF HAIR DESI     ,NY,14221-5323,Proprietary  ,1,4,5,1,4,5
03651300,SAINT JOSEPH'S MEDICAL CENTER SCHOO     ,NY,10701-4080,Private      ,2,0,2,2,0,2
03652300,METROPOLITAN LEARNING INSTITUTE         ,NY,11375-0000,Private      ,0,1,1,0,1,1
03691300,USA BEAUTY SCHOOL INTERNATIONAL         ,NY,10013-3530,Proprietary  ,3,2,5,3,2,5
03773300,CENTER FOR NATURAL WELLNESS SCHOOL OF MA,NY,12205-1601,Proprietary  ,4,9,13,4,9,13
03819400,HUDSON VALLEY SCHOOL OF ADVANCED AESTHET,NY,12493-0000,Proprietary  ,11,0,11,11,0,11
03839300,AVEDA INSTITUTE NEW YORK                ,NY,10013-1522,Proprietary  ,14,22,36,14,22,36
03881300,UNION GRADUATE COLLEGE                  ,NY,12308-3103,Private      ,3,34,37,3,34,37
03903400,AMERICAN BEAUTY SCHOOL                  ,NY,10462-8003,Proprietary  ,4,2,6,4,2,6
03941400,ELITE ACADEMY OF BEAUTY ARTS            ,NY,11223-1630,Proprietary  ,0,3,3,0,3,3
00267808,BRYANT & STRATTON COLLEGE - PARMA       ,OH,44130-0000,Proprietary  ,108,754,862,108,754,862
00301000,ANTIOCH UNIVERSITY                      ,OH,45387-1608,Private      ,390,44,434,390,44,434
00301001,ANTIOCH UNIVERSITY MCGREGOR             ,OH,45387-0000,Private      ,6,135,141,6,135,141
00301010,ANTIOCH UNIVERSITY                      ,OH,45387-0000,Private      ,22,38,60,22,38,60
00301100,ART ACADEMY OF CINCINNATI               ,OH,45202-7106,Private      ,125,14,139,125,14,139
00301200,ASHLAND UNIVERSITY                      ,OH,44805-3799,Private      ,2284,849,3133,2284,849,3133
00301300,ATHENAEUM OF OHIO                       ,OH,45230-2000,Private      ,1,0,1,1,0,1
00301400,BALDWIN-WALLACE COLLEGE                 ,OH,44017-2088,Private      ,2846,478,3324,2846,478,3324
00301600,BLUFFTON UNIVERSITY                     ,OH,45817-2104,Private      ,897,73,970,897,73,970
00301800,BOWLING GREEN STATE UNIVERSITY          ,OH,43403-0001,Public       ,10519,2089,12608,10519,2089,12608
00302300,CAPITAL UNIVERSITY                      ,OH,43209-2394,Private      ,2403,1093,3496,2403,1093,3496
00302400,CASE WESTERN RESERVE UNIV               ,OH,44106-0000,Private      ,3902,324,4226,3902,324,4226
00302401,CASE WESTERN RESERVE UNIV - MED         ,OH,44106-0000,Private      ,26,665,691,26,665,691
00302402,CASE WESTERN RESERVE UNIV - DENTAL      ,OH,44106-0000,Private      ,8,185,193,8,185,193
00302403,CASE WESTERN RESERVE UNIV - LAW         ,OH,44106-0000,Private      ,4,698,702,4,698,702
00302404,CASE WESTERN RESERVE UNIV - UG          ,OH,44106-0000,Private      ,415,29,444,415,29,444
00302405,CASE WESTERN RESERVE UNIV - MSASS       ,OH,44106-0000,Private      ,3,260,263,3,260,263
00302406,CASE WESTERN RESERVE UNIV - NURS UG     ,OH,44106-0000,Private      ,126,46,172,126,46,172
00302407,CASE WESTERN RESERVE UNIV - WSOM        ,OH,44106-0000,Private      ,10,94,104,10,94,104
00302408,CASE WESTERN RESERVE UNIV -A&S GRAD     ,OH,44106-0000,Private      ,14,109,123,14,109,123
00302409,CASE WESTERN RESERVE UNIV -ENG GRAD     ,OH,44106-0000,Private      ,26,53,79,26,53,79
00302410,CASE WESTERN RESERVE UNIV -NURS GRD     ,OH,44106-0000,Private      ,13,148,161,13,148,161
00302500,CEDARVILLE UNIVERSITY                   ,OH,45314-8564,Private      ,2445,63,2508,2445,63,2508
00302600,CENTRAL STATE UNIVERSITY                ,OH,45384-1004,Public       ,1574,365,1939,1574,365,1939
00302900,CINCINNATI CHRISTIAN UNIVERSITY         ,OH,45204-3200,Private      ,268,135,403,268,135,403
00303000,OHIO CHRISTIAN UNIVERSITY               ,OH,43113-9487,Private      ,75,79,154,75,79,154
00303100,CLEVELAND INSTITUTE OF MUSIC            ,OH,44106-1776,Private      ,445,331,776,445,331,776
00303200,CLEVELAND STATE UNIVERSITY              ,OH,44115-2214,Public       ,3573,3980,7553,3573,3980,7553
00303300,COLLEGE OF MT ST JOSEPH                 ,OH,45233-1670,Private      ,954,440,1394,954,440,1394
00303500,OHIO DOMINICAN UNIVERSITY               ,OH,43219-2099,Private      ,1649,710,2359,1649,710,2359
00303600,FRANCISCAN UNIV OF STEUBENVILLE         ,OH,43952-1763,Private      ,1205,207,1412,1205,207,1412
00303700,COLLEGE OF WOOSTER                      ,OH,44691-2363,Private      ,1757,11,1768,1757,11,1768
00303900,COLUMBUS COLLEGE OF ART AND DESIGN      ,OH,43215-1758,Private      ,1113,164,1277,1113,164,1277
00304000,CUYAHOGA COMMUNITY COLLEGE              ,OH,44115-2878,Public       ,1248,3200,4448,1248,3200,4448
00304001,CUYAHOGA COMMUNITY CLG-EASTERN CAM      ,OH,44122-6195,Public       ,184,361,545,184,361,545
00304002,CUYAHOGA COMMUNITY CLG-METRO CAMPUS     ,OH,44115-0000,Public       ,255,589,844,255,589,844
00304003,CUYAHOGA COMMUNITY CLG-WESTERN CMPS     ,OH,44130-0000,Public       ,463,421,884,463,421,884
00304100,"DEFIANCE COLLEGE, THE                   ",OH,43512-1695,Private      ,778,155,933,778,155,933
00304200,DENISON UNIVERSITY                      ,OH,43023-1329,Private      ,1967,10,1977,1967,10,1977
00304300,CHANCELLOR UNIVERSITY                   ,OH,44114-1096,Proprietary  ,40,215,255,40,215,255
00304400,TRINITY LUTHERAN SEMINARY               ,OH,43209-0000,Private      ,0,57,57,0,57,57
00304500,UNIVERSITY OF FINDLAY                   ,OH,45840-3695,Private      ,1884,449,2333,1884,449,2333
00304600,FRANKLIN UNIVERSITY                     ,OH,43215-5399,Private      ,310,3304,3614,310,3304,3614
00304606,FRANKLIN UNIVERSITY - NORTHWEST         ,OH,43019-5331,Private      ,0,5,5,0,5,5
00304608,FRANKLIN UNIVERSITY - NORTHEAST         ,OH,43081-1111,Private      ,1,11,12,1,11,12
00304700,HEBREW UNION COLLEGE MAIN CAMPUS        ,OH,45220-0000,Private      ,0,32,32,0,32,32
00304800,HEIDELBERG UNIVERSITY                   ,OH,44883-2462,Private      ,1133,123,1256,1133,123,1256
00304900,HIRAM COLLEGE                           ,OH,44234-1808,Private      ,1042,82,1124,1042,82,1124
00305000,JOHN CARROLL UNIVERSITY                 ,OH,44118-4581,Private      ,2947,348,3295,2947,348,3295
00305100,KENT STATE UNIV - KENT CAMPUS           ,OH,44242-0001,Public       ,10682,3194,13876,10682,3194,13876
00305101,KENT STATE UNIV - GEAUGA CAMPUS         ,OH,44021-0000,Public       ,115,106,221,115,106,221
00305102,KENT STATE UNIV - STARK CAMPUS          ,OH,44720-0000,Public       ,758,531,1289,758,531,1289
00305103,KENT STATE UNIV - TUSCARAWAS CAMPUS     ,OH,44663-0000,Public       ,349,330,679,349,330,679
00305104,KENT STATE UNIV - TRUMBULL CAMPUS       ,OH,44483-0000,Public       ,338,497,835,338,497,835
00305105,KENT STATE UNIV - ASHTABULA CAMPUS      ,OH,44004-0000,Public       ,250,367,617,250,367,617
00305106,KENT STATE UNIV -E.LIVERPOOL CAMPUS     ,OH,43920-0000,Public       ,131,232,363,131,232,363
00305107,KENT STATE UNIV - SALEM CAMPUS          ,OH,44460-0000,Public       ,310,290,600,310,290,600
00306500,KENYON COLLEGE                          ,OH,43022-9623,Private      ,2042,21,2063,2042,21,2063
00306600,LAKE ERIE COLLEGE                       ,OH,44077-3389,Private      ,668,117,785,668,117,785
00306800,LORAIN COUNTY COMMUNITY COLLEGE         ,OH,44035-1691,Public       ,741,1114,1855,741,1114,1855
00306900,LOURDES COLLEGE                         ,OH,43560-2898,Private      ,281,621,902,281,621,902
00307200,MALONE UNIVERSITY                       ,OH,44709-3897,Private      ,1571,431,2002,1571,431,2002
00307300,MARIETTA COLLEGE                        ,OH,45750-4033,Private      ,1753,123,1876,1753,123,1876
00307500,METHODIST THEOLOGICAL SCH IN OHIO       ,OH,43015-0000,Private      ,0,99,99,0,99,99
00307600,MIAMI-JACOBS COLLEGE                    ,OH,45401-0000,Proprietary  ,30,257,287,30,257,287
00307602,MIAMI - JACOBS CAREER COLLEGE - SPRINGBO,OH,45066-1115,Proprietary  ,12,101,113,12,101,113
00307603,MIAMI - JACOBS CAREER COLLEGE - TROY    ,OH,45373-3837,Proprietary  ,7,24,31,7,24,31
00307700,MIAMI UNIVERSITY                        ,OH,45056-1831,Public       ,12472,1807,14279,12472,1807,14279
00307800,WRIGHT STATE UNIVERSITY                 ,OH,45435-0002,Public       ,7123,3579,10702,7123,3579,10702
00308300,MOUNT UNION COLLEGE                     ,OH,44601-3993,Private      ,2064,54,2118,2064,54,2118
00308400,MUSKINGUM UNIVERSITY                    ,OH,43762-1199,Private      ,1348,120,1468,1348,120,1468
00308500,NOTRE DAME COLLEGE OF OHIO              ,OH,44121-4293,Private      ,633,276,909,633,276,909
00308600,OBERLIN COLLEGE                         ,OH,44074-1090,Private      ,3233,52,3285,3233,52,3285
00308800,OHIO COLLEGE OF PODIATRIC MEDICINE      ,OH,44131-7304,Private      ,3,180,183,3,180,183
00308900,OHIO NORTHERN UNIVERSITY                ,OH,45810-1555,Private      ,2819,584,3403,2819,584,3403
00309000,OHIO STATE UNIVERSITY-ALL CAMPUSES      ,OH,43210-1358,Public       ,32097,14006,46103,32097,14006,46103
00310000,OHIO UNIVERSITY                         ,OH,45701-2979,Public       ,12520,2151,14671,12520,2151,14671
00310002,"OHIO UNIVERSITY, ZANESVILLE CAMPUS      ",OH,43701-0000,Public       ,551,553,1104,551,553,1104
00310003,"OHIO UNIVERSITY, LANCASTER CAMPUS       ",OH,43130-0000,Public       ,439,361,800,439,361,800
00310004,"OHIO UNIVERSITY, SOUTHERN CAMPUS        ",OH,45638-0000,Public       ,416,530,946,416,530,946
00310005,"OHIO UNIVERSITY, CHILLICOTHE CAMPUS     ",OH,45601-0000,Public       ,314,554,868,314,554,868
00310006,"OHIO UNIVERSITY, EASTERN CAMPUS         ",OH,43950-0000,Public       ,275,96,371,275,96,371
00310008,OHIO UNIV COLL OF OSTEOPATHIC MED       ,OH,45701-0000,Public       ,12,209,221,12,209,221
00310900,OHIO WESLEYAN UNIVERSITY                ,OH,43015-2398,Private      ,2191,56,2247,2191,56,2247
00311000,OTTERBEIN COLLEGE                       ,OH,43081-2006,Private      ,2569,368,2937,2569,368,2937
00311300,PONTIFICAL COLLEGE JOSEPHINUM           ,OH,43235-1498,Private      ,18,8,26,18,8,26
00311401,FIRELANDS REGIONAL MEDICAL CENTER       ,OH,44870-4788,Private      ,28,71,99,28,71,99
00311500,RABBINICAL COLLEGE OF TELSHE            ,OH,44092-2584,Private      ,3,0,3,3,0,3
00311600,UNIV OF RIO GRANDE                      ,OH,45674-3131,Private      ,984,561,1545,984,561,1545
00311900,SINCLAIR COMMUNITY COLLEGE              ,OH,45402-1460,Public       ,1772,2683,4455,1772,2683,4455
00312100,TIFFIN UNIVERSITY                       ,OH,44883-2161,Private      ,971,481,1452,971,481,1452
00312200,UNITED THEOLOGICAL SEMINARY             ,OH,45406-0000,Private      ,0,47,47,0,47,47
00312300,UNIVERSITY OF AKRON                     ,OH,44325-6211,Public       ,9449,4660,14109,9449,4660,14109
00312500,UNIVERSITY OF CINCINNATI                ,OH,45221-0125,Public       ,10510,6135,16645,10510,6135,16645
00312504,UNIVERSITY OF CINCINNATI - COLLEGE OF ME,OH,45267-0553,Public       ,53,391,444,53,391,444
00312700,UNIVERSITY OF DAYTON                    ,OH,45469-0002,Private      ,6611,1336,7947,6611,1336,7947
00313100,UNIVERSITY OF TOLEDO                    ,OH,43606-3390,Public       ,8901,2809,11710,8901,2809,11710
00313101,UNIVERSITY OF TOLEDO - HEALTH SCIENCE CA,OH,43614-2598,Public       ,238,580,818,238,580,818
00313300,URBANA UNIVERSITY                       ,OH,43078-2091,Private      ,474,188,662,474,188,662
00313400,URSULINE COLLEGE                        ,OH,44124-4398,Private      ,499,471,970,499,471,970
00313500,WALSH UNIVERSITY                        ,OH,44720-3396,Private      ,1620,418,2038,1620,418,2038
00314100,WILBERFORCE UNIVERSITY                  ,OH,45384-1001,Private      ,751,230,981,751,230,981
00314200,WILMINGTON COLLEGE                      ,OH,45177-2499,Private      ,1301,197,1498,1301,197,1498
00314300,WITTENBERG UNIVERSITY                   ,OH,45501-2199,Private      ,2299,71,2370,2299,71,2370
00314400,XAVIER UNIVERSITY                       ,OH,45207-1035,Private      ,3514,989,4503,3514,989,4503
00314500,YOUNGSTOWN STATE UNIVERSITY             ,OH,44555-0001,Public       ,4698,2498,7196,4698,2498,7196
00398200,CLEVELAND INSTITUTE OF ART              ,OH,44106-1700,Private      ,482,63,545,482,63,545
00406000,WINEBRENNER THEOLOGICAL SEMINARY        ,OH,45840-0000,Private      ,0,11,11,0,11,11
00485200,CLARK STATE COMMUNITY COLLEGE           ,OH,45505-4795,Public       ,318,830,1148,318,830,1148
00485300,BRADFORD SCHOOL                         ,OH,43219-0000,Proprietary  ,62,37,99,62,37,99
00485500,DAVIS COLLEGE                           ,OH,43623-4307,Proprietary  ,14,115,129,14,115,129
00486100,UNIVERSITY OF NORTHWESTERN OHIO         ,OH,45805-1498,Private      ,1866,336,2202,1866,336,2202
00486600,STAUTZENBERGER COLLEGE                  ,OH,43537-4007,Proprietary  ,39,179,218,39,179,218
00510200,SCH OF DIAGNOSTIC IMAGING-CLEVELAND     ,OH,44119-0000,Private      ,2,10,12,2,10,12
00512700,BROWN MACKIE COLLEGE-CINCINNATI         ,OH,45215-1107,Proprietary  ,76,431,507,76,431,507
00531300,NORTH CENTRAL STATE COLLEGE             ,OH,44901-0000,Public       ,400,719,1119,400,719,1119
00575300,OWENS STATE COMMUNITY COLLEGE           ,OH,43699-0000,Public       ,1406,2212,3618,1406,2212,3618
00648700,AULTMAN COLLEGE OF NURSING AND HEALTH SC,OH,44710-1799,Private      ,60,106,166,60,106,166
00648900,CHRIST HOSP SCH OF NURSING              ,OH,45219-2989,Private      ,62,77,139,62,77,139
00649400,GOOD SAMARITAN COLG-NURSING/HEALTH      ,OH,45220-2489,Private      ,63,98,161,63,98,161
00649800,MERIDIA HURON SCHOOL OF NURSING         ,OH,44112-4308,Private      ,9,77,86,9,77,86
00650700,TRINIT HEALTH SYSTEM SCH OF NURSING     ,OH,43952-2667,Private      ,29,47,76,29,47,76
00680400,LAKELAND COMMUNITY COLLEGE              ,OH,44094-5198,Public       ,831,1246,2077,831,1246,2077
00686700,COLUMBUS STATE COMMUNITY COLLEGE        ,OH,43215-1786,Public       ,3272,5231,8503,3272,5231,8503
00703500,KETTERING COLLEGE OF MEDICAL ARTS       ,OH,45429-1299,Private      ,261,321,582,261,321,582
00708500,MOUNT VERNON NAZARENE UNIVERSITY        ,OH,43050-9500,Private      ,938,135,1073,938,135,1073
00708501,MOUNT VERNON NAZARENE UNIV - AGS        ,OH,43050-0000,Private      ,27,207,234,27,207,234
00727500,EASTERN GATEWAY COMMUNITY COLLEGE       ,OH,43952-3598,Public       ,196,291,487,196,291,487
00747300,CHOFFIN CAREER & TECHNICAL CENTER       ,OH,44503-1628,Public       ,10,67,77,10,67,77
00759800,HOCKING TECHNICAL COLLEGE               ,OH,45764-9582,Public       ,1247,866,2113,1247,866,2113
00777700,REMINGTON COLLEGE - CLEVELAND CAMPUS    ,OH,44125-1957,Proprietary  ,11,73,84,11,73,84
00777704,REMINGTON COLLEGE-CLEVELAND WEST CAMPUS ,OH,44070-3129,Proprietary  ,22,92,114,22,92,114
00812900,ADULT AND COMMUNITY EDUCATION @ HUDSON  ,OH,43211-2017,Public       ,12,74,86,12,74,86
00813200,TOLEDO SCHOOL OF PRACTICAL NURSING      ,OH,43613-5110,Public       ,18,76,94,18,76,94
00813300,ZANE STATE COLLEGE                      ,OH,43701-2626,Public       ,373,575,948,373,575,948
00819400,AKRON SCHOOL OF PRACTICAL NRSG          ,OH,44311-0000,Public       ,22,36,58,22,36,58
00827800,TERRA COMMUNITY COLLEGE                 ,OH,43420-9670,Public       ,169,281,450,169,281,450
00867700,NORTHWEST STATE COMMUNITY COLLEGE       ,OH,43502-9542,Public       ,302,492,794,302,492,794
00888600,PORTAGE LAKES CAREER CENTER             ,OH,44232-0000,Public       ,3,12,15,3,12,15
00908800,ITT TECHNICAL INSTITUTE                 ,OH,45414-3456,Proprietary  ,59,118,177,59,118,177
00915600,WAYNE COUNTY SCHOOLS CAREER CENTER      ,OH,44677-9672,Public       ,8,64,72,8,64,72
00917200,SPRINGFIELD REGIONAL SCHOOL OF NURSING  ,OH,45501-0000,Private      ,22,54,76,22,54,76
00941200,NATIONAL INSTITUTE OF TECHNOLOGY        ,OH,44221-2998,Proprietary  ,24,54,78,24,54,78
00945101,BROWN MACKIE COLLEGE-NORTH CANTON       ,OH,44720-0000,Proprietary  ,18,163,181,18,163,181
00953000,GERBER AKRON BEAUTY SCHOOL              ,OH,44333-3714,Proprietary  ,5,17,22,5,17,22
00953100,SPA SCHOOL (THE)                        ,OH,43214-1524,Proprietary  ,5,16,21,5,16,21
00966000,TIFFIN ACADEMY OF HAIR DESIGN           ,OH,44883-2833,Proprietary  ,11,19,30,11,19,30
00983700,ITT TECHNICAL INSTITUTE                 ,OH,44509-4098,Proprietary  ,65,140,205,65,140,205
00994100,BELMONT TECHNICAL COLLEGE               ,OH,43950-9766,Public       ,296,287,583,296,287,583
00994200,SHAWNEE STATE UNIVERSITY                ,OH,45662-4344,Public       ,1618,590,2208,1618,590,2208
01001700,PAYNE THEOLOGICAL SEMINARY              ,OH,45384-0474,Private      ,0,27,27,0,27,27
01002700,JAMES A. RHODES STATE COLLEGE           ,OH,45804-3597,Public       ,602,727,1329,602,727,1329
01016800,NATIONWIDE BEAUTY ACADEMY               ,OH,43228-1000,Proprietary  ,34,86,120,34,86,120
01028000,OHIO STATE BEAUTY ACADEMY               ,OH,45801-4950,Proprietary  ,20,21,41,20,21,41
01032300,HANNAH E MULLINS SCH-PRAC NRSG          ,OH,44460-2906,Public       ,4,29,33,4,29,33
01034500,CINCINNATI STATE TECH & COMM CLG        ,OH,45223-2690,Public       ,1178,1798,2976,1178,1798,2976
01045300,WASHINGTON STATE CMTY COLLEGE           ,OH,45750-9225,Public       ,352,356,708,352,356,708
01063000,NORTHERN INSTITUTE OF COSMETOLOGY       ,OH,44052-1803,Proprietary  ,2,4,6,2,4,6
01073600,MARION TECHNICAL COLLEGE                ,OH,43302-5694,Public       ,214,368,582,214,368,582
01088000,CHATFIELD COLLEGE                       ,OH,45118-9705,Private      ,13,26,39,13,26,39
01088100,STARK STATE COLLEGE OF TECHNOLOGY       ,OH,44720-7299,Public       ,835,1511,2346,835,1511,2346
01090600,CINCINNATI CLG OF MORTUARY SCIENCE      ,OH,45224-1428,Private      ,44,54,98,44,54,98
01092300,UNION INSTITUTE & UNIVERSITY            ,OH,45206-1925,Private      ,10,543,553,10,543,553
01096200,MOORE UNIV OF HAIR DESIGN               ,OH,45213-0000,Proprietary  ,1,7,8,1,7,8
01099300,HOBART INSTITUTE OF WELDING TECHNOLOGY  ,OH,45373-2400,Private      ,59,25,84,59,25,84
01100500,KAPLAN COLLEGE                          ,OH,43232-4827,Proprietary  ,36,178,214,36,178,214
01104600,CENTRAL OHIO TECHNICAL COLLEGE          ,OH,43055-1767,Public       ,605,1410,2015,605,1410,2015
01170300,PENTA COUNTY JOINT VOCATIONAL SCH       ,OH,43551-0000,Public       ,1,15,16,1,15,16
01174400,NATIONAL BEAUTY COLLEGE                 ,OH,44720-0000,Proprietary  ,11,34,45,11,34,45
01174500,OHIO TECHNICAL COLLEGE                  ,OH,44103-1228,Proprietary  ,445,88,533,445,88,533
01182500,OHIO STATE SCHOOL OF COSMETOLOGY        ,OH,43224-1107,Proprietary  ,20,19,39,20,19,39
01212800,SOUTHWESTERN COLLEGE                    ,OH,45402-3003,Proprietary  ,11,79,90,11,79,90
01212802,SOUTHWESTERN COLLEGE                    ,OH,45005-2267,Proprietary  ,5,37,42,5,37,42
01212803,SOUTHWESTERN COLLEGE                    ,OH,45202-4304,Proprietary  ,7,67,74,7,67,74
01212804,SOUTHWESTERN COLLEGE                    ,OH,45246-3121,Proprietary  ,17,203,220,17,203,220
01216600,CAROUSEL BEAUTY COLLEGE                 ,OH,45402-8935,Proprietary  ,5,17,22,5,17,22
01224800,CENTRAL SCHOOL OF PRACTICAL NURSING     ,OH,44103-4371,Private      ,13,69,82,13,69,82
01267200,CAROUSEL BEAUTY COLLEGE                 ,OH,45044-5113,Proprietary  ,1,3,4,1,3,4
01267400,CAROUSEL OF MIAMI VALLEY BEAUTY CLG     ,OH,45424-2063,Proprietary  ,0,3,3,0,3,3
01275000,EDISON COMMUNITY COLLEGE                ,OH,45356-9239,Public       ,302,614,916,302,614,916
01284800,MOLER-HOLLYWOOD BEAUTY COLLEGE          ,OH,45202-2577,Proprietary  ,0,11,11,0,11,11
01287000,SOUTHERN STATE COMMUNITY COLLEGE        ,OH,45133-9406,Public       ,303,559,862,303,559,862
01289100,ANTONELLI COLLEGE                       ,OH,45202-2592,Proprietary  ,41,188,229,41,188,229
01289600,VIRGINIA MARTI COLLEGE OF ART AND DESIGN,OH,44107-0778,Proprietary  ,69,28,97,69,28,97
01313200,INTERNATIONAL CLG OF BROADCASTING       ,OH,45431-1898,Proprietary  ,9,17,26,9,17,26
02052000,OHIO INST OF PHOTOGRAPHY & TECHNOLOGY   ,OH,45439-1984,Proprietary  ,72,150,222,72,150,222
02054300,TRUMBULL BUSINESS COLLEGE               ,OH,44484-0000,Proprietary  ,17,78,95,17,78,95
02056800,DAYMAR COLLEGE                          ,OH,45601-1038,Proprietary  ,3,30,33,3,30,33
02056802,DAYMAR COLLEGE - LANCASTER              ,OH,43130-0000,Proprietary  ,0,6,6,0,6,6
02056803,DAYMAR COLLEGE - NEW BOSTON             ,OH,45662-4900,Proprietary  ,2,6,8,2,6,8
02056804,DAYMAR COLLEGE - JACKSON                ,OH,45640-1728,Proprietary  ,0,7,7,0,7,7
02066100,OHIO STATE COLLEGE/BARBER STYLING       ,OH,43213-0000,Proprietary  ,7,14,21,7,14,21
02069500,AKRON INSTITUTE                         ,OH,44306-0000,Proprietary  ,34,227,261,34,227,261
02073300,GALLIA-JACKSON-VINTON SCH ADULT ED      ,OH,45674-0000,Public       ,15,52,67,15,52,67
02077800,CENTURY SCHOOL OF COSMETOLOGY           ,OH,43952-0000,Proprietary  ,4,4,8,4,4,8
02110700,CLEVELAND INST OF DENTAL-MED ASST       ,OH,44115-2285,Proprietary  ,26,118,144,26,118,144
02116009,SANFORD-BROWN COLLEGE - MIDDLEBURG HEIGH,OH,44130-8362,Proprietary  ,35,255,290,35,255,290
02116900,UPPER VALLEY JVS                        ,OH,45356-0000,Public       ,4,32,36,4,32,36
02117300,GREAT OAKS INSTITUTE OF TECHNOLOGY      ,OH,45241-1581,Public       ,45,227,272,45,227,272
02128600,THE ART INSTITUTE OF CINCINNATI         ,OH,45246-0000,Proprietary  ,81,16,97,81,16,97
02140700,COMMUNITY EDUCATIONAL SERVICES          ,OH,44702-1710,Public       ,1,64,65,1,64,65
02152100,ACADEMY OF COURT REPORTING AND TECHNOLOG,OH,44115-0000,Proprietary  ,9,23,32,9,23,32
02158500,OHIO BUSINESS COLLEGE                   ,OH,44055-3344,Proprietary  ,2,23,25,2,23,25
02158501,OHIO BUSINESS COLLEGE                   ,OH,44870-9953,Proprietary  ,4,16,20,4,16,20
02163900,BEATRICE ACADEMY OF BEAUTY              ,OH,44106-0000,Proprietary  ,0,13,13,0,13,13
02168100,TRI-COUNTY JOINT VOCATIONAL SCHOOL      ,OH,45764-0000,Public       ,4,30,34,4,30,34
02187900,ASHTABULA CO JOINT VOC SCH ADULT ED     ,OH,44047-0000,Public       ,2,18,20,2,18,20
02189000,ADULT CENTER FOR EDUCATION              ,OH,43701-0000,Public       ,11,31,42,11,31,42
02190700,RETS TECH CENTER                        ,OH,45459-0000,Proprietary  ,56,286,342,56,286,342
02192100,BUTLER TECHNOLOGY AND CAREER DEVELOPMENT,OH,45011-0000,Public       ,16,89,105,16,89,105
02196300,COLLINS CAREER CENTER                   ,OH,45619-0000,Public       ,36,115,151,36,115,151
02210800,MEDINA COUNTY CAREER CENTER             ,OH,44256-0000,Public       ,4,15,19,4,15,19
02215400,OHIO STATE SCHOOL OF COSMETOLOGY        ,OH,43207-0000,Proprietary  ,18,16,34,18,16,34
02220500,GOD'S BIBLE SCHOOL & COLLEGE            ,OH,45210-0000,Private      ,32,6,38,32,6,38
02220800,CAREER & TECHNOLOGY EDUCATION CENTERS OF,OH,43055-0000,Public       ,4,25,29,4,25,29
02239800,PIONEER CAREER & TECHNOLOGY CENTER      ,OH,44875-0000,Public       ,2,10,12,2,10,12
02245600,WARREN COUNTY CAREER CENTER             ,OH,45036-0000,Public       ,2,3,5,2,3,5
02246300,INSTITUTE OF MEDICAL-DENTAL TECH        ,OH,45246-3317,Proprietary  ,6,17,23,6,17,23
02261400,COLLEGE OF ART ADVERTISING              ,OH,45211-0000,Proprietary  ,2,1,3,2,1,3
02263700,MIAMI VALLEY CAREER TECHNOLOGY CTR      ,OH,45315-0000,Public       ,17,82,99,17,82,99
02269400,EASTERN HILLS ACAD OF HAIR DESIGN       ,OH,45255-0000,Proprietary  ,4,13,17,4,13,17
02269500,WESTERN HILLS SCHOOL OF BEAUTY & HAIR DE,OH,45211-0000,Proprietary  ,8,57,65,8,57,65
02270100,OHIO HI-POINT CAREER CENTER             ,OH,43311-0000,Public       ,8,41,49,8,41,49
02272700,COLUMBIANA COUNTY CAREER CENTER         ,OH,44432-0000,Public       ,2,19,21,2,19,21
02287900,RAPHAEL'S SCHOOL OF BEAUTY CULTURE      ,OH,44446-0000,Proprietary  ,5,11,16,5,11,16
02301400,OHIO VALLEY COLLEGE OF TECHNOLOGY       ,OH,43920-0000,Proprietary  ,1,14,15,1,14,15
02303600,BOHECKER'S BUSINESS COLLEGE             ,OH,44266-0000,Proprietary  ,53,229,282,53,229,282
02304700,TRI-RIVERS CAREER CENTER                ,OH,43302-0000,Public       ,10,27,37,10,27,37
02311200,AMERICAN SCHOOL OF TECHNOLOGY           ,OH,43229-0000,Proprietary  ,4,16,20,4,16,20
02315500,TOLEDO ACADEMY OF BEAUTY CULTURE - EAST ,OH,43616-0000,Proprietary  ,3,26,29,3,26,29
02328500,MOLER-PICKENS BEAUTY COLLEGE            ,OH,45014-0000,Proprietary  ,0,4,4,0,4,4
02334300,INTERNATIONAL ACAD OF HAIR DESIGN       ,OH,45239-0000,Proprietary  ,14,13,27,14,13,27
02336300,KNOX COUNTY CAREER CENTER               ,OH,43050-4298,Public       ,8,77,85,8,77,85
02336700,CUYAHOGA VALLEY CAREER CENTER           ,OH,44141-1296,Public       ,8,61,69,8,61,69
02337700,PROFESSIONAL SKILLS INSTITUTE           ,OH,43607-0000,Proprietary  ,18,230,248,18,230,248
02345600,AKRON MACHINING INSTITUTE               ,OH,44203-0000,Private      ,0,1,1,0,1,1
02351500,WILLOUGHBY EASTLAKE SCH OF PRAC NSG     ,OH,44094-0000,Public       ,7,41,48,7,41,48
02352800,POLARIS CAREER CENTER-ADULT ED DEPT     ,OH,44130-0000,Public       ,8,15,23,8,15,23
02354200,SCIOTO COUNTY JOINT VOCATIONAL SCH      ,OH,45648-0000,Public       ,7,66,73,7,66,73
02454400,NORTHEASTERN OHIO UNIVS COL OF MED      ,OH,44272-0000,Public       ,45,238,283,45,238,283
02497800,GREENE COUNTY CAREER CENTER             ,OH,45385-0000,Public       ,5,20,25,5,20,25
02512600,ADULT VOCATIONAL SERVICES               ,OH,44308-0000,Public       ,3,6,9,3,6,9
02519300,OHIO STATE SCH COSMETOLOGY              ,OH,43068-0000,Proprietary  ,2,6,8,2,6,8
02522700,EASTLAND-FAIRFIELD CAREER AND TECHNICAL ,OH,43125-0000,Public       ,5,34,39,5,34,39
02528300,TDDS TECHNICAL INSTITUTE                ,OH,44429-0000,Proprietary  ,9,31,40,9,31,40
02529500,HAMRICK SCHOOL                          ,OH,44256-0000,Proprietary  ,0,6,6,0,6,6
02541400,TOLEDO ACADEMY OF BEAUTY CULTURE-SO     ,OH,43614-0000,Proprietary  ,5,12,17,5,12,17
02545800,INNER STATE BEAUTY SCHOOLS              ,OH,44124-0000,Proprietary  ,6,31,37,6,31,37
02553000,SCHOOL OF ADVERTISING ART               ,OH,45440-0000,Proprietary  ,49,4,53,49,4,53
02560000,CASAL AVEDA INSTITUTE                   ,OH,44515-0000,Proprietary  ,13,6,19,13,6,19
02560700,PICKAWAY ROSS CO JOINT VOC TECH SCH     ,OH,45601-0000,Public       ,3,45,48,3,45,48
02562300,APOLLO CAREER CENTER-ADULT EDUC         ,OH,45806-0000,Public       ,20,105,125,20,105,125
02563000,RAPHAELS SCHOOL OF BEAUTY CULTURE       ,OH,44601-2847,Proprietary  ,7,11,18,7,11,18
02568600,MAHONING COUNTY CAREER & TECH CENTR     ,OH,44406-0000,Public       ,1,4,5,1,4,5
02582900,KAPLAN CAREER INSTITUTE                 ,OH,44129-6810,Proprietary  ,19,153,172,19,153,172
02586400,TRUMBULL CAREER & TECH CENTER-ADULT     ,OH,44483-1997,Public       ,9,48,57,9,48,57
02588500,OHIO STATE SCHOOL OF COSMETOLOGY        ,OH,43081-0000,Proprietary  ,16,10,26,16,10,26
02599711,VATTEROTT COLLEGE - CLEVELAND           ,OH,44147-3502,Proprietary  ,1,29,30,1,29,30
02603800,LORAIN COUNTY JVS ADULT CAREER CTR      ,OH,44074-9799,Public       ,6,9,15,6,9,15
02614700,SPRINGFIELD CLARK CO JOINT VOC SCH      ,OH,45505-4295,Public       ,0,21,21,0,21,21
02616200,BROWN MACKIE COLLEGE-FINDLAY            ,OH,45840-6848,Proprietary  ,66,101,167,66,101,167
02620000,SANDUSKY CAREER CENTER                  ,OH,44870-4786,Public       ,7,41,48,7,41,48
03007900,GALLIPOLIS CAREER COLLEGE               ,OH,45631-2600,Proprietary  ,5,57,62,5,57,62
03015100,ALLIANCE HIGH SCH-CMTY SERVICES DIV     ,OH,44601-2899,Public       ,5,10,15,5,10,15
03015300,EHOVE CAREER CENTER                     ,OH,44846-9500,Public       ,11,82,93,11,82,93
03023700,MADISON ADULT CAREER CENTER             ,OH,44905-2718,Public       ,7,15,22,7,15,22
03024300,VALLEY BEAUTY SCHOOL                    ,OH,43725-2332,Proprietary  ,3,2,5,3,2,5
03027100,FAIRVIEW ACADEMY                        ,OH,44126-2214,Proprietary  ,1,4,5,1,4,5
03034200,WASHINGTON COUNTY CAREER CENTER ADULT TE,OH,45750-9290,Public       ,6,30,36,6,30,36
03051400,AUBURN CAREER CENTER                    ,OH,44077-9723,Public       ,11,31,42,11,31,42
03051500,US GRANT JOINT VOCATIONAL SCHOOL        ,OH,45106-9502,Public       ,1,2,3,1,2,3
03065800,OHIO INSTITUTE OF HEALTH CAREERS        ,OH,44035-2394,Proprietary  ,14,55,69,14,55,69
03065900,BUCKEYE CAREER CENTER                   ,OH,44663-9437,Public       ,11,48,59,11,48,59
03067600,RAPHAEL'S SCHOOL OF BEAUTY CULTURE      ,OH,44512-2222,Proprietary  ,1,11,12,1,11,12
03068200,OHIO CENTER FOR BROADCASTING            ,OH,44125-4220,Proprietary  ,14,26,40,14,26,40
03071900,MOUNT CARMEL COLLEGE OF NURSING         ,OH,43222-1598,Private      ,352,285,637,352,285,637
03078000,OHIO CENTER FOR BROADCASTING            ,OH,45227-1509,Proprietary  ,8,6,14,8,6,14
03079000,ETI TECHNICAL COLLEGE                   ,OH,44446-4398,Proprietary  ,11,44,55,11,44,55
03084800,DELAWARE AREA CAREER CENTER             ,OH,43015-8969,Public       ,0,1,1,0,1,1
03084801,DELAWARE AREA CAREER CENTER -           ,OH,43015-9001,Public       ,0,2,2,0,2,2
03095600,VANTAGE CAREER CENTER                   ,OH,45891-1378,Public       ,8,32,40,8,32,40
03097000,MERCY COLLEGE OF NORTHWEST OHIO         ,OH,43604-1132,Private      ,177,228,405,177,228,405
03100100,PARAMOUNT BEAUTY ACADEMY                ,OH,45662-4136,Proprietary  ,3,11,14,3,11,14
03105400,CLEVELAND EXTENSION HIGH SCH-WEST       ,OH,44102-2298,Public       ,6,44,50,6,44,50
03116200,DAYTON BARBER COLLEGE                   ,OH,45402-2310,Proprietary  ,7,1,8,7,1,8
03116300,OHIO COLLEGE OF MASSOTHERAPY            ,OH,44321-1363,Private      ,12,35,47,12,35,47
03116400,VANGUARD-SENTINELL VOC SCH DISTRICT     ,OH,43420-1197,Public       ,1,2,3,1,2,3
03117000,ASHLAND COUNTY-W HOLMES CAREER CTR      ,OH,44805-0000,Public       ,4,18,22,4,18,22
03200500,YOUNGSTOWN COLLEGE OF MASSOTHERAPY      ,OH,44471-2321,Proprietary  ,3,13,16,3,13,16
03319300,CREATIVE IMAGES-A CERTIFIED MATRIX      ,OH,45414-2557,Proprietary  ,1,18,19,1,18,19
03319301,CREATIVE IMAGES-A CERTIFIED MATRIX      ,OH,45459-0000,Proprietary  ,9,14,23,9,14,23
03425300,ROSEDALE BIBLE COLLEGE                  ,OH,43029-9517,Private      ,23,3,26,23,3,26
03457300,ALLEGHENY WESLEYAN COLLEGE              ,OH,44460-9598,Private      ,3,0,3,3,0,3
03468400,NATIONAL INSTITUTE OF MASSOTHERAPY      ,OH,44319-2100,Proprietary  ,1,10,11,1,10,11
03468500,ATS INSTITUTE OF TECHNOLOGY             ,OH,44143-2216,Proprietary  ,11,117,128,11,117,128
03475400,TRI-STATE BIBLE COLLEGE                 ,OH,45680-8402,Private      ,1,5,6,1,5,6
03534400,AMERICAN INST OF ALTERNATIVE MEDICI     ,OH,43229-1113,Proprietary  ,8,30,38,8,30,38
03578300,TRI-STATE COLLEGE                       ,OH,44452-8535,Proprietary  ,2,3,5,2,3,5
03586400,MED CENTRAL COLLEGE OF NURSING          ,OH,44903-2265,Private      ,182,118,300,182,118,300
03626300,BROWN AVEDA INSTITUTE                   ,OH,44060-6212,Proprietary  ,29,34,63,29,34,63
03659300,COMPUTER QUEST LTD.                     ,OH,44130-3034,Proprietary  ,1,21,22,1,21,22
03693300,CARNEGIE INST OF INTEGRATIVE MED/MASSOTH,OH,44260-9608,Private      ,0,3,3,0,3,3
03700300,REGENCY BEAUTY INSTITUTE - CLEVELAND    ,OH,44094-0000,Proprietary  ,0,11,11,0,11,11
03726300,TEMPLE BAPTIST COLLEGE                  ,OH,45240-0000,Private      ,4,4,8,4,4,8
03747300,BEXLEY HALL SEMINARY                    ,OH,43209-2325,Private      ,0,3,3,0,3,3
03776400,HEALING ARTS INSTITUTE                  ,OH,43551-3138,Proprietary  ,1,11,12,1,11,12
03837300,AVEDA FREDRIC'S INSTITUTE               ,OH,45208-1304,Proprietary  ,13,7,20,13,7,20
03882300,OREGON CAREER CENTER                    ,OH,43616-2631,Public       ,0,3,3,0,3,3
04074300,HONDROS COLLEGE                         ,OH,43081-3855,Proprietary  ,2,22,24,2,22,24
04117300,DAYTON SCHOOL OF MEDICAL MASSAGE        ,OH,45429-1111,Proprietary  ,10,19,29,10,19,29
        ,INVALID SCHOOL CODE                     ,  ,00000-0000,,5990,4078,10068,5990,4078,10068
00134500,ADAMS STATE COLLEGE                     ,CO,81102-2373,Public       ,985,416,1401,985,416,1401
00134600,ARAPAHOE COMMUNITY COLLEGE              ,CO,80160-9002,Public       ,379,683,1062,379,683,1062
00134700,COLORADO COLLEGE                        ,CO,80903-3294,Private      ,2140,131,2271,2140,131,2271
00134800,COLORADO SCHOOL OF MINES                ,CO,80401-1887,Public       ,2773,324,3097,2773,324,3097
00134900,UNIVERSITY OF NORTHERN COLORADO         ,CO,80639-0001,Public       ,6100,1731,7831,6100,1731,7831
00135000,COLORADO STATE UNIVERSITY               ,CO,80523-0100,Public       ,10337,3165,13502,10337,3165,13502
00135200,DENVER  SEMINARY                        ,CO,80120-2192,Private      ,2,289,291,2,289,291
00135300,FORT LEWIS COLLEGE                      ,CO,81301-3999,Public       ,1802,446,2248,1802,446,2248
00135400,ILIFF SCHOOL OF THEOLOGY                ,CO,80210-0000,Private      ,0,101,101,0,101,101
00135500,LAMAR COMMUNITY COLLEGE                 ,CO,81052-3999,Public       ,136,44,180,136,44,180
00135800,MESA STATE COLLEGE                      ,CO,81501-7682,Public       ,1638,647,2285,1638,647,2285
00135900,COLORADO NORTHWESTERN COMMUNITY COLLEGE ,CO,81648-3598,Public       ,80,55,135,80,55,135
00136000,METROPOLITAN STATE CLG OF DENVER        ,CO,80204-0000,Public       ,3298,3780,7078,3298,3780,7078
00136100,NORTHEASTERN JUNIOR COLLEGE             ,CO,80751-2399,Public       ,453,91,544,453,91,544
00136200,OTERO JUNIOR COLLEGE                    ,CO,81050-3346,Public       ,140,70,210,140,70,210
00136300,REGIS UNIVERSITY                        ,CO,80221-1099,Private      ,1574,3427,5001,1574,3427,5001
00136500,COLORADO STATE UNIVERSITY-PUEBLO        ,CO,81001-4901,Public       ,1296,769,2065,1296,769,2065
00136800,TRINIDAD STATE JR COLLEGE               ,CO,81082-2396,Public       ,132,109,241,132,109,241
00137000,UNIVERSITY OF COLORADO-BOULDER          ,CO,80309-0077,Public       ,10949,3595,14544,10949,3595,14544
00137100,UNIVERSITY OF DENVER                    ,CO,80208-2000,Private      ,3504,4032,7536,3504,4032,7536
00137200,WESTERN STATE COLLEGE                   ,CO,81231-0000,Public       ,1129,152,1281,1129,152,1281
00163202,AQUINAS INSTITUTE OF THEOLOGY - AQUINAS ,CO,80903-1498,Private      ,0,2,2,0,2,2
00405702,NATIONAL AMERICAN UNIVERSITY            ,CO,80918-0000,Proprietary  ,3,38,41,3,38,41
00405703,NATIONAL AMERICAN UNIVERSITY            ,CO,80222-0000,Proprietary  ,2,25,27,2,25,27
00450300,EVEREST COLLEGE                         ,CO,80916-3548,Proprietary  ,4,16,20,4,16,20
00450600,COLORADO MOUNTAIN COLLEGE               ,CO,81602-0000,Public       ,394,170,564,394,170,564
00450700,EVEREST COLLEGE                         ,CO,80229-4339,Proprietary  ,7,23,30,7,23,30
00450701,"EVEREST COLLEGE- EVEREST COLLEGE, AURORA",CO,80012-5692,Proprietary  ,5,14,19,5,14,19
00450800,UNIVERSITY OF COLORADO DENVER           ,CO,80204-2029,Public       ,502,1907,2409,502,1907,2409
00450824,UNIVERSITY OF COLORADO DENVER - AURARIA ,CO,80217-3364,Public       ,2141,3006,5147,2141,3006,5147
00450900,UNIV OF COLORADO AT COLO SPRINGS        ,CO,80918-3735,Public       ,2669,1902,4571,2669,1902,4571
00559600,EMILY GRIFFITH OPPORTUNITY SCH          ,CO,80204-2197,Public       ,54,156,210,54,156,210
00729700,REDSTONE COLLEGE                        ,CO,80020-9988,Proprietary  ,71,99,170,71,99,170
00754700,LINCOLN COLLEGE OF TECHNOLOGY           ,CO,80223-2013,Proprietary  ,201,102,303,201,102,303
00754800,WESTWOOD COLLEGE - DENVER NORTH         ,CO,80221-3653,Proprietary  ,429,1257,1686,429,1257,1686
00754801,WESTWOOD COLLEGE - DENVER SOUTH         ,CO,80227-3653,Proprietary  ,73,150,223,73,150,223
00758200,AIMS COMMUNITY COLLEGE                  ,CO,80632-0000,Public       ,468,712,1180,468,712,1180
00764900,ROCKY MOUNTAIN COLG OF ART & DESIGN     ,CO,80214-0000,Proprietary  ,333,75,408,333,75,408
00793300,FRONT RANGE COMMUNITY COLLEGE           ,CO,80031-2199,Public       ,1309,2252,3561,1309,2252,3561
00863500,INTELLITEC MEDICAL INSTITUTE            ,CO,80909-1570,Proprietary  ,5,14,19,5,14,19
00887100,CONCORDE CAREER INSTITUTE               ,CO,80203-0000,Proprietary  ,24,140,164,24,140,164
00889600,PIKES PEAK COMMUNITY COLLEGE            ,CO,80906-5498,Public       ,786,1330,2116,786,1330,2116
00940100,COLORADO CHRISTIAN UNIVERSITY           ,CO,80226-7449,Private      ,667,426,1093,667,426,1093
00954200,COMMUNITY COLLEGE OF DENVER             ,CO,80217-2026,Public       ,765,1566,2331,765,1566,2331
00954300,RED ROCKS COMMUNITY COLLEGE             ,CO,80228-1255,Public       ,429,653,1082,429,653,1082
00985500,YESHIVA TORAS CHAIM TALMUDICAL SEM      ,CO,80204-0067,Private      ,0,2,2,0,2,2
00998100,MORGAN COMMUNITY COLLEGE                ,CO,80701-4399,Public       ,78,135,213,78,135,213
01014800,COLORADO TECHNICAL UNIVERSITY           ,CO,80907-3896,Proprietary  ,116,1226,1342,116,1226,1342
01014802,COLORADO TECHNICAL UNIV - DENVER        ,CO,80111-3201,Proprietary  ,31,167,198,31,167,198
01014805,COLORADO TECH UNIV - ON LINE            ,CO,80907-0000,Proprietary  ,155,3976,4131,155,3976,4131
01014806,COLORADO TECH UNIV - FED EXPRESS        ,CO,80921-3800,Proprietary  ,0,3,3,0,3,3
01014807,COLORADO TECH UNIV - MCI WORLD COM      ,CO,80919-3172,Proprietary  ,3,5,8,3,5,8
01014808,COLORADO TECH UNIV - USAA               ,CO,80920-1005,Proprietary  ,1,7,8,1,7,8
01014809,COLORADO TECH UNIV - SCHRIEVER AFB      ,CO,80912-7298,Proprietary  ,0,1,1,0,1,1
01014810,COLORADO TECH UNIV - PETERSON AFB       ,CO,80914-1586,Proprietary  ,0,1,1,0,1,1
01014811,COLORADO TECH UNIV-HEWLETT PACKARD      ,CO,80919-2303,Proprietary  ,1,2,3,1,2,3
01014812,COLORADO TECHNICAL UNIVERSITY - WESTMINS,CO,80021-3498,Proprietary  ,25,166,191,25,166,191
01014813,COLORADO TECH UNIV - ORACLE             ,CO,80921-3660,Proprietary  ,2,5,7,2,5,7
01014815,COLORADO TECHNCL UNIV PUEBLO            ,CO,81003-2315,Proprietary  ,19,63,82,19,63,82
01070900,EMPIRE BEAUTY SCHOOL-LAKEWOOD           ,CO,80215-0000,Proprietary  ,3,3,6,3,3,6
01073200,SAN JUAN BASINTECHNICAL COLLEGE         ,CO,81328-9196,Public       ,7,13,20,7,13,20
01157200,COLORADO SCHOOL OF TRADES               ,CO,80215-2996,Proprietary  ,23,42,65,23,42,65
01267000,BEL-REA INST OF ANIMAL TECH             ,CO,80247-3048,Proprietary  ,83,146,229,83,146,229
01285000,INTERNATIONAL SALON AND SPA ACADEMY     ,CO,80918-3684,Proprietary  ,4,3,7,4,3,7
01287500,PICKENS TECHNICAL COLLEGE               ,CO,80011-9307,Public       ,13,48,61,13,48,61
01300700,NAZARENE BIBLE COLLEGE                  ,CO,80910-3717,Private      ,17,157,174,17,157,174
02059400,INTERNATIONAL BEAUTY ACADEMY            ,CO,80918-3684,Proprietary  ,2,3,5,2,3,5
02072200,EMPIRE BEAUTY SCHOOL -ARVADA            ,CO,80212-0000,Proprietary  ,4,3,7,4,3,7
02078900,ART INSTITUTE OF COLORADO (THE)         ,CO,80203-2983,Proprietary  ,810,648,1458,810,648,1458
02116300,PUEBLO COMMUNITY COLLEGE                ,CO,81004-0000,Public       ,341,868,1209,341,868,1209
02117500,NAROPA UNIVERSITY                       ,CO,80302-0000,Private      ,190,705,895,190,705,895
02133100,COLORADO CENTER FOR MEDICAL LABORATORY S,CO,80218-0000,Private      ,3,7,10,3,7,10
02141100,ARTISTIC BEAUTY COLGS-WESTMINSTER       ,CO,80030-0000,Proprietary  ,3,2,5,3,2,5
02141102,ARTISTIC BEAUTY COLLEGES-LITTLETON      ,CO,80123-3480,Proprietary  ,3,1,4,3,1,4
02141103,ARTISTIC BEAUTY COLLEGES-AURORA         ,CO,80017-3194,Proprietary  ,1,6,7,1,6,7
02156200,DELTA - MONTROSE TECHNICAL COLLEGE      ,CO,81416-0000,Public       ,17,25,42,17,25,42
02160600,EMPIRE BEAUTY SCHOOL -THORNTON          ,CO,80241-1659,Proprietary  ,2,1,3,2,1,3
02165200,SALON PROFESSIONAL ACADEMY (THE)        ,CO,81504-5309,Proprietary  ,3,8,11,3,8,11
02167600,KAPLAN COLLEGE                          ,CO,80229-5309,Proprietary  ,8,26,34,8,26,34
02188700,DENVER ACAD OF COURT REPORTING          ,CO,80030-0000,Proprietary  ,1,3,4,1,3,4
02211901,CHEEKS INTERNATIONAL ACADEMY OF BEAUTY C,CO,80525-3053,Proprietary  ,6,3,9,6,3,9
02211902,CHEEKS INTERNATIONAL ACDMY BTY CULT     ,CO,80631-0000,Proprietary  ,4,4,8,4,4,8
02253700,INTELLITEC COLLEGE                      ,CO,80909-0000,Proprietary  ,6,8,14,6,8,14
02276900,COMMUNITY COLLEGE OF AURORA             ,CO,80011-9036,Public       ,322,604,926,322,604,926
02321700,ITT TECHNICAL INSTITUTE                 ,CO,80229-5338,Proprietary  ,26,45,71,26,45,71
02518500,HAIR DYNAMICS EDUCATION CENTER          ,CO,80525-0000,Proprietary  ,9,6,15,9,6,15
02594300,COLLEGE AMERICA - DENVER                ,CO,80222-3380,Proprietary  ,5,26,31,5,26,31
02611000,HERITAGE COLLEGE                        ,CO,80212-7413,Proprietary  ,24,125,149,24,125,149
03006300,INST OF BUSINESS & MEDICAL CAREERS      ,CO,80525-3044,Proprietary  ,22,127,149,22,127,149
03012100,REMINGTON COLLEGE - COLORADO SPRINGS CAM,CO,80215-0000,Proprietary  ,3,27,30,3,27,30
03013100,BOULDER COLLEGE OF MASSAGE THERAPY      ,CO,80301-3295,Private      ,18,34,52,18,34,52
03014900,PLATT COLLEGE                           ,CO,80014-3141,Proprietary  ,9,33,42,9,33,42
03027400,XENON INTERNATIONAL ACADEMY III         ,CO,80014-1193,Proprietary  ,9,5,14,9,5,14
03030606,UTAH COLLEGE OF MASSAGE THERAPY - DENVER,CO,80031-2921,Proprietary  ,12,26,38,12,26,38
03030607,UTAH COLLEGE OF MASSAGE THERAPY - DENVER,CO,80012-2523,Proprietary  ,16,28,44,16,28,44
03031603,DPT BUSINESS SCHOOL                     ,CO,80223-0000,Proprietary  ,2,6,8,2,6,8
03066900,INTELLITEC COLLEGE                      ,CO,81506-3994,Proprietary  ,7,17,24,7,17,24
03068201,OHIO CENTER FOR BROADCASTING - COLORADO ,CO,80214-4129,Proprietary  ,2,9,11,2,9,11
03289300,COLORADO HEIGHTS UNIVERSITY             ,CO,80236-2711,Private      ,0,4,4,0,4,4
03306300,MONTESSORI EDUC CRT OF THE ROCKIES      ,CO,80301-2587,Private      ,0,3,3,0,3,3
03534300,JONES INTERNATIONAL UNIVERSITY          ,CO,80112-3446,Proprietary  ,3,308,311,3,308,311
03545300,UNIVERSITY OF THE ROCKIES               ,CO,80903-3612,Proprietary  ,3,30,33,3,30,33
03584400,COLORADO SCHOOL OF HEALING ARTS         ,CO,80226-4332,Proprietary  ,10,29,39,10,29,39
03670300,TONI & GUY HAIRDRESSING ACADEMY         ,CO,80911-1713,Proprietary  ,5,10,15,5,10,15
03686300,COLORADO SCHOOL OF TRADITIONAL CHINESE M,CO,80206-2127,Proprietary  ,1,21,22,1,21,22
03805300,CORTIVA INSTITUTE-COLORADO              ,CO,80021-0000,Proprietary  ,2,11,13,2,11,13
03972300,CUTTIN' UP BEAUTY ACADEMY               ,CO,80220-0000,Proprietary  ,1,7,8,1,7,8
03976300,MASSAGE THERAPY INSTITUTE OF COLORADO   ,CO,80206-2127,Proprietary  ,11,10,21,11,10,21
04093300,ACADEMY OF NATURAL THERAPY              ,CO,80631-3425,Proprietary  ,5,8,13,5,8,13
00267811,BRYANT & STRATTON COLLEGE - VIRGINIA BEA,VA,23462-4417,Proprietary  ,47,463,510,47,463,510
00370200,AVERETT UNIVERSITY                      ,VA,24541-3692,Private      ,894,244,1138,894,244,1138
00370300,BLUEFIELD COLLEGE                       ,VA,24605-1799,Private      ,334,175,509,334,175,509
00370400,BRIDGEWATER COLLEGE                     ,VA,22812-1599,Private      ,1712,59,1771,1712,59,1771
00370500,COLLEGE OF WILLIAM & MARY               ,VA,23187-8795,Public       ,6198,2407,8605,6198,2407,8605
00370600,CHRISTOPHER NEWPORT UNIVERSITY          ,VA,23606-2998,Public       ,4400,386,4786,4400,386,4786
00370700,RICHARD BLAND COLLEGE                   ,VA,23805-7100,Public       ,182,74,256,182,74,256
00370800,EASTERN MENNONITE UNIVERSITY            ,VA,22802-2462,Private      ,640,116,756,640,116,756
00370900,EMORY & HENRY COLLEGE                   ,VA,24327-0010,Private      ,1156,43,1199,1156,43,1199
00371100,FERRUM COLLEGE                          ,VA,24088-2612,Private      ,1365,95,1460,1365,95,1460
00371200,TIDEWATER COMMUNITY COLLEGE             ,VA,23510-1910,Public       ,2279,3739,6018,2279,3739,6018
00371300,HAMPDEN-SYDNEY COLLEGE                  ,VA,23943-0128,Private      ,662,7,669,662,7,669
00371400,HAMPTON UNIVERSITY                      ,VA,23668-0099,Private      ,6685,1192,7877,6685,1192,7877
00371500,HOLLINS UNIVERSITY                      ,VA,24020-0000,Private      ,645,271,916,645,271,916
00371900,LONGWOOD UNIVERSITY                     ,VA,23909-1899,Public       ,3117,291,3408,3117,291,3408
00372000,LYNCHBURG COLLEGE                       ,VA,24501-3199,Private      ,1795,177,1972,1795,177,1972
00372100,JAMES MADISON UNIVERSITY                ,VA,22807-3780,Public       ,12680,1034,13714,12680,1034,13714
00372300,MARY BALDWIN COLLEGE                    ,VA,24401-3610,Private      ,638,242,880,638,242,880
00372400,MARYMOUNT UNIVERSITY                    ,VA,22207-4224,Private      ,1438,703,2141,1438,703,2141
00372600,NATIONAL COLLEGE                        ,VA,24153-4524,Proprietary  ,68,885,953,68,885,953
00372700,NORTHERN VA CMTY CLG                    ,VA,22003-3743,Public       ,1914,1970,3884,1914,1970,3884
00372800,OLD DOMINION UNIVERSITY                 ,VA,23529-0052,Public       ,8501,4372,12873,8501,4372,12873
00373200,RADFORD UNIVERSITY                      ,VA,24142-6905,Public       ,5138,1013,6151,5138,1013,6151
00373300,RANDOLPH-MACON COLLEGE                  ,VA,23005-5505,Private      ,1276,26,1302,1276,26,1302
00373400,RANDOLPH COLLEGE                        ,VA,24503-1526,Private      ,599,28,627,599,28,627
00373500,VIRGINIA COMMONWEALTH UNIVERSITY        ,VA,23284-9004,Public       ,10401,4859,15260,10401,4859,15260
00373600,ROANOKE COLLEGE                         ,VA,24153-3794,Private      ,1803,82,1885,1803,82,1885
00373700,SHENANDOAH UNIVERSITY                   ,VA,22601-5195,Private      ,1249,691,1940,1249,691,1940
00373800,SOUTHERN VIRGINIA UNIVERSITY            ,VA,24416-3038,Private      ,315,41,356,315,41,356
00373900,ST PAULS COLLEGE                        ,VA,23868-1299,Private      ,240,101,341,240,101,341
00374200,SWEET BRIAR COLLEGE                     ,VA,24595-9998,Private      ,413,9,422,413,9,422
00374300,UNION THEO SEMINARY & PRESBYTRN SCH     ,VA,23227-0000,Private      ,0,37,37,0,37,37
00374400,UNIVERSITY OF RICHMOND                  ,VA,23173-0001,Private      ,2660,1196,3856,2660,1196,3856
00374500,UNIVERSITY OF VIRGINIA - SFS            ,VA,22903-0000,Public       ,10760,4834,15594,10760,4834,15594
00374600,UNIVERSITY OF MARY WASHINGTON           ,VA,22401-5358,Public       ,2801,283,3084,2801,283,3084
00374700,UNIV OF VIRGINIA'S COLLEGE AT WISE      ,VA,24293-4412,Public       ,1117,158,1275,1117,158,1275
00374800,EASTERN SHORE COMMUNITY COLLEGE         ,VA,23410-3000,Public       ,85,107,192,85,107,192
00374900,GEORGE MASON UNIVERSITY                 ,VA,22030-4444,Public       ,8365,5026,13391,8365,5026,13391
00375100,PATRICK HENRY COMMUNITY COLLEGE         ,VA,24112-5311,Public       ,235,368,603,235,368,603
00375200,VIRGINIA INTERMONT COLLEGE              ,VA,24201-4298,Private      ,308,103,411,308,103,411
00375300,VIRGINIA MILITARY INSTITUTE             ,VA,24450-2138,Public       ,967,28,995,967,28,995
00375400,VIRGINIA POLYTECH INST & STATE UNIV     ,VA,24061-2000,Public       ,16368,2197,18565,16368,2197,18565
00375800,DANVILLE COMMUNITY COLLEGE              ,VA,24541-4004,Public       ,316,447,763,316,447,763
00375900,J. SARGEANT REYNOLDS COMMUNITY CLG      ,VA,23285-0000,Public       ,814,1635,2449,814,1635,2449
00376000,VIRGINIA WESTERN CMTY COLLEGE           ,VA,24038-0000,Public       ,423,563,986,423,563,986
00376100,WYTHEVILLE COMMUNITY COLLEGE            ,VA,24382-3308,Public       ,351,399,750,351,399,750
00376200,VIRGINIA UNIVERSITY OF LYNCHBURG        ,VA,24501-6400,Private      ,15,24,39,15,24,39
00376400,VIRGINIA STATE UNIVERSITY               ,VA,23806-0001,Public       ,4909,818,5727,4909,818,5727
00376500,NORFOLK STATE UNIVERSITY                ,VA,23504-8000,Public       ,4650,2013,6663,4650,2013,6663
00376600,VIRGINIA UNION UNIVERSITY               ,VA,23220-1711,Private      ,1337,224,1561,1337,224,1561
00376700,VIRGINIA WESLEYAN COLLEGE               ,VA,23502-5599,Private      ,1285,228,1513,1285,228,1513
00376800,WASHINGTON & LEE UNIVERSITY             ,VA,24450-0303,Private      ,1132,822,1954,1132,822,1954
00400400,JOHN TYLER COMMUNITY COLLEGE            ,VA,23831-5316,Public       ,474,816,1290,474,816,1290
00498800,CENTRAL VIRGINIA COMMUNITY COLLEGE      ,VA,24502-2498,Public       ,313,292,605,313,292,605
00499200,MILLER-MOTTE TECHNICAL COLLEGE          ,VA,24505-0000,Proprietary  ,9,81,90,9,81,90
00499600,DABNEY S LANCASTER COMMUNITY CLG        ,VA,24422-1000,Public       ,220,142,362,220,142,362
00522300,NEW RIVER COMMUNITY COLLEGE             ,VA,24084-1127,Public       ,389,470,859,389,470,859
00607500,ROANOKE MEM HOSP SCH RAD ONCOLOGY       ,VA,24033-0000,Private      ,2,2,4,2,2,4
00607501,ROANOKE MEM HOSP SCH RAD TECH           ,VA,24014-1850,Private      ,1,2,3,1,2,3
00662200,COLLEGE OF HEALTH SCIENCES - CHRV       ,VA,24031-0000,Private      ,210,301,511,210,301,511
00681900,BLUE RIDGE COMMUNITY COLLEGE            ,VA,24486-0080,Public       ,609,476,1085,609,476,1085
00687100,THOMAS NELSON COMMUNITY COLLEGE         ,VA,23670-0000,Public       ,667,1156,1823,667,1156,1823
00709900,VIRGINIA HIGHLANDS COMMUNITY CLG        ,VA,24210-4210,Public       ,345,325,670,345,325,670
00726000,SOUTHWEST VIRGINIA COMMUNITY CLG        ,VA,24641-1510,Public       ,370,254,624,370,254,624
00859200,LOUISE OBICI SCHOOL OF NURSING          ,VA,23434-8038,Private      ,0,6,6,0,6,6
00859202,SUFFOLK PUB SCH-LOUISE OBICI SCH PN     ,VA,23434-0000,Private      ,1,1,2,1,1,2
00865900,LORD FAIRFAX COMMUNITY COLLEGE          ,VA,22645-0047,Public       ,353,335,688,353,335,688
00866000,GERMANNA COMMUNITY COLLEGE              ,VA,22508-0339,Public       ,277,401,678,277,401,678
00866100,SOUTHSIDE VIRGINIA CMTY CLG             ,VA,23821-2930,Public       ,254,296,550,254,296,550
00915900,PAUL D CAMP COMMUNITY COLLEGE           ,VA,23851-0737,Public       ,94,176,270,94,176,270
00916000,RAPPAHANNOCK COMMUNITY COLLEGE          ,VA,23149-2616,Public       ,142,152,294,142,152,294
00926700,EVEREST COLLEGE                         ,VA,23606-4203,Proprietary  ,7,25,32,7,25,32
00942000,SANFORD-BROWN COLLEGE                   ,VA,22182-3913,Proprietary  ,95,123,218,95,123,218
00953500,STAUNTON SCHOOL OF COSMETOLOGY          ,VA,24401-4323,Proprietary  ,1,1,2,1,1,2
00953700,VIRGINIA SCH OF HAIR DESIGN             ,VA,23669-0000,Proprietary  ,2,6,8,2,6,8
00962900,MOUNTAIN EMPIRE COMMUNITY COLLEGE       ,VA,24219-0700,Public       ,315,232,547,315,232,547
00992800,PIEDMONT VIRGINIA COMMUNITY COLLEGE     ,VA,22902-7589,Public       ,363,310,673,363,310,673
00995800,HICKS ACADEMY OF BEAUTY CULTURE         ,VA,23707-3218,Proprietary  ,1,4,5,1,4,5
01004300,BON SECOURS MEMORIAL SCH OF NURSING     ,VA,23227-4612,Private      ,66,177,243,66,177,243
01019800,ECPI COLLEGE OF TECHNOLOGY              ,VA,23462-6542,Proprietary  ,250,936,1186,250,936,1186
01033800,EASTERN VIRGINIA MEDICAL SCHOOL         ,VA,23501-1980,Private      ,7,578,585,7,578,585
01159600,RALPH'S VIRGINIA SCH OF COSMETOLOGY     ,VA,24501-2652,Proprietary  ,1,2,3,1,2,3
01162601,WESTWOOD COLLEGE - SOUTH BAY - ARLINGTON,VA,22203-4167,Proprietary  ,41,44,85,41,44,85
01162602,WESTWOOD COLLEGE - SOUTH BAY - ANNANDALE,VA,22003-2602,Proprietary  ,19,22,41,19,22,41
01274401,SOUTHSIDE REGIONAL MED CTR PROF SCHOOLS ,VA,23803-5133,Proprietary  ,12,91,103,12,91,103
01274402,SOUTHSIDE REG MED CTR SCH RAD TECH      ,VA,23803-0000,Proprietary  ,3,11,14,3,11,14
02053000,LIBERTY UNIVERSITY                      ,VA,24502-0000,Private      ,6364,4335,10699,6364,4335,10699
02108800,WARDS CORNER BEAUTY ACADEMY             ,VA,23505-0000,Proprietary  ,7,13,20,7,13,20
02111600,DANVILLE REGIONAL MEDICAL CENTER SCHOOL ,VA,24541-0000,Proprietary  ,4,20,24,4,20,24
02128700,CENTRAL SCHOOL OF PRACTICAL NURSING     ,VA,23502-2230,Public       ,1,17,18,1,17,18
02140000,RIVERSIDE SCHOOL OF HEALTH CAREERS      ,VA,23608-3802,Private      ,27,92,119,27,92,119
02175800,LYNCHBURG GENERAL HOSP SCH OF NURSG     ,VA,24501-0000,Private      ,28,28,56,28,28,56
02197600,WOODROW WILSON REHABILITATION CTR       ,VA,22939-0000,Public       ,2,0,2,2,0,2
02223100,HERITAGE INSTITUTE                      ,VA,22046-4400,Proprietary  ,2,8,10,2,8,10
02242400,HENRICO CTY ST MARYS HOSP PRAC NRSG     ,VA,23075-0000,Public       ,0,15,15,0,15,15
02247200,MEDSPA CAREERS INSTITUTE                ,VA,23606-0000,Proprietary  ,63,302,365,63,302,365
02304500,HERITAGE INSTITUTE                      ,VA,20111-0000,Proprietary  ,4,22,26,4,22,26
02320900,TIDEWATER TECH                          ,VA,23517-0000,Proprietary  ,15,49,64,15,49,64
02334400,CENTURA COLLEGE                         ,VA,23452-0000,Proprietary  ,76,792,868,76,792,868
02340000,COLONIAL HEIGHTS BEAUTY ACADEMY         ,VA,23834-0000,Proprietary  ,0,2,2,0,2,2
02342700,FORTIS COLLEGE                          ,VA,23502-4101,Proprietary  ,9,47,56,9,47,56
02342701,FORTIS COLLEGE - RICHMOND CAMPUS        ,VA,23236-3472,Proprietary  ,9,35,44,9,35,44
02535400,ECPI TECHNICAL COLLEGE                  ,VA,23236-0000,Proprietary  ,67,68,135,67,68,135
02538800,SUFFOLK BEAUTY ACADEMY                  ,VA,23434-0000,Proprietary  ,1,2,3,1,2,3
02541200,STRATFORD UNIVERSITY                    ,VA,22043-0000,Proprietary  ,31,30,61,31,30,61
02541201,STRATFORD UNIVERSITY-WOODBRIDGE         ,VA,22192-0000,Proprietary  ,10,23,33,10,23,33
02567300,BRAXTON SCHOOL OF BUSINESS (THE)        ,VA,23230-0000,Proprietary  ,2,6,8,2,6,8
02588901,SANZ SCHOOL                             ,VA,22044-0000,Proprietary  ,1,3,4,1,3,4
02605900,TESST COLLEGE OF TECHNOLOGY             ,VA,22312-6342,Proprietary  ,12,22,34,12,22,34
02610100,WASHINGTON COUNTY ADULT SKILL CTR       ,VA,24210-2346,Public       ,2,2,4,2,2,4
03002400,GRAHAM WEBB INTERNATIONAL ACAD HAIR     ,VA,22209-2129,Proprietary  ,1,4,5,1,4,5
03010700,BAR PALMA BEAUTY CAREERS  ACADEMY       ,VA,24014-2255,Proprietary  ,5,4,9,5,4,9
03042800,"VIRGINIA BEACH CITY SCHOOLS, SCH.-PR.NSG",VA,23456-0038,Public       ,4,19,23,4,19,23
03091100,ACT COLLEGE                             ,VA,22209-2297,Proprietary  ,9,36,45,9,36,45
03091300,REGENT UNIVERSITY                       ,VA,23464-9800,Private      ,140,1630,1770,140,1630,1770
03092700,ECPI TECHNICAL COLLEGE-ROANOKE          ,VA,24012-1603,Proprietary  ,25,64,89,25,64,89
03096500,SPRINGFIELD BEAUTY ACADEMY              ,VA,22003-3016,Proprietary  ,1,3,4,1,3,4
03106500,SENTARA NORFOLK GENERAL HOSPITAL        ,VA,23320-2843,Private      ,46,176,222,46,176,222
03116900,BAPTIST THEOLOGICAL SEM.-RICHMOND       ,VA,23227-0000,Private      ,0,14,14,0,14,14
03126300,TIDEWATER TECH AVIATION                 ,VA,23320-5987,Proprietary  ,10,17,27,10,17,27
03126400,CENTURA COLLEGE                         ,VA,23235-5230,Proprietary  ,11,44,55,11,44,55
03126401,CENTURA COLLEGE - WEST                  ,VA,23294-0000,Proprietary  ,2,13,15,2,13,15
03127500,ADVANCED TECHNOLOGY INSTITUTE           ,VA,23462-2409,Proprietary  ,85,34,119,85,34,119
03280400,VIRGINIA SCHOOL OF MASSAGE              ,VA,22903-0000,Proprietary  ,5,6,11,5,6,11
03409500,RICHMOND SCHOOL OF HEALTH AND TECH      ,VA,23227-0000,Proprietary  ,25,202,227,25,202,227
03455300,CRESCENT COSMETOLOGY UNIVERSITY         ,VA,23666-3115,Proprietary  ,0,2,2,0,2,2
03559300,APPALACHIAN SCHOOL OF LAW               ,VA,24614-0000,Private      ,1,336,337,1,336,337
03638400,TAP THIS VALLEY WORKS CTR FOR EMPLO     ,VA,24016-1901,Private      ,0,1,1,0,1,1
03645400,RUDY & KELLY ACADEMY OF HAIR AND NA     ,VA,23464-6857,Proprietary  ,12,10,22,12,10,22
03654300,CAREER TRAINING SOLUTIONS               ,VA,22406-1014,Proprietary  ,11,71,82,11,71,82
03709300,EDWARD VIA VIRGINIA CLG OSTEOPATHIC MED ,VA,24060-6360,Private      ,6,309,315,6,309,315
03872400,INSTITUTE FOR THE PSYCHOLOGICAL SCIENCES,VA,22202-3609,Private      ,1,28,29,1,28,29
03876300,CULPEPER COSMETOLOGY TRAINING CENTER    ,VA,22701-3155,Public       ,1,2,3,1,2,3
03883400,AVIATION INSTITUTE OF MAINTENANCE       ,VA,20110-4156,Proprietary  ,5,7,12,5,7,12
03966300,CENTRAL BAPTIST THEOLOGICAL SEMINARY OF ,VA,23464-6847,Private      ,0,4,4,0,4,4
04038400,AVI CAREER INSTITUTE                    ,VA,22066-1839,Proprietary  ,0,6,6,0,6,6
00107000,THUNDERBIRD SCHOOL OF GLOBAL MANAGEMENT ,AZ,85306-6000,Private      ,2,201,203,2,201,203
00107100,ARIZONA WESTERN COLLEGE                 ,AZ,85366-0000,Public       ,735,490,1225,735,490,1225
00107200,COCHISE COLLEGE                         ,AZ,85607-6190,Public       ,200,285,485,200,285,485
00107300,EASTERN ARIZONA COLLEGE                 ,AZ,85552-0769,Public       ,310,143,453,310,143,453
00107400,GRAND CANYON UNIVERSITY                 ,AZ,85017-3030,Proprietary  ,353,2690,3043,353,2690,3043
00107600,GLENDALE COMMUNITY COLLEGE              ,AZ,85302-3090,Public       ,1090,1208,2298,1090,1208,2298
00107700,MESA COMMUNITY COLLEGE                  ,AZ,85202-4866,Public       ,1395,1865,3260,1395,1865,3260
00107800,PHOENIX COLLEGE                         ,AZ,85013-4234,Public       ,593,891,1484,593,891,1484
00107900,YAVAPAI COLLEGE                         ,AZ,86301-3297,Public       ,424,461,885,424,461,885
00108100,ARIZONA STATE UNIV (ALL CAMPUSES)       ,AZ,85287-0412,Public       ,16359,9218,25577,16359,9218,25577
00108200,NORTHERN ARIZONA UNIVERSITY             ,AZ,86011-0001,Public       ,7385,3571,10956,7385,3571,10956
00108300,UNIVERSITY OF ARIZONA                   ,AZ,85721-0066,Public       ,12298,6139,18437,12298,6139,18437
00165701,MIDWESTERN UNIVERSITY                   ,AZ,85308-0000,Private      ,28,1322,1350,28,1322,1350
00446700,TUCSON COLLEGE                          ,AZ,85710-0000,Proprietary  ,21,21,42,21,21,42
00711300,SOUTHWESTERN COLLEGE                    ,AZ,85032-7097,Private      ,83,24,107,83,24,107
00726600,PIMA COUNTY COMMUNITY COLLEGE           ,AZ,85709-1110,Public       ,1723,2019,3742,1723,2019,3742
00728300,CENTRAL ARIZONA COLLEGE                 ,AZ,85228-9779,Public       ,244,284,528,244,284,528
00822100,UNIVERSAL TECHNICAL INSTITUTE           ,AZ,85323-7946,Proprietary  ,3198,1041,4239,3198,1041,4239
00824600,DINè COLLEGE                            ,AZ,86556-0126,Public       ,61,146,207,61,146,207
00830300,GATEWAY COMMUNITY COLLEGE               ,AZ,85034-1795,Public       ,185,658,843,185,658,843
00830302,MARICOPA SKILL CENTER                   ,AZ,85034-0000,Public       ,18,113,131,18,113,131
00830400,SCOTTSDALE COMMUNITY COLLEGE            ,AZ,85250-0000,Public       ,537,470,1007,537,470,1007
00886400,ARIZONA ACADEMY OF BEAUTY               ,AZ,85712-5021,Proprietary  ,2,4,6,2,4,6
00886500,ARTISTIC BEAUTY COLLEGES-TUCSON         ,AZ,85716-3999,Proprietary  ,5,2,7,5,2,7
00886501,ARTISTIC BEAUTY COLLEGES - TUCSON  - NOR,AZ,85705-1665,Proprietary  ,0,2,2,0,2,2
00945100,BROWN MACKIE COLLEGE                    ,AZ,85712-5300,Proprietary  ,7,8,15,7,8,15
01084700,ARIZONA AUTOMOTIVE INSTITUTE            ,AZ,85301-3503,Proprietary  ,84,230,314,84,230,314
01085800,AVALON SCHOOL OF COSMETOLOGY            ,AZ,85210-4010,Proprietary  ,7,10,17,7,10,17
01157000,PIMA MEDICAL INSTITUTE-MESA             ,AZ,85202-2950,Proprietary  ,18,76,94,18,76,94
01168900,REFRIGERATION SCHOOL                    ,AZ,85034-0000,Proprietary  ,3,46,49,3,46,49
01180200,ARIZONA ACADEMY OF BEAUTY-NORTH         ,AZ,85705-2720,Proprietary  ,1,6,7,1,6,7
01180800,ARTISTIC BEAUTY COLLEGES-FLAGSTAFF      ,AZ,86004-5119,Proprietary  ,5,3,8,5,3,8
01180801,CLG OF BEAUTY ARTS & SCI/CHANDLER       ,AZ,85224-0000,Proprietary  ,0,3,3,0,3,3
01180802,CLG OF BEAUTY ARTS & SCI/PRESCOTT       ,AZ,86303-0000,Proprietary  ,2,0,2,2,0,2
01186200,NORTHLAND PIONEER COLLEGE               ,AZ,86025-2996,Public       ,69,217,286,69,217,286
01186400,MOHAVE COMMUNITY COLLEGE                ,AZ,86409-1238,Public       ,106,362,468,106,362,468
01218400,INTERNATIONAL ACAD OF HAIR DESIGN       ,AZ,85225-7198,Proprietary  ,9,17,26,9,17,26
01234300,ARTISTIC BEAUTY COLLEGES-PHOENIX        ,AZ,85304-0000,Proprietary  ,3,2,5,3,2,5
01234301,EMPIRE BEAUTY SCHOOL - AVONDALE         ,AZ,85323-2352,Proprietary  ,1,7,8,1,7,8
01293700,ARTISTIC BEAUTY COLLEGES - PARADISE VALL,AZ,85257-0000,Proprietary  ,2,2,4,2,2,4
02065200,ITT TECHNICAL INSTITUTE                 ,AZ,85282-0000,Proprietary  ,41,58,99,41,58,99
02065300,PRESCOTT COLLEGE                        ,AZ,86301-0000,Private      ,209,317,526,209,317,526
02071200,KAPLAN COLLEGE                          ,AZ,85029-4349,Proprietary  ,14,65,79,14,65,79
02098800,UNIVERSITY OF PHOENIX                   ,AZ,85040-0000,Proprietary  ,1293,32738,34031,1293,32738,34031
02100500,UNIVERSAL TECHNICAL INSTITUTE           ,AZ,85027-0000,Proprietary  ,2216,1329,3545,2216,1329,3545
02100600,APOLLO COLLEGE                          ,AZ,85015-0000,Proprietary  ,71,251,322,71,251,322
02113800,ROBERTO-VENN SCH OF LUTHIERY            ,AZ,85040-0000,Proprietary  ,10,8,18,10,8,18
02146600,SOUTH MOUNTAIN COMMUNITY COLLEGE        ,AZ,85040-0000,Public       ,184,287,471,184,287,471
02171500,WESTERN INTERNATIONAL UNIVERSITY        ,AZ,85021-0000,Proprietary  ,31,1080,1111,31,1080,1111
02173300,DEVOE COLLEGE OF BEAUTY                 ,AZ,85635-0000,Proprietary  ,1,1,2,1,1,2
02174900,COLLINS COLLEGE                         ,AZ,85040-4000,Proprietary  ,715,371,1086,715,371,1086
02177500,RIO SALADO COMMUNITY COLLEGE            ,AZ,85281-0000,Public       ,129,1052,1181,129,1052,1181
02181300,LONG TECHNICAL COLLEGE                  ,AZ,85008-6915,Proprietary  ,1,5,6,1,5,6
02192300,MARICOPA BEAUTY COLLEGE                 ,AZ,85323-0000,Proprietary  ,3,8,11,3,8,11
02199900,AMERICAN INDIAN CLG-ASSEMBLIES GOD      ,AZ,85021-0000,Private      ,12,13,25,12,13,25
02217100,PIMA MEDICAL INSTITUTE                  ,AZ,85716-0000,Proprietary  ,175,606,781,175,606,781
02218800,BROOKLINE COLLEGE                       ,AZ,85019-1600,Proprietary  ,12,137,149,12,137,149
02220300,ARTISTIC BEAUTY COLLEGES-GLENDALE       ,AZ,85051-0000,Proprietary  ,0,8,8,0,8,8
02263100,ANTHEM COLLEGE                          ,AZ,85014-0000,Proprietary  ,800,2513,3313,800,2513,3313
02280500,CHARLES OF ITALY BEAUTY COLLEGE         ,AZ,86403-0000,Proprietary  ,4,4,8,4,4,8
02295000,EVEREST COLLEGE                         ,AZ,85021-1610,Proprietary  ,33,310,343,33,310,343
02317800,AMERICAN INSTITUTE OF TECHNOLOGY        ,AZ,85043-0000,Proprietary  ,6,34,40,6,34,40
02361100,ITT TECHNICAL INSTITUTE                 ,AZ,85704-0000,Proprietary  ,43,118,161,43,118,161
02491500,THE ART CENTER DESIGN COLLEGE           ,AZ,85716-0000,Proprietary  ,37,27,64,37,27,64
02521500,LAMSON COLLEGE                          ,AZ,85284-1141,Proprietary  ,6,13,19,6,13,19
02559000,UNIVERSITY OF ADVANCING TECHNOLOGY      ,AZ,85283-0000,Proprietary  ,462,182,644,462,182,644
02561900,TONI AND GUY HAIRDRESSING ACADEMY       ,AZ,85251-3301,Proprietary  ,13,16,29,13,16,29
02582700,CORTIVA INSTITUTE - TUCSON              ,AZ,85710-3503,Proprietary  ,2,16,18,2,16,18
02616700,SCOTTSDALE CULINARY INSTITUTE           ,AZ,85251-2729,Proprietary  ,374,401,775,374,401,775
02623600,PARADISE VALLEY COMMUNITY COLLEGE       ,AZ,85032-1210,Public       ,284,377,661,284,377,661
02623800,CORTIVA INSTITUTE - SCOTTSDALE          ,AZ,85257-4218,Proprietary  ,2,12,14,2,12,14
03005000,SAFFORD COLLEGE OF BEAUTY CULTURE       ,AZ,85546-3309,Proprietary  ,0,2,2,0,2,2
03010613,VIRGINIA COLLEGE - GOLF ACADEMY OF ARIZO,AZ,85225-6742,Proprietary  ,32,36,68,32,36,68
03030604,UTAH COLLEGE OF MASSAGE THERAPY - ARIZON,AZ,85282-0000,Proprietary  ,28,43,71,28,43,71
03030605,UTAH COLLEGE OF MASSAGE THERAPY - ARIZON,AZ,85051-3470,Proprietary  ,15,46,61,15,46,61
03034400,CONSERVATORY RECORDING ARTS & SCIS      ,AZ,85282-1707,Proprietary  ,121,149,270,121,149,270
03072200,CHANDLER-GILBERT COMMUNITY COLLEGE      ,AZ,85225-2499,Public       ,483,521,1004,483,521,1004
03076400,BRYMAN SCHOOL OF ARIZONA                ,AZ,85029-4919,Proprietary  ,496,712,1208,496,712,1208
03097800,CARSTEN INSTITUTE OF HAIR & BEAUTY      ,AZ,85282-5404,Proprietary  ,5,10,15,5,10,15
03100400,COCONINO COUNTY COMMUNITY COLLEGE       ,AZ,86001-2701,Public       ,206,281,487,206,281,487
03107000,SOUTHWEST CLG OF NATUROPATHIC MED       ,AZ,85282-0000,Private      ,2,92,94,2,92,94
03115000,ARIZONA COLLEGE OF ALLIED HEALTH        ,AZ,85302-3843,Proprietary  ,9,40,49,9,40,49
03120300,COLLEGE AMERICA                         ,AZ,86004-3936,Proprietary  ,7,30,37,7,30,37
03156300,ESTRELLA MOUNTAIN COMMUNITY COLLEGE     ,AZ,85392-1010,Public       ,247,330,577,247,330,577
03156301,ESTRELLA MOUNTAIN COMMUNITY COLLEGE - SO,AZ,85392-1010,Public       ,42,72,114,42,72,114
03347300,INTERNATIONAL BAPTIST COLLEGE           ,AZ,85282-6799,Private      ,1,3,4,1,3,4
03445300,HDS TRUCK DRIVING INSTITUTE             ,AZ,85731-0000,Proprietary  ,1,3,4,1,3,4
03478400,PHOENIX SEMINARY                        ,AZ,85018-7611,Private      ,0,11,11,0,11,11
03572300,EAST VALLEY INSTITUTE OF TECHNOLOGY     ,AZ,85201-6910,Public       ,8,23,31,8,23,31
03593300,SOUTHWEST INSTITUTE OF HEALING ARTS     ,AZ,85281-3658,Proprietary  ,7,63,70,7,63,70
03617500,PHOENIX INSTITUTE OF HERBAL MEDICINE & A,AZ,85012-0000,Proprietary  ,1,16,17,1,16,17
03695500,ARIZONA SCHOOL OF ACUPUNCTURE AND ORIENT,AZ,85712-1100,Proprietary  ,1,14,15,1,14,15
03740500,ART INSTITUTE OF TUCSON (THE)           ,AZ,85712-2732,Proprietary  ,11,7,18,11,7,18
03784400,TOHONO O'ODHAM COMMUNITY COLLEGE        ,AZ,85634-3129,Public       ,1,5,6,1,5,6
03814300,TURNING POINT BEAUTY COLLEGE            ,AZ,85222-4229,Proprietary  ,0,1,1,0,1,1
04051300,ART INSTITUTE OF PHOENIX (THE)          ,AZ,85021-2859,Proprietary  ,451,379,830,451,379,830
04059300,TUCSON COLLEGE OF BEAUTY                ,AZ,85705-2451,Proprietary  ,3,5,8,3,5,8
00142800,DELAWARE STATE UNIVERSITY               ,DE,19901-2277,Public       ,3130,486,3616,3130,486,3616
00142900,GOLDEY BEACOM COLLEGE                   ,DE,19808-1993,Private      ,171,93,264,171,93,264
00143100,UNIVERSITY OF DELAWARE                  ,DE,19716-0099,Public       ,13288,903,14191,13288,903,14191
00143300,WESLEY COLLEGE                          ,DE,19901-3875,Private      ,1250,119,1369,1250,119,1369
00143301,WESLEY COLLEGE-CTR FOR ADULT STUDIE     ,DE,19720-0000,Private      ,15,87,102,15,87,102
00331301,WIDENER UNIV SCHOOL OF LAW - DE         ,DE,19803-0000,Private      ,6,825,831,6,825,831
00705300,DELAWARE TECH & CMTY COLLEGE-OWENS      ,DE,19947-0000,Public       ,402,402,804,402,402,804
00794800,WILMINGTON UNIVERSITY                   ,DE,19720-6491,Private      ,421,972,1393,421,972,1393
01172700,DELAWARE TECH & CMTY CLG-TERRY          ,DE,19901-8736,Public       ,379,329,708,379,329,708
01195002,DELAWARE COLLEGE OF ART & DESIGN        ,DE,19801-0000,Private      ,183,16,199,183,16,199
02125200,BEEBE SCHOOL OF NURSING                 ,DE,19958-1462,Private      ,14,7,21,14,7,21
02144900,DELAWARE TECH & CMTY CLG-STANTN/WLM     ,DE,19801-0000,Public       ,675,629,1304,675,629,1304
02190400,SCHILLING DOUGLAS SCH OF HAIR DSGN      ,DE,19711-0000,Proprietary  ,5,18,23,5,18,23
02586902,STAR TECHNICAL INSTITUTE -              ,DE,19901-4615,Proprietary  ,6,42,48,6,42,48
03021000,HARRISON CAREER INSTITUTE               ,DE,19804-3259,Proprietary  ,0,1,1,0,1,1
03025800,DAWN TRAINING CENTRE                    ,DE,19805-1511,Proprietary  ,3,13,16,3,13,16
03543300,HARRIS SCHOOL OF BUSINESS               ,DE,19803-5341,Proprietary  ,4,13,17,4,13,17
03702300,DELAWARE LEARNING INSTITUTE OF COSMETOLO,DE,19939-9759,Proprietary  ,3,3,6,3,3,6
00143400,AMERICAN UNIVERSITY                     ,DC,20016-8020,Private      ,9230,6302,15532,9230,6302,15532
00143700,CATHOLIC UNIVERSITY OF AMERICA          ,DC,20064-0002,Private      ,3077,965,4042,3077,965,4042
00143711,"CATHOLIC UNIV AMERICA, LAW SCHOOL       ",DC,20064-0000,Private      ,19,804,823,19,804,823
00144100,UNIV OF THE DISTRICT OF COLUMBIA        ,DC,20008-0000,Public       ,584,1011,1595,584,1011,1595
00144102,UNIVERSITY OF THE DISTRICT OF COLUMBIA -,DC,20008-1173,Public       ,13,378,391,13,378,391
00144300,GALLAUDET UNIVERSITY                    ,DC,20002-3695,Private      ,299,252,551,299,252,551
00144400,GEORGE WASHINGTON UNIVERSITY            ,DC,20052-2353,Private      ,8325,3897,12222,8325,3897,12222
00144402,GEORGE WASHINGTON UNIV LAW SCHL         ,DC,20052-0000,Private      ,12,3408,3420,12,3408,3420
00144403,GEORGE WASHINGTON UNIV SCH MED          ,DC,20052-0000,Private      ,24,553,577,24,553,577
00144500,GEORGETOWN UNIVERSITY                   ,DC,20057-1252,Private      ,8441,2504,10945,8441,2504,10945
00144501,"GEORGETOWN UNIV, SCH OF MEDICINE        ",DC,20007-0000,Private      ,24,821,845,24,821,845
00144503,GEORGETOWN UNIV LAW CENTER              ,DC,20001-0000,Private      ,19,3612,3631,19,3612,3631
00144800,HOWARD UNIVERSITY                       ,DC,20059-0001,Private      ,7761,4202,11963,7761,4202,11963
00145600,SOUTHEASTERN UNIVERSITY                 ,DC,20024-2788,Private      ,58,245,303,58,245,303
00145900,STRAYER UNIVERSITY                      ,DC,20005-2603,Proprietary  ,83,2757,2840,83,2757,2840
00146000,TRINITY UNIVERSITY                      ,DC,20017-1004,Private      ,477,430,907,477,430,907
00146400,WESLEY THEOLOGICAL SEMINARY             ,DC,20016-0000,Private      ,1,75,76,1,75,76
00207701,JOHNS HOPKINS UNIV SCH ADV INTL STU     ,DC,20036-0000,Private      ,15,942,957,15,942,957
01006500,WASHINGTON THEOLOGICAL UNION            ,DC,20012-0000,Private      ,1,15,16,1,15,16
01195000,THE CORCORAN COLLEGE OF ART & DESIG     ,DC,20006-4804,Private      ,226,123,349,226,123,349
01266500,HARRISON CTR FOR CAREER EDUCATION       ,DC,20001-5303,Private      ,0,3,3,0,3,3
01280300,DOMINICAN HOUSE OF STUDIES              ,DC,20017-1584,Private      ,1,1,2,1,1,2
02132800,NAT'L CONSERVATORY DRAMATIC ARTS        ,DC,20007-2758,Private      ,1,2,3,1,2,3
02279200,DUDLEY BEAUTY COLG-WASHINGTON           ,DC,20018-0000,Proprietary  ,5,20,25,5,20,25
02588900,SANZ SCHOOL                             ,DC,20006-0000,Proprietary  ,5,11,16,5,11,16
03104300,CAREER BLAZERS LEARNING CENTER OF WASHIN,DC,20037-1881,Proprietary  ,7,51,58,7,51,58
03218300,POTOMAC COLLEGE                         ,DC,20016-1860,Proprietary  ,4,51,55,4,51,55
03409600,BENNETT CAREER INSTITUTE                ,DC,20017-1754,Proprietary  ,8,33,41,8,33,41
03750300,TECHNICAL LEARNING CENTERS              ,DC,20005-3415,Proprietary  ,2,13,15,2,13,15
00154100,ABRAHAM BALDWIN AGRICULTURAL CLG        ,GA,31794-0000,Public       ,709,334,1043,709,334,1043
00154200,AGNES SCOTT COLLEGE                     ,GA,30030-3797,Private      ,686,100,786,686,100,786
00154300,DARTON COLLEGE                          ,GA,31707-3098,Public       ,429,827,1256,429,827,1256
00154400,ALBANY STATE UNIVERSITY                 ,GA,31705-2796,Public       ,2624,929,3553,2624,929,3553
00154500,ANDREW COLLEGE                          ,GA,39840-1313,Private      ,128,14,142,128,14,142
00154600,ARMSTRONG ATLANTIC STATE UNIVERSITY     ,GA,31419-1997,Public       ,1395,1415,2810,1395,1415,2810
00154700,ATLANTA CHRISTIAN COLLEGE               ,GA,30344-1999,Private      ,126,47,173,126,47,173
00155200,AUGUSTA STATE UNIVERSITY                ,GA,30904-2200,Public       ,1791,1610,3401,1791,1610,3401
00155400,BERRY COLLEGE                           ,GA,30149-5007,Private      ,1409,69,1478,1409,69,1478
00155500,THOMAS UNIVERSITY                       ,GA,31792-7499,Private      ,58,144,202,58,144,202
00155600,BRENAU UNIVERSITY                       ,GA,30501-3668,Private      ,533,633,1166,533,633,1166
00155700,BREWTON PARKER COLLEGE                  ,GA,30445-0000,Private      ,203,162,365,203,162,365
00155800,COASTAL GEORGIA COMMUNITY COLLEGE       ,GA,31520-3644,Public       ,255,539,794,255,539,794
00155900,CLARK ATLANTA UNIVERSITY                ,GA,30314-4385,Private      ,7864,1657,9521,7864,1657,9521
00156000,COLUMBIA THEOLOGICAL SEMINARY           ,GA,30031-0000,Private      ,0,35,35,0,35,35
00156100,COLUMBUS STATE UNIVERSITY               ,GA,31907-5645,Public       ,1833,1171,3004,1833,1171,3004
00156200,GEORGIA PERIMETER COLLEGE               ,GA,30021-0000,Public       ,2430,3518,5948,2430,3518,5948
00156300,EMMANUEL COLLEGE                        ,GA,30639-0000,Private      ,206,41,247,206,41,247
00156400,EMORY UNIVERSITY                        ,GA,30322-1960,Private      ,6915,4376,11291,6915,4376,11291
00156600,FORT VALLEY STATE UNIVERSITY            ,GA,31030-3298,Public       ,1557,396,1953,1557,396,1953
00156700,GAINESVILLE STATE COLLEGE               ,GA,30503-0000,Public       ,1069,517,1586,1069,517,1586
00156800,INTERDENOMINATIONAL THEOLOGY CENTER     ,GA,30314-0000,Private      ,2,129,131,2,129,131
00156900,GEORGIA INSTITUTE OF TECHNOLOGY         ,GA,30332-0002,Public       ,7885,1217,9102,7885,1217,9102
00157000,SOUTHERN POLYTECHNIC STATE UNIV         ,GA,30060-2896,Public       ,952,475,1427,952,475,1427
00157100,GEORGIA MILITARY COLLEGE                ,GA,31061-3398,Public       ,505,729,1234,505,729,1234
00157200,GEORGIA SOUTHERN UNIVERSITY             ,GA,30460-8065,Public       ,6289,1298,7587,6289,1298,7587
00157300,GEORGIA SOUTHWESTERN STATE UNIV         ,GA,31709-4693,Public       ,618,337,955,618,337,955
00157400,GEORGIA STATE UNIVERSITY                ,GA,30303-3010,Public       ,8510,6931,15441,8510,6931,15441
00157500,GORDON COLLEGE                          ,GA,30204-1762,Public       ,1090,476,1566,1090,476,1566
00157700,KENNESAW STATE UNIVERSITY               ,GA,30144-5591,Public       ,4142,2985,7127,4142,2985,7127
00157800,LAGRANGE COLLEGE                        ,GA,30240-2999,Private      ,684,162,846,684,162,846
00157900,MEDICAL COLLEGE OF GEORGIA              ,GA,30912-0004,Public       ,174,815,989,174,815,989
00158000,MERCER UNIVERSITY                       ,GA,31207-0003,Private      ,2232,2143,4375,2232,2143,4375
00158100,MIDDLE GEORGIA COLLEGE                  ,GA,31014-1599,Public       ,994,424,1418,994,424,1418
00158200,MOREHOUSE COLLEGE                       ,GA,30314-3773,Private      ,2305,261,2566,2305,261,2566
00158500,NORTH GEORGIA COLLEGE & STATE UNIV      ,GA,30597-0001,Public       ,1434,522,1956,1434,522,1956
00158600,OGLETHORPE UNIVERSITY                   ,GA,30319-2737,Private      ,421,107,528,421,107,528
00158700,PAINE COLLEGE                           ,GA,30901-3182,Private      ,799,184,983,799,184,983
00158800,PIEDMONT COLLEGE                        ,GA,30535-5644,Private      ,337,295,632,337,295,632
00158900,REINHARDT COLLEGE                       ,GA,30183-2981,Private      ,310,53,363,310,53,363
00159000,SAVANNAH STATE UNIVERSITY               ,GA,31404-5298,Public       ,1997,565,2562,1997,565,2562
00159100,SHORTER COLLEGE                         ,GA,30165-4298,Private      ,519,574,1093,519,574,1093
00159200,SOUTH GEORGIA COLLEGE                   ,GA,31533-8104,Public       ,273,232,505,273,232,505
00159400,SPELMAN COLLEGE                         ,GA,30314-4399,Private      ,3686,425,4111,3686,425,4111
00159600,TOCCOA FALLS COLLEGE                    ,GA,30598-0001,Private      ,489,85,574,489,85,574
00159700,TRUETT MCCONNELL COLLEGE                ,GA,30528-1264,Private      ,144,10,154,144,10,154
00159800,UNIVERSITY OF GEORGIA                   ,GA,30602-6114,Public       ,9932,3393,13325,9932,3393,13325
00159900,VALDOSTA STATE UNIVERSITY               ,GA,31698-0001,Public       ,3391,1077,4468,3391,1077,4468
00160000,WESLEYAN COLLEGE                        ,GA,31210-4407,Private      ,143,99,242,143,99,242
00160100,UNIV OF WEST GEORGIA                    ,GA,30118-0002,Public       ,3575,1243,4818,3575,1243,4818
00160200,GEORGIA COLLEGE & STATE UNIVERSITY      ,GA,31061-0490,Public       ,2179,488,2667,2179,488,2667
00160400,YOUNG HARRIS COLLEGE                    ,GA,30582-4137,Private      ,360,11,371,360,11,371
00348400,COVENANT COLLEGE                        ,GA,30750-4164,Private      ,788,105,893,788,105,893
00395600,DALTON STATE COLLEGE                    ,GA,30720-3797,Public       ,546,469,1015,546,469,1015
00402400,GEORGIA NORTHWESTERN TECHNICAL COLLEGE  ,GA,30161-6757,Public       ,80,182,262,80,182,262
00402403,NORTHWESTERN TECHNICAL COLLEGE          ,GA,30739-0569,Public       ,96,395,491,96,395,491
00411700,GRADY HEALTH SYSTEM                     ,GA,30303-3050,Public       ,34,57,91,34,57,91
00525400,LANIER TECHNICAL COLLEGE                ,GA,30566-3499,Public       ,147,398,545,147,398,545
00525500,MOULTRIE TECHNICAL COLLEGE              ,GA,31768-0000,Public       ,80,491,571,80,491,571
00525600,VALDOSTA TECHNICAL COLLEGE              ,GA,31603-0000,Public       ,111,369,480,111,369,480
00551100,OKEFENOKEE TECHNICAL COLLEGE            ,GA,31501-4016,Public       ,47,151,198,47,151,198
00559900,AUGUSTA TECHNICAL COLLEGE               ,GA,30906-3399,Public       ,279,856,1135,279,856,1135
00560000,ATHENS TECHNICAL COLLEGE                ,GA,30601-1579,Public       ,357,756,1113,357,756,1113
00560100,ALBANY TECHNICAL COLLEGE                ,GA,31701-2648,Public       ,119,506,625,119,506,625
00561300,FLINT RIVER TECHNICAL INSTITUTE         ,GA,30286-0014,Public       ,28,151,179,28,151,179
00561500,SOUTHWEST GEORGIA TECHNICAL COLLEGE     ,GA,31792-2622,Public       ,68,277,345,68,277,345
00561700,SOUTH GEORGIA TECHNICAL COLLEGE         ,GA,31709-8167,Public       ,131,220,351,131,220,351
00561800,SAVANNAH TECHNICAL COLLEGE              ,GA,31405-5594,Public       ,266,879,1145,266,879,1145
00561900,NORTH GEORGIA TECHNICAL COLLEGE         ,GA,30523-0000,Public       ,148,255,403,148,255,403
00562000,CHATTAHOOCHEE TECHNICAL COLLEGE         ,GA,30060-3398,Public       ,379,989,1368,379,989,1368
00562004,NORTH METRO TECHNICAL COLLEGE           ,GA,30102-3129,Public       ,78,124,202,78,124,202
00562005,APPALACHIAN TECHNICAL COLLEGE           ,GA,30143-0000,Public       ,51,94,145,51,94,145
00562100,GRIFFIN TECHNICAL COLLEGE               ,GA,30223-2097,Public       ,189,568,757,189,568,757
00562200,DEKALB TECHNICAL COLLEGE                ,GA,30021-0000,Public       ,216,936,1152,216,936,1152
00562400,COLUMBUS TECHNICAL COLLEGE              ,GA,31904-6572,Public       ,179,504,683,179,504,683
00576300,CENTRAL GEORGIA TECHNICAL COLLEGE       ,GA,31206-3628,Public       ,364,1851,2215,364,1851,2215
00772800,MACON STATE COLLEGE                     ,GA,31206-5145,Public       ,873,1329,2202,873,1329,2202
00854300,ATLANTA TECHNICAL COLLEGE               ,GA,30310-4499,Public       ,292,887,1179,292,887,1179
00897600,CLAYTON STATE UNIVERSITY                ,GA,30260-0285,Public       ,1500,1874,3374,1500,1874,3374
00918300,EAST CENTRAL TECHNICAL COLLEGE          ,GA,31750-0000,Public       ,22,136,158,22,136,158
00927000,ART INSTITUTE OF ATLANTA                ,GA,30328-1649,Proprietary  ,1512,890,2402,1512,890,2402
00950700,GEORGIA HIGHLANDS COLLEGE               ,GA,30162-0000,Public       ,528,520,1048,528,520,1048
01031903,MEDIX SCHOOL                            ,GA,30080-7630,Proprietary  ,12,74,86,12,74,86
01048700,WEST GEORGIA TECHNICAL COLLEGE          ,GA,30182-6476,Public       ,206,634,840,206,634,840
01048704,WEST GEORGIA TECHNICAL COLLEGE          ,GA,30240-5957,Public       ,111,270,381,111,270,381
01077100,GUPTON JONES COLLEGE                    ,GA,30035-4022,Private      ,23,49,72,23,49,72
01099700,EAST GEORGIA COLLEGE                    ,GA,30401-2699,Public       ,343,171,514,343,171,514
01107400,BAINBRIDGE COLLEGE                      ,GA,39819-8400,Public       ,152,424,576,152,424,576
01110901,EVEREST COLLEGE - EVEREST INSTITUTE     ,GA,30067-8340,Proprietary  ,5,12,17,5,12,17
01157400,BAUDER COLLEGE                          ,GA,30313-2439,Proprietary  ,125,143,268,125,143,268
01205100,PRO WAY HAIR SCHOOL                     ,GA,30083-2884,Proprietary  ,11,31,42,11,31,42
01216500,ATLANTA METROPOLITAN COLLEGE            ,GA,30310-4498,Public       ,389,602,991,389,602,991
01303900,SOUTH UNIVERSITY                        ,GA,31406-4881,Proprietary  ,159,1431,1590,159,1431,1590
02055000,WAYCROSS COLLEGE                        ,GA,31503-0000,Public       ,81,145,226,81,145,226
02060900,BROWN CLG OF COURT REPORTING & M.T.     ,GA,30318-2570,Proprietary  ,2,90,92,2,90,92
02074800,LIFE UNIVERSITY                         ,GA,30060-0000,Private      ,111,1169,1280,111,1169,1280
02089700,HERZING COLLEGE                         ,GA,30326-1332,Proprietary  ,25,106,131,25,106,131
02110501,ART INSTITUTE OF CHARLOTTE (THE) - BROWN,GA,30319-3054,Proprietary  ,18,8,26,18,8,26
02113604,AMERICAN INTERCONTINENTAL UNIV - DUNWOOD,GA,30328-1649,Proprietary  ,230,645,875,230,645,875
02116000,SANFORD-BROWN COLLEGE                   ,GA,30328-4803,Proprietary  ,108,718,826,108,718,826
02141500,SAVANNAH COLLEGE OF ART & DESIGN        ,GA,31402-3146,Private      ,3721,1059,4780,3721,1059,4780
02202800,AUGUSTA AREA DIET INTERN UNIV HOSP      ,GA,30901-0000,Private      ,1,2,3,1,2,3
02205300,SAVANNAH RIVER COLLEGE                  ,GA,30909-0000,Proprietary  ,12,56,68,12,56,68
02217200,PORTFOLIO CENTER                        ,GA,30309-0000,Proprietary  ,6,23,29,6,23,29
02266200,AMERICAN PROFESSIONAL INSTITUTE         ,GA,31201-0000,Proprietary  ,8,142,150,8,142,150
02279500,HEART OF GEORGIA TECHNICAL COLLEGE      ,GA,31021-0000,Public       ,36,154,190,36,154,190
02284300,INTERACTIVE COLLEGE OF TECHNOLOGY       ,GA,30341-0000,Proprietary  ,27,148,175,27,148,175
02284308,INTERACTIVE LEARNING SYSTEMS            ,GA,30260-0000,Proprietary  ,1,4,5,1,4,5
02284309,INTERACTIVE COLLEGE OF TECHNOLOGY       ,GA,30501-0000,Proprietary  ,1,9,10,1,9,10
02285500,"CREATIVE CIRCUS, THE                    ",GA,30324-0000,Proprietary  ,6,56,62,6,56,62
02288400,GWINNETT TECHNICAL INSTITUTE            ,GA,30043-5702,Public       ,325,953,1278,325,953,1278
02313902,WESTWOOD COLLEGE - O'HARE AIRPORT - ATLA,GA,30345-2807,Proprietary  ,38,46,84,38,46,84
02318600,GEORGIA MEDICAL INSTITUTE               ,GA,30303-0000,Proprietary  ,46,111,157,46,111,157
02321400,ROFFLER-MOLER HAIRSTYLING COLLEGE       ,GA,30062-0000,Proprietary  ,2,12,14,2,12,14
02354500,SOUTHEASTERN BEAUTY SCHOOLS             ,GA,31906-0000,Proprietary  ,1,5,6,1,5,6
02482100,MOREHOUSE SCHOOL OF MEDICINE            ,GA,30310-0000,Private      ,63,277,340,63,277,340
02502700,ADVANCED CAREER TRAINING                ,GA,30329-0000,Proprietary  ,16,36,52,16,36,52
02502701,ADVANCED CAREER TRAINING-RIVERDALE      ,GA,30274-0000,Proprietary  ,7,30,37,7,30,37
02508600,MIDDLE GEORGIA TECHNICAL COLLEGE        ,GA,31088-0000,Public       ,121,229,350,121,229,350
02520000,INTERNATIONAL SCH SKIN & NAILCARE       ,GA,30342-1119,Proprietary  ,0,17,17,0,17,17
02577000,ARNOLD / PADRICKS  UNIV OF COSM         ,GA,30297-0000,Proprietary  ,0,2,2,0,2,2
02577700,BEAUTY COLLEGE OF AMERICA               ,GA,30297-0000,Proprietary  ,3,4,7,3,4,7
02578300,INTERNATIONAL CITY BEAUTY COLLEGE       ,GA,31093-3631,Proprietary  ,0,3,3,0,3,3
02580200,ATLANTA SCHOOL OF MASSAGE               ,GA,30338-0000,Proprietary  ,16,47,63,16,47,63
02583000,GWINNETT COLLEGE OF BUSINESS            ,GA,30047-3447,Proprietary  ,19,121,140,19,121,140
02607600,CAPELLI LEARNING CTR FOR COSM           ,GA,30324-0000,Proprietary  ,7,38,45,7,38,45
03005400,ARTISTIC BEAUTY COLLEGE                 ,GA,30013-2076,Proprietary  ,9,17,26,9,17,26
03022601,WESTERN CULINARY INSTITUTE - LE CORDON B,GA,30084-5893,Proprietary  ,39,32,71,39,32,71
03030000,OGEECHEE TECHNICAL COLLEGE              ,GA,30458-8049,Public       ,149,285,434,149,285,434
03032100,ALTAMAHA TECHNICAL COLLEGE              ,GA,31545-4465,Public       ,19,76,95,19,76,95
03042700,LAURUSTECHNICAL INSTITUTE               ,GA,30030-1506,Proprietary  ,7,55,62,7,55,62
03066500,SOUTHEASTERN TECHNICAL COLLEGE          ,GA,30474-8817,Public       ,49,189,238,49,189,238
03066502,SWAINSBORO TECHNICAL COLLEGE            ,GA,30401-5700,Public       ,22,67,89,22,67,89
03072304,EVEREST COLLEGE - EVEREST INSTITUTE     ,GA,30236-0000,Proprietary  ,18,34,52,18,34,52
03076300,BEULAH HEIGHTS BIBLE COLLEGE            ,GA,30316-1873,Private      ,7,97,104,7,97,104
03079202,WESTWOOD COLLEGE - ATLANTA MIDTOWN      ,GA,30309-2848,Proprietary  ,121,139,260,121,139,260
03081500,SOUTHEASTERN BEAUTY SCHOOL              ,GA,31917-0000,Proprietary  ,0,6,6,0,6,6
03089100,GEORGIA INSTITUTE OF COSMETOLOGY        ,GA,30606-3152,Proprietary  ,11,11,22,11,11,22
03090600,COBB BEAUTY COLLEGE                     ,GA,30144-2828,Proprietary  ,2,5,7,2,5,7
03100900,LUTHER RICE UNIVERSITY                  ,GA,30038-2454,Private      ,1,137,138,1,137,138
03102000,RIVERTOWN SCHOOL OF BEAUTY              ,GA,31904-4747,Proprietary  ,1,10,11,1,10,11
03104500,ATLANTA INSTITUTE OF MUSIC              ,GA,30096-4988,Proprietary  ,21,11,32,21,11,32
03116100,VOGUE BEAUTY SCHOOL                     ,GA,30141-2226,Proprietary  ,0,3,3,0,3,3
03155500,SANDERSVILLE REGIONAL TECH INST         ,GA,31082-6179,Public       ,10,44,54,10,44,54
03173300,ATLANTA'S JOHN MARSHALL LAW SCHOOL      ,GA,30309-0000,Proprietary  ,6,425,431,6,425,431
03232303,COMPUTER-ED INSTITUTE-                  ,GA,30071-0000,Proprietary  ,6,77,83,6,77,83
03232304,LINCOLN COLLEGE OF TECHNOLOGY           ,GA,30067-8638,Proprietary  ,33,96,129,33,96,129
03251300,BEACON UNIVERSITY                       ,GA,31909-4663,Private      ,7,52,59,7,52,59
03355402,PSYCHOLOGICAL STUDIES INSTITUTE -       ,GA,30327-2921,Private      ,4,50,54,4,50,54
03391300,ROSS MEDICAL EDUCATION CENTER           ,GA,30033-3105,Proprietary  ,1,16,17,1,16,17
03418300,GWINNETT COLLEGE-SANDY SPRINGS          ,GA,30328-3161,Proprietary  ,4,9,13,4,9,13
03445500,FAYETTE BEAUTY ACADEMY                  ,GA,30214-1191,Proprietary  ,2,2,4,2,2,4
03522300,POWDER SPRINGS BEAUTY COLLEGE           ,GA,30127-2926,Proprietary  ,0,3,3,0,3,3
03523300,AVIATION INSTITUTE OF MAINTENANCE       ,GA,30045-6716,Proprietary  ,20,93,113,20,93,113
03576300,GEORGIA AVIATION AND TECHNICAL COLL     ,GA,31023-0000,Public       ,22,15,37,22,15,37
03753400,MICHAEL'S SCHOOL OF BEAUTY              ,GA,31211-1493,Proprietary  ,1,3,4,1,3,4
03804400,JAVELIN TECHNICAL TRAINING CENTER       ,GA,30339-6040,Proprietary  ,4,17,21,4,17,21
03812300,OMNITECH INSTITUTE                      ,GA,30035-1206,Proprietary  ,7,63,70,7,63,70
04021300,AUGUSTA SCHOOL OF MASSAGE               ,GA,30809-0000,Proprietary  ,1,12,13,1,12,13
04091300,SAVANNAH SCHOOL OF MASSAGE THERAPY      ,GA,31406-2711,Private      ,2,7,9,2,7,9
04105300,NIGHTINGALE MEDICAL INSTITUTE           ,GA,30084-4036,Proprietary  ,1,5,6,1,5,6
        ,CHICAGO THEOLOGICAL SEMINARY            ,IL,60637-0000,Private      ,1,82,83,1,82,83
00162800,AMERICAN ACADEMY OF ART                 ,IL,60604-4302,Proprietary  ,139,34,173,139,34,173
00163300,AUGUSTANA COLLEGE                       ,IL,61201-2296,Private      ,2148,37,2185,2148,37,2185
00163400,AURORA UNIVERSITY                       ,IL,60506-4892,Private      ,1009,581,1590,1009,581,1590
00163500,BARAT COLLEGE                           ,IL,60045-3297,Private      ,3,4,7,3,4,7
00163600,SOUTHWESTERN ILLINOIS COLLEGE           ,IL,62221-5899,Public       ,770,1157,1927,770,1157,1927
00163800,BLACK HAWK COLLEGE                      ,IL,61265-5899,Public       ,487,566,1053,487,566,1053
00163900,BLACKBURN COLLEGE                       ,IL,62626-1498,Private      ,449,32,481,449,32,481
00164000,PRAIRIE STATE COLLEGE                   ,IL,60411-8226,Public       ,411,815,1226,411,815,1226
00164100,BRADLEY UNIVERSITY                      ,IL,61625-0002,Private      ,4758,545,5303,4758,545,5303
00164300,SPOON RIVER COLLEGE                     ,IL,61520-8907,Public       ,253,201,454,253,201,454
00164700,CITY COLLEGES OF CHICAGO                ,IL,60606-6998,Public       ,98,139,237,98,139,237
00164800,TRUMAN COLLEGE                          ,IL,60640-5691,Public       ,445,852,1297,445,852,1297
00164900,RICHARD J DALEY COLLEGE                 ,IL,60652-1299,Public       ,445,738,1183,445,738,1183
00165000,CITY COLLEGES OF CHICAGO-MALCOLM X      ,IL,60612-3197,Public       ,399,996,1395,399,996,1395
00165200,HAROLD WASHINGTON COLLEGE               ,IL,60601-2403,Public       ,831,1163,1994,831,1163,1994
00165400,KENNEDY KING COLLEGE                    ,IL,60621-3798,Public       ,339,1196,1535,339,1196,1535
00165500,WRIGHT COLLEGE                          ,IL,60634-1591,Public       ,830,844,1674,830,844,1674
00165700,MIDWESTERN UNIVERSITY                   ,IL,60515-1200,Private      ,72,1757,1829,72,1757,1829
00165900,ROSALIND FRANKLIN UNIVERSITY OF MEDICINE,IL,60064-3095,Private      ,5,1351,1356,5,1351,1356
00166300,SPERTUS COLLEGE                         ,IL,60605-1995,Private      ,1,14,15,1,14,15
00166400,UNIVERSITY OF ST FRANCIS                ,IL,60435-6188,Private      ,758,642,1400,758,642,1400
00166500,COLUMBIA COLLEGE                        ,IL,60605-1996,Private      ,5081,1715,6796,5081,1715,6796
00166600,CONCORDIA UNIVERSITY                    ,IL,60305-1499,Private      ,741,722,1463,741,722,1463
00166900,DANVILLE AREA COMMUNITY COLLEGE         ,IL,61832-5199,Public       ,225,329,554,225,329,554
00167100,DEPAUL UNIVERSITY                       ,IL,60604-2287,Private      ,9982,5954,15936,9982,5954,15936
00167400,EASTERN ILLINOIS UNIVERSITY             ,IL,61920-3099,Public       ,4860,1075,5935,4860,1075,5935
00167500,ELGIN COMMUNITY COLLEGE                 ,IL,60123-7193,Public       ,485,524,1009,485,524,1009
00167600,ELMHURST COLLEGE                        ,IL,60126-3296,Private      ,1745,336,2081,1745,336,2081
00167800,EUREKA COLLEGE                          ,IL,61530-9976,Private      ,424,61,485,424,61,485
00168100,HIGHLAND COMMUNITY COLLEGE              ,IL,61032-9341,Public       ,245,185,430,245,185,430
00168200,GARRETT-EVANGELICAL THEOLOGICAL SEM     ,IL,60201-0000,Private      ,1,72,73,1,72,73
00168400,GREENVILLE COLLEGE                      ,IL,62246-1199,Private      ,810,156,966,810,156,966
00168500,HEBREW THEOLOGICAL COLLEGE              ,IL,60077-3263,Private      ,73,4,77,73,4,77
00168800,ILLINOIS COLLEGE                        ,IL,62650-2299,Private      ,1047,40,1087,1047,40,1087
00168900,ILLINOIS COLLEGE OF OPTOMETRY           ,IL,60616-3878,Private      ,5,396,401,5,396,401
00169100,ILLINOIS INSTITUTE OF TECHNOLOGY        ,IL,60616-0000,Private      ,1661,603,2264,1661,603,2264
00169103,CHICAGO KENT COLLEGE OF LAW             ,IL,60661-0000,Private      ,2,1146,1148,2,1146,1148
00169200,ILLINOIS STATE UNIVERSITY               ,IL,61790-1000,Public       ,10764,2089,12853,10764,2089,12853
00169300,NORTHEASTERN ILLINOIS UNIV              ,IL,60625-4699,Public       ,2135,2247,4382,2135,2247,4382
00169400,CHICAGO STATE UNIVERSITY                ,IL,60628-1598,Public       ,1965,2835,4800,1965,2835,4800
00169600,ILLINOIS WESLEYAN UNIVERSITY            ,IL,61701-0000,Private      ,1849,32,1881,1849,32,1881
00169800,JOHN MARSHALL LAW SCHOOL                ,IL,60604-0000,Private      ,5,989,994,5,989,994
00169900,JOLIET JUNIOR COLLEGE                   ,IL,60431-8938,Public       ,1144,1012,2156,1144,1012,2156
00170000,JUDSON UNIVERSITY                       ,IL,60123-1498,Private      ,371,180,551,371,180,551
00170100,KASKASKIA COLLEGE                       ,IL,62801-7878,Public       ,346,442,788,346,442,788
00170300,KENDALL COLLEGE                         ,IL,60622-4278,Proprietary  ,314,386,700,314,386,700
00170400,KNOX COLLEGE                            ,IL,61401-4999,Private      ,1439,37,1476,1439,37,1476
00170500,ILLINOIS VALLEY COMMUNITY COLLEGE       ,IL,61348-9692,Public       ,327,265,592,327,265,592
00170600,LAKE FOREST COLLEGE                     ,IL,60045-2399,Private      ,1045,33,1078,1045,33,1078
00170700,LEWIS UNIVERSITY                        ,IL,60446-2200,Private      ,1751,683,2434,1751,683,2434
00170800,LINCOLN CHRISTIAN UNIVERSITY            ,IL,62656-2167,Private      ,281,171,452,281,171,452
00170900,LINCOLN COLLEGE                         ,IL,62656-1699,Private      ,417,79,496,417,79,496
00171000,LOYOLA UNIVERSITY CHICAGO               ,IL,60626-0000,Private      ,11481,4462,15943,11481,4462,15943
00171002,LOYOLA STRITCH SCHOOL OF MEDICINE       ,IL,60153-0000,Private      ,7,838,845,7,838,845
00171200,LUTHERAN SCHOOL OF THEOL AT CHICAGO     ,IL,60615-0000,Private      ,0,47,47,0,47,47
00171600,MACCORMAC COLLEGE                       ,IL,60602-4405,Private      ,7,27,34,7,27,34
00171700,MACMURRAY COLLEGE                       ,IL,62650-2590,Private      ,324,74,398,324,74,398
00172100,MCCORMICK THEOLOGICAL SEMINARY          ,IL,60615-5108,Private      ,0,54,54,0,54,54
00172200,MCKENDREE UNIVERSITY                    ,IL,62254-1299,Private      ,747,403,1150,747,403,1150
00172300,MEADVILLE LOMBARD THEOLOGICAL SCHOOL    ,IL,60637-1602,Private      ,0,30,30,0,30,30
00172400,MILLIKIN UNIVERSITY                     ,IL,62522-2084,Private      ,1530,205,1735,1530,205,1735
00172500,MONMOUTH COLLEGE                        ,IL,61462-1963,Private      ,1060,33,1093,1060,33,1093
00172800,MORTON COLLEGE                          ,IL,60804-4398,Public       ,248,267,515,248,267,515
00173200,NATIONAL UNIV OF HEALTH SCIENCES        ,IL,60148-4583,Private      ,13,203,216,13,203,216
00173300,NATIONAL-LOUIS UNIVERSITY               ,IL,60603-3032,Private      ,86,1451,1537,86,1451,1537
00173400,NORTH CENTRAL COLLEGE                   ,IL,60540-4690,Private      ,1617,213,1830,1617,213,1830
00173500,NORTH PARK UNIVERSITY                   ,IL,60625-4895,Private      ,1219,333,1552,1219,333,1552
00173600,NORTHERN BAPTIST THEOL SEMINARY         ,IL,60148-0000,Private      ,0,5,5,0,5,5
00173700,NORTHERN ILLINOIS UNIVERSITY            ,IL,60115-2854,Public       ,11953,4018,15971,11953,4018,15971
00173900,NORTHWESTERN UNIV                       ,IL,60208-0001,Private      ,11571,5010,16581,11571,5010,16581
00174100,OLIVET NAZARENE UNIVERSITY              ,IL,60914-2271,Private      ,1720,463,2183,1720,463,2183
00174200,IL EASTERN COMM COLGS-OLNEY CENTRAL     ,IL,62450-1099,Public       ,213,184,397,213,184,397
00174500,QUINCY UNIVERSITY                       ,IL,62301-2699,Private      ,701,152,853,701,152,853
00174600,ROBERT MORRIS UNIVERSITY ILLINOIS       ,IL,60605-1225,Private      ,1915,2054,3969,1915,2054,3969
00174700,ROCK VALLEY COLLEGE                     ,IL,61114-5699,Public       ,613,849,1462,613,849,1462
00174800,ROCKFORD COLLEGE                        ,IL,61108-2393,Private      ,407,304,711,407,304,711
00174900,ROOSEVELT UNIVERSITY                    ,IL,60605-1394,Private      ,1504,2242,3746,1504,2242,3746
00175000,DOMINICAN UNIVERSITY                    ,IL,60305-1066,Private      ,986,408,1394,986,408,1394
00175200,SAUK VALLEY COMMUNITY COLLEGE           ,IL,61021-9112,Public       ,287,277,564,287,277,564
00175300,SCHOOL OF ART INSTITUTE OF CHICAGO      ,IL,60603-3013,Private      ,1640,1304,2944,1640,1304,2944
00175400,SEABURY-WESTERN THEO SEMINARY           ,IL,60201-0000,Private      ,0,17,17,0,17,17
00175600,SHIMER COLLEGE                          ,IL,60616-3893,Private      ,30,18,48,30,18,48
00175700,SOUTHEASTERN ILLINOIS COLLEGE           ,IL,62946-4925,Public       ,181,192,373,181,192,373
00175800,SOUTHERN ILL UNIV-CARBONDALE            ,IL,62901-0000,Public       ,6414,2701,9115,6414,2701,9115
00175801,SOUTHERN ILLINOIS UNIV SCHOOL MEDIC     ,IL,62794-0000,Public       ,63,249,312,63,249,312
00175900,SOUTHERN ILL UNIV-EDWARDSVILLE          ,IL,62026-1060,Public       ,5399,2189,7588,5399,2189,7588
00175924,SO IL UNIV-SCHL OF DENTAL MEDICINE      ,IL,62002-0000,Public       ,5,100,105,5,100,105
00176100,SPRINGFIELD COLLEGE IN ILLINOIS         ,IL,62702-2694,Private      ,145,160,305,145,160,305
00176500,UNIVERSITY OF ST MARY OF THE LAKE       ,IL,60060-0000,Private      ,0,3,3,0,3,3
00176700,BENEDICTINE UNIVERSITY                  ,IL,60532-0900,Private      ,1057,655,1712,1057,655,1712
00176800,ST XAVIER UNIVERSITY                    ,IL,60655-3199,Private      ,2156,1230,3386,2156,1230,3386
00176900,SOUTH SUBURBAN COLLEGE                  ,IL,60473-9978,Public       ,515,1149,1664,515,1149,1664
00177100,TRINITY CHRISTIAN COLLEGE               ,IL,60463-0929,Private      ,688,209,897,688,209,897
00177200,TRINITY INTERNATIONAL UNIVERSITY        ,IL,60015-1283,Private      ,516,388,904,516,388,904
00177300,TRITON COLLEGE                          ,IL,60171-1995,Public       ,619,649,1268,619,649,1268
00177400,UNIVERSITY OF CHICAGO                   ,IL,60637-1476,Private      ,6091,973,7064,6091,973,7064
00177401,UNIV OF CHICAGO PRITZKER SCH OF MED     ,IL,60637-0000,Private      ,15,398,413,15,398,413
00177403,"UNIV OF CHICAGO, GRAD SCH OF BUS        ",IL,60637-0000,Private      ,12,302,314,12,302,314
00177405,UNIVERSITY OF CHICAGO GRADUATE          ,IL,60637-0000,Private      ,42,2771,2813,42,2771,2813
00177500,UNIV OF ILLINOIS @ URBANA-CHAMPAIGN     ,IL,61820-5796,Public       ,16589,3500,20089,16589,3500,20089
00177600,UNIV OF ILLINOIS AT CHICAGO             ,IL,60607-7163,Public       ,9880,6391,16271,9880,6391,16271
00177800,VANDERCOOK COLLEGE OF MUSIC             ,IL,60616-3731,Private      ,80,29,109,80,29,109
00177900,IL EASTERN COMM COLGS-WABASH VALLEY     ,IL,62863-2699,Public       ,137,77,214,137,77,214
00178000,WESTERN ILLINOIS UNIVERSITY             ,IL,61455-1390,Public       ,4696,1226,5922,4696,1226,5922
00178100,WHEATON COLLEGE                         ,IL,60187-5535,Private      ,1819,268,2087,1819,268,2087
00178300,WORSHAM COLLEGE OF MORTUARY SCIENCE     ,IL,60090-2646,Proprietary  ,14,36,50,14,36,50
00396100,HARPER COLLEGE                          ,IL,60067-7398,Public       ,1089,641,1730,1089,641,1730
00418100,ADVOCATE TRINITY HOSPITAL SCHOOL OF RADI,IL,60617-3982,Private      ,5,34,39,5,34,39
00419002,SAINT FRANCIS HOSPITAL - SCHOOL OF RADIO,IL,60202-3320,Private      ,0,1,1,0,1,1
00456000,GEM CITY COLLEGE                        ,IL,62301-4949,Proprietary  ,5,1,6,5,1,6
00456800,MIDSTATE COLLEGE                        ,IL,61614-3558,Proprietary  ,9,213,222,9,213,222
00621400,BLESSING RIEMAN COLLEGE OF NURSING      ,IL,62301-0000,Private      ,34,18,52,34,18,52
00621401,BLESSING HOSP SCH MED LAB TECH          ,IL,62301-0000,Private      ,0,1,1,0,1,1
00621402,BLESSING HOSP SCH OF RAD TECH           ,IL,62301-2852,Private      ,5,1,6,5,1,6
00621403,BLESSING HOSPITAL - COLLEGE OF NURSING  ,IL,62305-7005,Private      ,2,3,5,2,3,5
00622501,TRINITY COLLEGE OF NURSING & HEALTH SCIE,IL,61201-5317,Private      ,33,67,100,33,67,100
00624000,ST FRANCIS MED CLG OF NRSG              ,IL,61603-3783,Private      ,67,126,193,67,126,193
00665600,COLLEGE OF DUPAGE                       ,IL,60137-6599,Public       ,1430,1173,2603,1430,1173,2603
00675300,ILLINOIS CENTRAL COLLEGE                ,IL,61635-0001,Public       ,882,962,1844,882,962,1844
00693100,WAUBONSEE COMMUNITY COLLEGE             ,IL,60554-0000,Public       ,366,376,742,366,376,742
00711800,PARKLAND COLLEGE                        ,IL,61821-1899,Public       ,1030,628,1658,1030,628,1658
00711900,REND LAKE COLLEGE                       ,IL,62846-9801,Public       ,313,335,648,313,335,648
00717000,LINCOLN LAND COMMUNITY COLLEGE          ,IL,62794-9256,Public       ,570,673,1243,570,673,1243
00726500,CARL SANDBURG COLLEGE                   ,IL,61401-9576,Public       ,226,304,530,226,304,530
00729701,WESTWOOD COLLEGE OF TECHNOLOGY          ,IL,60176-0000,Proprietary  ,6,3,9,6,3,9
00754900,COYNE AMERICAN INSTITUTE                ,IL,60607-1300,Proprietary  ,68,265,333,68,265,333
00764400,LAKE LAND COLLEGE                       ,IL,61938-9366,Public       ,733,515,1248,733,515,1248
00768400,KISHWAUKEE COLLEGE                      ,IL,60150-9699,Public       ,370,359,729,370,359,729
00769000,KANKAKEE COMMUNITY COLLEGE              ,IL,60901-6505,Public       ,326,442,768,326,442,768
00769100,MCHENRY COUNTY COLLEGE                  ,IL,60012-2761,Public       ,317,246,563,317,246,563
00769200,MORAINE VALLEY COMMUNITY COLLEGE        ,IL,60465-0937,Public       ,1117,782,1899,1117,782,1899
00769300,SHAWNEE COMMUNITY COLLEGE               ,IL,62992-9725,Public       ,227,205,432,227,205,432
00769400,COLLEGE OF LAKE COUNTY                  ,IL,60030-1198,Public       ,641,727,1368,641,727,1368
00793700,MS ROBERTS ACADEMY OF BEAUTY CULT       ,IL,60181-2930,Proprietary  ,4,2,6,4,2,6
00807600,JOHN A LOGAN COLLEGE                    ,IL,62918-2500,Public       ,422,499,921,422,499,921
00825900,EDUCATORS OF BEAUTY                     ,IL,61081-3611,Proprietary  ,9,17,26,9,17,26
00825901,EDUCATORS OF BEAUTY                     ,IL,61104-0000,Proprietary  ,2,12,14,2,12,14
00832800,ALVAREITA'S COLLEGE OF COSMETOLOGY      ,IL,62025-2041,Proprietary  ,1,8,9,1,8,9
00854500,ROCKFORD BUSINESS COLLEGE               ,IL,61103-0000,Proprietary  ,24,164,188,24,164,188
00869402,RASMUSSEN COLLEGE - ROCKFORD            ,IL,61108-2513,Proprietary  ,11,87,98,11,87,98
00888000,MORRISON INSTITUTE OF TECHNOLOGY        ,IL,61270-2959,Private      ,44,5,49,44,5,49
00893800,GRAHAM HOSPITAL SCH OF NURSING          ,IL,61520-2497,Private      ,10,22,32,10,22,32
00893900,CANNELLA SCHOOL OF HAIR DESIGN          ,IL,60406-2130,Proprietary  ,1,2,3,1,2,3
00914500,GOVERNORS STATE UNIVERSITY              ,IL,60466-0975,Public       ,203,1445,1648,203,1445,1648
00923200,CATHOLIC THEOLOGICAL UNION              ,IL,60615-0000,Private      ,0,16,16,0,16,16
00933300,UNIV OF ILLINOIS AT SPRINGFIELD         ,IL,62703-5407,Public       ,674,762,1436,674,762,1436
00947500,EDUCATORS OF BEAUTY                     ,IL,61301-2404,Proprietary  ,2,5,7,2,5,7
00959500,CANNELLA SCHOOL OF HAIR DESIGN          ,IL,60617-4303,Proprietary  ,3,8,11,3,8,11
00976700,OLIVE-HARVEY COLLEGE                    ,IL,60628-1696,Public       ,231,727,958,231,727,958
00978600,IL EASTERN COMM COLGS-LINCOLN TRAIL     ,IL,62454-5708,Public       ,112,104,216,112,104,216
00980000,RUSH UNIVERSITY                         ,IL,60612-3806,Private      ,132,892,1024,132,892,1024
00989600,OAKTON COMMUNITY COLLEGE                ,IL,60016-1268,Public       ,737,425,1162,737,425,1162
00998700,SAINT ANTHONY COLLEGE OF NURSING        ,IL,61108-2468,Private      ,27,86,113,27,86,113
01002000,LEWIS AND CLARK COMMUNITY COLLEGE       ,IL,62035-2466,Public       ,417,498,915,417,498,915
01031600,LINCOLN COLLEGE OF TECHNOLOGY           ,IL,60160-1605,Proprietary  ,174,147,321,174,147,321
01050100,LAKEVIEW  COLLEGE OF NURSING            ,IL,61832-3781,Private      ,41,60,101,41,60,101
01069500,TRI-COUNTY BEAUTY ACADEMY               ,IL,62056-2036,Proprietary  ,4,3,7,4,3,7
01071000,CAPITAL AREA SCH OF PRAC NRSG           ,IL,62707-0000,Public       ,8,86,94,8,86,94
01072700,DEVRY UNIVERSITY                        ,IL,60618-5994,Proprietary  ,6082,13840,19922,6082,13840,19922
01073700,ADVOCATE IL MASONIC SCH OF RAD TECH     ,IL,60657-5193,Private      ,4,27,31,4,27,31
01083600,PIVOT POINT INTNL CSMTLGY RSRCH CTR     ,IL,60626-0000,Proprietary  ,35,82,117,35,82,117
01087900,RICHLAND COMMUNITY COLLEGE              ,IL,62521-8513,Public       ,194,291,485,194,291,485
01181000,TAYLOR BUSINESS INSTITUTE               ,IL,60606-5111,Proprietary  ,6,15,21,6,15,21
01185800,EVEREST COLLEGE                         ,IL,60077-1074,Proprietary  ,3,12,15,3,12,15
01236200,NORTHWESTERN COLLEGE                    ,IL,60630-2298,Proprietary  ,305,599,904,305,599,904
01238500,BLOOMINGTON-NORMAL SCH RADIOGRAPHY      ,IL,61761-4604,Private      ,6,3,9,6,3,9
01258400,ILLINOIS INSTITUTE OF ART (THE)         ,IL,60654-1593,Proprietary  ,1369,570,1939,1369,570,1939
01281300,JOHN WOOD COMMUNITY COLLEGE             ,IL,62305-0401,Public       ,360,270,630,360,270,630
01308700,CAPRI GARFIELD RIDGE SCH OF BTY CLR     ,IL,60629-1613,Proprietary  ,3,14,17,3,14,17
01308800,CAPRI OAK FOREST COLLEGE OF BEAUTY      ,IL,60452-2798,Proprietary  ,16,30,46,16,30,46
02055200,HARRINGTON COLLEGE OF DESIGN            ,IL,60606-3433,Proprietary  ,286,184,470,286,184,470
02068100,ADLER SCH OF PROFESSIONAL PSYCHLGY      ,IL,60601-0000,Private      ,5,274,279,5,274,279
02069300,VATTEROTT COLLEGE                       ,IL,62305-5938,Proprietary  ,23,54,77,23,54,77
02073200,TELSHE YESHIVA-CHICAGO                  ,IL,60625-0000,Private      ,2,0,2,2,0,2
02074400,IL EASTERN COMM COLGS-FRONTIER          ,IL,62837-0000,Public       ,52,73,125,52,73,125
02075400,KELLER GRADUATE SCHOOL OF MGMT.         ,IL,60515-5683,Proprietary  ,14,2672,2686,14,2672,2686
02113600,AMERICAN INTERCONTINENTAL UNIVERSITY    ,IL,60192-3713,Proprietary  ,775,7352,8127,775,7352,8127
02117400,BECK AREA CAREER CENTER                 ,IL,62278-0000,Public       ,3,22,25,3,22,25
02124400,UNIVERSITY OF SPA & COSMETOLOGY ART     ,IL,62704-0000,Proprietary  ,15,30,45,15,30,45
02150600,COSMETOLOGY AND SPA INSTITUTE (THE)     ,IL,60014-4003,Proprietary  ,7,9,16,7,9,16
02155300,THE CHICAGO SCHOOL OF PROF PSYCHOLOGY   ,IL,60610-4705,Private      ,8,966,974,8,966,974
02160300,INTERNATIONAL ACAD OF DESIGN & TECH     ,IL,60602-3319,Proprietary  ,695,585,1280,695,585,1280
02160304,INTERNATIONAL ACADEMY OF DESIGN AND TECH,IL,60173-5160,Proprietary  ,61,46,107,61,46,107
02166800,JOHN AMICO'S SCHOOL OF HAIR DESIGN      ,IL,60452-0000,Proprietary  ,1,3,4,1,3,4
02168600,EAST WEST UNIVERSITY                    ,IL,60605-0000,Private      ,184,202,386,184,202,386
02179900,ARGOSY UNIVERSITY                       ,IL,60601-7757,Proprietary  ,297,7281,7578,297,7281,7578
02185400,ST AUGUSTINE COLLEGE                    ,IL,60640-0000,Private      ,46,158,204,46,158,204
02192400,MR JOHNS SCHOOL OF COSMETOLOGY          ,IL,62521-0000,Proprietary  ,1,2,3,1,2,3
02202600,CANNELLA SCHOOL OF HAIR DESIGN          ,IL,60181-1321,Proprietary  ,1,1,2,1,1,2
02214100,WEST SUBURBAN COLLEGE OF NURSING        ,IL,60302-2519,Private      ,57,108,165,57,108,165
02228100,MAC DANIEL'S BEAUTY SCHOOL              ,IL,60640-0000,Proprietary  ,4,7,11,4,7,11
02253000,CANNELLA SCHOOL OF HAIR DESIGN          ,IL,60644-0000,Proprietary  ,0,2,2,0,2,2
02261200,HAIR PROFESSIONALS ACAD COSMETOLOGY     ,IL,60118-0000,Proprietary  ,0,1,1,0,1,1
02262100,HAIR PROFESSIONALS SCH COSMETOLOGY      ,IL,60543-0000,Proprietary  ,3,2,5,3,2,5
02291200,CANNELLA SCHOOL OF HAIR DESIGN          ,IL,60639-0000,Proprietary  ,0,8,8,0,8,8
02295500,CANNELLA SCHOOL OF HAIR DESIGN          ,IL,60120-0000,Proprietary  ,0,1,1,0,1,1
02297500,OEHRLEIN SCHOOL OF COSMETOLOGY          ,IL,61611-0000,Proprietary  ,7,9,16,7,9,16
02312300,LA' JAMES COLLEGE HAIRSTYLING           ,IL,61244-0000,Proprietary  ,4,6,10,4,6,10
02313900,WESTWOOD COLLEGE - O'HARE AIRPORT       ,IL,60631-2801,Proprietary  ,68,122,190,68,122,190
02317300,CONCEPT COLLEGE OF COSMETOLOGY          ,IL,61832-0000,Proprietary  ,4,7,11,4,7,11
02319200,LAKE FOREST GRAD SCHL OF MGMT           ,IL,60045-4824,Private      ,2,22,24,2,22,24
02323300,PROFESSIONAL'S CHOICE HAIR DSN ACAD     ,IL,60435-0000,Proprietary  ,2,1,3,2,1,3
02332200,HAIR PROFESSIONALS CAREER COLLEGE       ,IL,60178-0000,Proprietary  ,1,4,5,1,4,5
02337800,THE COLLEGE OF OFFICE TECHNOLOGY        ,IL,60622-0000,Proprietary  ,7,27,34,7,27,34
02349400,ALVAREITA'S COLLEGE OF COSMETOLOGY      ,IL,62035-0000,Proprietary  ,5,3,8,5,3,8
02349500,CANNELLA SCHOOL OF HAIR DESIGN          ,IL,60632-0000,Proprietary  ,1,4,5,1,4,5
02352200,COOKING & HOSPITALITY INSTITUTE         ,IL,60610-3050,Proprietary  ,264,270,534,264,270,534
02498200,HAIR PROFESSIONALS ACAD COSMETOLOGY     ,IL,60187-0000,Proprietary  ,1,5,6,1,5,6
02498201,HAIR PROFESSIONALS ACADEMY OF COSMETOLOG,IL,60563-0000,Proprietary  ,1,2,3,1,2,3
02522800,FOX COLLEGE                             ,IL,60453-0000,Proprietary  ,28,8,36,28,8,36
02527600,LEXINGTON COLLEGE                       ,IL,60607-0000,Private      ,27,16,43,27,16,43
02536700,BELL MAR BEAUTY COLLEGE                 ,IL,60650-0000,Proprietary  ,0,2,2,0,2,2
02538100,REGENCY BEAUTY INSTITUTE                ,IL,61820-0000,Proprietary  ,0,2,2,0,2,2
02556100,ENVIRONMENTAL TECHNICAL INSTITUTE       ,IL,60143-0000,Proprietary  ,7,10,17,7,10,17
02556600,NILES SCHOOL OF COSMETOLOGY             ,IL,60714-0000,Proprietary  ,1,2,3,1,2,3
02570305,LOS ANGELES ORT TECHNICAL INSTITUTE -D/B,IL,60077-0000,Private      ,0,1,1,0,1,1
02573700,INSTITUTE FOR CLINICAL SOCIAL WORK      ,IL,60601-0000,Private      ,0,11,11,0,11,11
02579200,INGALLS MEMORIAL HOSPITAL               ,IL,60426-0000,Private      ,1,9,10,1,9,10
02584900,"FIRST INSTITUTE, INC.                   ",IL,60014-7489,Proprietary  ,2,9,11,2,9,11
02587700,HAIR PROFESSIONALS CAREER COLLEGE       ,IL,60465-1929,Proprietary  ,1,5,6,1,5,6
02599500,HANOVER PARK COLLEGE OF BEAUTY CULT     ,IL,60133-5421,Proprietary  ,2,5,7,2,5,7
02622700,KNOWLEDGE SYSTEMS INSTITUTE             ,IL,60076-0000,Private      ,0,5,5,0,5,5
03002000,HAIRMASTERS INST OF COSMETOLOGY         ,IL,61701-5547,Proprietary  ,6,10,16,6,10,16
03027702,PACIFIC COLLEGE OF ORIENTAL MEDICINE - C,IL,60613-4418,Proprietary  ,1,20,21,1,20,21
03065300,TREND SETTERS COLL OF COSMETOLOGY       ,IL,60915-2101,Proprietary  ,5,7,12,5,7,12
03072701,WESTWOOD COLLEGE OF TECHNOLOGY          ,IL,60409-0000,Proprietary  ,68,198,266,68,198,266
03072702,WESTWOOD COLLEGE OF TECHNOLOGY          ,IL,60602-0000,Proprietary  ,131,212,343,131,212,343
03078400,CAMEO BEAUTY ACADEMY                    ,IL,60453-3196,Proprietary  ,3,4,7,3,4,7
03079200,WESTWOOD COLLEGE - DUPAGE               ,IL,60517-2321,Proprietary  ,98,77,175,98,77,175
03082900,ROSEL SCHOOL OF COSMETOLOGY             ,IL,60659-1913,Proprietary  ,1,4,5,1,4,5
03083800,HEARTLAND COMMUNITY COLLEGE             ,IL,61761-9446,Public       ,461,483,944,461,483,944
03098000,ST JOHN'S COLLEGE OF NURSING            ,IL,62702-5321,Private      ,27,23,50,27,23,50
03098002,ST JOHN'S HOSP SCH MED TECH             ,IL,62769-5324,Private      ,2,1,3,2,1,3
03098003,ST JOHN'S HOSPITAL SCH OF DIETETICS     ,IL,62769-0000,Private      ,0,2,2,0,2,2
03099700,CAIN'S BARBER COLLEGE                   ,IL,60615-3510,Proprietary  ,11,40,51,11,40,51
03099800,ILLINOIS SCHOOL OF HEALTH CAREERS       ,IL,60604-0000,Proprietary  ,52,89,141,52,89,141
03101800,ILLINOIS CENTER FOR BROADCASTING        ,IL,60148-7015,Proprietary  ,10,15,25,10,15,25
03128300,PYRAMID CAREER INSTITUTE                ,IL,60657-4207,Proprietary  ,1,0,1,1,0,1
03128500,NATIONAL LATINO EDUCATION INSTITUTE     ,IL,60609-2205,Private      ,0,5,5,0,5,5
03199300,CHRISTIAN LIFE COLLEGE                  ,IL,60056-2522,Private      ,7,2,9,7,2,9
03368300,MIDWEST TECHNICAL INSTITUTE             ,IL,62707-8805,Proprietary  ,30,140,170,30,140,170
03416300,COMPUTER SYSTEMS INSTITUTE              ,IL,60077-0000,Proprietary  ,0,2,2,0,2,2
03448300,BIR TRAINING CENTER                     ,IL,60659-1298,Proprietary  ,2,12,14,2,12,14
03455700,CORTIVA INSTITUTE - CHICAGO             ,IL,60602-3315,Proprietary  ,14,34,48,14,34,48
03472300,CHICAGO URBAN LEAGUE COMPUTER TRAIN     ,IL,60604-2198,Private      ,2,4,6,2,4,6
03510300,ERIKSON INSTITUTE                       ,IL,60654-4510,Private      ,0,176,176,0,176,176
03623300,VEE'S SCHOOL OF BEAUTY CULTURE          ,IL,62205-2326,Proprietary  ,0,1,1,0,1,1
03643300,"MR. JOHN'S SCHOOL OF JACKSONVILLE,  INC,",IL,62650-3488,Proprietary  ,1,1,2,1,1,2
03684300,NORTHSHORE UNIVERSITY HEALTHSYSTEM SCHOO,IL,60201-9872,Private      ,0,12,12,0,12,12
03721400,AMERICAN CAREER COLLEGE                 ,IL,60402-0000,Proprietary  ,1,12,13,1,12,13
03879300,YOUR SCHOOL OF BEAUTY CULTURE           ,IL,60653-1517,Proprietary  ,8,6,14,8,6,14
03881400,EUROPEAN MASSAGE THERAPY SCHOOL         ,IL,60077-2269,Proprietary  ,0,6,6,0,6,6
03891300,SOMA INSTITUTE - THE NATIONAL SCHOOL OF ,IL,60604-4466,Proprietary  ,21,22,43,21,22,43
03914300,"CALC, INSTITUTE OF TECHNOLOGY           ",IL,62002-5931,Proprietary  ,2,33,35,2,33,35
03955400,MIDWEST INSTITUTE OF MASSAGE THERAPY    ,IL,62223-0000,Proprietary  ,1,3,4,1,3,4
        ,ASBURY THEOLOGICAL SEMINARY             ,KY,40390-0000,Private      ,8,747,755,8,747,755
00195100,ALICE LLOYD COLLEGE                     ,KY,41844-9703,Private      ,732,47,779,732,47,779
00195200,ASBURY COLLEGE                          ,KY,40390-1198,Private      ,968,94,1062,968,94,1062
00195400,BELLARMINE UNIVERSITY                   ,KY,40205-1877,Private      ,1975,512,2487,1975,512,2487
00195500,BEREA COLLEGE                           ,KY,40403-0000,Private      ,1709,241,1950,1709,241,1950
00195800,BRESCIA UNIVERSITY                      ,KY,42301-3023,Private      ,305,119,424,305,119,424
00195900,CAMPBELLSVILLE UNIVERSITY               ,KY,42718-2799,Private      ,1411,398,1809,1411,398,1809
00196000,SPALDING UNIVERSITY                     ,KY,40203-2188,Private      ,318,990,1308,318,990,1308
00196100,CENTRE COLLEGE                          ,KY,40422-1394,Private      ,1563,30,1593,1563,30,1593
00196200,UNIVERSITY OF THE CUMBERLANDS           ,KY,40769-1372,Private      ,1453,271,1724,1453,271,1724
00196300,EASTERN KENTUCKY UNIVERSITY             ,KY,40475-3102,Public       ,5965,2716,8681,5965,2716,8681
00196400,GEORGETOWN COLLEGE                      ,KY,40324-1628,Private      ,1512,175,1687,1512,175,1687
00196500,KENTUCKY CHRISTIAN UNIVERSITY           ,KY,41143-2205,Private      ,513,99,612,513,99,612
00196800,KENTUCKY STATE UNIVERSITY               ,KY,40601-2355,Public       ,1672,589,2261,1672,589,2261
00196900,KENTUCKY WESLEYAN COLLEGE               ,KY,42302-1039,Private      ,1006,126,1132,1006,126,1132
00197000,LEES COLLEGE                            ,KY,41339-0000,Private      ,1,3,4,1,3,4
00197100,LEXINGTON THEOLOGICAL SEMINARY          ,KY,40508-0000,Private      ,0,17,17,0,17,17
00197200,LINDSEY WILSON COLLEGE                  ,KY,42728-1223,Private      ,1238,685,1923,1238,685,1923
00197400,LOUISVILLE PRESBYTERIAN THEOL SEM       ,KY,40205-0000,Private      ,0,40,40,0,40,40
00197500,MIDWAY COLLEGE                          ,KY,40347-1120,Private      ,376,700,1076,376,700,1076
00197600,MOREHEAD STATE UNIVERSITY               ,KY,40351-1689,Public       ,3743,1780,5523,3743,1780,5523
00197700,MURRAY STATE UNIVERSITY                 ,KY,42071-0009,Public       ,3424,1306,4730,3424,1306,4730
00197900,WEST KENTUCKY CMNTY & TECHNICAL COLG    ,KY,42002-7380,Public       ,559,771,1330,559,771,1330
00197901,WEST KENTUCKY CMNTY & TECHNICAL COLG    ,KY,42001-0000,Public       ,18,41,59,18,41,59
00197903,W KY CMNTY TECH - MURRAY AREA VOC ED CTR,KY,42071-0000,Public       ,2,2,4,2,2,4
00198000,PIKEVILLE COLLEGE                       ,KY,41501-1194,Private      ,788,202,990,788,202,990
00198001,PIKEVILLE CLG-SCH OSTEOPATHIC MEDIC     ,KY,41501-0000,Private      ,3,154,157,3,154,157
00198200,SOUTHERN BAPTIST THEOL SEMINARY         ,KY,40280-0000,Private      ,23,59,82,23,59,82
00198300,ST. CATHARINE COLLEGE                   ,KY,40061-9499,Private      ,367,200,567,367,200,567
00198700,TRANSYLVANIA UNIVERSITY                 ,KY,40508-1797,Private      ,1183,40,1223,1183,40,1223
00198800,UNION COLLEGE                           ,KY,40906-1499,Private      ,592,258,850,592,258,850
00198900,UNIVERSITY OF KENTUCKY                  ,KY,40506-0054,Public       ,8978,3307,12285,8978,3307,12285
00198901,UNIV OF KY-COLLEGE OF DENTISTRY         ,KY,40536-0000,Public       ,4,85,89,4,85,89
00198902,UNIV OF KY-COLLEGE OF MEDICINE          ,KY,40536-0000,Public       ,12,251,263,12,251,263
00199000,ASHLAND COMMUNITY AND TECHNICAL COLLEGE ,KY,41101-3683,Public       ,556,772,1328,556,772,1328
00199001,ASHLAND CMNTY AND TECHNCL COLG          ,KY,41102-0000,Public       ,17,24,41,17,24,41
00199100,ELIZABETHTOWN COMMUNITY  AND TECHNICAL C,KY,42701-3081,Public       ,837,1232,2069,837,1232,2069
00199300,HENDERSON COMMUNITY COLLEGE             ,KY,42420-4699,Public       ,220,390,610,220,390,610
00199400,HOPKINSVILLE COMMUNITY COLLEGE          ,KY,42241-2621,Public       ,316,882,1198,316,882,1198
00199600,BIG SANDY COMMUNITY AND TECHNICAL COLG  ,KY,41653-1815,Public       ,757,715,1472,757,715,1472
00199700,SOMERSET COMMUNITY COLLEGE              ,KY,42501-2973,Public       ,967,1901,2868,967,1901,2868
00199701,LAUREL TECHNICAL COLLEGE                ,KY,40744-0000,Public       ,7,12,19,7,12,19
00199703,SOMERSET TECHNICAL COLLEGE              ,KY,42501-3043,Public       ,4,10,14,4,10,14
00199800,SOUTHEAST KENTUCKY COMMUNITY AND TECHNIC,KY,40823-1099,Public       ,419,476,895,419,476,895
00199802,CUMBERLAND VLY TEC CLG MIDDLESBORO      ,KY,40965-2265,Public       ,12,9,21,12,9,21
00199804,SOUTHEAST COMMUNITY COLLEGE             ,KY,40831-1796,Public       ,51,45,96,51,45,96
00199900,UNIVERSITY OF LOUISVILLE                ,KY,40292-0000,Public       ,7970,5512,13482,7970,5512,13482
00200100,THOMAS MORE COLLEGE                     ,KY,41017-3495,Private      ,778,222,1000,778,222,1000
00200200,WESTERN KENTUCKY UNIVERSITY             ,KY,42101-3576,Public       ,6626,2791,9417,6626,2791,9417
00461800,SPENCERIAN COLLEGE                      ,KY,40216-2605,Proprietary  ,270,660,930,270,660,930
00461900,SULLIVAN UNIVERSITY                     ,KY,40205-3000,Proprietary  ,868,1701,2569,868,1701,2569
00524300,HAZARD TECHNICAL COLLEGE                ,KY,41701-1198,Public       ,12,8,20,12,8,20
00524400,BLUEGRASS COMMUNITY & TECHNICAL COLLEGE ,KY,40506-0235,Public       ,1410,2169,3579,1410,2169,3579
00527100,BOWLING GREEN TECHNICAL COLLEGE         ,KY,42101-3601,Public       ,229,428,657,229,428,657
00527300,GATEWAY COMMUNITY & TECHNOLOGY COLL     ,KY,41011-0000,Public       ,247,572,819,247,572,819
00549500,KY TECH-JEFFERSON CAMPUS                ,KY,40203-2036,Public       ,44,123,167,44,123,167
00549502,SHELBY COUNTY AREA TECHNOLOGY CTR       ,KY,40065-0000,Public       ,7,18,25,7,18,25
00696000,MAYSVILLE CMNTY & TECHNCL COLG          ,KY,41056-8910,Public       ,264,563,827,264,563,827
00696002,MAYSVILLE CMNTY & TECHNCL COLG - ROWAN  ,KY,40351-8359,Public       ,10,21,31,10,21,31
00696100,JEFFERSON COMMUNITY AND TECHNICAL COLLEG,KY,40202-2005,Public       ,1841,3179,5020,1841,3179,5020
00696200,HAZARD COMMUNITY COLLEGE                ,KY,41701-2402,Public       ,705,674,1379,705,674,1379
00696203,KY TECH-KNOTT CO. TECHNOLOGY CTR        ,KY,41822-0000,Public       ,1,0,1,1,0,1
00696204,KY TECH-LESLIE COUNTY AREA TECH CTR     ,KY,41749-0000,Public       ,3,0,3,3,0,3
00696205,KY TECH-LEE COUNTY AREA TECH CTR        ,KY,41311-0000,Public       ,0,1,1,0,1,1
00696206,KY TECH-LETCHER CNTY AREA TECH CTR      ,KY,41858-0000,Public       ,6,5,11,6,5,11
00696207,KY TECH-BREATHITT COUNTY VOC ED CTR     ,KY,41339-0000,Public       ,3,9,12,3,9,12
00842500,DAYMAR COLLEGE                          ,KY,42001-0000,Proprietary  ,31,57,88,31,57,88
00901000,MADISONVILLE COMMUNITY COLLEGE          ,KY,42431-9199,Public       ,453,853,1306,453,853,1306
00927500,NORTHERN KENTUCKY UNIVERSITY            ,KY,41099-0001,Public       ,4183,2278,6461,4183,2278,6461
00931300,DAYMAR COLLEGE                          ,KY,42301-5830,Proprietary  ,34,225,259,34,225,259
00931302,DAYMAR COLLEGE - LOUISVILLE CAMPUS      ,KY,40219-1973,Proprietary  ,7,15,22,7,15,22
01042400,SALON PROFESSIONAL ACADEMY THE          ,KY,40502-1776,Proprietary  ,7,12,19,7,12,19
01048900,NATIONAL COLLEGE                        ,KY,40508-0000,Proprietary  ,140,1393,1533,140,1393,1533
01172500,COLLINS SCHOOL OF COSMETOLOGY           ,KY,40965-2809,Proprietary  ,1,6,7,1,6,7
01208800,SULLIVAN COLLEGE OF TECHNOLOGY AND DESIG,KY,40218-4528,Proprietary  ,238,161,399,238,161,399
01212801,SOUTHWESTERN COLLEGE                    ,KY,41042-1466,Proprietary  ,6,35,41,6,35,41
01240400,LEXINGTON BEAUTY COLLEGE                ,KY,40503-1819,Proprietary  ,3,19,22,3,19,22
01291400,EMPIRE BEAUTY SCHOOL                    ,KY,40218-0000,Proprietary  ,12,18,30,12,18,30
01291500,EMPIRE BEAUTY SCHOOL                    ,KY,41042-5113,Proprietary  ,4,13,17,4,13,17
01291600,EMPIRE BEAUTY SCHOOL                    ,KY,40216-4212,Proprietary  ,2,7,9,2,7,9
01291700,EMPIRE BEAUTY SCHOOL                    ,KY,40160-0000,Proprietary  ,6,12,18,6,12,18
01296800,EMPIRE BEAUTY SCHOOL                    ,KY,40207-2695,Proprietary  ,6,5,11,6,5,11
02159100,"APPALACHIAN BEAUTY SCHOOL, INC.         ",KY,41503-0000,Proprietary  ,4,6,10,4,6,10
02177100,EMPIRE BEAUTY SCHOOL                    ,KY,40204-0000,Proprietary  ,16,8,24,16,8,24
02251500,TREND SETTERS ACAD OF BEAUTY CULT       ,KY,40258-0000,Proprietary  ,6,10,16,6,10,16
02275000,JENNY LEA ACADEMY OF COSMETOLOGY        ,KY,40831-0000,Proprietary  ,3,8,11,3,8,11
02279800,ELIZABETHTOWN BEAUTY SCHOOL             ,KY,42701-0000,Proprietary  ,8,9,17,8,9,17
02284306,INTERACTIVE LEARNING SYSTEMS            ,KY,41042-0000,Proprietary  ,0,5,5,0,5,5
02323700,PAT WILSON'S BEAUTY COLLEGE             ,KY,42420-0000,Proprietary  ,1,2,3,1,2,3
02337200,PJ'S COLLEGE OF COSMETOLOGY             ,KY,42101-0000,Proprietary  ,14,43,57,14,43,57
02340800,PAUL MITCHELL THE SCHOOL LEXINGTON      ,KY,40601-0000,Proprietary  ,0,3,3,0,3,3
02351700,DONTA SCHOOL OF BEAUTY CULTURE          ,KY,40203-0000,Proprietary  ,2,8,10,2,8,10
02491100,BECKFIELD COLLEGE                       ,KY,41042-0000,Proprietary  ,43,304,347,43,304,347
02518900,BARRETT & COMPANY SCH HAIR DESIGN       ,KY,40356-0000,Proprietary  ,8,19,27,8,19,27
02526100,JENNY LEA ACADEMY OF COSMETOLOGY        ,KY,41858-0000,Proprietary  ,2,3,5,2,3,5
02535600,CLEAR CREEK BAPTIST BIBLE COLLEGE       ,KY,40977-0000,Private      ,15,37,52,15,37,52
02551100,PJ'S COLLEGE OF COSMETOLOGY             ,KY,42121-0000,Proprietary  ,0,6,6,0,6,6
02560800,SOUTHEAST SCHOOL OF COSMETOLOGY         ,KY,40962-0000,Proprietary  ,4,15,19,4,15,19
02576200,MID-CONTINENT UNIVERSITY                ,KY,42066-9007,Private      ,95,541,636,95,541,636
02616204,BROWN MACKIE COLLEGE-FINDLAY - BROWN MAC,KY,40219-1916,Proprietary  ,76,518,594,76,518,594
03002100,KENTUCKY MOUNTAIN BIBLE COLLEGE         ,KY,41385-0010,Private      ,21,6,27,21,6,27
03007000,FRONTIER SCH OF MIDWIFERY&FAMILY NU     ,KY,41749-0000,Private      ,0,138,138,0,138,138
03026200,HEAD'S WEST KENTUCKY BEAUTY COLLEGE     ,KY,42431-0000,Proprietary  ,0,2,2,0,2,2
03029200,NU-TEK ACADEMY OF BEAUTY                ,KY,40353-9767,Proprietary  ,3,3,6,3,3,6
03034500,OWENSBORO COMMUNITY & TECHNICAL COLLEGE ,KY,42303-1899,Public       ,560,771,1331,560,771,1331
03083700,GALEN HEALTH INSTITUTES                 ,KY,40207-1047,Proprietary  ,80,530,610,80,530,610
03103500,MR JIM'S BEAUTY COLLEGE                 ,KY,42301-2646,Proprietary  ,5,3,8,5,3,8
03106700,MOTIF BEAUTY ACADEMY                    ,KY,40391-1958,Proprietary  ,3,6,9,3,6,9
03516500,EZELL'S COSMETOLOGY SCHOOL              ,KY,42071-2530,Proprietary  ,2,0,2,2,0,2
03611300,BRIGHTON CENTER'S CENTER FOR EMPLOY     ,KY,41071-1968,Private      ,0,5,5,0,5,5
03804300,BELLEFONTE ACADEMY OF BEAUTY            ,KY,41169-2015,Proprietary  ,1,3,4,1,3,4
03885300,EMPLOYMENT SOLUTIONS                    ,KY,40517-3260,Private      ,0,3,3,0,3,3
03886300,REGENCY SCHOOL OF HAIR DESIGN           ,KY,41653-1278,Proprietary  ,2,1,3,2,1,3
04038300,ATA CAREER EDUCATION                    ,KY,40223-3832,Proprietary  ,18,82,100,18,82,100
00200300,CENTENARY COLLEGE OF LOUISIANA          ,LA,71104-3396,Private      ,493,54,547,493,54,547
00200400,DILLARD UNIVERSITY                      ,LA,70122-3097,Private      ,799,142,941,799,142,941
00200500,NICHOLLS STATE UNIVERSITY               ,LA,70310-0001,Public       ,1462,628,2090,1462,628,2090
00200600,GRAMBLING STATE UNIVERSITY              ,LA,71245-2215,Public       ,2676,1024,3700,2676,1024,3700
00200700,LOUISIANA COLLEGE                       ,LA,71359-0000,Private      ,323,53,376,323,53,376
00200800,LOUISIANA TECH UNIVERSITY               ,LA,71272-0001,Public       ,1961,709,2670,1961,709,2670
00201000,LOUISIANA STATE UNIV & A&M COLG         ,LA,70803-5710,Public       ,6279,2186,8465,6279,2186,8465
00201100,LOUISIANA STATE UNIV-ALEXANDRIA         ,LA,71302-9121,Public       ,347,562,909,347,562,909
00201200,LOUISIANA STATE UNIV-EUNICE             ,LA,70535-6726,Public       ,499,400,899,499,400,899
00201300,LOUISIANA STATE UNIV-SHREVEPORT         ,LA,71115-2399,Public       ,570,626,1196,570,626,1196
00201400,LA STATE UNIV HEALTH SCIENCES CTR       ,LA,70112-2223,Public       ,73,540,613,73,540,613
00201500,(THE) UNIVERSITY OF NEW ORLEANS         ,LA,70148-0001,Public       ,1430,1149,2579,1430,1149,2579
00201600,LOYOLA UNIVERSITY NEW ORLEANS           ,LA,70118-6195,Private      ,1095,549,1644,1095,549,1644
00201700,MCNEESE STATE UNIVERSITY                ,LA,70609-4510,Public       ,1312,796,2108,1312,796,2108
00201900,NEW ORLEANS BAPTIST THEOL SEMINARY      ,LA,70126-0000,Private      ,7,24,31,7,24,31
00202000,UNIVERSITY OF LOUISIANA AT MONROE       ,LA,71209-9001,Public       ,1994,1198,3192,1994,1198,3192
00202100,NORTHWESTERN STATE UNIVERSITY           ,LA,71497-0001,Public       ,1859,1306,3165,1859,1306,3165
00202200,NOTRE DAME SEMINARY                     ,LA,70118-0000,Private      ,1,1,2,1,1,2
00202300,OUR LADY OF HOLY CROSS COLLEGE          ,LA,70131-7399,Private      ,177,286,463,177,286,463
00202400,SOUTHEASTERN LOUISIANA UNIV             ,LA,70402-0001,Public       ,2385,1132,3517,2385,1132,3517
00202500,SOUTHERN UNIVERSITY A & M COLLEGE       ,LA,70813-9374,Public       ,2725,1883,4608,2725,1883,4608
00202600,SOUTHERN UNIV NEW ORLEANS               ,LA,70126-0002,Public       ,266,562,828,266,562,828
00202700,ST JOSEPH SEMINARY COLLEGE              ,LA,70457-9990,Private      ,8,0,8,8,0,8
00202900,TULANE UNIVERSITY                       ,LA,70118-5698,Private      ,3808,2147,5955,3808,2147,5955
00203100,UNIV OF LOUISIANA AT LAFAYETTE          ,LA,70504-0001,Public       ,3088,1311,4399,3088,1311,4399
00203200,XAVIER UNIVERSITY OF LOUISIANA          ,LA,70125-1098,Private      ,1583,433,2016,1583,433,2016
00462100,AYERS CAREER COLLEGE                    ,LA,71108-5845,Proprietary  ,10,49,59,10,49,59
00462500,DELGADO COMMUNITY COLLEGE               ,LA,70119-0000,Public       ,822,2063,2885,822,2063,2885
00520300,REMINGTON COLLEGE - LAFAYETTE CAMPUS    ,LA,70508-5760,Proprietary  ,45,240,285,45,240,285
00520306,REMINGTON COLLEGE - BATON ROUGE CAMPUS  ,LA,70816-4040,Proprietary  ,24,110,134,24,110,134
00546700,SOWELA TECHNICAL COMMUNITY COLLEGE      ,LA,70616-6950,Public       ,85,103,188,85,103,188
00547200,LOUISIANA TECHNICAL COLLEGE - SIDNEY N. ,LA,70126-5511,Public       ,1,14,15,1,14,15
00548800,LOUISIANA TECH COLG-BATON ROUGE         ,LA,70807-0000,Public       ,46,99,145,46,99,145
00548802,LOUISIANA TECH COLG-ACADIAN CMPS        ,LA,70526-0000,Public       ,6,18,24,6,18,24
00548803,LOUISIANA TECH COLG-ALEXANDRIA CMPS     ,LA,71302-3137,Public       ,17,86,103,17,86,103
00548804,LOUISIANA TECH COLG-ASCENSION CMPS      ,LA,70778-3007,Public       ,12,12,24,12,12,24
00548805,LA TECH COLLEGE-AVOYELLES CAMPUS        ,LA,71327-0000,Public       ,9,9,18,9,9,18
00548806,LA TECHNICAL COLG-BASTROP CMPS          ,LA,71221-0000,Public       ,2,20,22,2,20,22
00548808,LA TECH COLG CHARLES B COREILCMPS       ,LA,70586-0000,Public       ,16,25,41,16,25,41
00548809,LA TECHNICAL COLG-DELTA-OUACHITA        ,LA,71292-9064,Public       ,47,87,134,47,87,134
00548810,EVANGELINE TECHNICAL INST               ,LA,70582-3104,Public       ,2,21,23,2,21,23
00548811,LA TECHN COLLEGE - FLORIDA PARISHES     ,LA,70441-0000,Public       ,3,8,11,3,8,11
00548812,LOUISIANA TECH COLG-FOLKES CAMPUS       ,LA,70748-0000,Public       ,3,8,11,3,8,11
00548813,LA TECHNICAL INST-GULF AREA CMPS        ,LA,70510-0878,Public       ,15,36,51,15,36,51
00548814,LOUISIANA TECH COLG-HAMMOND CMPS        ,LA,70404-0000,Public       ,13,22,35,13,22,35
00548815,LA TECH COLG-HUEY P. LONG CAMPUS        ,LA,71483-0000,Public       ,3,16,19,3,16,19
00548816,LA TECH COLLEGE-JEFFERSON CAMPUS        ,LA,70001-5605,Public       ,6,23,29,6,23,29
00548817,LOUISIANA TEC CLG-JUMONVILLE MEM CP     ,LA,70760-0000,Public       ,4,10,14,4,10,14
00548818,LA TECH COLLEGE-LAFAYETTE CAMPUS        ,LA,70506-0000,Public       ,50,104,154,50,104,154
00548819,LOUISIANA TECHNICAL COLLEGE-LAFOURC     ,LA,70301-4336,Public       ,12,26,38,12,26,38
00548820,LOUISIANA TEC CLG-LAMAR SALTER CMPS     ,LA,71446-0000,Public       ,4,23,27,4,23,27
00548822,LOUISIANA TECHNICAL CLG-MANSFIELD       ,LA,71052-1236,Public       ,4,20,24,4,20,24
00548823,LA. TECH COLG.-MORGAN SMITH CAMPUS      ,LA,70546-0000,Public       ,4,9,13,4,9,13
00548824,LOUISIANA TEC CLG-NATCHITOCHES CMPS     ,LA,71458-0000,Public       ,7,28,35,7,28,35
00548825,LOUISIANA TECH COLG-NORTH CTRL CMPS     ,LA,71241-0000,Public       ,2,8,10,2,8,10
00548826,LOUISIANA TECH CLG-NORTHEAST LA CMP     ,LA,71295-2999,Public       ,7,16,23,7,16,23
00548827,LOUISIANA TEC CLG-NW LOUISIANA CMPS     ,LA,71058-0000,Public       ,13,45,58,13,45,58
00548828,LA TECHNICAL COLG-OAKDALE CMPS          ,LA,71463-0000,Public       ,3,16,19,3,16,19
00548829,LTC-RIVER PARISHES CAMPUS               ,LA,70084-0000,Public       ,14,31,45,14,31,45
00548830,LOUISIANA TECHNICAL COLLEGE-RUSTON      ,LA,71273-0000,Public       ,81,36,117,81,36,117
00548831,LTC - SABINE VALLEY CAMPUS              ,LA,71449-3839,Public       ,5,8,13,5,8,13
00548832,LOUISIANA TECH COLG-SHELBY JACKSON      ,LA,71334-0000,Public       ,3,16,19,3,16,19
00548833,LA TECH COLG SHREVEPORT-BOSSIER         ,LA,71137-0000,Public       ,34,127,161,34,127,161
00548835,LA TECHNICAL COLLEGE-SLIDELL CAMPUS     ,LA,70459-0000,Public       ,0,5,5,0,5,5
00548837,LOUISIANA TECH COLG-SULLIVAN CAMPUS     ,LA,70427-5866,Public       ,17,33,50,17,33,50
00548838,LOUISIANA TECHNICAL COLG - TALLULAH     ,LA,71284-0000,Public       ,7,19,26,7,19,26
00548839,LA TECH COLG-TECHE AREA CAMPUS          ,LA,70562-0000,Public       ,25,37,62,25,37,62
00548840,LOUISIANA TECH COLG-T.H.HARRIS CMPS     ,LA,70570-6113,Public       ,46,67,113,46,67,113
00548841,LOUISIANA TECH COLG W JEFFERSON CMP     ,LA,70058-0000,Public       ,1,11,12,1,11,12
00548842,LOUISIANA TECHNICAL COLLEGE - WESTSIDE C,LA,70765-0733,Public       ,1,6,7,1,6,7
00548843,LTC-YOUNG MEMORIAL CAMPUS               ,LA,70381-0000,Public       ,3,18,21,3,18,21
00576100,L. E. FLETCHER TECHNICAL COMMUNITY COLLE,LA,70360-2863,Public       ,57,78,135,57,78,135
00576101,L.E. FLETCHER TECHNICAL COMMUNITY COLLEG,LA,70360-7310,Public       ,16,15,31,16,15,31
00768600,SOUTHERN UNIV AT SHREVEPORT/BOSSIER     ,LA,71107-4795,Public       ,182,426,608,182,426,608
00806700,LSU HEALTH SCIENCES CENTR-SHREVEPOR     ,LA,71130-3932,Public       ,73,262,335,73,262,335
00989800,DEMMON SCHOOL OF BEAUTY                 ,LA,70607-2128,Proprietary  ,2,0,2,2,0,2
01005701,AMERICAN COMMERCIAL COLLEGE             ,LA,71105-2502,Proprietary  ,3,58,61,3,58,61
01109700,CLOYD'S BEAUTY SCHOOL #1                ,LA,71291-3131,Proprietary  ,0,1,1,0,1,1
01163100,"D-JAY'S SCHL OF BEAUTY, ARTS & SCI      ",LA,70806-0000,Proprietary  ,5,5,10,5,5,10
01184100,JOHN JAY BEAUTY COLLEGE                 ,LA,70124-2592,Proprietary  ,2,4,6,2,4,6
01282300,PAT GOINS RUSTON BEAUTY SCHOOL          ,LA,71270-4301,Proprietary  ,2,2,4,2,2,4
01287900,PAT GOINS BENTON ROAD BEAUTY SCHOOL     ,LA,71111-4838,Proprietary  ,1,3,4,1,3,4
01288000,PAT GOINS BEAUTY SCHOOL                 ,LA,71201-5167,Proprietary  ,4,3,7,4,3,7
02055400,BOSSIER PARISH COMMUNITY COLLEGE        ,LA,71111-0000,Public       ,343,547,890,343,547,890
02055500,DELTA SCH OF BUSINESS & TECHNOLOGY      ,LA,70601-0000,Proprietary  ,30,117,147,30,117,147
02089711,HERZING COLLEGE                         ,LA,70062-8727,Proprietary  ,3,12,15,3,12,15
02117800,AVEDA INSTITUTE LAFAYETTE               ,LA,70503-3246,Proprietary  ,8,9,17,8,9,17
02166100,NUNEZ COMMUNITY COLLEGE                 ,LA,70043-0000,Public       ,30,61,91,30,61,91
02166200,ITI TECHNICAL COLLEGE                   ,LA,70817-0000,Proprietary  ,26,68,94,26,68,94
02197500,BATON ROUGE SCHOOL OF COMPUTERS         ,LA,70816-0000,Proprietary  ,6,10,16,6,10,16
02234000,CAMERON COLLEGE                         ,LA,70119-0000,Proprietary  ,2,5,7,2,5,7
02258400,AVEDA INSTITUTE BATON ROUGE             ,LA,70816-2246,Proprietary  ,9,22,31,9,22,31
02260200,DIESEL DRIVING ACADEMY                  ,LA,71109-5617,Proprietary  ,0,6,6,0,6,6
02263600,BASTROP BEAUTY SCHOOL #1                ,LA,71220-0000,Proprietary  ,0,5,5,0,5,5
02265600,JOHN JAY KENNER ACADEMY                 ,LA,70062-0000,Proprietary  ,3,6,9,3,6,9
02269300,STEVENSON'S ACADEMY OF HAIR DESIGN      ,LA,70116-0000,Proprietary  ,6,7,13,6,7,13
02323100,PAT GOINS SHREVEPORT BEAUTY SCHOOL      ,LA,71108-4354,Proprietary  ,1,5,6,1,5,6
02327800,PINEVILLE BEAUTY SCHOOL                 ,LA,71360-0000,Proprietary  ,3,4,7,3,4,7
02335701,BATON ROUGE GEN MED CTR SCH NSG         ,LA,70821-0000,Private      ,6,46,52,6,46,52
02335702,BATON ROUGE GEN MED CTR-RAD TECH        ,LA,70806-0000,Private      ,10,14,24,10,14,24
02352500,"CLOYD'S BEAUTY SCHOOL #3, INC           ",LA,71201-3211,Proprietary  ,4,2,6,4,2,6
02358600,"STAGE ONE THE HAIR SCHOOL, INC.         ",LA,70605-0000,Proprietary  ,2,13,15,2,13,15
02493400,ALEXANDRIA ACADEMY OF BEAUTY CULT       ,LA,71301-0000,Proprietary  ,2,4,6,2,4,6
02518300,SOUTH LOUISIANA BEAUTY COLLEGE          ,LA,70363-0000,Proprietary  ,0,10,10,0,10,10
02538300,DELTA COLLEGE OF ARTS & TECH INC        ,LA,70806-1529,Proprietary  ,4,54,58,4,54,58
02538301,DELTA COLLEGE OF ARTS & TECHNOLOGY - LAF,LA,70508-6831,Proprietary  ,5,14,19,5,14,19
02548500,COSMETOLOGY TRAINING CENTER             ,LA,70503-0000,Proprietary  ,1,3,4,1,3,4
02554800,VANGUARD COLLEGE OF COSMETOLOGY         ,LA,70458-8823,Proprietary  ,2,3,5,2,3,5
02582200,"GUY'S ACADEMY HAIR, SKIN & NAILS        ",LA,71105-2404,Proprietary  ,0,5,5,0,5,5
02600900,AVEDA INSTITUTE                         ,LA,70433-2922,Proprietary  ,46,65,111,46,65,111
02601000,AMERICAN SCHOOL OF BUSINESS             ,LA,71105-5646,Proprietary  ,1,5,6,1,5,6
02601100,OPELOUSAS SCHOOL OF COSMETOLOGY         ,LA,70570-6156,Proprietary  ,2,5,7,2,5,7
02606800,CAREER TRAINING SPECIALISTS             ,LA,71201-6046,Proprietary  ,37,161,198,37,161,198
02606801,CAREER TECHNICAL COLLEGE - SHREVEPORT   ,LA,71105-2405,Proprietary  ,10,74,84,10,74,84
02617100,BATON ROUGE COLLEGE                     ,LA,70816-2246,Proprietary  ,12,19,31,12,19,31
02619200,DENHAM SPRINGS BEAUTY COLLEGE           ,LA,70726-3829,Proprietary  ,1,2,3,1,2,3
03010400,CRESCENT CITY SCH GAMING & BARTENDG     ,LA,70119-5507,Proprietary  ,1,5,6,1,5,6
03023500,CAMELOT CAREER COLLEGE                  ,LA,70805-7539,Proprietary  ,6,9,15,6,9,15
03030900,DIESEL DRIVING ACADEMY                  ,LA,70815-8109,Proprietary  ,0,6,6,0,6,6
03061400,ASCENSION COLLEGE                       ,LA,70737-2912,Proprietary  ,8,19,27,8,19,27
03095100,GRETNA CAREER COLLEGE                   ,LA,70053-2436,Proprietary  ,0,3,3,0,3,3
03106200,OUR LADY OF THE LAKE COLLEGE            ,LA,70808-4345,Private      ,273,556,829,273,556,829
03253300,JONESVILLE BEAUTY SCHOOL                ,LA,71343-0000,Proprietary  ,1,0,1,1,0,1
03294300,BLUE CLIFF SCH THERAPEUTIC MASSAGE      ,LA,70002-3458,Proprietary  ,11,57,68,11,57,68
03332600,DELTA COLLEGE                           ,LA,70433-9042,Proprietary  ,14,34,48,14,34,48
03332601,DELTA COLLEGE - SLIDELL                 ,LA,70460-2624,Proprietary  ,3,7,10,3,7,10
03356300,MEDICAL TRAINING COLLEGE                ,LA,70816-5820,Proprietary  ,8,37,45,8,37,45
03422500,BLUE CLIFF COLLEGE                      ,LA,71107-6520,Proprietary  ,7,45,52,7,45,52
03422600,BLUE CLIFF COLLEGE                      ,LA,70508-3858,Proprietary  ,9,25,34,9,25,34
03480300,MEDVANCE INSTITUTE                      ,LA,70809-1908,Proprietary  ,24,136,160,24,136,160
03498400,OMEGA INSTITUTE OF COSMETOLOGY          ,LA,70360-0000,Proprietary  ,4,9,13,4,9,13
03727500,MOORE CAREER COLLEGE                    ,LA,70808-4191,Proprietary  ,1,14,15,1,14,15
03730300,BATON ROUGE COMMUNITY COLLEGE           ,LA,78806-4129,Public       ,533,769,1302,533,769,1302
03752400,SCHOOL OF URBAN MISSIONS                ,LA,70053-0000,Private      ,16,17,33,16,17,33
03789300,UNITECH TRAINING ACADEMY                ,LA,70503-5132,Proprietary  ,5,21,26,5,21,26
03789400,RIVER PARISHES COMMUNITY COLLEGE        ,LA,70778-0310,Public       ,53,83,136,53,83,136
03810500,COURT REPORTING INSTITUTE OF LOUISI     ,LA,70816-0000,Proprietary  ,2,6,8,2,6,8
03858300,RAY'S FAITH ACADEMY OF BEAUTY EDUCATION ,LA,70737-0000,Proprietary  ,1,2,3,1,2,3
03956300,SOUTH LOUISIANA COMMUNITY COLLEGE       ,LA,70506-0000,Public       ,121,146,267,121,146,267
04040300,COMPASS CAREER COLLEGE                  ,LA,70403-0653,Proprietary  ,2,9,11,2,9,11
04112300,LOUISIANA CULINARY INSTITUTE            ,LA,70816-4109,Proprietary  ,15,13,28,15,13,28
00143600,CAPITOL COLLEGE                         ,MD,20708-9759,Private      ,195,96,291,195,96,291
00146200,WASHINGTON BIBLE COLLEGE                ,MD,20706-3599,Private      ,44,78,122,44,78,122
00205700,ALLEGANY COLLEGE OF MARYLAND            ,MD,21502-2596,Public       ,916,500,1416,916,500,1416
00205800,ANNE ARUNDEL COMMUNITY COLLEGE          ,MD,21012-1895,Public       ,1309,1391,2700,1309,1391,2700
00206000,BALTIMORE HEBREW UNIVERSITY             ,MD,21215-3996,Private      ,2,21,23,2,21,23
00206100,BALTIMORE CITY COMMUNITY COLLEGE        ,MD,21215-7893,Public       ,979,2256,3235,979,2256,3235
00206200,BOWIE STATE UNIVERSITY                  ,MD,20715-9465,Public       ,4503,1710,6213,4503,1710,6213
00206300,COMMUNITY COLLEGE OF BALTIMORE COUNTY   ,MD,21228-5381,Public       ,2418,3270,5688,2418,3270,5688
00206400,COLLEGE OF SOUTHERN MARYLAND            ,MD,20646-0910,Public       ,1056,972,2028,1056,972,2028
00206500,CLG NOTRE DAME OF MARYLAND              ,MD,21210-2476,Private      ,614,551,1165,614,551,1165
00206700,COLUMBIA UNION COLLEGE                  ,MD,20912-7796,Private      ,410,264,674,410,264,674
00206800,COPPIN STATE UNIVERSITY                 ,MD,21216-3698,Public       ,2204,1742,3946,2204,1742,3946
00207100,FREDERICK COMMUNITY COLLEGE             ,MD,21702-9745,Public       ,605,534,1139,605,534,1139
00207200,FROSTBURG STATE UNIVERSITY              ,MD,21532-1099,Public       ,4155,597,4752,4155,597,4752
00207300,GOUCHER COLLEGE                         ,MD,21204-2794,Private      ,2207,250,2457,2207,250,2457
00207400,HAGERSTOWN COMMUNITY COLLEGE            ,MD,21742-6590,Public       ,589,500,1089,589,500,1089
00207500,HARFORD COMMUNITY COLLEGE               ,MD,21015-1696,Public       ,625,507,1132,625,507,1132
00207600,HOOD COLLEGE                            ,MD,21701-8575,Private      ,1571,325,1896,1571,325,1896
00207700,JOHNS HOPKINS UNIVERSITY                ,MD,21218-2693,Private      ,4365,547,4912,4365,547,4912
00207702,JOHNS HOPKINS UNIV SCH ARTS/SCI/ENG     ,MD,21218-0000,Private      ,2421,551,2972,2421,551,2972
00207703,JOHNS HOPKINS UNIV SCH OF BUS/ED        ,MD,21046-0000,Private      ,25,589,614,25,589,614
00207705,JOHNS HOPKINS BLOOMBERG SCH OF PH       ,MD,21205-0000,Private      ,11,663,674,11,663,674
00207706,JOHNS HOPKINS UNIV SCH OF MEDICINE      ,MD,21205-0000,Private      ,75,657,732,75,657,732
00207707,JOHNS HOPKINS UNIV SCH OF NURSING       ,MD,21205-0000,Private      ,166,474,640,166,474,640
00207708,JOHNS HOPKINS UNIV PEABODY CONSERV      ,MD,21202-2397,Private      ,503,299,802,503,299,802
00207800,LOYOLA UNIVERSITY MARYLAND              ,MD,21210-2699,Private      ,4783,743,5526,4783,743,5526
00208000,MARYLAND INST COLLEGE OF ART            ,MD,21217-4191,Private      ,1781,355,2136,1781,355,2136
00208300,MORGAN STATE UNIVERSITY                 ,MD,21251-0002,Public       ,6387,1858,8245,6387,1858,8245
00208600,MOUNT SAINT MARY'S UNIVERSITY           ,MD,21727-7799,Private      ,2121,114,2235,2121,114,2235
00208700,NER ISRAEL RABBINICAL COLLEGE           ,MD,21208-1198,Private      ,60,23,83,60,23,83
00208900,PRINCE GEORGES COMMUNITY COLLEGE        ,MD,20774-2199,Public       ,1544,1732,3276,1544,1732,3276
00209100,SALISBURY UNIVERSITY                    ,MD,21801-6862,Public       ,6042,697,6739,6042,697,6739
00209200,ST JOHN'S COLLEGE                       ,MD,21404-0000,Private      ,530,72,602,530,72,602
00209500,ST. MARY'S COLLEGE OF MARYLAND          ,MD,20686-3001,Public       ,2002,92,2094,2002,92,2094
00209600,ST MARY'S SEMINARY & UNIV               ,MD,21210-1994,Private      ,10,9,19,10,9,19
00209900,TOWSON UNIVERSITY                       ,MD,21252-0002,Public       ,13450,2912,16362,13450,2912,16362
00210200,UNIVERSITY OF BALTIMORE                 ,MD,21201-5779,Public       ,896,2959,3855,896,2959,3855
00210300,"UNIVERSITY OF MARYLAND, COLLEGE PARK    ",MD,20742-5145,Public       ,19731,5370,25101,19731,5370,25101
00210400,"UNIVERSITY OF MARYLAND, BALTIMORE       ",MD,21201-1691,Public       ,1550,5672,7222,1550,5672,7222
00210500,UMBC                                    ,MD,21250-0002,Public       ,6040,1976,8016,6040,1976,8016
00210600,UNIVERSITY MARYLAND EASTERN SHORE       ,MD,21853-4053,Public       ,3274,704,3978,3274,704,3978
00210700,STEVENSON UNIVERSITY                    ,MD,21153-0641,Private      ,2849,543,3392,2849,543,3392
00210800,WASHINGTON COLLEGE                      ,MD,21620-1197,Private      ,1527,30,1557,1527,30,1557
00210900,MCDANIEL COLLEGE                        ,MD,21157-4390,Private      ,2382,222,2604,2382,222,2604
00458612,KAPLAN COLLEGE                          ,MD,21742-2797,Proprietary  ,153,276,429,153,276,429
00458614,KAPLAN COLLEGE - FREDERICK              ,MD,21704-8307,Proprietary  ,8,26,34,8,26,34
00465000,CHESAPEAKE COLLEGE                      ,MD,21679-0008,Public       ,468,411,879,468,411,879
00691100,MONTGOMERY COLLEGE                      ,MD,20850-1195,Public       ,3629,2553,6182,3629,2553,6182
00734100,INTERNATIONAL BEAUTY SCHOOL             ,MD,21502-2370,Proprietary  ,6,0,6,6,0,6
00744700,DEL-MAR-VA BEAUTY ACADEMY               ,MD,21804-0000,Proprietary  ,3,4,7,3,4,7
00749100,TESST COLLEGE OF TECHNOLOGY             ,MD,21227-1063,Proprietary  ,100,226,326,100,226,326
00793600,LINCOLN TECHNICAL INSTITUTE             ,MD,21046-1544,Proprietary  ,189,98,287,189,98,287
00817500,HOWARD COMMUNITY COLLEGE                ,MD,21044-3197,Public       ,1026,878,1904,1026,878,1904
00826300,AWARD BEAUTY SCHOOL                     ,MD,21740-5624,Proprietary  ,1,2,3,1,2,3
00830800,CECIL COLLEGE                           ,MD,21901-1999,Public       ,276,208,484,276,208,484
01001400,GARRETT COMMUNITY COLLEGE               ,MD,21541-1265,Public       ,298,68,366,298,68,366
01031900,MEDIX SCHOOL                            ,MD,21204-2538,Proprietary  ,60,150,210,60,150,210
01041000,TESST COLLEGE OF TECHNOLOGY             ,MD,21286-2201,Proprietary  ,76,201,277,76,201,277
01164400,UNIV OF MARYLAND UNIVERSITY COLLEGE     ,MD,20783-8078,Public       ,678,5185,5863,678,5185,5863
01164402,U OF MD UNIVERSITY COLLEGE - EUROPE     ,MD,20832-0000,Public       ,120,482,602,120,482,602
01164404,U OF MD UNIVERSITY COLLEGE - ASIA       ,MD,31207-0000,Public       ,12,200,212,12,200,212
02073900,WOR-WIC COMMUNITY COLLEGE               ,MD,21804-0000,Public       ,500,617,1117,500,617,1117
02083600,TESST COLLEGE OF TECHNOLOGY             ,MD,20705-2698,Proprietary  ,50,45,95,50,45,95
02116005,SANFORD-BROWN INSTITUTE - LANDOVER      ,MD,20785-2287,Proprietary  ,19,155,174,19,155,174
02127900,SOJOURNER DOUGLASS COLLEGE              ,MD,21205-0000,Private      ,45,855,900,45,855,900
02155100,MARYLAND COLLEGE OF ART AND DESIGN      ,MD,20902-0000,Private      ,42,6,48,42,6,48
02269700,INTERNATIONAL BEAUTY SCHOOL             ,MD,21014-0000,Proprietary  ,6,10,16,6,10,16
02288900,ABI-ACCUTECH BUSINESS INSTITUTE         ,MD,21703-0000,Proprietary  ,0,2,2,0,2,2
02314800,BALTIMORE INTERNATIONAL COLLEGE         ,MD,21202-0000,Private      ,332,193,525,332,193,525
02331000,MARYLAND BEAUTY ACADEMY OF ESSEX        ,MD,21221-0000,Proprietary  ,6,8,14,6,8,14
02333000,HAIR ACADEMY                            ,MD,20784-0000,Proprietary  ,5,11,16,5,11,16
02343800,MONTGOMERY BEAUTY SCHOOL                ,MD,20901-0000,Proprietary  ,3,9,12,3,9,12
02494700,BALTIMORE STUDIO OF HAIR DESIGN         ,MD,21201-0000,Proprietary  ,15,19,34,15,19,34
02495000,ROBERT PAUL ACAD COSMTGY ARTS & SCI     ,MD,21093-0000,Proprietary  ,16,13,29,16,13,29
02495100,MARYLAND BEAUTY ACADEMY                 ,MD,21136-0000,Proprietary  ,1,8,9,1,8,9
02545400,NORTH AMERICAN TRADE SCHOOLS            ,MD,21244-0069,Proprietary  ,8,12,20,8,12,20
02573800,"L' ACADEMIE DE CUISINE, INC.            ",MD,20877-0000,Proprietary  ,18,34,52,18,34,52
02578400,TAI SOPHIA INSTITUTE                    ,MD,20723-6010,Private      ,0,60,60,0,60,60
03027200,BLADES SCHOOL OF HAIR DESIGN            ,MD,20619-0226,Proprietary  ,2,3,5,2,3,5
03064900,AARON'S ACADEMY OF BEAUTY               ,MD,20602-2715,Proprietary  ,3,6,9,3,6,9
03097200,AESTHETICS INSTITUTE OF COSMETOLOGY     ,MD,20877-1305,Proprietary  ,0,3,3,0,3,3
03100700,CARROLL COMMUNITY COLLEGE               ,MD,21157-6913,Public       ,450,231,681,450,231,681
03148300,AMERICAN BEAUTY ACADEMY                 ,MD,20902-1911,Proprietary  ,6,9,15,6,9,15
03296300,BALTIMORE SCHOOL OF MASSAGE             ,MD,21090-2261,Proprietary  ,15,25,40,15,25,40
03327300,NEW CREATIONS ACADEMY OF HAIR DSN       ,MD,20746-2960,Proprietary  ,0,4,4,0,4,4
03493300,ALL-STATE CAREER SCHOOL                 ,MD,21224-6658,Proprietary  ,12,57,69,12,57,69
03771300,AMERICAN CAREER INSTITUTE               ,MD,20902-4637,Proprietary  ,1,7,8,1,7,8
03822400,MAPLE SPRINGS BAPTIST BIBLE COLLEGE & SE,MD,20743-5711,Private      ,1,5,6,1,5,6
03965500,HAIR EXPRESSIONS ACADEMY                ,MD,20852-1729,Proprietary  ,4,5,9,4,5,9
        ,MGH INSTITUTE OF HEALTH PROFESSION      ,MA,02129-0000,Private      ,6,598,604,6,598,604
00211400,AMERICAN INTERNATIONAL COLLEGE          ,MA,01109-3189,Private      ,1065,453,1518,1065,453,1518
00211500,AMHERST COLLEGE                         ,MA,01002-5000,Private      ,2610,51,2661,2610,51,2661
00211600,ANDOVER NEWTON THEOLOGICAL SCHOOL       ,MA,02459-0000,Private      ,0,81,81,0,81,81
00211700,ANNA MARIA COLLEGE                      ,MA,01612-1198,Private      ,678,130,808,678,130,808
00211800,ASSUMPTION COLLEGE                      ,MA,01615-1294,Private      ,3414,198,3612,3414,198,3612
00211900,ATLANTIC UNION COLLEGE                  ,MA,01561-1000,Private      ,128,68,196,128,68,196
00212000,MERRIMACK COLLEGE                       ,MA,01845-5800,Private      ,2820,59,2879,2820,59,2879
00212100,BABSON COLLEGE                          ,MA,02457-0310,Private      ,1435,215,1650,1435,215,1650
00212200,BAY PATH COLLEGE                        ,MA,01106-2212,Private      ,489,328,817,489,328,817
00212300,BECKER COLLEGE-WORCESTER                ,MA,01615-0071,Private      ,1240,269,1509,1240,269,1509
00212400,BENTLEY UNIVERSITY                      ,MA,02452-4705,Private      ,4518,269,4787,4518,269,4787
00212600,BERKLEE COLLEGE OF MUSIC                ,MA,02215-3693,Private      ,2165,284,2449,2165,284,2449
00212800,BOSTON COLLEGE                          ,MA,02467-3800,Private      ,13724,4144,17868,13724,4144,17868
00212900,BOSTON CONSERVATORY OF MUSIC            ,MA,02215-9830,Private      ,661,147,808,661,147,808
00213000,BOSTON UNIVERSITY                       ,MA,02215-1789,Private      ,19670,7505,27175,19670,7505,27175
00213300,BRANDEIS UNIVERSITY                     ,MA,02453-2700,Private      ,3231,414,3645,3231,414,3645
00213900,CLARK UNIVERSITY                        ,MA,01610-1473,Private      ,3005,235,3240,3005,235,3240
00214000,ELMS COLLEGE                            ,MA,01013-2839,Private      ,638,205,843,638,205,843
00214100,COLLEGE OF THE HOLY CROSS               ,MA,01610-2395,Private      ,4042,41,4083,4042,41,4083
00214300,CURRY COLLEGE                           ,MA,02186-2395,Private      ,2527,302,2829,2527,302,2829
00214400,DEAN COLLEGE                            ,MA,02038-1994,Private      ,900,54,954,900,54,954
00214500,EASTERN NAZARENE COLLEGE                ,MA,02170-2999,Private      ,431,94,525,431,94,525
00214507,EASTERN NAZARENE CLG - LEAD PROGRAM     ,MA,02170-0000,Private      ,10,15,25,10,15,25
00214600,EMERSON COLLEGE                         ,MA,02116-4624,Private      ,4257,936,5193,4257,936,5193
00214700,EMMANUEL COLLEGE                        ,MA,02115-5798,Private      ,2931,141,3072,2931,141,3072
00214800,ENDICOTT COLLEGE                        ,MA,01915-2098,Private      ,2938,79,3017,2938,79,3017
00214900,EPISCOPAL DIVINITY SCHOOL               ,MA,02138-0000,Private      ,0,27,27,0,27,27
00215000,FISHER COLLEGE                          ,MA,02116-1500,Private      ,612,220,832,612,220,832
00215100,BENJAMIN FRANKLIN INSTITUTE OF TECH     ,MA,02116-6296,Public       ,197,54,251,197,54,251
00215300,GORDON COLLEGE                          ,MA,01984-1899,Private      ,1387,31,1418,1387,31,1418
00215400,HELLENIC COLLEGE                        ,MA,02445-7496,Private      ,23,28,51,23,28,51
00215500,HARVARD UNIVERSITY                      ,MA,02138-3800,Private      ,3208,399,3607,3208,399,3607
00215501,AMRCN REPERTORY THTR INST ADV THTR      ,MA,02138-0000,Private      ,0,80,80,0,80,80
00215502,HARVARD BUSINESS SCHOOL                 ,MA,02163-0000,Private      ,96,718,814,96,718,814
00215503,HARVARD EXTENSION SCHOOL                ,MA,02138-0000,Private      ,38,214,252,38,214,252
00215504,HARVARD SCH OF DENTAL MEDICINE          ,MA,02115-0000,Private      ,2,98,100,2,98,100
00215505,HARVARD UNIV GRAD SCH DESIGN            ,MA,02138-0000,Private      ,1,561,562,1,561,562
00215506,HARVARD DIVINITY SCHOOL                 ,MA,02138-0000,Private      ,1,570,571,1,570,571
00215507,HARVARD UNIV GRAD SCH ED                ,MA,02138-0000,Private      ,4,974,978,4,974,978
00215508,HARVARD UNIV GRAD S OF ARTS & SCIEN     ,MA,02138-0000,Private      ,41,572,613,41,572,613
00215509,HARVARD JOHN F KENNEDY SCHL OF GOVT     ,MA,02138-0000,Private      ,12,956,968,12,956,968
00215510,HARVARD LAW SCHOOL                      ,MA,02138-0000,Private      ,29,2331,2360,29,2331,2360
00215511,HARVARD UNIV MEDICAL SCHOOL             ,MA,02115-0000,Private      ,47,512,559,47,512,559
00215512,HARVARD UNIV SCH PUBLIC HEALTH          ,MA,02115-0000,Private      ,28,581,609,28,581,609
00215513,HARVARD UNIVERSITY-HARVARD COLLEGE      ,MA,02138-0000,Private      ,9156,188,9344,9156,188,9344
00215700,HEBREW COLLEGE                          ,MA,02459-2237,Private      ,4,19,23,4,19,23
00215800,LASELL COLLEGE                          ,MA,02466-2716,Private      ,1489,40,1529,1489,40,1529
00216000,LESLEY UNIVERSITY                       ,MA,02138-2790,Private      ,1421,1447,2868,1421,1447,2868
00216100,UMASS LOWELL                            ,MA,01854-3089,Public       ,4965,1202,6167,4965,1202,6167
00216300,MARIST COLLEGE & SEMINARY               ,MA,01701-0000,Private      ,8,221,229,8,221,229
00216400,NEW ENGLAND COLLEGE OF OPTOMETRY        ,MA,02115-1129,Private      ,6,280,286,6,280,286
00216500,MASS. COLLEGE OF PHARMACY  & HEALTH SCIE,MA,02115-5804,Private      ,2693,1476,4169,2693,1476,4169
00216700,BERKSHIRE COMMUNITY COLLEGE             ,MA,01201-5786,Public       ,200,226,426,200,226,426
00216800,CAPE COD COMMUNITY COLLEGE              ,MA,02668-1599,Public       ,426,323,749,426,323,749
00216900,GREENFIELD COMMUNITY COLLEGE            ,MA,01301-9739,Public       ,225,244,469,225,244,469
00217000,HOLYOKE COMMUNITY COLLEGE               ,MA,01040-1099,Public       ,926,810,1736,926,810,1736
00217100,MASSACHUSETTS BAY COMMUNITY COLLEGE     ,MA,02181-0000,Public       ,492,468,960,492,468,960
00217200,MOUNT WACHUSETT COMMUNITY COLLEGE       ,MA,01440-1000,Public       ,496,644,1140,496,644,1140
00217300,NORTH SHORE COMMUNITY COLLEGE           ,MA,01923-4093,Public       ,597,636,1233,597,636,1233
00217400,NORTHERN ESSEX COMMUNITY COLLEGE        ,MA,01830-2399,Public       ,411,466,877,411,466,877
00217500,QUINSIGAMOND COMMUNITY COLLEGE          ,MA,01606-2092,Public       ,909,781,1690,909,781,1690
00217600,BRISTOL COMMUNITY COLLEGE               ,MA,02720-7399,Public       ,845,790,1635,845,790,1635
00217700,MASSASOIT COMMUNITY COLLEGE             ,MA,02302-3996,Public       ,911,684,1595,911,684,1595
00217800,MASSACHUSETTS INST OF TECHNOLOGY        ,MA,02139-4307,Private      ,6905,1243,8148,6905,1243,8148
00218000,MASSACHUSETTS COLLEGE OF ART AND DESIGN ,MA,02115-5803,Public       ,1478,401,1879,1478,401,1879
00218100,MASSACHUSETTS MARITIME ACADEMY          ,MA,02532-3400,Public       ,565,22,587,565,22,587
00218300,BRIDGEWATER STATE COLLEGE               ,MA,02325-0001,Public       ,6838,1096,7934,6838,1096,7934
00218400,FITCHBURG STATE COLLEGE                 ,MA,01420-2697,Public       ,3209,469,3678,3209,469,3678
00218500,FRAMINGHAM STATE COLLEGE                ,MA,01702-2471,Public       ,3052,318,3370,3052,318,3370
00218700,MASSACHUSETTS CLG OF LIBERAL ARTS       ,MA,01247-4100,Public       ,1209,208,1417,1209,208,1417
00218800,SALEM STATE COLLEGE                     ,MA,01970-5353,Public       ,4845,1063,5908,4845,1063,5908
00218900,WESTFIELD STATE COLLEGE                 ,MA,01086-1630,Public       ,4516,407,4923,4516,407,4923
00219000,WORCESTER STATE COLLEGE                 ,MA,01602-2597,Public       ,3461,741,4202,3461,741,4202
00219200,MOUNT HOLYOKE COLLEGE                   ,MA,01075-1492,Private      ,1577,174,1751,1577,174,1751
00219300,MOUNT IDA COLLEGE                       ,MA,02459-3323,Private      ,1342,106,1448,1342,106,1448
00219400,NEW ENGLAND CONSERVATORY OF MUSIC       ,MA,02115-5018,Private      ,559,496,1055,559,496,1055
00219700,NICHOLS COLLEGE                         ,MA,01571-6346,Private      ,1382,80,1462,1382,80,1462
00219900,NORTHEASTERN UNIVERSITY                 ,MA,02115-5000,Private      ,21296,4121,25417,21296,4121,25417
00220100,PINE MANOR COLLEGE                      ,MA,02167-0000,Private      ,316,52,368,316,52,368
00220500,QUINCY COLLEGE                          ,MA,02169-4501,Public       ,285,562,847,285,562,847
00220600,REGIS COLLEGE                           ,MA,02193-0000,Private      ,891,229,1120,891,229,1120
00220800,SIMMONS COLLEGE                         ,MA,02115-5898,Private      ,2109,1748,3857,2109,1748,3857
00220900,SMITH COLLEGE                           ,MA,01063-2936,Private      ,2420,726,3146,2420,726,3146
00221000,UNIV OF MASSACHUSETTS-DARTMOUTH         ,MA,02747-2300,Public       ,6944,943,7887,6944,943,7887
00221100,SPRINGFIELD COLLEGE                     ,MA,01109-3797,Private      ,2540,1233,3773,2540,1233,3773
00221400,ST JOHN'S SEMINARY                      ,MA,02135-8839,Private      ,1,2,3,1,2,3
00221700,STONEHILL COLLEGE                       ,MA,02357-6110,Private      ,4422,55,4477,4422,55,4477
00221800,SUFFOLK UNIVERSITY                      ,MA,02108-2770,Private      ,6319,1225,7544,6319,1225,7544
00221802,SUFFOLK UNIVERSITY LAW SCHOOL           ,MA,02108-0000,Private      ,103,2042,2145,103,2042,2145
00221900,TUFTS UNIVERSITY                        ,MA,02155-5808,Private      ,7413,1557,8970,7413,1557,8970
00221901,TUFTS UNIV SCH OF DENTAL MEDICINE       ,MA,02111-0000,Private      ,2,487,489,2,487,489
00221902,TUFTS UNIVERSITY - CUMMINGS SCHOOL OF VE,MA,01536-0000,Private      ,22,286,308,22,286,308
00221904,TUFTS UNIV SCHOOL OF MEDICINE           ,MA,02111-0000,Private      ,33,954,987,33,954,987
00222100,UNIV OF MASSACHUSETTS-AMHERST           ,MA,01003-0000,Public       ,20927,2936,23863,20927,2936,23863
00222200,UNIV OF MASSACHUSETTS-BOSTON            ,MA,02125-3393,Public       ,4445,2770,7215,4445,2770,7215
00222400,WELLESLEY COLLEGE                       ,MA,02481-8203,Private      ,2262,81,2343,2262,81,2343
00222500,WENTWORTH INSTITUTE OF TECHNOLOGY       ,MA,02115-5998,Private      ,2503,183,2686,2503,183,2686
00222600,WESTERN NEW ENGLAND COLLEGE             ,MA,01119-2654,Private      ,3460,784,4244,3460,784,4244
00222700,WHEATON COLLEGE                         ,MA,02766-2322,Private      ,2020,21,2041,2020,21,2041
00222800,WHEELOCK COLLEGE                        ,MA,02215-4176,Private      ,903,263,1166,903,263,1166
00222900,WILLIAMS COLLEGE                        ,MA,01267-2600,Private      ,2302,49,2351,2302,49,2351
00223300,WORCESTER POLYTECHNIC INSTITUTE         ,MA,01609-2280,Private      ,3990,162,4152,3990,162,4152
00396500,BAY STATE COLLEGE                       ,MA,02116-2901,Proprietary  ,527,136,663,527,136,663
00396600,BOSTON ARCHITECTURAL COLLEGE            ,MA,02115-2795,Private      ,220,205,425,220,205,425
00466100,HAMPSHIRE COLLEGE                       ,MA,01002-3359,Private      ,1550,52,1602,1550,52,1602
00466600,SALTER COLLEGE                          ,MA,01583-1700,Proprietary  ,60,298,358,60,298,358
00466700,SCHOOL OF MUSEUM OF FINE ARTS           ,MA,02115-5534,Private      ,633,206,839,633,206,839
00466900,UPPER CAPE COD REGIONAL VOC TECH        ,MA,02532-3310,Public       ,4,21,25,4,21,25
00527900,GREATER LOWELL REGNL VOC TECH SCH       ,MA,01879-0000,Public       ,4,8,12,4,8,12
00551900,DIMAN REGIONAL VOC TECH INST            ,MA,02723-3519,Public       ,2,22,24,2,22,24
00552300,BLUE HILLS REGIONAL VOC TECH            ,MA,02021-1398,Public       ,7,32,39,7,32,39
00555700,MCCANN TECHNICAL SCHOOL                 ,MA,01247-0000,Public       ,2,14,16,2,14,16
00613600,NATIONAL AVIATION ACADEMY - NEW ENGLAND ,MA,01730-2620,Proprietary  ,15,5,20,15,5,20
00632200,BROCKTON HOSPITAL SCH OF NURSING        ,MA,02302-0000,Private      ,65,228,293,65,228,293
00632400,LABOURE COLLEGE                         ,MA,02124-5698,Private      ,78,217,295,78,217,295
00633100,LAWRENCE MEM HOSPITAL SCH OF NRSNG      ,MA,02155-1643,Private      ,25,131,156,25,131,156
00687300,MARIAN COURT COLLEGE                    ,MA,01907-2896,Private      ,61,21,82,61,21,82
00748100,GIBBS COLLEGE                           ,MA,02116-2904,Proprietary  ,62,146,208,62,146,208
00748400,NEWBURY COLLEGE                         ,MA,02445-5796,Private      ,1097,115,1212,1097,115,1212
00748600,THE NEW ENGLAND INSTITUTE OF ART        ,MA,02445-7295,Proprietary  ,899,220,1119,899,220,1119
00748800,KAPLAN CAREER INSTITUTE                 ,MA,02129-1644,Proprietary  ,30,100,130,30,100,130
00807800,SPRINGFIELD TECHNICAL COMMUNITY CLG     ,MA,01105-0000,Public       ,613,961,1574,613,961,1574
00891600,NEW ENGLAND SCHOOL OF LAW               ,MA,02116-0000,Private      ,7,1381,1388,7,1381,1388
00912900,EMPIRE BEAUTY SCHOOL                    ,MA,02148-0000,Proprietary  ,3,10,13,3,10,13
00964500,BARD COLLEGE AT SIMON'S ROCK            ,MA,01230-9702,Private      ,156,2,158,156,2,158
00974700,GORDON-CONWELL THEOLOGICAL SEMINARY     ,MA,01982-0000,Private      ,1,275,276,1,275,276
00975600,UNIVERSITY OF MASS MEDICAL CENTER       ,MA,01655-0000,Public       ,9,306,315,9,306,315
00987700,HENRI'S SCHOOL OF HAIR DESIGN           ,MA,01420-5675,Proprietary  ,3,0,3,3,0,3
00989900,LOWELL ACADEMY HAIRSTYLING INST         ,MA,01852-1909,Proprietary  ,1,0,1,1,0,1
00993600,MIDDLESEX COMMUNITY COLLEGE             ,MA,01730-1197,Public       ,292,192,484,292,192,484
00993602,"MIDDLESEX COMMUNITY COLLEGE, LOWELL     ",MA,01852-0000,Public       ,483,289,772,483,289,772
01121000,BUNKER HILL COMMUNITY COLLEGE           ,MA,02129-2991,Public       ,881,1250,2131,881,1250,2131
01151000,EVEREST INSTITUTE                       ,MA,02135-7638,Proprietary  ,11,13,24,11,13,24
01193000,ROXBURY COMMUNITY COLLEGE               ,MA,02120-3400,Public       ,191,525,716,191,525,716
01204200,MANSFIELD BEAUTY SCHOOLS                ,MA,02169-5061,Proprietary  ,5,6,11,5,6,11
01206800,MANSFIELD BEAUTY SCHOOL                 ,MA,01103-1410,Proprietary  ,1,6,7,1,6,7
01238600,SOUTHEASTERN TECHNICAL INSTITUTE        ,MA,02375-1780,Public       ,14,27,41,14,27,41
01241400,EMPIRE BEAUTY SCHOOL                    ,MA,02116-1914,Proprietary  ,2,0,2,2,0,2
01255300,WHITTIER REGIONAL VOC TECH SCHOOL       ,MA,01830-1898,Public       ,1,2,3,1,2,3
01288100,MONTACHUSETT REG VOC TECH SCH           ,MA,01420-4649,Public       ,2,9,11,2,9,11
01292100,EMPIRE BEAUTY SCHOOL                    ,MA,02215-0000,Proprietary  ,12,8,20,12,8,20
01294800,ROB ROY ACADEMY                         ,MA,02721-5330,Proprietary  ,4,2,6,4,2,6
02063000,MONTSERRAT COLLEGE OF ART               ,MA,01915-0000,Private      ,307,24,331,307,24,331
02063800,BUTERA SCHOOL OF ART                    ,MA,02116-0000,Proprietary  ,20,1,21,20,1,21
02076700,EMPIRE BEAUTY SCHOOL                    ,MA,02148-0000,Proprietary  ,10,10,20,10,10,20
02079400,EMPIRE BEAUTY SCHOOL                    ,MA,02453-0000,Proprietary  ,1,6,7,1,6,7
02092100,MASSACHUSETTS SCHOOL OF BARBERING       ,MA,02169-0000,Proprietary  ,1,3,4,1,3,4
02092200,EMPIRE BEAUTY SCHOOL                    ,MA,01852-0000,Proprietary  ,2,2,4,2,2,4
02122000,NEW ENGLAND HAIR ACADEMY                ,MA,02148-0000,Proprietary  ,9,10,19,9,10,19
02137000,ROB ROY ACADEMY                         ,MA,02780-0000,Proprietary  ,1,0,1,1,0,1
02137200,MASS GEN HOSP DIETETIC INTERNSHIP       ,MA,02114-0000,Private      ,1,3,4,1,3,4
02143000,LONGY SCHOOL OF MUSIC                   ,MA,02138-3599,Private      ,24,71,95,24,71,95
02161300,WESTON JESUIT SCHOOL OF THEOLOGY        ,MA,02138-0000,Private      ,0,46,46,0,46,46
02163500,NEW ENGLAND SCHOOL OF PHOTOGRAPHY       ,MA,02215-0000,Proprietary  ,36,17,53,36,17,53
02169900,ASSABET VALLEY REGIONAL VOC SCHOOL      ,MA,01752-0000,Public       ,12,15,27,12,15,27
02181600,ROB ROY ACADEMY                         ,MA,01609-0000,Proprietary  ,4,31,35,4,31,35
02182900,CAMBRIDGE COLLEGE                       ,MA,02138-5304,Private      ,40,877,917,40,877,917
02197900,NORTH BENNET STREET SCHOOL              ,MA,02113-0000,Private      ,15,21,36,15,21,36
02215100,HALLMARK INSTITUTE OF PHOTOGRAPHY       ,MA,01376-0000,Proprietary  ,86,60,146,86,60,146
02219501,MILDRED ELLEY - PITTSFIELD              ,MA,01201-5300,Proprietary  ,3,1,4,3,1,4
02220400,CATHERINE HINDS INST OF ESTHETICS       ,MA,01801-0000,Proprietary  ,15,10,25,15,10,25
02237100,JOSEPH P KEEFE TECHNICAL SCHOOL         ,MA,01701-5698,Public       ,1,1,2,1,1,2
02274300,CONWAY SCHOOL OF LANDSCAPE DESIGN       ,MA,01341-0179,Private      ,0,7,7,0,7,7
02325700,LABARON HAIRDRESSING ACADEMY            ,MA,02740-0000,Proprietary  ,1,0,1,1,0,1
02325800,LABARON HAIRDRESSING ACAD-BROCKTON      ,MA,02301-0000,Proprietary  ,0,1,1,0,1,1
02337400,BANCROFT SCHOOL OF MASSAGE THERAPY      ,MA,01604-4614,Proprietary  ,4,5,9,4,5,9
02338200,BAY STATE SCHOOL OF TECHNOLOGY          ,MA,02021-0000,Proprietary  ,4,7,11,4,7,11
02339400,ROB ROY ACADEMY                         ,MA,02746-0000,Proprietary  ,3,0,3,3,0,3
02491700,CORTIVA INSTITUTE -  BOSTON             ,MA,02472-2577,Proprietary  ,0,9,9,0,9,9
02523900,ELIZABETH GRADY SCHOOL OF ESTHETICS     ,MA,02155-0000,Proprietary  ,7,13,20,7,13,20
02579800,NEW ENGLAND SCHOOL OF ACUPUNCTURE       ,MA,02458-0000,Private      ,0,45,45,0,45,45
02614901,SANFORD-BROWN INSTITUTE - SPRINGFIELD   ,MA,01104-1739,Proprietary  ,0,2,2,0,2,2
03066700,AILANO SCHOOL OF COSMETOLOGY            ,MA,02303-4740,Proprietary  ,5,1,6,5,1,6
03104000,SHAWSHEEN ADULT TECHNICAL INSTITUTE     ,MA,01821-5499,Public       ,2,8,10,2,8,10
03120800,KAY HARVEY HAIRDRESSING ACADEMY         ,MA,01089-2701,Proprietary  ,0,5,5,0,5,5
03127700,SOUTHERN NEW ENGLAND SCHOOL OF LAW      ,MA,02747-1252,Private      ,0,102,102,0,102,102
03130500,URBAN COLLEGE OF BOSTON                 ,MA,02111-1093,Private      ,12,166,178,12,166,178
03194300,BOSTON GRAD SCH OF PSYCHOANALYSIS       ,MA,02446-4602,Private      ,1,11,12,1,11,12
03196300,LINCOLN TECHNICAL INSTITUTE             ,MA,02145-1102,Proprietary  ,55,105,160,55,105,160
03196302,LINCOLN TECHNICAL INSTITUTE             ,MA,01852-5119,Proprietary  ,33,56,89,33,56,89
03232302,LINCOLN TECHNICAL INSTITUTE             ,MA,02401-1818,Proprietary  ,3,3,6,3,3,6
03235300,MASSACHUSETTS SCHOOL OF LAW             ,MA,01810-1094,Private      ,0,124,124,0,124,124
03240300,HAIR IN MOTION BEAUTY ACADEMY           ,MA,01604-2213,Proprietary  ,0,1,1,0,1,1
03248300,BOSTON BAPTIST COLLEGE                  ,MA,02136-4000,Private      ,22,13,35,22,13,35
03316400,FUNERAL INSTITUTE OF THE NORTHEAST      ,MA,02062-4766,Proprietary  ,5,16,21,5,16,21
03504300,NATL GRAD SCH OF QUALITY SYSTM MGMT     ,MA,02540-0000,Private      ,0,3,3,0,3,3
03763300,MEDICAL PROFESSIONAL INSTITUTE          ,MA,02148-8143,Proprietary  ,2,12,14,2,12,14
03859300,E.I.N.E.                                ,MA,01876-4709,Proprietary  ,0,5,5,0,5,5
03946300,FRANKLIN W. OLIN COLLEGE OF ENGINEERING ,MA,02492-1200,Private      ,354,3,357,354,3,357
04039300,SULLIVAN AND COGLIANO TRAINING CENTER   ,MA,02301-1822,Proprietary  ,0,3,3,0,3,3
00401000,INSTITUT INTERNAT'L D'ETUDES FRANCA     ,FC,00000-0000,Public       ,0,1,1,0,1,1
00401200,HEBREW UNIVERSITY OF JERUSALEM (THE)    ,FC,00000-0000,Public       ,26,47,73,26,47,73
00403000,UNIVERSITY OF CAMBRIDGE                 ,FC,00000-0000,Public       ,0,19,19,0,19,19
00503400,AMERICAN UNIVERSITY OF CAIRO            ,FC,00000-0000,Private      ,34,67,101,34,67,101
00667100,KATHOLIEKE UNIVERSITEIT LEUVEN          ,FC,00000-0000,Private      ,0,12,12,0,12,12
00669000,UNIVERSITY OF COPENHAGEN                ,FC,00000-0000,Public       ,3,3,6,3,3,6
00669100,UNIVERSITY OF CAMBRIDGE - PEMBROKE      ,FC,00000-0000,Public       ,0,4,4,0,4,4
00669200,UNIVERSITY OF LEEDS                     ,FC,00000-0000,Public       ,10,36,46,10,36,46
00669300,UNIV OF LONDON-LONDON SCHOOL ECON       ,FC,00000-0000,Public       ,12,219,231,12,219,231
00669400,SCH OF ORIENTAL & AFRICAN STUDIES       ,FC,00000-0000,Public       ,6,64,70,6,64,70
00669500,UNIV OF LONDON-UNIVERSITY COLLEGE       ,FC,00000-0000,Public       ,10,129,139,10,129,139
00669600,UNIV OF LONDON-SCH ADVANCED STUDY       ,FC,00000-0000,Public       ,0,9,9,0,9,9
00669700,"QUEEN MARY, UNIVERSITY OF LONDON        ",FC,00000-0000,Public       ,7,28,35,7,28,35
00669900,UNIVERSITY OF SUSSEX                    ,FC,00000-0000,Public       ,9,35,44,9,35,44
00670000,"UNIVERSITY OF YORK, THE                 ",FC,00000-0000,Public       ,4,57,61,4,57,61
00670400,UNIVERSITY COLLEGE CORK                 ,FC,00000-0000,Public       ,7,21,28,7,21,28
00671300,UPPSALA UNIVERSITY                      ,FC,00000-0000,Public       ,0,10,10,0,10,10
00671500,UNIVERSITY OF GENEVA                    ,FC,00000-0000,Public       ,0,20,20,0,20,20
00683900,UNIVERSITY OF EDINBURGH                 ,FC,00000-0000,Public       ,51,184,235,51,184,235
00684200,UNIVERSITY OF DUBLIN TRINITY COLLEG     ,FC,00000-0000,Public       ,18,39,57,18,39,57
00685000,UNIVERSITY OF CAMBRIDGE - DOWNING C     ,FC,00000-0000,Public       ,1,1,2,1,1,2
00685100,INTERNATIONAL CHRISTIAN UNIVERSITY      ,FC,00000-0000,Private      ,8,1,9,8,1,9
00763200,UNIVERSITY OF BRISTOL                   ,FC,00000-0000,Public       ,7,46,53,7,46,53
00768100,COLLEGE OF EUROPE                       ,FC,00000-0000,Private      ,1,1,2,1,1,2
00770500,ROYAL COLLEGE OF SURGEONS IN IRELAN     ,FC,00000-0000,Private      ,0,17,17,0,17,17
00788100,AMERICAN UNIVERSITY OF PARIS            ,FC,00000-0000,Private      ,139,59,198,139,59,198
00837100,AMERICAN UNIVERSITY OF BEIRUT           ,FC,00000-0000,Private      ,27,29,56,27,29,56
00837300,TEL-AVIV UNIVERSITY                     ,FC,00000-0000,Public       ,5,22,27,5,22,27
00837700,UNIVERSITEIT VAN AMSTERDAM(UNIVERSI     ,FC,00000-0000,Public       ,2,39,41,2,39,41
00838000,UNIVERSITY OF WARWICK                   ,FC,00000-0000,Public       ,4,26,30,4,26,30
00838300,UNIVERSITY OF GLASGOW                   ,FC,00000-0000,Public       ,21,117,138,21,117,138
00838600,UNIVERSITY OF HELSINKI                  ,FC,00000-0000,Public       ,0,2,2,0,2,2
00839300,UNIVERSITY OF OSLO                      ,FC,00000-0000,Public       ,2,5,7,2,5,7
00839400,UNIVERSITY OF OXFORD                    ,FC,00000-0000,Public       ,6,63,69,6,63,69
00839800,UNIVERSITY OF SHEFFIELD (THE)           ,FC,00000-0000,Public       ,3,35,38,3,35,38
00839900,UNIVERSITY OF SOUTHAMPTON               ,FC,00000-0000,Public       ,1,22,23,1,22,23
00845000,KASTURBA MEDICAL COLLEGE (A CONSTITENT I,FC,00000-0000,Private      ,15,49,64,15,49,64
00845200,ABERYSTWYTH UNIVERSITY                  ,FC,00000-0000,Public       ,11,13,24,11,13,24
00846000,UNIVERSITY OF NEWCASTLE UPON TYNE       ,FC,00000-0000,Public       ,4,16,20,4,16,20
00846100,UNIVERSITY OF SAINT ANDREWS             ,FC,00000-0000,Public       ,44,38,82,44,38,82
00846200,UNIVERSIDAD DE SALAMANCA                ,FC,00000-0000,Public       ,4,18,22,4,18,22
00850500,UNIVERSITY OF MELBOURNE                 ,FC,00000-0000,Public       ,4,46,50,4,46,50
00858600,SWANSEA UNIVERSITY                      ,FC,00000-0000,Public       ,4,14,18,4,14,18
00858700,UNIVERSITY OF DURHAM                    ,FC,00000-0000,Public       ,6,34,40,6,34,40
00866500,UNIVERSITY OF KENT AT CANTERBURY (THE)  ,FC,00000-0000,Public       ,5,51,56,5,51,56
00866600,UNIVERSITY OF HONG KONG                 ,FC,00000-0000,Public       ,7,16,23,7,16,23
00867000,UNIVERSITY OF NEW SOUTH WALES           ,FC,00000-0000,Public       ,8,28,36,8,28,36
00868700,UNIVERSITY OF ESSEX                     ,FC,00000-0000,Public       ,4,24,28,4,24,28
00869200,LEIDEN UNIVERSITY                       ,FC,00000-0000,Public       ,2,32,34,2,32,34
00869300,CITY UNIVERSITY                         ,FC,00000-0000,Public       ,2,35,37,2,35,37
00890800,THE UNIVERSITY OF BIRMINGHAM            ,FC,00000-0000,Public       ,4,33,37,4,33,37
00891000,UNIVERSITY OF HULL                      ,FC,00000-0000,Public       ,0,7,7,0,7,7
00892000,UNIVERSITY OF NOTTINGHAM                ,FC,00000-0000,Public       ,8,39,47,8,39,47
00900600,UNIVERSITY OF SALFORD (THE)             ,FC,00000-0000,Public       ,2,4,6,2,4,6
00908400,"UNIV OF LONDON, BIRKBECK                ",FC,00000-0000,Public       ,1,20,21,1,20,21
00908500,UNIV OF LONDON KING'S COLLEGE           ,FC,00000-0000,Public       ,11,75,86,11,75,86
00908600,UNIVERSITY OF LONDON - ROYAL HOLLOWAY   ,FC,00000-0000,Public       ,8,20,28,8,20,28
00914300,BAR-ILAN UNIVERSITY                     ,FC,00000-0000,Private      ,3,2,5,3,2,5
00924700,ARCHITECTURAL ASSOC SCH OF ARCHITEC     ,FC,00000-0000,Private      ,1,8,9,1,8,9
00924900,UNIVERSITY OF LIVERPOOL                 ,FC,00000-0000,Public       ,9,17,26,9,17,26
00936800,UNIVERSITY OF ABERDEEN                  ,FC,00000-0000,Public       ,16,49,65,16,49,65
00942300,ROYAL COLLEGE OF ART                    ,FC,00000-0000,Public       ,1,19,20,1,19,20
00942400,ROYAL ACADEMY OF DRAMATIC ART           ,FC,00000-0000,Private      ,5,6,11,5,6,11
00942800,TECHNION-ISRAEL INST OF TECHLGY         ,FC,00000-0000,Public       ,0,10,10,0,10,10
00944200,UNIVERSITY OF EXETER                    ,FC,00000-0000,Public       ,5,39,44,5,39,44
00944400,UNIVERSITY OF LANCASTER                 ,FC,00000-0000,Public       ,4,11,15,4,11,15
00963400,UNIVERSITY OF OXFORD ST CATHERINE'S     ,FC,00000-0000,Public       ,1,6,7,1,6,7
00980800,UNIVERSITY OF STRATHCLYDE               ,FC,00000-0000,Public       ,4,7,11,4,7,11
00981700,UNIVERSITY OF SANTO TOMAS               ,FC,00000-0000,Private      ,2,14,16,2,14,16
00986000,UNIVERSITY OF SURREY                    ,FC,00000-0000,Public       ,1,6,7,1,6,7
00988800,KAROLINSKA INSTITUTET                   ,FC,00000-0000,Public       ,0,5,5,0,5,5
00990600,PONTIFICAL NORTH AMERICAN COLLEGE       ,FC,00000-0000,Private      ,0,1,1,0,1,1
00992700,UNIVERSITY OF CAMBRIDGE - FITZWILLI     ,FC,00000-0000,Public       ,0,1,1,0,1,1
01006700,LUND UNIVERSITY                         ,FC,00000-0000,Public       ,0,13,13,0,13,13
01008400,UNIVERSITY OF CAPE TOWN                 ,FC,00000-0000,Private      ,2,18,20,2,18,20
01008700,UNIVERSITY OF OXFORD ST PETER'S COL     ,FC,00000-0000,Public       ,0,1,1,0,1,1
01008800,UNIVERSITY OF OXFORD - CORPUS CHRIS     ,FC,00000-0000,Public       ,0,1,1,0,1,1
01008900,CENTRAL SCHOOL OF SPEECH AND DRAMA      ,FC,00000-0000,Private      ,4,12,16,4,12,16
01009000,UNIVERSITY OF OXFORD - BALLIOL COLL     ,FC,00000-0000,Public       ,0,6,6,0,6,6
01014300,UNIVERSITY OF READING                   ,FC,00000-0000,Public       ,1,23,24,1,23,24
01015700,CARDIFF UNIVERSITY                      ,FC,00000-0000,Public       ,1,26,27,1,26,27
01015900,PONTIFICIA UNIVERSITA GREGORIANA        ,FC,00000-0000,Private      ,1,2,3,1,2,3
01018800,UNIVERSITY COLLEGE DUBLIN               ,FC,00000-0000,Public       ,7,46,53,7,46,53
01019000,UNIVERSITY OF CAMBRIDGE CHURCHILL C     ,FC,00000-0000,Public       ,1,0,1,1,0,1
01022800,UNIVERSITY OF STIRLING                  ,FC,00000-0000,Public       ,9,17,26,9,17,26
01033200,UNIVERSITY OF CAMBRIDGE - CLARE COL     ,FC,00000-0000,Public       ,0,2,2,0,2,2
01045600,UNIVERSITY OF HAIFA                     ,FC,00000-0000,Public       ,3,6,9,3,6,9
01047200,INST EUROPEEN OPEEN D'ADMINISTRATIO     ,FC,00000-0000,Private      ,0,23,23,0,23,23
01049300,CRANFIELD UNIVERSITY                    ,FC,00000-0000,Public       ,0,6,6,0,6,6
01052000,TRINITY LABAN                           ,FC,00000-0000,Public       ,1,2,3,1,2,3
01052001,LABAN CENTER FOR MOVEMENT & DANCE       ,FC,00000-0000,Public       ,0,5,5,0,5,5
01057400,LONDON INTRNTL FILM SCHOOL              ,FC,00000-0000,Private      ,0,5,5,0,5,5
01058400,VRIJE UNIVERSITEIT BRUSSELS             ,FC,00000-0000,Private      ,0,2,2,0,2,2
01058600,INSTITUTE OF SOCIAL STUDIES             ,FC,00000-0000,Private      ,0,7,7,0,7,7
01058800,AUSTRALIAN NATIONAL UNIVERSITY          ,FC,00000-0000,Public       ,9,20,29,9,20,29
01058900,BANGOR UNIVERSITY                       ,FC,00000-0000,Public       ,2,5,7,2,5,7
01059400,"RICHMOND, THE AMERICAN INT UNI IN LONDON",FC,00000-0000,Private      ,205,18,223,205,18,223
01059900,INST D'ETUDES POLITIQUES DE PARIS       ,FC,00000-0000,Public       ,1,13,14,1,13,14
01068100,MACQUARIE UNIVERSITY                    ,FC,00000-0000,Public       ,8,26,34,8,26,34
01069200,UNIVERSITY OF QUEENSLAND (THE)          ,FC,00000-0000,Public       ,5,37,42,5,37,42
01070400,SILLIMAN UNIVERSITY                     ,FC,00000-0000,Private      ,1,3,4,1,3,4
01078900,UNIVERSITY OF OXFORD - WORCESTER CO     ,FC,00000-0000,Public       ,0,2,2,0,2,2
01079200,CITY AND GUILDS OF LONDON INSTITUTE     ,FC,00000-0000,Private      ,0,2,2,0,2,2
01079500,AKADEMIA MEDYCZNA                       ,FC,00000-0000,Public       ,0,8,8,0,8,8
01079700,"NATIONAL UNIVERSITY OF IRELAND, MAY     ",FC,00000-0000,Public       ,0,4,4,0,4,4
01080300,SEMMELWEIS UNIVERSITY OF BUDAPEST       ,FC,00000-0000,Public       ,0,9,9,0,9,9
01081600,KINGSTON UNIVERSITY                     ,FC,00000-0000,Public       ,9,10,19,9,10,19
01086400,UNIV OF DUNDEE                          ,FC,00000-0000,Public       ,3,13,16,3,13,16
01086600,UNIVERSITY OF OXFORD - MAGDALEN COLLEGE ,FC,00000-0000,Public       ,0,2,2,0,2,2
01086700,UNIVERSITY OF OXFORD ST JOHN'S COLL     ,FC,00000-0000,Public       ,1,2,3,1,2,3
01091400,MONASH UNIVERSITY                       ,FC,00000-0000,Public       ,1,15,16,1,15,16
01091500,UNIV OF EAST ANGLIA                     ,FC,00000-0000,Public       ,7,21,28,7,21,28
01094200,UNIVERSITY OF OXFORD - ST HUGH'S CO     ,FC,00000-0000,Public       ,0,2,2,0,2,2
01097700,UNIVERSIDAD CENTRAL DEL ESTE            ,FC,00000-0000,Private      ,17,305,322,17,305,322
01099900,UNIV OF OXFORD - WADHAM COLLEGE         ,FC,00000-0000,Public       ,1,1,2,1,1,2
01104400,PONTIFICIA UNIVERSITA SAN TOMMASO       ,FC,00000-0000,Private      ,1,4,5,1,4,5
01105300,UNIVERSITY OF OXFORD - ST HILDA'S C     ,FC,00000-0000,Public       ,1,2,3,1,2,3
01105400,UNIVERSITY OF OXFORD - ST ANNE'S CO     ,FC,00000-0000,Public       ,0,2,2,0,2,2
01105500,UNIV OF OXFORD - LADY MARGARET HALL     ,FC,00000-0000,Public       ,1,3,4,1,3,4
01105600,UNIVERSITY OF OXFORD - UNIVERSITY C     ,FC,00000-0000,Public       ,0,3,3,0,3,3
01105700,UNIVERSITY OF OXFORD - TRINITY COLL     ,FC,00000-0000,Public       ,0,4,4,0,4,4
01105800,UNIVERSITY OF OXFORD-ST EDMUND HALL     ,FC,00000-0000,Public       ,1,2,3,1,2,3
01105900,UNIVERSITY OF OXFORD ST ANTONY'S CO     ,FC,00000-0000,Public       ,0,7,7,0,7,7
01106000,UNIVERSITY OF OXFORD - QUEEN'S COLL     ,FC,00000-0000,Public       ,1,1,2,1,1,2
01106200,UNIVERSITY OF OXFORD - ORIEL COLLEG     ,FC,00000-0000,Public       ,0,2,2,0,2,2
01106300,UNIVERSITY OF OXFORD - NUFFIELD COL     ,FC,00000-0000,Public       ,0,2,2,0,2,2
01106400,UNIVERSITY OF OXFORD - NEW COLLEGE      ,FC,00000-0000,Public       ,1,6,7,1,6,7
01106500,UNIVERSITY OF OXFORD MERTON COLLEGE     ,FC,00000-0000,Public       ,0,8,8,0,8,8
01106600,UNIVERSITY OF OXFORD - LINCOLN COLL     ,FC,00000-0000,Public       ,0,8,8,0,8,8
01106700,UNIVERSITY OF OXFORD - KEBLE COLLEG     ,FC,00000-0000,Public       ,0,3,3,0,3,3
01106800,UNIVERSITY OF OXFORD - JESUS COLLEG     ,FC,00000-0000,Public       ,0,1,1,0,1,1
01106900,UNIVERSITY OF OXFORD - HERTFORD COL     ,FC,00000-0000,Public       ,0,2,2,0,2,2
01107000,UNIVERSITY OF OXFORD EXETER COLLEGE     ,FC,00000-0000,Public       ,0,5,5,0,5,5
01107100,UNIV OF OXFORD - CHRIST CHURCH          ,FC,00000-0000,Public       ,0,9,9,0,9,9
01109100,FLINDERS UNIVERSITY OF S AUSTRALIA      ,FC,00000-0000,Public       ,1,8,9,1,8,9
01109400,UNIVERSITY OF WESTERN AUSTRALIA (THE)   ,FC,00000-0000,Public       ,3,6,9,3,6,9
01156700,"IMPERIAL COLLEGE OF SCIENCE, TECHNOLOGY ",FC,00000-0000,Public       ,2,20,22,2,20,22
01167900,UNIVERSITY OF BATH                      ,FC,00000-0000,Public       ,0,21,21,0,21,21
01168300,FRANKLIN COLLEGE  SWITZERLAND           ,FC,00000-0000,Private      ,263,7,270,263,7,270
01175800,UNIV OF CAMBRIDGE - PETERHOUSE          ,FC,00000-0000,Public       ,0,2,2,0,2,2
01176400,ROYAL ACADEMY OF MUSIC                  ,FC,00000-0000,Public       ,7,12,19,7,12,19
01176500,GOLDSMITHS' COLLEGE-UNIV OF LONDON      ,FC,00000-0000,Public       ,5,43,48,5,43,48
01176600,UNIV OF LONDON - INST OF EDUC           ,FC,00000-0000,Public       ,2,9,11,2,9,11
01177900,STOCKHOLM SCHOOL OF ECONOMICS           ,FC,00000-0000,Private      ,0,1,1,0,1,1
01178000,BRUNEL UNIVERSITY                       ,FC,00000-0000,Public       ,0,15,15,0,15,15
01178400,UNIVERSITY OF WARSAW                    ,FC,00000-0000,Public       ,0,5,5,0,5,5
01207500,UNIVERSITY CAMBRIDGE - TRINITY COLL     ,FC,00000-0000,Public       ,0,6,6,0,6,6
01207800,VICTORIA UNIV OF WELLINGTON             ,FC,00000-0000,Public       ,14,12,26,14,12,26
01210100,UNIVERSITY OF CAMBRIDGE - GIRTON CO     ,FC,00000-0000,Public       ,0,1,1,0,1,1
01213600,VICTORIA UNIV OF MANCHESTER (THE)       ,FC,00000-0000,Public       ,4,22,26,4,22,26
01219800,UNIVERSITY OF BRADFORD                  ,FC,00000-0000,Public       ,2,17,19,2,17,19
01220100,UNIVERSITY OF OXFORD - REGENT'S PAR     ,FC,00000-0000,Public       ,1,3,4,1,3,4
01220600,JAMES COOK UNIVERSITY                   ,FC,00000-0000,Public       ,4,28,32,4,28,32
01221300,PONTIFICIA BOLIVARIANA UNIVERSITY       ,FC,00000-0000,Private      ,1,1,2,1,1,2
01221500,BIRMINGHAM CITY UNIVERSITY              ,FC,00000-0000,Public       ,1,3,4,1,3,4
01222300,JAGIELLONIAN UNIVERSITY COLLEGIUM M     ,FC,00000-0000,Public       ,0,12,12,0,12,12
01222500,UNIVERSITY OF SZEGED FACULTY OF MEDICINE,FC,00000-0000,Public       ,1,6,7,1,6,7
01223400,KOREA UNIVERSITY                        ,FC,00000-0000,Private      ,3,4,7,3,4,7
01225800,ASTON UNIVERSITY                        ,FC,00000-0000,Public       ,0,3,3,0,3,3
01227500,UNIVERSITY OF OXFORD - WOLFSON COLL     ,FC,00000-0000,Public       ,0,4,4,0,4,4
01230200,GONVILLE & CAIUS COLLEGE                ,FC,00000-0000,Public       ,2,1,3,2,1,3
01233300,UNIV OF THE ARTS LONDON- CAMBERWELL COLL,FC,00000-0000,Public       ,5,10,15,5,10,15
01233500,ROYAL COLLEGE OF MUSIC                  ,FC,00000-0000,Public       ,1,12,13,1,12,13
01233700,WROCLAW UNIVERSITY OF MEDICINE          ,FC,00000-0000,Public       ,0,1,1,0,1,1
01234100,UNIVERSITY OF WALES - ST DAVID'S UN     ,FC,00000-0000,Public       ,1,15,16,1,15,16
01239700,KONINKLIJK CONSERVATORIUM               ,FC,00000-0000,Public       ,0,2,2,0,2,2
01242100,UNIV OF AUCKLAND                        ,FC,00000-0000,Public       ,8,21,29,8,21,29
01253900,UNIVERSITY OF THE ARTS LONDON IDO - CENT,FC,00000-0000,Public       ,27,21,48,27,21,48
01254000,UNIVERSIDAD DE NAVARRA                  ,FC,00000-0000,Private      ,6,9,15,6,9,15
01276500,UNIVERSITY OF OXFORD - LINACRE COLL     ,FC,00000-0000,Public       ,0,8,8,0,8,8
01276600,"NATIONAL UNIVERSITY IRELAND, GALWAY     ",FC,00000-0000,Public       ,4,15,19,4,15,19
01280200,PONTIFICIA UNIV CATOLICA MAD Y MAES     ,FC,00000-0000,Private      ,8,15,23,8,15,23
01281100,INST TECNOLOGICO DE SANTO DOMINGO       ,FC,00000-0000,Private      ,2,20,22,2,20,22
01283900,UNIVERSITY OF CAMBRIDGE - SAINT JOH     ,FC,00000-0000,Public       ,0,4,4,0,4,4
01297800,UNIVERSITY OF HUDDERSFIELD (THE)        ,FC,00000-0000,Public       ,1,2,3,1,2,3
01315300,MASSEY UNIVERSITY                       ,FC,00000-0000,Public       ,2,21,23,2,21,23
01322500,COLLEGE OF LAW                          ,FC,00000-0000,Private      ,0,11,11,0,11,11
02052400,DARWIN COLLEGE                          ,FC,00000-0000,Public       ,0,2,2,0,2,2
02082400,UNIVERSITY OF CAMBRIDGE - QUEEN'S C     ,FC,00000-0000,Public       ,0,7,7,0,7,7
02083400,UNIVERSITY OF CAMBRIDGE - WOLFSON C     ,FC,00000-0000,Public       ,1,2,3,1,2,3
02087400,UNIVERSITY OF CAMBRIDGE - NEWNHAM C     ,FC,00000-0000,Public       ,0,3,3,0,3,3
02087900,OXFORD BROOKES UNIVERSITY               ,FC,00000-0000,Public       ,3,15,18,3,15,18
02094100,BEN-GURION UNIV                         ,FC,00000-0000,Public       ,2,94,96,2,94,96
02094400,UNIV OF CAMBRIDGE - ST EDMUND'S HOU     ,FC,00000-0000,Public       ,0,3,3,0,3,3
02095500,LONDON BUS SCHOOL                       ,FC,00000-0000,Private      ,0,36,36,0,36,36
02098700,FATIMA COLLEGE OF MEDICINE              ,FC,00000-0000,Private      ,3,14,17,3,14,17
02101900,ROEHAMPTON UNIVERSITY                   ,FC,00000-0000,Public       ,4,14,18,4,14,18
02108600,LONDON ACADEMY OF MUSIC & DRAMATIC      ,FC,00000-0000,Private      ,5,7,12,5,7,12
02115900,UNIVERSITY OF PORTSMOUTH                ,FC,00000-0000,Public       ,0,5,5,0,5,5
02116700,UNIVERSITY OF CAMBRIDGE - LUCY CAVE     ,FC,00000-0000,Public       ,0,2,2,0,2,2
02120000,UNIV OF LONDON - COURTALD INST OF A     ,FC,00000-0000,Public       ,0,11,11,0,11,11
02133400,UNIVERSITY OF CAMBRIDGE - SIDNEY SU     ,FC,00000-0000,Public       ,0,1,1,0,1,1
02142000,UNIVERSITY OF CAMBRIDGE - HOMERTON      ,FC,00000-0000,Public       ,0,4,4,0,4,4
02149700,UNIVERSITY OF WINCHESTER (THE)          ,FC,00000-0000,Public       ,1,4,5,1,4,5
02156800,UNIV OF OTAGO                           ,FC,00000-0000,Public       ,2,11,13,2,11,13
02162300,"IESE BUSINESS SCH, UNIV OF NAVARRA      ",FC,00000-0000,Private      ,3,17,20,3,17,20
02167400,UNIVERSITY OF CAMBRIDGE - CORPUS CH     ,FC,00000-0000,Public       ,0,1,1,0,1,1
02175700,OHR SOMAYACH INSTITUTIONS               ,FC,00000-0000,Private      ,1,0,1,1,0,1
02177700,KING'S COLLEGE- UNIV OF CAMBRIDGE       ,FC,00000-0000,Public       ,0,10,10,0,10,10
02180500,MIDDLESEX UNIVERSITY                    ,FC,00000-0000,Public       ,10,17,27,10,17,27
02181000,UNIVERSITY OF SOUTH AUSTRALIA           ,FC,00000-0000,Public       ,0,9,9,0,9,9
02183500,UNIV OF OXFORD - WYCLIFFE HALL          ,FC,00000-0000,Public       ,1,0,1,1,0,1
02186000,UNIVERSITY OF CAMBRIDGE - MAGDALENE     ,FC,00000-0000,Public       ,0,3,3,0,3,3
02186100,UNIVERSITY OF CAMBRIDGE - EMMANUEL      ,FC,00000-0000,Public       ,0,2,2,0,2,2
02189600,UNIVERSITY OF GRONINGEN                 ,FC,00000-0000,Public       ,1,4,5,1,4,5
02194800,UNIVERSITY OF THE WEST OF ENGLAND -     ,FC,00000-0000,Public       ,3,4,7,3,4,7
02195100,UNIV OF WESTMINSTER                     ,FC,00000-0000,Public       ,14,34,48,14,34,48
02196700,GUILDHALL SCHOOL OF MUSIC & DRAMA       ,FC,00000-0000,Public       ,2,9,11,2,9,11
02197000,INT'L GRAD PROGRAMME STOCKHOLM UNIV     ,FC,00000-0000,Public       ,0,2,2,0,2,2
02207300,UNIVERSITY OF CAMBRIDGE - CHRIST'S      ,FC,00000-0000,Public       ,0,2,2,0,2,2
02209500,UNIVERSITEIT UTRECHT                    ,FC,00000-0000,Public       ,6,17,23,6,17,23
02210000,UNIV OF LONDON - LONDON SCHOOL OF H     ,FC,00000-0000,Public       ,0,23,23,0,23,23
02212300,UNIVERSITY OF CAMBRIDGE - ROBINSON      ,FC,00000-0000,Public       ,0,1,1,0,1,1
02216300,UNIVERSIDAD DE CHILE                    ,FC,00000-0000,Public       ,3,7,10,3,7,10
02225300,UNIV OF CANTERBURY                      ,FC,00000-0000,Public       ,3,5,8,3,5,8
02229100,UNIVERSITY OF LEICESTER                 ,FC,00000-0000,Public       ,4,27,31,4,27,31
02229600,SACKLER SCHOOL OF MEDICINE              ,FC,00000-0000,Public       ,0,25,25,0,25,25
02232100,UNIVERSITY OF CAMBRIDGE                 ,FC,00000-0000,Public       ,0,7,7,0,7,7
02233300,"ST GEORGE'S UNIV, SCH OF MEDICINE       ",FC,00000-0000,Proprietary  ,8,584,592,8,584,592
02235300,LONDON METROPOLITAN UNIVERSITY          ,FC,00000-0000,Public       ,13,34,47,13,34,47
02240900,AISH HATORAH CLG OF JEWISH STUDIES      ,FC,00000-0000,Private      ,0,1,1,0,1,1
02244400,AMERICAN UNIV OF THE CARIBBEAN          ,FC,00000-0000,Proprietary  ,2,409,411,2,409,411
02257100,COVENTRY UNIVERSITY                     ,FC,00000-0000,Public       ,3,6,9,3,6,9
02271700,UNIVERSITY OF CAMBRIDGE - CLARE HAL     ,FC,00000-0000,Public       ,0,6,6,0,6,6
02271900,UNIVERSITY OF OXFORD - BLACKFRIARS      ,FC,00000-0000,Public       ,0,1,1,0,1,1
02273600,QUEEN'S UNIV OF BELFAST (THE)           ,FC,00000-0000,Public       ,2,20,22,2,20,22
02273900,HERIOT WATT UNIVERSITY                  ,FC,00000-0000,Public       ,2,7,9,2,7,9
02279700,UNIVERSITY OF MANCHESTER - INSTITUT     ,FC,00000-0000,Public       ,7,47,54,7,47,54
02293400,ECOLE DES HAUTES ETUDES COMERCIALS      ,FC,00000-0000,Public       ,0,7,7,0,7,7
02296300,UNIVERSITY OF CAMBRIDGE - JESUS COL     ,FC,00000-0000,Public       ,0,2,2,0,2,2
02310500,DE MONTFORT UNIVERSITY                  ,FC,00000-0000,Public       ,1,0,1,1,0,1
02320500,ROYAL NORTHERN COLLEGE OF MUSIC         ,FC,00000-0000,Public       ,0,2,2,0,2,2
02335100,UNIV OF CAMBRIDGE - TRINITY HALL        ,FC,00000-0000,Public       ,1,4,5,1,4,5
02338903,KENT INSTITUTE OF ART & DESIGN          ,FC,00000-0000,Public       ,1,0,1,1,0,1
02339300,ERASMUS UNIV ROTTERDAM                  ,FC,00000-0000,Public       ,0,7,7,0,7,7
02347300,ESCUELA AUTONOMA DE CIENCIAS MEDICA     ,FC,00000-0000,Private      ,0,10,10,0,10,10
02351800,UNIVERSIDAD IBEROAMERICANA (UNIBE       ,FC,00000-0000,Private      ,30,358,388,30,358,388
02352100,UNIVERSITY OF PLYMOUTH                  ,FC,00000-0000,Public       ,4,8,12,4,8,12
02355200,ECOLE SUPERIEURE DE CUISINE FRANCAISE-FE,FC,00000-0000,Public       ,0,3,3,0,3,3
02493000,ESCUELA SUPERIOR ADMINISTRACION Y D     ,FC,00000-0000,Private      ,0,16,16,0,16,16
02496600,UNIVERSITY OF STELLENBOSCH              ,FC,00000-0000,Public       ,0,2,2,0,2,2
02502600,PECSI ORVOSTUDOMANYI EGYETEM (PECS      ,FC,00000-0000,Public       ,0,4,4,0,4,4
02530000,E.M. LYON                               ,FC,00000-0000,Private      ,0,1,1,0,1,1
02545700,GLASGOW SCHOOL OF ART                   ,FC,00000-0000,Public       ,2,11,13,2,11,13
02579600,MURDOCH UNIVERSITY                      ,FC,00000-0000,Public       ,3,20,23,3,20,23
02588000,UNIVERSITY OF ULSTER                    ,FC,00000-0000,Public       ,0,9,9,0,9,9
02591800,CURTIN UNIVERSITY OF TECHNOLOGY         ,FC,00000-0000,Public       ,1,13,14,1,13,14
02592300,MILLTOWN INST OF THEOLOGY & PHILOSO     ,FC,00000-0000,Private      ,0,1,1,0,1,1
02604300,AALBORG UNIVERSITY                      ,FC,00000-0000,Public       ,0,1,1,0,1,1
02611600,ECOL NATIONAL DES PONTS ET CHAUSSEE     ,FC,00000-0000,Public       ,1,0,1,1,0,1
02611700,DUBLIN CITY UNIVERSITY                  ,FC,00000-0000,Public       ,3,12,15,3,12,15
02623200,UNIVERSITY OF NEWCASTLE (THE)           ,FC,00000-0000,Public       ,5,7,12,5,7,12
03012700,UNIVERSITY OF BUCKINGHAM                ,FC,00000-0000,Private      ,0,3,3,0,3,3
03029400,KEELE UNIVERSITY                        ,FC,00000-0000,Public       ,1,4,5,1,4,5
03029500,NORTHUMBRIA UNIVERSITY                  ,FC,00000-0000,Public       ,1,6,7,1,6,7
03029800,NORGES HANDELSHOYSKOLE                  ,FC,00000-0000,Public       ,0,3,3,0,3,3
03033300,MANCHESTER METROPOLITAN UNIV            ,FC,00000-0000,Public       ,3,4,7,3,4,7
03033700,NORWEGIAN SCHOOL OF MANAGEMENT          ,FC,00000-0000,Private      ,0,1,1,0,1,1
03045000,UNIVERSITY OF EAST LONDON               ,FC,00000-0000,Public       ,5,12,17,5,12,17
03050100,STUDIO ART CENTERS INTERNATIONAL        ,FC,00000-0000,Private      ,22,38,60,22,38,60
03066800,PONTIFICIO ATENEO DELLA SANTA CROCE     ,FC,00000-0000,Private      ,0,1,1,0,1,1
03067200,UNIVERSITY OF SYDNEY                    ,FC,00000-0000,Public       ,11,62,73,11,62,73
03073800,UNIV OF DEBRECEN MED & HEALTH SCI       ,FC,00000-0000,Public       ,1,4,5,1,4,5
03078700,UNIVERSITA COMMERCIALE L BOCCONI        ,FC,00000-0000,Public       ,0,7,7,0,7,7
03080300,SHEFFIELD HALLAM UNIVERSITY             ,FC,00000-0000,Public       ,1,2,3,1,2,3
03084300,UNIVERSITY OF LIMERICK                  ,FC,00000-0000,Public       ,6,9,15,6,9,15
03088700,ROYAL SCOTTISH ACAD MUSIC & DRAMA       ,FC,00000-0000,Public       ,7,5,12,7,5,12
03091400,UNIVERSITY OF WOLLONGONG                ,FC,00000-0000,Public       ,2,5,7,2,5,7
03091500,UNIVERSITY OF CANBERRA                  ,FC,00000-0000,Public       ,0,2,2,0,2,2
03091700,KAROL MARCINKOWSKI UNIV OF MED SCI      ,FC,00000-0000,Public       ,4,43,47,4,43,47
03092500,NOTTINGHAM TRENT UNIVERSITY             ,FC,00000-0000,Public       ,0,9,9,0,9,9
03095000,RMIT UNIVERSITY                         ,FC,00000-0000,Public       ,4,6,10,4,6,10
03095400,BOND UNIVERSITY                         ,FC,00000-0000,Private      ,24,36,60,24,36,60
03095900,ESSEC BUSINESS SCHOOL                   ,FC,00000-0000,Private      ,0,6,6,0,6,6
03096100,LA TROBE UNIVERSITY                     ,FC,00000-0000,Public       ,4,6,10,4,6,10
03096900,DEAKIN UNIVERSITY                       ,FC,00000-0000,Public       ,3,3,6,3,3,6
03097100,UNIVERSITY OF WESTERN SYDNEY            ,FC,00000-0000,Public       ,3,3,6,3,3,6
03097300,VICTORIA UNIVERSITY OF TECHNOLOGY       ,FC,00000-0000,Public       ,1,6,7,1,6,7
03097500,CENTRAL QUEENSLAND UNIVERSITY           ,FC,00000-0000,Public       ,2,1,3,2,1,3
03100000,UNIVERSITY OF ADELAIDE (THE)            ,FC,00000-0000,Public       ,1,12,13,1,12,13
03101600,ASIAN INSTITUTE OF MANAGEMENT           ,FC,00000-0000,Private      ,0,1,1,0,1,1
03102500,AMERICAN UNIVERSITY OF ROME             ,FC,00000-0000,Private      ,51,28,79,51,28,79
03102800,ROBERT GORDON UNIVERSITY (THE)          ,FC,00000-0000,Public       ,1,8,9,1,8,9
03103200,INT'L STUDIES CTR AT THE CORVINUS UNIVER,FC,00000-0000,Public       ,0,2,2,0,2,2
03104800,GRIFFITH UNIVERSITY                     ,FC,00000-0000,Public       ,9,22,31,9,22,31
03123500,HOGESCHOOL VAN AMSTERDAM                ,FC,00000-0000,Private      ,1,4,5,1,4,5
03125200,LINCOLN UNIVERSITY                      ,FC,00000-0000,Public       ,2,4,6,2,4,6
03136300,AUSTRALIAN CATHOLIC UNIVERSITY          ,FC,00000-0000,Public       ,1,4,5,1,4,5
03137400,CHARLES STURT UNIVERSITY                ,FC,00000-0000,Public       ,1,3,4,1,3,4
03140300,EDITH COWAN UNIVERSITY                  ,FC,00000-0000,Public       ,3,8,11,3,8,11
03140400,NORTHERN TERRITORY UNIVERSITY           ,FC,00000-0000,Public       ,0,2,2,0,2,2
03140500,QUEENSLAND UNIVERSITY OF TECHNOLOGY     ,FC,00000-0000,Public       ,2,11,13,2,11,13
03140600,SOUTHERN CROSS UNIVERSITY               ,FC,00000-0000,Public       ,5,6,11,5,6,11
03140700,SWINBURNE UNIVERSITY OF TECHNOLOGY      ,FC,00000-0000,Public       ,1,3,4,1,3,4
03150300,UNIVERSITY OF TASMANIA                  ,FC,00000-0000,Public       ,1,8,9,1,8,9
03274300,"KUNGLIGA TEKNISKA HOGSKOLAN, KTH        ",FC,00000-0000,Public       ,0,2,2,0,2,2
03287300,LIVERPOOL INSTITUTE FOR PERFORMING ARTS ,FC,00000-0000,Public       ,4,3,7,4,3,7
03300300,"2ND SCHOOL OF MEDICINE, CHARLES UNI     ",FC,00000-0000,Public       ,0,1,1,0,1,1
03300400,"FIRST FACULTY OF MEDICINE, CHARLES UNIV.",FC,00000-0000,Public       ,0,10,10,0,10,10
03329300,JOHN CABOT UNIVERSITY                   ,FC,00000-0000,Private      ,27,6,33,27,6,33
03333300,MEDICAL UNIVERSITY SCHOOL OF LUBLIN     ,FC,00000-0000,Public       ,2,36,38,2,36,38
03334300,UNIVERSIDAD NORDESTANA                  ,FC,00000-0000,Private      ,0,2,2,0,2,2
03335300,MEDICAL UNIVERSITY OF SILESIA           ,FC,00000-0000,Public       ,3,16,19,3,16,19
03342300,GLASGOW CALEDONIAN UNIVERSITY           ,FC,00000-0000,Public       ,1,1,2,1,1,2
03349400,"QUEEN MARGARET UNIVERSITY COLLEGE, EDINB",FC,00000-0000,Public       ,2,4,6,2,4,6
03350300,BOURNEMOUTH UNIVERSITY                  ,FC,00000-0000,Public       ,1,11,12,1,11,12
03352300,LONDON SOUTH BANK UNIVERSITY            ,FC,00000-0000,Private      ,4,11,15,4,11,15
03364300,"FACULTY OF MEDICINE, PALACKY UNIVER     ",FC,00000-0000,Public       ,0,4,4,0,4,4
03365400,AUCKLAND INSTITUTE OF TECHNOLOGY        ,FC,00000-0000,Public       ,1,3,4,1,3,4
03375300,"CHARLES UNIVERSITY, FACULTY OF MEDI     ",FC,00000-0000,Public       ,1,3,4,1,3,4
03377300,"UNIVERSITY OF WALES INSTITUTE, CARD     ",FC,00000-0000,Public       ,0,1,1,0,1,1
03378300,"THE 3RD FACULTY OF MEDICINE, CHARLE     ",FC,00000-0000,Public       ,0,2,2,0,2,2
03386300,CHARLES UNIVERSITY-MEDICAL FACULTY      ,FC,00000-0000,Public       ,1,2,3,1,2,3
03406300,"THE SCHOOL OF PHARMACY, UNIVERSITY      ",FC,00000-0000,Public       ,2,1,3,2,1,3
03418400,NAPIER UNIVERSITY                       ,FC,00000-0000,Public       ,2,10,12,2,10,12
03435300,ANGLIA POLYTECHNIC UNIVERSITY HIGHE     ,FC,00000-0000,Public       ,0,2,2,0,2,2
03456600,ANGELES UNIVERSITY FOUNDATION           ,FC,00000-0000,Private      ,2,2,4,2,2,4
03460300,INTERNATIONALES THEOLOGISCHES INSTI     ,FC,00000-0000,Private      ,0,5,5,0,5,5
03462400,UNIV OF ARTS LONDON - LON COLL OF COMMUN,FC,00000-0000,Public       ,3,6,9,3,6,9
03466300,INSTITUTO CENTROAMERICANO DE ADMINI     ,FC,00000-0000,Private      ,0,3,3,0,3,3
03473300,UNIV OF ARTS LONDON - LON COLL FASHION  ,FC,00000-0000,Public       ,11,15,26,11,15,26
03475300,UNIV OF THE ARTS  LONDON - CHELSEA COLL ,FC,00000-0000,Public       ,5,11,16,5,11,16
03478300,ROYAL WELSH COLLEGE OF MUSIC AND DRAMA  ,FC,00000-0000,Public       ,0,2,2,0,2,2
03492400,UNIV OF CAMBRIDGE-ST CATHERINE'S CG     ,FC,00000-0000,Public       ,0,5,5,0,5,5
03494400,UNIV OF CAMBRIDGE-SELWYN COLLEGE        ,FC,00000-0000,Public       ,0,1,1,0,1,1
03494500,UNIV OF OXFORD-SAINT BENET'S HALL       ,FC,00000-0000,Public       ,0,1,1,0,1,1
03494600,UNIV OF OXFORD-HARRIS MANCHESTER        ,FC,00000-0000,Public       ,2,0,2,2,0,2
03500300,WIMBLEDON COLLEGE OF ART                ,FC,00000-0000,Public       ,1,3,4,1,3,4
03501400,LEEDS METROPOLITAN UNIVERSITY           ,FC,00000-0000,Public       ,1,1,2,1,1,2
03507300,UNIVERSITY OF SUNDERLAND                ,FC,00000-0000,Public       ,2,8,10,2,8,10
03515300,UNIVERSITY OF CENTRAL LANCASHIRE        ,FC,00000-0000,Public       ,3,5,8,3,5,8
03517300,UNIVERSITY OF BRIGHTON                  ,FC,00000-0000,Public       ,2,4,6,2,4,6
03518300,EUROPEAN GRADUATE SCHOOL                ,FC,00000-0000,Private      ,0,23,23,0,23,23
03533300,BATH SPA UNIVERSITY                     ,FC,00000-0000,Public       ,2,8,10,2,8,10
03547300,UNIVERSITY OF GLAMORGAN                 ,FC,00000-0000,Public       ,0,1,1,0,1,1
03580300,LIVERPOOL JOHN MOORES UNIVERSITY        ,FC,00000-0000,Public       ,3,1,4,3,1,4
03594300,GROUP ESC GRENOBLE GRAD SCH OF BUS.     ,FC,00000-0000,Private      ,0,6,6,0,6,6
03597300,JAGIELLONIAN UNIVERSITY                 ,FC,00000-0000,Public       ,0,9,9,0,9,9
03601300,UNIVERSITAT JAUME I DE CASTELLO/UJI     ,FC,00000-0000,Public       ,0,4,4,0,4,4
03603300,LEEDS COLLEGE OF MUSIC                  ,FC,00000-0000,Public       ,1,0,1,1,0,1
03619300,UNIVERSITY OF GREENWICH                 ,FC,00000-0000,Public       ,3,7,10,3,7,10
03653400,UNIVERSIDAD DE IBEROAMERICA - UNIBE     ,FC,00000-0000,Private      ,1,7,8,1,7,8
03674300,UNIVERSITY OF ABERTAY DUNDEE            ,FC,00000-0000,Public       ,2,1,3,2,1,3
03684400,UNIVERSITY OF LINCOLN                   ,FC,00000-0000,Public       ,1,3,4,1,3,4
03684500,MEDICAL UNIVERSITY OF GDANSK            ,FC,00000-0000,Public       ,0,5,5,0,5,5
03684600,POMERANIAN MEDICAL UNIVERSITY           ,FC,00000-0000,Public       ,0,1,1,0,1,1
03697300,NATIONAL FILM & TELEVISION SCHOOL       ,FC,00000-0000,Private      ,0,2,2,0,2,2
03716300,"UNIVERSITY OF WALES, NEWPORT            ",FC,00000-0000,Public       ,0,1,1,0,1,1
03721300,WRITTLE COLLEGE                         ,FC,00000-0000,Public       ,0,1,1,0,1,1
03727400,UNIVERSITY OF WAIKATO (THE)             ,FC,00000-0000,Public       ,1,0,1,1,0,1
03770300,NAZARENE THEOLOGICAL COLLEGE            ,FC,00000-0000,Private      ,1,2,3,1,2,3
03777400,WESTMINSTER COLLEGE                     ,FC,00000-0000,Private      ,1,2,3,1,2,3
03816400,AMERICAN GRAD SCH OF INTERNTL REL & DIPL,FC,00000-0000,Private      ,0,18,18,0,18,18
03818300,LEIPZIG GRADUATE SCHOOL OF MANAGEMENT   ,FC,00000-0000,Private      ,0,6,6,0,6,6
03824300,"ROYAL VETERINARY COLLEGE (THE), UNIVERSI",FC,00000-0000,Public       ,1,17,18,1,17,18
03850500,MEDICAL UNIVERSITY OF LODZ              ,FC,00000-0000,Public       ,0,25,25,0,25,25
03859400,UNIVERSITY COLLEGE FALMOUTH             ,FC,00000-0000,Public       ,2,2,4,2,2,4
03926400,NATIONAL COLLEGE OF ART AND DESIGN      ,FC,00000-0000,Public       ,2,1,3,2,1,3
03941301,AVE MARIA UNIVERSITY - LATIN AMERICA    ,FC,00000-0000,Private      ,6,1,7,6,1,7
00380600,ALDERSON-BROADDUS COLLEGE               ,WV,26416-1051,Private      ,708,243,951,708,243,951
00380700,MOUNTAIN STATE UNIVERSITY               ,WV,25801-5624,Private      ,684,1597,2281,684,1597,2281
00380800,BETHANY COLLEGE                         ,WV,26032-0417,Private      ,762,26,788,762,26,788
00380900,BLUEFIELD STATE COLLEGE                 ,WV,24701-2198,Public       ,805,732,1537,805,732,1537
00381000,CONCORD UNIVERSITY                      ,WV,24712-0000,Public       ,2262,582,2844,2262,582,2844
00381100,DAVIS & ELKINS COLLEGE                  ,WV,26241-3996,Private      ,430,175,605,430,175,605
00381200,FAIRMONT STATE UNIVERSITY               ,WV,26554-2470,Public       ,3545,1592,5137,3545,1592,5137
00381300,GLENVILLE STATE COLLEGE                 ,WV,26351-1292,Public       ,1025,253,1278,1025,253,1278
00381500,MARSHALL UNIVERSITY                     ,WV,25755-3300,Public       ,6096,2692,8788,6096,2692,8788
00381600,SOUTHERN WV COMMUNITY COLLEGE           ,WV,25637-2900,Public       ,654,355,1009,654,355,1009
00381800,UNIVERSITY OF CHARLESTON                ,WV,25304-1099,Private      ,1199,354,1553,1199,354,1553
00381900,OHIO VALLEY COLLEGE                     ,WV,26105-8000,Private      ,263,93,356,263,93,356
00382000,SALEM INTERNATIONAL UNIVERSITY          ,WV,26426-0500,Proprietary  ,109,111,220,109,111,220
00382200,SHEPHERD UNIVERSITY                     ,WV,25443-3210,Public       ,2200,625,2825,2200,625,2825
00382300,WEST LIBERTY STATE COLLEGE              ,WV,26074-0295,Public       ,1712,279,1991,1712,279,1991
00382600,WEST VIRGINIA STATE UNIVERSITY          ,WV,25112-0000,Public       ,1601,1243,2844,1601,1243,2844
00382700,WEST VIRGINIA UNIVERSITY                ,WV,26506-6201,Public       ,17890,5037,22927,17890,5037,22927
00382711,WEST VIRGINIA UNIVERSITY - POTOMAC STATE,WV,26726-3000,Public       ,963,166,1129,963,166,1129
00382721,WEST VIRGINIA UNIV INST OF TECH         ,WV,25136-2436,Public       ,1091,333,1424,1091,333,1424
00382800,WEST VIRGINIA UNIV AT PARKERSBURG       ,WV,26101-9577,Public       ,927,838,1765,927,838,1765
00383000,WEST VIRGINIA WESLEYAN COLLEGE          ,WV,26201-2600,Private      ,1255,81,1336,1255,81,1336
00383100,WHEELING JESUIT UNIVERSITY              ,WV,26003-6243,Private      ,983,187,1170,983,187,1170
00500700,WEST VIRGINIA JUNIOR COLLEGE            ,WV,26505-5596,Proprietary  ,62,78,140,62,78,140
00500800,MOUNTAIN STATE COLLEGE                  ,WV,26101-3993,Proprietary  ,19,71,90,19,71,90
00754400,APPALACHIAN BIBLE COLLEGE               ,WV,25818-1353,Private      ,141,38,179,141,38,179
00757800,HUNTINGTON SCHOOL OF BEAUTY CULTURE     ,WV,25705-2030,Proprietary  ,6,7,13,6,7,13
00760000,INTERNATIONAL BEAUTY SCHOOL             ,WV,25401-3231,Proprietary  ,2,4,6,2,4,6
00835500,JAMES RUMSEY TECHNICAL INSTITUTE        ,WV,25403-0259,Public       ,14,24,38,14,24,38
00895900,CLARKSBURG BEAUTY ACADEMY               ,WV,26301-2903,Proprietary  ,13,6,19,13,6,19
00904700,HUNTINGTON JUNIOR COLLEGE               ,WV,25701-2004,Proprietary  ,81,486,567,81,486,567
00905400,WEST VIRGINIA NORTHERN CMTY COLLEGE     ,WV,26003-0000,Public       ,439,567,1006,439,567,1006
01014000,MINERAL COUNTY VOCATIONAL TECH CTR      ,WV,26726-0000,Public       ,2,5,7,2,5,7
01035600,EVEREST INSTITUTE                       ,WV,25313-1304,Proprietary  ,41,95,136,41,95,136
01057300,WEST VIRGINIA JUNIOR COLLEGE            ,WV,25322-0000,Proprietary  ,64,132,196,64,132,196
01057302,WEST VIRGINIA JUNIOR COLLEGE            ,WV,26330-0000,Proprietary  ,99,152,251,99,152,251
01086100,WEST VIRGINIA BUSINESS COLLEGE          ,WV,26301-0000,Proprietary  ,5,12,17,5,12,17
01124500,WEST VIRGINIA SCH OSTEOPATHIC MED       ,WV,24901-1128,Public       ,3,465,468,3,465,468
01174900,WOOD COUNTY SCH OF PRAC NURSING         ,WV,26101-6424,Public       ,15,20,35,15,20,35
01235900,B M SPURR SCHOOL OF PRAC NURSING        ,WV,26038-1660,Private      ,5,2,7,5,2,7
01257300,WEST VIRGINIA UNIV-HOSP-RAD TECH        ,WV,26506-8062,Private      ,52,33,85,52,33,85
01274300,BENJAMIN FRANKLIN CAREER&TECH           ,WV,25064-0000,Public       ,17,27,44,17,27,44
01290400,MONONGALIA CNTY TECH ED CTR             ,WV,26501-6841,Public       ,33,27,60,33,27,60
01290500,ACADEMY OF CAREERS AND TECHNOLOGY       ,WV,25801-0000,Public       ,14,62,76,14,62,76
02057400,ROANE-JACKSON TECHNICAL CENTER          ,WV,25252-0000,Public       ,10,19,29,10,19,29
02068000,UNITED TECHNICAL CENTER                 ,WV,26301-0000,Public       ,14,40,54,14,40,54
02070100,BECKLEY BEAUTY ACADEMY                  ,WV,25801-0000,Proprietary  ,6,12,18,6,12,18
02073400,CARVER CAREER TECH ED CTR               ,WV,25306-6397,Public       ,60,58,118,60,58,118
02145100,SCOTT COLLEGE OF COSMETOLOGY            ,WV,26003-0000,Proprietary  ,7,0,7,7,0,7
02178200,CHARLESTON SCHOOL OF BEAUTY CULTURE     ,WV,25301-0000,Proprietary  ,11,9,20,11,9,20
02218200,GARNET CAREER CENTER                    ,WV,25301-0000,Public       ,23,56,79,23,56,79
02275300,CABELL COUNTY CAREER TECHNOLOGY CTR     ,WV,25705-0000,Public       ,16,25,41,16,25,41
02280300,WV CAREER AND TECHNICAL INSTITUTE       ,WV,25112-0000,Public       ,13,11,24,13,11,24
02524500,RALPH R WILLIS VOCATIONAL CENTER        ,WV,25601-0000,Public       ,6,6,12,6,6,12
02534800,FRED W EBERLE TECHNICAL CENTER          ,WV,26201-0000,Public       ,13,15,28,13,15,28
02535500,MERCER COUNTY TECH EDUC CNTR            ,WV,24740-0000,Public       ,16,20,36,16,20,36
02579900,NORTH CENTRAL OPPORTUNITIES IND CTR     ,WV,26554-2936,Private      ,3,6,9,3,6,9
02609400,VALLEY COLLEGE                          ,WV,25404-5711,Proprietary  ,9,30,39,9,30,39
03052000,MEREDITH MANOR EQUESTRIAN CENTRE        ,WV,26184-9707,Proprietary  ,32,8,40,32,8,40
03076500,FAYETTE INSTITUTE OF TECHNOLOGY         ,WV,25901-2174,Public       ,1,12,13,1,12,13
03084200,VALLEY COLLEGE                          ,WV,24740-3141,Proprietary  ,4,16,20,4,16,20
03084400,VALLEY COLLEGE                          ,WV,25801-2643,Proprietary  ,12,40,52,12,40,52
03098300,PUTNAM CAREER & TECHNICAL CENTER        ,WV,25070-0000,Public       ,8,16,24,8,16,24
03099200,"MOUNTAINEER BEAUTY COLLEGE, INC         ",WV,25177-2917,Proprietary  ,6,3,9,6,3,9
03102100,MORGANTOWN BEAUTY COLLEGE               ,WV,26505-5430,Proprietary  ,16,10,26,16,10,26
03123200,STANLEY TECHNICAL INSTITUTE             ,WV,26505-3751,Private      ,4,3,7,4,3,7
03327500,SOUTH BRANCH VOCATIONAL TECH CENTER     ,WV,26847-1698,Public       ,0,1,1,0,1,1
03734300,JOHN D. ROCKEFELLER IV CAREER CENTER    ,WV,26047-9424,Public       ,0,3,3,0,3,3
03819300,AMERICAN PUBLIC UNIVERSITY SYSTEM       ,WV,25414-1621,Proprietary  ,22,908,930,22,908,930
03957300,BLUE RIDGE COMMUNITY AND TECHNICAL COLLE,WV,25401-3244,Public       ,147,225,372,147,225,372
03960300,NEW RIVER COMMUNITY AND TECHNICAL COLLEG,WV,25801-2636,Public       ,346,536,882,346,536,882
04028300,MOUNTAIN STATE SCHOOL OF MASSAGE        ,WV,25304-2025,Proprietary  ,12,10,22,12,10,22
04038500,PIERPONT COMMUNITY & TECHNICAL COLLEGE  ,WV,26554-2451,Public       ,368,266,634,368,266,634
04038600,WEST VIRGINIA STATE COMMUNITY AND TECHNI,WV,25112-1000,Public       ,178,394,572,178,394,572
04041400,MARSHALL COMMUNITY AND TECHNICAL COLLEGE,WV,25755-3300,Public       ,371,232,603,371,232,603
04047300,BRIDGEMONT COMMUNITY & TECHNICAL COLLEGE,WV,25136-2435,Public       ,183,116,299,183,116,299
00106100,ALASKA PACIFIC UNIVERSITY               ,AK,99508-4672,Private      ,198,224,422,198,224,422
00106200,SHELDON JACKSON COLLEGE                 ,AK,99835-7699,Private      ,31,22,53,31,22,53
00106300,UNIVERSITY OF ALASKA FAIRBANKS          ,AK,99775-7500,Public       ,1004,868,1872,1004,868,1872
00106500,UNIVERSITY OF ALASKA SOUTHEAST          ,AK,99801-8680,Public       ,226,290,516,226,290,516
00884300,ALASKA BIBLE COLLEGE                    ,AK,99588-0000,Private      ,10,2,12,10,2,12
01146200,UNIVERSITY OF ALASKA ANCHORAGE          ,AK,99514-1608,Public       ,1606,2139,3745,1606,2139,3745
02541000,CAREER ACADEMY                          ,AK,99507-0000,Proprietary  ,10,42,52,10,42,52
02576900,CHARTER COLLEGE                         ,AK,99508-0000,Proprietary  ,6,66,72,6,66,72
03160300,ALASKA VOCATIONAL TECHNICAL CENTER      ,AK,99664-0889,Public       ,39,43,82,39,43,82
03461300,ILISAGVIK COLLEGE                       ,AK,99723-0749,Public       ,3,7,10,3,7,10
00108500,UNIV ARKANSAS MONTICELLO                ,AR,71656-0000,Public       ,523,431,954,523,431,954
00108501,GREAT RIVERS TECHNICAL INSTITUTE        ,AR,71654-0000,Public       ,1,10,11,1,10,11
00108502,FOREST ECHOES TECHNICAL INSTITUTE       ,AR,71635-0000,Public       ,1,9,10,1,9,10
00108600,UNIV OF ARKANSAS AT PINE BLUFF          ,AR,71601-2790,Public       ,1124,386,1510,1124,386,1510
00108700,ARKANSAS BAPTIST COLLEGE                ,AR,72202-6099,Private      ,65,73,138,65,73,138
00108800,LYON COLLEGE                            ,AR,72501-3699,Private      ,379,20,399,379,20,399
00108900,ARKANSAS TECH UNIVERSITY                ,AR,72801-2222,Public       ,1510,683,2193,1510,683,2193
00109000,ARKANSAS STATE UNIVERSITY               ,AR,72467-0000,Public       ,2233,1839,4072,2233,1839,4072
00109006,DELTA TECHNICAL INSTITUTE               ,AR,72365-9558,Public       ,6,17,23,6,17,23
00109100,ARKANSAS STATE UNIVERSITY - BEEBE       ,AR,72012-1000,Public       ,412,573,985,412,573,985
00109200,UNIVERSITY OF CENTRAL ARKANSAS          ,AR,72035-0001,Public       ,2546,928,3474,2546,928,3474
00109300,CENTRAL BAPTIST COLLEGE                 ,AR,72034-6470,Private      ,101,51,152,101,51,152
00109400,UNIVERSITY OF THE OZARKS                ,AR,72830-2880,Private      ,278,38,316,278,38,316
00109500,CROWLEYS RIDGE COLLEGE                  ,AR,72450-9775,Private      ,33,8,41,33,8,41
00109700,HARDING UNIVERSITY                      ,AR,72149-0001,Private      ,1254,222,1476,1254,222,1476
00109800,HENDERSON STATE UNIVERSITY              ,AR,71999-0001,Public       ,888,288,1176,888,288,1176
00109900,HENDRIX COLLEGE                         ,AR,72032-3080,Private      ,1243,40,1283,1243,40,1283
00110000,JOHN BROWN UNIVERSITY                   ,AR,72761-2747,Private      ,865,247,1112,865,247,1112
00110100,UNIV ARKANSAS LITTLE ROCK               ,AR,72204-1099,Public       ,1269,2565,3834,1269,2565,3834
00110200,OUACHITA BAPTIST UNIVERSITY             ,AR,71998-0001,Private      ,710,29,739,710,29,739
00110300,PHILANDER SMITH COLLEGE                 ,AR,72202-3718,Private      ,244,161,405,244,161,405
00110400,PHILLIPS COUNTY COMMUNITY COLLEGE       ,AR,72342-0000,Public       ,99,123,222,99,123,222
00110401,RICE BELT TECH INST                     ,AR,72042-0000,Public       ,2,2,4,2,2,4
00110600,WILLIAMS BAPTIST COLLEGE                ,AR,72476-4661,Private      ,229,47,276,229,47,276
00110700,SOUTHERN ARKANSAS UNIVERSITY            ,AR,71754-0000,Public       ,665,377,1042,665,377,1042
00110800,UNIV ARKANSAS FAYETTEVILLE              ,AR,72701-0000,Public       ,3845,1431,5276,3845,1431,5276
00110900,UNIV OF ARKANSAS FOR MEDCL SCIENCES     ,AR,72205-7102,Public       ,142,610,752,142,610,752
00110901,UNIV OF ARKANSAS COLG OF MEDICINE       ,AR,72205-0000,Public       ,8,402,410,8,402,410
00111000,UNIVERSITY OF ARKANSAS-FORT SMITH       ,AR,72904-7397,Public       ,962,941,1903,962,941,1903
00524500,U OF A COMM COLLEGE AT MORRILTON        ,AR,72110-9601,Public       ,213,247,460,213,247,460
00570700,SEARK COLLEGE                           ,AR,71603-0000,Public       ,103,356,459,103,356,459
00573200,UNIV AR COMMUNITY COLLEGE AT HOPE       ,AR,71801-0000,Public       ,86,116,202,86,116,202
00704400,CROWLEYS RIDGE TECHNICAL INSTITUTE      ,AR,72336-0000,Public       ,10,29,39,10,29,39
00773800,SOUTHERN ARKANSAS UNIVERSITY TECH       ,AR,71701-1900,Public       ,93,133,226,93,133,226
00792100,FAYETTEVILLE BEAUTY COLLEGE             ,AR,72701-0000,Proprietary  ,7,10,17,7,10,17
00997600,OUACHITA TECHNICAL COLLEGE              ,AR,72104-0816,Public       ,49,111,160,49,111,160
01074100,MELLIE'S BEAUTY COLLEGE                 ,AR,72901-3886,Proprietary  ,4,9,13,4,9,13
01210500,NATIONAL PARK COMMUNITY COLLEGE         ,AR,71913-9174,Public       ,152,298,450,152,298,450
01226000,EAST ARKANSAS COMMUNITY COLLEGE         ,AR,72335-2204,Public       ,82,131,213,82,131,213
01226100,NORTH ARKANSAS COLLEGE                  ,AR,72601-5508,Public       ,182,344,526,182,344,526
01286000,ARKANSAS NORTHEASTERN COLLEGE           ,AR,72316-1109,Public       ,198,293,491,198,293,491
02052200,BLACK RIVER TECHNICAL COLLEGE           ,AR,72455-0000,Public       ,138,201,339,138,201,339
02073500,UNIVERSITY OF ARKANSAS COMMUNITY COLLEGE,AR,72503-0000,Public       ,105,138,243,105,138,243
02073700,NORTHWEST TECHNICAL INSTITUTE           ,AR,72765-0000,Public       ,27,56,83,27,56,83
02074600,SOUTH ARKANSAS COMMUNITY COLLEGE        ,AR,71731-0000,Public       ,92,231,323,92,231,323
02075300,PULASKI TECHNICAL COLLEGE               ,AR,72118-0000,Public       ,434,1733,2167,434,1733,2167
02087000,OZARKA COLLEGE                          ,AR,72556-0000,Public       ,63,100,163,63,100,163
02111100,RICH MOUNTAIN COMMUNITY COLLEGE         ,AR,71953-0000,Public       ,144,106,250,144,106,250
02202400,PROFESSIONAL COSMETOLOGY EDUC CTR       ,AR,71730-5828,Proprietary  ,1,0,1,1,0,1
02220900,COSSATOT COMMUNITY COLLEGE              ,AR,71832-0000,Public       ,112,197,309,112,197,309
02260400,BEE JAY'S HAIRSTYLING ACADEMY           ,AR,72212-0000,Proprietary  ,1,4,5,1,4,5
02272400,EASTERN COLLEGE OF HEALTH VOCATIONS     ,AR,72209-0000,Proprietary  ,16,115,131,16,115,131
02284200,NEW TYLER BARBER COLLEGE INC            ,AR,72114-0000,Proprietary  ,4,9,13,4,9,13
02287400,MARSHA KAY BEAUTY COLLEGE               ,AR,72653-0000,Proprietary  ,2,4,6,2,4,6
02321701,ITT TECHNICAL INSTITUTE                 ,AR,72204-9925,Proprietary  ,30,45,75,30,45,75
02330800,JEFFERSON SCHOOL OF NURSING             ,AR,71603-0000,Private      ,10,34,44,10,34,44
02339800,SOUTHERN INSTITUTE OF COSMETOLOGY       ,AR,72301-0000,Proprietary  ,0,2,2,0,2,2
02341700,CAREER ACADEMY OF HAIR DESIGN           ,AR,72764-4304,Proprietary  ,7,11,18,7,11,18
02348200,MID-SOUTH COMMUNITY COLLEGE             ,AR,72301-0000,Public       ,138,261,399,138,261,399
02363500,ARTHUR'S BEAUTY COLLEGE                 ,AR,72901-0000,Proprietary  ,4,19,23,4,19,23
02525800,LEE'S SCHOOL OF COSMETOLOGY             ,AR,72114-0000,Proprietary  ,4,5,9,4,5,9
02538500,ARTHUR'S BEAUTY COLLEGE                 ,AR,72076-0000,Proprietary  ,8,16,24,8,16,24
02569600,SEARCY BEAUTY COLLEGE                   ,AR,72143-0000,Proprietary  ,3,4,7,3,4,7
03005100,ARKANSAS BEAUTY SCHOOL                  ,AR,72209-5116,Proprietary  ,4,10,14,4,10,14
03007100,HOT SPRINGS BEAUTY COLLEGE              ,AR,71901-5432,Proprietary  ,2,3,5,2,3,5
03007600,ARKANSAS BEAUTY SCHOOL-CONWAY           ,AR,72032-4354,Proprietary  ,4,12,16,4,12,16
03023400,ARKANSAS COLLEGE OF BARBERING           ,AR,72114-5615,Proprietary  ,1,10,11,1,10,11
03063300,NORTHWEST ARKANSAS COMMUNITY COLLEG     ,AR,72712-5190,Public       ,377,689,1066,377,689,1066
03065100,ABC BEAUTY COLLEGE                      ,AR,71923-4206,Proprietary  ,1,5,6,1,5,6
03105200,BAPTIST HEALTH SCHOOLS LITTLE ROCK      ,AR,72210-0000,Private      ,66,235,301,66,235,301
03116800,"DELUXE BEAUTY SCHOOL, L.L.C.            ",AR,71603-0000,Proprietary  ,1,2,3,1,2,3
03124900,IMAGINE -  PAUL MITCHELL PARTNER SCHOOL ,AR,72117-2516,Proprietary  ,2,4,6,2,4,6
03127200,ASKINS VO-TECH                          ,AR,72908-8028,Proprietary  ,1,2,3,1,2,3
03212300,BLYTHEVILLE ACADEMY OF COSMETOLOGY      ,AR,72315-3424,Proprietary  ,2,2,4,2,2,4
03214300,VELVATEX COLLEGE OF BEAUTY CULTURE      ,AR,72202-5452,Proprietary  ,1,5,6,1,5,6
03254300,MARGARET'S HAIR ACADEMY                 ,AR,71655-4905,Proprietary  ,0,4,4,0,4,4
03519400,LYNNDALE FUNDAMENTALS OF BEAUTY SCH     ,AR,71730-4804,Proprietary  ,2,8,10,2,8,10
03855300,ECCLESIA COLLEGE                        ,AR,72762-8159,Private      ,9,2,11,9,2,11
03912300,CROSSETT SCHOOL OF COSMETOLOGY          ,AR,71635-0000,Proprietary  ,0,2,2,0,2,2
03997300,ARKANSAS BEAUTY COLLEGE                 ,AR,72801-3741,Proprietary  ,2,4,6,2,4,6
00133900,CORBAN COLLEGE                          ,OR,97301-9392,Private      ,897,145,1042,897,145,1042
00316505,CASCADE COLLEGE                         ,OR,97216-0000,Private      ,126,33,159,126,33,159
00318600,BLUE MOUNTAIN COMMUNITY COLLEGE         ,OR,97801-0000,Public       ,390,445,835,390,445,835
00318800,CENTRAL OREGON COMMUNITY COLLEGE        ,OR,97701-5998,Public       ,776,773,1549,776,773,1549
00318900,CLATSOP COMMUNITY COLLEGE               ,OR,97103-3698,Public       ,184,181,365,184,181,365
00319100,CONCORDIA UNIVERSITY                    ,OR,97211-6099,Private      ,738,554,1292,738,554,1292
00319300,EASTERN OREGON UNIVERSITY               ,OR,97850-2899,Public       ,1263,962,2225,1263,962,2225
00319400,GEORGE FOX UNIVERSITY                   ,OR,97132-2697,Private      ,1724,647,2371,1724,647,2371
00319600,LANE COMMUNITY COLLEGE                  ,OR,97405-0640,Public       ,2247,3288,5535,2247,3288,5535
00319700,LEWIS & CLARK COLLEGE                   ,OR,97219-7899,Private      ,3399,2169,5568,3399,2169,5568
00319800,LINFIELD COLLEGE                        ,OR,97128-6894,Private      ,2464,279,2743,2464,279,2743
00319801,LINFIELD COLLEGE - PORTLAND CAMPUS      ,OR,97210-0000,Private      ,259,486,745,259,486,745
00319900,MARYLHURST UNIVERSITY                   ,OR,97036-7036,Private      ,71,417,488,71,417,488
00320300,MOUNT ANGEL SEMINARY                    ,OR,97373-0505,Private      ,4,3,7,4,3,7
00320400,MOUNT HOOD COMMUNITY COLLEGE            ,OR,97030-3300,Public       ,1367,1612,2979,1367,1612,2979
00320600,MULTNOMAH BIBLE COLLEGE/SEMINARY        ,OR,97220-5898,Private      ,332,347,679,332,347,679
00320700,PACIFIC NORTHWEST COLLEGE OF ART        ,OR,97209-3023,Private      ,279,248,527,279,248,527
00320800,NORTHWEST CHRISTIAN UNIVERSITY          ,OR,97401-3727,Private      ,332,198,530,332,198,530
00320900,WESTERN OREGON UNIVERSITY               ,OR,97361-1394,Public       ,3689,993,4682,3689,993,4682
00321000,OREGON STATE UNIVERSITY                 ,OR,97331-8507,Public       ,11526,4195,15721,11526,4195,15721
00321100,OREGON INSTITUTE OF TECHNOLOGY          ,OR,97601-8801,Public       ,1257,793,2050,1257,793,2050
00321200,PACIFIC UNIVERSITY                      ,OR,97116-1797,Private      ,1949,1788,3737,1949,1788,3737
00321300,PORTLAND COMMUNITY COLLEGE              ,OR,97219-7198,Public       ,3185,5889,9074,3185,5889,9074
00321600,PORTLAND STATE UNIVERSITY               ,OR,97207-0000,Public       ,6415,7562,13977,6415,7562,13977
00321700,REED COLLEGE                            ,OR,97202-8199,Private      ,2037,165,2202,2037,165,2202
00321800,CHEMEKETA COMMUNITY COLLEGE             ,OR,97309-1500,Public       ,1541,2310,3851,1541,2310,3851
00321900,SOUTHERN OREGON UNIVERSITY              ,OR,97520-5010,Public       ,2904,1200,4104,2904,1200,4104
00322000,SOUTHWESTERN OREGON COMMUNITY CLG       ,OR,97420-2956,Public       ,598,407,1005,598,407,1005
00322100,TREASURE VALLEY COMMUNITY COLLEGE       ,OR,97914-3423,Public       ,474,390,864,474,390,864
00322200,UMPQUA COMMUNITY COLLEGE                ,OR,97470-0226,Public       ,486,589,1075,486,589,1075
00322300,UNIVERSITY OF OREGON                    ,OR,97403-1226,Public       ,11157,5404,16561,11157,5404,16561
00322400,UNIVERSITY OF PORTLAND                  ,OR,97203-5798,Private      ,5142,791,5933,5142,791,5933
00322500,WARNER PACIFIC COLLEGE                  ,OR,97215-4099,Private      ,386,206,592,386,206,592
00322700,WILLAMETTE UNIVERSITY                   ,OR,97301-3930,Private      ,2639,969,3608,2639,969,3608
00487800,CLACKAMAS COMMUNITY COLLEGE             ,OR,97045-7998,Public       ,943,1044,1987,943,1044,1987
00488200,OREGON HEALTH & SCIENCE UNIVERSITY      ,OR,97239-0000,Public       ,289,2052,2341,289,2052,2341
00488230,OREGON GRAD INST OF SCIENCE & TECH      ,OR,97006-0000,Public       ,5,10,15,5,10,15
00693800,LINN BENTON COMMUNITY COLLEGE           ,OR,97321-3774,Public       ,1291,1128,2419,1291,1128,2419
00717800,WESTERN SEMINARY                        ,OR,97215-0000,Private      ,4,63,67,4,63,67
00723402,HEALD COLLEGE - PORTLAND                ,OR,97205-3432,Proprietary  ,11,47,58,11,47,58
00781900,ART INSTITUTE OF PORTLAND (THE)         ,OR,97209-2911,Proprietary  ,695,512,1207,695,512,1207
00888700,CONCORDE CAREER INSTITUTE               ,OR,97232-2242,Proprietary  ,60,195,255,60,195,255
00907900,EVEREST COLLEGE                         ,OR,97204-2296,Proprietary  ,25,80,105,25,80,105
00958100,SPRINGFIELD COLLEGE OF BEAUTY           ,OR,97477-5474,Proprietary  ,21,21,42,21,21,42
01012200,PHAGANS' MEDFORD BEAUTY SCHOOL          ,OR,97504-5297,Proprietary  ,15,13,28,15,13,28
01018200,ROGUE COMMUNITY COLLEGE                 ,OR,97527-0000,Public       ,636,1112,1748,636,1112,1748
01050700,ACADEMY OF HAIR DESIGN                  ,OR,97301-3526,Proprietary  ,6,15,21,6,15,21
01185200,ITT TECHNICAL INSTITUTE                 ,OR,97220-0000,Proprietary  ,97,96,193,97,96,193
01230900,WESTERN STATES CHIROPRACTIC COLLEGE     ,OR,97230-3099,Private      ,8,183,191,8,183,191
01234700,PHAGANS CENTRAL OREGON BEAUTY CLG       ,OR,97701-5175,Proprietary  ,11,26,37,11,26,37
01234800,PHAGANS BEAUTY COLLEGE                  ,OR,97333-4716,Proprietary  ,6,9,15,6,9,15
01235000,PHAGANS SCHOOL OF HAIR DESIGN           ,OR,97267-4808,Proprietary  ,7,19,26,7,19,26
01235100,PHAGANS SCHOOL OF BEAUTY                ,OR,97301-4732,Proprietary  ,4,14,18,4,14,18
01300800,PHAGANS TIGARD BEAUTY SCHOOL            ,OR,97223-0000,Proprietary  ,13,5,18,13,5,18
02101000,NORTHWEST COLLEGE OF HAIR DESIGN        ,OR,97086-7702,Proprietary  ,8,27,35,8,27,35
02104900,COLLEGE OF LEGAL ARTS                   ,OR,97219-9998,Proprietary  ,2,12,14,2,12,14
02106100,COLLEGE OF COSMETOLOGY                  ,OR,97601-0000,Proprietary  ,5,11,16,5,11,16
02154400,BEAU MONDE CLG OF HAIR DESIGN           ,OR,97205-0000,Proprietary  ,17,34,51,17,34,51
02159700,EUGENE BIBLE COLLEGE                    ,OR,97405-0000,Private      ,36,31,67,36,31,67
02201900,PHAGANS' SCHOOL OF HAIR DESIGN          ,OR,97232-0000,Proprietary  ,17,62,79,17,62,79
02311000,PAUL MITCHELL THE SCHOOL                ,OR,97103-0000,Proprietary  ,4,2,6,4,2,6
02330100,PIONEER PACIFIC COLLEGE                 ,OR,97070-0000,Proprietary  ,37,115,152,37,115,152
02330102,PIONEER PACIFIC COLLEGE                 ,OR,97403-0000,Proprietary  ,14,68,82,14,68,82
02337900,COLLEGE OF HAIR DESIGN CAREERS          ,OR,97301-0000,Proprietary  ,7,8,15,7,8,15
02344100,ROSEBURG BEAUTY COLLEGE                 ,OR,97470-0000,Proprietary  ,9,16,25,9,16,25
02534000,NATIONAL COLLEGE OF NATURAL MEDICINE    ,OR,97201-0000,Private      ,8,212,220,8,212,220
02578800,NORTHWEST NANNIES INSTITUTE             ,OR,97035-0000,Proprietary  ,7,3,10,7,3,10
02603700,OREGON COL OF ORIENTAL MEDICINE         ,OR,97216-0000,Private      ,3,132,135,3,132,135
03007300,OREGON COLLEGE OF ART & CRAFT           ,OR,97225-6399,Private      ,69,104,173,69,104,173
03022600,WESTERN CULINARY INSTITUTE              ,OR,97205-2793,Proprietary  ,702,564,1266,702,564,1266
03042500,APOLLO COLLEGE                          ,OR,97232-1302,Proprietary  ,45,76,121,45,76,121
03074400,PHAGANS NEWPORT ACAD CSMTLGY CAREER     ,OR,97365-4963,Proprietary  ,1,5,6,1,5,6
03074500,EAST-WEST COLLEGE OF THE HEALING ARTS   ,OR,97232-2765,Proprietary  ,25,80,105,25,80,105
03185300,PHAGANS GRANTS PASS COLLEGE OF BTY      ,OR,97527-3039,Proprietary  ,5,1,6,5,1,6
03428300,KLAMATH COMMUNITY COLLEGE               ,OR,97603-7121,Public       ,111,253,364,111,253,364
03642300,VALLEY MEDICAL COLLEGE                  ,OR,97305-1373,Proprietary  ,15,36,51,15,36,51
03668300,BIRTHINGWAY COLLEGE OF MIDWIFERY        ,OR,97266-4042,Private      ,3,40,43,3,40,43
03783400,ABDILL CAREER COLLEGE                   ,OR,97504-7137,Proprietary  ,10,16,26,10,16,26
03932400,GUTENBERG COLLEGE                       ,OR,97403-1368,Private      ,19,12,31,19,12,31
00137400,ALBERTUS MAGNUS COLLEGE                 ,CT,06511-1189,Private      ,539,238,777,539,238,777
00137403,ALBERTUS MAGNUS CLG-NEW DIMENSIONS      ,CT,06511-0000,Private      ,11,117,128,11,117,128
00137800,CENTRAL CONNECTICUT STATE UNIV          ,CT,06050-2490,Public       ,5050,1264,6314,5050,1264,6314
00137900,CONNECTICUT COLLEGE                     ,CT,06320-4196,Private      ,1739,37,1776,1739,37,1776
00138000,WESTERN CONNECTICUT STATE UNIV          ,CT,06810-6826,Public       ,3181,580,3761,3181,580,3761
00138500,FAIRFIELD UNIVERSITY                    ,CT,06430-0000,Private      ,4915,233,5148,4915,233,5148
00138700,HARTFORD SEMINARY                       ,CT,06105-0000,Private      ,4,10,14,4,10,14
00138900,HOLY APOSTLES COLLEGE & SEMINARY        ,CT,06416-2005,Private      ,2,6,8,2,6,8
00139200,MANCHESTER COMMUNITY COLLEGE            ,CT,06045-1046,Public       ,733,562,1295,733,562,1295
00139300,MITCHELL COLLEGE                        ,CT,06320-4498,Private      ,559,72,631,559,72,631
00139700,UNIVERSITY OF NEW HAVEN                 ,CT,06516-1999,Private      ,2937,684,3621,2937,684,3621
00139800,NORTHWESTERN CT COMMUNITY COLLEGE       ,CT,06098-1747,Public       ,143,105,248,143,105,248
00139900,NORWALK COMMUNITY TECHNICAL COLLEGE     ,CT,06854-1655,Public       ,296,304,600,296,304,600
00140100,POST UNIVERSITY                         ,CT,06723-3240,Proprietary  ,511,199,710,511,199,710
00140200,QUINNIPIAC UNIVERSITY                   ,CT,06518-1908,Private      ,8257,615,8872,8257,615,8872
00140201,QUINNIPIAC UNIVERSITY SCHOOL OF LAW     ,CT,06518-0000,Private      ,127,647,774,127,647,774
00140300,SACRED HEART UNIVERSITY                 ,CT,06825-1000,Private      ,4982,377,5359,4982,377,5359
00140600,SOUTHERN CONNECTICUT STATE UNIV         ,CT,06515-1355,Public       ,6066,2174,8240,6066,2174,8240
00140900,SAINT JOSEPH COLLEGE                    ,CT,06117-2791,Private      ,757,315,1072,757,315,1072
00141400,TRINITY COLLEGE                         ,CT,06106-3100,Private      ,2345,103,2448,2345,103,2448
00141600,UNIVERSITY OF BRIDGEPORT                ,CT,06601-5650,Private      ,976,560,1536,976,560,1536
00141700,UNIVERSITY OF CONNECTICUT-STORRS        ,CT,06269-2151,Public       ,18319,2804,21123,18319,2804,21123
00141702,UNIV CONN STAMFORD                      ,CT,06901-0000,Public       ,267,79,346,267,79,346
00141703,UNIV OF CONNECTICUT - TORINGTON         ,CT,06790-0000,Public       ,115,21,136,115,21,136
00141706,UNIV OF CONNECTICUT SCH LAW             ,CT,06105-0000,Public       ,21,803,824,21,803,824
00141707,UNIV OF CT - SCH OF SOCIAL WORK         ,CT,06117-0000,Public       ,44,363,407,44,363,407
00141708,UNIVERSITY OF CONNECTICUT - SCHOOL OF ME,CT,06030-1920,Public       ,5,211,216,5,211,216
00141709,UNIVERSITY OF CONNECTICUT - SCHOOL OF DE,CT,06030-1920,Public       ,0,73,73,0,73,73
00142200,UNIVERSITY OF HARTFORD                  ,CT,06117-1599,Private      ,7535,715,8250,7535,715,8250
00142400,WESLEYAN UNIVERSITY                     ,CT,06459-3208,Private      ,2670,69,2739,2670,69,2739
00142500,EASTERN CONNECTICUT STATE UNIV          ,CT,06226-2295,Public       ,3526,565,4091,3526,565,4091
00142600,YALE UNIVERSITY                         ,CT,06520-8288,Private      ,8062,4777,12839,8062,4777,12839
00142601,YALE UNIV PHYSICIANS ASSOC PROG         ,CT,06510-0000,Private      ,1,30,31,1,30,31
00142602,YALE UNIV EPIDEMIOLOGY & PUB HLTH       ,CT,06510-0000,Private      ,3,192,195,3,192,195
00142603,YALE UNIV SCHOOL MEDICINE               ,CT,06510-0000,Private      ,11,442,453,11,442,453
00280301,RENSSELAER POLYTECHNIC INSTITUTE-RENSSEL,CT,06120-2991,Private      ,5,11,16,5,11,16
00280302,RENSSELAER POLYTECHNIC INSTITUTE - RENSS,CT,06340-4554,Private      ,0,1,1,0,1,1
00280400,RENSSELAER HARTFORD GRADUATE CENTER     ,CT,06120-0000,Private      ,0,9,9,0,9,9
00451300,HOUSATONIC COMMUNITY COLLEGE            ,CT,06604-4704,Public       ,407,543,950,407,543,950
00618100,BRIDGEPORT HOSP SCHL OF NURSING         ,CT,06610-2896,Private      ,37,77,114,37,77,114
00619100,ST. VINCENT'S COLLEGE                   ,CT,06606-9966,Private      ,97,162,259,97,162,259
00698200,NAUGATUCK VALLEY COMM-TECH COLG         ,CT,06708-3089,Public       ,563,547,1110,563,547,1110
00730000,ELI WHITNEY TECHNICAL HIGH SCHOOL       ,CT,06514-0000,Public       ,6,11,17,6,11,17
00730300,LINCOLN TECHNICAL INSTITUTE             ,CT,06051-0000,Proprietary  ,52,76,128,52,76,128
00730500,PORTER AND CHESTER INSTITUTE OF BRANFORD,CT,06405-4022,Proprietary  ,29,27,56,29,27,56
00731100,WINDHAM TECHNICAL HIGH SCHOOL           ,CT,06226-2100,Public       ,1,7,8,1,7,8
00745900,PAIER COLLEGE OF ART                    ,CT,06514-3902,Proprietary  ,70,20,90,70,20,90
00763500,CAPITAL COMMUNITY COLLEGE               ,CT,06103-1207,Public       ,335,681,1016,335,681,1016
00803700,GATEWAY COMMUNITY-TECHNICAL COLLEGE     ,CT,06511-0000,Public       ,539,642,1181,539,642,1181
00803800,MIDDLESEX COMMUNITY CLG                 ,CT,06457-4889,Public       ,255,246,501,255,246,501
00887200,RENASCI ACADEMY OF HAIR                 ,CT,06460-4160,Proprietary  ,1,4,5,1,4,5
00887300,PAUL MITCHELL THE SCHOOL                ,CT,06810-6716,Proprietary  ,6,6,12,6,6,12
00887400,BRIO ACADEMY OF COSMETOLOGY             ,CT,06450-4836,Proprietary  ,6,9,15,6,9,15
00906500,THE HARTFORD CONSERVATORY               ,CT,06105-2891,Private      ,15,2,17,15,2,17
00927700,E C GOODWIN TECHNICAL HIGH SCHOOL       ,CT,06053-0000,Public       ,5,10,15,5,10,15
00929100,J M WRIGHT TECHNICAL HIGH SCHOOL        ,CT,06904-0000,Public       ,1,4,5,1,4,5
00940700,BRIARWOOD COLLEGE                       ,CT,06489-1057,Proprietary  ,219,97,316,219,97,316
00976400,TUNXIS COMMUNITY COLLEGE                ,CT,06032-3187,Public       ,376,350,726,376,350,726
00976500,THREE RIVERS COMMUNITY TECH COLLEGE     ,CT,06360-0000,Public       ,341,424,765,341,424,765
00982200,ALBERT I PRINCE TECHNICAL HIGH SCHOOL   ,CT,06106-3799,Public       ,3,10,13,3,10,13
01041700,BRIO ACADEMY OF EAST HARTFORD           ,CT,06108-2220,Proprietary  ,1,0,1,1,0,1
01053000,QUINEBAUG VALLEY COMMUNITY COLLEGE      ,CT,06239-1440,Public       ,173,214,387,173,214,387
01077900,PORTER AND CHESTER INSTITUTE-ALLCAMPUSES,CT,06615-7158,Proprietary  ,110,218,328,110,218,328
01115000,ASNUNTUCK COMMUNITY COLLEGE             ,CT,06082-3800,Public       ,75,91,166,75,91,166
01149600,BULLARD HAVENS VOC TECH SCHOOL          ,CT,06610-3499,Public       ,1,6,7,1,6,7
01169700,VINAL REGIONAL VOC TECH SCHOOL          ,CT,06457-4918,Public       ,3,11,14,3,11,14
01184300,NORWICH TECHNICAL HIGH SCHOOL           ,CT,06360-7097,Public       ,2,7,9,2,7,9
01218500,H C WILCOX TECHNICAL HIGH SCHOOL        ,CT,06450-0000,Public       ,3,3,6,3,3,6
01242500,STONE ACADEMY                           ,CT,06514-4125,Proprietary  ,31,116,147,31,116,147
01242503,STONE ACADEMY -WATERBURY                ,CT,06705-3823,Proprietary  ,1,3,4,1,3,4
01287700,GIBBS COLLEGE                           ,CT,06855-1436,Proprietary  ,135,111,246,135,111,246
01291300,LEON INSTITUTE OF HAIR DESIGN           ,CT,06604-4226,Proprietary  ,0,8,8,0,8,8
01326400,HENRY ABBOTT TECHNICAL HIGH SCHOOL      ,CT,06811-4881,Public       ,1,10,11,1,10,11
02058900,HARVARD H ELLIS TECHNICAL HIGH SCHOOL   ,CT,06239-0000,Public       ,8,4,12,8,4,12
02074000,BRANFORD HALL CAREER INSTITUTE          ,CT,06405-0000,Proprietary  ,41,150,191,41,150,191
02106600,FOX INSTITUTE OF BUSINESS               ,CT,06110-0000,Proprietary  ,3,5,8,3,5,8
02112300,RIDLEY LOWELL BUSINESS & TECH INST      ,CT,06320-0000,Proprietary  ,0,11,11,0,11,11
02112700,NORTH HAVEN ACADEMY                     ,CT,06473-3108,Proprietary  ,15,10,25,15,10,25
02115100,BUTLER BUSINESS SCHOOL                  ,CT,06604-0000,Proprietary  ,5,20,25,5,20,25
02148700,CONNECTICUT INST OF HAIR DESIGN         ,CT,06716-0000,Proprietary  ,1,1,2,1,1,2
02202500,NEW ENGLAND TRACTOR TRAILER SCH         ,CT,06071-2036,Proprietary  ,1,8,9,1,8,9
02213000,ELLA T GRASSO SOUTHEASTERN TECHNICAL HIG,CT,06340-0000,Public       ,3,1,4,3,1,4
02228800,BARAN INSTITUTE OF TECHNOLOGY           ,CT,06088-9631,Proprietary  ,249,78,327,249,78,327
02244900,GOODWIN COLLEGE                         ,CT,06118-9980,Private      ,138,733,871,138,733,871
02245300,HOWELL CHENEY TECHNICAL HIGH SCHOOL     ,CT,06040-0000,Public       ,0,4,4,0,4,4
02265900,WINDHAM COMMUNITY MEM HOSP-RAD TECH     ,CT,06226-0000,Private      ,3,3,6,3,3,6
02296100,YALE-NEW HAVEN HOSP DIETETIC INTERN     ,CT,06510-8900,Private      ,2,4,6,2,4,6
02300000,W F KAYNOR TECHNICAL HIGH SCHOOL        ,CT,06708-0000,Public       ,5,11,16,5,11,16
02316600,CONNECTICUT CTR FOR MASSAGE THERAPY     ,CT,06111-3975,Proprietary  ,13,34,47,13,34,47
02316601,CONNECTICUT CENTER FOR MASSAGE THERAPY -,CT,06880-4619,Proprietary  ,5,12,17,5,12,17
02316603,CONNECTICUT CENTER FOR MASSAGE THERAPY -,CT,06340-4619,Proprietary  ,2,16,18,2,16,18
02565000,PLATT TECHNICAL HIGH SCHOOL             ,CT,06460-2105,Public       ,2,1,3,2,1,3
03079400,LYME ACADEMY COLLEGE OF FINE ARTS       ,CT,06371-2333,Private      ,41,17,58,41,17,58
03094800,INDUSTRIAL MANAGEMENT & TRAINING        ,CT,06706-1211,Proprietary  ,6,33,39,6,33,39
03231400,OLIVER WOLCOTT TECHNICAL HIGH SCHOOL    ,CT,06790-3859,Public       ,1,0,1,1,0,1
03234300,CHARTER OAK STATE COLLEGE               ,CT,06053-2150,Public       ,16,180,196,16,180,196
03316300,LINCOLN TECHNICAL INSTITUTE - HARTFORD  ,CT,06105-3630,Proprietary  ,142,72,214,142,72,214
03381300,CONNECTICUT TRAINING CENTER             ,CT,06108-2705,Private      ,0,2,2,0,2,2
03927300,ALBERT SCHOOL (THE)                     ,CT,06357-2447,Proprietary  ,2,2,4,2,2,4
04053300,CLEMENS COLLEGE                         ,CT,06078-0000,Proprietary  ,19,4,23,19,4,23
04104300,ACADEMY DI CAPELLI - SCHOOL OF COSMETOLO,CT,06492-0000,Proprietary  ,0,1,1,0,1,1
00146600,BARRY UNIVERSITY                        ,FL,33161-6695,Private      ,1773,2191,3964,1773,2191,3964
00146601,BARRY UNIVERSITY SCHOOL OF LAW          ,FL,32807-0000,Private      ,21,534,555,21,534,555
00146700,BETHUNE COOKMAN UNIVERSITY              ,FL,32114-3099,Private      ,2593,365,2958,2593,365,2958
00146800,ST THOMAS UNIVERSITY                    ,FL,33054-0000,Private      ,503,889,1392,503,889,1392
00146900,FLORIDA INSTITUTE OF TECHNOLOGY         ,FL,32901-6988,Private      ,1981,370,2351,1981,370,2351
00147000,BREVARD COMMUNITY COLLEGE               ,FL,32922-6503,Public       ,705,1074,1779,705,1074,1779
00147100,CENTRAL FLORIDA COMMUNITY COLLEGE       ,FL,34478-1388,Public       ,641,826,1467,641,826,1467
00147200,CHIPOLA  COLLEGE                        ,FL,32446-2053,Public       ,137,151,288,137,151,288
00147300,CLEARWATER CHRISTIAN COLLEGE            ,FL,33759-0000,Private      ,456,40,496,456,40,496
00147500,DAYTONA STATE COLLEGE                   ,FL,32114-2800,Public       ,821,1344,2165,821,1344,2165
00147700,EDISON COLLEGE                          ,FL,33906-6210,Public       ,736,799,1535,736,799,1535
00147800,EDWARD WATERS COLLEGE                   ,FL,32209-6199,Private      ,312,147,459,312,147,459
00147900,EMBRY-RIDDLE AERONAUTICAL UNIV          ,FL,32114-3900,Private      ,4462,1224,5686,4462,1224,5686
00148000,FLORIDA A & M UNIVERSITY                ,FL,32307-3100,Public       ,6562,2535,9097,6562,2535,9097
00148100,FLORIDA ATLANTIC UNIVERSITY             ,FL,33431-6498,Public       ,5355,3351,8706,5355,3351,8706
00148101,FLORIDA ATLANTIC UNIVERSITY/DAVIE       ,FL,33314-0000,Public       ,296,748,1044,296,748,1044
00148103,FLORIDA ATLANTIC UNIV-JUPITER/PSL       ,FL,33458-0000,Public       ,196,175,371,196,175,371
00148200,FLORIDA COLLEGE                         ,FL,33617-5578,Private      ,150,7,157,150,7,157
00148400,FLORIDA STATE COLLEGE AT JACKSONVILLE   ,FL,32202-4030,Public       ,1583,3416,4999,1583,3416,4999
00148500,FLORIDA KEYS COMMUNITY COLLEGE          ,FL,33040-4397,Public       ,37,74,111,37,74,111
00148600,FLORIDA MEMORIAL UNIVERSITY             ,FL,33054-6199,Private      ,569,285,854,569,285,854
00148700,ECKERD COLLEGE                          ,FL,33711-4744,Private      ,1713,176,1889,1713,176,1889
00148800,FLORIDA SOUTHERN COLLEGE                ,FL,33801-5698,Private      ,1162,177,1339,1162,177,1339
00148900,FLORIDA STATE UNIVERSITY                ,FL,32306-2430,Public       ,15763,6647,22410,15763,6647,22410
00149000,GULF COAST COMMUNITY COLLEGE            ,FL,32401-1058,Public       ,376,593,969,376,593,969
00149300,INDIAN RIVER STATE COLLEGE              ,FL,34981-5596,Public       ,751,839,1590,751,839,1590
00149500,JACKSONVILLE UNIVERSITY                 ,FL,32211-3394,Private      ,1445,621,2066,1445,621,2066
00149700,JONES COLLEGE                           ,FL,32211-5588,Private      ,25,194,219,25,194,219
00149900,EVEREST UNIVERSITY                      ,FL,32810-5601,Proprietary  ,102,1189,1291,102,1189,1291
00150000,BROWARD COLLEGE- DOWNTOWN CTR           ,FL,33301-2208,Public       ,825,1336,2161,825,1336,2161
00150001,BROWARD COLLEGE - DAVIE CAMPUS          ,FL,33314-0000,Public       ,799,943,1742,799,943,1742
00150002,BROWARD COLLEGE- NORTH CAMPUS           ,FL,33066-0000,Public       ,486,661,1147,486,661,1147
00150003,BROWARD COLLEGE- SOUTH CAMPUS           ,FL,33024-0000,Public       ,548,652,1200,548,652,1200
00150100,LAKE CITY COMMUNITY COLLEGE             ,FL,32025-2007,Public       ,159,342,501,159,342,501
00150200,LAKE SUMTER COMMUNITY COLLEGE           ,FL,34788-8751,Public       ,290,387,677,290,387,677
00150400,MANATEE COMMUNITY COLLEGE               ,FL,34207-3596,Public       ,740,995,1735,740,995,1735
00150500,LYNN UNIVERSITY                         ,FL,33431-5598,Private      ,781,165,946,781,165,946
00150600,MIAMI DADE COLLEGE ADMINISTRATION ONLY  ,FL,33176-3393,Public       ,163,196,359,163,196,359
00150601,MIAMI DADE COLLEGE - NORTH CAMPUS       ,FL,33167-3495,Public       ,2253,2974,5227,2253,2974,5227
00150602,MIAMI DADE COLLEGE - KENDALL CAMPUS     ,FL,33176-3393,Public       ,2415,1870,4285,2415,1870,4285
00150603,MIAMI DADE COLLEGE - WOLFSON CAMPUS     ,FL,33132-2297,Public       ,1395,1596,2991,1395,1596,2991
00150604,MIAMI DADE COLLEGE - MEDICAL CAMPUS     ,FL,33127-4693,Public       ,325,832,1157,325,832,1157
00150605,MIAMI DADE COLLEGE - HOMESTEAD CAMPUS   ,FL,33030-6009,Public       ,231,360,591,231,360,591
00150606,MIAMI DADE COLLEGE -INTERAMERICAN CAMPUS,FL,33135-0000,Public       ,502,1082,1584,502,1082,1584
00150800,NORTH FLORIDA COMMUNITY COLLEGE         ,FL,32340-1699,Public       ,106,126,232,106,126,232
00150900,NOVA SOUTHEASTERN UNIVERSITY            ,FL,33314-7796,Private      ,1599,7889,9488,1599,7889,9488
00151000,NORTHWEST FLORIDA STATE COLLEGE         ,FL,32578-1295,Public       ,440,662,1102,440,662,1102
00151200,PALM BEACH COMMUNITY COLLEGE            ,FL,33461-4796,Public       ,1332,1478,2810,1332,1478,2810
00151300,PENSACOLA JR COLLEGE                    ,FL,32504-8998,Public       ,693,1070,1763,693,1070,1763
00151400,POLK COMMUNITY COLLEGE                  ,FL,33881-4299,Public       ,511,723,1234,511,723,1234
00151500,ROLLINS COLLEGE                         ,FL,32789-4499,Private      ,1232,358,1590,1232,358,1590
00151900,SANTA FE COLLEGE                        ,FL,32606-6200,Public       ,1905,1442,3347,1905,1442,3347
00152000,SEMINOLE COMMUNITY COLLEGE              ,FL,32773-6199,Public       ,856,1238,2094,856,1238,2094
00152100,SOUTHEASTERN UNIVERSITY                 ,FL,33801-6099,Private      ,1234,281,1515,1234,281,1515
00152200,SOUTH FLORIDA COMMUNITY COLLEGE         ,FL,33825-9399,Public       ,212,204,416,212,204,416
00152201,SOUTH FLORIDA COMMUNITY COLLEGE - LAKE P,FL,33852-9605,Public       ,1,0,1,1,0,1
00152300,ST JOHNS RIVER COMMUNITY COLLEGE        ,FL,32177-3897,Public       ,298,649,947,298,649,947
00152600,SAINT LEO UNIVERSITY                    ,FL,33574-6665,Private      ,1363,3537,4900,1363,3537,4900
00152800,ST. PETERSBURG COLLEGE                  ,FL,33760-3768,Public       ,1261,3047,4308,1261,3047,4308
00153100,STETSON UNIVERSITY                      ,FL,32723-3761,Private      ,1445,251,1696,1445,251,1696
00153101,STETSON UNIVERSITY - COLLEGE OF LAW     ,FL,33707-3299,Private      ,19,800,819,19,800,819
00153300,TALLAHASSEE COMMUNITY COLLEGE           ,FL,32304-2895,Public       ,1942,1589,3531,1942,1589,3531
00153400,EVEREST UNIVERSITY                      ,FL,33614-5801,Proprietary  ,86,1871,1957,86,1871,1957
00153500,UNIVERSITY OF FLORIDA                   ,FL,32611-3150,Public       ,17029,7760,24789,17029,7760,24789
00153600,UNIVERSITY OF MIAMI                     ,FL,33146-6531,Private      ,9403,2165,11568,9403,2165,11568
00153601,UNIV OF MIAMI SCHOOL OF LAW             ,FL,33124-0000,Private      ,31,1335,1366,31,1335,1366
00153602,UNIV OF MIAMI-SCH OF MEDICINE           ,FL,33136-0000,Private      ,257,417,674,257,417,674
00153700,UNIVERSITY OF SOUTH FLORIDA             ,FL,33620-6960,Public       ,13518,6914,20432,13518,6914,20432
00153701,UNIV OF SOUTH FLORIDA-ST PETERSBURG     ,FL,33701-0000,Public       ,290,283,573,290,283,573
00153702,UNIV OF SOUTH FLORIDA-SARASOTA          ,FL,34243-0000,Public       ,92,166,258,92,166,258
00153705,UNIV OF SOUTH FLORIDA                   ,FL,33803-0000,Public       ,238,149,387,238,149,387
00153706,UNIV OF SOUTH FLORIDA- MEDICINE         ,FL,33612-0000,Public       ,303,493,796,303,493,796
00153800,UNIVERSITY OF TAMPA                     ,FL,33606-1490,Private      ,3469,514,3983,3469,514,3983
00154000,WEBBER INTERNATIONAL UNIVERSITY         ,FL,33827-0096,Private      ,234,45,279,234,45,279
00173308,NATIONAL-LOUIS UNIVERSITY               ,FL,33609-0000,Private      ,0,14,14,0,14,14
00177201,TRINITY INTERNATIONAL UNIVERSITY - SOUTH,FL,33324-4611,Private      ,11,52,63,11,52,63
00395400,UNIV OF CENTRAL FLORIDA                 ,FL,32816-0001,Public       ,17910,6467,24377,17910,6467,24377
00395500,UNIVERSITY OF WEST FLORIDA              ,FL,32514-5750,Public       ,1966,1523,3489,1966,1523,3489
00407215,NORTHWOOD UNIVERSITY                    ,FL,33409-0000,Private      ,228,75,303,228,75,303
00558500,LIVELY TECHNICAL CENTER                 ,FL,32304-0000,Public       ,41,129,170,41,129,170
00558501,LIVELY TECHNICAL CENTER - AVIATION SCHOO,FL,32304-8723,Public       ,0,11,11,0,11,11
00558600,LINDSEY HOPKINS TECHNICAL ED CENTER     ,FL,33127-4692,Public       ,26,96,122,26,96,122
00559400,D G ERWIN TECHNICAL CENTER              ,FL,33610-8255,Public       ,26,207,233,26,207,233
00560500,PINELLAS TECH ED CTR-CLEARWATER         ,FL,33760-2194,Public       ,22,84,106,22,84,106
00560700,SARASOTA COUNTY TECHNICAL INSTITUTE     ,FL,34233-0000,Public       ,11,62,73,11,62,73
00560800,TRAVISS TECHNICAL CENTER                ,FL,33803-0000,Public       ,23,122,145,23,122,145
00561200,MANATEE TECHNICAL INSTITUTE             ,FL,34210-0000,Public       ,21,100,121,21,100,121
00561201,MANATEE TECHNICAL INSTITUTE-EAST        ,FL,34211-0000,Public       ,6,37,43,6,37,43
00675000,VALENCIA COMMUNITY COLLEGE              ,FL,32802-3028,Public       ,3464,2928,6392,3464,2928,6392
00752500,SUWANNEE-HAMILTON AREA VOC TECH CTR     ,FL,32060-0000,Public       ,9,27,36,9,27,36
00752600,WASHINGTON HOLMES TECHNICAL CENTER      ,FL,32428-1699,Public       ,3,35,38,3,35,38
00755800,LEE COUNTY HIGH TECH CENTER CENTRAL     ,FL,33916-2299,Public       ,12,49,61,12,49,61
00758600,REMINGTON COLLEGE - TAMPA CAMPUS        ,FL,33612-8410,Proprietary  ,31,90,121,31,90,121
00758604,REMINGTON COLLEGE-LARGO CAMPUS          ,FL,33771-0000,Proprietary  ,2,9,11,2,9,11
00758605,REMINGTON COLLEGE-JACKSONVILLE CAMPUS   ,FL,32256-6932,Proprietary  ,1,7,8,1,7,8
00787000,HILLSBOROUGH COMMUNITY COLLEGE          ,FL,33606-3572,Public       ,1809,2305,4114,1809,2305,4114
00789300,FLAGLER COLLEGE                         ,FL,32085-1027,Private      ,1384,220,1604,1384,220,1604
00807500,ST JOHN VIANNEY COLLEGE SEMINARY        ,FL,33165-3244,Private      ,1,6,7,1,6,7
00814600,EVEREST UNIVERSITY - POMPANO BEACH      ,FL,33062-2522,Proprietary  ,29,359,388,29,359,388
00822300,ST VINCENT DE PAUL REGIONL SEMINARY     ,FL,33436-0000,Private      ,0,2,2,0,2,2
00841700,STENOTYPE INST OF JACKSONVILLE          ,FL,32207-0000,Proprietary  ,0,19,19,0,19,19
00850100,RASMUSSEN COLLEGE                       ,FL,34471-7051,Proprietary  ,30,122,152,30,122,152
00850103,RASMUSSEN COLLEGE-HOLIDAY               ,FL,34690-0000,Proprietary  ,14,130,144,14,130,144
00884800,WARNER SOUTHERN COLLEGE                 ,FL,33859-8725,Private      ,176,111,287,176,111,287
00884900,PALM BEACH ATLANTIC UNIVERSITY          ,FL,33401-6505,Private      ,1045,438,1483,1045,438,1483
00887800,MIAMI INTERNATIONAL UNIV ART&DESIGN     ,FL,33132-1418,Proprietary  ,586,390,976,586,390,976
00910400,RIVERSIDE HAIRSTYLING ACADEMY           ,FL,32207-3810,Proprietary  ,4,7,11,4,7,11
00963500,FLORIDA INTERNATIONAL UNIVERSITY        ,FL,33199-0001,Public       ,11338,7910,19248,11338,7910,19248
00984100,UNIVERSITY OF NORTH FLORIDA             ,FL,32224-2645,Public       ,3987,2120,6107,3987,2120,6107
00990200,SHERIDAN TECHNICAL CENTER               ,FL,33021-3399,Public       ,38,163,201,38,163,201
01016100,"LORAINE'S ACADEMY, INC                  ",FL,33710-0000,Proprietary  ,2,9,11,2,9,11
01019500,ART INSTITUTE OF FT LAUDERDALE          ,FL,33316-3000,Proprietary  ,464,287,751,464,287,751
01065200,PASCO-HERNANDO COMMUNITY CLG            ,FL,34654-5199,Public       ,534,907,1441,534,907,1441
01072401,CARLOS ALBIZU UNIVERSITY                ,FL,33172-0000,Private      ,20,199,219,20,199,219
01082600,TOM P. HANEY TECHNICAL CENTER           ,FL,32405-5099,Public       ,6,60,66,6,60,66
01112700,GOODING INST OF NUR ANES BAY MED CT     ,FL,32401-0000,Public       ,0,20,20,0,20,20
01226300,ATLANTIC TECHNICAL CENTER               ,FL,33063-3902,Public       ,46,117,163,46,117,163
01254400,FIRST COAST TECHNICAL COLLEGE           ,FL,32084-1921,Public       ,14,77,91,14,77,91
01254401,FIRST COAST TECHNICAL INSTITUTE - PUTNAM,FL,32077-6830,Public       ,7,7,14,7,7,14
01257400,RINGLING SCHOOL OF ART AND DESIGN       ,FL,34234-5895,Private      ,798,140,938,798,140,938
01303904,SOUTH UNIVERSITY                        ,FL,33409-5149,Proprietary  ,62,174,236,62,174,236
01323400,LORENZO WALKER INST OF TECHNOLOGY       ,FL,34104-4405,Public       ,18,49,67,18,49,67
02052002,FLORIDA EDUCATION CENTER - LAUDERHILL   ,FL,33313-5857,Proprietary  ,5,24,29,5,24,29
02089600,CONCORDE CAREER INSTITUTE               ,FL,32211-0000,Proprietary  ,26,186,212,26,186,212
02089709,HERZING COLLEGE                         ,FL,32792-5509,Proprietary  ,9,15,24,9,15,24
02113606,AMERICAN INTERCONTINENTAL UNIV          ,FL,33324-0000,Proprietary  ,16,31,47,16,31,47
02113609,AMERICAN INTERCONTINENTAL UNIV - WESTON ,FL,33326-3233,Proprietary  ,199,308,507,199,308,507
02115300,PINELLAS TECHNICAL EDUCATION CENTERS - S,FL,33711-0000,Public       ,14,85,99,14,85,99
02116006,SANFORD-BROWN INSTITUTE - FT. LAUDERDALE,FL,33309-1906,Proprietary  ,65,264,329,65,264,329
02121800,EVEREST INSTITUTE                       ,FL,33169-4759,Proprietary  ,8,21,29,8,21,29
02148200,FASHION FOCUS HAIR ACADEMY              ,FL,34231-0000,Proprietary  ,1,0,1,1,0,1
02148300,MANHATTAN BEAUTY SCHOOL                 ,FL,33611-0000,Proprietary  ,8,13,21,8,13,21
02151900,KEISER  UNIVERSITY                      ,FL,33309-0000,Proprietary  ,413,1935,2348,413,1935,2348
02156700,FLORIDA CHRISTIAN COLLEGE               ,FL,34744-0000,Private      ,40,32,72,40,32,72
02159600,BAPTIST COLLEGE OF FLORIDA (THE)        ,FL,32440-0000,Private      ,61,47,108,61,47,108
02172700,CONCORDE CAREER INSTITUTE               ,FL,33607-0000,Proprietary  ,22,106,128,22,106,128
02188900,HOBE SOUND BIBLE COLLEGE                ,FL,33475-0000,Private      ,6,9,15,6,9,15
02200100,BRADENTON BEAUTY & BARBER ACADEMY       ,FL,34209-0000,Proprietary  ,0,3,3,0,3,3
02215900,ATI CAREER TRAINING CENTER              ,FL,33309-1785,Proprietary  ,80,178,258,80,178,258
02218700,FLORIDA TECHNICAL COLLEGE               ,FL,32826-2707,Proprietary  ,52,161,213,52,161,213
02228300,LAKE TECHNICAL CENTER                   ,FL,32726-0000,Public       ,19,66,85,19,66,85
02245500,CENTRAL FLORIDA COLLEGE                 ,FL,32789-4679,Proprietary  ,19,110,129,19,110,129
02245502,CFC-CAREER TRAINING INSTITUTE - ORLANDO ,FL,32804-0000,Proprietary  ,5,26,31,5,26,31
02245504,CENTRAL FLORIDA  COLLEGE -  LARGO       ,FL,33771-4957,Proprietary  ,26,33,59,26,33,59
02257900,INTERNATIONAL ACADEMY                   ,FL,32119-3541,Proprietary  ,8,22,30,8,22,30
02275100,CONCORDE CAREER INSTITUTE               ,FL,33025-0000,Proprietary  ,11,82,93,11,82,93
02278800,SOUTHWEST FLORIDA COLLEGE               ,FL,33907-0000,Proprietary  ,30,78,108,30,78,108
02278801,SOUTHWEST FLORIDA COLLEGE - TAMPA       ,FL,33619-1344,Proprietary  ,27,29,56,27,29,56
02279600,CORTIVA INSTITUTE - FLORIDA             ,FL,33781-0000,Proprietary  ,7,32,39,7,32,39
02280800,NEW ENGLAND INST TECH-PALM BEACH        ,FL,33407-0000,Proprietary  ,100,179,279,100,179,279
02283800,BEAUTY SCHOOLS OF AMERICA               ,FL,33012-3322,Proprietary  ,2,6,8,2,6,8
02286500,ITT TECHNICAL INSTITUTE                 ,FL,33634-7515,Proprietary  ,57,56,113,57,56,113
02287100,LA BELLE BEAUTY SCHOOL                  ,FL,33012-0000,Proprietary  ,1,1,2,1,1,2
02293200,ATI CAREER TRAINING CENTER              ,FL,33309-5916,Proprietary  ,33,119,152,33,119,152
02293201,ATI CAREER TRAINING CENTER - MIAMI      ,FL,33122-1707,Proprietary  ,2,6,8,2,6,8
02293202,ATI CAREER TAINING CENTER - ATI COLLEGE ,FL,87109-2016,Proprietary  ,5,101,106,5,101,106
02293600,ADVANCED TECHNICAL CENTERS              ,FL,33266-1597,Private      ,2,1,3,2,1,3
02297000,CHARLOTTE TECHNICAL CENTER              ,FL,33948-0000,Public       ,15,46,61,15,46,61
02300900,WITHLACOOCHEE TECHNICAL INSTITUTE       ,FL,34450-0000,Public       ,10,62,72,10,62,72
02305700,GULF COAST COLLEGE                      ,FL,33619-0000,Proprietary  ,18,40,58,18,40,58
02305800,FLORIDA CAREER COLLEGE                  ,FL,33012-7028,Proprietary  ,148,399,547,148,399,547
02307400,GEORGE STONE AREA VOCATIONAL TECHNICAL  ,FL,32526-0000,Public       ,7,51,58,7,51,58
02314100,SCHILLER INTERNATIONAL UNIVERSITY       ,FL,33770-3716,Proprietary  ,20,32,52,20,32,52
02316200,MIAMI LAKES TECHNICAL EDUCATION CTR     ,FL,33014-0000,Public       ,40,107,147,40,107,147
02321200,ORANGE TECH EDUC CTR- WESTSIDE TECH     ,FL,34787-0000,Public       ,13,26,39,13,26,39
02325100,KEY COLLEGE                             ,FL,33004-3046,Proprietary  ,6,27,33,6,27,33
02326800,RESORT & SPA SCHOOLS INTERNATIONAL      ,FL,34233-0000,Proprietary  ,1,1,2,1,1,2
02326900,SUNSTATE ACADEMY OF HAIR DESIGN         ,FL,33907-1415,Proprietary  ,2,4,6,2,4,6
02329900,FLORIDA INSTITUTE OF ULTRASOUND         ,FL,32514-0000,Proprietary  ,8,24,32,8,24,32
02337000,SUNCOAST II THE TAMPA BAY SCHOOL OF MASS,FL,33607-3802,Proprietary  ,1,4,5,1,4,5
02341001,FORTIS COLLEGE - DBA FORTIS INSTITUTE   ,FL,32504-7322,Proprietary  ,3,12,15,3,12,15
02346200,WYOTECH                                 ,FL,32174-1010,Proprietary  ,46,55,101,46,55,101
02362100,FULL SAIL UNIVERSITY                    ,FL,32792-0000,Proprietary  ,2258,1048,3306,2258,1048,3306
02499000,ACADEMY OF COSMETOLOGY                  ,FL,32953-3311,Proprietary  ,1,3,4,1,3,4
02501500,"O*TEC, MID-FLORIDA TECH                 ",FL,32809-0000,Public       ,38,41,79,38,41,79
02502702,ADVANCED CAREER TRAINING-JACKSONVIL     ,FL,32256-0000,Proprietary  ,5,28,33,5,28,33
02504600,WINTER PARK TECH                        ,FL,32789-0000,Public       ,11,36,47,11,36,47
02508900,TALMUDIC COLLEGE OF FLORIDA             ,FL,33139-0000,Private      ,3,3,6,3,3,6
02511700,RIDGE TECHNICAL CENTER                  ,FL,33881-0000,Public       ,6,66,72,6,66,72
02513200,ORLANDO TECHNICAL CENTER                ,FL,32801-0000,Public       ,36,99,135,36,99,135
02515400,CITY COLLEGE                            ,FL,33309-3073,Private      ,19,161,180,19,161,180
02517100,SARASOTA SCHOOL OF MASSAGE THERAPY      ,FL,34243-6130,Proprietary  ,3,16,19,3,16,19
02524000,SUNSTATE ACADEMY OF HAIR DESIGN         ,FL,34624-0000,Proprietary  ,0,4,4,0,4,4
02524200,ROBERT MORGAN EDUCATIONAL CENTER        ,FL,33177-0000,Public       ,34,75,109,34,75,109
02547600,FLORIDA NATIONAL COLLEGE                ,FL,33012-0000,Proprietary  ,13,33,46,13,33,46
02554200,RADFORD LOCKLIN TECH CENTER             ,FL,32570-0000,Public       ,5,6,11,5,6,11
02573200,LA BELLE BEAUTY ACADEMY                 ,FL,33135-0000,Proprietary  ,2,1,3,2,1,3
02586200,FLORIDA CAREER COLLEGE                  ,FL,33759-3924,Proprietary  ,41,123,164,41,123,164
02597100,HERITAGE INSTITUTE                      ,FL,33912-7132,Proprietary  ,10,31,41,10,31,41
02598200,FLORIDA TECHNICAL CLG JACKSONVILLE      ,FL,32211-5123,Proprietary  ,10,38,48,10,38,48
02599800,EVEREST UNIVERSITY                      ,FL,33759-1359,Proprietary  ,25,259,284,25,259,284
02601600,HENRY W BREWSTER TECHNICAL CENTER       ,FL,33602-0000,Public       ,5,27,32,5,27,32
02612700,DARLYNE MCGEE'S ACAD OF COSMETOLOGY     ,FL,32905-2805,Proprietary  ,1,2,3,1,2,3
02616400,SANFORD-BROWN INSTITUTE                 ,FL,32256-3520,Proprietary  ,23,145,168,23,145,168
02616401,SANFORD-BROWN INSTITUTE - TAMPA         ,FL,33610-8304,Proprietary  ,24,152,176,24,152,176
03003200,EVEREST INSTITUTE                       ,FL,33186-1410,Proprietary  ,5,29,34,5,29,34
03003600,MCFATTER TECHNICAL CENTER               ,FL,33317-7499,Public       ,32,84,116,32,84,116
03008600,FLORIDA COLLEGE OF NATURAL HEALTH       ,FL,33064-1342,Proprietary  ,8,32,40,8,32,40
03010608,VIRGINIA COLLEGE - PENSACOLA            ,FL,32501-5650,Proprietary  ,10,50,60,10,50,60
03010612,VIRGINIA COLLEGE - GOLF ACADEMY OF AMERI,FL,32701-0000,Proprietary  ,24,18,42,24,18,42
03012300,ASM BEAUTY WORLD ACADEMY                ,FL,33021-0000,Proprietary  ,2,8,10,2,8,10
03018500,BENE'S INTERNATIONAL SCHOOL OF BEAUTY   ,FL,34652-1637,Proprietary  ,5,7,12,5,7,12
03028200,TRINITY COLLEGE OF FLORIDA              ,FL,34655-4401,Private      ,41,28,69,41,28,69
03031400,INTERNATIONAL ACAD OF DESIGN & TECH     ,FL,33634-6313,Proprietary  ,829,686,1515,829,686,1515
03031402,INTERNATIONAL ACADEMY OF DESIGN AND TECH,FL,32809-4633,Proprietary  ,159,151,310,159,151,310
03031403,IADT - ORLANDO CULINARY ACADEMY         ,FL,32819-0000,Proprietary  ,98,77,175,98,77,175
03035800,HERITAGE INSTITUTE                      ,FL,32216-0948,Proprietary  ,5,39,44,5,39,44
03035900,NATIONAL AVIATION ACADEMY               ,FL,33760-3931,Proprietary  ,26,49,75,26,49,75
03037500,HODGES UNIVERSITY                       ,FL,34119-7932,Private      ,38,180,218,38,180,218
03054200,TECHNICAL CAREER INSTITUTE              ,FL,33144-2373,Proprietary  ,25,34,59,25,34,59
03071600,COLLEGE OF BUSINESS & TECHNOLOGY        ,FL,33176-1412,Proprietary  ,9,97,106,9,97,106
03071601,COLLEGE OF BUSINESS & TECHNOLOGY -      ,FL,33144-2072,Proprietary  ,3,4,7,3,4,7
03071602,COLLEGE OF BUSINESS & TECHNOLOGY -      ,FL,33012-3436,Proprietary  ,1,3,4,1,3,4
03079800,GEORGE T BAKER AVIATION                 ,FL,33142-5687,Public       ,18,15,33,18,15,33
03079900,CITY COLLEGE                            ,FL,32707-5342,Private      ,1,3,4,1,3,4
03087600,ITT TECHNICAL INSTITUTE                 ,FL,32746-1607,Proprietary  ,25,27,52,25,27,52
03096300,FLORIDA CAREER INSTITUTE                ,FL,33860-0000,Proprietary  ,1,6,7,1,6,7
03099600,MERCY HOSPITAL SCHOOL OF PRACTICAL NSG  ,FL,33133-4237,Private      ,6,15,21,6,15,21
03100800,TAYLOR TECHNICAL INSTITUTE              ,FL,32348-0894,Public       ,2,12,14,2,12,14
03101900,TRINITY BAPTIST COLLEGE                 ,FL,32221-1398,Private      ,53,23,76,53,23,76
03103900,MARION COUNTY COMMUNITY TECH & ADUL     ,FL,34474-3172,Public       ,22,72,94,22,72,94
03108500,EVERGLADES UNIVERSITY                   ,FL,33431-0000,Private      ,12,176,188,12,176,188
03108600,COM-PU-MED VOCATIONAL CAREERS           ,FL,33012-4861,Proprietary  ,0,3,3,0,3,3
03113400,ACADEMY OF HEALING ARTS                 ,FL,33463-2113,Proprietary  ,1,2,3,1,2,3
03114700,PRAXIS INSTITUTE                        ,FL,33135-2657,Proprietary  ,0,1,1,0,1,1
03115500,FLORIDA HOSPITAL COLG OF HEALTH SCI     ,FL,32803-1237,Private      ,229,480,709,229,480,709
03123900,KEISER CAREER INSTITUTE                 ,FL,33413-0000,Proprietary  ,41,160,201,41,160,201
03125600,MIAMI AD SCHOOL                         ,FL,33139-5203,Proprietary  ,12,65,77,12,65,77
03127900,TECHNICAL EDUCATION CTR OSCEOLA         ,FL,34744-4459,Public       ,17,48,65,17,48,65
03139600,DELTA CONNECTION ACADEMY                ,FL,32773-9683,Proprietary  ,16,22,38,16,22,38
03158300,LEE COUNTY HIGH TECH CENTER NORTH       ,FL,33993-2479,Public       ,8,25,33,8,25,33
03178400,CORAL RIDGE NURSES ASST TRAINING        ,FL,33306-0000,Proprietary  ,1,5,6,1,5,6
03224300,NEW PROFESSIONS TECHNICAL INSTITUTE     ,FL,33134-1640,Proprietary  ,2,13,15,2,13,15
03230300,OKALOOSA APPLIED TECHNOLOGY CENTER      ,FL,32547-1299,Public       ,11,49,60,11,49,60
03238300,FLORIDA COLLEGE OF INTEGRATIVE MED      ,FL,32809-5721,Proprietary  ,3,32,35,3,32,35
03255300,FLORIDA GULF COAST UNIVERSITY           ,FL,33965-6565,Public       ,3142,964,4106,3142,964,4106
03256300,YESHIVA GEDOLAH RABBINICAL COLLEGE      ,FL,33139-4708,Private      ,2,2,4,2,2,4
03346300,ACAD FOR PRAC NURSING & HEALTH OCCP     ,FL,33417-4574,Private      ,8,40,48,8,40,48
03348400,PROFESSIONAL TRAINING CENTERS           ,FL,33184-0000,Proprietary  ,5,91,96,5,91,96
03370300,AUDIO RECORDING TECHNOLOGY INSTITUTE    ,FL,32811-0000,Proprietary  ,20,19,39,20,19,39
03373300,BEACON COLLEGE                          ,FL,34748-5224,Private      ,28,13,41,28,13,41
03374300,FLORIDA COASTAL SCHOOL OF LAW           ,FL,32256-0000,Proprietary  ,7,965,972,7,965,972
03382300,BRADFORD-UNION AREA CAREERTECHNICAL CENT,FL,32091-2434,Public       ,3,40,43,3,40,43
03390300,LINCOLN TECHNICAL INSTITUTE             ,FL,32730-2351,Proprietary  ,0,8,8,0,8,8
03411400,INTERNATIONAL TRAINING CAREERS          ,FL,33155-1462,Private      ,0,5,5,0,5,5
03414500,SOUTHEAST INSTITUTE OF ORIENTAL MED     ,FL,33176-1509,Proprietary  ,0,17,17,0,17,17
03425400,CENTRAL FLORIDA INSTITUTE               ,FL,34684-4436,Proprietary  ,9,68,77,9,68,77
03429600,ATLANTIC INST OF ORIENTAL MEDICINE      ,FL,33316-0000,Private      ,4,18,22,4,18,22
03429700,EAST WEST COLLG OF NATURAL MEDICINE     ,FL,34236-4959,Proprietary  ,1,28,29,1,28,29
03433400,NEW CONCEPT MASSAGE AND BEAUTY SCHO     ,FL,33135-0000,Proprietary  ,0,2,2,0,2,2
03434300,FORTIS COLLEGE                          ,FL,32073-2999,Proprietary  ,18,79,97,18,79,97
03459400,SAINT PETERSBURG THEOLOGICAL SEMINA     ,FL,33708-3116,Private      ,0,7,7,0,7,7
03480302,MEDVANCE INSTITUTE - STUART             ,FL,34994-3000,Proprietary  ,3,5,8,3,5,8
03524300,ACADEMY FOR FIVE ELEMENT ACUPUNCTURE    ,FL,32601-6811,Private      ,0,14,14,0,14,14
03549300,ULTIMATE MEDICAL ACADEMY                ,FL,33756-5802,Proprietary  ,1,5,6,1,5,6
03553300,KEISER CAREER COLLEGE                   ,FL,32216-0000,Proprietary  ,2,5,7,2,5,7
03557300,NORTH FLORIDA COSMETOLOGY INSTITUTE     ,FL,32312-0000,Proprietary  ,4,18,22,4,18,22
03570400,ENGLISH CENTER (THE)                    ,FL,33133-2703,Public       ,3,14,17,3,14,17
03595400,ANGLEY COLLEGE                          ,FL,32720-4257,Proprietary  ,2,2,4,2,2,4
03618300,FLORIDA INSTITUTE OF ANIMAL ARTS        ,FL,32792-1740,Proprietary  ,6,6,12,6,6,12
03627400,JACKSONVILLE BEAUTY INSTITUTE           ,FL,32208-1885,Proprietary  ,5,5,10,5,5,10
03627600,FLORIDA EDUCATION INSTITUTE             ,FL,33144-5036,Proprietary  ,1,7,8,1,7,8
03661400,SOUTH FLORIDA INSTITUTE OF TECHNOLO     ,FL,33135-0000,Proprietary  ,2,1,3,2,1,3
03691400,AVE MARIA SCHOOL OF LAW                 ,FL,34119-1376,Private      ,3,346,349,3,346,349
03706300,AMERICAN INSTITUTE                      ,FL,33319-5613,Proprietary  ,6,15,21,6,15,21
03757300,ADVANCE SCIENCE INSTITUTE               ,FL,33012-0000,Proprietary  ,0,1,1,0,1,1
03801400,BEAUTY INSTITUTE (THE)                  ,FL,33409-2972,Proprietary  ,1,3,4,1,3,4
03816300,ARTISTIC NAILS & BEAUTY ACADEMY         ,FL,33605-5919,Proprietary  ,7,6,13,7,6,13
03823300,FLORIDA ACADEMY OF HEALTH & BEAUTY      ,FL,33311-0000,Proprietary  ,2,5,7,2,5,7
03832300,DADE MEDICAL COLLEGE                    ,FL,33126-5534,Proprietary  ,3,11,14,3,11,14
03842500,CAMBRIDGE INSTITUTE OF ALLIED HEALTH    ,FL,32750-0000,Proprietary  ,0,2,2,0,2,2
03856300,UNIVERSAL BEAUTY SCHOOL                 ,FL,33174-4406,Proprietary  ,1,0,1,1,0,1
03866300,GALIANO CAREER ACADEMY                  ,FL,32701-0000,Proprietary  ,1,7,8,1,7,8
03875300,MEDICAL CAREER INSTITUTE OF SOUTH FLORID,FL,33407-2103,Proprietary  ,3,12,15,3,12,15
03888300,DRAGON RISES COLLEGE OF ORIENTAL MEDICIN,FL,32601-5089,Proprietary  ,0,10,10,0,10,10
03903500,SOUTHERN TECHNICAL COLLEGE              ,FL,32809-0000,Proprietary  ,5,11,16,5,11,16
03906300,CAREER INSTITUTE OF FLORIDA             ,FL,33773-3434,Proprietary  ,1,14,15,1,14,15
03911300,TOTAL INTERNATIONAL CAREER INSTITUTE    ,FL,33012-0000,Proprietary  ,0,1,1,0,1,1
03939400,CENTURA INSTITUTE                       ,FL,32807-3566,Proprietary  ,5,37,42,5,37,42
03939600,DAYTONA COLLEGE                         ,FL,32174-8445,Proprietary  ,0,15,15,0,15,15
03941300,AVE MARIA UNIVERSITY                    ,FL,34142-9505,Private      ,224,30,254,224,30,254
03957400,NEW COLLEGE OF FLORIDA                  ,FL,34243-2109,Public       ,632,55,687,632,55,687
03985300,COMMERCIAL DIVING ACADEMY               ,FL,32208-0000,Proprietary  ,16,37,53,16,37,53
03985400,SPACE COAST HEALTH INSTITUTE            ,FL,32904-8771,Proprietary  ,4,9,13,4,9,13
03986300,AVIATOR COLLEGE OF AERONAUTICAL SCIENCE ,FL,34946-9022,Proprietary  ,3,3,6,3,3,6
04016500,AMERICAN INSTITUTE OF BEAUTY            ,FL,33773-0000,Proprietary  ,1,2,3,1,2,3
04029300,TRENDSETTERS OF FLORIDA SCHOOL OF BEAUTY,FL,32205-0000,Proprietary  ,5,11,16,5,11,16
04058300,HEALTH OPPORTUNITY TECHNICAL CENTER     ,FL,33169-4517,Proprietary  ,1,28,29,1,28,29
04105400,PENSACOLA SCHOOL OF MASSAGE THERAPY & HE,FL,32504-7337,Proprietary  ,2,22,24,2,22,24
04119500,LANE INSTITUTE OF HEALTH SCIENCES       ,FL,32780-2898,Private      ,2,0,2,2,0,2
00160500,CHAMINADE UNIV OF HONOLULU              ,HI,96816-1578,Private      ,794,525,1319,794,525,1319
00160600,BRIGHAM YOUNG UNIV-HAWAII CAMPUS        ,HI,96762-1294,Private      ,386,213,599,386,213,599
00161000,UNIVERSITY OF HAWAII AT MANOA           ,HI,96822-2399,Public       ,5771,3361,9132,5771,3361,9132
00161100,UNIVERSITY OF HAWAII AT HILO            ,HI,96720-4091,Public       ,1618,823,2441,1618,823,2441
00161200,HONOLULU COMMUNITY COLLEGE              ,HI,96817-4598,Public       ,420,407,827,420,407,827
00161300,KAPIOLANI COMMUNITY COLLEGE             ,HI,96816-4421,Public       ,728,628,1356,728,628,1356
00161400,KAUAI COMMUNITY COLLEGE                 ,HI,96766-9591,Public       ,92,98,190,92,98,190
00161500,MAUI COMMUNITY COLLEGE                  ,HI,96732-1644,Public       ,345,424,769,345,424,769
00454900,LEEWARD COMMUNITY COLLEGE               ,HI,96782-3393,Public       ,503,520,1023,503,520,1023
00525800,HAWAII COMMUNITY COLLEGE                ,HI,96720-4075,Public       ,378,383,761,378,383,761
00723401,HEALD COLLEGE - HONOLULU                ,HI,96814-0000,Proprietary  ,141,172,313,141,172,313
00727900,HAWAII PACIFIC UNIVERSITY               ,HI,96813-2882,Private      ,2129,1355,3484,2129,1355,3484
00777500,HOLLYWOOD BEAUTY COLLEGE                ,HI,96701-4100,Proprietary  ,9,13,22,9,13,22
01122000,WINDWARD COMMUNITY COLLEGE              ,HI,96744-0000,Public       ,173,214,387,173,214,387
02100300,MED-ASSIST SCHOOL OF HAWAII             ,HI,96813-0000,Proprietary  ,6,16,22,6,16,22
02107800,UNIVERSITY OF HAWAII - WEST OAHU        ,HI,96782-0000,Public       ,150,290,440,150,290,440
02139500,HAWAII INSTITUTE OF HAIR DESIGN         ,HI,96817-5195,Proprietary  ,8,7,15,8,7,15
02208704,SAN DIEGO GOLF ACADEMY - THE GOLF ACADEM,HI,96744-3724,Proprietary  ,5,2,7,5,2,7
02321300,HAWAI'I THEOLOGICAL SEMINARY            ,HI,96817-0000,Private      ,2,2,4,2,2,4
03017800,TRAVEL INSTITUTE OF THE PACIFIC         ,HI,96814-1946,Proprietary  ,1,12,13,1,12,13
03020800,NEW YORK TECHNICAL INST OF HAWAII       ,HI,96817-4415,Proprietary  ,2,7,9,2,7,9
03072500,WORLD MEDICINE INSTITUTE                ,HI,96826-0000,Private      ,4,22,26,4,22,26
03649300,HAWAII TECHNOLOGY INSTITUTE             ,HI,96813-3036,Private      ,3,6,9,3,6,9
03735300,INST OF CLINICAL ACUPUNCTURE & ORIENT MD,HI,96813-2307,Proprietary  ,0,10,10,0,10,10
03999400,TRADITIONAL CHINESE MEDICAL COLLEGE OF H,HI,96743-8324,Private      ,0,7,7,0,7,7
00161600,BOISE STATE UNIVERSITY                  ,ID,83725-1000,Public       ,5908,5273,11181,5908,5273,11181
00161700,"COLLEGE OF IDAHO, THE                   ",ID,83605-4432,Private      ,831,88,919,831,88,919
00161900,COLLEGE OF SOUTHERN IDAHO               ,ID,83301-0000,Public       ,809,630,1439,809,630,1439
00162000,IDAHO STATE UNIVERSITY                  ,ID,83209-5377,Public       ,1972,2748,4720,1972,2748,4720
00162100,LEWIS-CLARK STATE COLLEGE               ,ID,83501-2698,Public       ,1241,831,2072,1241,831,2072
00162300,NORTH IDAHO COLLEGE                     ,ID,83814-2199,Public       ,982,880,1862,982,880,1862
00162400,NORTHWEST NAZARENE UNIVERSITY           ,ID,83686-5897,Private      ,826,347,1173,826,347,1173
00162500,BRIGHAM YOUNG UNIVERSITY-IDAHO          ,ID,83460-1650,Private      ,2266,889,3155,2266,889,3155
00162600,UNIVERSITY OF IDAHO                     ,ID,83844-4291,Public       ,6266,2484,8750,6266,2484,8750
00455300,ITT TECHNICAL INSTITUTE                 ,ID,83713-1529,Proprietary  ,39,65,104,39,65,104
00987300,MR JUAN'S CLG OF HAIR DESIGN            ,ID,83301-4154,Proprietary  ,5,4,9,5,4,9
01113300,EASTERN IDAHO TECHNICAL COLLEGE         ,ID,83404-5788,Public       ,86,246,332,86,246,332
02210700,CAREER BEAUTY COLLEGE                   ,ID,83440-0000,Proprietary  ,7,5,12,7,5,12
02218000,APOLLO COLLEGE                          ,ID,83704-0000,Proprietary  ,35,64,99,35,64,99
02234500,BOISE BIBLE COLLEGE                     ,ID,83714-1220,Private      ,75,18,93,75,18,93
02275800,MR LEONS SCHOOL OF HAIR DESIGN          ,ID,83843-8384,Proprietary  ,2,5,7,2,5,7
02314000,SCHOOL OF HAIRSTYLING (THE)             ,ID,83202-0000,Proprietary  ,6,19,25,6,19,25
02319800,HEADMASTERS SCHOOL OF HAIR DESIGN       ,ID,83814-0000,Proprietary  ,10,6,16,10,6,16
02349200,HEADMASTERS SCHOOL OF HAIR DESIGN       ,ID,83501-0000,Proprietary  ,5,5,10,5,5,10
02559500,RAZZLE DAZZLE CLG OF HAIR DESIGN        ,ID,83686-5104,Proprietary  ,2,10,12,2,10,12
02607100,SCOT LEWIS SCHOOLS                      ,ID,83709-1662,Proprietary  ,11,15,26,11,15,26
03098700,ACADEMY OF COURT REPORTING              ,ID,83704-8320,Proprietary  ,11,114,125,11,114,125
03832400,COSMETOLOGY SCHOOL OF ARTS & SCIENCES   ,ID,83318-1327,Proprietary  ,1,11,12,1,11,12
00163200,AQUINAS INSTITUTE OF THEOLOGY           ,MO,63108-3323,Private      ,0,36,36,0,36,36
00244900,AVILA COLLEGE                           ,MO,64145-1698,Private      ,441,316,757,441,316,757
00245000,CALVARY BIBLE COLLEGE                   ,MO,64147-1341,Private      ,102,51,153,102,51,153
00245200,CENTRAL BIBLE COLLEGE                   ,MO,65803-1096,Private      ,234,104,338,234,104,338
00245300,CENTRAL METHODIST UNIVERSITY            ,MO,65248-1198,Private      ,739,184,923,739,184,923
00245301,CENTRAL METHODIST UNIVERSITY            ,MO,63601-0000,Private      ,25,56,81,25,56,81
00245302,CENTRAL METHODIST UNIVERSITY- UNION     ,MO,63084-0000,Private      ,17,19,36,17,19,36
00245400,UNIVERSITY OF CENTRAL MISSOURI          ,MO,64093-5178,Public       ,3441,1301,4742,3441,1301,4742
00245600,COLUMBIA COLLEGE                        ,MO,65216-4581,Private      ,1050,4647,5697,1050,4647,5697
00245700,CONCORDIA SEMINARY                      ,MO,63105-3199,Private      ,1,428,429,1,428,429
00245800,COTTEY COLLEGE                          ,MO,64772-2790,Private      ,261,17,278,261,17,278
00245900,CROWDER COLLEGE                         ,MO,64850-9165,Public       ,437,480,917,437,480,917
00246000,CULVER STOCKTON COLLEGE                 ,MO,63435-1299,Private      ,674,63,737,674,63,737
00246100,DRURY UNIVERSITY                        ,MO,65802-3791,Private      ,1132,946,2078,1132,946,2078
00246200,EDEN THEOLOGICAL SEMINARY               ,MO,63119-0000,Private      ,1,29,30,1,29,30
00246300,EVANGEL UNIVERSITY                      ,MO,65802-2125,Private      ,948,162,1110,948,162,1110
00246400,FONTBONNE UNIVERSITY                    ,MO,63105-3098,Private      ,665,783,1448,665,783,1448
00246600,HARRIS-STOWE STATE COLLEGE              ,MO,63103-2199,Public       ,457,411,868,457,411,868
00246700,CONCEPTION SEMINARY COLLEGE             ,MO,64433-0000,Private      ,9,5,14,9,5,14
00246800,JEFFERSON COLLEGE                       ,MO,63050-2441,Public       ,641,407,1048,641,407,1048
00247100,ST LOUIS COMMUNITY COLLEGE              ,MO,63102-0000,Public       ,1978,2133,4111,1978,2133,4111
00247300,KANSAS CITY ART INSTITUTE               ,MO,64111-1874,Private      ,535,91,626,535,91,626
00247400,KANSAS CITY UNIV OF MED & BIOSCIENCES   ,MO,64106-0000,Private      ,13,463,476,13,463,476
00247600,KENRICK-GLENNON SEMINARY                ,MO,63119-0000,Private      ,3,1,4,3,1,4
00247700,A.T. STILL UNIV OF HEALTH SCIENCES      ,MO,63501-0000,Private      ,3,836,839,3,836,839
00247900,LINCOLN UNIVERSITY                      ,MO,65101-3500,Public       ,1103,496,1599,1103,496,1599
00248000,LINDENWOOD UNIVERSITY                   ,MO,63301-1695,Private      ,2296,1844,4140,2296,1844,4140
00248200,MARYVILLE UNIVERSITY                    ,MO,63141-7299,Private      ,1476,674,2150,1476,674,2150
00248400,METROPOLITAN COMMUNITY COLLEGE          ,MO,64111-2408,Public       ,1910,2281,4191,1910,2281,4191
00248500,MIDWESTERN BAPTIST THEOL SEMINARY       ,MO,64118-4697,Private      ,19,42,61,19,42,61
00248600,MINERAL AREA COLLEGE                    ,MO,63601-1000,Public       ,486,363,849,486,363,849
00248800,MISSOURI SOUTHERN STATE UNIVERSITY      ,MO,64801-1595,Public       ,1311,1107,2418,1311,1107,2418
00248900,MISSOURI VALLEY COLLEGE                 ,MO,65340-3197,Private      ,880,151,1031,880,151,1031
00249000,MISSOURI WESTERN STATE UNIVERSITY       ,MO,64507-2294,Public       ,2370,1018,3388,2370,1018,3388
00249100,MOBERLY AREA COMMUNITY COLLEGE          ,MO,65270-1304,Public       ,733,568,1301,733,568,1301
00249400,NAZARENE THEOLOGICAL SEMINARY           ,MO,64131-1246,Private      ,0,46,46,0,46,46
00249500,TRUMAN STATE UNIVERSITY                 ,MO,63501-4221,Public       ,3355,230,3585,3355,230,3585
00249600,NORTHWEST MISSOURI STATE UNIV           ,MO,64468-6001,Public       ,3283,402,3685,3283,402,3685
00249800,PARK UNIVERSITY                         ,MO,64152-3795,Private      ,445,2203,2648,445,2203,2648
00249900,ROCKHURST UNIVERSITY                    ,MO,64110-2561,Private      ,1491,498,1989,1491,498,1989
00250000,COLLEGE OF THE OZARKS                   ,MO,65726-2502,Private      ,2137,180,2317,2137,180,2317
00250100,SOUTHEAST MISSOURI STATE UNIV           ,MO,63701-4799,Public       ,3971,1267,5238,3971,1267,5238
00250200,SOUTHWEST BAPTIST UNIVERSITY            ,MO,65613-2597,Private      ,1210,411,1621,1210,411,1621
00250300,MISSOURI STATE UNIVERSITY               ,MO,65897-0094,Public       ,6581,1964,8545,6581,1964,8545
00250400,ST LOUIS COLLEGE OF PHARMACY            ,MO,63110-1088,Private      ,565,226,791,565,226,791
00250600,SAINT LOUIS UNIVERSITY                  ,MO,63103-2097,Private      ,6011,2800,8811,6011,2800,8811
00250602,SAINT LOUIS UNIV SCH MEDICINE           ,MO,63104-0000,Private      ,94,354,448,94,354,448
00250900,SAINT PAUL SCHOOL OF THEOLOGY           ,MO,64127-2499,Private      ,0,136,136,0,136,136
00251200,STEPHENS COLLEGE                        ,MO,65215-0001,Private      ,689,141,830,689,141,830
00251400,NORTH CENTRAL MISSOURI COLLEGE          ,MO,64683-1824,Public       ,275,195,470,275,195,470
00251600,UNIVERSITY OF MISSOURI-COLUMBIA         ,MO,65211-1600,Public       ,11964,3427,15391,11964,3427,15391
00251700,MISSOURI UNIVERSITY OF SCIENCE & TECHNOL,MO,65409-0250,Public       ,2909,502,3411,2909,502,3411
00251800,UNIVERSITY OF MISSOURI-KANSAS CITY      ,MO,64110-2497,Public       ,3524,3904,7428,3524,3904,7428
00251900,UNIVERSITY OF MISSOURI-ST LOUIS         ,MO,63121-4499,Public       ,2344,2447,4791,2344,2447,4791
00252000,WASHINGTON UNIVERSITY                   ,MO,63130-4899,Private      ,9218,2652,11870,9218,2652,11870
00252001,WASHINGTON UNIV-SCHOOL OF MEDICINE      ,MO,63110-0000,Private      ,34,629,663,34,629,663
00252100,WEBSTER UNIVERSITY                      ,MO,63119-3194,Private      ,2007,3946,5953,2007,3946,5953
00252200,WENTWORTH MILITARY ACADEMY              ,MO,64067-1799,Private      ,35,57,92,35,57,92
00252300,WESTMINSTER COLLEGE                     ,MO,65251-1299,Private      ,667,42,709,667,42,709
00252400,WILLIAM JEWELL COLLEGE                  ,MO,64068-1896,Private      ,957,93,1050,957,93,1050
00252500,WILLIAM WOODS UNIVERSITY                ,MO,65251-2388,Private      ,501,403,904,501,403,904
00405704,NATIONAL AMERICAN UNIVERSITY            ,MO,64057-1791,Proprietary  ,8,77,85,8,77,85
00441300,ST JOHNS HOSP SCH RAD TECH              ,MO,65802-0000,Private      ,12,22,34,12,22,34
00470300,LOGAN COLLEGE OF CHIROPRACTIC           ,MO,63006-1065,Private      ,32,874,906,32,874,906
00470700,COVENANT THEOLOGICAL SEMINARY           ,MO,63141-8697,Private      ,0,129,129,0,129,129
00471100,LINN STATE TECHNICAL COLLEGE            ,MO,65051-9607,Public       ,445,96,541,445,96,541
00471300,THREE RIVERS COMMUNITY COLLEGE          ,MO,63901-2393,Public       ,515,615,1130,515,615,1130
00528800,KIRKSVILLE AREA TECHNICAL CENTER        ,MO,63501-0000,Public       ,2,10,12,2,10,12
00528900,WAYNESVILLE TECHNICAL ACADEMY           ,MO,65583-0000,Public       ,5,20,25,5,20,25
00542400,SOUTH CENTRAL CAREER CENTER             ,MO,65775-3334,Public       ,1,5,6,1,5,6
00542600,SIKESTON CAREER AND TECHNOLOGY CTR      ,MO,63801-0000,Public       ,12,62,74,12,62,74
00542900,ROLLA TECHNICAL INSTITUTE               ,MO,65401-3601,Public       ,42,76,118,42,76,118
00543000,POPLAR BLUFF TECHNICAL CAREER CNTR      ,MO,63901-0000,Public       ,11,49,60,11,49,60
00543800,SALINE COUNTY CAREER CENTER             ,MO,65340-0000,Public       ,9,24,33,9,24,33
00544500,TRUMAN MEDICAL CENTER SCHOOL OF NURSE AN,MO,64108-2677,Private      ,9,27,36,9,27,36
00553100,GRAND RIVER TECHNICAL SCHOOL            ,MO,64601-1299,Public       ,24,11,35,24,11,35
00553200,CAPE GIRARDEAU CAREER & TECHNOLOGY CENTE,MO,63703-7511,Public       ,27,67,94,27,67,94
00638500,CHAMBERLAIN COLLEGE OF NURSING          ,MO,63139-3297,Proprietary  ,118,408,526,118,408,526
00638900,BARNES JEWISH COLLEGE OF NURSING AND ALL,MO,63110-1091,Private      ,69,185,254,69,185,254
00666600,LUTHERAN  SCHOOL OF NURSING             ,MO,63118-3909,Proprietary  ,13,71,84,13,71,84
00754000,MISSOURI BAPTIST UNIVERSITY             ,MO,63141-8698,Private      ,551,418,969,551,418,969
00755700,ITT TECHNICAL INSTITUTE                 ,MO,63045-1122,Proprietary  ,111,99,210,111,99,210
00808000,STATE FAIR COMMUNITY COLLEGE            ,MO,65301-0000,Public       ,563,486,1049,563,486,1049
00826900,HILLYARD TECHNICAL CENTER               ,MO,64506-0000,Public       ,32,30,62,32,30,62
00855200,PATRICIA STEVENS COLLEGE                ,MO,63102-2334,Proprietary  ,14,4,18,14,4,18
00860600,TRI-COUNTY TECHNICAL SCHOOL             ,MO,65026-0000,Public       ,1,6,7,1,6,7
00886200,EAST CENTRAL COLLEGE                    ,MO,63084-0529,Public       ,636,378,1014,636,378,1014
00908900,HANNIBAL-LAGRANGE COLLEGE               ,MO,63401-1999,Private      ,383,169,552,383,169,552
00952000,NATIONAL ACADEMY OF BEAUTY ARTS         ,MO,63128-1307,Proprietary  ,15,52,67,15,52,67
00959000,INDEPENDENCE COLLEGE OF COSMETOLOGY     ,MO,64055-1105,Proprietary  ,4,10,14,4,10,14
00960700,HOUSE OF HEAVILIN BEAUTY COLLEGE        ,MO,64110-2826,Proprietary  ,1,7,8,1,7,8
00978200,SAINT LUKE'S COLLEGE                    ,MO,64114-3237,Private      ,58,80,138,58,80,138
00979500,MISSOURI COLLEGE                        ,MO,63144-2901,Proprietary  ,84,177,261,84,177,261
01014814,COLORADO TECHNL UNIV NORTH KANSAS CITY  ,MO,64116-3614,Proprietary  ,57,327,384,57,327,384
01027900,HICKEY COLLEGE                          ,MO,63146-0000,Proprietary  ,21,16,37,21,16,37
01040500,PINNACLE CAREER INSTITUTE               ,MO,64131-3367,Proprietary  ,9,15,24,9,15,24
01102600,WARRENSBURG AREA VOC TECH SCH           ,MO,64093-0000,Public       ,17,16,33,17,16,33
01173500,PIKE/LINCOLN TECHNICAL CENTER           ,MO,63344-0000,Public       ,7,11,18,7,11,18
01212000,ASSEMBLIES OF GOD THEO. SEMINARY        ,MO,65802-0000,Private      ,5,89,94,5,89,94
01250000,RANKEN TECHNICAL COLLEGE                ,MO,63113-2811,Private      ,335,166,501,335,166,501
01258000,ST LOUIS CHRISTIAN COLLEGE              ,MO,63033-6499,Private      ,45,45,90,45,45,90
01320800,BAPTIST BIBLE COLLEGE                   ,MO,65803-3498,Private      ,118,58,176,118,58,176
02056100,FOUR RIVERS CAREER CENTER               ,MO,63090-0000,Public       ,5,14,19,5,14,19
02066900,NICHOLS CAREER CENTER                   ,MO,65101-2814,Public       ,12,35,47,12,35,47
02068200,COX HEALTH - COX COLLEGE                ,MO,65802-0000,Private      ,61,179,240,61,179,240
02068202,COX HEALTH - RADIOLOGIC TECHNOLOGY      ,MO,65802-0000,Private      ,9,25,34,9,25,34
02068204,COX HEALTH - MEDICAL TECHNOLOGY         ,MO,65807-0000,Private      ,3,9,12,3,9,12
02073600,KENNETT CAREER & TECHNOLOGY CENTER      ,MO,63857-0000,Public       ,5,21,26,5,21,26
02090400,BOONSLICK TECHNICAL EDUCATION CTR       ,MO,65233-0000,Public       ,7,8,15,7,8,15
02121100,MIDWEST INSTITUTE                       ,MO,63122-0000,Proprietary  ,5,10,15,5,10,15
02124500,FRANKLIN TECHNOLOGY CENTER              ,MO,64801-0000,Public       ,21,89,110,21,89,110
02142200,LEX LA RAY TECHNICAL CENTER             ,MO,64067-0000,Public       ,12,28,40,12,28,40
02151000,HANNIBAL CAREER AND TECHNICAL CENTE     ,MO,63401-2285,Public       ,8,28,36,8,28,36
02154900,MISSOURI SCH OF BARB & HAIR             ,MO,63031-0000,Proprietary  ,5,7,12,5,7,12
02164200,FOREST INST PROFESSIONAL PSYCHOLOGY     ,MO,65807-0000,Private      ,0,77,77,0,77,77
02165900,CHILLICOTHE BEAUTY ACADEMY              ,MO,64601-0000,Proprietary  ,0,5,5,0,5,5
02180200,METRO BUSINESS COLLEGE                  ,MO,63701-0000,Proprietary  ,19,55,74,19,55,74
02188000,NORTHWEST TECHNICAL SCHOOL              ,MO,64468-0000,Public       ,2,3,5,2,3,5
02188100,NORTHLAND CAREER CENTER                 ,MO,64079-8333,Public       ,1,17,18,1,17,18
02202700,OZARK CHRISTIAN COLLEGE                 ,MO,64801-0000,Private      ,220,56,276,220,56,276
02203400,NEVADA REGIONAL TECHNICAL CENTER        ,MO,64772-0000,Public       ,7,13,20,7,13,20
02205200,SANFORD-BROWN COLLEGE                   ,MO,63026-7305,Proprietary  ,114,713,827,114,713,827
02205203,SANFORD BROWN COLLEGE-ST. PETERS        ,MO,63301-4042,Proprietary  ,63,227,290,63,227,290
02205205,SANFORD BROWN COLLEGE-HAZELWOOD         ,MO,63042-2708,Proprietary  ,43,267,310,43,267,310
02214500,SALEM COLLEGE OF HAIRSTYLING            ,MO,65401-0000,Proprietary  ,2,6,8,2,6,8
02239200,ALLIED COLLEGE - NORTH                  ,MO,63043-0000,Proprietary  ,119,290,409,119,290,409
02242800,GIBSON TECHNICAL CENTER                 ,MO,65737-0169,Public       ,2,23,25,2,23,25
02250600,EVEREST COLLEGE                         ,MO,65807-2446,Proprietary  ,153,427,580,153,427,580
02263400,LAKE CAREER AND TECHNICAL CENTER        ,MO,65020-0000,Public       ,7,2,9,7,2,9
02266400,CENTRAL CHRISTIAN CLG OF THE BIBLE      ,MO,65270-0000,Private      ,100,46,146,100,46,146
02277500,HOUSE OF HEAVILIN OF BLUE SPRINGS       ,MO,64014-3953,Proprietary  ,3,5,8,3,5,8
02289200,COLUMBIA AREA CAREER CENTER             ,MO,65203-0000,Public       ,15,57,72,15,57,72
02295700,MISSOURI BEAUTY ACADEMY                 ,MO,63640-1827,Proprietary  ,3,16,19,3,16,19
02295701,"MISSOURI BEAUTY ACADEMY, LLC - CRYSTAL C",MO,63019-1724,Proprietary  ,1,1,2,1,1,2
02304000,MISSOURI TECH                           ,MO,63132-0000,Proprietary  ,18,11,29,18,11,29
02309100,AMERICAN COLLEGE OF HAIR DESIGN         ,MO,65301-2144,Proprietary  ,5,3,8,5,3,8
02311100,ABBOTT ACADEMY OF COSMETIC ARTS/SCI     ,MO,63376-0000,Proprietary  ,5,3,8,5,3,8
02313000,CASS CAREER CENTER                      ,MO,64701-0000,Public       ,4,22,26,4,22,26
02340500,ST LOUIS COLLEGE OF HEALTH CAREERS      ,MO,63110-0000,Proprietary  ,18,94,112,18,94,112
02340501,ST LOUIS COLLEGE OF HEALTH              ,MO,63129-0000,Proprietary  ,4,3,7,4,3,7
02342100,CAREER & TECHNOLOGY CTR AT FT OSAGE     ,MO,64058-0000,Public       ,4,2,6,4,2,6
02361600,CONCORDE CAREER COLLEGE                 ,MO,64111-0000,Proprietary  ,26,139,165,26,139,165
02497500,CLINTON TECHNICAL SCHOOL                ,MO,64735-2966,Public       ,2,2,4,2,2,4
02520800,MERRELL UNIV OF BTY ARTS & SCIENCES     ,MO,65109-0000,Proprietary  ,26,18,44,26,18,44
02530600,SAINT CHARLES COMMUNITY COLLEGE         ,MO,63376-0975,Public       ,844,425,1269,844,425,1269
02543800,PARIS II EDUCATIONAL CENTER (THE)       ,MO,64118-0000,Proprietary  ,3,17,20,3,17,20
02555300,PATSY AND ROB'S ACADEMY OF BEAUTY       ,MO,63074-0000,Proprietary  ,1,2,3,1,2,3
02564700,ELAINE STEVEN BEAUTY COLLEGE            ,MO,63136-0000,Proprietary  ,7,9,16,7,9,16
02564701,ELAINE STEVEN BEAUTY COLLEGE - ADVANCE B,MO,63383-2006,Proprietary  ,1,1,2,1,1,2
02568500,GRABBER SCHOOL OF HAIR DESIGN           ,MO,63011-0000,Proprietary  ,6,4,10,6,4,10
02599700,VATTEROTT COLLEGE                       ,MO,63134-2900,Proprietary  ,14,37,51,14,37,51
02599701,VATTEROTT COLLEGE - KANSAS CITY         ,MO,64129-1692,Proprietary  ,32,152,184,32,152,184
02599702,VATTEROTT COLLEGE - SPRINGFIELD LOCATION,MO,65807-5340,Proprietary  ,19,71,90,19,71,90
02599703,VATTEROTT COLLEGE - JOPLIN              ,MO,64801-5033,Proprietary  ,8,112,120,8,112,120
02599705,VATTEROTT COLLEGE - SUNSET HILLS        ,MO,63127-1516,Proprietary  ,33,135,168,33,135,168
02599712,VATTEROTT COLLEGE - O'FALLON            ,MO,63366-2748,Proprietary  ,4,41,45,4,41,45
02608000,NEOSHO BEAUTY COLLEGE                   ,MO,64850-1525,Proprietary  ,0,1,1,0,1,1
02608001,NEOSHO BEAUTY COLLEGE - CLASS ACT I COSM,MO,64801-2314,Proprietary  ,1,6,7,1,6,7
02609202,VATTEROTT COLLEGE-ST JOSEPH             ,MO,64501-2911,Proprietary  ,10,11,21,10,11,21
02609203,VATTEROTT COLLEGE - L'ECOLE CULINAIRE   ,MO,63124-1103,Proprietary  ,34,100,134,34,100,134
02611001,HERITAGE COLLEGE                        ,MO,64151-0000,Proprietary  ,31,68,99,31,68,99
03036100,AERO MECHANICS SCHOOL                   ,MO,64152-0000,Proprietary  ,0,2,2,0,2,2
03042400,LEBANON TECHNOLOGY & CAREER CENTER      ,MO,65536-3296,Public       ,2,30,32,2,30,32
03066300,BRYAN CAREER COLLEGE                    ,MO,65806-2507,Proprietary  ,7,24,31,7,24,31
03066301,BRYAN CAREER COLLEGE                    ,MO,64138-0000,Proprietary  ,0,2,2,0,2,2
03068600,NORTH COUNTY TECH SPECIAL SCH DIST      ,MO,63033-6498,Public       ,6,63,69,6,63,69
03070200,CENTRAL COLLEGE OF COSMETOLOGY          ,MO,65583-0000,Proprietary  ,2,1,3,2,1,3
03070900,SE MO HOSP CLG NURSING & HEALTH SCI     ,MO,63703-4507,Private      ,28,89,117,28,89,117
03077200,COSMETOLOGY CONCEPTS INSTITUTE          ,MO,65202-1972,Proprietary  ,9,7,16,9,7,16
03083000,OZARKS TECHNICAL COMMUNITY COLLEGE      ,MO,65802-3601,Public       ,1372,1164,2536,1372,1164,2536
03092600,MESSENGER COLLEGE                       ,MO,64804-4909,Private      ,7,7,14,7,7,14
03097600,ST LOUIS HAIR ACADEMY                   ,MO,63107-1737,Proprietary  ,2,3,5,2,3,5
03101000,NEW DIMENSION SCHOOL OF HAIR DESIGN     ,MO,64801-5017,Proprietary  ,2,4,6,2,4,6
03106000,MISSOURI STATE UNIVERSITY - WEST PLAINS ,MO,65775-2715,Public       ,405,203,608,405,203,608
03110900,HOUSE OF HEAVILIN BEAUTY COLLEGE        ,MO,64030-1154,Proprietary  ,2,2,4,2,2,4
03166300,MOBERLY AREA TECHNICAL CENTER           ,MO,65270-1904,Public       ,6,2,8,6,2,8
03174300,HERNDON CAREER CENTER                   ,MO,64138-2695,Public       ,6,3,9,6,3,9
03519300,MISSOURI COLLEGE OF COSMETOLOGY NORTH   ,MO,65803-1235,Proprietary  ,15,59,74,15,59,74
03528300,MIDWEST UNIVERSITY                      ,MO,63385-2905,Private      ,3,4,7,3,4,7
03579300,TEXAS COUNTY TECHNICAL INSTITUTE        ,MO,65483-2700,Private      ,4,85,89,4,85,89
03616300,AVIATION INSTITUTE OF MAINTENANCE       ,MO,64129-1811,Proprietary  ,17,48,65,17,48,65
03663400,UNIVERSITY OF COSMETOLOGY               ,MO,63080-1910,Proprietary  ,2,4,6,2,4,6
03817300,ST. CHARLES SCHOOL OF MASSAGE THERAPY   ,MO,63303-5607,Proprietary  ,4,7,11,4,7,11
03878300,PROFESSIONAL MASSAGE TRAINING CENTER    ,MO,65803-2939,Proprietary  ,3,3,6,3,3,6
03916300,ECLIPS SCHOOL OF COSMETOLOGY AND BARBERI,MO,63703-5809,Proprietary  ,4,4,8,4,4,8
03924300,HAIR ACADEMY 110 (THE)                  ,MO,63501-2915,Proprietary  ,5,3,8,5,3,8
03970400,MTTI-WELLSPRING CENTER FOR NATURAL HEALT,MO,64114-3313,Proprietary  ,5,20,25,5,20,25
04048300,DIVAS UNLIMITED ACADEMY                 ,MO,63114-2625,Proprietary  ,0,4,4,0,4,4
00314600,WESTERN OKLAHOMA STATE COLLEGE          ,OK,73521-1397,Public       ,132,172,304,132,172,304
00314700,BACONE COLLEGE                          ,OK,74403-1597,Private      ,181,185,366,181,185,366
00314900,SOUTHERN NAZARENE UNIVERSITY            ,OK,73008-2694,Private      ,533,258,791,533,258,791
00315000,CAMERON UNIVERSITY                      ,OK,73505-6377,Public       ,575,861,1436,575,861,1436
00315100,OKLAHOMA WESLEYAN UNIVERSITY            ,OK,74006-6299,Private      ,244,170,414,244,170,414
00315200,UNIV OF CENTRAL OKLAHOMA                ,OK,73034-5209,Public       ,2703,1675,4378,2703,1675,4378
00315300,CONNORS STATE COLLEGE                   ,OK,74469-9700,Public       ,317,341,658,317,341,658
00315400,EAST CENTRAL UNIVERSITY                 ,OK,74820-6999,Public       ,849,758,1607,849,758,1607
00315500,EASTERN OKLAHOMA STATE COLLEGE          ,OK,74578-4999,Public       ,307,268,575,307,268,575
00315600,REDLANDS COMMUNITY COLLEGE              ,OK,73036-5304,Public       ,186,222,408,186,222,408
00315700,LANGSTON UNIVERSITY                     ,OK,73050-0000,Public       ,805,676,1481,805,676,1481
00315800,MURRAY STATE COLLEGE                    ,OK,73460-3137,Public       ,308,409,717,308,409,717
00316000,NORTHEASTERN OKLAHOMA A & M COLLEGE     ,OK,74354-6497,Public       ,479,221,700,479,221,700
00316100,NORTHEASTERN STATE UNIVERSITY           ,OK,74464-2399,Public       ,1847,2049,3896,1847,2049,3896
00316200,NORTHERN OKLAHOMA COLLEGE               ,OK,74653-0310,Public       ,428,484,912,428,484,912
00316300,NORTHWESTERN OKLAHOMA STATE UNIV        ,OK,73717-2799,Public       ,314,218,532,314,218,532
00316400,OKLAHOMA BAPTIST UNIVERSITY             ,OK,74801-2590,Private      ,786,92,878,786,92,878
00316500,OKLAHOMA CHRISTIAN UNIVERSITY           ,OK,73131-0000,Private      ,917,134,1051,917,134,1051
00316600,OKLAHOMA CITY UNIVERSITY                ,OK,73106-1493,Private      ,964,937,1901,964,937,1901
00316700,UNIV OF SCIENCE & ARTS OF OKLAHOMA      ,OK,73018-5322,Public       ,268,169,437,268,169,437
00316800,ROGERS STATE UNIVERSITY                 ,OK,74017-3252,Public       ,753,646,1399,753,646,1399
00317000,OKLAHOMA STATE UNIVERSITY               ,OK,74078-1015,Public       ,5855,2318,8173,5855,2318,8173
00317200,OKLAHOMA STATE UNIVERSITY-OKMULGEE      ,OK,74447-3901,Public       ,448,326,774,448,326,774
00317400,OKLAHOMA PANHANDLE STATE UNIVERSITY     ,OK,73939-0000,Public       ,246,88,334,246,88,334
00317600,CARL ALBERT STATE COLLEGE               ,OK,74953-5208,Public       ,382,527,909,382,527,909
00317800,SEMINOLE STATE COLLEGE                  ,OK,74818-1902,Public       ,241,335,576,241,335,576
00317900,SOUTHEASTERN OKLAHOMA STATE UNIV        ,OK,74701-0609,Public       ,888,548,1436,888,548,1436
00318000,SOUTHWESTERN CHRISTIAN UNIVERSITY       ,OK,73008-2335,Private      ,35,28,63,35,28,63
00318100,SOUTHWESTERN OKLAHOMA STATE UNIV        ,OK,73096-3098,Public       ,1077,571,1648,1077,571,1648
00318101,SOUTHWESTERN OK STATE UNIV AT SAYRE     ,OK,73662-0000,Public       ,36,58,94,36,58,94
00318300,ST GREGORY'S UNIVERSITY                 ,OK,74804-2499,Private      ,123,146,269,123,146,269
00318308,SAINT GREGORY'S UNIVERSITY - IPD TULSA  ,OK,74135-2499,Private      ,0,55,55,0,55,55
00318400,UNIVERSITY OF OKLAHOMA                  ,OK,73019-4078,Public       ,7403,3182,10585,7403,3182,10585
00318401,UNIVERSITY OF OKLAHOMA-HLTH SCI CTR     ,OK,73190-0000,Public       ,167,1075,1242,167,1075,1242
00318500,UNIVERSITY OF TULSA                     ,OK,74104-3189,Private      ,1500,684,2184,1500,684,2184
00398500,ORAL ROBERTS UNIVERSITY                 ,OK,74171-0001,Private      ,1313,455,1768,1313,455,1768
00531100,TULSA COUNTY AREA VOC TECH SCHOOL       ,OK,74145-0000,Public       ,33,148,181,33,148,181
00531200,RED RIVER TECHNOLOGY CENTER             ,OK,73533-2700,Public       ,4,10,14,4,10,14
00533900,METRO TECHNOLOGY CENTERS SCH DIST22     ,OK,73111-0000,Public       ,36,225,261,36,225,261
00533903,METRO TECHNOLOGY CENTERS SCH DIST22     ,OK,73129-0000,Public       ,8,57,65,8,57,65
00694200,MID-AMERICA CHRISTIAN UNIVERSITY        ,OK,73170-4504,Private      ,132,176,308,132,176,308
00767800,SPARTAN COLLEGE OF AERONAUTICS AND TECHN,OK,74115-5800,Proprietary  ,251,163,414,251,163,414
00791100,VIRGILS BEAUTY COLLEGE                  ,OK,74401-6802,Proprietary  ,3,2,5,3,2,5
00834300,AUTRY TECHNOLOGY CENTER                 ,OK,73703-2598,Public       ,8,56,64,8,56,64
00861900,TRI COUNTY TECHNOLOGY CENTER            ,OK,74006-6029,Public       ,14,48,62,14,48,62
00918500,ROSE STATE COLLEGE                      ,OK,73110-2799,Public       ,514,1026,1540,514,1026,1540
00920400,KIAMICHI AREA VOC TECH SCHOOL           ,OK,74578-0548,Public       ,42,257,299,42,257,299
00920408,KIAMICHI AREA VOC TECH SCHOOL           ,OK,74953-0000,Public       ,9,28,37,9,28,37
00961800,TULSA WELDING SCHOOL                    ,OK,74104-0000,Proprietary  ,76,59,135,76,59,135
00964700,"OKLAHOMA STATE UNIV, OKLA CITY          ",OK,73107-6159,Public       ,464,922,1386,464,922,1386
00970800,EVES COLLEGE OF HAIRSTYLING             ,OK,73501-4359,Proprietary  ,4,5,9,4,5,9
00976300,TULSA COMMUNITY COLLEGE                 ,OK,74135-6198,Public       ,1405,2152,3557,1405,2152,3557
00996300,CADDO KIOWA VOC TECH CENTER             ,OK,73038-0000,Public       ,17,75,92,17,75,92
00996400,CENTRAL OKLAHOMA AREA VOC TECH SCH      ,OK,74030-9613,Public       ,6,44,50,6,44,50
00996500,CANADIAN VALLEY TECHNOLOGY CENTER       ,OK,73036-9117,Public       ,14,65,79,14,65,79
00996800,GORDON COOPER TECHNOLOGY CENTER         ,OK,74804-9913,Public       ,16,107,123,16,107,123
01005300,INDIAN CAPITAL TECHNOLGY CENTER #4      ,OK,74403-9907,Public       ,30,138,168,30,138,168
01026600,HILLSDALE FREE WILL BAPTIST COLLEGE     ,OK,73153-0000,Private      ,46,15,61,46,15,61
01034200,SOUTHERN OKLAHOMA TECHNOLOGY CENTER     ,OK,73401-2100,Public       ,13,46,59,13,46,59
01039100,OKLAHOMA CITY COMMUNITY COLLEGE         ,OK,73159-4444,Public       ,806,1419,2225,806,1419,2225
01071700,GREAT PLAINS TECHNOLOGY CENTER SCHOOL DI,OK,73505-8399,Public       ,24,104,128,24,104,128
01076200,WESTERN OK AREA VOC TECH SCH DIST12     ,OK,73624-1469,Public       ,5,19,24,5,19,24
01120600,PIONEER TECHNOLOGY CENTER               ,OK,74601-1106,Public       ,2,22,24,2,22,24
01128200,OKLAHOMA STATE UNV CLG OSTEOPTHC MD     ,OK,74107-0000,Public       ,16,206,222,16,206,222
01153700,MID-AMERICA TECHNOLOGY CENTER           ,OK,73095-0210,Public       ,4,15,19,4,15,19
01227200,MOORE-NORMAN TECHNOLOGY CENTER          ,OK,73069-8399,Public       ,29,128,157,29,128,157
02052700,NORTHEAST TECHNOLOGY CENTER             ,OK,74361-0487,Public       ,18,62,80,18,62,80
02060800,MERIDIAN TECHNOLOGY CENTER              ,OK,74074-0000,Public       ,31,79,110,31,79,110
02126500,ENID BEAUTY COLLEGE                     ,OK,73701-0000,Proprietary  ,0,2,2,0,2,2
02177900,STATE BARBER AND HAIR DESIGN CLG        ,OK,73108-0000,Proprietary  ,2,4,6,2,4,6
02184400,SAND SPRINGS BEAUTY COLLEGE             ,OK,74063-0000,Proprietary  ,4,24,28,4,24,28
02197300,HOLLYWOOD COSMETOLOGY CENTER            ,OK,73189-0000,Proprietary  ,1,3,4,1,3,4
02222700,FRANCIS TUTTLE TECHNOLOGY CENTER        ,OK,73142-0000,Public       ,40,211,251,40,211,251
02238500,CENTRAL STATE BEAUTY ACADEMY            ,OK,73162-6007,Proprietary  ,8,24,32,8,24,32
02250900,E OK COUNTY AREA VO-TECH                ,OK,73020-0000,Public       ,3,18,21,3,18,21
02256200,"BROKEN ARROW BEAUTY COLLEGE, INC        ",OK,74012-0000,Proprietary  ,4,24,28,4,24,28
02282100,HIGH PLAINS AREA VOC-TECH               ,OK,73801-0000,Public       ,3,19,22,3,19,22
02306800,PLATT COLLEGE                           ,OK,74145-0000,Proprietary  ,23,88,111,23,88,111
02510300,BEAUTY TECHNICAL COLLEGE                ,OK,74465-0000,Proprietary  ,1,1,2,1,1,2
02531200,WOODWARD BEAUTY COLLEGE                 ,OK,73801-0000,Proprietary  ,2,1,3,2,1,3
02554300,AMERICAN BEAUTY INSTITUTE               ,OK,74501-0000,Proprietary  ,4,5,9,4,5,9
02556500,YUKON BEAUTY COLLEGE                    ,OK,73099-4108,Proprietary  ,0,3,3,0,3,3
02560200,PHILLIPS THEOLOGICAL SEMINARY -         ,OK,74116-5612,Private      ,0,29,29,0,29,29
02571500,CITY COLLEGE                            ,OK,73160-0000,Proprietary  ,2,8,10,2,8,10
02581100,CLAREMORE BEAUTY COLLEGE                ,OK,74017-7034,Proprietary  ,2,4,6,2,4,6
02581200,CC'S COSMETOLOGY COLLEGE                ,OK,74129-0000,Proprietary  ,6,27,33,6,27,33
02591101,CAREER POINT INSTITUTE                  ,OK,74146-0000,Proprietary  ,8,15,23,8,15,23
02597400,PONTOTOC TECHNOLOGY CENTER SCHOOL       ,OK,74820-8621,Public       ,5,34,39,5,34,39
02599706,VATTEROTT COLLEGE - TULSA               ,OK,74146-2205,Proprietary  ,5,36,41,5,36,41
02600000,NORTHWEST TECHNOLOG CTR SCH DIST 10     ,OK,73717-9600,Public       ,1,4,5,1,4,5
02600500,WES WATKINS TECHNOLOGY CENTER           ,OK,74883-9660,Public       ,9,66,75,9,66,75
02609205,VATTEROTT COLLEGE - OKLAHOMA CITY       ,OK,73127-2103,Proprietary  ,11,99,110,11,99,110
03008700,SOUTHWEST TECHNOLOGY CENTER             ,OK,73521-1527,Public       ,2,12,14,2,12,14
03010300,POTEAU BEAUTY COLLEGE                   ,OK,74953-5400,Proprietary  ,1,2,3,1,2,3
03024700,STILLWATER BEAUTY ACADEMY               ,OK,74075-3467,Proprietary  ,3,4,7,3,4,7
03030700,OKLAHOMA SCHOOL OF PHOTOGRAPHY          ,OK,73160-3320,Proprietary  ,4,9,13,4,9,13
03030800,AMERICAN BROADCASTING SCHOOL            ,OK,73115-3334,Proprietary  ,5,25,30,5,25,30
03051100,CHISHOLM TRAIL TECHNOLOGY CENTER        ,OK,73764-9720,Public       ,1,8,9,1,8,9
03078500,TECH INST OF COSMETOLOGY ARTS & SCI     ,OK,74120-3610,Proprietary  ,0,1,1,0,1,1
03089400,SCHOOL OF HAIR DESIGN                   ,OK,74745-3447,Proprietary  ,2,2,4,2,2,4
03103800,SOUTHERN SCHOOL OF BEAUTY               ,OK,74701-5008,Proprietary  ,2,6,8,2,6,8
03109801,BARTLESVILLE BEAUTY COLLEGE             ,OK,74003-2835,Proprietary  ,0,1,1,0,1,1
03115100,HERITAGE COLLEGE                        ,OK,73119-0000,Proprietary  ,22,136,158,22,136,158
03124800,PLATT COLLEGE                           ,OK,73501-3808,Proprietary  ,2,23,25,2,23,25
03126200,GREEN COUNTRY AREA VOC TECH SCHOOL      ,OK,74447-1217,Public       ,9,16,25,9,16,25
03198400,MID-DEL AREA VOCATIONAL & TECH SCH      ,OK,73110-4825,Public       ,2,10,12,2,10,12
03329400,PRYOR BEAUTY COLLEGE                    ,OK,74361-0000,Proprietary  ,0,1,1,0,1,1
03329401,PRYOR BEAUTY COLLEGE - GROVE BEAUTY COLL,OK,74345-0009,Proprietary  ,0,1,1,0,1,1
03367400,COMMUNITY CARE COLLEGE                  ,OK,74145-6420,Proprietary  ,44,110,154,44,110,154
03396300,OKLAHOMA HEALTH ACADEMY                 ,OK,74105-6220,Proprietary  ,2,12,14,2,12,14
03396400,OKLAHOMA HEALTH ACADEMY                 ,OK,73160-3667,Proprietary  ,5,14,19,5,14,19
03453400,SHAWNEE BEAUTY COLLEGE                  ,OK,74801-7014,Proprietary  ,0,1,1,0,1,1
03676300,FAMILY OF FAITH COLLEGE                 ,OK,74802-1805,Private      ,0,4,4,0,4,4
03831300,INSTITUTE OF HAIR DESIGN                ,OK,74804-0000,Proprietary  ,0,2,2,0,2,2
03928300,CENTRAL STATE MASSAGE ACADEMY           ,OK,73162-6007,Proprietary  ,1,8,9,1,8,9
04027300,4-STATES ACADEMY OF COSMETOLOGY         ,OK,74354-0000,Proprietary  ,1,2,3,1,2,3
04060300,AMERICAN INSTITUTE OF MEDICAL TECHNOLOGY,OK,74146-5201,Proprietary  ,7,23,30,7,23,30
04062300,OKLAHOMA TECHNOLOGY INSTITUTE           ,OK,73114-6318,Proprietary  ,3,14,17,3,14,17
00163700,BETHANY THEOLOGICAL SEMINARY            ,IN,47374-0000,Private      ,0,6,6,0,6,6
00178400,ANCILLA COLLEGE-FINANCIAL AID OFFC      ,IN,46513-0001,Private      ,341,300,641,341,300,641
00178500,ANDERSON UNIVERSITY                     ,IN,46012-3495,Private      ,2167,451,2618,2167,451,2618
00178600,BALL STATE UNIVERSITY                   ,IN,47306-0880,Public       ,14728,5485,20213,14728,5485,20213
00178700,BETHEL COLLEGE INC                      ,IN,46545-5591,Private      ,1289,719,2008,1289,719,2008
00178800,BUTLER UNIVERSITY                       ,IN,46208-3487,Private      ,4651,778,5429,4651,778,5429
00178900,CHRISTIAN THEOLOGICAL SEMINARY          ,IN,46208-0000,Private      ,0,109,109,0,109,109
00179200,DEPAUW UNIVERSITY                       ,IN,46135-0037,Private      ,2278,23,2301,2278,23,2301
00179300,EARLHAM COLLEGE                         ,IN,47374-4095,Private      ,1079,46,1125,1079,46,1125
00179301,EARLHAM SCHOOL OF RELIGION              ,IN,47374-0000,Private      ,11,17,28,11,17,28
00179500,UNIVERSITY OF EVANSVILLE                ,IN,47722-0002,Private      ,3127,296,3423,3127,296,3423
00179800,FRANKLIN COLLEGE OF INDIANA             ,IN,46131-2623,Private      ,1551,94,1645,1551,94,1645
00179900,GOSHEN COLLEGE                          ,IN,46526-4794,Private      ,810,156,966,810,156,966
00180000,GRACE COLLEGE & THEO SEMINARY           ,IN,46590-1224,Private      ,1014,523,1537,1014,523,1537
00180100,HANOVER COLLEGE                         ,IN,47243-0108,Private      ,1337,24,1361,1337,24,1361
00180300,HUNTINGTON UNIVERSITY                   ,IN,46750-1299,Private      ,986,120,1106,986,120,1106
00180400,UNIVERSITY OF INDIANAPOLIS              ,IN,46227-3697,Private      ,3829,1564,5393,3829,1564,5393
00180500,INDIANA INSTITUTE OF TECHNOLOGY         ,IN,46803-1297,Private      ,1004,1215,2219,1004,1215,2219
00180700,INDIANA STATE UNIVERSITY                ,IN,47809-2501,Public       ,6645,3262,9907,6645,3262,9907
00180800,UNIVERSITY OF SOUTHERN INDIANA          ,IN,47712-3596,Public       ,6668,1774,8442,6668,1774,8442
00180900,INDIANA UNIVERSITY-BLOOMINGTON          ,IN,47405-1223,Public       ,20961,6209,27170,20961,6209,27170
00181100,INDIANA UNIV-EAST                       ,IN,47374-1289,Public       ,792,922,1714,792,922,1714
00181300,INDIANA UNIV-PURDUE UNIV INDPLS         ,IN,46202-5145,Public       ,10147,10807,20954,10147,10807,20954
00181301,INDIANA UNIVERSITY - PURDUE UNIVERSITY I,IN,47203-1769,Public       ,798,607,1405,798,607,1405
00181400,INDIANA UNIV KOKOMO                     ,IN,46902-3557,Public       ,1032,865,1897,1032,865,1897
00181500,INDIANA UNIV-NORTHWEST                  ,IN,46408-1197,Public       ,1571,1982,3553,1571,1982,3553
00181600,INDIANA UNIVERSITY - SOUTH BEND         ,IN,46615-0000,Public       ,2721,2317,5038,2721,2317,5038
00181700,INDIANA UNIVERSITY-SOUTHEAST            ,IN,47150-6405,Public       ,1977,1632,3609,1977,1632,3609
00182000,MANCHESTER COLLEGE                      ,IN,46962-1276,Private      ,1588,79,1667,1588,79,1667
00182100,MARIAN UNIVERSITY                       ,IN,46222-1997,Private      ,1303,974,2277,1303,974,2277
00182200,INDIANA WESLEYAN UNIVERSITY             ,IN,46953-4974,Private      ,3073,4021,7094,3073,4021,7094
00182300,ASSOCIATED MENNONITE BIBLICAL SEM       ,IN,46517-1999,Private      ,3,29,32,3,29,32
00182400,OAKLAND CITY UNIVERSITY                 ,IN,47660-1099,Private      ,587,1343,1930,587,1343,1930
00182500,PURDUE UNIVERSITY                       ,IN,47907-2050,Public       ,24365,4354,28719,24365,4354,28719
00182600,PURDUE UNIV NORTH CENTRAL CAMPUS        ,IN,46391-9528,Public       ,1500,1419,2919,1500,1419,2919
00182700,PURDUE UNIV CALUMET                     ,IN,46323-2094,Public       ,3042,2494,5536,3042,2494,5536
00182800,INDIANA UNIV-PURDUE UNIV FORT WAYNE     ,IN,46805-1499,Public       ,5378,3438,8816,5378,3438,8816
00183000,ROSE HULMAN INSTITUTE OF TECHNOLOGY     ,IN,47803-3999,Private      ,2379,61,2440,2379,61,2440
00183200,UNIVERSITY OF SAINT FRANCIS             ,IN,46808-3994,Private      ,1711,932,2643,1711,932,2643
00183300,ST JOSEPH'S COLLEGE                     ,IN,47978-0000,Private      ,1098,85,1183,1098,85,1183
00183400,CALUMET COLLEGE OF SAINT JOSEPH         ,IN,46394-2195,Private      ,244,376,620,244,376,620
00183500,SAINT MARY-OF-THE-WOODS COLLEGE         ,IN,47876-0067,Private      ,308,699,1007,308,699,1007
00183600,ST MARY'S COLLEGE                       ,IN,46556-5007,Private      ,1500,30,1530,1500,30,1530
00183800,TAYLOR UNIVERSITY                       ,IN,46989-1001,Private      ,1947,77,2024,1947,77,2024
00183801,TAYLOR UNIVERSITY - FORT WAYNE          ,IN,46807-0000,Private      ,446,173,619,446,173,619
00183900,TRINE UNIVERSITY                        ,IN,46703-1764,Private      ,1910,434,2344,1910,434,2344
00184000,UNIVERSITY OF NOTRE DAME                ,IN,46556-5602,Private      ,10582,2305,12887,10582,2305,12887
00184200,VALPARAISO UNIVERSITY                   ,IN,46383-6493,Private      ,3724,1128,4852,3724,1128,4852
00184300,VINCENNES UNIVERSITY                    ,IN,47591-1523,Public       ,3797,1461,5258,3797,1461,5258
00184302,VINCENNES UNIV - FORT HARRISON CNTR     ,IN,46256-0000,Public       ,54,49,103,54,49,103
00184400,WABASH COLLEGE                          ,IN,47933-0352,Private      ,1077,21,1098,1077,21,1098
00224905,DAVENPORT UNIVERSITY-MERRILLVILLE       ,IN,46410-0000,Private      ,78,453,531,78,453,531
00420300,GOOD SAMARITAN HOSP RADIOGRAPHY PRG     ,IN,47591-0000,Public       ,5,8,13,5,8,13
00457900,INTERNATIONAL BUSINESS COLLEGE          ,IN,46804-0000,Proprietary  ,498,189,687,498,189,687
00457901,INTERNATIONAL BUSINESS COLLEGE          ,IN,46256-0000,Proprietary  ,338,76,414,338,76,414
00458300,BROWN MACKIE COLLEGE-SOUTH BEND         ,IN,46635-1776,Proprietary  ,227,1310,1537,227,1310,1537
00512730,BROWN MACKIE COLLEGE-MERRILLVILLE       ,IN,46410-0000,Proprietary  ,120,918,1038,120,918,1038
00625700,SAINT ELIZABETH SCHOOL OF NURSING       ,IN,47904-2198,Private      ,96,149,245,96,149,245
00726300,HOLY CROSS COLLEGE                      ,IN,46556-0308,Private      ,434,39,473,434,39,473
00727600,SAINT MEINRAD SCHOOL OF THEOLOGY        ,IN,47577-1002,Private      ,6,24,30,6,24,30
00732700,ITT TECHNICAL INSTITUTE                 ,IN,47630-7430,Proprietary  ,268,316,584,268,316,584
00732900,ITT TECHNICAL INSTITUTE                 ,IN,46268-1119,Proprietary  ,354,580,934,354,580,934
00736200,MEDTECH COLLEGE                         ,IN,46250-3970,Proprietary  ,9,117,126,9,117,126
00793800,LINCOLN COLLEGE OF TECHNOLOGY           ,IN,46202-0000,Proprietary  ,876,207,1083,876,207,1083
00832900,ITT TECHNICAL INSTITUTE                 ,IN,46825-2393,Proprietary  ,330,305,635,330,305,635
00842300,IVY TECH COMMUNITY COLLEGE OF INDIANA - ,IN,46601-3892,Public       ,1126,2278,3404,1126,2278,3404
00854600,NOT FOR STUDENT USE                     ,IN,46208-4700,Public       ,1586,2049,3635,1586,2049,3635
00854700,IVY TECH COMMUNITY COLLEGE OF INDIANA - ,IN,47802-4898,Public       ,1075,1904,2979,1075,1904,2979
00951500,J MICHAEL HARROLD BEAUTY ACADEMY        ,IN,47807-3390,Proprietary  ,12,10,22,12,10,22
00961200,"APEX SCHOOL OF BEAUTY CULTURE, INC      ",IN,46016-0000,Proprietary  ,2,3,5,2,3,5
00961300,MERRILLVILLE BEAUTY COLLEGE             ,IN,46410-3401,Proprietary  ,6,18,24,6,18,24
00967300,RUDAE'S SCHOOL OF BEAUTY CULTURE        ,IN,46825-5444,Proprietary  ,10,10,20,10,10,20
00967301,RUDAE'S SCHOOL OF BEAUTY CULTURE - FORT ,IN,46825-5444,Proprietary  ,14,7,21,14,7,21
00977700,KAPLAN COLLEGE                          ,IN,46278-1736,Proprietary  ,96,221,317,96,221,317
00991700,IVY TECH COMMUNITY COLLEGE OF INDIANA - ,IN,46208-1763,Public       ,1900,3579,5479,1900,3579,5479
00992300,IVY TECH COMMUNITY COLLEGE OF INDIANA - ,IN,47250-1881,Public       ,388,596,984,388,596,984
00992400,IVY TECH COMMUNITY COLLEGE OF INDIANA - ,IN,47302-9448,Public       ,1503,2475,3978,1503,2475,3978
00992500,IVY TECH COMMUNITY COLLEGE OF INDIANA - ,IN,47710-3398,Public       ,1104,1474,2578,1104,1474,2578
00992600,IVY TECH COMMUNITY COLLEGE OF INDIANA- R,IN,46805-1489,Public       ,1888,2930,4818,1888,2930,4818
01003700,IVY TECH STATE COLLEGE - REGION 9       ,IN,47374-1220,Public       ,447,1103,1550,447,1103,1550
01003800,IVY TECH COMMUNITY COLLEGE OF INDIANA - ,IN,47203-1868,Public       ,556,1110,1666,556,1110,1666
01003900,IVY TECH COMMUNITY COLLEGE OF INDIANA - ,IN,47903-6299,Public       ,1429,1596,3025,1429,1596,3025
01004000,IVY TECH COMMUNITY COLLEGE OF INDIANA - ,IN,46409-1303,Public       ,838,2109,2947,838,2109,2947
01004100,IVY TECH STATE COLLEGE - REGION 5       ,IN,46903-1373,Public       ,613,1226,1839,613,1226,1839
01010900,IVY TECH COMMUNITY COLLEGE OF INDIANA - ,IN,47172-1897,Public       ,516,1053,1569,516,1053,1569
01015100,VINCENNES BEAUTY COLLEGE                ,IN,47591-1297,Proprietary  ,9,8,17,9,8,17
01040900,LAFAYETTE BEAUTY ACADEMY                ,IN,47901-1149,Proprietary  ,11,26,37,11,26,37
01061800,MID-AMERICA CLG FUNERAL SERVICE         ,IN,47130-9990,Private      ,14,27,41,14,27,41
01150500,CREATIVE HAIR STYLING ACADEMY           ,IN,46322-1554,Proprietary  ,9,10,19,9,10,19
02084800,RAVENSCROFT BEAUTY COLLEGE              ,IN,46815-0000,Proprietary  ,15,17,32,15,17,32
02087600,CONCORDIA THEOLOGICAL SEMINARY          ,IN,46825-0000,Private      ,1,110,111,1,110,111
02118900,EVANSVILLE TRI STATE BEAUTY COLLEGE     ,IN,47715-0000,Proprietary  ,24,13,37,24,13,37
02140800,MARTIN UNIVERSITY                       ,IN,46218-0000,Private      ,59,526,585,59,526,585
02158400,HARRISON COLLEGE                        ,IN,46204-2611,Proprietary  ,238,868,1106,238,868,1106
02158401,HARRISON COLLEGE - COLUMBUS             ,IN,47203-1843,Proprietary  ,68,226,294,68,226,294
02158402,HARRISON COLLEGE - LAFAYETTE            ,IN,47905-4859,Proprietary  ,66,222,288,66,222,288
02158404,HARRISON COLLEGE - MARION               ,IN,46952-0000,Proprietary  ,18,71,89,18,71,89
02158405,HARRISON COLLEGE - TERRE HAUTE          ,IN,47802-0000,Proprietary  ,42,219,261,42,219,261
02158407,HARRISON COLLEGE - ANDERSON             ,IN,46013-0000,Proprietary  ,58,144,202,58,144,202
02158409,HARRISON COLLEGE - EVANSVILLE           ,IN,47715-3901,Proprietary  ,79,178,257,79,178,257
02158410,HARRISON COLLEGE - EAST                 ,IN,46239-8903,Proprietary  ,97,308,405,97,308,405
02158412,HARRISON COLLEGE - FORT WAYNE           ,IN,46825-0000,Proprietary  ,130,360,490,130,360,490
02158413,HARRISON COLLEGE - NORTHWEST            ,IN,46278-0000,Proprietary  ,38,124,162,38,124,162
02158800,DON ROBERTS BEAUTY SCHOOLS              ,IN,46383-0000,Proprietary  ,8,5,13,8,5,13
02164300,DON ROBERTS SCHOOL OF HAIR DESIGN       ,IN,46375-9999,Proprietary  ,5,5,10,5,5,10
02201800,KAPLAN COLLEGE                          ,IN,46410-0000,Proprietary  ,66,287,353,66,287,353
02201802,KAPLAN COLLEGE - HAMMOND                ,IN,46324-3347,Proprietary  ,78,317,395,78,317,395
02241700,PJ'S COLLEGE OF COSMETOLOGY             ,IN,47129-0000,Proprietary  ,4,18,22,4,18,22
02302700,J EVERETT LIGHT CAREER CENTER           ,IN,46240-0000,Public       ,20,90,110,20,90,110
02304800,PJ'S COLLEGE OF COSMETOLOGY             ,IN,47374-0000,Proprietary  ,4,10,14,4,10,14
02308900,MASTER'S OF COSMETOLOGY COLLEGE         ,IN,46809-0000,Proprietary  ,22,22,44,22,22,44
02339600,ROGER'S ACADEMY OF HAIR DESIGN          ,IN,47712-0000,Proprietary  ,12,7,19,12,7,19
02345200,EMPIRE BEAUTY SCHOOL                    ,IN,46237-0000,Proprietary  ,29,46,75,29,46,75
02347600,BALL MEMORIAL HOSPITAL SCH RAD TECH     ,IN,47303-0000,Private      ,22,18,40,22,18,40
02351300,KNOX BEAUTY COLLEGE                     ,IN,46534-0000,Proprietary  ,8,10,18,8,10,18
02490500,HAIR FASHIONS BY KAYE BEAUTY CLG        ,IN,46250-0000,Proprietary  ,18,30,48,18,30,48
02490800,HAIR FASHIONS BY KAYE BEAUTY CLG        ,IN,46060-0000,Proprietary  ,16,13,29,16,13,29
02607000,HAIR ARTS ACADEMY                       ,IN,47404-3581,Proprietary  ,5,9,14,5,9,14
02615800,COLLEGE OF COURT REPORTING              ,IN,46342-5969,Proprietary  ,5,62,67,5,62,67
03009700,HARRISON COLLEGE                        ,IN,47303-6413,Proprietary  ,81,254,335,81,254,335
03084601,THE ART INSTITUTE OF INDIANAPOLIS       ,IN,46268-1170,Proprietary  ,358,256,614,358,256,614
03176300,AMERICAN TRANS AIR AVIATION ACADEMY     ,IN,46241-1445,Proprietary  ,16,65,81,16,65,81
03262300,DAVID DEMUTH INSTITUTE OF COSM          ,IN,47374-4101,Proprietary  ,6,11,17,6,11,17
03456700,CROSSROADS BIBLE COLLEGE                ,IN,46219-4912,Private      ,42,106,148,42,106,148
03521300,IVY TECH COMMUNITY COLLEGE OF INDIANA - ,IN,47404-9772,Public       ,1335,1448,2783,1335,1448,2783
03538300,ALEXANDRIA SCH OF SCIENTIFIC THERAP     ,IN,46001-0287,Proprietary  ,10,17,27,10,17,27
04038700,IDEAL BEAUTY ACADEMY                    ,IN,47130-4215,Proprietary  ,7,1,8,7,1,8
04100300,SUCCESS SCHOOLS                         ,IN,46410-5310,Proprietary  ,0,5,5,0,5,5
00190100,ALLEN COUNTY COMMUNITY COLLEGE          ,KS,66749-1607,Public       ,308,191,499,308,191,499
00190200,COWLEY COUNTY COMMUNITY COLLEGE & AREA V,KS,67005-2662,Public       ,443,414,857,443,414,857
00190300,BAKER UNIVERSITY                        ,KS,66006-0065,Private      ,999,477,1476,999,477,1476
00190400,BETHANY COLLEGE                         ,KS,67456-1897,Private      ,473,44,517,473,44,517
00190500,BETHEL COLLEGE                          ,KS,67117-0531,Private      ,340,64,404,340,64,404
00190600,BUTLER COUNTY COMMUNITY COLLEGE         ,KS,67042-3280,Public       ,968,828,1796,968,828,1796
00190700,CENTRAL BAPTIST THEOLOGY SEMINARY       ,KS,66226-3513,Private      ,0,5,5,0,5,5
00190800,CENTRAL CHRISTIAN COLLEGE OF KANSAS     ,KS,67460-5799,Private      ,200,22,222,200,22,222
00190900,CLOUD COUNTY COMMUNITY COLLEGE          ,KS,66901-1002,Public       ,339,204,543,339,204,543
00191000,COFFEYVILLE COMMUNITY COLLEGE           ,KS,67337-5064,Public       ,264,47,311,264,47,311
00191100,COLBY COMMUNITY COLLEGE                 ,KS,67701-4099,Public       ,236,70,306,236,70,306
00191300,DODGE CITY COMMUNITY COLLEGE            ,KS,67801-2399,Public       ,188,66,254,188,66,254
00191400,DONNELLY COLLEGE                        ,KS,66102-4298,Private      ,46,71,117,46,71,117
00191500,FORT HAYS STATE UNIVERSITY              ,KS,67601-4099,Public       ,1935,1116,3051,1935,1116,3051
00191600,FORT SCOTT COMMUNITY COLLEGE            ,KS,66701-3199,Public       ,413,155,568,413,155,568
00191700,BARCLAY COLLEGE                         ,KS,67059-0288,Private      ,36,12,48,36,12,48
00191800,FRIENDS UNIVERSITY                      ,KS,67213-3397,Private      ,831,628,1459,831,628,1459
00191900,GARDEN CITY COMMUNITY COLLEGE           ,KS,67846-6398,Public       ,253,111,364,253,111,364
00192000,HESSTON COLLEGE                         ,KS,67062-2093,Private      ,284,82,366,284,82,366
00192100,HIGHLAND COMMUNITY COLLEGE              ,KS,66035-4062,Public       ,427,193,620,427,193,620
00192114,HIGHLAND COMMUNITY COLLEGE - NOTHEAST KA,KS,66002-1513,Public       ,19,29,48,19,29,48
00192300,HUTCHINSON COMMUNITY COLLEGE            ,KS,67501-5894,Public       ,726,399,1125,726,399,1125
00192400,INDEPENDENCE COMMUNITY COLLEGE          ,KS,67301-0000,Public       ,146,46,192,146,46,192
00192500,KANSAS CITY KANSAS COMMUNITY CLG        ,KS,66112-9978,Public       ,376,693,1069,376,693,1069
00192502,"KANSAS CITY KS AREA TECH SCHOOL, KS     ",KS,66104-0000,Public       ,20,58,78,20,58,78
00192600,PITTSBURG STATE UNIVERSITY              ,KS,66762-7500,Public       ,2209,799,3008,2209,799,3008
00192700,EMPORIA STATE UNIVERSITY                ,KS,66801-5087,Public       ,1784,885,2669,1784,885,2669
00192800,KANSAS STATE UNIVERSITY                 ,KS,66506-1104,Public       ,9186,2578,11764,9186,2578,11764
00192900,KANSAS WESLEYAN UNIVERSITY              ,KS,67401-6196,Private      ,656,198,854,656,198,854
00193000,LABETTE COMMUNITY COLLEGE               ,KS,67357-4299,Public       ,146,89,235,146,89,235
00193100,MANHATTAN CHRISTIAN COLLEGE             ,KS,66502-4081,Private      ,192,28,220,192,28,220
00193300,MCPHERSON COLLEGE                       ,KS,67460-3899,Private      ,516,64,580,516,64,580
00193600,NEOSHO COUNTY COMMUNITY COLLEGE         ,KS,66720-2699,Public       ,181,141,322,181,141,322
00193700,OTTAWA UNIVERSITY                       ,KS,66067-3399,Private      ,521,374,895,521,374,895
00193800,PRATT COMMUNITY COLLEGE                 ,KS,67124-8432,Public       ,228,78,306,228,78,306
00193900,NEWMAN UNIVERSITY                       ,KS,67213-2084,Private      ,469,483,952,469,483,952
00194000,SOUTHWESTERN COLLEGE                    ,KS,67156-2499,Private      ,482,345,827,482,345,827
00194300,UNIVERSITY OF ST MARY                   ,KS,66048-5023,Private      ,260,146,406,260,146,406
00194500,STERLING COLLEGE                        ,KS,67579-1533,Private      ,543,42,585,543,42,585
00194600,TABOR COLLEGE                           ,KS,67063-1799,Private      ,370,42,412,370,42,412
00194800,UNIVERSITY OF KANSAS                    ,KS,66045-7535,Public       ,8910,4164,13074,8910,4164,13074
00194802,UNIVERSITY OF KANSAS MED CENTER         ,KS,66160-0000,Public       ,103,624,727,103,624,727
00194900,WASHBURN UNIVERSITY                     ,KS,66621-1110,Public       ,2099,2154,4253,2099,2154,4253
00195000,WICHITA STATE UNIVERSITY                ,KS,67208-0001,Public       ,2775,2209,4984,2775,2209,4984
00460800,BARTON COUNTY COMMUNITY COLLEGE         ,KS,67530-9283,Public       ,297,283,580,297,283,580
00526400,FLINT HILLS TECHNICAL COLLEGE           ,KS,66801-5999,Public       ,47,57,104,47,57,104
00526500,NORTH CENTRAL KANSAS TECH COLG          ,KS,67420-0000,Public       ,151,44,195,151,44,195
00526700,NORTHWEST KANSAS TECHNICAL SCHOOL       ,KS,67735-3441,Public       ,68,15,83,68,15,83
00549800,WICHITA AREA TECHNICAL COLLEGE          ,KS,67211-2099,Public       ,43,171,214,43,171,214
00549900,SALINA AREA TECHNICAL COLLEGE           ,KS,67401-8195,Public       ,65,28,93,65,28,93
00550000,MANHATTAN AREA TECHNICAL COLLEGE        ,KS,66503-2499,Public       ,124,84,208,124,84,208
00675500,BROWN MACKIE COLLEGE (THE)              ,KS,67401-7307,Proprietary  ,35,215,250,35,215,250
00703200,MID AMERICA NAZARENE UNIVERSITY         ,KS,66062-1899,Private      ,791,284,1075,791,284,1075
00817200,SOUTHWEST KANSAS TECHNICAL SCHOOL       ,KS,67905-2013,Public       ,17,3,20,17,3,20
00822800,SEWARD CO COMM CO/AREA TECHNICAL SCHOOL ,KS,67905-0000,Public       ,121,79,200,121,79,200
00824400,JOHNSON COUNTY COMMUNITY COLLEGE        ,KS,66210-1299,Public       ,1546,1356,2902,1546,1356,2902
00833200,B-STREET DESIGN SCHOOL OF INTERNATIONAL ,KS,66502-6082,Proprietary  ,12,11,23,12,11,23
00868200,ACADEMY OF HAIR DESIGN                  ,KS,67401-2803,Proprietary  ,2,5,7,2,5,7
01025600,BENEDICTINE COLLEGE                     ,KS,66002-1499,Private      ,1143,69,1212,1143,69,1212
01043800,HASKELL INDIAN NATIONS UNIVERSITY       ,KS,66046-4800,Public       ,207,134,341,207,134,341
01050300,WICHITA TECHNICAL INSTITUTE             ,KS,67213-1927,Proprietary  ,43,320,363,43,320,363
01068900,KAW AREA TECHNICAL SCHOOL               ,KS,66604-2199,Public       ,41,88,129,41,88,129
02090700,CLEVELAND CHIROPRACTIC COLLEGE          ,KS,66210-1613,Private      ,18,185,203,18,185,203
02134800,OLD TOWN BARBER AND BEAUTY COLLEGE      ,KS,67211-0000,Proprietary  ,1,3,4,1,3,4
02196400,CAPITOL CITY HAIR DESIGN COLLEGE        ,KS,66102-0000,Proprietary  ,2,2,4,2,2,4
02204900,AMERICAN ACADEMY OF HAIR DESIGN         ,KS,66611-0000,Proprietary  ,10,12,22,10,12,22
02257700,HAYS ACADEMY OF HAIR DESIGN             ,KS,67601-0000,Proprietary  ,5,8,13,5,8,13
02303500,AMERICAN INSTITUTE OF BAKING            ,KS,66502-0000,Private      ,2,4,6,2,4,6
02340700,LABARON HAIRDRESSING ACADEMY            ,KS,66204-0000,Proprietary  ,1,5,6,1,5,6
02590900,WRIGHT CAREER COLLEGE                   ,KS,66212-0000,Private      ,5,36,41,5,36,41
02599709,VATTEROTT COLLEGE - WICHITA             ,KS,67226-1304,Proprietary  ,10,81,91,10,81,91
02603100,XENON INTERNATIONAL ACADEMY             ,KS,67203-5428,Proprietary  ,23,14,37,23,14,37
02606300,PAUL MITCHELL THE SCHOOL WICHITA        ,KS,67226-2803,Proprietary  ,6,16,22,6,16,22
02613000,PINNACLE CAREER INSTITUTE               ,KS,66046-2703,Proprietary  ,14,44,58,14,44,58
03031300,XENON INTERNATIONAL ACADEMY IV          ,KS,66061-3765,Proprietary  ,2,4,6,2,4,6
03066200,BRYAN COLLEGE                           ,KS,66604-2496,Proprietary  ,15,148,163,15,148,163
03450300,B-STREET DESIGN SCHOOL OF INTERNATIONAL ,KS,66611-2373,Proprietary  ,3,1,4,3,1,4
03450301,B-STREET DESIGN SCHOOL OF INTERNATIONAL ,KS,67207-5148,Proprietary  ,2,4,6,2,4,6
03450302,B-STREET DESIGN SCHOOL OF INTERNATIONAL ,KS,66212-5451,Proprietary  ,0,3,3,0,3,3
03529300,SIDNEY'S HAIRDRESSING COLLEGE           ,KS,67501-7094,Proprietary  ,6,10,16,6,10,16
03862300,BMSI INSTITUTE                          ,KS,66212-3388,Proprietary  ,3,2,5,3,2,5
00203300,UNIVERSITY OF MAINE-PRESQUE ISLE        ,ME,04769-2888,Public       ,487,200,687,487,200,687
00203500,BANGOR THEOLOGICAL SEMINARY             ,ME,04402-0411,Private      ,0,29,29,0,29,29
00203600,BATES COLLEGE                           ,ME,04240-6028,Private      ,1792,17,1809,1792,17,1809
00203800,BOWDOIN COLLEGE                         ,ME,04011-8451,Private      ,2403,22,2425,2403,22,2425
00203900,COLBY COLLEGE                           ,ME,04901-8841,Private      ,2106,21,2127,2106,21,2127
00204000,UNIVERSITY OF MAINE-FARMINGTON          ,ME,04938-1990,Public       ,2249,224,2473,2249,224,2473
00204100,UNIVERSITY OF MAINE-FORT KENT           ,ME,04743-1292,Public       ,339,125,464,339,125,464
00204300,HUSSON UNIVERSITY                       ,ME,04401-2999,Private      ,1317,379,1696,1317,379,1696
00204400,MAINE MARITIME ACADEMY                  ,ME,04420-0001,Public       ,589,62,651,589,62,651
00205000,UNIVERSITY OF NEW ENGLAND               ,ME,04005-9599,Private      ,2606,919,3525,2606,919,3525
00205100,SAINT JOSEPH'S COLLEGE                  ,ME,04084-5263,Private      ,1346,135,1481,1346,135,1481
00205200,THOMAS COLLEGE                          ,ME,04901-5097,Private      ,583,62,645,583,62,645
00205300,UNIVERSITY OF MAINE                     ,ME,04469-0001,Public       ,8207,1733,9940,8207,1733,9940
00205400,UNIVERSITY OF SOUTHERN MAINE            ,ME,04104-0000,Public       ,4243,2689,6932,4243,2689,6932
00205500,UNIVERSITY OF MAINE-MACHIAS             ,ME,04654-1397,Public       ,370,106,476,370,106,476
00520400,BEAL COLLEGE                            ,ME,04401-6896,Proprietary  ,86,149,235,86,149,235
00527600,CENTRAL MAINE COMMUNITY COLLEGE         ,ME,04210-6498,Public       ,597,400,997,597,400,997
00527700,EASTERN MAINE COMMUNITY COLLEGE         ,ME,04401-4280,Public       ,684,382,1066,684,382,1066
00552500,SOUTHERN MAINE COMMUNITY  COLLEGE       ,ME,04106-1698,Public       ,1096,764,1860,1096,764,1860
00576000,NORTHERN MAINE COMMUNITY COLLEGE        ,ME,04769-2016,Public       ,193,149,342,193,149,342
00577600,MERCY HOSP SCH OF RADIOLOGIC TECH       ,ME,04101-3795,Private      ,8,21,29,8,21,29
00630501,CENTRAL MAINE MEDICAL CENTER - COLLEGE O,ME,04240-4500,Private      ,22,80,102,22,80,102
00676000,UNIVERSITY OF MAINE-AUGUSTA             ,ME,04330-9410,Public       ,806,2105,2911,806,2105,2911
00685800,UNITY COLLEGE                           ,ME,04988-9502,Private      ,559,35,594,559,35,594
00903800,MR BERNARD'S SCH HAIR FASHION INC       ,ME,04243-1163,Proprietary  ,3,4,7,3,4,7
00923100,WASHINGTON COUNTY COMMUNITY COLLEGE     ,ME,04619-9704,Public       ,141,59,200,141,59,200
00929200,ANDOVER COLLEGE                         ,ME,04106-2415,Proprietary  ,33,164,197,33,164,197
00929201,ANDOVER COLLEGE -                       ,ME,04240-0000,Proprietary  ,29,150,179,29,150,179
00945900,EMPIRE BEAUTY SCHOOL                    ,ME,04101-3348,Proprietary  ,70,106,176,70,106,176
00982600,KENNEBEC VALLEY  COMMUNITY  COLLEGE     ,ME,04937-1367,Public       ,278,446,724,278,446,724
01138500,COLLEGE OF THE ATLANTIC                 ,ME,04609-1105,Private      ,363,32,395,363,32,395
01167300,MAINE COLLEGE OF ART                    ,ME,04101-3987,Private      ,360,90,450,360,90,450
02104400,SPA TECH INSTITUTE                      ,ME,04102-0000,Proprietary  ,29,21,50,29,21,50
02347100,NEW ENGLAND SCHOOL OF COMMUNICATIONS    ,ME,04401-0000,Private      ,249,29,278,249,29,278
02361300,LANDING SCHOOL OF BOATBUILDING & DESIGN ,ME,04046-1490,Private      ,9,17,26,9,17,26
03122900,YORK COUNTY COMMUNITY COLLEGE           ,ME,04090-0529,Public       ,122,110,232,122,110,232
03429300,SEACOAST CAREER SCHOOLS                 ,ME,04073-0000,Proprietary  ,7,27,34,7,27,34
03612300,BIRTHWISE MIDWIFERY SCHOOL              ,ME,04009-1110,Proprietary  ,3,6,9,3,6,9
00209300,ST JOHN'S COLLEGE                       ,NM,87505-4599,Private      ,430,104,534,430,104,534
00264900,COLLEGE OF SANTA FE                     ,NM,87505-7634,Private      ,478,237,715,478,237,715
00265000,UNIVERSITY OF THE SOUTHWEST             ,NM,88240-9129,Private      ,88,69,157,88,69,157
00265100,EASTERN NEW MEXICO UNIV PORTALES        ,NM,88130-6000,Public       ,1007,526,1533,1007,526,1533
00265101,EASTERN NEW MEXICO UNIV-ROSWELL CAM     ,NM,88202-0000,Public       ,241,256,497,241,256,497
00265300,NEW MEXICO HIGHLANDS UNIVERSITY         ,NM,87701-4436,Public       ,611,563,1174,611,563,1174
00265400,NEW MEXICO INST OF MINING & TECH        ,NM,87801-4796,Public       ,452,84,536,452,84,536
00265500,NEW MEXICO JUNIOR COLLEGE               ,NM,88240-9123,Public       ,112,116,228,112,116,228
00265600,NEW MEXICO MILITARY INSTITUTE           ,NM,88201-5173,Public       ,99,2,101,99,2,101
00265700,NEW MEXICO STATE UNIVERSITY             ,NM,88003-8001,Public       ,4694,2352,7046,4694,2352,7046
00265701,NEW MEXICO STATE UNIV-ALAMOGORDO        ,NM,88311-0000,Public       ,105,212,317,105,212,317
00265702,NEW MEXICO STATE UNIV.-DONA ANA CLG     ,NM,88003-0000,Public       ,550,726,1276,550,726,1276
00265703,NEW MEXICO STATE UNIV-CARLSBAD          ,NM,88220-0000,Public       ,57,119,176,57,119,176
00265704,NEW MEXICO STATE UNIV-GRANTS            ,NM,87020-0000,Public       ,31,52,83,31,52,83
00266000,SAN JUAN COLLEGE                        ,NM,87402-4699,Public       ,286,455,741,286,455,741
00266300,THE UNIVERSITY OF NEW MEXICO            ,NM,87131-0001,Public       ,5102,4680,9782,5102,4680,9782
00266301,UNIV OF NEW MEXICO - GALLUP BRANCH      ,NM,87301-5697,Public       ,96,180,276,96,180,276
00266302,UNIV OF NEW MEXICO - VALENCIA BRANCH    ,NM,87031-0000,Public       ,127,235,362,127,235,362
00266303,UNIV OF NEW MEXICO - LOS ALAMOS         ,NM,87544-0000,Public       ,20,31,51,20,31,51
00266400,WESTERN NEW MEXICO UNIVERSITY           ,NM,88061-5417,Public       ,273,297,570,273,297,570
00405701,NATIONAL AMERICAN UNIVERSITY            ,NM,87110-0000,Proprietary  ,6,63,69,6,63,69
00474200,CENTRAL NEW MEXICO COMMUNITY COLLEGE    ,NM,87106-4096,Public       ,1017,2136,3153,1017,2136,3153
00474300,CLOVIS COMMUNITY COLLEGE                ,NM,88101-8381,Public       ,106,155,261,106,155,261
00996200,LUNA COMMUNITY COLLEGE                  ,NM,87701-0000,Public       ,71,93,164,71,93,164
01063200,DEWOLFF CLG HAIRSTYLING/COSMETOLOGY     ,NM,87112-4113,Proprietary  ,8,6,14,8,6,14
01300500,OLYMPIAN UNIVERSITY OF COSMETOLOGY      ,NM,88310-5051,Proprietary  ,35,155,190,35,155,190
02083900,NORTHERN NEW MEXICO COLLEGE             ,NM,87530-0000,Public       ,120,167,287,120,167,287
02146400,INSTITUTE OF AMERICAN INDIAN ARTS       ,NM,87508-0000,Public       ,32,34,66,32,34,66
02278100,SANTA FE COMMUNITY COLLEGE              ,NM,87507-0000,Public       ,87,169,256,87,169,256
02357600,CROWNPOINT INSTITUTE OF TECHNOLOGY      ,NM,87313-0000,Public       ,24,29,53,24,29,53
02491501,THE ART CENTER DESIGN COLLEGE- ALBQ     ,NM,87110-0000,Proprietary  ,36,21,57,36,21,57
02511000,SOUTHWESTERN INDIAN POLYTECH INST       ,NM,87184-0000,Public       ,37,51,88,37,51,88
02532900,BUSINESS SKILLS INSTITUTE               ,NM,88001-0000,Proprietary  ,4,3,7,4,3,7
02622000,SOUTHWEST ACUPUNCTURE COLLEGE           ,NM,87505-0000,Proprietary  ,1,84,85,1,84,85
03076100,SOUTHWESTERN COLLEGE                    ,NM,87507-0000,Private      ,1,42,43,1,42,43
03128200,KAPLAN CAREER INSTITUTE                 ,NM,87109-2072,Proprietary  ,8,30,38,8,30,38
03206300,MESALANDS COMMUNITY COLLEGE             ,NM,88401-3352,Public       ,26,23,49,26,23,49
03430300,UNIVERSAL THERAPEUTIC MASSAGE INSTITUTE ,NM,87107-4403,Proprietary  ,0,5,5,0,5,5
03678300,PIMA MEDICAL INSTITUTE                  ,NM,87110-4127,Proprietary  ,14,27,41,14,27,41
03944300,MASSAGE THERAPY TRAINING INSTITUTE      ,NM,88007-0000,Proprietary  ,6,7,13,6,7,13
00223400,ADRIAN COLLEGE                          ,MI,49221-2575,Private      ,1719,72,1791,1719,72,1791
00223500,ALBION COLLEGE                          ,MI,49224-1831,Private      ,1941,35,1976,1941,35,1976
00223600,ALMA COLLEGE                            ,MI,48801-1599,Private      ,1725,36,1761,1725,36,1761
00223700,ALPENA COMMUNITY COLLEGE                ,MI,49707-1495,Public       ,404,243,647,404,243,647
00223800,ANDREWS UNIVERSITY                      ,MI,49104-0750,Private      ,678,427,1105,678,427,1105
00223900,AQUINAS COLLEGE                         ,MI,49506-1799,Private      ,1513,245,1758,1513,245,1758
00224000,BAY DE NOC COMMUNITY COLLEGE            ,MI,49829-2524,Public       ,464,253,717,464,253,717
00224100,CALVIN COLLEGE                          ,MI,49546-4388,Private      ,3296,110,3406,3296,110,3406
00224200,CALVIN THEOLOGICAL SEMINARY             ,MI,49546-4387,Private      ,4,141,145,4,141,145
00224300,CENTRAL MICHIGAN UNIVERSITY             ,MI,48859-0001,Public       ,12308,2895,15203,12308,2895,15203
00224600,CLEARY UNIVERSITY                       ,MI,48105-2659,Private      ,74,200,274,74,200,274
00224700,CONCORDIA UNIVERSITY-ANN ARBOR          ,MI,48105-2797,Private      ,364,105,469,364,105,469
00224800,CRANBROOK ACADEMY OF ART                ,MI,48303-0000,Private      ,4,183,187,4,183,187
00224900,DAVENPORT UNIVERSITY                    ,MI,49503-0000,Private      ,1481,5033,6514,1481,5033,6514
00225100,DELTA COLLEGE                           ,MI,48710-0001,Public       ,2432,1685,4117,2432,1685,4117
00225400,MICHIGAN STATE UNIVERSITY COLLEGE OF LAW,MI,48824-1300,Private      ,207,771,978,207,771,978
00225900,EASTERN MICHIGAN UNIVERSITY             ,MI,48197-2214,Public       ,7778,3477,11255,7778,3477,11255
00226000,FERRIS STATE UNIVERSITY                 ,MI,49307-2251,Public       ,7851,2533,10384,7851,2533,10384
00226100,CHARLES STEWART MOTT COMMUNITY CLG      ,MI,48503-2089,Public       ,1311,1541,2852,1311,1541,2852
00226200,KETTERING UNIVERSITY                    ,MI,48504-4898,Private      ,1551,103,1654,1551,103,1654
00226300,GLEN OAKS COMMUNITY COLLEGE             ,MI,49032-9784,Public       ,236,159,395,236,159,395
00226400,GOGEBIC COMMUNITY COLLEGE               ,MI,49938-1365,Public       ,248,115,363,248,115,363
00226500,GRACE BIBLE COLLEGE                     ,MI,49509-1998,Private      ,144,24,168,144,24,168
00226600,CORNERSTONE UNIVERSITY                  ,MI,49525-5897,Private      ,1126,517,1643,1126,517,1643
00226700,GRAND RAPIDS COMMUNITY COLLEGE          ,MI,49503-3295,Public       ,3867,2217,6084,3867,2217,6084
00226800,GRAND VALLEY STATE UNIVERSITY           ,MI,49401-9403,Public       ,15196,3318,18514,15196,3318,18514
00226900,GREAT LAKES CHRISTIAN COLLEGE           ,MI,48917-1299,Private      ,94,38,132,94,38,132
00227000,HENRY FORD COMMUNITY COLLEGE            ,MI,48128-1495,Public       ,2236,2928,5164,2236,2928,5164
00227300,HOPE COLLEGE                            ,MI,49423-3607,Private      ,3191,60,3251,3191,60,3251
00227400,JACKSON COMMUNITY COLLEGE               ,MI,49201-8399,Public       ,1066,1123,2189,1066,1123,2189
00227500,KALAMAZOO COLLEGE                       ,MI,49006-3295,Private      ,1475,33,1508,1475,33,1508
00227600,KELLOGG COMMUNITY COLLEGE               ,MI,49017-3397,Public       ,830,946,1776,830,946,1776
00227700,LAKE MICHIGAN COLLEGE                   ,MI,49022-1899,Public       ,606,568,1174,606,568,1174
00227800,LANSING COMMUNITY COLLEGE               ,MI,48933-1293,Public       ,2344,1938,4282,2344,1938,4282
00227900,LAWRENCE TECHNOLOGICAL UNIVERSITY       ,MI,48075-1058,Private      ,1131,450,1581,1131,450,1581
00228200,MADONNA UNIVERSITY                      ,MI,48150-1173,Private      ,644,867,1511,644,867,1511
00228400,MARYGROVE COLLEGE                       ,MI,48221-2599,Private      ,280,731,1011,280,731,1011
00228800,ROCHESTER COLLEGE                       ,MI,48307-2764,Private      ,270,236,506,270,236,506
00229000,MICHIGAN STATE UNIVERSITY               ,MI,48824-1113,Public       ,21213,4848,26061,21213,4848,26061
00229200,MICHIGAN TECHNOLOGICAL UNIV             ,MI,49931-1295,Public       ,4290,410,4700,4290,410,4700
00229300,LAKE SUPERIOR STATE UNIVERSITY          ,MI,49783-1691,Public       ,1685,396,2081,1685,396,2081
00229400,MONROE COUNTY COMMUNITY CLG             ,MI,48161-9746,Public       ,507,331,838,507,331,838
00229500,MONTCALM COMMUNITY COLLEGE              ,MI,48885-9723,Public       ,355,530,885,355,530,885
00229700,MUSKEGON COMMUNITY COLLEGE              ,MI,49442-1432,Public       ,1190,786,1976,1190,786,1976
00229900,NORTH CENTRAL MICHIGAN COLLEGE          ,MI,49770-8740,Public       ,415,355,770,415,355,770
00230100,NORTHERN MICHIGAN UNIVERSITY            ,MI,49855-5316,Public       ,4817,1152,5969,4817,1152,5969
00230200,NORTHWESTERN MICHIGAN COLLEGE           ,MI,49686-3061,Public       ,1198,681,1879,1198,681,1879
00230300,OAKLAND COMMUNITY COLLEGE               ,MI,48304-2266,Public       ,121,132,253,121,132,253
00230301,OAKLAND COMMUNITY COLLEGE - ORCHARD RIDG,MI,48334-4579,Public       ,564,633,1197,564,633,1197
00230302,OAKLAND COMMUNITY COLLEGE - ROYAL OAK CA,MI,48067-3898,Public       ,765,1356,2121,765,1356,2121
00230304,OAKLAND COMMUNITY COLLEGE - AUBURN HILLS,MI,48323-2845,Public       ,752,795,1547,752,795,1547
00230305,OAKLAND COMMUNITY COLLEGE - HIGHLAND LAK,MI,48327-4187,Public       ,387,518,905,387,518,905
00230700,OAKLAND UNIVERSITY                      ,MI,48309-4401,Public       ,5902,2258,8160,5902,2258,8160
00230800,OLIVET COLLEGE                          ,MI,49076-9902,Private      ,702,90,792,702,90,792
00231000,ST. CLAIR COUNTY COMMUNITY COLLEGE      ,MI,48061-0000,Public       ,766,582,1348,766,582,1348
00231100,KUYPER COLLEGE                          ,MI,49525-9749,Private      ,218,39,257,218,39,257
00231300,SACRED HEART MAJOR SEMINARY             ,MI,48206-1799,Private      ,11,60,71,11,60,71
00231400,SAGINAW VALLEY STATE UNIV               ,MI,48710-0001,Public       ,5146,1428,6574,5146,1428,6574
00231500,SCHOOLCRAFT COLLEGE                     ,MI,48152-2696,Public       ,1392,1372,2764,1392,1372,2764
00231600,SIENA HEIGHTS UNIVERSITY                ,MI,49221-1796,Private      ,583,432,1015,583,432,1015
00231700,SOUTHWESTERN MICHIGAN COLLEGE           ,MI,49047-9793,Public       ,475,400,875,475,400,875
00231800,SPRING ARBOR UNIVERSITY                 ,MI,49283-9984,Private      ,1418,1033,2451,1418,1033,2451
00232200,FINLANDIA UNIVERSITY                    ,MI,49930-1882,Private      ,388,148,536,388,148,536
00232300,UNIVERSITY OF DETROIT MERCY             ,MI,48221-3038,Private      ,1846,1370,3216,1846,1370,3216
00232301,UNIVERSITY OF DETROIT MERCY- DENTAL SCH ,MI,48219-3580,Private      ,54,302,356,54,302,356
00232303,UNIV OF DETROIT MERCY - LAW SCHOOL      ,MI,48226-0000,Private      ,17,528,545,17,528,545
00232500,UNIVERSITY OF MICHIGAN - ANN ARBOR      ,MI,48109-1316,Public       ,19640,6502,26142,19640,6502,26142
00232501,UNIVERSITY OF MICHIGAN-MEDICAL SCH      ,MI,48109-0000,Public       ,62,766,828,62,766,828
00232503,UNIVERSITY OF MICHIGAN LAW SCHOOL       ,MI,48109-0000,Public       ,15,1927,1942,15,1927,1942
00232600,UNIVERSITY OF MICHIGAN-DEARBORN         ,MI,48128-2406,Public       ,2500,1414,3914,2500,1414,3914
00232700,UNIVERSITY OF MICHIGAN-FLINT            ,MI,48502-1950,Public       ,1693,1798,3491,1693,1798,3491
00232800,WASHTENAW COMMUNITY COLLEGE             ,MI,48106-0000,Public       ,1070,1236,2306,1070,1236,2306
00232900,WAYNE STATE UNIVERSITY                  ,MI,48202-0000,Public       ,8209,7469,15678,8209,7469,15678
00232901,WAYNE STATE UNIV SCH OF MEDICINE        ,MI,48201-3359,Public       ,104,822,926,104,822,926
00232902,WAYNE STATE UNIVERSITY - LAW SCHOOL     ,MI,48202-3424,Public       ,53,705,758,53,705,758
00233000,WESTERN MICHIGAN UNIVERSITY             ,MI,49008-3899,Public       ,10528,2856,13384,10528,2856,13384
00233100,WESTERN THEOLOGICAL SEMINARY            ,MI,49423-0000,Private      ,1,51,52,1,51,52
00407100,WALSH COLLEGE OF ACCT & BUS ADMN        ,MI,48007-7006,Private      ,117,565,682,117,565,682
00407200,NORTHWOOD UNIVERSITY                    ,MI,48640-2398,Private      ,1494,522,2016,1494,522,2016
00467300,BAKER COLLEGE - FLINT                   ,MI,48507-5508,Private      ,735,1362,2097,735,1362,2097
00467301,BAKER COLLEGE OF CADILLAC               ,MI,49601-0000,Private      ,144,400,544,144,400,544
00467302,BAKER COLLEGE OF CLINTON TOWNSHIP       ,MI,48035-0000,Private      ,857,1760,2617,857,1760,2617
00467303,BAKER COLLEGE OF MUSKEGON               ,MI,49442-0000,Private      ,1026,956,1982,1026,956,1982
00467304,BAKER COLLEGE OF OWOSSO                 ,MI,48867-0000,Private      ,606,481,1087,606,481,1087
00467305,BAKER COLLEGE OF AUBURN HILLS           ,MI,48326-0000,Private      ,283,754,1037,283,754,1037
00467306,BAKER COLLEGE OF PORT HURON             ,MI,48060-0000,Private      ,213,405,618,213,405,618
00467309,BAKER COLLEGE OF JACKSON                ,MI,49202-0000,Private      ,178,390,568,178,390,568
00467311,BAKER COLLEGE-CASS CITY                 ,MI,48726-0000,Private      ,84,147,231,84,147,231
00467313,BAKER COLLEGE - GRADUATE ON-LINE        ,MI,48507-0000,Private      ,63,1375,1438,63,1375,1438
00467317,BAKER COLLEGE-ALLEN PARK                ,MI,48101-0000,Private      ,242,693,935,242,693,935
00469200,DORSEY SCHOOL OF BUSINESS               ,MI,48195-2334,Proprietary  ,7,12,19,7,12,19
00469201,DORSEY SCHOOL OF BUSINESS               ,MI,48184-0000,Proprietary  ,3,10,13,3,10,13
00469202,DORSEY SCHOOL OF BUSINESS               ,MI,48071-0000,Proprietary  ,6,10,16,6,10,16
00469204,DORSEY SCHOOL OF BUSINESS               ,MI,48066-0000,Proprietary  ,5,15,20,5,15,20
00676800,MID MICHIGAN COMMUNITY COLLEGE          ,MI,48625-9447,Public       ,708,625,1333,708,625,1333
00677100,COLLEGE FOR CREATIVE STUDIES            ,MI,48202-4034,Private      ,808,198,1006,808,198,1006
00694900,KALAMAZOO VALLEY COMMUNITY COLLEGE      ,MI,49003-4070,Public       ,1767,1269,3036,1767,1269,3036
00717100,KIRTLAND COMMUNITY COLLEGE              ,MI,48653-0000,Public       ,382,406,788,382,406,788
00761700,CARNEGIE INSTITUTE                      ,MI,48083-1159,Proprietary  ,11,84,95,11,84,95
00795000,WEST SHORE COMMUNITY COLLEGE            ,MI,49454-0000,Public       ,225,233,458,225,233,458
00817800,EMPIRE BEAUTY SCHOOL                    ,MI,49525-2440,Proprietary  ,44,16,60,44,16,60
00890600,MACOMB COMMUNITY COLLEGE                ,MI,48088-3896,Public       ,2283,1856,4139,2283,1856,4139
00894600,PORT HURON COSMETOLOGY COLLEGE          ,MI,48329-1618,Proprietary  ,0,6,6,0,6,6
00923000,WAYNE COUNTY COMMUNITY CLG-DISTRICT     ,MI,48226-3095,Public       ,1706,4313,6019,1706,4313,6019
00973200,VIRGINIA FARRELL BEAUTY SCHOOL          ,MI,48080-1448,Proprietary  ,11,21,32,11,21,32
00973400,VIRGINIA FARRELL BEAUTY SCHOOL          ,MI,48220-1739,Proprietary  ,8,44,52,8,44,52
00982800,EVEREST INSTITUTE                       ,MI,48033-4400,Proprietary  ,70,304,374,70,304,374
01047000,KALAMAZOO BEAUTY ACADEMY                ,MI,49002-5220,Proprietary  ,4,1,5,4,1,5
01062700,ITT TECHNICAL INSTITUTE                 ,MI,49519-0000,Proprietary  ,167,142,309,167,142,309
01082700,DAVID PRESSLEY PROF SCH OF COSMTLGY     ,MI,48067-3219,Proprietary  ,9,9,18,9,9,18
01109800,FLINT INSTITUTE OF BARBERING            ,MI,48504-4395,Proprietary  ,3,19,22,3,19,22
01164600,VIRGINIA FARRELL BEAUTY SCHOOL          ,MI,48185-3091,Proprietary  ,6,24,30,6,24,30
01229100,WRIGHT BEAUTY ACADEMY                   ,MI,49015-2696,Proprietary  ,8,7,15,8,7,15
01239900,LEWIS COLLEGE OF BUSINESS               ,MI,48235-0000,Private      ,67,91,158,67,91,158
01262700,THOMAS M. COOLEY LAW SCHOOL             ,MI,48901-1586,Private      ,6,2290,2296,6,2290,2296
01321800,M J MURPHY BTY CLG MT PLEASANT          ,MI,48858-2502,Proprietary  ,9,5,14,9,5,14
02060300,MICHIGAN INSTITUTE OF AERONAUTICS       ,MI,48111-0000,Proprietary  ,44,28,72,44,28,72
02068700,ADRIAN BEAUTY ACADEMY                   ,MI,49221-0000,Proprietary  ,4,3,7,4,3,7
02099700,ROSS MEDICAL EDUCATION CENTER           ,MI,48532-0000,Proprietary  ,12,99,111,12,99,111
02100400,EVEREST INSTITUTE                       ,MI,49525-2301,Proprietary  ,52,113,165,52,113,165
02125600,MICHIGAN COLLEGE OF BEAUTY              ,MI,48083-0000,Proprietary  ,24,32,56,24,32,56
02135000,MARQUETTE GEN HOSP SCH RAD TECH         ,MI,49855-0000,Private      ,15,6,21,15,6,21
02158600,MR BELA'S SCHOOL OF COSMETOLOGY         ,MI,48092-4637,Proprietary  ,1,4,5,1,4,5
02160303,INTERNATIONAL ACADEMY OF DESIGN AND TECH,MI,48083-2160,Proprietary  ,249,177,426,249,177,426
02180100,ROSS MEDICAL EDUCATION CENTER           ,MI,48092-0000,Proprietary  ,12,45,57,12,45,57
02198900,MICHIGAN SCHOOL OF PROFESSIONAL PSYCHOLO,MI,48334-4512,Private      ,2,60,62,2,60,62
02209200,TAYLORTOWN SCHOOL OF BEAUTY             ,MI,48180-0000,Proprietary  ,6,21,27,6,21,27
02237800,SPECS HOWARD SCHOOL OF MEDIA ARTS       ,MI,48075-0000,Proprietary  ,94,78,172,94,78,172
02285700,BAYSHIRE BEAUTY ACADEMY                 ,MI,48708-5614,Proprietary  ,7,7,14,7,7,14
02289801,KAPLAN INSTITUTE - DETROIT CAMPUS       ,MI,48202-0000,Proprietary  ,32,179,211,32,179,211
02324500,MICHIGAN COLLEGE OF BEAUTY              ,MI,48161-0000,Proprietary  ,14,10,24,14,10,24
02339700,ROSS MEDICAL EDUCATION CENTER           ,MI,48116-0000,Proprietary  ,0,19,19,0,19,19
02361500,MICHIGAN BARBER COLLEGE                 ,MI,48204-2244,Private      ,10,31,41,10,31,41
02363800,YESHIVA GEDOLAH OF GREATER DETROIT      ,MI,48237-0000,Private      ,3,1,4,3,1,4
02491000,WEST MI COLG OF BARBERING & BEAUTY      ,MI,49008-0000,Proprietary  ,2,10,12,2,10,12
02495800,FOCUS:HOPE                              ,MI,48238-0000,Private      ,19,27,46,19,27,46
02498300,VIRGINIA FARRELL BEAUTY SCHOOL          ,MI,48154-0000,Proprietary  ,20,24,44,20,24,44
02533600,ROSS MEDICAL EDUCATION CENTER           ,MI,48917-2108,Proprietary  ,10,51,61,10,51,61
02588200,DOUGLAS J AVEDA INSTITUTE               ,MI,48823-4351,Proprietary  ,89,56,145,89,56,145
02588201,DOUGLAS J AVEDA INSTITUTE - ANN ARBOR   ,MI,48104-2211,Proprietary  ,18,11,29,18,11,29
02594600,HOWELL COLLEGE OF COSMETOLOGY           ,MI,48843-8584,Proprietary  ,1,2,3,1,2,3
02595700,HILLSDALE BEAUTY COLLEGE                ,MI,49242-0000,Proprietary  ,17,0,17,17,0,17
02618400,MICHIGAN CAREER & TECHNICAL INST        ,MI,49080-9254,Public       ,58,12,70,58,12,70
03005700,DETROIT BUSINESS INST. DOWNRIVER        ,MI,48193-6761,Proprietary  ,2,8,10,2,8,10
03028500,LAWTON SCHOOL                           ,MI,48075-5406,Proprietary  ,1,8,9,1,8,9
03066600,BAY MILLS COMMUNITY COLLEGE             ,MI,49715-9750,Public       ,39,55,94,39,55,94
03075200,TWIN CITY BEAUTY COLLEGE                ,MI,49085-3305,Proprietary  ,5,8,13,5,8,13
03075201,TWIN CITY BEAUTY COLLEGE - TRAVERSE CITY,MI,49686-5119,Proprietary  ,3,9,12,3,9,12
03090000,SHARP'S ACADEMY OF HAIRSTYLING INC.     ,MI,48433-0000,Proprietary  ,0,4,4,0,4,4
03109700,HOUGHTON LAKE INST OF COSMETOLOGY       ,MI,48629-0669,Proprietary  ,4,4,8,4,4,8
03110300,THE SCHOOL OF CREATIVE HAIR DESIGN      ,MI,49036-1139,Proprietary  ,2,2,4,2,2,4
03124000,NORTHWESTERN TECHNOLOGICAL INST         ,MI,48075-2412,Proprietary  ,14,57,71,14,57,71
03135300,MICHIGAN THEOLOGICAL SEMINARY           ,MI,48170-4399,Private      ,1,21,22,1,21,22
03284300,MICHIGAN JEWISH INSTITUTE               ,MI,48237-0000,Private      ,51,8,59,51,8,59
03340300,WARREN WOODS VOCATIONAL ADULT EDUC      ,MI,48088-3699,Public       ,2,2,4,2,2,4
03474300,AVE MARIA COLLEGE                       ,MI,48197-2451,Private      ,2,8,10,2,8,10
03490300,PAUL MITCHELL THE SCHOOL ESCANABA       ,MI,49829-0000,Proprietary  ,1,1,2,1,1,2
03588300,IRENE'S MYOMASSOLOGY INSTITUTE          ,MI,48033-2404,Proprietary  ,7,29,36,7,29,36
03704300,BLUE WATER COLLEGE OF COSMETOLOGY       ,MI,48040-0000,Proprietary  ,1,3,4,1,3,4
03772300,SAGINAW CHIPPEWA TRIBAL COLLEGE         ,MI,48858-0000,Public       ,1,4,5,1,4,5
03815300,IN SESSION-ARTS OF COSMETOLOGY BEAU     ,MI,48609-0000,Proprietary  ,10,22,32,10,22,32
03907300,PAUL MITCHELL THE SCHOOL GREAT LAKES    ,MI,48060-0000,Proprietary  ,8,3,11,8,3,11
03915300,CAREER QUEST LEARNING CENTER            ,MI,48910-4732,Proprietary  ,3,42,45,3,42,45
03976500,ANN ARBOR INSTITUTE OF MASSAGE THERAPY  ,MI,48103-0000,Proprietary  ,6,17,23,6,17,23
04002400,ECUMENICAL THEOLOGICAL SEMINARY         ,MI,48201-3035,Private      ,0,18,18,0,18,18
04006300,NUVO COLLEGE OF COSMETOLOGY             ,MI,49441-3822,Proprietary  ,5,12,17,5,12,17
04014300,P&A SCHOLARS BEAUTY SCHOOL              ,MI,48204-0000,Proprietary  ,10,10,20,10,10,20
04055300,CREATIVE HAIR SCHOOL OF COSMETOLOGY     ,MI,48504-1234,Proprietary  ,2,8,10,2,8,10
04094300,ROBERT B. MILLER COLLEGE (THE)          ,MI,49017-3306,Private      ,13,48,61,13,48,61
00233200,ANOKA-RAMSEY CC-CAMBRIDGE/COONRAPID     ,MN,55433-3499,Public       ,397,406,803,397,406,803
00233400,AUGSBURG COLLEGE                        ,MN,55454-1351,Private      ,1067,394,1461,1067,394,1461
00233500,RIVERLAND COMMUNITY COLLEGE             ,MN,55912-1473,Public       ,207,194,401,207,194,401
00233600,BEMIDJI STATE UNIVERSITY                ,MN,56601-2699,Public       ,1159,327,1486,1159,327,1486
00233700,BETHANY LUTHERAN COLLEGE INC            ,MN,56001-6163,Private      ,287,17,304,287,17,304
00233900,CENTRAL LAKES COLG-BRAINERD/STAPLES     ,MN,56401-3900,Public       ,245,205,450,245,205,450
00234000,CARLETON COLLEGE                        ,MN,55057-4001,Private      ,2249,14,2263,2249,14,2263
00234100,COLLEGE OF ST BENEDICT                  ,MN,56374-2099,Private      ,1174,5,1179,1174,5,1179
00234200,ST. CATHERINE UNIVERSITY                ,MN,55105-1789,Private      ,1122,947,2069,1122,947,2069
00234300,COLLEGE OF ST SCHOLASTICA               ,MN,55811-4199,Private      ,1164,297,1461,1164,297,1461
00234500,UNIVERSITY OF ST THOMAS                 ,MN,55105-1096,Private      ,3630,983,4613,3630,983,4613
00234600,CONCORDIA COLLEGE-MOORHEAD              ,MN,56562-0001,Private      ,1813,44,1857,1813,44,1857
00234700,"CONCORDIA UNIVERSITY, ST PAUL, MN       ",MN,55104-5494,Private      ,542,266,808,542,266,808
00235000,VERMILION COMMUNITY COLLEGE             ,MN,55731-1996,Public       ,178,24,202,178,24,202
00235300,GUSTAVUS ADOLPHUS COLLEGE               ,MN,56082-1498,Private      ,2219,22,2241,2219,22,2241
00235400,HAMLINE UNIVERSITY                      ,MN,55104-1284,Private      ,1307,907,2214,1307,907,2214
00235500,HIBBING COMMUNITY COLLEGE               ,MN,55746-3300,Public       ,138,120,258,138,120,258
00235600,ITASCA COMMUNITY COLLEGE                ,MN,55744-3397,Public       ,236,80,316,236,80,316
00235700,LUTHER SEMINARY                         ,MN,55108-0000,Private      ,1,180,181,1,180,181
00235800,MACALESTER COLLEGE                      ,MN,55105-1899,Private      ,2174,20,2194,2174,20,2194
00236000,"MINNESOTA STATE UNIVERSITY, MANKATO     ",MN,56002-0000,Public       ,4775,1153,5928,4775,1153,5928
00236100,MARTIN LUTHER COLLEGE                   ,MN,56073-3965,Private      ,316,23,339,316,23,339
00236200,MINNEAPOLIS COMM AND TECH COLLEGE       ,MN,55403-1779,Public       ,628,1080,1708,628,1080,1708
00236500,MINNEAPOLIS COLLEGE OF ART & DESIGN     ,MN,55404-4343,Private      ,755,241,996,755,241,996
00236600,CROSSROADS COLLEGE                      ,MN,55902-2382,Private      ,37,11,48,37,11,48
00236700,MINNESOTA STATE UNIVERSITY MOORHEAD     ,MN,56563-0001,Public       ,2659,601,3260,2659,601,3260
00236900,NORTH CENTRAL UNIVERSITY                ,MN,55404-1391,Private      ,434,53,487,434,53,487
00237000,NORTH HENNEPIN COMMUNITY COLLEGE        ,MN,55445-2299,Public       ,348,507,855,348,507,855
00237100,NORTHWESTERN COLLEGE                    ,MN,55113-1598,Private      ,1276,159,1435,1276,159,1435
00237300,ROCHESTER COMMUNITY/TECH COLLEGE        ,MN,55904-4999,Public       ,617,460,1077,617,460,1077
00237500,SOUTHWEST MINNESOTA STATE UNIVERSITY    ,MN,56258-1598,Public       ,1197,262,1459,1197,262,1459
00237700,ST CLOUD STATE UNIVERSITY               ,MN,56301-4498,Public       ,3193,841,4034,3193,841,4034
00237900,SAINT JOHNS UNIVERSITY                  ,MN,56321-0000,Private      ,1072,23,1095,1072,23,1095
00238000,SAINT MARY'S UNIVERSITY                 ,MN,55987-1399,Private      ,1056,530,1586,1056,530,1586
00238200,ST OLAF COLLEGE                         ,MN,55057-1098,Private      ,2449,27,2476,2449,27,2476
00238300,CROWN COLLEGE                           ,MN,55375-9001,Private      ,326,121,447,326,121,447
00238500,NORTHLAND COMMUNITY & TECHNICAL CLG     ,MN,56701-2598,Public       ,403,339,742,403,339,742
00238600,UNITED THEOLGCL SEMINRY TWIN CITIES     ,MN,55112-0000,Private      ,2,24,26,2,24,26
00238800,"UNIVERSITY OF MINNESOTA, DULUTH         ",MN,55812-2496,Public       ,3971,530,4501,3971,530,4501
00238900,"UNIVERSITY OF MINNESOTA, MORRIS         ",MN,56267-2113,Public       ,1081,104,1185,1081,104,1185
00239100,WILLIAM MITCHELL COLLEGE OF LAW         ,MN,55105-0000,Private      ,1,796,797,1,796,797
00239300,MINNESOTA STATE COLLEGE-SE TECH         ,MN,55987-0409,Public       ,123,160,283,123,160,283
00239400,WINONA STATE UNIVERSITY                 ,MN,55987-5838,Public       ,2737,272,3009,2737,272,3009
00396900,UNIVERSITY OF MINNESOTA-TWIN CITIES     ,MN,55455-0422,Public       ,13368,5776,19144,13368,5776,19144
00400900,MESABI RANGE CMNTY & TECH COLLEGE       ,MN,55792-0000,Public       ,89,67,156,89,67,156
00405708,NATIONAL AMERICAN UNIVERSITY            ,MN,55113-0000,Proprietary  ,4,48,52,4,48,52
00405715,NATIONAL AMERICAN UNIVERSITY - BLOOMINGT,MN,55425-5550,Proprietary  ,2,23,25,2,23,25
00406900,UNIVERSITY OF MINNESOTA-CROOKSTON       ,MN,56716-5001,Public       ,415,87,502,415,87,502
00438600,VETERAN'S MEDICAL CTR- SCH RAD TECH     ,MN,55417-2399,Public       ,1,5,6,1,5,6
00464100,DUNWOODY COLLEGE OF TECHNOLOGY          ,MN,55403-1192,Private      ,186,155,341,186,155,341
00464200,GLOBE UNIVERSITY                        ,MN,55125-5408,Proprietary  ,30,72,102,30,72,102
00464500,MINNEAPOLIS BUSINESS COLLEGE            ,MN,55113-4036,Proprietary  ,207,33,240,207,33,240
00464600,MINNESOTA SCHOOL OF BUSINESS            ,MN,55423-0000,Proprietary  ,273,573,846,273,573,846
00464800,RASMUSSEN COLLEGE - EAGAN               ,MN,55122-1346,Proprietary  ,14,125,139,14,125,139
00525200,RIDGEWATER COLLEGE                      ,MN,56201-2098,Public       ,570,269,839,570,269,839
00526300,MINNESOTA WEST CMNTY & TECH COLG        ,MN,56241-1096,Public       ,248,205,453,248,205,453
00553300,"SAINT PAUL COLLEGE, COMMUNITY/TECHNICAL ",MN,55102-1800,Public       ,307,549,856,307,549,856
00553400,ST CLOUD TECHNICAL COLLEGE              ,MN,56303-1240,Public       ,425,259,684,425,259,684
00553500,PINE TECHNICAL COLLEGE                  ,MN,55063-2198,Public       ,25,72,97,25,72,97
00553700,SOUTH CENTRAL COLLEGE                   ,MN,56003-0000,Public       ,334,320,654,334,320,654
00554100,MINNESOTA STATE COMMUNITY AND TECHNICAL ,MN,56573-1405,Public       ,598,536,1134,598,536,1134
00554400,ALEXANDRIA TECHNICAL COLLEGE            ,MN,56308-3799,Public       ,388,129,517,388,129,517
00575700,LAKE SUPERIOR COLLEGE                   ,MN,55811-3399,Public       ,364,379,743,364,379,743
00575900,NORTHWEST TECHNICAL COLLEGE - BEMIDJI   ,MN,56601-4907,Public       ,79,117,196,79,117,196
00677500,RAINY RIVER COMMUNITY COLLEGE           ,MN,56649-2187,Public       ,43,15,58,43,15,58
00735000,ANOKA-HENNEPIN TECHNICAL COLLEGE        ,MN,55303-1590,Public       ,115,153,268,115,153,268
00735100,BROWN COLLEGE                           ,MN,55120-1004,Proprietary  ,478,411,889,478,411,889
00746200,COLLEGE OF VISUAL ARTS                  ,MN,55102-2199,Private      ,77,22,99,77,22,99
00795400,NORMANDALE COMMUNITY COLLEGE            ,MN,55431-4399,Public       ,811,826,1637,811,826,1637
00826700,NORTHWEST TECHNICAL INSTITUTE           ,MN,55121-5001,Proprietary  ,34,9,43,34,9,43
00869400,RASMUSSEN COLLEGE                       ,MN,56301-3713,Proprietary  ,33,202,235,33,202,235
00869401,RASMUSSEN COLLEGE - BROOKLYN PARK       ,MN,55445-1512,Proprietary  ,40,260,300,40,260,300
00905800,BETHEL UNIVERSITY                       ,MN,55112-6999,Private      ,1434,314,1748,1434,314,1748
00960000,COSMETOLOGY CAREERS UNLTD-DULUTH        ,MN,55802-2031,Proprietary  ,4,1,5,4,1,5
00972200,EMPIRE BEAUTY SCHOOL                    ,MN,55119-7003,Proprietary  ,22,47,69,22,47,69
00974000,INVER HILLS COMMUNITY COLLEGE           ,MN,55076-3224,Public       ,314,351,665,314,351,665
00983100,MODEL COLLEGE OF HAIR DESIGN            ,MN,56301-4280,Proprietary  ,17,5,22,17,5,22
00987000,EMPIRE BEAUTY SCHOOL                    ,MN,55420-2919,Proprietary  ,21,48,69,21,48,69
00989200,"DULUTH BUSINESS UNIV, INC.              ",MN,55807-0000,Proprietary  ,16,16,32,16,16,32
00999200,OAK HILLS CHRISTIAN COLLEGE             ,MN,56601-0000,Private      ,35,12,47,35,12,47
01024800,ART INSTITUTES INTL MINNESOTA           ,MN,55402-3137,Proprietary  ,458,211,669,458,211,669
01037400,METROPOLITAN STATE UNIVERSITY           ,MN,55106-5000,Public       ,360,1075,1435,360,1075,1435
01040200,DAKOTA COUNTY TECHNICAL COLLEGE         ,MN,55068-2999,Public       ,191,243,434,191,243,434
01049000,REGENCY BEAUTY INSTITUTE                ,MN,55428-0000,Proprietary  ,105,102,207,105,102,207
01049100,HENNEPIN TECHNICAL COLLEGE              ,MN,55445-2399,Public       ,236,413,649,236,413,649
01054600,CENTURY COMMUNITY AND TECHNICAL CLG     ,MN,55110-1894,Public       ,637,637,1274,637,637,1274
01101700,HERZING COLLEGE                         ,MN,55428-3548,Proprietary  ,30,70,100,30,70,100
01168600,RASMUSSEN COLLEGE - EDEN PRAIRIE        ,MN,55344-7220,Proprietary  ,22,323,345,22,323,345
01173200,"MAYO CLINIC, COLLEGE OF MEDICINE        ",MN,55905-0000,Private      ,10,124,134,10,124,134
01173201,MAYO SCHOOL OF HEALTH-RELATED SCIEN     ,MN,55905-0000,Private      ,16,59,75,16,59,75
01173206,MAYO GRAD SCHOOL                        ,MN,55901-0000,Private      ,1,10,11,1,10,11
01173207,MAYO MEDICAL SCHOOL                     ,MN,55901-0000,Private      ,3,114,117,3,114,117
01232800,NORTHWESTERN HEALTH SCIENCES UNIV       ,MN,55431-1599,Private      ,19,210,229,19,210,229
02050300,ACADEMY COLLEGE                         ,MN,55420-1554,Proprietary  ,7,20,27,7,20,27
02096002,REGIONS HOSPITAL -DIETETIC INTRNSHP     ,MN,55101-0000,Private      ,1,0,1,1,0,1
02123200,AVEDA INSTITUTE                         ,MN,55414-0000,Proprietary  ,87,58,145,87,58,145
02159800,COSMETOLOGY CAREERS UNLTD - HIBBING     ,MN,55746-0000,Proprietary  ,1,0,1,1,0,1
02160901,"SALON PROFESSIONAL ACADEMY, THE - THE SA",MN,55428-4928,Proprietary  ,6,3,9,6,3,9
02238100,MINNESOTA SCHOOL OF COSMETOLOGY         ,MN,55125-0000,Proprietary  ,10,14,24,10,14,24
02260500,SUMMIT ACAD OPPORTUNITIES IND CTR       ,MN,55405-0000,Private      ,2,3,5,2,3,5
02284500,PILLSBURY BAPTIST BIBLE COLLEGE         ,MN,55060-0000,Private      ,36,4,40,36,4,40
02503300,RASMUSSEN COLLEGE - MANKATO             ,MN,56001-8658,Proprietary  ,49,193,242,49,193,242
02503302,RASMUSSEN COLLEGE - MANKATO -  LAKE ELMO,MN,55042-8624,Proprietary  ,2,26,28,2,26,28
02504200,WALDEN UNIVERSITY                       ,MN,55401-2511,Proprietary  ,11,5212,5223,11,5212,5223
02514100,AMERICAN INDIAN OPPORTUNITIES CTR       ,MN,55404-0000,Private      ,1,2,3,1,2,3
02543600,INGENUE                                 ,MN,56560-0000,Proprietary  ,5,0,5,5,0,5
02551200,EAST METRO OIC                          ,MN,55104-3435,Private      ,4,9,13,4,9,13
03001200,MCNALLY SMITH COLLEGE OF MUSIC          ,MN,55101-2220,Proprietary  ,173,47,220,173,47,220
03051900,ALFRED ADLER GRADUATE SCHOOL            ,MN,55305-0000,Private      ,1,25,26,1,25,26
03096400,LEECH LAKE TRIBAL COLLEGE               ,MN,56633-0000,Public       ,6,50,56,6,50,56
03129100,FOND DU LAC TRIBAL & COMMUNITY CLG      ,MN,55720-2984,Public       ,56,95,151,56,95,151
03267300,CAPELLA UNIVERSITY                      ,MN,55402-3389,Proprietary  ,9,6501,6510,9,6501,6510
03473400,MINNEAPOLIS SCHOOL OF MASSAGE AND B     ,MN,55418-3343,Private      ,1,6,7,1,6,7
03833300,AMERICAN ACADEMY OF ACUPUNCTURE AND ORIE,MN,55113-0000,Proprietary  ,1,11,12,1,11,12
03921400,WHITE EARTH TRIBAL AND COMMUNITY COLLEGE,MN,56557-0478,Private      ,2,11,13,2,11,13
04044300,HAZELDEN GRADUATE SCHOOL OF ADDICTION ST,MN,55012-0000,Private      ,0,18,18,0,18,18
00239600,ALCORN STATE UNIVERSITY                 ,MS,39096-7500,Public       ,1260,643,1903,1260,643,1903
00239700,BELHAVEN COLLEGE                        ,MS,39202-1789,Private      ,628,719,1347,628,719,1347
00239800,BLUE MOUNTAIN COLLEGE                   ,MS,38610-9370,Private      ,109,58,167,109,58,167
00240100,COAHOMA COMMUNITY COLLEGE               ,MS,38614-9799,Public       ,201,236,437,201,236,437
00240200,COPIAH-LINCOLN COMMUNITY COLLEGE        ,MS,39191-0649,Public       ,386,375,761,386,375,761
00240300,DELTA STATE UNIVERSITY                  ,MS,38733-0000,Public       ,1256,845,2101,1256,845,2101
00240400,EAST CENTRAL COMMUNITY COLLEGE          ,MS,39327-0129,Public       ,361,258,619,361,258,619
00240500,EAST MISSISSIPPI COMM COLLEGE           ,MS,39358-0000,Public       ,380,376,756,380,376,756
00240700,HINDS COMMUNITY COLLEGE                 ,MS,39154-9799,Public       ,1354,1629,2983,1354,1629,2983
00240800,HOLMES COMMUNITY COLLEGE                ,MS,39079-0000,Public       ,524,806,1330,524,806,1330
00240900,ITAWAMBA COMMUNITY COLLEGE              ,MS,38843-1099,Public       ,711,796,1507,711,796,1507
00241000,JACKSON STATE UNIVERSITY                ,MS,39217-0001,Public       ,3140,1951,5091,3140,1951,5091
00241100,JONES COUNTY JUNIOR COLLEGE             ,MS,39437-3999,Public       ,683,424,1107,683,424,1107
00241300,MERIDIAN COMMUNITY COLLEGE              ,MS,39307-5890,Public       ,413,392,805,413,392,805
00241400,MILLSAPS COLLEGE                        ,MS,39201-0000,Private      ,726,104,830,726,104,830
00241500,MISSISSIPPI COLLEGE                     ,MS,39058-0001,Private      ,836,743,1579,836,743,1579
00241501,MISSISSIPPI COLLEGE - SCHOOL OF LAW     ,MS,39201-1391,Private      ,10,279,289,10,279,289
00241600,MISSISSIPPI DELTA CMTY COLLEGE          ,MS,38761-0000,Public       ,391,345,736,391,345,736
00241700,MISSISSIPPI GULF CST CLG-PERKINSTON     ,MS,39573-0000,Public       ,256,119,375,256,119,375
00241701,MISSISSIPPI GULF CST CLG-JEFF DAVIS     ,MS,39507-0000,Public       ,203,408,611,203,408,611
00241702,MISSISSIPPI GULF CST CLG-JACKSON CN     ,MS,39553-0000,Public       ,224,305,529,224,305,529
00242200,MISSISSIPPI UNIV FOR WOMEN              ,MS,39701-5818,Public       ,558,477,1035,558,477,1035
00242300,MISSISSIPPI STATE UNIVERSITY            ,MS,39762-9698,Public       ,4020,1341,5361,4020,1341,5361
00242400,MISSISSIPPI VALLEY STATE UNIVERSITY     ,MS,38941-1400,Public       ,1037,790,1827,1037,790,1827
00242600,NORTHEAST MS CMNTY COLLEGE              ,MS,38829-1731,Public       ,627,378,1005,627,378,1005
00242700,NORTHWEST MISSISSIPPI COMMUNITY CLG     ,MS,38668-1703,Public       ,1034,733,1767,1034,733,1767
00243000,PEARL RIVER COMMUNITY COLLEGE           ,MS,39470-2201,Public       ,447,523,970,447,523,970
00243300,RUST COLLEGE                            ,MS,38635-2328,Private      ,431,89,520,431,89,520
00243500,SOUTHEASTERN BAPTIST COLLEGE            ,MS,39440-0000,Private      ,5,5,10,5,5,10
00243600,SOUTHWEST MISSISSIPPI CMNTY CLG         ,MS,39666-8099,Public       ,199,205,404,199,205,404
00243900,TOUGALOO COLLEGE                        ,MS,39174-9799,Private      ,538,113,651,538,113,651
00244000,UNIVERSITY OF MISSISSIPPI               ,MS,38677-1848,Public       ,3619,1598,5217,3619,1598,5217
00244001,UNIVERSITY OF MISSISSIPPI - MED CTR     ,MS,39216-0000,Public       ,203,899,1102,203,899,1102
00244100,UNIVERSITY OF SOUTHERN MISSISSIPPI      ,MS,39406-0001,Public       ,3668,2398,6066,3668,2398,6066
00244700,WILLIAM CAREY UNIVERSITY                ,MS,39401-5499,Private      ,317,569,886,317,569,886
01146100,WESLEY COLLEGE                          ,MS,39073-1070,Private      ,12,9,21,12,9,21
01289101,ANTONELLI COLLEGE - JACKSON             ,MS,39208-4526,Proprietary  ,6,18,24,6,18,24
01289102,ANTONELLI COLLEGE - HATTIESBURG         ,MS,39401-3056,Proprietary  ,8,12,20,8,12,20
02074900,CHRIS' BEAUTY COLLEGE                   ,MS,39501-0000,Proprietary  ,2,4,6,2,4,6
02160500,NORTH MISSISSIPPI MED CTR MED TECH      ,MS,38801-0000,Private      ,4,9,13,4,9,13
02235900,ACADEMY OF HAIR DESIGN #4               ,MS,39208-0000,Proprietary  ,2,8,10,2,8,10
02244300,ACADEMY OF HAIR DESIGN #1               ,MS,38901-0000,Proprietary  ,0,17,17,0,17,17
02249900,DELTA BEAUTY COLLEGE                    ,MS,38701-0000,Proprietary  ,6,11,17,6,11,17
02251600,ACADEMY OF HAIR DESIGN #6               ,MS,39401-7581,Proprietary  ,3,9,12,3,9,12
02251700,FOSTER'S COSMETOLOGY COLLEGE            ,MS,38663-0000,Proprietary  ,2,2,4,2,2,4
02302800,MISSISSIPPI COLLEGE OF BEAUTY CULT      ,MS,39440-0000,Proprietary  ,1,0,1,1,0,1
02320800,MAGNOLIA COLLEGE OF COSMETOLOGY         ,MS,39206-0000,Proprietary  ,5,12,17,5,12,17
02361200,MAGNOLIA BIBLE COLLEGE                  ,MS,39090-0000,Private      ,2,1,3,2,1,3
02490200,"ICS, THE WRIGHT BEAUTY COLLEGE          ",MS,38834-0000,Proprietary  ,0,3,3,0,3,3
02502100,CREATIONS COLLEGE OF COSMETOLOGY        ,MS,38803-0000,Proprietary  ,2,6,8,2,6,8
02516200,WESLEY BIBLICAL SEMINARY                ,MS,39206-0000,Private      ,0,17,17,0,17,17
02554600,GIBSON'S BARBER AND BEAUTY COLLEGE      ,MS,39773-0000,Proprietary  ,4,5,9,4,5,9
02586000,J & J HAIR DESIGN COLLEGE               ,MS,39051-3716,Proprietary  ,1,10,11,1,10,11
03004000,FINAL TOUCH BEAUTY SCHOOL               ,MS,39307-2934,Proprietary  ,1,4,5,1,4,5
03010603,VIRGINIA COLLEGE - JACKSON              ,MS,39206-5602,Proprietary  ,7,43,50,7,43,50
03010610,VIRGINIA COLLEGE - BILOXI               ,MS,39532-2124,Proprietary  ,5,28,33,5,28,33
03263300,TRAXLER'S SCHOOL OF HAIR                ,MS,39212-2529,Proprietary  ,1,3,4,1,3,4
03525300,BLUE CLIFF COLLEGE                      ,MS,39507-0000,Proprietary  ,2,14,16,2,14,16
03848300,DAY SPA CAREER COLLEGE                  ,MS,39564-0000,Proprietary  ,6,3,9,6,3,9
03963300,HEALING TOUCH SCHOOL OF MASSAGE THERAPY ,MS,39402-1300,Proprietary  ,5,8,13,5,8,13
00252600,CARROLL COLLEGE                         ,MT,59625-0002,Private      ,1121,95,1216,1121,95,1216
00252700,UNIVERSITY OF GREAT FALLS               ,MT,59405-4996,Private      ,236,158,394,236,158,394
00252800,MILES COMMUNITY COLLEGE                 ,MT,59301-4799,Public       ,144,89,233,144,89,233
00252900,DAWSON COMMUNITY COLLEGE                ,MT,59330-1405,Public       ,123,36,159,123,36,159
00253000,MONTANA STATE UNIVERSITY - BILLINGS     ,MT,59101-0298,Public       ,1430,1135,2565,1430,1135,2565
00253100,MONTANA TECH OF THE UNIV OF MONTANA     ,MT,59701-8997,Public       ,867,364,1231,867,364,1231
00253200,MONTANA STATE UNIVERSITY - BOZEMAN      ,MT,59717-0001,Public       ,5318,1613,6931,5318,1613,6931
00253300,MONTANA STATE UNIVERSITY-NORTHERN       ,MT,59501-3148,Public       ,402,286,688,402,286,688
00253400,ROCKY MOUNTAIN COLLEGE                  ,MT,59102-1796,Private      ,520,136,656,520,136,656
00253600,UNIVERSITY OF MONTANA (THE)             ,MT,59812-0001,Public       ,4880,3272,8152,4880,3272,8152
00253700,UNIVERSITY OF MONTANA WESTERN (THE)     ,MT,59725-3598,Public       ,532,186,718,532,186,718
00442500,BENEFIS HEALTHCARE SCH RAD TECH         ,MT,59405-4324,Private      ,4,3,7,4,3,7
00677700,FLATHEAD VALLEY COMMUNITY COLLEGE       ,MT,59901-2699,Public       ,246,213,459,246,213,459
00757000,HELENA COLLEGE OF TECHNOLOGY            ,MT,59601-3098,Public       ,175,201,376,175,201,376
00790000,BUTTE ACADEMY OF BEAUTY CULTURE         ,MT,59701-9197,Proprietary  ,2,2,4,2,2,4
00894700,"DAHL'S COLLEGE OF BEAUTY,INC            ",MT,59401-3731,Proprietary  ,4,4,8,4,4,8
00931400,MSU COLLEGE OF TECH-GREAT FALLS         ,MT,59405-4907,Public       ,242,334,576,242,334,576
00946800,COLLEGE OF COIFFURE ART LTD             ,MT,59102-5333,Proprietary  ,8,2,10,8,2,10
02143400,SALISH KOOTENAI COLLEGE                 ,MT,59855-0000,Public       ,93,228,321,93,228,321
02286600,LITTLE BIG HORN COLLEGE                 ,MT,59022-0000,Public       ,35,39,74,35,39,74
02343000,FT PECK COMMUNITY COLLEGE               ,MT,59255-0000,Public       ,13,35,48,13,35,48
02510600,BLACKFEET COMMUNITY COLLEGE             ,MT,59417-0000,Private      ,51,105,156,51,105,156
02517500,FORT BELKNAP COLLEGE                    ,MT,59526-0000,Public       ,12,10,22,12,10,22
02545200,CHIEF DULL KNIFE COLLEGE                ,MT,59043-0098,Public       ,38,45,83,38,45,83
02610900,STONE CHILD COLLEGE                     ,MT,59521-9796,Public       ,32,50,82,32,50,82
02621300,ACADEMY OF COSMETOLOGY                  ,MT,59715-3544,Proprietary  ,11,11,22,11,11,22
03205300,MODERN BEAUTY SCHOOL                    ,MT,59801-8386,Proprietary  ,12,8,20,12,8,20
03763400,"ACADEMY OF NAIL, SKIN & HAIR            ",MT,59101-0000,Proprietary  ,25,10,35,25,10,35
03778300,HEALTH WORKS INSTITUTE                  ,MT,59715-0000,Proprietary  ,7,7,14,7,7,14
00253900,CHADRON STATE COLLEGE                   ,NE,69337-2690,Public       ,764,225,989,764,225,989
00254000,COLLEGE OF ST MARY                      ,NE,68106-2606,Private      ,196,321,517,196,321,517
00254100,CONCORDIA UNIVERSITY                    ,NE,68434-1594,Private      ,719,38,757,719,38,757
00254200,CREIGHTON UNIVERSITY                    ,NE,68178-0001,Private      ,3044,2275,5319,3044,2275,5319
00254300,DANA COLLEGE                            ,NE,68008-9905,Private      ,545,28,573,545,28,573
00254400,DOANE COLLEGE                           ,NE,68333-2421,Private      ,831,169,1000,831,169,1000
00254700,GRACE UNIVERSITY                        ,NE,68108-3629,Private      ,161,63,224,161,63,224
00254800,HASTINGS COLLEGE                        ,NE,68901-7621,Private      ,960,35,995,960,35,995
00255100,UNIVERSITY OF NEBRASKA AT KEARNEY       ,NE,68849-0001,Public       ,2157,419,2576,2157,419,2576
00255300,MIDLAND LUTHERAN COLLEGE                ,NE,68025-4254,Private      ,530,40,570,530,40,570
00255400,UNIVERSITY OF NEBRASKA-OMAHA            ,NE,68182-0001,Public       ,3460,1662,5122,3460,1662,5122
00255500,NEBRASKA WESLEYAN UNIVERSITY            ,NE,68504-2796,Private      ,1137,107,1244,1137,107,1244
00255700,MID-PLAINS COMM COLLEGE - NORTH PLATTE  ,NE,69101-9420,Public       ,126,89,215,126,89,215
00255701,MID-PLAINS COMMUNITY COLLEGE - MCCOOK   ,NE,69001-2631,Public       ,98,28,126,98,28,126
00255900,PERU STATE COLLEGE                      ,NE,68421-0010,Public       ,433,247,680,433,247,680
00256000,WESTERN NEBRASKA COMMUNITY COLLEGE      ,NE,69361-1815,Public       ,318,216,534,318,216,534
00256300,UNION COLLEGE                           ,NE,68506-4387,Private      ,308,82,390,308,82,390
00256500,UNIVERSITY OF NEBRASKA-LINCOLN          ,NE,68588-0419,Public       ,7693,1970,9663,7693,1970,9663
00256596,UNIVERSITY OF NEBRASKA - CURTIS         ,NE,69025-9522,Public       ,98,8,106,98,8,106
00256600,WAYNE STATE COLLEGE                     ,NE,68787-1172,Public       ,1371,232,1603,1371,232,1603
00256700,YORK COLLEGE                            ,NE,68467-2699,Private      ,204,16,220,204,16,220
00443100,MARY LANNING MEM HOSP SCH RAD TECH      ,NE,68901-4497,Private      ,9,3,12,9,3,12
00443600,REGNL WST MEDCL CTR SCHL RAD            ,NE,69361-0000,Private      ,8,2,10,8,2,10
00458608,KAPLAN UNIVERSITY - OMAHA               ,NE,68134-1002,Proprietary  ,19,138,157,19,138,157
00458609,KAPLAN UNIVERSITY - LINCOLN             ,NE,68508-2668,Proprietary  ,37,129,166,37,129,166
00639900,BRYANLGH COLLEGE OF HEALTH SCIENCES     ,NE,68506-1398,Private      ,106,89,195,106,89,195
00640400,NEBR METHODIST CLG OF NURS ALLD HLTH    ,NE,68114-2852,Private      ,179,164,343,179,164,343
00689500,UNIVERSITY OF NEBRASKA-MED CTR          ,NE,68198-4265,Public       ,266,1101,1367,266,1101,1367
00750100,VATTEROTT COLLEGE                       ,NE,68137-1237,Proprietary  ,31,191,222,31,191,222
00849200,ALEGENT HEALTH SCHOOLS                  ,NE,68114-2767,Private      ,18,28,46,18,28,46
00952300,BAHNER COLLEGE OF HAIRSTYLING           ,NE,68025-3297,Proprietary  ,27,2,29,27,2,29
00961700,CAPITOL BEAUTY SCHOOL                   ,NE,68144-3873,Proprietary  ,19,16,35,19,16,35
00974300,BELLEVUE UNIVERSITY                     ,NE,68005-0000,Private      ,154,1159,1313,154,1159,1313
00986200,CLARKSON COLLEGE                        ,NE,68131-2739,Private      ,266,251,517,266,251,517
01151900,JOSEPH'S COLLEGE OF BEAUTY/ALL CAMPUSES ,NE,68510-2226,Proprietary  ,59,96,155,59,96,155
01166700,NORTHEAST COMMUNITY COLLEGE             ,NE,68702-0000,Public       ,639,238,877,639,238,877
01258600,METROPOLITAN COMMUNITY COLLEGE          ,NE,68103-0000,Public       ,876,1925,2801,876,1925,2801
01297600,NEBRASKA CHRISTIAN COLLEGE              ,NE,68046-4256,Private      ,54,6,60,54,6,60
02079700,COLLEGE OF HAIR DESIGN                  ,NE,68508-0000,Proprietary  ,25,9,34,25,9,34
02099500,CENTRAL COMMUNITY COLLEGE- GI           ,NE,68801-0000,Public       ,176,174,350,176,174,350
02099501,CENTRAL COMMUNITY COLLEGE - HASTINGS    ,NE,68902-0000,Public       ,361,109,470,361,109,470
02099502,CENTRAL COMMUNITY COLLEGE - COLUMBUS    ,NE,68602-0000,Public       ,164,85,249,164,85,249
02508300,SOUTHEAST COMM. COLLEGE-ALL CAMPUSES    ,NE,68520-0000,Public       ,1570,1073,2643,1570,1073,2643
02550800,NEBRASKA INDIAN COMMUNITY COLLEGE       ,NE,68039-0000,Public       ,0,8,8,0,8,8
02610500,XENON INTERNATIONAL ACADEMY II          ,NE,68127-3522,Proprietary  ,50,19,69,50,19,69
03023300,VATTEROTT COLLEGE                       ,NE,68137-1237,Proprietary  ,4,9,13,4,9,13
03127300,OMAHA SCHOOL OF MASSAGE THERAPY         ,NE,68127-5002,Proprietary  ,14,11,25,14,11,25
03164300,THE CREATIVE CENTER                     ,NE,68164-2911,Proprietary  ,38,7,45,38,7,45
03279300,MYOTHERAPY INSTITUTE                    ,NE,68516-3641,Proprietary  ,18,7,25,18,7,25
03323300,LITTLE PRIEST TRIBAL COLLEGE            ,NE,68071-0000,Private      ,3,2,5,3,2,5
03821400,UNIVERSAL COLLEGE OF HEALING ARTS       ,NE,68112-1810,Proprietary  ,0,9,9,0,9,9
00256800,UNIVERSITY OF NEVADA RENO               ,NV,89557-0002,Public       ,3381,1456,4837,3381,1456,4837
00256900,UNIVERSITY OF NEVADA-LAS VEGAS          ,NV,89154-1001,Public       ,5030,4446,9476,5030,4446,9476
00697700,GREAT BASIN COLLEGE                     ,NV,89801-3348,Public       ,163,153,316,163,153,316
00736700,MARINELLO SCHOOLS OF BEAUTY             ,NV,89110-3563,Proprietary  ,6,10,16,6,10,16
00919200,SIERRA NEVADA COLLEGE                   ,NV,89451-0000,Private      ,112,72,184,112,72,184
01036200,COLLEGE OF SOUTHERN NEVADA              ,NV,89146-1139,Public       ,1170,2089,3259,1170,2089,3259
01036300,WESTERN NEVADA COLLEGE                  ,NV,89703-0000,Public       ,160,298,458,160,298,458
01323200,ACADEMY OF HAIR DESIGN                  ,NV,89102-0000,Proprietary  ,8,9,17,8,9,17
02097100,SOUTHERN NEVADA UNIV OF COSMETOLOGY     ,NV,89121-0000,Proprietary  ,5,8,13,5,8,13
02107700,TRUCKEE MEADOWS COMMUNITY CLG           ,NV,89512-0000,Public       ,560,837,1397,560,837,1397
02237500,EVEREST COLLEGE                         ,NV,89103-0000,Proprietary  ,65,78,143,65,78,143
02338509,NEVADA CAREER INSTITUTE                 ,NV,89121-0000,Proprietary  ,14,63,77,14,63,77
02361001,ITT TECHNICAL INSTITUTE                 ,NV,89014-0000,Proprietary  ,16,40,56,16,40,56
02616703,SCOTTSDALE CULINARY INSTITUTE - LE CORDO,NV,89144-7047,Proprietary  ,40,48,88,40,48,88
02621500,CAREER COLLEGE OF NORTHERN NEVADA       ,NV,89434-7905,Proprietary  ,10,73,83,10,73,83
03030603,UTAH CLG OF MASSAGE THERAPY-NSMT        ,NV,89123-0000,Proprietary  ,18,55,73,18,55,73
03031405,INTERNATIONAL ACADEMY OF DESIGN AND TECH,NV,89074-7750,Proprietary  ,21,29,50,21,29,50
03043200,KAPLAN COLLEGE                          ,NV,89102-8618,Proprietary  ,25,73,98,25,73,98
03084600,THE ART INSTITUTE OF LAS VEGAS          ,NV,89074-7737,Proprietary  ,291,347,638,291,347,638
03088200,CARSON CITY BEAUTY ACADEMY              ,NV,89706-0000,Proprietary  ,2,10,12,2,10,12
03110000,ACADEMY OF HEALING ARTS                 ,NV,89106-4031,Proprietary  ,23,85,108,23,85,108
03232305,COMPUTER-ED INSTITUTE -                 ,NV,89014-6398,Proprietary  ,8,12,20,8,12,20
03232306,EUPHORIA INSTITUTE - SUMMERLIN          ,NV,89117-8803,Proprietary  ,4,8,12,4,8,12
03232307,EUPHORIA INSTITUTE - GREEN VALLEY       ,NV,89052-4964,Proprietary  ,1,8,9,1,8,9
03787300,EXPERTISE SCHOOL OF BEAUTY              ,NV,89106-2516,Private      ,1,8,9,1,8,9
03838500,NORTHWEST HEALTH CAREERS                ,NV,89128-0000,Proprietary  ,11,16,27,11,16,27
03975300,INSTITUTE OF PROFESSIONAL CAREERS       ,NV,89119-7825,Proprietary  ,10,13,23,10,13,23
04065300,UNIVERSITY OF SOUTHERN NEVADA           ,NV,89014-2333,Private      ,63,432,495,63,432,495
04114300,NEVADA STATE COLLEGE                    ,NV,89002-9455,Public       ,206,283,489,206,283,489
00257200,COLBY-SAWYER COLLEGE                    ,NH,03257-4648,Private      ,1220,22,1242,1220,22,1242
00257300,DARTMOUTH COLLEGE                       ,NH,03755-3529,Private      ,6108,1041,7149,6108,1041,7149
00257500,FRANKLIN PIERCE UNIVERSITY              ,NH,03461-0060,Private      ,2368,238,2606,2368,238,2606
00257900,NEW ENGLAND COLLEGE                     ,NH,03242-3293,Private      ,1000,132,1132,1000,132,1132
00258000,SOUTHERN NEW HAMPSHIRE UNIVERSITY       ,NH,03106-1045,Private      ,2625,904,3529,2625,904,3529
00258100,NHTI  - CONCORD'S COMMUNITY COLLEGE     ,NH,03301-7412,Public       ,777,324,1101,777,324,1101
00258200,MANCHESTER COMMUNITY COLLEGE            ,NH,03102-8518,Public       ,216,177,393,216,177,393
00258202,NEW HAMPSHIRE COMMUNITY TECHNICAL COLLEG,NH,03038-0000,Public       ,1,0,1,1,0,1
00258204,HEW HAMPSHIRE COMMUNITY TECHNICAL COLLEG,NH,03803-2807,Public       ,6,7,13,6,7,13
00258300,GREAT BAY COMMUNITY COLLEGE             ,NH,03885-0000,Public       ,188,165,353,188,165,353
00258600,RIVIER COLLEGE                          ,NH,03060-5086,Private      ,993,316,1309,993,316,1309
00258700,SAINT ANSELM COLLEGE                    ,NH,03102-1310,Private      ,2804,25,2829,2804,25,2829
00258900,UNIVERSITY OF NEW HAMPSHIRE             ,NH,03824-2511,Public       ,14638,1854,16492,14638,1854,16492
00259000,KEENE STATE COLLEGE                     ,NH,03431-0000,Public       ,4698,299,4997,4698,299,4997
00259100,PLYMOUTH STATE UNIVERSITY               ,NH,03264-1595,Public       ,4827,430,5257,4827,430,5257
00301004,ANTIOCH UNIVERSITY                      ,NH,03431-0000,Private      ,1,474,475,1,474,475
00472900,HESSER COLLEGE                          ,NH,03103-7230,Proprietary  ,213,192,405,213,192,405
00472901,HESSER COLLEGE - NASHUA CAMPUS          ,NH,03063-1286,Proprietary  ,27,79,106,27,79,106
00472904,HESSER COLLEGE - PORTSMOUTH CAMPUS      ,NH,03801-3245,Proprietary  ,34,90,124,34,90,124
00472905,HESSER COLLEGE - SALEM CAMPUS           ,NH,03079-2842,Proprietary  ,39,88,127,39,88,127
00472906,HESSER COLLEGE - CONCORD CAMPUS         ,NH,03301-3415,Proprietary  ,18,62,80,18,62,80
00473000,MCINTOSH COLLEGE INC                    ,NH,03820-3990,Proprietary  ,411,236,647,411,236,647
00473100,DANIEL WEBSTER COLLEGE                  ,NH,03063-1300,Proprietary  ,898,79,977,898,79,977
00473300,CHESTER COLLEGE OF NEW ENGLAND          ,NH,03036-4331,Private      ,173,13,186,173,13,186
00529100,WHITE MOUNTAINS COMMUNITY COLLEGE       ,NH,03570-3799,Public       ,97,152,249,97,152,249
00529101,N.H.COMM TECH COLLEGE - LACONIA         ,NH,03246-0000,Public       ,7,5,12,7,5,12
00702500,LEBANON COLLEGE                         ,NH,03766-0000,Private      ,9,11,20,9,11,20
00755500,LAKES REGION COMMUNITY COLLEGE          ,NH,03246-1326,Public       ,175,102,277,175,102,277
00756000,RIVER VALLEY COMMUNITY COLLEGE          ,NH,03743-9707,Public       ,89,168,257,89,168,257
00849300,CONTINENTAL ACADEMIE OF HAIR DESIGN     ,NH,03103-4901,Proprietary  ,7,2,9,7,2,9
00864500,EMPIRE BEAUTY SCHOOL                    ,NH,03220-0000,Proprietary  ,9,7,16,9,7,16
00923600,NASHUA COMMUNITY COLLEGE                ,NH,03063-2052,Public       ,174,121,295,174,121,295
01318900,CONTINENTAL ACADEMIE OF HAIR DESIGN     ,NH,03051-3754,Proprietary  ,6,0,6,6,0,6
02097900,FRANKLIN PIERCE LAW CENTER              ,NH,03301-0000,Private      ,12,379,391,12,379,391
02140400,ST JOSEPH SCH OF PRAC NRSG              ,NH,03060-0000,Private      ,8,20,28,8,20,28
02174800,MICHAEL'S SCHOOL OF HAIR DESIGN & ESTHET,NH,03110-0000,Proprietary  ,2,1,3,2,1,3
02179600,EMPIRE BEAUTY SCHOOL                    ,NH,03878-0000,Proprietary  ,6,5,11,6,5,11
02211600,PORTSMOUTH BTY SCH OF HAIR DESIGN       ,NH,03801-4084,Proprietary  ,4,2,6,4,2,6
02245400,KEENE BEAUTY ACADEMY                    ,NH,03431-0000,Proprietary  ,3,1,4,3,1,4
02247000,NEW ENGLAND SCHOOL OF HAIR DESIGN       ,NH,03784-0000,Proprietary  ,5,2,7,5,2,7
02300200,CONCORD ACADEMY OF HAIR DESIGN          ,NH,03301-0000,Proprietary  ,4,1,5,4,1,5
03043100,THOMAS MORE COLLEGE OF LIBERAL ARTS     ,NH,03054-4818,Private      ,42,3,45,42,3,45
03101300,GRANITE STATE COLLEGE                   ,NH,03301-6400,Public       ,51,301,352,51,301,352
03182300,NEW HAMPSHIRE INSTITUTE OF ART          ,NH,03104-4858,Private      ,199,21,220,199,21,220
03437300,UPPER VALLEY TEACHER TRANING PROGRAM    ,NH,03766-1358,Private      ,0,7,7,0,7,7
03729300,NH INSTITUTE FOR THERAPEUTIC ARTS       ,NH,03051-4906,Proprietary  ,2,6,8,2,6,8
00267000,BAPTIST BIBLE COLG OF PENNSYLVANIA      ,PA,18411-1297,Private      ,326,33,359,326,33,359
00322800,BRYN ATHYN COLLEGE OF THE NEW CHURCH    ,PA,19009-0717,Private      ,26,2,28,26,2,28
00322900,ALBRIGHT COLLEGE                        ,PA,19612-5234,Private      ,2099,239,2338,2099,239,2338
00323000,ALLEGHENY COLLEGE                       ,PA,16335-3902,Private      ,2938,36,2974,2938,36,2974
00323100,COMM CLG OF ALLEGHENY-ALLEGHENY CMP     ,PA,15212-0000,Public       ,458,866,1324,458,866,1324
00323101,"COMM CLG OF ALLEGHENY, BOYCE CAMPUS     ",PA,15146-0000,Public       ,225,390,615,225,390,615
00323102,"COMM CLG OF ALLEGHENY, NORTH CAMPUS     ",PA,15237-0000,Public       ,212,187,399,212,187,399
00323103,"COMM CLG OF ALLEGHENY, SOUTH CAMPUS     ",PA,15122-0000,Public       ,300,459,759,300,459,759
00323300,ALVERNIA UNIVERSITY                     ,PA,19607-1799,Private      ,991,456,1447,991,456,1447
00323500,ARCADIA UNIVERSITY                      ,PA,19038-3295,Private      ,2598,730,3328,2598,730,3328
00323700,BRYN MAWR COLLEGE                       ,PA,19010-2899,Private      ,925,306,1231,925,306,1231
00323800,BUCKNELL UNIVERSITY                     ,PA,17837-2122,Private      ,3913,72,3985,3913,72,3985
00323900,BUCKS COUNTY COMMUNITY COLLEGE          ,PA,18940-1320,Public       ,724,497,1221,724,497,1221
00324000,BUTLER COUNTY COMMUNITY COLLEGE         ,PA,16001-0000,Public       ,384,317,701,384,317,701
00324100,CABRINI COLLEGE                         ,PA,19087-3698,Private      ,1785,168,1953,1785,168,1953
00324200,CARNEGIE MELLON UNIVERSITY              ,PA,15213-3890,Private      ,6692,442,7134,6692,442,7134
00324201,CARNEGIE MELLON UNIV- THE HEINZ SCH     ,PA,15213-0000,Private      ,368,297,665,368,297,665
00324202,CARNEGIE MELLON- TEPPER SCHOOL OF BUSINE,PA,15213-0000,Private      ,10,259,269,10,259,269
00324300,CEDAR CREST COLLEGE                     ,PA,18104-6196,Private      ,755,338,1093,755,338,1093
00324400,CHATHAM UNIVERSITY                      ,PA,15232-2826,Private      ,510,609,1119,510,609,1119
00324500,CHESTNUT HILL COLLEGE                   ,PA,19118-2693,Private      ,777,410,1187,777,410,1187
00324700,MISERICORDIA  UNIVERSITY                ,PA,18612-1008,Private      ,1069,273,1342,1069,273,1342
00324900,COMMUNITY COLLEGE OF PHILADELPHIA       ,PA,19130-3991,Public       ,2690,3993,6683,2690,3993,6683
00325100,CURTIS INSTITUTE OF MUSIC               ,PA,19103-6187,Private      ,189,65,254,189,65,254
00325200,DELAWARE VALLEY COLLEGE                 ,PA,18901-2697,Private      ,1444,98,1542,1444,98,1542
00325300,DICKINSON COLLEGE                       ,PA,17013-2896,Private      ,2403,24,2427,2403,24,2427
00325400,DICKINSON SCHOOL OF LAW                 ,PA,17013-2899,Private      ,17,1143,1160,17,1143,1160
00325600,DREXEL UNIVERSITY                       ,PA,19104-2875,Private      ,11374,4362,15736,11374,4362,15736
00325800,DUQUESNE UNIVERSITY                     ,PA,15282-0001,Private      ,4017,1342,5359,4017,1342,5359
00325900,EASTERN UNIVERSITY                      ,PA,19087-3696,Private      ,1280,649,1929,1280,649,1929
00325908,EASTERN BAPTIST THEOLGCL SEMINARY       ,PA,19096-0000,Private      ,1,27,28,1,27,28
00326200,ELIZABETHTOWN COLLEGE                   ,PA,17022-2298,Private      ,2299,113,2412,2299,113,2412
00326300,EVANGELICAL SCHOOL OF THEOLOGY          ,PA,17067-0000,Private      ,0,29,29,0,29,29
00326500,FRANKLIN & MARSHALL COLLEGE             ,PA,17604-0000,Private      ,2022,23,2045,2022,23,2045
00326600,GANNON UNIVERSITY                       ,PA,16541-0001,Private      ,2587,594,3181,2587,594,3181
00326700,GENEVA COLLEGE                          ,PA,15010-3599,Private      ,1386,301,1687,1386,301,1687
00326800,GETTYSBURG COLLEGE                      ,PA,17325-1486,Private      ,3055,28,3083,3055,28,3083
00326900,GROVE CITY COLLEGE                      ,PA,16127-0000,Private      ,1343,20,1363,1343,20,1363
00327000,GWYNEDD-MERCY COLLEGE                   ,PA,19437-0901,Private      ,970,364,1334,970,364,1334
00327200,HARCUM COLLEGE                          ,PA,19010-3476,Private      ,250,225,475,250,225,475
00327300,HARRISBURG AREA COMMUNITY COLLEGE       ,PA,17110-2999,Public       ,2506,3556,6062,2506,3556,6062
00327400,HAVERFORD COLLEGE                       ,PA,19041-1392,Private      ,1453,13,1466,1453,13,1466
00327500,HOLY FAMILY UNIVERSITY                  ,PA,19114-2094,Private      ,1054,805,1859,1054,805,1859
00327600,IMMACULATA UNIVERSITY                   ,PA,19345-0647,Private      ,732,319,1051,732,319,1051
00327700,INDIANA UNIVERSITY OF PENNSYLVANIA      ,PA,15705-1097,Public       ,5853,1098,6951,5853,1098,6951
00327900,JUNIATA COLLEGE                         ,PA,16652-2196,Private      ,1561,46,1607,1561,46,1607
00328000,KEYSTONE COLLEGE                        ,PA,18440-0200,Private      ,756,249,1005,756,249,1005
00328200,KINGS COLLEGE                           ,PA,18711-0801,Private      ,2055,189,2244,2055,189,2244
00328300,LACKAWANNA COLLEGE                      ,PA,18509-9961,Private      ,381,186,567,381,186,567
00328400,LAFAYETTE COLLEGE                       ,PA,18042-1768,Private      ,2825,24,2849,2825,24,2849
00328500,LANCASTER BIBLE COLLEGE                 ,PA,17601-5036,Private      ,231,76,307,231,76,307
00328600,LANCASTER THEOLOGICAL SEMINARY          ,PA,17603-0000,Private      ,1,26,27,1,26,27
00328700,LASALLE UNIVERSITY                      ,PA,19141-1199,Private      ,3392,960,4352,3392,960,4352
00328800,LEBANON VALLEY COLLEGE                  ,PA,17003-1400,Private      ,1889,94,1983,1889,94,1983
00328900,LEHIGH UNIVERSITY                       ,PA,18015-1588,Private      ,6089,263,6352,6089,263,6352
00329000,LINCOLN UNIVERSITY                      ,PA,19352-0999,Public       ,1935,429,2364,1935,429,2364
00329100,LUTHERAN THEOLOG SEMINARY-GETTYSBRG     ,PA,17325-0000,Private      ,0,61,61,0,61,61
00329200,LUTHERAN THEOLOGICAL SEMINARY           ,PA,19119-0000,Private      ,0,77,77,0,77,77
00329300,LYCOMING COLLEGE                        ,PA,17701-5192,Private      ,1521,45,1566,1521,45,1566
00329400,MANOR COLLEGE                           ,PA,19046-3399,Private      ,198,185,383,198,185,383
00329600,MARYWOOD UNIVERSITY                     ,PA,18509-1598,Private      ,1507,602,2109,1507,602,2109
00329700,MERCYHURST COLLEGE                      ,PA,16546-0001,Private      ,3274,673,3947,3274,673,3947
00329800,MESSIAH COLLEGE                         ,PA,17027-0800,Private      ,2716,67,2783,2716,67,2783
00330000,MOORE COLLEGE OF ART & DESIGN           ,PA,19103-1179,Private      ,495,104,599,495,104,599
00330100,MORAVIAN COLLEGE                        ,PA,18018-6650,Private      ,1648,87,1735,1648,87,1735
00330101,MORAVIAN THEOLOGICAL SEMINARY           ,PA,18018-0000,Private      ,8,25,33,8,25,33
00330200,MOUNT ALOYSIUS COLLEGE                  ,PA,16630-1999,Private      ,623,309,932,623,309,932
00330300,CARLOW COLLEGE                          ,PA,15213-3165,Private      ,762,650,1412,762,650,1412
00330400,MUHLENBERG COLLEGE                      ,PA,18104-5586,Private      ,2252,68,2320,2252,68,2320
00330600,VALLEY FORGE CHRISTIAN COLLEGE          ,PA,19460-2399,Private      ,351,64,415,351,64,415
00330900,PEIRCE COLLEGE                          ,PA,19102-4699,Private      ,80,628,708,80,628,708
00331100,PENNSYLVANIA COLLEGE OF OPTOMETRY       ,PA,19027-1598,Private      ,9,557,566,9,557,566
00331300,WIDENER UNIVERSITY                      ,PA,19013-5792,Private      ,2721,931,3652,2721,931,3652
00331302,WIDENER UNIV SCH OF LAW- HARRISBURG     ,PA,17106-9381,Private      ,5,410,415,5,410,415
00331500,BLOOMSBURG UNIVERSITY OF PA             ,PA,17815-1301,Public       ,5714,603,6317,5714,603,6317
00331600,CALIFORNIA UNIV OF PENNSYLVANIA         ,PA,15419-1394,Public       ,2658,1022,3680,2658,1022,3680
00331700,CHEYNEY UNIVERSITY OF PENNSYLVANIA      ,PA,19319-0200,Public       ,982,254,1236,982,254,1236
00331800,CLARION UNIVERSITY OF PENNSYLVANIA      ,PA,16214-1232,Public       ,2574,584,3158,2574,584,3158
00332000,EAST STROUDSBURG UNIVERSITY             ,PA,18301-2999,Public       ,4192,474,4666,4192,474,4666
00332100,EDINBORO UNIVERSITY OF PENNSYLVANIA     ,PA,16444-0001,Public       ,3541,1478,5019,3541,1478,5019
00332200,KUTZTOWN UNIVERSITY OF PENNSYLVANIA     ,PA,19530-9339,Public       ,6381,680,7061,6381,680,7061
00332300,LOCK HAVEN UNIV OF PENNSYLVANIA         ,PA,17745-2439,Public       ,4024,653,4677,4024,653,4677
00332400,MANSFIELD UNIVERSITY                    ,PA,16933-1123,Public       ,1615,354,1969,1615,354,1969
00332500,MILLERSVILLE UNIVERSITY OF PA           ,PA,17551-1800,Public       ,5726,929,6655,5726,929,6655
00332600,SHIPPENSBURG UNIVERSITY                 ,PA,17257-2299,Public       ,4296,519,4815,4296,519,4815
00332700,SLIPPERY ROCK UNIVERSITY                ,PA,16057-1326,Public       ,3768,591,4359,3768,591,4359
00332800,WEST CHESTER UNIVERSITY                 ,PA,19383-0001,Public       ,8760,1440,10200,8760,1440,10200
00332900,PENN STATE UNIVERSITY                   ,PA,16802-1503,Public       ,39932,6381,46313,39932,6381,46313
00332901,PENN STATE UNIV-HERSHEY MEDCL CTR       ,PA,17033-0000,Public       ,32,654,686,32,654,686
00335000,UNIVERSITY OF THE ARTS (THE)            ,PA,19102-9493,Private      ,2100,284,2384,2100,284,2384
00335100,PHILADELPHIA BIBLICAL UNIVERSITY        ,PA,19047-2942,Private      ,425,112,537,425,112,537
00335200,PHILADELPHIA CLG OSTEOPATHIC MED        ,PA,19131-0000,Private      ,7,1036,1043,7,1036,1043
00335300,UNIVERSITY OF THE SCIENCES IN PHILADELPH,PA,19104-4495,Private      ,2663,425,3088,2663,425,3088
00335400,PHILADELPHIA UNIVERSITY                 ,PA,19144-5497,Private      ,2512,305,2817,2512,305,2817
00335600,PITTSBURGH THEOLOGICAL SEMINARY         ,PA,15206-0000,Private      ,4,109,113,4,109,113
00335700,POINT PARK UNIVERSITY                   ,PA,15222-1912,Private      ,1467,592,2059,1467,592,2059
00335800,REFORMED PRESBYTERIAN THEOL SEMINAR     ,PA,15208-0000,Private      ,0,3,3,0,3,3
00335900,ROBERT MORRIS UNIVERSITY                ,PA,15108-1189,Private      ,1758,467,2225,1758,467,2225
00336000,ROSEMONT COLLEGE                        ,PA,19010-1699,Private      ,229,146,375,229,146,375
00336200,SETON HILL UNIVERSITY                   ,PA,15601-1599,Private      ,920,246,1166,920,246,1166
00336400,ST. CHARLES BORROMEO SEMINARY           ,PA,19096-0000,Private      ,10,1,11,10,1,11
00336600,SAINT FRANCIS UNIVERSITY                ,PA,15940-0600,Private      ,1125,190,1315,1125,190,1315
00336700,SAINT JOSEPH'S UNIVERSITY               ,PA,19131-1395,Private      ,4310,447,4757,4310,447,4757
00336800,ST VINCENT COLLEGE                      ,PA,15650-2690,Private      ,1323,105,1428,1323,105,1428
00336900,SUSQUEHANNA UNIVERSITY                  ,PA,17870-1001,Private      ,2113,37,2150,2113,37,2150
00337000,SWARTHMORE COLLEGE                      ,PA,19081-1397,Private      ,2167,23,2190,2167,23,2190
00337100,TEMPLE UNIV - MAIN CAMPUS               ,PA,19122-6003,Private      ,19263,3721,22984,19263,3721,22984
00337101,TEMPLE UNIV - SCHOOL OF LAW             ,PA,19122-0000,Private      ,32,1906,1938,32,1906,1938
00337102,TEMPLE UNIV - SCHOOL OF MEDICINE        ,PA,19140-0000,Private      ,53,830,883,53,830,883
00337103,TEMPLE UNIV - SCHOOL OF DENTISTRY       ,PA,19140-0000,Private      ,9,456,465,9,456,465
00337104,TEMPLE UNIV - AMBLER CAMPUS             ,PA,19002-0000,Private      ,523,332,855,523,332,855
00337105,TEMPLE UNIV - SCH OF ALLIED HEALTH      ,PA,19140-0000,Private      ,256,227,483,256,227,483
00337106,TEMPLE UNIV - SCHOOL OF PHARMACY        ,PA,19140-0000,Private      ,231,376,607,231,376,607
00337107,TEMPLE UNIV - TYLER SCHOOL OF ART       ,PA,19122-0000,Private      ,603,189,792,603,189,792
00337108,TEMPLE UNIV - GRAD DIV HEALTH SCI       ,PA,19140-0000,Private      ,28,200,228,28,200,228
00337109,TEMPLE UNIV - GRADUATE DIVISION         ,PA,19122-0000,Private      ,89,1231,1320,89,1231,1320
00337111,TEMPLE UNIV-SCH OF PODIATRIC MED        ,PA,19107-0000,Private      ,11,231,242,11,231,242
00337600,THIEL COLLEGE                           ,PA,16125-2181,Private      ,832,43,875,832,43,875
00337800,UNIVERSITY OF PENNSYLVANIA              ,PA,19104-6216,Private      ,9729,6236,15965,9729,6236,15965
00337900,UNIVERSITY OF PITTSBURGH                ,PA,15260-0000,Public       ,15974,4249,20223,15974,4249,20223
00337906,UNIVERSITY OF PITTSBURGH - SCHOOL OF MED,PA,15261-0001,Public       ,23,617,640,23,617,640
00337907,UNIVERSITY OF PITTSBURGH - SCHOOL OF DEN,PA,15261-2523,Public       ,11,162,173,11,162,173
00338400,UNIVERSITY OF SCRANTON                  ,PA,18510-4622,Private      ,4359,411,4770,4359,411,4770
00338500,URSINUS COLLEGE                         ,PA,19426-2562,Private      ,2430,37,2467,2430,37,2467
00338600,VALLEY FORGE MILITARY COLLEGE           ,PA,19087-3695,Private      ,81,3,84,81,3,84
00338800,VILLANOVA UNIVERSITY                    ,PA,19085-1699,Private      ,8007,665,8672,8007,665,8672
00338801,VILLANOVA UNIV SCH OF LAW               ,PA,19085-0000,Private      ,19,896,915,19,896,915
00338900,WASHINGTON & JEFFERSON COLLEGE          ,PA,15301-4801,Private      ,1988,20,2008,1988,20,2008
00339100,WAYNESBURG UNIVERSITY                   ,PA,15370-1222,Private      ,1175,226,1401,1175,226,1401
00339200,WESTMINSTER COLLEGE                     ,PA,16172-0002,Private      ,1078,34,1112,1078,34,1112
00339300,WESTMINSTER THEOLOGICAL SEMINARY        ,PA,19038-0000,Private      ,2,142,144,2,142,144
00339400,WILKES UNIVERSITY                       ,PA,18766-0998,Private      ,1921,248,2169,1921,248,2169
00339500,PENNSYLVANIA COLLEGE OF TECHNOLOGY      ,PA,17701-5779,Public       ,2622,752,3374,2622,752,3374
00339600,WILSON COLLEGE                          ,PA,17201-1285,Private      ,215,126,341,215,126,341
00339900,YORK COLLEGE OF PENNSYLVANIA            ,PA,17405-7199,Private      ,3875,358,4233,3875,358,4233
00398600,DESALES UNIVERSITY                      ,PA,18034-9568,Private      ,1448,321,1769,1448,321,1769
00398700,LA ROCHE COLLEGE                        ,PA,15237-5898,Private      ,494,114,608,494,114,608
00398800,NEUMANN COLLEGE                         ,PA,19014-1298,Private      ,1547,296,1843,1547,296,1843
00405800,GRATZ COLLEGE                           ,PA,19027-3097,Private      ,1,16,17,1,16,17
00445200,MONTGOMERY COUNTY COMMUNITY COLLEGE     ,PA,19422-6300,Public       ,795,775,1570,795,775,1570
00488700,BRANDYWINE SCHOOL OF NURSING            ,PA,19320-1536,Proprietary  ,13,29,42,13,29,42
00488900,CAMBRIA-ROWE BUSINESS COLLEGE           ,PA,15902-2494,Proprietary  ,41,76,117,41,76,117
00489000,CENTRAL PENNSYLVANIA COLLEGE            ,PA,17093-0309,Proprietary  ,610,338,948,610,338,948
00489300,DU BOIS BUSINESS COLLEGE                ,PA,15801-2401,Proprietary  ,74,88,162,74,88,162
00489400,ERIE BUSINESS CENTER                    ,PA,16501-1305,Proprietary  ,27,99,126,27,99,126
00489401,ERIE BUSINESS CENTER SOUTH              ,PA,16101-0000,Proprietary  ,6,22,28,6,22,28
00489800,MCCANN SCHOOL OF BUSINESS & TECHNOL     ,PA,17901-1335,Proprietary  ,157,470,627,157,470,627
00489900,MERCY HOSP SCH OF NURSING               ,PA,15219-5166,Private      ,39,22,61,39,22,61
00490100,NEWPORT BUSINESS INSTITUTE              ,PA,15068-3929,Proprietary  ,3,17,20,3,17,20
00490200,PENN COMMERCIAL BUSINESS/TECHNICAL SCHL ,PA,15301-2871,Proprietary  ,69,81,150,69,81,150
00491000,KAPLAN CAREER INSTITUTE                 ,PA,17111-3571,Proprietary  ,23,70,93,23,70,93
00491001,THOMPSON INSTITUTE-PHILADEPHIA CAMPUS   ,PA,19104-3386,Proprietary  ,25,55,80,25,55,80
00491400,NEWPORT BUSINESS INSTITUTE              ,PA,17701-5855,Proprietary  ,19,41,60,19,41,60
00500701,WEST VIRGINIA CAREER INSTITUTE          ,PA,15456-0000,Proprietary  ,22,49,71,22,49,71
00531000,PITTSBURGH INST OF AERONAUTICS          ,PA,15236-0000,Private      ,64,17,81,64,17,81
00533000,FAYETTE CNTY AREA VOC TECH PRC NRSG     ,PA,15401-0000,Public       ,7,37,44,7,37,44
00533500,CENTRAL PENN INST OF SCI & TECH PNP     ,PA,16823-0000,Public       ,7,23,30,7,23,30
00534100,UPPER BUCKS CO AREA VOC-TECH SCHOOL     ,PA,18944-0000,Public       ,0,2,2,0,2,2
00536500,YORK CO AREA VOC-TECH SCH-PRAC NSG      ,PA,17402-0000,Public       ,3,14,17,3,14,17
00594200,UPMC PRESBYTERIAN SCH OF RADIOLOGIC     ,PA,15213-2582,Private      ,16,9,25,16,9,25
00594600,SCHOOL OF RADIOLOGIC TECHNOLOGY AT ST. C,PA,19134-1995,Proprietary  ,5,13,18,5,13,18
00653400,CITIZENS SCHOOL OF NURSING              ,PA,15068-6591,Private      ,19,30,49,19,30,49
00653700,CONEMAUGH VLY MEM HOSP SCH NRSNG        ,PA,15905-4398,Private      ,47,47,94,47,47,94
00653702,CONEMAUGH HOSP- SCH HISTOTECHNOLOGY     ,PA,15905-0000,Private      ,2,0,2,2,0,2
00653704,CONEMAUGH VLY MEM HOSP SCH RAD TECH     ,PA,15905-0000,Private      ,15,7,22,15,7,22
00653706,CONEMAUGH VLY MEM HOSP SCH  MED TECH    ,PA,15905-4398,Private      ,3,2,5,3,2,5
00653900,EPISCOPAL HOSPITAL SCHL OF NURSING      ,PA,19125-1000,Private      ,11,113,124,11,113,124
00655100,ST MARGARET SCHL OF NURSING             ,PA,15238-3205,Private      ,27,50,77,27,50,77
00656000,OHIO VALLEY HOSP SCH OF NURSING         ,PA,15136-1694,Private      ,7,17,24,7,17,24
00656500,READING HOSPITAL SCHOOL OF HEALTH SCIENC,PA,19611-1744,Private      ,71,118,189,71,118,189
00657400,"ST LUKE'S HOSPITAL OF BETHLEHEM, PA     ",PA,18015-1065,Private      ,14,51,65,14,51,65
00657600,SEWICKLEY VALLEY HOSP SCH NRSNG         ,PA,15143-1498,Private      ,19,24,43,19,24,43
00657602,HVHS SCHOOL OF RADIOLOGIC TECHNOLOGY    ,PA,15143-0000,Private      ,3,1,4,3,1,4
00657700,UPMC SHADYSIDE SCHOOL OF NURSING        ,PA,15232-1381,Private      ,28,77,105,28,77,105
00657800,SHARON REGIONAL SCHOOL OF NURSING       ,PA,16146-3395,Private      ,7,34,41,7,34,41
00658200,WASHINGTON HOSP SCH OF NURSING          ,PA,15301-3398,Private      ,20,61,81,20,61,81
00658202,WASHINGTON HOSP SCH OF RAD TECH         ,PA,15301-3398,Private      ,7,4,11,7,4,11
00658300,WESTERN PENN HOSP-SCH OF NURSING        ,PA,15224-1790,Private      ,39,45,84,39,45,84
00680700,COMMUNITY COLLEGE OF BEAVER COUNTY      ,PA,15061-2588,Public       ,268,282,550,268,282,550
00681000,LEHIGH CARBON COMMUNITY COLLEGE         ,PA,18078-2598,Public       ,713,660,1373,713,660,1373
00681100,LUZERNE COUNTY COMMUNITY COLLEGE        ,PA,18634-3899,Public       ,788,716,1504,788,716,1504
00708700,ABINGTON MEM HOSP SCHL OF NURSING       ,PA,19090-1284,Private      ,37,60,97,37,60,97
00709000,METHODIST HOSPITAL SCH OF NURSING       ,PA,19148-3594,Private      ,3,14,17,3,14,17
00709100,EVEREST INSTITUTE                       ,PA,15222-1320,Proprietary  ,3,16,19,3,16,19
00711000,DELAWARE COUNTY COMMUNITY COLLEGE       ,PA,19063-1094,Public       ,882,1045,1927,882,1045,1927
00719100,NORTHAMPTON COMMUNITY COLLEGE           ,PA,18020-7599,Public       ,1499,1173,2672,1499,1173,2672
00739802,KATHERINE GIBBS-PHILADELPHIA            ,PA,19403-2422,Proprietary  ,16,13,29,16,13,29
00743000,ANTONELLI INST OF ART & PHOTOGRAPHY     ,PA,19038-8242,Proprietary  ,97,10,107,97,10,107
00743600,KAPLAN CAREER INSTITUTE - ICM CAMPUS    ,PA,15222-1977,Proprietary  ,80,258,338,80,258,338
00743700,PITTSBURGH TECHNICAL INSTITUTE          ,PA,15071-3205,Proprietary  ,1245,387,1632,1245,387,1632
00746900,"HUSSIAN SCHOOL OF ART, INC.             ",PA,19106-0000,Proprietary  ,46,2,48,46,2,48
00747000,"ART INSTITUTE OF PITTSBURGH, THE        ",PA,15219-1328,Proprietary  ,1756,1794,3550,1756,1794,3550
00752900,CTR ART TCH BRDYWN CMPS PRC NRS PRG     ,PA,19320-2459,Public       ,5,42,47,5,42,47
00775900,LINCOLN TECHNICAL INSTITUTE             ,PA,18104-3298,Proprietary  ,94,79,173,94,79,173
00777900,LANSDALE SCHOOL OF BUSINESS             ,PA,19454-4148,Proprietary  ,7,18,25,7,18,25
00778000,NEW CASTLE SCHOOL OF TRADES             ,PA,16143-9721,Proprietary  ,40,89,129,40,89,129
00778100,CHI INSTITUTE/RETS CAMPUS               ,PA,19008-3516,Proprietary  ,42,144,186,42,144,186
00782600,BEREAN INSTITUTE                        ,PA,19130-1526,Private      ,13,39,52,13,39,52
00783200,LINCOLN TECH INSTITUTE                  ,PA,19136-1595,Proprietary  ,88,78,166,88,78,166
00783900,TRIANGLE TECH                           ,PA,15214-3897,Proprietary  ,21,12,33,21,12,33
00791200,THADDEUS STEVENS CLG OF TECHNOLOGY      ,PA,17602-0000,Public       ,375,103,478,375,103,478
00791600,FRANKLIN CNTY CAREER & TECH CTR-PNP     ,PA,17201-0000,Public       ,0,6,6,0,6,6
00820000,JAMESON MEMORIAL HOSP SCH NURSING       ,PA,16105-2595,Private      ,19,38,57,19,38,57
00835000,ART INSTITUTE OF PHILADELPHIA           ,PA,19103-5198,Proprietary  ,1380,528,1908,1380,528,1908
00844100,ANTHEM INSTITUTE                        ,PA,19064-1243,Proprietary  ,84,193,277,84,193,277
00856800,VET TECH INSTITUTE                      ,PA,15222-3400,Proprietary  ,121,33,154,121,33,154
00865300,JEFFERSON CO DUBOIS VOC TECH-PR NSG     ,PA,15851-0000,Public       ,6,18,24,6,18,24
00888900,LEHIGH VALLEY COLLEGE                   ,PA,18034-8447,Proprietary  ,305,278,583,305,278,583
00895500,PRUONTOS HAIR DESIGN INSTITUTE & BEAUTY ,PA,16602-0000,Proprietary  ,3,3,6,3,3,6
00918600,DEAN INSTITUTE OF TECHNOLOGY            ,PA,15226-1197,Proprietary  ,4,10,14,4,10,14
00944900,PENNCO TECH                             ,PA,19007-0000,Proprietary  ,38,31,69,38,31,69
00966400,EMPIRE BEAUTY SCHOOL                    ,PA,18052-5730,Proprietary  ,16,21,37,16,21,37
00966500,EMPIRE BEAUTY SCHOOL                    ,PA,17109-2210,Proprietary  ,14,57,71,14,57,71
00966600,EMPIRE BEAUTY SCHOOL                    ,PA,19605-2803,Proprietary  ,11,32,43,11,32,43
00972100,BRADFORD SCHOOL                         ,PA,15219-2602,Proprietary  ,272,49,321,272,49,321
00972300,FRANKFORD HOSP SCH OF NURSING           ,PA,19124-2696,Private      ,85,99,184,85,99,184
00973700,UPHS PRESBYTERIAN MC SCH PRACTL NRS     ,PA,19104-2692,Private      ,1,2,3,1,2,3
00978300,GORDON PHILLIPS SCH OF BEAUTY CULT      ,PA,19135-0000,Proprietary  ,35,89,124,35,89,124
00986300,LANCASTER GENERAL COLLEGE OF NURSING AND,PA,17602-4955,Private      ,171,202,373,171,202,373
01000600,GREATER JOHNSTOWN AREA VOC TECH SCH     ,PA,15904-0000,Public       ,15,36,51,15,36,51
01005500,CRAWFORD CNTY AREA VO-TECH PRAC NUR     ,PA,16335-0000,Public       ,1,2,3,1,2,3
01017600,WESTMORELAND COUNTY COMMUNITY CLG       ,PA,15697-1895,Public       ,478,576,1054,478,576,1054
01038800,READING AREA COMMUNITY COLLEGE          ,PA,19603-1706,Public       ,366,590,956,366,590,956
01054100,EMPIRE BEAUTY SCHOOL                    ,PA,15146-2229,Proprietary  ,32,64,96,32,64,96
01054200,EMPIRE BEAUTY SCHOOL                    ,PA,18701-0000,Proprietary  ,39,49,88,39,49,88
01054300,EMPIRE BEAUTY SCHOOL                    ,PA,17701-3914,Proprietary  ,19,28,47,19,28,47
01081400,PITTSBURGH INST MORTUARY SCIENCE        ,PA,15206-3706,Private      ,24,40,64,24,40,64
01086000,GREATER ALTOONA CAREER/TECH CENTER      ,PA,16602-0000,Public       ,10,20,30,10,20,30
01096300,GREENE COUNTY VOC-TECH SCHOOL           ,PA,15370-0000,Public       ,4,11,15,4,11,15
01097000,EMPIRE BEAUTY SCHOOL                    ,PA,17042-5209,Proprietary  ,1,4,5,1,4,5
01099800,PENNSYLVANIA INSTITUTE OF TECH          ,PA,19063-4098,Private      ,55,51,106,55,51,106
01102000,EMPIRE BEAUTY SCHOOL                    ,PA,17604-4335,Proprietary  ,8,26,34,8,26,34
01102100,EMPIRE BEAUTY SCHOOL                    ,PA,17402-2862,Proprietary  ,20,50,70,20,50,70
01162100,AUTOMOTIVE TRAINING CENTER              ,PA,19341-1310,Proprietary  ,151,35,186,151,35,186
01162200,WELDER TRAINING & TESTING INST          ,PA,18109-3253,Proprietary  ,3,3,6,3,3,6
01163800,EMPIRE BEAUTY SCHOOL                    ,PA,17876-0000,Proprietary  ,18,17,35,18,17,35
01171500,POTTSVILLE HOSPITAL SCHOOL OF NURSING   ,PA,17901-3692,Private      ,21,22,43,21,22,43
01191900,BEAVER FALLS BEAUTY ACADEMY             ,PA,15010-4208,Proprietary  ,5,0,5,5,0,5
01205000,ROSEDALE TECHNICAL INSTITUTE            ,PA,15205-9791,Private      ,35,42,77,35,42,77
01239300,THOMAS JEFF UNIV-CLG ALLIED HEALTH      ,PA,19107-0000,Private      ,221,396,617,221,396,617
01239301,JEFFERSON MED CLG-T. JEFFERSON UNIV     ,PA,19107-5587,Private      ,67,805,872,67,805,872
01239303,THOMAS JEFFERSON UNIV-GRADUATE COLG     ,PA,19107-0000,Private      ,81,335,416,81,335,416
01246104,LINCOLN TECHNICAL INSTITUTE             ,PA,19104-0202,Proprietary  ,12,16,28,12,16,28
01246105,LINCOLN TECHNICAL INSTITUTE             ,PA,19116-4202,Proprietary  ,23,64,87,23,64,87
01246106,THE CITTONE INSTITUTE                   ,PA,19462-1326,Proprietary  ,18,15,33,18,15,33
01260500,EMPIRE BEAUTY SCHOOL                    ,PA,17331-2405,Proprietary  ,11,7,18,11,7,18
01260600,EMPIRE BEAUTY SCHOOL                    ,PA,17901-2505,Proprietary  ,5,25,30,5,25,30
01260700,EMPIRE BEAUTY SCHOOL                    ,PA,16801-5218,Proprietary  ,7,7,14,7,7,14
01292900,SOUTH HILLS BEAUTY ACADEMY              ,PA,15216-2335,Proprietary  ,4,0,4,4,0,4
01301500,GORDON PHILLIPS SCH BEAUTY CULTURE      ,PA,19102-2701,Proprietary  ,40,102,142,40,102,142
01313400,YESHIVATH BETH MOSHE                    ,PA,18505-2196,Private      ,1,0,1,1,0,1
01321400,ROXBOROUGH MEM HOSP SCH OF NURSING      ,PA,19128-0000,Proprietary  ,21,72,93,21,72,93
01326300,SOUTH HILLS SCH OF BUS & TECHNOLOGY     ,PA,16801-4516,Proprietary  ,125,103,228,125,103,228
01326304,SOUTH HILLS SCHOOL OF BUSINESS & TECHNOL,PA,16602-1188,Proprietary  ,8,6,14,8,6,14
02061000,VENUS BEAUTY ACADEMY                    ,PA,19079-0000,Proprietary  ,8,3,11,8,3,11
02068300,DOUGLAS SCHOOL OF BUSINESS              ,PA,15062-0000,Proprietary  ,61,61,122,61,61,122
02090200,TRIANGLE TECH                           ,PA,16502-0000,Proprietary  ,16,18,34,16,18,34
02092500,LAUREL TECHNICAL INSTITUTE              ,PA,16146-0000,Proprietary  ,3,29,32,3,29,32
02092502,BUSINESS INSTITUTE OF PENNSYLVANIA      ,PA,16335-0000,Proprietary  ,1,1,2,1,1,2
02107300,PENNSYLVANIA ACADEMY OF FINE ARTS       ,PA,19102-1424,Private      ,122,142,264,122,142,264
02112200,GREAT LAKES INSTITUTE OF TECHNOLOGY     ,PA,16509-0000,Proprietary  ,61,57,118,61,57,118
02114200,JOHNSON COLLEGE                         ,PA,18508-0000,Private      ,130,43,173,130,43,173
02116001,SANFORD-BROWN INSTITUTE - TREVOSE       ,PA,19053-4700,Proprietary  ,47,310,357,47,310,357
02118000,LEVITTOWN BEAUTY ACADEMY LLC            ,PA,19054-1713,Proprietary  ,2,1,3,2,1,3
02119300,PA ACAD OF COSMETOLOGY ARTS & SCI       ,PA,15904-0000,Proprietary  ,6,5,11,6,5,11
02119301,PA ACAD OF COSMTLGY ARTS & SCI          ,PA,15801-0000,Proprietary  ,3,0,3,3,0,3
02120800,"YORKTOWNE BUSINESS INSTITUTE, INC.      ",PA,17404-0000,Proprietary  ,10,32,42,10,32,42
02127400,YORK TECHNICAL INSTITUTE                ,PA,17402-0000,Proprietary  ,264,261,525,264,261,525
02129000,TRIANGLE TECH                           ,PA,15601-0000,Proprietary  ,46,45,91,46,45,91
02129001,TRIANGLE TECH - BUSINESS CAREERS INSTITU,PA,15601-3304,Proprietary  ,2,1,3,2,1,3
02144000,"VISION ACADEMY, THE                     ",PA,18103-0000,Proprietary  ,5,3,8,5,3,8
02147800,SCHUYLKILL INST BUSINESS & TECHNLGY     ,PA,17901-0000,Proprietary  ,5,13,18,5,13,18
02149000,EMPIRE BEAUTY SCHOOL                    ,PA,19341-2804,Proprietary  ,12,22,34,12,22,34
02151500,CENTRAL SUSQUEHANNA LPN CENTER          ,PA,17847-0000,Public       ,14,60,74,14,60,74
02153500,OAKBRIDGE ACADEMY OF ARTS               ,PA,15068-0000,Proprietary  ,13,0,13,13,0,13
02158300,JUNIATA-MIFFLIN CO AREA VOC TECH        ,PA,17044-0000,Public       ,8,14,22,8,14,22
02161400,NORTHEASTERN HOSP SCH OF NRSG           ,PA,19134-0000,Private      ,17,55,72,17,55,72
02169600,CLEARFIELD CTY CAREER AND TECH CNTR     ,PA,16830-0000,Public       ,9,27,36,9,27,36
02174400,TRIANGLE TECH                           ,PA,15801-0000,Proprietary  ,72,45,117,72,45,117
02178900,ACADEMY OF HAIR DESIGN                  ,PA,18202-1465,Proprietary  ,1,1,2,1,1,2
02183000,ORLEANS TECHNICAL INSTITUTE             ,PA,19111-0000,Private      ,11,30,41,11,30,41
02192800,WALNUT HILL COLLEGE                     ,PA,19104-0000,Proprietary  ,207,75,282,207,75,282
02202300,SANFORD-BROWN INSTITUTE                 ,PA,15219-1907,Proprietary  ,97,258,355,97,258,355
02202301,SANFORD-BROWN INSTITUTE                 ,PA,15146-2141,Proprietary  ,58,139,197,58,139,197
02203900,ERIE INSTITUTE OF TECHNOLOGY            ,PA,16565-1002,Proprietary  ,23,31,54,23,31,54
02206200,AMBLER BEAUTY ACADEMY                   ,PA,19002-0000,Proprietary  ,3,2,5,3,2,5
02206300,STROUDSBURG SCHOOL OF COSMETOLOGY       ,PA,18360-0000,Proprietary  ,6,3,9,6,3,9
02212700,LANCASTER SCHOOL OF COSMETOLOGY         ,PA,17602-0000,Proprietary  ,5,7,12,5,7,12
02213400,PROFESSIONAL SKILLS CAREER ACADEMY      ,PA,16148-0000,Proprietary  ,3,2,5,3,2,5
02234200,ACADEMY OF MEDICAL ARTS & BUSINESS      ,PA,17112-0000,Proprietary  ,8,12,20,8,12,20
02251200,SCHUYLKILL COUNTY AREA VOC TECH SCH     ,PA,17931-0000,Public       ,11,31,42,11,31,42
02251202,SCHUYLKILL COUNTY AREA VOC TECH SCH     ,PA,17931-0000,Public       ,3,1,4,3,1,4
02253900,BERKS TECHNICAL INSTITUTE               ,PA,19610-0000,Proprietary  ,170,240,410,170,240,410
02255200,PENNSYLVANIA SCHOOL OF BUSINESS         ,PA,18101-1604,Proprietary  ,11,51,62,11,51,62
02269900,PENNSYLVANIA COLLEGE OF ART & DESIGN    ,PA,17603-3528,Private      ,138,15,153,138,15,153
02270500,BUCKS COUNTY SCHOOL OF BEAUTY CULT      ,PA,19053-0000,Proprietary  ,1,4,5,1,4,5
02273400,RECONSTRUCTIONIST RABBINICAL COLLEG     ,PA,19095-0000,Private      ,0,4,4,0,4,4
02276600,HANOVER PUBLIC SCH DIST PRAC NURSG      ,PA,17331-0000,Public       ,3,8,11,3,8,11
02282500,LENAPE SCHOOL OF PRACTICAL NURSING      ,PA,16226-0000,Public       ,8,72,80,8,72,80
02288800,EMPIRE BEAUTY SCHOOL                    ,PA,18974-4508,Proprietary  ,0,3,3,0,3,3
02289500,PACE INSTITUTE                          ,PA,19601-0000,Proprietary  ,3,15,18,3,15,18
02289600,CONSOLIDATED SCHOOL OF BUSINESS         ,PA,17404-0000,Proprietary  ,12,27,39,12,27,39
02289700,ACADEMY OF CREATIVE HAIR DESIGN         ,PA,18702-0000,Proprietary  ,4,5,9,4,5,9
02289800,CHI INSTITUTE - FRANKLIN MILLS          ,PA,19154-0000,Proprietary  ,25,108,133,25,108,133
02290400,"ALTOONA BEAUTY SCHOOL, INC              ",PA,16602-0000,Proprietary  ,3,4,7,3,4,7
02292700,LANSDALE SCHOOL OF COSMETOLOGY          ,PA,19446-0000,Proprietary  ,4,2,6,4,2,6
02299300,TRINITY EPISCOPAL SCHOOL MINISTRY       ,PA,15003-0000,Private      ,1,9,10,1,9,10
02301300,PJA SCHOOL (THE)                        ,PA,19082-1917,Proprietary  ,9,51,60,9,51,60
02304400,YTI CAREER INSTITUTE - MECHANICSBURG    ,PA,17055-0000,Proprietary  ,29,73,102,29,73,102
02306200,VENANGO COUNTY AREA VOC TECH SCHOOL     ,PA,16301-0000,Public       ,1,9,10,1,9,10
02310800,LANCASTER COUNTY CAREER & TECH CTR      ,PA,17584-0000,Public       ,12,66,78,12,66,78
02330300,LEBANON CO CAREER & TECHNOLOGY CTR      ,PA,17042-0000,Public       ,3,21,24,3,21,24
02330600,PENNSYLVANIA GUNSMITH SCHOOL            ,PA,15202-0000,Proprietary  ,7,11,18,7,11,18
02350100,WESTERN AREA CAREER & TECHNOLOGY CT     ,PA,15317-0000,Public       ,1,13,14,1,13,14
02350200,INDIANA COUNTY TECH CTR SCH PR NSG      ,PA,15701-1465,Public       ,4,7,11,4,7,11
02353100,NORTHERN TIER CAREER CENTER             ,PA,18848-0000,Public       ,4,15,19,4,15,19
02361002,ITT TECHNICAL INSTITUTE                 ,PA,19406-0000,Proprietary  ,46,24,70,46,24,70
02362300,MERCER COUNTY AREA VOC TECH SCHOOL      ,PA,16137-0000,Public       ,6,10,16,6,10,16
02492500,DELAWARE VLY ACAD MED DNTL ASSTS        ,PA,19114-0000,Proprietary  ,4,15,19,4,15,19
02492600,EASTERN CTR ARTS AND TECH PR NSG        ,PA,19090-0000,Public       ,2,20,22,2,20,22
02495500,ALL-STATE CAREER SCHOOL                 ,PA,19029-0000,Proprietary  ,7,26,33,7,26,33
02529800,WILKES BARRE AREA CAREER AND TECHNICAL C,PA,18705-0000,Public       ,9,27,36,9,27,36
02536600,COMMONWEALTH TECH INSTIT @ HIRAM G      ,PA,15905-0000,Public       ,49,40,89,49,40,89
02539900,STAR TECHNICAL INSTITUTE                ,PA,19082-0000,Proprietary  ,11,58,69,11,58,69
02544300,BUTLER BEAUTY SCHOOL                    ,PA,16001-0000,Proprietary  ,3,14,17,3,14,17
02545000,LAWRENCE COUNTY CAREER AND TECHNICAL CEN,PA,16101-0000,Public       ,2,6,8,2,6,8
02546200,LAUREL BUSINESS INSTITUTE               ,PA,15401-0877,Proprietary  ,43,72,115,43,72,115
02550000,CLARION CO AREA VOC-TECH PRAC NRSG      ,PA,16254-0000,Public       ,3,5,8,3,5,8
02554500,HAZLETON AREA CAREER CENTER PRACTICAL NU,PA,18201-0000,Public       ,3,9,12,3,9,12
02557800,ART INSTITUTE OF YORK (THE) - PENNSYLVAN,PA,17402-9012,Proprietary  ,250,56,306,250,56,306
02558701,PRISM CAREER INSTITUTE - PHL CAMPUS     ,PA,19152-0000,Proprietary  ,0,1,1,0,1,1
02566400,ALBERT EINSTEIN MED CTR DEPT DNTL       ,PA,19141-3098,Private      ,0,3,3,0,3,3
02574800,PENNSYLVANIA INSTITUTE OF TAXIDERMY     ,PA,15931-0000,Proprietary  ,4,4,8,4,4,8
02609500,CAREER TRAINING ACADEMY                 ,PA,15068-6308,Proprietary  ,12,45,57,12,45,57
02609501,CAREER TRAINING ACADEMY                 ,PA,15146-0000,Proprietary  ,1,5,6,1,5,6
02615400,STAR TECHNICAL INSTITUTE                ,PA,19114-2204,Proprietary  ,23,101,124,23,101,124
02616100,JEAN MADELINE ED CTR FOR COSM           ,PA,19147-1542,Proprietary  ,70,68,138,70,68,138
03006800,PENNSYLVANIA CULINARY INSTITUTE         ,PA,15222-3511,Proprietary  ,418,274,692,418,274,692
03010800,TRI-STATE BUSINESS INSTITUTE            ,PA,16506-1013,Proprietary  ,177,668,845,177,668,845
03011500,ALLIED MEDICAL AND TECHNICAL INSTITUTE  ,PA,18702-0000,Proprietary  ,10,22,32,10,22,32
03011600,ALLIED MEDICAL AND TECHNICAL INSTITUTE  ,PA,18509-2903,Proprietary  ,18,18,36,18,18,36
03029900,CONSOLIDATED SCHOOL OF BUSINESS         ,PA,17603-2389,Proprietary  ,15,38,53,15,38,53
03031600,DPT BUSINESS SCHOOL                     ,PA,19116-3961,Proprietary  ,2,5,7,2,5,7
03031601,DPT BUSINESS SCHOOL                     ,PA,19106-0000,Proprietary  ,1,3,4,1,3,4
03067000,ANTONELLI MEDICAL & PROF INST           ,PA,19464-9244,Proprietary  ,0,3,3,0,3,3
03072400,ALL-STATE CAREER SCHOOL                 ,PA,15122-1000,Proprietary  ,0,1,1,0,1,1
03072600,DCI CAREER INSTITUTE                    ,PA,15061-2307,Proprietary  ,1,20,21,1,20,21
03081900,YTI CAREER INSTITUTE - ALTOONA          ,PA,16602-4457,Proprietary  ,9,38,47,9,38,47
03085200,HARRISON CAREER INSTITUTE               ,PA,19103-5402,Proprietary  ,0,3,3,0,3,3
03090800,LAKE ERIE COLL OF OSTEOPATHIC MED       ,PA,16509-0000,Private      ,109,1321,1430,109,1321,1430
03098600,CAREER TECH CTR OF LACKAWANNA CNTY      ,PA,18508-0000,Public       ,5,15,20,5,15,20
03101500,BIDWELL TRAINING CENTER                 ,PA,15233-2233,Private      ,1,5,6,1,5,6
03103300,JNA INSTITUTE OF CULINARY ARTS          ,PA,19146-3119,Proprietary  ,12,13,25,12,13,25
03109100,METROPOLITAN CAREER CENTER              ,PA,19144-0000,Private      ,3,4,7,3,4,7
03110700,AVIATION INSTITUTE OF MAINTENANCE       ,PA,19114-1017,Proprietary  ,6,14,20,6,14,20
03120400,REGIONAL CAREER & TECHNICAL CENTER      ,PA,16509-4699,Public       ,0,3,3,0,3,3
03128400,DELAWARE COUNTY TECHNICAL SCHOOL        ,PA,19032-1998,Public       ,3,37,40,3,37,40
03128800,GECAC TRAINING INSTITUTE                ,PA,16502-1137,Private      ,1,1,2,1,1,2
03180400,PENNSYLVANIA HIGHLANDS COMMUNITY COLLEGE,PA,15904-2927,Public       ,139,150,289,139,150,289
03236400,LT INTERNATIONAL BEAUTY SCHOOL          ,PA,19130-2235,Proprietary  ,0,2,2,0,2,2
03353300,ACADEMY OF VOCAL ARTS                   ,PA,19103-6685,Private      ,2,9,11,2,9,11
03439400,NAWCC SCHOOL OF HOROLOGY                ,PA,17512-2130,Private      ,0,1,1,0,1,1
03471400,NORTH CENTRAL INDUSTRIAL TECHNICAL      ,PA,15853-9708,Private      ,1,3,4,1,3,4
03503300,WINNER INSTITUTE OF ARTS & SCIENCES     ,PA,16154-1811,Private      ,7,4,11,7,4,11
03535300,HUNTINGDON COUNTY CAREER AND TECHNO     ,PA,17060-0905,Public       ,1,12,13,1,12,13
03561400,SUSQUEHANNA COUNTY CAREER & TECHNOL     ,PA,18816-0100,Public       ,6,3,9,6,3,9
03766300,PENNSYLVANIA SCHOOL OF MUSCLE THERAPY   ,PA,19406-3101,Proprietary  ,4,7,11,4,7,11
03899300,CALVARY BAPTIST THEOLOGICAL SEMINARY    ,PA,19446-4718,Private      ,0,3,3,0,3,3
03923300,PRECISION MANUFACTURING INSTITUTE       ,PA,16335-8380,Private      ,4,10,14,4,10,14
03948300,HARRISBURG UNIVERSITY OF SCIENCE AND TEC,PA,17101-2116,Private      ,72,24,96,72,24,96
03949300,WON INSTITUTE OF GRADUATE STUDIES       ,PA,19038-4535,Private      ,0,6,6,0,6,6
03950500,NORTHWEST REGIONAL TECHNOLOGY INSTITUTE ,PA,16508-2820,Proprietary  ,1,0,1,1,0,1
03952300,NATIONAL MASSAGE THERAPY INSTITUTE      ,PA,19116-3965,Proprietary  ,7,4,11,7,4,11
00267813,BRYANT & STRATTON COLLEGE - MIL DOWNTOWN,WI,53203-2608,Proprietary  ,72,380,452,72,380,452
00383200,ALVERNO COLLEGE                         ,WI,53234-3922,Private      ,750,876,1626,750,876,1626
00383500,BELOIT COLLEGE                          ,WI,53511-5595,Private      ,1443,53,1496,1443,53,1496
00383700,CARDINAL STRITCH UNIVERSITY             ,WI,53217-9884,Private      ,370,792,1162,370,792,1162
00383800,CARROLL UNIVERSITY                      ,WI,53186-5593,Private      ,2041,335,2376,2041,335,2376
00383900,CARTHAGE COLLEGE                        ,WI,53141-0000,Private      ,2410,164,2574,2410,164,2574
00384000,WESTERN TECHNICAL COLLEGE               ,WI,54601-0908,Public       ,388,352,740,388,352,740
00384200,CONCORDIA UNIVERSITY WISCONSIN          ,WI,53097-2402,Private      ,1147,585,1732,1147,585,1732
00384800,EDGEWOOD COLLEGE                        ,WI,53711-1958,Private      ,937,392,1329,937,392,1329
00385000,SILVER LAKE COLLEGE                     ,WI,54220-9319,Private      ,74,127,201,74,127,201
00385400,LAKELAND COLLEGE                        ,WI,53082-0000,Private      ,646,341,987,646,341,987
00385600,LAWRENCE UNIVERSITY                     ,WI,54912-0599,Private      ,1612,29,1641,1612,29,1641
00386100,MARIAN UNIVERSITY                       ,WI,54935-4699,Private      ,808,459,1267,808,459,1267
00386300,MARQUETTE UNIVERSITY                    ,WI,53201-0000,Private      ,8639,2178,10817,8639,2178,10817
00386600,MILWAUKEE AREA TECH COLLEGE             ,WI,53233-1443,Public       ,1069,2663,3732,1069,2663,3732
00386800,MILWAUKEE SCHOOL OF ENGINEERING         ,WI,53202-3109,Private      ,1876,261,2137,1876,261,2137
00386900,MOUNT MARY COLLEGE                      ,WI,53222-4597,Private      ,387,434,821,387,434,821
00387400,NASHOTAH HOUSE                          ,WI,53058-0000,Private      ,0,12,12,0,12,12
00387500,NORTHLAND COLLEGE                       ,WI,54806-3999,Private      ,646,74,720,646,74,720
00388400,RIPON COLLEGE                           ,WI,54971-0248,Private      ,842,18,860,842,18,860
00389200,ST. NORBERT COLLEGE                     ,WI,54115-2002,Private      ,1511,40,1551,1511,40,1551
00389500,UNIVERSITY OF WISCONSIN-MADISON         ,WI,53715-1382,Public       ,12142,5222,17364,12142,5222,17364
00389600,UNIVERSITY OF WISCONSIN-MILWAUKEE       ,WI,53201-3165,Public       ,8361,3808,12169,8361,3808,12169
00389700,UNIVERSITY OF WISCONSIN COLLEGES        ,WI,53708-8680,Public       ,508,293,801,508,293,801
00389701,UNIVERSITY OF WISCONSIN-BARABOO         ,WI,53913-1098,Public       ,96,25,121,96,25,121
00389702,UNIVERSITY OF WISCONSIN-BARRON          ,WI,54868-2497,Public       ,78,31,109,78,31,109
00389703,UNIVERSITY OF WISCONSIN-FOND DU LAC     ,WI,54935-2998,Public       ,125,62,187,125,62,187
00389704,UNIVERSITY OF WISCONSIN-FOX VALLEY      ,WI,54952-1297,Public       ,318,131,449,318,131,449
00389705,UNIVERSITY OF WISCONSIN-MANITOWOC       ,WI,54220-6699,Public       ,108,33,141,108,33,141
00389706,UNIVERSITY OF WISCONSIN-MARATHON        ,WI,54401-5396,Public       ,212,59,271,212,59,271
00389707,UNIVERSITY OF WISCONSIN-MARINETTE       ,WI,54143-4299,Public       ,109,27,136,109,27,136
00389708,UNIVERSITY OF WISCONSIN-MARSHFIELD      ,WI,54449-3310,Public       ,114,35,149,114,35,149
00389709,UNIVERSITY OF WISCONSIN-RICHLAND        ,WI,53581-1399,Public       ,90,15,105,90,15,105
00389710,UNIVERSITY OF WISCONSIN COLLEGES - ROCK ,WI,53546-5699,Public       ,122,69,191,122,69,191
00389711,UNIVERSITY OF WISCONSIN-SHEBOYGAN       ,WI,53081-4789,Public       ,110,37,147,110,37,147
00389712,UNIVERSITY OF WISCONSIN-WASHINGTON      ,WI,53095-3699,Public       ,121,47,168,121,47,168
00389713,UNIVERSITY OF WISCONSIN-WAUKESHA        ,WI,53188-2799,Public       ,290,100,390,290,100,390
00389900,UNIVERSITY OF WISCONSIN-GREEN BAY       ,WI,54311-7001,Public       ,2038,528,2566,2038,528,2566
00391100,VITERBO UNIVERSITY                      ,WI,54601-4777,Private      ,1145,391,1536,1145,391,1536
00391500,UNIVERSITY OF WISCONSIN-STOUT           ,WI,54751-0790,Public       ,2590,460,3050,2590,460,3050
00391700,UNIVERSITY OF WISCONSIN-EAU CLAIRE      ,WI,54702-4004,Public       ,3861,467,4328,3861,467,4328
00391900,UNIVERSITY OF WISCONSIN-LA CROSSE       ,WI,54601-3742,Public       ,4150,661,4811,4150,661,4811
00392000,UNIVERSITY OF WISCONSIN-OSHKOSH         ,WI,54901-8604,Public       ,3991,1261,5252,3991,1261,5252
00392100,UNIVERSITY OF WISCONSIN-PLATTEVILLE     ,WI,53818-3099,Public       ,2569,454,3023,2569,454,3023
00392300,UNIVERSITY OF WISCONSIN-RIVER FALLS     ,WI,54022-5013,Public       ,1909,283,2192,1909,283,2192
00392400,UNIVERSITY OF WISCONSIN-STEVENS POINT   ,WI,54481-3871,Public       ,3012,475,3487,3012,475,3487
00392500,UNIVERSITY OF WISCONSIN-SUPERIOR        ,WI,54880-2898,Public       ,598,328,926,598,328,926
00392600,UNIVERSITY OF WISCONSIN-WHITEWATER      ,WI,53190-1792,Public       ,4046,809,4855,4046,809,4855
00400700,MADISON AREA TECHNICAL COLLEGE          ,WI,53704-2599,Public       ,949,975,1924,949,975,1924
00501500,UNIVERSITY OF WISCONSIN-PARKSIDE        ,WI,53141-2000,Public       ,1194,499,1693,1194,499,1693
00529400,WAUKESHA COUNTY TECHNICAL COLLEGE       ,WI,53072-4696,Public       ,251,315,566,251,315,566
00530100,NORTHEAST WISCONSIN TECHNICAL COLLEGE   ,WI,54307-9042,Public       ,505,830,1335,505,830,1335
00530400,CHIPPEWA VALLEY TECHNICAL COLLEGE       ,WI,54701-6162,Public       ,439,698,1137,439,698,1137
00538000,MID-STATE TECHNICAL COLLEGE             ,WI,54494-5512,Public       ,134,204,338,134,204,338
00538400,NICOLET AREA TECHNICAL COLLEGE          ,WI,54501-0000,Public       ,99,154,253,99,154,253
00538700,NORTHCENTRAL TECHNICAL COLLEGE          ,WI,54401-1899,Public       ,164,326,490,164,326,490
00538900,GATEWAY TECHNICAL COLLEGE               ,WI,53144-1690,Public       ,303,1145,1448,303,1145,1448
00539000,BLACKHAWK TECHNICAL COLLEGE             ,WI,53547-5009,Public       ,147,367,514,147,367,514
00610800,BELLIN HOSP SCH OF RAD TECH             ,WI,54305-3505,Private      ,11,2,13,11,2,13
00611500,MERCY MED CTR SCH OF RAD TECH           ,WI,54904-3370,Private      ,3,2,5,3,2,5
00612601,ST LUKE'S MEDCL CTR SCHL RAD TECH       ,WI,53215-4330,Private      ,0,8,8,0,8,8
00612603,ST LUKE'S MED CTR SCH OF SONOGRAPHY     ,WI,53215-0000,Private      ,0,3,3,0,3,3
00613100,THEDA CLARK REG MED CTR SCH RAD TEC     ,WI,54957-0000,Private      ,0,3,3,0,3,3
00663900,BELLIN COLLEGE                          ,WI,54305-0000,Private      ,135,61,196,135,61,196
00766900,SOUTHWEST WISCONSIN TECH COLLEGE        ,WI,53809-0000,Public       ,184,161,345,184,161,345
00777400,SCIENTIFIC COLLEGE OF BEAUTY/BARBER     ,WI,54601-0000,Proprietary  ,1,7,8,1,7,8
00821700,WISCONSIN COLLEGE OF COSMETOLOGY        ,WI,54304-0000,Proprietary  ,15,8,23,15,8,23
00919400,LAKESHORE TECHNICAL COLLEGE             ,WI,53015-1412,Public       ,121,286,407,121,286,407
00925600,MORAINE PARK TECHNICAL COLLEGE          ,WI,54936-0000,Public       ,193,505,698,193,505,698
00941900,STATE CLG OF BEAUTY CULT-WAUSAU         ,WI,54403-4667,Proprietary  ,6,1,7,6,1,7
00962100,HERZING COLLEGE                         ,WI,53718-4236,Proprietary  ,118,490,608,118,490,608
00974400,FOX VALLEY TECHNICAL COLLEGE            ,WI,54913-0000,Public       ,595,723,1318,595,723,1318
01091300,MADISON MEDIA INSTITUTE                 ,WI,53718-6787,Proprietary  ,78,36,114,78,36,114
01148400,ADVANCED INSTITUTE OF HAIR DESIGN       ,WI,53225-0000,Proprietary  ,19,17,36,19,17,36
01182400,WISCONSIN INDIANHEAD TECH CLG WITC      ,WI,54871-9300,Public       ,223,353,576,223,353,576
01290600,MADISON COSMETOLOGY COLLEGE             ,WI,53711-1030,Proprietary  ,13,15,28,13,15,28
02077100,MILWAUKEE INST OF ART & DESIGN          ,WI,53202-0000,Private      ,476,69,545,476,69,545
02078000,SACRED HEART SCHOOL OF THEOLOGY         ,WI,53130-0000,Private      ,0,5,5,0,5,5
02136600,WISCONSIN LUTHERAN COLLEGE              ,WI,53226-0000,Private      ,490,27,517,490,27,517
02201803,KAPLAN COLLEGE - MILWAUKEE              ,WI,53212-3939,Proprietary  ,31,181,212,31,181,212
02271300,WI SCH OF PROFESSIONAL PSYCHOLOGY       ,WI,53225-0000,Private      ,0,7,7,0,7,7
02317200,MARANATHA BAPTIST BIBLE COLLEGE         ,WI,53094-0000,Private      ,236,22,258,236,22,258
02324700,EMPIRE BEAUTY SCHOOL                    ,WI,53717-0000,Proprietary  ,16,31,47,16,31,47
02332100,EMPIRE BEAUTY SCHOOL                    ,WI,54220-0000,Proprietary  ,8,31,39,8,31,39
02453500,MEDICAL COLLEGE OF WISCONSIN            ,WI,53226-0000,Private      ,6,917,923,6,917,923
02494300,GILL-TECH ACADEMY OF HAIR DESIGN        ,WI,54911-0000,Proprietary  ,13,7,20,13,7,20
02532200,LAC COURTE OREILLES OJIBWA CMTY CLG     ,WI,54843-0000,Public       ,4,18,22,4,18,22
03007400,LAKESIDE SCHOOL OF MASSAGE THERAPY      ,WI,53719-1103,Private      ,9,18,27,9,18,27
03061200,MIDWEST COLLEGE OF ORIENTAL MEDICINE    ,WI,53403-9747,Proprietary  ,2,7,9,2,7,9
03077600,EMPIRE BEAUTY SCHOOL                    ,WI,54304-4838,Proprietary  ,26,61,87,26,61,87
03087500,ITT TECHNICAL INSTITUTE                 ,WI,53220-4612,Proprietary  ,81,95,176,81,95,176
03125100,COLLEGE OF MENOMINEE NATION             ,WI,54135-0000,Private      ,20,63,83,20,63,83
03125102,COLLEGE OF  THE MENOMINEE NATION - GREEN,WI,54304-4964,Private      ,0,9,9,0,9,9
03220300,"SALON PROFESSIONAL ACADEMY, THE         ",WI,54701-7633,Proprietary  ,12,14,26,12,14,26
03309300,MONTESSORI INSTITUTE OF MILWAUKEE       ,WI,53207-0000,Private      ,0,1,1,0,1,1
03822300,FOUR SEASONS SALON AND COSMETOLOGY SCHOO,WI,53566-0000,Proprietary  ,0,4,4,0,4,4
03872500,NORTHLAND INTERNATIONAL UNIVERSITY      ,WI,54119-9285,Private      ,121,4,125,121,4,125
03925300,BLUE SKY SCHOOL OF PROFESSIONAL MASSAGE ,WI,53024-9699,Private      ,11,29,40,11,29,40
00290500,NORTH CAROLINA A&T STATE UNIV           ,NC,27411-0001,Public       ,8069,1811,9880,8069,1811,9880
00290600,APPALACHIAN STATE UNIVERSITY            ,NC,28608-2059,Public       ,8402,1552,9954,8402,1552,9954
00290700,UNIVERSITY OF NC AT ASHEVILLE           ,NC,28804-3299,Public       ,1729,490,2219,1729,490,2219
00290800,BARTON COLLEGE                          ,NC,27893-3104,Private      ,636,208,844,636,208,844
00291000,BELMONT ABBEY COLLEGE                   ,NC,28012-1802,Private      ,537,247,784,537,247,784
00291100,BENNETT COLLEGE                         ,NC,27401-3239,Private      ,706,143,849,706,143,849
00291200,BREVARD COLLEGE                         ,NC,28712-3306,Private      ,482,40,522,482,40,522
00291300,CAMPBELL UNIVERSITY                     ,NC,27506-0036,Private      ,2567,1334,3901,2567,1334,3901
00291400,CATAWBA COLLEGE                         ,NC,28144-2488,Private      ,868,203,1071,868,203,1071
00291500,CENTRAL PIEDMONT COMMUNITY COLLEGE      ,NC,28204-2297,Public       ,1445,2197,3642,1445,2197,3642
00291600,CHOWAN UNIVERSITY                       ,NC,27855-1850,Private      ,932,94,1026,932,94,1026
00291700,COLLEGE OF THE ALBEMARLE                ,NC,27909-2327,Public       ,179,386,565,179,386,565
00291800,DAVIDSON COLLEGE                        ,NC,28035-7157,Private      ,1590,21,1611,1590,21,1611
00291900,DAVIDSON COUNTY COMMUNITY COLLEGE       ,NC,27293-0000,Public       ,311,769,1080,311,769,1080
00292000,DUKE UNIVERSITY                         ,NC,27708-0397,Private      ,7870,568,8438,7870,568,8438
00292001,DUKE UNIV - SCHOOL OF MEDICINE          ,NC,27710-0000,Private      ,42,602,644,42,602,644
00292002,DUKE UNIV - SCHOOL OF LAW               ,NC,27708-0000,Private      ,19,1847,1866,19,1847,1866
00292003,DUKE UNIV - GRAD SCH ARTS & SCIENCE     ,NC,27708-0000,Private      ,26,348,374,26,348,374
00292004,DUKE UNIV - FUQUA SCH OF BUSINESS       ,NC,27708-0000,Private      ,22,554,576,22,554,576
00292005,DUKE UNIV/NICHOLAS SCH OF ENVIRON.      ,NC,27708-0000,Private      ,8,189,197,8,189,197
00292006,DUKE UNIV - DIVINITY SCHOOL             ,NC,27708-0000,Private      ,22,326,348,22,326,348
00292007,DUKE UNIV - SCHOOL OF NURSING           ,NC,27710-0000,Private      ,27,213,240,27,213,240
00292300,EAST CAROLINA UNIVERSITY                ,NC,27858-1818,Public       ,10239,3579,13818,10239,3579,13818
00292600,ELIZABETH CITY STATE UNIVERSITY         ,NC,27909-7806,Public       ,2089,532,2621,2089,532,2621
00292700,ELON UNIVERSITY                         ,NC,27244-2010,Private      ,4500,328,4828,4500,328,4828
00292800,FAYETTEVILLE STATE UNIVERSITY           ,NC,28301-4298,Public       ,3060,2111,5171,3060,2111,5171
00292900,GARDNER-WEBB UNIVERSITY                 ,NC,28017-0000,Private      ,1380,793,2173,1380,793,2173
00293000,GREENSBORO COLLEGE                      ,NC,27401-1875,Private      ,750,256,1006,750,256,1006
00293100,GUILFORD COLLEGE                        ,NC,27410-4171,Private      ,1446,644,2090,1446,644,2090
00293300,HIGH POINT UNIVERSITY                   ,NC,27262-4221,Private      ,1702,576,2278,1702,576,2278
00293400,ISOTHERMAL COMMUNITY COLLEGE            ,NC,28160-0804,Public       ,183,247,430,183,247,430
00293500,JOHN WESLEY COLLEGE                     ,NC,27265-0000,Private      ,9,47,56,9,47,56
00293600,JOHNSON C SMITH UNIVERSITY              ,NC,28216-5398,Private      ,1812,247,2059,1812,247,2059
00293700,KING'S COLLEGE-CHARLOTTE                ,NC,28204-2435,Proprietary  ,96,41,137,96,41,137
00293900,LEES MCRAE COLLEGE                      ,NC,28604-0000,Private      ,493,113,606,493,113,606
00294000,LENOIR COMMUNITY COLLEGE                ,NC,28502-0188,Public       ,186,388,574,186,388,574
00294100,LENOIR-RHYNE UNIVERSITY                 ,NC,28603-0000,Private      ,1214,195,1409,1214,195,1409
00294200,LIVINGSTONE COLLEGE                     ,NC,28144-5298,Private      ,537,166,703,537,166,703
00294300,LOUISBURG COLLEGE                       ,NC,27549-2398,Private      ,458,35,493,458,35,493
00294400,MARS HILL COLLEGE                       ,NC,28754-0000,Private      ,757,136,893,757,136,893
00294500,MEREDITH COLLEGE                        ,NC,27607-5298,Private      ,1234,309,1543,1234,309,1543
00294600,METHODIST UNIVERSITY                    ,NC,28311-1420,Private      ,1150,318,1468,1150,318,1468
00294700,MITCHELL COMMUNITY COLLEGE              ,NC,28677-5264,Public       ,169,319,488,169,319,488
00294800,MONTREAT COLLEGE                        ,NC,28757-1267,Private      ,374,179,553,374,179,553
00294900,MOUNT OLIVE COLLEGE                     ,NC,28365-1299,Private      ,428,932,1360,428,932,1360
00295000,NORTH CAROLINA CENTRAL UNIVERSITY       ,NC,27707-3198,Public       ,4836,2928,7764,4836,2928,7764
00295100,NORTH CAROLINA WESLEYAN COLLEGE         ,NC,27804-8699,Private      ,675,311,986,675,311,986
00295300,PEACE COLLEGE                           ,NC,27604-1194,Private      ,456,86,542,456,86,542
00295400,UNIV OF NORTH CAROLINA AT PEMBROKE      ,NC,28372-1510,Public       ,2865,1189,4054,2865,1189,4054
00295500,PFEIFFER UNIVERSITY                     ,NC,28109-0000,Private      ,456,262,718,456,262,718
00295600,PIEDMONT BAPTIST COLLEGE AND GRADUATE SC,NC,27101-5025,Private      ,78,38,116,78,38,116
00295700,QUEENS UNIVERSITY OF CHARLOTTE          ,NC,28274-0001,Private      ,817,415,1232,817,415,1232
00295800,ROCKINGHAM COMMUNITY COLLEGE            ,NC,27375-0000,Public       ,274,361,635,274,361,635
00296000,SALEM COLLEGE                           ,NC,27108-0000,Private      ,333,224,557,333,224,557
00296100,SANDHILLS COMMUNITY COLLEGE             ,NC,28374-8283,Public       ,316,535,851,316,535,851
00296200,SHAW UNIVERSITY                         ,NC,27601-2393,Private      ,1453,1006,2459,1453,1006,2459
00296300,SOUTHEASTERN BAPTIST THEOL SEMINARY     ,NC,27588-0000,Private      ,26,33,59,26,33,59
00296400,SOUTHEASTERN COMMUNITY COLLEGE          ,NC,28472-5422,Public       ,182,271,453,182,271,453
00296700,ST ANDREWS PRESBYTERIAN COLLEGE         ,NC,28352-9979,Private      ,537,43,580,537,43,580
00296800,ST AUGUSTINES COLLEGE                   ,NC,27610-2298,Private      ,961,199,1160,961,199,1160
00297000,SURRY COMMUNITY COLLEGE                 ,NC,27017-0304,Public       ,345,296,641,345,296,641
00297200,NORTH CAROLINA STATE UNIV-RALEIGH       ,NC,27695-1751,Public       ,13815,3427,17242,13815,3427,17242
00297300,GASTON COLLEGE                          ,NC,28034-1499,Public       ,396,617,1013,396,617,1013
00297400,UNIVERSITY OF N C-CHAPEL HILL           ,NC,27514-0000,Public       ,13598,7105,20703,13598,7105,20703
00297500,UNIVERSITY OF NC AT CHARLOTTE           ,NC,28223-0001,Public       ,8307,3424,11731,8307,3424,11731
00297600,UNIVERSITY OF N C - GREENSBORO          ,NC,27412-0001,Public       ,9035,3860,12895,9035,3860,12895
00297800,WAKE FOREST UNIV - UNDERGRADUATE        ,NC,27109-7246,Private      ,3365,93,3458,3365,93,3458
00297801,WAKE FOREST UNIV - SCH OF MEDICINE      ,NC,27157-1090,Private      ,16,558,574,16,558,574
00297803,WAKE FOREST UNIVERSITY - SCHOOLS OF BUSI,NC,27109-7659,Private      ,5,116,121,5,116,121
00297805,WAKE FOREST UNIV - SCH OF LAW           ,NC,27109-7206,Private      ,10,635,645,10,635,645
00297806,WAKE FOREST UNIV - GRAD A&S/DIVINITY    ,NC,27109-7246,Private      ,18,197,215,18,197,215
00297900,WARREN WILSON COLLEGE                   ,NC,28815-0000,Private      ,631,174,805,631,174,805
00298000,WAYNE COMMUNITY COLLEGE                 ,NC,27533-0000,Public       ,368,490,858,368,490,858
00298100,WESTERN CAROLINA UNIVERSITY             ,NC,28723-9731,Public       ,3721,1096,4817,3721,1096,4817
00298200,WESTERN PIEDMONT COMMUNITY COLLEGE      ,NC,28655-4504,Public       ,287,580,867,287,580,867
00298300,WILKES COMMUNITY COLLEGE                ,NC,28697-2100,Public       ,248,241,489,248,241,489
00298400,UNIVERSITY OF N C-WILMINGTON            ,NC,28403-3297,Public       ,6272,1451,7723,6272,1451,7723
00298500,WINGATE UNIVERSITY                      ,NC,28174-0159,Private      ,1110,296,1406,1110,296,1406
00298600,WINSTON-SALEM STATE UNIVERSITY          ,NC,27102-0000,Public       ,4660,1898,6558,4660,1898,6558
00398100,UNC SCHOOL OF THE ARTS                  ,NC,27127-2188,Public       ,781,142,923,781,142,923
00403300,ASHEVILLE BUNCOMBE TECH CMTY CLG        ,NC,28801-4897,Public       ,366,594,960,366,594,960
00406200,PITT COMMUNITY COLLEGE                  ,NC,28590-0000,Public       ,694,819,1513,694,819,1513
00483500,CALDWELL COMMUNITY CLG & TECH INST      ,NC,28638-2626,Public       ,288,448,736,288,448,736
00483800,GUILFORD TECHNICAL COMMUNITY CLG        ,NC,27282-0309,Public       ,1339,2464,3803,1339,2464,3803
00484400,WAKE TECHNICAL COMMUNITY COLLEGE        ,NC,27603-5696,Public       ,1122,1628,2750,1122,1628,2750
00484500,WILSON COMMUNITY COLLEGE                ,NC,27893-3310,Public       ,102,271,373,102,271,373
00499201,MILLER-MOTTE TECHNICAL COLLEGE - MILLER-,NC,27511-9209,Proprietary  ,9,94,103,9,94,103
00531600,COASTAL CAROLINA COMMUNITY COLLEGE      ,NC,28546-6816,Public       ,268,573,841,268,573,841
00531700,FORSYTH TECHNICAL COMMUNITY COLLEGE     ,NC,27103-5197,Public       ,560,1356,1916,560,1356,1916
00531800,CATAWBA VALLEY COMMUNITY COLLEGE        ,NC,28602-8302,Public       ,497,592,1089,497,592,1089
00532000,CAPE FEAR COMMUNITY COLLEGE             ,NC,28401-3910,Public       ,713,599,1312,713,599,1312
00544700,RANDOLPH COMMUNITY COLLEGE              ,NC,27204-1009,Public       ,162,320,482,162,320,482
00544800,DURHAM TECHNICAL CMNTY COLLEGE          ,NC,27703-5023,Public       ,272,721,993,272,721,993
00544900,CENTRAL CAROLINA COMMUNITY COLLEGE      ,NC,27330-9000,Public       ,285,629,914,285,629,914
00546300,ALAMANCE COMMUNITY COLLEGE              ,NC,27253-0000,Public       ,272,477,749,272,477,749
00546400,RICHMOND COMMUNITY COLLEGE              ,NC,28345-4522,Public       ,135,385,520,135,385,520
00575400,ROWAN-CABARRUS COMMUNITY COLLEGE        ,NC,28145-1595,Public       ,336,762,1098,336,762,1098
00647700,CABARRUS COLLEGE OF HEALTH SCIENCES     ,NC,28025-0000,Private      ,116,146,262,116,146,262
00647800,MERCY HOSP SCH OF NURSING               ,NC,28207-0000,Public       ,47,87,134,47,87,134
00648300,WATTS SCHOOL OF NURSING                 ,NC,27704-0000,Private      ,40,60,100,40,60,100
00679900,CRAVEN COMMUNITY COLLEGE                ,NC,28562-0000,Public       ,183,535,718,183,535,718
00703100,PAMLICO COMMUNITY COLLEGE               ,NC,28529-0000,Public       ,14,62,76,14,62,76
00764000,FAYETTEVILLE TECHNICAL CMTY COLLEGE     ,NC,28303-0236,Public       ,724,2591,3315,724,2591,3315
00768700,JAMES SPRUNT COMMUNITY COLLEGE          ,NC,28349-0398,Public       ,84,229,313,84,229,313
00781400,BROOKSTONE COLLEGE OF BUSINESS          ,NC,28262-0000,Proprietary  ,11,31,42,11,31,42
00781401,BROOKSTONE COLLEGE OF BUSINESS          ,NC,27409-0000,Proprietary  ,3,23,26,3,23,26
00789200,SAMPSON COMMUNITY COLLEGE               ,NC,28328-0000,Public       ,174,408,582,174,408,582
00798500,SOUTH PIEDMONT COMMUNITY COLLEGE        ,NC,28135-9703,Public       ,122,311,433,122,311,433
00798600,HALIFAX COMMUNITY COLLEGE               ,NC,27890-0089,Public       ,96,203,299,96,203,299
00798700,BLADEN COMMUNITY COLLEGE                ,NC,28332-0266,Public       ,102,321,423,102,321,423
00798800,MARTIN COMMUNITY COLLEGE                ,NC,27892-8307,Public       ,52,150,202,52,150,202
00808100,CARTERET COMMUNITY COLLEGE              ,NC,28557-2989,Public       ,116,253,369,116,253,369
00808200,CLEVELAND COMMUNITY COLLEGE             ,NC,28150-0000,Public       ,163,383,546,163,383,546
00808300,HAYWOOD COMMUNITY COLLEGE               ,NC,28721-0000,Public       ,133,178,311,133,178,311
00808500,MCDOWELL TECHNICAL COMMUNITY CLG        ,NC,28752-8728,Public       ,61,116,177,61,116,177
00808700,MONTGOMERY COMMUNITY COLLEGE            ,NC,27371-0787,Public       ,68,167,235,68,167,235
00846600,SOUTHWESTERN COMMUNITY COLLEGE          ,NC,28779-8581,Public       ,187,238,425,187,238,425
00855700,NASH COMMUNITY COLLEGE                  ,NC,27804-0488,Public       ,223,188,411,223,188,411
00855800,BEAUFORT COUNTY COMMUNITY COLLEGE       ,NC,27889-7889,Public       ,125,243,368,125,243,368
00861200,ROBESON COMMUNITY COLLEGE               ,NC,28359-2151,Public       ,276,858,1134,276,858,1134
00861300,ROANOKE-CHOWAN COMMUNITY COLLEGE        ,NC,27910-9522,Public       ,72,173,245,72,173,245
00885500,EDGECOMBE COMMUNITY COLLEGE             ,NC,27886-9399,Public       ,98,227,325,98,227,325
00885501,EDGECOMBE COMMUNITY COLLEGE             ,NC,27801-0000,Public       ,35,110,145,35,110,145
00902500,SOUTH EASTERN CLG OF BEAUTY CULTURE     ,NC,28204-0000,Proprietary  ,11,44,55,11,44,55
00933600,JOHNSTON COMMUNITY COLLEGE              ,NC,27577-0000,Public       ,257,399,656,257,399,656
00943000,TRI-COUNTY COMMUNITY COLLEGE            ,NC,28906-7919,Public       ,80,110,190,80,110,190
00964600,PIEDMONT COMMUNITY COLLEGE              ,NC,27573-1197,Public       ,83,250,333,83,250,333
00968400,BLUE RIDGE COMMUNITY COLLEGE            ,NC,28731-9624,Public       ,87,162,249,87,162,249
00974701,GORDON-CONWELL THEO SEM - CHARLOTTE     ,NC,28273-0000,Private      ,0,46,46,0,46,46
00990300,VANCE-GRANVILLE CMTY COLLEGE            ,NC,27536-0917,Public       ,270,584,854,270,584,854
01026400,SOUTH COLLEGE                           ,NC,28803-3152,Proprietary  ,8,51,59,8,51,59
01119400,STANLY COMMUNITY COLLEGE                ,NC,28001-7458,Public       ,117,286,403,117,286,403
01119700,MAYLAND COMMUNITY COLLEGE               ,NC,28777-2777,Public       ,85,119,204,85,119,204
01179900,PAUL MITCHELL THE SCHOOL FAYETTEVILLE   ,NC,28303-5364,Proprietary  ,2,11,13,2,11,13
01192600,LEON'S BEAUTY SCHOOL                    ,NC,27403-2812,Proprietary  ,13,27,40,13,27,40
02056500,MITCHELL'S HAIR STYLING ACADEMY         ,NC,27893-0000,Proprietary  ,6,20,26,6,20,26
02056501,MITCHELL'S HAIR STYLING ACADEMY - MITCHE,NC,27606-3326,Proprietary  ,4,12,16,4,12,16
02110500,ART INSTITUTE OF CHARLOTTE (THE)        ,NC,28217-0000,Proprietary  ,589,358,947,589,358,947
02170700,BRUNSWICK COMMUNITY COLLEGE             ,NC,28422-0000,Public       ,108,175,283,108,175,283
02205000,COLLEGE OF WILMINGTON                   ,NC,28403-0000,Proprietary  ,3,9,12,3,9,12
02210400,FAYETTEVILLE BEAUTY COLLEGE             ,NC,28303-0000,Proprietary  ,11,18,29,11,18,29
02227800,MITCHELL'S HAIR STYLING ACADEMY         ,NC,27534-0000,Proprietary  ,1,4,5,1,4,5
02227900,MITCHELL'S HAIR STYLING ACADEMY         ,NC,27858-0000,Proprietary  ,4,7,11,4,7,11
02238700,HAIRSTYLING INSTITUTE OF CHARLOTTE      ,NC,28204-0000,Proprietary  ,12,28,40,12,28,40
02280900,ROANOKE BIBLE COLLEGE                   ,NC,27909-0000,Private      ,46,16,62,46,16,62
02286300,CAROLINA BEAUTY COLLEGE                 ,NC,27262-0000,Proprietary  ,13,65,78,13,65,78
02558900,CHEVEUX SCHOOL OF HAIR DESIGN           ,NC,28540-0000,Proprietary  ,2,4,6,2,4,6
02560600,PINNACLE INSTITUTE OF COSMETOLOGY       ,NC,28115-8020,Proprietary  ,6,7,13,6,7,13
02614201,MILLER-MOTTE BUSINESS COLLEGE           ,NC,28403-0000,Proprietary  ,13,185,198,13,185,198
03009500,WINSTON-SALEM BARBER SCHOOL             ,NC,27107-0000,Proprietary  ,9,19,28,9,19,28
03064400,REGENCY BEAUTY INSTITUTE                ,NC,27127-0000,Proprietary  ,7,18,25,7,18,25
03089300,HERITAGE BIBLE COLLEGE                  ,NC,28335-0000,Private      ,5,20,25,5,20,25
03104200,CAROLINAS COLLEGE OF HEALTH SCIENCE     ,NC,28232-2861,Public       ,89,145,234,89,145,234
03104201,CHS NURSE ANESTHESIA PROGRAM / UNCC     ,NC,28232-2861,Public       ,81,54,135,81,54,135
03109000,SCHOOL OF COMMUNICATION ARTS OF NORTH CA,NC,27614-7076,Proprietary  ,104,53,157,104,53,157
03237300,ANSON COLLEGE OF COSMETOLOGY            ,NC,28170-2147,Proprietary  ,0,1,1,0,1,1
03361300,MEDICAL ARTS MASSAGE SCHOOL             ,NC,27616-6453,Proprietary  ,5,18,23,5,18,23
03513400,APEX SCHOOL OF THEOLOGY                 ,NC,27703-8024,Private      ,0,28,28,0,28,28
03555400,SOUTHEASTERN SCHOOL OF NEUROMUSCULAR  MA,NC,29406-0000,Proprietary  ,6,0,6,6,0,6
03570300,CAROLINA CHRISTIAN COLLEGE              ,NC,27105-3241,Private      ,4,10,14,4,10,14
03663300,HOOD THEOLOGICAL SEMINARY               ,NC,28144-5768,Private      ,0,45,45,0,45,45
03748500,LA SHE'S BEAUTY ACADEMY                 ,NC,27707-3569,Proprietary  ,3,5,8,3,5,8
03777300,CAROLINA ACAD OF COSMETIC ART & SCI     ,NC,28054-0460,Proprietary  ,10,23,33,10,23,33
03827300,NEW LIFE THEOLOGICAL SEMINARY           ,NC,28205-1648,Private      ,1,19,20,1,19,20
04115700,REGINA'S COLLEGE OF BEAUTY              ,NC,28110-2831,Proprietary  ,1,4,5,1,4,5
00298800,BISMARCK STATE COLLEGE                  ,ND,58501-1299,Public       ,978,443,1421,978,443,1421
00298900,DICKINSON STATE UNIVERSITY              ,ND,58601-4896,Public       ,880,330,1210,880,330,1210
00299000,JAMESTOWN COLLEGE                       ,ND,58405-3401,Private      ,694,74,768,694,74,768
00299100,LAKE REGION STATE COLLEGE               ,ND,58301-1598,Public       ,149,109,258,149,109,258
00299200,UNIVERSITY OF MARY                      ,ND,58504-9652,Private      ,1160,426,1586,1160,426,1586
00299300,MAYVILLE STATE UNIVERSITY               ,ND,58257-1299,Public       ,296,67,363,296,67,363
00299400,MINOT STATE UNIVERSITY                  ,ND,58707-0002,Public       ,908,568,1476,908,568,1476
00299500,MINOT STATE UNIV-BOTTINEAU CAMPUS       ,ND,58318-1159,Public       ,124,65,189,124,65,189
00299600,NORTH DAKOTA STATE CLG OF SCIENCE       ,ND,58076-0002,Public       ,777,200,977,777,200,977
00299700,NORTH DAKOTA STATE UNIVERSITY           ,ND,58108-6050,Public       ,4986,993,5979,4986,993,5979
00300500,UNIVERSITY OF NORTH DAKOTA              ,ND,58202-8193,Public       ,4175,1615,5790,4175,1615,5790
00300700,WILLISTON STATE COLLEGE                 ,ND,58802-1326,Public       ,151,124,275,151,124,275
00300800,VALLEY CITY STATE UNIVERSITY            ,ND,58072-0000,Public       ,371,49,420,371,49,420
00484600,RASMUSSEN COLLEGE                       ,ND,58103-7196,Proprietary  ,113,418,531,113,418,531
00775600,JOSEF'S SCHOOL OF HAIR DESIGN INC       ,ND,58102-4977,Proprietary  ,14,7,21,14,7,21
00935400,MEDCENTER ONE COLLEGE OF NURSING        ,ND,58501-4494,Private      ,30,26,56,30,26,56
01040600,JOSEF'S SCHOOL OF HAIR DESIGN           ,ND,58201-6394,Proprietary  ,16,10,26,16,10,26
01205900,TRINITY BIBLE COLLEGE                   ,ND,58436-7150,Private      ,98,37,135,98,37,135
01229500,R D HAIRSTYLING COLLEGE                 ,ND,58501-4001,Proprietary  ,7,4,11,7,4,11
02188200,SITTING BULL COLLEGE                    ,ND,58538-9721,Public       ,5,28,33,5,28,33
02236500,LITTLE HOOP COMMUNITY COLLEGE           ,ND,58335-0000,Public       ,2,11,13,2,11,13
02242900,UNITED TRIBES TECHNICAL COLLEGE         ,ND,58504-0000,Private      ,47,113,160,47,113,160
02298200,HEADQUARTERS ACADEMY OF HAIR DESIGN     ,ND,58701-0000,Proprietary  ,7,6,13,7,6,13
02301100,TURTLE MTN CMNTY COLG-FIN AID OFC       ,ND,58316-0000,Private      ,36,90,126,36,90,126
02553700,FORT BERTHOLD COMMUNITY COLLEGE         ,ND,58763-0000,Public       ,10,29,39,10,29,39
03087200,MOLER BARBER CLG OF HAIRSTYLING         ,ND,58103-0000,Proprietary  ,0,2,2,0,2,2
04031300,SALON PROFESSIONAL ACADEMY (THE)        ,ND,58103-3337,Proprietary  ,25,7,32,25,7,32
00301005,ANTIOCH UNIV/SEATTLE                    ,WA,98121-0000,Private      ,14,411,425,14,411,425
00376900,BELLEVUE COMMUNITY COLLEGE              ,WA,98007-6484,Public       ,1128,1267,2395,1128,1267,2395
00377000,BIG BEND COMMUNITY COLLEGE              ,WA,98837-3299,Public       ,341,372,713,341,372,713
00377100,"CENTRAL WASHINGTON UNIV., FIN AID       ",WA,98926-7495,Public       ,5204,1907,7111,5204,1907,7111
00377200,CENTRALIA COLLEGE                       ,WA,98531-4099,Public       ,483,417,900,483,417,900
00377300,CLARK COLLEGE                           ,WA,98663-3598,Public       ,1014,1704,2718,1014,1704,2718
00377400,COLUMBIA BASIN COLLEGE                  ,WA,99301-3379,Public       ,915,1037,1952,915,1037,1952
00377500,EASTERN WASHINGTON UNIVERSITY           ,WA,99004-2447,Public       ,5431,3009,8440,5431,3009,8440
00377600,EVERETT COMMUNITY COLLEGE               ,WA,98201-1352,Public       ,538,1087,1625,538,1087,1625
00377700,HERITAGE UNIVERSITY                     ,WA,98948-9562,Private      ,222,629,851,222,629,851
00377800,GONZAGA UNIVERSITY                      ,WA,99258-0083,Private      ,5715,1894,7609,5715,1894,7609
00377900,GRAYS HARBOR COLLEGE                    ,WA,98520-7599,Public       ,211,310,521,211,310,521
00378000,GREEN RIVER COMMUNITY COLLEGE           ,WA,98092-3622,Public       ,681,808,1489,681,808,1489
00378100,HIGHLINE COMMUNITY COLLEGE              ,WA,98198-9800,Public       ,655,933,1588,655,933,1588
00378200,LOWER COLUMBIA COLLEGE                  ,WA,98632-0310,Public       ,244,384,628,244,384,628
00378300,NORTHWEST UNIVERSITY                    ,WA,98083-0000,Private      ,654,250,904,654,250,904
00378400,OLYMPIC COLLEGE                         ,WA,98337-1600,Public       ,454,1006,1460,454,1006,1460
00378500,PACIFIC LUTHERAN UNIVERSITY             ,WA,98447-0003,Private      ,2919,887,3806,2919,887,3806
00378600,PENINSULA COLLEGE                       ,WA,98362-6660,Public       ,139,260,399,139,260,399
00378700,SEATTLE CENTRAL COMMUNITY COLLEGE       ,WA,98122-2413,Public       ,837,1433,2270,837,1433,2270
00378703,SEATTLE VOCATIONAL INSTITUTE            ,WA,98144-0000,Public       ,9,36,45,9,36,45
00378800,SEATTLE PACIFIC UNIVERSITY              ,WA,98119-1997,Private      ,3078,693,3771,3078,693,3771
00379000,SEATTLE UNIVERSITY                      ,WA,98122-1090,Private      ,4969,3750,8719,4969,3750,8719
00379100,SHORELINE COMMUNITY COLLEGE             ,WA,98133-5696,Public       ,552,974,1526,552,974,1526
00379200,SKAGIT VALLEY COLLEGE                   ,WA,98273-5899,Public       ,350,655,1005,350,655,1005
00379300,SPOKANE COMMUNITY COLLEGE               ,WA,99207-5399,Public       ,1104,2128,3232,1104,2128,3232
00379400,ST MARTIN'S UNIVERSITY                  ,WA,98503-7500,Private      ,1030,510,1540,1030,510,1540
00379600,TACOMA COMMUNITY COLLEGE                ,WA,98466-6100,Public       ,893,1875,2768,893,1875,2768
00379700,UNIVERSITY OF PUGET SOUND               ,WA,98416-1039,Private      ,3342,535,3877,3342,535,3877
00379800,UNIVERSITY OF WASHINGTON                ,WA,98195-5880,Public       ,18710,14194,32904,18710,14194,32904
00379900,WALLA WALLA UNIVERSITY                  ,WA,99324-1198,Private      ,617,249,866,617,249,866
00380000,WASHINGTON STATE UNIVERSITY             ,WA,99164-1035,Public       ,11915,5380,17295,11915,5380,17295
00380100,WENATCHEE VALLEY COLLEGE                ,WA,98801-1799,Public       ,554,727,1281,554,727,1281
00380200,WESTERN WASHINGTON UNIVERSITY           ,WA,98225-5946,Public       ,9344,2295,11639,9344,2295,11639
00380300,WHITMAN COLLEGE                         ,WA,99362-2067,Private      ,1768,29,1797,1768,29,1797
00380400,WHITWORTH UNIVERSITY                    ,WA,99251-0001,Private      ,2428,406,2834,2428,406,2834
00380500,YAKIMA VALLEY COMMUNITY COLLEGE         ,WA,98907-2520,Public       ,991,1647,2638,991,1647,2638
00499800,PUGET SOUND CHRISTIAN COLLEGE           ,WA,98201-3516,Private      ,37,15,52,37,15,52
00499900,BELLINGHAM TECHNICAL COLLEGE            ,WA,98225-0000,Public       ,148,269,417,148,269,417
00500000,PIERCE COLLEGE                          ,WA,98498-1919,Public       ,737,1479,2216,737,1479,2216
00500100,EDMONDS COMMUNITY COLLEGE               ,WA,98036-5999,Public       ,482,800,1282,482,800,1282
00500600,WALLA WALLA COMMUNITY COLLEGE           ,WA,99362-9267,Public       ,665,905,1570,665,905,1570
00530600,BATES TECHNICAL COLLEGE                 ,WA,98405-0000,Public       ,118,431,549,118,431,549
00537200,SOUTH PUGET SOUND COMMUNITY COLLEGE     ,WA,98512-6292,Public       ,553,878,1431,553,878,1431
00537300,LAKE WASHINGTON TECHNICAL COLLEGE       ,WA,98034-8505,Public       ,126,407,533,126,407,533
00575200,CLOVER PARK TECHNICAL COLLEGE           ,WA,98499-0000,Public       ,242,748,990,242,748,990
00815500,EVERGREEN STATE COLLEGE (THE)           ,WA,98505-0002,Public       ,2169,1726,3895,2169,1726,3895
00844300,ITT TECHNICAL INSTITUTE                 ,WA,98168-3334,Proprietary  ,87,109,196,87,109,196
00907901,EVEREST COLLEGE                         ,WA,98684-6950,Proprietary  ,5,30,35,5,30,35
00938700,PERRY TECHNICAL INSTITUTE               ,WA,98903-1239,Private      ,133,145,278,133,145,278
00954400,SPOKANE FALLS COMMUNITY COLLEGE         ,WA,99224-5204,Public       ,1252,1380,2632,1252,1380,2632
00970400,NORTH SEATTLE COMMUNITY COLLEGE         ,WA,98103-3599,Public       ,464,905,1369,464,905,1369
00970600,SOUTH SEATTLE COMMUNITY COLLEGE         ,WA,98106-1499,Public       ,522,613,1135,522,613,1135
00973900,GLEN DOW ACAD OF HAIR DESIGN            ,WA,99201-0209,Proprietary  ,14,20,34,14,20,34
01036400,WHATCOM COMMUNITY COLLEGE               ,WA,98226-8003,Public       ,637,675,1312,637,675,1312
01043400,RENTON TECHNICAL COLLEGE                ,WA,98056-0000,Public       ,154,407,561,154,407,561
01148100,DIVERS INSTITUTE OF TECHNOLOGY          ,WA,98107-0667,Proprietary  ,21,60,81,21,60,81
01231500,CORNISH COLLEGE OF THE ARTS             ,WA,98121-4604,Private      ,761,193,954,761,193,954
01249600,GREENWOOD BEAUTY SCHOOL                 ,WA,98103-0000,Proprietary  ,4,13,17,4,13,17
01302200,CITY UNIVERSITY OF SEATTLE              ,WA,98005-3030,Private      ,48,653,701,48,653,701
01309400,BELLINGHAM BEAUTY SCHOOL                ,WA,98225-0000,Proprietary  ,7,12,19,7,12,19
02091701,KAPLAN COLLEGE - SEATTLE                ,WA,98055-4910,Proprietary  ,2,15,17,2,15,17
02105300,BELLEVUE BEAUTY SCHOOL                  ,WA,98007-0000,Proprietary  ,5,4,9,5,4,9
02106700,TRINITY LUTHERAN COLLEGE                ,WA,98201-3569,Private      ,46,8,54,46,8,54
02180000,NORTHWEST INDIAN COLLEGE                ,WA,98226-9278,Public       ,13,86,99,13,86,99
02184200,PAROBA COLLEGE OF COSMETOLOGY           ,WA,98208-0000,Proprietary  ,5,7,12,5,7,12
02202200,STYLEMASTERS COLLEGE OF HAIR DESIGN     ,WA,98632-0000,Proprietary  ,3,8,11,3,8,11
02203300,GENE JUAREZ ACADEMY OF BEAUTY           ,WA,98125-0000,Proprietary  ,43,53,96,43,53,96
02203301,GENE JUAREZ ACADEMY OF BEAUTY           ,WA,98003-0000,Proprietary  ,20,15,35,20,15,35
02222900,INTERNATIONAL AIR & HOSPITALITY ACADEMY ,WA,98661-4835,Proprietary  ,39,10,49,39,10,49
02231100,CROWN COLLEGE                           ,WA,98444-0000,Proprietary  ,6,34,40,6,34,40
02236800,PROFESSIONAL BEAUTY SCHOOL              ,WA,98902-0000,Proprietary  ,7,8,15,7,8,15
02242500,BASTYR UNIVERSITY                       ,WA,98028-0000,Private      ,42,400,442,42,400,442
02291300,ART INSTITUTE OF SEATTLE                ,WA,98121-1622,Proprietary  ,875,623,1498,875,623,1498
02300100,EVEREST COLLEGE                         ,WA,98367-1835,Proprietary  ,1,16,17,1,16,17
02326500,INTERFACE COLLEGE                       ,WA,99201-3209,Proprietary  ,9,35,44,9,35,44
02331400,NORTHWEST HAIR ACADEMY                  ,WA,98273-0000,Proprietary  ,5,9,14,5,9,14
02331402,NORTHWEST HAIR ACADEMY - EVERETT        ,WA,98204-0000,Proprietary  ,2,4,6,2,4,6
02345100,PHAGAN'S ORCHARDS BEAUTY SCHOOL         ,WA,98662-0000,Proprietary  ,3,6,9,3,6,9
02504900,ACADEMY OF HAIR DESIGN (THE)            ,WA,98801-0000,Proprietary  ,4,5,9,4,5,9
02541900,BJ'S BEAUTY AND BARBER COLLEGE          ,WA,98409-0000,Proprietary  ,2,7,9,2,7,9
02602100,NORTHWEST COLLEGE OF ART                ,WA,98370-8625,Proprietary  ,90,10,100,90,10,100
02606200,EVEREST COLLEGE                         ,WA,98055-2990,Proprietary  ,22,51,73,22,51,73
02617500,EVEREST COLLEGE                         ,WA,98133-9018,Proprietary  ,28,63,91,28,63,91
03031406,INTERNATIONAL ACADEMY OF DESIGN AND TECH,WA,98188-3319,Proprietary  ,47,39,86,47,39,86
03065000,CLARE'S BEAUTY COLLEGE                  ,WA,99301-5505,Proprietary  ,4,1,5,4,1,5
03071800,ITT TECHNICAL INSTITUTE                 ,WA,99216-1589,Proprietary  ,57,97,154,57,97,154
03099000,CORTIVA INSTITUTE - SEATTLE             ,WA,98109-5474,Proprietary  ,5,22,27,5,22,27
03139500,MONTESSORI SCHOOLS OF WASHINGTON        ,WA,98203-6600,Private      ,0,1,1,0,1,1
03280300,SEATTLE INST OF ORIENTAL MEDICINE       ,WA,98115-0000,Proprietary  ,0,9,9,0,9,9
03283300,NORTHWEST HVAC/R ASSOCIATION & TRAINING ,WA,99202-2125,Private      ,1,4,5,1,4,5
03361600,SEATTLE MIDWIFERY SCHOOL                ,WA,98144-0000,Private      ,4,32,36,4,32,36
03466400,MARS HILL GRADUATE SCHOOL               ,WA,98121-0000,Private      ,0,62,62,0,62,62
03483500,CASCADIA COMMUNITY COLLEGE              ,WA,98011-9510,Public       ,170,222,392,170,222,392
03490400,EMIL FRIES PIANO HOSPITAL & TRAININ     ,WA,98661-4323,Private      ,1,0,1,1,0,1
03631500,CORTIVA INSTITUTE - BRIAN UTTING SCHOOL ,WA,98109-5211,Proprietary  ,4,22,26,4,22,26
03689400,FAITH EVANGELICAL SEMINARY              ,WA,98407-2607,Private      ,1,35,36,1,35,36
03724300,DIGIPEN INSTITUTE OF TECHNOLOGY         ,WA,98052-5170,Proprietary  ,377,108,485,377,108,485
03917300,EVERGREEN BEAUTY AND BARBER COLLEGE     ,WA,98208-3759,Proprietary  ,6,12,18,6,12,18
03932500,TOTAL COSMETOLOGY TRAINING CENTER       ,WA,99217-6231,Proprietary  ,6,9,15,6,9,15
03953300,YAKIMA BEAUTY SCHOOL;BEAUTYWORKS        ,WA,98901-2202,Proprietary  ,1,9,10,1,9,10
04043400,ALPINE COLLEGE                          ,WA,99206-5097,Proprietary  ,2,11,13,2,11,13
00340100,BROWN UNIVERSITY                        ,RI,02912-9127,Private      ,10006,205,10211,10006,205,10211
00340101,BROWN UNIVERSITY - GRADUATE SCHOOL      ,RI,02912-1827,Private      ,31,1138,1169,31,1138,1169
00340102,BROWN MEDICAL SCHOOL                    ,RI,02912-0000,Private      ,10,241,251,10,241,251
00340200,BRYANT UNIVERSITY                       ,RI,02917-1284,Private      ,4599,185,4784,4599,185,4784
00340400,JOHNSON & WALES UNIVERSITY              ,RI,02903-3703,Private      ,10494,1608,12102,10494,1608,12102
00340600,PROVIDENCE COLLEGE                      ,RI,02918-0001,Private      ,6004,246,6250,6004,246,6250
00340700,RHODE ISLAND COLLEGE                    ,RI,02908-1991,Public       ,5136,1888,7024,5136,1888,7024
00340800,COMMUNITY COLLEGE OF RI - WARWICK       ,RI,02906-0000,Public       ,2032,1912,3944,2032,1912,3944
00340801,COMMUNITY COLLEGE OF RI - LINCOLN       ,RI,02865-4585,Public       ,883,790,1673,883,790,1673
00340802,COMMUNITY COLLEGE OF RI- PROVIDENCE     ,RI,02905-2313,Public       ,801,1002,1803,801,1002,1803
00340900,RHODE ISLAND SCHOOL OF DESIGN           ,RI,02903-2784,Private      ,1922,889,2811,1922,889,2811
00341000,ROGER WILLIAMS UNIVERSITY               ,RI,02809-2921,Private      ,5744,953,6697,5744,953,6697
00341100,SALVE REGINA UNIVERSITY                 ,RI,02840-4192,Private      ,3776,144,3920,3776,144,3920
00341400,UNIVERSITY OF RHODE ISLAND              ,RI,02881-0000,Public       ,12061,1838,13899,12061,1838,13899
00659100,ST. JOSEPH HOSP SCH OF NURSING          ,RI,02904-5199,Private      ,32,82,114,32,82,114
00784400,GIBBS COLLEGE                           ,RI,02920-7807,Proprietary  ,254,349,603,254,349,603
00784500,NEW ENGLAND INSTITUTE OF TECHNOLOGY     ,RI,02886-2266,Private      ,1131,694,1825,1131,694,1825
01115900,"SAWYER SCHOOL,THE                       ",RI,02860-4117,Proprietary  ,35,219,254,35,219,254
02071900,ARTHUR ANGELO SCH COSMET&HAIR DSGN      ,RI,02903-0000,Proprietary  ,44,54,98,44,54,98
02176900,WARWICK ACADEMY OF BEAUTY CULTURE       ,RI,02886-1534,Proprietary  ,33,35,68,33,35,68
02584400,NEW ENGLAND TRACTOR TRAILER TRAINING SCH,RI,02860-1752,Proprietary  ,2,2,4,2,2,4
03080000,NEWPORT SCHOOL OF HAIRDRESSING          ,RI,02860-4038,Proprietary  ,8,36,44,8,36,44
03115200,MOTORING TECHNICAL TRAINING INST        ,RI,02914-0000,Proprietary  ,21,37,58,21,37,58
03232300,LINCOLN TECHNICAL INSTITUTE             ,RI,02865-4211,Proprietary  ,74,158,232,74,158,232
03570500,ZION BIBLE COLLEGE                      ,RI,02806-1246,Private      ,64,42,106,64,42,106
03732300,INTERNATIONAL YACHT RESTORATION SCH     ,RI,02840-6720,Private      ,6,14,20,6,14,20
00341700,ALLEN UNIVERSITY                        ,SC,29204-1085,Private      ,146,45,191,146,45,191
00341800,ANDERSON UNIVERSITY                     ,SC,29621-4035,Private      ,1032,187,1219,1032,187,1219
00341900,CHARLESTON SOUTHERN UNIVERSITY          ,SC,29406-2160,Private      ,1588,506,2094,1588,506,2094
00342000,BENEDICT COLLEGE                        ,SC,29204-1086,Private      ,1148,362,1510,1148,362,1510
00342200,SOUTHERN WESLEYAN UNIVERSITY            ,SC,29630-1020,Private      ,342,687,1029,342,687,1029
00342300,THE CITADEL                             ,SC,29409-0002,Public       ,1163,215,1378,1163,215,1378
00342400,CLAFLIN UNIVERSITY                      ,SC,29115-4498,Private      ,901,227,1128,901,227,1128
00342500,CLEMSON UNIVERSITY                      ,SC,29634-0001,Public       ,7988,1109,9097,7988,1109,9097
00342600,UNIV OF SC AT SUMTER                    ,SC,29150-2498,Public       ,209,193,402,209,193,402
00342700,COKER COLLEGE                           ,SC,29550-3797,Private      ,382,256,638,382,256,638
00342800,COLLEGE OF CHARLESTON                   ,SC,29424-0100,Public       ,4871,850,5721,4871,850,5721
00342900,COLUMBIA INTERNATIONAL UNIVERSITY       ,SC,29203-1599,Private      ,344,318,662,344,318,662
00343000,COLUMBIA COLLEGE                        ,SC,29203-5998,Private      ,635,304,939,635,304,939
00343100,CONVERSE COLLEGE                        ,SC,29302-0006,Private      ,404,199,603,404,199,603
00343200,ERSKINE COLLEGE                         ,SC,29639-0000,Private      ,415,11,426,415,11,426
00343201,ERSKINE THEOLOGICAL SEMINARY            ,SC,29639-0000,Private      ,2,44,46,2,44,46
00343400,FURMAN UNIVERSITY                       ,SC,29613-5253,Private      ,1867,95,1962,1867,95,1962
00343500,LANDER UNIVERSITY                       ,SC,29649-2099,Public       ,1229,273,1502,1229,273,1502
00343600,LIMESTONE COLLEGE                       ,SC,29340-3799,Private      ,418,913,1331,418,913,1331
00343700,LUTHERAN THEOLOGICAL SOUTHERN SEM       ,SC,29203-5898,Private      ,0,40,40,0,40,40
00343800,MEDICAL UNIV OF SOUTH CAROLINA - FA     ,SC,29425-1760,Public       ,112,1798,1910,112,1798,1910
00343900,MORRIS COLLEGE                          ,SC,29150-3599,Private      ,496,139,635,496,139,635
00344000,NEWBERRY COLLEGE                        ,SC,29108-2197,Private      ,936,57,993,936,57,993
00344100,NORTH GREENVILLE COLLEGE                ,SC,29688-1892,Private      ,828,55,883,828,55,883
00344500,PRESBYTERIAN COLLEGE                    ,SC,29325-2503,Private      ,706,8,714,706,8,714
00344600,SOUTH CAROLINA STATE UNIVERSITY         ,SC,29117-4427,Public       ,2421,605,3026,2421,605,3026
00344700,SPARTANBURG METHODIST COLLEGE           ,SC,29301-5899,Private      ,478,44,522,478,44,522
00344800,UNIVERSITY OF SOUTH CAROLINA            ,SC,29208-3999,Public       ,8834,3861,12695,8834,3861,12695
00344900,UNIVERSITY OF SOUTH CAROLINA AIKEN      ,SC,29801-6399,Public       ,1312,390,1702,1312,390,1702
00345000,UNIV OF SC AT BEAUFORT                  ,SC,29902-4602,Public       ,267,225,492,267,225,492
00345100,COASTAL CAROLINA UNIVERSITY             ,SC,29528-0000,Public       ,4478,664,5142,4478,664,5142
00345300,UNIV OF SC AT LANCASTER                 ,SC,29721-0889,Public       ,234,155,389,234,155,389
00345400,UNIV OF SC SYSTEM SALKEHATCHIE          ,SC,29810-0617,Public       ,116,97,213,116,97,213
00345500,VOORHEES COLLEGE                        ,SC,29042-0000,Private      ,158,83,241,158,83,241
00345600,WINTHROP UNIVERSITY                     ,SC,29733-0001,Public       ,2688,548,3236,2688,548,3236
00345700,WOFFORD COLLEGE                         ,SC,29303-3663,Private      ,1287,32,1319,1287,32,1319
00399000,FLORENCE-DARLINGTON TECH COLLEGE        ,SC,29501-0548,Public       ,533,800,1333,533,800,1333
00399100,GREENVILLE TECHNICAL COLLEGE            ,SC,29607-2439,Public       ,1354,2310,3664,1354,2310,3664
00399200,PIEDMONT TECHNICAL COLLEGE              ,SC,29648-1467,Public       ,349,675,1024,349,675,1024
00399300,MIDLANDS TECHNICAL COLLEGE              ,SC,29202-0000,Public       ,1186,2108,3294,1186,2108,3294
00399400,SPARTANBURG COMMUNITY COLLEGE           ,SC,29305-4386,Public       ,576,840,1416,576,840,1416
00399500,CENTRAL CAROLINA TECHNICAL COLLEGE      ,SC,29150-2499,Public       ,174,602,776,174,602,776
00399600,YORK TECHNICAL COLLEGE                  ,SC,29730-3395,Public       ,402,801,1203,402,801,1203
00492000,TRIDENT TECHNICAL COLLEGE               ,SC,29423-8067,Public       ,1139,2220,3359,1139,2220,3359
00492300,CLINTON JR COLLEGE                      ,SC,29730-5152,Private      ,24,9,33,24,9,33
00492400,FORREST JUNIOR COLLEGE                  ,SC,29624-2405,Proprietary  ,3,11,14,3,11,14
00492500,HORRY-GEORGETOWN TECH COLLEGE           ,SC,29526-9521,Public       ,498,1107,1605,498,1107,1605
00492600,TRI-COUNTY TECHNICAL COLLEGE            ,SC,29670-9133,Public       ,782,820,1602,782,820,1602
00492700,UNIV OF SC AT UNION                     ,SC,29379-0729,Public       ,81,48,129,81,48,129
00536300,DENMARK TECHNICAL COLLEGE               ,SC,29042-0000,Public       ,90,64,154,90,64,154
00681500,ORANGEBURG-CALHOUN TECHNICAL COLG       ,SC,29118-8299,Public       ,282,534,816,282,534,816
00695100,UNIVERSITY OF SOUTH CAROLINA UPSTATE    ,SC,29303-9972,Public       ,2002,728,2730,2002,728,2730
00760200,NORTHEASTERN TECHNICAL COLLEGE          ,SC,29520-7015,Public       ,90,194,284,90,194,284
00922600,FRANCIS MARION UNIVERSITY               ,SC,29501-0000,Public       ,2193,481,2674,2193,481,2674
00932200,WILLIAMSBURG TECHNICAL COLLEGE          ,SC,29556-4197,Public       ,75,147,222,75,147,222
00991000,TECHNICAL COLLEGE OF THE LOWCOUNTRY     ,SC,29902-5441,Public       ,101,300,401,101,300,401
00991100,UNIV OF SC-REGIONAL CAMPUSES ADMIN      ,SC,29208-0001,Public       ,53,24,77,53,24,77
01005600,AIKEN TECHNICAL COLLEGE                 ,SC,29802-0696,Public       ,312,645,957,312,645,957
01209200,KENNETH SHULER SCHOOL OF COSMETOLOGY    ,SC,29732-2169,Proprietary  ,1,3,4,1,3,4
01303907,SOUTH UNIVERSITY                        ,SC,29203-6400,Proprietary  ,39,289,328,39,289,328
02063700,SHERMAN CLG STRAIGHT CHIROPRACTIC       ,SC,29316-0000,Private      ,4,80,84,4,80,84
02189800,NO AMER INST OF AVIATION OF SO CAR      ,SC,29527-0000,Proprietary  ,0,2,2,0,2,2
02338600,CHARZANNE BEAUTY COLLEGE                ,SC,29649-0000,Proprietary  ,3,6,9,3,6,9
02341100,KENNETH SHULER SCHOOL OF COSMETOLOGY & N,SC,29210-0000,Proprietary  ,7,18,25,7,18,25
02356600,CHARLESTON COSMETOLOGY INSTITUTE        ,SC,29420-0000,Proprietary  ,7,11,18,7,11,18
02552400,ACADEMY OF HAIR TECHNOLOGY              ,SC,29615-2363,Proprietary  ,2,9,11,2,9,11
02567600,SUMTER BEAUTY COLLEGE                   ,SC,29150-0000,Proprietary  ,3,11,14,3,11,14
02614202,MILLER - MOTTE TECHNICAL COLLEGE - NORTH,SC,29406-9239,Proprietary  ,11,25,36,11,25,36
03010614,VIRGINIA COLLEGE - GOLF ACADEMY OF AMERI,SC,29579-0000,Proprietary  ,58,37,95,58,37,95
03052300,KENNETH SHULER SCH COSM & HAIR DESG     ,SC,29841-2013,Proprietary  ,1,4,5,1,4,5
03088300,ACADEMY OF COSMETOLOGY                  ,SC,29418-5667,Proprietary  ,0,1,1,0,1,1
03258300,SOUTHERN METHODIST COLLEGE              ,SC,29116-1027,Private      ,2,8,10,2,8,10
03293300,STRAND COLLEGE OF HAIR DESIGN           ,SC,29572-4310,Proprietary  ,2,11,13,2,11,13
03304300,CENTURA COLLEGE                         ,SC,29406-9235,Proprietary  ,34,187,221,34,187,221
03513300,LACY COSMETOLOGY SCHOOL                 ,SC,29803-9084,Proprietary  ,3,7,10,3,7,10
03513301,LACY COSMETOLOGY SCHOOL -               ,SC,29072-0000,Proprietary  ,2,5,7,2,5,7
03595300,CHARLESTON SCHOOL OF MASSAGE            ,SC,29412-8270,Proprietary  ,5,10,15,5,10,15
03746300,LEGRAND INSTITUTE OF COSMETOLOGY        ,SC,29020-0000,Proprietary  ,4,6,10,4,6,10
03746400,SOUTHEASTERN INSTITUTE                  ,SC,29210-0000,Proprietary  ,8,13,21,8,13,21
03768400,STYLETRENDS BARBER AND HAIRSTYLING ACADE,SC,29730-4511,Proprietary  ,2,1,3,2,1,3
03842300,PLATINUM SHEAR SCHOOL OF COSMETOLOGY    ,SC,29115-0000,Proprietary  ,2,3,5,2,3,5
03856400,W. L. BONNER COLLEGE                    ,SC,29203-0000,Private      ,0,13,13,0,13,13
03892300,HARLEY'S BEAUTY & BARBER CAREER INST.   ,SC,29204-1919,Proprietary  ,2,11,13,2,11,13
00345800,AUGUSTANA COLLEGE                       ,SD,57197-0001,Private      ,1029,55,1084,1029,55,1084
00345900,BLACK HILLS STATE UNIVERSITY            ,SD,57799-9670,Public       ,1114,527,1641,1114,527,1641
00346100,DAKOTA WESLEYAN UNIVERSITY              ,SD,57301-4398,Private      ,328,129,457,328,129,457
00346300,DAKOTA STATE UNIVERSITY                 ,SD,57042-1799,Public       ,606,187,793,606,187,793
00346500,MOUNT MARTY COLLEGE                     ,SD,57078-3724,Private      ,349,171,520,349,171,520
00346600,NORTHERN STATE UNIVERSITY               ,SD,57401-7198,Public       ,987,300,1287,987,300,1287
00346700,PRESENTATION COLLEGE                    ,SD,57401-1299,Private      ,239,247,486,239,247,486
00346900,UNIVERSITY OF SIOUX FALLS               ,SD,57105-1699,Private      ,916,196,1112,916,196,1112
00347000,SOUTH DAKOTA SCH OF MINES & TECH        ,SD,57701-3995,Public       ,800,182,982,800,182,982
00347100,SOUTH DAKOTA STATE UNIVERSITY           ,SD,57007-2298,Public       ,4152,868,5020,4152,868,5020
00347400,UNIVERSITY OF SOUTH DAKOTA              ,SD,57069-2390,Public       ,2428,1468,3896,2428,1468,3896
00405600,SIOUX FALLS SEMINARY                    ,SD,57105-2729,Private      ,1,22,23,1,22,23
00405700,NATIONAL AMERICAN UNIVERSITY            ,SD,57701-3692,Proprietary  ,69,734,803,69,734,803
00405707,NATIONAL AMERICAN UNIVERSITY            ,SD,57105-0000,Proprietary  ,16,68,84,16,68,84
00492900,MCKENNAN HOSP-RADOLOGICAL TECH          ,SD,57101-0000,Private      ,24,2,26,24,2,26
00530900,LAKE AREA TECHNICAL INSTITUTE           ,SD,57201-2869,Public       ,325,80,405,325,80,405
00598700,AVERA SACRED HEART HOSPITAL SCHOOL OF RA,SD,57078-3899,Private      ,7,0,7,7,0,7
00776400,SOUTHEAST TECHNICAL INST                ,SD,57107-0000,Public       ,486,196,682,486,196,682
00828400,MITCHELL TECHNICAL INSTITUTE            ,SD,57301-2002,Public       ,201,88,289,201,88,289
01013800,STEWART SCHOOL                          ,SD,57104-0000,Proprietary  ,21,6,27,21,6,27
01014804,COLORADO TECHNICAL UNIVERSITY           ,SD,57108-2272,Proprietary  ,126,369,495,126,369,495
01017000,WESTERN DAKOTA TECHNICAL INSTITUTE      ,SD,57701-4018,Public       ,162,199,361,162,199,361
01147701,SIOUX VALLEY HOSP-MEDICAL TECH          ,SD,57117-5039,Private      ,16,3,19,16,3,19
01465900,OGLALA LAKOTA COLLEGE                   ,SD,57752-0490,Public       ,46,133,179,46,133,179
02137100,BLACK HILLS BEAUTY COLLEGE              ,SD,57701-0000,Proprietary  ,13,10,23,13,10,23
02143700,SINTE GLESKA UNIVERSITY                 ,SD,57570-0000,Public       ,20,124,144,20,124,144
02144600,KILIAN COMMUNITY COLLEGE                ,SD,57103-7020,Private      ,20,100,120,20,100,120
02277300,SISSETON WAHPETON COLLEGE               ,SD,57262-0000,Public       ,2,0,2,2,0,2
02297800,HEADLINES ACADEMY                       ,SD,57701-0000,Proprietary  ,11,17,28,11,17,28
00347700,AQUINAS COLLEGE                         ,TN,37205-2086,Private      ,142,330,472,142,330,472
00347701,AQUINAS COLLEGE -  PRIMETIME PROGRAM    ,TN,37214-3644,Private      ,3,69,72,3,69,72
00347800,AUSTIN PEAY STATE UNIVERSITY            ,TN,37044-0002,Public       ,2952,2289,5241,2952,2289,5241
00347900,BELMONT UNIVERSITY                      ,TN,37212-3757,Private      ,3166,889,4055,3166,889,4055
00348000,BETHEL COLLEGE                          ,TN,38201-1705,Private      ,795,765,1560,795,765,1560
00348100,CARSON-NEWMAN COLLEGE                   ,TN,37760-2204,Private      ,1942,213,2155,1942,213,2155
00348200,CHRISTIAN BROTHERS UNIVERSITY           ,TN,38104-5581,Private      ,1430,613,2043,1430,613,2043
00348300,COLUMBIA STATE COMMUNITY COLLEGE        ,TN,38401-5653,Public       ,890,706,1596,890,706,1596
00348500,CUMBERLAND UNIVERSITY                   ,TN,37087-3554,Private      ,876,264,1140,876,264,1140
00348600,LIPSCOMB UNIVERSITY                     ,TN,37204-3951,Private      ,1583,257,1840,1583,257,1840
00348700,EAST TENNESSEE STATE UNIV - MAIN CAMPUS ,TN,37614-2857,Public       ,4020,1965,5985,4020,1965,5985
00348701,EAST TENNESSEE STATE UNIV - MEDICINE    ,TN,37614-1708,Public       ,46,185,231,46,185,231
00348709,EAST TENNESSEE STATE UNIV - PHARMACY    ,TN,37614-1704,Public       ,1218,561,1779,1218,561,1779
00349000,FISK UNIVERSITY                         ,TN,37208-3045,Private      ,1024,172,1196,1024,172,1196
00349200,FREED-HARDEMAN UNIVERSITY               ,TN,38340-2399,Private      ,1110,252,1362,1110,252,1362
00349400,HIWASSEE COLLEGE                        ,TN,37354-4001,Private      ,290,45,335,290,45,335
00349500,JOHNSON BIBLE COLLEGE                   ,TN,37998-9775,Private      ,290,83,373,290,83,373
00349600,KING COLLEGE                            ,TN,37620-2699,Private      ,701,270,971,701,270,971
00349800,LAMBUTH UNIVERSITY                      ,TN,38301-5296,Private      ,816,151,967,816,151,967
00349900,LANE COLLEGE                            ,TN,38301-4598,Private      ,1218,398,1616,1218,398,1616
00350000,LEE UNIVERSITY                          ,TN,37320-0000,Private      ,1916,460,2376,1916,460,2376
00350100,LEMOYNE-OWEN COLLEGE                    ,TN,38126-6510,Private      ,364,369,733,364,369,733
00350200,LINCOLN MEMORIAL UNIVERSITY             ,TN,37752-7920,Private      ,801,1039,1840,801,1039,1840
00350400,MARTIN METHODIST COLLEGE                ,TN,38478-2799,Private      ,479,248,727,479,248,727
00350500,MARYVILLE COLLEGE                       ,TN,37804-5907,Private      ,1445,88,1533,1445,88,1533
00350600,MEHARRY MEDICAL COLLEGE                 ,TN,37208-0000,Private      ,22,669,691,22,669,691
00350700,MEMPHIS COLLEGE OF ART                  ,TN,38104-2764,Private      ,288,81,369,288,81,369
00350900,UNIVERSITY OF MEMPHIS (THE)             ,TN,38152-4611,Public       ,7793,6048,13841,7793,6048,13841
00351000,MIDDLE TENNESSEE STATE UNIV             ,TN,37130-0000,Public       ,9279,2931,12210,9279,2931,12210
00351100,MILLIGAN COLLEGE                        ,TN,37682-4001,Private      ,691,228,919,691,228,919
00351700,SOUTHERN COLLEGE OF OPTOMETRY           ,TN,38104-2222,Private      ,3,438,441,3,438,441
00351800,SOUTHERN ADVENTIST UNIVERSITY           ,TN,37315-0370,Private      ,1093,276,1369,1093,276,1369
00351900,RHODES COLLEGE                          ,TN,38112-1690,Private      ,1671,75,1746,1671,75,1746
00352200,TENNESSEE STATE UNIVERSITY              ,TN,37209-1561,Public       ,6118,2979,9097,6118,2979,9097
00352300,TENNESSEE TECHNOLOGICAL UNIV            ,TN,38505-0001,Public       ,4370,1171,5541,4370,1171,5541
00352400,TENNESSEE TEMPLE UNIVERSITY             ,TN,37404-3587,Private      ,268,72,340,268,72,340
00352500,TENNESSEE WESLEYAN COLLEGE              ,TN,37371-0040,Private      ,586,229,815,586,229,815
00352600,TREVECCA NAZARENE UNIVERSITY            ,TN,37210-2877,Private      ,586,594,1180,586,594,1180
00352700,TUSCULUM COLLEGE                        ,TN,37743-0001,Private      ,1325,1081,2406,1325,1081,2406
00352800,UNION UNIVERSITY                        ,TN,38305-3697,Private      ,1395,529,1924,1395,529,1924
00352900,UNIVERSITY OF TENNESSEE-CHATTANOOGA     ,TN,37403-2598,Public       ,5427,1265,6692,5427,1265,6692
00353000,UNIVERSITY OF TENNESSEE-KNOXVILLE       ,TN,37996-0150,Public       ,14439,3730,18169,14439,3730,18169
00353006,UNIVERSITY OF TENNESSEE-HEALTH SCI CTR  ,TN,38103-0000,Public       ,201,1760,1961,201,1760,1961
00353100,UNIVERSITY OF TENNESSEE-MARTIN          ,TN,38238-0002,Public       ,4483,1095,5578,4483,1095,5578
00353400,UNIVERSITY OF THE SOUTH                 ,TN,37383-1000,Private      ,1183,24,1207,1183,24,1207
00353500,VANDERBILT UNIVERSITY                   ,TN,37240-0001,Private      ,6072,2732,8804,6072,2732,8804
00353501,VANDERBILT UNIV MED CTR ALLIEDHEAL      ,TN,37232-5510,Private      ,12,74,86,12,74,86
00353502,VANDERBILT UNIV - SCH OF MED            ,TN,37232-0000,Private      ,29,591,620,29,591,620
00353600,BRYAN COLLEGE                           ,TN,37321-7000,Private      ,721,158,879,721,158,879
00399800,CHATTANOOGA STATE COMMUNITY COLLEGE     ,TN,37406-1097,Public       ,1270,1348,2618,1270,1348,2618
00399900,CLEVELAND STATE COMMUNITY COLLEGE       ,TN,37312-2858,Public       ,592,538,1130,592,538,1130
00402500,TN TECHNOLOGY CTR AT KNOXVILLE          ,TN,37919-2327,Public       ,94,235,329,94,235,329
00402600,TENNESSEE TECH. CNTR AT CROSSVILLE      ,TN,38555-4142,Public       ,100,149,249,100,149,249
00461700,NATIONAL COLLEGE OF BUSINESS & TECH     ,TN,37211-6605,Proprietary  ,36,385,421,36,385,421
00493400,DRAUGHONS JR CLG OF BUSINESS            ,TN,37217-1056,Proprietary  ,48,427,475,48,427,475
00493700,JACKSON STATE COMMUNITY COLLEGE         ,TN,38301-3797,Public       ,1287,1091,2378,1287,1091,2378
00493800,SOUTH COLLEGE                           ,TN,37909-3323,Proprietary  ,121,384,505,121,384,505
00494700,WEST TENNESSEE BUSINESS COLLEGE         ,TN,38301-3256,Proprietary  ,36,123,159,36,123,159
00528000,TN TECHNOLOGY CTR AT COVINGTON          ,TN,38019-0249,Public       ,27,80,107,27,80,107
00528100,TN TECHNOLOGY CTR AT ELIZABETHTON       ,TN,37643-0789,Public       ,55,237,292,55,237,292
00528200,TN TECHNOLOGY CTR AT HARTSVILLE         ,TN,37074-0000,Public       ,64,122,186,64,122,186
00528300,TN TECHNOLOGY CTR AT NEWBERN            ,TN,38059-1198,Public       ,50,169,219,50,169,219
00530700,TN TECHNOLOGY CTR AT MCMINNVILLE        ,TN,37110-1322,Public       ,46,138,184,46,138,184
00535100,TENNESSEE TECHNOLOGY CENTER AT MORRISTOW,TN,37813-2094,Public       ,149,298,447,149,298,447
00535200,TN TECHNOLOGY CENTER AT MCKENZIE        ,TN,38201-1620,Public       ,49,112,161,49,112,161
00535300,TN TECHNOLOGY CENTER AT LIVINGSTON      ,TN,38570-0219,Public       ,82,126,208,82,126,208
00535400,TN TECHNOLOGY CTR AT JACKSON            ,TN,38301-0000,Public       ,181,360,541,181,360,541
00535600,TENNESSEE TECHNOLOGY CENTER AT HOHENWALD,TN,38462-0000,Public       ,79,110,189,79,110,189
00535700,TENNESSEE TECHNOLOGY CENTER AT CRUMP    ,TN,38327-3402,Public       ,87,153,240,87,153,240
00535800,TN TECHNOLOGY CENTER AT ATHENS          ,TN,37371-0848,Public       ,72,97,169,72,97,169
00535900,TENNESSEE TECHNOLOGY CENTER AT NASHVILLE,TN,37209-0000,Public       ,127,256,383,127,256,383
00536000,TENNESSEE TECHNOLOGY CENTER AT MEMPHIS  ,TN,38105-3604,Public       ,182,456,638,182,456,638
00537800,NORTHEAST STATE TECH CMNTY COLG         ,TN,37617-0246,Public       ,1064,1116,2180,1064,1116,2180
00537900,TN TECHNOLOGY CTR AT SHELBYVILLE        ,TN,37160-3697,Public       ,137,309,446,137,309,446
00683500,DYERSBURG STATE COMMUNITY COLLEGE       ,TN,38024-0000,Public       ,689,690,1379,689,690,1379
00683600,MOTLOW STATE COMMUNITY COLLEGE          ,TN,37388-7972,Public       ,720,586,1306,720,586,1306
00743900,FOUNTAINHEAD COLLEGE OF TECHNOLOGY      ,TN,37918-2583,Proprietary  ,38,54,92,38,54,92
00744000,NASHVILLE AUTO DIESEL COLLEGE           ,TN,37206-3298,Proprietary  ,866,201,1067,866,201,1067
00778200,TENNESSEE TECHNOLOGY CENTER AT DICKSON  ,TN,37055-0000,Public       ,86,176,262,86,176,262
00778300,MIDDLE TENNESSEE SCH OF ANESTHESIA      ,TN,37116-0417,Private      ,3,62,65,3,62,65
00814500,NASHVILLE STATE TECH CMNTY COLLEGE      ,TN,37209-0000,Public       ,706,1199,1905,706,1199,1905
00865500,GENESIS CAREER COLLEGE OF COOKEVILLE    ,TN,38501-1959,Proprietary  ,7,9,16,7,9,16
00885900,JOHN A GUPTON COLLEGE                   ,TN,37203-2934,Private      ,30,47,77,30,47,77
00886300,WALTERS STATE COMMUNITY COLLEGE         ,TN,37813-6899,Public       ,1460,1030,2490,1460,1030,2490
00946400,TN TECHNOLOGY CTR AT PULASKI            ,TN,38478-4541,Public       ,37,116,153,37,116,153
00956700,TENNESSEE SCHOOL OF BEAUTY              ,TN,37921-3303,Proprietary  ,32,35,67,32,35,67
00971000,TENNESSEE TECHNOLOGY CENTER AT ONEIDA/HU,TN,37756-4149,Public       ,13,36,49,13,36,49
00991200,VOLUNTEER STATE COMMUNITY COLLEGE       ,TN,37066-3188,Public       ,1132,1001,2133,1132,1001,2133
00991400,ROANE STATE COMMUNITY COLLEGE           ,TN,37748-8664,Public       ,1146,952,2098,1146,952,2098
00998200,CRICHTON COLLEGE                        ,TN,38111-4745,Private      ,319,476,795,319,476,795
01021700,INTERNATIONAL ACADEMY OF DESIGN & TECH  ,TN,37212-0000,Proprietary  ,161,240,401,161,240,401
01032600,TN TECHNOLOGY CTR AT HARRIMAN           ,TN,37748-1109,Public       ,27,79,106,27,79,106
01043900,SOUTHWEST TENNESSEE COMMUNITY COLLG     ,TN,38104-3322,Public       ,1978,3309,5287,1978,3309,5287
01044700,"PLAZA BEAUTY SCHOOL, INC.               ",TN,38117-4822,Proprietary  ,10,14,24,10,14,24
01046000,AMERICAN BAPTIST THEOLOGICAL SEMINA     ,TN,37207-4994,Private      ,5,33,38,5,33,38
01052900,MEMPHIS THEOLOGICAL SEMINARY            ,TN,38104-0000,Private      ,1,43,44,1,43,44
01070000,TN TECHNOLOGY CENTER AT JACKSBORO       ,TN,37757-2461,Public       ,29,55,84,29,55,84
01155300,WM R MOORE COLLEGE OF TECHNOLOGY        ,TN,38104-0000,Private      ,16,16,32,16,16,32
01216400,TENNESSEE TECHNICAL CNTR AT RIPLEY      ,TN,38063-7359,Public       ,12,69,81,12,69,81
01254700,EMMANUEL SCHOOL OF RELIGION             ,TN,37601-0000,Private      ,1,17,18,1,17,18
01269300,PELLISSIPPI STATE COMMUNITY COLLEGE     ,TN,37933-0990,Public       ,1423,948,2371,1423,948,2371
02092800,TENNESSEE TECHNOLOGY CENTER AT WHITEVILL,TN,38075-0000,Public       ,26,57,83,26,57,83
02103500,TN TECHNOLOGY CTR AT MURFREESBORO       ,TN,37129-0000,Public       ,69,109,178,69,109,178
02106400,O'MORE COLLEGE OF DESIGN                ,TN,37064-0000,Private      ,101,14,115,101,14,115
02125300,NASHVILLE CLG OF MEDICAL CAREERS        ,TN,37115-0000,Proprietary  ,11,52,63,11,52,63
02153100,JON NAVE UNIVERSITY OF COSMETOLOGY      ,TN,37013-3347,Proprietary  ,14,18,32,14,18,32
02157100,CONCORDE CAREER COLLEGE                 ,TN,38137-0000,Proprietary  ,70,329,399,70,329,399
02188300,PENTECOSTAL THEOLOGICAL SEMINARY        ,TN,37320-0000,Private      ,1,35,36,1,35,36
02204200,"CHATTANOOGA COLLEGE - MEDICAL, DENTAL AN",TN,37411-0000,Proprietary  ,5,100,105,5,100,105
02237900,TN TECHNOLOGY CENTER AT PARIS           ,TN,38242-0000,Public       ,43,185,228,43,185,228
02257400,ARNOLD'S BEAUTY SCHOOL                  ,TN,38358-0000,Proprietary  ,3,8,11,3,8,11
02275500,REUBEN-ALLEN COLLEGE                    ,TN,37922-0000,Proprietary  ,8,3,11,8,3,11
02278700,MR WAYNES SCH OF UNISEX HAIR DESIGN     ,TN,38501-0000,Proprietary  ,0,5,5,0,5,5
02293900,VOLUNTEER BEAUTY ACADEMY-NASHVILLE      ,TN,37115-2112,Proprietary  ,2,2,4,2,2,4
02294000,VOLUNTEER BEAUTY ACADEMY-DYERSBURG      ,TN,38024-1622,Proprietary  ,6,3,9,6,3,9
02326200,KAPLAN CAREER INSTITUTE                 ,TN,37217-1342,Proprietary  ,20,148,168,20,148,168
02326300,MEDVANCE INSTITUTE                      ,TN,38501-4305,Proprietary  ,42,236,278,42,236,278
02335900,VOLUNTEER BEAUTY ACADEMY-NASHVILLE      ,TN,37209-3033,Proprietary  ,6,14,20,6,14,20
02359800,ITT TECHNICAL INSTITUTE                 ,TN,37214-3717,Proprietary  ,143,157,300,143,157,300
02498000,NEW WAVE HAIR ACADEMY                   ,TN,38128-0000,Proprietary  ,6,9,15,6,9,15
02539800,QUEEN CITY COLLEGE                      ,TN,37042-0000,Proprietary  ,5,20,25,5,20,25
02540000,TENNESSEE ACADEMY OF COSMETOLOGY        ,TN,38133-0000,Proprietary  ,10,4,14,10,4,14
02578200,NOSSI COLLEGE OF ART                    ,TN,37072-0000,Proprietary  ,93,117,210,93,117,210
02595000,FAYETTEVILLE BEAUTY SCHOOL              ,TN,37334-2909,Proprietary  ,5,3,8,5,3,8
02597600,NEW WAVE HAIR ACADEMY                   ,TN,38301-3812,Proprietary  ,5,11,16,5,11,16
02599710,VATTEROTT COLLEGE - MEMPHIS             ,TN,38132-1714,Proprietary  ,19,62,81,19,62,81
02605501,REMINGTON COLLEGE - MEMPHIS CAMPUS      ,TN,38132-0000,Proprietary  ,69,220,289,69,220,289
02614200,MILLER MOTTE BUSINESS COLLEGE           ,TN,37040-6023,Proprietary  ,29,222,251,29,222,251
02614203,MILLER - MOTTE TECHNICAL COLLEGE - CHATT,TN,37421-7220,Proprietary  ,72,336,408,72,336,408
02614204,MILLER - MOTTE TECHNICAL COLLEGE - GOODL,TN,37072-1870,Proprietary  ,6,71,77,6,71,77
03001800,FREE WILL BAPTIST BIBLE COLLEGE         ,TN,37205-2498,Private      ,87,30,117,87,30,117
03008800,FRANKLIN ACADEMY                        ,TN,37312-3939,Private      ,2,1,3,2,1,3
03010606,VIRGINIA COLLEGE - SCH OF BUSNSS & HLTH ,TN,37411-5600,Proprietary  ,6,23,29,6,23,29
03012500,NEW WAVE HAIR ACADEMY                   ,TN,38111-4253,Proprietary  ,12,29,41,12,29,41
03024900,TENNESSEE ACADEMY OF COSMETOLOGY        ,TN,38125-3442,Proprietary  ,7,12,19,7,12,19
03061100,GENESIS CAREER COLLEGE OF LEBANON       ,TN,37087-2718,Proprietary  ,2,4,6,2,4,6
03073400,ITT TECHNICAL INSTITUTE                 ,TN,37932-3343,Proprietary  ,134,174,308,134,174,308
03079100,NORTH CENTRAL INSTITUTE                 ,TN,37042-3116,Proprietary  ,4,5,9,4,5,9
03088800,WATKINS INSTITUTE COLLEGE OF ART & DESIG,TN,37228-1306,Private      ,184,85,269,184,85,269
03149300,NEW DIRECTIONS HAIR ACADEMY             ,TN,37209-0000,Proprietary  ,1,22,23,1,22,23
03355400,RICHMONT GRADUATE UNIVERSITY            ,TN,37404-0000,Private      ,0,22,22,0,22,22
03440300,BAPTIST MEMORIAL COLLEGE OF HEALTH      ,TN,38104-3104,Private      ,376,576,952,376,576,952
03454300,TENNESSEE CAREER COLLEGE                ,TN,37214-2945,Proprietary  ,10,16,26,10,16,26
03487300,TEMPLE BAPTIST SEMINARY                 ,TN,37404-0000,Private      ,7,14,21,7,14,21
03513500,WILLIAMSON CHRISTIAN COLLEGE            ,TN,37067-8237,Private      ,1,13,14,1,13,14
03647300,NEW CONCEPTS SCHOOL OF COSMETOLOGY      ,TN,37311-7373,Proprietary  ,2,4,6,2,4,6
03683300,INTERNATIONAL BARBER & STYLE COLLEGE    ,TN,37209-0000,Proprietary  ,1,6,7,1,6,7
03774300,PYRAMID BEAUTY SCHOOL                   ,TN,38104-2324,Proprietary  ,3,9,12,3,9,12
03774400,SHEAR ACADEMY                           ,TN,38555-4177,Proprietary  ,3,8,11,3,8,11
03830300,SAE INSTITUTE OF TECHNOLOGY             ,TN,37203-4310,Proprietary  ,63,57,120,63,57,120
03841300,CAREER BEAUTY COLLEGE                   ,TN,38464-3634,Proprietary  ,2,1,3,2,1,3
03920300,INSTITUTE OF HAIR DESIGN                ,TN,38310-1801,Proprietary  ,8,15,23,8,15,23
03930300,BUCHANAN BEAUTY COLLEGE                 ,TN,37160-2741,Proprietary  ,4,2,6,4,2,6
03982300,VISIBLE SCHOOL - MUSIC AND WORSHIPS ARTS,TN,38104-5814,Private      ,14,6,20,14,6,20
04025300,LAST MINUTE CUTS SCHOOL OF BARBERING AND,TN,38109-7709,Proprietary  ,7,11,18,7,11,18
04035300,NAVE COSMETOLOGY ACADEMY                ,TN,38401-6335,Proprietary  ,3,4,7,3,4,7
00353700,ABILENE CHRISTIAN UNIVERSITY            ,TX,79699-3701,Private      ,1927,365,2292,1927,365,2292
00353900,ALVIN COMMUNITY COLLEGE                 ,TX,77511-4807,Public       ,143,270,413,143,270,413
00354000,AMARILLO COLLEGE                        ,TX,79109-2446,Public       ,714,1108,1822,714,1108,1822
00354100,ANGELO STATE UNIVERSITY                 ,TX,76909-5069,Public       ,2457,822,3279,2457,822,3279
00354300,AUSTIN COLLEGE                          ,TX,75090-4440,Private      ,945,39,984,945,39,984
00354400,AUSTIN PRESBYTERIAN THEOLOGICAL SEM     ,TX,78705-5797,Private      ,0,30,30,0,30,30
00354500,BAYLOR UNIVERSITY                       ,TX,76798-1458,Private      ,9284,1660,10944,9284,1660,10944
00354600,COASTAL BEND COLLEGE                    ,TX,78102-2197,Public       ,342,405,747,342,405,747
00354900,BLINN COLLEGE                           ,TX,77833-4098,Public       ,2371,817,3188,2371,817,3188
00355300,CISCO JUNIOR COLLEGE                    ,TX,76437-9803,Public       ,454,329,783,454,329,783
00355400,CLARENDON COLLEGE                       ,TX,79226-0000,Public       ,85,56,141,85,56,141
00355600,COMMONWEALTH INST OF FUNERAL SVC        ,TX,77090-5918,Private      ,12,45,57,12,45,57
00355700,CONCORDIA UNIVERSITY TEXAS              ,TX,78726-4141,Private      ,454,273,727,454,273,727
00355800,NORTH CENTRAL TEXAS COLLEGE             ,TX,76240-4699,Public       ,459,560,1019,459,560,1019
00356000,DALLAS BAPTIST UNIVERSITY               ,TX,75211-9299,Private      ,912,821,1733,912,821,1733
00356100,CEDAR VALLEY COLLEGE                    ,TX,75134-0000,Public       ,360,519,879,360,519,879
00356200,DALLAS THEOLOGICAL SEM                  ,TX,75204-0000,Private      ,4,155,159,4,155,159
00356300,DEL MAR COLLEGE                         ,TX,78404-3897,Public       ,1167,1335,2502,1167,1335,2502
00356400,EAST TEXAS BAPTIST UNIVERSITY           ,TX,75670-1423,Private      ,802,154,956,802,154,956
00356500,TEXAS A&M UNIVERSITY - COMMERCE         ,TX,75429-3011,Public       ,1467,1580,3047,1467,1580,3047
00356600,EPISCOPAL THEOL SEM OF THE STHWST       ,TX,78768-0000,Private      ,0,2,2,0,2,2
00356800,FRANK PHILLIPS COLLEGE                  ,TX,79008-0000,Public       ,67,75,142,67,75,142
00357000,GRAYSON COUNTY COLLEGE                  ,TX,75020-8299,Public       ,317,487,804,317,487,804
00357100,HARDIN-SIMMONS UNIVERSITY               ,TX,79698-6050,Private      ,1052,308,1360,1052,308,1360
00357200,TRINITY VALLEY COMMUNITY COLLEGE        ,TX,75751-2734,Public       ,413,593,1006,413,593,1006
00357300,HILL COLLEGE                            ,TX,76645-2711,Public       ,149,103,252,149,103,252
00357301,HILL COLLEGE                            ,TX,76031-0000,Public       ,106,207,313,106,207,313
00357400,HOWARD COLLEGE                          ,TX,79720-0213,Public       ,324,400,724,324,400,724
00357500,HOWARD PAYNE UNIVERSITY                 ,TX,76801-2715,Private      ,740,112,852,740,112,852
00357600,HOUSTON BAPTIST UNIVERSITY              ,TX,77074-3298,Private      ,1275,620,1895,1275,620,1895
00357700,HUSTON - TILLOTSON UNIVERSITY           ,TX,78702-2795,Private      ,276,128,404,276,128,404
00357800,UNIVERSITY OF THE INCARNATE WORD        ,TX,78209-6398,Private      ,1817,1274,3091,1817,1274,3091
00357900,JACKSONVILLE COLLEGE                    ,TX,75766-4759,Private      ,54,21,75,54,21,75
00358000,KILGORE COLLEGE                         ,TX,75662-3299,Public       ,616,604,1220,616,604,1220
00358100,LAMAR UNIVERSITY-BEAUMONT               ,TX,77710-0042,Public       ,2277,1215,3492,2277,1215,3492
00358200,LAREDO COMMUNITY COLLEGE                ,TX,78040-4395,Public       ,1184,769,1953,1184,769,1953
00358300,LEE COLLEGE                             ,TX,77520-4796,Public       ,267,680,947,267,680,947
00358400,LETOURNEAU UNIVERSITY                   ,TX,75607-0000,Private      ,924,751,1675,924,751,1675
00358500,LON MORRIS COLLEGE                      ,TX,75766-2900,Private      ,97,23,120,97,23,120
00358600,LUBBOCK CHRISTIAN UNIVERSITY            ,TX,79407-2099,Private      ,550,290,840,550,290,840
00358800,UNIVERSITY OF MARY HARDIN-BAYLOR        ,TX,76513-2599,Private      ,1484,507,1991,1484,507,1991
00359000,MCLENNAN COMMUNITY COLLEGE              ,TX,76708-1498,Public       ,1009,1316,2325,1009,1316,2325
00359100,MCMURRY UNIVERSITY                      ,TX,79697-0001,Private      ,866,223,1089,866,223,1089
00359200,MIDWESTERN STATE UNIVERSITY             ,TX,76308-2099,Public       ,1537,817,2354,1537,817,2354
00359300,NAVARRO COLLEGE                         ,TX,75110-4818,Public       ,741,716,1457,741,716,1457
00359400,UNIVERSITY OF NORTH TEXAS               ,TX,76203-1370,Public       ,9873,4920,14793,9873,4920,14793
00359500,OBLATE SCHOOL OF THEOLOGY               ,TX,78216-0000,Private      ,0,1,1,0,1,1
00359600,ODESSA COLLEGE                          ,TX,79764-7127,Public       ,321,522,843,321,522,843
00359800,OUR LADY OF THE LAKE UNIVERSITY         ,TX,78207-4689,Private      ,1174,793,1967,1174,793,1967
00359900,UNIVERSITY OF TEXAS - PAN AMERICAN      ,TX,78541-2999,Public       ,7836,3407,11243,7836,3407,11243
00360000,PANOLA COLLEGE                          ,TX,75633-2397,Public       ,220,220,440,220,220,440
00360100,PARIS JR COLLEGE                        ,TX,75460-6298,Public       ,356,363,719,356,363,719
00360200,PAUL QUINN COLLEGE                      ,TX,75241-4398,Private      ,149,200,349,149,200,349
00360300,RANGER COLLEGE                          ,TX,76470-3298,Public       ,140,69,209,140,69,209
00360400,RICE UNIVERSITY                         ,TX,77251-1892,Private      ,4163,723,4886,4163,723,4886
00360600,SAM HOUSTON STATE UNIVERSITY            ,TX,77340-0000,Public       ,5428,1933,7361,5428,1933,7361
00360700,ALAMO CMTY CLG DISTRICT PROGRAM         ,TX,78207-0000,Public       ,67,68,135,67,68,135
00360800,ST PHILLIPS COLLEGE                     ,TX,78203-2098,Public       ,923,1691,2614,923,1691,2614
00360900,SAN JACINTO CLG-CENTRAL-NORTH-SOUTH     ,TX,77501-0000,Public       ,1194,1679,2873,1194,1679,2873
00361000,SCHREINER UNIVERSITY                    ,TX,78028-5697,Private      ,555,163,718,555,163,718
00361100,SOUTH PLAINS COLLEGE                    ,TX,79336-6504,Public       ,1190,1016,2206,1190,1016,2206
00361200,UNIV OF HOUSTON-DOWNTOWN                ,TX,77002-1001,Public       ,1982,2511,4493,1982,2511,4493
00361300,SOUTHERN METHODIST UNIVERSITY           ,TX,75275-0181,Private      ,3148,1924,5072,3148,1924,5072
00361400,SOUTHWEST TEXAS JR COLLEGE              ,TX,78801-6221,Public       ,523,520,1043,523,520,1043
00361500,TEXAS STATE UNIVERSITY--SAN MARCOS      ,TX,78666-4602,Public       ,9876,4075,13951,9876,4075,13951
00361600,SOUTHWESTERN ASSEMBLIES OF GOD UNIV     ,TX,75165-2397,Private      ,443,249,692,443,249,692
00361700,SOUTHWESTERN BAPTIST THEOL SEMINARY     ,TX,76122-0000,Private      ,10,61,71,10,61,71
00361800,SOUTHWESTERN CHRISTIAN COLLEGE          ,TX,75160-3400,Private      ,45,17,62,45,17,62
00361900,SOUTHWESTERN ADVENTIST UNIVERSITY       ,TX,76059-1922,Private      ,191,113,304,191,113,304
00362000,SOUTHWESTERN UNIVERSITY                 ,TX,78626-6111,Private      ,1372,59,1431,1372,59,1431
00362100,ST EDWARDS UNIVERSITY                   ,TX,78704-0000,Private      ,2253,963,3216,2253,963,3216
00362300,ST MARY'S UNIV OF SAN ANTONIO           ,TX,78228-8500,Private      ,2191,1335,3526,2191,1335,3526
00362400,STEPHEN F AUSTIN STATE UNIVERSITY       ,TX,75962-0001,Public       ,4509,1131,5640,4509,1131,5640
00362500,SUL ROSS STATE UNIVERSITY               ,TX,79832-0113,Public       ,537,487,1024,537,487,1024
00362600,TARRANT COUNTY COLLEGE                  ,TX,76102-6599,Public       ,2331,3536,5867,2331,3536,5867
00362700,TEMPLE COLLEGE                          ,TX,76504-7435,Public       ,438,695,1133,438,695,1133
00362800,TEXARKANA COLLEGE                       ,TX,75599-0001,Public       ,470,443,913,470,443,913
00363000,PRAIRIE VIEW A&M UNIVERSITY             ,TX,77446-2967,Public       ,3872,1413,5285,3872,1413,5285
00363100,TARLETON STATE UNIVERSITY               ,TX,76402-0000,Public       ,2119,1386,3505,2119,1386,3505
00363200,TEXAS A&M UNIVERSITY                    ,TX,77842-0000,Public       ,15718,2714,18432,15718,2714,18432
00363400,TEXAS STATE TECHNICAL CLG AT WACO       ,TX,76705-1695,Public       ,588,480,1068,588,480,1068
00363500,TEXAS CHIROPRACTIC COLLEGE              ,TX,77505-1699,Private      ,5,141,146,5,141,146
00363600,TEXAS CHRISTIAN UNIVERSITY              ,TX,76129-0001,Private      ,4941,1019,5960,4941,1019,5960
00363700,JARVIS CHRISTIAN COLLEGE                ,TX,75765-1470,Private      ,135,28,163,135,28,163
00363800,TEXAS COLLEGE                           ,TX,75702-4500,Private      ,218,123,341,218,123,341
00363900,TEXAS A&M UNIVERSITY-KINGSVILLE         ,TX,78363-8203,Public       ,2166,1030,3196,2166,1030,3196
00364100,TEXAS LUTHERAN UNIVERSITY               ,TX,78155-5999,Private      ,851,87,938,851,87,938
00364200,TEXAS SOUTHERN UNIVERSITY               ,TX,77004-4598,Public       ,3757,3470,7227,3757,3470,7227
00364300,TEXAS SOUTHMOST COLLEGE                 ,TX,78520-4992,Public       ,102,113,215,102,113,215
00364400,TEXAS TECH UNIVERSITY                   ,TX,79409-0000,Public       ,8520,3092,11612,8520,3092,11612
00364500,TEXAS WESLEYAN UNIVERSITY               ,TX,76105-1536,Private      ,412,1268,1680,412,1268,1680
00364600,TEXAS WOMAN'S UNIVERSITY                ,TX,76204-5587,Public       ,2447,4003,6450,2447,4003,6450
00364700,TRINITY UNIVERSITY                      ,TX,78212-7200,Private      ,2098,176,2274,2098,176,2274
00364800,TYLER JUNIOR COLLEGE                    ,TX,75701-3436,Public       ,1496,1106,2602,1496,1106,2602
00365100,UNIVERSITY OF DALLAS                    ,TX,75062-4799,Private      ,1098,385,1483,1098,385,1483
00365200,UNIVERSITY OF HOUSTON                   ,TX,77204-2010,Public       ,10838,7115,17953,10838,7115,17953
00365400,UNIVERSITY OF ST THOMAS                 ,TX,77006-4626,Private      ,761,365,1126,761,365,1126
00365600,UNIVERSITY OF TEXAS-ARLINGTON           ,TX,76019-0000,Public       ,6347,5468,11815,6347,5468,11815
00365800,UNIVERSITY OF TEXAS-AUSTIN              ,TX,78713-7758,Public       ,22486,8877,31363,22486,8877,31363
00365900,UT HEALTH CENTER-SAN ANTONIO            ,TX,78229-3900,Public       ,294,1324,1618,294,1324,1618
00366100,UNIVERSITY OF TEXAS-EL PASO             ,TX,79968-0629,Public       ,5770,3962,9732,5770,3962,9732
00366200,VICTORIA COLLEGE (THE)                  ,TX,77901-4494,Public       ,309,530,839,309,530,839
00366300,WAYLAND BAPTIST UNIVERSITY              ,TX,79072-6998,Private      ,357,652,1009,357,652,1009
00366400,WEATHERFORD COLLEGE                     ,TX,76086-5699,Public       ,441,416,857,441,416,857
00366500,WEST TEXAS A&M UNIVERSITY               ,TX,79016-0000,Public       ,1520,896,2416,1520,896,2416
00366800,WHARTON COUNTY JR COLLEGE               ,TX,77488-3298,Public       ,509,473,982,509,473,982
00366900,WILEY COLLEGE                           ,TX,75670-5199,Private      ,185,116,301,185,116,301
00400300,CENTRAL TEXAS COLLEGE                   ,TX,76540-4199,Public       ,505,2105,2610,505,2105,2610
00407221,NORTHWOOD UNIVERSITY                    ,TX,75104-0000,Private      ,282,220,502,282,220,502
00445300,EL CENTRO COLLEGE                       ,TX,75202-0000,Public       ,639,1126,1765,639,1126,1765
00494800,TEXAS A&M UNIV SYSTEM HEALTH SCI CT     ,TX,77840-7896,Public       ,36,425,461,36,425,461
00494801,TEXAS A&M UNIV SYSTEMS-HSC              ,TX,77843-1114,Public       ,119,252,371,119,252,371
00494900,BAYLOR COLLEGE OF MEDICINE              ,TX,77030-0000,Private      ,89,683,772,89,683,772
00495100,UNIV OF TEXAS HEALTH SCIENCE CENTER     ,TX,77225-0000,Public       ,159,1207,1366,159,1207,1366
00495200,UNIV OF TEXAS MEDICAL BRANCH            ,TX,77550-0000,Public       ,134,845,979,134,845,979
00497200,GALVESTON COLLEGE                       ,TX,77550-7447,Public       ,136,307,443,136,307,443
00497700,SOUTH TEXAS COLLEGE OF LAW              ,TX,77002-0000,Private      ,9,1045,1054,9,1045,1054
00520307,REMINGTON COLLEGE - DALLAS CAMPUS       ,TX,75041-9935,Proprietary  ,11,24,35,11,24,35
00661200,COVENANT SCH OF NSG & ALLIED HEALTH     ,TX,79410-0000,Private      ,26,79,105,26,79,105
00666100,ANGELINA COLLEGE                        ,TX,75902-0000,Public       ,465,539,1004,465,539,1004
00694100,DALLAS CHRISTIAN COLLEGE                ,TX,75234-7229,Private      ,79,46,125,79,46,125
00709600,COLLEGE OF THE MAINLAND                 ,TX,77591-2499,Public       ,167,385,552,167,385,552
00728700,BRAZOSPORT COLLEGE                      ,TX,77566-3199,Public       ,138,207,345,138,207,345
00732907,ITT TECHNICAL INSTITUTE                 ,TX,77063-3751,Proprietary  ,44,67,111,44,67,111
00754805,WESTWOOD COLLEGE OF TECHNOLOGY          ,TX,77074-0000,Proprietary  ,39,37,76,39,37,76
00758602,REMINGTON COLLEGE - FORT WORTH CAMPUS   ,TX,76112-1280,Proprietary  ,21,74,95,21,74,95
00835300,LINCOLN COLLEGE OF TECHNOLOGY           ,TX,75052-0000,Proprietary  ,84,63,147,84,63,147
00849800,MIMS CLASSIC BEAUTY COLLEGE             ,TX,78216-0000,Proprietary  ,3,3,6,3,3,6
00850300,MOUNTAIN VIEW COLLEGE                   ,TX,75211-6599,Public       ,569,734,1303,569,734,1303
00850400,RICHLAND COLLEGE                        ,TX,75243-2199,Public       ,696,975,1671,696,975,1671
00851000,EASTFIELD COLLEGE                       ,TX,75150-2099,Public       ,651,956,1607,651,956,1607
00908200,INTERNATIONAL BUSINESS COLLEGE          ,TX,79903-0000,Proprietary  ,15,59,74,15,59,74
00916300,SAN ANTONIO COLLEGE                     ,TX,78212-4299,Public       ,2392,3014,5406,2392,3014,5406
00916302,SAN ANTONIO COLLEGE FT SAM HOUSTON      ,TX,78234-0000,Public       ,23,6,29,23,6,29
00922500,TEXAS STATE TECHNICAL COLLEGE  HARLINGEN,TX,78550-3697,Public       ,1040,579,1619,1040,579,1619
00946600,KAPLAN CAREER INSTITUTE                 ,TX,78216-1899,Proprietary  ,39,126,165,39,126,165
00946607,SAN ANT COL OF MED & DENTAL - MCALLEN   ,TX,78503-1622,Proprietary  ,40,111,151,40,111,151
00946609,CAREER CENTERS OF TX - CORPUS CHRISTI   ,TX,78416-9900,Proprietary  ,17,111,128,17,111,128
00946610,KAPLAN CAREER INSTITUTE - CAREER CENTERS,TX,76103-2310,Proprietary  ,24,148,172,24,148,172
00954900,WESTERN TEXAS COLLEGE                   ,TX,79549-9501,Public       ,146,57,203,146,57,203
00965100,TEXAS A&M INTERNATIONAL UNIVERSITY      ,TX,78041-1900,Public       ,1617,803,2420,1617,803,2420
00974100,UNIVERSITY OF TEXAS AT DALLAS           ,TX,75083-0000,Public       ,2736,2108,4844,2736,2108,4844
00976800,UNIVERSITY OF NORTH TEXAS HEALTH SCIENCE,TX,76107-2699,Public       ,47,587,634,47,587,634
00979700,MIDLAND COLLEGE                         ,TX,79705-6397,Public       ,392,482,874,392,482,874
00993000,UNIVERSITY OF TEXAS-PERMIAN BASIN       ,TX,79762-0001,Public       ,523,543,1066,523,543,1066
00993200,TEXAS STATE TECH CLG-WEST TEXAS         ,TX,79556-4108,Public       ,93,148,241,93,148,241
00993201,TEXAS STATE TECH COLLEGE-ABILENE        ,TX,79601-0000,Public       ,38,64,102,38,64,102
00993204,TEXAS STATE TECH CLG-BRECKENRIDGE       ,TX,76424-0000,Public       ,8,25,33,8,25,33
00993205,TEXAS STATE TECH COLLEGE-BROWNWOOD      ,TX,76801-0000,Public       ,17,54,71,17,54,71
01001900,UNIV OF TEXAS SOUTHWESTERN MED CTR      ,TX,75390-9096,Public       ,61,857,918,61,857,918
01005700,AMERICAN COMMERCIAL COLLEGE             ,TX,79602-1399,Proprietary  ,4,37,41,4,37,41
01005900,AMERICAN COMMERCIAL COLLEGE             ,TX,79761-0000,Proprietary  ,1,30,31,1,30,31
01005901,AMERICAN COMMERCIAL COLLEGE - AMERICAN C,TX,76310-2303,Proprietary  ,2,36,38,2,36,38
01006000,VERNON COLLEGE                          ,TX,76384-4092,Public       ,285,475,760,285,475,760
01011500,UNIVERSITY OF TEXAS-SAN ANTONIO         ,TX,78249-0600,Public       ,11307,5189,16496,11307,5189,16496
01013000,WADE COLLEGE                            ,TX,75207-3199,Proprietary  ,38,41,79,38,41,79
01038700,EL PASO COMMUNITY COLLEGE               ,TX,79998-0000,Public       ,3853,4270,8123,3853,4270,8123
01050900,HALLMARK COLLEGE OF AERONAUTICS         ,TX,78214-0000,Proprietary  ,21,45,66,21,45,66
01062400,CENTRAL TEXAS COMMERCIAL COLLEGE        ,TX,75231-5033,Proprietary  ,1,14,15,1,14,15
01063300,HOUSTON COMMUNITY COLLEGE               ,TX,77002-0000,Public       ,408,553,961,408,553,961
01063303,HOUSTON COMMUNITY COLLEGE - CENTRAL     ,TX,77004-0000,Public       ,712,1737,2449,712,1737,2449
01063304,HOUSTON COMMUNITY COLLEGE - RICE AVIATIO,TX,77061-5001,Public       ,377,871,1248,377,871,1248
01063305,HOUSTON COMMUNITY COLLEGE - NORTHEAST CO,TX,77066-5221,Public       ,522,916,1438,522,916,1438
01063306,HOUSTON COMMUNITY COLLEGE - CENTRAL COLL,TX,77088-6372,Public       ,398,672,1070,398,672,1070
01063339,HOUSTON COMMUNITY COLLEGE - STAFFORD    ,TX,77477-0000,Public       ,453,564,1017,453,564,1017
01063347,HOUSTON COMMUNITY COLLEGE - SOUTHWEST   ,TX,77081-7849,Public       ,721,1197,1918,721,1197,1918
01063348,HOUSTON COMMUNITY COLLEGE - COLEMAN     ,TX,77030-0000,Public       ,109,589,698,109,589,698
01067400,TEXAS TECH U HEALTH SCIENCES CENTER     ,TX,79430-0000,Public       ,220,985,1205,220,985,1205
01076100,DALLAS INSTITUTE OF FUNERAL SERVICE     ,TX,75227-4314,Private      ,14,34,48,14,34,48
01114500,LONE STAR COLLEGE SYSTEM                ,TX,77073-3499,Public       ,993,1656,2649,993,1656,2649
01114501,LONE STAR COLLEGE-KINGWOOD              ,TX,77339-0000,Public       ,242,448,690,242,448,690
01114502,LONE STAR COLLEGE-TOMBALL               ,TX,77375-0000,Public       ,262,461,723,262,461,723
01114503,LONE STAR COLLEGE-MONTGOMERY            ,TX,77384-0000,Public       ,359,696,1055,359,696,1055
01114504,LONE STAR COLLEGE-CY-FAIR               ,TX,77433-1383,Public       ,506,687,1193,506,687,1193
01116100,TEXAS A&M UNIV CORPUS CHRISTI           ,TX,78412-5599,Public       ,3340,1405,4745,3340,1405,4745
01116300,UNIVERSITY OF TEXAS AT TYLER            ,TX,75799-6699,Public       ,1487,1038,2525,1487,1038,2525
01171100,UNIVERSITY OF HOUSTON-CLEAR LAKE        ,TX,77058-1002,Public       ,528,1830,2358,528,1830,2358
01201500,AUSTIN COMMUNITY COLLEGE                ,TX,78752-4390,Public       ,3013,3928,6941,3013,3928,6941
01202000,VICTORIA BEAUTY COLLEGE                 ,TX,77901-6233,Proprietary  ,4,16,20,4,16,20
01226800,BALDWIN BEAUTY SCHOOL #5                ,TX,78704-4785,Proprietary  ,9,17,26,9,17,26
01229700,LAREDO BEAUTY COLLEGE                   ,TX,78040-1051,Proprietary  ,8,31,39,8,31,39
01248200,ATI TECHNICAL TRAINING CENTER           ,TX,75235-4622,Proprietary  ,56,280,336,56,280,336
01248300,COSMETOLOGY CAREER CENTER               ,TX,75006-2566,Proprietary  ,8,12,20,8,12,20
01248800,INTERNATIONAL BEAUTY COLLEGE NO 3       ,TX,75040-0000,Proprietary  ,3,3,6,3,3,6
01276400,METROPLEX BEAUTY SCHOOL                 ,TX,75149-0000,Proprietary  ,2,12,14,2,12,14
01293000,CHARLES & SUE'S SCH OF HAIR DESIGN      ,TX,77801-0000,Proprietary  ,6,17,23,6,17,23
01293100,VELMA B'S BEAUTY ACADEMY                ,TX,75216-1511,Proprietary  ,5,7,12,5,7,12
01293200,TINT SCHOOL OF MAKEUP & COSMETOLOGY     ,TX,75061-4235,Proprietary  ,1,2,3,1,2,3
01298200,BORDER INSTITUTE OF TECHNOLOGY          ,TX,79925-6709,Proprietary  ,5,6,11,5,6,11
01300300,NEILSON BEAUTY COLLEGE                  ,TX,75208-4637,Proprietary  ,5,9,14,5,9,14
01301600,OGLE SCHOOL HAIR SKIN NAILS             ,TX,76013-7400,Proprietary  ,27,34,61,27,34,61
01323100,UNIVERSITY OF HOUSTON-VICTORIA          ,TX,77901-5731,Public       ,119,535,654,119,535,654
02058600,CONLEE'S COLLEGE OF COSMETOLOGY         ,TX,78028-0000,Proprietary  ,1,5,6,1,5,6
02074100,CAPITOL CITY TRADE & TECHNICAL SCH      ,TX,78704-0000,Proprietary  ,13,14,27,13,14,27
02077400,NORTH LAKE COLLEGE                      ,TX,75038-0000,Public       ,361,551,912,361,551,912
02078100,STEPHENVILLE BEAUTY COLLEGE             ,TX,76401-0000,Proprietary  ,3,2,5,3,2,5
02081400,ARLINGTON BAPTIST COLLEGE               ,TX,76012-0000,Private      ,21,24,45,21,24,45
02093600,SOUTHWEST SCHOOL OF ELECTRONIC          ,TX,78735-0000,Proprietary  ,3,6,9,3,6,9
02098300,WESTERN TECHNICAL COLLEGE               ,TX,79927-2105,Proprietary  ,70,69,139,70,69,139
02100200,BROOKHAVEN COLLEGE                      ,TX,75244-0000,Public       ,394,621,1015,394,621,1015
02113610,AMERICAN INTERCONTINENTAL UNIV - HOUSTON,TX,77042-4516,Proprietary  ,110,190,300,110,190,300
02116008,SANFORD-BROWN COLLEGE - HOUSTON         ,TX,77036-8507,Proprietary  ,10,79,89,10,79,89
02116012,SANFORD-BROWN INSTITUTE - HOUSTON NORTH ,TX,77008-1058,Proprietary  ,17,88,105,17,88,105
02117100,ART INSTITUTE OF HOUSTON                ,TX,77056-0000,Proprietary  ,653,518,1171,653,518,1171
02119200,COURT REPORTING INSTITUTE OF DALLAS     ,TX,75247-6913,Proprietary  ,66,450,516,66,450,516
02136800,AMERICAN COMMERCIAL COLLEGE             ,TX,76904-0000,Proprietary  ,4,20,24,4,20,24
02144800,VET TECH INSTITUTE OF HOUSTON           ,TX,77027-9881,Proprietary  ,15,9,24,15,9,24
02176100,PIPO ACADEMY OF HAIR DESIGN             ,TX,79903-0000,Proprietary  ,0,4,4,0,4,4
02188600,AUSTIN BUSINESS COLLEGE                 ,TX,78741-0000,Proprietary  ,13,32,45,13,32,45
02200800,AMERICAN COMMERCIAL COLLEGE             ,TX,79411-0000,Proprietary  ,12,35,47,12,35,47
02218300,SOUTHWEST SCHOOL OF BUSINESS & TECHNICAL,TX,78221-0000,Proprietary  ,5,23,28,5,23,28
02224600,TRI-STATE BEAUTY SCHOOL #1              ,TX,79915-0000,Proprietary  ,9,13,22,9,13,22
02230500,OGLE SCHOOL HAIR SKIN NAILS             ,TX,76132-3638,Proprietary  ,21,42,63,21,42,63
02230600,OGLE SCHOOL HAIR SKIN NAILS             ,TX,76053-4650,Proprietary  ,7,15,22,7,15,22
02239100,CENTRAL TEXAS BEAUTY COLLEGE #2         ,TX,78664-4204,Proprietary  ,1,7,8,1,7,8
02245200,MTI COLLEGE OF BUS. & TECHNOLOGY        ,TX,77036-0000,Proprietary  ,11,6,17,11,6,17
02248200,MILAN INSTITUTE OF COSMETOLOGY          ,TX,79103-0000,Proprietary  ,5,32,37,5,32,37
02254800,TEXAS VOCATIONAL SCHOOLS                ,TX,77901-0000,Proprietary  ,2,6,8,2,6,8
02259400,AMBERTON UNIVERSITY                     ,TX,75041-0000,Private      ,5,34,39,5,34,39
02261300,EVEREST INSTITUTE                       ,TX,78213-3841,Proprietary  ,8,21,29,8,21,29
02267100,EXPOSITO SCHOOL OF HAIR DESIGN          ,TX,79109-0000,Proprietary  ,4,17,21,4,17,21
02276000,FRANKLIN BEAUTY SCHOOL #2               ,TX,77021-0000,Proprietary  ,2,13,15,2,13,15
02285900,UNIVERSITY OF COSMETOLOGY ARTS&SCI      ,TX,78504-0000,Proprietary  ,17,52,69,17,52,69
02294800,CAPITOL CITY CAREERS                    ,TX,78745-0000,Proprietary  ,5,5,10,5,5,10
02305300,PARKER COLLEGE OF CHIROPRACTIC          ,TX,75229-0000,Private      ,10,687,697,10,687,697
02306700,FORT WORTH BEAUTY SCHOOL                ,TX,76116-3299,Proprietary  ,2,10,12,2,10,12
02312200,TEXAS SCHOOL OF BUSINESS                ,TX,77073-6032,Proprietary  ,23,64,87,23,64,87
02312201,TEXAS SCHOOL OF BUSINESS - SOUTHWEST CAM,TX,77057-0000,Proprietary  ,22,87,109,22,87,109
02312202,TEXAS SCHOOL OF BUSINESS - FRIENDSWOOD C,TX,77546-8938,Proprietary  ,1,6,7,1,6,7
02312203,TEXAS SCHOOL OF BUSINESS - EAST CAMPUS  ,TX,77029-1916,Proprietary  ,8,33,41,8,33,41
02313901,WESTWOOD COLLEGE - DALLAS               ,TX,75243-0000,Proprietary  ,79,76,155,79,76,155
02315400,NORTHEAST TEXAS COMMUNITY COLLEGE       ,TX,75456-0000,Public       ,232,218,450,232,218,450
02318200,"KD STUDIO, ACTOR'S CONSERVATORY         ",TX,75207-2111,Proprietary  ,13,22,35,13,22,35
02320200,HOUSTON GRADUATE SCHOOL OF THEOLOGY     ,TX,77004-0000,Private      ,0,24,24,0,24,24
02326000,SAN ANTONIO BEAUTY COLLEGE NO 3         ,TX,78217-0000,Proprietary  ,2,6,8,2,6,8
02328600,ITT TECHNICAL INSTITUTE                 ,TX,76011-0000,Proprietary  ,48,47,95,48,47,95
02331200,BAPTIST MISSIONARY ASSN THEOL SEM       ,TX,75766-0000,Private      ,3,4,7,3,4,7
02331300,INTERACTIVE LEARNING SYSTEMS            ,TX,77502-1201,Proprietary  ,0,3,3,0,3,3
02331301,INTERACTIVE LEARNING SYSTEMS            ,TX,77081-0000,Proprietary  ,1,43,44,1,43,44
02331303,INTERACTIVE LEARNING SYSTEMS            ,TX,77502-0000,Proprietary  ,0,1,1,0,1,1
02331304,INTERACTIVE LEARNING SYSTEMS            ,TX,77060-0000,Proprietary  ,0,3,3,0,3,3
02341300,PALO ALTO COLLEGE                       ,TX,78224-0000,Public       ,943,1047,1990,943,1047,1990
02348500,LAMAR STATE COLLEGE-PORT ARTHUR         ,TX,77640-0000,Public       ,183,288,471,183,288,471
02358200,LAMAR STATE COLLEGE-ORANGE              ,TX,77630-0000,Public       ,114,282,396,114,282,396
02361400,COLLIN COUNTY COMMUNITY COLLEGE         ,TX,75071-0000,Public       ,847,1044,1891,847,1044,1891
02362000,UNIVERSAL TECHNICAL INSTITUTE           ,TX,77073-0000,Proprietary  ,1387,491,1878,1387,491,1878
02362800,AUSTIN GRADUATE SCHOOL OF THEOLOGY      ,TX,78752-1333,Private      ,2,8,10,2,8,10
02521200,ARLINGTON CAREER INSTITUTE              ,TX,75050-0000,Proprietary  ,2,48,50,2,48,50
02521800,SEGUIN BEAUTY SCHOOL                    ,TX,78155-0000,Proprietary  ,0,4,4,0,4,4
02527500,HOUSTON TRAINING SCHOOLS                ,TX,77020-0000,Proprietary  ,2,9,11,2,9,11
02530700,SEBRING CAREER SCHOOLS                  ,TX,77083-1510,Proprietary  ,0,3,3,0,3,3
02539600,ART INSTITUTE OF DALLAS                 ,TX,75231-5993,Proprietary  ,436,302,738,436,302,738
02548800,SOUTH TEXAS VO-TECH INSTITUTE           ,TX,78596-0000,Proprietary  ,32,87,119,32,87,119
02549400,SOUTH TEXAS VO-TECH INSTITUTE           ,TX,78501-0000,Proprietary  ,17,11,28,17,11,28
02555400,UNIV OF TX MD ANDERSON CANCER CTR       ,TX,77030-0000,Public       ,19,66,85,19,66,85
02557400,STAR COLLEGE OF COSMETOLOGY             ,TX,75961-0000,Proprietary  ,4,4,8,4,4,8
02568100,TEXAS BARBER COLLEGES & HAIRSTYLING     ,TX,75208-0000,Proprietary  ,27,129,156,27,129,156
02569300,TEXAS CULINARY ACADEMY                  ,TX,78758-3403,Proprietary  ,247,248,495,247,248,495
02572000,COMPUTER CAREER CENTER                  ,TX,79925-2021,Proprietary  ,12,13,25,12,13,25
02572100,"CAREER ACADEMY, INC.                    ",TX,75501-0000,Proprietary  ,4,1,5,4,1,5
02572200,INSTITUTE OF COSMETOLOGY & ESTHETICS    ,TX,77036-0000,Proprietary  ,2,9,11,2,9,11
02580100,IVERSON BUSINESS SCH & COURT REPORT     ,TX,76011-1344,Proprietary  ,10,76,86,10,76,86
02591100,CAREER POINT INSTITUTE                  ,TX,78201-2027,Proprietary  ,26,169,195,26,169,195
02591900,CAREER CENTERS OF TEXAS - EL PASO       ,TX,79907-1525,Proprietary  ,57,172,229,57,172,229
02591905,CAREER CENTERS OF TEXAS-BROWNSVILLE     ,TX,78521-9905,Proprietary  ,32,114,146,32,114,146
02596400,REDSTONE COLLEGE - LOS ANGELES          ,TX,77061-0000,Proprietary  ,245,157,402,245,157,402
02596412,WESTWOOD COLLEGE OF AVIATION TECHNOLOGY ,TX,77061-5114,Proprietary  ,7,5,12,7,5,12
02596500,ATI CAREER TRAINING CENTER              ,TX,76180-1599,Proprietary  ,40,179,219,40,179,219
02596600,ATI-CAREER TRAINING CENTER              ,TX,75220-4443,Proprietary  ,57,314,371,57,314,371
02600200,OCEAN CORPORATION (THE)                 ,TX,77099-3479,Proprietary  ,18,74,92,18,74,92
02604700,CENTER FOR ADVANCED LEGAL STUDIES       ,TX,77098-4151,Proprietary  ,3,55,58,3,55,58
02615000,SANFORD-BROWN INSTITUTE                 ,TX,75247-6931,Proprietary  ,52,309,361,52,309,361
03009400,SW SCH BUS & TECH CAREERS               ,TX,78212-2840,Proprietary  ,0,2,2,0,2,2
03010000,VANGUARD INSTITUTE OF TECHNOLOGY        ,TX,78539-0000,Proprietary  ,17,101,118,17,101,118
03011800,UNIVERSITY OF COSMETOLOGY ARTS & SCIENCE,TX,78226-1160,Proprietary  ,1,5,6,1,5,6
03019800,PCI HEALTH TRAINING CENTER              ,TX,75247-4720,Proprietary  ,26,71,97,26,71,97
03021500,SW SCH BUS & TECH CAREERS               ,TX,78852-4859,Proprietary  ,16,11,27,16,11,27
03023800,AIMS ACADEMY                            ,TX,75050-0000,Proprietary  ,1,5,6,1,5,6
03025000,TEXAS COLLEGE OF COSMETOLOGY            ,TX,79605-2001,Proprietary  ,9,5,14,9,5,14
03026500,REMINGTON COLLEGE - HOUSTON CAMPUS      ,TX,77082-1849,Proprietary  ,26,140,166,26,140,166
03026501,REMINGTON COLLEGE - NORTH HOUSTON CAMPUS,TX,77067-1849,Proprietary  ,11,20,31,11,20,31
03028800,CIRCLE J BEAUTY SCHOOL                  ,TX,77587-3714,Proprietary  ,1,2,3,1,2,3
03031408,INTERNATIONAL ACADEMY OF DESIGN AND TECH,TX,78229-2263,Proprietary  ,32,57,89,32,57,89
03032300,SCHOOL OF AUTOMOTIVE MACHINISTS         ,TX,77055-1803,Proprietary  ,14,25,39,14,25,39
03035200,TINT SCHOOL OF MAKEUP & COSMETOLOGY     ,TX,75229-3734,Proprietary  ,3,10,13,3,10,13
03035300,SOUTHERN CAREERS INSTITUTE              ,TX,78704-5252,Proprietary  ,37,161,198,37,161,198
03035301,SOUTHERN CAREERS INSTITUTE              ,TX,78577-0000,Proprietary  ,21,89,110,21,89,110
03035302,SOUTHERN CAREERS INSTITUTE - CORPUS CHRI,TX,78414-2904,Proprietary  ,14,68,82,14,68,82
03035303,SOUTHERN CAREERS INSTITUTE - #1         ,TX,78221-4351,Proprietary  ,12,56,68,12,56,68
03035304,SOUTHERN CAREERS INSTITUTE-LAREDO       ,TX,78041-0000,Proprietary  ,6,15,21,6,15,21
03061800,STAR COLLEGE OF COSMETOLOGY             ,TX,75702-8214,Proprietary  ,8,12,20,8,12,20
03064600,UNIVERSITY OF TEXAS AT BROWNSVILLE      ,TX,78520-4993,Public       ,3000,2100,5100,3000,2100,5100
03071400,ITT TECHNICAL INSTITUTE                 ,TX,78249-3303,Proprietary  ,40,46,86,40,46,86
03075400,ICC TECHNICAL INSTITUTE                 ,TX,77004-2930,Private      ,4,0,4,4,0,4
03079201,WESTWOOD COLLEGE OF TECHNOLOGY          ,TX,76180-0000,Proprietary  ,47,47,94,47,47,94
03091200,CAREERS UNLIMITED                       ,TX,75702-7110,Proprietary  ,6,9,15,6,9,15
03103400,SOUTH TEXAS COLLEGE                     ,TX,78501-6699,Public       ,3429,2214,5643,3429,2214,5643
03104700,TEXAS COLLEGE OF COSMETOLOGY            ,TX,76903-4708,Proprietary  ,3,5,8,3,5,8
03105900,CAREERS UNLIMITED                       ,TX,77055-4002,Proprietary  ,0,3,3,0,3,3
03108700,ROYAL BEAUTY CAREERS                    ,TX,77069-4611,Proprietary  ,2,15,17,2,15,17
03111000,MID-CITIES BARBER COLLEGE               ,TX,75051-4810,Proprietary  ,2,7,9,2,7,9
03115800,TEXAS CAREERS                           ,TX,78238-4203,Proprietary  ,25,176,201,25,176,201
03115802,TEXAS CAREERS - LAREDO                  ,TX,78041-6181,Proprietary  ,13,26,39,13,26,39
03115803,TEXAS CAREERS - BEAUMONT                ,TX,77701-3706,Proprietary  ,19,97,116,19,97,116
03115804,TEXAS CAREERS - LUBBOCK                 ,TX,79401-2601,Proprietary  ,18,110,128,18,110,128
03128100,ACADEMY OF HEALTH CARE PROFESSIONS      ,TX,77092-8108,Proprietary  ,14,41,55,14,41,55
03144300,NATIONAL BEAUTY COLLEGE                 ,TX,75043-4046,Proprietary  ,0,1,1,0,1,1
03153300,AMER COLL OF ACUPUNCTURE & O.M.         ,TX,77063-4104,Proprietary  ,0,22,22,0,22,22
03156400,ACADEMY OF ORIENTAL MEDICINE AT AUSTIN  ,TX,78757-1132,Proprietary  ,2,58,60,2,58,60
03159300,ARLINGTON MEDICAL INSTITUTE             ,TX,76011-2645,Proprietary  ,5,15,20,5,15,20
03170300,TEXAS A&M UNIVERSITY-TEXARKANA          ,TX,75501-0000,Public       ,109,334,443,109,334,443
03179500,TEXAS COLG TRADITIONAL CHINESE MED      ,TX,78704-6748,Proprietary  ,1,25,26,1,25,26
03189400,COLLEGE OF SAINT THOMAS MORE            ,TX,76109-2323,Private      ,5,4,9,5,4,9
03237400,FARIS COMPUTER SCHOOL                   ,TX,77627-3829,Proprietary  ,1,0,1,1,0,1
03272300,SOUTHEASTERN CAREER INSTITUTE           ,TX,75234-7288,Proprietary  ,13,53,66,13,53,66
03272301,SOUTHEASTERN CAREER INSTITUTE - MIDLAND ,TX,79703-5531,Proprietary  ,10,32,42,10,32,42
03276300,ACADEMY OF HAIR DESIGN                  ,TX,75901-4900,Proprietary  ,3,10,13,3,10,13
03277300,ACADEMY OF HAIR DESIGN                  ,TX,77701-4650,Proprietary  ,2,7,9,2,7,9
03303300,NORTHWEST EDUCATIONAL CENTER            ,TX,77092-7055,Proprietary  ,1,4,5,1,4,5
03371300,TONI&GUY HAIRDRESSING ACADEMY           ,TX,75006-2351,Proprietary  ,9,9,18,9,9,18
03372300,NORTHWEST VISTA COLLEGE                 ,TX,78251-4217,Public       ,1096,1074,2170,1096,1074,2170
03396500,TEXAS STATE TECHNICAL COLG/MARSHALL     ,TX,75672-7402,Public       ,90,70,160,90,70,160
03400300,CAREER QUEST                            ,TX,78229-3539,Proprietary  ,1,9,10,1,9,10
03412300,ADVANCED BARBER COLLEGE & HAIR DESI     ,TX,78596-0000,Proprietary  ,4,0,4,4,0,4
03416500,DALLAS NURSING INSTITUTE                ,TX,75243-5502,Proprietary  ,22,90,112,22,90,112
03422300,MILAN INSTITUTE                         ,TX,78238-3327,Proprietary  ,36,73,109,36,73,109
03422400,COLLEGE OF BIBLICAL STUDIES-HOUSTON     ,TX,77036-3211,Private      ,6,148,154,6,148,154
03424400,MEDVANCE INSTITUTE                      ,TX,77057-7386,Proprietary  ,8,120,128,8,120,128
03426300,CAREER ADVANCEMENT CENTER               ,TX,78752-1470,Proprietary  ,5,31,36,5,31,36
03486300,SYLVIA'S INTERNATIONAL SCHOOL OF BE     ,TX,77091-3203,Proprietary  ,1,2,3,1,2,3
03520300,LUBBOCK HAIR ACADEMY                    ,TX,79410-3524,Proprietary  ,1,8,9,1,8,9
03541300,BEHOLD! BEAUTY ACADEMY                  ,TX,77016-3725,Proprietary  ,3,7,10,3,7,10
03542300,CONCORDE CAREER INSTITUTE               ,TX,76011-4016,Proprietary  ,29,245,274,29,245,274
03551400,STATE BEAUTY ACADEMY                    ,TX,75116-3501,Proprietary  ,1,3,4,1,3,4
03556400,KUSSAD INSTITUTE OF COURT REPORTING     ,TX,78704-5712,Proprietary  ,0,7,7,0,7,7
03563300,ACADEMY OF COSEMTOLOGY                  ,TX,78745-2858,Proprietary  ,0,1,1,0,1,1
03573300,AVIATION INSTITUTE OF MAINTENANCE       ,TX,75209-3017,Proprietary  ,11,15,26,11,15,26
03610300,MJ'S BEAUTY ACADEMY INC                 ,TX,75224-4409,Proprietary  ,1,3,4,1,3,4
03612400,VALLEY GRANDE INSTITUTE FOR ACADEMI     ,TX,78596-0000,Private      ,11,30,41,11,30,41
03627300,LAMAR INSTITUTE OF TECHNOLOGY           ,TX,77705-4142,Public       ,275,483,758,275,483,758
03676400,HEALTHY HAIR ACADEMY                    ,TX,75227-0000,Proprietary  ,2,2,4,2,2,4
03680300,JAY'S TECHNICAL INSTITUTE               ,TX,77031-3509,Proprietary  ,1,3,4,1,3,4
03682400,DALLAS BARBER & STYLIST COLLEGE         ,TX,75231-0000,Proprietary  ,2,29,31,2,29,31
03714300,TREND BARBER COLLEGE                    ,TX,77071-2104,Proprietary  ,7,9,16,7,9,16
03723300,CULINARY INST ALAIN & MARIE LENOTRE     ,TX,77022-4322,Proprietary  ,19,24,43,19,24,43
03727600,CULINARY ACADEMY OF AUSTIN              ,TX,78752-0000,Proprietary  ,16,18,34,16,18,34
03733300,BAPTIST UNIVERSITY OF THE AMERICAS      ,TX,78224-1336,Private      ,14,38,52,14,38,52
03756300,ANAMARC EDUCATIONAL INSTITUTE           ,TX,79930-6230,Proprietary  ,10,16,26,10,16,26
03885400,COMPUTER LABS                           ,TX,79906-5924,Proprietary  ,0,2,2,0,2,2
03885700,HOUSTON'S TRAINING AND EDUCATION CENTER ,TX,77036-2021,Proprietary  ,1,6,7,1,6,7
03922300,SOUTH TEXAS BARBER COLLEGE              ,TX,78415-3463,Proprietary  ,1,2,3,1,2,3
03944400,PROFESSIONAL CAREERS INSTITUTE          ,TX,77036-2252,Proprietary  ,1,7,8,1,7,8
03984300,ALLIED CAREER CENTER                    ,TX,75007-0000,Proprietary  ,0,5,5,0,5,5
03987300,TEXAS HEALTH SCHOOL                     ,TX,77079-2106,Proprietary  ,8,19,27,8,19,27
04036300,SOUTHEAST TEXAS CAREER INSTITUTE        ,TX,77656-8601,Proprietary  ,1,5,6,1,5,6
04045300,NORTHWEST BEAUTY SCHOOL                 ,TX,77091-1208,Proprietary  ,1,3,4,1,3,4
04045400,MAI-TRIX BEAUTY COLLEGE                 ,TX,77040-0000,Proprietary  ,3,10,13,3,10,13
04089400,CCI TRAINING CENTER                     ,TX,76011-4857,Proprietary  ,1,12,13,1,12,13
04117900,CHAMPION BEAUTY COLLEGE                 ,TX,77069-4611,Proprietary  ,1,0,1,1,0,1
00367000,BRIGHAM YOUNG UNIVERSITY                ,UT,84602-8406,Private      ,3682,2413,6095,3682,2413,6095
00367100,DIXIE STATE COLLEGE OF UTAH             ,UT,84770-3876,Public       ,525,338,863,525,338,863
00367200,LDS BUSINESS COLLEGE                    ,UT,84101-3500,Private      ,117,74,191,117,74,191
00367400,STEVENS HENAGER COLLEGE                 ,UT,84401-1420,Proprietary  ,16,51,67,16,51,67
00367500,UNIVERSITY OF UTAH                      ,UT,84112-9055,Public       ,3760,5803,9563,3760,5803,9563
00367600,COLLEGE OF EASTERN UTAH                 ,UT,84501-2699,Public       ,192,95,287,192,95,287
00367700,UTAH STATE UNIVERSITY                   ,UT,84322-1400,Public       ,2080,2235,4315,2080,2235,4315
00367800,SOUTHERN UTAH UNIVERSITY                ,UT,84720-2470,Public       ,1023,538,1561,1023,538,1561
00367900,SNOW COLLEGE                            ,UT,84627-1299,Public       ,490,85,575,490,85,575
00368000,WEBER STATE UNIVERSITY                  ,UT,84408-1136,Public       ,1298,2638,3936,1298,2638,3936
00368100,WESTMINSTER COLLEGE                     ,UT,84105-3697,Private      ,835,482,1317,835,482,1317
00402700,UTAH VALLEY UNIVERSITY                  ,UT,84058-5999,Public       ,1263,2310,3573,1263,2310,3573
00522000,SALT LAKE COMMUNITY COLLEGE             ,UT,84123-0000,Public       ,902,1994,2896,902,1994,2896
00943300,SHERMAN KENDALL'S ACADEMY OF BEAUTY     ,UT,84106-1836,Proprietary  ,2,4,6,2,4,6
01009800,NEUMONT UNIVERSITY                      ,UT,84095-0000,Proprietary  ,217,49,266,217,49,266
01116500,UINTAH BASIN APPLIED TECHNOLOGY CLG     ,UT,84066-0000,Public       ,2,3,5,2,3,5
01116600,UTAH CAREER COLLEGE                     ,UT,84088-4021,Proprietary  ,10,27,37,10,27,37
02078800,SHERMAN KENDALL'S ACADEMY OF BEAUTY     ,UT,84047-0000,Proprietary  ,1,4,5,1,4,5
02115400,BRIDGERLAND APPLIED TECHNOLOGY COLLEGE  ,UT,84321-0000,Public       ,21,75,96,21,75,96
02156600,DAVIS APPLIED TECHNOLOGY COLLEGE        ,UT,84037-0000,Public       ,18,114,132,18,114,132
02178500,EAGLE GATE COLLEGE                      ,UT,84123-0000,Proprietary  ,5,14,19,5,14,19
02270800,AMERITECH COLLEGE                       ,UT,84604-6927,Proprietary  ,9,116,125,9,116,125
02298500,EVEREST COLLEGE                         ,UT,84119-2668,Proprietary  ,4,23,27,4,23,27
02346500,OGDEN-WEBER APPLIED TECHNOLOGY COLG     ,UT,84404-0000,Public       ,12,114,126,12,114,126
02360800,PROVO COLLEGE                           ,UT,84601-0000,Proprietary  ,27,30,57,27,30,57
02361000,ITT TECHNICAL INSTITUTE                 ,UT,84123-0000,Proprietary  ,10,62,72,10,62,72
02504000,MARINELLO SCHOOL OF BEAUTY              ,UT,84041-0000,Proprietary  ,3,7,10,3,7,10
02516100,MARINELLO SCHOOL OF BEAUTY              ,UT,84405-1501,Proprietary  ,2,4,6,2,4,6
02531800,VON CURTIS ACADEMY OF HAIR DESIGN       ,UT,84606-0000,Proprietary  ,74,30,104,74,30,104
02556800,HAIRITAGE COLLEGE OF BEAUTY             ,UT,84117-7204,Proprietary  ,2,5,7,2,5,7
02557700,PREMIER HAIR ACADEMY                    ,UT,84120-3603,Proprietary  ,0,3,3,0,3,3
02572700,EVANS HAIRSTYLING COLLEGE               ,UT,84770-0000,Proprietary  ,2,2,4,2,2,4
02572800,VISTA COLLEGE                           ,UT,84015-0000,Proprietary  ,6,11,17,6,11,17
02572801,CERTIFIED CAREERS INSTITUTE             ,UT,84015-0000,Proprietary  ,3,10,13,3,10,13
02573100,EVANS HAIRSTYLING COLLEGE               ,UT,84720-0000,Proprietary  ,6,1,7,6,1,7
02612200,MARINELLO SCHOOL OF BEAUTY              ,UT,84604-1585,Proprietary  ,17,15,32,17,15,32
03030600,UTAH COLLEGE OF MASSAGE THERAPY         ,UT,84111-1606,Proprietary  ,59,83,142,59,83,142
03030601,UTAH CLG OF MASSAGE THER-PROVO CMPS     ,UT,84042-0000,Proprietary  ,4,23,27,4,23,27
03082100,MYOTHERAPY COLLEGE OF UTAH              ,UT,84115-2522,Proprietary  ,2,9,11,2,9,11
03108200,ECHELON EDGE ACADEMY OF HAIR SKIN & NAIL,UT,84070-2004,Proprietary  ,1,5,6,1,5,6
03110400,HAIRITAGE HAIR ACADEMY                  ,UT,84770-5233,Proprietary  ,1,3,4,1,3,4
03339400,WESTERN GOVERNORS UNIVERSITY            ,UT,84107-2533,Private      ,40,1873,1913,40,1873,1913
03413300,MOUNTAINLAND APPLIED TECHNOLOGY COLLEGE ,UT,84058-5857,Public       ,6,13,19,6,13,19
03463300,CAREERS UNLIMITED                       ,UT,84058-0000,Proprietary  ,6,2,8,6,2,8
03617300,HEALING MOUNTAIN MASSAGE SCHOOL         ,UT,84111-3232,Proprietary  ,1,2,3,1,2,3
03829500,SKINWORKS SCHOOL OF ADVANCED SKINCARE   ,UT,84115-0000,Proprietary  ,2,4,6,2,4,6
03838300,OGDEN INSTITUTE OF MASSAGE THERAPY      ,UT,84403-0000,Proprietary  ,2,5,7,2,5,7
03902300,RENAISSANCE SCHOOL OF THERAPEUTIC MASSAG,UT,84010-2835,Proprietary  ,0,1,1,0,1,1
03909300,MAXIMUM STYLE TEC SCHOOL OF COSMETOLOGY ,UT,84323-4679,Proprietary  ,1,5,6,1,5,6
03921300,CAMEO COLLEGE OF ESSENTIAL BEAUTY       ,UT,84115-0000,Proprietary  ,17,30,47,17,30,47
04054300,SOUTHWEST APPLIED TECHNOLOGY COLLEGE    ,UT,84720-6608,Public       ,2,5,7,2,5,7
00368200,BENNINGTON COLLEGE                      ,VT,05201-6001,Private      ,638,151,789,638,151,789
00368300,CASTLETON STATE COLLEGE                 ,VT,05735-0000,Public       ,1667,152,1819,1667,152,1819
00368400,CHAMPLAIN COLLEGE                       ,VT,05401-3950,Private      ,2285,285,2570,2285,285,2570
00368402,WOODBURY COLLEGE                        ,VT,05602-0000,Private      ,5,57,62,5,57,62
00368500,COLLEGE OF ST JOSEPH                    ,VT,05701-3899,Private      ,95,74,169,95,74,169
00368600,GODDARD COLLEGE                         ,VT,05667-0000,Private      ,25,219,244,25,219,244
00368700,GREEN MOUNTAIN COLLEGE                  ,VT,05764-1199,Private      ,674,42,716,674,42,716
00368800,JOHNSON STATE COLLEGE                   ,VT,05656-9898,Public       ,947,351,1298,947,351,1298
00368900,LYNDON STATE COLLEGE                    ,VT,05851-0919,Public       ,1142,182,1324,1142,182,1324
00369000,MARLBORO COLLEGE                        ,VT,05344-0300,Private      ,315,28,343,315,28,343
00369100,MIDDLEBURY COLLEGE                      ,VT,05753-0000,Private      ,2449,398,2847,2449,398,2847
00369200,NORWICH UNIVERSITY                      ,VT,05663-1035,Private      ,1934,462,2396,1934,462,2396
00369300,SOUTHERN VERMONT COLLEGE                ,VT,05201-6002,Private      ,266,52,318,266,52,318
00369400,ST MICHAELS COLLEGE                     ,VT,05439-0001,Private      ,2550,82,2632,2550,82,2632
00369600,UNIVERSITY OF VERMONT                   ,VT,05405-0160,Public       ,10803,1581,12384,10803,1581,12384
00369800,VERMONT TECHNICAL COLLEGE               ,VT,05061-0000,Public       ,621,267,888,621,267,888
00857500,SALON PROFESSIONAL ACADEMY (THE)        ,VT,05495-4001,Proprietary  ,33,30,63,33,30,63
00865800,O'BRIENS AVEDA INSTITUTE                ,VT,05403-7747,Proprietary  ,6,8,14,6,8,14
00886000,SIT                                     ,VT,05301-4801,Private      ,5,272,277,5,272,277
01116700,COMMUNITY COLLEGE OF VERMONT            ,VT,05676-1552,Public       ,326,654,980,326,654,980
01193400,VERMONT LAW SCHOOL                      ,VT,05068-0000,Private      ,0,695,695,0,695,695
01218300,BURLINGTON COLLEGE                      ,VT,05401-8477,Private      ,66,35,101,66,35,101
02143500,STERLING COLLEGE                        ,VT,05827-0000,Private      ,74,10,84,74,10,84
02254000,NEW ENGLAND CULINARY INSTITUTE          ,VT,05602-0000,Proprietary  ,324,126,450,324,126,450
02532600,LANDMARK COLLEGE                        ,VT,05346-0000,Private      ,169,28,197,169,28,197
03708300,BURLINGTON TECHNICAL CENTER             ,VT,05401-2721,Public       ,3,3,6,3,3,6
00392800,CASPER COLLEGE                          ,WY,82601-4612,Public       ,401,235,636,401,235,636
00392900,EASTERN WYOMING COLLEGE                 ,WY,82240-1603,Public       ,140,46,186,140,46,186
00393000,SHERIDAN COLLEGE                        ,WY,82801-9133,Public       ,284,167,451,284,167,451
00393100,NORTHWEST COLLEGE                       ,WY,82435-1895,Public       ,383,142,525,383,142,525
00393200,UNIVERSITY OF WYOMING                   ,WY,82071-3663,Public       ,3378,1708,5086,3378,1708,5086
00393300,WESTERN WYOMING COMMUNITY COLLEGE       ,WY,82902-0000,Public       ,228,179,407,228,179,407
00728900,CENTRAL WYOMING COLLEGE                 ,WY,82501-0000,Public       ,147,159,306,147,159,306
00915700,WYOMING TECHNICAL INSTITUTE             ,WY,82072-9519,Proprietary  ,1422,344,1766,1422,344,1766
00925900,LARAMIE COUNTY COMMUNITY CLG            ,WY,82007-3299,Public       ,380,412,792,380,412,792
02211900,CHEEKS INTERNATIONAL ACDMY              ,WY,82001-0000,Proprietary  ,9,16,25,9,16,25
03291300,BUSINESS SKILLS INSTITUTE A DEPARTMENT O,WY,82930-0000,Public       ,2,2,4,2,2,4
00393500,UNIV OF GUAM                            ,GU,96923-0000,Public       ,292,300,592,292,300,592
01536100,GUAM COMMUNITY COLLEGE                  ,GU,96921-0000,Public       ,88,222,310,88,222,310
03438300,PACIFIC ISLANDS BIBLE COLLEGE           ,GU,96913-2619,Private      ,8,3,11,8,3,11
00393600,PONTIFICAL CATHOLIC UNIV OF PR          ,PR,00717-0777,Private      ,815,466,1281,815,466,1281
00393700,UNIVERSITY OF THE SACRED HEART          ,PR,00914-0383,Private      ,368,190,558,368,190,558
00393800,INTER-AMER UNIV PR-CNTRL ADMN           ,PR,00936-0000,Private      ,95,210,305,95,210,305
00393801,INTER-AMER UNIV PR SCHL LAW             ,PR,00936-8351,Private      ,1,46,47,1,46,47
00393802,INTER AMERICAN UNIVERSITY OF PUERTO RICO,PR,00926-0000,Private      ,147,241,388,147,241,388
00393803,INTER AMERICAN UNIVERSITY OF PR         ,PR,00683-0000,Private      ,392,235,627,392,235,627
00393804,INTER-AMER UNIV PR-RECINTO AGUADILA     ,PR,00605-2000,Private      ,128,143,271,128,143,271
00393805,INTER-AMER UNIV PR-ARECIBO CAMPUS       ,PR,00614-4050,Private      ,246,236,482,246,236,482
00393806,INTER-AMER UNIV PR-BARRANQUITAS REG     ,PR,00794-0517,Private      ,204,110,314,204,110,314
00393807,INTER-AMER UNIV PR-FAJARDO REGIONAL     ,PR,00738-0000,Private      ,88,98,186,88,98,186
00393808,INTER-AMER UNIV PR - GUAYAMA CAMPUS     ,PR,00785-4004,Private      ,97,158,255,97,158,255
00393809,INTER-AMER UNIV PR-PONCE REGIONAL       ,PR,00715-0000,Private      ,356,376,732,356,376,732
00393810,INTER-AMER UNIV PR - SCH OF OPTOMETRY   ,PR,00918-0000,Private      ,1,18,19,1,18,19
00393811,INTER-AMER UNIV PR-BAYAMON REG CLG      ,PR,00959-0000,Private      ,241,108,349,241,108,349
00394100,COLEGIO UNIVERSITARIO DEL ESTE          ,PR,00983-0000,Private      ,246,596,842,246,596,842
00394200,UNIVERSITY OF PR-CENTRAL ADMINISTRATION ,PR,00936-4984,Public       ,113,79,192,113,79,192
00394201,UNIVERSITY OF PR-RIO PIEDRAS CAMPUS     ,PR,00931-3300,Public       ,1179,499,1678,1179,499,1678
00394202,UNIV OF PUERTO RICO-MAYAGUEZ CAMPUS     ,PR,00681-5000,Public       ,1311,421,1732,1311,421,1732
00394203,"UNIVERSITY OF PR, MED. SCIENCES CAMPUS  ",PR,00936-5067,Public       ,57,97,154,57,97,154
00394204,"UNIVERSITY OF PUERTO RICO, CAYEY CAMPUS ",PR,00736-0000,Public       ,746,185,931,746,185,931
00394205,"UNIVERSITY OF PR, HUMACAO CAMPUS        ",PR,00791-4057,Public       ,119,20,139,119,20,139
00394206,UNIVERSITY OF PR-AGUADILLA CAMPUS       ,PR,00604-6150,Public       ,374,91,465,374,91,465
00394207,UNIVERSITY OF PUERTO RICO-ARECIBO CAMPUS,PR,00614-0000,Public       ,1119,202,1321,1119,202,1321
00394208,UNIVERSITY OF PUERTO RICO-BAYAMON CAMPUS,PR,00959-0000,Public       ,692,132,824,692,132,824
00394209,UNIVERSITY OF PUERTO RICO-CAROLINA      ,PR,00984-4800,Public       ,291,55,346,291,55,346
00394210,UNIVERSITY OF PUERTO RICO-PONCE         ,PR,00732-0000,Public       ,540,103,643,540,103,643
00394211,"UNIVERSITY OF PR, UTUADO CAMPUS         ",PR,00641-0000,Public       ,190,61,251,190,61,251
00501900,UNIV ADVENTISTA DE LAS ANTILLAS         ,PR,00681-0118,Private      ,40,21,61,40,21,61
00502200,BAYAMON CENTRAL UNIVERSITY              ,PR,00960-0000,Private      ,44,84,128,44,84,128
00890200,COLUMBIA CENTRO UNIVERSITARIO           ,PR,00726-0000,Proprietary  ,15,32,47,15,32,47
01056700,COLEGIO TECNOLOGICO DE SAN JUAN         ,PR,00918-2973,Public       ,13,25,38,13,25,38
01072400,CARLOS ALBIZU UNIVERSITY                ,PR,00902-3711,Private      ,12,95,107,12,95,107
01081900,CONSERVATORIO DE MUSICA DE PUERTO RICO  ,PR,00907-3373,Public       ,14,6,20,14,6,20
01171900,UNIVERSIDAD DEL TURABO                  ,PR,00778-0000,Private      ,610,1218,1828,610,1218,1828
01194000,ICPR JUNIOR COLLEGE                     ,PR,00919-0000,Proprietary  ,19,24,43,19,24,43
01194100,AMERICAN UNIVERSITY OF PUERTO RICO      ,PR,00960-2037,Private      ,59,84,143,59,84,143
01194101,AMERICAN UNIVERSITY OF PUERTO RICO      ,PR,00674-0000,Private      ,76,90,166,76,90,166
01252500,CARIBBEAN UNIVERSITY                    ,PR,00960-0493,Private      ,34,41,75,34,41,75
01314800,RAMIREZ COLLEGE OF BUS & TECH           ,PR,00918-0000,Proprietary  ,18,54,72,18,54,72
02063100,MBTI BUSINESS TRNG INSTITUTE            ,PR,00907-3917,Proprietary  ,36,100,136,36,100,136
02100000,POLYTECHNIC UNIVERSITY OF PR            ,PR,00917-0000,Private      ,290,217,507,290,217,507
02163300,UNIVERSIDAD CENTRAL DEL CARIBE          ,PR,00960-0000,Private      ,8,33,41,8,33,41
02165100,EDP COLLEGE OF PUERTO RICO              ,PR,00919-0000,Private      ,59,118,177,59,118,177
02166400,INSTITUTO DE BANCA Y COMERCIO           ,PR,00925-0000,Proprietary  ,1125,1639,2764,1125,1639,2764
02189100,CENTRO DE ESTUDIOS MULTIDISCIPLIN       ,PR,00926-0000,Private      ,22,19,41,22,19,41
02189300,EMMA'S BEAUTY ACADEMY                   ,PR,00680-0000,Proprietary  ,1,0,1,1,0,1
02195800,LICEO E ARTE Y TECNOLGIA                ,PR,00919-0000,Private      ,27,39,66,27,39,66
02195900,MODERN HAIRSTYLING INSTITUTE            ,PR,00980-0000,Proprietary  ,1,0,1,1,0,1
02234900,ANTILLES SCHOOL OF TECH CAREERS         ,PR,00909-0000,Proprietary  ,1,0,1,1,0,1
02241904,COMMONWEALTH OF PR DEPT OF EDUC - ITPR R,PR,00655-0000,Public       ,19,13,32,19,13,32
02241905,COMMONWEALTH OF PR DEPT OF EDUC - JOSE A,PR,00674-0000,Public       ,124,25,149,124,25,149
02241907,COMMONWEALTH OF PR DEPT OF EDUC - ITPR R,PR,00928-0000,Public       ,10,7,17,10,7,17
02241908,COMMONWEALTH OF PR DEPT OF EDUC - ITPR R,PR,00732-0000,Public       ,53,34,87,53,34,87
02241909,COMMONWEALTH OF PR DEPT OF EDUC - TROQUE,PR,00959-0000,Public       ,1,1,2,1,1,2
02260600,NATIONAL COLLEGE OF BUSINESS & TECH     ,PR,00960-2036,Proprietary  ,423,621,1044,423,621,1044
02260601,NATIONAL COLLEGE OF BUSINESS & TECHNOLOG,PR,00612-0000,Proprietary  ,9,6,15,9,6,15
02260602,NATIONAL COLLEGE OF BUSINESS & TECHNOLOG,PR,00745-9903,Proprietary  ,3,4,7,3,4,7
02260800,HUERTAS JUNIOR COLLEGE                  ,PR,00726-0000,Proprietary  ,3,1,4,3,1,4
02297700,AUTOMECA TECHNICAL COLLEGE              ,PR,00957-0000,Proprietary  ,32,24,56,32,24,56
02303800,AMERICAN EDUCATIONAL COLLEGE            ,PR,00961-0000,Proprietary  ,1,1,2,1,1,2
02335500,COLEGIO BIBLICO PENTECOSTAL DE PR       ,PR,00978-0000,Private      ,0,1,1,0,1,1
02340600,HUMACAO COMMUNITY COLLEGE               ,PR,00792-0000,Private      ,1,1,2,1,1,2
02343600,INSTITUTE OF BEAUTY CAREERS             ,PR,00613-0000,Proprietary  ,1,0,1,1,0,1
02482400,PONCE SCHOOL OF MEDICINE                ,PR,00716-2347,Private      ,1,108,109,1,108,109
02502400,SERBIA'S SCHOOL OF BEAUTY CULTURE       ,PR,00785-0000,Proprietary  ,20,56,76,20,56,76
02505400,ATLANTIC COLLEGE                        ,PR,00970-0000,Private      ,25,13,38,25,13,38
02534900,PONCE PARAMEDICAL COLLEGE (POPAC)       ,PR,00731-0000,Proprietary  ,124,88,212,124,88,212
02549700,ACADEMIA MAISON D'ESTHETIQUE            ,PR,00907-0000,Proprietary  ,3,9,12,3,9,12
02552300,COLEGIO MAYOR DE TECHNOLOGIA            ,PR,00714-0000,Proprietary  ,16,51,67,16,51,67
02562500,INTERNATIONAL TECHNICAL COLLEGE         ,PR,00918-0000,Proprietary  ,4,2,6,4,2,6
02563500,ROGIES SCHOOL OF BEAUTY CULTURE         ,PR,00910-0000,Proprietary  ,3,0,3,3,0,3
02566800,PUERTO RICO TECH JUNIOR COLLEGE         ,PR,00917-0000,Proprietary  ,3,1,4,3,1,4
02569400,ESCUELA DE ARTES PLASTICAS              ,PR,00902-1112,Public       ,51,23,74,51,23,74
02570400,EDUCATIONAL TECHNICAL COLLEGE           ,PR,00925-3404,Proprietary  ,3,21,24,3,21,24
02576100,ESCUELA TECNICA DE ELECTRICIDAD         ,PR,00731-0000,Proprietary  ,24,26,50,24,26,50
02587500,UNIVERSIDAD METROPOLITANA               ,PR,00928-0000,Private      ,321,494,815,321,494,815
02588600,SEMINARIO EVANGELICO DE PUERTO RICO     ,PR,00925-0000,Private      ,0,5,5,0,5,5
02593700,HISPANIC AMERICAN COLLEGE               ,PR,00725-0000,Proprietary  ,1,1,2,1,1,2
02611100,INSTITUTO MERLIX                        ,PR,00961-0000,Proprietary  ,1,0,1,1,0,1
03021900,EDIC COLLEGE                            ,PR,00726-0000,Proprietary  ,0,1,1,0,1,1
03025500,MECH TECH COLLEGE                       ,PR,00725-6118,Proprietary  ,427,120,547,427,120,547
03025900,"LICEO DE ARTE, DISENOS Y COMERCIO       ",PR,00726-0000,Proprietary  ,3,6,9,3,6,9
03029700,"UNIVERSAL TECHNOLOGY CLG OF PR, INC     ",PR,00605-1955,Private      ,79,219,298,79,219,298
03070500,D'MART INSTITUTE                        ,PR,00794-3517,Proprietary  ,144,218,362,144,218,362
03075600,EMMA'S BEAUTY ACADEMY                   ,PR,00795-0000,Proprietary  ,2,0,2,2,0,2
03085700,PROFESSIONAL TECHNICAL INSTITUTION      ,PR,00960-7061,Proprietary  ,1,1,2,1,1,2
03104400,PROFESSIONAL ELECTRIC SCHOOL            ,PR,00674-1797,Proprietary  ,2,4,6,2,4,6
03112100,JOHN DEWEY COLLEGE                      ,PR,00915-9538,Private      ,2,5,7,2,5,7
03112101,JOHN DEWEY COLLEGE                      ,PR,00986-0000,Private      ,2,2,4,2,2,4
03112102,JOHN DEWEY COLLEGE-BAYAMON CAMPUS       ,PR,00959-0000,Private      ,2,2,4,2,2,4
03112105,JOHN DEWEY COLLEGE - FAJARDO BRANCH     ,PR,00738-0738,Private      ,2,3,5,2,3,5
03112106,JOHN DEWEY COLLEGE - ARROYO BRANCH      ,PR,00714-0714,Private      ,4,39,43,4,39,43
03112107,JOHN DEWEY COLLEGE - JUANA DIAZ BRANCH  ,PR,00795-0000,Private      ,43,74,117,43,74,117
03115900,TRINITY COLLEGE OF PUERTO RICO          ,PR,00734-0000,Private      ,1,0,1,1,0,1
03122500,ACADEMIA SERRANT INC.                   ,PR,00717-1568,Proprietary  ,3,3,6,3,3,6
03123100,GLOBELLE TECHNICAL INSTITUTE            ,PR,00693-4218,Proprietary  ,0,3,3,0,3,3
03124200,NOVA COLLEGE DE PUERTO RICO             ,PR,00960-4016,Proprietary  ,2,0,2,2,0,2
03142300,ACADEMIA VOCATIONAL DEL TURABO          ,PR,00725-3657,Proprietary  ,3,1,4,3,1,4
03157600,"COLEGIO DE CINEMATOGRAFIA, ARTES Y TELEV",PR,00961-6345,Proprietary  ,2,1,3,2,1,3
03177300,SAN JUAN BAUTISTA SCH OF MEDICINE       ,PR,00726-0000,Private      ,0,31,31,0,31,31
03326300,UNIVERSAL CAREER COMMUNITY COLLEGE      ,PR,00907-0000,Proprietary  ,2,5,7,2,5,7
03336300,CENTURY COLLEGE                         ,PR,00603-4802,Proprietary  ,2,5,7,2,5,7
03452300,INSTITUTO PRE-VOCACIONAL E INDUSTRI     ,PR,00613-1800,Private      ,1,0,1,1,0,1
03461400,POLITEC INSTITUTE                       ,PR,00732-0000,Proprietary  ,1,1,2,1,1,2
03469300,IVAEM COLLEGE                           ,PR,00725-0000,Proprietary  ,17,9,26,17,9,26
03544300,ATENAS COLLEGE                          ,PR,00674-0000,Private      ,40,133,173,40,133,173
03608300,CARIBBEAN FORENSIC & TECHNICAL COLL     ,PR,00926-0000,Proprietary  ,1,3,4,1,3,4
03735400,"CHARLIES GUARD,DETECTIVE BUREAU&ACA     ",PR,00605-0000,Proprietary  ,0,1,1,0,1,1
03751300,ESCUELA HOTELERA DE SAN JUAN            ,PR,00917-0091,Proprietary  ,32,10,42,32,10,42
03758300,BAYAMON COMMUNITY COLLEGE               ,PR,00960-0000,Proprietary  ,2,0,2,2,0,2
03785300,J.G. GUAYNABO TECHNICAL COLLEGE         ,PR,00960-0000,Proprietary  ,1,0,1,1,0,1
03800300,COLEGIO TECNICO DE ELECTRICIDAD GALLOSA ,PR,00602-0000,Proprietary  ,0,2,2,0,2,2
03800400,INSTITUTE OF BEAUTY OCCUPATIONS AND TECH,PR,00676-5071,Proprietary  ,2,5,7,2,5,7
00394600,UNIVERSITY OF THE VIRGIN ISLANDS        ,VI,00802-6000,Public       ,399,194,593,399,194,593
00394601,UNIV OF THE VIRGIN ISLANDS-ST CROIX     ,VI,00850-0000,Public       ,143,163,306,143,163,306
00667700,MCGILL UNIVERSITY                       ,CN,00000-0000,Public       ,1042,205,1247,1042,205,1247
00667900,QUEEN'S UNIVERSITY AT KINGSTON          ,CN,00000-0000,Public       ,63,14,77,63,14,77
00668100,ST FRANCIS XAVIER UNIVERSITY            ,CN,00000-0000,Public       ,19,0,19,19,0,19
00668200,ST THOMAS UNIVERSITY                    ,CN,00000-0000,Public       ,10,1,11,10,1,11
00668300,UNIVERSITY OF GUELPH                    ,CN,00000-0000,Public       ,20,13,33,20,13,33
00668400,UNIVERSITY OF MANITOBA                  ,CN,00000-0000,Public       ,17,8,25,17,8,25
00668500,UNIVERSITY OF NEW BRUNSWICK (THE)       ,CN,00000-0000,Public       ,7,6,13,7,6,13
00668600,UNIVERSITY OF OTTAWA                    ,CN,00000-0000,Public       ,24,15,39,24,15,39
00668800,UNIVERSITY OF TORONTO                   ,CN,00000-0000,Public       ,134,191,325,134,191,325
00668900,UNIVERSITY OF WINDSOR                   ,CN,00000-0000,Public       ,11,18,29,11,18,29
00683700,UNIVERSITE LAVAL                        ,CN,00000-0000,Public       ,2,7,9,2,7,9
00683800,DALHOUSIE UNIVERSITY                    ,CN,00000-0000,Public       ,61,24,85,61,24,85
00685200,BISHOP'S UNIVERSITY                     ,CN,00000-0000,Private      ,13,2,15,13,2,15
00685300,MCMASTER UNIVERSITY                     ,CN,00000-0000,Public       ,16,11,27,16,11,27
00767900,YORK UNIVERSITY                         ,CN,00000-0000,Public       ,62,44,106,62,44,106
00787400,UNIVERSITY AT CALGARY (THE)             ,CN,00000-0000,Public       ,10,15,25,10,15,25
00814800,UNIVERSITY OF WINNIPEG                  ,CN,00000-0000,Public       ,3,3,6,3,3,6
00836200,UNIVERSITY OF ALBERTA (THE)             ,CN,00000-0000,Public       ,12,27,39,12,27,39
00836300,MOUNT SAINT VINCENT UNIVERSITY          ,CN,00000-0000,Private      ,1,1,2,1,1,2
00836400,SAINT MARY'S UNIVERSITY                 ,CN,00000-0000,Public       ,11,2,13,11,2,13
00836500,CONCORDIA UNIVERSITY - SIR GEORGE W     ,CN,00000-0000,Public       ,113,60,173,113,60,173
00836600,UNIVERSITE DE MONTREAL                  ,CN,00000-0000,Public       ,8,14,22,8,14,22
00836800,CARLETON UNIVERSITY                     ,CN,00000-0000,Public       ,25,11,36,25,11,36
00836900,UNIVERSITY OF BRITISH COLUMBIA          ,CN,00000-0000,Public       ,369,230,599,369,230,599
00837000,"SAFA, UNIVERSITY OF VICTORIA            ",CN,00000-0000,Public       ,49,26,75,49,26,75
00844400,SIMON FRASER UNIVERSITY                 ,CN,00000-0000,Public       ,49,38,87,49,38,87
00844600,UNIVERSITY OF WESTERN ONTARIO (THE)     ,CN,00000-0000,Public       ,12,19,31,12,19,31
00844800,UNIVERSITY OF REGINA                    ,CN,00000-0000,Public       ,2,2,4,2,2,4
00844900,ACADIA UNIVERSITY                       ,CN,00000-0000,Public       ,40,2,42,40,2,42
00852600,UNIVERSITY OF WATERLOO                  ,CN,00000-0000,Public       ,15,12,27,15,12,27
00858200,WILFRID LAURIER UNIVERSITY              ,CN,00000-0000,Public       ,5,3,8,5,3,8
00874200,UNIVERSITE DE SHERBROOKE                ,CN,00000-0000,Private      ,1,0,1,1,0,1
00891300,LAKEHEAD UNIVERSITY                     ,CN,00000-0000,Public       ,0,2,2,0,2,2
00918000,LAURENTIAN UNIVERSITY OF SUDBURY        ,CN,00000-0000,Public       ,1,1,2,1,1,2
00925200,BROCK UNIVERSITY                        ,CN,00000-0000,Public       ,5,6,11,5,6,11
00936700,UNIVERSITY OF PRINCE EDWARD ISLAND      ,CN,00000-0000,Public       ,6,39,45,6,39,45
00942100,BRANDON UNIVERSITY                      ,CN,00000-0000,Public       ,1,1,2,1,1,2
00948600,TRINITY WESTERN UNIVERSITY              ,CN,00000-0000,Private      ,187,19,206,187,19,206
00950000,MEMORIAL UNIVERSITY OF NEWFOUNDLAND     ,CN,00000-0000,Public       ,7,8,15,7,8,15
00950100,UNIVERSITY OF KING'S COLLEGE            ,CN,00000-0000,Public       ,9,1,10,9,1,10
00950300,MOUNT ALLISON UNIVERSITY                ,CN,00000-0000,Public       ,24,0,24,24,0,24
00950500,TRENT UNIVERSITY                        ,CN,00000-0000,Public       ,5,0,5,5,0,5
00969700,LETHBRIDGE COLLEGE                      ,CN,00000-0000,Public       ,1,0,1,1,0,1
00969800,MEDICINE HAT COLLEGE                    ,CN,00000-0000,Public       ,1,0,1,1,0,1
00970100,SENECA COLG OF APPLIED ARTS & TECH      ,CN,00000-0000,Public       ,2,2,4,2,2,4
01012300,NOVA SCOTIA COLLEGE OF ART & DESIGN     ,CN,00000-0000,Public       ,8,9,17,8,9,17
01022100,SAINT PAUL UNIVERSITY                   ,CN,00000-0000,Public       ,0,3,3,0,3,3
01045800,SHERIDAN COLLEGE OF APPLIED ARTS AN     ,CN,00000-0000,Public       ,7,7,14,7,7,14
01067500,REGENT COLLEGE                          ,CN,00000-0000,Private      ,3,47,50,3,47,50
01070300,UNIVERSITY OF LETHBRIDGE                ,CN,00000-0000,Public       ,4,1,5,4,1,5
01072000,RYERSON UNIVERSITY                      ,CN,00000-0000,Public       ,20,18,38,20,18,38
01172200,BRIERCREST BIBLE COLLEGE                ,CN,00000-0000,Private      ,9,3,12,9,3,12
01221100,ALGONQUIN CLG OF APPLIED ARTS &TECH     ,CN,00000-0000,Public       ,1,2,3,1,2,3
01222800,HUMBER COLLEGE                          ,CN,00000-0000,Public       ,3,7,10,3,7,10
01227400,PROVIDENCE COLLEGE                      ,CN,00000-0000,Private      ,9,4,13,9,4,13
02102100,BETHANY BIBLE COLLEGE                   ,CN,00000-0000,Private      ,18,1,19,18,1,19
02116600,CANADIAN MEMORIAL CHIROPRACTIC COLL     ,CN,00000-0000,Private      ,0,1,1,0,1,1
02167000,PRAIRIE BIBLE INST                      ,CN,00000-0000,Private      ,11,6,17,11,6,17
02195600,LASALLE COLLEGE                         ,CN,00000-0000,Private      ,0,1,1,0,1,1
02195700,TAYLOR UNIVERSITY COLLEGE AND SEMINARY  ,CN,00000-0000,Private      ,5,1,6,5,1,6
02201100,COLUMBIA BIBLE COLLEGE                  ,CN,00000-0000,Private      ,5,1,6,5,1,6
02209700,UNIVERSITE DU QUEBEC (UNIVERSITY OF     ,CN,00000-0000,Public       ,2,5,7,2,5,7
02216400,TYNDALE COLLEGE & SEMINARY              ,CN,00000-0000,Private      ,0,2,2,0,2,2
02219000,ST. LAWRENCE COLLEGE                    ,CN,00000-0000,Public       ,3,0,3,3,0,3
02219200,UNIVERSITY OF SASKATCHEWAN              ,CN,00000-0000,Public       ,2,7,9,2,7,9
02338800,EMILY CARR UNIVERSITY OF ART AND DESIGN ,CN,00000-0000,Public       ,25,9,34,25,9,34
02354700,RED DEER COLLEGE                        ,CN,00000-0000,Public       ,1,0,1,1,0,1
02529200,AUGUSTANA UNIVERSITY COLLEGE            ,CN,00000-0000,Private      ,1,0,1,1,0,1
02577200,SALVATION ARMY WM & CATHERINE BOOTH     ,CN,00000-0000,Private      ,1,0,1,1,0,1
02592600,NEW BRUNSWICK COMMUNITY COLLEGE         ,CN,00000-0000,Public       ,1,0,1,1,0,1
02593800,CONCORDIA UNIVERSITY COLLEGE            ,CN,00000-0000,Private      ,1,0,1,1,0,1
02611900,THE KING'S UNIVERSITY COLLEGE           ,CN,00000-0000,Private      ,0,1,1,0,1,1
03033800,UNIVERSITY COLLEGE OF CAPE BRETON       ,CN,00000-0000,Public       ,3,2,5,3,2,5
03076200,COVENANT BIBLE COLLEGE                  ,CN,00000-0000,Private      ,2,0,2,2,0,2
03078300,VANCOUVER SCHOOL OF THEOLOGY            ,CN,00000-0000,Private      ,0,1,1,0,1,1
03273300,CANADIAN COLLEGE OF NATUROPATHIC ME     ,CN,00000-0000,Private      ,0,12,12,0,12,12
03298300,ALBERTA COLLEGE OF ART & DESIGN         ,CN,00000-0000,Public       ,13,3,16,13,3,16
03332500,KWANTLEN UNIVERSITY COLLEGE             ,CN,00000-0000,Public       ,2,1,3,2,1,3
03335400,CANADIAN UNIVERSITY COLLEGE             ,CN,00000-0000,Private      ,10,1,11,10,1,11
03339300,ST. STEPHENS UNIVERSITY                 ,CN,00000-0000,Private      ,0,1,1,0,1,1
03348500,REDEEMER UNIVERSITY COLLEGE             ,CN,00000-0000,Private      ,3,0,3,3,0,3
03408300,CANDIAN NAZARENE UNIVERSITY COLLEGE     ,CN,00000-0000,Private      ,1,1,2,1,1,2
03420300,HOLLAND COLLEGE                         ,CN,00000-0000,Public       ,0,2,2,0,2,2
03465300,NIPISSING UNIVERSITY                    ,CN,00000-0000,Public       ,0,1,1,0,1,1
03511300,CN CLG ACUPUNCTURE & ORIENTAL MED       ,CN,00000-0000,Private      ,0,1,1,0,1,1
03551300,INTERNATIONAL BIBLE COLLEGE             ,CN,00000-0000,Private      ,1,3,4,1,3,4
03560400,NIAGARA COLLEGE-WELLAND CAMPUS          ,CN,00000-0000,Public       ,1,1,2,1,1,2
03613300,UNIV OF NORTHERN BRITISH COLUMBIA       ,CN,00000-0000,Public       ,3,3,6,3,3,6
03711300,CAPILANO UNIVERSITY                     ,CN,00000-0000,Public       ,4,1,5,4,1,5
03846300,PACIFIC LIFE BIBLE COLLEGE              ,CN,00000-0000,Private      ,2,1,3,2,1,3
00814700,UNIVERSIDAD AUTONOMA DE GUADALAJARA     ,MX,00000-0000,Private      ,16,597,613,16,597,613
01041800,INST TEC Y DE ESTSUPER DE MONTERRE      ,MX,00000-0000,Private      ,13,23,36,13,23,36
01067600,UNIVERSIDAD DE MONTERREY                ,MX,00000-0000,Private      ,7,10,17,7,10,17
01093800,UNIVERSIDAD DE GUANAJUATO               ,MX,00000-0000,Public       ,5,7,12,5,7,12
01097600,INSTITUTO ALLENDE                       ,MX,00000-0000,Private      ,0,1,1,0,1,1
02053300,CENTRO DE ESTUDIOS UNIVERSITARIOS D     ,MX,00000-0000,Private      ,13,30,43,13,30,43
02283100,UNIVERSIDAD TECNOLOGICA DE MEXICO       ,MX,00000-0000,Proprietary  ,10,14,24,10,14,24
01001000,AMERICAN SAMOA CMNTY COLLEGE            ,AS,96799-2609,Public       ,149,50,199,149,50,199
01034300,COLLEGE OF MICRONESIA - FSM             ,FM,96941-0159,Public       ,267,38,305,267,38,305
01100900,PALAU COMMUNITY COLLEGE                 ,PW,96940-0009,Public       ,368,130,498,368,130,498
03022400,COLLEGE OF THE MARSHALL ISLANDS         ,MH,96960-1258,Public       ,31,12,43,31,12,43
03033000,NORTHERN MARIANAS COLLEGE               ,MP,96950-0000,Public       ,8,22,30,8,22,30
