OPE ID,School,State,Zip Code,School Type,20082009Qtr1_Dependent Students,20082009Qtr1_Independent Students,Quarterly Total,YTD_20082009Qtr1_Dependent Students,YTD_20082009Qtr1_Independent Students,Award Year To Date Total
00100200,ALABAMA AGRCLTL & MECHL UNIV            ,AL,35762-1357,Public       ,2377,791,3168,2377,791,3168
00100300,FAULKNER UNIVERSITY                     ,AL,36109-3398,Private      ,452,752,1204,452,752,1204
00100400,UNIVERSITY OF MONTEVALLO                ,AL,35115-6000,Public       ,719,301,1020,719,301,1020
00100500,ALABAMA STATE UNIVERSITY                ,AL,36101-0000,Public       ,3291,1015,4306,3291,1015,4306
00100700,CENTRAL ALABAMA COMMUNITY COLLEGE       ,AL,35011-0000,Public       ,268,254,522,268,254,522
00100800,ATHENS STATE UNIVERSITY                 ,AL,35611-1999,Public       ,153,602,755,153,602,755
00100900,AUBURN UNIVERSITY                       ,AL,36849-5113,Public       ,7877,1777,9654,7877,1777,9654
00101200,BIRMINGHAM SOUTHERN COLLEGE             ,AL,35254-0002,Private      ,947,63,1010,947,63,1010
00101300,CALHOUN COMMUNITY COLLEGE               ,AL,35609-2216,Public       ,1036,1197,2233,1036,1197,2233
00101500,ENTERPRISE-OZARK COMMUNITY COLLEGE      ,AL,36331-1300,Public       ,245,258,503,245,258,503
00101600,UNIVERSITY OF NORTH ALABAMA             ,AL,35632-0001,Public       ,1429,508,1937,1429,508,1937
00101700,GADSDEN STATE COMMUNITY COLLEGE         ,AL,35903-2269,Public       ,628,755,1383,628,755,1383
00101800,GEORGE C WALLACE COMMUNITY COLLEGE      ,AL,36303-0943,Public       ,305,519,824,305,519,824
00101900,HUNTINGDON COLLEGE                      ,AL,36106-2148,Private      ,508,102,610,508,102,610
00102000,JACKSONVILLE STATE UNIVERSITY           ,AL,36265-1602,Public       ,2189,1166,3355,2189,1166,3355
00102100,JEFFERSON DAVIS COMMUNITY COLLEGE       ,AL,36427-2790,Public       ,100,117,217,100,117,217
00102200,JEFFERSON STATE COMMUNITY COLLEGE       ,AL,35215-3098,Public       ,692,1127,1819,692,1127,1819
00102300,JUDSON COLLEGE                          ,AL,36756-2504,Private      ,132,31,163,132,31,163
00102400,UNIVERSITY OF WEST ALABAMA              ,AL,35470-0000,Public       ,657,945,1602,657,945,1602
00102600,MARION MILITARY INSTITUTE               ,AL,36756-3214,Public       ,102,8,110,102,8,110
00102800,MILES COLLEGE                           ,AL,35064-2697,Private      ,673,260,933,673,260,933
00102900,UNIVERSITY OF MOBILE                    ,AL,36663-0220,Private      ,603,356,959,603,356,959
00103000,BISHOP STATE COMMUNITY COLLEGE          ,AL,36603-5898,Public       ,230,508,738,230,508,738
00103001,BISHOP STATE COMM COLG-CARVER CMPS      ,AL,36617-0000,Public       ,17,39,56,17,39,56
00103002,BISHOP STAT COMM CLG-SW CMPS            ,AL,36605-0000,Public       ,16,25,41,16,25,41
00103100,NORTHEAST ALABAMA STATE CMNTY COLG      ,AL,35986-0159,Public       ,207,193,400,207,193,400
00103300,OAKWOOD COLLEGE                         ,AL,35896-0001,Private      ,598,186,784,598,186,784
00103400,ALABAMA SOUTHERN COMMUNITY COLLEGE      ,AL,36460-5698,Public       ,188,152,340,188,152,340
00103600,SAMFORD UNIVERSITY                      ,AL,35229-7000,Private      ,1926,1178,3104,1926,1178,3104
00103800,SNEAD STATE COMMUNITY COLLEGE           ,AL,35957-0734,Public       ,281,327,608,281,327,608
00104000,SOUTHERN UNION STATE COMMUNITY CLG      ,AL,36276-0000,Public       ,591,451,1042,591,451,1042
00104100,SPRING HILL COLLEGE                     ,AL,36608-1791,Private      ,1096,170,1266,1096,170,1266
00104400,STILLMAN COLLEGE                        ,AL,35403-1430,Private      ,1059,138,1197,1059,138,1197
00104600,TALLADEGA COLLEGE                       ,AL,35160-2354,Private      ,134,48,182,134,48,182
00104700,TROY STATE UNIVERSITY                   ,AL,36082-0001,Public       ,2418,4722,7140,2418,4722,7140
00105000,TUSKEGEE UNIVERSITY                     ,AL,36088-1645,Private      ,2877,464,3341,2877,464,3341
00105100,UNIVERSITY OF ALABAMA (THE)             ,AL,35487-0120,Public       ,7386,2505,9891,7386,2505,9891
00105200,UNIVERSITY OF ALABAMA AT BIRMINGHAM     ,AL,35294-1150,Public       ,3131,2608,5739,3131,2608,5739
00105500,UNIVERSITY OF ALABAMA IN HUNTSVILLE     ,AL,35899-0001,Public       ,1615,805,2420,1615,805,2420
00105700,UNIVERSITY OF SOUTH ALABAMA             ,AL,36688-0002,Public       ,1906,1910,3816,1906,1910,3816
00105900,LAWSON STATE COMMUNITY COLLEGE          ,AL,35221-1798,Public       ,326,536,862,326,536,862
00105901,LAWSON STATE COMMUNITY COLLEGE - BESSEME,AL,35021-0308,Public       ,74,127,201,74,127,201
00106000,FAULKNER STATE COMMUNITY COLLEGE        ,AL,36507-2698,Public       ,425,411,836,425,411,836
00526000,J.F. DRAKE STATE TECH COLLEGE           ,AL,35811-1584,Public       ,61,190,251,61,190,251
00569100,SHELTON STATE COMMUNITY CLG             ,AL,35405-4017,Public       ,696,468,1164,696,468,1164
00569200,REID STATE TECHNICAL COLLEGE            ,AL,36401-0000,Public       ,29,49,78,29,49,78
00569700,NORTHWEST- SHOALS COMMUNITY COLLEGE     ,AL,35661-0000,Public       ,383,326,709,383,326,709
00569702,NORTHWEST-SHOALS C.C.-PHIL CAMPBELL     ,AL,35581-0000,Public       ,69,34,103,69,34,103
00569900,GEORGE C WALLACE STATE CMTY COLLEGE     ,AL,36703-0000,Public       ,159,244,403,159,244,403
00573300,BEVILL STATE CMTY COLLEGE-WALKER        ,AL,35148-0000,Public       ,257,309,566,257,309,566
00573301,BEVILL STATE COMMUNITY COLLEGE - FAYETTE,AL,35555-0000,Public       ,140,125,265,140,125,265
00573302,BEVILL STATE CMTY CLG-HAMILTON CAMP     ,AL,35570-0000,Public       ,44,45,89,44,45,89
00573305,BEVILL STATE CMTY CLG-WALKER CLG        ,AL,35501-0000,Public       ,83,97,180,83,97,180
00573400,H. COUNCILL TRENHOLM STATE TECH COLLEGE ,AL,36108-0020,Public       ,53,163,216,53,163,216
00573401,H. C. TRENHOLM ST TECH COL-PATTERSON CAM,AL,36116-2612,Public       ,42,78,120,42,78,120
00787100,GEORGE C WALLACE STATE CMTY CLG         ,AL,35077-2000,Public       ,560,583,1143,560,583,1143
00831000,AUBURN UNIVERSITY-MONTGOMERY            ,AL,36124-0000,Public       ,973,866,1839,973,866,1839
00898800,LURLEEN B WALLACE COMMUNITY COLLEGE     ,AL,36420-0418,Public       ,160,168,328,160,168,328
01019300,HERZING COLLEGE                         ,AL,35209-4816,Proprietary  ,25,166,191,25,166,191
01055400,CONCORDIA COLLEGE                       ,AL,36701-3323,Private      ,92,49,141,92,49,141
01218200,CHATTAHOOCHEE VALLEY CMTY CLG           ,AL,36869-7917,Public       ,118,239,357,118,239,357
01303906,SOUTH UNIVERSITY - MONTGOMERY           ,AL,36116-1120,Proprietary  ,34,171,205,34,171,205
02170600,UNITED STATES SPORTS ACADEMY            ,AL,36526-7055,Private      ,11,146,157,11,146,157
02199700,HERITAGE CHRISTIAN UNIVERSITY           ,AL,35630-0000,Private      ,4,6,10,4,6,10
02270400,SOUTHEASTERN BIBLE COLLEGE              ,AL,35244-2083,Private      ,32,29,61,32,29,61
02296000,PRINCE INSTITUTE OF PROFESSIONAL STUDIES,AL,36117-0000,Proprietary  ,2,17,19,2,17,19
02341000,FORTIS COLLEGE                          ,AL,36609-0000,Proprietary  ,10,26,36,10,26,36
02341002,CAPPS COLLEGE - MONTGOMERY              ,AL,36109-3624,Proprietary  ,3,34,37,3,34,37
02341004,FORTIS COLLEGE - SCHOOL OF COSMETOLOGY  ,AL,36609-1981,Proprietary  ,0,2,2,0,2,2
02503400,AMRIDGE UNIVERSITY                      ,AL,36124-0000,Private      ,8,136,144,8,136,144
02605500,REMINGTON COLLEGE - MOBILE CAMPUS       ,AL,36609-5593,Proprietary  ,32,253,285,32,253,285
03010600,VIRGINIA COLLEGE                        ,AL,35209-5154,Proprietary  ,168,2413,2581,168,2413,2581
03010602,VIRGINIA COLLEGE - HUNTSVILLE           ,AL,35805-0000,Proprietary  ,18,68,86,18,68,86
03010605,VA COLG TECHNICAL AT PELHAM             ,AL,35124-0000,Proprietary  ,2,7,9,2,7,9
03010607,VIRGINIA COLLEGE - MOBILE               ,AL,36606-4748,Proprietary  ,7,32,39,7,32,39
03032500,ALABAMA STATE CLG BARBER STYLING        ,AL,35215-8308,Proprietary  ,8,7,15,8,7,15
03361400,FORTIS COLLEGE                          ,AL,36535-3547,Proprietary  ,3,4,7,3,4,7
03459300,SOUTHEASTERN SCHOOL OF COSMETOLOGY      ,AL,35228-0000,Private      ,3,11,14,3,11,14
03783300,BLUE CLIFF CAREER COLLEGE               ,AL,63306-4749,Proprietary  ,7,24,31,7,24,31
03894300,HUNTSVILLE BIBLE COLLEGE                ,AL,35811-0000,Private      ,3,14,17,3,14,17
04067300,SELMA UNIVERSITY                        ,AL,36701-0000,Private      ,6,7,13,6,7,13
04116500,MIMI'S BEAUTY ACADEMY OF COSMETOLOGY    ,AL,35810-3453,Proprietary  ,1,9,10,1,9,10
04121500,COLUMBIA SOUTHERN UNIVERSITY            ,AL,36561-3815,Proprietary  ,3,62,65,3,62,65
04125200,TONI LOVE'S COSMETOLOGY TRAINING CENTER ,AL,35474-0005,Proprietary  ,0,4,4,0,4,4
00111100,ALLAN HANCOCK COLLEGE                   ,CA,93454-6399,Public       ,1325,953,2278,1325,953,2278
00111300,ANTELOPE VALLEY COLLEGE                 ,CA,93536-5426,Public       ,1780,1826,3606,1780,1826,3606
00111600,ART CENTER COLLEGE OF DESIGN            ,CA,91103-1999,Private      ,882,780,1662,882,780,1662
00111700,AZUSA PACIFIC UNIVERSITY                ,CA,91702-7000,Private      ,4800,2012,6812,4800,2012,6812
00111800,BAKERSFIELD COLLEGE                     ,CA,93305-1299,Public       ,4033,2740,6773,4033,2740,6773
00111900,BARSTOW COMMUNITY COLLEGE               ,CA,92311-6608,Public       ,88,326,414,88,326,414
00112000,AMER BAPT SEM OF THE WEST-BERKELEY      ,CA,94704-0000,Private      ,2,22,24,2,22,24
00112100,BETHANY UNIVERSITY /  ASSEMBLIES OF GOD ,CA,95066-2896,Private      ,285,127,412,285,127,412
00112200,BIOLA UNIVERSITY                        ,CA,90639-0001,Private      ,3775,913,4688,3775,913,4688
00112300,BROOKS INSTITUTE                        ,CA,93103-1809,Proprietary  ,725,315,1040,725,315,1040
00112400,CABRILLO COLLEGE                        ,CA,95003-3194,Public       ,1588,1499,3087,1588,1499,3087
00112500,CALIFORNIA BAPTIST UNIVERSITY           ,CA,92504-3297,Private      ,2544,937,3481,2544,937,3481
00112700,CALIFORNIA COLLEGE OF THE ARTS          ,CA,94107-2206,Private      ,1165,896,2061,1165,896,2061
00113100,CALIFORNIA INSTITUTE OF TECHNOLOGY      ,CA,91125-0001,Private      ,2261,272,2533,2261,272,2533
00113200,CALIFORNIA INSTITUTE OF THE ARTS        ,CA,91355-2397,Private      ,1299,1069,2368,1299,1069,2368
00113300,CALIFORNIA LUTHERAN UNIVERSITY          ,CA,91360-2787,Private      ,2186,527,2713,2186,527,2713
00113400,CALIFORNIA MARITIME ACADEMY             ,CA,94590-8181,Public       ,485,142,627,485,142,627
00113700,CALIF STATE UNIV-FULLERTON              ,CA,92831-3599,Public       ,26326,8254,34580,26326,8254,34580
00113800,"CALIFORNIA STATE UNIVERSITY, EAST BAY   ",CA,94542-3000,Public       ,6360,4846,11206,6360,4846,11206
00113900,CALIF STATE UNIV-LONG BEACH             ,CA,90840-0006,Public       ,31878,10837,42715,31878,10837,42715
00114000,CALIF STATE UNIV-LOS ANGELES            ,CA,90032-4226,Public       ,17581,9203,26784,17581,9203,26784
00114100,"CALIF STATE UNIV, DOMINGUEZ HILLS       ",CA,90747-0001,Public       ,8070,4730,12800,8070,4730,12800
00114200,CALIF STATE UNIV SAN BERNARDINO         ,CA,92407-2397,Public       ,10724,5766,16490,10724,5766,16490
00114300,CAL POLY STATE UNIVERSITY               ,CA,93407-0001,Public       ,22280,2158,24438,22280,2158,24438
00114400,CALIF STATE POLYTECHNIC UNIV POMONA     ,CA,91768-2500,Public       ,18022,4376,22398,18022,4376,22398
00114600,CALIF STATE UNIV - CHICO                ,CA,95929-0001,Public       ,11198,3094,14292,11198,3094,14292
00114700,CALIF STATE UNIV - FRESNO               ,CA,93740-8026,Public       ,14324,5691,20015,14324,5691,20015
00114900,HUMBOLDT STATE UNIVERSITY               ,CA,95521-8299,Public       ,7036,2341,9377,7036,2341,9377
00115000,CALIF STATE UNIV-SACRAMENTO             ,CA,95819-6044,Public       ,16549,8556,25105,16549,8556,25105
00115100,SAN DIEGO STATE UNIVERSITY              ,CA,92182-1690,Public       ,31138,8266,39404,31138,8266,39404
00115300,CALIF STATE UNIV-NORTHRIDGE             ,CA,91330-8307,Public       ,22651,9593,32244,22651,9593,32244
00115400,SAN FRANCISCO STATE UNIVERSITY          ,CA,94132-1740,Public       ,22447,10808,33255,22447,10808,33255
00115500,SAN JOSE STATE UNIVERSITY               ,CA,95192-0036,Public       ,18929,7807,26736,18929,7807,26736
00115600,SONOMA STATE UNIVERSITY                 ,CA,94928-3609,Public       ,6962,1919,8881,6962,1919,8881
00115700,CALIF STATE UNIV-STANISLAUS             ,CA,95382-0299,Public       ,5398,2885,8283,5398,2885,8283
00115800,UNITED STATES INTERNATIONAL UNIV        ,CA,92131-1799,Private      ,5,135,140,5,135,140
00116100,CERRITOS COLLEGE                        ,CA,90650-6296,Public       ,4810,2291,7101,4810,2291,7101
00116200,CHABOT COLLEGE                          ,CA,94545-2400,Public       ,1759,1369,3128,1759,1369,3128
00116300,CHAFFEY COLLEGE                         ,CA,91737-9400,Public       ,3460,2895,6355,3460,2895,6355
00116400,CHAPMAN UNIVERSITY                      ,CA,92866-1099,Private      ,4831,3154,7985,4831,3154,7985
00116453,CHAPMAN UNIVERSITY SCHOOL OF LAW        ,CA,92866-0000,Private      ,97,1538,1635,97,1538,1635
00116500,CHURCH DIV SCH OF THE PACIFIC           ,CA,94709-0000,Private      ,0,58,58,0,58,58
00116600,CITRUS COLLEGE                          ,CA,91741-1899,Public       ,2678,1337,4015,2678,1337,4015
00116900,CLAREMONT GRADUATE UNIVERSITY           ,CA,91711-0000,Private      ,10,896,906,10,896,906
00117000,CLAREMONT MCKENNA COLLEGE               ,CA,91711-6400,Private      ,2475,58,2533,2475,58,2533
00117100,HARVEY MUDD COLLEGE                     ,CA,91711-5990,Private      ,1709,16,1725,1709,16,1725
00117200,PITZER COLLEGE                          ,CA,91711-6101,Private      ,2483,79,2562,2483,79,2562
00117300,POMONA COLLEGE                          ,CA,91711-6301,Private      ,3453,45,3498,3453,45,3498
00117400,SCRIPPS COLLEGE                         ,CA,91711-3948,Private      ,1329,29,1358,1329,29,1358
00117600,WEST HILLS COMMUNITY COLLEGE            ,CA,93210-1399,Public       ,687,338,1025,687,338,1025
00117700,COGSWELL POLYTECHNICAL COLLEGE          ,CA,94089-1210,Private      ,97,25,122,97,25,122
00117800,COLLEGE OF MARIN                        ,CA,94904-2590,Public       ,302,499,801,302,499,801
00117801,COLG OF MARIN-INDIAN VALLEY CMPS        ,CA,94949-0000,Public       ,11,20,31,11,20,31
00117900,NOTRE DAME DE NAMUR UNIVERSITY          ,CA,94002-1997,Private      ,557,259,816,557,259,816
00118100,COLLEGE OF SAN MATEO                    ,CA,94402-3784,Public       ,846,539,1385,846,539,1385
00118200,COLLEGE OF THE DESERT                   ,CA,92260-9305,Public       ,1429,812,2241,1429,812,2241
00118300,HOLY NAMES UNIVERSITY                   ,CA,94619-1699,Private      ,414,239,653,414,239,653
00118500,COLLEGE OF THE REDWOODS                 ,CA,95501-9300,Public       ,1052,1134,2186,1052,1134,2186
00118600,COLLEGE OF THE SEQUOIAS                 ,CA,93277-2234,Public       ,2515,1752,4267,2515,1752,4267
00118700,COLLEGE OF THE SISKIYOUS                ,CA,96094-2899,Public       ,432,283,715,432,283,715
00118701,COLLEGE OF THE SISKIYOUS - YREKA CENTER ,CA,96097-9538,Public       ,17,15,32,17,15,32
00119000,CONTRA COSTA COLLEGE                    ,CA,94806-3195,Public       ,652,634,1286,652,634,1286
00119100,DIABLO VALLEY COLLEGE                   ,CA,94523-1544,Public       ,1804,1108,2912,1804,1108,2912
00119200,CUESTA COLLEGE                          ,CA,93403-8106,Public       ,1662,787,2449,1662,787,2449
00119300,CYPRESS COLLEGE                         ,CA,90630-5897,Public       ,2363,1394,3757,2363,1394,3757
00119600,DOMINICAN UNIVERSITY OF CALIFORNIA      ,CA,94901-2298,Private      ,1876,546,2422,1876,546,2422
00119700,EL CAMINO COLLEGE                       ,CA,90506-0002,Public       ,3837,2324,6161,3837,2324,6161
00119701,COMPTON COMMUNITY COLLEGE               ,CA,90221-5393,Public       ,372,558,930,372,558,930
00119900,FOOTHILL COLLEGE                        ,CA,94022-4597,Public       ,731,699,1430,731,699,1430
00120000,FULLER THEOLOGICAL SEMINARY             ,CA,91182-0000,Private      ,3,1318,1321,3,1318,1321
00120100,FULLERTON COLLEGE                       ,CA,92832-2095,Public       ,3592,1412,5004,3592,1412,5004
00120200,GAVILAN COLLEGE                         ,CA,95020-9599,Public       ,523,320,843,523,320,843
00120300,GLENDALE COMMUNITY COLLEGE              ,CA,91208-2894,Public       ,2723,1484,4207,2723,1484,4207
00120400,GOLDEN GATE BAPT THEOL SEMINARY         ,CA,94941-0000,Private      ,0,24,24,0,24,24
00120500,GOLDEN GATE UNIVERSITY                  ,CA,94105-2967,Private      ,41,1868,1909,41,1868,1909
00120600,GOLDEN WEST COLLEGE                     ,CA,92647-2748,Public       ,2637,1363,4000,2637,1363,4000
00120700,GRADUATE THEOLOGICAL UNION              ,CA,94709-0000,Private      ,1,289,290,1,289,290
00120800,GROSSMONT COLLEGE                       ,CA,92020-1798,Public       ,2452,1652,4104,2452,1652,4104
00120900,HARTNELL COMMUNITY COLLEGE              ,CA,93901-1697,Public       ,812,475,1287,812,475,1287
00121200,HUMPHREYS COLLEGE                       ,CA,95207-3896,Private      ,95,307,402,95,307,402
00121400,IMPERIAL VALLEY COLLEGE                 ,CA,92251-9787,Public       ,1444,519,1963,1444,519,1963
00121500,LA SIERRA UNIVERSITY                    ,CA,92515-3332,Private      ,1072,264,1336,1072,264,1336
00121600,UNIVERSITY OF LA VERNE                  ,CA,91750-4443,Private      ,1916,2897,4813,1916,2897,4813
00121700,LASSEN COLLEGE                          ,CA,96130-3000,Public       ,117,126,243,117,126,243
00121800,LOMA LINDA UNIVERSITY                   ,CA,92350-0001,Private      ,458,2671,3129,458,2671,3129
00121900,LONG BEACH CITY COLLEGE                 ,CA,90808-1780,Public       ,4629,3192,7821,4629,3192,7821
00122000,MASTER'S COLLEGE & SEMINARY (THE)       ,CA,91321-1200,Private      ,864,158,1022,864,158,1022
00122300,LOS ANGELES CITY COLLEGE                ,CA,90029-3588,Public       ,2127,2715,4842,2127,2715,4842
00122400,LOS ANGELES HARBOR COLLEGE              ,CA,90744-2397,Public       ,1082,1016,2098,1082,1016,2098
00122600,LOS ANGELES PIERCE COLLEGE              ,CA,91371-0001,Public       ,3332,1715,5047,3332,1715,5047
00122700,LOS ANGELES TRADE TECH COLLEGE          ,CA,90015-4181,Public       ,1440,1879,3319,1440,1879,3319
00122800,LOS ANGELES VALLEY COLLEGE              ,CA,91401-4096,Public       ,2429,1975,4404,2429,1975,4404
00122900,SO CA UNIV  HEALTH SCIENCES             ,CA,90604-4051,Private      ,8,180,188,8,180,188
00123000,SOUTHERN CA COLLEGE OF OPTOMETRY        ,CA,92831-1699,Private      ,10,203,213,10,203,213
00123200,AMERICAN RIVER COLLEGE                  ,CA,95841-4286,Public       ,3880,4413,8293,3880,4413,8293
00123300,SACRAMENTO CITY COLLEGE                 ,CA,95822-1386,Public       ,4778,3621,8399,4778,3621,8399
00123600,MENLO COLLEGE                           ,CA,94027-4301,Private      ,512,50,562,512,50,562
00123700,MERCED COMMUNITY COLLEGE                ,CA,95348-2898,Public       ,2609,1508,4117,2609,1508,4117
00123800,MILLS COLLEGE                           ,CA,94613-1301,Private      ,1217,893,2110,1217,893,2110
00123900,MIRACOSTA COLLEGE                       ,CA,92056-3899,Public       ,878,779,1657,878,779,1657
00124000,MODESTO JUNIOR COLLEGE                  ,CA,95350-5800,Public       ,4070,3103,7173,4070,3103,7173
00124200,MONTEREY PENINSULA COLLEGE              ,CA,93940-4799,Public       ,643,492,1135,643,492,1135
00124300,MOUNT ST MARYS COLLEGE                  ,CA,90049-1599,Private      ,1685,869,2554,1685,869,2554
00124500,MT. SAN ANTONIO COLLEGE                 ,CA,91789-1399,Public       ,5980,2777,8757,5980,2777,8757
00124600,MT SAN JACINTO COLLEGE                  ,CA,92583-2399,Public       ,1899,1854,3753,1899,1854,3753
00124700,NAPA VALLEY COLLEGE                     ,CA,94558-6236,Public       ,737,567,1304,737,567,1304
00124900,OCCIDENTAL COLLEGE                      ,CA,90041-3314,Private      ,3853,109,3962,3853,109,3962
00125000,ORANGE COAST COLLEGE - FIN AID OFF      ,CA,92628-5005,Public       ,4750,1811,6561,4750,1811,6561
00125100,OTIS COLLEGE OF ART AND DESIGN          ,CA,90045-3505,Private      ,1127,359,1486,1127,359,1486
00125200,HOPE INTERNATIONAL UNIVERSITY           ,CA,92631-0000,Private      ,363,217,580,363,217,580
00125300,FRESNO PACIFIC UNIVERSITY               ,CA,93702-4798,Private      ,1104,728,1832,1104,728,1832
00125302,FRESNO PACIFIC UNIVERSITY - VISALIA CENT,CA,93277-8341,Private      ,19,101,120,19,101,120
00125303,FRESNO PACIFIC UNIVERSITY - BAKERSFIELD ,CA,93301-4533,Private      ,19,65,84,19,65,84
00125400,PACIFIC LUTHERAN THEOLOGICAL SEM        ,CA,94708-0000,Private      ,2,75,77,2,75,77
00125500,PACIFIC OAKS COLLEGE                    ,CA,91103-3592,Private      ,8,314,322,8,314,322
00125600,PACIFIC SCHOOL OF RELIGION              ,CA,94709-0000,Private      ,1,129,130,1,129,130
00125800,PACIFIC UNION COLLEGE                   ,CA,94508-9797,Private      ,693,146,839,693,146,839
00125900,PALO VERDE COLLEGE                      ,CA,92225-0000,Public       ,70,45,115,70,45,115
00126000,PALOMAR COLLEGE                         ,CA,92069-1486,Public       ,2553,1424,3977,2553,1424,3977
00126100,PASADENA CITY COLLEGE                   ,CA,91106-2003,Public       ,6355,2398,8753,6355,2398,8753
00126200,POINT LOMA NAZARENE UNIVERSITY          ,CA,92106-2899,Private      ,2567,388,2955,2567,388,2955
00126600,LANEY COLLEGE                           ,CA,94607-4893,Public       ,1349,1684,3033,1349,1684,3033
00126700,MERRITT COLLEGE                         ,CA,94619-3196,Public       ,589,898,1487,589,898,1487
00126800,PORTERVILLE COLLEGE                     ,CA,93257-6059,Public       ,814,599,1413,814,599,1413
00126900,RIO HONDO COLLEGE                       ,CA,90601-1699,Public       ,2979,1295,4274,2979,1295,4274
00127000,RIVERSIDE COMMUNITY COLLEGE             ,CA,92506-1299,Public       ,6750,5076,11826,6750,5076,11826
00127200,SAN BERNARDINO VALLEY COLLEGE           ,CA,92410-2798,Public       ,1983,2242,4225,1983,2242,4225
00127300,SAN DIEGO CITY COLLEGE                  ,CA,92101-4787,Public       ,2570,2494,5064,2570,2494,5064
00127500,SAN DIEGO MESA COLLEGE                  ,CA,92111-4996,Public       ,3009,1957,4966,3009,1957,4966
00127800,SAN FRANCISCO CONSERVATORY OF MUSIC     ,CA,94122-4498,Private      ,188,258,446,188,258,446
00127900,SAN FRANCISCO THEOLOGICAL SEMINARY      ,CA,94960-0000,Private      ,0,28,28,0,28,28
00128000,SAN JOAQUIN DELTA COLLEGE               ,CA,95207-6370,Public       ,3819,2996,6815,3819,2996,6815
00128100,WILLIAM JESSUP UNIVERSITY               ,CA,95765-3707,Private      ,341,112,453,341,112,453
00128200,SAN JOSE CITY COLLEGE                   ,CA,95128-2797,Public       ,1285,1108,2393,1285,1108,2393
00128400,SANTA ANA COLLEGE                       ,CA,92706-3398,Public       ,2638,1325,3963,2638,1325,3963
00128500,SANTA BARBARA CITY COLLEGE              ,CA,93109-2394,Public       ,2440,1019,3459,2440,1019,3459
00128600,SANTA MONICA COLLEGE                    ,CA,90405-1644,Public       ,5522,2132,7654,5522,2132,7654
00128700,SANTA ROSA JUNIOR COLLEGE               ,CA,95401-4395,Public       ,2339,1745,4084,2339,1745,4084
00128800,CLAREMONT SCHOOL OF THEOLOGY            ,CA,91711-0000,Private      ,5,85,90,5,85,90
00128900,SHASTA COLLEGE                          ,CA,96049-7692,Public       ,1878,1348,3226,1878,1348,3226
00129000,SIERRA COLLEGE                          ,CA,95677-3397,Public       ,2537,2098,4635,2537,2098,4635
00129100,SIMPSON UNIVERSITY                      ,CA,96003-8606,Private      ,894,386,1280,894,386,1280
00129200,SOLANO COMMUNITY COLLEGE                ,CA,94534-3197,Public       ,1155,1436,2591,1155,1436,2591
00129300,VANGUARD UNIVERSITY OF SOUTHERN CA      ,CA,92626-6597,Private      ,1540,409,1949,1540,409,1949
00129400,SOUTHWESTERN COLLEGE                    ,CA,91910-7299,Public       ,3512,1719,5231,3512,1719,5231
00129500,SOUTHWESTERN LAW SCHOOL                 ,CA,90010-1106,Private      ,13,2078,2091,13,2078,2091
00129600,DOMINICAN SCH PHILOSOPHY & THEOLOGY     ,CA,94709-0000,Private      ,2,14,16,2,14,16
00129900,ST JOHN'S SEMINARY COLLEGE              ,CA,93010-0000,Private      ,0,1,1,0,1,1
00130200,SAINT MARY'S COLLEGE OF CALIFORNIA      ,CA,94556-2744,Private      ,3102,604,3706,3102,604,3706
00130500,STANFORD UNIVERSITY                     ,CA,94305-6106,Private      ,14593,2173,16766,14593,2173,16766
00130501,STANFORD UNIV SCHOOL OF MEDICINE        ,CA,94305-5404,Private      ,64,442,506,64,442,506
00130502,STANFORD UNIV GRAD SCH OF BUS           ,CA,94305-5015,Private      ,42,629,671,42,629,671
00130503,STANFORD UNIV LAW SCHOOL                ,CA,94305-8610,Private      ,34,1783,1817,34,1783,1817
00130700,FRESNO CITY COLLEGE                     ,CA,93741-0002,Public       ,6991,3863,10854,6991,3863,10854
00130800,REEDLEY COLLEGE                         ,CA,93654-2099,Public       ,2464,1219,3683,2464,1219,3683
00130900,TAFT COLLEGE                            ,CA,93268-2317,Public       ,329,180,509,329,180,509
00131200,UNIVERSITY OF CALIFORNIA-BERKELEY       ,CA,94720-1520,Public       ,41155,13265,54420,41155,13265,54420
00131300,UNIVERSITY OF CALIFORNIA-DAVIS          ,CA,95616-8558,Public       ,37171,9321,46492,37171,9321,46492
00131400,UNIVERSITY OF CALIFORNIA-IRVINE         ,CA,92697-2825,Public       ,39210,6281,45491,39210,6281,45491
00131500,UNIVERSITY OF CALIFORNIA (UCLA)         ,CA,90095-9000,Public       ,49754,16732,66486,49754,16732,66486
00131502,UNIV OF CALIFORNIA LOS ANG SCH MED      ,CA,90095-0000,Public       ,137,631,768,137,631,768
00131503,UNIV OF CALIFORNIA LOS ANG DENTAL       ,CA,90095-0000,Public       ,19,77,96,19,77,96
00131600,UNIVERSITY OF CALIFORNIA-RIVERSIDE      ,CA,92521-0209,Public       ,23237,3420,26657,23237,3420,26657
00131700,UNIVERSITY OF CALIFORNIA-SAN DIEGO      ,CA,92093-0013,Public       ,37148,5797,42945,37148,5797,42945
00131900,UNIVERSITY OF CALIFORNIA-SFRANCISCO     ,CA,94143-0246,Public       ,490,2488,2978,490,2488,2978
00132000,UNIVERSITY OF CALIFORNIA-SANTA BARB     ,CA,93106-3180,Public       ,36950,4494,41444,36950,4494,41444
00132100,UNIVERSITY OF CALIFORNIA-SANTA CRUZ     ,CA,95064-0001,Public       ,23130,2571,25701,23130,2571,25701
00132200,UNIVERSITY OF REDLANDS                  ,CA,92373-0999,Private      ,3432,850,4282,3432,850,4282
00132500,UNIVERSITY OF SAN FRANCISCO             ,CA,94117-1080,Private      ,6617,4444,11061,6617,4444,11061
00132600,SANTA CLARA UNIVERSITY                  ,CA,95053-4956,Private      ,6531,2803,9334,6531,2803,9334
00132800,UNIVERSITY OF SOUTHERN CALIFORNIA       ,CA,90089-0914,Private      ,24667,13879,38546,24667,13879,38546
00132900,UNIVERSITY OF THE PACIFIC               ,CA,95211-0197,Private      ,4701,1950,6651,4701,1950,6651
00132901,UNIV OF THE PACIFIC MCGEORGE LAW        ,CA,95817-0000,Private      ,9,1909,1918,9,1909,1918
00132902,UNIV OF THE PACIFIC SCH OF DENT         ,CA,94115-0000,Private      ,16,374,390,16,374,390
00133400,VENTURA COLLEGE                         ,CA,93003-3899,Public       ,1702,965,2667,1702,965,2667
00133500,VICTOR VALLEY COLLEGE                   ,CA,92395-5849,Public       ,1483,1846,3329,1483,1846,3329
00133800,WEST VALLEY COLLEGE                     ,CA,95070-5697,Public       ,740,518,1258,740,518,1258
00134100,WESTMONT COLLEGE                        ,CA,93108-1099,Private      ,1804,39,1843,1804,39,1843
00134200,WHITTIER COLLEGE                        ,CA,90601-4413,Private      ,1734,166,1900,1734,166,1900
00134201,WHITTIER LAW SCHOOL                     ,CA,92626-0000,Private      ,3,780,783,3,780,783
00134300,WOODBURY UNIVERSITY                     ,CA,91510-7846,Private      ,798,359,1157,798,359,1157
00134400,YUBA COLLEGE                            ,CA,95901-7699,Public       ,1584,1602,3186,1584,1602,3186
00177212,TRINITY INTERNATIONAL UNIV-CA           ,CA,92705-0000,Private      ,2,67,69,2,67,69
00274100,AMERICAN JEWISH UNIVERSITY              ,CA,90077-1599,Private      ,58,86,144,58,86,144
00301002,ANTIOCH UNIV/LOS ANGELES                ,CA,90230-7615,Private      ,12,376,388,12,376,388
00301003,ANTIOCH  UNIV/SANTA BARBARA             ,CA,93101-0000,Private      ,315,182,497,315,182,497
00369110,MONTEREY INST OF INTERNATL STUDIES      ,CA,93940-2691,Private      ,19,484,503,19,484,503
00394700,UC-HASTINGS COLLEGE OF THE LAW          ,CA,94102-0000,Public       ,10,3595,3605,10,3595,3605
00394800,SAN FRANCISCO ART INSTITUTE             ,CA,94133-2299,Private      ,760,535,1295,760,535,1295
00405500,HEBREW UNION COLLEGE - JEWISH INSTITUTE ,CA,90007-3796,Private      ,0,38,38,0,38,38
00408000,STARR KING SCHOOL FOR THE MINISTRY      ,CA,94709-1299,Private      ,1,43,44,1,43,44
00448000,DE ANZA COLLEGE                         ,CA,95014-5793,Public       ,2587,1318,3905,2587,1318,3905
00448100,OHLONE COLLEGE                          ,CA,94539-5847,Public       ,918,538,1456,918,538,1456
00448400,JOHN F. KENNEDY UNIVERSITY              ,CA,94523-4817,Private      ,8,708,716,8,708,716
00449000,PATTEN UNIVERSITY                       ,CA,94601-2699,Private      ,99,111,210,99,111,210
00449400,EVEREST COLLEGE                         ,CA,92408-3752,Proprietary  ,47,68,115,47,68,115
00450200,CITY COLLEGE OF SAN FRANCISCO           ,CA,94112-0000,Public       ,3543,2884,6427,3543,2884,6427
00563800,DOWNEY ADULT SCHOOL                     ,CA,90241-5610,Public       ,7,16,23,7,16,23
00565500,HACIENDA LA PUENTE ADULT EDUC CTR       ,CA,91746-0000,Public       ,35,39,74,35,39,74
00616500,LA CNTY CLG OF NURSING & ALLD HLTH      ,CA,90033-1018,Public       ,66,150,216,66,150,216
00672000,COLLEGE OF ALAMEDA                      ,CA,94501-2109,Public       ,730,612,1342,730,612,1342
00673100,CASA LOMA COLLEGE                       ,CA,91405-4523,Private      ,39,113,152,39,113,152
00686300,VENTURA COUNTY CMTY CLG DISTRICT        ,CA,93010-8552,Public       ,13,3,16,13,3,16
00697300,CANADA COLLEGE                          ,CA,94061-1099,Public       ,262,285,547,262,285,547
00697500,LINCOLN UNIVERSITY                      ,CA,94612-2801,Private      ,3,15,18,3,15,18
00701200,SAMUEL MERRITT COLLEGE                  ,CA,94609-3108,Private      ,177,1224,1401,177,1224,1401
00704700,LOS ANGELES SOUTHWEST COLLEGE           ,CA,90047-4810,Public       ,721,1318,2039,721,1318,2039
00705000,BAY VISTA COLLEGE OF BEAUTY             ,CA,91950-3616,Proprietary  ,4,4,8,4,4,8
00711500,MOORPARK COLLEGE                        ,CA,93021-1695,Public       ,1254,610,1864,1254,610,1864
00713000,NEWBERRY SCHOOLS OF BEAUTY              ,CA,91344-7404,Proprietary  ,5,8,13,5,8,13
00714200,LYLE'S COLLEGE OF BEAUTY                ,CA,93710-3948,Proprietary  ,22,8,30,22,8,30
00714201,LYLE'S CLG OF BTY BAKERSFIELD           ,CA,93301-0000,Proprietary  ,24,12,36,24,12,36
00716400,BRYAN COLLEGE                           ,CA,90057-0000,Proprietary  ,26,116,142,26,116,142
00717801,WESTERN SEMINARY - BAY AREA CENTER      ,CA,95032-0000,Private      ,0,4,4,0,4,4
00717804,WESTERN SEMINARY - SACRAMENTO           ,CA,95821-3939,Private      ,6,13,19,6,13,19
00718700,NORTH ADRIAN'S COLLEGE OF BEAUTY        ,CA,95350-2381,Proprietary  ,29,16,45,29,16,45
00719000,WYOTECH                                 ,CA,94539-7663,Proprietary  ,195,230,425,195,230,425
00719001,WYOTECH - SIERRA CAMPUS                 ,CA,94621-4523,Proprietary  ,39,22,61,39,22,61
00720300,SALON SUCCESS ACADEMY                   ,CA,91786-4060,Proprietary  ,7,8,15,7,8,15
00720400,MODERN BEAUTY ACADEMY                   ,CA,93030-7016,Proprietary  ,5,2,7,5,2,7
00722900,WESTERN BEAUTY INSTITUTE                ,CA,91402-3104,Proprietary  ,15,45,60,15,45,60
00723400,HEALD COLLEGE                           ,CA,94105-2206,Proprietary  ,96,263,359,96,263,359
00723600,ART INST OF CALIFORNIA-LOS ANGELES      ,CA,90405-3035,Proprietary  ,3161,1934,5095,3161,1934,5095
00725300,FEDERICO BEAUTY INSTITUTE               ,CA,95834-1905,Proprietary  ,45,36,81,45,36,81
00729600,COLEMAN COLLEGE                         ,CA,92123-0000,Private      ,47,143,190,47,143,190
00745600,MARINELLO SCH BTY BUENA PRK             ,CA,90620-0000,Proprietary  ,2,2,4,2,2,4
00746501,AMERICAN ACADEMY OF DRAMATIC ARTS - HOLL,CA,90028-7504,Private      ,109,44,153,109,44,153
00747600,MARINELLO SCHOOLS OF BEAUTY             ,CA,90023-2666,Proprietary  ,62,211,273,62,211,273
00747602,MARINELLO SCHOOLS OF BEAUTY - SPA ACADEM,CA,90048-5101,Proprietary  ,25,9,34,25,9,34
00747603,MARINELLO SCHOOLS OF BEAUTY - INGLEWOOD ,CA,90301-2306,Proprietary  ,12,13,25,12,13,25
00747604,MARINELLO SCHOOLS OF BEAUTY - RESEDA    ,CA,91335-4218,Proprietary  ,6,2,8,6,2,8
00747605,MARINELLO SCHOOLS OF BEAUTY - NORTH HOLL,CA,91606-3210,Proprietary  ,11,8,19,11,8,19
00747606,MARINELLO SCHOOLS OF BEAUTY - WEST COVIN,CA,91790-2805,Proprietary  ,10,4,14,10,4,14
00747607,MARINELLO SCHOOLS OF BEAUTY - SAN BERNAR,CA,92410-3261,Proprietary  ,18,18,36,18,18,36
00747608,MARINELLO SCHOOLS OF BEAUTY - ONTARIO   ,CA,91762-2113,Proprietary  ,14,18,32,14,18,32
00747609,MARINELLO SCHOOLS OF BEAUTY - WHITTIER  ,CA,90601-4107,Proprietary  ,15,1,16,15,1,16
00747611,MARINELLO SCHOOLS OF BEAUTY - SAN DIEGO ,CA,92126-4217,Proprietary  ,15,14,29,15,14,29
00747700,"HEALD COLLEGE,SCHOOLS OF BUS & TECH     ",CA,95670-6005,Proprietary  ,89,336,425,89,336,425
00753100,ACADEMY OF ART UNIVERSITY               ,CA,94105-3410,Proprietary  ,2889,2903,5792,2889,2903,5792
00753600,COSUMNES RIVER COLLEGE                  ,CA,95823-5799,Public       ,2546,1583,4129,2546,1583,4129
00754802,WESTWOOD COLLEGE OF TECHNOLOGY          ,CA,92801-0000,Proprietary  ,484,250,734,484,250,734
00754803,WESTWOOD COLLEGE OF TECHNOLOGY          ,CA,91786-0000,Proprietary  ,537,351,888,537,351,888
00760600,EVEREST COLLEGE                         ,CA,90010-2221,Proprietary  ,54,114,168,54,114,168
00760700,CONCORDE CAREER INSTITUTE               ,CA,91606-3134,Proprietary  ,49,97,146,49,97,146
00770700,COLUMBIA COLLEGE                        ,CA,95370-8580,Public       ,430,296,726,430,296,726
00771300,SKYLINE COLLEGE                         ,CA,94066-1698,Public       ,869,507,1376,869,507,1376
00793000,CONCORDE CAREER INSTITUTE               ,CA,92108-0000,Proprietary  ,57,177,234,57,177,234
00799300,CALIF STATE UNIV BAKERSFIELD            ,CA,93311-1022,Public       ,4553,2631,7184,4553,2631,7184
00807100,CONCORDE CAREER INSTITUTE               ,CA,92840-9201,Proprietary  ,66,184,250,66,184,250
00807300,BUTTE COMMUNITY COLLEGE                 ,CA,95965-0000,Public       ,2411,1712,4123,2411,1712,4123
00809000,EVEREST COLLEGE                         ,CA,91803-1310,Proprietary  ,88,141,229,88,141,229
00809300,HEALD COLLEGE                           ,CA,93704-1706,Proprietary  ,329,480,809,329,480,809
00853200,HEALD COLLEGE                           ,CA,94545-2352,Proprietary  ,169,360,529,169,360,529
00853700,CONCORDE CAREER INSTITUTE               ,CA,92401-0000,Proprietary  ,118,289,407,118,289,407
00859600,WEST LOS ANGELES COLLEGE                ,CA,90230-3500,Public       ,791,1275,2066,791,1275,2066
00859700,FEATHER RIVER COLLEGE                   ,CA,95971-9124,Public       ,270,127,397,270,127,397
00884400,CALIFORNIA CHRISTIAN COLLEGE            ,CA,93703-3599,Private      ,21,8,29,21,8,29
00884600,WRIGHT INSTITUTE                        ,CA,94704-0000,Private      ,0,204,204,0,204,204
00890300,COLLEGE OF THE CANYONS                  ,CA,91355-1899,Public       ,1266,671,1937,1266,671,1937
00891800,SADDLEBACK COLLEGE                      ,CA,92692-3699,Public       ,1059,767,1826,1059,767,1826
00902200,ASSOCIATED TECHNICAL COLLEGE            ,CA,90017-0000,Proprietary  ,13,46,59,13,46,59
00903200,EMPIRE COLLEGE                          ,CA,95403-2122,Proprietary  ,26,86,112,26,86,112
00927200,CRAFTON HILLS COLLEGE                   ,CA,92399-1799,Public       ,966,662,1628,966,662,1628
00932500,ABRAM FRIEDMAN OCCUP CTR                ,CA,90015-3507,Public       ,21,14,35,21,14,35
00950900,SKILLS & BUSINESS EDUCATION CENTER      ,CA,95824-1529,Public       ,35,175,210,35,175,210
00974800,WESTERN CAREER COLLEGE                  ,CA,95826-3203,Proprietary  ,450,1091,1541,450,1091,1541
00974801,WESTERN CAREER COLLEGE - SAN LEANDRO CAM,CA,94578-3711,Proprietary  ,53,79,132,53,79,132
00974802,WESTERN CAREER COLLEGE - PLEASANT HILL C,CA,94523-1984,Proprietary  ,33,84,117,33,84,117
00974803,WESTERN CAREER COLLEGE - STOCKTON       ,CA,95207-5509,Proprietary  ,43,37,80,43,37,80
00974804,WESTERN CAREER COLLEGE - CITRUS HEIGHTS ,CA,95621-5577,Proprietary  ,28,65,93,28,65,93
00974806,WESTERN CAREER COLLEGE -  ANTIOCH/WALNUT,CA,94531-1604,Proprietary  ,39,49,88,39,49,88
00974807,WESTERN CAREER COLLEGE - SAN JOSE       ,CA,95119-1325,Proprietary  ,54,56,110,54,56,110
00974808,WESTERN CAREER COLLEGE - EMERYVILLE     ,CA,94608-3006,Proprietary  ,14,12,26,14,12,26
00974809,WESTERN CAREER COLLEGE -  EMERYVILLE SHE,CA,94608-3006,Proprietary  ,12,6,18,12,6,18
00974810,WESTERN CAREER COLLEGE - CONCORD        ,CA,94520-5671,Proprietary  ,10,7,17,10,7,17
00998900,SANTA BARBARA BUSINESS COLLEGE          ,CA,93111-0000,Proprietary  ,94,142,236,94,142,236
01011100,CERRO-COSO COMMUNITY COLLEGE            ,CA,93555-9571,Public       ,183,300,483,183,300,483
01014225,TOURO CLG OSEOPATHIC MEDICINE           ,CA,94592-1115,Private      ,10,371,381,10,371,381
01014900,PEPPERDINE UNIVERSITY                   ,CA,90263-0000,Private      ,5253,3399,8652,5253,3399,8652
01033300,JESUIT SCHOOL OF THEOLOGY - BERKELEY    ,CA,94709-1193,Private      ,0,38,38,0,38,38
01034000,LOS MEDANOS COLLEGE                     ,CA,94565-5197,Public       ,743,821,1564,743,821,1564
01036500,CHARLES R DREW UNIV OF MED & SCI        ,CA,90059-0000,Private      ,40,247,287,40,247,287
01036800,MENNONITE BRETHREN BIBLICAL SEM         ,CA,93727-0000,Private      ,0,13,13,0,13,13
01037500,HARBOR OCCUPATIONAL CENTER              ,CA,90731-0000,Public       ,17,12,29,17,12,29
01039500,UNIVERSITY OF SAN DIEGO                 ,CA,92110-2492,Private      ,10671,2012,12683,10671,2012,12683
01039501,UNIVERSITY OF SAN DIEGO - SCHOOL OF LAW ,CA,92110-2492,Private      ,82,2670,2752,82,2670,2752
01044100,PARDEE RAND GRADUATE SCHOOL             ,CA,90407-2138,Private      ,0,15,15,0,15,15
01047400,MARYMOUNT COLLEGE OF PALOS VERDES       ,CA,90275-0000,Private      ,449,41,490,449,41,490
01057900,WEST VALLEY OCCUPATIONAL CTR            ,CA,91367-0000,Public       ,35,18,53,35,18,53
01083100,NEW COLLEGE OF CALIFORNIA               ,CA,94102-0000,Private      ,13,146,159,13,146,159
01083200,WESTERN STATE UNIV COLLEGE OF LAW       ,CA,92831-3014,Proprietary  ,4,735,739,4,735,739
01085400,THOMAS JEFFERSON SCHOOL OF LAW          ,CA,92110-0000,Private      ,9,1074,1083,9,1074,1083
01102400,EVEREST COLLEGE                         ,CA,94103-2091,Proprietary  ,25,51,76,25,51,76
01110700,EVEREST  COLLEGE                        ,CA,92801-5231,Proprietary  ,48,74,122,48,74,122
01110900,EVEREST COLLEGE                         ,CA,91335-4631,Proprietary  ,44,53,97,44,53,97
01111200,FIDM-FASHION INSTITUTE OF DESIGN        ,CA,90015-1421,Proprietary  ,3543,779,4322,3543,779,4322
01111700,ALLIANT INTERNATIONAL UNIVERSITY        ,CA,92131-1799,Private      ,43,1356,1399,43,1356,1399
01111705,ALLIANT INTERNATIONAL UNIVERSITY - LOS A,CA,91803-1360,Private      ,5,444,449,5,444,449
01111706,ALLIANT INTERNATIONAL UNIVERSITY - SAN F,CA,94133-1221,Private      ,2,394,396,2,394,396
01111707,ALLIANT INTERNATIONAL UNIVERSITY - FRESN,CA,93727-2014,Private      ,17,240,257,17,240,257
01112100,EVEREST COLLEGE                         ,CA,94541-4007,Proprietary  ,23,68,91,23,68,91
01112300,EVEREST COLLEGE                         ,CA,90247-4163,Proprietary  ,42,140,182,42,140,182
01146000,NATIONAL UNIVERSITY                     ,CA,92037-1011,Private      ,125,3594,3719,125,3594,3719
01162600,PRACTICAL SCHOOLS                       ,CA,92805-0000,Proprietary  ,264,395,659,264,395,659
01164900,LOYOLA MARYMOUNT UNIVERSITY             ,CA,90045-0000,Private      ,8296,1539,9835,8296,1539,9835
01164901,LOYOLA LAW SCHOOL                       ,CA,90015-0000,Private      ,21,2990,3011,21,2990,3011
01167200,MENDOCINO COMMUNITY COLLEGE             ,CA,95482-3000,Public       ,475,347,822,475,347,822
01169600,NATIONAL POLYTECHNIC COLLEGE OF SCIENCE ,CA,90744-6399,Private      ,12,61,73,12,61,73
01170700,NORTH-WEST COLLEGE                      ,CA,91790-2097,Proprietary  ,23,28,51,23,28,51
01179200,FRANCISCAN SCHOOL OF THEOLOGY           ,CA,94709-0000,Private      ,1,13,14,1,13,14
01182000,SAN DIEGO MIRAMAR COLLEGE               ,CA,92126-0000,Public       ,1124,945,2069,1124,945,2069
01186500,CALIFORNIA HAIR DESIGN ACADEMY          ,CA,92115-0000,Proprietary  ,19,12,31,19,12,31
01202600,JE BOUTIQUE COLLEGE OF BEAUTY           ,CA,92021-6247,Proprietary  ,6,3,9,6,3,9
01202700,GALEN COLLEGE OF CALIFORNIA             ,CA,93728-2381,Proprietary  ,21,12,33,21,12,33
01203100,SAN DIEGO CHRISTIAN COLLEGE             ,CA,92019-1157,Private      ,285,60,345,285,60,345
01206100,EVEREST COLLEGE                         ,CA,95128-3908,Proprietary  ,25,47,72,25,47,72
01215400,CALIFORNIA INST OF INTEGRAL STUDIES     ,CA,94103-2557,Private      ,2,435,437,2,435,437
01231600,MANCHESTER BEAUTY COLLEGE               ,CA,93726-5306,Proprietary  ,25,12,37,25,12,37
01231700,TULARE BEAUTY COLLEGE                   ,CA,93274-3432,Proprietary  ,6,2,8,6,2,8
01244600,UNIVERSAL COLLEGE OF BEAUTY             ,CA,90044-0044,Proprietary  ,15,6,21,15,6,21
01245200,EVERGREEN VALLEY COLLEGE                ,CA,95135-1598,Public       ,1518,894,2412,1518,894,2412
01255000,LOS ANGELES MISSION COLLEGE             ,CA,91342-3200,Public       ,1180,1046,2226,1180,1046,2226
01265000,MARINELLO SCHOOL OF BEAUTY              ,CA,91502-2828,Proprietary  ,20,22,42,20,22,42
01265100,MARINELLO SCHOOL OF BEAUTY              ,CA,91748-1674,Proprietary  ,1,1,2,1,1,2
01284200,OXNARD COLLEGE                          ,CA,93030-0000,Public       ,775,564,1339,775,564,1339
01287200,NORTH-WEST COLLEGE                      ,CA,91768-3199,Proprietary  ,17,27,44,17,27,44
01287300,WYOTECH                                 ,CA,90810-3800,Proprietary  ,227,261,488,227,261,488
01287301,WYOTECH - EVEREST  COLLEGE              ,CA,90034-3158,Proprietary  ,31,80,111,31,80,111
01287302,WYOTECH - EVEREST  COLLEGE              ,CA,91746-3412,Proprietary  ,71,151,222,71,151,222
01290700,LAKE TAHOE COMMUNITY COLLEGE            ,CA,96150-4524,Public       ,189,126,315,189,126,315
01291100,MARINELLO SCHOOL OF BEAUTY              ,CA,92646-2552,Proprietary  ,10,5,15,10,5,15
01291200,MTI COLLEGE                             ,CA,95841-0000,Proprietary  ,199,502,701,199,502,701
01294200,ROSEMEAD BEAUTY SCHOOL                  ,CA,91770-1639,Proprietary  ,2,1,3,2,1,3
01298500,HAIR CALIFORNIA BEAUTY ACADEMY          ,CA,92867-7127,Proprietary  ,4,4,8,4,4,8
01298900,OCEANSIDE COLLEGE OF BEAUTY             ,CA,92054-5393,Proprietary  ,12,13,25,12,13,25
01301000,LANCASTER BEAUTY SCHOOL                 ,CA,93534-3098,Proprietary  ,16,8,24,16,8,24
01307400,AMERICAN BEAUTY COLLEGE                 ,CA,90706-5417,Proprietary  ,9,5,14,9,5,14
01309500,SALON SUCCESS ACADEMY                   ,CA,92879-6561,Proprietary  ,8,10,18,8,10,18
01310300,CALIFORNIA WESTERN SCHOOL OF LAW        ,CA,92101-0000,Private      ,10,1599,1609,10,1599,1609
01324000,LYTLE'S REDWOOD EMPIRE BEAUTY CLG       ,CA,95403-0000,Proprietary  ,21,13,34,21,13,34
02054900,MARINELLO SCHOOL OF BEAUTY              ,CA,92630-0000,Proprietary  ,5,4,9,5,4,9
02059800,PARIS BEAUTY COLLEGE                    ,CA,94520-2611,Proprietary  ,12,16,28,12,16,28
02063500,COASTLINE COMMUNITY COLLEGE             ,CA,92708-0000,Public       ,415,877,1292,415,877,1292
02064300,SIERRA COLLEGE OF BEAUTY                ,CA,95340-0000,Proprietary  ,31,12,43,31,12,43
02065500,BROOKS COLLEGE                          ,CA,90804-3289,Proprietary  ,57,24,81,57,24,81
02065501,BROOKS COLLEGE - SUNNYVALE              ,CA,94086-5303,Proprietary  ,13,3,16,13,3,16
02065700,CALIFORNIA BEAUTY COLLEGE               ,CA,95354-0000,Proprietary  ,44,18,62,44,18,62
02070500,CONCORDIA UNIVERSITY                    ,CA,92612-0000,Private      ,1391,340,1731,1391,340,1731
02075800,SOUTHERN CA INST OF ARCHITECTURE        ,CA,90013-0000,Private      ,112,299,411,112,299,411
02086400,MARINELLO SCHOOL OF BEAUTY              ,CA,95050-0000,Proprietary  ,5,3,8,5,3,8
02091200,ELEGANCE INTERNATIONAL                  ,CA,90028-0000,Proprietary  ,9,16,25,9,16,25
02091700,KAPLAN COLLEGE                          ,CA,92123-1509,Proprietary  ,195,403,598,195,403,598
02096100,FIELDING INSTITUTE                      ,CA,93105-0000,Private      ,3,259,262,3,259,262
02099200,AMERICAN CONSERVATORY THEATER           ,CA,94108-0000,Private      ,10,145,155,10,145,155
02110200,COLUMBIA COLLEGE                        ,CA,91356-0000,Private      ,165,74,239,165,74,239
02110800,CALIFORNIA COLLEGE SAN DIEGO            ,CA,92108-3821,Proprietary  ,155,72,227,155,72,227
02111300,CUYAMACA COLLEGE                        ,CA,92019-0000,Public       ,974,774,1748,974,774,1748
02113601,AMERICAN INTERCONTINENTAL UNIV - LOS ANG,CA,90066-7008,Proprietary  ,214,286,500,214,286,500
02119100,MISSION COLLEGE                         ,CA,95054-1897,Public       ,784,1012,1796,784,1012,1796
02120600,SAYBROOK GRADUATE SCHOOL                ,CA,94111-1920,Private      ,0,118,118,0,118,118
02120700,SAN JOAQUIN VALLEY COLLEGE              ,CA,93291-0000,Proprietary  ,912,1210,2122,912,1210,2122
02120900,ITT TECHNICAL INSTITUTE                 ,CA,95670-6034,Proprietary  ,153,231,384,153,231,384
02125000,CAREER ACADEMY OF BEAUTY                ,CA,92845-0000,Proprietary  ,3,5,8,3,5,8
02128200,"VICTOR VALLEY BEAUTY COLLEGE, INC       ",CA,92392-0000,Proprietary  ,18,13,31,18,13,31
02128300,INSTITUTE FOR BUSINESS & TECHNOLOGY     ,CA,95050-0000,Proprietary  ,18,69,87,18,69,87
02128301,INSTITUTE FOR BUSINESS & TECHNOLOGY     ,CA,95610-0000,Proprietary  ,6,42,48,6,42,48
02138300,PACIFIC GRADUATE SCHOOL OF PSYCHOLO     ,CA,94303-4232,Private      ,4,263,267,4,263,267
02147400,CLEVELAND CHIROPRACTIC COLLEGE          ,CA,90004-0000,Private      ,17,112,129,17,112,129
02161800,MUSICIANS INSTITUTE                     ,CA,90028-6157,Proprietary  ,485,268,753,485,268,753
02167800,ESTES INSTITUTE OF COSMETOLOGY          ,CA,93291-0000,Proprietary  ,53,17,70,53,17,70
02174600,MARINELLO SCHOOL OF BEAUTY              ,CA,90201-0000,Proprietary  ,15,54,69,15,54,69
02180600,BRIDGES  ACADEMY OF BEAUTY              ,CA,92311-2327,Proprietary  ,2,2,4,2,2,4
02184900,PALMER COLLEGE OF CHIROPRACTIC WEST     ,CA,95134-0000,Private      ,4,213,217,4,213,217
02185800,MOLER BARBER COLLEGE                    ,CA,94611-0000,Proprietary  ,5,3,8,5,3,8
02187500,"HEALD COLLEGE, SCH OF BUS & TECH        ",CA,94520-0000,Proprietary  ,125,278,403,125,278,403
02188400,SIERRA VALLEY COLLEGE OF COURT REPORTING,CA,93726-0000,Proprietary  ,27,51,78,27,51,78
02208600,MADERA BEAUTY COLLEGE                   ,CA,93637-3519,Proprietary  ,26,6,32,26,6,32
02211000,HAIRMASTERS UNIVERSITY OF BEAUTY        ,CA,92405-0000,Proprietary  ,13,6,19,13,6,19
02220000,COLLEEN O'HARA BEAUTY ACADEMY           ,CA,92701-0000,Proprietary  ,4,9,13,4,9,13
02220200,CALIFORNIA CULINARY ACADEMY             ,CA,94102-3336,Proprietary  ,356,201,557,356,201,557
02221300,MARINELLO SCHOOL OF BEAUTY              ,CA,92553-0000,Proprietary  ,12,16,28,12,16,28
02222000,AMERICAN FILM INSTITUTE                 ,CA,90027-0000,Private      ,69,273,342,69,273,342
02226000,EAST LOS ANGELES COLLEGE                ,CA,91754-0000,Public       ,4085,2499,6584,4085,2499,6584
02228500,LIFE CHIROPRACTIC COLLEGE-WEST          ,CA,94545-0000,Private      ,2,129,131,2,129,131
02230900,FREDRICK & CHARLES BEAUTY COLLEGE       ,CA,95501-0000,Proprietary  ,18,8,26,18,8,26
02231900,GEMOLOGICAL INSTITUTE OF AMERICA        ,CA,92008-4698,Private      ,14,57,71,14,57,71
02234300,FASHION CAREERS OF CALIFORNIA           ,CA,92110-0000,Proprietary  ,68,44,112,68,44,112
02236400,"THANH LE COLG, SCH OF COSMETOLOGY       ",CA,92840-0000,Proprietary  ,1,1,2,1,1,2
02237200,PHILLIPS GRADUATE INSTITUTE             ,CA,91316-0000,Private      ,1,129,130,1,129,130
02241600,SAN DIEGO CONTINUING EDUCATION          ,CA,92113-0000,Public       ,38,64,102,38,64,102
02241800,AMERICAN CAREER COLLEGE                 ,CA,90004-0000,Proprietary  ,371,884,1255,371,884,1255
02242700,BERKELEY CITY COLLEGE                   ,CA,94704-0000,Public       ,578,602,1180,578,602,1180
02250602,EVEREST COLLEGE                         ,CA,91761-8525,Proprietary  ,107,274,381,107,274,381
02255400,INTERNATIONAL SCHOOL OF COSMETOLOGY     ,CA,90250-0000,Proprietary  ,5,1,6,5,1,6
02255600,MARINELLO SCHOOL OF BEAUTY              ,CA,90723-0000,Proprietary  ,19,44,63,19,44,63
02258600,ALAMEDA BEAUTY COLLEGE                  ,CA,94501-0000,Proprietary  ,16,10,26,16,10,26
02262400,YESHIVA OHR ELCHONON CHABAD             ,CA,90046-0000,Private      ,22,0,22,22,0,22
02263101,ANTHEM COLLEGE - HIGH-TECH INSTITUTE - S,CA,95827-0000,Proprietary  ,60,37,97,60,37,97
02267600,INSTITUTE OF TRANSPERSONAL PSYCHLGY     ,CA,94303-4624,Private      ,1,152,153,1,152,153
02270600,LIFE PACIFIC COLLEGE                    ,CA,91773-0000,Private      ,119,56,175,119,56,175
02276800,WESTMINSTER SEMINARY CALIFORNIA         ,CA,92027-0000,Private      ,3,79,82,3,79,82
02277400,SOUTH COAST COLLEGE                     ,CA,92868-2616,Proprietary  ,37,56,93,37,56,93
02282300,ALHAMBRA BEAUTY COLLEGE                 ,CA,91802-0000,Proprietary  ,6,3,9,6,3,9
02285100,HILLTOP BEAUTY SCHOOL                   ,CA,94014-0000,Proprietary  ,2,6,8,2,6,8
02291500,ITT TECHNICAL INSTITUTE                 ,CA,91773-0000,Proprietary  ,233,308,541,233,308,541
02291600,ITT TECHNICAL INSTITUTE                 ,CA,92123-0000,Proprietary  ,306,572,878,306,572,878
02298000,DESIGN INSTITUTE OF SAN DIEGO           ,CA,92121-0000,Proprietary  ,81,109,190,81,109,190
02304300,"PLATT COLLEGE, SAN DIEGO                ",CA,92115-0000,Proprietary  ,89,91,180,89,91,180
02306300,KAPLAN COLLEGE                          ,CA,95368-0000,Proprietary  ,109,221,330,109,221,330
02306302,KAPLAN COLLEGE - FRESNO                 ,CA,93612-3802,Proprietary  ,78,132,210,78,132,210
02309500,CLOVIS ADULT EDUC                       ,CA,93611-0000,Public       ,25,34,59,25,34,59
02312400,LA COLLEGE INTERNATIONAL                ,CA,90010-0000,Proprietary  ,17,66,83,17,66,83
02321800,ITT TECHNICAL INSTITUTE                 ,CA,91342-3664,Proprietary  ,257,286,543,257,286,543
02321900,ITT TECHNICAL INSTITUTE                 ,CA,92801-0000,Proprietary  ,154,154,308,154,154,308
02327600,ART INST OF CALIFORNIA-SAN DIEGO        ,CA,92108-4401,Proprietary  ,1462,986,2448,1462,986,2448
02330500,LAGUNA COLLEGE OF ART AND DESIGN        ,CA,92651-0000,Private      ,256,52,308,256,52,308
02332800,CENTER FOR EMPLOYMENT TRAINING          ,CA,95110-0000,Private      ,15,73,88,15,73,88
02338500,GLENDALE CAREER COLLEGE                 ,CA,91201-0000,Proprietary  ,20,30,50,20,30,50
02338700,MARINELLO SCHOOL OF BEAUTY              ,CA,94103-0000,Proprietary  ,9,21,30,9,21,30
02342400,ACADEMY OF RADIO BROADCASTING           ,CA,92647-3809,Proprietary  ,9,26,35,9,26,35
02343400,"BELLUS ACADEMY, THE ACADEMY OF BEAUTY AN",CA,92064-4633,Proprietary  ,20,8,28,20,8,28
02345800,MONTEBELLO BEAUTY COLLEGE               ,CA,90640-0000,Proprietary  ,4,0,4,4,0,4
02351900,KAPLAN COLLEGE                          ,CA,95660-5512,Proprietary  ,52,130,182,52,130,182
02351901,KAPLAN COLLEGE - BAKERSFIELD            ,CA,93304-0000,Proprietary  ,76,198,274,76,198,274
02358000,THOMAS AQUINAS COLLEGE                  ,CA,93060-9622,Private      ,284,15,299,284,15,299
02359300,SHASTA BIBLE COLLEGE                    ,CA,96002-0000,Private      ,18,16,34,18,16,34
02482700,WESTERN UNIVERSITY OF HEALTH S          ,CA,91766-1854,Private      ,33,2752,2785,33,2752,2785
02497300,TRINITY COLLEGE                         ,CA,93277-0000,Proprietary  ,49,139,188,49,139,188
02500000,SAN JOAQUIN COLLEGE OF LAW              ,CA,93612-0000,Private      ,9,113,122,9,113,122
02518400,THE NATIONAL HISPANIC UNIVERSITY        ,CA,95127-0000,Private      ,80,86,166,80,86,166
02519800,AVANCE BEAUTY COLLEGE                   ,CA,92154-0000,Proprietary  ,10,8,18,10,8,18
02520200,CALIFORNIA CAREER SCHOOLS               ,CA,92805-0000,Proprietary  ,13,4,17,13,4,17
02520300,INTERIOR DESIGNERS INSTITUTE            ,CA,92660-0000,Proprietary  ,11,14,25,11,14,25
02520400,ADRIAN'S BEAUTY COLLEGE OF TURLOCK      ,CA,95382-0000,Proprietary  ,2,7,9,2,7,9
02537200,PALOMAR INSTITUTE OF COSMETOLOGY        ,CA,92069-0000,Proprietary  ,27,9,36,27,9,36
02539100,KAPLAN COLLEGE                          ,CA,91606-3231,Proprietary  ,108,238,346,108,238,346
02539102,KAPLAN COLLEGE -  RIVERSIDE             ,CA,92507-4223,Proprietary  ,78,182,260,78,182,260
02539500,IRVINE VALLEY COLLEGE                   ,CA,92620-0000,Public       ,1059,583,1642,1059,583,1642
02542300,NATIONAL HOLISTIC INSTITUTE             ,CA,94608-0000,Proprietary  ,41,98,139,41,98,139
02543400,BROWNSON TECHNICAL SCHOOL               ,CA,92805-0000,Proprietary  ,7,1,8,7,1,8
02545900,HYPNOSIS MOTIVATION INSTITUTE           ,CA,91356-0000,Private      ,2,7,9,2,7,9
02546400,MTI BUSINESS COLLEGE INC                ,CA,95207-0000,Proprietary  ,6,14,20,6,14,20
02549000,KAPLAN COLLEGE                          ,CA,92083-7736,Proprietary  ,104,201,305,104,201,305
02549005,KAPLAN COLLEGE -  PALM SPRINGS          ,CA,92262-7011,Proprietary  ,60,79,139,60,79,139
02553500,ASSOCIATED TECHNICAL COLLEGE            ,CA,92101-0000,Proprietary  ,10,5,15,10,5,15
02553600,DIVERSIFIED LANGUAGE INSTITUTE          ,CA,90017-0000,Proprietary  ,2,60,62,2,60,62
02559300,UNITED EDUCATION INSTITUTE              ,CA,90020-0000,Proprietary  ,176,429,605,176,429,605
02559400,INTERCOAST COLLEGES                     ,CA,92868-1656,Proprietary  ,4,18,22,4,18,22
02565400,KAPLAN COLLEGE                          ,CA,95207-6216,Proprietary  ,67,157,224,67,157,224
02570300,LOS ANGELES ORT TECHNICAL INSTITUTE     ,CA,90048-0000,Private      ,21,71,92,21,71,92
02577900,SANTA BARBARA BUSINESS COLLEGE          ,CA,93309-1664,Proprietary  ,63,152,215,63,152,215
02578000,SANTA BARBARA BUSINESS COLLEGE          ,CA,93454-6943,Proprietary  ,40,113,153,40,113,153
02584200,NEWBRIDGE COLLEGE                       ,CA,92701-0000,Proprietary  ,16,61,77,16,61,77
02591600,NORTH-WEST COLLEGE                      ,CA,91101-1744,Proprietary  ,3,4,7,3,4,7
02593100,HEALD COLLEGE                           ,CA,95678-5303,Proprietary  ,104,364,468,104,364,468
02593200,HEALD COLLEGE                           ,CA,95035-8008,Proprietary  ,103,249,352,103,249,352
02593300,HEALD COLLEGE                           ,CA,95210-5667,Proprietary  ,223,440,663,223,440,663
02595600,ASIAN AMERICAN INTERNATIONAL BTY CG     ,CA,92683-4043,Proprietary  ,1,3,4,1,3,4
02597300,SOUTH BAYLO UNIVERSITY                  ,CA,92801-1701,Private      ,3,19,22,3,19,22
02602300,CENTRAL COAST COLLEGE                   ,CA,93901-3301,Proprietary  ,33,39,72,33,39,72
02608900,PINNACLE COLLEGE                        ,CA,91803-8842,Proprietary  ,15,21,36,15,21,36
02609000,EMPERORS COLG OF TRAD ORIENTAL MED      ,CA,90403-5609,Proprietary  ,4,20,24,4,20,24
02612800,LOS ANGELES RECORDING SCHOOL            ,CA,90028-3112,Proprietary  ,250,234,484,250,234,484
02619300,SAMRA UNIV OF ORIENTAL MEDICINE         ,CA,90015-1019,Private      ,1,19,20,1,19,20
02620300,PLATT COLLEGE                           ,CA,92647-3017,Proprietary  ,7,7,14,7,7,14
03010611,VIRGINIA COLLEGE - GOLF ACADEMY OF AMERI,CA,92008-6512,Proprietary  ,36,45,81,36,45,81
03011300,"CALIF STATE UNIV, SAN MARCOS            ",CA,92096-0001,Public       ,6390,2320,8710,6390,2320,8710
03019900,ADELANTE CAREER INSTITUTE               ,CA,91402-4924,Proprietary  ,2,4,6,2,4,6
03025600,DELL'ARTE SCH OF PHYSICAL THEATRE       ,CA,95525-0816,Private      ,2,16,18,2,16,18
03027700,PACIFIC COLLEGE OF ORIENTAL MED         ,CA,92108-4408,Proprietary  ,6,96,102,6,96,102
03029600,POMONA ADULT SCHOOL                     ,CA,91766-0000,Public       ,9,13,22,9,13,22
03031409,INTERNATIONAL ACADEMY OF DESIGN AND TECH,CA,95834-9664,Proprietary  ,61,46,107,61,46,107
03034000,HEALD COLLEGE                           ,CA,93906-5100,Proprietary  ,185,289,474,185,289,474
03035700,LAS POSITAS COLLEGE                     ,CA,94551-6750,Public       ,603,334,937,603,334,937
03039900,FREMONT COLLEGE                         ,CA,90703-5342,Proprietary  ,29,43,72,29,43,72
03043900,NEWSCHOOL OF ARCHITECTURE & DESIGN      ,CA,92101-6634,Proprietary  ,141,182,323,141,182,323
03044500,KAPLAN COLLEGE                          ,CA,91402-4222,Proprietary  ,21,67,88,21,67,88
03054100,ROYALE COLLEGE OF BEAUTY                ,CA,92590-2525,Proprietary  ,7,5,12,7,5,12
03062300,WESTECH COLLEGE                         ,CA,91764-4988,Proprietary  ,24,60,84,24,60,84
03062400,MT DIABLO ADULT EDUC LOMA VISTA CTR     ,CA,94518-1122,Public       ,21,14,35,21,14,35
03062700,PLATT COLLEGE                           ,CA,90041-0000,Proprietary  ,52,51,103,52,51,103
03062701,PLATT COLLEGE                           ,CA,91764-0000,Proprietary  ,55,76,131,55,76,131
03063400,MODERN TECHNOLOGY SCHOOL                ,CA,92708-9821,Proprietary  ,13,35,48,13,35,48
03067400,BALDWIN PARK ADULT SCHOOL               ,CA,91706-4897,Public       ,11,18,29,11,18,29
03067500,INSTITUTE OF TECHNOLOGY                 ,CA,93612-3217,Proprietary  ,184,399,583,184,399,583
03069500,SAGE COLLEGE                            ,CA,92557-6720,Proprietary  ,26,95,121,26,95,121
03070400,ITT TECHNICAL INSTITUTE                 ,CA,92408-3519,Proprietary  ,357,438,795,357,438,795
03072300,EVEREST COLLEGE                         ,CA,91761-3222,Proprietary  ,59,119,178,59,119,178
03072700,WESTWOOD COLLEGE - LOS ANGELES          ,CA,90010-1577,Proprietary  ,581,377,958,581,377,958
03074900,MARTINEZ ADULT CENTER                   ,CA,94553-3298,Public       ,2,4,6,2,4,6
03078200,AMERICAN CLG TRADITIONAL CHINESE MD     ,CA,94107-2813,Private      ,5,89,94,5,89,94
03084700,VENTURA ADULT\CONTINUING EDUCATION      ,CA,93003-7313,Public       ,4,13,17,4,13,17
03087400,ITT TECHNICAL INSTITUTE                 ,CA,90502-1356,Proprietary  ,103,111,214,103,111,214
03094400,ELITE PROGRESSIVE SCHOOL OF COSM        ,CA,95841-2909,Proprietary  ,93,79,172,93,79,172
03097700,CENTRAL CALIF SCH CONTINUING EDUC       ,CA,93401-6739,Proprietary  ,5,9,14,5,9,14
03098200,YO SAN UNIV TRADITIONAL CHINESE MED     ,CA,90066-1103,Private      ,0,31,31,0,31,31
03105700,MONTEREY PARK COLLEGE                   ,CA,91754-2416,Proprietary  ,24,13,37,24,13,37
03108100,SUMMIT CAREER COLLEGE                   ,CA,92324-3956,Proprietary  ,60,168,228,60,168,228
03109500,DONGGUK ROYAL UNIVERSITY                ,CA,90020-1765,Private      ,2,15,17,2,15,17
03113300,MCED CAREER COLLEGE                     ,CA,93727-1620,Proprietary  ,29,306,335,29,306,335
03113600,SOUTHERN CALIFORNIA INST OF TECHNOL     ,CA,92805-3758,Proprietary  ,30,306,336,30,306,336
03115400,LYLE'S FRESNO COLLEGE OF BEAUTY         ,CA,93710-0000,Proprietary  ,22,5,27,22,5,27
03116600,EAST SAN GABRIEL VLY REG OCCUP PROG     ,CA,91790-2105,Public       ,8,7,15,8,7,15
03125300,JOHN WESLEY INTER. BARBER & BTY CLG     ,CA,90813-4321,Proprietary  ,1,6,7,1,6,7
03125400,ART INSTITUTE OF CALIFORNIA-HOLLYWOOD (T,CA,90010-1014,Proprietary  ,504,362,866,504,362,866
03125800,PREMIERE CAREER COLLEGE                 ,CA,91706-3746,Proprietary  ,2,7,9,2,7,9
03126800,PACIFICA GRADUATE INSTITUTE             ,CA,93013-0000,Proprietary  ,1,205,206,1,205,206
03128700,MT SIERRA COLLEGE                       ,CA,91016-3414,Proprietary  ,96,120,216,96,120,216
03131300,FIVE BRANCHES UNIVERSITY                ,CA,95062-4669,Private      ,10,87,97,10,87,97
03144400,AMERICAN CLG OF HEALTH PROFESSIONS      ,CA,92374-0000,Proprietary  ,7,9,16,7,9,16
03150500,VIRGINIA SEWING MACHINES & SCH CTR      ,CA,90015-3535,Proprietary  ,1,0,1,1,0,1
03162300,FOUR-D SUCCESS ACADEMY                  ,CA,92324-4218,Proprietary  ,26,191,217,26,191,217
03163300,PACIFIC STATES UNIVERSITY               ,CA,90006-4298,Private      ,13,15,28,13,15,28
03195400,EVEREST COLLEGE                         ,CA,90501-2867,Proprietary  ,9,18,27,9,18,27
03210300,CALIFORNIA SCHOOL OF CULINARY ARTS      ,CA,91101-5221,Proprietary  ,597,358,955,597,358,955
03225300,AMERICAN UNIVERSITY OF HEALTH SCIENCES  ,CA,90755-3612,Proprietary  ,29,42,71,29,42,71
03242300,CAREER NETWORK INSTITUTE                ,CA,92868-4710,Proprietary  ,7,34,41,7,34,41
03250300,COMMUNITY BASED EDUCATION AND DEVEL     ,CA,90036-1137,Private      ,5,11,16,5,11,16
03260300,CALIFORNIA STATE U-MONTEREY BAY         ,CA,93955-8001,Public       ,4900,1004,5904,4900,1004,5904
03266300,BETHESDA CHRISTIAN UNIVERSITY           ,CA,92801-4132,Private      ,2,8,10,2,8,10
03278300,CLARITA CAREER COLLEGE                  ,CA,91351-5432,Proprietary  ,39,138,177,39,138,177
03282300,KIM ANH ACADEMY OF BEAUTY               ,CA,92683-4605,Proprietary  ,0,1,1,0,1,1
03288300,ACAD CHINESE CULTURE & HEALTH SCIS      ,CA,94512-0000,Private      ,2,21,23,2,21,23
03299300,PACIFIC COLLEGE                         ,CA,92626-3160,Proprietary  ,15,50,65,15,50,65
03308300,KENSINGTON COLLEGE                      ,CA,92705-8708,Proprietary  ,0,5,5,0,5,5
03321300,SCRIPPS RESEARCH INSTITUTE (THE)        ,CA,92037-0000,Private      ,5,35,40,5,35,40
03327400,ACUPUNCTURE AND INTEGRATIVE MEDICINE COL,CA,94704-2724,Private      ,1,77,78,1,77,78
03332300,SOUTHERN CA BIBLE CLG & SEMINARY        ,CA,92019-1109,Private      ,2,35,37,2,35,37
03359300,ST. FRANCIS CAREER COLLEGE              ,CA,90262-2659,Private      ,28,146,174,28,146,174
03367300,PROFESSIONAL GOLFERS CAREER COLLEGE     ,CA,92591-6013,Proprietary  ,53,78,131,53,78,131
03394300,REMINGTON COLLEGE - SAN DIEGO CAMPUS    ,CA,92108-3002,Proprietary  ,65,139,204,65,139,204
03395300,INTERNATIONAL CAREER DEVELOPMENT        ,CA,90027-5794,Proprietary  ,30,116,146,30,116,146
03399300,NORTHWESTERN TECHNICAL COLLEGE          ,CA,95670-4443,Proprietary  ,21,103,124,21,103,124
03403300,TRINITY LIFE BIBLE COLLEGE              ,CA,95842-3546,Private      ,47,94,141,47,94,141
03413400,ENGLISH CENTER  (THE)                   ,CA,94607-3734,Private      ,5,39,44,5,39,44
03427400,CAREER COLLEGES OF AMERICA              ,CA,90280-7420,Proprietary  ,52,300,352,52,300,352
03427500,ANTELOPE VALLEY MEDICAL COLLEGE         ,CA,93534-3324,Proprietary  ,48,68,116,48,68,116
03440400,MARIAN HEALTH CAREERS CENTER            ,CA,90010-1728,Proprietary  ,9,9,18,9,9,18
03441400,VALLEY CAREER COLLEGE                   ,CA,92020-3057,Proprietary  ,32,87,119,32,87,119
03455900,VALLECITOS CENTER FOR EMPLOYMENT TR     ,CA,94541-5027,Private      ,1,3,4,1,3,4
03458300,MY LE'S BEAUTY COLLEGE                  ,CA,95824-3039,Proprietary  ,15,10,25,15,10,25
03467300,MARINELLO SCHOOL OF BEAUTY              ,CA,92545-3661,Proprietary  ,6,17,23,6,17,23
03467301,CALIFORNIA BEAUTY COLLEGE - DESERT HOT S,CA,92240-1307,Proprietary  ,4,1,5,4,1,5
03474700,OPPORTUNITIES INDUSTRIALIZATION CEN     ,CA,94025-1413,Private      ,1,1,2,1,1,2
03479300,PROFESSIONAL CAREER INSTITUTE           ,CA,90703-2522,Proprietary  ,20,12,32,20,12,32
03479400,DONALD VOCATIONAL SCHOOL                ,CA,90010-1718,Proprietary  ,3,1,4,3,1,4
03485400,JAMES ALBERT SCHOOL OF COSMETOLOGY      ,CA,92627-3831,Proprietary  ,7,6,13,7,6,13
03485401,JAMES ALBERT SCHOOL OF COSMETOLOGY - ANA,CA,92804-5384,Proprietary  ,4,5,9,4,5,9
03516300,THE KING'S COLLEGE AND SEMINARY         ,CA,91405-2233,Private      ,17,49,66,17,49,66
03542400,COPPER MOUNTAIN COLLEGE                 ,CA,92252-6102,Public       ,177,349,526,177,349,526
03577300,COBA ACADEMY                            ,CA,92866-1407,Proprietary  ,4,5,9,4,5,9
03590400,NTMA TRAINING CENTERS OF SOUTHERN C     ,CA,90650-6099,Private      ,3,9,12,3,9,12
03592400,CITY OF HOPE GRADUATE SCHOOL            ,CA,91010-0000,Private      ,1,10,11,1,10,11
03598300,AVALON BEAUTY COLLEGE                   ,CA,93103-3137,Proprietary  ,13,4,17,13,4,17
03614300,UNITED BEAUTY COLLEGE                   ,CA,91733-0000,Proprietary  ,1,0,1,1,0,1
03621300,LIBERTY TRAINING INSTITUTE              ,CA,90057-3202,Proprietary  ,1,0,1,1,0,1
03639300,WEST COAST ULTRASOUND INSTITUTE         ,CA,90211-3312,Proprietary  ,25,74,99,25,74,99
03646300,DESIGN'S SCHOOL OF COSMETOLOGY          ,CA,93446-1471,Proprietary  ,10,6,16,10,6,16
03681300,CALIFORNIA HEALING ARTS COLLEGE         ,CA,90025-2589,Proprietary  ,9,12,21,9,12,21
03695400,SALVATION ARMY CRESTMONT COLLEGE (THE)  ,CA,90275-5301,Private      ,1,1,2,1,1,2
03695700,SANTIAGO CANYON COLLEGE                 ,CA,92869-4512,Public       ,749,330,1079,749,330,1079
03696300,UNIVERSITY OF THE WEST                  ,CA,91770-3709,Private      ,1,12,13,1,12,13
03698300,WEST COAST UNIVERSITY                   ,CA,90004-6818,Proprietary  ,36,361,397,36,361,397
03698400,CA COLLEGE OF VOCATIONAL CAREER         ,CA,93301-1800,Proprietary  ,15,23,38,15,23,38
03736300,ADVANCE BEAUTY COLLEGE                  ,CA,92843-4752,Proprietary  ,4,5,9,4,5,9
03740400,ATI COLLEGE                             ,CA,90650-0000,Proprietary  ,3,7,10,3,7,10
03759300,COMPUTER TUTOR BUSINESS & TECH INST     ,CA,95356-0000,Proprietary  ,4,13,17,4,13,17
03786300,ADVANCED COLLEGE                        ,CA,90280-5255,Proprietary  ,5,29,34,5,29,34
03797400,CAREER CARE INSTITUTE                   ,CA,93534-0000,Proprietary  ,19,57,76,19,57,76
03806300,LAKE COLLEGE                            ,CA,96002-0926,Proprietary  ,15,47,62,15,47,62
03810300,SILICON VALLEY UNIVERSITY               ,CA,95131-1868,Private      ,12,13,25,12,13,25
03814400,SOKA UNIVERSITY OF AMERICA              ,CA,92656-8081,Private      ,286,21,307,286,21,307
03838400,WALTER JAY M.D. INSTITUTE AN EDUCATIONAL,CA,90057-0000,Proprietary  ,3,24,27,3,24,27
03852500,CIT COLLEGE OF INFOMEDICAL TECHNOLOGY   ,CA,92831-3703,Proprietary  ,5,37,42,5,37,42
03853300,KECK GRADUATE INSTITUTE OF APPLIED LIFE ,CA,91711-4817,Private      ,0,26,26,0,26,26
03853400,LADERA CAREER PATHS TRAINING CENTERS    ,CA,90045-1931,Proprietary  ,1,3,4,1,3,4
03868300,WORLD MISSION UNIVERSITY                ,CA,90020-1789,Private      ,2,20,22,2,20,22
03868400,LOS ANGELES MUSIC ACADEMY               ,CA,91105-2540,Proprietary  ,23,16,39,23,16,39
03871300,FOLSOM LAKE COLLEGE                     ,CA,95630-6798,Public       ,697,595,1292,697,595,1292
03874300,CAMBRIDGE JUNIOR COLLEGE                ,CA,95993-0000,Proprietary  ,8,28,36,8,28,36
03874400,COMMMUNITY CHRISTIAN COLLEGE            ,CA,92373-4465,Private      ,16,38,54,16,38,54
03889300,STANBRIDGE COLLEGE                      ,CA,92612-0000,Proprietary  ,13,27,40,13,27,40
03901300,PACIFIC COAST TRADE SCHOOL              ,CA,93033-2441,Proprietary  ,4,3,7,4,3,7
03910400,NATIONAL POLYTECHNIC COLLEGE            ,CA,90040-3066,Proprietary  ,5,12,17,5,12,17
03933300,MUELLER COLLEGE OF HOLISTIC STUDIES     ,CA,92116-2630,Proprietary  ,7,10,17,7,10,17
03962300,AMERICAN INSTITUTE OF MASSAGE THERAPY   ,CA,92705-5463,Proprietary  ,5,5,10,5,5,10
03964400,INTERNATIONAL SCHOOL OF BEAUTY          ,CA,92260-2740,Proprietary  ,14,18,32,14,18,32
03969600,AMERICAN AUTO INSTITUTE                 ,CA,90703-2637,Proprietary  ,15,1,16,15,1,16
03971300,AMERICAN CAREER COLLEGE                 ,CA,91764-4906,Proprietary  ,53,142,195,53,142,195
03973300,EX'PRESSION COLLEGE FOR DIGITAL ARTS    ,CA,94608-1021,Proprietary  ,270,210,480,270,210,480
03974500,CALIFORNIA CAREER COLLEGE               ,CA,91303-2006,Proprietary  ,7,4,11,7,4,11
03976400,CALIFORNIA INSTITUTE OF THE HEALING ARTS,CA,95825-8551,Proprietary  ,10,18,28,10,18,28
03980300,CALIFORNIA STATE UNIVERSITY CHANNEL ISLA,CA,93012-8599,Public       ,3204,896,4100,3204,896,4100
03995300,UNIVERSITY OF EAST-WEST MEDICINE        ,CA,94087-6106,Proprietary  ,4,18,22,4,18,22
03999300,BEAUMONT ADULT SCHOOL                   ,CA,92223-1927,Public       ,4,21,25,4,21,25
04001300,PALACE BEAUTY COLLEGE                   ,CA,90006-4233,Proprietary  ,12,4,16,12,4,16
04001400,MOJAVE BARBER COLLEGE                   ,CA,92395-3201,Proprietary  ,1,6,7,1,6,7
04003300,CSI CAREER COLLEGE                      ,CA,95687-3100,Proprietary  ,12,58,70,12,58,70
04004300,THUY PRINCESS BEAUTY COLLEGE            ,CA,91766-0000,Proprietary  ,3,4,7,3,4,7
04005300,INTERAMERICAN COLLEGE                   ,CA,91950-4437,Private      ,1,16,17,1,16,17
04014400,PALLADIUM TECHNICAL ACADEMY             ,CA,91731-2429,Proprietary  ,2,3,5,2,3,5
04037300,LOS ANGELES FILM SCHOOL (THE)           ,CA,90028-7300,Proprietary  ,213,165,378,213,165,378
04049300,MAXINE WATERS EMPLOYMENT PREPARATION CEN,CA,90059-1023,Public       ,4,11,15,4,11,15
04056300,CAREER COLLEGE OF CALIFORNIA            ,CA,92705-5805,Proprietary  ,7,4,11,7,4,11
04057300,TECHSKILLS OF SACRAMENTO                ,CA,95815-4025,Proprietary  ,24,25,49,24,25,49
04071300,AMERICAN PACIFIC COLLEGE                ,CA,91405-6232,Proprietary  ,2,6,8,2,6,8
04076400,GNOMON SCHOOL OF VISUAL EFFECTS         ,CA,90038-2616,Proprietary  ,12,22,34,12,22,34
04092300,COASTLINE BEAUTY COLLEGE                ,CA,92708-3847,Proprietary  ,2,3,5,2,3,5
04092400,MAKE-UP DESIGNORY                       ,CA,91502-1322,Proprietary  ,64,42,106,64,42,106
04109300,ACADEMY OF BARBERING ARTS (THE)         ,CA,91324-3406,Proprietary  ,6,3,9,6,3,9
04111300,WEST HILLS COLLEGE LEMOORE              ,CA,93245-9248,Public       ,613,559,1172,613,559,1172
04114500,VALLEY COLLEGE OF MEDICAL CAREERS       ,CA,91304-2354,Proprietary  ,2,12,14,2,12,14
04115300,COACHELLA VALLEY BEAUTY COLLEGE         ,CA,92253-2051,Proprietary  ,4,10,14,4,10,14
04116000,VIDEO SYMPHONY ENTERTRAINING            ,CA,91502-3253,Proprietary  ,12,50,62,12,50,62
04119200,CAREER COLLEGE CONSULTANTS              ,CA,90041-2088,Proprietary  ,1,1,2,1,1,2
04127100,"UNIVERSITY OF CALIFORNIA, MERCED        ",CA,95343-5001,Public       ,6744,527,7271,6744,527,7271
04127800,HEALTHY HAIR ACADEMY                    ,CA,90303-3137,Proprietary  ,2,4,6,2,4,6
04127900,TUI UNIVERSITY                          ,CA,90630-5023,Proprietary  ,5,415,420,5,415,420
00184600,BRIAR CLIFF UNIVERSITY                  ,IA,51104-2100,Private      ,832,162,994,832,162,994
00184700,BUENA VISTA UNIVERSITY                  ,IA,50588-9987,Private      ,1056,475,1531,1056,475,1531
00184800,SOUTHEASTERN COMMUNITY COLLEGE          ,IA,52655-0000,Public       ,354,381,735,354,381,735
00185000,CENTRAL COLLEGE                         ,IA,50219-1999,Private      ,1567,36,1603,1567,36,1603
00185200,CLARKE COLLEGE                          ,IA,52001-3198,Private      ,600,161,761,600,161,761
00185400,COE COLLEGE                             ,IA,52402-5092,Private      ,1418,64,1482,1418,64,1482
00185500,DES MOINES UNIV-OSTEOPATHIC MED CTR     ,IA,50312-0000,Private      ,12,618,630,12,618,630
00185600,CORNELL COLLEGE                         ,IA,52314-1098,Private      ,1485,47,1532,1485,47,1532
00185700,SOUTHWESTERN COMMUNITY COLLEGE          ,IA,50801-1098,Public       ,209,139,348,209,139,348
00185800,DIVINE WORD COLLEGE                     ,IA,52045-0380,Private      ,1,5,6,1,5,6
00185900,DORDT COLLEGE                           ,IA,51250-1697,Private      ,951,17,968,951,17,968
00186000,DRAKE UNIVERSITY                        ,IA,50311-4505,Private      ,3482,1259,4741,3482,1259,4741
00186200,ELLSWORTH COMMUNITY COLLEGE             ,IA,50126-1199,Public       ,289,61,350,289,61,350
00186400,IOWA LAKES COMMUNITY COLLEGE            ,IA,51334-2234,Public       ,536,206,742,536,206,742
00186500,IOWA CENTRAL COMMUNITY COLLEGE          ,IA,50501-0000,Public       ,1180,468,1648,1180,468,1648
00186600,GRACELAND UNIVERSITY                    ,IA,50140-1699,Private      ,407,217,624,407,217,624
00186700,GRAND VIEW UNIVERSITY                   ,IA,50316-1599,Private      ,922,375,1297,922,375,1297
00186800,GRINNELL COLLEGE                        ,IA,50112-1690,Private      ,2090,24,2114,2090,24,2114
00186900,IOWA STATE UNIV SCIENCE & TECHNOLOG     ,IA,50011-2028,Public       ,14920,2853,17773,14920,2853,17773
00187100,IOWA WESLEYAN COLLEGE                   ,IA,52641-1398,Private      ,353,131,484,353,131,484
00187300,LORAS COLLEGE                           ,IA,52004-0178,Private      ,1192,62,1254,1192,62,1254
00187400,LUTHER COLLEGE                          ,IA,52101-1045,Private      ,2155,32,2187,2155,32,2187
00187500,MARSHALLTOWN COMMUNITY COLLEGE          ,IA,50158-4760,Public       ,265,164,429,265,164,429
00187700,NORTH IOWA AREA COMMUNITY COLLEGE       ,IA,50401-7299,Public       ,783,249,1032,783,249,1032
00187900,MORNINGSIDE COLLEGE                     ,IA,51106-1751,Private      ,1181,144,1325,1181,144,1325
00188000,MOUNT MERCY COLLEGE                     ,IA,52402-4797,Private      ,732,326,1058,732,326,1058
00188100,ASHFORD UNIVERSITY                      ,IA,52732-3997,Proprietary  ,390,5128,5518,390,5128,5518
00188300,NORTHWESTERN COLLEGE                    ,IA,51041-1996,Private      ,956,24,980,956,24,980
00188700,SIMPSON COLLEGE                         ,IA,50125-1297,Private      ,1464,155,1619,1464,155,1619
00188900,ST AMBROSE UNIVERSITY                   ,IA,52803-2898,Private      ,1655,426,2081,1655,426,2081
00189000,UNIVERSITY OF NORTHERN IOWA             ,IA,50614-0705,Public       ,5995,991,6986,5995,991,6986
00189100,UNIVERSITY OF DUBUQUE                   ,IA,52001-5099,Private      ,923,183,1106,923,183,1106
00189200,UNIVERSITY OF IOWA                      ,IA,52242-1316,Public       ,11194,4653,15847,11194,4653,15847
00189300,UPPER IOWA UNIVERSITY                   ,IA,52142-9206,Private      ,693,1038,1731,693,1038,1731
00189400,VENNARD COLLEGE                         ,IA,52595-0029,Private      ,16,4,20,16,4,20
00189500,WALDORF COLLEGE                         ,IA,50436-1700,Private      ,364,31,395,364,31,395
00189600,WARTBURG COLLEGE                        ,IA,50677-2200,Private      ,2019,30,2049,2019,30,2049
00189700,WARTBURG THEOLOGICAL SEMINARY           ,IA,52004-5004,Private      ,3,55,58,3,55,58
00190000,WILLIAM PENN UNIVERSITY                 ,IA,52577-1799,Private      ,457,412,869,457,412,869
00396300,AIB COLLEGE OF BUSINESS                 ,IA,50321-1799,Private      ,366,260,626,366,260,626
00407500,ESTRN IOWA COMMUNITY COLLEGE DIST       ,IA,52801-1221,Public       ,19,16,35,19,16,35
00407501,CLINTON COMMUNITY COLLEGE               ,IA,52732-0000,Public       ,114,125,239,114,125,239
00407502,MUSCATINE COMMUNITY COLLEGE             ,IA,52761-0000,Public       ,173,97,270,173,97,270
00407503,SCOTT COMMUNITY COLLEGE                 ,IA,52722-0000,Public       ,292,521,813,292,521,813
00407600,KIRKWOOD COMMUNITY COLLEGE              ,IA,52406-2068,Public       ,2374,1319,3693,2374,1319,3693
00423300,MERCY/ST. LUKE'S SCH RAD TECH           ,IA,52402-0000,Private      ,4,3,7,4,3,7
00458600,KAPLAN UNIVERSITY                       ,IA,52807-2095,Proprietary  ,436,12965,13401,436,12965,13401
00458604,KAPLAN UNIVERSITY - CEDAR RAPIDS        ,IA,52404-2998,Proprietary  ,34,218,252,34,218,252
00458605,KAPLAN UNIVERSITY - DES MOINES          ,IA,50323-5702,Proprietary  ,36,216,252,36,216,252
00458606,KAPLAN UNIVERSITY - MASON CITY          ,IA,50401-4665,Proprietary  ,18,115,133,18,115,133
00458607,KAPLAN UNIVERSITY - CEDAR FALLS         ,IA,50613-6309,Proprietary  ,32,205,237,32,205,237
00458610,KAPLAN UNIVERSITY - COUNCIL BLUFFS      ,IA,51503-5289,Proprietary  ,7,126,133,7,126,133
00458700,NORTHEAST IOWA COMMUNITY COLLEGE        ,IA,52132-0400,Public       ,276,184,460,276,184,460
00458701,NORTHEAST IOWA COMMUNITY COLLEGE        ,IA,52068-0000,Public       ,316,245,561,316,245,561
00459500,HAWKEYE COMMUNITY COLLEGE               ,IA,50701-0000,Public       ,1084,439,1523,1084,439,1523
00459800,IOWA WESTERN CMTY CLG-COUNCIL BLUFF     ,IA,51502-0000,Public       ,842,443,1285,842,443,1285
00460000,NORTHWEST IOWA COMMUNITY COLLEGE        ,IA,51201-1046,Public       ,199,75,274,199,75,274
00626700,IOWA METHODIST MEDICAL CENTER SCHOOLS   ,IA,50309-1499,Private      ,7,17,24,7,17,24
00627300,MERCY COLLEGE OF HEALTH SCIENCES        ,IA,50309-1239,Private      ,174,161,335,174,161,335
00712000,DES MOINES AREA CMTY COLLEGE            ,IA,50021-0000,Public       ,2025,1949,3974,2025,1949,3974
00712100,FAITH BAPTIST BIBLE CLG & THEOL SEM     ,IA,50021-0000,Private      ,121,15,136,121,15,136
00729100,ST LUKE'S COLLEGE                       ,IA,51104-0263,Private      ,68,43,111,68,43,111
00731600,WESTERN IOWA TECH COMMUNITY COLLEGE     ,IA,51106-0000,Public       ,447,509,956,447,509,956
00758800,CAPRI COLLEGE                           ,IA,52004-0873,Proprietary  ,18,10,28,18,10,28
00761100,EQ SCHOOL OF HAIR DESIGN                ,IA,51503-0813,Proprietary  ,2,4,6,2,4,6
00765600,AMERICAN COLLEGE OF HARISTYLING -CR     ,IA,52402-0000,Proprietary  ,0,2,2,0,2,2
00765800,AMER COLL OF HAIRSTYLING-DES MOINES     ,IA,50309-5446,Proprietary  ,1,6,7,1,6,7
00765900,LA JAMES COLLEGE OF HAIRSTYLING         ,IA,50401-3308,Proprietary  ,25,8,33,25,8,33
00771700,CAPRI COLLEGE                           ,IA,52807-2622,Proprietary  ,11,7,18,11,7,18
00794100,COLLEGE OF HAIR DESIGN                  ,IA,50703-1834,Proprietary  ,2,4,6,2,4,6
00811600,DAYTON'S SCHOOL OF HAIR DESIGN          ,IA,52601-0000,Proprietary  ,0,2,2,0,2,2
00826000,IOWA SCHOOL OF BEAUTY INC               ,IA,50322-0000,Proprietary  ,8,16,24,8,16,24
00840300,INDIAN HILLS COMMUNITY COLLEGE          ,IA,52501-1398,Public       ,620,491,1111,620,491,1111
00840301,INDIAN HILLS COMMUNITY COLLEGE          ,IA,52544-0000,Public       ,87,77,164,87,77,164
00842400,LA JAMES INTERNATIONAL COLLEGE          ,IA,50501-5577,Proprietary  ,18,11,29,18,11,29
00959300,LA'JAMES COLLEGE OF HAIRSTYLING         ,IA,52240-0000,Proprietary  ,13,7,20,13,7,20
01111300,MAHARISHI UNIV OF MANAGEMENT            ,IA,52557-0001,Private      ,35,58,93,35,58,93
01206400,HAMILTON TECHNICAL COLLEGE              ,IA,52807-2653,Proprietary  ,18,29,47,18,29,47
01230000,PALMER COLLEGE OF CHIROPRACTIC          ,IA,52803-5287,Private      ,47,1655,1702,47,1655,1702
01300600,LA' JAMES INTERNATIONAL COLLEGE-CF      ,IA,50613-5242,Proprietary  ,20,8,28,20,8,28
02090300,CAPRI COLLEGE                           ,IA,52404-0000,Proprietary  ,16,4,20,16,4,20
02134500,LA JAMES INTERNATIONAL COLLEGE - DAV    ,IA,52806-3952,Proprietary  ,9,4,13,9,4,13
02160900,"SALON PROFESSIONAL ACADEMY, THE         ",IA,50010-0000,Proprietary  ,33,12,45,33,12,45
02262500,FAUST INSTITUTE OF COSMETOLOGY          ,IA,50588-0000,Proprietary  ,7,1,8,7,1,8
02274100,LA' JAMES INTERNATIONAL COLLEGE - DM    ,IA,50131-0000,Proprietary  ,26,17,43,26,17,43
02289000,AMERICAN HAIR ACADEMY                   ,IA,52627-4530,Proprietary  ,4,3,7,4,3,7
02306900,IOWA SCHOOL OF BEAUTY                   ,IA,52501-0000,Proprietary  ,3,2,5,3,2,5
02328900,EMMAUS BIBLE COLLEGE                    ,IA,52001-0000,Private      ,84,8,92,84,8,92
02330900,IOWA SCHOOL OF BEAUTY                   ,IA,50158-0000,Proprietary  ,1,3,4,1,3,4
02333200,DAYTON'S SCHOOL OF HAIR DESIGN          ,IA,52632-0000,Proprietary  ,0,1,1,0,1,1
02609200,VATTEROTT COLLEGE                       ,IA,50321-4704,Proprietary  ,12,69,81,12,69,81
03069100,ALLEN COLLEGE                           ,IA,50703-1916,Private      ,178,103,281,178,103,281
03441300,IOWA SCHOOL OF BEAUTY                   ,IA,51106-5111,Proprietary  ,4,7,11,4,7,11
03607400,TOTAL LOOK SCHOOL OF COSMETOLOGY AND MAS,IA,52136-1053,Proprietary  ,1,1,2,1,1,2
03720300,CARLSON COLLEGE OF MASSAGE THERAPY      ,IA,52205-7519,Proprietary  ,7,7,14,7,7,14
04089300,BIO-CHI INSTITUTE OF MASSAGE THERAPY    ,IA,51103-2138,Proprietary  ,0,3,3,0,3,3
00259600,ATLANTIC COMMUNITY COLLEGE              ,NJ,08330-2699,Public       ,677,562,1239,677,562,1239
00259700,BLOOMFIELD COLLEGE                      ,NJ,07003-3425,Private      ,1223,415,1638,1223,415,1638
00259800,CALDWELL COLLEGE                        ,NJ,07006-6195,Private      ,838,271,1109,838,271,1109
00259900,CENTENARY COLLEGE                       ,NJ,07840-2184,Private      ,870,227,1097,870,227,1097
00260000,COLLEGE OF SAINT ELIZABETH              ,NJ,07960-6989,Private      ,393,164,557,393,164,557
00260100,CUMBERLAND COUNTY COLLEGE               ,NJ,08362-0517,Public       ,462,370,832,462,370,832
00260300,DREW UNIVERSITY                         ,NJ,07940-4063,Private      ,2726,218,2944,2726,218,2944
00260700,FAIRLEIGH DICKINSON UNIV-TEANECK        ,NJ,07666-1996,Private      ,1851,592,2443,1851,592,2443
00260701,FAIRLEIGH DICKINSON UNIV-FLORHAM        ,NJ,07940-0000,Private      ,1759,197,1956,1759,197,1956
00260702,FAIRLEIGH DICKINSON UNIV-ED WMS CLG     ,NJ,07601-0000,Private      ,81,33,114,81,33,114
00260703,FAIRLEIGH DICKINSON UNIVERSITY          ,NJ,07940-0000,Private      ,1187,223,1410,1187,223,1410
00260800,GEORGIAN COURT UNIVERSITY               ,NJ,08701-2697,Private      ,584,354,938,584,354,938
00260900,ROWAN UNIVERSITY                        ,NJ,08028-1702,Public       ,6532,988,7520,6532,988,7520
00261000,FELICIAN COLLEGE                        ,NJ,07644-2198,Private      ,796,195,991,796,195,991
00261300,NEW JERSEY CITY UNIVERSITY              ,NJ,07305-1597,Public       ,1679,988,2667,1679,988,2667
00261500,MIDDLESEX COUNTY COLLEGE                ,NJ,08818-3050,Public       ,1393,684,2077,1393,684,2077
00261600,MONMOUTH UNIVERSITY                     ,NJ,07764-1898,Private      ,4526,499,5025,4526,499,5025
00261700,MONTCLAIR STATE UNIVERSITY              ,NJ,07043-9987,Public       ,8932,1822,10754,8932,1822,10754
00261900,NEW BRUNSWICK THEOLOGICAL SEMINARY      ,NJ,08901-0000,Private      ,16,23,39,16,23,39
00262100,NEW JERSEY INST OF TECHNOLOGY           ,NJ,07102-1982,Public       ,2472,472,2944,2472,472,2944
00262200,KEAN UNIVERSITY                         ,NJ,07083-7131,Public       ,4667,1848,6515,4667,1848,6515
00262400,OCEAN COUNTY COLLEGE                    ,NJ,08754-2001,Public       ,1134,484,1618,1134,484,1618
00262500,WILLIAM PATERSON UNIVERSITY             ,NJ,07470-2152,Public       ,4856,986,5842,4856,986,5842
00262600,PRINCETON THEOLOGICAL SEMINARY          ,NJ,08542-0000,Private      ,6,281,287,6,281,287
00262700,PRINCETON UNIVERSITY                    ,NJ,08544-0001,Private      ,10874,980,11854,10874,980,11854
00262800,RIDER UNIVERSITY                        ,NJ,08648-3099,Private      ,4803,591,5394,4803,591,5394
00262900,"RUTGERS, THE STATE UNIVERSITY OF NJ     ",NJ,08901-1281,Public       ,27245,8902,36147,27245,8902,36147
00263200,SETON HALL UNIVERSITY                   ,NJ,07079-2697,Private      ,7193,1274,8467,7193,1274,8467
00263201,SETON HALL UNIVERSITY - SCHOOL OF LAW   ,NJ,07079-5210,Private      ,136,1291,1427,136,1291,1427
00263800,ST PETER'S COLLEGE                      ,NJ,07306-5997,Private      ,1703,203,1906,1703,203,1906
00263900,STEVENS INSTITUTE OF TECHNOLOGY         ,NJ,07030-5370,Private      ,2034,102,2136,2034,102,2136
00264200,COLLEGE OF NEW JERSEY (THE)             ,NJ,08628-0718,Public       ,7535,360,7895,7535,360,7895
00264300,UNION COUNTY COLLEGE                    ,NJ,07016-1598,Public       ,737,791,1528,737,791,1528
00473600,BERGEN COMMUNITY COLLEGE                ,NJ,07652-1595,Public       ,1385,559,1944,1385,559,1944
00474000,MERCER COUNTY COMMUNITY COLLEGE         ,NJ,08690-0000,Public       ,664,670,1334,664,670,1334
00539900,MONMOUTH COUNTY VOCATIONAL SCH DIST     ,NJ,07728-5033,Public       ,13,7,20,13,7,20
00545200,TETERBORO SCH OF AERONAUTICS            ,NJ,07608-1083,Proprietary  ,1,14,15,1,14,15
00546000,SOMERSET COUNTY TECHNICAL INSTITUTE     ,NJ,08807-0350,Public       ,5,15,20,5,15,20
00546100,SALEM COMMUNITY COLLEGE                 ,NJ,08069-2799,Public       ,101,88,189,101,88,189
00641000,C E GREGORY SCHOOL OF NURSING           ,NJ,08857-0000,Private      ,9,11,20,9,11,20
00641700,HOLY NAME HOSPITAL SCH OF NURSING       ,NJ,07666-4254,Private      ,34,29,63,34,29,63
00642000,MOUNTAINSIDE HOSP SCH NRSG              ,NJ,07042-4898,Proprietary  ,14,32,46,14,32,46
00642100,MUHLENBERG SNYDER SCHOOLS               ,NJ,07061-3399,Private      ,40,92,132,40,92,132
00642900,ST FRANCIS MEDICAL CTR SCH NURSING      ,NJ,08629-1986,Private      ,14,18,32,14,18,32
00642902,ST FRANCIS MED CTR RAD TECH             ,NJ,08629-0000,Private      ,4,3,7,4,3,7
00686500,CAMDEN COUNTY COLLEGE                   ,NJ,08012-3240,Public       ,1493,1319,2812,1493,1319,2812
00690100,GLOUCESTER COUNTY COLLEGE               ,NJ,08080-4249,Public       ,808,342,1150,808,342,1150
00710700,ESSEX COUNTY COLLEGE                    ,NJ,07102-1798,Public       ,961,1352,2313,961,1352,2313
00750200,BERKELEY COLLEGE                        ,NJ,07424-3367,Proprietary  ,513,347,860,513,347,860
00750201,BERKELEY COLLEGE                        ,NJ,07095-0000,Proprietary  ,161,85,246,161,85,246
00750202,BERKELEY COLLEGE - PARAMUS              ,NJ,07652-2931,Proprietary  ,153,73,226,153,73,226
00750600,LINCOLN TECHNICAL INSTITUTE             ,NJ,07083-5032,Proprietary  ,59,38,97,59,38,97
00750601,LINCOLN TECHNICAL INSTITUTE             ,NJ,07430-0000,Proprietary  ,82,50,132,82,50,132
00750700,GIBBS COLLEGE                           ,NJ,07039-1611,Proprietary  ,124,276,400,124,276,400
00750701,KATHARINE GIBBS - PISCATAWAY            ,NJ,08854-0000,Proprietary  ,33,61,94,33,61,94
00759300,PARISIAN BEAUTY ACADEMY                 ,NJ,07601-5509,Proprietary  ,9,5,14,9,5,14
00772900,COUNTY COLLEGE OF MORRIS                ,NJ,07869-0000,Public       ,816,225,1041,816,225,1041
00773000,BURLINGTON COUNTY COLLEGE               ,NJ,08068-1599,Public       ,923,666,1589,923,666,1589
00773100,RARITAN VALLEY COMMUNITY COLLEGE        ,NJ,08876-1265,Public       ,485,213,698,485,213,698
00794700,BETH MEDRASH GOVOHA OF AMERICA          ,NJ,08701-0000,Private      ,1,3,4,1,3,4
00840400,BROOKDALE COMMUNITY COLLEGE             ,NJ,07738-1597,Public       ,1231,617,1848,1231,617,1848
00844101,ANTHEM INSTITUTE                        ,NJ,08002-0000,Proprietary  ,4,11,15,4,11,15
00849400,HO HO KUS SCHL OF TRADE & TECH SCIENCES ,NJ,07513-1402,Proprietary  ,6,6,12,6,6,12
00860900,RABBINICAL COLLEGE OF AMERICA           ,NJ,07960-3600,Private      ,1,0,1,1,0,1
00907800,CAPRI INSTITUTE OF HAIR DESIGN          ,NJ,07011-2111,Proprietary  ,3,3,6,3,3,6
00934400,RAMAPO COLLEGE OF NEW JERSEY            ,NJ,07430-1680,Public       ,3751,277,4028,3751,277,4028
00934500,RICHARD STOCKTON COLLEGE OF NJ          ,NJ,08240-0195,Public       ,4113,893,5006,4113,893,5006
00982804,EVEREST INSTITUTE - SOUTH PLAINFIELD    ,NJ,07080-1125,Proprietary  ,0,20,20,0,20,20
00999400,PASSAIC COUNTY COMMUNITY COLLEGE        ,NJ,07505-1179,Public       ,465,424,889,465,424,889
01039400,UNIV OF MEDICINE & DENTISTRY OF NJ      ,NJ,07107-0000,Public       ,85,1493,1578,85,1493,1578
01062900,P B COSMETOLOGY EDUCATION CENTRE        ,NJ,08030-1750,Proprietary  ,16,7,23,16,7,23
01085100,ANTHEM INSTITUTE                        ,NJ,07054-3409,Proprietary  ,72,185,257,72,185,257
01085101,ANTHEM INSTITUTE                        ,NJ,07306-0000,Proprietary  ,14,9,23,14,9,23
01085102,ANTHEM INSTITUTE                        ,NJ,08902-0000,Proprietary  ,7,12,19,7,12,19
01090300,RIZZIERI INSTITUTE                      ,NJ,08053-1800,Proprietary  ,14,12,26,14,12,26
01152300,MORRIS COUNTY SCHOOL OF TECHNOLOGY      ,NJ,07834-0000,Public       ,11,4,15,11,4,15
01170800,NATURAL MOTION INST OF HAIR DESIGN      ,NJ,07306-5496,Proprietary  ,3,6,9,3,6,9
01198900,TALMUDICAL ACADEMY                      ,NJ,07710-0000,Private      ,1,0,1,1,0,1
01209000,REIGNBOW BEAUTY ACADEMY                 ,NJ,08861-4118,Proprietary  ,2,1,3,2,1,3
01234600,DOVER BUSINESS COLLEGE                  ,NJ,07652-0000,Proprietary  ,20,76,96,20,76,96
01234602,DOVER BUSINESS COLLEGE                  ,NJ,07801-4643,Proprietary  ,8,23,31,8,23,31
01246100,LINCOLN TECHNICAL INSTITUTE             ,NJ,08820-2896,Proprietary  ,70,84,154,70,84,154
01246102,LINCOLN TECHNICAL INSTITUTE             ,NJ,08054-0000,Proprietary  ,12,51,63,12,51,63
01246103,LINCOLN TECHNICAL INSTITUTE             ,NJ,07652-2106,Proprietary  ,33,10,43,33,10,43
01246200,HOHOKUS - HACKENSACK SCHOOL OF BUSINESS ,NJ,07601-7197,Proprietary  ,22,102,124,22,102,124
01295400,HUDSON COUNTY COMMUNITY COLLEGE         ,NJ,07306-4012,Public       ,498,580,1078,498,580,1078
02053700,EASTWICK COLLEGE                        ,NJ,07446-0000,Proprietary  ,12,51,63,12,51,63
02061800,ROMAN ACADEMY OF BEAUTY CULTURE         ,NJ,07506-0000,Proprietary  ,1,1,2,1,1,2
02092300,HOHOKUS SCHOOL - RETS/NUTLEY            ,NJ,07110-0000,Proprietary  ,16,44,60,16,44,60
02103700,CAPRI INSTITUTE OF HAIR DESIGN          ,NJ,07652-0000,Proprietary  ,4,2,6,4,2,6
02104000,HARRIS SCHOOL OF BUSINESS               ,NJ,08002-2983,Proprietary  ,7,43,50,7,43,50
02131100,DU CRET SCHOOL OF THE ARTS              ,NJ,07060-0000,Private      ,3,2,5,3,2,5
02131600,PENNCO TECH                             ,NJ,08012-0000,Proprietary  ,14,8,22,14,8,22
02132300,BERDAN INSTITUTE                        ,NJ,07512-0000,Proprietary  ,10,5,15,10,5,15
02146800,JOE KUBERT SCH OF CARTOON & GRAPHIC     ,NJ,07801-0000,Proprietary  ,25,10,35,25,10,35
02149800,EMPIRE BEAUTY SCHOOL                    ,NJ,08021-0000,Proprietary  ,5,40,45,5,40,45
02149801,EMPIRE BEAUTY SCHOOL - BORDENTOWN       ,NJ,08505-1513,Proprietary  ,1,2,3,1,2,3
02154000,DIVERS ACAD OF EASTERN SEABOARD         ,NJ,08081-1139,Proprietary  ,2,9,11,2,9,11
02183600,CAPRI INSTITUTE OF HAIR DESIGN          ,NJ,07033-0000,Proprietary  ,0,1,1,0,1,1
02192200,THOMAS EDISON STATE COLLEGE             ,NJ,08608-0000,Public       ,79,873,952,79,873,952
02219600,OMEGA INSTITUTE                         ,NJ,08109-0000,Proprietary  ,4,18,22,4,18,22
02223700,NEW HORIZON INST OF COSMETOLOGY         ,NJ,07093-0000,Proprietary  ,0,1,1,0,1,1
02223900,DRAKE COLLEGE OF BUSINESS               ,NJ,07201-0000,Proprietary  ,3,22,25,3,22,25
02232500,UNION COUNTY VOCATIONAL TECH INST       ,NJ,07076-0000,Public       ,11,15,26,11,15,26
02234600,SHORE BEAUTY SCHOOL                     ,NJ,08232-0000,Proprietary  ,3,5,8,3,5,8
02246000,ROSS UNIVERSITY - MEDICAL SCHOOL        ,NJ,08837-0000,Proprietary  ,10,2227,2237,10,2227,2237
02248600,COOPER HEALTH SYS-CTR ALLIED HEALTH     ,NJ,08103-0000,Private      ,2,17,19,2,17,19
02252700,CONCORDE SCHOOL OF HAIR DESIGN          ,NJ,07712-0000,Proprietary  ,4,18,22,4,18,22
02261800,EUROPEAN ACADEMY OF COSMETOLOGY         ,NJ,07083-0000,Proprietary  ,3,20,23,3,20,23
02265500,CAPRI INSTITUTE OF HAIR DESIGN          ,NJ,08724-0000,Proprietary  ,3,4,7,3,4,7
02277900,ROSS UNIV - SCH OF VETERINARY MED       ,NJ,08837-0000,Proprietary  ,1,663,664,1,663,664
02291000,ENGINE CITY TECHNICAL INSTITUTE         ,NJ,07080-2424,Proprietary  ,5,1,6,5,1,6
02312000,BERGEN COUNTY TECHNICAL SCHOOLS         ,NJ,07601-6110,Public       ,9,1,10,9,1,10
02344200,EMPIRE BEAUTY SCHOOL                    ,NJ,08002-0000,Proprietary  ,15,32,47,15,32,47
02503900,WARREN COUNTY COMMUNITY COLLEGE         ,NJ,07882-0000,Public       ,140,75,215,140,75,215
02523700,OCEAN COUNTY VOCATIONAL-TECH SCHOOL     ,NJ,08753-0000,Public       ,25,18,43,25,18,43
02525900,ARTISTIC ACADEMY OF HAIR DESIGN         ,NJ,07950-1409,Proprietary  ,10,5,15,10,5,15
02528200,REIGNBOW BEAUTY ACADEMY                 ,NJ,07060-0000,Proprietary  ,0,1,1,0,1,1
02539903,STAR TECHNICAL INSTITUTE-EGG HARBOR     ,NJ,08234-0000,Proprietary  ,5,2,7,5,2,7
02558700,PRISM CAREER INSTITUTE                  ,NJ,08037-0000,Proprietary  ,3,15,18,3,15,18
02568800,SUSSEX COUNTY COMMUNITY COLLEGE         ,NJ,07860-1149,Public       ,329,117,446,329,117,446
02586900,HARRIS SCHOOL OF BUSINESS               ,NJ,08084-1520,Proprietary  ,2,7,9,2,7,9
02586901,STAR TECHNICAL INSTITUTE - LAKEWOOD     ,NJ,08701-0000,Proprietary  ,6,48,54,6,48,54
02615401,STAR TECHNICAL INSTITUTE -              ,NJ,07102-4599,Proprietary  ,8,88,96,8,88,96
02616402,SANFORD-BROWN INSTITUTE - ISELIN        ,NJ,08830-0000,Proprietary  ,61,259,320,61,259,320
03122600,EASTERN INTERNATIONAL COLLEGE           ,NJ,07306-3906,Proprietary  ,4,6,10,4,6,10
03187300,STENOTECH CAREER INSTITUTE              ,NJ,07004-3490,Proprietary  ,4,0,4,4,0,4
03197300,INSTITUTE FOR HEALTH EDUCATION(THE)     ,NJ,07306-2929,Proprietary  ,1,2,3,1,2,3
03324300,CENTRAL CAREER SCHOOL                   ,NJ,07080-2408,Proprietary  ,0,2,2,0,2,2
03389300,ACADEMY OF MASSAGE THERAPY              ,NJ,07631-0000,Proprietary  ,4,2,6,4,2,6
03424500,NEW COMMUNITY WORKFORCE DEVELOPMENT     ,NJ,07103-2402,Private      ,2,7,9,2,7,9
03530300,"KEY SKILLS LEARNING, INC.               ",NJ,07013-1900,Proprietary  ,1,3,4,1,3,4
03536300,INSTITUTE FOR THERAPEUTIC MASSAGE       ,NJ,07420-1452,Proprietary  ,3,11,14,3,11,14
03574400,CORTIVA INSTITUTE - SOMERSET SCHOOL OF M,NJ,08854-3908,Proprietary  ,1,4,5,1,4,5
03625300,PERFORMANCE TRAINING INSTITUTE          ,NJ,08753-0000,Proprietary  ,1,1,2,1,1,2
03629300,HELMA INSTITUTE OF MASSAGE THERAPY      ,NJ,07663-6200,Proprietary  ,0,2,2,0,2,2
03637300,METRO AUTO ELECTRONICS TRAINING INSTITUT,NJ,07033-1798,Proprietary  ,2,1,3,2,1,3
03650600,PC AGE                                  ,NJ,07306-3936,Proprietary  ,1,1,2,1,1,2
03650603,PC AGE                                  ,NJ,08817-2842,Proprietary  ,1,0,1,1,0,1
03666300,SOMERSET CHRISTIAN COLLEGE              ,NJ,08890-9035,Private      ,12,21,33,12,21,33
03769300,PC TECH LEARNING CENTER                 ,NJ,07306-9900,Proprietary  ,0,3,3,0,3,3
03803300,HEALTHCARE TRAINING INSTITUTE           ,NJ,07083-3504,Proprietary  ,0,16,16,0,16,16
03811300,EASTERN SCHOOL OF ACUPUNCTURE AND TRADIT,NJ,07042-3562,Proprietary  ,2,14,16,2,14,16
04125000,GENTLE HEALING SCHOOL OF MASSAGE        ,NJ,08512-3600,Proprietary  ,0,2,2,0,2,2
        ,BROOKLYN LAW SCHOOL                     ,NY,11201-0000,Private      ,19,2076,2095,19,2076,2095
00266500,VAUGHN COLLEGE OF AERONAUTICS AND TECHNO,NY,11369-9997,Private      ,221,90,311,221,90,311
00266600,ADELPHI UNIVERSITY                      ,NY,11530-4299,Private      ,4967,1799,6766,4967,1799,6766
00266700,DOWLING COLLEGE                         ,NY,11769-1999,Private      ,1322,448,1770,1322,448,1770
00266800,ALFRED UNIVERSITY                       ,NY,14802-1205,Private      ,2410,235,2645,2410,235,2645
00266900,BANK STREET COLLEGE OF EDUCATION        ,NY,10025-0000,Private      ,3,263,266,3,263,266
00267100,BARD COLLEGE                            ,NY,12504-5000,Private      ,2455,461,2916,2455,461,2916
00267800,BRYANT & STRATTON COLLEGE               ,NY,14203-1713,Proprietary  ,317,1650,1967,317,1650,1967
00267803,BRYANT & STRATTON COLLEGE - GREECE      ,NY,14606-4227,Proprietary  ,45,283,328,45,283,328
00267805,BRYANT & STRATTON COLLEGE - SYRACUSE    ,NY,13203-2502,Proprietary  ,146,528,674,146,528,674
00267807,BRYANT & STRATTON COLLEGE - ALBANY      ,NY,12205-5230,Proprietary  ,54,247,301,54,247,301
00268100,CANISIUS COLLEGE                        ,NY,14208-1098,Private      ,2963,416,3379,2963,416,3379
00268500,CAZENOVIA COLLEGE                       ,NY,13035-1085,Private      ,1413,37,1450,1413,37,1450
00268700,CUNY-BROOKLYN COLLEGE                   ,NY,11210-2814,Public       ,6780,2460,9240,6780,2460,9240
00268800,CITY COLLEGE-CUNY                       ,NY,10031-9198,Public       ,8201,1916,10117,8201,1916,10117
00268900,CUNY-HUNTER COLLEGE                     ,NY,10021-5024,Public       ,12518,3586,16104,12518,3586,16104
00269000,QUEENS COLLEGE-CUNY                     ,NY,11367-1597,Public       ,6249,1580,7829,6249,1580,7829
00269100,CUNY- BOROUGH OF MANHATTAN CMTY CLG     ,NY,10007-1047,Public       ,4205,2159,6364,4205,2159,6364
00269200,CUNY BRONX COMMUNITY COLLEGE            ,NY,10453-3102,Public       ,1622,1109,2731,1622,1109,2731
00269300,CUNY-JOHN JAY CLG CRIMINAL JUSTICE      ,NY,10019-1093,Public       ,4678,1382,6060,4678,1382,6060
00269400,KINGSBOROUGH COMMUNITY COLLEGE          ,NY,11235-2398,Public       ,2082,739,2821,2082,739,2821
00269600,NY CITY COLLEGE OF TECHNOLOGY-CUNY      ,NY,11201-2983,Public       ,3621,1229,4850,3621,1229,4850
00269700,QUEENSBOROUGH COMMUNITY COLLEGE         ,NY,11364-1497,Public       ,1715,504,2219,1715,504,2219
00269800,CUNY THE COLLEGE OF STATEN ISLAND       ,NY,10314-6600,Public       ,3361,887,4248,3361,887,4248
00269900,CLARKSON UNIVERSITY                     ,NY,13699-5615,Private      ,2917,123,3040,2917,123,3040
00270000,COLGATE ROCHESTER CROZER DIVINITY S     ,NY,14620-0000,Private      ,7,17,24,7,17,24
00270100,COLGATE UNIVERSITY                      ,NY,13346-1386,Private      ,4159,30,4189,4159,30,4189
00270300,COLLEGE OF MOUNT SAINT VINCENT          ,NY,10471-1093,Private      ,1335,93,1428,1335,93,1428
00270400,COLLEGE OF NEW ROCHELLE                 ,NY,10805-2339,Private      ,665,262,927,665,262,927
00270500,COLLEGE OF SAINT ROSE                   ,NY,12203-1490,Private      ,2691,679,3370,2691,679,3370
00270700,COLUMBIA UNIVERSITY                     ,NY,10027-0000,Private      ,3237,1814,5051,3237,1814,5051
00270701,COLUMBIA UNIV ARCHITECTURE              ,NY,10027-0000,Private      ,27,527,554,27,527,554
00270702,COLUMBIA UNIV SCHOOL OF THE ARTS        ,NY,10027-0000,Private      ,57,1037,1094,57,1037,1094
00270703,COLUMBIA UNIV BUSINESS GRAD             ,NY,10027-0000,Private      ,16,801,817,16,801,817
00270704,COLUMBIA UNIV SCHOOL ENGIN-UNDERGRA     ,NY,10027-0000,Private      ,1441,28,1469,1441,28,1469
00270705,COLUMBIA UNIV SCHOOL GENERAL STUDIE     ,NY,10027-0000,Private      ,244,368,612,244,368,612
00270706,COLUMBIA UNIV GRAD SCHL ARTS & SCI      ,NY,10027-0000,Private      ,22,1005,1027,22,1005,1027
00270707,COLUMBIA UNIV SCH INTL PUB AFFAIRS      ,NY,10027-0000,Private      ,11,996,1007,11,996,1007
00270708,COLUMBIA UNIV JOURNALISM GRAD           ,NY,10027-0000,Private      ,11,318,329,11,318,329
00270710,COLUMBIA UNIV COLUMBIA COLLEGE          ,NY,10027-0000,Private      ,6847,154,7001,6847,154,7001
00270711,COLUMBIA UNIV SCHOOL OF LAW             ,NY,10027-0000,Private      ,15,3487,3502,15,3487,3502
00270712,COLUMBIA UNIV SOCIAL WORK               ,NY,10025-0000,Private      ,9,679,688,9,679,688
00270713,COLUMBIA UNIV SCHL DENT & ORAL SURG     ,NY,10032-0000,Private      ,3,266,269,3,266,269
00270714,COLUMBIA UNIV INST HUMAN NUTRITION      ,NY,10032-0000,Private      ,0,20,20,0,20,20
00270715,COLUMBIA UNIV NURSING                   ,NY,10032-0000,Private      ,75,518,593,75,518,593
00270716,COLUMBIA UNIV COLL PHYS & SURGEONS      ,NY,10032-0000,Private      ,11,950,961,11,950,961
00270717,COLUMBIA UNIV PHYSICAL THERAPY          ,NY,10032-0000,Private      ,3,50,53,3,50,53
00270718,COLUMBIA UNIV OCCUPATIONAL THERAPY      ,NY,10032-0000,Private      ,1,53,54,1,53,54
00270719,COLUMBIA UNIV PUBLIC HEALTH             ,NY,10032-0000,Private      ,4,798,802,4,798,802
00270720,COLUMBIA UNIV - ENGINEERING (GRAD)      ,NY,10027-0000,Private      ,32,176,208,32,176,208
00270721,COLUMBIA UNIV-CONT ED & SP PROGMS       ,NY,10027-0000,Private      ,8,53,61,8,53,61
00270800,BARNARD COLLEGE-COLUMBIA UNIV           ,NY,10027-6598,Private      ,2709,53,2762,2709,53,2762
00270900,CONCORDIA COLLEGE                       ,NY,10708-1998,Private      ,484,32,516,484,32,516
00271000,COOPER UNION                            ,NY,10003-7120,Private      ,1323,69,1392,1323,69,1392
00271100,CORNELL UNIVERSITY                      ,NY,14853-2801,Private      ,18948,3792,22740,18948,3792,22740
00271200,D'YOUVILLE COLLEGE                      ,NY,14201-1084,Private      ,877,506,1383,877,506,1383
00271300,DOMINICAN COLLEGE                       ,NY,10962-1299,Private      ,764,202,966,764,202,966
00271800,ELMIRA COLLEGE                          ,NY,14901-2099,Private      ,1548,142,1690,1548,142,1690
00272200,FORDHAM UNIVERSITY                      ,NY,10458-5157,Private      ,14707,4653,19360,14707,4653,19360
00272600,GENERAL THEOLOGICAL SEMINARY            ,NY,10011-0000,Private      ,0,47,47,0,47,47
00272800,HAMILTON COLLEGE                        ,NY,13323-1218,Private      ,2187,19,2206,2187,19,2206
00272900,HARTWICK COLLEGE                        ,NY,13820-4020,Private      ,1855,21,1876,1855,21,1876
00273100,HOBART & WILLIAM SMITH COLLEGES         ,NY,14456-3397,Private      ,2503,25,2528,2503,25,2528
00273200,HOFSTRA UNIVERSITY                      ,NY,11549-1010,Private      ,11584,3138,14722,11584,3138,14722
00273400,HOUGHTON COLLEGE                        ,NY,14744-0128,Private      ,1018,55,1073,1018,55,1073
00273500,HILBERT COLLEGE                         ,NY,14075-1597,Private      ,532,101,633,532,101,633
00273700,IONA COLLEGE                            ,NY,10801-1890,Private      ,4286,402,4688,4286,402,4688
00273900,ITHACA COLLEGE                          ,NY,14850-7130,Private      ,10610,423,11033,10610,423,11033
00274000,JEWISH THEOLOGICAL SEMINARY OF AMER     ,NY,10027-4649,Private      ,97,120,217,97,120,217
00274200,THE JUILLIARD SCHOOL                    ,NY,10023-6588,Private      ,947,464,1411,947,464,1411
00274400,KEUKA COLLEGE                           ,NY,14478-0000,Private      ,948,312,1260,948,312,1260
00274800,LEMOYNE COLLEGE                         ,NY,13214-1399,Private      ,3104,297,3401,3104,297,3401
00274900,NEW YORK COLLEGE OF PODIATRIC MED       ,NY,10035-0000,Private      ,31,154,185,31,154,185
00275100,LONG ISLAND UNIVERSITY                  ,NY,11548-1326,Private      ,5774,2136,7910,5774,2136,7910
00275101,LONG ISLAND UNIVERSITY - BRENTWOOD CAMPU,NY,11717-5326,Private      ,12,41,53,12,41,53
00275102,LONG ISLAND UNIVERSITY - ROCKLAND CAMPUS,NY,10962-0000,Private      ,5,21,26,5,21,26
00275104,LONG ISLAND UNIVERSITY - NEW YORK UNIVER,NY,10011-0000,Private      ,114,52,166,114,52,166
00275105,LONG ISLAND UNIVERSITY - WEST POINT CAMP,NY,10966-0000,Private      ,59,4,63,59,4,63
00275106,LONG ISLAND UNIVERSITY - JEWISH BOARD OF,NY,10019-0000,Private      ,8,2,10,8,2,10
00275107,LONG ISLAND UNIVERSITY - QUEENS DISTRICT,NY,11364-0000,Private      ,8,3,11,8,3,11
00275108,LONG ISLAND UNIVERSITY - FREEPORT PUBLIC,NY,11520-3144,Private      ,5,1,6,5,1,6
00275109,LONG ISLAND UNIVERSITY - LOCUST VALLEY H,NY,11560-1105,Private      ,1,1,2,1,1,2
00275110,LONG ISLAND UNIVERSITY - WESTBURY SENIOR,NY,11568-1619,Private      ,119,24,143,119,24,143
00275111,LONG ISLAND UNIVERSITY - BABYLON SENIOR ,NY,11702-2222,Private      ,5,0,5,5,0,5
00275112,LONG ISLAND UNIVERSITY - HARBORFIELDS HI,NY,11740-1432,Private      ,1,0,1,1,0,1
00275113,LONG ISLAND UNIVERSITY - SOUTH SIDE HIGH,NY,11570-2248,Private      ,0,2,2,0,2,2
00275115,LONG ISLAND UNIVERSITY - SOUTHAMPTON COL,NY,11548-1326,Private      ,182,33,215,182,33,215
00275116,LONG ISLAND UNIV-BROOKLYN CAMPUS        ,NY,11548-1326,Private      ,645,138,783,645,138,783
00275800,MANHATTAN COLLEGE                       ,NY,10471-4098,Private      ,3874,119,3993,3874,119,3993
00275900,MANHATTAN SCHOOL OF MUSIC               ,NY,10027-4698,Private      ,531,563,1094,531,563,1094
00276000,MANHATTANVILLE COLLEGE                  ,NY,10577-2132,Private      ,2256,254,2510,2256,254,2510
00276300,MARIA COLLEGE                           ,NY,12208-1798,Private      ,71,158,229,71,158,229
00276500,MARIST COLLEGE                          ,NY,12601-1387,Private      ,6643,260,6903,6643,260,6903
00276900,MARYMOUNT MANHATTAN COLLEGE             ,NY,10021-4597,Private      ,2223,111,2334,2223,111,2334
00277200,MERCY COLLEGE                           ,NY,10522-1189,Private      ,887,1659,2546,887,1659,2546
00277500,MOLLOY COLLEGE                          ,NY,11570-1100,Private      ,1264,450,1714,1264,450,1714
00277700,MEDAILLE COLLEGE                        ,NY,14214-2695,Private      ,845,352,1197,845,352,1197
00277800,MOUNT SAINT MARY COLLEGE                ,NY,12550-3494,Private      ,1428,265,1693,1428,265,1693
00277900,NAZARETH COLLEGE OF ROCHESTER           ,NY,14618-3790,Private      ,2093,475,2568,2093,475,2568
00278200,NEW YORK INSTITUTE OF TECHNOLOGY        ,NY,11568-8000,Private      ,2314,937,3251,2314,937,3251
00278202,NY INSTITUTE OF TECHNOLOGY-OSTEOPATHIC M,NY,11568-0000,Private      ,5,421,426,5,421,426
00278300,NEW YORK LAW SCHOOL                     ,NY,10013-0000,Private      ,8,2248,2256,8,2248,2256
00278400,NEW YORK MEDICAL COLLEGE                ,NY,10595-0000,Private      ,9,776,785,9,776,785
00278500,NEW YORK UNIVERSITY                     ,NY,10012-1091,Private      ,28110,15090,43200,28110,15090,43200
00278800,NIAGARA UNIVERSITY                      ,NY,14109-2010,Private      ,2619,261,2880,2619,261,2880
00279000,NYACK COLLEGE                           ,NY,10960-3698,Private      ,589,311,900,589,311,900
00279100,PACE UNIVERSITY - NEW YORK              ,NY,10038-1598,Private      ,5691,1244,6935,5691,1244,6935
00279101,PACE UNIVERSITY-PLEASANTVILLE           ,NY,10570-0000,Private      ,2524,428,2952,2524,428,2952
00279102,PACE UNIVERSITY - WHITE PLAINS          ,NY,10603-0000,Private      ,197,1330,1527,197,1330,1527
00279500,PAUL SMITHS CLG OF ARTS & SCIENCES      ,NY,12970-0000,Private      ,666,39,705,666,39,705
00279600,POLYTECHNIC INTSTITUTE OF NEW YORK UNIV ,NY,11201-3840,Private      ,1295,155,1450,1295,155,1450
00279800,PRATT INSTITUTE                         ,NY,11205-3899,Private      ,3303,1332,4635,3303,1332,4635
00280300,RENSSELAER POLYTECHNIC INSTITUTE        ,NY,12180-3590,Private      ,7681,241,7922,7681,241,7922
00280500,ROBERTS WESLEYAN COLLEGE                ,NY,14624-1997,Private      ,1003,260,1263,1003,260,1263
00280600,ROCHESTER INSTITUTE OF TECHNOLOGY       ,NY,14623-5608,Private      ,9283,1050,10333,9283,1050,10333
00280700,ROCKEFELLER UNIVERSITY                  ,NY,10021-0000,Private      ,9,7,16,9,7,16
00280800,DAEMEN COLLEGE                          ,NY,14226-3592,Private      ,1104,212,1316,1104,212,1316
00281000,THE SAGE COLLEGES                       ,NY,12180-4199,Private      ,696,535,1231,696,535,1231
00281200,TROCAIRE COLLEGE                        ,NY,14220-2094,Private      ,187,327,514,187,327,514
00281300,SARAH LAWRENCE COLLEGE                  ,NY,10708-5999,Private      ,1957,509,2466,1957,509,2466
00281400,SKIDMORE COLLEGE                        ,NY,12866-1632,Private      ,3552,40,3592,3552,40,3592
00281401,SKIDMORE COLL-UNIV WITHOUT WALLS        ,NY,12866-0000,Private      ,17,16,33,17,16,33
00281500,ST BERNARDS SCH THEOLOGY & MINISTRY     ,NY,14618-3822,Private      ,1,17,18,1,17,18
00281600,SIENA COLLEGE                           ,NY,12211-1462,Private      ,3973,64,4037,3973,64,4037
00281700,ST BONAVENTURE UNIVERSITY               ,NY,14778-2284,Private      ,1699,153,1852,1699,153,1852
00282000,ST FRANCIS COLLEGE                      ,NY,11201-4398,Private      ,930,67,997,930,67,997
00282100,ST JOHN FISHER COLLEGE                  ,NY,14618-3597,Private      ,3580,792,4372,3580,792,4372
00282200,CHRIST THE KING SEMINARY                ,NY,14052-0607,Private      ,0,1,1,0,1,1
00282300,ST JOHN'S UNIVERSITY                    ,NY,11439-1343,Private      ,15264,2648,17912,15264,2648,17912
00282500,ST JOSEPH'S COLLEGE                     ,NY,11205-3688,Private      ,523,114,637,523,114,637
00282501,ST JOSEPH'S COLLEGE-SUFFOLK CAMPUS      ,NY,11772-0000,Private      ,1350,243,1593,1350,243,1593
00282900,ST LAWRENCE UNIVERSITY                  ,NY,13617-1455,Private      ,2324,38,2362,2324,38,2362
00283200,ST THOMAS AQUINAS COLLEGE               ,NY,10976-1050,Private      ,1034,90,1124,1034,90,1124
00283300,ST VLADIMIR ORTHODOX THEOL SEM          ,NY,10707-0000,Private      ,0,37,37,0,37,37
00283400,EXCELSIOR COLLEGE                       ,NY,12203-5159,Private      ,24,877,901,24,877,901
00283500,SUNY AT ALBANY                          ,NY,12222-0001,Public       ,13736,1915,15651,13736,1915,15651
00283600,BINGHAMTON UNIVERSITY (SUNY)            ,NY,13902-6000,Public       ,17353,1210,18563,17353,1210,18563
00283700,SUNY AT BUFFALO                         ,NY,14260-0001,Public       ,14030,4592,18622,14030,4592,18622
00283800,SUNY AT STONY BROOK                     ,NY,11794-0001,Public       ,14792,2631,17423,14792,2631,17423
00283900,SUNY-DOWNSTATE MEDICAL CENTER           ,NY,11203-2098,Public       ,67,1066,1133,67,1066,1133
00284000,SUNY UPSTATE MEDICAL UNIVERSITY         ,NY,13210-2375,Public       ,134,781,915,134,781,915
00284100,SUNY BROCKPORT - FIN AID OFF            ,NY,14420-2914,Public       ,5530,793,6323,5530,793,6323
00284200,BUFFALO STATE COLLEGE - SUNY            ,NY,14222-1095,Public       ,5881,1342,7223,5881,1342,7223
00284300,SUNY COLLEGE-CORTLAND                   ,NY,13045-0900,Public       ,7992,698,8690,7992,698,8690
00284400,SUNY AT FREDONIA                        ,NY,14063-1145,Public       ,4838,410,5248,4838,410,5248
00284500,SUNY GENESEO                            ,NY,14454-1401,Public       ,7299,287,7586,7299,287,7586
00284600,SUNY COLLEGE-NEW PALTZ                  ,NY,12561-2499,Public       ,7874,806,8680,7874,806,8680
00284700,SUNY COLLEGE-ONEONTA                    ,NY,13820-4015,Public       ,7031,285,7316,7031,285,7316
00284800,SUNY OSWEGO                             ,NY,13126-3599,Public       ,6408,760,7168,6408,760,7168
00284900,SUNY COLLEGE AT PLATTSBURGH             ,NY,12901-2681,Public       ,4464,493,4957,4464,493,4957
00285000,SUNY COLLEGE-POTSDAM                    ,NY,13676-2294,Public       ,2916,334,3250,2916,334,3250
00285100,SUNY COLLEGE OF ENVIRONMENT SCIENCE AND ,NY,13210-2778,Public       ,1489,282,1771,1489,282,1771
00285300,SUNY MARITIME COLLEGE                   ,NY,10465-4198,Public       ,697,75,772,697,75,772
00285400,SUNY COLLEGE OF TECHNOLOGY-ALFRED       ,NY,14802-9951,Public       ,1990,253,2243,1990,253,2243
00285500,SUNY CANTON COLG OF TECHNOLOGY          ,NY,13617-1098,Public       ,1498,432,1930,1498,432,1930
00285600,SUNY AG & TECH COLLEGE-COBLESKILL       ,NY,12043-9986,Public       ,1546,104,1650,1546,104,1650
00285700,SUNY DELHI                              ,NY,13753-1190,Public       ,1843,185,2028,1843,185,2028
00285800,SUNY FARMINGDALE                        ,NY,11735-1021,Public       ,2491,415,2906,2491,415,2906
00285900,SUNY COLLEGE OF AG & TECH AT MORRISVILLE,NY,13408-0901,Public       ,1742,257,1999,1742,257,1999
00286000,ADIRONDACK COMMUNITY COLLEGE            ,NY,12804-2004,Public       ,530,235,765,530,235,765
00286100,CAYUGA COMMUNITY COLLEGE                ,NY,13021-3099,Public       ,400,326,726,400,326,726
00286200,BROOME COMMUNITY COLLEGE                ,NY,13902-1398,Public       ,1445,654,2099,1445,654,2099
00286300,CORNING COMMUNITY COLLEGE               ,NY,14830-3297,Public       ,424,284,708,424,284,708
00286400,DUTCHESS COMMUNITY COLLEGE              ,NY,12601-1595,Public       ,644,267,911,644,267,911
00286600,FASHION INSTITUTE OF TECHNOLOGY         ,NY,10001-5992,Public       ,4505,1064,5569,4505,1064,5569
00286700,SUNY FULTON MONTGOMERY COMM CLG         ,NY,12095-3790,Public       ,309,153,462,309,153,462
00286800,HUDSON VALLEY COMMUNITY COLLEGE         ,NY,12180-6096,Public       ,1776,613,2389,1776,613,2389
00286900,JAMESTOWN COMMUNITY COLLEGE             ,NY,14701-1999,Public       ,953,510,1463,953,510,1463
00287000,JEFFERSON COMMUNITY COLLEGE             ,NY,13601-1897,Public       ,413,282,695,413,282,695
00287100,"SUNY, MOHAWK VALLEY COMMUNITY CLG       ",NY,13501-5394,Public       ,1158,425,1583,1158,425,1583
00287200,MONROE COMMUNITY COLLEGE                ,NY,14623-5780,Public       ,2873,1478,4351,2873,1478,4351
00287300,NASSAU COMMUNITY COLLEGE                ,NY,11530-6793,Public       ,2361,697,3058,2361,697,3058
00287400,NIAGARA COUNTY COMMUNITY COLLEGE        ,NY,14132-9460,Public       ,1101,816,1917,1101,816,1917
00287500,ONONDAGA COMMUNITY COLLEGE              ,NY,13215-4585,Public       ,1894,641,2535,1894,641,2535
00287600,ORANGE COUNTY COMMUNITY COLLEGE         ,NY,10940-6441,Public       ,525,299,824,525,299,824
00287700,ROCKLAND COMMUNITY COLLEGE              ,NY,10901-3611,Public       ,409,170,579,409,170,579
00287800,SUFFOLK COMMUNITY COLLEGE               ,NY,11784-2899,Public       ,1433,464,1897,1433,464,1897
00287801,SUFFOLK COMMUNITY CLG-W. CAMPUS         ,NY,11717-0000,Public       ,582,272,854,582,272,854
00287803,SUFFOLK COMMUNITY CLG-EASTRN CAMPUS     ,NY,11901-0000,Public       ,170,79,249,170,79,249
00287900,SULLIVAN COUNTY COMMUNITY COLLEGE       ,NY,12759-5151,Public       ,434,113,547,434,113,547
00288000,ULSTER COUNTY COMMUNITY COLLEGE         ,NY,12484-0557,Public       ,302,116,418,302,116,418
00288100,SUNY WESTCHESTER COMMUNITY COLLEGE      ,NY,10595-1698,Public       ,857,521,1378,857,521,1378
00288200,SYRACUSE UNIVERSITY                     ,NY,13244-2130,Private      ,16073,3154,19227,16073,3154,19227
00288300,UTICA COLLEGE OF SYRACUSE UNIV          ,NY,13502-4892,Private      ,1861,399,2260,1861,399,2260
00288500,ALBANY COLLEGE OF PHARMACY AND HEALTH SC,NY,12208-3492,Private      ,1508,610,2118,1508,610,2118
00288600,ALBANY LAW SCHOOL                       ,NY,12208-0000,Private      ,13,893,906,13,893,906
00288700,ALBANY MEDICAL COLLEGE                  ,NY,12208-0000,Private      ,29,632,661,29,632,661
00288900,UNION COLLEGE                           ,NY,12308-2311,Private      ,2917,43,2960,2917,43,2960
00289000,UNION THEOLOGICAL SEMINARY              ,NY,10027-0000,Private      ,1,191,192,1,191,192
00289200,UNITED STATES MERCHANT MARINE ACADEMY   ,NY,11024-1699,Public       ,222,5,227,222,5,227
00289400,UNIVERSITY OF ROCHESTER                 ,NY,14627-9000,Private      ,5994,642,6636,5994,642,6636
00289401,EASTMAN SCH OF MUSIC/UNIV ROCHESTER     ,NY,14604-0000,Private      ,609,212,821,609,212,821
00289402,UNIV OF ROCHESTER SCHL OF MEDICINE      ,NY,14642-0000,Private      ,36,380,416,36,380,416
00289500,VASSAR COLLEGE                          ,NY,12604-0008,Private      ,3809,35,3844,3809,35,3844
00289600,VILLA MARIA COLLEGE-BUFFALO             ,NY,14225-3999,Private      ,153,43,196,153,43,196
00289900,WAGNER COLLEGE                          ,NY,10301-4495,Private      ,2080,86,2166,2080,86,2166
00290000,WEBB INSTITUTE                          ,NY,11542-1398,Private      ,37,0,37,37,0,37
00290100,WELLS COLLEGE                           ,NY,13026-0500,Private      ,716,25,741,716,25,741
00290300,YESHIVA UNIVERSITY                      ,NY,10033-3201,Private      ,945,1772,2717,945,1772,2717
00290302,YESHIVA UNIVERSITY - BRONX CAMPUS       ,NY,10461-1975,Private      ,7,523,530,7,523,530
00397400,MESIVTHA TIFERETH JERUSALEM OF AMER     ,NY,10002-6382,Private      ,2,0,2,2,0,2
00397800,RABBINICAL SEMINARY OF AMERICA          ,NY,11375-0000,Private      ,1,1,2,1,1,2
00397900,COLUMBIA UNIV TEACHERS COLLEGE          ,NY,10027-0000,Private      ,18,2256,2274,18,2256,2274
00405400,HEBREW UNION COL-JEWISH INST OF REL     ,NY,10012-0000,Private      ,0,35,35,0,35,35
00455301,ITT TECHNICAL INSTITUTE                 ,NY,12205-0000,Proprietary  ,28,25,53,28,25,53
00475900,"CUNY, YORK COLLEGE                      ",NY,11451-0001,Public       ,2761,796,3557,2761,796,3557
00476200,WEILL CORNELL MEDICAL COLLEGE AND GRADUA,NY,10021-0000,Private      ,11,477,488,11,477,488
00476500,CUNY GRADUATE SCH & UNIV CTR            ,NY,10016-4309,Public       ,14,894,908,14,894,908
00477600,CENTRAL YESHIVA TOMCHEI TMIMIM LUBA     ,NY,11230-2798,Private      ,9,1,10,9,1,10
00478800,HERKIMER COUNTY COMMUNITY COLLEGE       ,NY,13350-1598,Public       ,892,240,1132,892,240,1132
00479900,MONROE COLLEGE                          ,NY,10468-4305,Proprietary  ,856,1451,2307,856,1451,2307
00481100,EVEREST INSTITUTE                       ,NY,14621-3007,Proprietary  ,41,444,485,41,444,485
00506401,ST JAMES MERCY HOSP SCH OF RAD          ,NY,14843-2197,Private      ,6,4,10,6,4,10
00506600,FAXTON ST. LUKE'S SCHOOL OF RADIOGRAPHY ,NY,13502-4856,Private      ,8,4,12,8,4,12
00520800,THE COLLEGE OF WESTCHESTER              ,NY,10602-0000,Proprietary  ,232,103,335,232,103,335
00643501,ARNOT OGDEN MEDICAL CENTER              ,NY,14905-1676,Private      ,4,9,13,4,9,13
00643800,PHILLIPS BETH ISRAEL SCH OF NURSING     ,NY,10001-6354,Private      ,25,74,99,25,74,99
00644300,COCHRAN SCH NSG-ST JOHN RVSDE HOSP      ,NY,10701-1399,Private      ,17,92,109,17,92,109
00644500,CROUSE HOSP SCH OF NURSING              ,NY,13210-1690,Private      ,57,54,111,57,54,111
00644800,ELLIS HOSPITAL SCHOOL OF NURSING        ,NY,12308-0000,Private      ,14,23,37,14,23,37
00646101,ST ELIZABETH COLLEGE OF NURSING         ,NY,13501-2998,Private      ,50,57,107,50,57,107
00646102,ST ELIZABETH SCH OF RADIOGRAPHY         ,NY,13501-0000,Private      ,3,2,5,3,2,5
00646700,SAINT JOSEPH'S COLLEGE OF NURSING       ,NY,13203-1806,Private      ,94,121,215,94,121,215
00678200,GENESEE COMMUNITY COLLEGE               ,NY,14020-9704,Public       ,823,422,1245,823,422,1245
00678500,SCHENECTADY COUNTY COMMUNITY CLG        ,NY,12305-2294,Public       ,412,263,675,412,263,675
00678700,CLINTON COMMUNITY COLLEGE               ,NY,12901-5690,Public       ,411,158,569,411,158,569
00678800,TOMPKINS CORTLAND COMMUNITY COLLEGE     ,NY,13053-8504,Public       ,872,249,1121,872,249,1121
00678900,COLUMBIA-GREENE COMMUNITY COLLEGE       ,NY,12534-9543,Public       ,272,201,473,272,201,473
00679100,SUNY AT PURCHASE                        ,NY,10577-1400,Public       ,4780,351,5131,4780,351,5131
00702200,CUNY-LEHMAN COLLEGE                     ,NY,10468-1589,Public       ,5072,1782,6854,5072,1782,6854
00702600,"MT SINAI SCH OF MEDICINE, NY UNIV       ",NY,10029-0000,Private      ,3,660,663,3,660,663
00710900,SUNY COLLEGE-OLD WESTBURY               ,NY,11568-0210,Public       ,2475,417,2892,2475,417,2892
00711100,NORTH COUNTRY COMMUNITY COLLEGE         ,NY,12983-2046,Public       ,230,90,320,230,90,320
00726400,MESIFTA TORAH VODAATH RABBINCAL SEM     ,NY,11218-5209,Private      ,0,1,1,0,1,1
00727300,CUNY-BERNARD BARUCH COLLEGE             ,NY,10010-5518,Public       ,8500,1689,10189,8500,1689,10189
00730400,CULINARY INSTITUTE OF AMERICA           ,NY,12538-1499,Private      ,1438,444,1882,1438,444,1882
00737200,AUSTIN'S SCHOOL OF SPA TECHNOLOGY       ,NY,12206-1513,Proprietary  ,2,4,6,2,4,6
00737500,ISLAND DRAFTING & TECHNICAL INST        ,NY,11701-2704,Proprietary  ,10,11,21,10,11,21
00738700,LONG ISLAND BEAUTY SCHOOL               ,NY,11788-4346,Proprietary  ,3,1,4,3,1,4
00738800,LONG ISLAND BEAUTY SCHOOL               ,NY,11550-3704,Proprietary  ,1,3,4,1,3,4
00739100,BEAUTY SCHOOL OF MIDDLETOWN             ,NY,10940-6574,Proprietary  ,2,3,5,2,3,5
00739400,BERKELEY COLLEGE                        ,NY,10017-0000,Proprietary  ,647,301,948,647,301,948
00739402,BERKELEY COLLEGE-WESTCHESTER CAMPUS     ,NY,10601-1533,Proprietary  ,202,49,251,202,49,251
00739800,KATHARINE GIBBS SCHOOL                  ,NY,10018-2602,Proprietary  ,149,255,404,149,255,404
00740100,MANDL SCHOOL                            ,NY,10019-5516,Proprietary  ,1,6,7,1,6,7
00740500,WOOD TOBE-COBURN SCHOOL                 ,NY,10016-0102,Proprietary  ,155,34,189,155,34,189
00746500,AMERICAN ACADEMY OF DRAMATIC ARTS       ,NY,10016-7089,Private      ,168,37,205,168,37,205
00746600,LABORATORY INST. OF MERCHANDISING       ,NY,10022-5268,Proprietary  ,737,38,775,737,38,775
00746800,SCHOOL OF VISUAL ARTS                   ,NY,10010-3994,Proprietary  ,2496,695,3191,2496,695,3191
00750602,LINCOLN TECHNICAL INSTITUTE             ,NY,11357-6092,Proprietary  ,97,30,127,97,30,127
00751800,APEX TECHNICAL SCHOOL                   ,NY,10011-2008,Proprietary  ,49,120,169,49,120,169
00752200,CONTINENTAL SCH OF BEAUTY CULTURE       ,NY,14623-3231,Proprietary  ,4,5,9,4,5,9
00753200,FINGER LAKES COMMUNITY COLLEGE          ,NY,14424-8395,Public       ,1096,413,1509,1096,413,1509
00757200,AMERICAN MUSICAL AND DRAMATIC ACAD      ,NY,10023-2106,Private      ,807,143,950,807,143,950
00757300,LEARNING INSTITUTE FOR BEAUTY SCIENCES  ,NY,11103-4028,Proprietary  ,2,16,18,2,16,18
00780400,CAREER ACADEMY OF NEW YORK              ,NY,10011-7307,Proprietary  ,34,92,126,34,92,126
00818900,CONTINENTAL SCH OF BEAUTY CULTURE       ,NY,14223-0000,Proprietary  ,1,3,4,1,3,4
00818902,CONTINENTAL SCHOOL OF BEAUTY CULTURE  - ,NY,14224-3402,Proprietary  ,1,0,1,1,0,1
00843500,INTERBORO INSTITUTE                     ,NY,10019-3604,Proprietary  ,0,1,1,0,1,1
00843700,CHAMPLAIN VALLEY - TEC/PRN              ,NY,12901-0000,Public       ,6,3,9,6,3,9
00849500,JAMESTOWN BUSINESS COLLEGE              ,NY,14702-0429,Proprietary  ,41,46,87,41,46,87
00861100,"CUNY, HOSTOS CMTY COLLEGE               ",NY,10451-1499,Public       ,847,714,1561,847,714,1561
00878800,SUNY-STUDENT LOAN SERVICE CENTER        ,NY,12144-3440,Public       ,15,2,17,15,2,17
00900300,OLEAN BUSINESS INSTITUTE INC            ,NY,14760-2691,Proprietary  ,4,15,19,4,15,19
00902900,NEIGHBORHOOD PLAYHOUSE                  ,NY,10022-5017,Private      ,8,10,18,8,10,18
00904300,ELMIRA BUSINESS INSTITUTE               ,NY,14901-2731,Proprietary  ,6,9,15,6,9,15
00907700,UTICA SCHOOL OF COMMERCE                ,NY,13501-2280,Proprietary  ,34,23,57,34,23,57
00924800,SAMARITAN HOSPITAL SCH NURSING          ,NY,12180-2475,Private      ,22,64,86,22,64,86
00928400,LEARNING INST FOR BEAUTY SCIENCES       ,NY,11756-1345,Proprietary  ,0,2,2,0,2,2
00933500,MESIVTA EASTERN PKWY RABBINICAL CLG     ,NY,11218-5559,Private      ,0,1,1,0,1,1
00947900,SAINT VINCENTS CMC SI NURSING SCHOOL    ,NY,10304-3850,Private      ,9,21,30,9,21,30
00976900,METROPOLITAN COLLEGE OF NEW YORK        ,NY,10013-1919,Private      ,33,476,509,33,476,509
00992900,SUNY COLLEGE OF OPTOMETRY               ,NY,10036-8003,Public       ,11,192,203,11,192,203
01005100,LA GUARDIA CMTY COLLEGE - CUNY          ,NY,11101-3083,Public       ,2084,1276,3360,2084,1276,3360
01005200,JEFFERSON-LEWIS BOCES PRAC NRSGPRG      ,NY,13601-9509,Public       ,3,6,9,3,6,9
01009700,CUNY-MEDGAR W EVERS COLLEGE             ,NY,11225-2010,Public       ,1153,882,2035,1153,882,2035
01014200,TOURO COLLEGE                           ,NY,10010-4202,Private      ,392,2665,3057,392,2665,3057
01014700,WESTERN SUFFOLK BOCES                   ,NY,11768-3499,Public       ,8,55,63,8,55,63
01015300,HELENE FULD COL OF NRSNG/N GEN HOSP     ,NY,10035-0000,Private      ,4,39,43,4,39,43
01028600,EMPIRE STATE COLLEGE                    ,NY,12866-4391,Public       ,165,3562,3727,165,3562,3727
01055100,NEW YORK SCH MED & DENTAL ASSISTANT     ,NY,11101-2327,Proprietary  ,26,65,91,26,65,91
01064100,SOUTHERN WESTCHESTER BOCES              ,NY,10543-0000,Public       ,0,18,18,0,18,18
01068400,ERIE COMMUNITY COLLEGE-ALL CAMPUSES     ,NY,14203-2698,Public       ,1684,1033,2717,1684,1033,2717
01081300,AMERICAN ACAD MCALLISTER INST           ,NY,10019-3604,Private      ,12,81,93,12,81,93
01083700,SIMMONS INST OF FUNERAL SERVICE         ,NY,13207-2098,Proprietary  ,5,13,18,5,13,18
01093000,SUBURBAN TECHNICAL SCHOOL               ,NY,11550-3771,Proprietary  ,2,19,21,2,19,21
01095200,PNW BOCES LPN PROGRAM                   ,NY,10598-0000,Public       ,0,5,5,0,5,5
01103100,TECHNICAL CAREER INSTITUTE              ,NY,10001-2789,Proprietary  ,139,361,500,139,361,500
01161400,CHAMPLAIN VALLEY HOSP SCH RAD TECH      ,NY,12901-1490,Private      ,9,2,11,9,2,11
01164700,SBI CAMPUS - AN AFFILIATE OF SANFORD-BRO,NY,11747-3785,Proprietary  ,99,141,240,99,141,240
01167700,MEMORIAL SLOAN KETTERING CANCER CTR     ,NY,10021-6094,Private      ,0,4,4,0,4,4
01167800,SUNY INST OF TECHNOLOGY UTICA ROME      ,NY,13504-3050,Public       ,848,256,1104,848,256,1104
01183000,BERK TRADE AND BUSINESS SCHOOL          ,NY,11101-0000,Proprietary  ,2,0,2,2,0,2
01185900,WORD OF LIFE BIBLE INSTITUTE            ,NY,12860-0129,Private      ,163,25,188,163,25,188
01192100,WESTCHESTER SCH OF BEAUTY CULTURE       ,NY,10550-2295,Proprietary  ,1,0,1,1,0,1
01201100,TALMUDICAL SEM OHOLEI TORAH             ,NY,11213-3310,Private      ,5,0,5,5,0,5
01207200,PHILLIPS HAIRSTYLING INSTITUTE          ,NY,13210-1509,Proprietary  ,3,10,13,3,10,13
01210700,INSTITUTE OF DESIGN & CONSTRUCTION      ,NY,11201-5380,Private      ,6,12,18,6,12,18
01220300,MEMORIAL HOSPITAL SCH OF NURSING        ,NY,12204-1083,Private      ,15,40,55,15,40,55
01227700,NEW YORK CHIROPRACTIC COLLEGE           ,NY,13148-0800,Private      ,5,364,369,5,364,369
01229300,VEEB NASSAU CNTY SCHL OF PRACT NURS     ,NY,11553-3037,Public       ,7,20,27,7,20,27
01235800,PLAZA COLLEGE                           ,NY,11372-6300,Proprietary  ,30,119,149,30,119,149
01236400,SAINT VINCENTS CATHOLIC MEDICAL CENTERS ,NY,11365-1535,Private      ,12,21,33,12,21,33
01240700,SCHUYLER-CHEMUNG-TIOGA BOCES            ,NY,14903-1089,Public       ,3,31,34,3,31,34
01240701,STEUBEN SCHUYLER CHEMUNG TIOGA ALLEGANY ,NY,14870-9518,Public       ,0,1,1,0,1,1
01256100,FIVE TOWNS COLLEGE                      ,NY,11746-5871,Proprietary  ,692,62,754,692,62,754
01258900,ERIE 1 BOCES                            ,NY,14224-0000,Public       ,3,8,11,3,8,11
01265200,ONONDAGA CORTLAND MADISON BOCES         ,NY,13090-4500,Public       ,22,70,92,22,70,92
01278300,OSWEGO COUNTY BOCES ADULT CAREERS       ,NY,13114-4498,Public       ,13,24,37,13,24,37
01292700,CENTRAL TECH NURSING PROGRAM            ,NY,13202-3092,Public       ,3,6,9,3,6,9
01302900,BORICUA COLLEGE                         ,NY,10032-1599,Private      ,47,215,262,47,215,262
02056400,CAPRI COSMETOLOGY LEARNING CENTER       ,NY,10954-0000,Proprietary  ,2,8,10,2,8,10
02066200,THE NEW SCHOOL                          ,NY,10011-0000,Private      ,3388,2517,5905,3388,2517,5905
02069000,NEW YORK SCHOOL OF INTERIOR DESIGN      ,NY,10021-0000,Private      ,65,52,117,65,52,117
02075700,BRIARCLIFFE COLLEGE                     ,NY,11714-0000,Proprietary  ,461,308,769,461,308,769
02075702,BRIARCLIFFE COLLEGE - PATCHOGUE         ,NY,11772-3019,Proprietary  ,339,212,551,339,212,551
02092400,RIDLEY-LOWELL SCHOOL OF BUSINESS        ,NY,13905-0000,Proprietary  ,4,7,11,4,7,11
02093700,LONG ISLAND BUSINESS INSTITUTE          ,NY,11725-0000,Proprietary  ,36,143,179,36,143,179
02098400,HERKIMER COUNTY BOCES                   ,NY,13350-0000,Public       ,10,3,13,10,3,13
02104300,OTSEGO AREA SCHOOL OF PRAC NURSING      ,NY,13820-0000,Public       ,0,1,1,0,1,1
02105900,HAIR DESIGN INSTITUTE AT FIFTH AVE      ,NY,11220-0000,Proprietary  ,1,4,5,1,4,5
02106800,BRAMSON ORT COLLEGE                     ,NY,11375-0000,Private      ,6,4,10,6,4,10
02110900,CATTARAUGUS/ALLEGANY BOCES              ,NY,14760-0000,Public       ,1,5,6,1,5,6
02116011,SANFORD-BROWN INSTITUTE - NEW YORK      ,NY,10003-2103,Proprietary  ,65,293,358,65,293,358
02118700,LONG ISLAND COLLEGE HOSPITAL - SCHOOL OF,NY,11201-6001,Private      ,45,56,101,45,56,101
02118702,LONG ISLAND COLLEGE HOSPITAL - SCHOOL OF,NY,11201-6001,Private      ,25,10,35,25,10,35
02124000,ORANGE ULSTER BOCES SCH OF PRAC NRS     ,NY,10924-9401,Public       ,2,12,14,2,12,14
02125500,CIRCLE IN THE SQUARE THEATRE SCHOOL     ,NY,10019-0000,Private      ,24,29,53,24,29,53
02126300,MADISON-ONEIDA BOCES PRAC NRS           ,NY,13478-0000,Public       ,2,8,10,2,8,10
02138500,BOCES RENSSELAER SCH OF PRAC NRSG       ,NY,12033-3221,Public       ,2,0,2,2,0,2
02145800,CAYUGA ONONDAGA BOCES                   ,NY,13021-9430,Public       ,3,11,14,3,11,14
02146000,WAYNE-FINGER LAKES BOCES                ,NY,14513-0000,Public       ,5,9,14,5,9,14
02153600,BROOME-TIOGA BOCES PN PROG              ,NY,13905-0000,Public       ,5,11,16,5,11,16
02157900,ROCHESTER GENERAL HOSPITAL              ,NY,14621-3001,Private      ,3,39,42,3,39,42
02158200,WSHNGTN-SARTGA-WARN-HMLTN-ESX BOCES     ,NY,12839-1051,Public       ,0,16,16,0,16,16
02160100,GENEVA GENERAL HOSPITAL                 ,NY,14456-0000,Private      ,7,12,19,7,12,19
02163400,NEW YORK CAREER INSTITUTE               ,NY,10007-2801,Proprietary  ,23,85,108,23,85,108
02169100,DAVIS COLLEGE                           ,NY,13790-0000,Private      ,63,12,75,63,12,75
02170000,SWEDISH INSTITUTE                       ,NY,10001-0000,Proprietary  ,11,136,147,11,136,147
02170200,ALBANY SCHOHARIE SCHENECTADY            ,NY,12205-0000,Public       ,5,1,6,5,1,6
02171900,AILEY SCHOOL (THE)                      ,NY,10019-4402,Private      ,28,5,33,28,5,33
02172100,HAMILTON-FULTON-MONTGOMERY BOCES        ,NY,12095-0000,Public       ,6,5,11,6,5,11
02172800,DUTCHESS COUNTY BOCES SCH PRAC NURS     ,NY,12601-0000,Public       ,3,15,18,3,15,18
02173200,EMPIRE BEAUTY SCHOOL                    ,NY,10001-0000,Proprietary  ,32,89,121,32,89,121
02173900,ULSTER COUNTY BOCES PRACTICAL NRSG      ,NY,12466-0000,Public       ,1,11,12,1,11,12
02176000,CHERYL FELL'S SCHOOL OF BUSINESS        ,NY,14304-0000,Proprietary  ,1,0,1,1,0,1
02179400,EASTERN SUFFOLK BOCES                   ,NY,11713-0000,Public       ,7,24,31,7,24,31
02182200,NEW SCHOOL OF RADIO & TELEVISION        ,NY,12206-1106,Proprietary  ,5,1,6,5,1,6
02192500,BELLEVUE HOSP CTR SCH RAD TECH          ,NY,10016-0000,Public       ,3,8,11,3,8,11
02193700,SAINT LAWRENCE LEWIS COUNTY BOCES       ,NY,13617-0000,Public       ,54,0,54,54,0,54
02193702,SAINT LAWRENCE LEWIS COUNTY BOCES - SOUT,NY,13642-0342,Public       ,1,0,1,1,0,1
02193703,SAINT LAWRENCE LEWIS COUNTY BOCES - ADUL,NY,13668-3238,Public       ,1,1,2,1,1,2
02199300,ORLEANS-NIAGARA BOCES                   ,NY,14132-0000,Public       ,2,14,16,2,14,16
02206000,HUNTER BUSINESS SCHOOL                  ,NY,11756-0000,Proprietary  ,15,16,31,15,16,31
02206001,HUNTER BUSINESS SCHOOL -                ,NY,11763-0000,Proprietary  ,11,1,12,11,1,12
02217800,D.HOPFER SCH NURSING AT MT.VRN HOSP     ,NY,10550-0000,Private      ,3,33,36,3,33,36
02219500,MILDRED ELLEY                           ,NY,12206-1513,Proprietary  ,21,77,98,21,77,98
02235600,ERIE 2-CHAUTAUQUA-CATTARAUGUS BOCES     ,NY,14006-0000,Public       ,0,7,7,0,7,7
02272900,ROCKLAND COUNTY BOCES PRAC NRSG SCH     ,NY,10994-0000,Public       ,2,3,5,2,3,5
02275900,"MODERN WELDING SCHOOL, INC.             ",NY,12304-0000,Proprietary  ,3,2,5,3,2,5
02287800,NATIONAL TRACTOR TRAILER SCHOOL         ,NY,13088-2505,Proprietary  ,0,3,3,0,3,3
02294900,INSTITUTE OF AUDIO RESEARCH             ,NY,10003-0000,Proprietary  ,52,54,106,52,54,106
02306500,PROFESSIONAL BUSINESS INSTITUTE         ,NY,10002-0000,Private      ,15,31,46,15,31,46
02314200,NORTHERN WESTCHESTER SCH COSMETOL       ,NY,10566-0000,Proprietary  ,1,1,2,1,1,2
02320100,OHR SOMAYACH TANENBAUM EDUCATIONAL CENTE,NY,10952-0000,Private      ,2,0,2,2,0,2
02325600,NEW YORK INSTITUTE OF ENGLISH & BUS     ,NY,10001-0000,Private      ,12,25,37,12,25,37
02454300,NEW YORK UNIVERSITY SCHOOL OF MEDICINE  ,NY,10016-6497,Private      ,157,872,1029,157,872,1029
02491400,SPANISH AMERICAN INSTITUTE              ,NY,10036-0000,Private      ,1,3,4,1,3,4
02505900,SH-OR YOSHUV RABBINICAL COLLEGE         ,NY,11691-0000,Private      ,1,0,1,1,0,1
02506100,CITY UNIV OF NEW YORK-CENTRAL           ,NY,10021-0000,Public       ,364,151,515,364,151,515
02506200,MERCE CUNNINGHAM STUDIO                 ,NY,10014-0000,Private      ,0,1,1,0,1,1
02506800,YESHIVAT MIKDASH MELECH                 ,NY,11230-0000,Private      ,1,0,1,1,0,1
02511500,JOFFREY BALLET SCHOOL                   ,NY,10011-0000,Proprietary  ,11,1,12,11,1,12
02525600,ART INSTITUTE OF NEW YORK CITY(THE)     ,NY,10013-1917,Proprietary  ,688,363,1051,688,363,1051
02540800,"GLOBE INSTITUTE OF TECHNOLOGY, INC.     ",NY,10007-0000,Proprietary  ,30,8,38,30,8,38
02546000,TRI-STATE COLLEGE OF ACUPUNCTURE        ,NY,10011-0000,Proprietary  ,2,15,17,2,15,17
02556700,SEMINAR L'MOROS BAIS YAAKOV             ,NY,11219-0000,Private      ,1,0,1,1,0,1
02572900,BUSINESS INFORMATICS CENTER             ,NY,11580-0000,Proprietary  ,4,2,6,4,2,6
02575400,FRENCH CULINARY INSTITUTE               ,NY,10013-2618,Proprietary  ,75,117,192,75,117,192
02587600,ORLO SCH HAIR DESIGN & COSMETOLOGY      ,NY,12206-1723,Proprietary  ,10,2,12,10,2,12
02599400,NEW YORK COLLEGE OF HEALTH PROFESSIONS  ,NY,11791-4413,Private      ,54,269,323,54,269,323
02600100,NEW YORK ACADEMY OF ART (THE)           ,NY,10013-2911,Private      ,31,57,88,31,57,88
02614900,SANFORD-BROWN INSTITUTE                 ,NY,10604-2910,Proprietary  ,20,89,109,20,89,109
02615001,SANFORD-BROWN INSTITUTE - GARDEN CITY   ,NY,11530-4734,Proprietary  ,4,10,14,4,10,14
02616600,SHEAR EGO INTL SCH OF HAIR DESIGN       ,NY,14617-3501,Proprietary  ,3,7,10,3,7,10
02617001,CONTINENTAL SCHOOL OF BEAUTY CULTURE - O,NY,14760-2618,Proprietary  ,1,0,1,1,0,1
03007200,DANCE THEATRE OF HARLEM                 ,NY,10031-0000,Private      ,6,0,6,6,0,6
03027701,PACIFIC COLLEGE OF ORIENTAL MEDICINE - N,NY,10010-7108,Proprietary  ,2,34,36,2,34,36
03081600,DELAWARE CHENANGO MADISON OT. BOCES     ,NY,13815-9554,Public       ,2,4,6,2,4,6
03088500,NEW YORK INTERNATIONAL BEAUTY SCH       ,NY,10019-0000,Proprietary  ,5,2,7,5,2,7
03089700,COMPUTER CAREER CENTER                  ,NY,11530-3334,Proprietary  ,16,100,116,16,100,116
03095500,ASA INST BUSINESS & COMPUTER TECH       ,NY,11201-5208,Proprietary  ,23,100,123,23,100,123
03096200,CHARLES STUART SCHOOL                   ,NY,11229-2004,Proprietary  ,1,0,1,1,0,1
03097801,CARSTEN INSTITUTE                       ,NY,10003-1901,Proprietary  ,0,4,4,0,4,4
03099100,SUNBRIDGE COLLEGE                       ,NY,10977-0000,Private      ,2,16,18,2,16,18
03103700,ADIRONDACK BEAUTY SCHOOL                ,NY,12801-3158,Proprietary  ,2,3,5,2,3,5
03104900,SULLIVAN COUNTY BOCES                   ,NY,12754-2116,Public       ,2,2,4,2,2,4
03111100,NEW YORK PARALEGAL SCHOOL               ,NY,10007-1901,Proprietary  ,0,10,10,0,10,10
03115300,GENESEE VALLEY BOCES                    ,NY,14020-1099,Public       ,6,11,17,6,11,17
03120700,NEW YORK CONSERVATORY FOR DRAMATIC ARTS ,NY,10011-4225,Proprietary  ,186,30,216,186,30,216
03127100,YESHIVAS NOVOMINSK                      ,NY,11219-0000,Private      ,2,1,3,2,1,3
03169300,STUDIO JEWELERS                         ,NY,10016-4112,Proprietary  ,0,1,1,0,1,1
03172400,CALIBER TRAINING INSTITUTE              ,NY,10018-6504,Proprietary  ,2,22,24,2,22,24
03191300,CUNY SCHOOL OF LAW @ QUEENS COLLEGE     ,NY,11367-0000,Public       ,111,668,779,111,668,779
03193300,MANHATTAN SCHOOL OF COMPUTER TECH       ,NY,11230-1617,Private      ,3,1,4,3,1,4
03203300,NEW YORK INSTITUTE OF MASSAGE           ,NY,14221-6021,Proprietary  ,6,23,29,6,23,29
03216300,UNIFICATION THEOLOGICAL SEMINARY        ,NY,12507-5021,Private      ,0,4,4,0,4,4
03315300,HARLEM SCHOOL OF TECHNOLOGY             ,NY,10027-4426,Proprietary  ,2,5,7,2,5,7
03328300,FRANKLIN CAREER INSTITUTE               ,NY,11550-3003,Private      ,38,94,132,38,94,132
03342400,AMERICAN BARBER INSTITUTE               ,NY,10001-5271,Proprietary  ,2,5,7,2,5,7
03358300,ALLEN SCHOOL                            ,NY,11432-4901,Proprietary  ,19,103,122,19,103,122
03361500,WILLSEY INSTITUTE                       ,NY,10301-1989,Proprietary  ,2,1,3,2,1,3
03380300,CULINARY ACADEMY OF LONG ISLAND         ,NY,11791-5311,Proprietary  ,17,15,32,17,15,32
03419400,NORTHEASTERN SEMINARY                   ,NY,14624-1997,Private      ,1,16,17,1,16,17
03426400,ANTHEM INSTITUTE                        ,NY,10018-0000,Proprietary  ,92,130,222,92,130,222
03433500,LIA SCHORR INSTITUTE OF COSMETIC SK     ,NY,10022-2614,Proprietary  ,1,2,3,1,2,3
03443300,NEW YORK COLLEGE OF TRADITIONAL CHINESE ,NY,11501-0000,Private      ,0,12,12,0,12,12
03537300,NEW YORK AUTOMOTIVE & DIESEL INSTIT     ,NY,11101-0000,Proprietary  ,17,37,54,17,37,54
03568300,LEON STUDIO ONE SCHOOL OF HAIR DESI     ,NY,14221-5323,Proprietary  ,6,3,9,6,3,9
03651300,SAINT JOSEPH'S MEDICAL CENTER SCHOO     ,NY,10701-4080,Private      ,4,2,6,4,2,6
03652300,METROPOLITAN LEARNING INSTITUTE         ,NY,11375-0000,Private      ,0,1,1,0,1,1
03691300,USA BEAUTY SCHOOL INTERNATIONAL         ,NY,10013-3530,Proprietary  ,3,2,5,3,2,5
03773300,CENTER FOR NATURAL WELLNESS SCHOOL OF MA,NY,12205-1601,Proprietary  ,1,5,6,1,5,6
03809400,MICROPOWER CAREER INSTITUTE             ,NY,10001-2812,Proprietary  ,0,1,1,0,1,1
03819400,HUDSON VALLEY SCHOOL OF ADVANCED AESTHET,NY,12561-1401,Proprietary  ,6,1,7,6,1,7
03839300,AVEDA INSTITUTE NEW YORK                ,NY,10013-1522,Proprietary  ,24,45,69,24,45,69
03881300,UNION GRADUATE COLLEGE                  ,NY,12308-3103,Private      ,23,43,66,23,43,66
03903400,AMERICAN BEAUTY SCHOOL                  ,NY,10462-8003,Proprietary  ,3,6,9,3,6,9
03941400,ELITE ACADEMY OF BEAUTY ARTS            ,NY,11223-1630,Proprietary  ,2,3,5,2,3,5
03983300,"SCHOOL OF PROFESSIONAL HORTICULTURE, AT ",NY,10458-5126,Private      ,0,1,1,0,1,1
04043300,ACE COMPUTER TRAINING CENTER            ,NY,11375-5337,Proprietary  ,0,1,1,0,1,1
04095300,KING'S COLLEGE (THE)                    ,NY,10018-0110,Private      ,161,4,165,161,4,165
04123200,INSTITUTE OF ALLIED MEDICAL PROFESSIONS ,NY,11373-5541,Private      ,0,1,1,0,1,1
04123300,HUDSON VALLEY SCHOOL OF MASSAGE THERAPY ,NY,12528-1426,Proprietary  ,1,0,1,1,0,1
00267808,BRYANT & STRATTON COLLEGE - PARMA       ,OH,44130-0000,Proprietary  ,137,888,1025,137,888,1025
00301000,ANTIOCH UNIVERSITY                      ,OH,45387-1608,Private      ,65,18,83,65,18,83
00301001,ANTIOCH UNIVERSITY MCGREGOR             ,OH,45387-0000,Private      ,3,132,135,3,132,135
00301010,ANTIOCH UNIVERSITY                      ,OH,45387-0000,Private      ,7,38,45,7,38,45
00301100,ART ACADEMY OF CINCINNATI               ,OH,45202-7106,Private      ,145,25,170,145,25,170
00301200,ASHLAND UNIVERSITY                      ,OH,44805-3799,Private      ,2370,803,3173,2370,803,3173
00301300,ATHENAEUM OF OHIO                       ,OH,45230-2000,Private      ,0,2,2,0,2,2
00301400,BALDWIN-WALLACE COLLEGE                 ,OH,44017-2088,Private      ,3008,496,3504,3008,496,3504
00301600,BLUFFTON UNIVERSITY                     ,OH,45817-2104,Private      ,961,92,1053,961,92,1053
00301800,BOWLING GREEN STATE UNIVERSITY          ,OH,43403-0001,Public       ,10978,2140,13118,10978,2140,13118
00302300,CAPITAL UNIVERSITY                      ,OH,43209-2394,Private      ,2608,1115,3723,2608,1115,3723
00302400,CASE WESTERN RESERVE UNIV               ,OH,44106-0000,Private      ,4587,443,5030,4587,443,5030
00302401,CASE WESTERN RESERVE UNIV - MED         ,OH,44106-0000,Private      ,34,646,680,34,646,680
00302402,CASE WESTERN RESERVE UNIV - DENTAL      ,OH,44106-0000,Private      ,14,140,154,14,140,154
00302403,CASE WESTERN RESERVE UNIV - LAW         ,OH,44106-0000,Private      ,5,857,862,5,857,862
00302404,CASE WESTERN RESERVE UNIV - UG          ,OH,44106-0000,Private      ,377,28,405,377,28,405
00302405,CASE WESTERN RESERVE UNIV - MSASS       ,OH,44106-0000,Private      ,4,224,228,4,224,228
00302406,CASE WESTERN RESERVE UNIV - NURS UG     ,OH,44106-0000,Private      ,140,51,191,140,51,191
00302407,CASE WESTERN RESERVE UNIV - WSOM        ,OH,44106-0000,Private      ,6,82,88,6,82,88
00302408,CASE WESTERN RESERVE UNIV -A&S GRAD     ,OH,44106-0000,Private      ,6,123,129,6,123,129
00302409,CASE WESTERN RESERVE UNIV -ENG GRAD     ,OH,44106-0000,Private      ,18,41,59,18,41,59
00302410,CASE WESTERN RESERVE UNIV -NURS GRD     ,OH,44106-0000,Private      ,4,133,137,4,133,137
00302500,CEDARVILLE UNIVERSITY                   ,OH,45314-8564,Private      ,2603,55,2658,2603,55,2658
00302600,CENTRAL STATE UNIVERSITY                ,OH,45384-1004,Public       ,2026,495,2521,2026,495,2521
00302900,CINCINNATI CHRISTIAN UNIVERSITY         ,OH,45204-3200,Private      ,257,144,401,257,144,401
00303000,OHIO CHRISTIAN UNIVERSITY               ,OH,43113-9487,Private      ,95,122,217,95,122,217
00303100,CLEVELAND INSTITUTE OF MUSIC            ,OH,44106-1776,Private      ,401,299,700,401,299,700
00303200,CLEVELAND STATE UNIVERSITY              ,OH,44115-2214,Public       ,3923,4656,8579,3923,4656,8579
00303300,COLLEGE OF MT ST JOSEPH                 ,OH,45233-1670,Private      ,1049,440,1489,1049,440,1489
00303500,OHIO DOMINICAN UNIVERSITY               ,OH,43219-2099,Private      ,1618,682,2300,1618,682,2300
00303600,FRANCISCAN UNIV OF STEUBENVILLE         ,OH,43952-1763,Private      ,1195,198,1393,1195,198,1393
00303700,COLLEGE OF WOOSTER                      ,OH,44691-2363,Private      ,2250,31,2281,2250,31,2281
00303900,COLUMBUS COLLEGE OF ART AND DESIGN      ,OH,43215-1758,Private      ,1201,179,1380,1201,179,1380
00304000,CUYAHOGA COMMUNITY COLLEGE              ,OH,44115-2878,Public       ,1560,3969,5529,1560,3969,5529
00304001,CUYAHOGA COMMUNITY CLG-EASTERN CAM      ,OH,44122-6195,Public       ,175,295,470,175,295,470
00304002,CUYAHOGA COMMUNITY CLG-METRO CAMPUS     ,OH,44115-0000,Public       ,319,558,877,319,558,877
00304003,CUYAHOGA COMMUNITY CLG-WESTERN CMPS     ,OH,44130-0000,Public       ,471,446,917,471,446,917
00304100,"DEFIANCE COLLEGE, THE                   ",OH,43512-1695,Private      ,870,147,1017,870,147,1017
00304200,DENISON UNIVERSITY                      ,OH,43023-1329,Private      ,2292,19,2311,2292,19,2311
00304300,CHANCELLOR UNIVERSITY                   ,OH,44114-1096,Private      ,12,93,105,12,93,105
00304400,TRINITY LUTHERAN SEMINARY               ,OH,43209-0000,Private      ,0,49,49,0,49,49
00304500,UNIVERSITY OF FINDLAY                   ,OH,45840-3695,Private      ,1974,453,2427,1974,453,2427
00304600,FRANKLIN UNIVERSITY                     ,OH,43215-5399,Private      ,318,3425,3743,318,3425,3743
00304606,FRANKLIN UNIVERSITY - NORTHWEST         ,OH,43019-5331,Private      ,2,12,14,2,12,14
00304608,FRANKLIN UNIVERSITY - NORTHEAST         ,OH,43081-1111,Private      ,5,15,20,5,15,20
00304700,HEBREW UNION COLLEGE MAIN CAMPUS        ,OH,45220-0000,Private      ,0,53,53,0,53,53
00304800,HEIDELBERG UNIVERSITY                   ,OH,44883-2462,Private      ,1344,99,1443,1344,99,1443
00304900,HIRAM COLLEGE                           ,OH,44234-1808,Private      ,1179,81,1260,1179,81,1260
00305000,JOHN CARROLL UNIVERSITY                 ,OH,44118-4581,Private      ,3044,339,3383,3044,339,3383
00305100,KENT STATE UNIV - KENT CAMPUS           ,OH,44242-0001,Public       ,11176,3292,14468,11176,3292,14468
00305101,KENT STATE UNIV - GEAUGA CAMPUS         ,OH,44021-0000,Public       ,135,136,271,135,136,271
00305102,KENT STATE UNIV - STARK CAMPUS          ,OH,44720-0000,Public       ,874,543,1417,874,543,1417
00305103,KENT STATE UNIV - TUSCARAWAS CAMPUS     ,OH,44663-0000,Public       ,391,370,761,391,370,761
00305104,KENT STATE UNIV - TRUMBULL CAMPUS       ,OH,44483-0000,Public       ,410,560,970,410,560,970
00305105,KENT STATE UNIV - ASHTABULA CAMPUS      ,OH,44004-0000,Public       ,249,381,630,249,381,630
00305106,KENT STATE UNIV -E.LIVERPOOL CAMPUS     ,OH,43920-0000,Public       ,143,234,377,143,234,377
00305107,KENT STATE UNIV - SALEM CAMPUS          ,OH,44460-0000,Public       ,336,309,645,336,309,645
00306500,KENYON COLLEGE                          ,OH,43022-9623,Private      ,2236,26,2262,2236,26,2262
00306600,LAKE ERIE COLLEGE                       ,OH,44077-3389,Private      ,738,107,845,738,107,845
00306800,LORAIN COUNTY COMMUNITY COLLEGE         ,OH,44035-1691,Public       ,876,1445,2321,876,1445,2321
00306900,LOURDES COLLEGE                         ,OH,43560-2898,Private      ,268,550,818,268,550,818
00307200,MALONE UNIVERSITY                       ,OH,44709-3897,Private      ,1577,425,2002,1577,425,2002
00307300,MARIETTA COLLEGE                        ,OH,45750-4033,Private      ,1989,158,2147,1989,158,2147
00307500,METHODIST THEOLOGICAL SCH IN OHIO       ,OH,43015-0000,Private      ,0,100,100,0,100,100
00307600,MIAMI-JACOBS COLLEGE                    ,OH,45401-0000,Proprietary  ,21,356,377,21,356,377
00307602,MIAMI - JACOBS CAREER COLLEGE - SPRINGBO,OH,45066-1115,Proprietary  ,12,108,120,12,108,120
00307603,MIAMI - JACOBS CAREER COLLEGE - TROY    ,OH,45373-3837,Proprietary  ,39,236,275,39,236,275
00307700,MIAMI UNIVERSITY                        ,OH,45056-1831,Public       ,13234,2960,16194,13234,2960,16194
00307800,WRIGHT STATE UNIVERSITY                 ,OH,45435-0002,Public       ,8046,4264,12310,8046,4264,12310
00308300,MOUNT UNION COLLEGE                     ,OH,44601-3993,Private      ,2194,58,2252,2194,58,2252
00308400,MUSKINGUM COLLEGE                       ,OH,43762-1199,Private      ,1511,126,1637,1511,126,1637
00308500,NOTRE DAME COLLEGE OF OHIO              ,OH,44121-4293,Private      ,688,286,974,688,286,974
00308600,OBERLIN COLLEGE                         ,OH,44074-1090,Private      ,3736,69,3805,3736,69,3805
00308800,OHIO COLLEGE OF PODIATRIC MEDICINE      ,OH,44131-7304,Private      ,4,221,225,4,221,225
00308900,OHIO NORTHERN UNIVERSITY                ,OH,45810-1555,Private      ,2810,687,3497,2810,687,3497
00309000,OHIO STATE UNIVERSITY-ALL CAMPUSES      ,OH,43210-1358,Public       ,32744,15131,47875,32744,15131,47875
00310000,OHIO UNIVERSITY                         ,OH,45701-2979,Public       ,13455,2314,15769,13455,2314,15769
00310002,"OHIO UNIVERSITY, ZANESVILLE CAMPUS      ",OH,43701-0000,Public       ,657,592,1249,657,592,1249
00310003,"OHIO UNIVERSITY, LANCASTER CAMPUS       ",OH,43130-0000,Public       ,459,384,843,459,384,843
00310004,"OHIO UNIVERSITY, SOUTHERN CAMPUS        ",OH,45638-0000,Public       ,386,507,893,386,507,893
00310005,"OHIO UNIVERSITY, CHILLICOTHE CAMPUS     ",OH,45601-0000,Public       ,397,584,981,397,584,981
00310006,"OHIO UNIVERSITY, EASTERN CAMPUS         ",OH,43950-0000,Public       ,256,87,343,256,87,343
00310008,OHIO UNIV COLL OF OSTEOPATHIC MED       ,OH,45701-0000,Public       ,7,163,170,7,163,170
00310900,OHIO WESLEYAN UNIVERSITY                ,OH,43015-2398,Private      ,2483,63,2546,2483,63,2546
00311000,OTTERBEIN COLLEGE                       ,OH,43081-2006,Private      ,2754,388,3142,2754,388,3142
00311300,PONTIFICAL COLLEGE JOSEPHINUM           ,OH,43235-1498,Private      ,12,10,22,12,10,22
00311401,FIRELANDS REGIONAL MEDICAL CENTER       ,OH,44870-4788,Private      ,34,63,97,34,63,97
00311600,UNIV OF RIO GRANDE                      ,OH,45674-3131,Private      ,1134,547,1681,1134,547,1681
00311900,SINCLAIR COMMUNITY COLLEGE              ,OH,45402-1460,Public       ,2087,3316,5403,2087,3316,5403
00312100,TIFFIN UNIVERSITY                       ,OH,44883-2161,Private      ,1135,602,1737,1135,602,1737
00312200,UNITED THEOLOGICAL SEMINARY             ,OH,45406-0000,Private      ,0,42,42,0,42,42
00312300,UNIVERSITY OF AKRON                     ,OH,44325-6211,Public       ,10600,5090,15690,10600,5090,15690
00312500,UNIVERSITY OF CINCINNATI                ,OH,45221-0125,Public       ,11864,6532,18396,11864,6532,18396
00312504,UNIV OF CINCINNATI-CLG MEDICINE         ,OH,45267-0552,Public       ,68,388,456,68,388,456
00312700,UNIVERSITY OF DAYTON                    ,OH,45469-0002,Private      ,8128,1588,9716,8128,1588,9716
00313100,UNIVERSITY OF TOLEDO                    ,OH,43606-3390,Public       ,9671,2949,12620,9671,2949,12620
00313101,UNIVERSITY OF TOLEDO - HEALTH SCIENCE CA,OH,43614-2598,Public       ,358,715,1073,358,715,1073
00313300,URBANA UNIVERSITY                       ,OH,43078-2091,Private      ,509,166,675,509,166,675
00313400,URSULINE COLLEGE                        ,OH,44124-4398,Private      ,506,432,938,506,432,938
00313500,WALSH UNIVERSITY                        ,OH,44720-3396,Private      ,1914,471,2385,1914,471,2385
00314100,WILBERFORCE UNIVERSITY                  ,OH,45384-1001,Private      ,836,252,1088,836,252,1088
00314200,WILMINGTON COLLEGE                      ,OH,45177-2499,Private      ,1290,192,1482,1290,192,1482
00314300,WITTENBERG UNIVERSITY                   ,OH,45501-2199,Private      ,2463,103,2566,2463,103,2566
00314400,XAVIER UNIVERSITY                       ,OH,45207-1035,Private      ,3906,998,4904,3906,998,4904
00314500,YOUNGSTOWN STATE UNIVERSITY             ,OH,44555-0001,Public       ,5083,2612,7695,5083,2612,7695
00398200,CLEVELAND INSTITUTE OF ART              ,OH,44106-1700,Private      ,516,71,587,516,71,587
00406000,WINEBRENNER THEOLOGICAL SEMINARY        ,OH,45840-0000,Private      ,0,8,8,0,8,8
00485200,CLARK STATE COMMUNITY COLLEGE           ,OH,45505-4795,Public       ,401,1229,1630,401,1229,1630
00485300,BRADFORD SCHOOL                         ,OH,43219-0000,Proprietary  ,105,113,218,105,113,218
00485500,DAVIS COLLEGE                           ,OH,43623-4307,Proprietary  ,21,156,177,21,156,177
00486100,UNIVERSITY OF NORTHWESTERN OHIO         ,OH,45805-1498,Private      ,2081,294,2375,2081,294,2375
00486600,STAUTZENBERGER COLLEGE                  ,OH,43537-4007,Proprietary  ,48,205,253,48,205,253
00510200,SCH OF DIAGNOSTIC IMAGING-CLEVELAND     ,OH,44119-0000,Private      ,3,8,11,3,8,11
00512700,BROWN MACKIE COLLEGE-CINCINNATI         ,OH,45215-1107,Proprietary  ,183,816,999,183,816,999
00521000,CLEVELAND INSTITUTE OF ELECTRONICS      ,OH,44114-0000,Proprietary  ,1,21,22,1,21,22
00531300,NORTH CENTRAL STATE COLLEGE             ,OH,44901-0000,Public       ,402,636,1038,402,636,1038
00575300,OWENS STATE COMMUNITY COLLEGE           ,OH,43699-0000,Public       ,1620,2419,4039,1620,2419,4039
00648700,AULTMAN COLLEGE OF NURSING AND HEALTH SC,OH,44710-1799,Private      ,57,94,151,57,94,151
00648900,CHRIST HOSP SCH OF NURSING              ,OH,45219-2989,Private      ,30,30,60,30,30,60
00649400,GOOD SAMARITAN COLG-NURSING/HEALTH      ,OH,45220-2489,Private      ,83,102,185,83,102,185
00649800,MERIDIA HURON SCHOOL OF NURSING         ,OH,44112-4308,Private      ,18,120,138,18,120,138
00650700,TRINIT HEALTH SYSTEM SCH OF NURSING     ,OH,43952-2667,Private      ,29,46,75,29,46,75
00680400,LAKELAND COMMUNITY COLLEGE              ,OH,44094-5198,Public       ,857,1505,2362,857,1505,2362
00686700,COLUMBUS STATE COMMUNITY COLLEGE        ,OH,43215-1786,Public       ,3499,6018,9517,3499,6018,9517
00703500,KETTERING COLLEGE OF MEDICAL ARTS       ,OH,45429-1299,Private      ,229,278,507,229,278,507
00708500,MOUNT VERNON NAZARENE UNIVERSITY        ,OH,43050-9500,Private      ,1024,167,1191,1024,167,1191
00708501,MOUNT VERNON NAZARENE UNIV - AGS        ,OH,43050-0000,Private      ,22,173,195,22,173,195
00727500,JEFFERSON COMMUNITY COLLEGE             ,OH,43952-3598,Public       ,223,283,506,223,283,506
00747300,CHOFFIN CAREER & TECHNICAL CENTER       ,OH,44503-1628,Public       ,12,66,78,12,66,78
00759800,HOCKING TECHNICAL COLLEGE               ,OH,45764-9582,Public       ,1409,1029,2438,1409,1029,2438
00777700,REMINGTON COLLEGE - CLEVELAND CAMPUS    ,OH,44125-1957,Proprietary  ,26,153,179,26,153,179
00777704,REMINGTON COLLEGE-CLEVELAND WEST CAMPUS ,OH,44070-3129,Proprietary  ,9,54,63,9,54,63
00812900,ADULT AND COMMUNITY EDUCATION @ HUDSON  ,OH,43211-2017,Public       ,3,84,87,3,84,87
00813200,TOLEDO SCHOOL OF PRACTICAL NURSING      ,OH,43613-5110,Public       ,25,85,110,25,85,110
00813300,ZANE STATE COLLEGE                      ,OH,43701-2626,Public       ,414,648,1062,414,648,1062
00819400,AKRON SCHOOL OF PRACTICAL NRSG          ,OH,44311-0000,Public       ,25,39,64,25,39,64
00827800,TERRA COMMUNITY COLLEGE                 ,OH,43420-9670,Public       ,213,335,548,213,335,548
00867700,NORTHWEST STATE COMMUNITY COLLEGE       ,OH,43502-9542,Public       ,326,570,896,326,570,896
00888600,PORTAGE LAKES CAREER CENTER             ,OH,44232-0000,Public       ,9,37,46,9,37,46
00908800,ITT TECHNICAL INSTITUTE                 ,OH,45414-3456,Proprietary  ,77,130,207,77,130,207
00915600,WAYNE COUNTY SCHOOLS CAREER CENTER      ,OH,44677-9672,Public       ,7,46,53,7,46,53
00917200,SPRINGFIELD REGIONAL SCHOOL OF NURSING  ,OH,45501-1228,Private      ,20,48,68,20,48,68
00941200,NATIONAL INSTITUTE OF TECHNOLOGY        ,OH,44221-2998,Proprietary  ,53,99,152,53,99,152
00945101,BROWN MACKIE COLLEGE-NORTH CANTON       ,OH,44720-0000,Proprietary  ,43,313,356,43,313,356
00953000,GERBER AKRON BEAUTY SCHOOL              ,OH,44333-3714,Proprietary  ,1,15,16,1,15,16
00953100,SPA SCHOOL (THE)                        ,OH,43214-1524,Proprietary  ,6,26,32,6,26,32
00966000,TIFFIN ACADEMY OF HAIR DESIGN           ,OH,44883-2833,Proprietary  ,5,16,21,5,16,21
00983700,ITT TECHNICAL INSTITUTE                 ,OH,44509-4098,Proprietary  ,115,204,319,115,204,319
00994100,BELMONT TECHNICAL COLLEGE               ,OH,43950-9766,Public       ,392,342,734,392,342,734
00994200,SHAWNEE STATE UNIVERSITY                ,OH,45662-4344,Public       ,2104,608,2712,2104,608,2712
01001700,PAYNE THEOLOGICAL SEMINARY              ,OH,45384-0474,Private      ,0,14,14,0,14,14
01002700,JAMES A. RHODES STATE COLLEGE           ,OH,45804-3597,Public       ,662,717,1379,662,717,1379
01016800,NATIONWIDE BEAUTY ACADEMY               ,OH,43228-1000,Proprietary  ,34,80,114,34,80,114
01028000,OHIO STATE BEAUTY ACADEMY               ,OH,45801-4950,Proprietary  ,19,8,27,19,8,27
01032300,HANNAH E MULLINS SCH-PRAC NRSG          ,OH,44460-2906,Public       ,3,32,35,3,32,35
01034500,CINCINNATI STATE TECH & COMM CLG        ,OH,45223-2690,Public       ,1402,2285,3687,1402,2285,3687
01045300,WASHINGTON STATE CMTY COLLEGE           ,OH,45750-9225,Public       ,375,342,717,375,342,717
01063000,NORTHERN INSTITUTE OF COSMETOLOGY       ,OH,44052-1803,Proprietary  ,2,5,7,2,5,7
01073600,MARION TECHNICAL COLLEGE                ,OH,43302-5694,Public       ,244,438,682,244,438,682
01088000,CHATFIELD COLLEGE                       ,OH,45118-9705,Private      ,18,35,53,18,35,53
01088100,STARK STATE COLLEGE OF TECHNOLOGY       ,OH,44720-7299,Public       ,917,1908,2825,917,1908,2825
01090600,CINCINNATI CLG OF MORTUARY SCIENCE      ,OH,45224-1428,Private      ,33,44,77,33,44,77
01092300,UNION INSTITUTE & UNIVERSITY            ,OH,45206-1925,Private      ,10,503,513,10,503,513
01096200,MOORE UNIV OF HAIR DESIGN               ,OH,45213-0000,Proprietary  ,0,2,2,0,2,2
01099300,HOBART INSTITUTE OF WELDING TECHNOLOGY  ,OH,45373-2400,Private      ,76,28,104,76,28,104
01100500,KAPLAN COLLEGE                          ,OH,43232-4827,Proprietary  ,43,229,272,43,229,272
01104600,CENTRAL OHIO TECHNICAL COLLEGE          ,OH,43055-1767,Public       ,667,2095,2762,667,2095,2762
01170300,PENTA COUNTY JOINT VOCATIONAL SCH       ,OH,43551-0000,Public       ,6,13,19,6,13,19
01174400,NATIONAL BEAUTY COLLEGE                 ,OH,44720-0000,Proprietary  ,7,23,30,7,23,30
01174500,OHIO TECHNICAL COLLEGE                  ,OH,44103-1228,Proprietary  ,540,98,638,540,98,638
01182500,OHIO STATE SCHOOL OF COSMETOLOGY        ,OH,43224-1107,Proprietary  ,17,22,39,17,22,39
01212800,SOUTHWESTERN COLLEGE                    ,OH,45402-3003,Proprietary  ,25,192,217,25,192,217
01212802,SOUTHWESTERN COLLEGE                    ,OH,45005-2267,Proprietary  ,2,38,40,2,38,40
01212803,SOUTHWESTERN COLLEGE                    ,OH,45202-4304,Proprietary  ,13,166,179,13,166,179
01212804,SOUTHWESTERN COLLEGE                    ,OH,45246-3121,Proprietary  ,22,228,250,22,228,250
01216600,CAROUSEL BEAUTY COLLEGE                 ,OH,45402-8935,Proprietary  ,3,16,19,3,16,19
01224800,CENTRAL SCHOOL OF PRACTICAL NURSING     ,OH,44103-4371,Private      ,6,57,63,6,57,63
01267200,CAROUSEL BEAUTY COLLEGE                 ,OH,45044-5113,Proprietary  ,4,3,7,4,3,7
01267400,CAROUSEL OF MIAMI VALLEY BEAUTY CLG     ,OH,45424-2063,Proprietary  ,0,1,1,0,1,1
01275000,EDISON COMMUNITY COLLEGE                ,OH,45356-9239,Public       ,330,642,972,330,642,972
01283800,LAURA AND ALVIN SIEGAL COLLEGE OF JUDAIC,OH,44122-7197,Private      ,0,4,4,0,4,4
01284800,MOLER-HOLLYWOOD BEAUTY COLLEGE          ,OH,45202-2577,Proprietary  ,3,7,10,3,7,10
01287000,SOUTHERN STATE COMMUNITY COLLEGE        ,OH,45133-9406,Public       ,299,521,820,299,521,820
01289100,ANTONELLI COLLEGE                       ,OH,45202-2592,Proprietary  ,40,120,160,40,120,160
01289600,VIRGINIA MARTI COLLEGE OF ART AND DESIGN,OH,44107-0778,Proprietary  ,68,40,108,68,40,108
01313200,INTERNATIONAL CLG OF BROADCASTING       ,OH,45431-1898,Proprietary  ,19,26,45,19,26,45
02052000,OHIO INST OF PHOTOGRAPHY & TECHNOLOGY   ,OH,45439-1984,Proprietary  ,106,191,297,106,191,297
02054300,TRUMBULL BUSINESS COLLEGE               ,OH,44484-0000,Proprietary  ,14,66,80,14,66,80
02056800,DAYMAR COLLEGE                          ,OH,45601-1038,Proprietary  ,0,19,19,0,19,19
02056802,DAYMAR COLLEGE - LANCASTER              ,OH,43130-0000,Proprietary  ,1,5,6,1,5,6
02056803,DAYMAR COLLEGE - NEW BOSTON             ,OH,45662-4900,Proprietary  ,0,2,2,0,2,2
02056804,DAYMAR COLLEGE - JACKSON                ,OH,45640-1728,Proprietary  ,1,2,3,1,2,3
02066100,OHIO STATE COLLEGE/BARBER STYLING       ,OH,43213-0000,Proprietary  ,17,25,42,17,25,42
02069500,AKRON INSTITUTE                         ,OH,44306-0000,Proprietary  ,38,229,267,38,229,267
02073300,GALLIA-JACKSON-VINTON SCH ADULT ED      ,OH,45674-0000,Public       ,18,55,73,18,55,73
02077800,CENTURY SCHOOL OF COSMETOLOGY           ,OH,43952-0000,Proprietary  ,1,2,3,1,2,3
02110700,CLEVELAND INST OF DENTAL-MED ASST       ,OH,44115-2285,Proprietary  ,15,102,117,15,102,117
02116009,SANFORD-BROWN COLLEGE - MIDDLEBURG HEIGH,OH,44130-8362,Proprietary  ,62,300,362,62,300,362
02116900,UPPER VALLEY JVS                        ,OH,45356-0000,Public       ,1,53,54,1,53,54
02117300,GREAT OAKS INSTITUTE OF TECHNOLOGY      ,OH,45241-1581,Public       ,50,229,279,50,229,279
02128600,THE ART INSTITUTE OF CINCINNATI         ,OH,45246-0000,Proprietary  ,104,21,125,104,21,125
02140700,COMMUNITY EDUCATIONAL SERVICES          ,OH,44702-1710,Public       ,8,41,49,8,41,49
02152100,ACADEMY OF COURT REPORTING              ,OH,44115-0000,Proprietary  ,14,301,315,14,301,315
02158500,OHIO BUSINESS COLLEGE                   ,OH,44055-0000,Proprietary  ,9,45,54,9,45,54
02158501,OHIO BUSINESS COLLEGE                   ,OH,44870-9953,Proprietary  ,12,61,73,12,61,73
02163900,BEATRICE ACADEMY OF BEAUTY              ,OH,44106-0000,Proprietary  ,3,15,18,3,15,18
02168100,TRI-COUNTY JOINT VOCATIONAL SCHOOL      ,OH,45764-0000,Public       ,1,16,17,1,16,17
02187900,ASHTABULA CO JOINT VOC SCH ADULT ED     ,OH,44047-0000,Public       ,5,30,35,5,30,35
02189000,ADULT CENTER FOR EDUCATION              ,OH,43701-0000,Public       ,12,31,43,12,31,43
02190700,RETS TECH CENTER                        ,OH,45459-0000,Proprietary  ,62,429,491,62,429,491
02192100,BUTLER TECHNOLOGY AND CAREER DEVELOPMENT,OH,45011-0000,Public       ,41,90,131,41,90,131
02196300,COLLINS CAREER CENTER                   ,OH,45619-0000,Public       ,58,107,165,58,107,165
02210800,MEDINA COUNTY CAREER CENTER             ,OH,44256-0000,Public       ,3,22,25,3,22,25
02215400,OHIO STATE SCHOOL OF COSMETOLOGY        ,OH,43207-0000,Proprietary  ,22,26,48,22,26,48
02220500,GOD'S BIBLE SCHOOL & COLLEGE            ,OH,45210-0000,Private      ,45,5,50,45,5,50
02220800,CAREER & TECHNOLOGY EDUCATION CENTERS OF,OH,43055-0000,Public       ,7,39,46,7,39,46
02239800,PIONEER CAREER & TECHNOLOGY CENTER      ,OH,44875-0000,Public       ,2,1,3,2,1,3
02245600,WARREN COUNTY CAREER CENTER             ,OH,45036-0000,Public       ,3,13,16,3,13,16
02246300,INSTITUTE OF MEDICAL-DENTAL TECH        ,OH,45246-3317,Proprietary  ,5,6,11,5,6,11
02263700,MIAMI VALLEY CAREER TECHNOLOGY CTR      ,OH,45315-0000,Public       ,17,71,88,17,71,88
02269400,EASTERN HILLS ACAD OF HAIR DESIGN       ,OH,45255-0000,Proprietary  ,1,11,12,1,11,12
02269500,WESTERN HILLS SCHOOL OF BEAUTY & HAIR DE,OH,45211-0000,Proprietary  ,8,64,72,8,64,72
02270100,OHIO HI-POINT CAREER CENTER             ,OH,43311-0000,Public       ,7,46,53,7,46,53
02272700,COLUMBIANA COUNTY CAREER CENTER         ,OH,44432-0000,Public       ,6,26,32,6,26,32
02287900,RAPHAEL'S SCHOOL OF BEAUTY CULTURE      ,OH,44446-0000,Proprietary  ,6,8,14,6,8,14
02301400,OHIO VALLEY COLLEGE OF TECHNOLOGY       ,OH,43920-0000,Proprietary  ,10,29,39,10,29,39
02303600,BOHECKER'S BUSINESS COLLEGE             ,OH,44266-0000,Proprietary  ,49,183,232,49,183,232
02304700,TRI-RIVERS CAREER CENTER                ,OH,43302-0000,Public       ,11,59,70,11,59,70
02311200,AMERICAN SCHOOL OF TECHNOLOGY           ,OH,43229-0000,Proprietary  ,4,22,26,4,22,26
02315500,TOLEDO ACADEMY OF BEAUTY CULTURE - EAST ,OH,43612-0000,Proprietary  ,4,16,20,4,16,20
02328500,MOLER-PICKENS BEAUTY COLLEGE            ,OH,45014-0000,Proprietary  ,2,2,4,2,2,4
02334300,INTERNATIONAL ACAD OF HAIR DESIGN       ,OH,45239-0000,Proprietary  ,10,9,19,10,9,19
02336300,KNOX COUNTY CAREER CENTER               ,OH,43050-4298,Public       ,12,68,80,12,68,80
02336700,CUYAHOGA VALLEY CAREER CENTER           ,OH,44141-1296,Public       ,13,67,80,13,67,80
02337700,PROFESSIONAL SKILLS INSTITUTE           ,OH,43607-0000,Proprietary  ,33,219,252,33,219,252
02351500,WILLOUGHBY EASTLAKE SCH OF PRAC NSG     ,OH,44094-0000,Public       ,2,20,22,2,20,22
02352800,POLARIS CAREER CENTER-ADULT ED DEPT     ,OH,44130-0000,Public       ,8,13,21,8,13,21
02354200,SCIOTO COUNTY JOINT VOCATIONAL SCH      ,OH,45648-0000,Public       ,9,38,47,9,38,47
02454400,NORTHEASTERN OHIO UNIVS COL OF MED      ,OH,44272-0000,Public       ,84,316,400,84,316,400
02497800,GREENE COUNTY CAREER CENTER             ,OH,45385-0000,Public       ,5,19,24,5,19,24
02512600,ADULT VOCATIONAL SERVICES               ,OH,44308-0000,Public       ,1,6,7,1,6,7
02519300,OHIO STATE SCH COSMETOLOGY              ,OH,43068-0000,Proprietary  ,1,11,12,1,11,12
02522700,EASTLAND-FAIRFIELD CAREER AND TECHNICAL ,OH,43125-0000,Public       ,6,33,39,6,33,39
02528300,TDDS TECHNICAL INSTITUTE                ,OH,44429-0000,Proprietary  ,12,46,58,12,46,58
02529500,HAMRICK SCHOOL                          ,OH,44256-0000,Proprietary  ,2,4,6,2,4,6
02541400,TOLEDO ACADEMY OF BEAUTY CULTURE-SO     ,OH,43614-0000,Proprietary  ,5,17,22,5,17,22
02545800,INNER STATE BEAUTY SCHOOLS              ,OH,44124-0000,Proprietary  ,8,50,58,8,50,58
02553000,SCHOOL OF ADVERTISING ART               ,OH,45440-0000,Proprietary  ,78,4,82,78,4,82
02560000,CASAL AVEDA INSTITUTE                   ,OH,44515-0000,Proprietary  ,14,7,21,14,7,21
02560700,PICKAWAY ROSS CO JOINT VOC TECH SCH     ,OH,45601-0000,Public       ,11,65,76,11,65,76
02562300,APOLLO CAREER CENTER-ADULT EDUC         ,OH,45806-0000,Public       ,19,104,123,19,104,123
02563000,RAPHAELS SCHOOL OF BEAUTY CULTURE       ,OH,44601-2847,Proprietary  ,4,5,9,4,5,9
02568600,MAHONING COUNTY CAREER & TECH CENTR     ,OH,44406-0000,Public       ,3,12,15,3,12,15
02582900,KAPLAN CAREER INSTITUTE                 ,OH,44129-6810,Proprietary  ,18,101,119,18,101,119
02586400,TRUMBULL CAREER & TECH CENTER-ADULT     ,OH,44483-1997,Public       ,8,63,71,8,63,71
02588500,OHIO STATE SCHOOL OF COSMETOLOGY        ,OH,43081-0000,Proprietary  ,22,12,34,22,12,34
02599711,VATTEROTT COLLEGE - CLEVELAND           ,OH,44147-3502,Proprietary  ,6,23,29,6,23,29
02603800,LORAIN COUNTY JVS ADULT CAREER CTR      ,OH,44074-9799,Public       ,0,7,7,0,7,7
02616200,BROWN MACKIE COLLEGE-FINDLAY            ,OH,45840-6848,Proprietary  ,159,272,431,159,272,431
02616201,BROWN MACKIE COLLEGE-FINDLAY - ART INSTI,OH,45249-3317,Proprietary  ,26,9,35,26,9,35
02620000,SANDUSKY CAREER CENTER                  ,OH,44870-4786,Public       ,10,40,50,10,40,50
03007900,GALLIPOLIS CAREER COLLEGE               ,OH,45631-2600,Proprietary  ,2,37,39,2,37,39
03015100,ALLIANCE HIGH SCH-CMTY SERVICES DIV     ,OH,44601-2899,Public       ,4,6,10,4,6,10
03015300,EHOVE CAREER CENTER                     ,OH,44846-9500,Public       ,14,96,110,14,96,110
03023700,MADISON ADULT CAREER CENTER             ,OH,44905-2718,Public       ,5,14,19,5,14,19
03024300,VALLEY BEAUTY SCHOOL                    ,OH,43725-2332,Proprietary  ,6,3,9,6,3,9
03027100,FAIRVIEW ACADEMY                        ,OH,44126-2214,Proprietary  ,2,4,6,2,4,6
03034200,WASHINGTON COUNTY CAREER CENTER ADULT TE,OH,45750-9290,Public       ,21,38,59,21,38,59
03051400,AUBURN CAREER CENTER                    ,OH,44077-9723,Public       ,12,42,54,12,42,54
03051500,US GRANT JOINT VOCATIONAL SCHOOL        ,OH,45106-9502,Public       ,0,3,3,0,3,3
03065800,OHIO INSTITUTE OF HEALTH CAREERS        ,OH,44035-2394,Proprietary  ,14,25,39,14,25,39
03065900,BUCKEYE CAREER CENTER                   ,OH,44663-9437,Public       ,15,62,77,15,62,77
03067600,RAPHAEL'S SCHOOL OF BEAUTY CULTURE      ,OH,44512-2222,Proprietary  ,0,2,2,0,2,2
03068200,OHIO CENTER FOR BROADCASTING            ,OH,44125-4220,Proprietary  ,22,28,50,22,28,50
03071900,MOUNT CARMEL COLLEGE OF NURSING         ,OH,43222-1598,Private      ,356,274,630,356,274,630
03072303,EVEREST INSTITUTE - COLUMBUS            ,OH,43230-6653,Proprietary  ,13,69,82,13,69,82
03078000,OHIO CENTER FOR BROADCASTING            ,OH,45227-1509,Proprietary  ,8,8,16,8,8,16
03079000,ETI TECHNICAL COLLEGE                   ,OH,44446-4398,Proprietary  ,14,34,48,14,34,48
03084800,DELAWARE AREA CAREER CENTER             ,OH,43015-8969,Public       ,2,4,6,2,4,6
03084801,DELAWARE AREA CAREER CENTER -           ,OH,43015-9001,Public       ,1,4,5,1,4,5
03095600,VANTAGE CAREER CENTER                   ,OH,45891-1378,Public       ,0,39,39,0,39,39
03097000,MERCY COLLEGE OF NORTHWEST OHIO         ,OH,43604-1132,Private      ,217,234,451,217,234,451
03100100,PARAMOUNT BEAUTY ACADEMY                ,OH,45662-4136,Proprietary  ,5,10,15,5,10,15
03105400,CLEVELAND EXTENSION HIGH SCH-WEST       ,OH,44102-2298,Public       ,3,32,35,3,32,35
03116200,DAYTON BARBER COLLEGE                   ,OH,45402-2310,Proprietary  ,4,6,10,4,6,10
03116300,OHIO COLLEGE OF MASSOTHERAPY            ,OH,44321-1363,Private      ,17,27,44,17,27,44
03116400,VANGUARD-SENTINELL VOC SCH DISTRICT     ,OH,43420-1197,Public       ,2,5,7,2,5,7
03117000,ASHLAND COUNTY-W HOLMES CAREER CTR      ,OH,44805-0000,Public       ,5,21,26,5,21,26
03319300,CREATIVE IMAGES-A CERTIFIED MATRIX      ,OH,45414-2557,Proprietary  ,6,25,31,6,25,31
03319301,CREATIVE IMAGES-A CERTIFIED MATRIX      ,OH,45459-0000,Proprietary  ,5,26,31,5,26,31
03416400,VALLEY BEAUTY SCHOOL                    ,OH,43701-3624,Proprietary  ,3,5,8,3,5,8
03425300,ROSEDALE BIBLE COLLEGE                  ,OH,43029-9517,Private      ,26,3,29,26,3,29
03457300,ALLEGHENY WESLEYAN COLLEGE              ,OH,44460-9598,Private      ,9,4,13,9,4,13
03468400,NATIONAL INSTITUTE OF MASSOTHERAPY      ,OH,44319-2100,Proprietary  ,0,9,9,0,9,9
03468500,ATS INSTITUTE OF TECHNOLOGY             ,OH,44143-2216,Proprietary  ,9,108,117,9,108,117
03475400,TRI-STATE BIBLE COLLEGE                 ,OH,45680-8402,Private      ,5,1,6,5,1,6
03534400,AMERICAN INST OF ALTERNATIVE MEDICI     ,OH,43229-1113,Proprietary  ,0,32,32,0,32,32
03578300,TRI-STATE COLLEGE                       ,OH,44452-8535,Proprietary  ,6,14,20,6,14,20
03586400,MED CENTRAL COLLEGE OF NURSING          ,OH,44903-2265,Private      ,176,120,296,176,120,296
03626300,BROWN AVEDA INSTITUTE                   ,OH,44060-6212,Proprietary  ,30,43,73,30,43,73
03693300,CARNEGIE INST OF INTEGRATIVE MED/MASSOTH,OH,44260-9608,Private      ,0,2,2,0,2,2
03700300,REGENCY BEAUTY INSTITUTE - CLEVELAND    ,OH,44094-0000,Proprietary  ,6,15,21,6,15,21
03726300,TEMPLE BAPTIST COLLEGE                  ,OH,45240-0000,Private      ,0,1,1,0,1,1
03776400,HEALING ARTS INSTITUTE                  ,OH,43551-3138,Proprietary  ,6,16,22,6,16,22
03837300,AVEDA FREDRIC'S INSTITUTE               ,OH,45208-1304,Proprietary  ,18,10,28,18,10,28
03882300,OREGON CAREER CENTER                    ,OH,43616-2631,Public       ,2,6,8,2,6,8
04074300,HONDROS COLLEGE                         ,OH,43081-3855,Proprietary  ,8,73,81,8,73,81
04117300,DAYTON SCHOOL OF MEDICAL MASSAGE        ,OH,45429-1111,Proprietary  ,13,69,82,13,69,82
04118300,NORTHCOAST MEDICAL TRAINING ACADEMY     ,OH,44240-4174,Proprietary  ,9,16,25,9,16,25
04125700,CUT BEAUTY SCHOOL (THE)                 ,OH,44118-2918,Proprietary  ,1,11,12,1,11,12
        ,INVALID SCHOOL CODE                     ,  ,00000-0000,,2354,2191,4545,2354,2191,4545
00134500,ADAMS STATE COLLEGE                     ,CO,81102-2373,Public       ,1086,422,1508,1086,422,1508
00134600,ARAPAHOE COMMUNITY COLLEGE              ,CO,80160-9002,Public       ,437,728,1165,437,728,1165
00134700,COLORADO COLLEGE                        ,CO,80903-3294,Private      ,2414,125,2539,2414,125,2539
00134800,COLORADO SCHOOL OF MINES                ,CO,80401-1887,Public       ,3192,317,3509,3192,317,3509
00134900,UNIVERSITY OF NORTHERN COLORADO         ,CO,80639-0001,Public       ,5878,1663,7541,5878,1663,7541
00135000,COLORADO STATE UNIVERSITY               ,CO,80523-0100,Public       ,11527,3299,14826,11527,3299,14826
00135200,DENVER  SEMINARY                        ,CO,80120-2192,Private      ,1,287,288,1,287,288
00135300,FORT LEWIS COLLEGE                      ,CO,81301-3999,Public       ,1892,441,2333,1892,441,2333
00135400,ILIFF SCHOOL OF THEOLOGY                ,CO,80210-0000,Private      ,1,94,95,1,94,95
00135500,LAMAR COMMUNITY COLLEGE                 ,CO,81052-3999,Public       ,137,55,192,137,55,192
00135800,MESA STATE COLLEGE                      ,CO,81501-7682,Public       ,1805,673,2478,1805,673,2478
00135900,COLORADO NORTHWESTERN COMMUNITY COLLEGE ,CO,81648-3598,Public       ,94,58,152,94,58,152
00136000,METROPOLITAN STATE CLG OF DENVER        ,CO,80204-0000,Public       ,3590,3432,7022,3590,3432,7022
00136100,NORTHEASTERN JUNIOR COLLEGE             ,CO,80751-2399,Public       ,576,118,694,576,118,694
00136200,OTERO JUNIOR COLLEGE                    ,CO,81050-3346,Public       ,203,89,292,203,89,292
00136300,REGIS UNIVERSITY                        ,CO,80221-1099,Private      ,1637,3478,5115,1637,3478,5115
00136500,COLORADO STATE UNIVERSITY-PUEBLO        ,CO,81001-4901,Public       ,2358,1178,3536,2358,1178,3536
00136800,TRINIDAD STATE JR COLLEGE               ,CO,81082-2396,Public       ,163,111,274,163,111,274
00137000,UNIVERSITY OF COLORADO-BOULDER          ,CO,80309-0077,Public       ,13296,4263,17559,13296,4263,17559
00137100,UNIVERSITY OF DENVER                    ,CO,80208-2000,Private      ,4300,5136,9436,4300,5136,9436
00137200,WESTERN STATE COLLEGE                   ,CO,81231-0000,Public       ,1190,143,1333,1190,143,1333
00163202,AQUINAS INSTITUTE OF THEOLOGY - AQUINAS ,CO,80903-1498,Private      ,1,2,3,1,2,3
00405702,NATIONAL AMERICAN UNIVERSITY            ,CO,80918-0000,Proprietary  ,7,35,42,7,35,42
00405703,NATIONAL AMERICAN UNIVERSITY            ,CO,80222-0000,Proprietary  ,3,38,41,3,38,41
00450300,EVEREST COLLEGE                         ,CO,80916-3548,Proprietary  ,7,36,43,7,36,43
00450600,COLORADO MOUNTAIN COLLEGE               ,CO,81602-0000,Public       ,484,221,705,484,221,705
00450700,EVEREST COLLEGE                         ,CO,80229-4339,Proprietary  ,8,64,72,8,64,72
00450701,"EVEREST COLLEGE- EVEREST COLLEGE, AURORA",CO,80012-5692,Proprietary  ,6,43,49,6,43,49
00450800,UNIVERSITY OF CO ANSCHUTZ MED CAMPUS    ,CO,80045-0000,Public       ,258,1627,1885,258,1627,1885
00450824,UNIVERSITY OF COLORADO DENVER - AURARIA ,CO,80217-3364,Public       ,2685,3484,6169,2685,3484,6169
00450900,UNIV OF COLORADO AT COLO SPRINGS        ,CO,80918-3735,Public       ,3022,1701,4723,3022,1701,4723
00559600,EMILY GRIFFITH OPPORTUNITY SCH          ,CO,80204-2197,Public       ,100,171,271,100,171,271
00729700,REDSTONE COLLEGE                        ,CO,80020-9988,Proprietary  ,64,109,173,64,109,173
00754700,LINCOLN COLLEGE OF TECHNOLOGY           ,CO,80223-2013,Proprietary  ,148,57,205,148,57,205
00754800,WESTWOOD COLLEGE - DENVER NORTH         ,CO,80221-3653,Proprietary  ,242,935,1177,242,935,1177
00754801,WESTWOOD COLLEGE - DENVER SOUTH         ,CO,80227-3653,Proprietary  ,41,170,211,41,170,211
00758200,AIMS COMMUNITY COLLEGE                  ,CO,80632-0000,Public       ,556,773,1329,556,773,1329
00764900,ROCKY MOUNTAIN COLG OF ART & DESIGN     ,CO,80214-0000,Proprietary  ,445,112,557,445,112,557
00793300,FRONT RANGE COMMUNITY COLLEGE           ,CO,80031-2199,Public       ,1414,2379,3793,1414,2379,3793
00863500,INTELLITEC MEDICAL INSTITUTE            ,CO,80909-1570,Proprietary  ,8,16,24,8,16,24
00887100,CONCORDE CAREER INSTITUTE               ,CO,80203-0000,Proprietary  ,25,121,146,25,121,146
00889600,PIKES PEAK COMMUNITY COLLEGE            ,CO,80906-5498,Public       ,953,1721,2674,953,1721,2674
00940100,COLORADO CHRISTIAN UNIVERSITY           ,CO,80226-7449,Private      ,725,477,1202,725,477,1202
00954200,COMMUNITY COLLEGE OF DENVER             ,CO,80217-2026,Public       ,1039,1692,2731,1039,1692,2731
00954300,RED ROCKS COMMUNITY COLLEGE             ,CO,80228-1255,Public       ,517,701,1218,517,701,1218
00985500,YESHIVA TORAS CHAIM TALMUDICAL SEM      ,CO,80204-0067,Private      ,1,1,2,1,1,2
00998100,MORGAN COMMUNITY COLLEGE                ,CO,80701-4399,Public       ,75,136,211,75,136,211
01014800,COLORADO TECHNICAL UNIVERSITY           ,CO,80907-3896,Proprietary  ,98,1209,1307,98,1209,1307
01014802,COLORADO TECHNICAL UNIV - DENVER        ,CO,80111-3201,Proprietary  ,31,193,224,31,193,224
01014805,COLORADO TECH UNIV - ON LINE            ,CO,80907-0000,Proprietary  ,130,3438,3568,130,3438,3568
01014806,COLORADO TECH UNIV - FED EXPRESS        ,CO,80921-3800,Proprietary  ,4,10,14,4,10,14
01014807,COLORADO TECH UNIV - MCI WORLD COM      ,CO,80919-3172,Proprietary  ,0,3,3,0,3,3
01014808,COLORADO TECH UNIV - USAA               ,CO,80920-1005,Proprietary  ,4,2,6,4,2,6
01014810,COLORADO TECH UNIV - PETERSON AFB       ,CO,80914-1586,Proprietary  ,0,1,1,0,1,1
01014811,COLORADO TECH UNIV-HEWLETT PACKARD      ,CO,80919-2303,Proprietary  ,1,2,3,1,2,3
01014812,COLORADO TECHNICAL UNIVERSITY - WESTMINS,CO,80021-3498,Proprietary  ,31,176,207,31,176,207
01014813,COLORADO TECH UNIV - ORACLE             ,CO,80921-3660,Proprietary  ,0,2,2,0,2,2
01014815,COLORADO TECHNCL UNIV PUEBLO            ,CO,81003-2315,Proprietary  ,11,99,110,11,99,110
01070900,ARTISTIC BEAUTY COLLEGES-LAKEWOOD       ,CO,80215-0000,Proprietary  ,0,4,4,0,4,4
01073200,SAN JUAN BASINTECHNICAL COLLEGE         ,CO,81328-9196,Public       ,7,17,24,7,17,24
01157200,COLORADO SCHOOL OF TRADES               ,CO,80215-2996,Proprietary  ,19,28,47,19,28,47
01267000,BEL-REA INST OF ANIMAL TECH             ,CO,80247-3048,Proprietary  ,111,201,312,111,201,312
01285000,INTERNATIONAL SALON AND SPA ACADEMY     ,CO,80918-3684,Proprietary  ,3,6,9,3,6,9
01287500,PICKENS TECHNICAL COLLEGE               ,CO,80011-9307,Public       ,33,85,118,33,85,118
01300700,NAZARENE BIBLE COLLEGE                  ,CO,80910-3717,Private      ,15,187,202,15,187,202
02072200,ARTISTIC BEAUTY COLLEGES-DENVER         ,CO,80212-0000,Proprietary  ,4,7,11,4,7,11
02078900,ART INSTITUTE OF COLORADO (THE)         ,CO,80203-2983,Proprietary  ,726,559,1285,726,559,1285
02116300,PUEBLO COMMUNITY COLLEGE                ,CO,81004-0000,Public       ,350,897,1247,350,897,1247
02117500,NAROPA UNIVERSITY                       ,CO,80302-0000,Private      ,216,734,950,216,734,950
02133100,COLORADO CENTER FOR MEDICAL LABORATORY S,CO,80218-0000,Private      ,10,14,24,10,14,24
02141100,ARTISTIC BEAUTY COLGS-WESTMINSTER       ,CO,80030-0000,Proprietary  ,2,5,7,2,5,7
02141102,ARTISTIC BEAUTY COLLEGES-LITTLETON      ,CO,80123-3480,Proprietary  ,3,6,9,3,6,9
02141103,ARTISTIC BEAUTY COLLEGES-AURORA         ,CO,80017-3194,Proprietary  ,1,5,6,1,5,6
02156200,DELTA - MONTROSE TECHNICAL COLLEGE      ,CO,81416-0000,Public       ,18,25,43,18,25,43
02160600,EMPIRE BEAUTY SCHOOL -THORNTON          ,CO,80241-1659,Proprietary  ,5,8,13,5,8,13
02165200,SALON PROFESSIONAL ACADEMY (THE)        ,CO,81504-5309,Proprietary  ,7,5,12,7,5,12
02167600,KAPLAN COLLEGE                          ,CO,80229-5309,Proprietary  ,5,44,49,5,44,49
02188700,DENVER ACAD OF COURT REPORTING          ,CO,80030-0000,Proprietary  ,2,2,4,2,2,4
02211901,CHEEKS INTERNATIONAL ACADEMY OF BEAUTY C,CO,80525-3053,Proprietary  ,2,5,7,2,5,7
02211902,CHEEKS INTERNATIONAL ACDMY BTY CULT     ,CO,80631-0000,Proprietary  ,1,1,2,1,1,2
02253700,INTELLITEC COLLEGE                      ,CO,80909-0000,Proprietary  ,7,29,36,7,29,36
02267500,GLENWOOD BEAUTY ACADEMY                 ,CO,81601-0000,Proprietary  ,1,0,1,1,0,1
02276900,COMMUNITY COLLEGE OF AURORA             ,CO,80011-9036,Public       ,401,639,1040,401,639,1040
02321700,ITT TECHNICAL INSTITUTE                 ,CO,80229-5338,Proprietary  ,24,36,60,24,36,60
02518500,HAIR DYNAMICS EDUCATION CENTER          ,CO,80525-0000,Proprietary  ,6,9,15,6,9,15
02594300,COLLEGE AMERICA - DENVER                ,CO,80222-3380,Proprietary  ,7,32,39,7,32,39
02611000,HERITAGE COLLEGE                        ,CO,80212-7413,Proprietary  ,32,117,149,32,117,149
03006300,INST OF BUSINESS & MEDICAL CAREERS      ,CO,80525-3044,Proprietary  ,29,166,195,29,166,195
03012100,REMINGTON COLLEGE - COLORADO SPRINGS CAM,CO,80215-0000,Proprietary  ,9,43,52,9,43,52
03013100,BOULDER COLLEGE OF MASSAGE THERAPY      ,CO,80301-3295,Private      ,27,49,76,27,49,76
03014900,PLATT COLLEGE                           ,CO,80014-3141,Proprietary  ,4,24,28,4,24,28
03027400,XENON INTERNATIONAL ACADEMY III         ,CO,80014-1193,Proprietary  ,5,3,8,5,3,8
03030606,UTAH COLLEGE OF MASSAGE THERAPY - DENVER,CO,80031-2921,Proprietary  ,16,20,36,16,20,36
03030607,UTAH COLLEGE OF MASSAGE THERAPY - DENVER,CO,80012-2523,Proprietary  ,2,9,11,2,9,11
03031603,DPT BUSINESS SCHOOL                     ,CO,80223-0000,Proprietary  ,2,3,5,2,3,5
03066900,INTELLITEC COLLEGE                      ,CO,81506-3994,Proprietary  ,9,10,19,9,10,19
03068201,OHIO CENTER FOR BROADCASTING - COLORADO ,CO,80214-4129,Proprietary  ,2,13,15,2,13,15
03076401,BRYMAN SCHOOL OF ARIZONA (THE) - ANTHEM ,CO,80014-2622,Proprietary  ,8,19,27,8,19,27
03289300,TEIKYO LORETTO HEIGHTS UNIVERSITY       ,CO,80236-2711,Private      ,4,12,16,4,12,16
03306300,MONTESSORI EDUC CRT OF THE ROCKIES      ,CO,80301-2587,Private      ,2,15,17,2,15,17
03534300,JONES INTERNATIONAL UNIVERSITY          ,CO,80112-3446,Proprietary  ,3,424,427,3,424,427
03545300,UNIVERSITY OF THE ROCKIES               ,CO,80903-3612,Proprietary  ,9,39,48,9,39,48
03584400,COLORADO SCHOOL OF HEALING ARTS         ,CO,80226-4332,Proprietary  ,12,38,50,12,38,50
03670300,TONI & GUY HAIRDRESSING ACADEMY         ,CO,80911-1713,Proprietary  ,9,10,19,9,10,19
03686300,COLORADO SCHOOL OF TRADITIONAL CHINESE M,CO,80206-2127,Proprietary  ,0,20,20,0,20,20
03972300,CUTTIN' UP BEAUTY ACADEMY               ,CO,80220-0000,Proprietary  ,2,8,10,2,8,10
03976300,MASSAGE THERAPY INSTITUTE OF COLORADO   ,CO,80206-2127,Proprietary  ,9,19,28,9,19,28
04093300,ACADEMY OF NATURAL THERAPY              ,CO,80631-3425,Proprietary  ,5,8,13,5,8,13
04125100,MONTESSORI CENTRE INTERNATIONAL DENVER  ,CO,80111-5263,Private      ,1,2,3,1,2,3
00267811,BRYANT & STRATTON COLLEGE - VIRGINIA BEA,VA,23462-4417,Proprietary  ,97,557,654,97,557,654
00370200,AVERETT UNIVERSITY                      ,VA,24541-3692,Private      ,850,315,1165,850,315,1165
00370300,BLUEFIELD COLLEGE                       ,VA,24605-1799,Private      ,309,123,432,309,123,432
00370400,BRIDGEWATER COLLEGE                     ,VA,22812-1599,Private      ,2264,55,2319,2264,55,2319
00370500,COLLEGE OF WILLIAM & MARY               ,VA,23187-8795,Public       ,7504,2941,10445,7504,2941,10445
00370600,CHRISTOPHER NEWPORT UNIVERSITY          ,VA,23606-2998,Public       ,5020,364,5384,5020,364,5384
00370700,RICHARD BLAND COLLEGE                   ,VA,23805-7100,Public       ,306,80,386,306,80,386
00370800,EASTERN MENNONITE UNIVERSITY            ,VA,22802-2462,Private      ,603,129,732,603,129,732
00370900,EMORY & HENRY COLLEGE                   ,VA,24327-0010,Private      ,932,34,966,932,34,966
00371100,FERRUM COLLEGE                          ,VA,24088-2612,Private      ,1695,92,1787,1695,92,1787
00371200,TIDEWATER COMMUNITY COLLEGE             ,VA,23510-1910,Public       ,2655,4212,6867,2655,4212,6867
00371300,HAMPDEN-SYDNEY COLLEGE                  ,VA,23943-0128,Private      ,697,14,711,697,14,711
00371400,HAMPTON UNIVERSITY                      ,VA,23668-0099,Private      ,7325,1181,8506,7325,1181,8506
00371500,HOLLINS UNIVERSITY                      ,VA,24020-0000,Private      ,657,250,907,657,250,907
00371900,LONGWOOD UNIVERSITY                     ,VA,23909-1899,Public       ,3187,269,3456,3187,269,3456
00372000,LYNCHBURG COLLEGE                       ,VA,24501-3199,Private      ,2024,161,2185,2024,161,2185
00372100,JAMES MADISON UNIVERSITY                ,VA,22807-3780,Public       ,14007,1130,15137,14007,1130,15137
00372300,MARY BALDWIN COLLEGE                    ,VA,24401-3610,Private      ,747,246,993,747,246,993
00372400,MARYMOUNT UNIVERSITY                    ,VA,22207-4224,Private      ,1501,792,2293,1501,792,2293
00372600,NATIONAL COLLEGE                        ,VA,24153-4524,Proprietary  ,84,997,1081,84,997,1081
00372700,NORTHERN VA CMTY CLG                    ,VA,22003-3743,Public       ,2234,2317,4551,2234,2317,4551
00372800,OLD DOMINION UNIVERSITY                 ,VA,23529-0052,Public       ,9816,4466,14282,9816,4466,14282
00373200,RADFORD UNIVERSITY                      ,VA,24142-6905,Public       ,5501,932,6433,5501,932,6433
00373300,RANDOLPH-MACON COLLEGE                  ,VA,23005-5505,Private      ,1563,44,1607,1563,44,1607
00373400,RANDOLPH COLLEGE                        ,VA,24503-1526,Private      ,809,41,850,809,41,850
00373500,VIRGINIA COMMONWEALTH UNIVERSITY        ,VA,23284-9004,Public       ,12396,5178,17574,12396,5178,17574
00373600,ROANOKE COLLEGE                         ,VA,24153-3794,Private      ,1966,69,2035,1966,69,2035
00373700,SHENANDOAH UNIVERSITY                   ,VA,22601-5195,Private      ,1508,781,2289,1508,781,2289
00373800,SOUTHERN VIRGINIA UNIVERSITY            ,VA,24416-3038,Private      ,350,55,405,350,55,405
00373900,ST PAULS COLLEGE                        ,VA,23868-1299,Private      ,276,107,383,276,107,383
00374200,SWEET BRIAR COLLEGE                     ,VA,24595-9998,Private      ,474,22,496,474,22,496
00374300,UNION THEO SEMINARY & PRESBYTRN SCH     ,VA,23227-0000,Private      ,1,34,35,1,34,35
00374400,UNIVERSITY OF RICHMOND                  ,VA,23173-0001,Private      ,3803,1401,5204,3803,1401,5204
00374500,UNIVERSITY OF VIRGINIA - SFS            ,VA,22903-0000,Public       ,13002,6053,19055,13002,6053,19055
00374600,UNIVERSITY OF MARY WASHINGTON           ,VA,22401-5358,Public       ,3330,406,3736,3330,406,3736
00374700,UNIV OF VIRGINIA'S COLLEGE AT WISE      ,VA,24293-4412,Public       ,1211,173,1384,1211,173,1384
00374800,EASTERN SHORE COMMUNITY COLLEGE         ,VA,23410-3000,Public       ,103,165,268,103,165,268
00374900,GEORGE MASON UNIVERSITY                 ,VA,22030-4444,Public       ,9363,5370,14733,9363,5370,14733
00375100,PATRICK HENRY COMMUNITY COLLEGE         ,VA,24112-5311,Public       ,306,444,750,306,444,750
00375200,VIRGINIA INTERMONT COLLEGE              ,VA,24201-4298,Private      ,277,92,369,277,92,369
00375300,VIRGINIA MILITARY INSTITUTE             ,VA,24450-2138,Public       ,976,22,998,976,22,998
00375400,VIRGINIA POLYTECH INST & STATE UNIV     ,VA,24061-2000,Public       ,19223,2603,21826,19223,2603,21826
00375800,DANVILLE COMMUNITY COLLEGE              ,VA,24541-4004,Public       ,335,440,775,335,440,775
00375900,J. SARGEANT REYNOLDS COMMUNITY CLG      ,VA,23285-0000,Public       ,1042,1781,2823,1042,1781,2823
00376000,VIRGINIA WESTERN CMTY COLLEGE           ,VA,24038-0000,Public       ,570,726,1296,570,726,1296
00376100,WYTHEVILLE COMMUNITY COLLEGE            ,VA,24382-3308,Public       ,402,479,881,402,479,881
00376200,VIRGINIA UNIVERSITY OF LYNCHBURG        ,VA,24501-6400,Private      ,29,26,55,29,26,55
00376400,VIRGINIA STATE UNIVERSITY               ,VA,23806-0001,Public       ,5443,843,6286,5443,843,6286
00376500,NORFOLK STATE UNIVERSITY                ,VA,23504-8000,Public       ,4887,1927,6814,4887,1927,6814
00376600,VIRGINIA UNION UNIVERSITY               ,VA,23220-1711,Private      ,1319,262,1581,1319,262,1581
00376700,VIRGINIA WESLEYAN COLLEGE               ,VA,23502-5599,Private      ,1353,207,1560,1353,207,1560
00376800,WASHINGTON & LEE UNIVERSITY             ,VA,24450-0303,Private      ,1649,1055,2704,1649,1055,2704
00400400,JOHN TYLER COMMUNITY COLLEGE            ,VA,23831-5316,Public       ,628,867,1495,628,867,1495
00450301,"EVEREST COLLEGE- EVEREST COLLEGE, MCLEAN",VA,22102-3000,Proprietary  ,4,22,26,4,22,26
00450702,"EVEREST COLLEGE- EVEREST COLLEGE, ARLING",VA,22203-1905,Proprietary  ,16,60,76,16,60,76
00498800,CENTRAL VIRGINIA COMMUNITY COLLEGE      ,VA,24502-2498,Public       ,403,330,733,403,330,733
00499200,MILLER-MOTTE TECHNICAL COLLEGE          ,VA,24505-0000,Proprietary  ,2,7,9,2,7,9
00499600,DABNEY S LANCASTER COMMUNITY CLG        ,VA,24422-1000,Public       ,240,154,394,240,154,394
00522300,NEW RIVER COMMUNITY COLLEGE             ,VA,24084-1127,Public       ,464,463,927,464,463,927
00607500,ROANOKE MEM HOSP SCH RAD ONCOLOGY       ,VA,24033-0000,Private      ,2,2,4,2,2,4
00607501,ROANOKE MEM HOSP SCH RAD TECH           ,VA,24014-1850,Private      ,3,3,6,3,3,6
00662200,COLLEGE OF HEALTH SCIENCES - CHRV       ,VA,24031-0000,Private      ,244,416,660,244,416,660
00681900,BLUE RIDGE COMMUNITY COLLEGE            ,VA,24486-0080,Public       ,755,617,1372,755,617,1372
00687100,THOMAS NELSON COMMUNITY COLLEGE         ,VA,23670-0000,Public       ,753,1313,2066,753,1313,2066
00709900,VIRGINIA HIGHLANDS COMMUNITY CLG        ,VA,24210-4210,Public       ,437,353,790,437,353,790
00726000,SOUTHWEST VIRGINIA COMMUNITY CLG        ,VA,24641-1510,Public       ,385,332,717,385,332,717
00859200,LOUISE OBICI SCHOOL OF NURSING          ,VA,23434-8038,Private      ,4,9,13,4,9,13
00859202,SUFFOLK PUB SCH-LOUISE OBICI SCH PN     ,VA,23434-0000,Private      ,0,3,3,0,3,3
00865900,LORD FAIRFAX COMMUNITY COLLEGE          ,VA,22645-0047,Public       ,456,409,865,456,409,865
00866000,GERMANNA COMMUNITY COLLEGE              ,VA,22508-0339,Public       ,332,458,790,332,458,790
00866100,SOUTHSIDE VIRGINIA CMTY CLG             ,VA,23821-2930,Public       ,276,335,611,276,335,611
00915900,PAUL D CAMP COMMUNITY COLLEGE           ,VA,23851-0737,Public       ,114,222,336,114,222,336
00916000,RAPPAHANNOCK COMMUNITY COLLEGE          ,VA,23149-2616,Public       ,183,180,363,183,180,363
00926700,EVEREST COLLEGE                         ,VA,23606-4203,Proprietary  ,9,71,80,9,71,80
00926701,EVEREST COLLEGE - CHESAPEAKE            ,VA,23320-2637,Proprietary  ,21,115,136,21,115,136
00942000,SANFORD-BROWN COLLEGE                   ,VA,22182-3913,Proprietary  ,104,161,265,104,161,265
00953500,STAUNTON SCHOOL OF COSMETOLOGY          ,VA,24401-4323,Proprietary  ,2,1,3,2,1,3
00953700,VIRGINIA SCH OF HAIR DESIGN             ,VA,23669-0000,Proprietary  ,0,10,10,0,10,10
00962900,MOUNTAIN EMPIRE COMMUNITY COLLEGE       ,VA,24219-0700,Public       ,390,265,655,390,265,655
00992800,PIEDMONT VIRGINIA COMMUNITY COLLEGE     ,VA,22902-7589,Public       ,427,457,884,427,457,884
01004300,BON SECOURS MEMORIAL SCH OF NURSING     ,VA,23227-4612,Private      ,46,147,193,46,147,193
01019800,ECPI COLLEGE OF TECHNOLOGY              ,VA,23462-6542,Proprietary  ,334,1232,1566,334,1232,1566
01033800,EASTERN VIRGINIA MEDICAL SCHOOL         ,VA,23501-1980,Private      ,11,734,745,11,734,745
01159600,RALPH'S VIRGINIA SCH OF COSMETOLOGY     ,VA,24501-2652,Proprietary  ,0,2,2,0,2,2
01162601,WESTWOOD COLLEGE - SOUTH BAY - ARLINGTON,VA,22203-4167,Proprietary  ,33,40,73,33,40,73
01162602,WESTWOOD COLLEGE - SOUTH BAY - ANNANDALE,VA,22003-2602,Proprietary  ,35,74,109,35,74,109
01274401,SOUTHSIDE REGIONAL MED CTR              ,VA,23803-5133,Proprietary  ,21,98,119,21,98,119
01274402,SOUTHSIDE REG MED CTR SCH RAD TECH      ,VA,23803-0000,Proprietary  ,4,5,9,4,5,9
02053000,LIBERTY UNIVERSITY                      ,VA,24502-0000,Private      ,8510,5576,14086,8510,5576,14086
02108800,WARDS CORNER BEAUTY ACADEMY             ,VA,23505-0000,Proprietary  ,3,8,11,3,8,11
02111600,DANVILLE REGIONAL MEDICAL CENTER SCHOOL ,VA,24541-0000,Proprietary  ,13,18,31,13,18,31
02128700,CENTRAL SCHOOL OF PRACTICAL NURSING     ,VA,23502-2230,Public       ,10,16,26,10,16,26
02140000,RIVERSIDE SCHOOL OF HEALTH CAREERS      ,VA,23608-3802,Private      ,32,128,160,32,128,160
02175800,LYNCHBURG GENERAL HOSP SCH OF NURSG     ,VA,24501-0000,Private      ,34,36,70,34,36,70
02197600,WOODROW WILSON REHABILITATION CTR       ,VA,22939-0000,Public       ,2,1,3,2,1,3
02223100,HERITAGE INSTITUTE                      ,VA,22046-4400,Proprietary  ,4,1,5,4,1,5
02242400,HENRICO CTY ST MARYS HOSP PRAC NRSG     ,VA,23075-0000,Public       ,6,10,16,6,10,16
02247200,MEDSPA CAREERS INSTITUTE                ,VA,23606-0000,Proprietary  ,45,214,259,45,214,259
02304500,HERITAGE INSTITUTE                      ,VA,20111-0000,Proprietary  ,8,24,32,8,24,32
02320900,TIDEWATER TECH                          ,VA,23517-0000,Proprietary  ,12,72,84,12,72,84
02334400,CENTURA COLLEGE                         ,VA,23452-0000,Proprietary  ,97,883,980,97,883,980
02340000,COLONIAL HEIGHTS BEAUTY ACADEMY         ,VA,23834-0000,Proprietary  ,1,5,6,1,5,6
02342700,FORTIS COLLEGE                          ,VA,23502-4101,Proprietary  ,19,58,77,19,58,77
02342701,FORTIS COLLEGE - RICHMOND CAMPUS        ,VA,23236-3472,Proprietary  ,10,60,70,10,60,70
02535400,ECPI TECHNICAL COLLEGE                  ,VA,23236-0000,Proprietary  ,60,90,150,60,90,150
02538800,SUFFOLK BEAUTY ACADEMY                  ,VA,23434-0000,Proprietary  ,4,6,10,4,6,10
02541200,STRATFORD UNIVERSITY                    ,VA,22043-0000,Proprietary  ,18,69,87,18,69,87
02541201,STRATFORD UNIVERSITY-WOODBRIDGE         ,VA,22192-0000,Proprietary  ,8,30,38,8,30,38
02605900,TESST COLLEGE OF TECHNOLOGY             ,VA,22312-6342,Proprietary  ,8,15,23,8,15,23
02610100,WASHINGTON COUNTY ADULT SKILL CTR       ,VA,24210-2346,Public       ,1,6,7,1,6,7
03002400,GRAHAM WEBB INTERNATIONAL ACAD HAIR     ,VA,22209-2129,Proprietary  ,2,2,4,2,2,4
03010700,BAR PALMA BEAUTY CAREERS  ACADEMY       ,VA,24014-2255,Proprietary  ,5,3,8,5,3,8
03042800,"VIRGINIA BEACH CITY SCHOOLS, SCH.-PR.NSG",VA,23456-0038,Public       ,4,11,15,4,11,15
03091100,ACT COLLEGE                             ,VA,22209-2297,Proprietary  ,9,9,18,9,9,18
03091300,REGENT UNIVERSITY                       ,VA,23464-9800,Private      ,256,1660,1916,256,1660,1916
03092700,ECPI TECHNICAL COLLEGE-ROANOKE          ,VA,24012-1603,Proprietary  ,17,50,67,17,50,67
03096500,SPRINGFIELD BEAUTY ACADEMY              ,VA,22003-3016,Proprietary  ,1,0,1,1,0,1
03106500,SENTARA NORFOLK GENERAL HOSPITAL        ,VA,23320-2843,Private      ,40,201,241,40,201,241
03116900,BAPTIST THEOLOGICAL SEM.-RICHMOND       ,VA,23227-0000,Private      ,2,12,14,2,12,14
03126300,TIDEWATER TECH AVIATION                 ,VA,23320-5987,Proprietary  ,19,69,88,19,69,88
03126400,CENTURA COLLEGE                         ,VA,23235-5230,Proprietary  ,17,71,88,17,71,88
03126401,CENTURA COLLEGE - WEST                  ,VA,23294-0000,Proprietary  ,1,18,19,1,18,19
03127500,ADVANCED TECHNOLOGY INSTITUTE           ,VA,23462-2409,Proprietary  ,112,64,176,112,64,176
03280400,VIRGINIA SCHOOL OF MASSAGE              ,VA,22903-0000,Proprietary  ,21,22,43,21,22,43
03409500,RICHMOND SCHOOL OF HEALTH AND TECH      ,VA,23227-0000,Proprietary  ,28,217,245,28,217,245
03455300,CRESCENT COSMETOLOGY UNIVERSITY         ,VA,23666-3115,Proprietary  ,0,5,5,0,5,5
03559300,APPALACHIAN SCHOOL OF LAW               ,VA,24614-0000,Private      ,3,495,498,3,495,498
03638400,TAP THIS VALLEY WORKS CTR FOR EMPLO     ,VA,24016-1901,Private      ,0,1,1,0,1,1
03645400,RUDY & KELLY ACADEMY OF HAIR AND NA     ,VA,23464-6857,Proprietary  ,14,16,30,14,16,30
03654300,CAREER TRAINING SOLUTIONS               ,VA,22406-1014,Proprietary  ,8,39,47,8,39,47
03709300,EDWARD VIA VIRGINIA CLG OSTEOPATHIC MED ,VA,24060-6360,Private      ,9,203,212,9,203,212
03872400,INSTITUTE FOR THE PSYCHOLOGICAL SCIENCES,VA,22202-3609,Private      ,0,58,58,0,58,58
03876300,CULPEPER COSMETOLOGY TRAINING CENTER    ,VA,22701-3155,Public       ,0,10,10,0,10,10
03883400,AVIATION INSTITUTE OF MAINTENANCE       ,VA,20110-4156,Proprietary  ,4,13,17,4,13,17
04038400,AVI CAREER INSTITUTE                    ,VA,22066-1839,Proprietary  ,1,4,5,1,4,5
04124000,DOMINION SCHOOL OF HAIR DESIGN          ,VA,23062-2221,Proprietary  ,1,1,2,1,1,2
04133400,CENTURA COLLEGE                         ,VA,22312-2670,Proprietary  ,0,12,12,0,12,12
00107000,THUNDERBIRD SCHOOL OF GLOBAL MANAGEMENT ,AZ,85306-6000,Private      ,2,218,220,2,218,220
00107100,ARIZONA WESTERN COLLEGE                 ,AZ,85366-0000,Public       ,803,563,1366,803,563,1366
00107200,COCHISE COLLEGE                         ,AZ,85607-6190,Public       ,219,322,541,219,322,541
00107300,EASTERN ARIZONA COLLEGE                 ,AZ,85552-0769,Public       ,375,156,531,375,156,531
00107400,GRAND CANYON UNIVERSITY                 ,AZ,85017-3030,Proprietary  ,581,4894,5475,581,4894,5475
00107600,GLENDALE COMMUNITY COLLEGE              ,AZ,85302-3090,Public       ,1382,1366,2748,1382,1366,2748
00107700,MESA COMMUNITY COLLEGE                  ,AZ,85202-4866,Public       ,1529,1927,3456,1529,1927,3456
00107800,PHOENIX COLLEGE                         ,AZ,85013-4234,Public       ,706,1105,1811,706,1105,1811
00107900,YAVAPAI COLLEGE                         ,AZ,86301-3297,Public       ,471,479,950,471,479,950
00108100,ARIZONA STATE UNIV (ALL CAMPUSES)       ,AZ,85287-0412,Public       ,17817,9210,27027,17817,9210,27027
00108200,NORTHERN ARIZONA UNIVERSITY             ,AZ,86011-0001,Public       ,9305,3630,12935,9305,3630,12935
00108300,UNIVERSITY OF ARIZONA                   ,AZ,85721-0066,Public       ,13062,6322,19384,13062,6322,19384
00165701,MIDWESTERN UNIVERSITY                   ,AZ,85308-0000,Private      ,33,1582,1615,33,1582,1615
00446700,TUCSON COLLEGE                          ,AZ,85710-0000,Proprietary  ,12,45,57,12,45,57
00711300,SOUTHWESTERN COLLEGE                    ,AZ,85032-7097,Private      ,107,36,143,107,36,143
00726600,PIMA COUNTY COMMUNITY COLLEGE           ,AZ,85709-5000,Public       ,1790,2195,3985,1790,2195,3985
00728300,CENTRAL ARIZONA COLLEGE                 ,AZ,85228-9779,Public       ,321,378,699,321,378,699
00822100,UNIVERSAL TECHNICAL INSTITUTE           ,AZ,85323-7946,Proprietary  ,2888,1060,3948,2888,1060,3948
00824600,DINè COLLEGE                            ,AZ,86556-0126,Public       ,79,126,205,79,126,205
00830300,GATEWAY COMMUNITY COLLEGE               ,AZ,85034-1795,Public       ,261,745,1006,261,745,1006
00830302,MARICOPA SKILL CENTER                   ,AZ,85034-0000,Public       ,29,200,229,29,200,229
00830400,SCOTTSDALE COMMUNITY COLLEGE            ,AZ,85250-0000,Public       ,596,572,1168,596,572,1168
00886400,ARIZONA ACADEMY OF BEAUTY               ,AZ,85712-5021,Proprietary  ,4,6,10,4,6,10
00886500,ARTISTIC BEAUTY COLLEGES-TUCSON         ,AZ,85716-3999,Proprietary  ,8,13,21,8,13,21
00886501,ARTISTIC BEAUTY COLLEGES - TUCSON  - NOR,AZ,85705-1665,Proprietary  ,4,1,5,4,1,5
00945100,BROWN MACKIE COLLEGE                    ,AZ,85712-5300,Proprietary  ,16,107,123,16,107,123
01084700,ARIZONA AUTOMOTIVE INSTITUTE            ,AZ,85301-3503,Proprietary  ,42,111,153,42,111,153
01085800,EARLS ACADEMY OF BEAUTY                 ,AZ,85210-4010,Proprietary  ,8,20,28,8,20,28
01157000,PIMA MEDICAL INSTITUTE-MESA             ,AZ,85202-2950,Proprietary  ,33,87,120,33,87,120
01168900,REFRIGERATION SCHOOL                    ,AZ,85034-0000,Proprietary  ,3,31,34,3,31,34
01180200,ARIZONA ACADEMY OF BEAUTY-NORTH         ,AZ,85705-2720,Proprietary  ,5,9,14,5,9,14
01180800,ARTISTIC BEAUTY COLLEGES-FLAGSTAFF      ,AZ,86004-5119,Proprietary  ,8,32,40,8,32,40
01180801,CLG OF BEAUTY ARTS & SCI/CHANDLER       ,AZ,85224-0000,Proprietary  ,2,20,22,2,20,22
01180802,CLG OF BEAUTY ARTS & SCI/PRESCOTT       ,AZ,86303-0000,Proprietary  ,5,7,12,5,7,12
01186200,NORTHLAND PIONEER COLLEGE               ,AZ,86025-2996,Public       ,68,201,269,68,201,269
01186400,MOHAVE COMMUNITY COLLEGE                ,AZ,86409-1238,Public       ,114,482,596,114,482,596
01218400,INTERNATIONAL ACAD OF HAIR DESIGN       ,AZ,85225-7198,Proprietary  ,5,17,22,5,17,22
01234300,ARTISTIC BEAUTY COLLEGES-PHOENIX        ,AZ,85304-0000,Proprietary  ,13,37,50,13,37,50
01234301,EMPIRE BEAUTY SCHOOL - AVONDALE         ,AZ,85323-2352,Proprietary  ,9,13,22,9,13,22
01293700,ARTISTIC BEAUTY COLLEGES - PARADISE VALL,AZ,85257-0000,Proprietary  ,3,7,10,3,7,10
02065200,ITT TECHNICAL INSTITUTE                 ,AZ,85282-0000,Proprietary  ,54,93,147,54,93,147
02065300,PRESCOTT COLLEGE                        ,AZ,86301-0000,Private      ,255,332,587,255,332,587
02071200,KAPLAN COLLEGE                          ,AZ,85029-4349,Proprietary  ,26,183,209,26,183,209
02098800,UNIVERSITY OF PHOENIX                   ,AZ,85040-0000,Proprietary  ,2074,39947,42021,2074,39947,42021
02100500,UNIVERSAL TECHNICAL INSTITUTE           ,AZ,85027-0000,Proprietary  ,2167,1608,3775,2167,1608,3775
02100600,APOLLO COLLEGE                          ,AZ,85015-0000,Proprietary  ,157,530,687,157,530,687
02113800,ROBERTO-VENN SCH OF LUTHIERY            ,AZ,85040-0000,Proprietary  ,11,14,25,11,14,25
02146600,SOUTH MOUNTAIN COMMUNITY COLLEGE        ,AZ,85040-0000,Public       ,227,333,560,227,333,560
02171500,WESTERN INTERNATIONAL UNIVERSITY        ,AZ,85021-0000,Proprietary  ,11,331,342,11,331,342
02174900,COLLINS COLLEGE                         ,AZ,85040-4000,Proprietary  ,545,331,876,545,331,876
02177500,RIO SALADO COMMUNITY COLLEGE            ,AZ,85281-0000,Public       ,175,1361,1536,175,1361,1536
02192300,MARICOPA BEAUTY COLLEGE                 ,AZ,85323-0000,Proprietary  ,6,10,16,6,10,16
02199900,AMERICAN INDIAN CLG-ASSEMBLIES GOD      ,AZ,85021-0000,Private      ,9,17,26,9,17,26
02217100,PIMA MEDICAL INSTITUTE                  ,AZ,85716-0000,Proprietary  ,191,830,1021,191,830,1021
02218800,IIA COLLEGE                             ,AZ,85019-1600,Proprietary  ,17,168,185,17,168,185
02220300,ARTISTIC BEAUTY COLLEGES-GLENDALE       ,AZ,85051-0000,Proprietary  ,3,16,19,3,16,19
02263100,ANTHEM COLLEGE                          ,AZ,85014-0000,Proprietary  ,276,1167,1443,276,1167,1443
02280500,CHARLES OF ITALY BEAUTY COLLEGE         ,AZ,86403-0000,Proprietary  ,1,5,6,1,5,6
02295000,EVEREST COLLEGE                         ,AZ,85021-1610,Proprietary  ,49,549,598,49,549,598
02295002,EVEREST COLLEGE - MESA                  ,AZ,85206-4704,Proprietary  ,6,41,47,6,41,47
02317800,AMERICAN INSTITUTE OF TECHNOLOGY        ,AZ,85043-0000,Proprietary  ,10,23,33,10,23,33
02361100,ITT TECHNICAL INSTITUTE                 ,AZ,85704-0000,Proprietary  ,33,77,110,33,77,110
02491500,THE ART CENTER DESIGN COLLEGE           ,AZ,85716-0000,Proprietary  ,29,22,51,29,22,51
02521500,LAMSON COLLEGE                          ,AZ,85284-1141,Proprietary  ,9,49,58,9,49,58
02559000,UNIVERSITY OF ADVANCING TECHNOLOGY      ,AZ,85283-0000,Proprietary  ,471,197,668,471,197,668
02561900,TONI AND GUY HAIRDRESSING ACADEMY       ,AZ,85251-3301,Proprietary  ,13,21,34,13,21,34
02582700,CORTIVA INSTITUTE - TUCSON              ,AZ,85710-3503,Proprietary  ,5,25,30,5,25,30
02616700,SCOTTSDALE CULINARY INSTITUTE           ,AZ,85251-2729,Proprietary  ,274,334,608,274,334,608
02623600,PARADISE VALLEY COMMUNITY COLLEGE       ,AZ,85032-1210,Public       ,398,454,852,398,454,852
02623800,CORTIVA INSTITUTE - SCOTTSDALE          ,AZ,85257-4218,Proprietary  ,5,15,20,5,15,20
03005000,SAFFORD COLLEGE OF BEAUTY CULTURE       ,AZ,85546-3309,Proprietary  ,1,2,3,1,2,3
03010613,VIRGINIA COLLEGE - GOLF ACADEMY OF ARIZO,AZ,85225-6742,Proprietary  ,23,26,49,23,26,49
03030604,UTAH COLLEGE OF MASSAGE THERAPY - ARIZON,AZ,85282-0000,Proprietary  ,29,34,63,29,34,63
03030605,UTAH COLLEGE OF MASSAGE THERAPY - ARIZON,AZ,85051-3470,Proprietary  ,21,49,70,21,49,70
03034400,CONSERVATORY RECORDING ARTS & SCIS      ,AZ,85282-1707,Proprietary  ,110,158,268,110,158,268
03072200,CHANDLER-GILBERT COMMUNITY COLLEGE      ,AZ,85225-2499,Public       ,613,675,1288,613,675,1288
03076400,BRYMAN SCHOOL OF ARIZONA                ,AZ,85029-4919,Proprietary  ,280,792,1072,280,792,1072
03076406,BRYMAN SCHOOL OF ARIZONA (THE) - TEMPE  ,AZ,85284-0000,Proprietary  ,5,7,12,5,7,12
03097800,CARSTEN INSTITUTE OF HAIR & BEAUTY      ,AZ,85282-5404,Proprietary  ,8,9,17,8,9,17
03100400,COCONINO COUNTY COMMUNITY COLLEGE       ,AZ,86001-2701,Public       ,222,282,504,222,282,504
03107000,SOUTHWEST CLG OF NATUROPATHIC MED       ,AZ,85282-0000,Private      ,0,113,113,0,113,113
03115000,ARIZONA COLLEGE OF ALLIED HEALTH        ,AZ,85302-3843,Proprietary  ,13,56,69,13,56,69
03120300,COLLEGE AMERICA                         ,AZ,86004-3936,Proprietary  ,19,8,27,19,8,27
03156300,ESTRELLA MOUNTAIN COMMUNITY COLLEGE     ,AZ,85392-1010,Public       ,307,413,720,307,413,720
03156301,ESTRELLA MOUNTAIN COMMUNITY COLLEGE - SO,AZ,85392-1010,Public       ,87,164,251,87,164,251
03347300,INTERNATIONAL BAPTIST COLLEGE           ,AZ,85282-7504,Private      ,6,2,8,6,2,8
03445300,HDS TRUCK DRIVING INSTITUTE             ,AZ,85731-0000,Proprietary  ,2,1,3,2,1,3
03478400,PHOENIX SEMINARY                        ,AZ,85018-7611,Private      ,0,14,14,0,14,14
03572300,EAST VALLEY INSTITUTE OF TECHNOLOGY     ,AZ,85201-6910,Public       ,14,15,29,14,15,29
03593300,SOUTHWEST INSTITUTE OF HEALING ARTS     ,AZ,85281-3658,Proprietary  ,6,86,92,6,86,92
03617500,PHOENIX INSTITUTE OF HERBAL MEDICINE & A,AZ,85012-0000,Proprietary  ,3,19,22,3,19,22
03695500,ARIZONA SCHOOL OF ACUPUNCTURE AND ORIENT,AZ,85712-1100,Proprietary  ,3,13,16,3,13,16
03740500,ART INSTITUTE OF TUCSON (THE)           ,AZ,85712-2732,Proprietary  ,36,40,76,36,40,76
03784400,TOHONO O'ODHAM COMMUNITY COLLEGE        ,AZ,85634-3129,Public       ,0,7,7,0,7,7
03814300,TURNING POINT BEAUTY COLLEGE            ,AZ,85222-4229,Proprietary  ,0,2,2,0,2,2
04051300,ART INSTITUTE OF PHOENIX (THE)          ,AZ,85021-2859,Proprietary  ,465,373,838,465,373,838
04059300,TUCSON COLLEGE OF BEAUTY                ,AZ,85705-2451,Proprietary  ,6,8,14,6,8,14
04120900,ARIZONA CULINARY INSTITUTE              ,AZ,85259-4939,Proprietary  ,44,40,84,44,40,84
00142800,DELAWARE STATE UNIVERSITY               ,DE,19901-2277,Public       ,3838,604,4442,3838,604,4442
00142900,GOLDEY BEACOM COLLEGE                   ,DE,19808-1993,Private      ,185,69,254,185,69,254
00143100,UNIVERSITY OF DELAWARE                  ,DE,19716-0099,Public       ,15812,1037,16849,15812,1037,16849
00143300,WESLEY COLLEGE                          ,DE,19901-3875,Private      ,1102,113,1215,1102,113,1215
00143301,WESLEY COLLEGE-CTR FOR ADULT STUDIE     ,DE,19720-0000,Private      ,11,98,109,11,98,109
00331301,WIDENER UNIV SCHOOL OF LAW - DE         ,DE,19803-0000,Private      ,18,964,982,18,964,982
00705300,DELAWARE TECH & CMTY COLLEGE-OWENS      ,DE,19947-0000,Public       ,536,483,1019,536,483,1019
00794800,WILMINGTON UNIVERSITY                   ,DE,19720-6491,Private      ,622,1159,1781,622,1159,1781
01172700,DELAWARE TECH & CMTY CLG-TERRY          ,DE,19901-8736,Public       ,452,364,816,452,364,816
01195002,DELAWARE COLLEGE OF ART & DESIGN        ,DE,19801-0000,Private      ,196,24,220,196,24,220
02125200,BEEBE SCHOOL OF NURSING                 ,DE,19958-1462,Private      ,11,15,26,11,15,26
02144900,DELAWARE TECH & CMTY CLG-STANTN/WLM     ,DE,19801-0000,Public       ,802,610,1412,802,610,1412
02190400,SCHILLING DOUGLAS SCH OF HAIR DSGN      ,DE,19711-0000,Proprietary  ,5,2,7,5,2,7
02586902,STAR TECHNICAL INSTITUTE -              ,DE,19901-4615,Proprietary  ,7,68,75,7,68,75
03025800,DAWN TRAINING CENTRE                    ,DE,19805-1511,Proprietary  ,5,83,88,5,83,88
03543300,HARRIS SCHOOL OF BUSINESS               ,DE,19803-5341,Proprietary  ,6,6,12,6,6,12
03702300,DELAWARE LEARNING INSTITUTE OF COSMETOLO,DE,19939-9759,Proprietary  ,8,10,18,8,10,18
        ,FEDERAL STUDENT AID USE ONLY            ,DC,20202-0000,,10,1656,1666,10,1656,1666
00143400,AMERICAN UNIVERSITY                     ,DC,20016-8020,Private      ,10646,7139,17785,10646,7139,17785
00143700,CATHOLIC UNIVERSITY OF AMERICA          ,DC,20064-0002,Private      ,3700,1045,4745,3700,1045,4745
00143711,"CATHOLIC UNIV AMERICA, LAW SCHOOL       ",DC,20064-0000,Private      ,23,1066,1089,23,1066,1089
00144100,UNIV OF THE DISTRICT OF COLUMBIA        ,DC,20008-0000,Public       ,645,1103,1748,645,1103,1748
00144102,UNIV OF DIST OF COLUMBIA LAW SCH        ,DC,20008-0000,Public       ,13,444,457,13,444,457
00144300,GALLAUDET UNIVERSITY                    ,DC,20002-3695,Private      ,310,255,565,310,255,565
00144400,GEORGE WASHINGTON UNIVERSITY            ,DC,20052-2353,Private      ,8659,4294,12953,8659,4294,12953
00144402,GEORGE WASHINGTON UNIV LAW SCHL         ,DC,20052-0000,Private      ,18,3532,3550,18,3532,3550
00144403,GEORGE WASHINGTON UNIV SCH MED          ,DC,20052-0000,Private      ,20,693,713,20,693,713
00144500,GEORGETOWN UNIVERSITY                   ,DC,20057-1252,Private      ,10303,2940,13243,10303,2940,13243
00144501,"GEORGETOWN UNIV, SCH OF MEDICINE        ",DC,20007-0000,Private      ,19,702,721,19,702,721
00144503,GEORGETOWN UNIV LAW CENTER              ,DC,20001-0000,Private      ,22,4413,4435,22,4413,4435
00144800,HOWARD UNIVERSITY                       ,DC,20059-0001,Private      ,9899,4401,14300,9899,4401,14300
00145600,SOUTHEASTERN UNIVERSITY                 ,DC,20024-2788,Private      ,65,236,301,65,236,301
00145900,STRAYER UNIVERSITY                      ,DC,20005-2603,Proprietary  ,119,4289,4408,119,4289,4408
00146000,TRINITY UNIVERSITY                      ,DC,20017-1004,Private      ,591,507,1098,591,507,1098
00146400,WESLEY THEOLOGICAL SEMINARY             ,DC,20016-0000,Private      ,1,92,93,1,92,93
00207701,JOHNS HOPKINS UNIV SCH ADV INTL STU     ,DC,20036-0000,Private      ,47,982,1029,47,982,1029
01006500,WASHINGTON THEOLOGICAL UNION            ,DC,20012-0000,Private      ,0,10,10,0,10,10
01195000,THE CORCORAN COLLEGE OF ART & DESIG     ,DC,20006-4804,Private      ,293,128,421,293,128,421
01266500,HARRISON CTR FOR CAREER EDUCATION       ,DC,20001-5303,Private      ,0,4,4,0,4,4
01280300,DOMINICAN HOUSE OF STUDIES              ,DC,20017-1584,Private      ,0,5,5,0,5,5
02132800,NAT'L CONSERVATORY DRAMATIC ARTS        ,DC,20007-2758,Private      ,2,2,4,2,2,4
02279200,DUDLEY BEAUTY COLG-WASHINGTON           ,DC,20018-0000,Proprietary  ,6,13,19,6,13,19
02588900,SANZ SCHOOL                             ,DC,20006-0000,Proprietary  ,13,45,58,13,45,58
03104300,CAREER BLAZERS LEARNING CENTER OF WASHIN,DC,20037-1881,Proprietary  ,3,11,14,3,11,14
03218300,POTOMAC COLLEGE                         ,DC,20016-1860,Proprietary  ,4,55,59,4,55,59
03409600,BENNETT CAREER INSTITUTE                ,DC,20017-1754,Proprietary  ,10,43,53,10,43,53
03750300,TECHNICAL LEARNING CENTERS              ,DC,20005-3415,Proprietary  ,6,69,75,6,69,75
00154100,ABRAHAM BALDWIN AGRICULTURAL CLG        ,GA,31794-0000,Public       ,900,356,1256,900,356,1256
00154200,AGNES SCOTT COLLEGE                     ,GA,30030-3797,Private      ,813,111,924,813,111,924
00154300,DARTON COLLEGE                          ,GA,31707-3098,Public       ,541,901,1442,541,901,1442
00154400,ALBANY STATE UNIVERSITY                 ,GA,31705-2796,Public       ,2936,839,3775,2936,839,3775
00154500,ANDREW COLLEGE                          ,GA,39840-1313,Private      ,172,13,185,172,13,185
00154600,ARMSTRONG ATLANTIC STATE UNIVERSITY     ,GA,31419-1997,Public       ,1641,1596,3237,1641,1596,3237
00154700,ATLANTA CHRISTIAN COLLEGE               ,GA,30344-1999,Private      ,99,41,140,99,41,140
00155200,AUGUSTA STATE UNIVERSITY                ,GA,30904-2200,Public       ,1816,1531,3347,1816,1531,3347
00155400,BERRY COLLEGE                           ,GA,30149-5007,Private      ,1469,62,1531,1469,62,1531
00155500,THOMAS UNIVERSITY                       ,GA,31792-7499,Private      ,79,183,262,79,183,262
00155600,BRENAU UNIVERSITY                       ,GA,30501-3668,Private      ,534,678,1212,534,678,1212
00155700,BREWTON PARKER COLLEGE                  ,GA,30445-0000,Private      ,211,140,351,211,140,351
00155800,COASTAL GEORGIA COMMUNITY COLLEGE       ,GA,31520-3644,Public       ,273,535,808,273,535,808
00155900,CLARK ATLANTA UNIVERSITY                ,GA,30314-4385,Private      ,8596,1666,10262,8596,1666,10262
00156000,COLUMBIA THEOLOGICAL SEMINARY           ,GA,30031-0000,Private      ,4,61,65,4,61,65
00156100,COLUMBUS STATE UNIVERSITY               ,GA,31907-5645,Public       ,1867,1116,2983,1867,1116,2983
00156200,GEORGIA PERIMETER COLLEGE               ,GA,30021-0000,Public       ,2800,3871,6671,2800,3871,6671
00156300,EMMANUEL COLLEGE                        ,GA,30639-0000,Private      ,264,72,336,264,72,336
00156400,EMORY UNIVERSITY                        ,GA,30322-1960,Private      ,8802,5211,14013,8802,5211,14013
00156600,FORT VALLEY STATE UNIVERSITY            ,GA,31030-3298,Public       ,1976,385,2361,1976,385,2361
00156700,GAINESVILLE STATE COLLEGE               ,GA,30503-0000,Public       ,1296,643,1939,1296,643,1939
00156800,INTERDENOMINATIONAL THEOLOGY CENTER     ,GA,30314-0000,Private      ,1,104,105,1,104,105
00156900,GEORGIA INSTITUTE OF TECHNOLOGY         ,GA,30332-0002,Public       ,8113,1311,9424,8113,1311,9424
00157000,SOUTHERN POLYTECHNIC STATE UNIV         ,GA,30060-2896,Public       ,1115,555,1670,1115,555,1670
00157100,GEORGIA MILITARY COLLEGE                ,GA,31061-3398,Public       ,585,742,1327,585,742,1327
00157200,GEORGIA SOUTHERN UNIVERSITY             ,GA,30460-8065,Public       ,6859,1317,8176,6859,1317,8176
00157300,GEORGIA SOUTHWESTERN STATE UNIV         ,GA,31709-4693,Public       ,743,386,1129,743,386,1129
00157400,GEORGIA STATE UNIVERSITY                ,GA,30303-3010,Public       ,9602,7870,17472,9602,7870,17472
00157500,GORDON COLLEGE                          ,GA,30204-1762,Public       ,1071,549,1620,1071,549,1620
00157700,KENNESAW STATE UNIVERSITY               ,GA,30144-5591,Public       ,4562,3356,7918,4562,3356,7918
00157800,LAGRANGE COLLEGE                        ,GA,30240-2999,Private      ,646,161,807,646,161,807
00157900,MEDICAL COLLEGE OF GEORGIA              ,GA,30912-0004,Public       ,195,811,1006,195,811,1006
00158000,MERCER UNIVERSITY                       ,GA,31207-0003,Private      ,2332,2232,4564,2332,2232,4564
00158100,MIDDLE GEORGIA COLLEGE                  ,GA,31014-1599,Public       ,1069,484,1553,1069,484,1553
00158200,MOREHOUSE COLLEGE                       ,GA,30314-3773,Private      ,2770,307,3077,2770,307,3077
00158500,NORTH GEORGIA COLLEGE & STATE UNIV      ,GA,30597-0001,Public       ,1437,493,1930,1437,493,1930
00158600,OGLETHORPE UNIVERSITY                   ,GA,30319-2737,Private      ,1072,157,1229,1072,157,1229
00158700,PAINE COLLEGE                           ,GA,30901-3182,Private      ,916,176,1092,916,176,1092
00158800,PIEDMONT COLLEGE                        ,GA,30535-5644,Private      ,326,371,697,326,371,697
00158900,REINHARDT COLLEGE                       ,GA,30183-2981,Private      ,357,59,416,357,59,416
00159000,SAVANNAH STATE UNIVERSITY               ,GA,31404-5298,Public       ,2271,596,2867,2271,596,2867
00159100,SHORTER COLLEGE                         ,GA,30165-4298,Private      ,696,684,1380,696,684,1380
00159200,SOUTH GEORGIA COLLEGE                   ,GA,31533-8104,Public       ,327,238,565,327,238,565
00159400,SPELMAN COLLEGE                         ,GA,30314-4399,Private      ,4316,484,4800,4316,484,4800
00159600,TOCCOA FALLS COLLEGE                    ,GA,30598-0001,Private      ,422,58,480,422,58,480
00159700,TRUETT MCCONNELL COLLEGE                ,GA,30528-1264,Private      ,164,12,176,164,12,176
00159800,UNIVERSITY OF GEORGIA                   ,GA,30602-6114,Public       ,10797,3698,14495,10797,3698,14495
00159900,VALDOSTA STATE UNIVERSITY               ,GA,31698-0001,Public       ,4299,1219,5518,4299,1219,5518
00160000,WESLEYAN COLLEGE                        ,GA,31210-4407,Private      ,183,89,272,183,89,272
00160100,UNIV OF WEST GEORGIA                    ,GA,30118-0002,Public       ,3642,1275,4917,3642,1275,4917
00160200,GEORGIA COLLEGE & STATE UNIVERSITY      ,GA,31061-0490,Public       ,2453,523,2976,2453,523,2976
00160400,YOUNG HARRIS COLLEGE                    ,GA,30582-4137,Private      ,396,18,414,396,18,414
00348400,COVENANT COLLEGE                        ,GA,30750-4164,Private      ,848,105,953,848,105,953
00395600,DALTON STATE COLLEGE                    ,GA,30720-3797,Public       ,657,599,1256,657,599,1256
00402300,APPALACHIAN TECHNICAL COLLEGE           ,GA,30143-0000,Public       ,50,103,153,50,103,153
00402400,COOSA VALLEY TECHNICAL COLLEGE          ,GA,30161-6757,Public       ,120,309,429,120,309,429
00402403,NORTHWESTERN TECHNICAL COLLEGE          ,GA,30739-0569,Public       ,144,521,665,144,521,665
00411700,GRADY HEALTH SYSTEM                     ,GA,30303-3050,Public       ,28,66,94,28,66,94
00525400,LANIER TECHNICAL COLLEGE                ,GA,30566-3499,Public       ,120,440,560,120,440,560
00525500,MOULTRIE TECHNICAL COLLEGE              ,GA,31768-0000,Public       ,88,411,499,88,411,499
00525600,VALDOSTA TECHNICAL COLLEGE              ,GA,31603-0000,Public       ,129,437,566,129,437,566
00551100,OKEFENOKEE TECHNICAL COLLEGE            ,GA,31501-4016,Public       ,38,196,234,38,196,234
00559900,AUGUSTA TECHNICAL COLLEGE               ,GA,30906-3399,Public       ,326,1066,1392,326,1066,1392
00560000,ATHENS TECHNICAL COLLEGE                ,GA,30601-1579,Public       ,359,771,1130,359,771,1130
00560100,ALBANY TECHNICAL COLLEGE                ,GA,31701-2648,Public       ,155,564,719,155,564,719
00561300,FLINT RIVER TECHNICAL INSTITUTE         ,GA,30286-0014,Public       ,34,190,224,34,190,224
00561500,SOUTHWEST GEORGIA TECHNICAL COLLEGE     ,GA,31792-2622,Public       ,77,310,387,77,310,387
00561600,SWAINSBORO TECHNICAL COLLEGE            ,GA,30401-5700,Public       ,32,92,124,32,92,124
00561700,SOUTH GEORGIA TECHNICAL COLLEGE         ,GA,31709-8167,Public       ,136,243,379,136,243,379
00561800,SAVANNAH TECHNICAL COLLEGE              ,GA,31405-5594,Public       ,282,1014,1296,282,1014,1296
00561900,NORTH GEORGIA TECHNICAL COLLEGE         ,GA,30523-0000,Public       ,148,270,418,148,270,418
00562000,CHATTAHOOCHEE TECHNICAL COLLEGE         ,GA,30060-3398,Public       ,375,957,1332,375,957,1332
00562100,GRIFFIN TECHNICAL COLLEGE               ,GA,30223-2097,Public       ,226,781,1007,226,781,1007
00562200,DEKALB TECHNICAL COLLEGE                ,GA,30021-0000,Public       ,240,1185,1425,240,1185,1425
00562400,COLUMBUS TECHNICAL COLLEGE              ,GA,31904-6572,Public       ,221,586,807,221,586,807
00576300,CENTRAL GEORGIA TECHNICAL COLLEGE       ,GA,31206-3628,Public       ,363,1604,1967,363,1604,1967
00772800,MACON STATE COLLEGE                     ,GA,31206-5145,Public       ,842,1165,2007,842,1165,2007
00854300,ATLANTA TECHNICAL COLLEGE               ,GA,30310-4499,Public       ,308,1002,1310,308,1002,1310
00897600,CLAYTON STATE UNIVERSITY                ,GA,30260-0285,Public       ,1683,1940,3623,1683,1940,3623
00918300,EAST CENTRAL TECHNICAL COLLEGE          ,GA,31750-0000,Public       ,28,150,178,28,150,178
00927000,ART INSTITUTE OF ATLANTA                ,GA,30328-1649,Proprietary  ,2259,1204,3463,2259,1204,3463
00950700,GEORGIA HIGHLANDS COLLEGE               ,GA,30162-0000,Public       ,551,607,1158,551,607,1158
01031903,MEDIX SCHOOL                            ,GA,30080-7630,Proprietary  ,18,49,67,18,49,67
01035601,EVEREST INSTITUTE - DEKALB              ,GA,30035-3420,Proprietary  ,15,42,57,15,42,57
01048700,WEST GEORGIA TECHNICAL COLLEGE          ,GA,30182-6476,Public       ,240,766,1006,240,766,1006
01048704,WEST GEORGIA TECHNICAL COLLEGE          ,GA,30240-5957,Public       ,162,291,453,162,291,453
01077100,GUPTON JONES COLLEGE                    ,GA,30035-4022,Private      ,22,37,59,22,37,59
01099700,EAST GEORGIA COLLEGE                    ,GA,30401-2699,Public       ,422,181,603,422,181,603
01107400,BAINBRIDGE COLLEGE                      ,GA,39819-8400,Public       ,151,402,553,151,402,553
01110901,EVEREST COLLEGE - EVEREST INSTITUTE     ,GA,30067-8340,Proprietary  ,8,28,36,8,28,36
01112301,EVEREST COLLEGE - EVEREST INSTITUTE- NOR,GA,30093-2813,Proprietary  ,17,90,107,17,90,107
01157400,BAUDER COLLEGE                          ,GA,30313-2439,Proprietary  ,152,183,335,152,183,335
01205100,PRO WAY HAIR SCHOOL                     ,GA,30083-2884,Proprietary  ,7,34,41,7,34,41
01216500,ATLANTA METROPOLITAN COLLEGE            ,GA,30310-4498,Public       ,415,714,1129,415,714,1129
01303900,SOUTH UNIVERSITY                        ,GA,31406-4881,Proprietary  ,195,2044,2239,195,2044,2239
02055000,WAYCROSS COLLEGE                        ,GA,31503-0000,Public       ,100,137,237,100,137,237
02060900,BROWN CLG OF COURT REPORTING & M.T.     ,GA,30318-2570,Proprietary  ,9,73,82,9,73,82
02074800,LIFE UNIVERSITY                         ,GA,30060-0000,Private      ,120,1428,1548,120,1428,1548
02089700,HERZING COLLEGE                         ,GA,30326-1332,Proprietary  ,24,89,113,24,89,113
02110501,ART INSTITUTE OF CHARLOTTE (THE) - BROWN,GA,30328-1635,Proprietary  ,23,16,39,23,16,39
02113604,AMERICAN INTERCONTINENTAL UNIV - DUNWOOD,GA,30328-1649,Proprietary  ,173,508,681,173,508,681
02116000,SANFORD-BROWN COLLEGE                   ,GA,30328-4803,Proprietary  ,43,377,420,43,377,420
02141500,SAVANNAH COLLEGE OF ART & DESIGN        ,GA,31402-3146,Private      ,4312,1238,5550,4312,1238,5550
02202800,AUGUSTA AREA DIET INTERN UNIV HOSP      ,GA,30901-0000,Private      ,0,7,7,0,7,7
02205300,SAVANNAH RIVER COLLEGE                  ,GA,30909-0000,Proprietary  ,8,39,47,8,39,47
02217200,PORTFOLIO CENTER                        ,GA,30309-0000,Proprietary  ,3,27,30,3,27,30
02263105,ANTHEM COLLEGE - HIGH-TECH INSTITUTE - M,GA,30324-3398,Proprietary  ,16,12,28,16,12,28
02266200,AMERICAN PROFESSIONAL INSTITUTE         ,GA,31201-0000,Proprietary  ,6,121,127,6,121,127
02279500,HEART OF GEORGIA TECHNICAL COLLEGE      ,GA,31021-0000,Public       ,68,240,308,68,240,308
02284300,INTERACTIVE COLLEGE OF TECHNOLOGY       ,GA,30341-0000,Proprietary  ,13,112,125,13,112,125
02284308,INTERACTIVE LEARNING SYSTEMS            ,GA,30260-0000,Proprietary  ,4,12,16,4,12,16
02284309,INTERACTIVE COLLEGE OF TECHNOLOGY       ,GA,30501-0000,Proprietary  ,3,8,11,3,8,11
02285500,"CREATIVE CIRCUS, THE                    ",GA,30324-0000,Proprietary  ,10,41,51,10,41,51
02288400,GWINNETT TECHNICAL INSTITUTE            ,GA,30043-5702,Public       ,411,1184,1595,411,1184,1595
02313902,WESTWOOD COLLEGE - O'HARE AIRPORT - ATLA,GA,30345-2807,Proprietary  ,52,90,142,52,90,142
02318600,GEORGIA MEDICAL INSTITUTE               ,GA,30303-0000,Proprietary  ,34,61,95,34,61,95
02321400,ROFFLER-MOLER HAIRSTYLING COLLEGE       ,GA,30062-0000,Proprietary  ,4,9,13,4,9,13
02354500,SOUTHEASTERN BEAUTY SCHOOLS             ,GA,31906-0000,Proprietary  ,1,10,11,1,10,11
02482100,MOREHOUSE SCHOOL OF MEDICINE            ,GA,30310-0000,Private      ,60,277,337,60,277,337
02502700,ADVANCED CAREER TRAINING                ,GA,30329-0000,Proprietary  ,10,50,60,10,50,60
02502701,ADVANCED CAREER TRAINING-RIVERDALE      ,GA,30274-0000,Proprietary  ,6,49,55,6,49,55
02508600,MIDDLE GEORGIA TECHNICAL COLLEGE        ,GA,31088-0000,Public       ,107,278,385,107,278,385
02520000,INTERNATIONAL SCH SKIN & NAILCARE       ,GA,30342-0000,Proprietary  ,6,16,22,6,16,22
02577000,ARNOLD / PADRICKS  UNIV OF COSM         ,GA,30297-0000,Proprietary  ,3,12,15,3,12,15
02577700,BEAUTY COLLEGE OF AMERICA               ,GA,30297-0000,Proprietary  ,9,11,20,9,11,20
02578300,INTERNATIONAL CITY BEAUTY COLLEGE       ,GA,31093-3631,Proprietary  ,3,0,3,3,0,3
02580200,ATLANTA SCHOOL OF MASSAGE               ,GA,30338-0000,Proprietary  ,13,41,54,13,41,54
02583000,GWINNETT COLLEGE OF BUSINESS            ,GA,30047-3447,Proprietary  ,30,108,138,30,108,138
02607600,CAPELLI LEARNING CTR FOR COSM           ,GA,30324-0000,Proprietary  ,6,13,19,6,13,19
03005400,ARTISTIC BEAUTY COLLEGE                 ,GA,30013-2076,Proprietary  ,15,63,78,15,63,78
03022601,WESTERN CULINARY INSTITUTE - LE CORDON B,GA,30084-5893,Proprietary  ,49,43,92,49,43,92
03029000,NORTH METRO TECHNICAL COLLEGE           ,GA,30102-3129,Public       ,175,381,556,175,381,556
03030000,OGEECHEE TECHNICAL COLLEGE              ,GA,30458-8049,Public       ,146,310,456,146,310,456
03032100,ALTAMAHA TECHNICAL COLLEGE              ,GA,31545-4465,Public       ,31,123,154,31,123,154
03042700,LAURUSTECHNICAL INSTITUTE               ,GA,30030-1506,Proprietary  ,11,60,71,11,60,71
03066500,SOUTHEASTERN TECHNICAL COLLEGE          ,GA,30474-8817,Public       ,51,198,249,51,198,249
03072304,EVEREST COLLEGE - EVEREST INSTITUTE     ,GA,30236-0000,Proprietary  ,11,31,42,11,31,42
03076300,BEULAH HEIGHTS BIBLE COLLEGE            ,GA,30316-1873,Private      ,6,120,126,6,120,126
03079202,WESTWOOD COLLEGE - ATLANTA MIDTOWN      ,GA,30309-2848,Proprietary  ,115,168,283,115,168,283
03081500,SOUTHEASTERN BEAUTY SCHOOL              ,GA,31917-0000,Proprietary  ,2,13,15,2,13,15
03089100,GEORGIA INSTITUTE OF COSMETOLOGY        ,GA,30606-3152,Proprietary  ,15,15,30,15,15,30
03090600,COBB BEAUTY COLLEGE                     ,GA,30144-2828,Proprietary  ,4,4,8,4,4,8
03100900,LUTHER RICE UNIVERSITY                  ,GA,30038-2454,Private      ,3,141,144,3,141,144
03102000,RIVERTOWN SCHOOL OF BEAUTY              ,GA,31904-4747,Proprietary  ,2,11,13,2,11,13
03104500,ATLANTA INSTITUTE OF MUSIC              ,GA,30096-4988,Proprietary  ,21,19,40,21,19,40
03116100,VOGUE BEAUTY SCHOOL                     ,GA,30141-2226,Proprietary  ,0,4,4,0,4,4
03155500,SANDERSVILLE REGIONAL TECH INST         ,GA,31082-6179,Public       ,21,74,95,21,74,95
03173300,ATLANTA'S JOHN MARSHALL LAW SCHOOL      ,GA,30309-0000,Proprietary  ,5,471,476,5,471,476
03232304,LINCOLN COLLEGE OF TECHNOLOGY           ,GA,30067-8638,Proprietary  ,25,132,157,25,132,157
03251300,BEACON UNIVERSITY                       ,GA,31909-4663,Private      ,9,74,83,9,74,83
03355402,PSYCHOLOGICAL STUDIES INSTITUTE -       ,GA,30327-2921,Private      ,7,46,53,7,46,53
03391300,ROSS MEDICAL EDUCATION CENTER           ,GA,30033-3105,Proprietary  ,2,14,16,2,14,16
03418300,GWINNETT COLLEGE-SANDY SPRINGS          ,GA,30328-3161,Proprietary  ,1,20,21,1,20,21
03445500,FAYETTE BEAUTY ACADEMY                  ,GA,30214-1191,Proprietary  ,1,5,6,1,5,6
03522300,POWDER SPRINGS BEAUTY COLLEGE           ,GA,30127-2926,Proprietary  ,0,4,4,0,4,4
03523300,AVIATION INSTITUTE OF MAINTENANCE       ,GA,30045-6716,Proprietary  ,15,61,76,15,61,76
03753400,MICHAEL'S SCHOOL OF BEAUTY              ,GA,31211-1493,Proprietary  ,4,9,13,4,9,13
03804400,JAVELIN TECHNICAL TRAINING CENTER       ,GA,30339-6040,Proprietary  ,26,153,179,26,153,179
03804401,JAVELIN TECHNICAL TRAINING CENTER -     ,GA,30260-1756,Proprietary  ,1,11,12,1,11,12
03804402,JAVELIN TECHNICAL TRAINING CENTER -     ,GA,30084-5252,Proprietary  ,2,4,6,2,4,6
03812300,OMNITECH INSTITUTE                      ,GA,30035-1206,Proprietary  ,20,74,94,20,74,94
04021300,AUGUSTA SCHOOL OF MASSAGE               ,GA,30809-0000,Proprietary  ,3,9,12,3,9,12
04091300,SAVANNAH SCHOOL OF MASSAGE THERAPY      ,GA,31406-2711,Proprietary  ,8,21,29,8,21,29
04105300,NIGHTINGALE MEDICAL INSTITUTE           ,GA,30084-4036,Proprietary  ,4,7,11,4,7,11
04126800,ACADEMY OF SOMATIC HEALING ARTS (ASHA)  ,GA,30071-1024,Proprietary  ,1,14,15,1,14,15
04128500,SOUTHERN CATHOLIC COLLEGE               ,GA,30534-3111,Private      ,68,3,71,68,3,71
        ,CHICAGO THEOLOGICAL SEMINARY            ,IL,60637-0000,Private      ,0,83,83,0,83,83
00162800,AMERICAN ACADEMY OF ART                 ,IL,60604-4302,Proprietary  ,175,35,210,175,35,210
00163300,AUGUSTANA COLLEGE                       ,IL,61201-2296,Private      ,2487,49,2536,2487,49,2536
00163400,AURORA UNIVERSITY                       ,IL,60506-4892,Private      ,1227,652,1879,1227,652,1879
00163600,SOUTHWESTERN ILLINOIS COLLEGE           ,IL,62221-5899,Public       ,827,1134,1961,827,1134,1961
00163800,BLACK HAWK COLLEGE                      ,IL,61265-5899,Public       ,512,542,1054,512,542,1054
00163900,BLACKBURN COLLEGE                       ,IL,62626-1498,Private      ,435,35,470,435,35,470
00164000,PRAIRIE STATE COLLEGE                   ,IL,60411-8226,Public       ,530,886,1416,530,886,1416
00164100,BRADLEY UNIVERSITY                      ,IL,61625-0002,Private      ,5255,569,5824,5255,569,5824
00164300,SPOON RIVER COLLEGE                     ,IL,61520-8907,Public       ,268,186,454,268,186,454
00164700,CITY COLLEGES OF CHICAGO                ,IL,60606-6998,Public       ,155,182,337,155,182,337
00164800,TRUMAN COLLEGE                          ,IL,60640-5691,Public       ,669,952,1621,669,952,1621
00164900,RICHARD J DALEY COLLEGE                 ,IL,60652-1299,Public       ,596,855,1451,596,855,1451
00165000,CITY COLLEGES OF CHICAGO-MALCOLM X      ,IL,60612-3197,Public       ,671,1362,2033,671,1362,2033
00165200,HAROLD WASHINGTON COLLEGE               ,IL,60601-2403,Public       ,1084,1283,2367,1084,1283,2367
00165400,KENNEDY KING COLLEGE                    ,IL,60621-3798,Public       ,814,1732,2546,814,1732,2546
00165500,WRIGHT COLLEGE                          ,IL,60634-1591,Public       ,1185,931,2116,1185,931,2116
00165700,MIDWESTERN UNIVERSITY                   ,IL,60515-1200,Private      ,86,1674,1760,86,1674,1760
00165900,ROSALIND FRANKLIN UNIVERSITY OF MEDICINE,IL,60064-3095,Private      ,10,1499,1509,10,1499,1509
00166300,SPERTUS COLLEGE                         ,IL,60605-1995,Private      ,0,20,20,0,20,20
00166400,UNIVERSITY OF ST FRANCIS                ,IL,60435-6188,Private      ,828,617,1445,828,617,1445
00166500,COLUMBIA COLLEGE                        ,IL,60605-1996,Private      ,5580,1673,7253,5580,1673,7253
00166600,CONCORDIA UNIVERSITY                    ,IL,60305-1499,Private      ,886,766,1652,886,766,1652
00166900,DANVILLE AREA COMMUNITY COLLEGE         ,IL,61832-5199,Public       ,288,312,600,288,312,600
00167100,DEPAUL UNIVERSITY                       ,IL,60604-2287,Private      ,11128,6745,17873,11128,6745,17873
00167400,EASTERN ILLINOIS UNIVERSITY             ,IL,61920-3099,Public       ,5543,1180,6723,5543,1180,6723
00167500,ELGIN COMMUNITY COLLEGE                 ,IL,60123-7193,Public       ,627,674,1301,627,674,1301
00167600,ELMHURST COLLEGE                        ,IL,60126-3296,Private      ,2049,362,2411,2049,362,2411
00167800,EUREKA COLLEGE                          ,IL,61530-9976,Private      ,564,93,657,564,93,657
00168100,HIGHLAND COMMUNITY COLLEGE              ,IL,61032-9341,Public       ,236,194,430,236,194,430
00168200,GARRETT-EVANGELICAL THEOLOGICAL SEM     ,IL,60201-0000,Private      ,1,56,57,1,56,57
00168400,GREENVILLE COLLEGE                      ,IL,62246-1199,Private      ,873,171,1044,873,171,1044
00168500,HEBREW THEOLOGICAL COLLEGE              ,IL,60077-3263,Private      ,103,2,105,103,2,105
00168800,ILLINOIS COLLEGE                        ,IL,62650-2299,Private      ,946,33,979,946,33,979
00168900,ILLINOIS COLLEGE OF OPTOMETRY           ,IL,60616-3878,Private      ,9,446,455,9,446,455
00169100,ILLINOIS INSTITUTE OF TECHNOLOGY        ,IL,60616-0000,Private      ,1631,805,2436,1631,805,2436
00169103,CHICAGO KENT COLLEGE OF LAW             ,IL,60661-0000,Private      ,11,1384,1395,11,1384,1395
00169200,ILLINOIS STATE UNIVERSITY               ,IL,61790-1000,Public       ,12174,2295,14469,12174,2295,14469
00169300,NORTHEASTERN ILLINOIS UNIV              ,IL,60625-4699,Public       ,2427,2336,4763,2427,2336,4763
00169400,CHICAGO STATE UNIVERSITY                ,IL,60628-1598,Public       ,2688,3240,5928,2688,3240,5928
00169600,ILLINOIS WESLEYAN UNIVERSITY            ,IL,61701-0000,Private      ,2133,34,2167,2133,34,2167
00169800,JOHN MARSHALL LAW SCHOOL                ,IL,60604-0000,Private      ,12,1157,1169,12,1157,1169
00169900,JOLIET JUNIOR COLLEGE                   ,IL,60431-8938,Public       ,1446,1194,2640,1446,1194,2640
00170000,JUDSON UNIVERSITY                       ,IL,60123-1498,Private      ,396,167,563,396,167,563
00170100,KASKASKIA COLLEGE                       ,IL,62801-7878,Public       ,394,466,860,394,466,860
00170300,KENDALL COLLEGE                         ,IL,60622-4278,Proprietary  ,432,507,939,432,507,939
00170400,KNOX COLLEGE                            ,IL,61401-4999,Private      ,1753,38,1791,1753,38,1791
00170500,ILLINOIS VALLEY COMMUNITY COLLEGE       ,IL,61348-9692,Public       ,354,305,659,354,305,659
00170600,LAKE FOREST COLLEGE                     ,IL,60045-2399,Private      ,1139,50,1189,1139,50,1189
00170700,LEWIS UNIVERSITY                        ,IL,60446-2200,Private      ,1962,733,2695,1962,733,2695
00170800,LINCOLN CHRISTIAN COLLEGE               ,IL,62656-2167,Private      ,227,177,404,227,177,404
00170900,LINCOLN COLLEGE                         ,IL,62656-1699,Private      ,499,139,638,499,139,638
00171000,LOYOLA UNIVERSITY CHICAGO               ,IL,60626-0000,Private      ,12684,5017,17701,12684,5017,17701
00171002,LOYOLA STRITCH SCHOOL OF MEDICINE       ,IL,60153-0000,Private      ,6,951,957,6,951,957
00171200,LUTHERAN SCHOOL OF THEOL AT CHICAGO     ,IL,60615-0000,Private      ,0,45,45,0,45,45
00171600,MACCORMAC COLLEGE                       ,IL,60602-4405,Private      ,11,14,25,11,14,25
00171700,MACMURRAY COLLEGE                       ,IL,62650-2590,Private      ,356,70,426,356,70,426
00172100,MCCORMICK THEOLOGICAL SEMINARY          ,IL,60615-5108,Private      ,1,42,43,1,42,43
00172200,MCKENDREE UNIVERSITY                    ,IL,62254-1299,Private      ,863,448,1311,863,448,1311
00172300,MEADVILLE LOMBARD THEOLOGICAL SCHOOL    ,IL,60637-1602,Private      ,0,48,48,0,48,48
00172400,MILLIKIN UNIVERSITY                     ,IL,62522-2084,Private      ,1647,231,1878,1647,231,1878
00172500,MONMOUTH COLLEGE                        ,IL,61462-1963,Private      ,1186,29,1215,1186,29,1215
00172800,MORTON COLLEGE                          ,IL,60804-4398,Public       ,320,300,620,320,300,620
00173200,NATIONAL UNIV OF HEALTH SCIENCES        ,IL,60148-4583,Private      ,15,232,247,15,232,247
00173300,NATIONAL-LOUIS UNIVERSITY               ,IL,60603-3032,Private      ,103,1621,1724,103,1621,1724
00173400,NORTH CENTRAL COLLEGE                   ,IL,60540-4690,Private      ,1879,226,2105,1879,226,2105
00173500,NORTH PARK UNIVERSITY                   ,IL,60625-4895,Private      ,1262,363,1625,1262,363,1625
00173600,NORTHERN BAPTIST THEOL SEMINARY         ,IL,60148-0000,Private      ,1,6,7,1,6,7
00173700,NORTHERN ILLINOIS UNIVERSITY            ,IL,60115-2854,Public       ,11216,3692,14908,11216,3692,14908
00173900,NORTHWESTERN UNIV                       ,IL,60208-0001,Private      ,12858,5597,18455,12858,5597,18455
00174100,OLIVET NAZARENE UNIVERSITY              ,IL,60914-2271,Private      ,1878,454,2332,1878,454,2332
00174200,IL EASTERN COMM COLGS-OLNEY CENTRAL     ,IL,62450-1099,Public       ,210,163,373,210,163,373
00174500,QUINCY UNIVERSITY                       ,IL,62301-2699,Private      ,795,171,966,795,171,966
00174600,ROBERT MORRIS UNIVERSITY ILLINOIS       ,IL,60605-1225,Private      ,2218,2057,4275,2218,2057,4275
00174700,ROCK VALLEY COLLEGE                     ,IL,61114-5699,Public       ,741,1075,1816,741,1075,1816
00174800,ROCKFORD COLLEGE                        ,IL,61108-2393,Private      ,476,303,779,476,303,779
00174900,ROOSEVELT UNIVERSITY                    ,IL,60605-1394,Private      ,1890,2525,4415,1890,2525,4415
00175000,DOMINICAN UNIVERSITY                    ,IL,60305-1066,Private      ,1347,418,1765,1347,418,1765
00175200,SAUK VALLEY COMMUNITY COLLEGE           ,IL,61021-9112,Public       ,326,298,624,326,298,624
00175300,SCHOOL OF ART INSTITUTE OF CHICAGO      ,IL,60603-3017,Private      ,2088,1369,3457,2088,1369,3457
00175400,SEABURY-WESTERN THEO SEMINARY           ,IL,60201-0000,Private      ,0,9,9,0,9,9
00175600,SHIMER COLLEGE                          ,IL,60616-3893,Private      ,63,18,81,63,18,81
00175700,SOUTHEASTERN ILLINOIS COLLEGE           ,IL,62946-4925,Public       ,201,177,378,201,177,378
00175800,SOUTHERN ILL UNIV-CARBONDALE            ,IL,62901-0000,Public       ,7709,2965,10674,7709,2965,10674
00175900,SOUTHERN ILL UNIV-EDWARDSVILLE          ,IL,62026-1060,Public       ,5758,2124,7882,5758,2124,7882
00175924,SO IL UNIV-SCHL OF DENTAL MEDICINE      ,IL,62002-0000,Public       ,2,126,128,2,126,128
00176100,SPRINGFIELD COLLEGE IN ILLINOIS         ,IL,62702-2694,Private      ,135,147,282,135,147,282
00176500,UNIVERSITY OF ST MARY OF THE LAKE       ,IL,60060-0000,Private      ,0,6,6,0,6,6
00176700,BENEDICTINE UNIVERSITY                  ,IL,60532-0900,Private      ,1228,815,2043,1228,815,2043
00176800,ST XAVIER UNIVERSITY                    ,IL,60655-3199,Private      ,2482,1452,3934,2482,1452,3934
00176900,SOUTH SUBURBAN COLLEGE                  ,IL,60473-9978,Public       ,525,1200,1725,525,1200,1725
00177100,TRINITY CHRISTIAN COLLEGE               ,IL,60463-0929,Private      ,732,221,953,732,221,953
00177200,TRINITY INTERNATIONAL UNIVERSITY        ,IL,60015-1283,Private      ,471,388,859,471,388,859
00177300,TRITON COLLEGE                          ,IL,60171-1995,Public       ,772,832,1604,772,832,1604
00177400,UNIVERSITY OF CHICAGO                   ,IL,60637-1476,Private      ,7688,1202,8890,7688,1202,8890
00177401,UNIV OF CHICAGO PRITZKER SCH OF MED     ,IL,60637-0000,Private      ,21,405,426,21,405,426
00177403,"UNIV OF CHICAGO, GRAD SCH OF BUS        ",IL,60637-0000,Private      ,15,274,289,15,274,289
00177405,UNIVERSITY OF CHICAGO GRADUATE          ,IL,60637-0000,Private      ,66,3668,3734,66,3668,3734
00177500,UNIV OF ILLINOIS @ URBANA-CHAMPAIGN     ,IL,61820-5796,Public       ,17871,4408,22279,17871,4408,22279
00177600,UNIV OF ILLINOIS AT CHICAGO             ,IL,60607-7163,Public       ,10992,6786,17778,10992,6786,17778
00177800,VANDERCOOK COLLEGE OF MUSIC             ,IL,60616-3731,Private      ,83,29,112,83,29,112
00177900,IL EASTERN COMM COLGS-WABASH VALLEY     ,IL,62863-2699,Public       ,193,104,297,193,104,297
00178000,WESTERN ILLINOIS UNIVERSITY             ,IL,61455-1390,Public       ,5225,1230,6455,5225,1230,6455
00178100,WHEATON COLLEGE                         ,IL,60187-5535,Private      ,1825,256,2081,1825,256,2081
00178300,WORSHAM COLLEGE OF MORTUARY SCIENCE     ,IL,60090-2646,Proprietary  ,17,42,59,17,42,59
00396100,HARPER COLLEGE                          ,IL,60067-7398,Public       ,1304,718,2022,1304,718,2022
00418100,ADVOCATE TRINITY HOSPITAL SCHOOL OF RADI,IL,60617-3982,Private      ,9,32,41,9,32,41
00456000,GEM CITY COLLEGE                        ,IL,62301-4949,Proprietary  ,0,3,3,0,3,3
00456800,MIDSTATE COLLEGE                        ,IL,61614-3558,Proprietary  ,16,231,247,16,231,247
00621400,BLESSING RIEMAN COLLEGE OF NURSING      ,IL,62301-0000,Private      ,32,24,56,32,24,56
00621402,BLESSING HOSP SCH OF RAD TECH           ,IL,62301-2852,Private      ,0,6,6,0,6,6
00621403,BLESSING HOSPITAL - COLLEGE OF NURSING  ,IL,62305-7005,Private      ,8,7,15,8,7,15
00622501,TRINITY COLLEGE OF NURSING & HEALTH SCIE,IL,61201-5317,Private      ,34,72,106,34,72,106
00622800,METHODIST MED CTR OF ILL SCH NRSNG      ,IL,61636-0000,Private      ,26,53,79,26,53,79
00624000,ST FRANCIS MED CLG OF NRSG              ,IL,61603-3783,Private      ,83,141,224,83,141,224
00665600,COLLEGE OF DUPAGE                       ,IL,60137-6599,Public       ,1820,1365,3185,1820,1365,3185
00675300,ILLINOIS CENTRAL COLLEGE                ,IL,61635-0001,Public       ,1104,1074,2178,1104,1074,2178
00693100,WAUBONSEE COMMUNITY COLLEGE             ,IL,60554-0000,Public       ,456,525,981,456,525,981
00711800,PARKLAND COLLEGE                        ,IL,61821-1899,Public       ,1226,703,1929,1226,703,1929
00711900,REND LAKE COLLEGE                       ,IL,62846-9801,Public       ,343,320,663,343,320,663
00717000,LINCOLN LAND COMMUNITY COLLEGE          ,IL,62794-9256,Public       ,659,738,1397,659,738,1397
00726500,CARL SANDBURG COLLEGE                   ,IL,61401-9576,Public       ,310,363,673,310,363,673
00754900,COYNE AMERICAN INSTITUTE                ,IL,60607-1300,Proprietary  ,76,269,345,76,269,345
00764400,LAKE LAND COLLEGE                       ,IL,61938-9366,Public       ,812,447,1259,812,447,1259
00768400,KISHWAUKEE COLLEGE                      ,IL,60150-9699,Public       ,435,378,813,435,378,813
00769000,KANKAKEE COMMUNITY COLLEGE              ,IL,60901-6505,Public       ,375,491,866,375,491,866
00769100,MCHENRY COUNTY COLLEGE                  ,IL,60012-2761,Public       ,340,322,662,340,322,662
00769200,MORAINE VALLEY COMMUNITY COLLEGE        ,IL,60465-0937,Public       ,1221,916,2137,1221,916,2137
00769300,SHAWNEE COMMUNITY COLLEGE               ,IL,62992-9725,Public       ,209,209,418,209,209,418
00769400,COLLEGE OF LAKE COUNTY                  ,IL,60030-1198,Public       ,790,776,1566,790,776,1566
00793700,MS ROBERTS ACADEMY OF BEAUTY CULT       ,IL,60181-2930,Proprietary  ,0,3,3,0,3,3
00807600,JOHN A LOGAN COLLEGE                    ,IL,62918-2500,Public       ,448,468,916,448,468,916
00814604,EVEREST UNIVERSITY - EVEREST  COLLEGE   ,IL,60803-4517,Proprietary  ,3,31,34,3,31,34
00825900,EDUCATORS OF BEAUTY                     ,IL,61081-3611,Proprietary  ,8,25,33,8,25,33
00825901,EDUCATORS OF BEAUTY                     ,IL,61104-0000,Proprietary  ,8,30,38,8,30,38
00832800,ALVAREITA'S COLLEGE OF COSMETOLOGY      ,IL,62025-2041,Proprietary  ,4,11,15,4,11,15
00854500,ROCKFORD BUSINESS COLLEGE               ,IL,61103-0000,Proprietary  ,18,103,121,18,103,121
00869402,RASMUSSEN COLLEGE - SAINT CLOUD - ROCKFO,IL,61108-2513,Proprietary  ,28,242,270,28,242,270
00888000,MORRISON INSTITUTE OF TECHNOLOGY        ,IL,61270-2959,Private      ,53,3,56,53,3,56
00893800,GRAHAM HOSPITAL SCH OF NURSING          ,IL,61520-2497,Private      ,12,22,34,12,22,34
00893900,CANNELLA SCHOOL OF HAIR DESIGN          ,IL,60406-2130,Proprietary  ,5,7,12,5,7,12
00914500,GOVERNORS STATE UNIVERSITY              ,IL,60466-0975,Public       ,249,1535,1784,249,1535,1784
00923200,CATHOLIC THEOLOGICAL UNION              ,IL,60615-0000,Private      ,0,18,18,0,18,18
00933300,UNIV OF ILLINOIS AT SPRINGFIELD         ,IL,62703-5407,Public       ,856,818,1674,856,818,1674
00947500,EDUCATORS OF BEAUTY                     ,IL,61301-2404,Proprietary  ,6,5,11,6,5,11
00959500,CANNELLA SCHOOL OF HAIR DESIGN          ,IL,60617-4303,Proprietary  ,5,12,17,5,12,17
00976700,OLIVE-HARVEY COLLEGE                    ,IL,60628-1696,Public       ,262,770,1032,262,770,1032
00978600,IL EASTERN COMM COLGS-LINCOLN TRAIL     ,IL,62454-5708,Public       ,120,100,220,120,100,220
00980000,RUSH UNIVERSITY                         ,IL,60612-3806,Private      ,83,948,1031,83,948,1031
00989600,OAKTON COMMUNITY COLLEGE                ,IL,60016-1268,Public       ,841,528,1369,841,528,1369
00998700,SAINT ANTHONY COLLEGE OF NURSING        ,IL,61108-2468,Private      ,32,85,117,32,85,117
01002000,LEWIS AND CLARK COMMUNITY COLLEGE       ,IL,62035-2466,Public       ,494,572,1066,494,572,1066
01031600,LINCOLN COLLEGE OF TECHNOLOGY           ,IL,60160-1605,Proprietary  ,163,105,268,163,105,268
01050100,LAKEVIEW  COLLEGE OF NURSING            ,IL,61832-3781,Private      ,51,58,109,51,58,109
01069500,TRI-COUNTY BEAUTY ACADEMY               ,IL,62056-2036,Proprietary  ,2,4,6,2,4,6
01071000,CAPITAL AREA SCH OF PRAC NRSG           ,IL,62707-0000,Public       ,13,89,102,13,89,102
01072700,DEVRY UNIVERSITY                        ,IL,60618-5994,Proprietary  ,6787,15798,22585,6787,15798,22585
01073700,ADVOCATE IL MASONIC SCH OF RAD TECH     ,IL,60657-5193,Private      ,3,15,18,3,15,18
01083600,PIVOT POINT INTNL CSMTLGY RSRCH CTR     ,IL,60626-0000,Proprietary  ,60,97,157,60,97,157
01087900,RICHLAND COMMUNITY COLLEGE              ,IL,62521-8513,Public       ,219,273,492,219,273,492
01102401,EVEREST COLLEGE - CHICAGO               ,IL,60604-2052,Proprietary  ,65,129,194,65,129,194
01151002,EVEREST INSTITUTE - EVEREST COLLEGE     ,IL,60542-1610,Proprietary  ,9,50,59,9,50,59
01181000,TAYLOR BUSINESS INSTITUTE               ,IL,60606-5111,Proprietary  ,6,17,23,6,17,23
01185800,EVEREST COLLEGE                         ,IL,60077-1074,Proprietary  ,16,72,88,16,72,88
01185802,EVEREST COLLEGE - BURR RIDGE            ,IL,60527-7826,Proprietary  ,8,11,19,8,11,19
01236200,NORTHWESTERN COLLEGE                    ,IL,60630-2298,Proprietary  ,365,636,1001,365,636,1001
01238500,BLOOMINGTON-NORMAL SCH RADIOGRAPHY      ,IL,61761-4604,Private      ,9,5,14,9,5,14
01258400,ILLINOIS INSTITUTE OF ART (THE)         ,IL,60654-1593,Proprietary  ,1547,612,2159,1547,612,2159
01281300,JOHN WOOD COMMUNITY COLLEGE             ,IL,62305-0401,Public       ,304,275,579,304,275,579
01308700,CAPRI GARFIELD RIDGE SCH OF BTY CLR     ,IL,60629-1613,Proprietary  ,3,18,21,3,18,21
01308800,CAPRI OAK FOREST COLLEGE OF BEAUTY      ,IL,60452-2798,Proprietary  ,19,27,46,19,27,46
02055200,HARRINGTON COLLEGE OF DESIGN            ,IL,60606-3433,Proprietary  ,323,230,553,323,230,553
02068100,ADLER SCH OF PROFESSIONAL PSYCHLGY      ,IL,60601-0000,Private      ,4,436,440,4,436,440
02069300,VATTEROTT COLLEGE                       ,IL,62305-5938,Proprietary  ,15,63,78,15,63,78
02074400,IL EASTERN COMM COLGS-FRONTIER          ,IL,62837-0000,Public       ,47,82,129,47,82,129
02075400,KELLER GRADUATE SCHOOL OF MGMT.         ,IL,60181-0000,Proprietary  ,8,2648,2656,8,2648,2656
02113600,AMERICAN INTERCONTINENTAL UNIVERSITY    ,IL,60192-3713,Proprietary  ,604,4819,5423,604,4819,5423
02117400,BECK AREA CAREER CENTER                 ,IL,62278-0000,Public       ,5,31,36,5,31,36
02124400,UNIVERSITY OF SPA & COSMETOLOGY ART     ,IL,62704-0000,Proprietary  ,17,35,52,17,35,52
02150600,COSMETOLOGY AND SPA INSTITUTE (THE)     ,IL,60014-4003,Proprietary  ,6,8,14,6,8,14
02155300,THE CHICAGO SCHOOL OF PROF PSYCHOLOGY   ,IL,60610-4705,Private      ,11,1133,1144,11,1133,1144
02160300,INTERNATIONAL ACAD OF DESIGN & TECH     ,IL,60602-3319,Proprietary  ,686,546,1232,686,546,1232
02160304,INTERNATIONAL ACADEMY OF DESIGN AND TECH,IL,60173-5160,Proprietary  ,48,65,113,48,65,113
02168600,EAST WEST UNIVERSITY                    ,IL,60605-0000,Private      ,179,263,442,179,263,442
02179900,ARGOSY UNIVERSITY                       ,IL,60601-7757,Proprietary  ,285,8495,8780,285,8495,8780
02185400,ST AUGUSTINE COLLEGE                    ,IL,60640-0000,Private      ,46,188,234,46,188,234
02192400,MR JOHNS SCHOOL OF COSMETOLOGY          ,IL,62521-0000,Proprietary  ,1,9,10,1,9,10
02214100,WEST SUBURBAN COLLEGE OF NURSING        ,IL,60302-2519,Private      ,49,120,169,49,120,169
02228100,MAC DANIEL'S BEAUTY SCHOOL              ,IL,60640-0000,Proprietary  ,7,6,13,7,6,13
02261200,HAIR PROFESSIONALS ACAD COSMETOLOGY     ,IL,60118-0000,Proprietary  ,2,3,5,2,3,5
02261201,HAIR PROFESSIONALS ACADEMY OF COSMETOLOG,IL,60118-9333,Proprietary  ,1,2,3,1,2,3
02262100,HAIR PROFESSIONALS SCH COSMETOLOGY      ,IL,60543-0000,Proprietary  ,3,4,7,3,4,7
02291200,CANNELLA SCHOOL OF HAIR DESIGN          ,IL,60639-0000,Proprietary  ,5,7,12,5,7,12
02295500,CANNELLA SCHOOL OF HAIR DESIGN          ,IL,60120-0000,Proprietary  ,2,3,5,2,3,5
02297500,OEHRLEIN SCHOOL OF COSMETOLOGY          ,IL,61611-0000,Proprietary  ,8,13,21,8,13,21
02312300,LA' JAMES COLLEGE HAIRSTYLING           ,IL,61244-0000,Proprietary  ,2,8,10,2,8,10
02313900,WESTWOOD COLLEGE - O'HARE AIRPORT       ,IL,60631-2801,Proprietary  ,121,131,252,121,131,252
02317300,CONCEPT COLLEGE OF COSMETOLOGY          ,IL,61832-0000,Proprietary  ,2,2,4,2,2,4
02319200,LAKE FOREST GRAD SCHL OF MGMT           ,IL,60045-4824,Private      ,0,24,24,0,24,24
02323300,PROFESSIONAL'S CHOICE HAIR DSN ACAD     ,IL,60435-0000,Proprietary  ,6,9,15,6,9,15
02332200,HAIR PROFESSIONALS CAREER COLLEGE       ,IL,60178-0000,Proprietary  ,2,6,8,2,6,8
02337800,THE COLLEGE OF OFFICE TECHNOLOGY        ,IL,60622-0000,Proprietary  ,6,24,30,6,24,30
02349400,ALVAREITA'S COLLEGE OF COSMETOLOGY      ,IL,62035-0000,Proprietary  ,6,3,9,6,3,9
02349500,CANNELLA SCHOOL OF HAIR DESIGN          ,IL,60632-0000,Proprietary  ,4,3,7,4,3,7
02352200,COOKING & HOSPITALITY INSTITUTE         ,IL,60610-3050,Proprietary  ,287,301,588,287,301,588
02498200,HAIR PROFESSIONALS ACAD COSMETOLOGY     ,IL,60187-0000,Proprietary  ,2,3,5,2,3,5
02498201,HAIR PROFESSIONALS ACADEMY OF COSMETOLOG,IL,60563-0000,Proprietary  ,1,5,6,1,5,6
02522800,FOX COLLEGE                             ,IL,60453-0000,Proprietary  ,58,23,81,58,23,81
02527600,LEXINGTON COLLEGE                       ,IL,60607-0000,Private      ,36,13,49,36,13,49
02536700,BELL MAR BEAUTY COLLEGE                 ,IL,60650-0000,Proprietary  ,2,5,7,2,5,7
02538100,REGENCY BEAUTY INSTITUTE                ,IL,61820-0000,Proprietary  ,2,5,7,2,5,7
02556100,ENVIRONMENTAL TECHNICAL INSTITUTE       ,IL,60143-0000,Proprietary  ,9,8,17,9,8,17
02556600,NILES SCHOOL OF COSMETOLOGY             ,IL,60714-0000,Proprietary  ,1,6,7,1,6,7
02573700,INSTITUTE FOR CLINICAL SOCIAL WORK      ,IL,60601-0000,Private      ,3,27,30,3,27,30
02579200,INGALLS MEMORIAL HOSPITAL               ,IL,60426-0000,Private      ,1,5,6,1,5,6
02584900,"FIRST INSTITUTE, INC.                   ",IL,60014-7489,Proprietary  ,2,6,8,2,6,8
02587700,HAIR PROFESSIONALS CAREER COLLEGE       ,IL,60465-1929,Proprietary  ,1,5,6,1,5,6
02599500,HANOVER PARK COLLEGE OF BEAUTY CULT     ,IL,60133-5421,Proprietary  ,4,3,7,4,3,7
02622700,KNOWLEDGE SYSTEMS INSTITUTE             ,IL,60076-0000,Private      ,0,1,1,0,1,1
03002000,HAIRMASTERS INST OF COSMETOLOGY         ,IL,61701-5547,Proprietary  ,6,8,14,6,8,14
03027702,PACIFIC COLLEGE OF ORIENTAL MED         ,IL,60613-0000,Proprietary  ,3,29,32,3,29,32
03065300,TREND SETTERS COLL OF COSMETOLOGY       ,IL,60915-2101,Proprietary  ,4,5,9,4,5,9
03072701,WESTWOOD COLLEGE OF TECHNOLOGY          ,IL,60409-0000,Proprietary  ,68,232,300,68,232,300
03072702,WESTWOOD COLLEGE OF TECHNOLOGY          ,IL,60602-0000,Proprietary  ,141,180,321,141,180,321
03078400,CAMEO BEAUTY ACADEMY                    ,IL,60453-3196,Proprietary  ,6,2,8,6,2,8
03079200,WESTWOOD COLLEGE - DUPAGE               ,IL,60517-2321,Proprietary  ,136,115,251,136,115,251
03082900,ROSEL SCHOOL OF COSMETOLOGY             ,IL,60659-1913,Proprietary  ,2,3,5,2,3,5
03083800,HEARTLAND COMMUNITY COLLEGE             ,IL,61761-9446,Public       ,556,484,1040,556,484,1040
03098000,ST JOHN'S COLLEGE OF NURSING            ,IL,62702-5321,Private      ,19,13,32,19,13,32
03098002,ST JOHN'S HOSP SCH MED TECH             ,IL,62769-5324,Private      ,1,4,5,1,4,5
03099700,CAIN'S BARBER COLLEGE                   ,IL,60615-3510,Proprietary  ,9,17,26,9,17,26
03099800,ILLINOIS SCHOOL OF HEALTH CAREERS       ,IL,60604-0000,Proprietary  ,36,98,134,36,98,134
03101800,ILLINOIS CENTER FOR BROADCASTING        ,IL,60148-7015,Proprietary  ,7,28,35,7,28,35
03128300,PYRAMID CAREER INSTITUTE                ,IL,60657-4207,Proprietary  ,2,0,2,2,0,2
03128500,NATIONAL LATINO EDUCATION INSTITUTE     ,IL,60609-2205,Private      ,3,10,13,3,10,13
03199300,CHRISTIAN LIFE COLLEGE                  ,IL,60056-2522,Private      ,5,4,9,5,4,9
03368300,MIDWEST TECHNICAL INSTITUTE             ,IL,62707-8805,Proprietary  ,43,220,263,43,220,263
03416300,COMPUTER SYSTEMS INSTITUTE              ,IL,60077-0000,Proprietary  ,2,14,16,2,14,16
03448300,BIR TRAINING CENTER                     ,IL,60659-1298,Proprietary  ,1,15,16,1,15,16
03455700,CORTIVA INSTITUTE - CHICAGO             ,IL,60602-3315,Proprietary  ,34,79,113,34,79,113
03472300,CHICAGO URBAN LEAGUE COMPUTER TRAIN     ,IL,60604-2198,Private      ,1,2,3,1,2,3
03510300,ERIKSON INSTITUTE                       ,IL,60654-4510,Private      ,0,192,192,0,192,192
03623300,VEE'S SCHOOL OF BEAUTY CULTURE          ,IL,62205-2326,Proprietary  ,0,1,1,0,1,1
03643300,MR. JOHN'S SCHOOL OF COSMETOLOGY &      ,IL,62650-3488,Proprietary  ,1,1,2,1,1,2
03684300,NORTHSHORE UNIVERSITY HEALTHSYSTEM SCHOO,IL,60201-9872,Private      ,2,14,16,2,14,16
03721400,AMERICAN CAREER COLLEGE                 ,IL,60402-0000,Proprietary  ,3,10,13,3,10,13
03881400,EUROPEAN MASSAGE THERAPY SCHOOL         ,IL,60077-2269,Proprietary  ,1,4,5,1,4,5
03891300,SOMA INSTITUTE - THE NATIONAL SCHOOL OF ,IL,60604-4466,Proprietary  ,18,19,37,18,19,37
03914300,"CALC, INSTITUTE OF TECHNOLOGY           ",IL,62002-5931,Proprietary  ,2,18,20,2,18,20
03955400,MIDWEST INSTITUTE OF MASSAGE THERAPY    ,IL,62223-0000,Proprietary  ,1,5,6,1,5,6
04117500,SOLEX MEDICAL ACADEMY                   ,IL,60090-3104,Proprietary  ,2,2,4,2,2,4
        ,ASBURY THEOLOGICAL SEMINARY             ,KY,40390-0000,Private      ,9,974,983,9,974,983
00195100,ALICE LLOYD COLLEGE                     ,KY,41844-9703,Private      ,673,56,729,673,56,729
00195200,ASBURY COLLEGE                          ,KY,40390-1198,Private      ,1084,140,1224,1084,140,1224
00195400,BELLARMINE UNIVERSITY                   ,KY,40205-1877,Private      ,2479,535,3014,2479,535,3014
00195500,BEREA COLLEGE                           ,KY,40403-0000,Private      ,1993,285,2278,1993,285,2278
00195800,BRESCIA UNIVERSITY                      ,KY,42301-3023,Private      ,363,108,471,363,108,471
00195900,CAMPBELLSVILLE UNIVERSITY               ,KY,42718-2799,Private      ,1609,486,2095,1609,486,2095
00196000,SPALDING UNIVERSITY                     ,KY,40203-2188,Private      ,391,961,1352,391,961,1352
00196100,CENTRE COLLEGE                          ,KY,40422-1394,Private      ,1725,27,1752,1725,27,1752
00196200,UNIVERSITY OF THE CUMBERLANDS           ,KY,40769-1372,Private      ,1629,339,1968,1629,339,1968
00196300,EASTERN KENTUCKY UNIVERSITY             ,KY,40475-3102,Public       ,6499,3082,9581,6499,3082,9581
00196400,GEORGETOWN COLLEGE                      ,KY,40324-1628,Private      ,1608,173,1781,1608,173,1781
00196500,KENTUCKY CHRISTIAN UNIVERSITY           ,KY,41143-2205,Private      ,524,90,614,524,90,614
00196800,KENTUCKY STATE UNIVERSITY               ,KY,40601-2355,Public       ,1933,576,2509,1933,576,2509
00196900,KENTUCKY WESLEYAN COLLEGE               ,KY,42302-1039,Private      ,857,103,960,857,103,960
00197000,LEES COLLEGE                            ,KY,41339-0000,Private      ,1,2,3,1,2,3
00197100,LEXINGTON THEOLOGICAL SEMINARY          ,KY,40508-0000,Private      ,1,25,26,1,25,26
00197200,LINDSEY WILSON COLLEGE                  ,KY,42728-1223,Private      ,1352,766,2118,1352,766,2118
00197400,LOUISVILLE PRESBYTERIAN THEOL SEM       ,KY,40205-0000,Private      ,3,43,46,3,43,46
00197500,MIDWAY COLLEGE                          ,KY,40347-1120,Private      ,337,583,920,337,583,920
00197600,MOREHEAD STATE UNIVERSITY               ,KY,40351-1689,Public       ,3832,1752,5584,3832,1752,5584
00197700,MURRAY STATE UNIVERSITY                 ,KY,42071-0009,Public       ,3744,1335,5079,3744,1335,5079
00197900,WEST KENTUCKY CMNTY & TECHNICAL COLG    ,KY,42002-7380,Public       ,606,872,1478,606,872,1478
00198000,PIKEVILLE COLLEGE                       ,KY,41501-1194,Private      ,819,196,1015,819,196,1015
00198001,PIKEVILLE CLG-SCH OSTEOPATHIC MEDIC     ,KY,41501-0000,Private      ,8,149,157,8,149,157
00198200,SOUTHERN BAPTIST THEOL SEMINARY         ,KY,40280-0000,Private      ,29,89,118,29,89,118
00198300,ST. CATHARINE COLLEGE                   ,KY,40061-9499,Private      ,388,174,562,388,174,562
00198700,TRANSYLVANIA UNIVERSITY                 ,KY,40508-1797,Private      ,1335,42,1377,1335,42,1377
00198800,UNION COLLEGE                           ,KY,40906-1499,Private      ,902,337,1239,902,337,1239
00198900,UNIVERSITY OF KENTUCKY                  ,KY,40506-0054,Public       ,10254,3575,13829,10254,3575,13829
00198901,UNIV OF KY-COLLEGE OF DENTISTRY         ,KY,40536-0000,Public       ,6,69,75,6,69,75
00198902,UNIV OF KY-COLLEGE OF MEDICINE          ,KY,40536-0000,Public       ,19,213,232,19,213,232
00199000,ASHLAND COMMUNITY AND TECHNICAL COLLEGE ,KY,41101-3683,Public       ,655,837,1492,655,837,1492
00199100,ELIZABETHTOWN COMMUNITY  AND TECHNICAL C,KY,42701-3081,Public       ,934,1312,2246,934,1312,2246
00199300,HENDERSON COMMUNITY COLLEGE             ,KY,42420-4699,Public       ,181,424,605,181,424,605
00199400,HOPKINSVILLE COMMUNITY COLLEGE          ,KY,42241-2621,Public       ,445,1050,1495,445,1050,1495
00199600,BIG SANDY COMMUNITY AND TECHNICAL COLG  ,KY,41653-1815,Public       ,849,731,1580,849,731,1580
00199700,SOMERSET COMMUNITY COLLEGE              ,KY,42501-2973,Public       ,1137,1991,3128,1137,1991,3128
00199800,SOUTHEAST KENTUCKY COMMUNITY AND TECHNIC,KY,40823-1099,Public       ,476,437,913,476,437,913
00199802,CUMBERLAND VLY TEC CLG MIDDLESBORO      ,KY,40965-2265,Public       ,21,11,32,21,11,32
00199804,SOUTHEAST COMMUNITY COLLEGE             ,KY,40831-1796,Public       ,57,54,111,57,54,111
00199900,UNIVERSITY OF LOUISVILLE                ,KY,40292-0000,Public       ,8638,5691,14329,8638,5691,14329
00200100,THOMAS MORE COLLEGE                     ,KY,41017-3495,Private      ,964,297,1261,964,297,1261
00200200,WESTERN KENTUCKY UNIVERSITY             ,KY,42101-3576,Public       ,7269,2836,10105,7269,2836,10105
00461800,SPENCERIAN COLLEGE                      ,KY,40216-2605,Proprietary  ,292,672,964,292,672,964
00461900,SULLIVAN UNIVERSITY                     ,KY,40205-3000,Proprietary  ,909,1764,2673,909,1764,2673
00524400,BLUEGRASS COMMUNITY & TECHNICAL COLLEGE ,KY,40506-0235,Public       ,1617,2556,4173,1617,2556,4173
00527100,BOWLING GREEN TECHNICAL COLLEGE         ,KY,42101-3601,Public       ,256,484,740,256,484,740
00527300,GATEWAY COMMUNITY & TECHNOLOGY COLL     ,KY,41011-0000,Public       ,363,899,1262,363,899,1262
00696000,MAYSVILLE CMNTY & TECHNCL COLG          ,KY,41056-8910,Public       ,329,735,1064,329,735,1064
00696100,JEFFERSON COMMUNITY AND TECHNICAL COLLEG,KY,40202-2005,Public       ,2196,3667,5863,2196,3667,5863
00696200,HAZARD COMMUNITY COLLEGE                ,KY,41701-2402,Public       ,738,675,1413,738,675,1413
00696203,KY TECH-KNOTT CO. TECHNOLOGY CTR        ,KY,41822-0000,Public       ,2,1,3,2,1,3
00696204,KY TECH-LESLIE COUNTY AREA TECH CTR     ,KY,41749-0000,Public       ,0,1,1,0,1,1
00696205,KY TECH-LEE COUNTY AREA TECH CTR        ,KY,41311-0000,Public       ,1,0,1,1,0,1
00696206,KY TECH-LETCHER CNTY AREA TECH CTR      ,KY,41858-0000,Public       ,12,5,17,12,5,17
00696207,KY TECH-BREATHITT COUNTY VOC ED CTR     ,KY,41339-0000,Public       ,3,7,10,3,7,10
00842500,DAYMAR COLLEGE                          ,KY,42001-0000,Proprietary  ,24,114,138,24,114,138
00901000,MADISONVILLE COMMUNITY COLLEGE          ,KY,42431-9199,Public       ,486,791,1277,486,791,1277
00927500,NORTHERN KENTUCKY UNIVERSITY            ,KY,41099-0001,Public       ,4663,2509,7172,4663,2509,7172
00931300,DAYMAR COLLEGE                          ,KY,42301-5830,Proprietary  ,36,358,394,36,358,394
00931302,DAYMAR COLLEGE - LOUISVILLE CAMPUS      ,KY,40219-1973,Proprietary  ,21,50,71,21,50,71
01042400,SALON PROFESSIONAL ACADEMY THE          ,KY,40502-1776,Proprietary  ,17,37,54,17,37,54
01048900,NATIONAL COLLEGE                        ,KY,40508-0000,Proprietary  ,120,1344,1464,120,1344,1464
01172500,COLLINS SCHOOL OF COSMETOLOGY           ,KY,40965-2809,Proprietary  ,4,6,10,4,6,10
01208800,SULLIVAN COLLEGE OF TECHNOLOGY AND DESIG,KY,40218-4528,Proprietary  ,216,160,376,216,160,376
01208801,LOUISVILLE TECHNICAL INSTITUTE -        ,KY,40218-4528,Proprietary  ,26,13,39,26,13,39
01212801,SOUTHWESTERN COLLEGE                    ,KY,41042-1466,Proprietary  ,10,37,47,10,37,47
01240400,LEXINGTON BEAUTY COLLEGE                ,KY,40503-1819,Proprietary  ,8,15,23,8,15,23
01272300,KY TECH-WAYNE COUNTY AREA TECH CTR      ,KY,42633-1088,Public       ,1,0,1,1,0,1
01291400,HAIR DESIGN SCHOOL (THE)                ,KY,40218-0000,Proprietary  ,25,52,77,25,52,77
01291500,HAIR DESIGN SCHOOL (THE)                ,KY,41042-5113,Proprietary  ,4,23,27,4,23,27
01291600,HAIR DESIGN SCHOOL (THE)                ,KY,40216-4212,Proprietary  ,6,26,32,6,26,32
01291700,HAIR DESIGN SCHOOL (THE)                ,KY,40160-0000,Proprietary  ,13,38,51,13,38,51
01296800,HAIR DESIGN SCHOOL (THE)                ,KY,40207-2695,Proprietary  ,8,15,23,8,15,23
02159100,"APPALACHIAN BEAUTY SCHOOL, INC.         ",KY,41503-0000,Proprietary  ,5,12,17,5,12,17
02177100,HAIR DESIGN SCHOOL (THE)                ,KY,40204-0000,Proprietary  ,9,16,25,9,16,25
02251500,TREND SETTERS ACAD OF BEAUTY CULT       ,KY,40258-0000,Proprietary  ,2,10,12,2,10,12
02275000,JENNY LEA ACADEMY OF COSMETOLOGY        ,KY,40831-0000,Proprietary  ,4,23,27,4,23,27
02279800,ELIZABETHTOWN BEAUTY SCHOOL             ,KY,42701-0000,Proprietary  ,11,7,18,11,7,18
02284306,INTERACTIVE LEARNING SYSTEMS            ,KY,41042-0000,Proprietary  ,0,3,3,0,3,3
02323700,PAT WILSON'S BEAUTY COLLEGE             ,KY,42420-0000,Proprietary  ,2,6,8,2,6,8
02337200,PJ'S COLLEGE OF COSMETOLOGY             ,KY,42101-0000,Proprietary  ,9,35,44,9,35,44
02340800,PAUL MITCHELL THE SCHOOL LEXINGTON      ,KY,40601-0000,Proprietary  ,3,6,9,3,6,9
02351700,DONTA SCHOOL OF BEAUTY CULTURE          ,KY,40203-0000,Proprietary  ,1,6,7,1,6,7
02491100,BECKFIELD COLLEGE                       ,KY,41042-0000,Proprietary  ,45,260,305,45,260,305
02518900,BARRETT & COMPANY SCH HAIR DESIGN       ,KY,40356-0000,Proprietary  ,7,25,32,7,25,32
02526100,JENNY LEA ACADEMY OF COSMETOLOGY        ,KY,41858-0000,Proprietary  ,1,0,1,1,0,1
02535600,CLEAR CREEK BAPTIST BIBLE COLLEGE       ,KY,40977-0000,Private      ,10,33,43,10,33,43
02551100,PJ'S COLLEGE OF COSMETOLOGY             ,KY,42121-0000,Proprietary  ,2,9,11,2,9,11
02560800,SOUTHEAST SCHOOL OF COSMETOLOGY         ,KY,40962-0000,Proprietary  ,5,7,12,5,7,12
02576200,MID-CONTINENT UNIVERSITY                ,KY,42066-9007,Private      ,126,874,1000,126,874,1000
02616204,BROWN MACKIE COLLEGE-FINDLAY - BROWN MAC,KY,40219-1916,Proprietary  ,130,667,797,130,667,797
03002100,KENTUCKY MOUNTAIN BIBLE COLLEGE         ,KY,41385-0010,Private      ,16,6,22,16,6,22
03007000,FRONTIER SCH OF MIDWIFERY&FAMILY NU     ,KY,41749-0000,Private      ,1,147,148,1,147,148
03026200,HEAD'S WEST KENTUCKY BEAUTY COLLEGE     ,KY,42431-0000,Proprietary  ,2,5,7,2,5,7
03029200,NU-TEK ACADEMY OF BEAUTY                ,KY,40353-9767,Proprietary  ,6,6,12,6,6,12
03034500,OWENSBORO COMMUNITY & TECHNICAL COLLEGE ,KY,42303-1899,Public       ,627,909,1536,627,909,1536
03083700,GALEN HEALTH INSTITUTES                 ,KY,40207-1047,Proprietary  ,110,599,709,110,599,709
03103500,MR JIM'S BEAUTY COLLEGE                 ,KY,42301-2646,Proprietary  ,5,4,9,5,4,9
03106700,MOTIF BEAUTY ACADEMY                    ,KY,40391-1958,Proprietary  ,3,8,11,3,8,11
03516500,EZELL'S COSMETOLOGY SCHOOL              ,KY,42071-2530,Proprietary  ,5,2,7,5,2,7
03611300,BRIGHTON CENTER'S CENTER FOR EMPLOY     ,KY,41071-1968,Private      ,1,2,3,1,2,3
03804300,BELLEFONTE ACADEMY OF BEAUTY            ,KY,41169-2015,Proprietary  ,1,8,9,1,8,9
03885300,EMPLOYMENT SOLUTIONS                    ,KY,40517-3260,Private      ,2,3,5,2,3,5
03886300,REGENCY SCHOOL OF HAIR DESIGN           ,KY,41653-1278,Proprietary  ,0,2,2,0,2,2
04038300,ATA CAREER EDUCATION                    ,KY,40223-3832,Proprietary  ,34,166,200,34,166,200
04123900,LEXINGTON HEALING ARTS ACADEMY          ,KY,40503-1932,Proprietary  ,6,22,28,6,22,28
00200300,CENTENARY COLLEGE OF LOUISIANA          ,LA,71104-3396,Private      ,538,48,586,538,48,586
00200400,DILLARD UNIVERSITY                      ,LA,70122-3097,Private      ,635,162,797,635,162,797
00200500,NICHOLLS STATE UNIVERSITY               ,LA,70310-0001,Public       ,1581,620,2201,1581,620,2201
00200600,GRAMBLING STATE UNIVERSITY              ,LA,71245-2215,Public       ,3064,881,3945,3064,881,3945
00200700,LOUISIANA COLLEGE                       ,LA,71359-0000,Private      ,286,61,347,286,61,347
00200800,LOUISIANA TECH UNIVERSITY               ,LA,71272-0001,Public       ,2072,633,2705,2072,633,2705
00201000,LOUISIANA STATE UNIV & A&M COLG         ,LA,70803-5710,Public       ,7212,2127,9339,7212,2127,9339
00201100,LOUISIANA STATE UNIV-ALEXANDRIA         ,LA,71302-9121,Public       ,349,421,770,349,421,770
00201200,LOUISIANA STATE UNIV-EUNICE             ,LA,70535-6726,Public       ,460,418,878,460,418,878
00201300,LOUISIANA STATE UNIV-SHREVEPORT         ,LA,71115-2399,Public       ,636,645,1281,636,645,1281
00201400,LA STATE UNIV HEALTH SCIENCES CTR       ,LA,70112-2223,Public       ,87,577,664,87,577,664
00201500,UNIVERSITY OF NEW ORLEANS               ,LA,70148-0001,Public       ,1746,1492,3238,1746,1492,3238
00201600,LOYOLA UNIVERSITY NEW ORLEANS           ,LA,70118-6195,Private      ,1503,793,2296,1503,793,2296
00201700,MCNEESE STATE UNIVERSITY                ,LA,70609-4510,Public       ,1444,775,2219,1444,775,2219
00201900,NEW ORLEANS BAPTIST THEOL SEMINARY      ,LA,70126-0000,Private      ,4,30,34,4,30,34
00202000,UNIVERSITY OF LOUISIANA AT MONROE       ,LA,71209-9001,Public       ,1948,1013,2961,1948,1013,2961
00202100,NORTHWESTERN STATE UNIVERSITY           ,LA,71497-0001,Public       ,1883,1137,3020,1883,1137,3020
00202200,NOTRE DAME SEMINARY                     ,LA,70118-0000,Private      ,1,3,4,1,3,4
00202300,OUR LADY OF HOLY CROSS COLLEGE          ,LA,70131-7399,Private      ,133,203,336,133,203,336
00202400,SOUTHEASTERN LOUISIANA UNIV             ,LA,70402-0001,Public       ,2664,1056,3720,2664,1056,3720
00202500,SOUTHERN UNIVERSITY A & M COLLEGE       ,LA,70813-9374,Public       ,2693,1652,4345,2693,1652,4345
00202600,SOUTHERN UNIV NEW ORLEANS               ,LA,70126-0002,Public       ,277,592,869,277,592,869
00202700,ST JOSEPH SEMINARY COLLEGE              ,LA,70457-9990,Private      ,7,2,9,7,2,9
00202900,TULANE UNIVERSITY                       ,LA,70118-5698,Private      ,7074,2818,9892,7074,2818,9892
00203100,UNIV OF LOUISIANA AT LAFAYETTE          ,LA,70504-0001,Public       ,3315,1186,4501,3315,1186,4501
00203200,XAVIER UNIVERSITY OF LOUISIANA          ,LA,70125-1098,Private      ,2044,458,2502,2044,458,2502
00462100,AYERS CAREER COLLEGE                    ,LA,71108-5845,Proprietary  ,6,58,64,6,58,64
00462500,DELGADO COMMUNITY COLLEGE               ,LA,70119-0000,Public       ,945,2052,2997,945,2052,2997
00520300,REMINGTON COLLEGE - LAFAYETTE CAMPUS    ,LA,70508-5760,Proprietary  ,29,135,164,29,135,164
00520306,REMINGTON COLLEGE - BATON ROUGE CAMPUS  ,LA,70816-4040,Proprietary  ,20,53,73,20,53,73
00546700,SOWELA TECHNICAL COMMUNITY COLLEGE      ,LA,70616-6950,Public       ,109,160,269,109,160,269
00548800,LOUISIANA TECH COLG-BATON ROUGE         ,LA,70807-0000,Public       ,51,82,133,51,82,133
00548802,LOUISIANA TECH COLG-ACADIAN CMPS        ,LA,70526-0000,Public       ,8,18,26,8,18,26
00548803,LOUISIANA TECH COLG-ALEXANDRIA CMPS     ,LA,71302-3137,Public       ,25,73,98,25,73,98
00548804,LOUISIANA TECH COLG-ASCENSION CMPS      ,LA,70778-3007,Public       ,11,13,24,11,13,24
00548805,LA TECH COLLEGE-AVOYELLES CAMPUS        ,LA,71327-0000,Public       ,10,8,18,10,8,18
00548806,LA TECHNICAL COLG-BASTROP CMPS          ,LA,71221-0000,Public       ,7,22,29,7,22,29
00548808,LA TECH COLG CHARLES B COREILCMPS       ,LA,70586-0000,Public       ,13,27,40,13,27,40
00548809,LA TECHNICAL COLG-DELTA-OUACHITA        ,LA,71292-9064,Public       ,40,72,112,40,72,112
00548810,EVANGELINE TECHNICAL INST               ,LA,70582-3104,Public       ,7,8,15,7,8,15
00548811,LA TECHN COLLEGE - FLORIDA PARISHES     ,LA,70441-0000,Public       ,7,16,23,7,16,23
00548812,LOUISIANA TECH COLG-FOLKES CAMPUS       ,LA,70748-0000,Public       ,3,8,11,3,8,11
00548813,LA TECHNICAL INST-GULF AREA CMPS        ,LA,70510-0878,Public       ,15,25,40,15,25,40
00548814,LOUISIANA TECH COLG-HAMMOND CMPS        ,LA,70404-0000,Public       ,24,49,73,24,49,73
00548815,LA TECH COLG-HUEY P. LONG CAMPUS        ,LA,71483-0000,Public       ,7,9,16,7,9,16
00548816,LA TECH COLLEGE-JEFFERSON CAMPUS        ,LA,70001-5605,Public       ,1,20,21,1,20,21
00548817,LOUISIANA TEC CLG-JUMONVILLE MEM CP     ,LA,70760-0000,Public       ,2,3,5,2,3,5
00548818,LA TECH COLLEGE-LAFAYETTE CAMPUS        ,LA,70506-0000,Public       ,60,114,174,60,114,174
00548819,LOUISIANA TECHNICAL COLLEGE-LAFOURC     ,LA,70301-4336,Public       ,9,35,44,9,35,44
00548820,LOUISIANA TEC CLG-LAMAR SALTER CMPS     ,LA,71446-0000,Public       ,9,19,28,9,19,28
00548822,LOUISIANA TECHNICAL CLG-MANSFIELD       ,LA,71052-1236,Public       ,4,15,19,4,15,19
00548823,LA. TECH COLG.-MORGAN SMITH CAMPUS      ,LA,70546-0000,Public       ,3,8,11,3,8,11
00548824,LOUISIANA TEC CLG-NATCHITOCHES CMPS     ,LA,71458-0000,Public       ,12,26,38,12,26,38
00548825,LOUISIANA TECH COLG-NORTH CTRL CMPS     ,LA,71241-0000,Public       ,6,25,31,6,25,31
00548826,LOUISIANA TECH CLG-NORTHEAST LA CMP     ,LA,71295-2999,Public       ,3,18,21,3,18,21
00548827,LOUISIANA TEC CLG-NW LOUISIANA CMPS     ,LA,71058-0000,Public       ,20,41,61,20,41,61
00548828,LA TECHNICAL COLG-OAKDALE CMPS          ,LA,71463-0000,Public       ,9,13,22,9,13,22
00548829,LTC-RIVER PARISHES CAMPUS               ,LA,70084-0000,Public       ,34,43,77,34,43,77
00548830,LOUISIANA TECHNICAL COLLEGE-RUSTON      ,LA,71273-0000,Public       ,83,34,117,83,34,117
00548831,LTC - SABINE VALLEY CAMPUS              ,LA,71449-3839,Public       ,4,7,11,4,7,11
00548832,LOUISIANA TECH COLG-SHELBY JACKSON      ,LA,71334-0000,Public       ,2,25,27,2,25,27
00548833,LA TECH COLG SHREVEPORT-BOSSIER         ,LA,71137-0000,Public       ,43,135,178,43,135,178
00548837,LOUISIANA TECH COLG-SULLIVAN CAMPUS     ,LA,70427-5866,Public       ,16,41,57,16,41,57
00548838,LOUISIANA TECHNICAL COLG - TALLULAH     ,LA,71284-0000,Public       ,5,22,27,5,22,27
00548839,LA TECH COLG-TECHE AREA CAMPUS          ,LA,70562-0000,Public       ,29,30,59,29,30,59
00548840,LOUISIANA TECH COLG-T.H.HARRIS CMPS     ,LA,70570-6113,Public       ,39,58,97,39,58,97
00548841,LOUISIANA TECH COLG W JEFFERSON CMP     ,LA,70058-0000,Public       ,1,18,19,1,18,19
00548842,LOUISIANA TECHNICAL COLLEGE - WESTSIDE C,LA,70765-0733,Public       ,4,14,18,4,14,18
00548843,LTC-YOUNG MEMORIAL CAMPUS               ,LA,70381-0000,Public       ,6,29,35,6,29,35
00576100,L. E. FLETCHER TECHNICAL COMMUNITY COLLE,LA,70360-2863,Public       ,81,124,205,81,124,205
00768600,SOUTHERN UNIV AT SHREVEPORT/BOSSIER     ,LA,71107-4795,Public       ,195,423,618,195,423,618
00806700,LSU HEALTH SCIENCES CENTR-SHREVEPOR     ,LA,71130-3932,Public       ,94,300,394,94,300,394
00989800,DEMMON SCHOOL OF BEAUTY                 ,LA,70607-2128,Proprietary  ,3,0,3,3,0,3
01005701,AMERICAN COMMERCIAL COLLEGE             ,LA,71105-2502,Proprietary  ,3,30,33,3,30,33
01109700,CLOYD'S BEAUTY SCHOOL #1                ,LA,71291-3131,Proprietary  ,1,5,6,1,5,6
01163100,"D-JAY'S SCHL OF BEAUTY, ARTS & SCI      ",LA,70806-0000,Proprietary  ,5,12,17,5,12,17
01184100,JOHN JAY BEAUTY COLLEGE                 ,LA,70124-2592,Proprietary  ,8,4,12,8,4,12
01261100,RONNIE & DORMANS SCHOOL HAIR DESIGN     ,LA,70501-0000,Proprietary  ,3,0,3,3,0,3
01282300,PAT GOINS RUSTON BEAUTY SCHOOL          ,LA,71270-4301,Proprietary  ,1,4,5,1,4,5
01287900,PAT GOINS BENTON ROAD BEAUTY SCHOOL     ,LA,71111-4838,Proprietary  ,5,3,8,5,3,8
01288000,PAT GOINS BEAUTY SCHOOL                 ,LA,71201-5167,Proprietary  ,3,4,7,3,4,7
02055400,BOSSIER PARISH COMMUNITY COLLEGE        ,LA,71111-0000,Public       ,368,516,884,368,516,884
02055500,DELTA SCH OF BUSINESS & TECHNOLOGY      ,LA,70601-0000,Proprietary  ,13,69,82,13,69,82
02089711,HERZING COLLEGE                         ,LA,70062-8727,Proprietary  ,4,63,67,4,63,67
02117800,AVEDA INSTITUTE LAFAYETTE               ,LA,70503-3246,Proprietary  ,19,13,32,19,13,32
02166100,NUNEZ COMMUNITY COLLEGE                 ,LA,70043-0000,Public       ,25,90,115,25,90,115
02166200,ITI TECHNICAL COLLEGE                   ,LA,70817-0000,Proprietary  ,29,66,95,29,66,95
02197500,BATON ROUGE SCHOOL OF COMPUTERS         ,LA,70816-0000,Proprietary  ,6,1,7,6,1,7
02234000,CAMERON COLLEGE                         ,LA,70119-0000,Proprietary  ,5,10,15,5,10,15
02258400,AVEDA INSTITUTE BATON ROUGE             ,LA,70816-2246,Proprietary  ,12,16,28,12,16,28
02260200,DIESEL DRIVING ACADEMY                  ,LA,71109-5617,Proprietary  ,0,5,5,0,5,5
02263600,BASTROP BEAUTY SCHOOL #1                ,LA,71220-0000,Proprietary  ,0,2,2,0,2,2
02265600,JOHN JAY KENNER ACADEMY                 ,LA,70062-0000,Proprietary  ,2,3,5,2,3,5
02269300,STEVENSON'S ACADEMY OF HAIR DESIGN      ,LA,70116-0000,Proprietary  ,5,3,8,5,3,8
02323100,PAT GOINS SHREVEPORT BEAUTY SCHOOL      ,LA,71108-4354,Proprietary  ,2,1,3,2,1,3
02327800,PINEVILLE BEAUTY SCHOOL                 ,LA,71360-0000,Proprietary  ,3,14,17,3,14,17
02335701,BATON ROUGE GEN MED CTR SCH NSG         ,LA,70821-0000,Private      ,20,45,65,20,45,65
02335702,BATON ROUGE GEN MED CTR-RAD TECH        ,LA,70806-0000,Private      ,10,9,19,10,9,19
02338000,"CLOYD'S BEAUTY SCHOOL #2, INC           ",LA,71202-3539,Proprietary  ,0,5,5,0,5,5
02352500,"CLOYD'S BEAUTY SCHOOL #3, INC           ",LA,71201-3211,Proprietary  ,1,5,6,1,5,6
02358600,"STAGE ONE THE HAIR SCHOOL, INC.         ",LA,70605-0000,Proprietary  ,4,6,10,4,6,10
02493400,ALEXANDRIA ACADEMY OF BEAUTY CULT       ,LA,71301-0000,Proprietary  ,3,2,5,3,2,5
02518300,SOUTH LOUISIANA BEAUTY COLLEGE          ,LA,70363-0000,Proprietary  ,4,3,7,4,3,7
02536400,LOUISIANA ACADEMY OF BEAUTY             ,LA,70535-0000,Proprietary  ,0,2,2,0,2,2
02538300,DELTA COLLEGE OF ARTS & TECH INC        ,LA,70806-1529,Proprietary  ,11,60,71,11,60,71
02538301,DELTA COLLEGE OF ARTS & TECHNOLOGY - LAF,LA,70508-6831,Proprietary  ,10,42,52,10,42,52
02548500,COSMETOLOGY TRAINING CENTER             ,LA,70503-0000,Proprietary  ,6,1,7,6,1,7
02554800,VANGUARD COLLEGE OF COSMETOLOGY         ,LA,70458-8823,Proprietary  ,6,2,8,6,2,8
02582200,"GUY'S ACADEMY HAIR, SKIN & NAILS        ",LA,71105-2404,Proprietary  ,4,9,13,4,9,13
02600900,AVEDA INSTITUTE                         ,LA,70433-2922,Proprietary  ,42,90,132,42,90,132
02601000,AMERICAN SCHOOL OF BUSINESS             ,LA,71105-5646,Proprietary  ,2,3,5,2,3,5
02601100,OPELOUSAS SCHOOL OF COSMETOLOGY         ,LA,70570-6156,Proprietary  ,0,4,4,0,4,4
02606800,CAREER TRAINING SPECIALISTS             ,LA,71201-6046,Proprietary  ,24,105,129,24,105,129
02606801,CAREER TECHNICAL COLLEGE - SHREVEPORT   ,LA,71105-2405,Proprietary  ,6,12,18,6,12,18
02617100,BATON ROUGE COLLEGE                     ,LA,70816-2246,Proprietary  ,9,12,21,9,12,21
02619200,DENHAM SPRINGS BEAUTY COLLEGE           ,LA,70726-3829,Proprietary  ,0,13,13,0,13,13
03010400,CRESCENT CITY SCH GAMING & BARTENDG     ,LA,70119-5507,Proprietary  ,1,4,5,1,4,5
03023500,CAMELOT CAREER COLLEGE                  ,LA,70805-7539,Proprietary  ,2,8,10,2,8,10
03030900,DIESEL DRIVING ACADEMY                  ,LA,70815-8109,Proprietary  ,0,6,6,0,6,6
03061400,ASCENSION COLLEGE                       ,LA,70737-2912,Proprietary  ,5,14,19,5,14,19
03095100,GRETNA CAREER COLLEGE                   ,LA,70053-2436,Proprietary  ,1,7,8,1,7,8
03106200,OUR LADY OF THE LAKE COLLEGE            ,LA,70808-4398,Private      ,276,586,862,276,586,862
03253300,JONESVILLE BEAUTY SCHOOL                ,LA,71343-0000,Proprietary  ,1,1,2,1,1,2
03294300,BLUE CLIFF SCH THERAPEUTIC MASSAGE      ,LA,70002-3458,Proprietary  ,10,40,50,10,40,50
03332600,DELTA COLLEGE                           ,LA,70433-9042,Proprietary  ,8,50,58,8,50,58
03332601,DELTA COLLEGE - SLIDELL                 ,LA,70460-2624,Proprietary  ,7,26,33,7,26,33
03356300,MEDICAL TRAINING COLLEGE                ,LA,70816-5820,Proprietary  ,12,28,40,12,28,40
03422500,BLUE CLIFF COLLEGE                      ,LA,71107-6520,Proprietary  ,11,28,39,11,28,39
03422600,BLUE CLIFF COLLEGE                      ,LA,70508-3858,Proprietary  ,16,77,93,16,77,93
03480300,MEDVANCE INSTITUTE                      ,LA,70809-1908,Proprietary  ,41,234,275,41,234,275
03498400,OMEGA INSTITUTE OF COSMETOLOGY          ,LA,70360-0000,Proprietary  ,5,5,10,5,5,10
03727500,BLUE CLIFF COLLEGE-BATON ROUGE          ,LA,70808-4191,Proprietary  ,1,7,8,1,7,8
03730300,BATON ROUGE COMMUNITY COLLEGE           ,LA,78806-4129,Public       ,570,817,1387,570,817,1387
03752400,SCHOOL OF URBAN MISSIONS                ,LA,70053-0000,Private      ,6,14,20,6,14,20
03789300,UNITECH TRAINING ACADEMY                ,LA,70503-5132,Proprietary  ,3,19,22,3,19,22
03789400,RIVER PARISHES COMMUNITY COLLEGE        ,LA,70778-0310,Public       ,57,64,121,57,64,121
03810500,COURT REPORTING INSTITUTE OF LOUISI     ,LA,70816-0000,Proprietary  ,2,7,9,2,7,9
03858300,RAY'S FAITH ACADEMY OF BEAUTY EDUCATION ,LA,70737-0000,Proprietary  ,0,2,2,0,2,2
03956300,SOUTH LOUISIANA COMMUNITY COLLEGE       ,LA,70506-0000,Public       ,141,183,324,141,183,324
04040300,COMPASS CAREER COLLEGE                  ,LA,70403-0653,Proprietary  ,3,29,32,3,29,32
04112300,LOUISIANA CULINARY INSTITUTE            ,LA,70816-4109,Proprietary  ,14,12,26,14,12,26
04130100,LOUISIANA DELTA COMMUNITY COLLEGE       ,LA,71203-3618,Public       ,42,80,122,42,80,122
00143600,CAPITOL COLLEGE                         ,MD,20708-9759,Private      ,187,95,282,187,95,282
00146200,WASHINGTON BIBLE COLLEGE                ,MD,20706-3599,Private      ,36,76,112,36,76,112
00205700,ALLEGANY COLLEGE OF MARYLAND            ,MD,21502-2596,Public       ,1162,610,1772,1162,610,1772
00205800,ANNE ARUNDEL COMMUNITY COLLEGE          ,MD,21012-1895,Public       ,1571,1561,3132,1571,1561,3132
00206000,BALTIMORE HEBREW UNIVERSITY             ,MD,21215-3996,Private      ,3,18,21,3,18,21
00206100,BALTIMORE CITY COMMUNITY COLLEGE        ,MD,21215-7893,Public       ,1376,2484,3860,1376,2484,3860
00206200,BOWIE STATE UNIVERSITY                  ,MD,20715-9465,Public       ,5143,1846,6989,5143,1846,6989
00206300,COMMUNITY COLLEGE OF BALTIMORE COUNTY   ,MD,21228-5381,Public       ,2848,3494,6342,2848,3494,6342
00206400,COLLEGE OF SOUTHERN MARYLAND            ,MD,20646-0910,Public       ,1261,1094,2355,1261,1094,2355
00206500,CLG NOTRE DAME OF MARYLAND              ,MD,21210-2476,Private      ,593,646,1239,593,646,1239
00206700,COLUMBIA UNION COLLEGE                  ,MD,20912-7796,Private      ,437,301,738,437,301,738
00206800,COPPIN STATE UNIVERSITY                 ,MD,21216-3698,Public       ,2582,1775,4357,2582,1775,4357
00207100,FREDERICK COMMUNITY COLLEGE             ,MD,21702-9745,Public       ,667,651,1318,667,651,1318
00207200,FROSTBURG STATE UNIVERSITY              ,MD,21532-1099,Public       ,4771,632,5403,4771,632,5403
00207300,GOUCHER COLLEGE                         ,MD,21204-2794,Private      ,2819,247,3066,2819,247,3066
00207400,HAGERSTOWN COMMUNITY COLLEGE            ,MD,21742-6590,Public       ,706,585,1291,706,585,1291
00207500,HARFORD COMMUNITY COLLEGE               ,MD,21015-1696,Public       ,716,579,1295,716,579,1295
00207600,HOOD COLLEGE                            ,MD,21701-8575,Private      ,1691,378,2069,1691,378,2069
00207700,JOHNS HOPKINS UNIVERSITY                ,MD,21218-2693,Private      ,6067,657,6724,6067,657,6724
00207702,JOHNS HOPKINS UNIV SCH ARTS/SCI/ENG     ,MD,21218-0000,Private      ,3263,673,3936,3263,673,3936
00207703,JOHNS HOPKINS UNIV SCH OF BUS/ED        ,MD,21046-0000,Private      ,17,534,551,17,534,551
00207705,JOHNS HOPKINS BLOOMBERG SCH OF PH       ,MD,21205-0000,Private      ,13,743,756,13,743,756
00207706,JOHNS HOPKINS UNIV SCH OF MEDICINE      ,MD,21205-0000,Private      ,58,832,890,58,832,890
00207707,JOHNS HOPKINS UNIV SCH OF NURSING       ,MD,21205-0000,Private      ,153,510,663,153,510,663
00207708,JOHNS HOPKINS UNIV PEABODY CONSERV      ,MD,21202-2397,Private      ,506,353,859,506,353,859
00207800,LOYOLA UNIVERSITY MARYLAND              ,MD,21210-2699,Private      ,5122,776,5898,5122,776,5898
00208000,MARYLAND INST COLLEGE OF ART            ,MD,21217-4191,Private      ,1937,386,2323,1937,386,2323
00208300,MORGAN STATE UNIVERSITY                 ,MD,21251-0002,Public       ,7118,2050,9168,7118,2050,9168
00208600,MOUNT SAINT MARY'S UNIVERSITY           ,MD,21727-7799,Private      ,2354,129,2483,2354,129,2483
00208700,NER ISRAEL RABBINICAL COLLEGE           ,MD,21208-1198,Private      ,54,25,79,54,25,79
00208900,PRINCE GEORGES COMMUNITY COLLEGE        ,MD,20774-2199,Public       ,1776,2050,3826,1776,2050,3826
00209100,SALISBURY UNIVERSITY                    ,MD,21801-6862,Public       ,7025,805,7830,7025,805,7830
00209200,ST JOHN'S COLLEGE                       ,MD,21404-0000,Private      ,556,76,632,556,76,632
00209500,ST. MARY'S COLLEGE OF MARYLAND          ,MD,20686-3001,Public       ,2519,106,2625,2519,106,2625
00209600,ST MARY'S SEMINARY & UNIV               ,MD,21210-1994,Private      ,29,8,37,29,8,37
00209900,TOWSON UNIVERSITY                       ,MD,21252-0002,Public       ,15221,3154,18375,15221,3154,18375
00210200,UNIVERSITY OF BALTIMORE                 ,MD,21201-5779,Public       ,798,3087,3885,798,3087,3885
00210300,"UNIVERSITY OF MARYLAND, COLLEGE PARK    ",MD,20742-5145,Public       ,23287,5994,29281,23287,5994,29281
00210400,"UNIVERSITY OF MARYLAND, BALTIMORE       ",MD,21201-1691,Public       ,1669,5996,7665,1669,5996,7665
00210500,UMBC                                    ,MD,21250-0002,Public       ,6437,2059,8496,6437,2059,8496
00210600,UNIVERSITY MARYLAND EASTERN SHORE       ,MD,21853-4053,Public       ,3514,743,4257,3514,743,4257
00210700,STEVENSON UNIVERSITY                    ,MD,21153-0641,Private      ,3433,603,4036,3433,603,4036
00210800,WASHINGTON COLLEGE                      ,MD,21620-1197,Private      ,2175,43,2218,2175,43,2218
00210900,MCDANIEL COLLEGE                        ,MD,21157-4390,Private      ,2540,251,2791,2540,251,2791
00465000,CHESAPEAKE COLLEGE                      ,MD,21679-0008,Public       ,528,373,901,528,373,901
00691100,MONTGOMERY COLLEGE                      ,MD,20850-1195,Public       ,4243,3025,7268,4243,3025,7268
00734100,INTERNATIONAL BEAUTY SCHOOL             ,MD,21502-2370,Proprietary  ,8,1,9,8,1,9
00744700,DEL-MAR-VA BEAUTY ACADEMY               ,MD,21804-0000,Proprietary  ,7,12,19,7,12,19
00749100,TESST COLLEGE OF TECHNOLOGY             ,MD,21227-1063,Proprietary  ,76,156,232,76,156,232
00793600,LINCOLN TECHNICAL INSTITUTE             ,MD,21046-1544,Proprietary  ,179,82,261,179,82,261
00794600,KAPLAN COLLEGE                          ,MD,21742-2797,Proprietary  ,130,270,400,130,270,400
00794601,KAPLAN COLLEGE -  CAREER TECHNOLOGY CENT,MD,21742-2797,Proprietary  ,11,8,19,11,8,19
00794602,KAPLAN COLLEGE - FREDERICK              ,MD,21704-8307,Proprietary  ,8,32,40,8,32,40
00817500,HOWARD COMMUNITY COLLEGE                ,MD,21044-3197,Public       ,1233,997,2230,1233,997,2230
00826300,AWARD BEAUTY SCHOOL                     ,MD,21740-5624,Proprietary  ,1,3,4,1,3,4
00830800,CECIL COLLEGE                           ,MD,21901-1999,Public       ,328,244,572,328,244,572
00907906,EVEREST COLLEGE- EVEREST INSTITUTE      ,MD,20910-3737,Proprietary  ,9,30,39,9,30,39
01001400,GARRETT COMMUNITY COLLEGE               ,MD,21541-1265,Public       ,337,82,419,337,82,419
01031900,MEDIX SCHOOL                            ,MD,21204-2538,Proprietary  ,74,249,323,74,249,323
01041000,TESST COLLEGE OF TECHNOLOGY             ,MD,21286-2201,Proprietary  ,34,38,72,34,38,72
01164400,UNIV OF MARYLAND UNIVERSITY COLLEGE     ,MD,20783-8078,Public       ,784,5296,6080,784,5296,6080
01164402,U OF MD UNIVERSITY COLLEGE - EUROPE     ,MD,20832-0000,Public       ,140,466,606,140,466,606
01164404,U OF MD UNIVERSITY COLLEGE - ASIA       ,MD,31207-0000,Public       ,36,219,255,36,219,255
02073900,WOR-WIC COMMUNITY COLLEGE               ,MD,21804-0000,Public       ,615,871,1486,615,871,1486
02083600,TESST COLLEGE OF TECHNOLOGY             ,MD,20705-2698,Proprietary  ,49,44,93,49,44,93
02116005,SANFORD-BROWN INSTITUTE - LANDOVER      ,MD,20785-2287,Proprietary  ,28,186,214,28,186,214
02127900,SOJOURNER DOUGLASS COLLEGE              ,MD,21205-0000,Private      ,60,1046,1106,60,1046,1106
02155100,MARYLAND COLLEGE OF ART AND DESIGN      ,MD,20902-0000,Private      ,64,12,76,64,12,76
02269700,INTERNATIONAL BEAUTY SCHOOL             ,MD,21014-0000,Proprietary  ,4,8,12,4,8,12
02314800,BALTIMORE INTERNATIONAL COLLEGE         ,MD,21202-0000,Private      ,369,198,567,369,198,567
02331000,MARYLAND BEAUTY ACADEMY OF ESSEX        ,MD,21221-0000,Proprietary  ,10,14,24,10,14,24
02333000,HAIR ACADEMY                            ,MD,20784-0000,Proprietary  ,8,11,19,8,11,19
02343800,MONTGOMERY BEAUTY SCHOOL                ,MD,20901-0000,Proprietary  ,6,7,13,6,7,13
02494700,BALTIMORE STUDIO OF HAIR DESIGN         ,MD,21201-0000,Proprietary  ,12,15,27,12,15,27
02495000,ROBERT PAUL ACAD COSMTGY ARTS & SCI     ,MD,21093-0000,Proprietary  ,14,12,26,14,12,26
02495100,MARYLAND BEAUTY ACADEMY                 ,MD,21136-0000,Proprietary  ,2,6,8,2,6,8
02545400,NORTH AMERICAN TRADE SCHOOLS            ,MD,21244-0069,Proprietary  ,9,41,50,9,41,50
02573800,"L' ACADEMIE DE CUISINE, INC.            ",MD,20877-0000,Proprietary  ,13,29,42,13,29,42
02578400,TAI SOPHIA INSTITUTE                    ,MD,20723-6010,Private      ,1,60,61,1,60,61
03027200,BLADES SCHOOL OF HAIR DESIGN            ,MD,20619-0226,Proprietary  ,6,5,11,6,5,11
03064900,AARON'S ACADEMY OF BEAUTY               ,MD,20602-2715,Proprietary  ,3,7,10,3,7,10
03097200,AESTHETICS INSTITUTE OF COSMETOLOGY     ,MD,20877-1305,Proprietary  ,0,1,1,0,1,1
03100700,CARROLL COMMUNITY COLLEGE               ,MD,21157-6913,Public       ,484,303,787,484,303,787
03148300,AMERICAN BEAUTY ACADEMY                 ,MD,20902-1911,Proprietary  ,9,4,13,9,4,13
03296300,BALTIMORE SCHOOL OF MASSAGE             ,MD,21090-2261,Proprietary  ,11,25,36,11,25,36
03327300,NEW CREATIONS ACADEMY OF HAIR DSN       ,MD,20746-2960,Proprietary  ,3,2,5,3,2,5
03493300,ALL-STATE CAREER SCHOOL                 ,MD,21224-6658,Proprietary  ,21,88,109,21,88,109
03771300,AMERICAN CAREER INSTITUTE               ,MD,20902-4637,Proprietary  ,1,11,12,1,11,12
03822400,MAPLE SPRINGS BAPTIST BIBLE COLLEGE & SE,MD,20743-5711,Private      ,0,12,12,0,12,12
03965500,HAIR EXPRESSIONS ACADEMY                ,MD,20852-1729,Proprietary  ,5,4,9,5,4,9
04121600,FILA ACADEMY (THE)                      ,MD,21061-1634,Proprietary  ,13,24,37,13,24,37
        ,MGH INSTITUTE OF HEALTH PROFESSION      ,MA,02129-0000,Private      ,28,673,701,28,673,701
00211400,AMERICAN INTERNATIONAL COLLEGE          ,MA,01109-3189,Private      ,1296,505,1801,1296,505,1801
00211500,AMHERST COLLEGE                         ,MA,01002-5000,Private      ,3974,82,4056,3974,82,4056
00211600,ANDOVER NEWTON THEOLOGICAL SCHOOL       ,MA,02459-0000,Private      ,0,67,67,0,67,67
00211700,ANNA MARIA COLLEGE                      ,MA,01612-1198,Private      ,889,122,1011,889,122,1011
00211800,ASSUMPTION COLLEGE                      ,MA,01615-1294,Private      ,3540,213,3753,3540,213,3753
00211900,ATLANTIC UNION COLLEGE                  ,MA,01561-1000,Private      ,93,63,156,93,63,156
00212000,MERRIMACK COLLEGE                       ,MA,01845-5800,Private      ,3100,76,3176,3100,76,3176
00212100,BABSON COLLEGE                          ,MA,02457-0310,Private      ,1888,288,2176,1888,288,2176
00212200,BAY PATH COLLEGE                        ,MA,01106-2212,Private      ,492,405,897,492,405,897
00212300,BECKER COLLEGE-WORCESTER                ,MA,01615-0071,Private      ,1335,328,1663,1335,328,1663
00212400,BENTLEY UNIVERSITY                      ,MA,02452-4705,Private      ,5005,316,5321,5005,316,5321
00212600,BERKLEE COLLEGE OF MUSIC                ,MA,02215-3693,Private      ,2230,321,2551,2230,321,2551
00212800,BOSTON COLLEGE                          ,MA,02467-3800,Private      ,16149,4956,21105,16149,4956,21105
00212900,BOSTON CONSERVATORY OF MUSIC            ,MA,02215-9830,Private      ,773,164,937,773,164,937
00213000,BOSTON UNIVERSITY                       ,MA,02215-1789,Private      ,24485,9239,33724,24485,9239,33724
00213300,BRANDEIS UNIVERSITY                     ,MA,02453-2700,Private      ,3902,584,4486,3902,584,4486
00213900,CLARK UNIVERSITY                        ,MA,01610-1473,Private      ,3497,245,3742,3497,245,3742
00214000,ELMS COLLEGE                            ,MA,01013-2839,Private      ,727,172,899,727,172,899
00214100,COLLEGE OF THE HOLY CROSS               ,MA,01610-2395,Private      ,4780,49,4829,4780,49,4829
00214300,CURRY COLLEGE                           ,MA,02186-2395,Private      ,2951,323,3274,2951,323,3274
00214400,DEAN COLLEGE                            ,MA,02038-1994,Private      ,1103,45,1148,1103,45,1148
00214500,EASTERN NAZARENE COLLEGE                ,MA,02170-2999,Private      ,459,98,557,459,98,557
00214507,EASTERN NAZARENE CLG - LEAD PROGRAM     ,MA,02170-0000,Private      ,6,26,32,6,26,32
00214600,EMERSON COLLEGE                         ,MA,02116-4624,Private      ,5405,927,6332,5405,927,6332
00214700,EMMANUEL COLLEGE                        ,MA,02115-5798,Private      ,3765,178,3943,3765,178,3943
00214800,ENDICOTT COLLEGE                        ,MA,01915-2098,Private      ,3590,105,3695,3590,105,3695
00214900,EPISCOPAL DIVINITY SCHOOL               ,MA,02138-0000,Private      ,0,20,20,0,20,20
00215000,FISHER COLLEGE                          ,MA,02116-1500,Private      ,687,264,951,687,264,951
00215100,BENJAMIN FRANKLIN INSTITUTE OF TECH     ,MA,02116-6296,Public       ,284,65,349,284,65,349
00215300,GORDON COLLEGE                          ,MA,01984-1899,Private      ,1369,33,1402,1369,33,1402
00215400,HELLENIC COLLEGE                        ,MA,02445-7496,Private      ,18,30,48,18,30,48
00215500,HARVARD UNIVERSITY                      ,MA,02138-3800,Private      ,5412,602,6014,5412,602,6014
00215501,AMRCN REPERTORY THTR INST ADV THTR      ,MA,02138-0000,Private      ,2,91,93,2,91,93
00215502,HARVARD BUSINESS SCHOOL                 ,MA,02163-0000,Private      ,167,919,1086,167,919,1086
00215503,HARVARD EXTENSION SCHOOL                ,MA,02138-0000,Private      ,32,287,319,32,287,319
00215504,HARVARD SCH OF DENTAL MEDICINE          ,MA,02115-0000,Private      ,8,83,91,8,83,91
00215505,HARVARD UNIV GRAD SCH DESIGN            ,MA,02138-0000,Private      ,2,643,645,2,643,645
00215506,HARVARD DIVINITY SCHOOL                 ,MA,02138-0000,Private      ,7,594,601,7,594,601
00215507,HARVARD UNIV GRAD SCH ED                ,MA,02138-0000,Private      ,13,937,950,13,937,950
00215508,HARVARD UNIV GRAD S OF ARTS & SCIEN     ,MA,02138-0000,Private      ,86,661,747,86,661,747
00215509,HARVARD JOHN F KENNEDY SCHL OF GOVT     ,MA,02138-0000,Private      ,12,1063,1075,12,1063,1075
00215510,HARVARD LAW SCHOOL                      ,MA,02138-0000,Private      ,54,3008,3062,54,3008,3062
00215511,HARVARD UNIV MEDICAL SCHOOL             ,MA,02115-0000,Private      ,71,731,802,71,731,802
00215512,HARVARD UNIV SCH PUBLIC HEALTH          ,MA,02115-0000,Private      ,32,553,585,32,553,585
00215513,HARVARD UNIVERSITY-HARVARD COLLEGE      ,MA,02138-0000,Private      ,11727,218,11945,11727,218,11945
00215700,HEBREW COLLEGE                          ,MA,02459-2237,Private      ,0,18,18,0,18,18
00215800,LASELL COLLEGE                          ,MA,02466-2716,Private      ,1902,51,1953,1902,51,1953
00216000,LESLEY UNIVERSITY                       ,MA,02138-2790,Private      ,1748,1514,3262,1748,1514,3262
00216100,UMASS LOWELL                            ,MA,01854-3089,Public       ,5903,1327,7230,5903,1327,7230
00216400,NEW ENGLAND COLLEGE OF OPTOMETRY        ,MA,02115-1129,Private      ,4,282,286,4,282,286
00216500,MASS. COLLEGE OF PHARMACY  & HEALTH SCIE,MA,02115-5804,Private      ,3286,1487,4773,3286,1487,4773
00216700,BERKSHIRE COMMUNITY COLLEGE             ,MA,01201-5786,Public       ,236,191,427,236,191,427
00216800,CAPE COD COMMUNITY COLLEGE              ,MA,02668-1599,Public       ,503,358,861,503,358,861
00216900,GREENFIELD COMMUNITY COLLEGE            ,MA,01301-9739,Public       ,205,273,478,205,273,478
00217000,HOLYOKE COMMUNITY COLLEGE               ,MA,01040-1099,Public       ,996,870,1866,996,870,1866
00217100,MASSACHUSETTS BAY COMMUNITY COLLEGE     ,MA,02181-0000,Public       ,646,479,1125,646,479,1125
00217200,MOUNT WACHUSETT COMMUNITY COLLEGE       ,MA,01440-1000,Public       ,567,754,1321,567,754,1321
00217300,NORTH SHORE COMMUNITY COLLEGE           ,MA,01923-4093,Public       ,753,693,1446,753,693,1446
00217400,NORTHERN ESSEX COMMUNITY COLLEGE        ,MA,01830-2399,Public       ,563,558,1121,563,558,1121
00217500,QUINSIGAMOND COMMUNITY COLLEGE          ,MA,01606-2092,Public       ,1045,970,2015,1045,970,2015
00217600,BRISTOL COMMUNITY COLLEGE               ,MA,02720-7399,Public       ,1077,916,1993,1077,916,1993
00217700,MASSASOIT COMMUNITY COLLEGE             ,MA,02302-3996,Public       ,1013,760,1773,1013,760,1773
00217800,MASSACHUSETTS INST OF TECHNOLOGY        ,MA,02139-4307,Private      ,7898,1496,9394,7898,1496,9394
00218000,MASSACHUSETTS COLLEGE OF ART AND DESIGN ,MA,02115-5803,Public       ,1660,447,2107,1660,447,2107
00218100,MASSACHUSETTS MARITIME ACADEMY          ,MA,02532-3400,Public       ,684,36,720,684,36,720
00218300,BRIDGEWATER STATE COLLEGE               ,MA,02325-0001,Public       ,7535,1145,8680,7535,1145,8680
00218400,FITCHBURG STATE COLLEGE                 ,MA,01420-2697,Public       ,3899,604,4503,3899,604,4503
00218500,FRAMINGHAM STATE COLLEGE                ,MA,01702-2471,Public       ,3739,406,4145,3739,406,4145
00218700,MASSACHUSETTS CLG OF LIBERAL ARTS       ,MA,01247-4100,Public       ,1175,164,1339,1175,164,1339
00218800,SALEM STATE COLLEGE                     ,MA,01970-5353,Public       ,5605,1048,6653,5605,1048,6653
00218900,WESTFIELD STATE COLLEGE                 ,MA,01086-1630,Public       ,5102,429,5531,5102,429,5531
00219000,WORCESTER STATE COLLEGE                 ,MA,01602-2597,Public       ,3699,764,4463,3699,764,4463
00219200,MOUNT HOLYOKE COLLEGE                   ,MA,01075-1492,Private      ,1809,163,1972,1809,163,1972
00219300,MOUNT IDA COLLEGE                       ,MA,02459-3323,Private      ,1606,142,1748,1606,142,1748
00219400,NEW ENGLAND CONSERVATORY OF MUSIC       ,MA,02115-5018,Private      ,581,382,963,581,382,963
00219700,NICHOLS COLLEGE                         ,MA,01571-6346,Private      ,1580,100,1680,1580,100,1680
00219900,NORTHEASTERN UNIVERSITY                 ,MA,02115-5000,Private      ,26793,4856,31649,26793,4856,31649
00220100,PINE MANOR COLLEGE                      ,MA,02167-0000,Private      ,393,69,462,393,69,462
00220500,QUINCY COLLEGE                          ,MA,02169-4501,Public       ,367,571,938,367,571,938
00220600,REGIS COLLEGE                           ,MA,02193-0000,Private      ,1269,223,1492,1269,223,1492
00220800,SIMMONS COLLEGE                         ,MA,02115-5898,Private      ,2609,1719,4328,2609,1719,4328
00220900,SMITH COLLEGE                           ,MA,01063-2936,Private      ,2956,751,3707,2956,751,3707
00221000,UNIV OF MASSACHUSETTS-DARTMOUTH         ,MA,02747-2300,Public       ,8107,1019,9126,8107,1019,9126
00221100,SPRINGFIELD COLLEGE                     ,MA,01109-3797,Private      ,2802,1241,4043,2802,1241,4043
00221400,ST JOHN'S SEMINARY                      ,MA,02135-8839,Private      ,1,3,4,1,3,4
00221700,STONEHILL COLLEGE                       ,MA,02357-6110,Private      ,5475,61,5536,5475,61,5536
00221800,SUFFOLK UNIVERSITY                      ,MA,02108-2770,Private      ,7710,1216,8926,7710,1216,8926
00221802,SUFFOLK UNIVERSITY LAW SCHOOL           ,MA,02108-0000,Private      ,116,2366,2482,116,2366,2482
00221900,TUFTS UNIVERSITY                        ,MA,02155-5808,Private      ,8094,1537,9631,8094,1537,9631
00221901,TUFTS UNIV SCH OF DENTAL MEDICINE       ,MA,02111-0000,Private      ,9,496,505,9,496,505
00221902,TUFTS UNIVERSITY - CUMMINGS SCHOOL OF VE,MA,01536-0000,Private      ,26,314,340,26,314,340
00221904,TUFTS UNIV SCHOOL OF MEDICINE           ,MA,02111-0000,Private      ,28,1225,1253,28,1225,1253
00222100,UNIV OF MASSACHUSETTS-AMHERST           ,MA,01003-0000,Public       ,24883,2940,27823,24883,2940,27823
00222200,UNIV OF MASSACHUSETTS-BOSTON            ,MA,02125-3393,Public       ,5289,3001,8290,5289,3001,8290
00222400,WELLESLEY COLLEGE                       ,MA,02481-8203,Private      ,2517,96,2613,2517,96,2613
00222500,WENTWORTH INSTITUTE OF TECHNOLOGY       ,MA,02115-5998,Private      ,2999,201,3200,2999,201,3200
00222600,WESTERN NEW ENGLAND COLLEGE             ,MA,01119-2654,Private      ,3977,925,4902,3977,925,4902
00222700,WHEATON COLLEGE                         ,MA,02766-2322,Private      ,2281,18,2299,2281,18,2299
00222800,WHEELOCK COLLEGE                        ,MA,02215-4176,Private      ,1051,262,1313,1051,262,1313
00222900,WILLIAMS COLLEGE                        ,MA,01267-2600,Private      ,3317,60,3377,3317,60,3377
00223300,WORCESTER POLYTECHNIC INSTITUTE         ,MA,01609-2280,Private      ,4251,160,4411,4251,160,4411
00396500,BAY STATE COLLEGE                       ,MA,02116-2901,Proprietary  ,770,173,943,770,173,943
00396600,BOSTON ARCHITECTURAL COLLEGE            ,MA,02115-2795,Private      ,272,276,548,272,276,548
00466100,HAMPSHIRE COLLEGE                       ,MA,01002-3359,Private      ,1810,46,1856,1810,46,1856
00466600,SALTER COLLEGE                          ,MA,01583-1700,Proprietary  ,21,138,159,21,138,159
00466700,SCHOOL OF MUSEUM OF FINE ARTS           ,MA,02115-5534,Private      ,683,194,877,683,194,877
00466900,UPPER CAPE COD REGIONAL VOC TECH        ,MA,02532-3310,Public       ,4,24,28,4,24,28
00527900,GREATER LOWELL REGNL VOC TECH SCH       ,MA,01879-0000,Public       ,7,14,21,7,14,21
00551900,DIMAN REGIONAL VOC TECH INST            ,MA,02723-3519,Public       ,7,15,22,7,15,22
00552300,BLUE HILLS REGIONAL VOC TECH            ,MA,02021-1398,Public       ,13,33,46,13,33,46
00555700,MCCANN TECHNICAL SCHOOL                 ,MA,01247-0000,Public       ,4,9,13,4,9,13
00613600,NATIONAL AVIATION ACADEMY - NEW ENGLAND ,MA,01730-2620,Proprietary  ,26,25,51,26,25,51
00632200,BROCKTON HOSPITAL SCH OF NURSING        ,MA,02302-0000,Private      ,87,219,306,87,219,306
00632400,LABOURE COLLEGE                         ,MA,02124-5698,Private      ,69,234,303,69,234,303
00633100,LAWRENCE MEM HOSPITAL SCH OF NRSNG      ,MA,02155-1643,Private      ,22,116,138,22,116,138
00687300,MARIAN COURT COLLEGE                    ,MA,01907-2896,Private      ,74,29,103,74,29,103
00748100,GIBBS COLLEGE                           ,MA,02116-2904,Proprietary  ,40,92,132,40,92,132
00748400,NEWBURY COLLEGE                         ,MA,02445-5796,Private      ,1129,93,1222,1129,93,1222
00748600,THE NEW ENGLAND INSTITUTE OF ART        ,MA,02445-7295,Proprietary  ,1104,266,1370,1104,266,1370
00748800,KAPLAN CAREER INSTITUTE                 ,MA,02129-1644,Proprietary  ,24,93,117,24,93,117
00807800,SPRINGFIELD TECHNICAL COMMUNITY CLG     ,MA,01105-0000,Public       ,720,990,1710,720,990,1710
00809002,EVEREST COLLEGE - EVEREST INSTITUTE     ,MA,02150-2333,Proprietary  ,6,9,15,6,9,15
00891600,NEW ENGLAND SCHOOL OF LAW               ,MA,02116-0000,Private      ,8,1650,1658,8,1650,1658
00964500,BARD COLLEGE AT SIMON'S ROCK            ,MA,01230-9702,Private      ,206,3,209,206,3,209
00974700,GORDON-CONWELL THEOLOGICAL SEMINARY     ,MA,01982-0000,Private      ,4,250,254,4,250,254
00975600,UNIVERSITY OF MASS MEDICAL CENTER       ,MA,01655-0000,Public       ,16,308,324,16,308,324
00987700,HENRI'S SCHOOL OF HAIR DESIGN           ,MA,01420-5675,Proprietary  ,1,3,4,1,3,4
00989900,LOWELL ACADEMY HAIRSTYLING INST         ,MA,01852-1909,Proprietary  ,2,4,6,2,4,6
00993600,MIDDLESEX COMMUNITY COLLEGE             ,MA,01730-1197,Public       ,385,191,576,385,191,576
00993602,"MIDDLESEX COMMUNITY COLLEGE, LOWELL     ",MA,01852-0000,Public       ,598,305,903,598,305,903
01121000,BUNKER HILL COMMUNITY COLLEGE           ,MA,02129-2991,Public       ,1162,1337,2499,1162,1337,2499
01151000,EVEREST INSTITUTE                       ,MA,02135-7638,Proprietary  ,5,9,14,5,9,14
01193000,ROXBURY COMMUNITY COLLEGE               ,MA,02120-3400,Public       ,264,516,780,264,516,780
01204200,MANSFIELD BEAUTY SCHOOLS                ,MA,02169-5061,Proprietary  ,3,12,15,3,12,15
01206800,MANSFIELD BEAUTY SCHOOL                 ,MA,01103-1410,Proprietary  ,1,3,4,1,3,4
01238600,SOUTHEASTERN TECHNICAL INSTITUTE        ,MA,02375-1780,Public       ,16,43,59,16,43,59
01288100,MONTACHUSETT REG VOC TECH SCH           ,MA,01420-4649,Public       ,4,16,20,4,16,20
01292100,"BLAINE, THE BEAUTY CAREER SCHOOLS       ",MA,02215-0000,Proprietary  ,24,39,63,24,39,63
01294800,ROB ROY ACADEMY                         ,MA,02721-5330,Proprietary  ,0,2,2,0,2,2
02063000,MONTSERRAT COLLEGE OF ART               ,MA,01915-0000,Private      ,401,26,427,401,26,427
02063800,BUTERA SCHOOL OF ART                    ,MA,02116-0000,Proprietary  ,27,4,31,27,4,31
02076700,"BLAINE, THE BEAUTY CAREER SCHOOL        ",MA,02148-0000,Proprietary  ,12,16,28,12,16,28
02079400,BLAINE THE BEAUTY CAREER SCHOOL         ,MA,02453-0000,Proprietary  ,12,15,27,12,15,27
02092100,MASSACHUSETTS SCHOOL OF BARBERING       ,MA,02169-0000,Proprietary  ,3,8,11,3,8,11
02092200,BLAINE THE BEAUTY CAREER SCHOOLS        ,MA,01852-0000,Proprietary  ,4,20,24,4,20,24
02122000,NEW ENGLAND HAIR ACADEMY                ,MA,02148-0000,Proprietary  ,6,7,13,6,7,13
02137000,ROB ROY ACADEMY                         ,MA,02780-0000,Proprietary  ,4,1,5,4,1,5
02137200,MASS GEN HOSP DIETETIC INTERNSHIP       ,MA,02114-0000,Private      ,0,3,3,0,3,3
02143000,LONGY SCHOOL OF MUSIC                   ,MA,02138-3599,Private      ,23,84,107,23,84,107
02161300,WESTON JESUIT SCHOOL OF THEOLOGY        ,MA,02138-0000,Private      ,0,17,17,0,17,17
02163500,NEW ENGLAND SCHOOL OF PHOTOGRAPHY       ,MA,02215-0000,Proprietary  ,49,44,93,49,44,93
02163600,MASS SCH OF PROFESSIONAL PSYCHOLOGY     ,MA,02132-0000,Private      ,2,371,373,2,371,373
02169900,ASSABET VALLEY REGIONAL VOC SCHOOL      ,MA,01752-0000,Public       ,4,26,30,4,26,30
02181600,ROB ROY ACADEMY                         ,MA,01609-0000,Proprietary  ,5,3,8,5,3,8
02182900,CAMBRIDGE COLLEGE                       ,MA,02138-5304,Private      ,59,748,807,59,748,807
02197900,NORTH BENNET STREET SCHOOL              ,MA,02113-0000,Private      ,12,24,36,12,24,36
02215100,HALLMARK INSTITUTE OF PHOTOGRAPHY       ,MA,01376-0000,Proprietary  ,98,72,170,98,72,170
02219501,MILDRED ELLEY                           ,MA,01201-0000,Proprietary  ,0,4,4,0,4,4
02220400,CATHERINE HINDS INST OF ESTHETICS       ,MA,01801-0000,Proprietary  ,6,12,18,6,12,18
02237100,JOSEPH P KEEFE TECHNICAL SCHOOL         ,MA,01701-5698,Public       ,2,0,2,2,0,2
02274300,CONWAY SCHOOL OF LANDSCAPE DESIGN       ,MA,01341-0179,Private      ,0,8,8,0,8,8
02325700,LABARON HAIRDRESSING ACADEMY            ,MA,02740-0000,Proprietary  ,1,5,6,1,5,6
02325800,LABARON HAIRDRESSING ACAD-BROCKTON      ,MA,02301-0000,Proprietary  ,1,5,6,1,5,6
02337400,BANCROFT SCHOOL OF MASSAGE THERAPY      ,MA,01604-4614,Proprietary  ,5,10,15,5,10,15
02338200,BAY STATE SCHOOL OF TECHNOLOGY          ,MA,02021-0000,Proprietary  ,9,10,19,9,10,19
02491700,CORTIVA INSTITUTE -  BOSTON             ,MA,02472-2577,Proprietary  ,7,7,14,7,7,14
02523900,ELIZABETH GRADY SCHOOL OF ESTHETICS     ,MA,02155-0000,Proprietary  ,10,10,20,10,10,20
02579800,NEW ENGLAND SCHOOL OF ACUPUNCTURE       ,MA,02458-0000,Private      ,0,35,35,0,35,35
03066700,AILANO SCHOOL OF COSMETOLOGY            ,MA,02303-4740,Proprietary  ,3,6,9,3,6,9
03104000,SHAWSHEEN ADULT TECHNICAL INSTITUTE     ,MA,01821-5499,Public       ,2,6,8,2,6,8
03120800,KAY HARVEY HAIRDRESSING ACADEMY         ,MA,01089-2701,Proprietary  ,1,5,6,1,5,6
03127700,SOUTHERN NEW ENGLAND SCHOOL OF LAW      ,MA,02747-1252,Private      ,2,126,128,2,126,128
03130500,URBAN COLLEGE OF BOSTON                 ,MA,02111-1093,Private      ,10,163,173,10,163,173
03194300,BOSTON GRAD SCH OF PSYCHOANALYSIS       ,MA,02446-4602,Private      ,1,14,15,1,14,15
03196300,LINCOLN TECHNICAL INSTITUTE             ,MA,02145-1102,Proprietary  ,66,107,173,66,107,173
03196302,LINCOLN TECHNICAL INSTITUTE             ,MA,01852-5119,Proprietary  ,30,62,92,30,62,92
03232302,LINCOLN TECHNICAL INSTITUTE             ,MA,02401-1818,Proprietary  ,16,34,50,16,34,50
03235300,MASSACHUSETTS SCHOOL OF LAW             ,MA,01810-1094,Private      ,2,150,152,2,150,152
03240300,HAIR IN MOTION BEAUTY ACADEMY           ,MA,01604-2213,Proprietary  ,1,1,2,1,1,2
03248300,BOSTON BAPTIST COLLEGE                  ,MA,02136-4000,Private      ,29,13,42,29,13,42
03316400,FUNERAL INSTITUTE OF THE NORTHEAST      ,MA,02062-4766,Proprietary  ,4,20,24,4,20,24
03504300,NATL GRAD SCH OF QUALITY SYSTM MGMT     ,MA,02540-0000,Private      ,0,2,2,0,2,2
03763300,MEDICAL PROFESSIONAL INSTITUTE          ,MA,02148-8143,Proprietary  ,4,23,27,4,23,27
03859300,E.I.N.E.                                ,MA,01876-4709,Proprietary  ,1,1,2,1,1,2
03946300,FRANKLIN W. OLIN COLLEGE OF ENGINEERING ,MA,02492-1200,Private      ,369,3,372,369,3,372
04039300,SULLIVAN AND COGLIANO TRAINING CENTER   ,MA,02301-1822,Proprietary  ,0,4,4,0,4,4
04116900,DIGRIGOLI SCHOOL OF COSMETOLOGY         ,MA,01089-4623,Proprietary  ,2,4,6,2,4,6
04128000,MILLENNIUM TRAINING INSTITUTE           ,MA,01801-6386,Proprietary  ,0,3,3,0,3,3
04128900,CENTRAL MASS SCHOOL OF MASSAGE AND THERA,MA,01562-1712,Proprietary  ,2,0,2,2,0,2
00324204,CARNEGIE MELLON UNIVERSITY - QATAR      ,FC,00000-0000,Private      ,2,1,3,2,1,3
00401000,INSTITUT INTERNAT'L D'ETUDES FRANCA     ,FC,00000-0000,Public       ,0,1,1,0,1,1
00401200,HEBREW UNIVERSITY OF JERUSALEM (THE)    ,FC,00000-0000,Public       ,33,52,85,33,52,85
00403000,UNIVERSITY OF CAMBRIDGE                 ,FC,00000-0000,Public       ,1,26,27,1,26,27
00503400,AMERICAN UNIVERSITY OF CAIRO            ,FC,00000-0000,Private      ,34,77,111,34,77,111
00667100,KATHOLIEKE UNIVERSITEIT LEUVEN          ,FC,00000-0000,Private      ,1,13,14,1,13,14
00669000,UNIVERSITY OF COPENHAGEN                ,FC,00000-0000,Public       ,1,3,4,1,3,4
00669100,UNIVERSITY OF CAMBRIDGE - PEMBROKE      ,FC,00000-0000,Public       ,0,9,9,0,9,9
00669200,UNIVERSITY OF LEEDS                     ,FC,00000-0000,Public       ,7,34,41,7,34,41
00669300,UNIV OF LONDON-LONDON SCHOOL ECON       ,FC,00000-0000,Public       ,8,189,197,8,189,197
00669400,SCH OF ORIENTAL & AFRICAN STUDIES       ,FC,00000-0000,Public       ,2,56,58,2,56,58
00669500,UNIV OF LONDON-UNIVERSITY COLLEGE       ,FC,00000-0000,Public       ,8,118,126,8,118,126
00669600,UNIV OF LONDON-SCH ADVANCED STUDY       ,FC,00000-0000,Public       ,0,13,13,0,13,13
00669700,"QUEEN MARY, UNIVERSITY OF LONDON        ",FC,00000-0000,Public       ,13,46,59,13,46,59
00669900,UNIVERSITY OF SUSSEX                    ,FC,00000-0000,Public       ,6,30,36,6,30,36
00670000,"UNIVERSITY OF YORK, THE                 ",FC,00000-0000,Public       ,7,40,47,7,40,47
00670400,UNIVERSITY COLLEGE CORK                 ,FC,00000-0000,Public       ,5,25,30,5,25,30
00671300,UPPSALA UNIVERSITY                      ,FC,00000-0000,Public       ,0,8,8,0,8,8
00671500,UNIVERSITY OF GENEVA                    ,FC,00000-0000,Public       ,3,21,24,3,21,24
00683900,UNIVERSITY OF EDINBURGH                 ,FC,00000-0000,Public       ,67,213,280,67,213,280
00684200,UNIVERSITY OF DUBLIN TRINITY COLLEG     ,FC,00000-0000,Public       ,26,55,81,26,55,81
00685000,UNIVERSITY OF CAMBRIDGE - DOWNING C     ,FC,00000-0000,Public       ,0,3,3,0,3,3
00685100,INTERNATIONAL CHRISTIAN UNIVERSITY      ,FC,00000-0000,Private      ,10,7,17,10,7,17
00763200,UNIVERSITY OF BRISTOL                   ,FC,00000-0000,Public       ,8,29,37,8,29,37
00768100,COLLEGE OF EUROPE                       ,FC,00000-0000,Private      ,0,2,2,0,2,2
00770500,ROYAL COLLEGE OF SURGEONS IN IRELAN     ,FC,00000-0000,Private      ,2,9,11,2,9,11
00788100,AMERICAN UNIVERSITY OF PARIS            ,FC,00000-0000,Private      ,172,80,252,172,80,252
00837100,AMERICAN UNIVERSITY OF BEIRUT           ,FC,00000-0000,Private      ,33,37,70,33,37,70
00837300,TEL-AVIV UNIVERSITY                     ,FC,00000-0000,Public       ,7,14,21,7,14,21
00837700,UNIVERSITEIT VAN AMSTERDAM(UNIVERSI     ,FC,00000-0000,Public       ,5,53,58,5,53,58
00838000,UNIVERSITY OF WARWICK                   ,FC,00000-0000,Public       ,7,28,35,7,28,35
00838300,UNIVERSITY OF GLASGOW                   ,FC,00000-0000,Public       ,10,123,133,10,123,133
00838600,UNIVERSITY OF HELSINKI                  ,FC,00000-0000,Public       ,2,5,7,2,5,7
00839300,UNIVERSITY OF OSLO                      ,FC,00000-0000,Public       ,2,7,9,2,7,9
00839400,UNIVERSITY OF OXFORD                    ,FC,00000-0000,Public       ,10,68,78,10,68,78
00839800,UNIVERSITY OF SHEFFIELD (THE)           ,FC,00000-0000,Public       ,7,34,41,7,34,41
00839900,UNIVERSITY OF SOUTHAMPTON               ,FC,00000-0000,Public       ,1,10,11,1,10,11
00845000,KASTURBA MEDICAL COLLEGE (A CONSTITENT I,FC,00000-0000,Private      ,15,27,42,15,27,42
00845200,ABERYSTWYTH UNIVERSITY                  ,FC,00000-0000,Public       ,3,10,13,3,10,13
00846000,UNIVERSITY OF NEWCASTLE UPON TYNE       ,FC,00000-0000,Public       ,6,26,32,6,26,32
00846100,UNIVERSITY OF SAINT ANDREWS             ,FC,00000-0000,Public       ,68,47,115,68,47,115
00846200,UNIVERSIDAD DE SALAMANCA                ,FC,00000-0000,Public       ,1,14,15,1,14,15
00850500,UNIVERSITY OF MELBOURNE                 ,FC,00000-0000,Public       ,5,48,53,5,48,53
00858600,SWANSEA UNIVERSITY                      ,FC,00000-0000,Public       ,6,14,20,6,14,20
00858700,UNIVERSITY OF DURHAM                    ,FC,00000-0000,Public       ,4,39,43,4,39,43
00866500,UNIVERSITY OF KENT AT CANTERBURY (THE)  ,FC,00000-0000,Public       ,6,57,63,6,57,63
00866600,UNIVERSITY OF HONG KONG                 ,FC,00000-0000,Public       ,8,22,30,8,22,30
00867000,UNIVERSITY OF NEW SOUTH WALES           ,FC,00000-0000,Public       ,6,28,34,6,28,34
00868700,UNIVERSITY OF ESSEX                     ,FC,00000-0000,Public       ,1,20,21,1,20,21
00869200,LEIDEN UNIVERSITY                       ,FC,00000-0000,Public       ,0,8,8,0,8,8
00869300,CITY UNIVERSITY                         ,FC,00000-0000,Public       ,2,43,45,2,43,45
00890800,THE UNIVERSITY OF BIRMINGHAM            ,FC,00000-0000,Public       ,3,33,36,3,33,36
00891000,UNIVERSITY OF HULL                      ,FC,00000-0000,Public       ,4,3,7,4,3,7
00892000,UNIVERSITY OF NOTTINGHAM                ,FC,00000-0000,Public       ,8,44,52,8,44,52
00900600,UNIVERSITY OF SALFORD (THE)             ,FC,00000-0000,Public       ,0,2,2,0,2,2
00908400,"UNIV OF LONDON, BIRKBECK                ",FC,00000-0000,Public       ,2,20,22,2,20,22
00908500,UNIV OF LONDON KING'S COLLEGE           ,FC,00000-0000,Public       ,12,86,98,12,86,98
00908600,UNIVERSITY OF LONDON - ROYAL HOLLOWAY   ,FC,00000-0000,Public       ,5,18,23,5,18,23
00914300,BAR-ILAN UNIVERSITY                     ,FC,00000-0000,Private      ,2,4,6,2,4,6
00924700,ARCHITECTURAL ASSOC SCH OF ARCHITEC     ,FC,00000-0000,Private      ,4,18,22,4,18,22
00924900,UNIVERSITY OF LIVERPOOL                 ,FC,00000-0000,Public       ,5,26,31,5,26,31
00936800,UNIVERSITY OF ABERDEEN                  ,FC,00000-0000,Public       ,23,51,74,23,51,74
00942300,ROYAL COLLEGE OF ART                    ,FC,00000-0000,Public       ,3,18,21,3,18,21
00942400,ROYAL ACADEMY OF DRAMATIC ART           ,FC,00000-0000,Private      ,9,3,12,9,3,12
00942800,TECHNION-ISRAEL INST OF TECHLGY         ,FC,00000-0000,Public       ,0,14,14,0,14,14
00944200,UNIVERSITY OF EXETER                    ,FC,00000-0000,Public       ,2,39,41,2,39,41
00944400,UNIVERSITY OF LANCASTER                 ,FC,00000-0000,Public       ,1,19,20,1,19,20
00963400,UNIVERSITY OF OXFORD ST CATHERINE'S     ,FC,00000-0000,Public       ,1,4,5,1,4,5
00980800,UNIVERSITY OF STRATHCLYDE               ,FC,00000-0000,Public       ,2,9,11,2,9,11
00981700,UNIVERSITY OF SANTO TOMAS               ,FC,00000-0000,Private      ,2,3,5,2,3,5
00986000,UNIVERSITY OF SURREY                    ,FC,00000-0000,Public       ,1,8,9,1,8,9
00990600,PONTIFICAL NORTH AMERICAN COLLEGE       ,FC,00000-0000,Private      ,1,3,4,1,3,4
00992700,UNIVERSITY OF CAMBRIDGE - FITZWILLI     ,FC,00000-0000,Public       ,1,2,3,1,2,3
01006700,LUND UNIVERSITY                         ,FC,00000-0000,Public       ,1,24,25,1,24,25
01008400,UNIVERSITY OF CAPE TOWN                 ,FC,00000-0000,Private      ,6,18,24,6,18,24
01008700,UNIVERSITY OF OXFORD ST PETER'S COL     ,FC,00000-0000,Public       ,1,3,4,1,3,4
01008800,UNIVERSITY OF OXFORD - CORPUS CHRIS     ,FC,00000-0000,Public       ,0,3,3,0,3,3
01008900,CENTRAL SCHOOL OF SPEECH AND DRAMA      ,FC,00000-0000,Private      ,4,20,24,4,20,24
01009000,UNIVERSITY OF OXFORD - BALLIOL COLL     ,FC,00000-0000,Public       ,1,12,13,1,12,13
01014300,UNIVERSITY OF READING                   ,FC,00000-0000,Public       ,4,16,20,4,16,20
01015700,CARDIFF UNIVERSITY                      ,FC,00000-0000,Public       ,3,20,23,3,20,23
01015900,PONTIFICIA UNIVERSITA GREGORIANA        ,FC,00000-0000,Private      ,0,3,3,0,3,3
01018800,UNIVERSITY COLLEGE DUBLIN               ,FC,00000-0000,Public       ,11,46,57,11,46,57
01019000,UNIVERSITY OF CAMBRIDGE CHURCHILL C     ,FC,00000-0000,Public       ,0,5,5,0,5,5
01022800,UNIVERSITY OF STIRLING                  ,FC,00000-0000,Public       ,6,10,16,6,10,16
01033200,UNIVERSITY OF CAMBRIDGE - CLARE COL     ,FC,00000-0000,Public       ,0,4,4,0,4,4
01045600,UNIVERSITY OF HAIFA                     ,FC,00000-0000,Public       ,6,6,12,6,6,12
01047200,INST EUROPEEN OPEEN D'ADMINISTRATIO     ,FC,00000-0000,Private      ,0,27,27,0,27,27
01049300,CRANFIELD UNIVERSITY                    ,FC,00000-0000,Public       ,0,6,6,0,6,6
01052001,LABAN CENTER FOR MOVEMENT & DANCE       ,FC,00000-0000,Public       ,0,4,4,0,4,4
01052500,UNIVERSITY OF HERTFORDSHIRE             ,FC,00000-0000,Public       ,3,4,7,3,4,7
01057400,LONDON INTRNTL FILM SCHOOL              ,FC,00000-0000,Private      ,4,14,18,4,14,18
01058400,VRIJE UNIVERSITEIT BRUSSELS             ,FC,00000-0000,Private      ,1,1,2,1,1,2
01058600,INSTITUTE OF SOCIAL STUDIES             ,FC,00000-0000,Private      ,0,8,8,0,8,8
01058800,AUSTRALIAN NATIONAL UNIVERSITY          ,FC,00000-0000,Public       ,6,18,24,6,18,24
01058900,BANGOR UNIVERSITY                       ,FC,00000-0000,Public       ,4,11,15,4,11,15
01059400,"RICHMOND, THE AMERICAN INT UNI IN LONDON",FC,00000-0000,Private      ,227,16,243,227,16,243
01059900,INST D'ETUDES POLITIQUES DE PARIS       ,FC,00000-0000,Public       ,7,19,26,7,19,26
01068100,MACQUARIE UNIVERSITY                    ,FC,00000-0000,Public       ,11,42,53,11,42,53
01069200,UNIVERSITY OF QUEENSLAND (THE)          ,FC,00000-0000,Public       ,7,29,36,7,29,36
01070400,SILLIMAN UNIVERSITY                     ,FC,00000-0000,Private      ,2,5,7,2,5,7
01078900,UNIVERSITY OF OXFORD - WORCESTER CO     ,FC,00000-0000,Public       ,0,2,2,0,2,2
01079200,CITY AND GUILDS OF LONDON INSTITUTE     ,FC,00000-0000,Private      ,0,1,1,0,1,1
01079700,"NATIONAL UNIVERSITY OF IRELAND, MAY     ",FC,00000-0000,Public       ,2,4,6,2,4,6
01080300,SEMMELWEIS UNIVERSITY OF BUDAPEST       ,FC,00000-0000,Public       ,1,11,12,1,11,12
01081600,KINGSTON UNIVERSITY                     ,FC,00000-0000,Public       ,14,18,32,14,18,32
01083800,UNIVERSITITY OF BERGEN (UOB)            ,FC,00000-0000,Public       ,0,1,1,0,1,1
01086400,UNIV OF DUNDEE                          ,FC,00000-0000,Public       ,0,10,10,0,10,10
01086600,UNIVERSITY OF OXFORD - MAGDALEN COLLEGE ,FC,00000-0000,Public       ,0,6,6,0,6,6
01086700,UNIVERSITY OF OXFORD ST JOHN'S COLL     ,FC,00000-0000,Public       ,3,2,5,3,2,5
01091400,MONASH UNIVERSITY                       ,FC,00000-0000,Public       ,1,16,17,1,16,17
01091500,UNIV OF EAST ANGLIA                     ,FC,00000-0000,Public       ,2,28,30,2,28,30
01094200,UNIVERSITY OF OXFORD - ST HUGH'S CO     ,FC,00000-0000,Public       ,0,2,2,0,2,2
01097700,UNIVERSIDAD CENTRAL DEL ESTE            ,FC,00000-0000,Private      ,17,362,379,17,362,379
01098000,SOMERVILLE COLLEGE                      ,FC,00000-0000,Public       ,0,1,1,0,1,1
01099900,UNIV OF OXFORD - WADHAM COLLEGE         ,FC,00000-0000,Public       ,1,1,2,1,1,2
01104400,PONTIFICIA UNIVERSITA SAN TOMMASO       ,FC,00000-0000,Private      ,0,3,3,0,3,3
01105300,UNIVERSITY OF OXFORD - ST HILDA'S C     ,FC,00000-0000,Public       ,2,2,4,2,2,4
01105400,UNIVERSITY OF OXFORD - ST ANNE'S CO     ,FC,00000-0000,Public       ,1,2,3,1,2,3
01105500,UNIV OF OXFORD - LADY MARGARET HALL     ,FC,00000-0000,Public       ,1,5,6,1,5,6
01105600,UNIVERSITY OF OXFORD - UNIVERSITY C     ,FC,00000-0000,Public       ,2,8,10,2,8,10
01105700,UNIVERSITY OF OXFORD - TRINITY COLL     ,FC,00000-0000,Public       ,0,9,9,0,9,9
01105800,UNIVERSITY OF OXFORD-ST EDMUND HALL     ,FC,00000-0000,Public       ,1,5,6,1,5,6
01105900,UNIVERSITY OF OXFORD ST ANTONY'S CO     ,FC,00000-0000,Public       ,0,9,9,0,9,9
01106000,UNIVERSITY OF OXFORD - QUEEN'S COLL     ,FC,00000-0000,Public       ,0,1,1,0,1,1
01106100,UNIVERSITY OF OXFORD - PEMBROKE COL     ,FC,00000-0000,Public       ,0,2,2,0,2,2
01106200,UNIVERSITY OF OXFORD - ORIEL COLLEG     ,FC,00000-0000,Public       ,0,1,1,0,1,1
01106300,UNIVERSITY OF OXFORD - NUFFIELD COL     ,FC,00000-0000,Public       ,0,6,6,0,6,6
01106400,UNIVERSITY OF OXFORD - NEW COLLEGE      ,FC,00000-0000,Public       ,1,4,5,1,4,5
01106500,UNIVERSITY OF OXFORD MERTON COLLEGE     ,FC,00000-0000,Public       ,1,3,4,1,3,4
01106600,UNIVERSITY OF OXFORD - LINCOLN COLL     ,FC,00000-0000,Public       ,1,3,4,1,3,4
01106700,UNIVERSITY OF OXFORD - KEBLE COLLEG     ,FC,00000-0000,Public       ,0,4,4,0,4,4
01106800,UNIVERSITY OF OXFORD - JESUS COLLEG     ,FC,00000-0000,Public       ,1,2,3,1,2,3
01106900,UNIVERSITY OF OXFORD - HERTFORD COL     ,FC,00000-0000,Public       ,0,4,4,0,4,4
01107000,UNIVERSITY OF OXFORD EXETER COLLEGE     ,FC,00000-0000,Public       ,1,12,13,1,12,13
01107100,UNIV OF OXFORD - CHRIST CHURCH          ,FC,00000-0000,Public       ,1,8,9,1,8,9
01107200,UNIVERSITY OF OXFORD - BRASENOSE CO     ,FC,00000-0000,Public       ,0,2,2,0,2,2
01109100,FLINDERS UNIVERSITY OF S AUSTRALIA      ,FC,00000-0000,Public       ,4,8,12,4,8,12
01109400,UNIVERSITY OF WESTERN AUSTRALIA (THE)   ,FC,00000-0000,Public       ,1,8,9,1,8,9
01156700,"IMPERIAL COLLEGE OF SCIENCE, TECHNOLOGY ",FC,00000-0000,Public       ,1,17,18,1,17,18
01167900,UNIVERSITY OF BATH                      ,FC,00000-0000,Public       ,2,8,10,2,8,10
01168300,FRANKLIN COLLEGE  SWITZERLAND           ,FC,00000-0000,Private      ,309,7,316,309,7,316
01175800,UNIV OF CAMBRIDGE - PETERHOUSE          ,FC,00000-0000,Public       ,0,1,1,0,1,1
01176400,ROYAL ACADEMY OF MUSIC                  ,FC,00000-0000,Public       ,4,8,12,4,8,12
01176500,GOLDSMITHS' COLLEGE-UNIV OF LONDON      ,FC,00000-0000,Public       ,11,53,64,11,53,64
01176600,UNIV OF LONDON - INST OF EDUC           ,FC,00000-0000,Public       ,0,9,9,0,9,9
01177900,STOCKHOLM SCHOOL OF ECONOMICS           ,FC,00000-0000,Private      ,0,3,3,0,3,3
01178000,BRUNEL UNIVERSITY                       ,FC,00000-0000,Public       ,0,4,4,0,4,4
01178400,UNIVERSITY OF WARSAW                    ,FC,00000-0000,Public       ,2,3,5,2,3,5
01207500,UNIVERSITY CAMBRIDGE - TRINITY COLL     ,FC,00000-0000,Public       ,0,11,11,0,11,11
01207800,VICTORIA UNIV OF WELLINGTON             ,FC,00000-0000,Public       ,9,15,24,9,15,24
01210100,UNIVERSITY OF CAMBRIDGE - GIRTON CO     ,FC,00000-0000,Public       ,1,2,3,1,2,3
01213600,VICTORIA UNIV OF MANCHESTER (THE)       ,FC,00000-0000,Public       ,12,30,42,12,30,42
01219800,UNIVERSITY OF BRADFORD                  ,FC,00000-0000,Public       ,2,15,17,2,15,17
01220100,UNIVERSITY OF OXFORD - REGENT'S PAR     ,FC,00000-0000,Public       ,1,0,1,1,0,1
01220600,JAMES COOK UNIVERSITY                   ,FC,00000-0000,Public       ,10,22,32,10,22,32
01221300,PONTIFICIA BOLIVARIANA UNIVERSITY       ,FC,00000-0000,Private      ,2,1,3,2,1,3
01221500,BIRMINGHAM CITY UNIVERSITY              ,FC,00000-0000,Public       ,1,3,4,1,3,4
01222300,JAGIELLONIAN UNIVERSITY COLLEGIUM M     ,FC,00000-0000,Public       ,1,16,17,1,16,17
01222500,UNIVERSITY OF SZEGED FACULTY OF MEDICINE,FC,00000-0000,Public       ,0,1,1,0,1,1
01223400,KOREA UNIVERSITY                        ,FC,00000-0000,Private      ,2,5,7,2,5,7
01225800,ASTON UNIVERSITY                        ,FC,00000-0000,Public       ,1,3,4,1,3,4
01227500,UNIVERSITY OF OXFORD - WOLFSON COLL     ,FC,00000-0000,Public       ,0,4,4,0,4,4
01230200,GONVILLE & CAIUS COLLEGE                ,FC,00000-0000,Public       ,0,2,2,0,2,2
01233300,UNIV OF THE ARTS LONDON- CAMBERWELL COLL,FC,00000-0000,Public       ,4,8,12,4,8,12
01233500,ROYAL COLLEGE OF MUSIC                  ,FC,00000-0000,Public       ,1,7,8,1,7,8
01233700,WROCLAW UNIVERSITY OF MEDICINE          ,FC,00000-0000,Public       ,1,1,2,1,1,2
01234100,UNIVERSITY OF WALES - ST DAVID'S UN     ,FC,00000-0000,Public       ,1,16,17,1,16,17
01242100,UNIV OF AUCKLAND                        ,FC,00000-0000,Public       ,14,30,44,14,30,44
01253900,UNIVERSITY OF THE ARTS LONDON IDO - CENT,FC,00000-0000,Public       ,28,22,50,28,22,50
01254000,UNIVERSIDAD DE NAVARRA                  ,FC,00000-0000,Private      ,5,7,12,5,7,12
01276500,UNIVERSITY OF OXFORD - LINACRE COLL     ,FC,00000-0000,Public       ,0,6,6,0,6,6
01276600,"NATIONAL UNIVERSITY IRELAND, GALWAY     ",FC,00000-0000,Public       ,9,36,45,9,36,45
01280200,PONTIFICIA UNIV CATOLICA MAD Y MAES     ,FC,00000-0000,Private      ,4,13,17,4,13,17
01281100,INST TECNOLOGICO DE SANTO DOMINGO       ,FC,00000-0000,Private      ,4,17,21,4,17,21
01283900,UNIVERSITY OF CAMBRIDGE - SAINT JOH     ,FC,00000-0000,Public       ,0,2,2,0,2,2
01286200,MOUNTVIEW ACADEMY OF THEATRE ARTS       ,FC,00000-0000,Private      ,2,3,5,2,3,5
01297800,UNIVERSITY OF HUDDERSFIELD (THE)        ,FC,00000-0000,Public       ,1,1,2,1,1,2
01315300,MASSEY UNIVERSITY                       ,FC,00000-0000,Public       ,4,35,39,4,35,39
01322500,COLLEGE OF LAW                          ,FC,00000-0000,Private      ,0,4,4,0,4,4
02052400,DARWIN COLLEGE                          ,FC,00000-0000,Public       ,0,10,10,0,10,10
02082400,UNIVERSITY OF CAMBRIDGE - QUEEN'S C     ,FC,00000-0000,Public       ,0,6,6,0,6,6
02083400,UNIVERSITY OF CAMBRIDGE - WOLFSON C     ,FC,00000-0000,Public       ,0,4,4,0,4,4
02087900,OXFORD BROOKES UNIVERSITY               ,FC,00000-0000,Public       ,2,18,20,2,18,20
02094100,BEN-GURION UNIV                         ,FC,00000-0000,Public       ,1,84,85,1,84,85
02094400,UNIV OF CAMBRIDGE - ST EDMUND'S HOU     ,FC,00000-0000,Public       ,1,2,3,1,2,3
02095500,LONDON BUS SCHOOL                       ,FC,00000-0000,Private      ,0,64,64,0,64,64
02098700,FATIMA COLLEGE OF MEDICINE              ,FC,00000-0000,Private      ,5,19,24,5,19,24
02101900,ROEHAMPTON UNIVERSITY                   ,FC,00000-0000,Public       ,9,27,36,9,27,36
02108600,LONDON ACADEMY OF MUSIC & DRAMATIC      ,FC,00000-0000,Private      ,6,2,8,6,2,8
02115900,UNIVERSITY OF PORTSMOUTH                ,FC,00000-0000,Public       ,4,2,6,4,2,6
02116700,UNIVERSITY OF CAMBRIDGE - LUCY CAVE     ,FC,00000-0000,Public       ,0,2,2,0,2,2
02120000,UNIV OF LONDON - COURTALD INST OF A     ,FC,00000-0000,Public       ,0,8,8,0,8,8
02133400,UNIVERSITY OF CAMBRIDGE - SIDNEY SU     ,FC,00000-0000,Public       ,0,3,3,0,3,3
02142000,UNIVERSITY OF CAMBRIDGE - HOMERTON      ,FC,00000-0000,Public       ,0,3,3,0,3,3
02149700,UNIVERSITY OF WINCHESTER (THE)          ,FC,00000-0000,Public       ,1,2,3,1,2,3
02156800,UNIV OF OTAGO                           ,FC,00000-0000,Public       ,3,11,14,3,11,14
02162300,"IESE BUSINESS SCH, UNIV OF NAVARRA      ",FC,00000-0000,Private      ,1,25,26,1,25,26
02167400,UNIVERSITY OF CAMBRIDGE - CORPUS CH     ,FC,00000-0000,Public       ,0,3,3,0,3,3
02175700,OHR SOMAYACH INSTITUTIONS               ,FC,00000-0000,Private      ,3,0,3,3,0,3
02177700,KING'S COLLEGE- UNIV OF CAMBRIDGE       ,FC,00000-0000,Public       ,1,15,16,1,15,16
02180500,MIDDLESEX UNIVERSITY                    ,FC,00000-0000,Public       ,4,14,18,4,14,18
02181000,UNIVERSITY OF SOUTH AUSTRALIA           ,FC,00000-0000,Public       ,0,7,7,0,7,7
02183500,UNIV OF OXFORD - WYCLIFFE HALL          ,FC,00000-0000,Public       ,0,3,3,0,3,3
02186000,UNIVERSITY OF CAMBRIDGE - MAGDALENE     ,FC,00000-0000,Public       ,0,5,5,0,5,5
02186100,UNIVERSITY OF CAMBRIDGE - EMMANUEL      ,FC,00000-0000,Public       ,0,1,1,0,1,1
02189600,UNIVERSITY OF GRONINGEN                 ,FC,00000-0000,Public       ,1,4,5,1,4,5
02194800,UNIVERSITY OF THE WEST OF ENGLAND -     ,FC,00000-0000,Public       ,1,5,6,1,5,6
02195100,UNIV OF WESTMINSTER                     ,FC,00000-0000,Public       ,11,47,58,11,47,58
02196700,GUILDHALL SCHOOL OF MUSIC & DRAMA       ,FC,00000-0000,Public       ,7,7,14,7,7,14
02197000,INT'L GRAD PROGRAMME STOCKHOLM UNIV     ,FC,00000-0000,Public       ,0,9,9,0,9,9
02207300,UNIVERSITY OF CAMBRIDGE - CHRIST'S      ,FC,00000-0000,Public       ,1,2,3,1,2,3
02209500,UNIVERSITEIT UTRECHT                    ,FC,00000-0000,Public       ,9,21,30,9,21,30
02210000,UNIV OF LONDON - LONDON SCHOOL OF H     ,FC,00000-0000,Public       ,0,26,26,0,26,26
02216300,UNIVERSIDAD DE CHILE                    ,FC,00000-0000,Public       ,1,4,5,1,4,5
02225300,UNIV OF CANTERBURY                      ,FC,00000-0000,Public       ,1,10,11,1,10,11
02229100,UNIVERSITY OF LEICESTER                 ,FC,00000-0000,Public       ,2,24,26,2,24,26
02229600,SACKLER SCHOOL OF MEDICINE              ,FC,00000-0000,Public       ,0,36,36,0,36,36
02232100,UNIVERSITY OF CAMBRIDGE                 ,FC,00000-0000,Public       ,0,5,5,0,5,5
02233300,"ST GEORGE'S UNIV, SCH OF MEDICINE       ",FC,00000-0000,Proprietary  ,12,745,757,12,745,757
02235300,LONDON METROPOLITAN UNIVERSITY          ,FC,00000-0000,Public       ,15,53,68,15,53,68
02240900,AISH HATORAH CLG OF JEWISH STUDIES      ,FC,00000-0000,Private      ,2,0,2,2,0,2
02244400,AMERICAN UNIV OF THE CARIBBEAN          ,FC,00000-0000,Proprietary  ,4,459,463,4,459,463
02257100,COVENTRY UNIVERSITY                     ,FC,00000-0000,Public       ,2,1,3,2,1,3
02271700,UNIVERSITY OF CAMBRIDGE - CLARE HAL     ,FC,00000-0000,Public       ,0,3,3,0,3,3
02271900,UNIVERSITY OF OXFORD - BLACKFRIARS      ,FC,00000-0000,Public       ,1,1,2,1,1,2
02272100,UNIV OF OXFORD - GREYFRIARS             ,FC,00000-0000,Public       ,0,1,1,0,1,1
02272200,UNIV OF CAMBRIDGE - NEW HALL            ,FC,00000-0000,Public       ,2,2,4,2,2,4
02273600,QUEEN'S UNIV OF BELFAST (THE)           ,FC,00000-0000,Public       ,0,7,7,0,7,7
02273900,HERIOT WATT UNIVERSITY                  ,FC,00000-0000,Public       ,1,8,9,1,8,9
02276700,NYENRODE BUSINESS UNIVERSITEIT          ,FC,00000-0000,Private      ,0,2,2,0,2,2
02279700,UNIVERSITY OF MANCHESTER - INSTITUT     ,FC,00000-0000,Public       ,5,48,53,5,48,53
02293400,ECOLE DES HAUTES ETUDES COMERCIALS      ,FC,00000-0000,Public       ,0,15,15,0,15,15
02296300,UNIVERSITY OF CAMBRIDGE - JESUS COL     ,FC,00000-0000,Public       ,0,1,1,0,1,1
02310500,DE MONTFORT UNIVERSITY                  ,FC,00000-0000,Public       ,1,2,3,1,2,3
02320500,ROYAL NORTHERN COLLEGE OF MUSIC         ,FC,00000-0000,Public       ,0,1,1,0,1,1
02335100,UNIV OF CAMBRIDGE - TRINITY HALL        ,FC,00000-0000,Public       ,0,8,8,0,8,8
02338900,UNIVERSITY  FOR THE CREATIVE ARTS       ,FC,00000-0000,Public       ,3,0,3,3,0,3
02338903,KENT INSTITUTE OF ART & DESIGN          ,FC,00000-0000,Public       ,2,0,2,2,0,2
02339300,ERASMUS UNIV ROTTERDAM                  ,FC,00000-0000,Public       ,1,12,13,1,12,13
02347300,ESCUELA AUTONOMA DE CIENCIAS MEDICA     ,FC,00000-0000,Private      ,1,12,13,1,12,13
02351800,UNIVERSIDAD IBEROAMERICANA (UNIBE       ,FC,00000-0000,Private      ,28,322,350,28,322,350
02352100,UNIVERSITY OF PLYMOUTH                  ,FC,00000-0000,Public       ,1,0,1,1,0,1
02355200,ECOLE SUPERIEURE DE CUISINE FRANCAISE-FE,FC,00000-0000,Public       ,1,4,5,1,4,5
02363000,GSA CONSERVATOIRE                       ,FC,00000-0000,Private      ,1,3,4,1,3,4
02493000,ESCUELA SUPERIOR ADMINISTRACION Y D     ,FC,00000-0000,Private      ,2,15,17,2,15,17
02496600,UNIVERSITY OF STELLENBOSCH              ,FC,00000-0000,Public       ,4,4,8,4,4,8
02502600,PECSI ORVOSTUDOMANYI EGYETEM (PECS      ,FC,00000-0000,Public       ,0,7,7,0,7,7
02545700,GLASGOW SCHOOL OF ART                   ,FC,00000-0000,Public       ,3,16,19,3,16,19
02579600,MURDOCH UNIVERSITY                      ,FC,00000-0000,Public       ,4,16,20,4,16,20
02588000,UNIVERSITY OF ULSTER                    ,FC,00000-0000,Public       ,2,5,7,2,5,7
02591800,CURTIN UNIVERSITY OF TECHNOLOGY         ,FC,00000-0000,Public       ,1,6,7,1,6,7
02592300,MILLTOWN INST OF THEOLOGY & PHILOSO     ,FC,00000-0000,Private      ,0,1,1,0,1,1
02604300,AALBORG UNIVERSITY                      ,FC,00000-0000,Public       ,0,5,5,0,5,5
02611600,ECOL NATIONAL DES PONTS ET CHAUSSEE     ,FC,00000-0000,Public       ,0,2,2,0,2,2
02611700,DUBLIN CITY UNIVERSITY                  ,FC,00000-0000,Public       ,10,17,27,10,17,27
02622500,DENMARKS TEKNISKE UNIVERSITET           ,FC,00000-0000,Public       ,0,2,2,0,2,2
02623200,UNIVERSITY OF NEWCASTLE (THE)           ,FC,00000-0000,Public       ,2,10,12,2,10,12
03012700,UNIVERSITY OF BUCKINGHAM                ,FC,00000-0000,Private      ,0,5,5,0,5,5
03029400,KEELE UNIVERSITY                        ,FC,00000-0000,Public       ,0,3,3,0,3,3
03029500,NORTHUMBRIA UNIVERSITY                  ,FC,00000-0000,Public       ,0,5,5,0,5,5
03029800,NORGES HANDELSHOYSKOLE                  ,FC,00000-0000,Public       ,0,3,3,0,3,3
03033300,MANCHESTER METROPOLITAN UNIV            ,FC,00000-0000,Public       ,9,10,19,9,10,19
03045000,UNIVERSITY OF EAST LONDON               ,FC,00000-0000,Public       ,3,14,17,3,14,17
03050100,STUDIO ART CENTERS INTERNATIONAL        ,FC,00000-0000,Private      ,13,42,55,13,42,55
03066800,PONTIFICIO ATENEO DELLA SANTA CROCE     ,FC,00000-0000,Private      ,0,2,2,0,2,2
03067200,UNIVERSITY OF SYDNEY                    ,FC,00000-0000,Public       ,15,67,82,15,67,82
03073800,UNIV OF DEBRECEN MED & HEALTH SCI       ,FC,00000-0000,Public       ,2,6,8,2,6,8
03078700,UNIVERSITA COMMERCIALE L BOCCONI        ,FC,00000-0000,Public       ,4,15,19,4,15,19
03080300,SHEFFIELD HALLAM UNIVERSITY             ,FC,00000-0000,Public       ,0,3,3,0,3,3
03084300,UNIVERSITY OF LIMERICK                  ,FC,00000-0000,Public       ,10,13,23,10,13,23
03086900,AMERN GRAD SCHL OF BUS THE INST OF      ,FC,00000-0000,Private      ,0,2,2,0,2,2
03088700,ROYAL SCOTTISH ACAD MUSIC & DRAMA       ,FC,00000-0000,Public       ,9,2,11,9,2,11
03091400,UNIVERSITY OF WOLLONGONG                ,FC,00000-0000,Public       ,4,4,8,4,4,8
03091500,UNIVERSITY OF CANBERRA                  ,FC,00000-0000,Public       ,1,3,4,1,3,4
03091700,KAROL MARCINKOWSKI UNIV OF MED SCI      ,FC,00000-0000,Public       ,0,39,39,0,39,39
03092500,NOTTINGHAM TRENT UNIVERSITY             ,FC,00000-0000,Public       ,1,8,9,1,8,9
03095000,RMIT UNIVERSITY                         ,FC,00000-0000,Public       ,4,10,14,4,10,14
03095400,BOND UNIVERSITY                         ,FC,00000-0000,Private      ,21,24,45,21,24,45
03095900,ESSEC BUSINESS SCHOOL                   ,FC,00000-0000,Private      ,0,5,5,0,5,5
03096100,LA TROBE UNIVERSITY                     ,FC,00000-0000,Public       ,6,17,23,6,17,23
03096900,DEAKIN UNIVERSITY                       ,FC,00000-0000,Public       ,2,2,4,2,2,4
03097100,UNIVERSITY OF WESTERN SYDNEY            ,FC,00000-0000,Public       ,3,3,6,3,3,6
03097300,VICTORIA UNIVERSITY OF TECHNOLOGY       ,FC,00000-0000,Public       ,1,2,3,1,2,3
03097500,CENTRAL QUEENSLAND UNIVERSITY           ,FC,00000-0000,Public       ,2,3,5,2,3,5
03100000,UNIVERSITY OF ADELAIDE (THE)            ,FC,00000-0000,Public       ,1,10,11,1,10,11
03101600,ASIAN INSTITUTE OF MANAGEMENT           ,FC,00000-0000,Private      ,1,1,2,1,1,2
03102500,AMERICAN UNIVERSITY OF ROME             ,FC,00000-0000,Private      ,70,28,98,70,28,98
03102800,ROBERT GORDON UNIVERSITY (THE)          ,FC,00000-0000,Public       ,3,11,14,3,11,14
03104800,GRIFFITH UNIVERSITY                     ,FC,00000-0000,Public       ,9,7,16,9,7,16
03106100,ROSKILDE UNIV ROSKILDE UNIVERSITY C     ,FC,00000-0000,Public       ,1,0,1,1,0,1
03123500,HOGESCHOOL VAN AMSTERDAM                ,FC,00000-0000,Private      ,3,9,12,3,9,12
03136300,AUSTRALIAN CATHOLIC UNIVERSITY          ,FC,00000-0000,Public       ,1,2,3,1,2,3
03137400,CHARLES STURT UNIVERSITY                ,FC,00000-0000,Public       ,0,1,1,0,1,1
03140300,EDITH COWAN UNIVERSITY                  ,FC,00000-0000,Public       ,1,6,7,1,6,7
03140500,QUEENSLAND UNIVERSITY OF TECHNOLOGY     ,FC,00000-0000,Public       ,3,13,16,3,13,16
03140600,SOUTHERN CROSS UNIVERSITY               ,FC,00000-0000,Public       ,1,4,5,1,4,5
03140700,SWINBURNE UNIVERSITY OF TECHNOLOGY      ,FC,00000-0000,Public       ,0,1,1,0,1,1
03150300,UNIVERSITY OF TASMANIA                  ,FC,00000-0000,Public       ,4,5,9,4,5,9
03274300,"KUNGLIGA TEKNISKA HOGSKOLAN, KTH        ",FC,00000-0000,Public       ,1,3,4,1,3,4
03287300,LIVERPOOL INSTITUTE FOR PERFORMING ARTS ,FC,00000-0000,Public       ,3,2,5,3,2,5
03300300,"2ND SCHOOL OF MEDICINE, CHARLES UNI     ",FC,00000-0000,Public       ,0,2,2,0,2,2
03300400,"FIRST FACULTY OF MEDICINE, CHARLES UNIV.",FC,00000-0000,Public       ,0,5,5,0,5,5
03329300,JOHN CABOT UNIVERSITY                   ,FC,00000-0000,Private      ,57,9,66,57,9,66
03332400,AGRICULTURE UNIVERSITY OF WROCLAW       ,FC,00000-0000,Public       ,0,2,2,0,2,2
03333300,MEDICAL UNIVERSITY SCHOOL OF LUBLIN     ,FC,00000-0000,Public       ,6,32,38,6,32,38
03334300,UNIVERSIDAD NORDESTANA                  ,FC,00000-0000,Private      ,0,8,8,0,8,8
03335300,MEDICAL UNIVERSITY OF SILESIA           ,FC,00000-0000,Public       ,2,21,23,2,21,23
03349400,"QUEEN MARGARET UNIVERSITY COLLEGE, EDINB",FC,00000-0000,Public       ,2,5,7,2,5,7
03350300,BOURNEMOUTH UNIVERSITY                  ,FC,00000-0000,Public       ,2,9,11,2,9,11
03352300,LONDON SOUTH BANK UNIVERSITY            ,FC,00000-0000,Private      ,2,9,11,2,9,11
03364300,"FACULTY OF MEDICINE, PALACKY UNIVER     ",FC,00000-0000,Public       ,0,2,2,0,2,2
03365400,AUCKLAND INSTITUTE OF TECHNOLOGY        ,FC,00000-0000,Public       ,2,8,10,2,8,10
03378300,"THE 3RD FACULTY OF MEDICINE, CHARLE     ",FC,00000-0000,Public       ,1,3,4,1,3,4
03386300,CHARLES UNIVERSITY-MEDICAL FACULTY      ,FC,00000-0000,Public       ,0,6,6,0,6,6
03406300,"THE SCHOOL OF PHARMACY, UNIVERSITY      ",FC,00000-0000,Public       ,1,2,3,1,2,3
03418400,NAPIER UNIVERSITY                       ,FC,00000-0000,Public       ,1,6,7,1,6,7
03435300,ANGLIA POLYTECHNIC UNIVERSITY HIGHE     ,FC,00000-0000,Public       ,1,2,3,1,2,3
03456600,ANGELES UNIVERSITY FOUNDATION           ,FC,00000-0000,Private      ,2,0,2,2,0,2
03460300,INTERNATIONALES THEOLOGISCHES INSTI     ,FC,00000-0000,Private      ,2,7,9,2,7,9
03462400,UNIV OF ARTS LONDON - LON COLL OF COMMUN,FC,00000-0000,Public       ,10,9,19,10,9,19
03466300,INSTITUTO CENTROAMERICANO DE ADMINI     ,FC,00000-0000,Private      ,0,1,1,0,1,1
03473300,UNIV OF ARTS LONDON - LON COLL FASHION  ,FC,00000-0000,Public       ,18,18,36,18,18,36
03475300,UNIV OF THE ARTS  LONDON - CHELSEA COLL ,FC,00000-0000,Public       ,3,6,9,3,6,9
03492400,UNIV OF CAMBRIDGE-ST CATHERINE'S CG     ,FC,00000-0000,Public       ,0,2,2,0,2,2
03494400,UNIV OF CAMBRIDGE-SELWYN COLLEGE        ,FC,00000-0000,Public       ,0,1,1,0,1,1
03494600,UNIV OF OXFORD-HARRIS MANCHESTER        ,FC,00000-0000,Public       ,1,1,2,1,1,2
03500300,WIMBLEDON COLLEGE OF ART                ,FC,00000-0000,Public       ,3,5,8,3,5,8
03501400,LEEDS METROPOLITAN UNIVERSITY           ,FC,00000-0000,Public       ,2,4,6,2,4,6
03507300,UNIVERSITY OF SUNDERLAND                ,FC,00000-0000,Public       ,1,8,9,1,8,9
03515300,UNIVERSITY OF CENTRAL LANCASHIRE        ,FC,00000-0000,Public       ,1,5,6,1,5,6
03517300,UNIVERSITY OF BRIGHTON                  ,FC,00000-0000,Public       ,4,9,13,4,9,13
03518300,EUROPEAN GRADUATE SCHOOL                ,FC,00000-0000,Private      ,0,22,22,0,22,22
03526300,INST CENTROAMERICANO DE ADM DE EMP      ,FC,00000-0000,Private      ,1,1,2,1,1,2
03527300,SOFIA UNIVERSITY ST. KLIMENT OHRIDSKI   ,FC,00000-0000,Public       ,2,0,2,2,0,2
03533300,BATH SPA UNIVERSITY                     ,FC,00000-0000,Public       ,4,6,10,4,6,10
03547300,UNIVERSITY OF GLAMORGAN                 ,FC,00000-0000,Public       ,1,3,4,1,3,4
03580300,LIVERPOOL JOHN MOORES UNIVERSITY        ,FC,00000-0000,Public       ,1,2,3,1,2,3
03594300,GROUP ESC GRENOBLE GRAD SCH OF BUS.     ,FC,00000-0000,Private      ,1,10,11,1,10,11
03597300,JAGIELLONIAN UNIVERSITY                 ,FC,00000-0000,Public       ,1,8,9,1,8,9
03601300,UNIVERSITAT JAUME I DE CASTELLO/UJI     ,FC,00000-0000,Public       ,0,3,3,0,3,3
03603300,LEEDS COLLEGE OF MUSIC                  ,FC,00000-0000,Public       ,1,0,1,1,0,1
03619300,UNIVERSITY OF GREENWICH                 ,FC,00000-0000,Public       ,10,9,19,10,9,19
03653400,UNIVERSIDAD DE IBEROAMERICA - UNIBE     ,FC,00000-0000,Private      ,1,9,10,1,9,10
03674300,UNIVERSITY OF ABERTAY DUNDEE            ,FC,00000-0000,Public       ,1,4,5,1,4,5
03684400,UNIVERSITY OF LINCOLN                   ,FC,00000-0000,Public       ,0,4,4,0,4,4
03684500,MEDICAL UNIVERSITY OF GDANSK            ,FC,00000-0000,Public       ,1,7,8,1,7,8
03697300,NATIONAL FILM & TELEVISION SCHOOL       ,FC,00000-0000,Private      ,0,1,1,0,1,1
03716300,"UNIVERSITY OF WALES, NEWPORT            ",FC,00000-0000,Public       ,1,3,4,1,3,4
03721300,WRITTLE COLLEGE                         ,FC,00000-0000,Public       ,1,1,2,1,1,2
03727400,UNIVERSITY OF WAIKATO (THE)             ,FC,00000-0000,Public       ,4,7,11,4,7,11
03770300,NAZARENE THEOLOGICAL COLLEGE            ,FC,00000-0000,Private      ,1,3,4,1,3,4
03816400,AMERICAN GRAD SCH OF INTERNTL REL & DIPL,FC,00000-0000,Private      ,2,28,30,2,28,30
03818300,LEIPZIG GRADUATE SCHOOL OF MANAGEMENT   ,FC,00000-0000,Private      ,0,3,3,0,3,3
03824300,"ROYAL VETERINARY COLLEGE (THE), UNIVERSI",FC,00000-0000,Public       ,0,36,36,0,36,36
03850500,MEDICAL UNIVERSITY OF LODZ              ,FC,00000-0000,Public       ,2,9,11,2,9,11
03859400,UNIVERSITY COLLEGE FALMOUTH             ,FC,00000-0000,Public       ,2,1,3,2,1,3
03897400,INTERNATIONAL SPACE UNIVERSITY          ,FC,00000-0000,Private      ,0,2,2,0,2,2
03926400,NATIONAL COLLEGE OF ART AND DESIGN      ,FC,00000-0000,Public       ,3,2,5,3,2,5
03941301,AVE MARIA UNIVERSITY - LATIN AMERICA    ,FC,00000-0000,Private      ,29,9,38,29,9,38
04021400,"AMERICAN COLLEGE, DUBLIN LIMITED (THE)  ",FC,00000-0000,Private      ,1,3,4,1,3,4
04070300,"RAPHAEL RECANATI INTERNATIONAL SCHOOL, T",FC,00000-0000,Private      ,17,7,24,17,7,24
04085400,NEW ZEALAND COLLEGE OF CHIROPRACTIC     ,FC,00000-0000,Private      ,0,2,2,0,2,2
00380600,ALDERSON-BROADDUS COLLEGE               ,WV,26416-1051,Private      ,722,258,980,722,258,980
00380700,MOUNTAIN STATE UNIVERSITY               ,WV,25801-5624,Private      ,758,1827,2585,758,1827,2585
00380800,BETHANY COLLEGE                         ,WV,26032-0417,Private      ,948,26,974,948,26,974
00380900,BLUEFIELD STATE COLLEGE                 ,WV,24701-2198,Public       ,899,729,1628,899,729,1628
00381000,CONCORD UNIVERSITY                      ,WV,24712-0000,Public       ,2470,564,3034,2470,564,3034
00381100,DAVIS & ELKINS COLLEGE                  ,WV,26241-3996,Private      ,437,164,601,437,164,601
00381200,FAIRMONT STATE UNIVERSITY               ,WV,26554-2470,Public       ,3802,1713,5515,3802,1713,5515
00381300,GLENVILLE STATE COLLEGE                 ,WV,26351-1292,Public       ,1059,259,1318,1059,259,1318
00381500,MARSHALL UNIVERSITY                     ,WV,25755-3300,Public       ,6258,2706,8964,6258,2706,8964
00381600,SOUTHERN WV COMMUNITY COLLEGE           ,WV,25637-2900,Public       ,709,397,1106,709,397,1106
00381800,UNIVERSITY OF CHARLESTON                ,WV,25304-1099,Private      ,1378,431,1809,1378,431,1809
00381900,OHIO VALLEY COLLEGE                     ,WV,26105-8000,Private      ,270,66,336,270,66,336
00382000,SALEM INTERNATIONAL UNIVERSITY          ,WV,26426-0500,Proprietary  ,132,79,211,132,79,211
00382200,SHEPHERD UNIVERSITY                     ,WV,25443-3210,Public       ,2326,547,2873,2326,547,2873
00382300,WEST LIBERTY STATE COLLEGE              ,WV,26074-0295,Public       ,1956,372,2328,1956,372,2328
00382600,WEST VIRGINIA STATE UNIVERSITY          ,WV,25112-0000,Public       ,1659,1195,2854,1659,1195,2854
00382700,WEST VIRGINIA UNIVERSITY                ,WV,26506-6201,Public       ,19547,5347,24894,19547,5347,24894
00382711,WEST VIRGINIA UNIVERSITY - POTOMAC STATE,WV,26726-3000,Public       ,1115,167,1282,1115,167,1282
00382721,WEST VIRGINIA UNIV INST OF TECH         ,WV,25136-2436,Public       ,1041,269,1310,1041,269,1310
00382800,WEST VIRGINIA UNIV AT PARKERSBURG       ,WV,26101-9577,Public       ,1009,873,1882,1009,873,1882
00383000,WEST VIRGINIA WESLEYAN COLLEGE          ,WV,26201-2600,Private      ,1408,101,1509,1408,101,1509
00383100,WHEELING JESUIT UNIVERSITY              ,WV,26003-6243,Private      ,831,213,1044,831,213,1044
00500700,WEST VIRGINIA JUNIOR COLLEGE            ,WV,26505-5596,Proprietary  ,75,84,159,75,84,159
00500800,MOUNTAIN STATE COLLEGE                  ,WV,26101-3993,Proprietary  ,19,65,84,19,65,84
00754400,APPALACHIAN BIBLE COLLEGE               ,WV,25818-1353,Private      ,149,39,188,149,39,188
00757800,HUNTINGTON SCHOOL OF BEAUTY CULTURE     ,WV,25705-2030,Proprietary  ,5,7,12,5,7,12
00760000,INTERNATIONAL BEAUTY SCHOOL             ,WV,25401-3231,Proprietary  ,5,2,7,5,2,7
00835500,JAMES RUMSEY TECHNICAL INSTITUTE        ,WV,25403-0259,Public       ,25,46,71,25,46,71
00895900,CLARKSBURG BEAUTY ACADEMY               ,WV,26301-2903,Proprietary  ,15,7,22,15,7,22
00904700,HUNTINGTON JUNIOR COLLEGE               ,WV,25701-2004,Proprietary  ,82,467,549,82,467,549
00905400,WEST VIRGINIA NORTHERN CMTY COLLEGE     ,WV,26003-0000,Public       ,502,606,1108,502,606,1108
01014000,MINERAL COUNTY VOCATIONAL TECH CTR      ,WV,26726-0000,Public       ,7,8,15,7,8,15
01035600,EVEREST INSTITUTE                       ,WV,25313-1304,Proprietary  ,40,85,125,40,85,125
01057300,WEST VIRGINIA JUNIOR COLLEGE            ,WV,25322-0000,Proprietary  ,75,107,182,75,107,182
01057302,WEST VIRGINIA JUNIOR COLLEGE            ,WV,26330-0000,Proprietary  ,75,115,190,75,115,190
01086100,WEST VIRGINIA BUSINESS COLLEGE          ,WV,26301-0000,Proprietary  ,12,33,45,12,33,45
01124500,WEST VIRGINIA SCH OSTEOPATHIC MED       ,WV,24901-1128,Public       ,8,502,510,8,502,510
01174900,WOOD COUNTY SCH OF PRAC NURSING         ,WV,26101-6424,Public       ,6,25,31,6,25,31
01235900,B M SPURR SCHOOL OF PRAC NURSING        ,WV,26038-1660,Private      ,5,5,10,5,5,10
01257300,WEST VIRGINIA UNIV-HOSP-RAD TECH        ,WV,26506-8062,Private      ,49,23,72,49,23,72
01274300,BENJAMIN FRANKLIN CAREER&TECH           ,WV,25064-0000,Public       ,27,21,48,27,21,48
01290400,MONONGALIA CNTY TECH ED CTR             ,WV,26501-6841,Public       ,24,18,42,24,18,42
01290500,ACADEMY OF CAREERS AND TECHNOLOGY       ,WV,25801-0000,Public       ,29,54,83,29,54,83
02057400,ROANE-JACKSON TECHNICAL CENTER          ,WV,25252-0000,Public       ,11,28,39,11,28,39
02068000,UNITED TECHNICAL CENTER                 ,WV,26301-0000,Public       ,30,59,89,30,59,89
02070100,BECKLEY BEAUTY ACADEMY                  ,WV,25801-0000,Proprietary  ,20,14,34,20,14,34
02073400,CARVER CAREER TECH ED CTR               ,WV,25306-6397,Public       ,53,56,109,53,56,109
02145100,SCOTT COLLEGE OF COSMETOLOGY            ,WV,26003-0000,Proprietary  ,12,4,16,12,4,16
02178200,CHARLESTON SCHOOL OF BEAUTY CULTURE     ,WV,25301-0000,Proprietary  ,8,5,13,8,5,13
02218200,GARNET CAREER CENTER                    ,WV,25301-0000,Public       ,31,43,74,31,43,74
02275300,CABELL COUNTY CAREER TECHNOLOGY CTR     ,WV,25705-0000,Public       ,15,33,48,15,33,48
02524500,RALPH R WILLIS VOCATIONAL CENTER        ,WV,25601-0000,Public       ,8,17,25,8,17,25
02534800,FRED W EBERLE TECHNICAL CENTER          ,WV,26201-0000,Public       ,16,20,36,16,20,36
02535500,MERCER COUNTY TECH EDUC CNTR            ,WV,24740-0000,Public       ,20,28,48,20,28,48
02579900,NORTH CENTRAL OPPORTUNITIES IND CTR     ,WV,26554-2936,Private      ,7,10,17,7,10,17
02609400,VALLEY COLLEGE                          ,WV,25404-5711,Proprietary  ,5,31,36,5,31,36
03052000,MEREDITH MANOR EQUESTRIAN CENTRE        ,WV,26184-9707,Proprietary  ,49,15,64,49,15,64
03076500,FAYETTE INSTITUTE OF TECHNOLOGY         ,WV,25901-2174,Public       ,11,18,29,11,18,29
03084200,VALLEY COLLEGE                          ,WV,24740-3141,Proprietary  ,2,15,17,2,15,17
03084400,VALLEY COLLEGE                          ,WV,25801-2643,Proprietary  ,9,25,34,9,25,34
03098300,PUTNAM CAREER & TECHNICAL CENTER        ,WV,25070-0000,Public       ,12,19,31,12,19,31
03099200,"MOUNTAINEER BEAUTY COLLEGE, INC         ",WV,25177-2917,Proprietary  ,5,6,11,5,6,11
03102100,MORGANTOWN BEAUTY COLLEGE               ,WV,26505-5430,Proprietary  ,23,18,41,23,18,41
03123200,STANLEY TECHNICAL INSTITUTE             ,WV,26505-3751,Private      ,3,6,9,3,6,9
03327500,SOUTH BRANCH VOCATIONAL TECH CENTER     ,WV,26847-1698,Public       ,1,0,1,1,0,1
03734300,JOHN D. ROCKEFELLER IV CAREER CENTER    ,WV,26047-9424,Public       ,2,2,4,2,2,4
03819300,AMERICAN PUBLIC UNIVERSITY SYSTEM       ,WV,25414-1621,Proprietary  ,35,1603,1638,35,1603,1638
03957300,BLUE RIDGE COMMUNITY AND TECHNICAL COLLE,WV,25401-3244,Public       ,189,285,474,189,285,474
03960300,NEW RIVER COMMUNITY AND TECHNICAL COLLEG,WV,25801-2636,Public       ,522,685,1207,522,685,1207
04028300,MOUNTAIN STATE SCHOOL OF MASSAGE        ,WV,25304-2025,Proprietary  ,8,5,13,8,5,13
04038500,PIERPONT COMMUNITY & TECHNICAL COLLEGE  ,WV,26554-2451,Public       ,361,229,590,361,229,590
04038600,WEST VIRGINIA STATE COMMUNITY AND TECHNI,WV,25112-1000,Public       ,269,413,682,269,413,682
04041400,MARSHALL COMMUNITY AND TECHNICAL COLLEGE,WV,25755-3300,Public       ,418,319,737,418,319,737
04047300,COMM AND TECH COLLEGE AT WVU TECH       ,WV,25136-2437,Public       ,218,121,339,218,121,339
00106100,ALASKA PACIFIC UNIVERSITY               ,AK,99508-4672,Private      ,408,170,578,408,170,578
00106300,UNIVERSITY OF ALASKA FAIRBANKS          ,AK,99775-7500,Public       ,1042,910,1952,1042,910,1952
00106500,UNIVERSITY OF ALASKA SOUTHEAST          ,AK,99801-8680,Public       ,265,329,594,265,329,594
00884300,ALASKA BIBLE COLLEGE                    ,AK,99588-0000,Private      ,11,6,17,11,6,17
01146200,UNIVERSITY OF ALASKA  ANCHORAGE         ,AK,99514-1608,Public       ,1827,2101,3928,1827,2101,3928
02541000,CAREER ACADEMY                          ,AK,99507-0000,Proprietary  ,10,69,79,10,69,79
02576900,CHARTER COLLEGE                         ,AK,99508-0000,Proprietary  ,14,77,91,14,77,91
03160300,ALASKA VOCATIONAL TECHNICAL CENTER      ,AK,99664-0889,Public       ,48,55,103,48,55,103
03461300,ILISAGVIK COLLEGE                       ,AK,99723-0749,Public       ,1,4,5,1,4,5
00108500,UNIV ARKANSAS MONTICELLO                ,AR,71656-0000,Public       ,535,405,940,535,405,940
00108501,GREAT RIVERS TECHNICAL INSTITUTE        ,AR,71654-0000,Public       ,2,9,11,2,9,11
00108502,FOREST ECHOES TECHNICAL INSTITUTE       ,AR,71635-0000,Public       ,5,8,13,5,8,13
00108600,UNIV OF ARKANSAS AT PINE BLUFF          ,AR,71601-2790,Public       ,1441,420,1861,1441,420,1861
00108700,ARKANSAS BAPTIST COLLEGE                ,AR,72202-6099,Private      ,95,102,197,95,102,197
00108800,LYON COLLEGE                            ,AR,72501-3699,Private      ,396,30,426,396,30,426
00108900,ARKANSAS TECH UNIVERSITY                ,AR,72801-2222,Public       ,1622,763,2385,1622,763,2385
00109000,ARKANSAS STATE UNIVERSITY               ,AR,72467-0000,Public       ,2556,1826,4382,2556,1826,4382
00109006,DELTA TECHNICAL INSTITUTE               ,AR,72365-9558,Public       ,15,18,33,15,18,33
00109100,ARKANSAS STATE UNIVERSITY - BEEBE       ,AR,72012-1000,Public       ,411,630,1041,411,630,1041
00109200,UNIVERSITY OF CENTRAL ARKANSAS          ,AR,72035-0001,Public       ,2734,1042,3776,2734,1042,3776
00109300,CENTRAL BAPTIST COLLEGE                 ,AR,72034-6470,Private      ,127,52,179,127,52,179
00109400,UNIVERSITY OF THE OZARKS                ,AR,72830-2880,Private      ,300,32,332,300,32,332
00109500,CROWLEYS RIDGE COLLEGE                  ,AR,72450-9775,Private      ,37,13,50,37,13,50
00109700,HARDING UNIVERSITY                      ,AR,72149-0001,Private      ,1289,306,1595,1289,306,1595
00109800,HENDERSON STATE UNIVERSITY              ,AR,71999-0001,Public       ,1055,323,1378,1055,323,1378
00109900,HENDRIX COLLEGE                         ,AR,72032-3080,Private      ,1621,35,1656,1621,35,1656
00110000,JOHN BROWN UNIVERSITY                   ,AR,72761-2747,Private      ,810,303,1113,810,303,1113
00110100,UNIV ARKANSAS LITTLE ROCK               ,AR,72204-1099,Public       ,1437,2747,4184,1437,2747,4184
00110200,OUACHITA BAPTIST UNIVERSITY             ,AR,71998-0001,Private      ,707,37,744,707,37,744
00110300,PHILANDER SMITH COLLEGE                 ,AR,72202-3718,Private      ,342,155,497,342,155,497
00110400,PHILLIPS COUNTY COMMUNITY COLLEGE       ,AR,72342-0000,Public       ,83,127,210,83,127,210
00110401,RICE BELT TECH INST                     ,AR,72042-0000,Public       ,1,1,2,1,1,2
00110600,WILLIAMS BAPTIST COLLEGE                ,AR,72476-4661,Private      ,261,46,307,261,46,307
00110700,SOUTHERN ARKANSAS UNIVERSITY            ,AR,71754-0000,Public       ,670,337,1007,670,337,1007
00110800,UNIV ARKANSAS FAYETTEVILLE              ,AR,72701-0000,Public       ,4442,1593,6035,4442,1593,6035
00110900,UNIV OF ARKANSAS FOR MEDCL SCIENCES     ,AR,72205-7102,Public       ,148,573,721,148,573,721
00110901,UNIV OF ARKANSAS COLG OF MEDICINE       ,AR,72205-0000,Public       ,18,305,323,18,305,323
00111000,UNIVERSITY OF ARKANSAS-FORT SMITH       ,AR,72904-7397,Public       ,1145,929,2074,1145,929,2074
00524500,U OF A COMM COLLEGE AT MORRILTON        ,AR,72110-9601,Public       ,237,298,535,237,298,535
00570700,SEARK COLLEGE                           ,AR,71603-0000,Public       ,93,324,417,93,324,417
00573200,UNIV AR COMMUNITY COLLEGE AT HOPE       ,AR,71801-0000,Public       ,97,159,256,97,159,256
00704400,CROWLEYS RIDGE TECHNICAL INSTITUTE      ,AR,72336-0000,Public       ,7,54,61,7,54,61
00773800,SOUTHERN ARKANSAS UNIVERSITY TECH       ,AR,71701-1900,Public       ,96,131,227,96,131,227
00792100,FAYETTEVILLE BEAUTY COLLEGE             ,AR,72701-0000,Proprietary  ,7,9,16,7,9,16
00997600,OUACHITA TECHNICAL COLLEGE              ,AR,72104-0816,Public       ,73,136,209,73,136,209
01074100,MELLIE'S BEAUTY COLLEGE                 ,AR,72901-3886,Proprietary  ,5,9,14,5,9,14
01210500,NATIONAL PARK COMMUNITY COLLEGE         ,AR,71913-9174,Public       ,188,347,535,188,347,535
01226000,EAST ARKANSAS COMMUNITY COLLEGE         ,AR,72335-2204,Public       ,90,119,209,90,119,209
01226100,NORTH ARKANSAS COLLEGE                  ,AR,72601-5508,Public       ,272,447,719,272,447,719
01286000,ARKANSAS NORTHEASTERN COLLEGE           ,AR,72316-1109,Public       ,216,260,476,216,260,476
02052200,BLACK RIVER TECHNICAL COLLEGE           ,AR,72455-0000,Public       ,142,247,389,142,247,389
02073500,UNIV OF AR CMNTY CLG-BATESVILLE         ,AR,72503-0000,Public       ,110,181,291,110,181,291
02073700,NORTHWEST TECHNICAL INSTITUTE           ,AR,72765-0000,Public       ,34,64,98,34,64,98
02074600,SOUTH ARKANSAS COMMUNITY COLLEGE        ,AR,71731-0000,Public       ,98,225,323,98,225,323
02075300,PULASKI TECHNICAL COLLEGE               ,AR,72118-0000,Public       ,431,1842,2273,431,1842,2273
02087000,OZARKA COLLEGE                          ,AR,72556-0000,Public       ,68,147,215,68,147,215
02111100,RICH MOUNTAIN COMMUNITY COLLEGE         ,AR,71953-0000,Public       ,144,105,249,144,105,249
02202400,PROFESSIONAL COSMETOLOGY EDUC CTR       ,AR,71730-5828,Proprietary  ,3,5,8,3,5,8
02220900,COSSATOT COMMUNITY COLLEGE              ,AR,71832-0000,Public       ,100,201,301,100,201,301
02260400,BEE JAY'S HAIRSTYLING ACADEMY           ,AR,72212-0000,Proprietary  ,2,5,7,2,5,7
02272400,EASTERN COLLEGE OF HEALTH VOCATIONS     ,AR,72209-0000,Proprietary  ,14,97,111,14,97,111
02284200,NEW TYLER BARBER COLLEGE INC            ,AR,72114-0000,Proprietary  ,4,5,9,4,5,9
02287400,MARSHA KAY BEAUTY COLLEGE               ,AR,72653-0000,Proprietary  ,2,3,5,2,3,5
02321701,ITT TECHNICAL INSTITUTE                 ,AR,72204-9925,Proprietary  ,37,53,90,37,53,90
02330800,JEFFERSON SCHOOL OF NURSING             ,AR,71603-0000,Private      ,8,23,31,8,23,31
02339800,SOUTHERN INSTITUTE OF COSMETOLOGY       ,AR,72301-0000,Proprietary  ,1,1,2,1,1,2
02341700,CAREER ACADEMY OF HAIR DESIGN           ,AR,72764-4304,Proprietary  ,12,14,26,12,14,26
02348200,MID-SOUTH COMMUNITY COLLEGE             ,AR,72301-0000,Public       ,196,260,456,196,260,456
02363500,ARTHUR'S BEAUTY COLLEGE                 ,AR,72901-0000,Proprietary  ,1,12,13,1,12,13
02525800,LEE'S SCHOOL OF COSMETOLOGY             ,AR,72114-0000,Proprietary  ,8,8,16,8,8,16
02538500,ARTHUR'S BEAUTY COLLEGE                 ,AR,72076-0000,Proprietary  ,4,14,18,4,14,18
02569600,SEARCY BEAUTY COLLEGE                   ,AR,72143-0000,Proprietary  ,3,4,7,3,4,7
03005100,ARKANSAS BEAUTY SCHOOL                  ,AR,72209-5116,Proprietary  ,8,10,18,8,10,18
03007100,HOT SPRINGS BEAUTY COLLEGE              ,AR,71901-5432,Proprietary  ,5,3,8,5,3,8
03007600,ARKANSAS BEAUTY SCHOOL-CONWAY           ,AR,72032-4354,Proprietary  ,9,7,16,9,7,16
03023400,ARKANSAS COLLEGE OF BARBERING           ,AR,72114-5615,Proprietary  ,0,4,4,0,4,4
03030903,DIESEL DRIVING ACADEMY - LITTLE ROCK    ,AR,72117-9624,Proprietary  ,1,4,5,1,4,5
03063300,NORTHWEST ARKANSAS COMMUNITY COLLEG     ,AR,72712-5190,Public       ,463,848,1311,463,848,1311
03065100,ABC BEAUTY COLLEGE                      ,AR,71923-4206,Proprietary  ,3,5,8,3,5,8
03066302,BRYAN COLLEGE -                         ,AR,72756-1825,Proprietary  ,4,60,64,4,60,64
03105200,BAPTIST HEALTH SCHOOLS LITTLE ROCK      ,AR,72210-0000,Private      ,81,349,430,81,349,430
03116800,"DELUXE BEAUTY SCHOOL, L.L.C.            ",AR,71603-0000,Proprietary  ,1,6,7,1,6,7
03124900,IMAGINE -  PAUL MITCHELL PARTNER SCHOOL ,AR,72117-2516,Proprietary  ,6,6,12,6,6,12
03127200,ASKINS VO-TECH                          ,AR,72908-8028,Proprietary  ,0,4,4,0,4,4
03212300,BLYTHEVILLE ACADEMY OF COSMETOLOGY      ,AR,72315-3424,Proprietary  ,0,3,3,0,3,3
03214300,VELVATEX COLLEGE OF BEAUTY CULTURE      ,AR,72202-5452,Proprietary  ,1,2,3,1,2,3
03254300,MARGARET'S HAIR ACADEMY                 ,AR,71655-4905,Proprietary  ,1,5,6,1,5,6
03519400,LYNNDALE FUNDAMENTALS OF BEAUTY SCH     ,AR,71730-4804,Proprietary  ,0,9,9,0,9,9
03855300,ECCLESIA COLLEGE                        ,AR,72762-8159,Private      ,16,2,18,16,2,18
03912300,CROSSETT SCHOOL OF COSMETOLOGY          ,AR,71635-0000,Proprietary  ,4,7,11,4,7,11
03997300,ARKANSAS BEAUTY COLLEGE                 ,AR,72801-3741,Proprietary  ,4,4,8,4,4,8
00133900,CORBAN COLLEGE                          ,OR,97301-9392,Private      ,910,172,1082,910,172,1082
00316505,CASCADE COLLEGE                         ,OR,97216-0000,Private      ,144,43,187,144,43,187
00318600,BLUE MOUNTAIN COMMUNITY COLLEGE         ,OR,97801-0000,Public       ,494,486,980,494,486,980
00318800,CENTRAL OREGON COMMUNITY COLLEGE        ,OR,97701-5998,Public       ,915,965,1880,915,965,1880
00318900,CLATSOP COMMUNITY COLLEGE               ,OR,97103-3698,Public       ,152,185,337,152,185,337
00319100,CONCORDIA UNIVERSITY                    ,OR,97211-6099,Private      ,701,567,1268,701,567,1268
00319300,EASTERN OREGON UNIVERSITY               ,OR,97850-2899,Public       ,1319,1082,2401,1319,1082,2401
00319400,GEORGE FOX UNIVERSITY                   ,OR,97132-2697,Private      ,1788,666,2454,1788,666,2454
00319600,LANE COMMUNITY COLLEGE                  ,OR,97405-0640,Public       ,2414,3556,5970,2414,3556,5970
00319700,LEWIS & CLARK COLLEGE                   ,OR,97219-7899,Private      ,4004,2545,6549,4004,2545,6549
00319800,LINFIELD COLLEGE                        ,OR,97128-6894,Private      ,2458,300,2758,2458,300,2758
00319801,LINFIELD COLLEGE - PORTLAND CAMPUS      ,OR,97210-0000,Private      ,240,472,712,240,472,712
00319900,MARYLHURST UNIVERSITY                   ,OR,97036-7036,Private      ,86,581,667,86,581,667
00320300,MOUNT ANGEL SEMINARY                    ,OR,97373-0505,Private      ,3,5,8,3,5,8
00320400,MOUNT HOOD COMMUNITY COLLEGE            ,OR,97030-3300,Public       ,1520,1757,3277,1520,1757,3277
00320600,MULTNOMAH BIBLE COLLEGE/SEMINARY        ,OR,97220-5898,Private      ,314,307,621,314,307,621
00320700,PACIFIC NORTHWEST COLLEGE OF ART        ,OR,97209-3023,Private      ,400,239,639,400,239,639
00320800,NORTHWEST CHRISTIAN UNIVERSITY          ,OR,97401-3727,Private      ,448,273,721,448,273,721
00320900,WESTERN OREGON UNIVERSITY               ,OR,97361-1394,Public       ,3977,1083,5060,3977,1083,5060
00321000,OREGON STATE UNIVERSITY                 ,OR,97331-8507,Public       ,12845,4497,17342,12845,4497,17342
00321100,OREGON INSTITUTE OF TECHNOLOGY          ,OR,97601-8801,Public       ,1419,865,2284,1419,865,2284
00321200,PACIFIC UNIVERSITY                      ,OR,97116-1797,Private      ,2119,1901,4020,2119,1901,4020
00321300,PORTLAND COMMUNITY COLLEGE              ,OR,97219-7198,Public       ,3546,6722,10268,3546,6722,10268
00321600,PORTLAND STATE UNIVERSITY               ,OR,97207-0000,Public       ,7144,8043,15187,7144,8043,15187
00321700,REED COLLEGE                            ,OR,97202-8199,Private      ,2303,169,2472,2303,169,2472
00321800,CHEMEKETA COMMUNITY COLLEGE             ,OR,97309-1500,Public       ,1694,2702,4396,1694,2702,4396
00321900,SOUTHERN OREGON UNIVERSITY              ,OR,97520-5010,Public       ,3225,1279,4504,3225,1279,4504
00322000,SOUTHWESTERN OREGON COMMUNITY CLG       ,OR,97420-2956,Public       ,773,502,1275,773,502,1275
00322100,TREASURE VALLEY COMMUNITY COLLEGE       ,OR,97914-3423,Public       ,563,503,1066,563,503,1066
00322200,UMPQUA COMMUNITY COLLEGE                ,OR,97470-0226,Public       ,544,761,1305,544,761,1305
00322300,UNIVERSITY OF OREGON                    ,OR,97403-1226,Public       ,13868,5720,19588,13868,5720,19588
00322400,UNIVERSITY OF PORTLAND                  ,OR,97203-5798,Private      ,5853,895,6748,5853,895,6748
00322500,WARNER PACIFIC COLLEGE                  ,OR,97215-4099,Private      ,366,329,695,366,329,695
00322700,WILLAMETTE UNIVERSITY                   ,OR,97301-3930,Private      ,3210,950,4160,3210,950,4160
00487800,CLACKAMAS COMMUNITY COLLEGE             ,OR,97045-7998,Public       ,1111,1123,2234,1111,1123,2234
00488200,OREGON HEALTH & SCIENCE UNIVERSITY      ,OR,97239-0000,Public       ,257,2158,2415,257,2158,2415
00488230,OREGON GRAD INST OF SCIENCE & TECH      ,OR,97006-0000,Public       ,5,15,20,5,15,20
00693800,LINN BENTON COMMUNITY COLLEGE           ,OR,97321-3774,Public       ,1413,1240,2653,1413,1240,2653
00717800,WESTERN SEMINARY                        ,OR,97215-0000,Private      ,2,69,71,2,69,71
00723402,HEALD COLLEGE - PORTLAND                ,OR,97205-3432,Proprietary  ,32,132,164,32,132,164
00781900,ART INSTITUTE OF PORTLAND (THE)         ,OR,97209-2911,Proprietary  ,817,607,1424,817,607,1424
00888700,CONCORDE CAREER INSTITUTE               ,OR,97232-2242,Proprietary  ,58,257,315,58,257,315
00907900,EVEREST COLLEGE                         ,OR,97204-2296,Proprietary  ,46,174,220,46,174,220
00958100,SPRINGFIELD COLLEGE OF BEAUTY           ,OR,97477-5474,Proprietary  ,22,29,51,22,29,51
01012200,PHAGANS' MEDFORD BEAUTY SCHOOL          ,OR,97504-5297,Proprietary  ,21,25,46,21,25,46
01018200,ROGUE COMMUNITY COLLEGE                 ,OR,97527-0000,Public       ,847,1308,2155,847,1308,2155
01050700,ACADEMY OF HAIR DESIGN                  ,OR,97301-3526,Proprietary  ,15,17,32,15,17,32
01185200,ITT TECHNICAL INSTITUTE                 ,OR,97220-0000,Proprietary  ,122,104,226,122,104,226
01230900,WESTERN STATES CHIROPRACTIC COLLEGE     ,OR,97230-3099,Private      ,9,181,190,9,181,190
01234700,PHAGANS CENTRAL OREGON BEAUTY CLG       ,OR,97701-5175,Proprietary  ,12,25,37,12,25,37
01234800,PHAGANS BEAUTY COLLEGE                  ,OR,97333-4716,Proprietary  ,17,9,26,17,9,26
01235000,PHAGANS SCHOOL OF HAIR DESIGN           ,OR,97267-4808,Proprietary  ,5,19,24,5,19,24
01235100,PHAGANS SCHOOL OF BEAUTY                ,OR,97301-4732,Proprietary  ,15,23,38,15,23,38
01300800,PHAGANS TIGARD BEAUTY SCHOOL            ,OR,97223-0000,Proprietary  ,4,18,22,4,18,22
02101000,NORTHWEST COLLEGE OF HAIR DESIGN        ,OR,97086-7702,Proprietary  ,16,24,40,16,24,40
02101002,NORTHWEST COLLEGE                       ,OR,97007-3954,Proprietary  ,2,1,3,2,1,3
02104900,COLLEGE OF LEGAL ARTS                   ,OR,97219-9998,Proprietary  ,11,22,33,11,22,33
02106100,COLLEGE OF COSMETOLOGY                  ,OR,97601-0000,Proprietary  ,6,12,18,6,12,18
02154400,BEAU MONDE CLG OF HAIR DESIGN           ,OR,97205-0000,Proprietary  ,31,34,65,31,34,65
02159700,EUGENE BIBLE COLLEGE                    ,OR,97405-0000,Private      ,36,34,70,36,34,70
02201900,PHAGANS' SCHOOL OF HAIR DESIGN          ,OR,97232-0000,Proprietary  ,36,67,103,36,67,103
02239203,ALLIED COLLEGE - ANTHEM COLLEGE         ,OR,97005-0000,Proprietary  ,14,23,37,14,23,37
02330100,PIONEER PACIFIC COLLEGE                 ,OR,97070-0000,Proprietary  ,51,183,234,51,183,234
02330102,PIONEER PACIFIC COLLEGE                 ,OR,97403-0000,Proprietary  ,32,140,172,32,140,172
02337900,COLLEGE OF HAIR DESIGN CAREERS          ,OR,97301-0000,Proprietary  ,11,9,20,11,9,20
02344100,ROSEBURG BEAUTY COLLEGE                 ,OR,97470-0000,Proprietary  ,12,22,34,12,22,34
02534000,NATIONAL COLLEGE OF NATURAL MEDICINE    ,OR,97201-0000,Private      ,4,216,220,4,216,220
02578800,NORTHWEST NANNIES INSTITUTE             ,OR,97035-0000,Proprietary  ,4,5,9,4,5,9
02603700,OREGON COL OF ORIENTAL MEDICINE         ,OR,97216-0000,Private      ,4,139,143,4,139,143
02617506,EVEREST COLLEGE - EVEREST INSTITUTE     ,OR,97223-6581,Proprietary  ,8,17,25,8,17,25
03007300,OREGON COLLEGE OF ART & CRAFT           ,OR,97225-6399,Private      ,63,137,200,63,137,200
03022600,WESTERN CULINARY INSTITUTE              ,OR,97205-2793,Proprietary  ,649,450,1099,649,450,1099
03042500,APOLLO COLLEGE                          ,OR,97232-1302,Proprietary  ,49,222,271,49,222,271
03074400,PHAGANS NEWPORT ACAD CSMTLGY CAREER     ,OR,97365-4963,Proprietary  ,4,3,7,4,3,7
03074500,EAST-WEST COLLEGE OF THE HEALING ARTS   ,OR,97232-2765,Proprietary  ,21,77,98,21,77,98
03185300,PHAGANS GRANTS PASS COLLEGE OF BTY      ,OR,97527-3039,Proprietary  ,8,12,20,8,12,20
03428300,KLAMATH COMMUNITY COLLEGE               ,OR,97603-7121,Public       ,148,288,436,148,288,436
03642300,VALLEY MEDICAL COLLEGE                  ,OR,97305-1373,Proprietary  ,7,29,36,7,29,36
03668300,BIRTHINGWAY COLLEGE OF MIDWIFERY        ,OR,97266-4042,Private      ,5,38,43,5,38,43
03783400,ABDILL CAREER COLLEGE                   ,OR,97504-7137,Proprietary  ,10,43,53,10,43,53
00137400,ALBERTUS MAGNUS COLLEGE                 ,CT,06511-1189,Private      ,614,354,968,614,354,968
00137403,ALBERTUS MAGNUS CLG-NEW DIMENSIONS      ,CT,06511-0000,Private      ,22,179,201,22,179,201
00137800,CENTRAL CONNECTICUT STATE UNIV          ,CT,06050-2490,Public       ,5811,1433,7244,5811,1433,7244
00137900,CONNECTICUT COLLEGE                     ,CT,06320-4196,Private      ,2191,36,2227,2191,36,2227
00138000,WESTERN CONNECTICUT STATE UNIV          ,CT,06810-6826,Public       ,3711,628,4339,3711,628,4339
00138500,FAIRFIELD UNIVERSITY                    ,CT,06430-0000,Private      ,5820,264,6084,5820,264,6084
00138700,HARTFORD SEMINARY                       ,CT,06105-0000,Private      ,9,11,20,9,11,20
00138900,HOLY APOSTLES COLLEGE & SEMINARY        ,CT,06416-2005,Private      ,3,13,16,3,13,16
00139200,MANCHESTER COMMUNITY COLLEGE            ,CT,06045-1046,Public       ,863,583,1446,863,583,1446
00139300,MITCHELL COLLEGE                        ,CT,06320-4498,Private      ,666,72,738,666,72,738
00139700,UNIVERSITY OF NEW HAVEN                 ,CT,06516-1999,Private      ,4625,717,5342,4625,717,5342
00139800,NORTHWESTERN CT COMMUNITY COLLEGE       ,CT,06098-1747,Public       ,143,108,251,143,108,251
00139900,NORWALK COMMUNITY TECHNICAL COLLEGE     ,CT,06854-1655,Public       ,353,398,751,353,398,751
00140100,POST UNIVERSITY                         ,CT,06723-3240,Proprietary  ,524,249,773,524,249,773
00140200,QUINNIPIAC UNIVERSITY                   ,CT,06518-1908,Private      ,11017,653,11670,11017,653,11670
00140201,QUINNIPIAC UNIVERSITY SCHOOL OF LAW     ,CT,06518-0000,Private      ,112,794,906,112,794,906
00140300,SACRED HEART UNIVERSITY                 ,CT,06825-1000,Private      ,5284,456,5740,5284,456,5740
00140600,SOUTHERN CONNECTICUT STATE UNIV         ,CT,06515-1355,Public       ,6881,2413,9294,6881,2413,9294
00140900,SAINT JOSEPH COLLEGE                    ,CT,06117-2791,Private      ,827,329,1156,827,329,1156
00141400,TRINITY COLLEGE                         ,CT,06106-3100,Private      ,2480,102,2582,2480,102,2582
00141600,UNIVERSITY OF BRIDGEPORT                ,CT,06601-5650,Private      ,1280,689,1969,1280,689,1969
00141700,UNIVERSITY OF CONNECTICUT-STORRS        ,CT,06269-2151,Public       ,20833,3063,23896,20833,3063,23896
00141702,UNIV CONN STAMFORD                      ,CT,06901-0000,Public       ,291,95,386,291,95,386
00141703,UNIV OF CONNECTICUT - TORINGTON         ,CT,06790-0000,Public       ,124,27,151,124,27,151
00141706,UNIV OF CONNECTICUT SCH LAW             ,CT,06105-0000,Public       ,19,848,867,19,848,867
00141707,UNIV OF CT - SCH OF SOCIAL WORK         ,CT,06117-0000,Public       ,53,357,410,53,357,410
00141708,UNIVERSITY OF CONNECTICUT - SCHOOL OF ME,CT,06030-1920,Public       ,6,267,273,6,267,273
00141709,UNIVERSITY OF CONNECTICUT - SCHOOL OF DE,CT,06030-1920,Public       ,4,73,77,4,73,77
00142200,UNIVERSITY OF HARTFORD                  ,CT,06117-1599,Private      ,8146,767,8913,8146,767,8913
00142400,WESLEYAN UNIVERSITY                     ,CT,06459-3208,Private      ,3604,82,3686,3604,82,3686
00142500,EASTERN CONNECTICUT STATE UNIV          ,CT,06226-2295,Public       ,3910,625,4535,3910,625,4535
00142600,YALE UNIVERSITY                         ,CT,06520-8288,Private      ,11994,5125,17119,11994,5125,17119
00142601,YALE UNIV PHYSICIANS ASSOC PROG         ,CT,06510-0000,Private      ,2,49,51,2,49,51
00142602,YALE UNIV EPIDEMIOLOGY & PUB HLTH       ,CT,06510-0000,Private      ,6,245,251,6,245,251
00142603,YALE UNIV SCHOOL MEDICINE               ,CT,06510-0000,Private      ,23,561,584,23,561,584
00280301,RENSSELAER POLYTECHNIC INSTITUTE-RENSSEL,CT,06120-2991,Private      ,12,17,29,12,17,29
00451300,HOUSATONIC COMMUNITY COLLEGE            ,CT,06604-4704,Public       ,524,644,1168,524,644,1168
00618100,BRIDGEPORT HOSP SCHL OF NURSING         ,CT,06610-2896,Private      ,36,111,147,36,111,147
00619100,ST. VINCENT'S COLLEGE                   ,CT,06606-9966,Private      ,102,148,250,102,148,250
00698200,NAUGATUCK VALLEY COMM-TECH COLG         ,CT,06708-3089,Public       ,668,556,1224,668,556,1224
00730000,ELI WHITNEY TECHNICAL HIGH SCHOOL       ,CT,06514-0000,Public       ,5,13,18,5,13,18
00730300,LINCOLN TECHNICAL INSTITUTE             ,CT,06051-0000,Proprietary  ,139,86,225,139,86,225
00730500,PORTER AND CHESTER INSTITUTE OF BRANFORD,CT,06405-4022,Proprietary  ,34,35,69,34,35,69
00731100,WINDHAM TECHNICAL HIGH SCHOOL           ,CT,06226-2100,Public       ,1,4,5,1,4,5
00745900,PAIER COLLEGE OF ART                    ,CT,06514-3902,Proprietary  ,78,14,92,78,14,92
00763500,CAPITAL COMMUNITY COLLEGE               ,CT,06103-1207,Public       ,412,716,1128,412,716,1128
00803700,GATEWAY COMMUNITY-TECHNICAL COLLEGE     ,CT,06511-0000,Public       ,692,718,1410,692,718,1410
00803800,MIDDLESEX COMMUNITY CLG                 ,CT,06457-4889,Public       ,306,289,595,306,289,595
00887200,RENASCI ACADEMY OF HAIR                 ,CT,06460-4160,Proprietary  ,1,2,3,1,2,3
00887300,PAUL MITCHELL THE SCHOOL                ,CT,06810-6716,Proprietary  ,11,4,15,11,4,15
00887400,BRIO ACADEMY OF COSMETOLOGY             ,CT,06450-4836,Proprietary  ,5,5,10,5,5,10
00887403,BRIO ACADEMY OF COSMETOLOGY - WILLIMANTI,CT,06226-1940,Proprietary  ,2,0,2,2,0,2
00906500,THE HARTFORD CONSERVATORY               ,CT,06105-2891,Private      ,20,4,24,20,4,24
00927700,E C GOODWIN TECHNICAL HIGH SCHOOL       ,CT,06053-0000,Public       ,1,8,9,1,8,9
00929100,J M WRIGHT TECHNICAL HIGH SCHOOL        ,CT,06904-0000,Public       ,2,2,4,2,2,4
00940700,BRIARWOOD COLLEGE                       ,CT,06489-1057,Proprietary  ,242,96,338,242,96,338
00976400,TUNXIS COMMUNITY COLLEGE                ,CT,06032-3187,Public       ,412,389,801,412,389,801
00976500,THREE RIVERS COMMUNITY TECH COLLEGE     ,CT,06360-0000,Public       ,396,456,852,396,456,852
00982200,ALBERT I PRINCE TECHNICAL HIGH SCHOOL   ,CT,06106-3799,Public       ,1,9,10,1,9,10
01041700,BRIO ACADEMY OF EAST HARTFORD           ,CT,06108-2220,Proprietary  ,5,8,13,5,8,13
01053000,QUINEBAUG VALLEY COMMUNITY COLLEGE      ,CT,06239-1440,Public       ,167,246,413,167,246,413
01077900,PORTER AND CHESTER INSTITUTE-ALLCAMPUSES,CT,06615-7158,Proprietary  ,98,199,297,98,199,297
01115000,ASNUNTUCK COMMUNITY COLLEGE             ,CT,06082-3800,Public       ,91,98,189,91,98,189
01149600,BULLARD HAVENS VOC TECH SCHOOL          ,CT,06610-3499,Public       ,2,19,21,2,19,21
01169700,VINAL REGIONAL VOC TECH SCHOOL          ,CT,06457-4918,Public       ,5,6,11,5,6,11
01184300,NORWICH TECHNICAL HIGH SCHOOL           ,CT,06360-7097,Public       ,5,4,9,5,4,9
01218500,H C WILCOX TECHNICAL HIGH SCHOOL        ,CT,06450-0000,Public       ,4,1,5,4,1,5
01242500,STONE ACADEMY                           ,CT,06514-4125,Proprietary  ,23,84,107,23,84,107
01242503,STONE ACADEMY -WATERBURY                ,CT,06705-3823,Proprietary  ,5,7,12,5,7,12
01287700,GIBBS COLLEGE                           ,CT,06855-1436,Proprietary  ,74,89,163,74,89,163
01291300,LEON INSTITUTE OF HAIR DESIGN           ,CT,06604-4226,Proprietary  ,3,10,13,3,10,13
01326400,HENRY ABBOTT TECHNICAL HIGH SCHOOL      ,CT,06811-4881,Public       ,1,12,13,1,12,13
02058900,HARVARD H ELLIS TECHNICAL HIGH SCHOOL   ,CT,06239-0000,Public       ,9,1,10,9,1,10
02074000,BRANFORD HALL CAREER INSTITUTE          ,CT,06405-0000,Proprietary  ,53,242,295,53,242,295
02106600,FOX INSTITUTE OF BUSINESS               ,CT,06110-0000,Proprietary  ,1,12,13,1,12,13
02112300,RIDLEY LOWELL BUSINESS & TECH INST      ,CT,06320-0000,Proprietary  ,3,7,10,3,7,10
02112700,NORTH HAVEN ACADEMY                     ,CT,06473-3108,Proprietary  ,26,12,38,26,12,38
02115100,BUTLER BUSINESS SCHOOL                  ,CT,06604-0000,Proprietary  ,0,4,4,0,4,4
02148700,CONNECTICUT INST OF HAIR DESIGN         ,CT,06716-0000,Proprietary  ,7,7,14,7,7,14
02202500,NEW ENGLAND TRACTOR TRAILER SCH         ,CT,06071-2036,Proprietary  ,1,19,20,1,19,20
02213000,ELLA T GRASSO SOUTHEASTERN TECHNICAL HIG,CT,06340-0000,Public       ,2,2,4,2,2,4
02228800,BARAN INSTITUTE OF TECHNOLOGY           ,CT,06088-9631,Proprietary  ,284,116,400,284,116,400
02244900,GOODWIN COLLEGE                         ,CT,06118-9980,Private      ,203,773,976,203,773,976
02245300,HOWELL CHENEY TECHNICAL HIGH SCHOOL     ,CT,06040-0000,Public       ,0,1,1,0,1,1
02265900,WINDHAM COMMUNITY MEM HOSP-RAD TECH     ,CT,06226-0000,Private      ,3,2,5,3,2,5
02296100,YALE-NEW HAVEN HOSP DIETETIC INTERN     ,CT,06510-8900,Private      ,8,2,10,8,2,10
02300000,W F KAYNOR TECHNICAL HIGH SCHOOL        ,CT,06708-0000,Public       ,3,10,13,3,10,13
02316600,CONNECTICUT CTR FOR MASSAGE THERAPY     ,CT,06111-3975,Proprietary  ,6,42,48,6,42,48
02316601,CONNECTICUT CENTER FOR MASSAGE THERAPY -,CT,06880-4619,Proprietary  ,2,19,21,2,19,21
02316603,CONNECTICUT CENTER FOR MASSAGE THERAPY -,CT,06340-4619,Proprietary  ,6,14,20,6,14,20
02565000,PLATT TECHNICAL HIGH SCHOOL             ,CT,06460-2105,Public       ,0,3,3,0,3,3
03079400,LYME ACADEMY COLLEGE OF FINE ARTS       ,CT,06371-2333,Private      ,45,7,52,45,7,52
03094800,INDUSTRIAL MANAGEMENT & TRAINING        ,CT,06706-1211,Proprietary  ,5,21,26,5,21,26
03231400,OLIVER WOLCOTT TECHNICAL HIGH SCHOOL    ,CT,06790-3859,Public       ,4,0,4,4,0,4
03234300,CHARTER OAK STATE COLLEGE               ,CT,06053-2150,Public       ,16,195,211,16,195,211
03316300,CONNECTICUT CULINARY INSTITUTE          ,CT,06105-3630,Proprietary  ,170,79,249,170,79,249
03381300,CONNECTICUT TRAINING CENTER             ,CT,06108-2705,Private      ,1,3,4,1,3,4
03927300,ALBERT SCHOOL (THE)                     ,CT,06357-2447,Proprietary  ,1,1,2,1,1,2
04053300,CLEMENS COLLEGE                         ,CT,06078-0000,Proprietary  ,59,4,63,59,4,63
04104300,ACADEMY DI CAPELLI - SCHOOL OF COSMETOLO,CT,06492-0000,Proprietary  ,4,5,9,4,5,9
04128800,BRANFORD ACADEMY OF HAIR & COSMETOLOGY  ,CT,06405-0000,Proprietary  ,2,5,7,2,5,7
00146600,BARRY UNIVERSITY                        ,FL,33161-6695,Private      ,1864,2275,4139,1864,2275,4139
00146601,BARRY UNIVERSITY SCHOOL OF LAW          ,FL,32807-0000,Private      ,19,696,715,19,696,715
00146700,BETHUNE COOKMAN UNIVERSITY              ,FL,32114-3099,Private      ,3456,469,3925,3456,469,3925
00146800,ST THOMAS UNIVERSITY                    ,FL,33054-0000,Private      ,472,947,1419,472,947,1419
00146900,FLORIDA INSTITUTE OF TECHNOLOGY         ,FL,32901-6988,Private      ,2268,645,2913,2268,645,2913
00147000,BREVARD COMMUNITY COLLEGE               ,FL,32922-6503,Public       ,861,1244,2105,861,1244,2105
00147100,CENTRAL FLORIDA COMMUNITY COLLEGE       ,FL,34478-1388,Public       ,842,1142,1984,842,1142,1984
00147200,CHIPOLA  COLLEGE                        ,FL,32446-2053,Public       ,184,208,392,184,208,392
00147300,CLEARWATER CHRISTIAN COLLEGE            ,FL,33759-0000,Private      ,483,40,523,483,40,523
00147500,DAYTONA STATE COLLEGE                   ,FL,32114-2800,Public       ,1161,1911,3072,1161,1911,3072
00147700,EDISON COLLEGE                          ,FL,33906-6210,Public       ,1062,1189,2251,1062,1189,2251
00147800,EDWARD WATERS COLLEGE                   ,FL,32209-6199,Private      ,453,157,610,453,157,610
00147900,EMBRY-RIDDLE AERONAUTICAL UNIV          ,FL,32114-3900,Private      ,4297,1259,5556,4297,1259,5556
00148000,FLORIDA A & M UNIVERSITY                ,FL,32307-3100,Public       ,7610,2914,10524,7610,2914,10524
00148100,FLORIDA ATLANTIC UNIVERSITY             ,FL,33431-6498,Public       ,6730,3545,10275,6730,3545,10275
00148101,FLORIDA ATLANTIC UNIVERSITY/DAVIE       ,FL,33314-0000,Public       ,365,845,1210,365,845,1210
00148103,FLORIDA ATLANTIC UNIV-JUPITER/PSL       ,FL,33458-0000,Public       ,231,195,426,231,195,426
00148200,FLORIDA COLLEGE                         ,FL,33617-5578,Private      ,141,9,150,141,9,150
00148400,FLORIDA COMMUNITY COLLEGE AT JAX        ,FL,32202-4030,Public       ,2004,3844,5848,2004,3844,5848
00148500,FLORIDA KEYS COMMUNITY COLLEGE          ,FL,33040-4397,Public       ,58,95,153,58,95,153
00148600,FLORIDA MEMORIAL UNIVERSITY             ,FL,33054-6199,Private      ,813,331,1144,813,331,1144
00148700,ECKERD COLLEGE                          ,FL,33711-4744,Private      ,1863,220,2083,1863,220,2083
00148800,FLORIDA SOUTHERN COLLEGE                ,FL,33801-5698,Private      ,1256,185,1441,1256,185,1441
00148900,FLORIDA STATE UNIVERSITY                ,FL,32306-2430,Public       ,17037,6918,23955,17037,6918,23955
00149000,GULF COAST COMMUNITY COLLEGE            ,FL,32401-1058,Public       ,403,682,1085,403,682,1085
00149300,INDIAN RIVER STATE COLLEGE              ,FL,34981-5596,Public       ,904,1344,2248,904,1344,2248
00149500,JACKSONVILLE UNIVERSITY                 ,FL,32211-3394,Private      ,1848,750,2598,1848,750,2598
00149700,JONES COLLEGE                           ,FL,32211-5588,Private      ,14,190,204,14,190,204
00149900,EVEREST UNIVERSITY                      ,FL,32810-5601,Proprietary  ,103,1291,1394,103,1291,1394
00149901,EVEREST UNIVERSITY - ORLANDO SOUTH      ,FL,32819-7666,Proprietary  ,75,401,476,75,401,476
00149902,EVEREST UNIVERSITY - MELBOURNE          ,FL,32905-6609,Proprietary  ,26,199,225,26,199,225
00150000,BROWARD COLLEGE- DOWNTOWN CTR           ,FL,33301-2208,Public       ,1029,1690,2719,1029,1690,2719
00150001,BROWARD COLLEGE - DAVIE CAMPUS          ,FL,33314-0000,Public       ,1673,1579,3252,1673,1579,3252
00150002,BROWARD COLLEGE- NORTH CAMPUS           ,FL,33066-0000,Public       ,465,431,896,465,431,896
00150003,BROWARD COLLEGE- SOUTH CAMPUS           ,FL,33024-0000,Public       ,479,450,929,479,450,929
00150100,LAKE CITY COMMUNITY COLLEGE             ,FL,32025-2007,Public       ,215,460,675,215,460,675
00150200,LAKE SUMTER COMMUNITY COLLEGE           ,FL,34788-8751,Public       ,352,515,867,352,515,867
00150400,MANATEE COMMUNITY COLLEGE               ,FL,34207-3596,Public       ,1088,1462,2550,1088,1462,2550
00150500,LYNN UNIVERSITY                         ,FL,33431-5598,Private      ,843,171,1014,843,171,1014
00150600,MIAMI DADE COLLEGE ADMINISTRATION ONLY  ,FL,33176-3393,Public       ,154,150,304,154,150,304
00150601,MIAMI DADE COLLEGE - NORTH CAMPUS       ,FL,33167-3495,Public       ,2337,2775,5112,2337,2775,5112
00150602,MIAMI DADE COLLEGE - KENDALL CAMPUS     ,FL,33176-3393,Public       ,2887,2119,5006,2887,2119,5006
00150603,MIAMI DADE COLLEGE - WOLFSON CAMPUS     ,FL,33132-2297,Public       ,1469,1511,2980,1469,1511,2980
00150604,MIAMI DADE COLLEGE - MEDICAL CAMPUS     ,FL,33127-4693,Public       ,396,853,1249,396,853,1249
00150605,MIAMI DADE COLLEGE - HOMESTEAD CAMPUS   ,FL,33030-6009,Public       ,298,412,710,298,412,710
00150606,MIAMI DADE COLLEGE -INTERAMERICAN CAMPUS,FL,33135-0000,Public       ,605,1152,1757,605,1152,1757
00150607,MIAMI DADE COLLEGE - HIALEAH CAMPUS     ,FL,33012-2918,Public       ,335,418,753,335,418,753
00150800,NORTH FLORIDA COMMUNITY COLLEGE         ,FL,32340-1699,Public       ,129,167,296,129,167,296
00150900,NOVA SOUTHEASTERN UNIVERSITY            ,FL,33314-7796,Private      ,2038,9264,11302,2038,9264,11302
00151000,NORTHWEST FLORIDA STATE COLLEGE         ,FL,32578-1295,Public       ,408,748,1156,408,748,1156
00151200,PALM BEACH COMMUNITY COLLEGE            ,FL,33461-4796,Public       ,1683,1871,3554,1683,1871,3554
00151300,PENSACOLA JR COLLEGE                    ,FL,32504-8998,Public       ,789,1339,2128,789,1339,2128
00151400,POLK COMMUNITY COLLEGE                  ,FL,33881-4299,Public       ,710,999,1709,710,999,1709
00151500,ROLLINS COLLEGE                         ,FL,32789-4499,Private      ,1474,361,1835,1474,361,1835
00151900,SANTA FE COLLEGE                        ,FL,32606-6200,Public       ,2331,1597,3928,2331,1597,3928
00152000,SEMINOLE COMMUNITY COLLEGE              ,FL,32773-6199,Public       ,998,1610,2608,998,1610,2608
00152100,SOUTHEASTERN UNIVERSITY                 ,FL,33801-6099,Private      ,1266,343,1609,1266,343,1609
00152200,SOUTH FLORIDA COMMUNITY COLLEGE         ,FL,33825-9399,Public       ,256,318,574,256,318,574
00152300,ST JOHNS RIVER COMMUNITY COLLEGE        ,FL,32177-3897,Public       ,393,735,1128,393,735,1128
00152600,SAINT LEO UNIVERSITY                    ,FL,33574-6665,Private      ,1472,3108,4580,1472,3108,4580
00152800,ST. PETERSBURG COLLEGE                  ,FL,33760-3768,Public       ,1437,3410,4847,1437,3410,4847
00153100,STETSON UNIVERSITY                      ,FL,32723-3761,Private      ,1601,217,1818,1601,217,1818
00153101,STETSON UNIVERSITY - COLLEGE OF LAW     ,FL,33707-3299,Private      ,23,1061,1084,23,1061,1084
00153300,TALLAHASSEE COMMUNITY COLLEGE           ,FL,32304-2895,Public       ,2159,1718,3877,2159,1718,3877
00153400,EVEREST UNIVERSITY                      ,FL,33614-5801,Proprietary  ,115,2139,2254,115,2139,2254
00153408,EVEREST UNIVERSITY - TAMPA BRANDON CAMPU,FL,33619-1354,Proprietary  ,25,310,335,25,310,335
00153409,EVEREST UNIVERSITY - ORANGE PARK        ,FL,32073-1111,Proprietary  ,25,239,264,25,239,264
00153500,UNIVERSITY OF FLORIDA                   ,FL,32611-3150,Public       ,19046,7996,27042,19046,7996,27042
00153600,UNIVERSITY OF MIAMI                     ,FL,33146-6531,Private      ,11104,2575,13679,11104,2575,13679
00153601,UNIV OF MIAMI SCHOOL OF LAW             ,FL,33124-0000,Private      ,35,1254,1289,35,1254,1289
00153602,UNIV OF MIAMI-SCH OF MEDICINE           ,FL,33136-0000,Private      ,312,530,842,312,530,842
00153700,UNIVERSITY OF SOUTH FLORIDA             ,FL,33620-6960,Public       ,15863,8347,24210,15863,8347,24210
00153701,UNIV OF SOUTH FLORIDA-ST PETERSBURG     ,FL,33701-0000,Public       ,374,325,699,374,325,699
00153702,UNIV OF SOUTH FLORIDA-SARASOTA          ,FL,34243-0000,Public       ,98,220,318,98,220,318
00153705,UNIV OF SOUTH FLORIDA                   ,FL,33803-0000,Public       ,290,193,483,290,193,483
00153706,UNIV OF SOUTH FLORIDA- MEDICINE         ,FL,33612-0000,Public       ,421,703,1124,421,703,1124
00153800,UNIVERSITY OF TAMPA                     ,FL,33606-1490,Private      ,4184,626,4810,4184,626,4810
00154000,WEBBER INTERNATIONAL UNIVERSITY         ,FL,33827-0096,Private      ,266,56,322,266,56,322
00173308,NATIONAL-LOUIS UNIVERSITY               ,FL,33609-0000,Private      ,2,11,13,2,11,13
00177201,TRINITY INTERNATIONAL UNIVERSITY - SOUTH,FL,33324-4611,Private      ,10,86,96,10,86,96
00395400,UNIV OF CENTRAL FLORIDA                 ,FL,32816-0001,Public       ,19784,6917,26701,19784,6917,26701
00395500,UNIVERSITY OF WEST FLORIDA              ,FL,32514-5750,Public       ,2432,1672,4104,2432,1672,4104
00407215,NORTHWOOD UNIVERSITY                    ,FL,33409-0000,Private      ,272,78,350,272,78,350
00558500,LIVELY TECHNICAL CENTER                 ,FL,32304-0000,Public       ,48,187,235,48,187,235
00558501,LIVELY TECHNICAL CENTER - AVIATION SCHOO,FL,32304-8723,Public       ,0,14,14,0,14,14
00558600,LINDSEY HOPKINS TECHNICAL ED CENTER     ,FL,33127-4692,Public       ,23,112,135,23,112,135
00559400,D G ERWIN TECHNICAL CENTER              ,FL,33610-8255,Public       ,86,270,356,86,270,356
00560500,PINELLAS TECH ED CTR-CLEARWATER         ,FL,33760-2194,Public       ,23,97,120,23,97,120
00560700,SARASOTA COUNTY TECHNICAL INSTITUTE     ,FL,34233-0000,Public       ,35,128,163,35,128,163
00560800,TRAVISS TECHNICAL CENTER                ,FL,33803-0000,Public       ,25,172,197,25,172,197
00561200,MANATEE TECHNICAL INSTITUTE             ,FL,34210-0000,Public       ,18,90,108,18,90,108
00561201,MANATEE TECHNICAL INSTITUTE-EAST        ,FL,34211-0000,Public       ,18,96,114,18,96,114
00675000,VALENCIA COMMUNITY COLLEGE              ,FL,32802-3028,Public       ,4322,3602,7924,4322,3602,7924
00752500,SUWANNEE-HAMILTON AREA VOC TECH CTR     ,FL,32060-0000,Public       ,8,43,51,8,43,51
00752600,WASHINGTON HOLMES TECHNICAL CENTER      ,FL,32428-1699,Public       ,6,24,30,6,24,30
00755800,LEE COUNTY HIGH TECH CENTER CENTRAL     ,FL,33916-2299,Public       ,32,96,128,32,96,128
00758600,REMINGTON COLLEGE - TAMPA CAMPUS        ,FL,33612-8410,Proprietary  ,17,88,105,17,88,105
00758604,REMINGTON COLLEGE-LARGO CAMPUS          ,FL,33771-0000,Proprietary  ,1,6,7,1,6,7
00758605,REMINGTON COLLEGE-JACKSONVILLE CAMPUS   ,FL,32256-6932,Proprietary  ,6,6,12,6,6,12
00787000,HILLSBOROUGH COMMUNITY COLLEGE          ,FL,33606-3572,Public       ,2578,3000,5578,2578,3000,5578
00789300,FLAGLER COLLEGE                         ,FL,32085-1027,Private      ,1514,167,1681,1514,167,1681
00789301,FLAGLER COLLEGE - TALLAHASSEE COMMUNITY ,FL,32304-2895,Private      ,30,75,105,30,75,105
00807500,ST JOHN VIANNEY COLLEGE SEMINARY        ,FL,33165-3244,Private      ,3,0,3,3,0,3
00814600,EVEREST UNIVERSITY - POMPANO BEACH      ,FL,33062-2522,Proprietary  ,32,210,242,32,210,242
00822300,ST VINCENT DE PAUL REGIONL SEMINARY     ,FL,33436-0000,Private      ,0,3,3,0,3,3
00841700,STENOTYPE INST OF JACKSONVILLE          ,FL,32207-0000,Proprietary  ,3,20,23,3,20,23
00850100,RASMUSSEN COLLEGE                       ,FL,34471-7051,Proprietary  ,82,392,474,82,392,474
00850103,RASMUSSEN COLLEGE-HOLIDAY               ,FL,34690-0000,Proprietary  ,30,198,228,30,198,228
00884800,WARNER SOUTHERN COLLEGE                 ,FL,33859-8725,Private      ,181,155,336,181,155,336
00884900,PALM BEACH ATLANTIC UNIVERSITY          ,FL,33401-6505,Private      ,1219,537,1756,1219,537,1756
00887800,MIAMI INTERNATIONAL UNIV ART&DESIGN     ,FL,33132-1418,Proprietary  ,835,519,1354,835,519,1354
00910400,RIVERSIDE HAIRSTYLING ACADEMY           ,FL,32207-3810,Proprietary  ,4,12,16,4,12,16
00963500,FLORIDA INTERNATIONAL UNIVERSITY        ,FL,33199-0001,Public       ,11350,8036,19386,11350,8036,19386
00984100,UNIVERSITY OF NORTH FLORIDA             ,FL,32224-2645,Public       ,4523,2407,6930,4523,2407,6930
00990200,SHERIDAN TECHNICAL CENTER               ,FL,33021-3399,Public       ,77,239,316,77,239,316
01016100,"LORAINE'S ACADEMY, INC                  ",FL,33710-0000,Proprietary  ,2,17,19,2,17,19
01019500,ART INSTITUTE OF FT LAUDERDALE          ,FL,33316-3000,Proprietary  ,511,345,856,511,345,856
01065200,PASCO-HERNANDO COMMUNITY CLG            ,FL,34654-5199,Public       ,763,1181,1944,763,1181,1944
01072401,CARLOS ALBIZU UNIVERSITY                ,FL,33172-0000,Private      ,27,220,247,27,220,247
01082600,TOM P. HANEY TECHNICAL CENTER           ,FL,32405-5099,Public       ,17,69,86,17,69,86
01112700,GOODING INST OF NUR ANES BAY MED CT     ,FL,32401-0000,Public       ,2,27,29,2,27,29
01226300,ATLANTIC TECHNICAL CENTER               ,FL,33063-3902,Public       ,65,184,249,65,184,249
01254400,FIRST COAST TECHNICAL COLLEGE           ,FL,32084-1921,Public       ,13,90,103,13,90,103
01254401,FIRST COAST TECHNICAL INSTITUTE - PUTNAM,FL,32077-6830,Public       ,8,18,26,8,18,26
01257400,RINGLING SCHOOL OF ART AND DESIGN       ,FL,34234-5895,Private      ,995,148,1143,995,148,1143
01303904,SOUTH UNIVERSITY                        ,FL,33409-5149,Proprietary  ,68,288,356,68,288,356
01323400,LORENZO WALKER INST OF TECHNOLOGY       ,FL,34104-4405,Public       ,31,69,100,31,69,100
02052002,FLORIDA EDUCATION CENTER - LAUDERHILL   ,FL,33313-5857,Proprietary  ,18,76,94,18,76,94
02089600,CONCORDE CAREER INSTITUTE               ,FL,32211-0000,Proprietary  ,32,201,233,32,201,233
02089709,HERZING COLLEGE                         ,FL,32792-5509,Proprietary  ,3,24,27,3,24,27
02113609,AMERICAN INTERCONTINENTAL UNIV - WESTON ,FL,33326-3233,Proprietary  ,200,297,497,200,297,497
02115300,PINELLAS TECHNICAL EDUCATION CENTERS - S,FL,33711-0000,Public       ,14,91,105,14,91,105
02116006,SANFORD-BROWN INSTITUTE - FT. LAUDERDALE,FL,33309-1906,Proprietary  ,49,242,291,49,242,291
02121800,EVEREST INSTITUTE                       ,FL,33169-4759,Proprietary  ,13,35,48,13,35,48
02121801,EVEREST INSTITUTE  - HIALEAH            ,FL,33012-7193,Proprietary  ,20,43,63,20,43,63
02148200,FASHION FOCUS HAIR ACADEMY              ,FL,34231-0000,Proprietary  ,2,2,4,2,2,4
02148300,MANHATTAN BEAUTY SCHOOL                 ,FL,33611-0000,Proprietary  ,6,11,17,6,11,17
02149900,PAUL MITCHELL THE SCHOOL-JACKSONVILLE   ,FL,32205-0000,Proprietary  ,10,9,19,10,9,19
02151100,ATI COLLEGE OF HEALTH                   ,FL,33169-0000,Proprietary  ,7,27,34,7,27,34
02151900,KEISER  UNIVERSITY                      ,FL,33309-0000,Proprietary  ,412,2077,2489,412,2077,2489
02156700,FLORIDA CHRISTIAN COLLEGE               ,FL,34744-0000,Private      ,48,29,77,48,29,77
02159600,BAPTIST COLLEGE OF FLORIDA (THE)        ,FL,32440-0000,Private      ,83,63,146,83,63,146
02172700,CONCORDE CAREER INSTITUTE               ,FL,33607-0000,Proprietary  ,21,97,118,21,97,118
02188900,HOBE SOUND BIBLE COLLEGE                ,FL,33475-0000,Private      ,12,11,23,12,11,23
02200100,BRADENTON BEAUTY & BARBER ACADEMY       ,FL,34209-0000,Proprietary  ,2,6,8,2,6,8
02215900,ATI CAREER TRAINING CENTER              ,FL,33309-1785,Proprietary  ,2,14,16,2,14,16
02218700,FLORIDA TECHNICAL COLLEGE               ,FL,32826-2707,Proprietary  ,53,181,234,53,181,234
02218707,FLORIDA TECHNICAL COLLEGE - LAKELAND    ,FL,33813-2101,Proprietary  ,3,12,15,3,12,15
02218709,FLORIDA TECHNICAL COLLEGE - DELAND      ,FL,32720-7415,Proprietary  ,7,21,28,7,21,28
02228300,LAKE TECHNICAL CENTER                   ,FL,32726-0000,Public       ,30,97,127,30,97,127
02245500,CENTRAL FLORIDA COLLEGE                 ,FL,32789-4679,Proprietary  ,57,198,255,57,198,255
02257900,INTERNATIONAL ACADEMY                   ,FL,32119-3541,Proprietary  ,5,10,15,5,10,15
02275100,CONCORDE CAREER INSTITUTE               ,FL,33025-0000,Proprietary  ,7,68,75,7,68,75
02278800,SOUTHWEST FLORIDA COLLEGE               ,FL,33907-0000,Private      ,55,202,257,55,202,257
02278801,SOUTHWEST FLORIDA COLLEGE - TAMPA       ,FL,33619-1344,Private      ,39,58,97,39,58,97
02279600,CORTIVA INSTITUTE - FLORIDA             ,FL,33781-0000,Proprietary  ,6,15,21,6,15,21
02280800,NEW ENGLAND INST TECH-PALM BEACH        ,FL,33407-0000,Proprietary  ,91,259,350,91,259,350
02283800,BEAUTY SCHOOLS OF AMERICA               ,FL,33012-3322,Proprietary  ,2,10,12,2,10,12
02286500,ITT TECHNICAL INSTITUTE                 ,FL,33634-7515,Proprietary  ,73,97,170,73,97,170
02287100,LA BELLE BEAUTY SCHOOL                  ,FL,33012-0000,Proprietary  ,1,2,3,1,2,3
02293200,ATI CAREER TRAINING CENTER              ,FL,33309-0000,Proprietary  ,9,13,22,9,13,22
02293201,ATI CAREER TRAINING CENTER - MIAMI      ,FL,33122-0000,Proprietary  ,6,9,15,6,9,15
02293600,ADVANCED TECHNICAL CENTERS              ,FL,33266-1597,Private      ,2,2,4,2,2,4
02297000,CHARLOTTE TECHNICAL CENTER              ,FL,33948-0000,Public       ,26,63,89,26,63,89
02300900,WITHLACOOCHEE TECHNICAL INSTITUTE       ,FL,34450-0000,Public       ,24,97,121,24,97,121
02305700,GULF COAST COLLEGE                      ,FL,33619-0000,Proprietary  ,19,68,87,19,68,87
02305800,FLORIDA CAREER COLLEGE                  ,FL,33012-7028,Proprietary  ,95,337,432,95,337,432
02307400,GEORGE STONE AREA VOCATIONAL TECHNICAL  ,FL,32526-0000,Public       ,13,73,86,13,73,86
02314100,SCHILLER INTERNATIONAL UNIVERSITY       ,FL,33770-3716,Proprietary  ,33,35,68,33,35,68
02316200,MIAMI LAKES TECHNICAL EDUCATION CTR     ,FL,33014-0000,Public       ,41,112,153,41,112,153
02321200,ORANGE TECH EDUC CTR- WESTSIDE TECH     ,FL,34787-0000,Public       ,20,54,74,20,54,74
02325100,KEY COLLEGE                             ,FL,33004-3046,Proprietary  ,2,31,33,2,31,33
02326303,MEDVANCE INSTITUTE - WEST PALM          ,FL,33461-2171,Proprietary  ,31,61,92,31,61,92
02326306,MEDVANCE INSTITUTE - MIAMI              ,FL,33173-3431,Proprietary  ,5,27,32,5,27,32
02326800,RESORT & SPA SCHOOLS INTERNATIONAL      ,FL,34233-0000,Proprietary  ,1,3,4,1,3,4
02326900,SUNSTATE ACADEMY OF HAIR DESIGN         ,FL,33907-1415,Proprietary  ,4,2,6,4,2,6
02329900,FLORIDA INSTITUTE OF ULTRASOUND         ,FL,32514-0000,Proprietary  ,16,40,56,16,40,56
02337000,SUNCOAST II THE TAMPA BAY SCHOOL OF MASS,FL,33607-3802,Proprietary  ,2,5,7,2,5,7
02338400,FT PIERCE BEAUTY ACADEMY                ,FL,34982-0000,Proprietary  ,8,19,27,8,19,27
02341001,FORTIS COLLEGE - DBA FORTIS INSTITUTE   ,FL,32504-7322,Proprietary  ,4,22,26,4,22,26
02346200,WYOTECH                                 ,FL,32174-1010,Proprietary  ,129,110,239,129,110,239
02362100,FULL SAIL UNIVERSITY                    ,FL,32792-0000,Proprietary  ,2550,1270,3820,2550,1270,3820
02499000,ACADEMY OF COSMETOLOGY                  ,FL,32953-3311,Proprietary  ,1,6,7,1,6,7
02501500,"O*TEC, MID-FLORIDA TECH                 ",FL,32809-0000,Public       ,45,63,108,45,63,108
02502702,ADVANCED CAREER TRAINING-JACKSONVIL     ,FL,32256-0000,Proprietary  ,14,52,66,14,52,66
02504600,WINTER PARK TECH                        ,FL,32789-0000,Public       ,17,69,86,17,69,86
02508900,TALMUDIC COLLEGE OF FLORIDA             ,FL,33139-0000,Private      ,1,2,3,1,2,3
02511700,RIDGE TECHNICAL CENTER                  ,FL,33881-0000,Public       ,20,89,109,20,89,109
02513200,ORLANDO TECHNICAL CENTER                ,FL,32801-0000,Public       ,41,148,189,41,148,189
02515400,CITY COLLEGE                            ,FL,33309-3073,Private      ,21,156,177,21,156,177
02517100,SARASOTA SCHOOL OF MASSAGE THERAPY      ,FL,34243-6130,Proprietary  ,9,23,32,9,23,32
02524000,SUNSTATE ACADEMY OF HAIR DESIGN         ,FL,34624-0000,Proprietary  ,1,6,7,1,6,7
02524200,ROBERT MORGAN EDUCATIONAL CENTER        ,FL,33177-0000,Public       ,50,89,139,50,89,139
02547600,FLORIDA NATIONAL COLLEGE                ,FL,33012-0000,Proprietary  ,18,50,68,18,50,68
02554200,RADFORD LOCKLIN TECH CENTER             ,FL,32570-0000,Public       ,4,14,18,4,14,18
02573200,LA BELLE BEAUTY ACADEMY                 ,FL,33135-0000,Proprietary  ,2,4,6,2,4,6
02586200,FLORIDA CAREER COLLEGE                  ,FL,33759-3924,Proprietary  ,34,134,168,34,134,168
02586201,FLORIDA CAREER COLLEGE -                ,FL,33569-2553,Proprietary  ,1,5,6,1,5,6
02597100,HERITAGE INSTITUTE                      ,FL,33912-7132,Proprietary  ,10,47,57,10,47,57
02598200,FLORIDA TECHNICAL CLG JACKSONVILLE      ,FL,32211-5123,Proprietary  ,13,41,54,13,41,54
02599800,EVEREST UNIVERSITY                      ,FL,33759-1359,Proprietary  ,20,211,231,20,211,231
02599801,EVEREST UNIVERSITY - TAMPA LAKELAND CAMP,FL,33801-3801,Proprietary  ,14,106,120,14,106,120
02599805,EVEREST UNIVERSITY - JACKSONVILLE       ,FL,32256-0000,Proprietary  ,42,255,297,42,255,297
02601600,HENRY W BREWSTER TECHNICAL CENTER       ,FL,33602-0000,Public       ,11,56,67,11,56,67
02612700,DARLYNE MCGEE'S ACAD OF COSMETOLOGY     ,FL,32905-2805,Proprietary  ,1,6,7,1,6,7
02616400,SANFORD-BROWN INSTITUTE                 ,FL,32256-3520,Proprietary  ,42,298,340,42,298,340
02616401,SANFORD-BROWN INSTITUTE - TAMPA         ,FL,33610-8304,Proprietary  ,22,196,218,22,196,218
03003200,EVEREST INSTITUTE                       ,FL,33186-1410,Proprietary  ,12,58,70,12,58,70
03003201,EVEREST INSTITUTE - FT. LAUDERDALE      ,FL,33304-2522,Proprietary  ,6,30,36,6,30,36
03003600,MCFATTER TECHNICAL CENTER               ,FL,33317-7499,Public       ,47,121,168,47,121,168
03008600,FLORIDA COLLEGE OF NATURAL HEALTH       ,FL,33064-1342,Proprietary  ,24,95,119,24,95,119
03010608,VIRGINIA COLLEGE - PENSACOLA            ,FL,32501-5650,Proprietary  ,12,120,132,12,120,132
03010612,VIRGINIA COLLEGE - GOLF ACADEMY OF AMERI,FL,32701-0000,Proprietary  ,23,29,52,23,29,52
03012300,ASM BEAUTY WORLD ACADEMY                ,FL,33021-0000,Proprietary  ,2,4,6,2,4,6
03018500,BENE'S INTERNATIONAL SCHOOL OF BEAUTY   ,FL,34652-1637,Proprietary  ,5,26,31,5,26,31
03028200,TRINITY COLLEGE OF FLORIDA              ,FL,34655-4401,Private      ,44,35,79,44,35,79
03031400,INTERNATIONAL ACAD OF DESIGN & TECH     ,FL,33634-6313,Proprietary  ,757,851,1608,757,851,1608
03031402,INTERNATIONAL ACADEMY OF DESIGN AND TECH,FL,32809-4633,Proprietary  ,196,187,383,196,187,383
03031403,IADT - ORLANDO CULINARY ACADEMY         ,FL,32819-0000,Proprietary  ,104,88,192,104,88,192
03035800,HERITAGE INSTITUTE                      ,FL,32216-0948,Proprietary  ,8,24,32,8,24,32
03035900,NATIONAL AVIATION ACADEMY               ,FL,33760-3931,Proprietary  ,24,85,109,24,85,109
03037500,HODGES UNIVERSITY                       ,FL,34119-7932,Private      ,55,390,445,55,390,445
03054200,TECHNICAL CAREER INSTITUTE              ,FL,33144-2373,Proprietary  ,13,10,23,13,10,23
03071600,COLLEGE OF BUSINESS & TECHNOLOGY        ,FL,33176-1412,Proprietary  ,20,121,141,20,121,141
03071601,COLLEGE OF BUSINESS & TECHNOLOGY -      ,FL,33144-2072,Proprietary  ,10,6,16,10,6,16
03071602,COLLEGE OF BUSINESS & TECHNOLOGY -      ,FL,33012-3436,Proprietary  ,2,2,4,2,2,4
03076402,HIGH-TECH INSTITUTE - ORLANDO           ,FL,32803-3509,Proprietary  ,26,65,91,26,65,91
03079800,GEORGE T BAKER AVIATION                 ,FL,33142-5687,Public       ,15,27,42,15,27,42
03079900,CITY COLLEGE                            ,FL,32707-5342,Private      ,1,8,9,1,8,9
03087600,ITT TECHNICAL INSTITUTE                 ,FL,32746-1607,Proprietary  ,37,62,99,37,62,99
03096300,FLORIDA CAREER INSTITUTE                ,FL,33860-0000,Proprietary  ,3,14,17,3,14,17
03099600,MERCY HOSPITAL SCHOOL OF PRACTICAL NSG  ,FL,33133-4237,Private      ,10,34,44,10,34,44
03100800,TAYLOR TECHNICAL INSTITUTE              ,FL,32348-0894,Public       ,3,15,18,3,15,18
03101900,TRINITY BAPTIST COLLEGE                 ,FL,32221-1398,Private      ,42,19,61,42,19,61
03103900,MARION COUNTY COMMUNITY TECH & ADUL     ,FL,34474-3172,Public       ,31,100,131,31,100,131
03108500,EVERGLADES UNIVERSITY                   ,FL,33431-0000,Private      ,31,172,203,31,172,203
03108600,COM-PU-MED VOCATIONAL CAREERS           ,FL,33012-4861,Proprietary  ,0,2,2,0,2,2
03113400,ACADEMY OF HEALING ARTS                 ,FL,33463-2113,Proprietary  ,0,5,5,0,5,5
03114700,PRAXIS INSTITUTE                        ,FL,33135-2657,Proprietary  ,1,4,5,1,4,5
03115500,FLORIDA HOSPITAL COLG OF HEALTH SCI     ,FL,32803-1237,Private      ,236,503,739,236,503,739
03123900,KEISER CAREER INSTITUTE                 ,FL,33413-0000,Proprietary  ,32,149,181,32,149,181
03125600,MIAMI AD SCHOOL                         ,FL,33139-5203,Proprietary  ,10,62,72,10,62,72
03127900,TECHNICAL EDUCATION CTR OSCEOLA         ,FL,34744-4459,Public       ,27,65,92,27,65,92
03139600,DELTA CONNECTION ACADEMY                ,FL,32773-9683,Proprietary  ,14,24,38,14,24,38
03158300,LEE COUNTY HIGH TECH CENTER NORTH       ,FL,33993-2479,Public       ,8,47,55,8,47,55
03178400,CORAL RIDGE NURSES ASST TRAINING        ,FL,33306-0000,Proprietary  ,3,7,10,3,7,10
03224300,NEW PROFESSIONS TECHNICAL INSTITUTE     ,FL,33134-1640,Proprietary  ,3,31,34,3,31,34
03230300,OKALOOSA APPLIED TECHNOLOGY CENTER      ,FL,32547-1299,Public       ,11,94,105,11,94,105
03238300,FLORIDA COLLEGE OF INTEGRATIVE MED      ,FL,32809-5721,Proprietary  ,14,52,66,14,52,66
03255300,FLORIDA GULF COAST UNIVERSITY           ,FL,33965-6565,Public       ,3733,1177,4910,3733,1177,4910
03256300,YESHIVA GEDOLAH RABBINICAL COLLEGE      ,FL,33139-4708,Private      ,1,0,1,1,0,1
03346300,ACAD FOR PRAC NURSING & HEALTH OCCP     ,FL,33417-4574,Private      ,11,32,43,11,32,43
03348400,PROFESSIONAL TRAINING CENTERS           ,FL,33184-0000,Proprietary  ,16,61,77,16,61,77
03370300,AUDIO RECORDING TECHNOLOGY INSTITUTE    ,FL,32811-0000,Proprietary  ,28,19,47,28,19,47
03373300,BEACON COLLEGE                          ,FL,34748-5224,Private      ,33,8,41,33,8,41
03374300,FLORIDA COASTAL SCHOOL OF LAW           ,FL,32256-0000,Proprietary  ,12,1462,1474,12,1462,1474
03382300,BRADFORD-UNION AREA CAREERTECHNICAL CENT,FL,32091-2434,Public       ,6,44,50,6,44,50
03390300,AMERICARE SCHOOL OF NURSING             ,FL,32730-2351,Proprietary  ,5,31,36,5,31,36
03390301,AMERICARE SCHOOL OF NURSING - ST. PETERS,FL,33709-3142,Proprietary  ,8,15,23,8,15,23
03411400,INTERNATIONAL TRAINING CAREERS          ,FL,33155-1462,Private      ,0,3,3,0,3,3
03414500,SOUTHEAST INSTITUTE OF ORIENTAL MED     ,FL,33176-1509,Proprietary  ,2,20,22,2,20,22
03425400,CENTRAL FLORIDA INSTITUTE               ,FL,34684-4436,Proprietary  ,23,119,142,23,119,142
03429600,ATLANTIC INST OF ORIENTAL MEDICINE      ,FL,33316-0000,Private      ,0,10,10,0,10,10
03429700,EAST WEST COLLG OF NATURAL MEDICINE     ,FL,34236-4959,Proprietary  ,2,30,32,2,30,32
03433400,NEW CONCEPT MASSAGE AND BEAUTY SCHO     ,FL,33135-0000,Proprietary  ,0,3,3,0,3,3
03434300,NORTH FLORIDA INSTITUTE                 ,FL,32073-2999,Proprietary  ,6,41,47,6,41,47
03459400,SAINT PETERSBURG THEOLOGICAL SEMINA     ,FL,33708-3116,Private      ,4,10,14,4,10,14
03480301,MEDVANCE INSTITUTE - FORT LAUDERDALE    ,FL,33313-7261,Proprietary  ,3,4,7,3,4,7
03480302,MEDVANCE INSTITUTE - STUART             ,FL,34994-3000,Proprietary  ,8,63,71,8,63,71
03491400,AMERICAN ADVANCED TECHNICIANS INST      ,FL,33014-4430,Proprietary  ,0,2,2,0,2,2
03549300,ULTIMATE MEDICAL ACADEMY                ,FL,33756-5802,Proprietary  ,12,69,81,12,69,81
03553300,KEISER CAREER COLLEGE                   ,FL,32216-0000,Proprietary  ,1,2,3,1,2,3
03557300,NORTH FLORIDA COSMETOLOGY INSTITUTE     ,FL,32312-0000,Proprietary  ,9,22,31,9,22,31
03564300,SUPERIOR CAREER INSTITUTE               ,FL,33311-1141,Proprietary  ,0,5,5,0,5,5
03570400,ENGLISH CENTER (THE)                    ,FL,33133-2703,Public       ,2,13,15,2,13,15
03595400,ANGLEY COLLEGE                          ,FL,32720-4257,Proprietary  ,10,8,18,10,8,18
03611400,FLORIDA BARBER ACADEMY                  ,FL,33441-0000,Proprietary  ,0,3,3,0,3,3
03618300,FLORIDA INSTITUTE OF ANIMAL ARTS        ,FL,32792-1740,Proprietary  ,8,9,17,8,9,17
03627400,JACKSONVILLE BEAUTY INSTITUTE           ,FL,32208-1885,Proprietary  ,5,8,13,5,8,13
03627600,FLORIDA EDUCATION INSTITUTE             ,FL,33144-5036,Proprietary  ,6,6,12,6,6,12
03661400,SOUTH FLORIDA INSTITUTE OF TECHNOLO     ,FL,33135-0000,Proprietary  ,4,7,11,4,7,11
03696400,SABER                                   ,FL,33134-1604,Private      ,0,6,6,0,6,6
03706300,AMERICAN INSTITUTE                      ,FL,33319-5613,Proprietary  ,5,18,23,5,18,23
03757300,ADVANCE SCIENCE INSTITUTE               ,FL,33012-0000,Proprietary  ,1,0,1,1,0,1
03801400,BEAUTY INSTITUTE (THE)                  ,FL,33409-2972,Proprietary  ,3,8,11,3,8,11
03801401,BEAUTY INSTITUTE (THE) - MARGATE        ,FL,33068-5704,Proprietary  ,3,4,7,3,4,7
03816300,ARTISTIC NAILS & BEAUTY ACADEMY         ,FL,33605-5919,Proprietary  ,4,11,15,4,11,15
03823300,FLORIDA ACADEMY OF HEALTH & BEAUTY      ,FL,33311-0000,Proprietary  ,3,6,9,3,6,9
03832300,DADE MEDICAL COLLEGE                    ,FL,33125-4013,Proprietary  ,7,9,16,7,9,16
03842500,CAMBRIDGE INSTITUTE OF ALLIED HEALTH    ,FL,32750-0000,Proprietary  ,1,11,12,1,11,12
03856300,UNIVERSAL BEAUTY SCHOOL                 ,FL,33174-4406,Proprietary  ,0,1,1,0,1,1
03866300,GALIANO CAREER ACADEMY                  ,FL,32701-0000,Proprietary  ,3,10,13,3,10,13
03875300,MEDICAL CAREER INSTITUTE OF SOUTH FLORID,FL,33407-2103,Proprietary  ,4,10,14,4,10,14
03888300,DRAGON RISES COLLEGE OF ORIENTAL MEDICIN,FL,32601-5089,Proprietary  ,2,6,8,2,6,8
03903500,SOUTHERN TECHNICAL COLLEGE              ,FL,32809-0000,Proprietary  ,6,14,20,6,14,20
03906300,CAREER INSTITUTE OF FLORIDA             ,FL,33773-3434,Proprietary  ,3,17,20,3,17,20
03939300,WOLFORD COLLEGE                         ,FL,34108-1931,Private      ,1,21,22,1,21,22
03939400,CENTURA INSTITUTE                       ,FL,32807-3566,Proprietary  ,6,25,31,6,25,31
03939600,DAYTONA COLLEGE                         ,FL,32174-8445,Proprietary  ,11,3,14,11,3,14
03941300,AVE MARIA UNIVERSITY                    ,FL,34142-9505,Private      ,293,60,353,293,60,353
03957400,NEW COLLEGE OF FLORIDA                  ,FL,34243-2109,Public       ,902,59,961,902,59,961
03985300,COMMERCIAL DIVING ACADEMY               ,FL,32208-0000,Proprietary  ,13,71,84,13,71,84
03985400,SPACE COAST HEALTH INSTITUTE            ,FL,32904-8771,Proprietary  ,4,13,17,4,13,17
03986300,ARI BEN AVIATOR                         ,FL,34946-0000,Proprietary  ,7,9,16,7,9,16
04016500,AMERICAN INSTITUTE OF BEAUTY            ,FL,33773-0000,Proprietary  ,1,6,7,1,6,7
04029300,TRENDSETTERS OF FLORIDA SCHOOL OF BEAUTY,FL,32205-0000,Proprietary  ,1,2,3,1,2,3
04058300,HEALTH OPPORTUNITY TECHNICAL CENTER     ,FL,33169-4517,Proprietary  ,3,22,25,3,22,25
04105400,PENSACOLA SCHOOL OF MASSAGE THERAPY & HE,FL,32504-7337,Proprietary  ,7,15,22,7,15,22
04106300,PALM BEACH ACADEMY OF HEALTH & BEAUTY   ,FL,33403-2130,Proprietary  ,2,13,15,2,13,15
04116600,PROFESSIONAL HEALTH TRAINING ACADEMY    ,FL,34480-8714,Proprietary  ,1,31,32,1,31,32
04119400,AVEDA INSTITUTE - SAINT PETERSBURG      ,FL,33701-4242,Proprietary  ,19,22,41,19,22,41
04120400,HI-TECH SCHOOL OF COSMETOLOGY           ,FL,33174-0000,Proprietary  ,4,6,10,4,6,10
04120500,ACADEMY OF PROFESSIONAL CAREERS         ,FL,32792-4433,Proprietary  ,5,3,8,5,3,8
04126900,ACADEMY OF CAREER TRAINING              ,FL,34741-4644,Proprietary  ,10,15,25,10,15,25
04127400,DIGITAL MEDIA ARTS COLLEGE              ,FL,33431-5919,Proprietary  ,75,48,123,75,48,123
04130400,SHEAR EXCELLENCE INTERNATIONAL HAIR ACAD,FL,33614-2783,Private      ,1,3,4,1,3,4
04131900,FASTTRAIN OF MIAMI                      ,FL,33134-1065,Proprietary  ,0,1,1,0,1,1
04133500,ACADEMY FOR FIVE ELEMENT ACUPUNCTURE    ,FL,32601-6811,Private      ,4,15,19,4,15,19
00160500,CHAMINADE UNIV OF HONOLULU              ,HI,96816-1578,Private      ,848,499,1347,848,499,1347
00160600,BRIGHAM YOUNG UNIV-HAWAII CAMPUS        ,HI,96762-1294,Private      ,402,194,596,402,194,596
00161000,UNIVERSITY OF HAWAII AT MANOA           ,HI,96822-2399,Public       ,6895,3693,10588,6895,3693,10588
00161100,UNIVERSITY OF HAWAII AT HILO            ,HI,96720-4091,Public       ,1977,1057,3034,1977,1057,3034
00161200,HONOLULU COMMUNITY COLLEGE              ,HI,96817-4598,Public       ,488,405,893,488,405,893
00161300,KAPIOLANI COMMUNITY COLLEGE             ,HI,96816-4421,Public       ,867,648,1515,867,648,1515
00161400,KAUAI COMMUNITY COLLEGE                 ,HI,96766-9591,Public       ,103,99,202,103,99,202
00161500,MAUI COMMUNITY COLLEGE                  ,HI,96732-1644,Public       ,402,485,887,402,485,887
00454900,LEEWARD COMMUNITY COLLEGE               ,HI,96782-3393,Public       ,640,600,1240,640,600,1240
00525800,HAWAII COMMUNITY COLLEGE                ,HI,96720-4075,Public       ,482,494,976,482,494,976
00723401,HEALD COLLEGE - HONOLULU                ,HI,96814-0000,Proprietary  ,113,101,214,113,101,214
00727900,HAWAII PACIFIC UNIVERSITY               ,HI,96813-2882,Private      ,2500,1326,3826,2500,1326,3826
00777500,HOLLYWOOD BEAUTY COLLEGE                ,HI,96701-4100,Proprietary  ,1,6,7,1,6,7
01122000,WINDWARD COMMUNITY COLLEGE              ,HI,96744-0000,Public       ,196,255,451,196,255,451
02100300,MED-ASSIST SCHOOL OF HAWAII             ,HI,96813-0000,Proprietary  ,6,21,27,6,21,27
02107800,UNIVERSITY OF HAWAII - WEST OAHU        ,HI,96782-0000,Public       ,328,372,700,328,372,700
02139500,HAWAII INSTITUTE OF HAIR DESIGN         ,HI,96817-5195,Proprietary  ,1,9,10,1,9,10
02208704,SAN DIEGO GOLF ACADEMY - THE GOLF ACADEM,HI,96744-3724,Proprietary  ,3,2,5,3,2,5
02321300,HAWAI'I THEOLOGICAL SEMINARY            ,HI,96817-0000,Private      ,2,7,9,2,7,9
03017800,TRAVEL INSTITUTE OF THE PACIFIC         ,HI,96814-1946,Proprietary  ,6,16,22,6,16,22
03020800,NEW YORK TECHNICAL INST OF HAWAII       ,HI,96817-4415,Proprietary  ,5,12,17,5,12,17
03072500,WORLD MEDICINE INSTITUTE                ,HI,96826-0000,Private      ,4,21,25,4,21,25
03649300,HAWAII TECHNOLOGY INSTITUTE             ,HI,96813-3036,Private      ,9,14,23,9,14,23
03735300,INST OF CLINICAL ACUPUNCTURE & ORIENT MD,HI,96813-2307,Proprietary  ,0,7,7,0,7,7
03999400,TRADITIONAL CHINESE MEDICAL COLLEGE OF H,HI,96743-8324,Private      ,1,12,13,1,12,13
00161600,BOISE STATE UNIVERSITY                  ,ID,83725-1000,Public       ,6494,5465,11959,6494,5465,11959
00161700,"COLLEGE OF IDAHO, THE                   ",ID,83605-4432,Private      ,908,96,1004,908,96,1004
00161900,COLLEGE OF SOUTHERN IDAHO               ,ID,83301-0000,Public       ,1000,704,1704,1000,704,1704
00162000,IDAHO STATE UNIVERSITY                  ,ID,83209-5377,Public       ,2279,2777,5056,2279,2777,5056
00162100,LEWIS-CLARK STATE COLLEGE               ,ID,83501-2698,Public       ,1378,860,2238,1378,860,2238
00162300,NORTH IDAHO COLLEGE                     ,ID,83814-2199,Public       ,1135,965,2100,1135,965,2100
00162400,NORTHWEST NAZARENE UNIVERSITY           ,ID,83686-5897,Private      ,943,362,1305,943,362,1305
00162500,BRIGHAM YOUNG UNIVERSITY-IDAHO          ,ID,83460-1650,Private      ,2732,1065,3797,2732,1065,3797
00162600,UNIVERSITY OF IDAHO                     ,ID,83844-4291,Public       ,6126,2342,8468,6126,2342,8468
00455300,ITT TECHNICAL INSTITUTE                 ,ID,83713-1529,Proprietary  ,63,82,145,63,82,145
00987300,MR JUAN'S CLG OF HAIR DESIGN            ,ID,83301-4154,Proprietary  ,5,10,15,5,10,15
01113300,EASTERN IDAHO TECHNICAL COLLEGE         ,ID,83404-5788,Public       ,69,263,332,69,263,332
02210700,CAREER BEAUTY COLLEGE                   ,ID,83440-0000,Proprietary  ,9,5,14,9,5,14
02218000,APOLLO COLLEGE                          ,ID,83704-0000,Proprietary  ,66,175,241,66,175,241
02234500,BOISE BIBLE COLLEGE                     ,ID,83714-1220,Private      ,66,15,81,66,15,81
02275800,MR LEONS SCHOOL OF HAIR DESIGN          ,ID,83843-8384,Proprietary  ,6,4,10,6,4,10
02314000,SCHOOL OF HAIRSTYLING (THE)             ,ID,83202-0000,Proprietary  ,12,14,26,12,14,26
02319800,HEADMASTERS SCHOOL OF HAIR DESIGN       ,ID,83814-0000,Proprietary  ,17,12,29,17,12,29
02349200,HEADMASTERS SCHOOL OF HAIR DESIGN       ,ID,83501-0000,Proprietary  ,12,3,15,12,3,15
02559500,RAZZLE DAZZLE CLG OF HAIR DESIGN        ,ID,83686-5104,Proprietary  ,13,36,49,13,36,49
02607100,SCOT LEWIS SCHOOLS                      ,ID,83709-1662,Proprietary  ,25,12,37,25,12,37
03098700,ACADEMY OF COURT REPORTING              ,ID,83704-8320,Proprietary  ,35,126,161,35,126,161
03832400,COSMETOLOGY SCHOOL OF ARTS & SCIENCES   ,ID,83318-1327,Proprietary  ,4,10,14,4,10,14
00163200,AQUINAS INSTITUTE OF THEOLOGY           ,MO,63108-3323,Private      ,0,29,29,0,29,29
00244900,AVILA COLLEGE                           ,MO,64145-1698,Private      ,550,347,897,550,347,897
00245000,CALVARY BIBLE COLLEGE                   ,MO,64147-1341,Private      ,105,42,147,105,42,147
00245200,CENTRAL BIBLE COLLEGE                   ,MO,65803-1096,Private      ,195,92,287,195,92,287
00245300,CENTRAL METHODIST UNIVERSITY            ,MO,65248-1198,Private      ,801,193,994,801,193,994
00245301,CENTRAL METHODIST UNIVERSITY            ,MO,63601-0000,Private      ,21,65,86,21,65,86
00245302,CENTRAL METHODIST UNIVERSITY- UNION     ,MO,63084-0000,Private      ,13,15,28,13,15,28
00245400,UNIVERSITY OF CENTRAL MISSOURI          ,MO,64093-5178,Public       ,3812,1455,5267,3812,1455,5267
00245600,COLUMBIA COLLEGE                        ,MO,65216-4581,Private      ,1225,5191,6416,1225,5191,6416
00245700,CONCORDIA SEMINARY                      ,MO,63105-3199,Private      ,2,370,372,2,370,372
00245800,COTTEY COLLEGE                          ,MO,64772-2790,Private      ,261,11,272,261,11,272
00245900,CROWDER COLLEGE                         ,MO,64850-9165,Public       ,559,587,1146,559,587,1146
00246000,CULVER STOCKTON COLLEGE                 ,MO,63435-1299,Private      ,723,50,773,723,50,773
00246100,DRURY UNIVERSITY                        ,MO,65802-3791,Private      ,1133,1121,2254,1133,1121,2254
00246200,EDEN THEOLOGICAL SEMINARY               ,MO,63119-0000,Private      ,1,29,30,1,29,30
00246300,EVANGEL UNIVERSITY                      ,MO,65802-2125,Private      ,960,179,1139,960,179,1139
00246400,FONTBONNE UNIVERSITY                    ,MO,63105-3098,Private      ,736,904,1640,736,904,1640
00246600,HARRIS-STOWE STATE COLLEGE              ,MO,63103-2199,Public       ,588,493,1081,588,493,1081
00246700,CONCEPTION SEMINARY COLLEGE             ,MO,64433-0000,Private      ,13,4,17,13,4,17
00246800,JEFFERSON COLLEGE                       ,MO,63050-2441,Public       ,763,450,1213,763,450,1213
00247100,ST LOUIS COMMUNITY COLLEGE              ,MO,63102-0000,Public       ,2193,2282,4475,2193,2282,4475
00247104,SAINT LOUIS COMMUNITY COLLEGE - WILDWOOD,MO,63040-1168,Public       ,24,44,68,24,44,68
00247300,KANSAS CITY ART INSTITUTE               ,MO,64111-1874,Private      ,607,89,696,607,89,696
00247400,KANSAS CITY UNIV OF MED & BIOSCIENCES   ,MO,64106-0000,Private      ,18,475,493,18,475,493
00247600,KENRICK-GLENNON SEMINARY                ,MO,63119-0000,Private      ,2,1,3,2,1,3
00247700,A.T. STILL UNIV OF HEALTH SCIENCES      ,MO,63501-0000,Private      ,2,886,888,2,886,888
00247900,LINCOLN UNIVERSITY                      ,MO,65101-3500,Public       ,1325,514,1839,1325,514,1839
00248000,LINDENWOOD UNIVERSITY                   ,MO,63301-1695,Private      ,2395,1813,4208,2395,1813,4208
00248200,MARYVILLE UNIVERSITY                    ,MO,63141-7299,Private      ,1552,775,2327,1552,775,2327
00248400,METROPOLITAN COMMUNITY COLLEGE          ,MO,64111-2408,Public       ,2262,2465,4727,2262,2465,4727
00248500,MIDWESTERN BAPTIST THEOL SEMINARY       ,MO,64118-4697,Private      ,16,44,60,16,44,60
00248600,MINERAL AREA COLLEGE                    ,MO,63601-1000,Public       ,489,444,933,489,444,933
00248800,MISSOURI SOUTHERN STATE UNIVERSITY      ,MO,64801-1595,Public       ,1769,1374,3143,1769,1374,3143
00248900,MISSOURI VALLEY COLLEGE                 ,MO,65340-3197,Private      ,880,136,1016,880,136,1016
00249000,MISSOURI WESTERN STATE UNIVERSITY       ,MO,64507-2294,Public       ,2659,1085,3744,2659,1085,3744
00249100,MOBERLY AREA COMMUNITY COLLEGE          ,MO,65270-1304,Public       ,814,638,1452,814,638,1452
00249400,NAZARENE THEOLOGICAL SEMINARY           ,MO,64131-1246,Private      ,3,36,39,3,36,39
00249500,TRUMAN STATE UNIVERSITY                 ,MO,63501-4221,Public       ,3697,185,3882,3697,185,3882
00249600,NORTHWEST MISSOURI STATE UNIV           ,MO,64468-6001,Public       ,3759,422,4181,3759,422,4181
00249800,PARK UNIVERSITY                         ,MO,64152-3795,Private      ,501,2116,2617,501,2116,2617
00249900,ROCKHURST UNIVERSITY                    ,MO,64110-2561,Private      ,1366,441,1807,1366,441,1807
00250000,COLLEGE OF THE OZARKS                   ,MO,65726-2502,Private      ,2292,188,2480,2292,188,2480
00250100,SOUTHEAST MISSOURI STATE UNIV           ,MO,63701-4799,Public       ,4329,1398,5727,4329,1398,5727
00250200,SOUTHWEST BAPTIST UNIVERSITY            ,MO,65613-2597,Private      ,1239,499,1738,1239,499,1738
00250300,MISSOURI STATE UNIVERSITY               ,MO,65897-0094,Public       ,6796,2096,8892,6796,2096,8892
00250400,ST LOUIS COLLEGE OF PHARMACY            ,MO,63110-1088,Private      ,587,272,859,587,272,859
00250600,SAINT LOUIS UNIVERSITY                  ,MO,63103-2097,Private      ,6368,3686,10054,6368,3686,10054
00250900,SAINT PAUL SCHOOL OF THEOLOGY           ,MO,64127-2499,Private      ,2,108,110,2,108,110
00251200,STEPHENS COLLEGE                        ,MO,65215-0001,Private      ,666,155,821,666,155,821
00251400,NORTH CENTRAL MISSOURI COLLEGE          ,MO,64683-1824,Public       ,310,224,534,310,224,534
00251600,UNIVERSITY OF MISSOURI-COLUMBIA         ,MO,65211-1600,Public       ,14237,3875,18112,14237,3875,18112
00251700,MISSOURI UNIVERSITY OF SCIENCE & TECHNOL,MO,65409-0250,Public       ,3069,467,3536,3069,467,3536
00251800,UNIVERSITY OF MISSOURI-KANSAS CITY      ,MO,64110-2497,Public       ,3450,3194,6644,3450,3194,6644
00251900,UNIVERSITY OF MISSOURI-ST LOUIS         ,MO,63121-4499,Public       ,2367,2625,4992,2367,2625,4992
00252000,WASHINGTON UNIVERSITY                   ,MO,63130-4899,Private      ,10834,3237,14071,10834,3237,14071
00252001,WASHINGTON UNIV-SCHOOL OF MEDICINE      ,MO,63110-0000,Private      ,51,768,819,51,768,819
00252100,WEBSTER UNIVERSITY                      ,MO,63119-3194,Private      ,2115,4396,6511,2115,4396,6511
00252200,WENTWORTH MILITARY ACADEMY              ,MO,64067-1799,Private      ,29,43,72,29,43,72
00252300,WESTMINSTER COLLEGE                     ,MO,65251-1299,Private      ,818,35,853,818,35,853
00252400,WILLIAM JEWELL COLLEGE                  ,MO,64068-1896,Private      ,1058,83,1141,1058,83,1141
00252500,WILLIAM WOODS UNIVERSITY                ,MO,65251-2388,Private      ,562,451,1013,562,451,1013
00405704,NATIONAL AMERICAN UNIVERSITY            ,MO,64057-1791,Proprietary  ,7,82,89,7,82,89
00441300,ST JOHNS HOSP SCH RAD TECH              ,MO,65802-0000,Private      ,17,17,34,17,17,34
00470300,LOGAN COLLEGE OF CHIROPRACTIC           ,MO,63006-1065,Private      ,34,808,842,34,808,842
00470700,COVENANT THEOLOGICAL SEMINARY           ,MO,63141-8697,Private      ,2,148,150,2,148,150
00471100,LINN STATE TECHNICAL COLLEGE            ,MO,65051-9607,Public       ,483,109,592,483,109,592
00471300,THREE RIVERS COMMUNITY COLLEGE          ,MO,63901-2393,Public       ,595,627,1222,595,627,1222
00528800,KIRKSVILLE AREA TECHNICAL CENTER        ,MO,63501-0000,Public       ,8,16,24,8,16,24
00528900,WAYNESVILLE TECHNICAL ACADEMY           ,MO,65583-0000,Public       ,5,27,32,5,27,32
00542400,SOUTH CENTRAL CAREER CENTER             ,MO,65775-3334,Public       ,6,21,27,6,21,27
00542600,SIKESTON CAREER AND TECHNOLOGY CTR      ,MO,63801-0000,Public       ,13,51,64,13,51,64
00542900,ROLLA TECHNICAL INSTITUTE               ,MO,65401-3601,Public       ,107,84,191,107,84,191
00543000,POPLAR BLUFF TECHNICAL CAREER CNTR      ,MO,63901-0000,Public       ,13,50,63,13,50,63
00543800,SALINE COUNTY CAREER CENTER             ,MO,65340-0000,Public       ,7,39,46,7,39,46
00544500,TRUMAN MEDICAL CENTER SCHOOL OF NURSE AN,MO,64108-2677,Private      ,15,30,45,15,30,45
00553100,GRAND RIVER TECHNICAL SCHOOL            ,MO,64601-1299,Public       ,21,8,29,21,8,29
00553200,CAPE GIRARDEAU CAREER & TECHNOLOGY CENTE,MO,63703-7511,Public       ,27,89,116,27,89,116
00638500,CHAMBERLAIN COLLEGE OF NURSING          ,MO,63139-3297,Proprietary  ,169,628,797,169,628,797
00638900,BARNES JEWISH COLLEGE OF NURSING AND ALL,MO,63110-1091,Private      ,126,227,353,126,227,353
00639200,RESEARCH COLLEGE OF NURSING             ,MO,64132-1199,Proprietary  ,6,25,31,6,25,31
00639201,RESEARCH MEDICAL CENTER - COLLEGE OF NUR,MO,64132-1199,Proprietary  ,0,1,1,0,1,1
00666600,LUTHERAN  SCHOOL OF NURSING             ,MO,63118-3909,Proprietary  ,27,87,114,27,87,114
00754000,MISSOURI BAPTIST UNIVERSITY             ,MO,63141-8698,Private      ,707,561,1268,707,561,1268
00755700,ITT TECHNICAL INSTITUTE                 ,MO,63045-1122,Proprietary  ,106,110,216,106,110,216
00808000,STATE FAIR COMMUNITY COLLEGE            ,MO,65301-0000,Public       ,620,489,1109,620,489,1109
00826900,HILLYARD TECHNICAL CENTER               ,MO,64506-0000,Public       ,34,47,81,34,47,81
00855200,PATRICIA STEVENS COLLEGE                ,MO,63102-2334,Proprietary  ,17,10,27,17,10,27
00860600,TRI-COUNTY TECHNICAL SCHOOL             ,MO,65026-0000,Public       ,2,15,17,2,15,17
00886200,EAST CENTRAL COLLEGE                    ,MO,63084-0529,Public       ,689,458,1147,689,458,1147
00908900,HANNIBAL-LAGRANGE COLLEGE               ,MO,63401-1999,Private      ,443,154,597,443,154,597
00952000,NATIONAL ACADEMY OF BEAUTY ARTS         ,MO,63128-1307,Proprietary  ,21,41,62,21,41,62
00959000,INDEPENDENCE COLLEGE OF COSMETOLOGY     ,MO,64055-1105,Proprietary  ,4,12,16,4,12,16
00960700,HOUSE OF HEAVILIN BEAUTY COLLEGE        ,MO,64110-2826,Proprietary  ,0,7,7,0,7,7
00978200,SAINT LUKE'S COLLEGE                    ,MO,64114-3237,Private      ,45,84,129,45,84,129
00979500,MISSOURI COLLEGE                        ,MO,63144-2901,Proprietary  ,47,118,165,47,118,165
01014814,COLORADO TECHNL UNIV NORTH KANSAS CITY  ,MO,64116-3614,Proprietary  ,55,297,352,55,297,352
01027900,HICKEY COLLEGE                          ,MO,63146-0000,Proprietary  ,35,14,49,35,14,49
01040500,PINNACLE CAREER INSTITUTE               ,MO,64131-3367,Proprietary  ,33,271,304,33,271,304
01102600,WARRENSBURG AREA VOC TECH SCH           ,MO,64093-0000,Public       ,7,28,35,7,28,35
01173500,PIKE/LINCOLN TECHNICAL CENTER           ,MO,63344-0000,Public       ,7,24,31,7,24,31
01212000,ASSEMBLIES OF GOD THEO. SEMINARY        ,MO,65802-0000,Private      ,2,73,75,2,73,75
01250000,RANKEN TECHNICAL COLLEGE                ,MO,63113-2811,Private      ,322,200,522,322,200,522
01258000,ST LOUIS CHRISTIAN COLLEGE              ,MO,63033-6499,Private      ,36,29,65,36,29,65
01320800,BAPTIST BIBLE COLLEGE                   ,MO,65803-3498,Private      ,101,44,145,101,44,145
02056100,FOUR RIVERS CAREER CENTER               ,MO,63090-0000,Public       ,5,2,7,5,2,7
02066900,NICHOLS CAREER CENTER                   ,MO,65101-2814,Public       ,25,42,67,25,42,67
02068200,COX HEALTH - COX COLLEGE                ,MO,65802-0000,Private      ,78,174,252,78,174,252
02068202,COX HEALTH - RADIOLOGIC TECHNOLOGY      ,MO,65802-0000,Private      ,14,17,31,14,17,31
02068204,COX HEALTH - MEDICAL TECHNOLOGY         ,MO,65807-0000,Private      ,2,6,8,2,6,8
02073600,KENNETT CAREER & TECHNOLOGY CENTER      ,MO,63857-0000,Public       ,6,15,21,6,15,21
02090400,BOONSLICK TECHNICAL EDUCATION CTR       ,MO,65233-0000,Public       ,2,18,20,2,18,20
02121100,MIDWEST INSTITUTE                       ,MO,63122-0000,Proprietary  ,5,20,25,5,20,25
02124500,FRANKLIN TECHNOLOGY CENTER              ,MO,64801-0000,Public       ,24,85,109,24,85,109
02142200,LEX LA RAY TECHNICAL CENTER             ,MO,64067-0000,Public       ,6,34,40,6,34,40
02151000,HANNIBAL CAREER AND TECHNICAL CENTE     ,MO,63401-2285,Public       ,10,36,46,10,36,46
02164200,FOREST INST PROFESSIONAL PSYCHOLOGY     ,MO,65807-0000,Private      ,0,95,95,0,95,95
02165900,CHILLICOTHE BEAUTY ACADEMY              ,MO,64601-0000,Proprietary  ,3,5,8,3,5,8
02180200,METRO BUSINESS COLLEGE                  ,MO,63701-0000,Proprietary  ,26,115,141,26,115,141
02188100,NORTHLAND CAREER CENTER                 ,MO,64079-8333,Public       ,5,17,22,5,17,22
02202700,OZARK CHRISTIAN COLLEGE                 ,MO,64801-0000,Private      ,238,60,298,238,60,298
02203400,NEVADA REGIONAL TECHNICAL CENTER        ,MO,64772-0000,Public       ,5,17,22,5,17,22
02205200,SANFORD-BROWN COLLEGE                   ,MO,63026-7305,Proprietary  ,74,625,699,74,625,699
02205203,SANFORD BROWN COLLEGE-ST. PETERS        ,MO,63301-4042,Proprietary  ,50,282,332,50,282,332
02205205,SANFORD BROWN COLLEGE-HAZELWOOD         ,MO,63042-2708,Proprietary  ,23,168,191,23,168,191
02214500,SALEM COLLEGE OF HAIRSTYLING            ,MO,65401-0000,Proprietary  ,0,4,4,0,4,4
02239200,ALLIED COLLEGE - NORTH                  ,MO,63043-0000,Proprietary  ,91,309,400,91,309,400
02239202,ALLIED COLLEGE - METRO SOUTH            ,MO,63026-0000,Proprietary  ,19,12,31,19,12,31
02242800,GIBSON TECHNICAL CENTER                 ,MO,65737-0169,Public       ,0,22,22,0,22,22
02250600,EVEREST COLLEGE                         ,MO,65807-2446,Proprietary  ,51,312,363,51,312,363
02263106,HIGH-TECH INSTITUTE - KANSAS CITY       ,MO,64114-0000,Proprietary  ,9,8,17,9,8,17
02263400,LAKE CAREER AND TECHNICAL CENTER        ,MO,65020-0000,Public       ,8,2,10,8,2,10
02266400,CENTRAL CHRISTIAN CLG OF THE BIBLE      ,MO,65270-0000,Private      ,83,33,116,83,33,116
02277500,HOUSE OF HEAVILIN OF BLUE SPRINGS       ,MO,64014-3953,Proprietary  ,3,9,12,3,9,12
02289200,COLUMBIA AREA CAREER CENTER             ,MO,65203-0000,Public       ,14,64,78,14,64,78
02295700,MISSOURI BEAUTY ACADEMY                 ,MO,63640-1827,Proprietary  ,11,15,26,11,15,26
02300105,EVEREST COLLEGE - EARTH CITY            ,MO,63045-1100,Proprietary  ,11,96,107,11,96,107
02304000,MISSOURI TECH                           ,MO,63132-0000,Proprietary  ,12,17,29,12,17,29
02309100,AMERICAN COLLEGE OF HAIR DESIGN         ,MO,65301-2144,Proprietary  ,3,6,9,3,6,9
02311100,ABBOTT ACADEMY OF COSMETIC ARTS/SCI     ,MO,63376-0000,Proprietary  ,3,2,5,3,2,5
02313000,CASS CAREER CENTER                      ,MO,64701-0000,Public       ,3,21,24,3,21,24
02340500,ST LOUIS COLLEGE OF HEALTH CAREERS      ,MO,63110-0000,Proprietary  ,14,78,92,14,78,92
02340501,ST LOUIS COLLEGE OF HEALTH              ,MO,63129-0000,Proprietary  ,5,8,13,5,8,13
02342100,CAREER & TECHNOLOGY CTR AT FT OSAGE     ,MO,64058-0000,Public       ,3,4,7,3,4,7
02361600,CONCORDE CAREER COLLEGE                 ,MO,64111-0000,Proprietary  ,22,180,202,22,180,202
02497500,CLINTON TECHNICAL SCHOOL                ,MO,64735-2966,Public       ,1,2,3,1,2,3
02520800,MERRELL UNIV OF BTY ARTS & SCIENCES     ,MO,65109-0000,Proprietary  ,20,28,48,20,28,48
02530600,SAINT CHARLES COMMUNITY COLLEGE         ,MO,63376-0975,Public       ,953,512,1465,953,512,1465
02543800,PARIS II EDUCATIONAL CENTER (THE)       ,MO,64118-0000,Proprietary  ,2,4,6,2,4,6
02555300,PATSY AND ROB'S ACADEMY OF BEAUTY       ,MO,63074-0000,Proprietary  ,3,6,9,3,6,9
02564700,ELAINE STEVEN BEAUTY COLLEGE            ,MO,63136-0000,Proprietary  ,5,8,13,5,8,13
02564701,ELAINE STEVEN BEAUTY COLLEGE - ADVANCE B,MO,63383-2006,Proprietary  ,0,2,2,0,2,2
02564702,ELAINE STEVEN BEAUTY COLLEGE - ADVANCE B,MO,63401-2269,Proprietary  ,0,1,1,0,1,1
02568500,GRABBER SCHOOL OF HAIR DESIGN           ,MO,63011-0000,Proprietary  ,12,6,18,12,6,18
02599700,VATTEROTT COLLEGE                       ,MO,63134-2900,Proprietary  ,34,205,239,34,205,239
02599701,VATTEROTT COLLEGE - KANSAS CITY         ,MO,64129-1692,Proprietary  ,17,60,77,17,60,77
02599702,VATTEROTT COLLEGE - SPRINGFIELD LOCATION,MO,65807-5340,Proprietary  ,21,132,153,21,132,153
02599703,VATTEROTT COLLEGE - JOPLIN              ,MO,64801-5033,Proprietary  ,17,85,102,17,85,102
02599705,VATTEROTT COLLEGE - SUNSET HILLS        ,MO,63127-1516,Proprietary  ,26,98,124,26,98,124
02599712,VATTEROTT COLLEGE - O'FALLON            ,MO,63366-2748,Proprietary  ,14,45,59,14,45,59
02608000,NEOSHO BEAUTY COLLEGE                   ,MO,64850-1525,Proprietary  ,1,5,6,1,5,6
02608001,NEOSHO BEAUTY COLLEGE - CLASS ACT I COSM,MO,64801-2314,Proprietary  ,3,3,6,3,3,6
02609202,VATTEROTT COLLEGE-ST JOSEPH             ,MO,64501-2911,Proprietary  ,18,98,116,18,98,116
02609203,VATTEROTT COLLEGE - L'ECOLE CULINAIRE   ,MO,63124-1103,Proprietary  ,40,106,146,40,106,146
02611004,HERITAGE COLLEGE-KANSAS CITY            ,MO,64131-4203,Proprietary  ,28,91,119,28,91,119
03042400,LEBANON TECHNOLOGY & CAREER CENTER      ,MO,65536-3296,Public       ,3,20,23,3,20,23
03066300,BRYAN CAREER COLLEGE                    ,MO,65806-2507,Proprietary  ,11,78,89,11,78,89
03068600,NORTH COUNTY TECH SPECIAL SCH DIST      ,MO,63033-6498,Public       ,17,85,102,17,85,102
03070200,CENTRAL COLLEGE OF COSMETOLOGY          ,MO,65583-0000,Proprietary  ,4,8,12,4,8,12
03070900,SE MO HOSP CLG NURSING & HEALTH SCI     ,MO,63703-4507,Private      ,32,114,146,32,114,146
03077200,COSMETOLOGY CONCEPTS INSTITUTE          ,MO,65202-1972,Proprietary  ,11,16,27,11,16,27
03083000,OZARKS TECHNICAL COMMUNITY COLLEGE      ,MO,65802-3601,Public       ,1583,1396,2979,1583,1396,2979
03092600,MESSENGER COLLEGE                       ,MO,64804-4909,Private      ,5,5,10,5,5,10
03097600,ST LOUIS HAIR ACADEMY                   ,MO,63107-1737,Proprietary  ,4,8,12,4,8,12
03101000,NEW DIMENSION SCHOOL OF HAIR DESIGN     ,MO,64801-5017,Proprietary  ,5,6,11,5,6,11
03106000,MISSOURI STATE UNIVERSITY - WEST PLAINS ,MO,65775-2715,Public       ,390,263,653,390,263,653
03110900,HOUSE OF HEAVILIN BEAUTY COLLEGE        ,MO,64030-1154,Proprietary  ,2,4,6,2,4,6
03166300,MOBERLY AREA TECHNICAL CENTER           ,MO,65270-1904,Public       ,6,2,8,6,2,8
03174300,HERNDON CAREER CENTER                   ,MO,64138-2695,Public       ,4,5,9,4,5,9
03519300,MISSOURI COLLEGE OF COSMETOLOGY NORTH   ,MO,65803-1235,Proprietary  ,22,43,65,22,43,65
03528300,MIDWEST UNIVERSITY                      ,MO,63385-2905,Private      ,1,10,11,1,10,11
03579300,TEXAS COUNTY TECHNICAL INSTITUTE        ,MO,65483-2700,Private      ,15,99,114,15,99,114
03616300,AVIATION INSTITUTE OF MAINTENANCE       ,MO,64129-1811,Proprietary  ,13,89,102,13,89,102
03663400,UNIVERSITY OF COSMETOLOGY               ,MO,63080-1910,Proprietary  ,2,3,5,2,3,5
03817300,ST. CHARLES SCHOOL OF MASSAGE THERAPY   ,MO,63303-5607,Proprietary  ,2,10,12,2,10,12
03878300,PROFESSIONAL MASSAGE TRAINING CENTER    ,MO,65803-2939,Proprietary  ,6,8,14,6,8,14
03916300,ECLIPS SCHOOL OF COSMETOLOGY AND BARBERI,MO,63703-5809,Proprietary  ,7,2,9,7,2,9
03924300,HAIR ACADEMY 110 (THE)                  ,MO,63501-2915,Proprietary  ,2,5,7,2,5,7
03970400,MTTI-WELLSPRING CENTER FOR NATURAL HEALT,MO,64114-3313,Proprietary  ,5,11,16,5,11,16
04037500,ACADEMY OF HAIR DESIGN                  ,MO,65804-2303,Proprietary  ,18,19,37,18,19,37
04048300,DIVAS UNLIMITED ACADEMY                 ,MO,63114-2625,Proprietary  ,3,8,11,3,8,11
04133300,TREND SETTERS SCHOOL OF COSMETOLOGY     ,MO,63702-7607,Proprietary  ,12,15,27,12,15,27
00163201,AQUINAS INSTITUTE OF THEOLOGY - MINISTRY,OK,73123-0380,Private      ,0,2,2,0,2,2
00314600,WESTERN OKLAHOMA STATE COLLEGE          ,OK,73521-1397,Public       ,136,167,303,136,167,303
00314700,BACONE COLLEGE                          ,OK,74403-1597,Private      ,185,165,350,185,165,350
00314900,SOUTHERN NAZARENE UNIVERSITY            ,OK,73008-2694,Private      ,473,229,702,473,229,702
00315000,CAMERON UNIVERSITY                      ,OK,73505-6377,Public       ,639,819,1458,639,819,1458
00315100,OKLAHOMA WESLEYAN UNIVERSITY            ,OK,74006-6299,Private      ,262,260,522,262,260,522
00315200,UNIV OF CENTRAL OKLAHOMA                ,OK,73034-5209,Public       ,2632,1615,4247,2632,1615,4247
00315300,CONNORS STATE COLLEGE                   ,OK,74469-9700,Public       ,300,350,650,300,350,650
00315400,EAST CENTRAL UNIVERSITY                 ,OK,74820-6999,Public       ,863,707,1570,863,707,1570
00315500,EASTERN OKLAHOMA STATE COLLEGE          ,OK,74578-4999,Public       ,261,239,500,261,239,500
00315600,REDLANDS COMMUNITY COLLEGE              ,OK,73036-5304,Public       ,185,191,376,185,191,376
00315700,LANGSTON UNIVERSITY                     ,OK,73050-0000,Public       ,784,620,1404,784,620,1404
00315800,MURRAY STATE COLLEGE                    ,OK,73460-3137,Public       ,352,364,716,352,364,716
00316000,NORTHEASTERN OKLAHOMA A & M COLLEGE     ,OK,74354-6497,Public       ,416,214,630,416,214,630
00316100,NORTHEASTERN STATE UNIVERSITY           ,OK,74464-2399,Public       ,1850,1988,3838,1850,1988,3838
00316200,NORTHERN OKLAHOMA COLLEGE               ,OK,74653-0310,Public       ,439,445,884,439,445,884
00316300,NORTHWESTERN OKLAHOMA STATE UNIV        ,OK,73717-2799,Public       ,361,226,587,361,226,587
00316400,OKLAHOMA BAPTIST UNIVERSITY             ,OK,74801-2590,Private      ,918,90,1008,918,90,1008
00316500,OKLAHOMA CHRISTIAN UNIVERSITY           ,OK,73131-0000,Private      ,895,162,1057,895,162,1057
00316600,OKLAHOMA CITY UNIVERSITY                ,OK,73106-1493,Private      ,1151,919,2070,1151,919,2070
00316700,UNIV OF SCIENCE & ARTS OF OKLAHOMA      ,OK,73018-5322,Public       ,289,155,444,289,155,444
00316800,ROGERS STATE UNIVERSITY                 ,OK,74017-3252,Public       ,736,732,1468,736,732,1468
00317000,OKLAHOMA STATE UNIVERSITY               ,OK,74078-1015,Public       ,5607,2167,7774,5607,2167,7774
00317200,OKLAHOMA STATE UNIVERSITY-OKMULGEE      ,OK,74447-3901,Public       ,491,335,826,491,335,826
00317400,OKLAHOMA PANHANDLE STATE UNIVERSITY     ,OK,73939-0000,Public       ,265,88,353,265,88,353
00317600,CARL ALBERT STATE COLLEGE               ,OK,74953-5208,Public       ,416,509,925,416,509,925
00317800,SEMINOLE STATE COLLEGE                  ,OK,74818-1902,Public       ,262,246,508,262,246,508
00317900,SOUTHEASTERN OKLAHOMA STATE UNIV        ,OK,74701-0609,Public       ,828,485,1313,828,485,1313
00318000,SOUTHWESTERN CHRISTIAN UNIVERSITY       ,OK,73008-2335,Private      ,34,38,72,34,38,72
00318100,SOUTHWESTERN OKLAHOMA STATE UNIV        ,OK,73096-3098,Public       ,990,451,1441,990,451,1441
00318101,SOUTHWESTERN OK STATE UNIV AT SAYRE     ,OK,73662-0000,Public       ,35,43,78,35,43,78
00318300,ST GREGORY'S UNIVERSITY                 ,OK,74804-2499,Private      ,125,93,218,125,93,218
00318308,SAINT GREGORY'S UNIVERSITY - IPD TULSA  ,OK,74135-2499,Private      ,13,41,54,13,41,54
00318400,UNIVERSITY OF OKLAHOMA                  ,OK,73019-4078,Public       ,7841,3193,11034,7841,3193,11034
00318401,UNIVERSITY OF OKLAHOMA-HLTH SCI CTR     ,OK,73190-0000,Public       ,158,1232,1390,158,1232,1390
00318500,UNIVERSITY OF TULSA                     ,OK,74104-3189,Private      ,1640,744,2384,1640,744,2384
00398500,ORAL ROBERTS UNIVERSITY                 ,OK,74171-0001,Private      ,1201,400,1601,1201,400,1601
00531100,TULSA COUNTY AREA VOC TECH SCHOOL       ,OK,74145-0000,Public       ,36,177,213,36,177,213
00531200,RED RIVER TECHNOLOGY CENTER             ,OK,73533-2700,Public       ,5,16,21,5,16,21
00533900,METRO TECHNOLOGY CENTERS SCH DIST22     ,OK,73111-0000,Public       ,32,235,267,32,235,267
00533903,METRO TECHNOLOGY CENTERS SCH DIST22     ,OK,73129-0000,Public       ,15,60,75,15,60,75
00694200,MID-AMERICA CHRISTIAN UNIVERSITY        ,OK,73170-4504,Private      ,158,198,356,158,198,356
00767800,SPARTAN COLLEGE OF AERONAUTICS AND TECHN,OK,74115-5800,Proprietary  ,323,191,514,323,191,514
00791100,VIRGILS BEAUTY COLLEGE                  ,OK,74401-6802,Proprietary  ,1,3,4,1,3,4
00834300,AUTRY TECHNOLOGY CENTER                 ,OK,73703-2598,Public       ,14,66,80,14,66,80
00861900,TRI COUNTY TECHNOLOGY CENTER            ,OK,74006-6029,Public       ,34,36,70,34,36,70
00918500,ROSE STATE COLLEGE                      ,OK,73110-2799,Public       ,519,1037,1556,519,1037,1556
00920400,KIAMICHI AREA VOC TECH SCHOOL           ,OK,74578-0548,Public       ,43,244,287,43,244,287
00920408,KIAMICHI AREA VOC TECH SCHOOL           ,OK,74953-0000,Public       ,14,34,48,14,34,48
00961800,TULSA WELDING SCHOOL                    ,OK,74104-0000,Proprietary  ,112,67,179,112,67,179
00964700,"OKLAHOMA STATE UNIV, OKLA CITY          ",OK,73107-6159,Public       ,475,985,1460,475,985,1460
00970800,EVES COLLEGE OF HAIRSTYLING             ,OK,73501-4359,Proprietary  ,1,5,6,1,5,6
00976300,TULSA COMMUNITY COLLEGE                 ,OK,74135-6198,Public       ,1728,2217,3945,1728,2217,3945
00996300,CADDO KIOWA VOC TECH CENTER             ,OK,73038-0000,Public       ,8,58,66,8,58,66
00996400,CENTRAL OKLAHOMA AREA VOC TECH SCH      ,OK,74030-9613,Public       ,10,50,60,10,50,60
00996500,CANADIAN VALLEY TECHNOLOGY CENTER       ,OK,73036-9117,Public       ,12,69,81,12,69,81
00996800,GORDON COOPER TECHNOLOGY CENTER         ,OK,74804-9913,Public       ,15,82,97,15,82,97
01005300,INDIAN CAPITAL TECHNOLGY CENTER #4      ,OK,74403-9907,Public       ,35,145,180,35,145,180
01026600,HILLSDALE FREE WILL BAPTIST COLLEGE     ,OK,73153-0000,Private      ,71,11,82,71,11,82
01034200,SOUTHERN OKLAHOMA TECHNOLOGY CENTER     ,OK,73401-2100,Public       ,22,45,67,22,45,67
01039100,OKLAHOMA CITY COMMUNITY COLLEGE         ,OK,73159-4444,Public       ,852,1457,2309,852,1457,2309
01071700,GREAT PLAINS TECHNOLOGY CENTER SCHOOL DI,OK,73505-8399,Public       ,19,101,120,19,101,120
01076200,WESTERN OK AREA VOC TECH SCH DIST12     ,OK,73624-1469,Public       ,4,19,23,4,19,23
01120600,PIONEER TECHNOLOGY CENTER               ,OK,74601-1106,Public       ,1,22,23,1,22,23
01128200,OKLAHOMA STATE UNV CLG OSTEOPTHC MD     ,OK,74107-0000,Public       ,14,233,247,14,233,247
01153700,MID-AMERICA TECHNOLOGY CENTER           ,OK,73095-0210,Public       ,2,11,13,2,11,13
01227200,MOORE-NORMAN TECHNOLOGY CENTER          ,OK,73069-8399,Public       ,30,150,180,30,150,180
02052700,NORTHEAST TECHNOLOGY CENTER             ,OK,74361-0487,Public       ,9,79,88,9,79,88
02060800,MERIDIAN TECHNOLOGY CENTER              ,OK,74074-0000,Public       ,24,61,85,24,61,85
02069301,VATTEROTT COLLEGE                       ,OK,73127-2103,Proprietary  ,7,111,118,7,111,118
02126500,ENID BEAUTY COLLEGE                     ,OK,73701-0000,Proprietary  ,2,2,4,2,2,4
02177900,STATE BARBER AND HAIR DESIGN CLG        ,OK,73108-0000,Proprietary  ,1,4,5,1,4,5
02184400,SAND SPRINGS BEAUTY COLLEGE             ,OK,74063-0000,Proprietary  ,1,6,7,1,6,7
02197300,HOLLYWOOD COSMETOLOGY CENTER            ,OK,73189-0000,Proprietary  ,0,2,2,0,2,2
02222700,FRANCIS TUTTLE TECHNOLOGY CENTER        ,OK,73142-0000,Public       ,53,225,278,53,225,278
02238500,CENTRAL STATE BEAUTY ACADEMY            ,OK,73162-6007,Proprietary  ,3,26,29,3,26,29
02250900,E OK COUNTY AREA VO-TECH                ,OK,73020-0000,Public       ,5,8,13,5,8,13
02256200,"BROKEN ARROW BEAUTY COLLEGE, INC        ",OK,74012-0000,Proprietary  ,4,11,15,4,11,15
02282100,HIGH PLAINS AREA VOC-TECH               ,OK,73801-0000,Public       ,4,19,23,4,19,23
02306800,PLATT COLLEGE                           ,OK,74145-0000,Proprietary  ,16,81,97,16,81,97
02531200,WOODWARD BEAUTY COLLEGE                 ,OK,73801-0000,Proprietary  ,1,0,1,1,0,1
02554300,AMERICAN BEAUTY INSTITUTE               ,OK,74501-0000,Proprietary  ,2,5,7,2,5,7
02556500,YUKON BEAUTY COLLEGE                    ,OK,73099-4108,Proprietary  ,0,4,4,0,4,4
02560200,PHILLIPS THEOLOGICAL SEMINARY -         ,OK,74116-5612,Private      ,2,23,25,2,23,25
02581100,CLAREMORE BEAUTY COLLEGE                ,OK,74017-7034,Proprietary  ,0,1,1,0,1,1
02581200,CC'S COSMETOLOGY COLLEGE                ,OK,74129-0000,Proprietary  ,0,22,22,0,22,22
02591101,CAREER POINT INSTITUTE                  ,OK,74146-0000,Proprietary  ,3,12,15,3,12,15
02596501,ATI-CAREER TRAINING CENTER - OKLAHOMA CI,OK,73107-2442,Proprietary  ,2,7,9,2,7,9
02597400,PONTOTOC TECHNOLOGY CENTER SCHOOL       ,OK,74820-8621,Public       ,6,32,38,6,32,38
02599706,VATTEROTT COLLEGE - TULSA               ,OK,74146-2205,Proprietary  ,2,53,55,2,53,55
02600000,NORTHWEST TECHNOLOG CTR SCH DIST 10     ,OK,73717-9600,Public       ,4,3,7,4,3,7
02600500,WES WATKINS TECHNOLOGY CENTER           ,OK,74883-9660,Public       ,11,56,67,11,56,67
03008700,SOUTHWEST TECHNOLOGY CENTER             ,OK,73521-1527,Public       ,5,17,22,5,17,22
03010300,POTEAU BEAUTY COLLEGE                   ,OK,74953-5400,Proprietary  ,2,8,10,2,8,10
03024700,STILLWATER BEAUTY ACADEMY               ,OK,74075-3467,Proprietary  ,1,1,2,1,1,2
03030700,OKLAHOMA SCHOOL OF PHOTOGRAPHY          ,OK,73160-3320,Proprietary  ,1,7,8,1,7,8
03030800,AMERICAN BROADCASTING SCHOOL            ,OK,73115-3334,Proprietary  ,6,27,33,6,27,33
03051100,CHISHOLM TRAIL TECHNOLOGY CENTER        ,OK,73764-9720,Public       ,2,12,14,2,12,14
03078500,TECH INST OF COSMETOLOGY ARTS & SCI     ,OK,74120-3610,Proprietary  ,2,8,10,2,8,10
03089400,SCHOOL OF HAIR DESIGN                   ,OK,74745-3447,Proprietary  ,1,7,8,1,7,8
03103800,SOUTHERN SCHOOL OF BEAUTY               ,OK,74701-5008,Proprietary  ,2,5,7,2,5,7
03109801,BARTLESVILLE BEAUTY COLLEGE             ,OK,74003-2835,Proprietary  ,1,2,3,1,2,3
03115100,HERITAGE COLLEGE                        ,OK,73119-0000,Proprietary  ,22,138,160,22,138,160
03124800,PLATT COLLEGE                           ,OK,73501-3808,Proprietary  ,5,35,40,5,35,40
03126200,GREEN COUNTRY AREA VOC TECH SCHOOL      ,OK,74447-1217,Public       ,8,16,24,8,16,24
03198400,MID-DEL AREA VOCATIONAL & TECH SCH      ,OK,73110-4825,Public       ,5,15,20,5,15,20
03329401,PRYOR BEAUTY COLLEGE - GROVE BEAUTY COLL,OK,74345-0009,Proprietary  ,0,2,2,0,2,2
03329402,PRYOR BEAUTY COLLEGE - NORTH EAST OKLAHO,OK,74338-0000,Proprietary  ,0,1,1,0,1,1
03367400,COMMUNITY CARE COLLEGE                  ,OK,74145-6420,Proprietary  ,38,154,192,38,154,192
03396300,OKLAHOMA HEALTH ACADEMY                 ,OK,74105-6220,Proprietary  ,1,14,15,1,14,15
03396400,OKLAHOMA HEALTH ACADEMY                 ,OK,73160-3667,Proprietary  ,2,15,17,2,15,17
03928300,CENTRAL STATE MASSAGE ACADEMY           ,OK,73162-6007,Proprietary  ,2,6,8,2,6,8
04027300,4-STATES ACADEMY OF COSMETOLOGY         ,OK,74354-0000,Proprietary  ,3,2,5,3,2,5
04060300,AMERICAN INSTITUTE OF MEDICAL TECHNOLOGY,OK,74136-5700,Proprietary  ,0,15,15,0,15,15
04062300,OKLAHOMA TECHNOLOGY INSTITUTE           ,OK,73114-6318,Proprietary  ,2,9,11,2,9,11
04121300,4-STATES OKMULGEE ACADEMY OF COSMETOLOGY,OK,74447-0000,Proprietary  ,0,4,4,0,4,4
00163700,BETHANY THEOLOGICAL SEMINARY            ,IN,47374-0000,Private      ,1,11,12,1,11,12
00178400,ANCILLA COLLEGE-FINANCIAL AID OFFC      ,IN,46513-0001,Private      ,373,285,658,373,285,658
00178500,ANDERSON UNIVERSITY                     ,IN,46012-3495,Private      ,2288,441,2729,2288,441,2729
00178600,BALL STATE UNIVERSITY                   ,IN,47306-0880,Public       ,16180,5481,21661,16180,5481,21661
00178700,BETHEL COLLEGE INC                      ,IN,46545-5591,Private      ,1285,710,1995,1285,710,1995
00178800,BUTLER UNIVERSITY                       ,IN,46208-3487,Private      ,5190,859,6049,5190,859,6049
00178900,CHRISTIAN THEOLOGICAL SEMINARY          ,IN,46208-0000,Private      ,2,113,115,2,113,115
00179200,DEPAUW UNIVERSITY                       ,IN,46135-0037,Private      ,2617,43,2660,2617,43,2660
00179300,EARLHAM COLLEGE                         ,IN,47374-4095,Private      ,1238,58,1296,1238,58,1296
00179301,EARLHAM SCHOOL OF RELIGION              ,IN,47374-0000,Private      ,16,19,35,16,19,35
00179500,UNIVERSITY OF EVANSVILLE                ,IN,47722-0002,Private      ,3193,359,3552,3193,359,3552
00179800,FRANKLIN COLLEGE OF INDIANA             ,IN,46131-2623,Private      ,1623,96,1719,1623,96,1719
00179900,GOSHEN COLLEGE                          ,IN,46526-4794,Private      ,799,177,976,799,177,976
00180000,GRACE COLLEGE & THEO SEMINARY           ,IN,46590-1224,Private      ,1237,580,1817,1237,580,1817
00180100,HANOVER COLLEGE                         ,IN,47243-0108,Private      ,1497,38,1535,1497,38,1535
00180300,HUNTINGTON UNIVERSITY                   ,IN,46750-1299,Private      ,1104,152,1256,1104,152,1256
00180400,UNIVERSITY OF INDIANAPOLIS              ,IN,46227-3697,Private      ,4188,1809,5997,4188,1809,5997
00180500,INDIANA INSTITUTE OF TECHNOLOGY         ,IN,46803-1297,Private      ,1176,1514,2690,1176,1514,2690
00180700,INDIANA STATE UNIVERSITY                ,IN,47809-2501,Public       ,7066,3424,10490,7066,3424,10490
00180800,UNIVERSITY OF SOUTHERN INDIANA          ,IN,47712-3596,Public       ,6881,1777,8658,6881,1777,8658
00180900,INDIANA UNIVERSITY-BLOOMINGTON          ,IN,47405-1223,Public       ,24251,6906,31157,24251,6906,31157
00181100,INDIANA UNIV-EAST                       ,IN,47374-1289,Public       ,813,902,1715,813,902,1715
00181300,INDIANA UNIV-PURDUE UNIV INDPLS         ,IN,46202-5145,Public       ,11771,11290,23061,11771,11290,23061
00181301,INDIANA UNIVERSITY - PURDUE UNIVERSITY I,IN,47203-1769,Public       ,873,709,1582,873,709,1582
00181400,INDIANA UNIV KOKOMO                     ,IN,46902-3557,Public       ,1158,1032,2190,1158,1032,2190
00181500,INDIANA UNIV-NORTHWEST                  ,IN,46408-1197,Public       ,1763,2109,3872,1763,2109,3872
00181600,INDIANA UNIVERSITY - SOUTH BEND         ,IN,46615-0000,Public       ,2896,2425,5321,2896,2425,5321
00181700,INDIANA UNIVERSITY-SOUTHEAST            ,IN,47150-6405,Public       ,2477,1689,4166,2477,1689,4166
00182000,MANCHESTER COLLEGE                      ,IN,46962-1276,Private      ,1960,88,2048,1960,88,2048
00182100,MARIAN COLLEGE  (INDIANAPOLIS)          ,IN,46222-1997,Private      ,1630,1048,2678,1630,1048,2678
00182200,INDIANA WESLEYAN UNIVERSITY             ,IN,46953-4974,Private      ,3461,4523,7984,3461,4523,7984
00182300,ASSOCIATED MENNONITE BIBLICAL SEM       ,IN,46517-1999,Private      ,0,47,47,0,47,47
00182400,OAKLAND CITY UNIVERSITY                 ,IN,47660-1099,Private      ,618,1633,2251,618,1633,2251
00182500,PURDUE UNIVERSITY                       ,IN,47907-2050,Public       ,26364,4434,30798,26364,4434,30798
00182600,PURDUE UNIV NORTH CENTRAL CAMPUS        ,IN,46391-9528,Public       ,1679,1592,3271,1679,1592,3271
00182700,PURDUE UNIV CALUMET                     ,IN,46323-2094,Public       ,3633,2657,6290,3633,2657,6290
00182800,INDIANA UNIV-PURDUE UNIV FORT WAYNE     ,IN,46805-1499,Public       ,6240,4087,10327,6240,4087,10327
00183000,ROSE HULMAN INSTITUTE OF TECHNOLOGY     ,IN,47803-3999,Private      ,2553,55,2608,2553,55,2608
00183200,UNIVERSITY OF SAINT FRANCIS             ,IN,46808-3994,Private      ,1874,981,2855,1874,981,2855
00183300,ST JOSEPH'S COLLEGE                     ,IN,47978-0000,Private      ,1149,95,1244,1149,95,1244
00183400,CALUMET COLLEGE OF SAINT JOSEPH         ,IN,46394-2195,Private      ,307,403,710,307,403,710
00183500,SAINT MARY-OF-THE-WOODS COLLEGE         ,IN,47876-0067,Private      ,381,767,1148,381,767,1148
00183600,ST MARY'S COLLEGE                       ,IN,46556-5007,Private      ,1600,40,1640,1600,40,1640
00183800,TAYLOR UNIVERSITY                       ,IN,46989-1001,Private      ,2078,105,2183,2078,105,2183
00183801,TAYLOR UNIVERSITY - FORT WAYNE          ,IN,46807-0000,Private      ,477,184,661,477,184,661
00183900,TRINE UNIVERSITY                        ,IN,46703-1764,Private      ,2053,457,2510,2053,457,2510
00184000,UNIVERSITY OF NOTRE DAME                ,IN,46556-5602,Private      ,10755,2431,13186,10755,2431,13186
00184200,VALPARAISO UNIVERSITY                   ,IN,46383-6493,Private      ,3591,1313,4904,3591,1313,4904
00184300,VINCENNES UNIVERSITY                    ,IN,47591-1523,Public       ,4208,1625,5833,4208,1625,5833
00184400,WABASH COLLEGE                          ,IN,47933-0352,Private      ,1094,26,1120,1094,26,1120
00224905,DAVENPORT UNIVERSITY-MERRILLVILLE       ,IN,46410-0000,Private      ,51,281,332,51,281,332
00420300,GOOD SAMARITAN HOSP RADIOGRAPHY PRG     ,IN,47591-0000,Public       ,7,3,10,7,3,10
00457900,INTERNATIONAL BUSINESS COLLEGE          ,IN,46804-0000,Proprietary  ,496,129,625,496,129,625
00457901,INTERNATIONAL BUSINESS COLLEGE          ,IN,46256-0000,Proprietary  ,332,76,408,332,76,408
00458300,BROWN MACKIE COLLEGE-SOUTH BEND         ,IN,46617-3123,Proprietary  ,269,1464,1733,269,1464,1733
00512730,BROWN MACKIE COLLEGE-MERRILLVILLE       ,IN,46410-0000,Proprietary  ,140,750,890,140,750,890
00625700,SAINT ELIZABETH SCHOOL OF NURSING       ,IN,47904-2198,Private      ,117,160,277,117,160,277
00726300,HOLY CROSS COLLEGE                      ,IN,46556-0308,Private      ,460,59,519,460,59,519
00727600,SAINT MEINRAD SCHOOL OF THEOLOGY        ,IN,47577-1002,Private      ,5,26,31,5,26,31
00732700,ITT TECHNICAL INSTITUTE                 ,IN,47630-7430,Proprietary  ,242,293,535,242,293,535
00732900,ITT TECHNICAL INSTITUTE                 ,IN,46268-1119,Proprietary  ,376,747,1123,376,747,1123
00736200,MEDTECH COLLEGE                         ,IN,46250-3970,Proprietary  ,12,187,199,12,187,199
00736201,STUART SCHOOL OF BUSINESS ADMINISTRATION,IN,46250-2876,Proprietary  ,7,83,90,7,83,90
00736202,MEDTECH COLLEGE - STUART SCHOOL OF BUSIN,IN,46143-6478,Proprietary  ,3,9,12,3,9,12
00793800,LINCOLN COLLEGE OF TECHNOLOGY           ,IN,46202-0000,Proprietary  ,907,238,1145,907,238,1145
00832900,ITT TECHNICAL INSTITUTE                 ,IN,46825-2393,Proprietary  ,363,385,748,363,385,748
00842300,IVY TECH COMMUNITY COLLEGE OF INDIANA - ,IN,46601-3892,Public       ,1275,2765,4040,1275,2765,4040
00854600,NOT FOR STUDENT USE                     ,IN,46208-4700,Public       ,923,1299,2222,923,1299,2222
00854700,IVY TECH COMMUNITY COLLEGE OF INDIANA - ,IN,47802-4898,Public       ,1273,2278,3551,1273,2278,3551
00951500,J MICHAEL HARROLD BEAUTY ACADEMY        ,IN,47807-3390,Proprietary  ,7,13,20,7,13,20
00961200,"APEX SCHOOL OF BEAUTY CULTURE, INC      ",IN,46016-0000,Proprietary  ,5,6,11,5,6,11
00961300,MERRILLVILLE BEAUTY COLLEGE             ,IN,46410-3401,Proprietary  ,13,20,33,13,20,33
00967300,RUDAE'S SCHOOL OF BEAUTY CULTURE        ,IN,46825-5444,Proprietary  ,18,19,37,18,19,37
00967301,RUDAE'S SCHOOL OF BEAUTY CULTURE - FORT ,IN,46825-5444,Proprietary  ,20,17,37,20,17,37
00977700,KAPLAN COLLEGE                          ,IN,46278-1736,Proprietary  ,122,266,388,122,266,388
00977701,KAPLAN COLLEGE - ADDITIONAL CLASSROOM   ,IN,46278-1734,Proprietary  ,4,13,17,4,13,17
00977702,KAPLAN COLLEGE - TEMPORARY FACILITY EXPA,IN,46268-4111,Proprietary  ,1,6,7,1,6,7
00991700,IVY TECH COMMUNITY COLLEGE OF INDIANA - ,IN,46208-1763,Public       ,3614,5690,9304,3614,5690,9304
00992300,IVY TECH COMMUNITY COLLEGE OF INDIANA - ,IN,47250-1881,Public       ,477,820,1297,477,820,1297
00992400,IVY TECH COMMUNITY COLLEGE OF INDIANA - ,IN,47302-9448,Public       ,1864,2924,4788,1864,2924,4788
00992500,IVY TECH COMMUNITY COLLEGE OF INDIANA - ,IN,47710-3398,Public       ,1224,1708,2932,1224,1708,2932
00992600,IVY TECH COMMUNITY COLLEGE OF INDIANA- R,IN,46805-1489,Public       ,2253,3787,6040,2253,3787,6040
01003700,IVY TECH STATE COLLEGE - REGION 9       ,IN,47374-1220,Public       ,539,1302,1841,539,1302,1841
01003800,IVY TECH COMMUNITY COLLEGE OF INDIANA - ,IN,47203-1868,Public       ,742,1356,2098,742,1356,2098
01003900,IVY TECH COMMUNITY COLLEGE OF INDIANA - ,IN,47903-6299,Public       ,1791,2040,3831,1791,2040,3831
01004000,IVY TECH COMMUNITY COLLEGE OF INDIANA - ,IN,46409-1303,Public       ,1089,2582,3671,1089,2582,3671
01004100,IVY TECH STATE COLLEGE - REGION 5       ,IN,46903-1373,Public       ,816,1713,2529,816,1713,2529
01010900,IVY TECH COMMUNITY COLLEGE OF INDIANA - ,IN,47172-1897,Public       ,644,1321,1965,644,1321,1965
01015100,VINCENNES BEAUTY COLLEGE                ,IN,47591-1297,Proprietary  ,11,9,20,11,9,20
01040900,LAFAYETTE BEAUTY ACADEMY                ,IN,47901-1149,Proprietary  ,24,20,44,24,20,44
01061800,MID-AMERICA CLG FUNERAL SERVICE         ,IN,47130-9990,Private      ,10,29,39,10,29,39
01150500,CREATIVE HAIR STYLING ACADEMY           ,IN,46322-1554,Proprietary  ,18,18,36,18,18,36
02084800,RAVENSCROFT BEAUTY COLLEGE              ,IN,46815-0000,Proprietary  ,15,19,34,15,19,34
02087600,CONCORDIA THEOLOGICAL SEMINARY          ,IN,46825-0000,Private      ,1,110,111,1,110,111
02100402,EVEREST INSTITUTE - EVEREST COLLEGE     ,IN,46410-5683,Proprietary  ,42,216,258,42,216,258
02118900,EVANSVILLE TRI STATE BEAUTY COLLEGE     ,IN,47715-0000,Proprietary  ,15,13,28,15,13,28
02140800,MARTIN UNIVERSITY                       ,IN,46218-0000,Private      ,94,700,794,94,700,794
02158400,HARRISON COLLEGE                        ,IN,46204-2611,Proprietary  ,283,833,1116,283,833,1116
02158401,HARRISON COLLEGE - COLUMBUS             ,IN,47203-1843,Proprietary  ,57,188,245,57,188,245
02158402,HARRISON COLLEGE - LAFAYETTE            ,IN,47905-4859,Proprietary  ,73,192,265,73,192,265
02158404,HARRISON COLLEGE - MARION               ,IN,46952-0000,Proprietary  ,24,94,118,24,94,118
02158405,HARRISON COLLEGE - TERRE HAUTE          ,IN,47802-0000,Proprietary  ,47,222,269,47,222,269
02158407,HARRISON COLLEGE - ANDERSON             ,IN,46013-0000,Proprietary  ,53,186,239,53,186,239
02158409,HARRISON COLLEGE - EVANSVILLE           ,IN,47715-3901,Proprietary  ,68,160,228,68,160,228
02158410,HARRISON COLLEGE - EAST                 ,IN,46239-8903,Proprietary  ,126,396,522,126,396,522
02158412,HARRISON COLLEGE - FORT WAYNE           ,IN,46825-0000,Proprietary  ,148,408,556,148,408,556
02158413,HARRISON COLLEGE - NORTHWEST            ,IN,46278-0000,Proprietary  ,101,189,290,101,189,290
02158800,DON ROBERTS BEAUTY SCHOOLS              ,IN,46383-0000,Proprietary  ,7,8,15,7,8,15
02164300,DON ROBERTS SCHOOL OF HAIR DESIGN       ,IN,46375-9999,Proprietary  ,8,7,15,8,7,15
02201800,KAPLAN COLLEGE                          ,IN,46410-0000,Proprietary  ,74,280,354,74,280,354
02201802,KAPLAN COLLEGE - HAMMOND                ,IN,46324-3347,Proprietary  ,81,332,413,81,332,413
02241700,PJ'S COLLEGE OF COSMETOLOGY             ,IN,47129-0000,Proprietary  ,4,3,7,4,3,7
02302700,J EVERETT LIGHT CAREER CENTER           ,IN,46240-0000,Public       ,17,73,90,17,73,90
02304800,PJ'S COLLEGE OF COSMETOLOGY             ,IN,47374-0000,Proprietary  ,8,10,18,8,10,18
02308900,MASTER'S OF COSMETOLOGY COLLEGE         ,IN,46809-0000,Proprietary  ,32,18,50,32,18,50
02339600,ROGER'S ACADEMY OF HAIR DESIGN          ,IN,47712-0000,Proprietary  ,19,13,32,19,13,32
02345200,EMPIRE BEAUTY SCHOOL                    ,IN,46237-0000,Proprietary  ,36,55,91,36,55,91
02351300,KNOX BEAUTY COLLEGE                     ,IN,46534-0000,Proprietary  ,2,6,8,2,6,8
02490500,HAIR FASHIONS BY KAYE BEAUTY CLG        ,IN,46250-0000,Proprietary  ,20,29,49,20,29,49
02490800,HAIR FASHIONS BY KAYE BEAUTY CLG        ,IN,46060-0000,Proprietary  ,8,9,17,8,9,17
02607000,HAIR ARTS ACADEMY                       ,IN,47404-3581,Proprietary  ,7,8,15,7,8,15
02615800,COLLEGE OF COURT REPORTING              ,IN,46342-5969,Proprietary  ,7,60,67,7,60,67
02616203,BROWN MACKIE COLLEGE-FINDLAY - INDIANAPO,IN,46204-1017,Proprietary  ,43,226,269,43,226,269
03009700,HARRISON COLLEGE                        ,IN,47303-6413,Proprietary  ,66,182,248,66,182,248
03009701,HARRISON COLLEGE - MUNCIE - ELKHART     ,IN,46516-9795,Proprietary  ,40,110,150,40,110,150
03084601,THE ART INSTITUTE OF INDIANAPOLIS       ,IN,46268-1170,Proprietary  ,597,395,992,597,395,992
03100600,MARION COMM TUCKER AREA VOC SCHOOL      ,IN,46952-3831,Public       ,32,71,103,32,71,103
03176300,AMERICAN TRANS AIR AVIATION ACADEMY     ,IN,46241-1445,Proprietary  ,20,72,92,20,72,92
03262300,DAVID DEMUTH INSTITUTE OF COSM          ,IN,47374-4101,Proprietary  ,10,9,19,10,9,19
03456700,CROSSROADS BIBLE COLLEGE                ,IN,46219-4912,Private      ,39,99,138,39,99,138
03521300,IVY TECH COMMUNITY COLLEGE OF INDIANA - ,IN,47404-9772,Public       ,1795,1796,3591,1795,1796,3591
03538300,ALEXANDRIA SCH OF SCIENTIFIC THERAP     ,IN,46001-0287,Proprietary  ,14,20,34,14,20,34
04038700,IDEAL BEAUTY ACADEMY                    ,IN,47130-4215,Proprietary  ,2,11,13,2,11,13
04100300,SUCCESS SCHOOLS                         ,IN,46410-5310,Proprietary  ,6,24,30,6,24,30
04119700,MOLER HAIRSTYLING COLLEGE               ,IN,46406-1745,Proprietary  ,2,9,11,2,9,11
04130900,HONORS BEAUTY COLLEGE                   ,IN,46256-3317,Proprietary  ,22,38,60,22,38,60
00163203,AQUINAS INSTITUTE OF THEOLOGY - MINISTRY,KS,66109-3718,Private      ,0,1,1,0,1,1
00190100,ALLEN COUNTY COMMUNITY COLLEGE          ,KS,66749-1607,Public       ,307,177,484,307,177,484
00190200,COWLEY COUNTY COMMUNITY COLLEGE & AREA V,KS,67005-2662,Public       ,444,433,877,444,433,877
00190300,BAKER UNIVERSITY                        ,KS,66006-0065,Private      ,1106,585,1691,1106,585,1691
00190400,BETHANY COLLEGE                         ,KS,67456-1897,Private      ,547,52,599,547,52,599
00190500,BETHEL COLLEGE                          ,KS,67117-0531,Private      ,310,52,362,310,52,362
00190600,BUTLER COUNTY COMMUNITY COLLEGE         ,KS,67042-3280,Public       ,1024,773,1797,1024,773,1797
00190700,CENTRAL BAPTIST THEOLOGY SEMINARY       ,KS,66226-3513,Private      ,0,2,2,0,2,2
00190800,CENTRAL CHRISTIAN COLLEGE OF KANSAS     ,KS,67460-5799,Private      ,277,28,305,277,28,305
00190900,CLOUD COUNTY COMMUNITY COLLEGE          ,KS,66901-1002,Public       ,330,183,513,330,183,513
00191000,COFFEYVILLE COMMUNITY COLLEGE           ,KS,67337-5064,Public       ,300,63,363,300,63,363
00191100,COLBY COMMUNITY COLLEGE                 ,KS,67701-4099,Public       ,250,80,330,250,80,330
00191300,DODGE CITY COMMUNITY COLLEGE            ,KS,67801-2399,Public       ,151,78,229,151,78,229
00191400,DONNELLY COLLEGE                        ,KS,66102-4298,Private      ,48,71,119,48,71,119
00191500,FORT HAYS STATE UNIVERSITY              ,KS,67601-4099,Public       ,1854,1194,3048,1854,1194,3048
00191600,FORT SCOTT COMMUNITY COLLEGE            ,KS,66701-3199,Public       ,405,147,552,405,147,552
00191700,BARCLAY COLLEGE                         ,KS,67059-0288,Private      ,37,14,51,37,14,51
00191800,FRIENDS UNIVERSITY                      ,KS,67213-3397,Private      ,772,625,1397,772,625,1397
00191900,GARDEN CITY COMMUNITY COLLEGE           ,KS,67846-6398,Public       ,298,103,401,298,103,401
00192000,HESSTON COLLEGE                         ,KS,67062-2093,Private      ,296,87,383,296,87,383
00192100,HIGHLAND COMMUNITY COLLEGE              ,KS,66035-4062,Public       ,450,193,643,450,193,643
00192114,HIGHLAND COMMUNITY COLLEGE - NOTHEAST KA,KS,66002-1513,Public       ,24,20,44,24,20,44
00192300,HUTCHINSON COMMUNITY COLLEGE            ,KS,67501-5894,Public       ,783,429,1212,783,429,1212
00192400,INDEPENDENCE COMMUNITY COLLEGE          ,KS,67301-0000,Public       ,127,46,173,127,46,173
00192500,KANSAS CITY KANSAS COMMUNITY CLG        ,KS,66112-9978,Public       ,401,645,1046,401,645,1046
00192502,"KANSAS CITY KS AREA TECH SCHOOL, KS     ",KS,66104-0000,Public       ,38,81,119,38,81,119
00192600,PITTSBURG STATE UNIVERSITY              ,KS,66762-7500,Public       ,2106,745,2851,2106,745,2851
00192700,EMPORIA STATE UNIVERSITY                ,KS,66801-5087,Public       ,1852,1053,2905,1852,1053,2905
00192800,KANSAS STATE UNIVERSITY                 ,KS,66506-1104,Public       ,9390,2429,11819,9390,2429,11819
00192900,KANSAS WESLEYAN UNIVERSITY              ,KS,67401-6196,Private      ,610,207,817,610,207,817
00193000,LABETTE COMMUNITY COLLEGE               ,KS,67357-4299,Public       ,169,130,299,169,130,299
00193100,MANHATTAN CHRISTIAN COLLEGE             ,KS,66502-4081,Private      ,193,25,218,193,25,218
00193300,MCPHERSON COLLEGE                       ,KS,67460-3899,Private      ,506,64,570,506,64,570
00193600,NEOSHO COUNTY COMMUNITY COLLEGE         ,KS,66720-2699,Public       ,180,166,346,180,166,346
00193700,OTTAWA UNIVERSITY                       ,KS,66067-3399,Private      ,722,383,1105,722,383,1105
00193800,PRATT COMMUNITY COLLEGE                 ,KS,67124-8432,Public       ,198,93,291,198,93,291
00193900,NEWMAN UNIVERSITY                       ,KS,67213-2084,Private      ,566,525,1091,566,525,1091
00194000,SOUTHWESTERN COLLEGE                    ,KS,67156-2499,Private      ,421,318,739,421,318,739
00194300,UNIVERSITY OF ST MARY                   ,KS,66048-5023,Private      ,304,144,448,304,144,448
00194500,STERLING COLLEGE                        ,KS,67579-1533,Private      ,515,55,570,515,55,570
00194600,TABOR COLLEGE                           ,KS,67063-1799,Private      ,470,40,510,470,40,510
00194800,UNIVERSITY OF KANSAS                    ,KS,66045-7535,Public       ,9661,4822,14483,9661,4822,14483
00194900,WASHBURN UNIVERSITY                     ,KS,66621-1110,Public       ,1908,1935,3843,1908,1935,3843
00195000,WICHITA STATE UNIVERSITY                ,KS,67208-0001,Public       ,3055,2518,5573,3055,2518,5573
00460800,BARTON COUNTY COMMUNITY COLLEGE         ,KS,67530-9283,Public       ,290,256,546,290,256,546
00526400,FLINT HILLS TECHNICAL COLLEGE           ,KS,66801-5999,Public       ,52,71,123,52,71,123
00526500,NORTH CENTRAL KANSAS TECH COLG          ,KS,67420-0000,Public       ,130,50,180,130,50,180
00526700,NORTHWEST KANSAS TECHNICAL SCHOOL       ,KS,67735-3441,Public       ,67,26,93,67,26,93
00549800,WICHITA AREA TECHNICAL COLLEGE          ,KS,67211-2099,Public       ,62,208,270,62,208,270
00549900,SALINA AREA TECHNICAL COLLEGE           ,KS,67401-8195,Public       ,41,26,67,41,26,67
00550000,MANHATTAN AREA TECHNICAL COLLEGE        ,KS,66503-2499,Public       ,99,84,183,99,84,183
00675500,BROWN MACKIE COLLEGE (THE)              ,KS,67401-7307,Proprietary  ,28,190,218,28,190,218
00703200,MID AMERICA NAZARENE UNIVERSITY         ,KS,66062-1899,Private      ,780,305,1085,780,305,1085
00817200,SOUTHWEST KANSAS TECHNICAL SCHOOL       ,KS,67905-2013,Public       ,7,5,12,7,5,12
00822800,SEWARD CO COMM CO/AREA TECHNICAL SCHOOL ,KS,67905-0000,Public       ,101,52,153,101,52,153
00824400,JOHNSON COUNTY COMMUNITY COLLEGE        ,KS,66210-1299,Public       ,1689,1420,3109,1689,1420,3109
00833200,B-STREET DESIGN SCHOOL OF INTERNATIONAL ,KS,66502-6082,Proprietary  ,6,4,10,6,4,10
00868200,ACADEMY OF HAIR DESIGN                  ,KS,67401-2803,Proprietary  ,3,1,4,3,1,4
01025600,BENEDICTINE COLLEGE                     ,KS,66002-1499,Private      ,1326,57,1383,1326,57,1383
01043800,HASKELL INDIAN NATIONS UNIVERSITY       ,KS,66046-4800,Public       ,229,131,360,229,131,360
01050300,WICHITA TECHNICAL INSTITUTE             ,KS,67213-1927,Proprietary  ,46,373,419,46,373,419
01068900,KAW AREA TECHNICAL SCHOOL               ,KS,66604-2199,Public       ,61,78,139,61,78,139
02090700,CLEVELAND CHIROPRACTIC COLLEGE          ,KS,66210-1613,Private      ,16,229,245,16,229,245
02134800,OLD TOWN BARBER AND BEAUTY COLLEGE      ,KS,67211-0000,Proprietary  ,2,15,17,2,15,17
02257700,HAYS ACADEMY OF HAIR DESIGN             ,KS,67601-0000,Proprietary  ,6,4,10,6,4,10
02303500,AMERICAN INSTITUTE OF BAKING            ,KS,66502-0000,Private      ,3,3,6,3,3,6
02340700,LABARON HAIRDRESSING ACADEMY            ,KS,66204-0000,Proprietary  ,2,2,4,2,2,4
02590900,WRIGHT CAREER COLLEGE                   ,KS,66212-0000,Private      ,2,61,63,2,61,63
02599709,VATTEROTT COLLEGE - WICHITA             ,KS,67226-1304,Proprietary  ,6,68,74,6,68,74
02603100,XENON INTERNATIONAL ACADEMY             ,KS,67203-5428,Proprietary  ,26,23,49,26,23,49
02606300,VERNON'S KANSAS SCHOOL OF COSMETOLOGY   ,KS,67217-2803,Proprietary  ,1,15,16,1,15,16
02611005,HERITAGE COLLEGE - WICHITA              ,KS,67210-1879,Proprietary  ,8,63,71,8,63,71
02613000,PINNACLE CAREER INSTITUTE               ,KS,66046-2703,Proprietary  ,13,40,53,13,40,53
03031300,XENON INTERNATIONAL ACADEMY IV          ,KS,66061-3765,Proprietary  ,5,4,9,5,4,9
03066200,BRYAN COLLEGE                           ,KS,66604-2496,Proprietary  ,15,100,115,15,100,115
03450300,B-STREET DESIGN SCHOOL OF INTERNATIONAL ,KS,66611-2373,Proprietary  ,6,3,9,6,3,9
03450301,B-STREET DESIGN SCHOOL OF INTERNATIONAL ,KS,67207-5148,Proprietary  ,5,3,8,5,3,8
03450302,B-STREET DESIGN SCHOOL OF INTERNATIONAL ,KS,66212-5451,Proprietary  ,5,15,20,5,15,20
03529300,SIDNEY'S HAIRDRESSING COLLEGE           ,KS,67501-7094,Proprietary  ,5,7,12,5,7,12
03862300,BMSI INSTITUTE                          ,KS,66212-3388,Proprietary  ,1,3,4,1,3,4
00203300,UNIVERSITY OF MAINE-PRESQUE ISLE        ,ME,04769-2888,Public       ,444,172,616,444,172,616
00203500,BANGOR THEOLOGICAL SEMINARY             ,ME,04402-0411,Private      ,0,21,21,0,21,21
00203600,BATES COLLEGE                           ,ME,04240-6028,Private      ,2340,25,2365,2340,25,2365
00203800,BOWDOIN COLLEGE                         ,ME,04011-8451,Private      ,2995,31,3026,2995,31,3026
00203900,COLBY COLLEGE                           ,ME,04901-8841,Private      ,2470,25,2495,2470,25,2495
00204000,UNIVERSITY OF MAINE-FARMINGTON          ,ME,04938-1990,Public       ,2306,259,2565,2306,259,2565
00204100,UNIVERSITY OF MAINE-FORT KENT           ,ME,04743-1292,Public       ,314,126,440,314,126,440
00204300,HUSSON UNIVERSITY                       ,ME,04401-2999,Private      ,1511,417,1928,1511,417,1928
00204400,MAINE MARITIME ACADEMY                  ,ME,04420-0001,Public       ,592,55,647,592,55,647
00205000,UNIVERSITY OF NEW ENGLAND               ,ME,04005-9599,Private      ,2864,1032,3896,2864,1032,3896
00205100,SAINT JOSEPH'S COLLEGE                  ,ME,04084-5263,Private      ,1362,110,1472,1362,110,1472
00205200,THOMAS COLLEGE                          ,ME,04901-5097,Private      ,666,60,726,666,60,726
00205300,UNIVERSITY OF MAINE                     ,ME,04469-0001,Public       ,9038,1835,10873,9038,1835,10873
00205400,UNIVERSITY OF SOUTHERN MAINE            ,ME,04104-0000,Public       ,4605,2752,7357,4605,2752,7357
00205500,UNIVERSITY OF MAINE-MACHIAS             ,ME,04654-1397,Public       ,359,108,467,359,108,467
00520400,BEAL COLLEGE                            ,ME,04401-6896,Proprietary  ,76,175,251,76,175,251
00527600,CENTRAL MAINE COMMUNITY COLLEGE         ,ME,04210-6498,Public       ,661,450,1111,661,450,1111
00527700,EASTERN MAINE COMMUNITY COLLEGE         ,ME,04401-4280,Public       ,709,358,1067,709,358,1067
00552500,SOUTHERN MAINE COMMUNITY  COLLEGE       ,ME,04106-1698,Public       ,1199,787,1986,1199,787,1986
00576000,NORTHERN MAINE COMMUNITY COLLEGE        ,ME,04769-2016,Public       ,194,143,337,194,143,337
00577600,MERCY HOSP SCH OF RADIOLOGIC TECH       ,ME,04101-3795,Private      ,3,20,23,3,20,23
00630501,CENTRAL MAINE MEDICAL CENTER - COLLEGE O,ME,04240-4500,Private      ,19,94,113,19,94,113
00676000,UNIVERSITY OF MAINE-AUGUSTA             ,ME,04330-9410,Public       ,841,2011,2852,841,2011,2852
00685800,UNITY COLLEGE                           ,ME,04988-9502,Private      ,625,40,665,625,40,665
00903800,MR BERNARD'S SCH HAIR FASHION INC       ,ME,04243-1163,Proprietary  ,6,15,21,6,15,21
00923100,WASHINGTON COUNTY COMMUNITY COLLEGE     ,ME,04619-9704,Public       ,114,70,184,114,70,184
00929200,ANDOVER COLLEGE                         ,ME,04106-2415,Proprietary  ,24,114,138,24,114,138
00929201,ANDOVER COLLEGE -                       ,ME,04240-0000,Proprietary  ,27,181,208,27,181,208
00945900,PIERRE'S SCHOOL OF COSMETOLOGY          ,ME,04101-3348,Proprietary  ,47,33,80,47,33,80
00982600,KENNEBEC VALLEY  COMMUNITY  COLLEGE     ,ME,04937-1367,Public       ,299,435,734,299,435,734
01138500,COLLEGE OF THE ATLANTIC                 ,ME,04609-1105,Private      ,388,43,431,388,43,431
01167300,MAINE COLLEGE OF ART                    ,ME,04101-3987,Private      ,406,92,498,406,92,498
02104400,SPA TECH INSTITUTE                      ,ME,04102-0000,Proprietary  ,26,40,66,26,40,66
02347100,NEW ENGLAND SCHOOL OF COMMUNICATIONS    ,ME,04401-0000,Private      ,298,33,331,298,33,331
02361300,LANDING SCHOOL OF BOATBUILDING & DESIGN ,ME,04046-1490,Private      ,16,12,28,16,12,28
03122900,YORK COUNTY COMMUNITY COLLEGE           ,ME,04090-0529,Public       ,154,138,292,154,138,292
03429300,SEACOAST CAREER SCHOOLS                 ,ME,04073-0000,Proprietary  ,4,11,15,4,11,15
03612300,BIRTHWISE MIDWIFERY SCHOOL              ,ME,04009-1110,Proprietary  ,3,20,23,3,20,23
00209300,ST JOHN'S COLLEGE                       ,NM,87505-4599,Private      ,407,86,493,407,86,493
00264900,COLLEGE OF SANTA FE                     ,NM,87505-7634,Private      ,471,178,649,471,178,649
00265000,UNIVERSITY OF THE SOUTHWEST             ,NM,88240-9129,Private      ,97,70,167,97,70,167
00265100,EASTERN NEW MEXICO UNIV PORTALES        ,NM,88130-6000,Public       ,1015,501,1516,1015,501,1516
00265101,EASTERN NEW MEXICO UNIV-ROSWELL CAM     ,NM,88202-0000,Public       ,273,259,532,273,259,532
00265300,NEW MEXICO HIGHLANDS UNIVERSITY         ,NM,87701-4436,Public       ,703,571,1274,703,571,1274
00265400,NEW MEXICO INST OF MINING & TECH        ,NM,87801-4796,Public       ,492,89,581,492,89,581
00265500,NEW MEXICO JUNIOR COLLEGE               ,NM,88240-9123,Public       ,165,93,258,165,93,258
00265600,NEW MEXICO MILITARY INSTITUTE           ,NM,88201-5173,Public       ,99,7,106,99,7,106
00265700,NEW MEXICO STATE UNIVERSITY             ,NM,88003-8001,Public       ,4948,2454,7402,4948,2454,7402
00265701,NEW MEXICO STATE UNIV-ALAMOGORDO        ,NM,88311-0000,Public       ,105,217,322,105,217,322
00265702,NEW MEXICO STATE UNIV.-DONA ANA CLG     ,NM,88003-0000,Public       ,618,694,1312,618,694,1312
00265703,NEW MEXICO STATE UNIV-CARLSBAD          ,NM,88220-0000,Public       ,56,90,146,56,90,146
00265704,NEW MEXICO STATE UNIV-GRANTS            ,NM,87020-0000,Public       ,42,59,101,42,59,101
00266000,SAN JUAN COLLEGE                        ,NM,87402-4699,Public       ,278,429,707,278,429,707
00266300,THE UNIVERSITY OF NEW MEXICO            ,NM,87131-0001,Public       ,5750,4822,10572,5750,4822,10572
00266301,UNIV OF NEW MEXICO - GALLUP BRANCH      ,NM,87301-5697,Public       ,94,150,244,94,150,244
00266302,UNIV OF NEW MEXICO - VALENCIA BRANCH    ,NM,87031-0000,Public       ,95,118,213,95,118,213
00266303,UNIV OF NEW MEXICO - LOS ALAMOS         ,NM,87544-0000,Public       ,44,21,65,44,21,65
00266400,WESTERN NEW MEXICO UNIVERSITY           ,NM,88061-5417,Public       ,336,282,618,336,282,618
00405701,NATIONAL AMERICAN UNIVERSITY            ,NM,87110-0000,Proprietary  ,7,77,84,7,77,84
00474200,CENTRAL NEW MEXICO COMMUNITY COLLEGE    ,NM,87106-4096,Public       ,1061,2109,3170,1061,2109,3170
00474300,CLOVIS COMMUNITY COLLEGE                ,NM,88101-8381,Public       ,100,147,247,100,147,247
00996200,LUNA COMMUNITY COLLEGE                  ,NM,87701-0000,Public       ,85,66,151,85,66,151
01063200,DEWOLFF CLG HAIRSTYLING/COSMETOLOGY     ,NM,87112-4113,Proprietary  ,4,7,11,4,7,11
01300500,OLYMPIAN UNIVERSITY OF COSMETOLOGY      ,NM,88310-5051,Proprietary  ,16,54,70,16,54,70
02083900,NORTHERN NEW MEXICO COLLEGE             ,NM,87530-0000,Public       ,145,204,349,145,204,349
02146400,INSTITUTE OF AMERICAN INDIAN ARTS       ,NM,87508-0000,Public       ,43,64,107,43,64,107
02151102,ATI COLLEGE OF HEALTH - ATI CAREER TRAIN,NM,87109-2016,Proprietary  ,3,13,16,3,13,16
02278100,SANTA FE COMMUNITY COLLEGE              ,NM,87507-0000,Public       ,91,170,261,91,170,261
02357600,CROWNPOINT INSTITUTE OF TECHNOLOGY      ,NM,87313-0000,Public       ,19,30,49,19,30,49
02491501,THE ART CENTER DESIGN COLLEGE- ALBQ     ,NM,87110-0000,Proprietary  ,35,15,50,35,15,50
02511000,SOUTHWESTERN INDIAN POLYTECH INST       ,NM,87184-0000,Public       ,50,42,92,50,42,92
02622000,SOUTHWEST ACUPUNCTURE COLLEGE           ,NM,87505-0000,Proprietary  ,1,86,87,1,86,87
03076100,SOUTHWESTERN COLLEGE                    ,NM,87507-0000,Private      ,2,43,45,2,43,45
03128200,KAPLAN CAREER INSTITUTE                 ,NM,87109-2072,Proprietary  ,6,11,17,6,11,17
03128201,KAPLAN CAREER INSTITUTE                 ,NM,87109-0000,Proprietary  ,2,4,6,2,4,6
03206300,MESALANDS COMMUNITY COLLEGE             ,NM,88401-3352,Public       ,34,25,59,34,25,59
03430300,UNIVERSAL THERAPEUTIC MASSAGE INSTITUTE ,NM,87107-4403,Proprietary  ,9,10,19,9,10,19
03678300,PIMA MEDICAL INSTITUTE                  ,NM,87110-4127,Proprietary  ,17,12,29,17,12,29
03944300,MASSAGE THERAPY TRAINING INSTITUTE      ,NM,88007-0000,Proprietary  ,6,5,11,6,5,11
00223400,ADRIAN COLLEGE                          ,MI,49221-2575,Private      ,2074,103,2177,2074,103,2177
00223500,ALBION COLLEGE                          ,MI,49224-1831,Private      ,1950,35,1985,1950,35,1985
00223600,ALMA COLLEGE                            ,MI,48801-1599,Private      ,1928,56,1984,1928,56,1984
00223700,ALPENA COMMUNITY COLLEGE                ,MI,49707-1495,Public       ,502,271,773,502,271,773
00223800,ANDREWS UNIVERSITY                      ,MI,49104-0750,Private      ,787,399,1186,787,399,1186
00223900,AQUINAS COLLEGE                         ,MI,49506-1799,Private      ,1712,258,1970,1712,258,1970
00224000,BAY DE NOC COMMUNITY COLLEGE            ,MI,49829-2524,Public       ,577,323,900,577,323,900
00224100,CALVIN COLLEGE                          ,MI,49546-4388,Private      ,3293,126,3419,3293,126,3419
00224200,CALVIN THEOLOGICAL SEMINARY             ,MI,49546-4387,Private      ,9,131,140,9,131,140
00224300,CENTRAL MICHIGAN UNIVERSITY             ,MI,48859-0001,Public       ,14151,3231,17382,14151,3231,17382
00224600,CLEARY UNIVERSITY                       ,MI,48105-2659,Private      ,77,226,303,77,226,303
00224700,CONCORDIA UNIVERSITY-ANN ARBOR          ,MI,48105-2797,Private      ,353,127,480,353,127,480
00224800,CRANBROOK ACADEMY OF ART                ,MI,48303-0000,Private      ,13,198,211,13,198,211
00224900,DAVENPORT UNIVERSITY                    ,MI,49503-0000,Private      ,1644,4185,5829,1644,4185,5829
00225100,DELTA COLLEGE                           ,MI,48710-0001,Public       ,2810,2120,4930,2810,2120,4930
00225400,MICHIGAN STATE UNIVERSITY COLLEGE OF LAW,MI,48824-1300,Private      ,244,953,1197,244,953,1197
00225900,EASTERN MICHIGAN UNIVERSITY             ,MI,48197-2214,Public       ,8237,3741,11978,8237,3741,11978
00226000,FERRIS STATE UNIVERSITY                 ,MI,49307-2251,Public       ,8858,2930,11788,8858,2930,11788
00226100,CHARLES STEWART MOTT COMMUNITY CLG      ,MI,48503-2089,Public       ,1654,1941,3595,1654,1941,3595
00226200,KETTERING UNIVERSITY                    ,MI,48504-4898,Private      ,1732,101,1833,1732,101,1833
00226300,GLEN OAKS COMMUNITY COLLEGE             ,MI,49032-9784,Public       ,272,232,504,272,232,504
00226400,GOGEBIC COMMUNITY COLLEGE               ,MI,49938-1365,Public       ,287,139,426,287,139,426
00226500,GRACE BIBLE COLLEGE                     ,MI,49509-1998,Private      ,165,24,189,165,24,189
00226600,CORNERSTONE UNIVERSITY                  ,MI,49525-5897,Private      ,1078,593,1671,1078,593,1671
00226700,GRAND RAPIDS COMMUNITY COLLEGE          ,MI,49503-3295,Public       ,4575,2563,7138,4575,2563,7138
00226800,GRAND VALLEY STATE UNIVERSITY           ,MI,49401-9403,Public       ,16029,3523,19552,16029,3523,19552
00226900,GREAT LAKES CHRISTIAN COLLEGE           ,MI,48917-1299,Private      ,89,39,128,89,39,128
00227000,HENRY FORD COMMUNITY COLLEGE            ,MI,48128-1495,Public       ,2842,3538,6380,2842,3538,6380
00227300,HOPE COLLEGE                            ,MI,49423-3607,Private      ,3404,87,3491,3404,87,3491
00227400,JACKSON COMMUNITY COLLEGE               ,MI,49201-8399,Public       ,1584,1423,3007,1584,1423,3007
00227500,KALAMAZOO COLLEGE                       ,MI,49006-3295,Private      ,1624,37,1661,1624,37,1661
00227600,KELLOGG COMMUNITY COLLEGE               ,MI,49017-3397,Public       ,1011,1205,2216,1011,1205,2216
00227700,LAKE MICHIGAN COLLEGE                   ,MI,49022-1899,Public       ,708,587,1295,708,587,1295
00227800,LANSING COMMUNITY COLLEGE               ,MI,48933-1293,Public       ,2715,2018,4733,2715,2018,4733
00227900,LAWRENCE TECHNOLOGICAL UNIVERSITY       ,MI,48075-1058,Private      ,1171,458,1629,1171,458,1629
00228200,MADONNA UNIVERSITY                      ,MI,48150-1173,Private      ,733,885,1618,733,885,1618
00228400,MARYGROVE COLLEGE                       ,MI,48221-2599,Private      ,316,824,1140,316,824,1140
00228800,ROCHESTER COLLEGE                       ,MI,48307-2764,Private      ,301,218,519,301,218,519
00229000,MICHIGAN STATE UNIVERSITY               ,MI,48824-1113,Public       ,23472,5245,28717,23472,5245,28717
00229200,MICHIGAN TECHNOLOGICAL UNIV             ,MI,49931-1295,Public       ,4774,431,5205,4774,431,5205
00229300,LAKE SUPERIOR STATE UNIVERSITY          ,MI,49783-1691,Public       ,1719,349,2068,1719,349,2068
00229400,MONROE COUNTY COMMUNITY CLG             ,MI,48161-9746,Public       ,520,415,935,520,415,935
00229500,MONTCALM COMMUNITY COLLEGE              ,MI,48885-9723,Public       ,401,517,918,401,517,918
00229700,MUSKEGON COMMUNITY COLLEGE              ,MI,49442-1432,Public       ,1424,1014,2438,1424,1014,2438
00229900,NORTH CENTRAL MICHIGAN COLLEGE          ,MI,49770-8740,Public       ,479,476,955,479,476,955
00230100,NORTHERN MICHIGAN UNIVERSITY            ,MI,49855-5316,Public       ,5185,1188,6373,5185,1188,6373
00230200,NORTHWESTERN MICHIGAN COLLEGE           ,MI,49686-3061,Public       ,1301,860,2161,1301,860,2161
00230300,OAKLAND COMMUNITY COLLEGE               ,MI,48304-2266,Public       ,159,153,312,159,153,312
00230301,OAKLAND COMMUNITY COLLEGE - ORCHARD RIDG,MI,48334-4579,Public       ,712,752,1464,712,752,1464
00230302,OAKLAND COMMUNITY COLLEGE - ROYAL OAK CA,MI,48067-3898,Public       ,987,1475,2462,987,1475,2462
00230304,OAKLAND COMMUNITY COLLEGE - AUBURN HILLS,MI,48323-2845,Public       ,1039,917,1956,1039,917,1956
00230305,OAKLAND COMMUNITY COLLEGE - HIGHLAND LAK,MI,48327-4187,Public       ,503,602,1105,503,602,1105
00230700,OAKLAND UNIVERSITY                      ,MI,48309-4401,Public       ,7165,2844,10009,7165,2844,10009
00230800,OLIVET COLLEGE                          ,MI,49076-9902,Private      ,942,115,1057,942,115,1057
00231000,ST. CLAIR COUNTY COMMUNITY COLLEGE      ,MI,48061-0000,Public       ,850,742,1592,850,742,1592
00231100,KUYPER COLLEGE                          ,MI,49525-9749,Private      ,247,56,303,247,56,303
00231300,SACRED HEART MAJOR SEMINARY             ,MI,48206-1799,Private      ,6,64,70,6,64,70
00231400,SAGINAW VALLEY STATE UNIV               ,MI,48710-0001,Public       ,5838,1442,7280,5838,1442,7280
00231500,SCHOOLCRAFT COLLEGE                     ,MI,48152-2696,Public       ,1827,1722,3549,1827,1722,3549
00231600,SIENA HEIGHTS UNIVERSITY                ,MI,49221-1796,Private      ,616,456,1072,616,456,1072
00231700,SOUTHWESTERN MICHIGAN COLLEGE           ,MI,49047-9793,Public       ,591,508,1099,591,508,1099
00231800,SPRING ARBOR UNIVERSITY                 ,MI,49283-9984,Private      ,1619,1044,2663,1619,1044,2663
00232200,FINLANDIA UNIVERSITY                    ,MI,49930-1882,Private      ,337,132,469,337,132,469
00232300,UNIVERSITY OF DETROIT MERCY             ,MI,48221-3038,Private      ,2077,1470,3547,2077,1470,3547
00232301,UNIVERSITY OF DETROIT MERCY- DENTAL SCH ,MI,48219-3580,Private      ,41,172,213,41,172,213
00232303,UNIV OF DETROIT MERCY - LAW SCHOOL      ,MI,48226-0000,Private      ,17,533,550,17,533,550
00232330,UNIV OF DETROIT MERCY - DENTAL SCHOOL   ,MI,48208-2576,Private      ,12,90,102,12,90,102
00232500,UNIVERSITY OF MICHIGAN - ANN ARBOR      ,MI,48109-1316,Public       ,22046,6892,28938,22046,6892,28938
00232501,UNIVERSITY OF MICHIGAN-MEDICAL SCH      ,MI,48109-0000,Public       ,106,733,839,106,733,839
00232503,UNIVERSITY OF MICHIGAN LAW SCHOOL       ,MI,48109-0000,Public       ,29,2412,2441,29,2412,2441
00232600,UNIVERSITY OF MICHIGAN-DEARBORN         ,MI,48128-2406,Public       ,2972,1557,4529,2972,1557,4529
00232700,UNIVERSITY OF MICHIGAN-FLINT            ,MI,48502-1950,Public       ,2224,1946,4170,2224,1946,4170
00232800,WASHTENAW COMMUNITY COLLEGE             ,MI,48106-0000,Public       ,1297,1336,2633,1297,1336,2633
00232900,WAYNE STATE UNIVERSITY                  ,MI,48202-0000,Public       ,9285,7417,16702,9285,7417,16702
00232901,WAYNE STATE UNIV SCH OF MEDICINE        ,MI,48201-3359,Public       ,127,823,950,127,823,950
00232902,WAYNE STATE UNIVERSITY - LAW SCHOOL     ,MI,48202-3424,Public       ,77,851,928,77,851,928
00233000,WESTERN MICHIGAN UNIVERSITY             ,MI,49008-3899,Public       ,11491,3217,14708,11491,3217,14708
00233100,WESTERN THEOLOGICAL SEMINARY            ,MI,49423-0000,Private      ,0,52,52,0,52,52
00407100,WALSH COLLEGE OF ACCT & BUS ADMN        ,MI,48007-7006,Private      ,112,532,644,112,532,644
00407200,NORTHWOOD UNIVERSITY                    ,MI,48640-2398,Private      ,1681,561,2242,1681,561,2242
00467300,BAKER COLLEGE - FLINT                   ,MI,48507-5508,Private      ,943,2005,2948,943,2005,2948
00467301,BAKER COLLEGE OF CADILLAC               ,MI,49601-0000,Private      ,196,469,665,196,469,665
00467302,BAKER COLLEGE OF CLINTON TOWNSHIP       ,MI,48035-0000,Private      ,814,1693,2507,814,1693,2507
00467303,BAKER COLLEGE OF MUSKEGON               ,MI,49442-0000,Private      ,1177,1264,2441,1177,1264,2441
00467304,BAKER COLLEGE OF OWOSSO                 ,MI,48867-0000,Private      ,755,570,1325,755,570,1325
00467305,BAKER COLLEGE OF AUBURN HILLS           ,MI,48326-0000,Private      ,437,975,1412,437,975,1412
00467306,BAKER COLLEGE OF PORT HURON             ,MI,48060-0000,Private      ,225,515,740,225,515,740
00467309,BAKER COLLEGE OF JACKSON                ,MI,49202-0000,Private      ,240,519,759,240,519,759
00467311,BAKER COLLEGE-CASS CITY                 ,MI,48726-0000,Private      ,76,141,217,76,141,217
00467313,BAKER COLLEGE - GRADUATE ON-LINE        ,MI,48507-0000,Private      ,108,1660,1768,108,1660,1768
00467317,BAKER COLLEGE-ALLEN PARK                ,MI,48101-0000,Private      ,289,912,1201,289,912,1201
00469200,DORSEY SCHOOL OF BUSINESS               ,MI,48195-2334,Proprietary  ,8,16,24,8,16,24
00469201,DORSEY SCHOOL OF BUSINESS               ,MI,48184-0000,Proprietary  ,4,9,13,4,9,13
00469202,DORSEY SCHOOL OF BUSINESS               ,MI,48071-0000,Proprietary  ,8,12,20,8,12,20
00469204,DORSEY SCHOOL OF BUSINESS               ,MI,48066-0000,Proprietary  ,13,43,56,13,43,56
00469205,DORSEY BUSINESS SCHOOL - FARMINGTON HILL,MI,48334-3385,Proprietary  ,1,3,4,1,3,4
00676800,MID MICHIGAN COMMUNITY COLLEGE          ,MI,48625-9447,Public       ,969,739,1708,969,739,1708
00677100,COLLEGE FOR CREATIVE STUDIES            ,MI,48202-4034,Private      ,955,209,1164,955,209,1164
00694900,KALAMAZOO VALLEY COMMUNITY COLLEGE      ,MI,49003-4070,Public       ,2075,1298,3373,2075,1298,3373
00717100,KIRTLAND COMMUNITY COLLEGE              ,MI,48653-0000,Public       ,359,419,778,359,419,778
00761700,CARNEGIE INSTITUTE                      ,MI,48083-1159,Proprietary  ,11,104,115,11,104,115
00795000,WEST SHORE COMMUNITY COLLEGE            ,MI,49454-0000,Public       ,251,263,514,251,263,514
00817800,CHIC UNIVERSITY OF COSMETOLOGY          ,MI,49525-2440,Proprietary  ,47,41,88,47,41,88
00890600,MACOMB COMMUNITY COLLEGE                ,MI,48088-3896,Public       ,3004,2530,5534,3004,2530,5534
00894600,PORT HURON COSMETOLOGY COLLEGE          ,MI,48329-1618,Proprietary  ,1,13,14,1,13,14
00923000,WAYNE COUNTY COMMUNITY CLG-DISTRICT     ,MI,48226-3095,Public       ,2147,5758,7905,2147,5758,7905
00973200,VIRGINIA FARRELL BEAUTY SCHOOL          ,MI,48080-1448,Proprietary  ,3,9,12,3,9,12
00973400,VIRGINIA FARRELL BEAUTY SCHOOL          ,MI,48220-1739,Proprietary  ,7,40,47,7,40,47
00982800,EVEREST INSTITUTE                       ,MI,48033-4400,Proprietary  ,39,147,186,39,147,186
00982801,EVEREST INSTITUTE- DEARBORN             ,MI,48124-1927,Proprietary  ,27,91,118,27,91,118
00982803,EVEREST INSTITUTE - DETROIT             ,MI,48207-4291,Proprietary  ,32,89,121,32,89,121
01047000,KALAMAZOO BEAUTY ACADEMY                ,MI,49002-5220,Proprietary  ,4,1,5,4,1,5
01062700,ITT TECHNICAL INSTITUTE                 ,MI,49519-0000,Proprietary  ,192,170,362,192,170,362
01082700,DAVID PRESSLEY PROF SCH OF COSMTLGY     ,MI,48067-3219,Proprietary  ,16,19,35,16,19,35
01109800,FLINT INSTITUTE OF BARBERING            ,MI,48504-4395,Proprietary  ,4,16,20,4,16,20
01164600,VIRGINIA FARRELL BEAUTY SCHOOL          ,MI,48185-3091,Proprietary  ,7,21,28,7,21,28
01229100,WRIGHT BEAUTY ACADEMY                   ,MI,49015-2696,Proprietary  ,7,7,14,7,7,14
01262700,THOMAS M. COOLEY LAW SCHOOL             ,MI,48901-1586,Private      ,7,2272,2279,7,2272,2279
01321800,M J MURPHY BTY CLG MT PLEASANT          ,MI,48858-2502,Proprietary  ,11,8,19,11,8,19
02060300,MICHIGAN INSTITUTE OF AERONAUTICS       ,MI,48111-0000,Proprietary  ,66,66,132,66,66,132
02068700,ADRIAN BEAUTY ACADEMY                   ,MI,49221-0000,Proprietary  ,7,5,12,7,5,12
02099700,ROSS MEDICAL EDUCATION CENTER           ,MI,48532-0000,Proprietary  ,17,120,137,17,120,137
02100400,EVEREST INSTITUTE                       ,MI,49525-2301,Proprietary  ,32,194,226,32,194,226
02100401,EVEREST INSTITUTE - KALAMAZOO           ,MI,49009-3307,Proprietary  ,15,25,40,15,25,40
02100403,EVEREST INSTITUTE - SOUTHFIELD          ,MI,48076-4492,Proprietary  ,9,52,61,9,52,61
02125600,MICHIGAN COLLEGE OF BEAUTY              ,MI,48083-0000,Proprietary  ,21,31,52,21,31,52
02158600,MR BELA'S SCHOOL OF COSMETOLOGY         ,MI,48092-4637,Proprietary  ,3,4,7,3,4,7
02160303,INTERNATIONAL ACADEMY OF DESIGN AND TECH,MI,48083-2160,Proprietary  ,273,243,516,273,243,516
02180100,ROSS MEDICAL EDUCATION CENTER           ,MI,48092-0000,Proprietary  ,12,40,52,12,40,52
02198900,MICHIGAN SCHOOL OF PROFESSIONAL PSYCHOLO,MI,48334-4512,Private      ,3,83,86,3,83,86
02209200,TAYLORTOWN SCHOOL OF BEAUTY             ,MI,48180-0000,Proprietary  ,8,24,32,8,24,32
02237800,SPECS HOWARD SCHL OF BROADCAST ARTS     ,MI,48075-0000,Proprietary  ,114,99,213,114,99,213
02285700,BAYSHIRE BEAUTY ACADEMY                 ,MI,48708-5614,Proprietary  ,5,17,22,5,17,22
02289801,KAPLAN INSTITUTE - DETROIT CAMPUS       ,MI,48202-0000,Proprietary  ,35,175,210,35,175,210
02324500,MICHIGAN COLLEGE OF BEAUTY              ,MI,48161-0000,Proprietary  ,12,17,29,12,17,29
02339700,ROSS MEDICAL EDUCATION CENTER           ,MI,48116-0000,Proprietary  ,4,25,29,4,25,29
02361500,MICHIGAN BARBER COLLEGE                 ,MI,48204-2244,Private      ,13,24,37,13,24,37
02363800,YESHIVA GEDOLAH OF GREATER DETROIT      ,MI,48237-0000,Private      ,0,1,1,0,1,1
02491000,WEST MI COLG OF BARBERING & BEAUTY      ,MI,49008-0000,Proprietary  ,3,6,9,3,6,9
02495800,FOCUS:HOPE                              ,MI,48238-0000,Private      ,1,3,4,1,3,4
02498300,VIRGINIA FARRELL BEAUTY SCHOOL          ,MI,48154-0000,Proprietary  ,13,29,42,13,29,42
02533600,ROSS MEDICAL EDUCATION CENTER           ,MI,48917-2108,Proprietary  ,12,38,50,12,38,50
02588200,DOUGLAS J AVEDA INSTITUTE               ,MI,48823-4351,Proprietary  ,101,90,191,101,90,191
02588201,DOUGLAS J AVEDA INSTITUTE - ANN ARBOR   ,MI,48104-2211,Proprietary  ,23,25,48,23,25,48
02595700,HILLSDALE BEAUTY COLLEGE                ,MI,49242-0000,Proprietary  ,15,0,15,15,0,15
02618400,MICHIGAN CAREER & TECHNICAL INST        ,MI,49080-9254,Public       ,42,11,53,42,11,53
03005700,DETROIT BUSINESS INST. DOWNRIVER        ,MI,48193-6761,Proprietary  ,3,20,23,3,20,23
03028500,LAWTON SCHOOL                           ,MI,48075-5406,Proprietary  ,5,7,12,5,7,12
03066600,BAY MILLS COMMUNITY COLLEGE             ,MI,49715-9750,Public       ,59,78,137,59,78,137
03075200,TWIN CITY BEAUTY COLLEGE                ,MI,49085-3305,Proprietary  ,9,6,15,9,6,15
03075201,TWIN CITY BEAUTY COLLEGE - TRAVERSE CITY,MI,49686-5119,Proprietary  ,3,7,10,3,7,10
03090000,SHARP'S ACADEMY OF HAIRSTYLING INC.     ,MI,48433-0000,Proprietary  ,3,3,6,3,3,6
03109700,HOUGHTON LAKE INST OF COSMETOLOGY       ,MI,48629-9702,Proprietary  ,4,4,8,4,4,8
03110300,THE SCHOOL OF CREATIVE HAIR DESIGN      ,MI,49036-1139,Proprietary  ,2,3,5,2,3,5
03124000,NORTHWESTERN TECHNOLOGICAL INST         ,MI,48075-2412,Proprietary  ,8,19,27,8,19,27
03135300,MICHIGAN THEOLOGICAL SEMINARY           ,MI,48170-4399,Private      ,1,22,23,1,22,23
03284300,MICHIGAN JEWISH INSTITUTE               ,MI,48237-0000,Private      ,49,9,58,49,9,58
03490300,PAUL MITCHELL THE SCHOOL ESCANABA       ,MI,49829-0000,Proprietary  ,2,1,3,2,1,3
03588300,IRENE'S MYOMASSOLOGY INSTITUTE          ,MI,48033-2404,Proprietary  ,13,50,63,13,50,63
03691400,AVE MARIA SCHOOL OF LAW                 ,MI,48105-0000,Private      ,1,340,341,1,340,341
03704300,BLUE WATER COLLEGE OF COSMETOLOGY       ,MI,48040-0000,Proprietary  ,8,2,10,8,2,10
03772300,SAGINAW CHIPPEWA TRIBAL COLLEGE         ,MI,48858-0000,Public       ,2,6,8,2,6,8
03815300,IN SESSION-ARTS OF COSMETOLOGY BEAU     ,MI,48609-0000,Proprietary  ,15,33,48,15,33,48
03907300,PAUL MITCHELL THE SCHOOL GREAT LAKES    ,MI,48060-0000,Proprietary  ,12,0,12,12,0,12
03915300,CAREER QUEST LEARNING CENTER            ,MI,48910-4732,Proprietary  ,4,17,21,4,17,21
03968300,LAKEWOOD SCHOOL OF THERAPEUTIC MASSAGE  ,MI,48060-0000,Proprietary  ,2,7,9,2,7,9
03976500,ANN ARBOR INSTITUTE OF MASSAGE THERAPY  ,MI,48103-0000,Proprietary  ,13,14,27,13,14,27
04002400,ECUMENICAL THEOLOGICAL SEMINARY         ,MI,48201-3035,Private      ,2,21,23,2,21,23
04006300,NUVO COLLEGE OF COSMETOLOGY             ,MI,49441-3822,Proprietary  ,3,8,11,3,8,11
04014300,P&A SCHOLARS BEAUTY SCHOOL              ,MI,48204-0000,Proprietary  ,10,31,41,10,31,41
04055300,CREATIVE HAIR SCHOOL OF COSMETOLOGY     ,MI,48504-1234,Proprietary  ,6,7,13,6,7,13
04094300,ROBERT B. MILLER COLLEGE (THE)          ,MI,49017-3306,Private      ,17,81,98,17,81,98
04121100,GALLERY COLLEGE OF BEAUTY (THE)         ,MI,48036-3591,Proprietary  ,5,8,13,5,8,13
00233200,ANOKA-RAMSEY CC-CAMBRIDGE/COONRAPID     ,MN,55433-3499,Public       ,490,473,963,490,473,963
00233400,AUGSBURG COLLEGE                        ,MN,55454-1351,Private      ,1243,378,1621,1243,378,1621
00233500,RIVERLAND COMMUNITY COLLEGE             ,MN,55912-1473,Public       ,216,244,460,216,244,460
00233600,BEMIDJI STATE UNIVERSITY                ,MN,56601-2699,Public       ,1276,333,1609,1276,333,1609
00233700,BETHANY LUTHERAN COLLEGE INC            ,MN,56001-6163,Private      ,333,12,345,333,12,345
00233900,CENTRAL LAKES COLG-BRAINERD/STAPLES     ,MN,56401-3900,Public       ,292,263,555,292,263,555
00234000,CARLETON COLLEGE                        ,MN,55057-4001,Private      ,2613,14,2627,2613,14,2627
00234100,COLLEGE OF ST BENEDICT                  ,MN,56374-2099,Private      ,1251,13,1264,1251,13,1264
00234200,COLLEGE OF ST CATHERINE                 ,MN,55105-1789,Private      ,1063,728,1791,1063,728,1791
00234300,COLLEGE OF ST SCHOLASTICA               ,MN,55811-4199,Private      ,1380,375,1755,1380,375,1755
00234500,UNIVERSITY OF ST THOMAS                 ,MN,55105-1096,Private      ,3935,1174,5109,3935,1174,5109
00234600,CONCORDIA COLLEGE-MOORHEAD              ,MN,56562-0001,Private      ,1917,61,1978,1917,61,1978
00234700,"CONCORDIA UNIVERSITY, ST PAUL, MN       ",MN,55104-5494,Private      ,600,270,870,600,270,870
00235000,VERMILION COMMUNITY COLLEGE             ,MN,55731-1996,Public       ,152,24,176,152,24,176
00235300,GUSTAVUS ADOLPHUS COLLEGE               ,MN,56082-1498,Private      ,2335,17,2352,2335,17,2352
00235400,HAMLINE UNIVERSITY                      ,MN,55104-1284,Private      ,1431,1029,2460,1431,1029,2460
00235500,HIBBING COMMUNITY COLLEGE               ,MN,55746-3300,Public       ,158,137,295,158,137,295
00235600,ITASCA COMMUNITY COLLEGE                ,MN,55744-3397,Public       ,278,110,388,278,110,388
00235700,LUTHER SEMINARY                         ,MN,55108-0000,Private      ,1,188,189,1,188,189
00235800,MACALESTER COLLEGE                      ,MN,55105-1899,Private      ,2541,37,2578,2541,37,2578
00236000,"MINNESOTA STATE UNIVERSITY, MANKATO     ",MN,56002-0000,Public       ,4857,1148,6005,4857,1148,6005
00236100,MARTIN LUTHER COLLEGE                   ,MN,56073-3965,Private      ,344,19,363,344,19,363
00236200,MINNEAPOLIS COMM AND TECH COLLEGE       ,MN,55403-1779,Public       ,721,1296,2017,721,1296,2017
00236500,MINNEAPOLIS COLLEGE OF ART & DESIGN     ,MN,55404-4343,Private      ,741,203,944,741,203,944
00236600,CROSSROADS COLLEGE                      ,MN,55902-2382,Private      ,37,9,46,37,9,46
00236700,MINNESOTA STATE UNIVERSITY MOORHEAD     ,MN,56563-0001,Public       ,2497,601,3098,2497,601,3098
00236900,NORTH CENTRAL UNIVERSITY                ,MN,55404-1391,Private      ,417,82,499,417,82,499
00237000,NORTH HENNEPIN COMMUNITY COLLEGE        ,MN,55445-2299,Public       ,382,592,974,382,592,974
00237100,NORTHWESTERN COLLEGE                    ,MN,55113-1598,Private      ,1184,134,1318,1184,134,1318
00237300,ROCHESTER COMMUNITY/TECH COLLEGE        ,MN,55904-4999,Public       ,618,479,1097,618,479,1097
00237500,SOUTHWEST MINNESOTA STATE UNIVERSITY    ,MN,56258-1598,Public       ,1308,286,1594,1308,286,1594
00237700,ST CLOUD STATE UNIVERSITY               ,MN,56301-4498,Public       ,3511,920,4431,3511,920,4431
00237900,SAINT JOHNS UNIVERSITY                  ,MN,56321-0000,Private      ,1123,33,1156,1123,33,1156
00238000,SAINT MARY'S UNIVERSITY                 ,MN,55987-1399,Private      ,1063,565,1628,1063,565,1628
00238200,ST OLAF COLLEGE                         ,MN,55057-1098,Private      ,2700,20,2720,2700,20,2720
00238300,CROWN COLLEGE                           ,MN,55375-9001,Private      ,331,100,431,331,100,431
00238500,NORTHLAND COMMUNITY & TECHNICAL CLG     ,MN,56701-2598,Public       ,354,330,684,354,330,684
00238600,UNITED THEOLGCL SEMINRY TWIN CITIES     ,MN,55112-0000,Private      ,1,28,29,1,28,29
00238800,"UNIVERSITY OF MINNESOTA, DULUTH         ",MN,55812-2496,Public       ,4312,528,4840,4312,528,4840
00238900,"UNIVERSITY OF MINNESOTA, MORRIS         ",MN,56267-2113,Public       ,1198,86,1284,1198,86,1284
00239100,WILLIAM MITCHELL COLLEGE OF LAW         ,MN,55105-0000,Private      ,4,741,745,4,741,745
00239300,MINNESOTA STATE COLLEGE-SE TECH         ,MN,55987-0409,Public       ,138,160,298,138,160,298
00239400,WINONA STATE UNIVERSITY                 ,MN,55987-5838,Public       ,3105,236,3341,3105,236,3341
00396900,UNIVERSITY OF MINNESOTA-TWIN CITIES     ,MN,55455-0422,Public       ,15194,6405,21599,15194,6405,21599
00400900,MESABI RANGE CMNTY & TECH COLLEGE       ,MN,55792-0000,Public       ,134,98,232,134,98,232
00405708,NATIONAL AMERICAN UNIVERSITY            ,MN,55113-0000,Proprietary  ,9,48,57,9,48,57
00405715,NATIONAL AMERICAN UNIVERSITY - BLOOMINGT,MN,55425-5550,Proprietary  ,4,40,44,4,40,44
00406900,UNIVERSITY OF MINNESOTA-CROOKSTON       ,MN,56716-5001,Public       ,507,101,608,507,101,608
00438600,VETERAN'S MEDICAL CTR- SCH RAD TECH     ,MN,55417-2399,Public       ,2,4,6,2,4,6
00464100,DUNWOODY COLLEGE OF TECHNOLOGY          ,MN,55403-1192,Private      ,208,211,419,208,211,419
00464200,GLOBE UNIVERSITY                        ,MN,55128-0000,Proprietary  ,54,127,181,54,127,181
00464500,MINNEAPOLIS BUSINESS COLLEGE            ,MN,55113-4036,Proprietary  ,186,31,217,186,31,217
00464600,MINNESOTA SCHOOL OF BUSINESS            ,MN,55423-0000,Proprietary  ,324,806,1130,324,806,1130
00464800,RASMUSSEN COLLEGE - EAGAN               ,MN,55122-1346,Proprietary  ,38,285,323,38,285,323
00484602,RASMUSSEN COLLEGE - MOORHEAD            ,MN,56560-4513,Proprietary  ,0,1,1,0,1,1
00525200,RIDGEWATER COLLEGE                      ,MN,56201-2098,Public       ,517,331,848,517,331,848
00526300,MINNESOTA WEST CMNTY & TECH COLG        ,MN,56241-1096,Public       ,293,211,504,293,211,504
00553300,"SAINT PAUL COLLEGE, COMMUNITY/TECHNICAL ",MN,55102-1800,Public       ,397,626,1023,397,626,1023
00553400,ST CLOUD TECHNICAL COLLEGE              ,MN,56303-1240,Public       ,470,296,766,470,296,766
00553500,PINE TECHNICAL COLLEGE                  ,MN,55063-2198,Public       ,30,102,132,30,102,132
00553700,SOUTH CENTRAL COLLEGE                   ,MN,56003-0000,Public       ,363,322,685,363,322,685
00554100,MINNESOTA STATE COMMUNITY AND TECHNICAL ,MN,56573-1405,Public       ,599,498,1097,599,498,1097
00554400,ALEXANDRIA TECHNICAL COLLEGE            ,MN,56308-3799,Public       ,396,137,533,396,137,533
00575700,LAKE SUPERIOR COLLEGE                   ,MN,55811-3399,Public       ,382,441,823,382,441,823
00575900,NORTHWEST TECHNICAL COLLEGE - BEMIDJI   ,MN,56601-4907,Public       ,77,167,244,77,167,244
00677500,RAINY RIVER COMMUNITY COLLEGE           ,MN,56649-2187,Public       ,21,14,35,21,14,35
00735000,ANOKA-HENNEPIN TECHNICAL COLLEGE        ,MN,55303-1590,Public       ,112,206,318,112,206,318
00735100,BROWN COLLEGE                           ,MN,55120-1004,Proprietary  ,456,346,802,456,346,802
00746200,COLLEGE OF VISUAL ARTS                  ,MN,55102-2199,Private      ,102,18,120,102,18,120
00795400,NORMANDALE COMMUNITY COLLEGE            ,MN,55431-4399,Public       ,912,918,1830,912,918,1830
00826700,NORTHWEST TECHNICAL INSTITUTE           ,MN,55121-5001,Proprietary  ,36,5,41,36,5,41
00869400,RASMUSSEN COLLEGE ST. CLOUD             ,MN,56301-3713,Proprietary  ,65,350,415,65,350,415
00869401,RASMUSSEN COLLEGE - SAINT CLOUD - BROOKL,MN,55445-1512,Proprietary  ,36,283,319,36,283,319
00905800,BETHEL UNIVERSITY                       ,MN,55112-6999,Private      ,1569,362,1931,1569,362,1931
00960000,COSMETOLOGY CAREERS UNLTD-DULUTH        ,MN,55802-2031,Proprietary  ,0,5,5,0,5,5
00972200,EMPIRE BEAUTY SCHOOL                    ,MN,55119-7003,Proprietary  ,5,14,19,5,14,19
00974000,INVER HILLS COMMUNITY COLLEGE           ,MN,55076-3224,Public       ,352,382,734,352,382,734
00983100,MODEL COLLEGE OF HAIR DESIGN            ,MN,56301-4280,Proprietary  ,19,5,24,19,5,24
00987000,SCOT LEWIS SCHOOL - BLOOMINGTON         ,MN,55420-2919,Proprietary  ,11,9,20,11,9,20
00989200,"DULUTH BUSINESS UNIV, INC.              ",MN,55807-0000,Proprietary  ,18,23,41,18,23,41
00999200,OAK HILLS CHRISTIAN COLLEGE             ,MN,56601-0000,Private      ,34,8,42,34,8,42
01024800,ART INSTITUTES INTL MINNESOTA           ,MN,55402-3137,Proprietary  ,525,180,705,525,180,705
01035602,EVEREST INSTITUTE - EAGAN               ,MN,55121-1696,Proprietary  ,10,60,70,10,60,70
01037400,METROPOLITAN STATE UNIVERSITY           ,MN,55106-5000,Public       ,463,1173,1636,463,1173,1636
01040200,DAKOTA COUNTY TECHNICAL COLLEGE         ,MN,55068-2999,Public       ,197,241,438,197,241,438
01049000,REGENCY BEAUTY INSTITUTE                ,MN,55428-0000,Proprietary  ,388,647,1035,388,647,1035
01049100,HENNEPIN TECHNICAL COLLEGE              ,MN,55445-2399,Public       ,242,498,740,242,498,740
01054600,CENTURY COMMUNITY AND TECHNICAL CLG     ,MN,55110-1894,Public       ,739,775,1514,739,775,1514
01101700,HERZING COLLEGE                         ,MN,55428-3548,Proprietary  ,46,73,119,46,73,119
01168600,RASMUSSEN COLLEGE - EDEN PRAIRIE        ,MN,55344-7220,Proprietary  ,59,464,523,59,464,523
01173200,"MAYO CLINIC, COLLEGE OF MEDICINE        ",MN,55905-0000,Private      ,13,170,183,13,170,183
01173201,MAYO SCHOOL OF HEALTH-RELATED SCIEN     ,MN,55905-0000,Private      ,20,54,74,20,54,74
01173206,MAYO GRAD SCHOOL                        ,MN,55901-0000,Private      ,0,17,17,0,17,17
01173207,MAYO MEDICAL SCHOOL                     ,MN,55901-0000,Private      ,1,111,112,1,111,112
01232800,NORTHWESTERN HEALTH SCIENCES UNIV       ,MN,55431-1599,Private      ,13,271,284,13,271,284
02050300,ACADEMY COLLEGE                         ,MN,55420-1554,Proprietary  ,5,8,13,5,8,13
02123200,AVEDA INSTITUTE                         ,MN,55414-0000,Proprietary  ,102,57,159,102,57,159
02159800,COSMETOLOGY CAREERS UNLTD - HIBBING     ,MN,55746-0000,Proprietary  ,4,3,7,4,3,7
02160901,"SALON PROFESSIONAL ACADEMY, THE - THE SA",MN,55428-4928,Proprietary  ,6,4,10,6,4,10
02238100,MINNESOTA SCHOOL OF COSMETOLOGY         ,MN,55125-0000,Proprietary  ,3,18,21,3,18,21
02260500,SUMMIT ACAD OPPORTUNITIES IND CTR       ,MN,55405-0000,Private      ,1,6,7,1,6,7
02263102,HIGH-TECH INSTITUTE - MINNEAPOLIS       ,MN,55416-2467,Proprietary  ,6,8,14,6,8,14
02284500,PILLSBURY BAPTIST BIBLE COLLEGE         ,MN,55060-0000,Private      ,64,9,73,64,9,73
02503300,RASMUSSEN COLLEGE - MANKATO             ,MN,56001-8658,Proprietary  ,80,302,382,80,302,382
02503302,RASMUSSEN COLLEGE - MANKATO -  LAKE ELMO,MN,55042-8624,Proprietary  ,26,165,191,26,165,191
02504200,WALDEN UNIVERSITY                       ,MN,55401-2511,Proprietary  ,11,6380,6391,11,6380,6391
02514100,AMERICAN INDIAN OPPORTUNITIES CTR       ,MN,55404-0000,Private      ,2,5,7,2,5,7
02551200,EAST METRO OIC                          ,MN,55104-3435,Private      ,3,12,15,3,12,15
03001200,MCNALLY SMITH COLLEGE OF MUSIC          ,MN,55101-2220,Proprietary  ,237,64,301,237,64,301
03051900,ALFRED ADLER GRADUATE SCHOOL            ,MN,55305-0000,Private      ,0,36,36,0,36,36
03096400,LEECH LAKE TRIBAL COLLEGE               ,MN,56633-0000,Public       ,5,26,31,5,26,31
03129100,FOND DU LAC TRIBAL & COMMUNITY CLG      ,MN,55720-2984,Public       ,54,99,153,54,99,153
03267300,CAPELLA UNIVERSITY                      ,MN,55402-3389,Proprietary  ,10,6940,6950,10,6940,6950
03833300,AMERICAN ACADEMY OF ACUPUNCTURE AND ORIE,MN,55113-0000,Proprietary  ,1,12,13,1,12,13
03921400,WHITE EARTH TRIBAL AND COMMUNITY COLLEGE,MN,56557-0478,Private      ,2,8,10,2,8,10
04044300,HAZELDEN GRADUATE SCHOOL OF ADDICTION ST,MN,55012-0000,Private      ,0,24,24,0,24,24
00239600,ALCORN STATE UNIVERSITY                 ,MS,39096-7500,Public       ,1360,679,2039,1360,679,2039
00239700,BELHAVEN COLLEGE                        ,MS,39202-1789,Private      ,786,782,1568,786,782,1568
00239800,BLUE MOUNTAIN COLLEGE                   ,MS,38610-9370,Private      ,142,94,236,142,94,236
00240100,COAHOMA COMMUNITY COLLEGE               ,MS,38614-9799,Public       ,279,242,521,279,242,521
00240200,COPIAH-LINCOLN COMMUNITY COLLEGE        ,MS,39191-0649,Public       ,419,357,776,419,357,776
00240300,DELTA STATE UNIVERSITY                  ,MS,38733-0000,Public       ,1174,748,1922,1174,748,1922
00240400,EAST CENTRAL COMMUNITY COLLEGE          ,MS,39327-0129,Public       ,388,330,718,388,330,718
00240500,EAST MISSISSIPPI COMM COLLEGE           ,MS,39358-0000,Public       ,464,418,882,464,418,882
00240700,HINDS COMMUNITY COLLEGE                 ,MS,39154-9799,Public       ,1369,1584,2953,1369,1584,2953
00240800,HOLMES COMMUNITY COLLEGE                ,MS,39079-0000,Public       ,702,911,1613,702,911,1613
00240900,ITAWAMBA COMMUNITY COLLEGE              ,MS,38843-1099,Public       ,842,809,1651,842,809,1651
00241000,JACKSON STATE UNIVERSITY                ,MS,39217-0001,Public       ,3346,1862,5208,3346,1862,5208
00241100,JONES COUNTY JUNIOR COLLEGE             ,MS,39437-3999,Public       ,812,485,1297,812,485,1297
00241300,MERIDIAN COMMUNITY COLLEGE              ,MS,39307-5890,Public       ,428,410,838,428,410,838
00241400,MILLSAPS COLLEGE                        ,MS,39201-0000,Private      ,807,106,913,807,106,913
00241500,MISSISSIPPI COLLEGE                     ,MS,39058-0001,Private      ,897,779,1676,897,779,1676
00241501,MISSISSIPPI COLLEGE SCHOOL OF LAW       ,MS,39201-0000,Private      ,17,335,352,17,335,352
00241502,MISSISSIPPI COLLEGE - RANKIN CAMPUS     ,MS,39042-0000,Private      ,2,14,16,2,14,16
00241600,MISSISSIPPI DELTA CMTY COLLEGE          ,MS,38761-0000,Public       ,429,357,786,429,357,786
00241700,MISSISSIPPI GULF CST CLG-PERKINSTON     ,MS,39573-0000,Public       ,304,128,432,304,128,432
00241701,MISSISSIPPI GULF CST CLG-JEFF DAVIS     ,MS,39507-0000,Public       ,242,379,621,242,379,621
00241702,MISSISSIPPI GULF CST CLG-JACKSON CN     ,MS,39553-0000,Public       ,244,237,481,244,237,481
00242200,MISSISSIPPI UNIV FOR WOMEN              ,MS,39701-5818,Public       ,560,390,950,560,390,950
00242300,MISSISSIPPI STATE UNIVERSITY            ,MS,39762-9698,Public       ,4584,1518,6102,4584,1518,6102
00242400,MISSISSIPPI VALLEY STATE UNIVERSITY     ,MS,38941-1400,Public       ,1064,675,1739,1064,675,1739
00242600,NORTHEAST MS CMNTY COLLEGE              ,MS,38829-1731,Public       ,629,387,1016,629,387,1016
00242700,NORTHWEST MISSISSIPPI COMMUNITY CLG     ,MS,38668-1703,Public       ,1108,848,1956,1108,848,1956
00243000,PEARL RIVER COMMUNITY COLLEGE           ,MS,39470-2201,Public       ,578,529,1107,578,529,1107
00243300,RUST COLLEGE                            ,MS,38635-2328,Private      ,626,117,743,626,117,743
00243500,SOUTHEASTERN BAPTIST COLLEGE            ,MS,39440-0000,Private      ,2,5,7,2,5,7
00243600,SOUTHWEST MISSISSIPPI CMNTY CLG         ,MS,39666-8099,Public       ,271,208,479,271,208,479
00243900,TOUGALOO COLLEGE                        ,MS,39174-9799,Private      ,709,128,837,709,128,837
00244000,UNIVERSITY OF MISSISSIPPI               ,MS,38677-1848,Public       ,3762,1722,5484,3762,1722,5484
00244001,UNIVERSITY OF MISSISSIPPI - MED CTR     ,MS,39216-0000,Public       ,163,893,1056,163,893,1056
00244100,UNIVERSITY OF SOUTHERN MISSISSIPPI      ,MS,39406-0001,Public       ,3964,2292,6256,3964,2292,6256
00244700,WILLIAM CAREY UNIVERSITY                ,MS,39401-5499,Private      ,325,601,926,325,601,926
01146100,WESLEY COLLEGE                          ,MS,39073-1070,Private      ,8,17,25,8,17,25
01289101,ANTONELLI COLLEGE - JACKSON             ,MS,39208-4526,Proprietary  ,17,26,43,17,26,43
01289102,ANTONELLI COLLEGE - HATTIESBURG         ,MS,39401-3056,Proprietary  ,28,149,177,28,149,177
02074900,CHRIS' BEAUTY COLLEGE                   ,MS,39501-0000,Proprietary  ,1,5,6,1,5,6
02160500,NORTH MISSISSIPPI MED CTR MED TECH      ,MS,38801-0000,Private      ,2,6,8,2,6,8
02235900,ACADEMY OF HAIR DESIGN #4               ,MS,39208-0000,Proprietary  ,4,16,20,4,16,20
02244300,ACADEMY OF HAIR DESIGN #1               ,MS,38901-0000,Proprietary  ,2,31,33,2,31,33
02249900,DELTA BEAUTY COLLEGE                    ,MS,38701-0000,Proprietary  ,4,14,18,4,14,18
02251600,ACADEMY OF HAIR DESIGN #6               ,MS,39401-7581,Proprietary  ,2,15,17,2,15,17
02251700,FOSTER'S COSMETOLOGY COLLEGE            ,MS,38663-0000,Proprietary  ,2,5,7,2,5,7
02302800,MISSISSIPPI COLLEGE OF BEAUTY CULT      ,MS,39440-0000,Proprietary  ,0,1,1,0,1,1
02320800,MAGNOLIA COLLEGE OF COSMETOLOGY         ,MS,39206-0000,Proprietary  ,5,27,32,5,27,32
02361200,MAGNOLIA BIBLE COLLEGE                  ,MS,39090-0000,Private      ,0,4,4,0,4,4
02490200,"ICS, THE WRIGHT BEAUTY COLLEGE          ",MS,38834-0000,Proprietary  ,1,4,5,1,4,5
02502100,CREATIONS COLLEGE OF COSMETOLOGY        ,MS,38803-0000,Proprietary  ,2,22,24,2,22,24
02516200,WESLEY BIBLICAL SEMINARY                ,MS,39206-0000,Private      ,0,18,18,0,18,18
02554600,GIBSON'S BARBER AND BEAUTY COLLEGE      ,MS,39773-0000,Proprietary  ,1,5,6,1,5,6
02586000,J & J HAIR DESIGN COLLEGE               ,MS,39051-3716,Proprietary  ,2,1,3,2,1,3
03004000,FINAL TOUCH BEAUTY SCHOOL               ,MS,39307-2934,Proprietary  ,1,2,3,1,2,3
03010401,CRESCENT CITY BARTENDING SCHOOL         ,MS,39501-0000,Proprietary  ,0,4,4,0,4,4
03010404,CRESCENT CITY SCHOOL OF GAMING & BARTEND,MS,38664-1903,Proprietary  ,0,2,2,0,2,2
03010603,VIRGINIA COLLEGE - JACKSON              ,MS,39206-5602,Proprietary  ,7,56,63,7,56,63
03010610,VIRGINIA COLLEGE - BILOXI               ,MS,39532-2124,Proprietary  ,3,17,20,3,17,20
03263300,TRAXLER'S SCHOOL OF HAIR                ,MS,39212-2529,Proprietary  ,0,6,6,0,6,6
03464300,ACADEMY OF HAIR DESIGN                  ,MS,39562-0000,Proprietary  ,0,5,5,0,5,5
03525300,BLUE CLIFF COLLEGE                      ,MS,39507-0000,Proprietary  ,6,30,36,6,30,36
03848300,DAY SPA CAREER COLLEGE                  ,MS,39564-0000,Proprietary  ,1,6,7,1,6,7
03963300,HEALING TOUCH SCHOOL OF MASSAGE THERAPY ,MS,39402-1300,Proprietary  ,2,9,11,2,9,11
04131300,CORINTH ACADEMY OF COSMETOLOGY          ,MS,38834-4813,Proprietary  ,2,4,6,2,4,6
00252600,CARROLL COLLEGE                         ,MT,59625-0002,Private      ,1179,107,1286,1179,107,1286
00252700,UNIVERSITY OF GREAT FALLS               ,MT,59405-4996,Private      ,245,164,409,245,164,409
00252800,MILES COMMUNITY COLLEGE                 ,MT,59301-4799,Public       ,131,86,217,131,86,217
00252900,DAWSON COMMUNITY COLLEGE                ,MT,59330-1405,Public       ,101,22,123,101,22,123
00253000,MONTANA STATE UNIVERSITY - BILLINGS     ,MT,59101-0298,Public       ,1357,1126,2483,1357,1126,2483
00253100,MONTANA TECH OF THE UNIV OF MONTANA     ,MT,59701-8997,Public       ,880,357,1237,880,357,1237
00253200,MONTANA STATE UNIVERSITY - BOZEMAN      ,MT,59717-0001,Public       ,5268,1530,6798,5268,1530,6798
00253300,MONTANA STATE UNIVERSITY-NORTHERN       ,MT,59501-3148,Public       ,384,241,625,384,241,625
00253400,ROCKY MOUNTAIN COLLEGE                  ,MT,59102-1796,Private      ,541,129,670,541,129,670
00253600,UNIVERSITY OF MONTANA (THE)             ,MT,59812-0001,Public       ,5104,3063,8167,5104,3063,8167
00253700,UNIVERSITY OF MONTANA WESTERN (THE)     ,MT,59725-3598,Public       ,578,191,769,578,191,769
00442500,BENEFIS HEALTHCARE SCH RAD TECH         ,MT,59405-4324,Private      ,6,9,15,6,9,15
00677700,FLATHEAD VALLEY COMMUNITY COLLEGE       ,MT,59901-2699,Public       ,274,290,564,274,290,564
00757000,HELENA COLLEGE OF TECHNOLOGY            ,MT,59601-3098,Public       ,168,231,399,168,231,399
00790000,BUTTE ACADEMY OF BEAUTY CULTURE         ,MT,59701-9197,Proprietary  ,4,2,6,4,2,6
00894700,"DAHL'S COLLEGE OF BEAUTY,INC            ",MT,59401-3731,Proprietary  ,5,8,13,5,8,13
00931400,MSU COLLEGE OF TECH-GREAT FALLS         ,MT,59405-4907,Public       ,265,362,627,265,362,627
02143400,SALISH KOOTENAI COLLEGE                 ,MT,59855-0000,Public       ,117,213,330,117,213,330
02286600,LITTLE BIG HORN COLLEGE                 ,MT,59022-0000,Public       ,26,44,70,26,44,70
02343000,FT PECK COMMUNITY COLLEGE               ,MT,59255-0000,Public       ,8,25,33,8,25,33
02510600,BLACKFEET COMMUNITY COLLEGE             ,MT,59417-0000,Private      ,66,104,170,66,104,170
02517500,FORT BELKNAP COLLEGE                    ,MT,59526-0000,Public       ,13,19,32,13,19,32
02545200,CHIEF DULL KNIFE COLLEGE                ,MT,59043-0098,Public       ,39,41,80,39,41,80
02610900,STONE CHILD COLLEGE                     ,MT,59521-9796,Public       ,32,40,72,32,40,72
02621300,ACADEMY OF COSMETOLOGY                  ,MT,59715-3544,Proprietary  ,7,10,17,7,10,17
03205300,MODERN BEAUTY SCHOOL                    ,MT,59801-8386,Proprietary  ,16,14,30,16,14,30
03763400,"ACADEMY OF NAIL, SKIN & HAIR            ",MT,59101-0000,Proprietary  ,20,12,32,20,12,32
03778300,HEALTH WORKS INSTITUTE                  ,MT,59715-0000,Proprietary  ,2,5,7,2,5,7
00253900,CHADRON STATE COLLEGE                   ,NE,69337-2690,Public       ,816,233,1049,816,233,1049
00254000,COLLEGE OF ST MARY                      ,NE,68106-2606,Private      ,187,321,508,187,321,508
00254100,CONCORDIA UNIVERSITY                    ,NE,68434-1594,Private      ,759,37,796,759,37,796
00254200,CREIGHTON UNIVERSITY                    ,NE,68178-0001,Private      ,3369,2421,5790,3369,2421,5790
00254300,DANA COLLEGE                            ,NE,68008-9905,Private      ,517,35,552,517,35,552
00254400,DOANE COLLEGE                           ,NE,68333-2421,Private      ,890,204,1094,890,204,1094
00254700,GRACE UNIVERSITY                        ,NE,68108-3629,Private      ,205,88,293,205,88,293
00254800,HASTINGS COLLEGE                        ,NE,68901-7621,Private      ,974,32,1006,974,32,1006
00255100,UNIVERSITY OF NEBRASKA AT KEARNEY       ,NE,68849-0001,Public       ,2239,446,2685,2239,446,2685
00255300,MIDLAND LUTHERAN COLLEGE                ,NE,68025-4254,Private      ,461,59,520,461,59,520
00255400,UNIVERSITY OF NEBRASKA-OMAHA            ,NE,68182-0001,Public       ,3755,1675,5430,3755,1675,5430
00255500,NEBRASKA WESLEYAN UNIVERSITY            ,NE,68504-2796,Private      ,1114,127,1241,1114,127,1241
00255700,MID-PLAINS COMM COLLEGE - NORTH PLATTE  ,NE,69101-9420,Public       ,163,106,269,163,106,269
00255701,MID-PLAINS COMMUNITY COLLEGE - MCCOOK   ,NE,69001-2631,Public       ,122,27,149,122,27,149
00255900,PERU STATE COLLEGE                      ,NE,68421-0010,Public       ,517,320,837,517,320,837
00256000,WESTERN NEBRASKA COMMUNITY COLLEGE      ,NE,69361-1815,Public       ,345,211,556,345,211,556
00256300,UNION COLLEGE                           ,NE,68506-4387,Private      ,339,107,446,339,107,446
00256500,UNIVERSITY OF NEBRASKA-LINCOLN          ,NE,68588-0419,Public       ,8320,2045,10365,8320,2045,10365
00256596,UNIVERSITY OF NEBRASKA - CURTIS         ,NE,69025-9522,Public       ,106,8,114,106,8,114
00256600,WAYNE STATE COLLEGE                     ,NE,68787-1172,Public       ,1499,223,1722,1499,223,1722
00256700,YORK COLLEGE                            ,NE,68467-2699,Private      ,154,7,161,154,7,161
00443100,MARY LANNING MEM HOSP SCH RAD TECH      ,NE,68901-4497,Private      ,8,2,10,8,2,10
00443600,REGNL WST MEDCL CTR SCHL RAD            ,NE,69361-0000,Private      ,6,4,10,6,4,10
00458608,KAPLAN UNIVERSITY - OMAHA               ,NE,68134-1002,Proprietary  ,25,226,251,25,226,251
00458609,KAPLAN UNIVERSITY - LINCOLN             ,NE,68508-2668,Proprietary  ,43,174,217,43,174,217
00639900,BRYANLGH COLLEGE OF HEALTH SCIENCES     ,NE,68506-1398,Private      ,128,86,214,128,86,214
00640400,NEBR METHODIST CLG OF NURS ALLD HLTH    ,NE,68114-2852,Private      ,184,180,364,184,180,364
00689500,UNIVERSITY OF NEBRASKA-MED CTR          ,NE,68198-4265,Public       ,301,1227,1528,301,1227,1528
00750100,VATTEROTT COLLEGE                       ,NE,68137-1237,Proprietary  ,28,110,138,28,110,138
00849200,ALEGENT HEALTH SCHOOLS                  ,NE,68114-2767,Private      ,8,21,29,8,21,29
00952300,BAHNER COLLEGE OF HAIRSTYLING           ,NE,68025-3297,Proprietary  ,12,8,20,12,8,20
00961700,CAPITOL BEAUTY SCHOOL                   ,NE,68144-3873,Proprietary  ,18,12,30,18,12,30
00974300,BELLEVUE UNIVERSITY                     ,NE,68005-0000,Private      ,218,1210,1428,218,1210,1428
00986200,CLARKSON COLLEGE                        ,NE,68131-2739,Private      ,242,293,535,242,293,535
01151900,JOSEPH'S COLLEGE OF BEAUTY/ALL CAMPUSES ,NE,68510-2226,Proprietary  ,36,50,86,36,50,86
01151909,JOSEPH'S COLLEGE OF BEAUTY - OMAHA      ,NE,68131-0000,Proprietary  ,0,1,1,0,1,1
01166700,NORTHEAST COMMUNITY COLLEGE             ,NE,68702-0000,Public       ,608,221,829,608,221,829
01258600,METROPOLITAN COMMUNITY COLLEGE          ,NE,68103-0000,Public       ,1002,2093,3095,1002,2093,3095
01297600,NEBRASKA CHRISTIAN COLLEGE              ,NE,68046-4256,Private      ,48,3,51,48,3,51
02079700,COLLEGE OF HAIR DESIGN                  ,NE,68508-0000,Proprietary  ,36,6,42,36,6,42
02099500,CENTRAL COMMUNITY COLLEGE- GI           ,NE,68801-0000,Public       ,197,252,449,197,252,449
02099501,CENTRAL COMMUNITY COLLEGE - HASTINGS    ,NE,68902-0000,Public       ,406,136,542,406,136,542
02099502,CENTRAL COMMUNITY COLLEGE - COLUMBUS    ,NE,68602-0000,Public       ,180,85,265,180,85,265
02508300,SOUTHEAST COMM. COLLEGE-ALL CAMPUSES    ,NE,68520-0000,Public       ,1602,1345,2947,1602,1345,2947
02550800,NEBRASKA INDIAN COMMUNITY COLLEGE       ,NE,68039-0000,Private      ,2,4,6,2,4,6
02610500,XENON INTERNATIONAL ACADEMY II          ,NE,68127-3522,Proprietary  ,61,24,85,61,24,85
03127300,OMAHA SCHOOL OF MASSAGE THERAPY         ,NE,68127-5002,Proprietary  ,12,13,25,12,13,25
03164300,THE CREATIVE CENTER                     ,NE,68164-2911,Proprietary  ,48,4,52,48,4,52
03279300,MYOTHERAPY INSTITUTE                    ,NE,68516-3641,Proprietary  ,7,7,14,7,7,14
03323300,LITTLE PRIEST TRIBAL COLLEGE            ,NE,68071-0000,Private      ,4,4,8,4,4,8
03821400,UNIVERSAL COLLEGE OF HEALING ARTS       ,NE,68112-1810,Proprietary  ,1,9,10,1,9,10
00256800,UNIVERSITY OF NEVADA RENO               ,NV,89557-0002,Public       ,3804,1601,5405,3804,1601,5405
00256900,UNIVERSITY OF NEVADA-LAS VEGAS          ,NV,89154-1001,Public       ,5950,4883,10833,5950,4883,10833
00697700,GREAT BASIN COLLEGE                     ,NV,89801-3348,Public       ,131,169,300,131,169,300
00736700,MARINELLO SCHOOLS OF BEAUTY             ,NV,89110-3563,Proprietary  ,8,19,27,8,19,27
00737100,MARINELLO SCHOOL OF BEAUTY              ,NV,89502-5982,Proprietary  ,7,3,10,7,3,10
00919200,SIERRA NEVADA COLLEGE                   ,NV,89451-0000,Private      ,127,102,229,127,102,229
01036200,COLLEGE OF SOUTHERN NEVADA              ,NV,89030-4296,Public       ,1491,2658,4149,1491,2658,4149
01036300,WESTERN NEVADA COLLEGE                  ,NV,89703-0000,Public       ,231,412,643,231,412,643
01323200,ACADEMY OF HAIR DESIGN                  ,NV,89102-0000,Proprietary  ,9,24,33,9,24,33
02107700,TRUCKEE MEADOWS COMMUNITY CLG           ,NV,89512-0000,Public       ,593,949,1542,593,949,1542
02237500,LAS VEGAS COLLEGE                       ,NV,89103-0000,Proprietary  ,84,125,209,84,125,209
02338509,NEVADA CAREER INSTITUTE                 ,NV,89121-0000,Proprietary  ,11,15,26,11,15,26
02361001,ITT TECHNICAL INSTITUTE                 ,NV,89014-0000,Proprietary  ,29,48,77,29,48,77
02616703,SCOTTSDALE CULINARY INSTITUTE - LE CORDO,NV,89144-7047,Proprietary  ,39,53,92,39,53,92
02621500,CAREER COLLEGE OF NORTHERN NEVADA       ,NV,89502-2331,Proprietary  ,12,28,40,12,28,40
03030603,UTAH CLG OF MASSAGE THERAPY-NSMT        ,NV,89123-0000,Proprietary  ,16,45,61,16,45,61
03031405,INTERNATIONAL ACADEMY OF DESIGN AND TECH,NV,89074-7750,Proprietary  ,46,78,124,46,78,124
03043200,KAPLAN COLLEGE                          ,NV,89102-8618,Proprietary  ,21,77,98,21,77,98
03076404,HIGH-TECH INSTITUTE - LAS VEGAS         ,NV,89102-4514,Proprietary  ,16,30,46,16,30,46
03084600,THE ART INSTITUTE OF LAS VEGAS          ,NV,89074-7737,Proprietary  ,456,531,987,456,531,987
03088200,CARSON CITY BEAUTY ACADEMY              ,NV,89706-0000,Proprietary  ,4,11,15,4,11,15
03110000,ACADEMY OF HEALING ARTS                 ,NV,89106-4031,Proprietary  ,29,123,152,29,123,152
03232306,EUPHORIA INSTITUTE - SUMMERLIN          ,NV,89117-8803,Proprietary  ,12,33,45,12,33,45
03232307,EUPHORIA INSTITUTE - GREEN VALLEY       ,NV,89052-4964,Proprietary  ,8,25,33,8,25,33
03787300,EXPERTISE SCHOOL OF BEAUTY              ,NV,89106-2516,Private      ,3,13,16,3,13,16
03838500,NORTHWEST HEALTH CAREERS                ,NV,89128-0000,Proprietary  ,8,19,27,8,19,27
03975300,INSTITUTE OF PROFESSIONAL CAREERS       ,NV,89119-7825,Proprietary  ,6,14,20,6,14,20
04065300,UNIVERSITY OF SOUTHERN NEVADA           ,NV,89014-2333,Private      ,74,689,763,74,689,763
04114300,NEVADA STATE COLLEGE                    ,NV,89002-9455,Public       ,288,357,645,288,357,645
00257200,COLBY-SAWYER COLLEGE                    ,NH,03257-4648,Private      ,1567,18,1585,1567,18,1585
00257300,DARTMOUTH COLLEGE                       ,NH,03755-3529,Private      ,8359,1173,9532,8359,1173,9532
00257500,FRANKLIN PIERCE COLLEGE                 ,NH,03461-0060,Private      ,2500,253,2753,2500,253,2753
00257900,NEW ENGLAND COLLEGE                     ,NH,03242-3293,Private      ,1050,148,1198,1050,148,1198
00258000,SOUTHERN NEW HAMPSHIRE UNIVERSITY       ,NH,03106-1045,Private      ,3169,1369,4538,3169,1369,4538
00258100,NHTI  - CONCORD'S COMMUNITY COLLEGE     ,NH,03301-7412,Public       ,886,340,1226,886,340,1226
00258200,MANCHESTER COMMUNITY COLLEGE            ,NH,03102-8518,Public       ,284,220,504,284,220,504
00258202,NEW HAMPSHIRE COMMUNITY TECHNICAL COLLEG,NH,03038-0000,Public       ,13,3,16,13,3,16
00258300,GREAT BAY COMMUNITY COLLEGE             ,NH,03885-0000,Public       ,277,213,490,277,213,490
00258600,RIVIER COLLEGE                          ,NH,03060-5086,Private      ,973,305,1278,973,305,1278
00258700,SAINT ANSELM COLLEGE                    ,NH,03102-1310,Private      ,3215,32,3247,3215,32,3247
00258900,UNIVERSITY OF NEW HAMPSHIRE             ,NH,03824-2511,Public       ,16792,2040,18832,16792,2040,18832
00259000,KEENE STATE COLLEGE                     ,NH,03431-0000,Public       ,5668,352,6020,5668,352,6020
00259100,PLYMOUTH STATE UNIVERSITY               ,NH,03264-1595,Public       ,5197,443,5640,5197,443,5640
00301004,ANTIOCH UNIVERSITY                      ,NH,03431-0000,Private      ,2,486,488,2,486,488
00472900,HESSER COLLEGE                          ,NH,03103-7230,Proprietary  ,180,157,337,180,157,337
00472901,HESSER COLLEGE - NASHUA CAMPUS          ,NH,03063-1286,Proprietary  ,33,75,108,33,75,108
00472904,HESSER COLLEGE - PORTSMOUTH CAMPUS      ,NH,03801-3245,Proprietary  ,18,55,73,18,55,73
00472905,HESSER COLLEGE - SALEM CAMPUS           ,NH,03079-2842,Proprietary  ,34,85,119,34,85,119
00472906,HESSER COLLEGE - CONCORD CAMPUS         ,NH,03301-3415,Proprietary  ,15,43,58,15,43,58
00473000,MCINTOSH COLLEGE INC                    ,NH,03820-3990,Proprietary  ,219,148,367,219,148,367
00473100,DANIEL WEBSTER COLLEGE                  ,NH,03063-1300,Private      ,868,81,949,868,81,949
00473300,CHESTER COLLEGE OF NEW ENGLAND          ,NH,03036-4331,Private      ,217,13,230,217,13,230
00529100,WHITE MOUNTAINS COMMUNITY COLLEGE       ,NH,03570-3799,Public       ,103,148,251,103,148,251
00702500,LEBANON COLLEGE                         ,NH,03766-0000,Private      ,16,12,28,16,12,28
00755500,LAKES REGION COMMUNITY COLLEGE          ,NH,03246-1326,Public       ,181,111,292,181,111,292
00756000,RIVER VALLEY COMMUNITY COLLEGE          ,NH,03743-9707,Public       ,82,151,233,82,151,233
00849300,CONTINENTAL ACADEMIE OF HAIR DESIGN     ,NH,03103-4901,Proprietary  ,3,2,5,3,2,5
00864500,EMPIRE BEAUTY SCHOOL                    ,NH,03220-0000,Proprietary  ,9,3,12,9,3,12
00923600,NASHUA COMMUNITY COLLEGE                ,NH,03063-2052,Public       ,189,149,338,189,149,338
01318900,CONTINENTAL ACADEMIE OF HAIR DESIGN     ,NH,03051-3754,Proprietary  ,6,1,7,6,1,7
02097900,FRANKLIN PIERCE LAW CENTER              ,NH,03301-0000,Private      ,7,485,492,7,485,492
02140400,ST JOSEPH SCH OF PRAC NRSG              ,NH,03060-0000,Private      ,17,18,35,17,18,35
02174800,MICHAEL'S SCHOOL OF HAIR DESIGN & ESTHET,NH,03110-0000,Proprietary  ,7,0,7,7,0,7
02179600,EMPIRE BEAUTY SCHOOL                    ,NH,03878-0000,Proprietary  ,5,2,7,5,2,7
02211600,PORTSMOUTH BTY SCH OF HAIR DESIGN       ,NH,03801-4084,Proprietary  ,4,2,6,4,2,6
02245400,KEENE BEAUTY ACADEMY                    ,NH,03431-0000,Proprietary  ,6,1,7,6,1,7
02247000,NEW ENGLAND SCHOOL OF HAIR DESIGN       ,NH,03784-0000,Proprietary  ,4,5,9,4,5,9
02300200,CONCORD ACADEMY OF HAIR DESIGN          ,NH,03301-0000,Proprietary  ,1,0,1,1,0,1
03043100,THOMAS MORE COLLEGE OF LIBERAL ARTS     ,NH,03054-4818,Private      ,39,5,44,39,5,44
03101300,GRANITE STATE COLLEGE                   ,NH,03301-6400,Public       ,83,365,448,83,365,448
03182300,NEW HAMPSHIRE INSTITUTE OF ART          ,NH,03104-4858,Private      ,277,25,302,277,25,302
03305300,SECOND START                            ,NH,03301-5706,Private      ,0,1,1,0,1,1
03437300,UPPER VALLEY TEACHER INSTITUTE          ,NH,03766-1358,Private      ,2,9,11,2,9,11
03729300,NH INSTITUTE FOR THERAPEUTIC ARTS       ,NH,03051-4906,Proprietary  ,1,3,4,1,3,4
00267000,BAPTIST BIBLE COLG OF PENNSYLVANIA      ,PA,18411-1297,Private      ,299,35,334,299,35,334
00322800,BRYN ATHYN COLLEGE OF THE NEW CHURCH    ,PA,19009-0717,Private      ,16,4,20,16,4,20
00322900,ALBRIGHT COLLEGE                        ,PA,19612-5234,Private      ,2430,282,2712,2430,282,2712
00323000,ALLEGHENY COLLEGE                       ,PA,16335-3902,Private      ,3050,32,3082,3050,32,3082
00323100,COMM CLG OF ALLEGHENY-ALLEGHENY CMP     ,PA,15212-0000,Public       ,525,921,1446,525,921,1446
00323101,"COMM CLG OF ALLEGHENY, BOYCE CAMPUS     ",PA,15146-0000,Public       ,256,362,618,256,362,618
00323102,"COMM CLG OF ALLEGHENY, NORTH CAMPUS     ",PA,15237-0000,Public       ,230,211,441,230,211,441
00323103,"COMM CLG OF ALLEGHENY, SOUTH CAMPUS     ",PA,15122-0000,Public       ,380,457,837,380,457,837
00323300,ALVERNIA UNIVERSITY                     ,PA,19607-1799,Private      ,1197,495,1692,1197,495,1692
00323500,ARCADIA UNIVERSITY                      ,PA,19038-3295,Private      ,2960,706,3666,2960,706,3666
00323700,BRYN MAWR COLLEGE                       ,PA,19010-2899,Private      ,1111,292,1403,1111,292,1403
00323800,BUCKNELL UNIVERSITY                     ,PA,17837-2122,Private      ,4155,67,4222,4155,67,4222
00323900,BUCKS COUNTY COMMUNITY COLLEGE          ,PA,18940-1320,Public       ,938,657,1595,938,657,1595
00324000,BUTLER COUNTY COMMUNITY COLLEGE         ,PA,16001-0000,Public       ,445,346,791,445,346,791
00324100,CABRINI COLLEGE                         ,PA,19087-3698,Private      ,2181,214,2395,2181,214,2395
00324200,CARNEGIE MELLON UNIVERSITY              ,PA,15213-3890,Private      ,7900,655,8555,7900,655,8555
00324201,CARNEGIE MELLON UNIV- THE HEINZ SCH     ,PA,15213-0000,Private      ,246,302,548,246,302,548
00324202,CARNEGIE MELLON- TEPPER SCHOOL OF BUSINE,PA,15213-0000,Private      ,226,205,431,226,205,431
00324300,CEDAR CREST COLLEGE                     ,PA,18104-6196,Private      ,850,333,1183,850,333,1183
00324400,CHATHAM UNIVERSITY                      ,PA,15232-2826,Private      ,577,604,1181,577,604,1181
00324500,CHESTNUT HILL COLLEGE                   ,PA,19118-2693,Private      ,930,494,1424,930,494,1424
00324700,MISERICORDIA  UNIVERSITY                ,PA,18612-1008,Private      ,1257,316,1573,1257,316,1573
00324900,COMMUNITY COLLEGE OF PHILADELPHIA       ,PA,19130-3991,Public       ,3042,4568,7610,3042,4568,7610
00325100,CURTIS INSTITUTE OF MUSIC               ,PA,19103-6187,Private      ,210,38,248,210,38,248
00325200,DELAWARE VALLEY COLLEGE                 ,PA,18901-2697,Private      ,1557,92,1649,1557,92,1649
00325300,DICKINSON COLLEGE                       ,PA,17013-2896,Private      ,2495,35,2530,2495,35,2530
00325400,DICKINSON SCHOOL OF LAW                 ,PA,17013-2899,Private      ,18,1322,1340,18,1322,1340
00325600,DREXEL UNIVERSITY                       ,PA,19104-2875,Private      ,14503,5039,19542,14503,5039,19542
00325800,DUQUESNE UNIVERSITY                     ,PA,15282-0001,Private      ,4576,1507,6083,4576,1507,6083
00325900,EASTERN UNIVERSITY                      ,PA,19087-3696,Private      ,1286,765,2051,1286,765,2051
00325908,EASTERN BAPTIST THEOLGCL SEMINARY       ,PA,19096-0000,Private      ,1,29,30,1,29,30
00326200,ELIZABETHTOWN COLLEGE                   ,PA,17022-2298,Private      ,2382,154,2536,2382,154,2536
00326300,EVANGELICAL SCHOOL OF THEOLOGY          ,PA,17067-0000,Private      ,0,32,32,0,32,32
00326500,FRANKLIN & MARSHALL COLLEGE             ,PA,17604-0000,Private      ,2527,38,2565,2527,38,2565
00326600,GANNON UNIVERSITY                       ,PA,16541-0001,Private      ,2690,621,3311,2690,621,3311
00326700,GENEVA COLLEGE                          ,PA,15010-3599,Private      ,1473,321,1794,1473,321,1794
00326800,GETTYSBURG COLLEGE                      ,PA,17325-1486,Private      ,3288,35,3323,3288,35,3323
00326900,GROVE CITY COLLEGE                      ,PA,16127-0000,Private      ,1397,17,1414,1397,17,1414
00327000,GWYNEDD-MERCY COLLEGE                   ,PA,19437-0901,Private      ,1169,354,1523,1169,354,1523
00327200,HARCUM COLLEGE                          ,PA,19010-3476,Private      ,190,302,492,190,302,492
00327300,HARRISBURG AREA COMMUNITY COLLEGE       ,PA,17110-2999,Public       ,2609,3730,6339,2609,3730,6339
00327400,HAVERFORD COLLEGE                       ,PA,19041-1392,Private      ,1728,14,1742,1728,14,1742
00327500,HOLY FAMILY UNIVERSITY                  ,PA,19114-2094,Private      ,1290,755,2045,1290,755,2045
00327600,IMMACULATA UNIVERSITY                   ,PA,19345-0647,Private      ,877,334,1211,877,334,1211
00327700,INDIANA UNIVERSITY OF PENNSYLVANIA      ,PA,15705-1097,Public       ,6983,1217,8200,6983,1217,8200
00327900,JUNIATA COLLEGE                         ,PA,16652-2196,Private      ,1958,33,1991,1958,33,1991
00328000,KEYSTONE COLLEGE                        ,PA,18440-0200,Private      ,840,231,1071,840,231,1071
00328200,KINGS COLLEGE                           ,PA,18711-0801,Private      ,2176,185,2361,2176,185,2361
00328300,LACKAWANNA COLLEGE                      ,PA,18509-9961,Private      ,389,165,554,389,165,554
00328400,LAFAYETTE COLLEGE                       ,PA,18042-1768,Private      ,3248,23,3271,3248,23,3271
00328500,LANCASTER BIBLE COLLEGE                 ,PA,17601-5036,Private      ,261,77,338,261,77,338
00328600,LANCASTER THEOLOGICAL SEMINARY          ,PA,17603-0000,Private      ,0,29,29,0,29,29
00328700,LASALLE UNIVERSITY                      ,PA,19141-1199,Private      ,3818,1058,4876,3818,1058,4876
00328800,LEBANON VALLEY COLLEGE                  ,PA,17003-1400,Private      ,1851,101,1952,1851,101,1952
00328900,LEHIGH UNIVERSITY                       ,PA,18015-1588,Private      ,7100,283,7383,7100,283,7383
00329000,LINCOLN UNIVERSITY                      ,PA,19352-0999,Public       ,2435,402,2837,2435,402,2837
00329100,LUTHERAN THEOLOG SEMINARY-GETTYSBRG     ,PA,17325-0000,Private      ,0,62,62,0,62,62
00329200,LUTHERAN THEOLOGICAL SEMINARY           ,PA,19119-0000,Private      ,0,52,52,0,52,52
00329300,LYCOMING COLLEGE                        ,PA,17701-5192,Private      ,1493,39,1532,1493,39,1532
00329400,MANOR COLLEGE                           ,PA,19046-3399,Private      ,280,187,467,280,187,467
00329600,MARYWOOD UNIVERSITY                     ,PA,18509-1598,Private      ,1715,664,2379,1715,664,2379
00329700,MERCYHURST COLLEGE                      ,PA,16546-0001,Private      ,2846,628,3474,2846,628,3474
00329800,MESSIAH COLLEGE                         ,PA,17027-0800,Private      ,2851,65,2916,2851,65,2916
00330000,MOORE COLLEGE OF ART & DESIGN           ,PA,19103-1179,Private      ,516,106,622,516,106,622
00330100,MORAVIAN COLLEGE                        ,PA,18018-6650,Private      ,1744,94,1838,1744,94,1838
00330101,MORAVIAN THEOLOGICAL SEMINARY           ,PA,18018-0000,Private      ,9,23,32,9,23,32
00330200,MOUNT ALOYSIUS COLLEGE                  ,PA,16630-1999,Private      ,769,350,1119,769,350,1119
00330300,CARLOW COLLEGE                          ,PA,15213-3165,Private      ,669,559,1228,669,559,1228
00330400,MUHLENBERG COLLEGE                      ,PA,18104-5586,Private      ,2791,74,2865,2791,74,2865
00330600,VALLEY FORGE CHRISTIAN COLLEGE          ,PA,19460-2399,Private      ,389,61,450,389,61,450
00330900,PEIRCE COLLEGE                          ,PA,19102-4699,Private      ,89,659,748,89,659,748
00331100,PENNSYLVANIA COLLEGE OF OPTOMETRY       ,PA,19027-1598,Private      ,8,440,448,8,440,448
00331300,WIDENER UNIVERSITY                      ,PA,19013-5792,Private      ,3018,1025,4043,3018,1025,4043
00331302,WIDENER UNIV SCH OF LAW- HARRISBURG     ,PA,17106-9381,Private      ,2,537,539,2,537,539
00331500,BLOOMSBURG UNIVERSITY OF PA             ,PA,17815-1301,Public       ,6619,630,7249,6619,630,7249
00331600,CALIFORNIA UNIV OF PENNSYLVANIA         ,PA,15419-1394,Public       ,3256,1140,4396,3256,1140,4396
00331700,CHEYNEY UNIVERSITY OF PENNSYLVANIA      ,PA,19319-0200,Public       ,1152,329,1481,1152,329,1481
00331800,CLARION UNIVERSITY OF PENNSYLVANIA      ,PA,16214-1232,Public       ,2643,669,3312,2643,669,3312
00332000,EAST STROUDSBURG UNIVERSITY             ,PA,18301-2999,Public       ,4865,535,5400,4865,535,5400
00332100,EDINBORO UNIVERSITY OF PENNSYLVANIA     ,PA,16444-0001,Public       ,3695,1429,5124,3695,1429,5124
00332200,KUTZTOWN UNIVERSITY OF PENNSYLVANIA     ,PA,19530-9339,Public       ,6996,826,7822,6996,826,7822
00332300,LOCK HAVEN UNIV OF PENNSYLVANIA         ,PA,17745-2439,Public       ,3747,599,4346,3747,599,4346
00332400,MANSFIELD UNIVERSITY                    ,PA,16933-1123,Public       ,1796,367,2163,1796,367,2163
00332500,MILLERSVILLE UNIVERSITY OF PA           ,PA,17551-1800,Public       ,5550,847,6397,5550,847,6397
00332600,SHIPPENSBURG UNIVERSITY                 ,PA,17257-2299,Public       ,4677,508,5185,4677,508,5185
00332700,SLIPPERY ROCK UNIVERSITY                ,PA,16057-1326,Public       ,4337,681,5018,4337,681,5018
00332800,WEST CHESTER UNIVERSITY                 ,PA,19383-0001,Public       ,9681,1472,11153,9681,1472,11153
00332900,PENN STATE UNIVERSITY                   ,PA,16802-1503,Public       ,43694,6950,50644,43694,6950,50644
00332901,PENN STATE UNIV-HERSHEY MEDCL CTR       ,PA,17033-0000,Public       ,42,640,682,42,640,682
00335000,UNIVERSITY OF THE ARTS (THE)            ,PA,19102-9493,Private      ,2388,331,2719,2388,331,2719
00335100,PHILADELPHIA BIBLICAL UNIVERSITY        ,PA,19047-2942,Private      ,476,133,609,476,133,609
00335200,PHILADELPHIA CLG OSTEOPATHIC MED        ,PA,19131-0000,Private      ,9,1356,1365,9,1356,1365
00335300,UNIVERSITY OF THE SCIENCES IN PHILADELPH,PA,19104-4495,Private      ,2547,441,2988,2547,441,2988
00335400,PHILADELPHIA UNIVERSITY                 ,PA,19144-5497,Private      ,2723,353,3076,2723,353,3076
00335600,PITTSBURGH THEOLOGICAL SEMINARY         ,PA,15206-0000,Private      ,0,93,93,0,93,93
00335700,POINT PARK UNIVERSITY                   ,PA,15222-1912,Private      ,1734,556,2290,1734,556,2290
00335800,REFORMED PRESBYTERIAN THEOL SEMINAR     ,PA,15208-0000,Private      ,0,11,11,0,11,11
00335900,ROBERT MORRIS UNIVERSITY                ,PA,15108-1189,Private      ,2080,525,2605,2080,525,2605
00336000,ROSEMONT COLLEGE                        ,PA,19010-1699,Private      ,358,143,501,358,143,501
00336200,SETON HILL UNIVERSITY                   ,PA,15601-1599,Private      ,1026,249,1275,1026,249,1275
00336400,ST. CHARLES BORROMEO SEMINARY           ,PA,19096-0000,Private      ,12,11,23,12,11,23
00336600,SAINT FRANCIS UNIVERSITY                ,PA,15940-0600,Private      ,1243,189,1432,1243,189,1432
00336700,SAINT JOSEPH'S UNIVERSITY               ,PA,19131-1395,Private      ,4407,485,4892,4407,485,4892
00336800,ST VINCENT COLLEGE                      ,PA,15650-2690,Private      ,1351,99,1450,1351,99,1450
00336900,SUSQUEHANNA UNIVERSITY                  ,PA,17870-1001,Private      ,2359,51,2410,2359,51,2410
00337000,SWARTHMORE COLLEGE                      ,PA,19081-1397,Private      ,3088,23,3111,3088,23,3111
00337100,TEMPLE UNIV - MAIN CAMPUS               ,PA,19122-6003,Private      ,20201,3853,24054,20201,3853,24054
00337101,TEMPLE UNIV - SCHOOL OF LAW             ,PA,19122-0000,Private      ,31,2200,2231,31,2200,2231
00337102,TEMPLE UNIV - SCHOOL OF MEDICINE        ,PA,19140-0000,Private      ,76,900,976,76,900,976
00337103,TEMPLE UNIV - SCHOOL OF DENTISTRY       ,PA,19140-0000,Private      ,20,474,494,20,474,494
00337104,TEMPLE UNIV - AMBLER CAMPUS             ,PA,19002-0000,Private      ,525,335,860,525,335,860
00337105,TEMPLE UNIV - SCH OF ALLIED HEALTH      ,PA,19140-0000,Private      ,242,218,460,242,218,460
00337106,TEMPLE UNIV - SCHOOL OF PHARMACY        ,PA,19140-0000,Private      ,171,380,551,171,380,551
00337107,TEMPLE UNIV - TYLER SCHOOL OF ART       ,PA,19122-0000,Private      ,574,186,760,574,186,760
00337108,TEMPLE UNIV - GRAD DIV HEALTH SCI       ,PA,19140-0000,Private      ,63,231,294,63,231,294
00337109,TEMPLE UNIV - GRADUATE DIVISION         ,PA,19122-0000,Private      ,128,1251,1379,128,1251,1379
00337111,TEMPLE UNIV-SCH OF PODIATRIC MED        ,PA,19107-0000,Private      ,8,189,197,8,189,197
00337600,THIEL COLLEGE                           ,PA,16125-2181,Private      ,908,51,959,908,51,959
00337800,UNIVERSITY OF PENNSYLVANIA              ,PA,19104-6216,Private      ,12077,7281,19358,12077,7281,19358
00337900,UNIVERSITY OF PITTSBURGH                ,PA,15260-0000,Public       ,17189,4517,21706,17189,4517,21706
00337906,UNIV OF PITTSBURGH-SCH OF MEDICINE      ,PA,15261-0000,Public       ,42,542,584,42,542,584
00337907,UNIV OF PITTSBURGH-DENTAL MEDICINE      ,PA,15261-0000,Public       ,14,145,159,14,145,159
00338400,UNIVERSITY OF SCRANTON                  ,PA,18510-4622,Private      ,5041,413,5454,5041,413,5454
00338500,URSINUS COLLEGE                         ,PA,19426-2562,Private      ,3160,39,3199,3160,39,3199
00338600,VALLEY FORGE MILITARY COLLEGE           ,PA,19087-3695,Private      ,94,4,98,94,4,98
00338800,VILLANOVA UNIVERSITY                    ,PA,19085-1699,Private      ,9476,682,10158,9476,682,10158
00338801,VILLANOVA UNIV SCH OF LAW               ,PA,19085-0000,Private      ,18,1269,1287,18,1269,1287
00338900,WASHINGTON & JEFFERSON COLLEGE          ,PA,15301-4801,Private      ,2024,23,2047,2024,23,2047
00339100,WAYNESBURG UNIVERSITY                   ,PA,15370-1222,Private      ,1178,223,1401,1178,223,1401
00339200,WESTMINSTER COLLEGE                     ,PA,16172-0002,Private      ,1483,36,1519,1483,36,1519
00339300,WESTMINSTER THEOLOGICAL SEMINARY        ,PA,19038-0000,Private      ,3,110,113,3,110,113
00339400,WILKES UNIVERSITY                       ,PA,18766-0998,Private      ,2079,284,2363,2079,284,2363
00339500,PENNSYLVANIA COLLEGE OF TECHNOLOGY      ,PA,17701-5779,Public       ,2764,757,3521,2764,757,3521
00339600,WILSON COLLEGE                          ,PA,17201-1285,Private      ,249,121,370,249,121,370
00339900,YORK COLLEGE OF PENNSYLVANIA            ,PA,17405-7199,Private      ,4194,363,4557,4194,363,4557
00398600,DESALES UNIVERSITY                      ,PA,18034-9568,Private      ,1583,341,1924,1583,341,1924
00398700,LA ROCHE COLLEGE                        ,PA,15237-5898,Private      ,496,101,597,496,101,597
00398800,NEUMANN COLLEGE                         ,PA,19014-1298,Private      ,1623,299,1922,1623,299,1922
00405800,GRATZ COLLEGE                           ,PA,19027-3097,Private      ,0,18,18,0,18,18
00445200,MONTGOMERY COUNTY COMMUNITY COLLEGE     ,PA,19422-6300,Public       ,991,898,1889,991,898,1889
00488700,BRANDYWINE SCHOOL OF NURSING            ,PA,19320-1536,Proprietary  ,15,31,46,15,31,46
00488900,CAMBRIA-ROWE BUSINESS COLLEGE           ,PA,15902-2494,Proprietary  ,57,87,144,57,87,144
00489000,CENTRAL PENNSYLVANIA COLLEGE            ,PA,17093-0309,Proprietary  ,513,419,932,513,419,932
00489300,DU BOIS BUSINESS COLLEGE                ,PA,15801-2401,Proprietary  ,61,88,149,61,88,149
00489400,ERIE BUSINESS CENTER                    ,PA,16501-1305,Proprietary  ,15,40,55,15,40,55
00489401,ERIE BUSINESS CENTER SOUTH              ,PA,16101-0000,Proprietary  ,4,14,18,4,14,18
00489800,MCCANN SCHOOL OF BUSINESS & TECHNOL     ,PA,17901-1335,Proprietary  ,163,489,652,163,489,652
00489900,MERCY HOSP SCH OF NURSING               ,PA,15219-5166,Private      ,41,26,67,41,26,67
00490100,NEWPORT BUSINESS INSTITUTE              ,PA,15068-3929,Proprietary  ,8,19,27,8,19,27
00490200,PENN COMMERCIAL BUSINESS/TECHNICAL SCHL ,PA,15301-2871,Proprietary  ,54,101,155,54,101,155
00491000,KAPLAN CAREER INSTITUTE                 ,PA,17111-3571,Proprietary  ,39,93,132,39,93,132
00491001,THOMPSON INSTITUTE-PHILADEPHIA CAMPUS   ,PA,19104-3386,Proprietary  ,23,18,41,23,18,41
00491400,NEWPORT BUSINESS INSTITUTE              ,PA,17701-5855,Proprietary  ,14,18,32,14,18,32
00500701,WEST VIRGINIA CAREER INSTITUTE          ,PA,15456-0000,Proprietary  ,15,44,59,15,44,59
00531000,PITTSBURGH INST OF AERONAUTICS          ,PA,15236-0000,Private      ,91,28,119,91,28,119
00533000,FAYETTE CNTY AREA VOC TECH PRC NRSG     ,PA,15401-0000,Public       ,8,40,48,8,40,48
00533500,CENTRAL PENN INST OF SCI & TECH PNP     ,PA,16823-0000,Public       ,13,34,47,13,34,47
00534100,UPPER BUCKS CO AREA VOC-TECH SCHOOL     ,PA,18944-0000,Public       ,1,0,1,1,0,1
00536500,YORK CO AREA VOC-TECH SCH-PRAC NSG      ,PA,17402-0000,Public       ,1,17,18,1,17,18
00594200,UPMC PRESBYTERIAN SCH OF RADIOLOGIC     ,PA,15213-2582,Private      ,14,11,25,14,11,25
00594600,SCHOOL OF RADIOLOGIC TECHNOLOGY AT ST. C,PA,19134-1995,Proprietary  ,8,16,24,8,16,24
00653400,CITIZENS SCHOOL OF NURSING              ,PA,15068-6591,Private      ,29,52,81,29,52,81
00653700,CONEMAUGH VLY MEM HOSP SCH NRSNG        ,PA,15905-4398,Private      ,37,53,90,37,53,90
00653702,CONEMAUGH HOSP- SCH HISTOTECHNOLOGY     ,PA,15905-0000,Private      ,0,1,1,0,1,1
00653704,CONEMAUGH VLY MEM HOSP SCH RAD TECH     ,PA,15905-0000,Private      ,8,5,13,8,5,13
00653706,CONEMAUGH VLY MEM HOSP SCH  MED TECH    ,PA,15905-4398,Private      ,4,1,5,4,1,5
00653900,EPISCOPAL HOSPITAL SCHL OF NURSING      ,PA,19125-1000,Private      ,5,41,46,5,41,46
00655100,ST MARGARET SCHL OF NURSING             ,PA,15238-3205,Private      ,23,65,88,23,65,88
00656000,OHIO VALLEY HOSP SCH OF NURSING         ,PA,15136-1694,Private      ,10,13,23,10,13,23
00656500,READING HOSPITAL SCHOOL OF HEALTH SCIENC,PA,19611-1744,Private      ,103,131,234,103,131,234
00657400,"ST LUKE'S HOSPITAL OF BETHLEHEM, PA     ",PA,18015-1065,Private      ,32,52,84,32,52,84
00657600,SEWICKLEY VALLEY HOSP SCH NRSNG         ,PA,15143-1498,Private      ,24,28,52,24,28,52
00657700,UPMC SHADYSIDE SCHOOL OF NURSING        ,PA,15232-1381,Private      ,48,91,139,48,91,139
00657800,SHARON REGIONAL SCHOOL OF NURSING       ,PA,16146-3395,Private      ,9,24,33,9,24,33
00658200,WASHINGTON HOSP SCH OF NURSING          ,PA,15301-3398,Private      ,18,58,76,18,58,76
00658202,WASHINGTON HOSP SCH OF RAD TECH         ,PA,15301-3398,Private      ,6,4,10,6,4,10
00658300,WESTERN PENN HOSP-SCH OF NURSING        ,PA,15224-1790,Private      ,39,49,88,39,49,88
00680700,COMMUNITY COLLEGE OF BEAVER COUNTY      ,PA,15061-2588,Public       ,336,318,654,336,318,654
00681000,LEHIGH CARBON COMMUNITY COLLEGE         ,PA,18078-2598,Public       ,783,700,1483,783,700,1483
00681100,LUZERNE COUNTY COMMUNITY COLLEGE        ,PA,18634-3899,Public       ,854,754,1608,854,754,1608
00708700,ABINGTON MEM HOSP SCHL OF NURSING       ,PA,19090-1284,Private      ,41,98,139,41,98,139
00709000,METHODIST HOSPITAL SCH OF NURSING       ,PA,19148-3594,Private      ,0,9,9,0,9,9
00709100,EVEREST INSTITUTE                       ,PA,15222-1320,Proprietary  ,8,38,46,8,38,46
00711000,DELAWARE COUNTY COMMUNITY COLLEGE       ,PA,19063-1094,Public       ,1059,1140,2199,1059,1140,2199
00719100,NORTHAMPTON COMMUNITY COLLEGE           ,PA,18020-7599,Public       ,1785,1382,3167,1785,1382,3167
00739802,KATHERINE GIBBS-PHILADELPHIA            ,PA,19403-2422,Proprietary  ,105,201,306,105,201,306
00743000,ANTONELLI INST OF ART & PHOTOGRAPHY     ,PA,19038-8242,Proprietary  ,103,4,107,103,4,107
00743600,KAPLAN CAREER INSTITUTE - ICM CAMPUS    ,PA,15222-1977,Proprietary  ,115,255,370,115,255,370
00743700,PITTSBURGH TECHNICAL INSTITUTE          ,PA,15071-3205,Proprietary  ,1260,387,1647,1260,387,1647
00746900,"HUSSIAN SCHOOL OF ART, INC.             ",PA,19106-0000,Proprietary  ,40,8,48,40,8,48
00747000,"ART INSTITUTE OF PITTSBURGH, THE        ",PA,15219-1328,Proprietary  ,1802,2197,3999,1802,2197,3999
00752900,CTR ART TCH BRDYWN CMPS PRC NRS PRG     ,PA,19320-2459,Public       ,3,33,36,3,33,36
00775900,LINCOLN TECHNICAL INSTITUTE             ,PA,18104-3298,Proprietary  ,108,97,205,108,97,205
00777900,LANSDALE SCHOOL OF BUSINESS             ,PA,19454-4148,Proprietary  ,6,37,43,6,37,43
00778000,NEW CASTLE SCHOOL OF TRADES             ,PA,16143-9721,Proprietary  ,22,27,49,22,27,49
00778100,CHI INSTITUTE/RETS CAMPUS               ,PA,19008-3516,Proprietary  ,36,122,158,36,122,158
00783200,LINCOLN TECH INSTITUTE                  ,PA,19136-1595,Proprietary  ,89,66,155,89,66,155
00783900,TRIANGLE TECH                           ,PA,15214-3897,Proprietary  ,19,14,33,19,14,33
00791200,THADDEUS STEVENS CLG OF TECHNOLOGY      ,PA,17602-0000,Public       ,413,113,526,413,113,526
00791600,FRANKLIN CNTY CAREER & TECH CTR-PNP     ,PA,17201-0000,Public       ,0,3,3,0,3,3
00820000,JAMESON MEMORIAL HOSP SCH NURSING       ,PA,16105-2595,Private      ,14,47,61,14,47,61
00826301,AWARD BEAUTY SCHOOL - CHAMBERSBURG BEAUT,PA,17201-2435,Proprietary  ,0,2,2,0,2,2
00835000,ART INSTITUTE OF PHILADELPHIA           ,PA,19103-5198,Proprietary  ,1737,743,2480,1737,743,2480
00844100,ANTHEM INSTITUTE                        ,PA,19064-1243,Proprietary  ,61,129,190,61,129,190
00856800,MEDIAN SCHOOL                           ,PA,15222-3400,Proprietary  ,134,56,190,134,56,190
00865300,JEFFERSON CO DUBOIS VOC TECH-PR NSG     ,PA,15851-0000,Public       ,5,23,28,5,23,28
00888900,LEHIGH VALLEY COLLEGE                   ,PA,18034-8447,Proprietary  ,180,186,366,180,186,366
00895500,PRUONTOS HAIR DESIGN INSTITUTE & BEAUTY ,PA,16602-0000,Proprietary  ,5,3,8,5,3,8
00918600,DEAN INSTITUTE OF TECHNOLOGY            ,PA,15226-1197,Proprietary  ,6,15,21,6,15,21
00944900,PENNCO TECH                             ,PA,19007-0000,Proprietary  ,11,6,17,11,6,17
00966400,EMPIRE BEAUTY SCHOOL                    ,PA,18052-5730,Proprietary  ,7,16,23,7,16,23
00966500,EMPIRE BEAUTY SCHOOL                    ,PA,17109-2210,Proprietary  ,6,31,37,6,31,37
00966600,EMPIRE BEAUTY SCHOOL                    ,PA,19605-2803,Proprietary  ,23,29,52,23,29,52
00972100,BRADFORD SCHOOL                         ,PA,15219-2602,Proprietary  ,294,51,345,294,51,345
00972300,FRANKFORD HOSP SCH OF NURSING           ,PA,19124-2696,Private      ,91,101,192,91,101,192
00978300,GORDON PHILLIPS SCH OF BEAUTY CULT      ,PA,19135-0000,Proprietary  ,18,31,49,18,31,49
00986301,LANCASTER INSTITUTE FOR HEALTH EDUC     ,PA,17602-4955,Private      ,143,200,343,143,200,343
01000600,GREATER JOHNSTOWN AREA VOC TECH SCH     ,PA,15904-0000,Public       ,13,63,76,13,63,76
01005500,CRAWFORD CNTY AREA VO-TECH PRAC NUR     ,PA,16335-0000,Public       ,1,5,6,1,5,6
01017600,WESTMORELAND COUNTY COMMUNITY CLG       ,PA,15697-1895,Public       ,603,770,1373,603,770,1373
01038800,READING AREA COMMUNITY COLLEGE          ,PA,19603-1706,Public       ,469,673,1142,469,673,1142
01054100,EMPIRE BEAUTY SCHOOL                    ,PA,15146-2229,Proprietary  ,8,29,37,8,29,37
01054200,EMPIRE BEAUTY SCHOOL                    ,PA,18701-0000,Proprietary  ,28,46,74,28,46,74
01054300,EMPIRE BEAUTY SCHOOL                    ,PA,17701-3914,Proprietary  ,12,26,38,12,26,38
01081400,PITTSBURGH INST MORTUARY SCIENCE        ,PA,15206-3706,Private      ,33,52,85,33,52,85
01086000,GREATER ALTOONA CAREER/TECH CENTER      ,PA,16602-0000,Public       ,11,39,50,11,39,50
01096300,GREENE COUNTY VOC-TECH SCHOOL           ,PA,15370-0000,Public       ,0,1,1,0,1,1
01097000,EMPIRE BEAUTY SCHOOL                    ,PA,17042-5209,Proprietary  ,2,2,4,2,2,4
01099800,PENNSYLVANIA INSTITUTE OF TECH          ,PA,19063-4098,Private      ,76,106,182,76,106,182
01102000,EMPIRE BEAUTY SCHOOL                    ,PA,17604-4335,Proprietary  ,8,16,24,8,16,24
01102100,EMPIRE BEAUTY SCHOOL                    ,PA,17402-2862,Proprietary  ,11,67,78,11,67,78
01162100,AUTOMOTIVE TRAINING CENTER              ,PA,19341-1310,Proprietary  ,103,31,134,103,31,134
01162200,WELDER TRAINING & TESTING INST          ,PA,18109-3253,Proprietary  ,2,2,4,2,2,4
01163800,EMPIRE BEAUTY SCHOOL                    ,PA,17876-0000,Proprietary  ,5,9,14,5,9,14
01171500,POTTSVILLE HOSPITAL SCHOOL OF NURSING   ,PA,17901-3692,Private      ,32,21,53,32,21,53
01191900,BEAVER FALLS BEAUTY ACADEMY             ,PA,15010-4208,Proprietary  ,0,9,9,0,9,9
01205000,ROSEDALE TECHNICAL INSTITUTE            ,PA,15205-9791,Private      ,30,30,60,30,30,60
01239300,THOMAS JEFF UNIV-CLG ALLIED HEALTH      ,PA,19107-0000,Private      ,247,503,750,247,503,750
01239301,JEFFERSON MED CLG-T. JEFFERSON UNIV     ,PA,19107-5587,Private      ,83,928,1011,83,928,1011
01239303,THOMAS JEFFERSON UNIV-GRADUATE COLG     ,PA,19107-0000,Private      ,115,530,645,115,530,645
01246104,LINCOLN TECHNICAL INSTITUTE             ,PA,19104-0202,Proprietary  ,27,20,47,27,20,47
01246105,LINCOLN TECHNICAL INSTITUTE             ,PA,19116-4202,Proprietary  ,29,39,68,29,39,68
01252300,TALMUDICAL YESHIVA OF PHILA             ,PA,19131-1296,Private      ,1,1,2,1,1,2
01260500,EMPIRE BEAUTY SCHOOL                    ,PA,17331-2405,Proprietary  ,8,9,17,8,9,17
01260600,EMPIRE BEAUTY SCHOOL                    ,PA,17901-2505,Proprietary  ,13,59,72,13,59,72
01260700,EMPIRE BEAUTY SCHOOL                    ,PA,16801-5218,Proprietary  ,1,2,3,1,2,3
01292900,SOUTH HILLS BEAUTY ACADEMY              ,PA,15216-2335,Proprietary  ,3,4,7,3,4,7
01301500,GORDON PHILLIPS SCH BEAUTY CULTURE      ,PA,19102-2701,Proprietary  ,21,68,89,21,68,89
01313400,YESHIVATH BETH MOSHE                    ,PA,18505-2196,Private      ,1,0,1,1,0,1
01321400,ROXBOROUGH MEM HOSP SCH OF NURSING      ,PA,19128-0000,Proprietary  ,36,88,124,36,88,124
01326300,SOUTH HILLS SCH OF BUS & TECHNOLOGY     ,PA,16801-4516,Proprietary  ,144,141,285,144,141,285
01326304,SOUTH HILLS SCHOOL OF BUSINESS & TECHNOL,PA,16602-1188,Proprietary  ,13,10,23,13,10,23
02061000,VENUS BEAUTY ACADEMY                    ,PA,19079-0000,Proprietary  ,3,1,4,3,1,4
02068300,DOUGLAS SCHOOL OF BUSINESS              ,PA,15062-0000,Proprietary  ,63,54,117,63,54,117
02090200,TRIANGLE TECH                           ,PA,16502-0000,Proprietary  ,24,28,52,24,28,52
02092500,LAUREL TECHNICAL INSTITUTE              ,PA,16146-0000,Proprietary  ,3,45,48,3,45,48
02092502,BUSINESS INSTITUTE OF PENNSYLVANIA      ,PA,16335-0000,Proprietary  ,0,13,13,0,13,13
02107300,PENNSYLVANIA ACADEMY OF FINE ARTS       ,PA,19102-1424,Private      ,140,185,325,140,185,325
02112200,GREAT LAKES INSTITUTE OF TECHNOLOGY     ,PA,16509-0000,Proprietary  ,45,47,92,45,47,92
02114200,JOHNSON COLLEGE                         ,PA,18508-0000,Private      ,140,31,171,140,31,171
02116001,SANFORD-BROWN INSTITUTE - TREVOSE       ,PA,19053-4700,Proprietary  ,94,377,471,94,377,471
02118000,LEVITTOWN BEAUTY ACADEMY LLC            ,PA,19054-1713,Proprietary  ,2,0,2,2,0,2
02119300,PA ACAD OF COSMETOLOGY ARTS & SCI       ,PA,15904-0000,Proprietary  ,8,11,19,8,11,19
02120800,"YORKTOWNE BUSINESS INSTITUTE, INC.      ",PA,17404-0000,Proprietary  ,14,21,35,14,21,35
02127400,YORK TECHNICAL INSTITUTE                ,PA,17402-0000,Proprietary  ,284,312,596,284,312,596
02129000,TRIANGLE TECH                           ,PA,15601-0000,Proprietary  ,34,23,57,34,23,57
02129001,TRIANGLE TECH - BUSINESS CAREERS INSTITU,PA,15601-3304,Proprietary  ,1,0,1,1,0,1
02144000,"VISION ACADEMY, THE                     ",PA,18103-0000,Proprietary  ,9,5,14,9,5,14
02147800,SCHUYLKILL INST BUSINESS & TECHNLGY     ,PA,17901-0000,Proprietary  ,0,1,1,0,1,1
02149000,EMPIRE BEAUTY SCHOOL                    ,PA,19341-2804,Proprietary  ,7,22,29,7,22,29
02151500,CENTRAL SUSQUEHANNA LPN CENTER          ,PA,17847-0000,Public       ,8,74,82,8,74,82
02153500,OAKBRIDGE ACADEMY OF ARTS               ,PA,15068-0000,Proprietary  ,23,6,29,23,6,29
02158300,JUNIATA-MIFFLIN CO AREA VOC TECH        ,PA,17044-0000,Public       ,5,17,22,5,17,22
02161400,NORTHEASTERN HOSP SCH OF NRSG           ,PA,19134-0000,Private      ,21,62,83,21,62,83
02169600,CLEARFIELD CTY CAREER AND TECH CNTR     ,PA,16830-0000,Public       ,6,25,31,6,25,31
02174400,TRIANGLE TECH                           ,PA,15801-0000,Proprietary  ,49,24,73,49,24,73
02178900,ACADEMY OF HAIR DESIGN                  ,PA,18202-1465,Proprietary  ,1,1,2,1,1,2
02183000,ORLEANS TECHNICAL INSTITUTE             ,PA,19111-0000,Private      ,15,38,53,15,38,53
02192800,WALNUT HILL COLLEGE                     ,PA,19104-0000,Proprietary  ,190,62,252,190,62,252
02202300,SANFORD-BROWN INSTITUTE                 ,PA,15219-1907,Proprietary  ,83,284,367,83,284,367
02202301,SANFORD-BROWN INSTITUTE                 ,PA,15146-2141,Proprietary  ,26,132,158,26,132,158
02203900,ERIE INSTITUTE OF TECHNOLOGY            ,PA,16565-1002,Proprietary  ,35,33,68,35,33,68
02206200,AMBLER BEAUTY ACADEMY                   ,PA,19002-0000,Proprietary  ,2,2,4,2,2,4
02206300,STROUDSBURG SCHOOL OF COSMETOLOGY       ,PA,18360-0000,Proprietary  ,1,1,2,1,1,2
02212700,LANCASTER SCHOOL OF COSMETOLOGY         ,PA,17602-0000,Proprietary  ,4,7,11,4,7,11
02213400,PROFESSIONAL SKILLS CAREER ACADEMY      ,PA,16148-0000,Proprietary  ,3,4,7,3,4,7
02234200,ACADEMY OF MEDICAL ARTS & BUSINESS      ,PA,17112-0000,Proprietary  ,3,4,7,3,4,7
02251200,SCHUYLKILL COUNTY AREA VOC TECH SCH     ,PA,17931-0000,Public       ,7,14,21,7,14,21
02251202,SCHUYLKILL COUNTY AREA VOC TECH SCH     ,PA,17931-0000,Public       ,1,2,3,1,2,3
02253900,BERKS TECHNICAL INSTITUTE               ,PA,19610-0000,Proprietary  ,147,249,396,147,249,396
02255200,PENNSYLVANIA SCHOOL OF BUSINESS         ,PA,18101-1604,Proprietary  ,17,91,108,17,91,108
02269900,PENNSYLVANIA COLLEGE OF ART & DESIGN    ,PA,17603-3528,Private      ,175,22,197,175,22,197
02270500,BUCKS COUNTY SCHOOL OF BEAUTY CULT      ,PA,19053-0000,Proprietary  ,1,4,5,1,4,5
02273400,RECONSTRUCTIONIST RABBINICAL COLLEG     ,PA,19095-0000,Private      ,0,3,3,0,3,3
02276600,HANOVER PUBLIC SCH DIST PRAC NURSG      ,PA,17331-0000,Public       ,3,6,9,3,6,9
02282500,LENAPE SCHOOL OF PRACTICAL NURSING      ,PA,16226-0000,Public       ,4,56,60,4,56,60
02288800,EMPIRE BEAUTY SCHOOL                    ,PA,18974-4508,Proprietary  ,1,5,6,1,5,6
02289500,PACE INSTITUTE                          ,PA,19601-0000,Proprietary  ,8,47,55,8,47,55
02289600,CONSOLIDATED SCHOOL OF BUSINESS         ,PA,17404-0000,Proprietary  ,6,39,45,6,39,45
02289700,ACADEMY OF CREATIVE HAIR DESIGN         ,PA,18702-0000,Proprietary  ,1,6,7,1,6,7
02289800,CHI INSTITUTE - FRANKLIN MILLS          ,PA,19154-0000,Proprietary  ,59,183,242,59,183,242
02290400,"ALTOONA BEAUTY SCHOOL, INC              ",PA,16602-0000,Proprietary  ,11,4,15,11,4,15
02292700,LANSDALE SCHOOL OF COSMETOLOGY          ,PA,19446-0000,Proprietary  ,2,2,4,2,2,4
02299300,TRINITY EPISCOPAL SCHOOL MINISTRY       ,PA,15003-0000,Private      ,1,13,14,1,13,14
02301300,PJA SCHOOL (THE)                        ,PA,19082-1917,Proprietary  ,12,85,97,12,85,97
02304400,YTI CAREER INSTITUTE - MECHANICSBURG    ,PA,17055-0000,Proprietary  ,56,98,154,56,98,154
02306200,VENANGO COUNTY AREA VOC TECH SCHOOL     ,PA,16301-0000,Public       ,3,5,8,3,5,8
02310800,LANCASTER COUNTY CAREER & TECH CTR      ,PA,17584-0000,Public       ,25,118,143,25,118,143
02330300,LEBANON CO CAREER & TECHNOLOGY CTR      ,PA,17042-0000,Public       ,2,21,23,2,21,23
02330600,PENNSYLVANIA GUNSMITH SCHOOL            ,PA,15202-0000,Proprietary  ,10,9,19,10,9,19
02350100,WESTERN AREA CAREER & TECHNOLOGY CT     ,PA,15317-0000,Public       ,7,19,26,7,19,26
02350200,INDIANA COUNTY TECH CTR SCH PR NSG      ,PA,15701-1465,Public       ,8,6,14,8,6,14
02353100,NORTHERN TIER CAREER CENTER             ,PA,18848-0000,Public       ,8,24,32,8,24,32
02361002,ITT TECHNICAL INSTITUTE                 ,PA,19406-0000,Proprietary  ,53,43,96,53,43,96
02362300,MERCER COUNTY AREA VOC TECH SCHOOL      ,PA,16137-0000,Public       ,1,16,17,1,16,17
02492500,DELAWARE VLY ACAD MED DNTL ASSTS        ,PA,19114-0000,Proprietary  ,2,10,12,2,10,12
02492600,EASTERN CTR ARTS AND TECH PR NSG        ,PA,19090-0000,Public       ,3,37,40,3,37,40
02495500,ALL-STATE CAREER SCHOOL                 ,PA,19029-0000,Proprietary  ,4,5,9,4,5,9
02529800,WILKES BARRE AREA CAREER AND TECHNICAL C,PA,18705-0000,Public       ,12,29,41,12,29,41
02536600,COMMONWEALTH TECH INSTIT @ HIRAM G      ,PA,15905-0000,Public       ,35,30,65,35,30,65
02539900,STAR TECHNICAL INSTITUTE                ,PA,19082-0000,Proprietary  ,7,29,36,7,29,36
02544300,BUTLER BEAUTY SCHOOL                    ,PA,16001-0000,Proprietary  ,6,14,20,6,14,20
02545000,LAWRENCE COUNTY CAREER AND TECHNICAL CEN,PA,16101-0000,Public       ,2,12,14,2,12,14
02546200,LAUREL BUSINESS INSTITUTE               ,PA,15401-0877,Proprietary  ,52,61,113,52,61,113
02550000,CLARION CO AREA VOC-TECH PRAC NRSG      ,PA,16254-0000,Public       ,4,4,8,4,4,8
02554500,HAZLETON AREA VOC TECH SCH PR NSG       ,PA,18201-1597,Public       ,4,5,9,4,5,9
02557800,ART INSTITUTE OF YORK (THE) - PENNSYLVAN,PA,17402-9012,Proprietary  ,302,70,372,302,70,372
02566400,ALBERT EINSTEIN MED CTR DEPT DNTL       ,PA,19141-3098,Private      ,1,8,9,1,8,9
02574800,PENNSYLVANIA INSTITUTE OF TAXIDERMY     ,PA,15931-0000,Proprietary  ,3,3,6,3,3,6
02609500,CAREER TRAINING ACADEMY                 ,PA,15068-6308,Proprietary  ,12,52,64,12,52,64
02609501,CAREER TRAINING ACADEMY                 ,PA,15146-0000,Proprietary  ,1,1,2,1,1,2
02615400,STAR TECHNICAL INSTITUTE                ,PA,19114-2204,Proprietary  ,8,66,74,8,66,74
02616100,JEAN MADELINE ED CTR FOR COSM           ,PA,19147-1542,Proprietary  ,90,66,156,90,66,156
03006800,PENNSYLVANIA CULINARY INSTITUTE         ,PA,15222-3511,Proprietary  ,399,345,744,399,345,744
03010800,TRI-STATE BUSINESS INSTITUTE            ,PA,16506-1013,Proprietary  ,118,427,545,118,427,545
03011500,ALLIED MEDICAL AND TECHNICAL INSTITUTE  ,PA,18702-0000,Proprietary  ,9,13,22,9,13,22
03011600,ALLIED MEDICAL AND TECHNICAL INSTITUTE  ,PA,18509-2903,Proprietary  ,20,47,67,20,47,67
03029900,CONSOLIDATED SCHOOL OF BUSINESS         ,PA,17603-2389,Proprietary  ,8,31,39,8,31,39
03031600,DPT BUSINESS SCHOOL                     ,PA,19116-3961,Proprietary  ,1,7,8,1,7,8
03031601,DPT BUSINESS SCHOOL                     ,PA,19106-0000,Proprietary  ,0,1,1,0,1,1
03067000,ANTONELLI MEDICAL & PROF INST           ,PA,19464-9244,Proprietary  ,2,3,5,2,3,5
03072600,DCI CAREER INSTITUTE                    ,PA,15061-2307,Proprietary  ,6,18,24,6,18,24
03081900,YTI CAREER INSTITUTE - ALTOONA          ,PA,16602-4457,Proprietary  ,26,109,135,26,109,135
03090800,LAKE ERIE COLL OF OSTEOPATHIC MED       ,PA,16509-0000,Private      ,52,1500,1552,52,1500,1552
03098600,CAREER TECH CTR OF LACKAWANNA CNTY      ,PA,18508-0000,Public       ,3,25,28,3,25,28
03101500,BIDWELL TRAINING CENTER                 ,PA,15233-2233,Private      ,9,6,15,9,6,15
03103300,JNA INSTITUTE OF CULINARY ARTS          ,PA,19146-3119,Proprietary  ,25,32,57,25,32,57
03109100,METROPOLITAN CAREER CENTER              ,PA,19144-0000,Private      ,2,27,29,2,27,29
03110700,AVIATION INSTITUTE OF MAINTENANCE       ,PA,19114-1017,Proprietary  ,7,21,28,7,21,28
03120400,REGIONAL CAREER & TECHNICAL CENTER      ,PA,16509-4699,Public       ,2,0,2,2,0,2
03126000,CENTER FOR INNOVATIVE TRAINING & ED     ,PA,19106-4414,Proprietary  ,1,1,2,1,1,2
03128400,DELAWARE COUNTY TECHNICAL SCHOOL        ,PA,19032-1998,Public       ,10,44,54,10,44,54
03180400,PENNSYLVANIA HIGHLANDS COMMUNITY COLLEGE,PA,15904-2927,Public       ,196,206,402,196,206,402
03236400,LT INTERNATIONAL BEAUTY SCHOOL          ,PA,19130-2235,Proprietary  ,2,0,2,2,0,2
03353300,ACADEMY OF VOCAL ARTS                   ,PA,19103-6685,Private      ,2,14,16,2,14,16
03439400,NAWCC SCHOOL OF HOROLOGY                ,PA,17512-2130,Private      ,0,3,3,0,3,3
03503300,WINNER INSTITUTE OF ARTS & SCIENCES     ,PA,16154-1811,Private      ,4,1,5,4,1,5
03535300,HUNTINGDON COUNTY CAREER AND TECHNO     ,PA,17060-0905,Public       ,4,20,24,4,20,24
03561400,SUSQUEHANNA COUNTY CAREER & TECHNOL     ,PA,18816-0100,Public       ,2,1,3,2,1,3
03766300,PENNSYLVANIA SCHOOL OF MUSCLE THERAPY   ,PA,19406-3101,Proprietary  ,5,10,15,5,10,15
03899300,CALVARY BAPTIST THEOLOGICAL SEMINARY    ,PA,19446-4718,Private      ,0,2,2,0,2,2
03923300,PRECISION MANUFACTURING INSTITUTE       ,PA,16335-8380,Private      ,5,8,13,5,8,13
03948300,HARRISBURG UNIVERSITY OF SCIENCE AND TEC,PA,17101-2116,Private      ,80,43,123,80,43,123
03949300,WON INSTITUTE OF GRADUATE STUDIES       ,PA,19038-4535,Private      ,0,5,5,0,5,5
03950500,NORTHWEST REGIONAL TECHNOLOGY INSTITUTE ,PA,16508-2820,Proprietary  ,1,0,1,1,0,1
03952300,NATIONAL MASSAGE THERAPY INSTITUTE      ,PA,19116-3965,Proprietary  ,5,23,28,5,23,28
04119900,PENNSYLVANIA MYOTHERAPY INSTITUTE       ,PA,17350-8426,Proprietary  ,1,7,8,1,7,8
04127500,CAREER DEVELOPMENT & EMPLOYMENT         ,PA,18702-5253,Proprietary  ,1,5,6,1,5,6
00267813,BRYANT & STRATTON COLLEGE - MIL DOWNTOWN,WI,53203-2608,Proprietary  ,118,625,743,118,625,743
00383200,ALVERNO COLLEGE                         ,WI,53234-3922,Private      ,833,963,1796,833,963,1796
00383500,BELOIT COLLEGE                          ,WI,53511-5595,Private      ,1598,36,1634,1598,36,1634
00383700,CARDINAL STRITCH UNIVERSITY             ,WI,53217-9884,Private      ,488,930,1418,488,930,1418
00383800,CARROLL UNIVERSITY                      ,WI,53186-5593,Private      ,2099,285,2384,2099,285,2384
00383900,CARTHAGE COLLEGE                        ,WI,53141-0000,Private      ,2758,154,2912,2758,154,2912
00384000,WESTERN TECHNICAL COLLEGE               ,WI,54601-0908,Public       ,434,373,807,434,373,807
00384200,CONCORDIA UNIVERSITY WISCONSIN          ,WI,53097-2402,Private      ,1173,681,1854,1173,681,1854
00384800,EDGEWOOD COLLEGE                        ,WI,53711-1958,Private      ,971,316,1287,971,316,1287
00385000,SILVER LAKE COLLEGE                     ,WI,54220-9319,Private      ,100,126,226,100,126,226
00385400,LAKELAND COLLEGE                        ,WI,53082-0000,Private      ,748,475,1223,748,475,1223
00385600,LAWRENCE UNIVERSITY                     ,WI,54912-0599,Private      ,1804,33,1837,1804,33,1837
00386100,MARIAN UNIVERSITY                       ,WI,54935-4699,Private      ,808,431,1239,808,431,1239
00386300,MARQUETTE UNIVERSITY                    ,WI,53201-0000,Private      ,9865,2645,12510,9865,2645,12510
00386600,MILWAUKEE AREA TECH COLLEGE             ,WI,53233-1443,Public       ,1127,2816,3943,1127,2816,3943
00386800,MILWAUKEE SCHOOL OF ENGINEERING         ,WI,53202-3109,Private      ,2080,252,2332,2080,252,2332
00386900,MOUNT MARY COLLEGE                      ,WI,53222-4597,Private      ,464,521,985,464,521,985
00387400,NASHOTAH HOUSE                          ,WI,53058-0000,Private      ,0,15,15,0,15,15
00387500,NORTHLAND COLLEGE                       ,WI,54806-3999,Private      ,560,53,613,560,53,613
00388400,RIPON COLLEGE                           ,WI,54971-0248,Private      ,954,28,982,954,28,982
00389200,ST. NORBERT COLLEGE                     ,WI,54115-2002,Private      ,1586,36,1622,1586,36,1622
00389500,UNIVERSITY OF WISCONSIN-MADISON         ,WI,53715-1382,Public       ,13740,5498,19238,13740,5498,19238
00389600,UNIVERSITY OF WISCONSIN-MILWAUKEE       ,WI,53201-3165,Public       ,8546,4109,12655,8546,4109,12655
00389700,UNIVERSITY OF WISCONSIN COLLEGES        ,WI,53708-8680,Public       ,683,352,1035,683,352,1035
00389701,UNIVERSITY OF WISCONSIN-BARABOO         ,WI,53913-1098,Public       ,106,49,155,106,49,155
00389702,UNIVERSITY OF WISCONSIN-BARRON          ,WI,54868-2497,Public       ,70,31,101,70,31,101
00389703,UNIVERSITY OF WISCONSIN-FOND DU LAC     ,WI,54935-2998,Public       ,165,46,211,165,46,211
00389704,UNIVERSITY OF WISCONSIN-FOX VALLEY      ,WI,54952-1297,Public       ,304,120,424,304,120,424
00389705,UNIVERSITY OF WISCONSIN-MANITOWOC       ,WI,54220-6699,Public       ,99,32,131,99,32,131
00389706,UNIVERSITY OF WISCONSIN-MARATHON        ,WI,54401-5396,Public       ,241,64,305,241,64,305
00389707,UNIVERSITY OF WISCONSIN-MARINETTE       ,WI,54143-4299,Public       ,106,24,130,106,24,130
00389708,UNIVERSITY OF WISCONSIN-MARSHFIELD      ,WI,54449-3310,Public       ,113,41,154,113,41,154
00389709,UNIVERSITY OF WISCONSIN-RICHLAND        ,WI,53581-1399,Public       ,97,22,119,97,22,119
00389710,UNIVERSITY OF WISCONSIN COLLEGES - ROCK ,WI,53546-5699,Public       ,164,77,241,164,77,241
00389711,UNIVERSITY OF WISCONSIN-SHEBOYGAN       ,WI,53081-4789,Public       ,140,59,199,140,59,199
00389712,UNIVERSITY OF WISCONSIN-WASHINGTON      ,WI,53095-3699,Public       ,174,43,217,174,43,217
00389713,UNIVERSITY OF WISCONSIN-WAUKESHA        ,WI,53188-2799,Public       ,301,100,401,301,100,401
00389900,UNIVERSITY OF WISCONSIN-GREEN BAY       ,WI,54311-7001,Public       ,2195,563,2758,2195,563,2758
00391100,VITERBO UNIVERSITY                      ,WI,54601-4777,Private      ,1236,435,1671,1236,435,1671
00391500,UNIVERSITY OF WISCONSIN-STOUT           ,WI,54751-0790,Public       ,2865,508,3373,2865,508,3373
00391700,UNIVERSITY OF WISCONSIN-EAU CLAIRE      ,WI,54702-4004,Public       ,4325,501,4826,4325,501,4826
00391900,UNIVERSITY OF WISCONSIN-LA CROSSE       ,WI,54601-3742,Public       ,4367,542,4909,4367,542,4909
00392000,UNIVERSITY OF WISCONSIN-OSHKOSH         ,WI,54901-8604,Public       ,3760,1051,4811,3760,1051,4811
00392100,UNIVERSITY OF WISCONSIN-PLATTEVILLE     ,WI,53818-3099,Public       ,2772,395,3167,2772,395,3167
00392300,UNIVERSITY OF WISCONSIN-RIVER FALLS     ,WI,54022-5013,Public       ,2141,265,2406,2141,265,2406
00392400,UNIVERSITY OF WISCONSIN-STEVENS POINT   ,WI,54481-3871,Public       ,3235,491,3726,3235,491,3726
00392500,UNIVERSITY OF WISCONSIN-SUPERIOR        ,WI,54880-2898,Public       ,605,324,929,605,324,929
00392600,UNIVERSITY OF WISCONSIN-WHITEWATER      ,WI,53190-1792,Public       ,4542,784,5326,4542,784,5326
00400700,MADISON AREA TECHNICAL COLLEGE          ,WI,53704-2599,Public       ,921,990,1911,921,990,1911
00501500,UNIVERSITY OF WISCONSIN-PARKSIDE        ,WI,53141-2000,Public       ,1323,494,1817,1323,494,1817
00529400,WAUKESHA COUNTY TECHNICAL COLLEGE       ,WI,53072-4696,Public       ,292,408,700,292,408,700
00530100,NORTHEAST WISCONSIN TECHNICAL COLLEGE   ,WI,54307-9042,Public       ,548,827,1375,548,827,1375
00530400,CHIPPEWA VALLEY TECHNICAL COLLEGE       ,WI,54701-6162,Public       ,572,710,1282,572,710,1282
00538000,MID-STATE TECHNICAL COLLEGE             ,WI,54494-5512,Public       ,168,315,483,168,315,483
00538400,NICOLET AREA TECHNICAL COLLEGE          ,WI,54501-0000,Public       ,137,132,269,137,132,269
00538700,NORTHCENTRAL TECHNICAL COLLEGE          ,WI,54401-1899,Public       ,191,356,547,191,356,547
00538900,GATEWAY TECHNICAL COLLEGE               ,WI,53144-1690,Public       ,282,1259,1541,282,1259,1541
00539000,BLACKHAWK TECHNICAL COLLEGE             ,WI,53547-5009,Public       ,179,383,562,179,383,562
00610800,BELLIN HOSP SCH OF RAD TECH             ,WI,54305-3505,Private      ,4,1,5,4,1,5
00611500,MERCY MED CTR SCH OF RAD TECH           ,WI,54904-3370,Private      ,8,4,12,8,4,12
00612601,ST LUKE'S MEDCL CTR SCHL RAD TECH       ,WI,53215-4330,Private      ,0,7,7,0,7,7
00612603,ST LUKE'S MED CTR SCH OF SONOGRAPHY     ,WI,53215-0000,Private      ,1,2,3,1,2,3
00613100,THEDA CLARK REG MED CTR SCH RAD TEC     ,WI,54957-0000,Private      ,1,3,4,1,3,4
00663900,BELLIN COLLEGE                          ,WI,54305-3400,Private      ,121,59,180,121,59,180
00766900,SOUTHWEST WISCONSIN TECH COLLEGE        ,WI,53809-0000,Public       ,192,137,329,192,137,329
00777400,SCIENTIFIC COLLEGE OF BEAUTY/BARBER     ,WI,54601-0000,Proprietary  ,7,8,15,7,8,15
00821700,WISCONSIN COLLEGE OF COSMETOLOGY        ,WI,54304-5531,Proprietary  ,8,10,18,8,10,18
00919400,LAKESHORE TECHNICAL COLLEGE             ,WI,53015-1412,Public       ,131,345,476,131,345,476
00925600,MORAINE PARK TECHNICAL COLLEGE          ,WI,54936-0000,Public       ,205,450,655,205,450,655
00941900,STATE CLG OF BEAUTY CULT-WAUSAU         ,WI,54403-4667,Proprietary  ,7,1,8,7,1,8
00962100,HERZING COLLEGE                         ,WI,53718-4236,Proprietary  ,154,777,931,154,777,931
00974400,FOX VALLEY TECHNICAL COLLEGE            ,WI,54913-0000,Public       ,624,799,1423,624,799,1423
01091300,MADISON MEDIA INSTITUTE                 ,WI,53718-6787,Proprietary  ,68,35,103,68,35,103
01148400,ADVANCED INSTITUTE OF HAIR DESIGN       ,WI,53225-0000,Proprietary  ,23,14,37,23,14,37
01182400,WISCONSIN INDIANHEAD TECH CLG WITC      ,WI,54871-9300,Public       ,248,414,662,248,414,662
01290600,MADISON COSMETOLOGY COLLEGE             ,WI,53711-1030,Proprietary  ,2,11,13,2,11,13
02077100,MILWAUKEE INST OF ART & DESIGN          ,WI,53202-0000,Private      ,574,89,663,574,89,663
02078000,SACRED HEART SCHOOL OF THEOLOGY         ,WI,53130-0000,Private      ,0,1,1,0,1,1
02136600,WISCONSIN LUTHERAN COLLEGE              ,WI,53226-0000,Private      ,537,30,567,537,30,567
02201803,KAPLAN COLLEGE - MILWAUKEE              ,WI,53212-3939,Proprietary  ,6,42,48,6,42,48
02239204,HIGH-TECH INSTITUTE - MILWAUKEE         ,WI,53005-4207,Proprietary  ,6,3,9,6,3,9
02271300,WI SCH OF PROFESSIONAL PSYCHOLOGY       ,WI,53225-0000,Private      ,3,17,20,3,17,20
02317200,MARANATHA BAPTIST BIBLE COLLEGE         ,WI,53094-0000,Private      ,232,13,245,232,13,245
02324700,MARTIN'S COLLEGE OF COSMETOLOGY         ,WI,53717-0000,Proprietary  ,10,21,31,10,21,31
02332100,MARTIN'S SCH HAIR DESIGN MANITOWOC      ,WI,54220-0000,Proprietary  ,11,11,22,11,11,22
02453500,MEDICAL COLLEGE OF WISCONSIN            ,WI,53226-0000,Private      ,6,971,977,6,971,977
02494300,GILL-TECH ACADEMY OF HAIR DESIGN        ,WI,54911-0000,Proprietary  ,7,6,13,7,6,13
02503303,RASMUSSEN COLLEGE - MANKATO - GREEN BAY ,WI,54303-2349,Proprietary  ,27,114,141,27,114,141
02532200,LAC COURTE OREILLES OJIBWA CMTY CLG     ,WI,54843-0000,Public       ,8,68,76,8,68,76
03007400,LAKESIDE SCHOOL OF MASSAGE THERAPY      ,WI,53719-1103,Private      ,9,21,30,9,21,30
03061200,MIDWEST COLLEGE OF ORIENTAL MEDICINE    ,WI,53403-9747,Proprietary  ,3,14,17,3,14,17
03077600,MARTIN'S COLLEGE OF COSMETOLOGY         ,WI,54304-4838,Proprietary  ,19,25,44,19,25,44
03087500,ITT TECHNICAL INSTITUTE                 ,WI,53220-4612,Proprietary  ,76,115,191,76,115,191
03125100,COLLEGE OF MENOMINEE NATION             ,WI,54135-0000,Private      ,18,77,95,18,77,95
03125102,COLLEGE OF  THE MENOMINEE NATION - GREEN,WI,54304-4964,Private      ,6,13,19,6,13,19
03220300,PROFESSIONAL HAIR DESIGN ACADEMY        ,WI,54701-7633,Proprietary  ,9,10,19,9,10,19
03309300,MONTESSORI INSTITUTE OF MILWAUKEE       ,WI,53207-0000,Private      ,1,2,3,1,2,3
03808300,INSTITUTE OF BEAUTY AND WELLNESS (THE)  ,WI,53202-5715,Proprietary  ,17,23,40,17,23,40
03822300,FOUR SEASONS SALON & DAY SPA            ,WI,53566-0000,Proprietary  ,3,9,12,3,9,12
03872500,NORTHLAND INTERNATIONAL UNIVERSITY      ,WI,54119-9285,Private      ,118,7,125,118,7,125
03925300,BLUE SKY SCHOOL OF PROFESSIONAL MASSAGE ,WI,53024-2624,Private      ,13,20,33,13,20,33
04117400,MILWAUKEE CAREER COLLEGE                ,WI,53222-4305,Proprietary  ,8,31,39,8,31,39
04118600,ACADEMY OF COSMETOLOGY                  ,WI,53548-3307,Proprietary  ,3,4,7,3,4,7
00290500,NORTH CAROLINA A&T STATE UNIV           ,NC,27411-0001,Public       ,8488,1856,10344,8488,1856,10344
00290600,APPALACHIAN STATE UNIVERSITY            ,NC,28608-2059,Public       ,10284,1735,12019,10284,1735,12019
00290700,UNIVERSITY OF NC AT ASHEVILLE           ,NC,28804-3299,Public       ,2221,614,2835,2221,614,2835
00290800,BARTON COLLEGE                          ,NC,27893-3104,Private      ,947,233,1180,947,233,1180
00291000,BELMONT ABBEY COLLEGE                   ,NC,28012-1802,Private      ,649,266,915,649,266,915
00291100,BENNETT COLLEGE                         ,NC,27401-3239,Private      ,745,113,858,745,113,858
00291200,BREVARD COLLEGE                         ,NC,28712-3306,Private      ,545,36,581,545,36,581
00291300,CAMPBELL UNIVERSITY                     ,NC,27506-0036,Private      ,2877,1441,4318,2877,1441,4318
00291400,CATAWBA COLLEGE                         ,NC,28144-2488,Private      ,1040,218,1258,1040,218,1258
00291500,CENTRAL PIEDMONT COMMUNITY COLLEGE      ,NC,28204-2297,Public       ,1698,2757,4455,1698,2757,4455
00291600,CHOWAN UNIVERSITY                       ,NC,27855-1850,Private      ,1004,82,1086,1004,82,1086
00291700,COLLEGE OF THE ALBEMARLE                ,NC,27909-2327,Public       ,218,383,601,218,383,601
00291800,DAVIDSON COLLEGE                        ,NC,28035-7157,Private      ,2224,30,2254,2224,30,2254
00291900,DAVIDSON COUNTY COMMUNITY COLLEGE       ,NC,27293-0000,Public       ,379,932,1311,379,932,1311
00292000,DUKE UNIVERSITY                         ,NC,27708-0397,Private      ,10231,693,10924,10231,693,10924
00292001,DUKE UNIV - SCHOOL OF MEDICINE          ,NC,27710-0000,Private      ,59,803,862,59,803,862
00292002,DUKE UNIV - SCHOOL OF LAW               ,NC,27708-0000,Private      ,24,2565,2589,24,2565,2589
00292003,DUKE UNIV - GRAD SCH ARTS & SCIENCE     ,NC,27708-0000,Private      ,47,414,461,47,414,461
00292004,DUKE UNIV - FUQUA SCH OF BUSINESS       ,NC,27708-0000,Private      ,30,629,659,30,629,659
00292005,DUKE UNIV/NICHOLAS SCH OF ENVIRON.      ,NC,27708-0000,Private      ,8,186,194,8,186,194
00292006,DUKE UNIV - DIVINITY SCHOOL             ,NC,27708-0000,Private      ,60,357,417,60,357,417
00292007,DUKE UNIV - SCHOOL OF NURSING           ,NC,27710-0000,Private      ,36,212,248,36,212,248
00292300,EAST CAROLINA UNIVERSITY                ,NC,27858-1818,Public       ,11864,3960,15824,11864,3960,15824
00292600,ELIZABETH CITY STATE UNIVERSITY         ,NC,27909-7806,Public       ,2335,593,2928,2335,593,2928
00292700,ELON UNIVERSITY                         ,NC,27244-2010,Private      ,4969,399,5368,4969,399,5368
00292800,FAYETTEVILLE STATE UNIVERSITY           ,NC,28301-4298,Public       ,3317,2120,5437,3317,2120,5437
00292900,GARDNER-WEBB UNIVERSITY                 ,NC,28017-0000,Private      ,1435,655,2090,1435,655,2090
00293000,GREENSBORO COLLEGE                      ,NC,27401-1875,Private      ,768,235,1003,768,235,1003
00293100,GUILFORD COLLEGE                        ,NC,27410-4171,Private      ,1732,681,2413,1732,681,2413
00293300,HIGH POINT UNIVERSITY                   ,NC,27262-4221,Private      ,2372,504,2876,2372,504,2876
00293400,ISOTHERMAL COMMUNITY COLLEGE            ,NC,28160-0804,Public       ,249,263,512,249,263,512
00293500,JOHN WESLEY COLLEGE                     ,NC,27265-0000,Private      ,18,39,57,18,39,57
00293600,JOHNSON C SMITH UNIVERSITY              ,NC,28216-5398,Private      ,2163,312,2475,2163,312,2475
00293700,KING'S COLLEGE-CHARLOTTE                ,NC,28204-2435,Proprietary  ,185,73,258,185,73,258
00293900,LEES MCRAE COLLEGE                      ,NC,28604-0000,Private      ,618,111,729,618,111,729
00294000,LENOIR COMMUNITY COLLEGE                ,NC,28502-0188,Public       ,217,448,665,217,448,665
00294100,LENOIR-RHYNE COLLEGE                    ,NC,28603-0000,Private      ,1380,207,1587,1380,207,1587
00294200,LIVINGSTONE COLLEGE                     ,NC,28144-5298,Private      ,555,112,667,555,112,667
00294300,LOUISBURG COLLEGE                       ,NC,27549-2398,Private      ,439,37,476,439,37,476
00294400,MARS HILL COLLEGE                       ,NC,28754-0000,Private      ,882,161,1043,882,161,1043
00294500,MEREDITH COLLEGE                        ,NC,27607-5298,Private      ,1536,383,1919,1536,383,1919
00294600,METHODIST UNIVERSITY                    ,NC,28311-1420,Private      ,1298,358,1656,1298,358,1656
00294700,MITCHELL COMMUNITY COLLEGE              ,NC,28677-5264,Public       ,251,608,859,251,608,859
00294800,MONTREAT COLLEGE                        ,NC,28757-1267,Private      ,402,194,596,402,194,596
00294900,MOUNT OLIVE COLLEGE                     ,NC,28365-1299,Private      ,522,1102,1624,522,1102,1624
00295000,NORTH CAROLINA CENTRAL UNIVERSITY       ,NC,27707-3198,Public       ,5294,3248,8542,5294,3248,8542
00295100,NORTH CAROLINA WESLEYAN COLLEGE         ,NC,27804-8699,Private      ,668,279,947,668,279,947
00295300,PEACE COLLEGE                           ,NC,27604-1194,Private      ,544,98,642,544,98,642
00295400,UNIV OF NORTH CAROLINA AT PEMBROKE      ,NC,28372-1510,Public       ,3063,1271,4334,3063,1271,4334
00295500,PFEIFFER UNIVERSITY                     ,NC,28109-0000,Private      ,555,288,843,555,288,843
00295600,PIEDMONT BAPTIST COLLEGE AND GRADUATE SC,NC,27101-5025,Private      ,80,38,118,80,38,118
00295700,QUEENS UNIVERSITY OF CHARLOTTE          ,NC,28274-0001,Private      ,1024,484,1508,1024,484,1508
00295800,ROCKINGHAM COMMUNITY COLLEGE            ,NC,27375-0000,Public       ,302,379,681,302,379,681
00296000,SALEM COLLEGE                           ,NC,27108-0000,Private      ,329,190,519,329,190,519
00296100,SANDHILLS COMMUNITY COLLEGE             ,NC,28374-8283,Public       ,372,629,1001,372,629,1001
00296200,SHAW UNIVERSITY                         ,NC,27601-2393,Private      ,1724,945,2669,1724,945,2669
00296300,SOUTHEASTERN BAPTIST THEOL SEMINARY     ,NC,27588-0000,Private      ,14,36,50,14,36,50
00296400,SOUTHEASTERN COMMUNITY COLLEGE          ,NC,28472-5422,Public       ,155,274,429,155,274,429
00296700,ST ANDREWS PRESBYTERIAN COLLEGE         ,NC,28352-9979,Private      ,479,44,523,479,44,523
00296800,ST AUGUSTINES COLLEGE                   ,NC,27610-2298,Private      ,970,209,1179,970,209,1179
00297000,SURRY COMMUNITY COLLEGE                 ,NC,27017-0304,Public       ,419,350,769,419,350,769
00297200,NORTH CAROLINA STATE UNIV-RALEIGH       ,NC,27695-1751,Public       ,15496,3648,19144,15496,3648,19144
00297300,GASTON COLLEGE                          ,NC,28034-1499,Public       ,446,713,1159,446,713,1159
00297400,UNIVERSITY OF N C-CHAPEL HILL           ,NC,27514-0000,Public       ,15583,7568,23151,15583,7568,23151
00297500,UNIVERSITY OF NC AT CHARLOTTE           ,NC,28223-0001,Public       ,9518,3784,13302,9518,3784,13302
00297600,UNIVERSITY OF N C - GREENSBORO          ,NC,27412-0001,Public       ,9777,4119,13896,9777,4119,13896
00297800,WAKE FOREST UNIV - UNDERGRADUATE        ,NC,27109-7246,Private      ,4579,116,4695,4579,116,4695
00297801,WAKE FOREST UNIV - SCH OF MEDICINE      ,NC,27157-1090,Private      ,15,624,639,15,624,639
00297803,WAKE FOREST UNIV - MBA                  ,NC,27109-7659,Private      ,7,168,175,7,168,175
00297805,WAKE FOREST UNIV - SCH OF LAW           ,NC,27109-7206,Private      ,8,971,979,8,971,979
00297806,WAKE FOREST UNIV - GRAD A&S/DIVINITY    ,NC,27109-7246,Private      ,33,203,236,33,203,236
00297900,WARREN WILSON COLLEGE                   ,NC,28815-0000,Private      ,823,179,1002,823,179,1002
00298000,WAYNE COMMUNITY COLLEGE                 ,NC,27533-0000,Public       ,360,496,856,360,496,856
00298100,WESTERN CAROLINA UNIVERSITY             ,NC,28723-9731,Public       ,4082,1174,5256,4082,1174,5256
00298200,WESTERN PIEDMONT COMMUNITY COLLEGE      ,NC,28655-4504,Public       ,356,625,981,356,625,981
00298300,WILKES COMMUNITY COLLEGE                ,NC,28697-2100,Public       ,289,318,607,289,318,607
00298400,UNIVERSITY OF N C-WILMINGTON            ,NC,28403-3297,Public       ,6937,1472,8409,6937,1472,8409
00298500,WINGATE UNIVERSITY                      ,NC,28174-0159,Private      ,1420,318,1738,1420,318,1738
00298600,WINSTON-SALEM STATE UNIVERSITY          ,NC,27102-0000,Public       ,5185,1853,7038,5185,1853,7038
00398100,NORTH CAROLINA SCHOOL OF THE ARTS       ,NC,27127-2188,Public       ,781,155,936,781,155,936
00403300,ASHEVILLE BUNCOMBE TECH CMTY CLG        ,NC,28801-4897,Public       ,495,634,1129,495,634,1129
00406200,PITT COMMUNITY COLLEGE                  ,NC,28590-0000,Public       ,810,905,1715,810,905,1715
00483500,CALDWELL COMMUNITY CLG & TECH INST      ,NC,28638-2626,Public       ,384,504,888,384,504,888
00483800,GUILFORD TECHNICAL COMMUNITY CLG        ,NC,27282-0309,Public       ,1617,2497,4114,1617,2497,4114
00484400,WAKE TECHNICAL COMMUNITY COLLEGE        ,NC,27603-5696,Public       ,1338,1916,3254,1338,1916,3254
00484500,WILSON COMMUNITY COLLEGE                ,NC,27893-3310,Public       ,97,272,369,97,272,369
00499201,MILLER-MOTTE TECHNICAL COLLEGE - CARY   ,NC,27511-9209,Proprietary  ,8,120,128,8,120,128
00531600,COASTAL CAROLINA COMMUNITY COLLEGE      ,NC,28546-6816,Public       ,334,645,979,334,645,979
00531700,FORSYTH TECHNICAL COMMUNITY COLLEGE     ,NC,27103-5197,Public       ,699,1522,2221,699,1522,2221
00531800,CATAWBA VALLEY COMMUNITY COLLEGE        ,NC,28602-8302,Public       ,611,805,1416,611,805,1416
00532000,CAPE FEAR COMMUNITY COLLEGE             ,NC,28401-3910,Public       ,786,697,1483,786,697,1483
00544700,RANDOLPH COMMUNITY COLLEGE              ,NC,27204-1009,Public       ,249,396,645,249,396,645
00544800,DURHAM TECHNICAL CMNTY COLLEGE          ,NC,27703-5023,Public       ,243,760,1003,243,760,1003
00544900,CENTRAL CAROLINA COMMUNITY COLLEGE      ,NC,27330-9000,Public       ,294,580,874,294,580,874
00546300,ALAMANCE COMMUNITY COLLEGE              ,NC,27253-0000,Public       ,299,557,856,299,557,856
00546400,RICHMOND COMMUNITY COLLEGE              ,NC,28345-4522,Public       ,152,425,577,152,425,577
00575400,ROWAN-CABARRUS COMMUNITY COLLEGE        ,NC,28145-1595,Public       ,428,810,1238,428,810,1238
00647700,CABARRUS COLLEGE OF HEALTH SCIENCES     ,NC,28025-0000,Private      ,171,145,316,171,145,316
00647800,MERCY HOSP SCH OF NURSING               ,NC,28207-0000,Public       ,55,132,187,55,132,187
00648300,WATTS SCHOOL OF NURSING                 ,NC,27704-0000,Private      ,27,70,97,27,70,97
00679900,CRAVEN COMMUNITY COLLEGE                ,NC,28562-0000,Public       ,218,603,821,218,603,821
00703100,PAMLICO COMMUNITY COLLEGE               ,NC,28529-0000,Public       ,23,87,110,23,87,110
00764000,FAYETTEVILLE TECHNICAL CMTY COLLEGE     ,NC,28303-0236,Public       ,807,2524,3331,807,2524,3331
00768700,JAMES SPRUNT COMMUNITY COLLEGE          ,NC,28349-0398,Public       ,113,233,346,113,233,346
00781400,BROOKSTONE COLLEGE OF BUSINESS          ,NC,28262-0000,Proprietary  ,11,28,39,11,28,39
00781401,BROOKSTONE COLLEGE OF BUSINESS          ,NC,27409-0000,Proprietary  ,12,22,34,12,22,34
00789200,SAMPSON COMMUNITY COLLEGE               ,NC,28328-0000,Public       ,187,382,569,187,382,569
00798500,SOUTH PIEDMONT COMMUNITY COLLEGE        ,NC,28135-9703,Public       ,202,371,573,202,371,573
00798600,HALIFAX COMMUNITY COLLEGE               ,NC,27890-0089,Public       ,127,207,334,127,207,334
00798700,BLADEN COMMUNITY COLLEGE                ,NC,28332-0266,Public       ,110,389,499,110,389,499
00798800,MARTIN COMMUNITY COLLEGE                ,NC,27892-8307,Public       ,68,117,185,68,117,185
00808100,CARTERET COMMUNITY COLLEGE              ,NC,28557-2989,Public       ,123,234,357,123,234,357
00808200,CLEVELAND COMMUNITY COLLEGE             ,NC,28150-0000,Public       ,219,390,609,219,390,609
00808300,HAYWOOD COMMUNITY COLLEGE               ,NC,28721-0000,Public       ,130,182,312,130,182,312
00808500,MCDOWELL TECHNICAL COMMUNITY CLG        ,NC,28752-8728,Public       ,79,97,176,79,97,176
00808700,MONTGOMERY COMMUNITY COLLEGE            ,NC,27371-0787,Public       ,94,172,266,94,172,266
00846600,SOUTHWESTERN COMMUNITY COLLEGE          ,NC,28779-8581,Public       ,235,298,533,235,298,533
00855700,NASH COMMUNITY COLLEGE                  ,NC,27804-0488,Public       ,209,233,442,209,233,442
00855800,BEAUFORT COUNTY COMMUNITY COLLEGE       ,NC,27889-7889,Public       ,155,341,496,155,341,496
00861200,ROBESON COMMUNITY COLLEGE               ,NC,28359-2151,Public       ,219,650,869,219,650,869
00861300,ROANOKE-CHOWAN COMMUNITY COLLEGE        ,NC,27910-9522,Public       ,66,152,218,66,152,218
00885500,EDGECOMBE COMMUNITY COLLEGE             ,NC,27886-9399,Public       ,91,306,397,91,306,397
00885501,EDGECOMBE COMMUNITY COLLEGE             ,NC,27801-0000,Public       ,32,90,122,32,90,122
00902500,SOUTH EASTERN CLG OF BEAUTY CULTURE     ,NC,28204-0000,Proprietary  ,17,37,54,17,37,54
00933600,JOHNSTON COMMUNITY COLLEGE              ,NC,27577-0000,Public       ,313,502,815,313,502,815
00943000,TRI-COUNTY COMMUNITY COLLEGE            ,NC,28906-7919,Public       ,73,99,172,73,99,172
00964600,PIEDMONT COMMUNITY COLLEGE              ,NC,27573-1197,Public       ,112,232,344,112,232,344
00968400,BLUE RIDGE COMMUNITY COLLEGE            ,NC,28731-9624,Public       ,171,186,357,171,186,357
00974701,GORDON-CONWELL THEO SEM - CHARLOTTE     ,NC,28273-0000,Private      ,0,52,52,0,52,52
00990300,VANCE-GRANVILLE CMTY COLLEGE            ,NC,27536-0917,Public       ,295,615,910,295,615,910
01026400,SOUTH COLLEGE                           ,NC,28803-3152,Proprietary  ,8,29,37,8,29,37
01119400,STANLY COMMUNITY COLLEGE                ,NC,28001-7458,Public       ,199,362,561,199,362,561
01119700,MAYLAND COMMUNITY COLLEGE               ,NC,28777-2777,Public       ,107,163,270,107,163,270
01179900,PAUL MITCHELL THE SCHOOL FAYETTEVILLE   ,NC,28303-5364,Proprietary  ,3,19,22,3,19,22
01192600,LEON'S BEAUTY SCHOOL                    ,NC,27403-2812,Proprietary  ,11,39,50,11,39,50
02056500,MITCHELL'S HAIR STYLING ACADEMY         ,NC,27893-0000,Proprietary  ,6,17,23,6,17,23
02056501,MITCHELL'S HAIR STYLING ACADEMY - MITCHE,NC,27606-3326,Proprietary  ,10,10,20,10,10,20
02110500,ART INSTITUTE OF CHARLOTTE (THE)        ,NC,28217-0000,Proprietary  ,711,340,1051,711,340,1051
02170700,BRUNSWICK COMMUNITY COLLEGE             ,NC,28422-0000,Public       ,114,144,258,114,144,258
02205000,COLLEGE OF WILMINGTON                   ,NC,28403-0000,Proprietary  ,1,1,2,1,1,2
02210400,FAYETTEVILLE BEAUTY COLLEGE             ,NC,28303-0000,Proprietary  ,11,23,34,11,23,34
02227800,MITCHELL'S HAIR STYLING ACADEMY         ,NC,27534-0000,Proprietary  ,1,5,6,1,5,6
02227900,MITCHELL'S HAIR STYLING ACADEMY         ,NC,27858-0000,Proprietary  ,2,6,8,2,6,8
02238700,HAIRSTYLING INSTITUTE OF CHARLOTTE      ,NC,28204-0000,Proprietary  ,14,23,37,14,23,37
02280900,ROANOKE BIBLE COLLEGE                   ,NC,27909-0000,Private      ,45,25,70,45,25,70
02286300,CAROLINA BEAUTY COLLEGE                 ,NC,27262-0000,Proprietary  ,10,51,61,10,51,61
02560600,PINNACLE INSTITUTE OF COSMETOLOGY       ,NC,28115-8020,Proprietary  ,6,10,16,6,10,16
02614201,MILLER-MOTTE BUSINESS COLLEGE           ,NC,28403-0000,Proprietary  ,13,31,44,13,31,44
03009500,WINSTON-SALEM BARBER SCHOOL             ,NC,27107-0000,Proprietary  ,20,27,47,20,27,47
03064400,COSM INST OF BEAUTY ARTS & SCIENCES     ,NC,27127-7150,Proprietary  ,4,5,9,4,5,9
03089300,HERITAGE BIBLE COLLEGE                  ,NC,28335-0000,Private      ,5,28,33,5,28,33
03104200,CAROLINAS COLLEGE OF HEALTH SCIENCE     ,NC,28232-2861,Public       ,124,174,298,124,174,298
03104201,CHS NURSE ANESTHESIA PROGRAM / UNCC     ,NC,28232-2861,Public       ,183,86,269,183,86,269
03109000,SCHOOL OF COMMUNICATION ARTS            ,NC,27614-7076,Proprietary  ,92,36,128,92,36,128
03361300,MEDICAL ARTS MASSAGE SCHOOL             ,NC,27616-6453,Proprietary  ,6,18,24,6,18,24
03513400,APEX SCHOOL OF THEOLOGY                 ,NC,27703-8024,Private      ,1,29,30,1,29,30
03555300,SOUTHEASTERN INSTITUTE                  ,NC,28217-0000,Proprietary  ,1,14,15,1,14,15
03555400,SOUTHEASTERN SCHOOL OF NEUROMUSCULAR  MA,NC,29406-0000,Proprietary  ,3,3,6,3,3,6
03570300,CAROLINA CHRISTIAN COLLEGE              ,NC,27105-3241,Private      ,1,13,14,1,13,14
03663300,HOOD THEOLOGICAL SEMINARY               ,NC,28144-5768,Private      ,0,34,34,0,34,34
03748500,LA SHE'S BEAUTY ACADEMY                 ,NC,27707-3569,Proprietary  ,5,3,8,5,3,8
03777300,CAROLINA ACAD OF COSMETIC ART & SCI     ,NC,28054-0460,Proprietary  ,9,24,33,9,24,33
03827300,NEW LIFE THEOLOGICAL SEMINARY           ,NC,28205-1648,Private      ,1,17,18,1,17,18
04101300,CAROLINA SCHOOL OF BROADCASTING         ,NC,28214-8085,Proprietary  ,4,22,26,4,22,26
04115700,REGINA'S COLLEGE OF BEAUTY              ,NC,28110-2831,Proprietary  ,3,1,4,3,1,4
04120300,ASHEBORO BEAUTY SCHOOL OF RANDOLPH      ,NC,27203-6406,Proprietary  ,1,6,7,1,6,7
00298800,BISMARCK STATE COLLEGE                  ,ND,58501-1299,Public       ,1099,472,1571,1099,472,1571
00298900,DICKINSON STATE UNIVERSITY              ,ND,58601-4896,Public       ,785,298,1083,785,298,1083
00299000,JAMESTOWN COLLEGE                       ,ND,58405-3401,Private      ,596,56,652,596,56,652
00299100,LAKE REGION STATE COLLEGE               ,ND,58301-1598,Public       ,170,86,256,170,86,256
00299200,UNIVERSITY OF MARY                      ,ND,58504-9652,Private      ,1090,461,1551,1090,461,1551
00299300,MAYVILLE STATE UNIVERSITY               ,ND,58257-1299,Public       ,241,78,319,241,78,319
00299400,MINOT STATE UNIVERSITY                  ,ND,58707-0002,Public       ,846,548,1394,846,548,1394
00299500,MINOT STATE UNIV-BOTTINEAU CAMPUS       ,ND,58318-1159,Public       ,117,66,183,117,66,183
00299600,NORTH DAKOTA STATE CLG OF SCIENCE       ,ND,58076-0002,Public       ,700,180,880,700,180,880
00299700,NORTH DAKOTA STATE UNIVERSITY           ,ND,58108-6050,Public       ,5117,870,5987,5117,870,5987
00300500,UNIVERSITY OF NORTH DAKOTA              ,ND,58202-8193,Public       ,4209,1545,5754,4209,1545,5754
00300700,WILLISTON STATE COLLEGE                 ,ND,58802-1326,Public       ,131,111,242,131,111,242
00300800,VALLEY CITY STATE UNIVERSITY            ,ND,58072-0000,Public       ,324,77,401,324,77,401
00484600,RASMUSSEN COLLEGE                       ,ND,58103-7196,Proprietary  ,115,558,673,115,558,673
00484601,RASMUSSEN COLLEGE - BISMARCK            ,ND,58503-0000,Proprietary  ,5,1,6,5,1,6
00775600,JOSEF'S SCHOOL OF HAIR DESIGN INC       ,ND,58102-4977,Proprietary  ,30,8,38,30,8,38
00935400,MEDCENTER ONE COLLEGE OF NURSING        ,ND,58501-4494,Private      ,33,37,70,33,37,70
01040600,JOSEF'S SCHOOL OF HAIR DESIGN           ,ND,58201-6394,Proprietary  ,12,17,29,12,17,29
01205900,TRINITY BIBLE COLLEGE                   ,ND,58436-7150,Private      ,97,29,126,97,29,126
01229500,R D HAIRSTYLING COLLEGE                 ,ND,58501-4001,Proprietary  ,17,7,24,17,7,24
02188200,SITTING BULL COLLEGE                    ,ND,58538-9721,Public       ,9,32,41,9,32,41
02236500,LITTLE HOOP COMMUNITY COLLEGE           ,ND,58335-0000,Public       ,3,10,13,3,10,13
02242900,UNITED TRIBES TECHNICAL COLLEGE         ,ND,58504-0000,Private      ,34,114,148,34,114,148
02298200,HEADQUARTERS ACADEMY OF HAIR DESIGN     ,ND,58701-0000,Proprietary  ,7,2,9,7,2,9
02301100,TURTLE MTN CMNTY COLG-FIN AID OFC       ,ND,58316-0000,Private      ,51,85,136,51,85,136
02553700,FORT BERTHOLD COMMUNITY COLLEGE         ,ND,58763-0000,Public       ,8,15,23,8,15,23
03087200,MOLER BARBER CLG OF HAIRSTYLING         ,ND,58103-0000,Proprietary  ,0,2,2,0,2,2
04031300,SALON PROFESSIONAL ACADEMY (THE)        ,ND,58103-3337,Proprietary  ,24,7,31,24,7,31
00301005,ANTIOCH UNIV/SEATTLE                    ,WA,98121-0000,Private      ,16,411,427,16,411,427
00376900,BELLEVUE COMMUNITY COLLEGE              ,WA,98007-6484,Public       ,1161,1333,2494,1161,1333,2494
00377000,BIG BEND COMMUNITY COLLEGE              ,WA,98837-3299,Public       ,440,378,818,440,378,818
00377100,"CENTRAL WASHINGTON UNIV., FIN AID       ",WA,98926-7495,Public       ,5298,1803,7101,5298,1803,7101
00377200,CENTRALIA COLLEGE                       ,WA,98531-4099,Public       ,430,348,778,430,348,778
00377300,CLARK COLLEGE                           ,WA,98663-3598,Public       ,1168,1854,3022,1168,1854,3022
00377400,COLUMBIA BASIN COLLEGE                  ,WA,99301-3379,Public       ,984,1039,2023,984,1039,2023
00377500,EASTERN WASHINGTON UNIVERSITY           ,WA,99004-2447,Public       ,5582,2922,8504,5582,2922,8504
00377600,EVERETT COMMUNITY COLLEGE               ,WA,98201-1352,Public       ,534,1106,1640,534,1106,1640
00377700,HERITAGE UNIVERSITY                     ,WA,98948-9562,Private      ,236,630,866,236,630,866
00377800,GONZAGA UNIVERSITY                      ,WA,99258-0083,Private      ,5611,1992,7603,5611,1992,7603
00377900,GRAYS HARBOR COLLEGE                    ,WA,98520-7599,Public       ,239,329,568,239,329,568
00378000,GREEN RIVER COMMUNITY COLLEGE           ,WA,98092-3622,Public       ,709,906,1615,709,906,1615
00378100,HIGHLINE COMMUNITY COLLEGE              ,WA,98198-9800,Public       ,735,1066,1801,735,1066,1801
00378200,LOWER COLUMBIA COLLEGE                  ,WA,98632-0310,Public       ,231,460,691,231,460,691
00378300,NORTHWEST UNIVERSITY                    ,WA,98083-0000,Private      ,695,244,939,695,244,939
00378400,OLYMPIC COLLEGE                         ,WA,98337-1600,Public       ,491,1132,1623,491,1132,1623
00378500,PACIFIC LUTHERAN UNIVERSITY             ,WA,98447-0003,Private      ,3091,822,3913,3091,822,3913
00378600,PENINSULA COLLEGE                       ,WA,98362-6660,Public       ,139,301,440,139,301,440
00378700,SEATTLE CENTRAL COMMUNITY COLLEGE       ,WA,98122-2413,Public       ,821,1507,2328,821,1507,2328
00378703,SEATTLE VOCATIONAL INSTITUTE            ,WA,98144-0000,Public       ,9,32,41,9,32,41
00378800,SEATTLE PACIFIC UNIVERSITY              ,WA,98119-1997,Private      ,3287,756,4043,3287,756,4043
00379000,SEATTLE UNIVERSITY                      ,WA,98122-1090,Private      ,5068,3948,9016,5068,3948,9016
00379100,SHORELINE COMMUNITY COLLEGE             ,WA,98133-5696,Public       ,582,906,1488,582,906,1488
00379200,SKAGIT VALLEY COLLEGE                   ,WA,98273-5899,Public       ,355,680,1035,355,680,1035
00379300,SPOKANE COMMUNITY COLLEGE               ,WA,99207-5399,Public       ,1135,2250,3385,1135,2250,3385
00379400,ST MARTIN'S UNIVERSITY                  ,WA,98503-7500,Private      ,1014,560,1574,1014,560,1574
00379600,TACOMA COMMUNITY COLLEGE                ,WA,98466-6100,Public       ,985,2119,3104,985,2119,3104
00379700,UNIVERSITY OF PUGET SOUND               ,WA,98416-1039,Private      ,3923,588,4511,3923,588,4511
00379800,UNIVERSITY OF WASHINGTON                ,WA,98195-5880,Public       ,20225,14712,34937,20225,14712,34937
00379900,WALLA WALLA UNIVERSITY                  ,WA,99324-1198,Private      ,584,242,826,584,242,826
00380000,WASHINGTON STATE UNIVERSITY             ,WA,99164-1035,Public       ,12814,5438,18252,12814,5438,18252
00380100,WENATCHEE VALLEY COLLEGE                ,WA,98801-1799,Public       ,572,792,1364,572,792,1364
00380200,WESTERN WASHINGTON UNIVERSITY           ,WA,98225-5946,Public       ,10067,2144,12211,10067,2144,12211
00380300,WHITMAN COLLEGE                         ,WA,99362-2067,Private      ,2183,38,2221,2183,38,2221
00380400,WHITWORTH UNIVERSITY                    ,WA,99251-0001,Private      ,2748,374,3122,2748,374,3122
00380500,YAKIMA VALLEY COMMUNITY COLLEGE         ,WA,98907-2520,Public       ,1072,1532,2604,1072,1532,2604
00499900,BELLINGHAM TECHNICAL COLLEGE            ,WA,98225-0000,Public       ,158,333,491,158,333,491
00500000,PIERCE COLLEGE                          ,WA,98498-1919,Public       ,812,1569,2381,812,1569,2381
00500100,EDMONDS COMMUNITY COLLEGE               ,WA,98036-5999,Public       ,452,827,1279,452,827,1279
00500600,WALLA WALLA COMMUNITY COLLEGE           ,WA,99362-9267,Public       ,707,853,1560,707,853,1560
00530600,BATES TECHNICAL COLLEGE                 ,WA,98405-0000,Public       ,159,509,668,159,509,668
00537200,SOUTH PUGET SOUND COMMUNITY COLLEGE     ,WA,98512-6292,Public       ,581,965,1546,581,965,1546
00537300,LAKE WASHINGTON TECHNICAL COLLEGE       ,WA,98034-8505,Public       ,131,370,501,131,370,501
00575200,CLOVER PARK TECHNICAL COLLEGE           ,WA,98499-0000,Public       ,262,789,1051,262,789,1051
00815500,EVERGREEN STATE COLLEGE (THE)           ,WA,98505-0002,Public       ,2537,1795,4332,2537,1795,4332
00844300,ITT TECHNICAL INSTITUTE                 ,WA,98168-3334,Proprietary  ,89,94,183,89,94,183
00907901,EVEREST COLLEGE                         ,WA,98684-6950,Proprietary  ,8,40,48,8,40,48
00938700,PERRY TECHNICAL INSTITUTE               ,WA,98903-1239,Private      ,136,185,321,136,185,321
00954400,SPOKANE FALLS COMMUNITY COLLEGE         ,WA,99224-5204,Public       ,1298,1554,2852,1298,1554,2852
00970400,NORTH SEATTLE COMMUNITY COLLEGE         ,WA,98103-3599,Public       ,411,867,1278,411,867,1278
00970600,SOUTH SEATTLE COMMUNITY COLLEGE         ,WA,98106-1499,Public       ,541,706,1247,541,706,1247
00973900,GLEN DOW ACAD OF HAIR DESIGN            ,WA,99201-0209,Proprietary  ,21,22,43,21,22,43
01036400,WHATCOM COMMUNITY COLLEGE               ,WA,98226-8003,Public       ,621,634,1255,621,634,1255
01043400,RENTON TECHNICAL COLLEGE                ,WA,98056-0000,Public       ,156,390,546,156,390,546
01148100,DIVERS INSTITUTE OF TECHNOLOGY          ,WA,98107-0667,Proprietary  ,19,62,81,19,62,81
01231500,CORNISH COLLEGE OF THE ARTS             ,WA,98121-4604,Private      ,823,172,995,823,172,995
01249600,GREENWOOD BEAUTY SCHOOL                 ,WA,98103-0000,Proprietary  ,7,16,23,7,16,23
01302200,CITY UNIVERSITY OF SEATTLE              ,WA,98005-3030,Private      ,45,677,722,45,677,722
01309400,BELLINGHAM BEAUTY SCHOOL                ,WA,98225-0000,Proprietary  ,5,13,18,5,13,18
02091701,KAPLAN COLLEGE - SEATTLE                ,WA,98055-4910,Proprietary  ,7,36,43,7,36,43
02105300,BELLEVUE BEAUTY SCHOOL                  ,WA,98007-0000,Proprietary  ,5,8,13,5,8,13
02106700,TRINITY LUTHERAN COLLEGE                ,WA,98201-3569,Private      ,51,14,65,51,14,65
02180000,NORTHWEST INDIAN COLLEGE                ,WA,98226-9278,Public       ,14,74,88,14,74,88
02184200,PAROBA COLLEGE OF COSMETOLOGY           ,WA,98208-0000,Proprietary  ,3,6,9,3,6,9
02202200,STYLEMASTERS COLLEGE OF HAIR DESIGN     ,WA,98632-0000,Proprietary  ,1,6,7,1,6,7
02203300,GENE JUAREZ ACADEMY OF BEAUTY           ,WA,98125-0000,Proprietary  ,42,38,80,42,38,80
02203301,GENE JUAREZ ACADEMY OF BEAUTY           ,WA,98003-0000,Proprietary  ,17,18,35,17,18,35
02222900,INTERNATIONAL AIR & HOSPITALITY ACADEMY ,WA,98661-4835,Proprietary  ,39,18,57,39,18,57
02236800,PROFESSIONAL BEAUTY SCHOOL              ,WA,98902-0000,Proprietary  ,6,6,12,6,6,12
02242500,BASTYR UNIVERSITY                       ,WA,98028-0000,Private      ,49,411,460,49,411,460
02263107,CAMBRIDGE COLLEGE-BELLEVUE              ,WA,98007-0000,Proprietary  ,3,5,8,3,5,8
02291300,ART INSTITUTE OF SEATTLE                ,WA,98121-1622,Proprietary  ,1011,659,1670,1011,659,1670
02300100,EVEREST COLLEGE                         ,WA,98367-1835,Proprietary  ,8,46,54,8,46,54
02300103,EVEREST COLLEGE - EVERETT               ,WA,98208-2610,Proprietary  ,6,24,30,6,24,30
02300104,EVEREST COLLEGE - TACOMA                ,WA,98402-3004,Proprietary  ,13,56,69,13,56,69
02326500,INTERFACE COLLEGE                       ,WA,99201-3209,Proprietary  ,2,38,40,2,38,40
02331400,NORTHWEST HAIR ACADEMY                  ,WA,98273-0000,Proprietary  ,10,8,18,10,8,18
02331402,NORTHWEST HAIR ACADEMY - EVERETT        ,WA,98204-0000,Proprietary  ,3,3,6,3,3,6
02345100,PHAGAN'S ORCHARDS BEAUTY SCHOOL         ,WA,98662-0000,Proprietary  ,3,7,10,3,7,10
02504900,ACADEMY OF HAIR DESIGN (THE)            ,WA,98801-0000,Proprietary  ,3,5,8,3,5,8
02541900,BJ'S BEAUTY AND BARBER COLLEGE          ,WA,98409-0000,Proprietary  ,3,14,17,3,14,17
02602100,NORTHWEST COLLEGE OF ART                ,WA,98370-8625,Proprietary  ,67,16,83,67,16,83
02606200,EVEREST COLLEGE                         ,WA,98055-2990,Proprietary  ,9,32,41,9,32,41
02617500,EVEREST COLLEGE                         ,WA,98133-9018,Proprietary  ,7,17,24,7,17,24
02617501,EVEREST COLLEGE - FIFE                  ,WA,98424-2647,Proprietary  ,12,55,67,12,55,67
02617503,EVEREST COLLEGE - VANCOUVER             ,WA,98684-6951,Proprietary  ,13,46,59,13,46,59
02617505,ASHMEAD COLLEGE - NEW EVERETT CAMPUS    ,WA,98201-4022,Proprietary  ,2,6,8,2,6,8
03031406,INTERNATIONAL ACADEMY OF DESIGN AND TECH,WA,98188-3319,Proprietary  ,67,71,138,67,71,138
03065000,CLARE'S BEAUTY COLLEGE                  ,WA,99301-5505,Proprietary  ,6,3,9,6,3,9
03071800,ITT TECHNICAL INSTITUTE                 ,WA,99216-1589,Proprietary  ,48,58,106,48,58,106
03099000,CORTIVA INSTITUTE - SEATTLE             ,WA,98109-5474,Proprietary  ,17,41,58,17,41,58
03280300,SEATTLE INST OF ORIENTAL MEDICINE       ,WA,98115-0000,Proprietary  ,2,17,19,2,17,19
03283300,NORTHWEST HVAC/R ASSOCIATION & TRAINING ,WA,99202-2125,Private      ,2,6,8,2,6,8
03361600,SEATTLE MIDWIFERY SCHOOL                ,WA,98144-0000,Private      ,5,20,25,5,20,25
03466400,MARS HILL GRADUATE SCHOOL               ,WA,98121-0000,Private      ,1,59,60,1,59,60
03483500,CASCADIA COMMUNITY COLLEGE              ,WA,98011-9510,Public       ,205,219,424,205,219,424
03490400,EMIL FRIES PIANO HOSPITAL & TRAININ     ,WA,98661-4323,Private      ,1,2,3,1,2,3
03631500,CORTIVA INSTITUTE - BRIAN UTTING SCHOOL ,WA,98109-5211,Proprietary  ,4,8,12,4,8,12
03689400,FAITH EVANGELICAL SEMINARY              ,WA,98407-2607,Private      ,2,30,32,2,30,32
03707500,CHETTA'S ACADEMY OF HAIR AND NAILS      ,WA,98362-4310,Proprietary  ,2,2,4,2,2,4
03724300,DIGIPEN INSTITUTE OF TECHNOLOGY         ,WA,98052-5170,Proprietary  ,396,121,517,396,121,517
03917300,EVERGREEN BEAUTY AND BARBER COLLEGE     ,WA,98208-3759,Proprietary  ,8,9,17,8,9,17
03932500,TOTAL COSMETOLOGY TRAINING CENTER       ,WA,99217-6231,Proprietary  ,8,19,27,8,19,27
03953300,YAKIMA BEAUTY SCHOOL;BEAUTYWORKS        ,WA,98901-2202,Proprietary  ,6,11,17,6,11,17
04043400,ALPINE COLLEGE                          ,WA,99206-5097,Proprietary  ,4,25,29,4,25,29
04120000,SUNNYSIDE BEAUTY ACADEMY                ,WA,98944-8711,Proprietary  ,6,5,11,6,5,11
04127200,VICTORIA'S ACADEMY OF COSMETOLOGY       ,WA,99336-3826,Proprietary  ,13,15,28,13,15,28
04130800,CASCADE BEAUTY COLLEGE                  ,WA,98002-5504,Proprietary  ,4,4,8,4,4,8
00340100,BROWN UNIVERSITY                        ,RI,02912-9127,Private      ,12016,222,12238,12016,222,12238
00340101,BROWN UNIVERSITY - GRADUATE SCHOOL      ,RI,02912-1827,Private      ,35,1139,1174,35,1139,1174
00340102,BROWN MEDICAL SCHOOL                    ,RI,02912-0000,Private      ,17,250,267,17,250,267
00340200,BRYANT UNIVERSITY                       ,RI,02917-1284,Private      ,5403,208,5611,5403,208,5611
00340400,JOHNSON & WALES UNIVERSITY              ,RI,02903-3703,Private      ,11896,1541,13437,11896,1541,13437
00340600,PROVIDENCE COLLEGE                      ,RI,02918-0001,Private      ,6405,256,6661,6405,256,6661
00340700,RHODE ISLAND COLLEGE                    ,RI,02908-1991,Public       ,5714,1919,7633,5714,1919,7633
00340800,COMMUNITY COLLEGE OF RI - WARWICK       ,RI,02906-0000,Public       ,2362,2343,4705,2362,2343,4705
00340801,COMMUNITY COLLEGE OF RI - LINCOLN       ,RI,02865-4585,Public       ,968,951,1919,968,951,1919
00340802,COMMUNITY COLLEGE OF RI- PROVIDENCE     ,RI,02905-2313,Public       ,865,970,1835,865,970,1835
00340900,RHODE ISLAND SCHOOL OF DESIGN           ,RI,02903-2784,Private      ,2354,939,3293,2354,939,3293
00341000,ROGER WILLIAMS UNIVERSITY               ,RI,02809-2921,Private      ,6953,1008,7961,6953,1008,7961
00341100,SALVE REGINA UNIVERSITY                 ,RI,02840-4192,Private      ,4437,157,4594,4437,157,4594
00341400,UNIVERSITY OF RHODE ISLAND              ,RI,02881-0000,Public       ,14450,1960,16410,14450,1960,16410
00659100,ST. JOSEPH HOSP SCH OF NURSING          ,RI,02904-5199,Private      ,35,93,128,35,93,128
00784400,GIBBS COLLEGE                           ,RI,02920-7807,Proprietary  ,215,342,557,215,342,557
00784500,NEW ENGLAND INSTITUTE OF TECHNOLOGY     ,RI,02886-2266,Private      ,1340,906,2246,1340,906,2246
01115900,"SAWYER SCHOOL,THE                       ",RI,02860-4117,Proprietary  ,39,204,243,39,204,243
02071900,ARTHUR ANGELO SCH COSMET&HAIR DSGN      ,RI,02903-0000,Proprietary  ,45,64,109,45,64,109
02176900,WARWICK ACADEMY OF BEAUTY CULTURE       ,RI,02886-1534,Proprietary  ,20,40,60,20,40,60
02584400,NEW ENGLAND TRACTOR TRAILER TRAINING SCH,RI,02860-1752,Proprietary  ,1,7,8,1,7,8
03080000,NEWPORT SCHOOL OF HAIRDRESSING          ,RI,02860-4038,Proprietary  ,7,42,49,7,42,49
03115200,MOTORING TECHNICAL TRAINING INST        ,RI,02914-5022,Proprietary  ,38,32,70,38,32,70
03232300,LINCOLN TECHNICAL INSTITUTE             ,RI,02865-4211,Proprietary  ,100,161,261,100,161,261
03570500,ZION BIBLE COLLEGE                      ,RI,02806-1246,Private      ,54,47,101,54,47,101
03732300,INTERNATIONAL YACHT RESTORATION SCH     ,RI,02840-6720,Private      ,6,6,12,6,6,12
00341700,ALLEN UNIVERSITY                        ,SC,29204-1085,Private      ,279,96,375,279,96,375
00341800,ANDERSON UNIVERSITY                     ,SC,29621-4035,Private      ,975,164,1139,975,164,1139
00341900,CHARLESTON SOUTHERN UNIVERSITY          ,SC,29406-2160,Private      ,1754,488,2242,1754,488,2242
00342000,BENEDICT COLLEGE                        ,SC,29204-1086,Private      ,1393,383,1776,1393,383,1776
00342100,BOB JONES UNIVERSITY                    ,SC,29614-1000,Proprietary  ,1024,82,1106,1024,82,1106
00342200,SOUTHERN WESLEYAN UNIVERSITY            ,SC,29630-1020,Private      ,578,440,1018,578,440,1018
00342300,THE CITADEL                             ,SC,29409-0002,Public       ,1258,228,1486,1258,228,1486
00342400,CLAFLIN UNIVERSITY                      ,SC,29115-4498,Private      ,1039,251,1290,1039,251,1290
00342500,CLEMSON UNIVERSITY                      ,SC,29634-0001,Public       ,9232,1114,10346,9232,1114,10346
00342600,UNIV OF SC AT SUMTER                    ,SC,29150-2498,Public       ,226,146,372,226,146,372
00342700,COKER COLLEGE                           ,SC,29550-3797,Private      ,469,271,740,469,271,740
00342800,COLLEGE OF CHARLESTON                   ,SC,29424-0100,Public       ,5096,704,5800,5096,704,5800
00342900,COLUMBIA INTERNATIONAL UNIVERSITY       ,SC,29203-1599,Private      ,332,320,652,332,320,652
00343000,COLUMBIA COLLEGE                        ,SC,29203-5998,Private      ,647,292,939,647,292,939
00343100,CONVERSE COLLEGE                        ,SC,29302-0006,Private      ,440,180,620,440,180,620
00343200,ERSKINE COLLEGE                         ,SC,29639-0000,Private      ,436,16,452,436,16,452
00343201,ERSKINE THEOLOGICAL SEMINARY            ,SC,29639-0000,Private      ,6,18,24,6,18,24
00343400,FURMAN UNIVERSITY                       ,SC,29613-5253,Private      ,2338,96,2434,2338,96,2434
00343500,LANDER UNIVERSITY                       ,SC,29649-2099,Public       ,1391,275,1666,1391,275,1666
00343600,LIMESTONE COLLEGE                       ,SC,29340-3799,Private      ,444,874,1318,444,874,1318
00343700,LUTHERAN THEOLOGICAL SOUTHERN SEM       ,SC,29203-5898,Private      ,0,76,76,0,76,76
00343800,MEDICAL UNIV OF SOUTH CAROLINA - FA     ,SC,29425-1760,Public       ,111,1732,1843,111,1732,1843
00343900,MORRIS COLLEGE                          ,SC,29150-3599,Private      ,529,130,659,529,130,659
00344000,NEWBERRY COLLEGE                        ,SC,29108-2197,Private      ,1105,82,1187,1105,82,1187
00344100,NORTH GREENVILLE COLLEGE                ,SC,29688-1892,Private      ,906,70,976,906,70,976
00344500,PRESBYTERIAN COLLEGE                    ,SC,29325-2503,Private      ,921,9,930,921,9,930
00344600,SOUTH CAROLINA STATE UNIVERSITY         ,SC,29117-4427,Public       ,3099,664,3763,3099,664,3763
00344700,SPARTANBURG METHODIST COLLEGE           ,SC,29301-5899,Private      ,486,40,526,486,40,526
00344800,UNIVERSITY OF SOUTH CAROLINA            ,SC,29208-3999,Public       ,9890,4076,13966,9890,4076,13966
00344900,UNIVERSITY OF SOUTH CAROLINA AIKEN      ,SC,29801-6399,Public       ,1340,390,1730,1340,390,1730
00345000,UNIV OF SC AT BEAUFORT                  ,SC,29902-4602,Public       ,390,199,589,390,199,589
00345100,COASTAL CAROLINA UNIVERSITY             ,SC,29528-0000,Public       ,5482,653,6135,5482,653,6135
00345300,UNIV OF SC AT LANCASTER                 ,SC,29721-0889,Public       ,238,176,414,238,176,414
00345400,UNIV OF SC SYSTEM SALKEHATCHIE          ,SC,29810-0617,Public       ,110,108,218,110,108,218
00345500,VOORHEES COLLEGE                        ,SC,29042-0000,Private      ,143,75,218,143,75,218
00345600,WINTHROP UNIVERSITY                     ,SC,29733-0001,Public       ,3138,658,3796,3138,658,3796
00345700,WOFFORD COLLEGE                         ,SC,29303-3663,Private      ,1341,39,1380,1341,39,1380
00399000,FLORENCE-DARLINGTON TECH COLLEGE        ,SC,29501-0548,Public       ,555,862,1417,555,862,1417
00399100,GREENVILLE TECHNICAL COLLEGE            ,SC,29607-2439,Public       ,1557,2408,3965,1557,2408,3965
00399200,PIEDMONT TECHNICAL COLLEGE              ,SC,29648-1467,Public       ,353,760,1113,353,760,1113
00399300,MIDLANDS TECHNICAL COLLEGE              ,SC,29202-0000,Public       ,1342,2307,3649,1342,2307,3649
00399400,SPARTANBURG COMMUNITY COLLEGE           ,SC,29305-4386,Public       ,653,1081,1734,653,1081,1734
00399500,CENTRAL CAROLINA TECHNICAL COLLEGE      ,SC,29150-2499,Public       ,219,690,909,219,690,909
00399600,YORK TECHNICAL COLLEGE                  ,SC,29730-3395,Public       ,457,885,1342,457,885,1342
00492000,TRIDENT TECHNICAL COLLEGE               ,SC,29423-8067,Public       ,1068,2125,3193,1068,2125,3193
00492300,CLINTON JR COLLEGE                      ,SC,29730-5152,Private      ,31,10,41,31,10,41
00492400,FORREST JUNIOR COLLEGE                  ,SC,29624-2405,Proprietary  ,6,6,12,6,6,12
00492500,HORRY-GEORGETOWN TECH COLLEGE           ,SC,29526-9521,Public       ,493,1101,1594,493,1101,1594
00492600,TRI-COUNTY TECHNICAL COLLEGE            ,SC,29670-9133,Public       ,739,829,1568,739,829,1568
00492700,UNIV OF SC AT UNION                     ,SC,29379-0729,Public       ,83,50,133,83,50,133
00536300,DENMARK TECHNICAL COLLEGE               ,SC,29042-0000,Public       ,87,70,157,87,70,157
00681500,ORANGEBURG-CALHOUN TECHNICAL COLG       ,SC,29118-8299,Public       ,251,403,654,251,403,654
00695100,UNIVERSITY OF SOUTH CAROLINA UPSTATE    ,SC,29303-9972,Public       ,2098,765,2863,2098,765,2863
00760200,NORTHEASTERN TECHNICAL COLLEGE          ,SC,29520-7015,Public       ,92,169,261,92,169,261
00922600,FRANCIS MARION UNIVERSITY               ,SC,29501-0000,Public       ,1947,449,2396,1947,449,2396
00932200,WILLIAMSBURG TECHNICAL COLLEGE          ,SC,29556-4197,Public       ,53,136,189,53,136,189
00991000,TECHNICAL COLLEGE OF THE LOWCOUNTRY     ,SC,29902-5441,Public       ,118,319,437,118,319,437
00991100,UNIV OF SC-REGIONAL CAMPUSES ADMIN      ,SC,29208-0001,Public       ,68,29,97,68,29,97
01005600,AIKEN TECHNICAL COLLEGE                 ,SC,29802-0696,Public       ,365,725,1090,365,725,1090
01209200,KENNETH SHULER SCHOOL OF COSMETOLOGY    ,SC,29730-3552,Proprietary  ,1,13,14,1,13,14
01303907,SOUTH UNIVERSITY                        ,SC,29203-6400,Proprietary  ,52,269,321,52,269,321
02063700,SHERMAN CLG STRAIGHT CHIROPRACTIC       ,SC,29316-0000,Private      ,3,73,76,3,73,76
02189800,NO AMER INST OF AVIATION OF SO CAR      ,SC,29527-0000,Proprietary  ,2,1,3,2,1,3
02329600,BETTY STEVENS COSMETOLOGY INSTITUTE     ,SC,29501-0000,Proprietary  ,1,0,1,1,0,1
02338600,CHARZANNE BEAUTY COLLEGE                ,SC,29649-0000,Proprietary  ,4,10,14,4,10,14
02341100,KENNETH SHULER SCHOOL OF COSMETOLOGY & N,SC,29210-0000,Proprietary  ,16,43,59,16,43,59
02356600,CHARLESTON COSMETOLOGY INSTITUTE        ,SC,29420-0000,Proprietary  ,8,11,19,8,11,19
02552400,ACADEMY OF HAIR TECHNOLOGY              ,SC,29615-2363,Proprietary  ,6,10,16,6,10,16
02567600,SUMTER BEAUTY COLLEGE                   ,SC,29150-0000,Proprietary  ,5,21,26,5,21,26
02614202,MILLER-MOTTE TECHNICAL COLLEGE          ,SC,29406-0000,Proprietary  ,15,61,76,15,61,76
03010614,VIRGINIA COLLEGE - GOLF ACADEMY OF AMERI,SC,29579-0000,Proprietary  ,67,49,116,67,49,116
03052300,KENNETH SHULER SCH COSM & HAIR DESG     ,SC,29841-2013,Proprietary  ,1,17,18,1,17,18
03088300,ACADEMY OF COSMETOLOGY                  ,SC,29418-5667,Proprietary  ,6,6,12,6,6,12
03258300,SOUTHERN METHODIST COLLEGE              ,SC,29116-1027,Private      ,3,3,6,3,3,6
03293300,STRAND COLLEGE OF HAIR DESIGN           ,SC,29572-4310,Proprietary  ,1,4,5,1,4,5
03304300,CENTURA COLLEGE                         ,SC,29406-9235,Proprietary  ,10,78,88,10,78,88
03513300,LACY COSMETOLOGY SCHOOL                 ,SC,29803-9084,Proprietary  ,1,6,7,1,6,7
03513301,LACY COSMETOLOGY SCHOOL -               ,SC,29072-0000,Proprietary  ,1,10,11,1,10,11
03513302,LACY COSMETOLOGY SCHOOL -               ,SC,29445-0000,Proprietary  ,2,4,6,2,4,6
03595300,CHARLESTON SCHOOL OF MASSAGE            ,SC,29412-8270,Proprietary  ,2,6,8,2,6,8
03746300,LEGRAND INSTITUTE OF COSMETOLOGY        ,SC,29020-0000,Proprietary  ,4,11,15,4,11,15
03746400,SOUTHEASTERN INSTITUTE                  ,SC,29210-0000,Proprietary  ,17,30,47,17,30,47
03768400,STYLETRENDS BARBER AND HAIRSTYLING ACADE,SC,29730-4511,Proprietary  ,0,8,8,0,8,8
03856400,W. L. BONNER COLLEGE                    ,SC,29203-0000,Private      ,0,16,16,0,16,16
03892300,HARLEY'S BEAUTY & BARBER CAREER INST.   ,SC,29204-1919,Proprietary  ,2,16,18,2,16,18
04096300,CHARLESTON SCHOOL OF LAW                ,SC,29402-0535,Proprietary  ,4,447,451,4,447,451
00345800,AUGUSTANA COLLEGE                       ,SD,57197-0001,Private      ,1041,48,1089,1041,48,1089
00345900,BLACK HILLS STATE UNIVERSITY            ,SD,57799-9670,Public       ,1069,506,1575,1069,506,1575
00346100,DAKOTA WESLEYAN UNIVERSITY              ,SD,57301-4398,Private      ,336,110,446,336,110,446
00346300,DAKOTA STATE UNIVERSITY                 ,SD,57042-1799,Public       ,606,188,794,606,188,794
00346500,MOUNT MARTY COLLEGE                     ,SD,57078-3724,Private      ,333,145,478,333,145,478
00346600,NORTHERN STATE UNIVERSITY               ,SD,57401-7198,Public       ,1060,281,1341,1060,281,1341
00346700,PRESENTATION COLLEGE                    ,SD,57401-1299,Private      ,224,228,452,224,228,452
00346900,UNIVERSITY OF SIOUX FALLS               ,SD,57105-1699,Private      ,1031,165,1196,1031,165,1196
00347000,SOUTH DAKOTA SCH OF MINES & TECH        ,SD,57701-3995,Public       ,847,168,1015,847,168,1015
00347100,SOUTH DAKOTA STATE UNIVERSITY           ,SD,57007-2298,Public       ,4385,855,5240,4385,855,5240
00347400,UNIVERSITY OF SOUTH DAKOTA              ,SD,57069-2390,Public       ,2524,1516,4040,2524,1516,4040
00405600,SIOUX FALLS SEMINARY                    ,SD,57105-0000,Private      ,0,17,17,0,17,17
00405700,NATIONAL AMERICAN UNIVERSITY            ,SD,57701-3692,Proprietary  ,79,623,702,79,623,702
00405707,NATIONAL AMERICAN UNIVERSITY            ,SD,57105-0000,Proprietary  ,23,89,112,23,89,112
00492900,MCKENNAN HOSP-RADOLOGICAL TECH          ,SD,57101-0000,Private      ,11,4,15,11,4,15
00530900,LAKE AREA TECHNICAL INSTITUTE           ,SD,57201-2869,Public       ,333,114,447,333,114,447
00598700,AVERA SACRED HEART HOSPITAL SCHOOL OF RA,SD,57078-3899,Private      ,7,1,8,7,1,8
00776400,SOUTHEAST TECHNICAL INST                ,SD,57107-0000,Public       ,502,233,735,502,233,735
00828400,MITCHELL TECHNICAL INSTITUTE            ,SD,57301-2002,Public       ,201,67,268,201,67,268
01013800,STEWART SCHOOL                          ,SD,57104-0000,Proprietary  ,23,5,28,23,5,28
01014804,COLORADO TECHNICAL UNIVERSITY           ,SD,57108-2272,Proprietary  ,143,444,587,143,444,587
01017000,WESTERN DAKOTA TECHNICAL INSTITUTE      ,SD,57701-4018,Public       ,131,210,341,131,210,341
01147701,SIOUX VALLEY HOSP-MEDICAL TECH          ,SD,57117-5039,Private      ,13,7,20,13,7,20
01465900,OGLALA LAKOTA COLLEGE                   ,SD,57752-0490,Public       ,45,157,202,45,157,202
02137100,BLACK HILLS BEAUTY COLLEGE              ,SD,57701-0000,Proprietary  ,14,9,23,14,9,23
02143700,SINTE GLESKA UNIVERSITY                 ,SD,57570-0000,Public       ,23,125,148,23,125,148
02144600,KILIAN COMMUNITY COLLEGE                ,SD,57103-7020,Private      ,10,54,64,10,54,64
02277300,SISSETON WAHPETON COLLEGE               ,SD,57262-0000,Public       ,6,21,27,6,21,27
02297800,HEADLINES ACADEMY                       ,SD,57701-0000,Proprietary  ,7,20,27,7,20,27
00347700,AQUINAS COLLEGE                         ,TN,37205-2086,Private      ,149,289,438,149,289,438
00347701,AQUINAS COLLEGE -  PRIMETIME PROGRAM    ,TN,37214-3644,Private      ,4,68,72,4,68,72
00347800,AUSTIN PEAY STATE UNIVERSITY            ,TN,37044-0002,Public       ,3464,2275,5739,3464,2275,5739
00347900,BELMONT UNIVERSITY                      ,TN,37212-3757,Private      ,3627,1008,4635,3627,1008,4635
00348000,BETHEL COLLEGE                          ,TN,38201-1705,Private      ,833,920,1753,833,920,1753
00348100,CARSON-NEWMAN COLLEGE                   ,TN,37760-2204,Private      ,2112,254,2366,2112,254,2366
00348200,CHRISTIAN BROTHERS UNIVERSITY           ,TN,38104-5581,Private      ,1494,588,2082,1494,588,2082
00348300,COLUMBIA STATE COMMUNITY COLLEGE        ,TN,38401-5653,Public       ,1022,734,1756,1022,734,1756
00348500,CUMBERLAND UNIVERSITY                   ,TN,37087-3554,Private      ,842,267,1109,842,267,1109
00348600,LIPSCOMB UNIVERSITY                     ,TN,37204-3951,Private      ,1772,402,2174,1772,402,2174
00348700,EAST TENNESSEE STATE UNIV - MAIN CAMPUS ,TN,37614-2857,Public       ,5806,2733,8539,5806,2733,8539
00348701,EAST TENNESSEE STATE UNIV - MEDICINE    ,TN,37614-1708,Public       ,90,173,263,90,173,263
00348709,EAST TENNESSEE STATE UNIV - PHARMACY    ,TN,37614-1704,Public       ,57,140,197,57,140,197
00349000,FISK UNIVERSITY                         ,TN,37208-3045,Private      ,961,142,1103,961,142,1103
00349200,FREED-HARDEMAN UNIVERSITY               ,TN,38340-2399,Private      ,1156,263,1419,1156,263,1419
00349400,HIWASSEE COLLEGE                        ,TN,37354-4001,Private      ,276,58,334,276,58,334
00349500,JOHNSON BIBLE COLLEGE                   ,TN,37998-9775,Private      ,293,107,400,293,107,400
00349600,KING COLLEGE                            ,TN,37620-2699,Private      ,792,296,1088,792,296,1088
00349800,LAMBUTH UNIVERSITY                      ,TN,38301-5296,Private      ,883,170,1053,883,170,1053
00349900,LANE COLLEGE                            ,TN,38301-4598,Private      ,1734,473,2207,1734,473,2207
00350000,LEE UNIVERSITY                          ,TN,37320-0000,Private      ,2088,445,2533,2088,445,2533
00350100,LEMOYNE-OWEN COLLEGE                    ,TN,38126-6510,Private      ,421,393,814,421,393,814
00350200,LINCOLN MEMORIAL UNIVERSITY             ,TN,37752-7920,Private      ,860,1029,1889,860,1029,1889
00350400,MARTIN METHODIST COLLEGE                ,TN,38478-2799,Private      ,558,195,753,558,195,753
00350500,MARYVILLE COLLEGE                       ,TN,37804-5907,Private      ,1374,97,1471,1374,97,1471
00350600,MEHARRY MEDICAL COLLEGE                 ,TN,37208-0000,Private      ,21,611,632,21,611,632
00350700,MEMPHIS COLLEGE OF ART                  ,TN,38104-2764,Private      ,315,85,400,315,85,400
00350900,UNIVERSITY OF MEMPHIS (THE)             ,TN,38152-4611,Public       ,7897,6112,14009,7897,6112,14009
00351000,MIDDLE TENNESSEE STATE UNIV             ,TN,37130-0000,Public       ,10158,3255,13413,10158,3255,13413
00351100,MILLIGAN COLLEGE                        ,TN,37682-4001,Private      ,765,232,997,765,232,997
00351700,SOUTHERN COLLEGE OF OPTOMETRY           ,TN,38104-2222,Private      ,6,486,492,6,486,492
00351800,SOUTHERN ADVENTIST UNIVERSITY           ,TN,37315-0370,Private      ,1084,243,1327,1084,243,1327
00351900,RHODES COLLEGE                          ,TN,38112-1690,Private      ,1843,104,1947,1843,104,1947
00352200,TENNESSEE STATE UNIVERSITY              ,TN,37209-1561,Public       ,6345,2924,9269,6345,2924,9269
00352300,TENNESSEE TECHNOLOGICAL UNIV            ,TN,38505-0001,Public       ,4692,1213,5905,4692,1213,5905
00352400,TENNESSEE TEMPLE UNIVERSITY             ,TN,37404-3587,Private      ,280,127,407,280,127,407
00352500,TENNESSEE WESLEYAN COLLEGE              ,TN,37371-0040,Private      ,715,224,939,715,224,939
00352600,TREVECCA NAZARENE UNIVERSITY            ,TN,37210-2877,Private      ,652,596,1248,652,596,1248
00352700,TUSCULUM COLLEGE                        ,TN,37743-0001,Private      ,1425,1044,2469,1425,1044,2469
00352800,UNION UNIVERSITY                        ,TN,38305-3697,Private      ,1491,603,2094,1491,603,2094
00352900,UNIVERSITY OF TENNESSEE-CHATTANOOGA     ,TN,37403-2598,Public       ,5981,1423,7404,5981,1423,7404
00353000,UNIVERSITY OF TENNESSEE-KNOXVILLE       ,TN,37996-0150,Public       ,15179,3953,19132,15179,3953,19132
00353006,UNIVERSITY OF TENNESSEE-HEALTH SCI CTR  ,TN,38103-0000,Public       ,205,1756,1961,205,1756,1961
00353100,UNIVERSITY OF TENNESSEE-MARTIN          ,TN,38238-0002,Public       ,4648,1161,5809,4648,1161,5809
00353400,UNIVERSITY OF THE SOUTH                 ,TN,37383-1000,Private      ,1356,32,1388,1356,32,1388
00353500,VANDERBILT UNIVERSITY                   ,TN,37240-0001,Private      ,8696,3397,12093,8696,3397,12093
00353501,VANDERBILT UNIV MED CTR ALLIEDHEAL      ,TN,37232-5510,Private      ,24,91,115,24,91,115
00353502,VANDERBILT UNIV - SCH OF MED            ,TN,37232-0000,Private      ,45,641,686,45,641,686
00353600,BRYAN COLLEGE                           ,TN,37321-7000,Private      ,688,144,832,688,144,832
00399800,CHATTANOOGA STATE TECH CMTY CLG         ,TN,37406-1097,Public       ,1649,1705,3354,1649,1705,3354
00399900,CLEVELAND STATE COMMUNITY COLLEGE       ,TN,37312-2858,Public       ,663,650,1313,663,650,1313
00402500,TN TECHNOLOGY CTR AT KNOXVILLE          ,TN,37919-2327,Public       ,123,273,396,123,273,396
00402600,TENNESSEE TECH. CNTR AT CROSSVILLE      ,TN,38555-4142,Public       ,91,159,250,91,159,250
00461700,NATIONAL COLLEGE OF BUSINESS & TECH     ,TN,37211-6605,Proprietary  ,35,471,506,35,471,506
00493400,DRAUGHONS JR CLG OF BUSINESS            ,TN,37217-1056,Proprietary  ,73,595,668,73,595,668
00493700,JACKSON STATE COMMUNITY COLLEGE         ,TN,38301-3797,Public       ,1432,1209,2641,1432,1209,2641
00493800,SOUTH COLLEGE                           ,TN,37909-3323,Proprietary  ,136,417,553,136,417,553
00494700,WEST TENNESSEE BUSINESS COLLEGE         ,TN,38301-3256,Proprietary  ,40,130,170,40,130,170
00528000,TN TECHNOLOGY CTR AT COVINGTON          ,TN,38019-0249,Public       ,30,82,112,30,82,112
00528100,TN TECHNOLOGY CTR AT ELIZABETHTON       ,TN,37643-0789,Public       ,68,251,319,68,251,319
00528200,TN TECHNOLOGY CTR AT HARTSVILLE         ,TN,37074-0000,Public       ,62,95,157,62,95,157
00528300,TN TECHNOLOGY CTR AT NEWBERN            ,TN,38059-1198,Public       ,50,134,184,50,134,184
00530700,TN TECHNOLOGY CTR AT MCMINNVILLE        ,TN,37110-1322,Public       ,44,113,157,44,113,157
00535100,TENNESSEE TECHNOLOGY CENTER AT MORRISTOW,TN,37813-2094,Public       ,151,311,462,151,311,462
00535200,TN TECHNOLOGY CENTER AT MCKENZIE        ,TN,38201-1620,Public       ,83,138,221,83,138,221
00535300,TN TECHNOLOGY CENTER AT LIVINGSTON      ,TN,38570-0219,Public       ,77,125,202,77,125,202
00535400,TN TECHNOLOGY CTR AT JACKSON            ,TN,38301-0000,Public       ,196,403,599,196,403,599
00535600,TENNESSEE TECHNOLOGY CENTER AT HOHENWALD,TN,38462-0000,Public       ,91,94,185,91,94,185
00535700,TENNESSEE TECHNOLOGY CENTER AT CRUMP    ,TN,38327-3402,Public       ,90,149,239,90,149,239
00535800,TN TECHNOLOGY CENTER AT ATHENS          ,TN,37371-0848,Public       ,99,180,279,99,180,279
00535900,TENNESSEE TECHNOLOGY CENTER AT NASHVILLE,TN,37209-0000,Public       ,113,231,344,113,231,344
00536000,TENNESSEE TECHNOLOGY CENTER AT MEMPHIS  ,TN,38105-3604,Public       ,254,585,839,254,585,839
00537800,NORTHEAST STATE TECH CMNTY COLG         ,TN,37617-0246,Public       ,1208,1158,2366,1208,1158,2366
00537900,TN TECHNOLOGY CTR AT SHELBYVILLE        ,TN,37160-3697,Public       ,165,263,428,165,263,428
00683500,DYERSBURG STATE COMMUNITY COLLEGE       ,TN,38024-0000,Public       ,696,675,1371,696,675,1371
00683600,MOTLOW STATE COMMUNITY COLLEGE          ,TN,37388-7972,Public       ,944,650,1594,944,650,1594
00743900,FOUNTAINHEAD COLLEGE OF TECHNOLOGY      ,TN,37918-2583,Proprietary  ,23,70,93,23,70,93
00744000,NASHVILLE AUTO DIESEL COLLEGE           ,TN,37206-3298,Proprietary  ,984,228,1212,984,228,1212
00778200,TENNESSEE TECHNOLOGY CENTER AT DICKSON  ,TN,37055-0000,Public       ,97,208,305,97,208,305
00778300,MIDDLE TENNESSEE SCH OF ANESTHESIA      ,TN,37116-0417,Private      ,7,81,88,7,81,88
00814500,NASHVILLE STATE TECH CMNTY COLLEGE      ,TN,37209-0000,Public       ,813,1284,2097,813,1284,2097
00865500,GENESIS CAREER COLLEGE OF COOKEVILLE    ,TN,38501-1959,Proprietary  ,7,9,16,7,9,16
00885900,JOHN A GUPTON COLLEGE                   ,TN,37203-2934,Private      ,37,48,85,37,48,85
00886300,WALTERS STATE COMMUNITY COLLEGE         ,TN,37813-6899,Public       ,1666,1073,2739,1666,1073,2739
00946400,TN TECHNOLOGY CTR AT PULASKI            ,TN,38478-4541,Public       ,46,99,145,46,99,145
00956700,TENNESSEE SCHOOL OF BEAUTY              ,TN,37921-3303,Proprietary  ,32,51,83,32,51,83
00971000,TENNESSEE TECHNOLOGY CENTER AT ONEIDA/HU,TN,37756-4149,Public       ,20,50,70,20,50,70
00991200,VOLUNTEER STATE COMMUNITY COLLEGE       ,TN,37066-3188,Public       ,1226,1014,2240,1226,1014,2240
00991400,ROANE STATE COMMUNITY COLLEGE           ,TN,37748-8664,Public       ,1282,1028,2310,1282,1028,2310
00998200,CRICHTON COLLEGE                        ,TN,38111-4745,Private      ,290,497,787,290,497,787
01021700,INTERNATIONAL ACADEMY OF DESIGN & TECH  ,TN,37212-0000,Proprietary  ,146,181,327,146,181,327
01032600,TN TECHNOLOGY CTR AT HARRIMAN           ,TN,37748-1109,Public       ,46,83,129,46,83,129
01043900,SOUTHWEST TENNESSEE COMMUNITY COLLG     ,TN,38104-3322,Public       ,2035,3308,5343,2035,3308,5343
01044700,"PLAZA BEAUTY SCHOOL, INC.               ",TN,38117-4822,Proprietary  ,8,23,31,8,23,31
01046000,AMERICAN BAPTIST THEOLOGICAL SEMINA     ,TN,37207-4994,Private      ,12,36,48,12,36,48
01052900,MEMPHIS THEOLOGICAL SEMINARY            ,TN,38104-0000,Private      ,0,53,53,0,53,53
01070000,TN TECHNOLOGY CENTER AT JACKSBORO       ,TN,37757-2461,Public       ,35,70,105,35,70,105
01155300,WM R MOORE COLLEGE OF TECHNOLOGY        ,TN,38104-0000,Private      ,18,29,47,18,29,47
01216400,TENNESSEE TECHNICAL CNTR AT RIPLEY      ,TN,38063-7359,Public       ,11,70,81,11,70,81
01254700,EMMANUEL SCHOOL OF RELIGION             ,TN,37601-0000,Private      ,1,14,15,1,14,15
01269300,PELLISSIPPI STATE COMMUNITY COLLEGE     ,TN,37933-0990,Public       ,1627,1135,2762,1627,1135,2762
02092800,TENNESSEE TECHNOLOGY CENTER AT WHITEVILL,TN,38075-0000,Public       ,29,74,103,29,74,103
02103500,TN TECHNOLOGY CTR AT MURFREESBORO       ,TN,37129-0000,Public       ,71,101,172,71,101,172
02106400,O'MORE COLLEGE OF DESIGN                ,TN,37064-0000,Private      ,109,20,129,109,20,129
02125300,NASHVILLE CLG OF MEDICAL CAREERS        ,TN,37115-0000,Proprietary  ,10,48,58,10,48,58
02153100,JON NAVE UNIVERSITY OF COSMETOLOGY      ,TN,37013-3347,Proprietary  ,14,10,24,14,10,24
02157100,CONCORDE CAREER COLLEGE                 ,TN,38137-0000,Proprietary  ,78,398,476,78,398,476
02188300,CHURCH OF GOD THEOLOGICAL SEMINARY      ,TN,37320-0000,Private      ,1,50,51,1,50,51
02204200,"CHATTANOOGA COLLEGE - MEDICAL, DENTAL AN",TN,37411-0000,Proprietary  ,24,97,121,24,97,121
02237900,TN TECHNOLOGY CENTER AT PARIS           ,TN,38242-0000,Public       ,74,205,279,74,205,279
02257400,ARNOLD'S BEAUTY SCHOOL                  ,TN,38358-0000,Proprietary  ,14,7,21,14,7,21
02263104,HIGH-TECH INSTITUTE - NASHVILLE         ,TN,37214-2531,Proprietary  ,43,29,72,43,29,72
02275500,REUBEN-ALLEN COLLEGE                    ,TN,37922-0000,Proprietary  ,6,12,18,6,12,18
02278700,MR WAYNES SCH OF UNISEX HAIR DESIGN     ,TN,38501-0000,Proprietary  ,3,6,9,3,6,9
02293900,VOLUNTEER BEAUTY ACADEMY-NASHVILLE      ,TN,37115-2112,Proprietary  ,0,8,8,0,8,8
02294000,VOLUNTEER BEAUTY ACADEMY-DYERSBURG      ,TN,38024-1622,Proprietary  ,3,7,10,3,7,10
02326200,KAPLAN CAREER INSTITUTE                 ,TN,37217-1342,Proprietary  ,32,184,216,32,184,216
02326202,KAPLAN CAREER INSTITUTE - THOMPSON LANE ,TN,37204-3692,Proprietary  ,2,10,12,2,10,12
02326300,MEDVANCE INSTITUTE                      ,TN,38501-4305,Proprietary  ,62,228,290,62,228,290
02335900,VOLUNTEER BEAUTY ACADEMY-NASHVILLE      ,TN,37209-3033,Proprietary  ,4,7,11,4,7,11
02359800,ITT TECHNICAL INSTITUTE                 ,TN,37214-3717,Proprietary  ,158,210,368,158,210,368
02498000,NEW WAVE HAIR ACADEMY                   ,TN,38128-0000,Proprietary  ,11,24,35,11,24,35
02539800,QUEEN CITY COLLEGE                      ,TN,37042-0000,Proprietary  ,9,43,52,9,43,52
02540000,TENNESSEE ACADEMY OF COSMETOLOGY        ,TN,38133-0000,Proprietary  ,5,12,17,5,12,17
02578200,NOSSI COLLEGE OF ART                    ,TN,37072-0000,Proprietary  ,96,123,219,96,123,219
02595000,FAYETTEVILLE BEAUTY SCHOOL              ,TN,37334-2909,Proprietary  ,1,3,4,1,3,4
02597600,NEW WAVE HAIR ACADEMY                   ,TN,38301-3812,Proprietary  ,8,49,57,8,49,57
02599710,VATTEROTT COLLEGE - MEMPHIS             ,TN,38132-1714,Proprietary  ,13,132,145,13,132,145
02605501,REMINGTON COLLEGE - MEMPHIS CAMPUS      ,TN,38132-0000,Proprietary  ,70,310,380,70,310,380
02614200,MILLER MOTTE BUSINESS COLLEGE           ,TN,37040-6023,Proprietary  ,32,195,227,32,195,227
02614203,MILLER-MOTTE TECHNICAL COLLEGE          ,TN,37421-0000,Proprietary  ,85,337,422,85,337,422
02614204,MILLER - MOTTE TECHNICAL COLLEGE - GOODL,TN,37072-1870,Proprietary  ,11,76,87,11,76,87
03001800,FREE WILL BAPTIST BIBLE COLLEGE         ,TN,37205-2498,Private      ,94,29,123,94,29,123
03008800,FRANKLIN ACADEMY                        ,TN,37312-3939,Private      ,3,2,5,3,2,5
03010606,VIRGINIA COLLEGE - SCH OF BUSNSS & HLTH ,TN,37411-5600,Proprietary  ,18,36,54,18,36,54
03012500,NEW WAVE HAIR ACADEMY                   ,TN,38111-4253,Proprietary  ,25,65,90,25,65,90
03024900,TENNESSEE ACADEMY OF COSMETOLOGY        ,TN,38125-3442,Proprietary  ,11,21,32,11,21,32
03061100,GENESIS CAREER COLLEGE OF LEBANON       ,TN,37087-2718,Proprietary  ,3,5,8,3,5,8
03073400,ITT TECHNICAL INSTITUTE                 ,TN,37932-3343,Proprietary  ,126,154,280,126,154,280
03076405,HIGH-TECH INSTITUTE - MEMPHIS           ,TN,38134-7345,Proprietary  ,29,74,103,29,74,103
03079100,NORTH CENTRAL INSTITUTE                 ,TN,37042-3116,Proprietary  ,4,4,8,4,4,8
03088800,WATKINS INSTITUTE COLLEGE OF ART & DESIG,TN,37228-1306,Private      ,197,82,279,197,82,279
03126900,STYLES & PROFILES BEAUTY COLLEGE        ,TN,38375-2109,Proprietary  ,3,0,3,3,0,3
03149300,NEW DIRECTIONS HAIR ACADEMY             ,TN,37209-0000,Proprietary  ,4,36,40,4,36,40
03355400,RICHMONT GRADUATE UNIVERSITY            ,TN,37404-0000,Private      ,7,28,35,7,28,35
03440300,BAPTIST MEMORIAL COLLEGE OF HEALTH      ,TN,38104-3104,Private      ,396,652,1048,396,652,1048
03454300,TENNESSEE CAREER COLLEGE                ,TN,37214-2945,Proprietary  ,4,7,11,4,7,11
03480303,MEDVANCE INSTITUTE - NASHVILLE          ,TN,37203-1536,Proprietary  ,8,36,44,8,36,44
03513500,WILLIAMSON CHRISTIAN COLLEGE            ,TN,37067-8237,Private      ,3,8,11,3,8,11
03647300,NEW CONCEPTS SCHOOL OF COSMETOLOGY      ,TN,37311-7373,Proprietary  ,1,2,3,1,2,3
03683300,INTERNATIONAL BARBER & STYLE COLLEGE    ,TN,37218-2205,Proprietary  ,5,7,12,5,7,12
03774400,SHEAR ACADEMY                           ,TN,38555-4177,Proprietary  ,4,10,14,4,10,14
03830300,SAE INSTITUTE OF TECHNOLOGY             ,TN,37203-4310,Proprietary  ,48,56,104,48,56,104
03841300,CAREER BEAUTY COLLEGE                   ,TN,38464-3634,Proprietary  ,3,4,7,3,4,7
03920300,INSTITUTE OF HAIR DESIGN                ,TN,38310-1801,Proprietary  ,3,8,11,3,8,11
03930300,BUCHANAN BEAUTY COLLEGE                 ,TN,37160-2741,Proprietary  ,2,6,8,2,6,8
03982300,VISIBLE SCHOOL - MUSIC AND WORSHIPS ARTS,TN,38002-9755,Private      ,22,8,30,22,8,30
04025300,LAST MINUTE CUTS SCHOOL OF BARBERING AND,TN,38109-7709,Proprietary  ,7,13,20,7,13,20
04035300,NAVE COSMETOLOGY ACADEMY                ,TN,38401-6335,Proprietary  ,8,10,18,8,10,18
04037400,MASON ACADEMY OF COSMETOLOGY            ,TN,38049-7048,Proprietary  ,0,2,2,0,2,2
04124100,ELITE COLLEGE OF COSMETOLOGY            ,TN,38351-1431,Proprietary  ,2,10,12,2,10,12
00353700,ABILENE CHRISTIAN UNIVERSITY            ,TX,79699-3701,Private      ,2036,355,2391,2036,355,2391
00353900,ALVIN COMMUNITY COLLEGE                 ,TX,77511-4807,Public       ,176,316,492,176,316,492
00354000,AMARILLO COLLEGE                        ,TX,79109-2446,Public       ,787,1134,1921,787,1134,1921
00354100,ANGELO STATE UNIVERSITY                 ,TX,76909-5069,Public       ,2936,755,3691,2936,755,3691
00354300,AUSTIN COLLEGE                          ,TX,75090-4440,Private      ,1056,42,1098,1056,42,1098
00354400,AUSTIN PRESBYTERIAN THEOLOGICAL SEM     ,TX,78705-5797,Private      ,0,43,43,0,43,43
00354500,BAYLOR UNIVERSITY                       ,TX,76798-1458,Private      ,10362,1967,12329,10362,1967,12329
00354600,COASTAL BEND COLLEGE                    ,TX,78102-2197,Public       ,410,466,876,410,466,876
00354900,BLINN COLLEGE                           ,TX,77833-4098,Public       ,2524,834,3358,2524,834,3358
00355300,CISCO JUNIOR COLLEGE                    ,TX,76437-9803,Public       ,440,382,822,440,382,822
00355400,CLARENDON COLLEGE                       ,TX,79226-0000,Public       ,124,36,160,124,36,160
00355600,COMMONWEALTH INST OF FUNERAL SVC        ,TX,77090-5918,Private      ,14,39,53,14,39,53
00355700,CONCORDIA UNIVERSITY TEXAS              ,TX,78726-4141,Private      ,512,368,880,512,368,880
00355800,NORTH CENTRAL TEXAS COLLEGE             ,TX,76240-4699,Public       ,496,666,1162,496,666,1162
00356000,DALLAS BAPTIST UNIVERSITY               ,TX,75211-9299,Private      ,973,823,1796,973,823,1796
00356100,CEDAR VALLEY COLLEGE                    ,TX,75134-0000,Public       ,373,573,946,373,573,946
00356200,DALLAS THEOLOGICAL SEM                  ,TX,75204-0000,Private      ,3,170,173,3,170,173
00356300,DEL MAR COLLEGE                         ,TX,78404-3897,Public       ,1238,1332,2570,1238,1332,2570
00356400,EAST TEXAS BAPTIST UNIVERSITY           ,TX,75670-1423,Private      ,683,98,781,683,98,781
00356500,TEXAS A&M UNIVERSITY - COMMERCE         ,TX,75429-3011,Public       ,1541,1540,3081,1541,1540,3081
00356600,EPISCOPAL THEOL SEM OF THE STHWST       ,TX,78768-0000,Private      ,0,7,7,0,7,7
00356800,FRANK PHILLIPS COLLEGE                  ,TX,79008-0000,Public       ,64,81,145,64,81,145
00357000,GRAYSON COUNTY COLLEGE                  ,TX,75020-8299,Public       ,362,488,850,362,488,850
00357100,HARDIN-SIMMONS UNIVERSITY               ,TX,79698-6050,Private      ,1019,261,1280,1019,261,1280
00357200,TRINITY VALLEY COMMUNITY COLLEGE        ,TX,75751-2734,Public       ,449,590,1039,449,590,1039
00357300,HILL COLLEGE                            ,TX,76645-2711,Public       ,165,142,307,165,142,307
00357301,HILL COLLEGE                            ,TX,76031-0000,Public       ,112,238,350,112,238,350
00357400,HOWARD COLLEGE                          ,TX,79720-0213,Public       ,306,344,650,306,344,650
00357500,HOWARD PAYNE UNIVERSITY                 ,TX,76801-2794,Private      ,731,136,867,731,136,867
00357600,HOUSTON BAPTIST UNIVERSITY              ,TX,77074-3298,Private      ,2011,684,2695,2011,684,2695
00357700,HUSTON - TILLOTSON UNIVERSITY           ,TX,78702-2795,Private      ,283,132,415,283,132,415
00357800,UNIVERSITY OF THE INCARNATE WORD        ,TX,78209-6398,Private      ,2302,1316,3618,2302,1316,3618
00357900,JACKSONVILLE COLLEGE                    ,TX,75766-4759,Private      ,49,21,70,49,21,70
00358000,KILGORE COLLEGE                         ,TX,75662-3299,Public       ,692,631,1323,692,631,1323
00358100,LAMAR UNIVERSITY-BEAUMONT               ,TX,77710-0042,Public       ,2605,1193,3798,2605,1193,3798
00358200,LAREDO COMMUNITY COLLEGE                ,TX,78040-4395,Public       ,1311,728,2039,1311,728,2039
00358300,LEE COLLEGE                             ,TX,77520-4796,Public       ,219,642,861,219,642,861
00358400,LETOURNEAU UNIVERSITY                   ,TX,75607-0000,Private      ,895,683,1578,895,683,1578
00358500,LON MORRIS COLLEGE                      ,TX,75766-2900,Private      ,119,16,135,119,16,135
00358600,LUBBOCK CHRISTIAN UNIVERSITY            ,TX,79407-2099,Private      ,519,253,772,519,253,772
00358800,UNIVERSITY OF MARY HARDIN-BAYLOR        ,TX,76513-2599,Private      ,1780,526,2306,1780,526,2306
00359000,MCLENNAN COMMUNITY COLLEGE              ,TX,76708-1498,Public       ,945,1213,2158,945,1213,2158
00359100,MCMURRY UNIVERSITY                      ,TX,79697-0001,Private      ,904,232,1136,904,232,1136
00359200,MIDWESTERN STATE UNIVERSITY             ,TX,76308-2099,Public       ,1491,784,2275,1491,784,2275
00359300,NAVARRO COLLEGE                         ,TX,75110-4818,Public       ,804,719,1523,804,719,1523
00359400,UNIVERSITY OF NORTH TEXAS               ,TX,76203-1370,Public       ,10457,5050,15507,10457,5050,15507
00359500,OBLATE SCHOOL OF THEOLOGY               ,TX,78216-0000,Private      ,0,1,1,0,1,1
00359600,ODESSA COLLEGE                          ,TX,79764-7127,Public       ,325,478,803,325,478,803
00359800,OUR LADY OF THE LAKE UNIVERSITY         ,TX,78207-4689,Private      ,1166,709,1875,1166,709,1875
00359900,UNIVERSITY OF TEXAS - PAN AMERICAN      ,TX,78541-2999,Public       ,7208,2890,10098,7208,2890,10098
00360000,PANOLA COLLEGE                          ,TX,75633-2397,Public       ,187,193,380,187,193,380
00360100,PARIS JR COLLEGE                        ,TX,75460-6298,Public       ,376,437,813,376,437,813
00360200,PAUL QUINN COLLEGE                      ,TX,75241-4398,Private      ,148,154,302,148,154,302
00360300,RANGER COLLEGE                          ,TX,76470-3298,Public       ,103,70,173,103,70,173
00360400,RICE UNIVERSITY                         ,TX,77251-1892,Private      ,5293,803,6096,5293,803,6096
00360600,SAM HOUSTON STATE UNIVERSITY            ,TX,77340-0000,Public       ,5886,1849,7735,5886,1849,7735
00360700,ALAMO CMTY CLG DISTRICT PROGRAM         ,TX,78207-0000,Public       ,85,105,190,85,105,190
00360800,ST PHILLIPS COLLEGE                     ,TX,78203-2098,Public       ,930,1637,2567,930,1637,2567
00360900,SAN JACINTO CLG-CENTRAL-NORTH-SOUTH     ,TX,77501-0000,Public       ,1297,1699,2996,1297,1699,2996
00361000,SCHREINER UNIVERSITY                    ,TX,78028-5697,Private      ,679,154,833,679,154,833
00361100,SOUTH PLAINS COLLEGE                    ,TX,79336-6504,Public       ,1348,998,2346,1348,998,2346
00361200,UNIV OF HOUSTON-DOWNTOWN                ,TX,77002-1001,Public       ,2268,2721,4989,2268,2721,4989
00361300,SOUTHERN METHODIST UNIVERSITY           ,TX,75275-0181,Private      ,3520,1813,5333,3520,1813,5333
00361400,SOUTHWEST TEXAS JR COLLEGE              ,TX,78801-6221,Public       ,595,468,1063,595,468,1063
00361500,TEXAS STATE UNIVERSITY--SAN MARCOS      ,TX,78666-4602,Public       ,10911,4365,15276,10911,4365,15276
00361600,SOUTHWESTERN ASSEMBLIES OF GOD UNIV     ,TX,75165-2397,Private      ,502,234,736,502,234,736
00361700,SOUTHWESTERN BAPTIST THEOL SEMINARY     ,TX,76122-0000,Private      ,20,59,79,20,59,79
00361800,SOUTHWESTERN CHRISTIAN COLLEGE          ,TX,75160-3400,Private      ,42,12,54,42,12,54
00361900,SOUTHWESTERN ADVENTIST UNIVERSITY       ,TX,76059-1922,Private      ,207,114,321,207,114,321
00362000,SOUTHWESTERN UNIVERSITY                 ,TX,78626-6111,Private      ,1497,60,1557,1497,60,1557
00362100,ST EDWARDS UNIVERSITY                   ,TX,78704-0000,Private      ,2605,942,3547,2605,942,3547
00362300,ST MARY'S UNIV OF SAN ANTONIO           ,TX,78228-8500,Private      ,2305,1333,3638,2305,1333,3638
00362400,STEPHEN F AUSTIN STATE UNIVERSITY       ,TX,75962-0001,Public       ,4954,1020,5974,4954,1020,5974
00362500,SUL ROSS STATE UNIVERSITY               ,TX,79832-0113,Public       ,535,438,973,535,438,973
00362600,TARRANT COUNTY COLLEGE                  ,TX,76102-6599,Public       ,2613,3923,6536,2613,3923,6536
00362700,TEMPLE COLLEGE                          ,TX,76504-7435,Public       ,510,913,1423,510,913,1423
00362800,TEXARKANA COLLEGE                       ,TX,75599-0001,Public       ,470,457,927,470,457,927
00363000,PRAIRIE VIEW A&M UNIVERSITY             ,TX,77446-2967,Public       ,4049,1318,5367,4049,1318,5367
00363100,TARLETON STATE UNIVERSITY               ,TX,76402-0000,Public       ,2301,1359,3660,2301,1359,3660
00363200,TEXAS A&M UNIVERSITY                    ,TX,77842-0000,Public       ,17973,2858,20831,17973,2858,20831
00363400,TEXAS STATE TECHNICAL CLG AT WACO       ,TX,76705-1695,Public       ,642,537,1179,642,537,1179
00363500,TEXAS CHIROPRACTIC COLLEGE              ,TX,77505-1699,Private      ,8,147,155,8,147,155
00363600,TEXAS CHRISTIAN UNIVERSITY              ,TX,76129-0001,Private      ,5160,969,6129,5160,969,6129
00363700,JARVIS CHRISTIAN COLLEGE                ,TX,75765-1470,Private      ,154,33,187,154,33,187
00363800,TEXAS COLLEGE                           ,TX,75702-4500,Private      ,218,136,354,218,136,354
00363900,TEXAS A&M UNIVERSITY-KINGSVILLE         ,TX,78363-8203,Public       ,2468,1065,3533,2468,1065,3533
00364100,TEXAS LUTHERAN UNIVERSITY               ,TX,78155-5999,Private      ,982,77,1059,982,77,1059
00364200,TEXAS SOUTHERN UNIVERSITY               ,TX,77004-4598,Public       ,3499,3166,6665,3499,3166,6665
00364300,TEXAS SOUTHMOST COLLEGE                 ,TX,78520-4992,Public       ,82,90,172,82,90,172
00364400,TEXAS TECH UNIVERSITY                   ,TX,79409-0000,Public       ,9427,3070,12497,9427,3070,12497
00364500,TEXAS WESLEYAN UNIVERSITY               ,TX,76105-1536,Private      ,437,1467,1904,437,1467,1904
00364600,TEXAS WOMAN'S UNIVERSITY                ,TX,76204-5587,Public       ,2560,3924,6484,2560,3924,6484
00364700,TRINITY UNIVERSITY                      ,TX,78212-7200,Private      ,2127,182,2309,2127,182,2309
00364800,TYLER JUNIOR COLLEGE                    ,TX,75701-3436,Public       ,1607,1020,2627,1607,1020,2627
00365100,UNIVERSITY OF DALLAS                    ,TX,75062-4799,Private      ,1262,399,1661,1262,399,1661
00365200,UNIVERSITY OF HOUSTON                   ,TX,77204-2010,Public       ,11860,7150,19010,11860,7150,19010
00365400,UNIVERSITY OF ST THOMAS                 ,TX,77006-4626,Private      ,796,381,1177,796,381,1177
00365600,UNIVERSITY OF TEXAS-ARLINGTON           ,TX,76019-0000,Public       ,6316,5071,11387,6316,5071,11387
00365800,UNIVERSITY OF TEXAS-AUSTIN              ,TX,78713-7758,Public       ,23764,9270,33034,23764,9270,33034
00365900,UT HEALTH CENTER-SAN ANTONIO            ,TX,78229-3900,Public       ,245,1377,1622,245,1377,1622
00366100,UNIVERSITY OF TEXAS-EL PASO             ,TX,79968-0629,Public       ,6070,4025,10095,6070,4025,10095
00366200,VICTORIA COLLEGE (THE)                  ,TX,77901-4494,Public       ,278,517,795,278,517,795
00366300,WAYLAND BAPTIST UNIVERSITY              ,TX,79072-6998,Private      ,347,725,1072,347,725,1072
00366400,WEATHERFORD COLLEGE                     ,TX,76086-5699,Public       ,440,433,873,440,433,873
00366500,WEST TEXAS A&M UNIVERSITY               ,TX,79016-0000,Public       ,1948,938,2886,1948,938,2886
00366800,WHARTON COUNTY JR COLLEGE               ,TX,77488-3298,Public       ,527,455,982,527,455,982
00366900,WILEY COLLEGE                           ,TX,75670-5199,Private      ,231,132,363,231,132,363
00400300,CENTRAL TEXAS COLLEGE                   ,TX,76540-4199,Public       ,622,2268,2890,622,2268,2890
00407221,NORTHWOOD UNIVERSITY                    ,TX,75104-0000,Private      ,247,177,424,247,177,424
00445300,EL CENTRO COLLEGE                       ,TX,75202-0000,Public       ,667,1163,1830,667,1163,1830
00481102,EVEREST INSTITUTE - EVEREST COLLEGE     ,TX,76011-6750,Proprietary  ,17,70,87,17,70,87
00494800,TEXAS A&M UNIV SYSTEM HEALTH SCI CT     ,TX,77840-7896,Public       ,48,531,579,48,531,579
00494801,TEXAS A&M UNIV SYSTEMS-HSC              ,TX,77843-1114,Public       ,212,248,460,212,248,460
00494900,BAYLOR COLLEGE OF MEDICINE              ,TX,77030-0000,Private      ,110,768,878,110,768,878
00495100,UNIV OF TEXAS HEALTH SCIENCE CENTER     ,TX,77225-0000,Public       ,154,1170,1324,154,1170,1324
00495200,UNIV OF TEXAS MEDICAL BRANCH            ,TX,77550-0000,Public       ,127,909,1036,127,909,1036
00497200,GALVESTON COLLEGE                       ,TX,77550-7447,Public       ,224,281,505,224,281,505
00497700,SOUTH TEXAS COLLEGE OF LAW              ,TX,77002-0000,Private      ,11,1049,1060,11,1049,1060
00520307,REMINGTON COLLEGE - DALLAS CAMPUS       ,TX,75041-9935,Proprietary  ,11,24,35,11,24,35
00661200,COVENANT SCH OF NSG & ALLIED HEALTH     ,TX,79410-0000,Private      ,36,60,96,36,60,96
00666100,ANGELINA COLLEGE                        ,TX,75902-0000,Public       ,505,494,999,505,494,999
00694100,DALLAS CHRISTIAN COLLEGE                ,TX,75234-7229,Private      ,70,58,128,70,58,128
00709600,COLLEGE OF THE MAINLAND                 ,TX,77591-2499,Public       ,152,366,518,152,366,518
00728700,BRAZOSPORT COLLEGE                      ,TX,77566-3199,Public       ,173,192,365,173,192,365
00732907,ITT TECHNICAL INSTITUTE                 ,TX,77063-3751,Proprietary  ,47,70,117,47,70,117
00754805,WESTWOOD COLLEGE OF TECHNOLOGY          ,TX,77074-0000,Proprietary  ,62,63,125,62,63,125
00758602,REMINGTON COLLEGE - FORT WORTH CAMPUS   ,TX,76112-1280,Proprietary  ,32,111,143,32,111,143
00835300,LINCOLN COLLEGE OF TECHNOLOGY           ,TX,75052-0000,Proprietary  ,57,74,131,57,74,131
00849800,MIMS CLASSIC BEAUTY COLLEGE             ,TX,78216-0000,Proprietary  ,8,9,17,8,9,17
00850300,MOUNTAIN VIEW COLLEGE                   ,TX,75211-6599,Public       ,646,816,1462,646,816,1462
00850400,RICHLAND COLLEGE                        ,TX,75243-2199,Public       ,791,929,1720,791,929,1720
00851000,EASTFIELD COLLEGE                       ,TX,75150-2099,Public       ,596,1024,1620,596,1024,1620
00907905,EVEREST COLLEGE                         ,TX,75206-5209,Proprietary  ,36,112,148,36,112,148
00908200,INTERNATIONAL BUSINESS COLLEGE          ,TX,79903-0000,Proprietary  ,14,13,27,14,13,27
00916300,SAN ANTONIO COLLEGE                     ,TX,78212-4299,Public       ,2436,3227,5663,2436,3227,5663
00922500,TEXAS STATE TECHNICAL COLLEGE  HARLINGEN,TX,78550-3697,Public       ,1013,646,1659,1013,646,1659
00946600,KAPLAN CAREER INSTITUTE                 ,TX,78216-1899,Proprietary  ,45,265,310,45,265,310
00946607,SAN ANT COL OF MED & DENTAL - MCALLEN   ,TX,78503-1622,Proprietary  ,38,101,139,38,101,139
00946609,CAREER CENTERS OF TX - CORPUS CHRISTI   ,TX,78416-9900,Proprietary  ,33,177,210,33,177,210
00946610,KAPLAN CAREER INSTITUTE - CAREER CENTERS,TX,76103-2310,Proprietary  ,15,104,119,15,104,119
00954900,WESTERN TEXAS COLLEGE                   ,TX,79549-9501,Public       ,146,57,203,146,57,203
00965100,TEXAS A&M INTERNATIONAL UNIVERSITY      ,TX,78041-1900,Public       ,1839,765,2604,1839,765,2604
00974100,UNIVERSITY OF TEXAS AT DALLAS           ,TX,75083-0000,Public       ,3067,2143,5210,3067,2143,5210
00976800,UNIVERSITY OF NORTH TEXAS HEALTH SCIENCE,TX,76107-2699,Public       ,33,687,720,33,687,720
00979700,MIDLAND COLLEGE                         ,TX,79705-6397,Public       ,436,474,910,436,474,910
00982802,EVEREST INSTITUTE- AUSTIN               ,TX,78754-0000,Proprietary  ,12,55,67,12,55,67
00993000,UNIVERSITY OF TEXAS-PERMIAN BASIN       ,TX,79762-0001,Public       ,499,491,990,499,491,990
00993200,TEXAS STATE TECH CLG-WEST TEXAS         ,TX,79556-4108,Public       ,119,147,266,119,147,266
00993201,TEXAS STATE TECH COLLEGE-ABILENE        ,TX,79601-0000,Public       ,52,75,127,52,75,127
00993204,TEXAS STATE TECH CLG-BRECKENRIDGE       ,TX,76424-0000,Public       ,4,31,35,4,31,35
00993205,TEXAS STATE TECH COLLEGE-BROWNWOOD      ,TX,76801-0000,Public       ,33,59,92,33,59,92
01001900,UNIV OF TEXAS SOUTHWESTERN MED CTR      ,TX,75390-9096,Public       ,56,851,907,56,851,907
01005700,AMERICAN COMMERCIAL COLLEGE             ,TX,79602-1399,Proprietary  ,6,18,24,6,18,24
01005900,AMERICAN COMMERCIAL COLLEGE             ,TX,79761-0000,Proprietary  ,3,28,31,3,28,31
01005901,AMERICAN COMMERCIAL COLLEGE - AMERICAN C,TX,76310-2303,Proprietary  ,1,31,32,1,31,32
01006000,VERNON COLLEGE                          ,TX,76384-4092,Public       ,272,541,813,272,541,813
01011500,UNIVERSITY OF TEXAS-SAN ANTONIO         ,TX,78249-0600,Public       ,11972,5140,17112,11972,5140,17112
01013000,WADE COLLEGE                            ,TX,75207-3199,Proprietary  ,39,52,91,39,52,91
01038700,EL PASO COMMUNITY COLLEGE               ,TX,79998-0000,Public       ,4081,3969,8050,4081,3969,8050
01050900,HALLMARK COLLEGE OF AERONAUTICS         ,TX,78214-0000,Proprietary  ,28,84,112,28,84,112
01062400,CENTRAL TEXAS COMMERCIAL COLLEGE        ,TX,75231-5033,Proprietary  ,5,18,23,5,18,23
01063300,HOUSTON COMMUNITY COLLEGE               ,TX,77002-0000,Public       ,816,1335,2151,816,1335,2151
01063303,HOUSTON COMMUNITY COLLEGE - CENTRAL     ,TX,77004-0000,Public       ,728,1833,2561,728,1833,2561
01063304,HOUSTON COMMUNITY COLLEGE - RICE AVIATIO,TX,77061-5001,Public       ,367,805,1172,367,805,1172
01063305,HOUSTON COMMUNITY COLLEGE - NORTHEAST CO,TX,77066-5221,Public       ,531,995,1526,531,995,1526
01063306,HOUSTON COMMUNITY COLLEGE - CENTRAL COLL,TX,77088-6372,Public       ,388,627,1015,388,627,1015
01063339,HOUSTON COMMUNITY COLLEGE - STAFFORD    ,TX,77477-0000,Public       ,411,474,885,411,474,885
01063347,HOUSTON COMMUNITY COLLEGE - SOUTHWEST   ,TX,77081-7849,Public       ,794,1233,2027,794,1233,2027
01063348,HOUSTON COMMUNITY COLLEGE - COLEMAN     ,TX,77030-0000,Public       ,138,623,761,138,623,761
01067400,TEXAS TECH U HEALTH SCIENCES CENTER     ,TX,79430-0000,Public       ,284,992,1276,284,992,1276
01076100,DALLAS INSTITUTE OF FUNERAL SERVICE     ,TX,75227-4314,Private      ,9,29,38,9,29,38
01114500,LONE STAR COLLEGE SYSTEM DISTRICT       ,TX,77073-3499,Public       ,1115,1756,2871,1115,1756,2871
01114501,LONE STAR COLLEGE-KINGWOOD              ,TX,77339-0000,Public       ,240,485,725,240,485,725
01114502,LONE STAR COLLEGE-TOMBALL               ,TX,77375-0000,Public       ,225,433,658,225,433,658
01114503,LONE STAR COLLEGE-MONTGOMERY            ,TX,77384-0000,Public       ,390,708,1098,390,708,1098
01114504,LONE STAR COLLEGE-CY-FAIR               ,TX,77433-1383,Public       ,526,744,1270,526,744,1270
01116100,TEXAS A&M UNIV CORPUS CHRISTI           ,TX,78412-5599,Public       ,3608,1329,4937,3608,1329,4937
01116300,UNIVERSITY OF TEXAS AT TYLER            ,TX,75799-6699,Public       ,1469,1022,2491,1469,1022,2491
01171100,UNIVERSITY OF HOUSTON-CLEAR LAKE        ,TX,77058-1002,Public       ,587,1805,2392,587,1805,2392
01201500,AUSTIN COMMUNITY COLLEGE                ,TX,78752-4390,Public       ,3340,4465,7805,3340,4465,7805
01202000,VICTORIA BEAUTY COLLEGE                 ,TX,77901-6233,Proprietary  ,5,8,13,5,8,13
01226800,BALDWIN BEAUTY SCHOOL #5                ,TX,78704-4785,Proprietary  ,8,19,27,8,19,27
01229700,LAREDO BEAUTY COLLEGE                   ,TX,78040-1051,Proprietary  ,2,30,32,2,30,32
01248200,ATI TECHNICAL TRAINING CENTER           ,TX,75235-4622,Proprietary  ,17,52,69,17,52,69
01248209,ATI CAREER TRAINING CENTER - GARLAND    ,TX,75041-2497,Proprietary  ,1,3,4,1,3,4
01248300,COSMETOLOGY CAREER CENTER               ,TX,75006-2566,Proprietary  ,13,35,48,13,35,48
01248800,INTERNATIONAL BEAUTY COLLEGE NO 3       ,TX,75040-0000,Proprietary  ,2,2,4,2,2,4
01276400,METROPLEX BEAUTY SCHOOL                 ,TX,75149-0000,Proprietary  ,5,12,17,5,12,17
01293000,CHARLES & SUE'S SCH OF HAIR DESIGN      ,TX,77801-0000,Proprietary  ,2,12,14,2,12,14
01293100,VELMA B'S BEAUTY ACADEMY                ,TX,75216-1511,Proprietary  ,3,6,9,3,6,9
01293200,INTERNATIONAL BEAUTY COLLEGE            ,TX,75061-4235,Proprietary  ,1,2,3,1,2,3
01300300,NEILSON BEAUTY COLLEGE                  ,TX,75208-4637,Proprietary  ,2,12,14,2,12,14
01301600,OGLE SCHOOL HAIR SKIN NAILS             ,TX,76013-7401,Proprietary  ,11,39,50,11,39,50
01323100,UNIVERSITY OF HOUSTON-VICTORIA          ,TX,77901-5731,Public       ,98,567,665,98,567,665
02058600,CONLEE'S COLLEGE OF COSMETOLOGY         ,TX,78028-0000,Proprietary  ,1,5,6,1,5,6
02069302,VATTEROTT COLLEGE - VATTEROTT EDUCATION ,TX,75220-5441,Proprietary  ,11,53,64,11,53,64
02074100,CAPITOL CITY TRADE & TECHNICAL SCH      ,TX,78704-0000,Proprietary  ,7,21,28,7,21,28
02077400,NORTH LAKE COLLEGE                      ,TX,75038-0000,Public       ,410,599,1009,410,599,1009
02078100,STEPHENVILLE BEAUTY COLLEGE             ,TX,76401-0000,Proprietary  ,2,4,6,2,4,6
02081400,ARLINGTON BAPTIST COLLEGE               ,TX,76012-0000,Private      ,18,24,42,18,24,42
02093600,SOUTHWEST SCHOOL OF ELECTRONIC          ,TX,78735-0000,Proprietary  ,3,6,9,3,6,9
02098300,WESTERN TECHNICAL COLLEGE               ,TX,79927-2105,Proprietary  ,58,30,88,58,30,88
02100200,BROOKHAVEN COLLEGE                      ,TX,75244-0000,Public       ,405,712,1117,405,712,1117
02113610,AMERICAN INTERCONTINENTAL UNIV - HOUSTON,TX,77042-4516,Proprietary  ,64,197,261,64,197,261
02116008,SANFORD-BROWN COLLEGE - HOUSTON         ,TX,77036-8507,Proprietary  ,27,160,187,27,160,187
02116012,SANFORD-BROWN INSTITUTE - HOUSTON NORTH ,TX,77008-1058,Proprietary  ,19,100,119,19,100,119
02117100,ART INSTITUTE OF HOUSTON                ,TX,77056-0000,Proprietary  ,818,639,1457,818,639,1457
02119200,COURT REPORTING INSTITUTE OF DALLAS     ,TX,75247-6913,Proprietary  ,38,373,411,38,373,411
02119202,COURT REPORTING INSTIUTE OF HOUSTON     ,TX,77040-6315,Proprietary  ,0,1,1,0,1,1
02128302,INSTITUTE FOR BUSINESS & TECHNOLOGY - LA,TX,78230-2520,Proprietary  ,8,15,23,8,15,23
02136800,AMERICAN COMMERCIAL COLLEGE             ,TX,76904-0000,Proprietary  ,8,11,19,8,11,19
02144800,BRADFORD SCHOOL OF BUSINESS             ,TX,77027-9881,Proprietary  ,27,31,58,27,31,58
02176100,PIPO ACADEMY OF HAIR DESIGN             ,TX,79903-0000,Proprietary  ,3,2,5,3,2,5
02188600,AUSTIN BUSINESS COLLEGE                 ,TX,78741-0000,Proprietary  ,8,21,29,8,21,29
02200800,AMERICAN COMMERCIAL COLLEGE             ,TX,79411-0000,Proprietary  ,5,14,19,5,14,19
02218300,SOUTHWEST SCHOOL OF BUSINESS & TECHNICAL,TX,78221-0000,Proprietary  ,17,95,112,17,95,112
02218305,SOUTHWEST SCHOOL OF BUSINESS AND TECHNIC,TX,78501-6053,Proprietary  ,2,6,8,2,6,8
02218306,SOUTHWEST SCHOOL OF BUSINESS AND TECHNIC,TX,78413-2045,Proprietary  ,1,5,6,1,5,6
02224600,TRI-STATE BEAUTY SCHOOL #1              ,TX,79915-0000,Proprietary  ,6,8,14,6,8,14
02230500,OGLE SCHOOL HAIR SKIN NAILS             ,TX,76132-3638,Proprietary  ,21,34,55,21,34,55
02230600,OGLE SCHOOL HAIR SKIN NAILS             ,TX,76053-0000,Proprietary  ,7,27,34,7,27,34
02239100,CENTRAL TEXAS BEAUTY COLLEGE #2         ,TX,78664-0000,Proprietary  ,2,4,6,2,4,6
02248200,MILAN INSTITUTE OF COSMETOLOGY          ,TX,79103-0000,Proprietary  ,41,120,161,41,120,161
02254800,TEXAS VOCATIONAL SCHOOLS                ,TX,77901-0000,Proprietary  ,3,5,8,3,5,8
02259400,AMBERTON UNIVERSITY                     ,TX,75041-0000,Private      ,6,47,53,6,47,53
02261300,EVEREST INSTITUTE                       ,TX,78213-3841,Proprietary  ,7,26,33,7,26,33
02261302,EVEREST INSTITUTE - HOUSTON GREENSPOINT ,TX,77060-3249,Proprietary  ,16,86,102,16,86,102
02261303,EVEREST INSTITUTE - HOUSTON HOBBY       ,TX,77087-2737,Proprietary  ,7,31,38,7,31,38
02267100,EXPOSITO SCHOOL OF HAIR DESIGN          ,TX,79109-0000,Proprietary  ,3,14,17,3,14,17
02276000,FRANKLIN BEAUTY SCHOOL #2               ,TX,77021-0000,Proprietary  ,7,15,22,7,15,22
02285900,UNIVERSITY OF COSMETOLOGY ARTS&SCI      ,TX,78504-0000,Proprietary  ,16,58,74,16,58,74
02294800,CAPITOL CITY CAREERS                    ,TX,78745-0000,Proprietary  ,2,16,18,2,16,18
02298501,EVEREST COLLEGE- FORT WORTH             ,TX,76137-2472,Proprietary  ,11,38,49,11,38,49
02305300,PARKER COLLEGE OF CHIROPRACTIC          ,TX,75229-0000,Private      ,16,585,601,16,585,601
02306700,FORT WORTH BEAUTY SCHOOL                ,TX,76116-3299,Proprietary  ,4,7,11,4,7,11
02312200,TEXAS SCHOOL OF BUSINESS                ,TX,77073-6032,Proprietary  ,12,30,42,12,30,42
02312201,TEXAS SCHOOL OF BUSINESS - SOUTHWEST CAM,TX,77057-0000,Proprietary  ,15,52,67,15,52,67
02312202,TEXAS SCHOOL OF BUSINESS - FRIENDSWOOD C,TX,77546-8938,Proprietary  ,2,8,10,2,8,10
02312203,TEXAS SCHOOL OF BUSINESS - EAST CAMPUS  ,TX,77029-1916,Proprietary  ,7,25,32,7,25,32
02313901,WESTWOOD COLLEGE - DALLAS               ,TX,75243-0000,Proprietary  ,89,124,213,89,124,213
02315400,NORTHEAST TEXAS COMMUNITY COLLEGE       ,TX,75456-0000,Public       ,257,260,517,257,260,517
02318200,"KD STUDIO, ACTOR'S CONSERVATORY         ",TX,75207-2111,Proprietary  ,20,21,41,20,21,41
02320200,HOUSTON GRADUATE SCHOOL OF THEOLOGY     ,TX,77004-0000,Private      ,0,32,32,0,32,32
02326000,SAN ANTONIO BEAUTY COLLEGE NO 3         ,TX,78217-0000,Proprietary  ,2,12,14,2,12,14
02328600,ITT TECHNICAL INSTITUTE                 ,TX,76011-0000,Proprietary  ,51,43,94,51,43,94
02331200,BAPTIST MISSIONARY ASSN THEOL SEM       ,TX,75766-0000,Private      ,1,4,5,1,4,5
02331301,INTERACTIVE LEARNING SYSTEMS            ,TX,77081-0000,Proprietary  ,2,17,19,2,17,19
02331303,INTERACTIVE LEARNING SYSTEMS            ,TX,77502-0000,Proprietary  ,2,14,16,2,14,16
02331304,INTERACTIVE LEARNING SYSTEMS            ,TX,77060-0000,Proprietary  ,2,1,3,2,1,3
02341300,PALO ALTO COLLEGE                       ,TX,78224-0000,Public       ,944,1025,1969,944,1025,1969
02348500,LAMAR STATE COLLEGE-PORT ARTHUR         ,TX,77640-0000,Public       ,206,243,449,206,243,449
02357700,ACADEMY OF HAIR DESIGN                  ,TX,77090-0000,Proprietary  ,13,13,26,13,13,26
02358200,LAMAR STATE COLLEGE-ORANGE              ,TX,77630-0000,Public       ,154,273,427,154,273,427
02361400,COLLIN COUNTY COMMUNITY COLLEGE         ,TX,75071-0000,Public       ,980,1108,2088,980,1108,2088
02362000,UNIVERSAL TECHNICAL INSTITUTE           ,TX,77073-0000,Proprietary  ,1074,433,1507,1074,433,1507
02362800,AUSTIN GRADUATE SCHOOL OF THEOLOGY      ,TX,78752-1333,Private      ,3,7,10,3,7,10
02521200,ARLINGTON CAREER INSTITUTE              ,TX,75050-0000,Proprietary  ,6,34,40,6,34,40
02521800,SEGUIN BEAUTY SCHOOL                    ,TX,78155-0000,Proprietary  ,1,2,3,1,2,3
02527500,HOUSTON TRAINING SCHOOLS                ,TX,77020-0000,Proprietary  ,1,12,13,1,12,13
02530700,SEBRING CAREER SCHOOLS                  ,TX,77083-1510,Proprietary  ,1,2,3,1,2,3
02539600,ART INSTITUTE OF DALLAS                 ,TX,75231-5993,Proprietary  ,497,255,752,497,255,752
02548800,SOUTH TEXAS VO-TECH INSTITUTE           ,TX,78596-0000,Proprietary  ,12,20,32,12,20,32
02548802,SOUTH TEXAS VOCATIONAL TECHNICAL INSTITU,TX,78520-8710,Proprietary  ,6,8,14,6,8,14
02549400,SOUTH TEXAS VO-TECH INSTITUTE           ,TX,78501-0000,Proprietary  ,29,18,47,29,18,47
02555400,UNIV OF TX MD ANDERSON CANCER CTR       ,TX,77030-0000,Public       ,30,73,103,30,73,103
02557400,STAR COLLEGE OF COSMETOLOGY             ,TX,75961-0000,Proprietary  ,0,3,3,0,3,3
02568100,TEXAS BARBER COLLEGES & HAIRSTYLING     ,TX,75208-0000,Proprietary  ,20,103,123,20,103,123
02569300,TEXAS CULINARY ACADEMY                  ,TX,78758-3403,Proprietary  ,285,335,620,285,335,620
02572000,COMPUTER CAREER CENTER                  ,TX,79925-2021,Proprietary  ,6,11,17,6,11,17
02572100,"CAREER ACADEMY, INC.                    ",TX,75501-0000,Proprietary  ,3,7,10,3,7,10
02580100,IVERSON BUSINESS SCH & COURT REPORT     ,TX,76011-1344,Proprietary  ,8,90,98,8,90,98
02591100,CAREER POINT INSTITUTE                  ,TX,78201-2027,Proprietary  ,37,210,247,37,210,247
02591900,CAREER CENTERS OF TEXAS - EL PASO       ,TX,79907-1525,Proprietary  ,39,147,186,39,147,186
02591905,CAREER CENTERS OF TEXAS-BROWNSVILLE     ,TX,78521-9905,Proprietary  ,25,96,121,25,96,121
02596400,REDSTONE COLLEGE - LOS ANGELES          ,TX,77061-0000,Proprietary  ,131,125,256,131,125,256
02596412,WESTWOOD COLLEGE OF AVIATION TECHNOLOGY ,TX,77061-5114,Proprietary  ,10,5,15,10,5,15
02596500,ATI CAREER TRAINING CENTER              ,TX,76180-1599,Proprietary  ,29,104,133,29,104,133
02596600,ATI-CAREER TRAINING CENTER              ,TX,75220-4443,Proprietary  ,45,194,239,45,194,239
02596601,ATI CAREER TRAINING CENTER - RICHARDSON ,TX,75081-6745,Proprietary  ,2,1,3,2,1,3
02600200,OCEAN CORPORATION (THE)                 ,TX,77099-3479,Proprietary  ,17,81,98,17,81,98
02604700,CENTER FOR ADVANCED LEGAL STUDIES       ,TX,77098-4151,Proprietary  ,3,42,45,3,42,45
02606202,EVEREST COLLEGE - EVEREST INSTITUTE - BI,TX,77036-8014,Proprietary  ,9,30,39,9,30,39
02615000,SANFORD-BROWN INSTITUTE                 ,TX,75247-6931,Proprietary  ,80,330,410,80,330,410
03009400,SW SCH BUS & TECH CAREERS               ,TX,78212-2840,Proprietary  ,0,2,2,0,2,2
03010000,VANGUARD INSTITUTE OF TECHNOLOGY        ,TX,78539-0000,Proprietary  ,2,1,3,2,1,3
03010604,VIRGINIA COLLEGE - VIRGINIA COLLEGE AT A,TX,78723-0000,Proprietary  ,17,70,87,17,70,87
03011800,SAN ANTONIO BEAUTY COLLEGE #4           ,TX,78226-1160,Proprietary  ,3,19,22,3,19,22
03019800,PCI HEALTH TRAINING CENTER              ,TX,75247-4720,Proprietary  ,27,66,93,27,66,93
03021500,SW SCH BUS & TECH CAREERS               ,TX,78852-4859,Proprietary  ,9,14,23,9,14,23
03023800,AIMS ACADEMY                            ,TX,75050-0000,Proprietary  ,3,3,6,3,3,6
03025000,TEXAS COLLEGE OF COSMETOLOGY            ,TX,79605-2001,Proprietary  ,5,6,11,5,6,11
03026500,REMINGTON COLLEGE - HOUSTON CAMPUS      ,TX,77082-1849,Proprietary  ,44,229,273,44,229,273
03026501,REMINGTON COLLEGE - NORTH HOUSTON CAMPUS,TX,77067-1849,Proprietary  ,12,34,46,12,34,46
03028800,CIRCLE J BEAUTY SCHOOL                  ,TX,77587-3714,Proprietary  ,3,4,7,3,4,7
03031408,INTERNATIONAL ACADEMY OF DESIGN AND TECH,TX,78229-2263,Proprietary  ,54,88,142,54,88,142
03032300,SCHOOL OF AUTOMOTIVE MACHINISTS         ,TX,77055-1803,Proprietary  ,20,26,46,20,26,46
03035200,JONES BEAUTY COLLEGE                    ,TX,75229-3734,Proprietary  ,2,14,16,2,14,16
03035300,SOUTHERN CAREERS INSTITUTE              ,TX,78704-5252,Proprietary  ,26,91,117,26,91,117
03035301,SOUTHERN CAREERS INSTITUTE              ,TX,78577-0000,Proprietary  ,20,55,75,20,55,75
03035302,SOUTHERN CAREERS INSTITUTE - CORPUS CHRI,TX,78414-2904,Proprietary  ,8,13,21,8,13,21
03035303,SOUTHERN CAREERS INSTITUTE - #1         ,TX,78221-4351,Proprietary  ,3,53,56,3,53,56
03035304,SOUTHERN CAREERS INSTITUTE-LAREDO       ,TX,78041-0000,Proprietary  ,1,4,5,1,4,5
03061800,STAR COLLEGE OF COSMETOLOGY             ,TX,75702-8214,Proprietary  ,8,27,35,8,27,35
03064600,UNIVERSITY OF TEXAS AT BROWNSVILLE      ,TX,78520-4993,Public       ,2885,1971,4856,2885,1971,4856
03071400,ITT TECHNICAL INSTITUTE                 ,TX,78249-3303,Proprietary  ,51,61,112,51,61,112
03075400,ICC TECHNICAL INSTITUTE                 ,TX,77004-2930,Private      ,3,12,15,3,12,15
03076403,HIGH-TECH INSTITUTE - DALLAS            ,TX,75038-4201,Proprietary  ,24,16,40,24,16,40
03079201,WESTWOOD COLLEGE OF TECHNOLOGY          ,TX,76180-0000,Proprietary  ,34,41,75,34,41,75
03091200,CAREERS UNLIMITED                       ,TX,75702-7110,Proprietary  ,2,8,10,2,8,10
03103400,SOUTH TEXAS COLLEGE                     ,TX,78501-6699,Public       ,3476,2258,5734,3476,2258,5734
03104700,TEXAS COLLEGE OF COSMETOLOGY            ,TX,76903-4708,Proprietary  ,5,3,8,5,3,8
03108700,ROYAL BEAUTY CAREERS                    ,TX,77069-4611,Proprietary  ,6,6,12,6,6,12
03111000,MID-CITIES BARBER COLLEGE               ,TX,75051-4810,Proprietary  ,2,11,13,2,11,13
03115800,TEXAS CAREERS                           ,TX,78213-3792,Proprietary  ,12,62,74,12,62,74
03115802,TEXAS CAREERS - LAREDO                  ,TX,78041-6181,Proprietary  ,5,11,16,5,11,16
03115803,TEXAS CAREERS - BEAUMONT                ,TX,77701-3706,Proprietary  ,19,85,104,19,85,104
03115804,TEXAS CAREERS - LUBBOCK                 ,TX,79401-2601,Proprietary  ,21,60,81,21,60,81
03128100,ACADEMY OF HEALTH CARE PROFESSIONS      ,TX,77092-8108,Proprietary  ,14,40,54,14,40,54
03144300,NATIONAL BEAUTY COLLEGE                 ,TX,75041-3433,Proprietary  ,0,2,2,0,2,2
03153300,AMER COLL OF ACUPUNCTURE & O.M.         ,TX,77063-4104,Proprietary  ,2,12,14,2,12,14
03156400,ACADEMY OF ORIENTAL MEDICINE AT AUSTIN  ,TX,78757-1132,Proprietary  ,4,51,55,4,51,55
03159300,ARLINGTON MEDICAL INSTITUTE             ,TX,76011-2645,Proprietary  ,20,28,48,20,28,48
03170300,TEXAS A&M UNIVERSITY-TEXARKANA          ,TX,75501-0000,Public       ,103,317,420,103,317,420
03179500,TEXAS COLG TRADITIONAL CHINESE MED      ,TX,78704-6748,Proprietary  ,3,29,32,3,29,32
03189400,COLLEGE OF SAINT THOMAS MORE            ,TX,76109-2323,Private      ,12,1,13,12,1,13
03237400,FARIS COMPUTER SCHOOL                   ,TX,77627-3829,Proprietary  ,0,3,3,0,3,3
03272300,SOUTHEASTERN CAREER INSTITUTE           ,TX,75234-7288,Proprietary  ,11,54,65,11,54,65
03272301,SOUTHEASTERN CAREER INSTITUTE - MIDLAND ,TX,79703-5531,Proprietary  ,3,16,19,3,16,19
03275300,TOUCH OF CLASS SCHOOL OF COSM           ,TX,75402-6314,Proprietary  ,2,2,4,2,2,4
03276300,ACADEMY OF HAIR DESIGN                  ,TX,75901-4900,Proprietary  ,4,5,9,4,5,9
03277300,ACADEMY OF HAIR DESIGN                  ,TX,77701-4650,Proprietary  ,2,3,5,2,3,5
03371300,TONI&GUY HAIRDRESSING ACADEMY           ,TX,75006-2351,Proprietary  ,17,25,42,17,25,42
03372300,NORTHWEST VISTA COLLEGE                 ,TX,78251-4217,Public       ,1375,1294,2669,1375,1294,2669
03396500,TEXAS STATE TECHNICAL COLG/MARSHALL     ,TX,75672-7402,Public       ,110,97,207,110,97,207
03400300,CAREER QUEST                            ,TX,78229-3539,Proprietary  ,0,12,12,0,12,12
03412300,ADVANCED BARBER COLLEGE & HAIR DESI     ,TX,78596-0000,Proprietary  ,1,2,3,1,2,3
03416500,DALLAS NURSING INSTITUTE                ,TX,75243-5502,Proprietary  ,32,223,255,32,223,255
03422300,MILAN INSTITUTE                         ,TX,78238-3327,Proprietary  ,47,55,102,47,55,102
03422400,COLLEGE OF BIBLICAL STUDIES-HOUSTON     ,TX,77036-3211,Private      ,8,124,132,8,124,132
03424400,MEDVANCE INSTITUTE                      ,TX,77057-7386,Proprietary  ,10,70,80,10,70,80
03424401,MEDVANCE INSTITUTE -                    ,TX,77060-3551,Proprietary  ,0,1,1,0,1,1
03426300,CAREER ADVANCEMENT CENTER               ,TX,78752-1470,Proprietary  ,4,46,50,4,46,50
03509400,CORYELL COSMETOLOGY COLLEGE             ,TX,76528-2036,Proprietary  ,0,2,2,0,2,2
03520300,LUBBOCK HAIR ACADEMY                    ,TX,79410-3524,Proprietary  ,8,8,16,8,8,16
03541300,BEHOLD! BEAUTY ACADEMY                  ,TX,77016-3725,Proprietary  ,3,8,11,3,8,11
03542300,CONCORDE CAREER INSTITUTE               ,TX,76011-4016,Proprietary  ,35,291,326,35,291,326
03551400,STATE BEAUTY ACADEMY                    ,TX,75116-3501,Proprietary  ,2,5,7,2,5,7
03556400,KUSSAD INSTITUTE OF COURT REPORTING     ,TX,78704-5712,Proprietary  ,1,11,12,1,11,12
03563300,ACADEMY OF COSEMTOLOGY                  ,TX,78745-2858,Proprietary  ,6,15,21,6,15,21
03573300,AVIATION INSTITUTE OF MAINTENANCE       ,TX,75209-3017,Proprietary  ,22,82,104,22,82,104
03610300,MJ'S BEAUTY ACADEMY INC                 ,TX,75224-4409,Proprietary  ,2,10,12,2,10,12
03612400,VALLEY GRANDE INSTITUTE FOR ACADEMI     ,TX,78596-0000,Private      ,9,35,44,9,35,44
03627300,LAMAR INSTITUTE OF TECHNOLOGY           ,TX,77705-4142,Public       ,302,456,758,302,456,758
03676400,HEALTHY HAIR ACADEMY                    ,TX,75227-0000,Proprietary  ,2,3,5,2,3,5
03680300,JAY'S TECHNICAL INSTITUTE               ,TX,77031-3509,Proprietary  ,3,6,9,3,6,9
03682400,DALLAS BARBER & STYLIST COLLEGE         ,TX,75231-0000,Proprietary  ,4,23,27,4,23,27
03714300,TREND BARBER COLLEGE                    ,TX,77071-2104,Proprietary  ,8,15,23,8,15,23
03723300,CULINARY INST ALAIN & MARIE LENOTRE     ,TX,77022-4322,Proprietary  ,22,33,55,22,33,55
03727600,CULINARY ACADEMY OF AUSTIN              ,TX,78752-0000,Proprietary  ,29,31,60,29,31,60
03733300,BAPTIST UNIVERSITY OF THE AMERICAS      ,TX,78224-1336,Private      ,16,37,53,16,37,53
03756300,ANAMARC EDUCATIONAL INSTITUTE           ,TX,79930-6230,Proprietary  ,17,20,37,17,20,37
03885400,COMPUTER LABS                           ,TX,79906-5924,Proprietary  ,0,2,2,0,2,2
03885700,HOUSTON'S TRAINING AND EDUCATION CENTER ,TX,77036-2021,Proprietary  ,1,12,13,1,12,13
03922300,SOUTH TEXAS BARBER COLLEGE              ,TX,78415-3463,Proprietary  ,5,4,9,5,4,9
03926300,AMESED                                  ,TX,75081-0000,Proprietary  ,0,1,1,0,1,1
03944400,PROFESSIONAL CAREERS INSTITUTE          ,TX,77036-2252,Proprietary  ,4,13,17,4,13,17
03984300,ALLIED CAREER CENTER                    ,TX,75007-0000,Proprietary  ,1,4,5,1,4,5
03987300,TEXAS HEALTH SCHOOL                     ,TX,77079-2106,Proprietary  ,6,16,22,6,16,22
04036300,SOUTHEAST TEXAS CAREER INSTITUTE        ,TX,77656-8601,Proprietary  ,0,5,5,0,5,5
04045300,NORTHWEST BEAUTY SCHOOL                 ,TX,77091-1208,Proprietary  ,2,6,8,2,6,8
04045400,MAI-TRIX BEAUTY COLLEGE                 ,TX,77040-0000,Proprietary  ,4,4,8,4,4,8
04089400,CCI TRAINING CENTER                     ,TX,76011-4857,Proprietary  ,6,11,17,6,11,17
04117900,CHAMPION BEAUTY COLLEGE                 ,TX,77069-4611,Proprietary  ,7,18,25,7,18,25
04122100,BENCHMARK CAREER INSTITUTE              ,TX,75080-7426,Proprietary  ,0,2,2,0,2,2
04125400,ACADEMY AT AUSTIN (THE)                 ,TX,78660-3287,Proprietary  ,12,13,25,12,13,25
04125500,MANUEL AND THERESA'S SCHOOL OF HAIR DESI,TX,77803-3236,Proprietary  ,1,3,4,1,3,4
04131700,SOUTHWEST CAREER INSTITUTE              ,TX,79925-6230,Proprietary  ,0,1,1,0,1,1
00367000,BRIGHAM YOUNG UNIVERSITY                ,UT,84602-8406,Private      ,4003,2454,6457,4003,2454,6457
00367100,DIXIE STATE COLLEGE OF UTAH             ,UT,84770-3876,Public       ,438,367,805,438,367,805
00367200,LDS BUSINESS COLLEGE                    ,UT,84101-3500,Private      ,133,88,221,133,88,221
00367400,STEVENS HENAGER COLLEGE                 ,UT,84401-1420,Proprietary  ,13,85,98,13,85,98
00367500,UNIVERSITY OF UTAH                      ,UT,84112-9055,Public       ,3957,5425,9382,3957,5425,9382
00367600,COLLEGE OF EASTERN UTAH                 ,UT,84501-2699,Public       ,180,103,283,180,103,283
00367700,UTAH STATE UNIVERSITY                   ,UT,84322-1400,Public       ,2395,2289,4684,2395,2289,4684
00367800,SOUTHERN UTAH UNIVERSITY                ,UT,84720-2470,Public       ,1127,492,1619,1127,492,1619
00367900,SNOW COLLEGE                            ,UT,84627-1299,Public       ,469,97,566,469,97,566
00368000,WEBER STATE UNIVERSITY                  ,UT,84408-1136,Public       ,1410,2601,4011,1410,2601,4011
00368100,WESTMINSTER COLLEGE                     ,UT,84105-3697,Private      ,864,437,1301,864,437,1301
00402700,UTAH VALLEY UNIVERSITY                  ,UT,84058-5999,Public       ,1482,2548,4030,1482,2548,4030
00522000,SALT LAKE COMMUNITY COLLEGE             ,UT,84123-0000,Public       ,973,2002,2975,973,2002,2975
00943300,SHERMAN KENDALL'S ACADEMY OF BEAUTY     ,UT,84106-1836,Proprietary  ,4,7,11,4,7,11
01009800,NEUMONT UNIVERSITY                      ,UT,84095-0000,Proprietary  ,143,32,175,143,32,175
01116500,UINTAH BASIN APPLIED TECHNOLOGY CLG     ,UT,84066-0000,Public       ,1,9,10,1,9,10
01116600,UTAH CAREER COLLEGE                     ,UT,84088-4021,Proprietary  ,17,67,84,17,67,84
02078800,SHERMAN KENDALL'S ACADEMY OF BEAUTY     ,UT,84047-0000,Proprietary  ,0,3,3,0,3,3
02115400,BRIDGERLAND APPLIED TECHNOLOGY COLLEGE  ,UT,84321-0000,Public       ,29,93,122,29,93,122
02156600,DAVIS APPLIED TECHNOLOGY COLLEGE        ,UT,84037-0000,Public       ,28,159,187,28,159,187
02178500,EAGLE GATE COLLEGE                      ,UT,84123-0000,Proprietary  ,8,123,131,8,123,131
02270800,AMERITECH COLLEGE                       ,UT,84604-6927,Proprietary  ,8,51,59,8,51,59
02270802,AMERITECH COLLEGE - DRAPER              ,UT,84020-6545,Proprietary  ,1,32,33,1,32,33
02298500,EVEREST COLLEGE                         ,UT,84119-2668,Proprietary  ,5,24,29,5,24,29
02346500,OGDEN-WEBER APPLIED TECHNOLOGY COLG     ,UT,84404-0000,Public       ,29,131,160,29,131,160
02360800,PROVO COLLEGE                           ,UT,84601-0000,Proprietary  ,22,58,80,22,58,80
02361000,ITT TECHNICAL INSTITUTE                 ,UT,84123-0000,Proprietary  ,12,28,40,12,28,40
02504000,MARINELLO SCHOOL OF BEAUTY              ,UT,84041-0000,Proprietary  ,2,11,13,2,11,13
02516100,STACEY'S HANDS OF CHAMPIONS BTY CLG     ,UT,84405-0000,Proprietary  ,5,7,12,5,7,12
02531800,VON CURTIS ACADEMY OF HAIR DESIGN       ,UT,84606-0000,Proprietary  ,65,33,98,65,33,98
02556800,HAIRITAGE COLLEGE OF BEAUTY             ,UT,84117-7204,Proprietary  ,5,8,13,5,8,13
02557700,PREMIER HAIR ACADEMY                    ,UT,84120-3603,Proprietary  ,1,10,11,1,10,11
02572700,EVANS HAIRSTYLING COLLEGE               ,UT,84770-0000,Proprietary  ,1,4,5,1,4,5
02572800,VISTA COLLEGE                           ,UT,84015-0000,Proprietary  ,3,6,9,3,6,9
02572801,CERTIFIED CAREERS INSTITUTE             ,UT,84015-0000,Proprietary  ,1,10,11,1,10,11
02573100,EVANS HAIRSTYLING COLLEGE               ,UT,84720-0000,Proprietary  ,4,6,10,4,6,10
02612200,MARINELLO SCHOOL OF BEAUTY              ,UT,84604-1585,Proprietary  ,16,11,27,16,11,27
03030600,UTAH COLLEGE OF MASSAGE THERAPY         ,UT,84111-1606,Proprietary  ,39,82,121,39,82,121
03030601,UTAH CLG OF MASSAGE THER-PROVO CMPS     ,UT,84042-0000,Proprietary  ,3,1,4,3,1,4
03082100,MYOTHERAPY COLLEGE OF UTAH              ,UT,84115-2522,Proprietary  ,3,9,12,3,9,12
03108200,ECHELON EDGE ACADEMY OF HAIR SKIN & NAIL,UT,84070-2004,Proprietary  ,0,4,4,0,4,4
03110400,HAIRITAGE HAIR ACADEMY                  ,UT,84770-5233,Proprietary  ,1,6,7,1,6,7
03339400,WESTERN GOVERNORS UNIVERSITY            ,UT,84107-2533,Private      ,46,2251,2297,46,2251,2297
03413300,MOUNTAINLAND APPLIED TECHNOLOGY COLLEGE ,UT,84058-5857,Public       ,6,23,29,6,23,29
03463300,CAREERS UNLIMITED                       ,UT,84058-0000,Proprietary  ,8,32,40,8,32,40
03617300,HEALING MOUNTAIN MASSAGE SCHOOL         ,UT,84111-3232,Proprietary  ,2,12,14,2,12,14
03829500,SKINWORKS SCHOOL OF ADVANCED SKINCARE   ,UT,84115-0000,Proprietary  ,3,8,11,3,8,11
03838300,OGDEN INSTITUTE OF MASSAGE THERAPY      ,UT,84403-0000,Proprietary  ,3,2,5,3,2,5
03902300,RENAISSANCE SCHOOL OF THERAPEUTIC MASSAG,UT,84010-2835,Proprietary  ,1,1,2,1,1,2
03909300,MAXIMUM STYLE TEC SCHOOL OF COSMETOLOGY ,UT,84323-4679,Proprietary  ,2,5,7,2,5,7
03921300,CAMEO COLLEGE OF ESSENTIAL BEAUTY       ,UT,84115-0000,Proprietary  ,16,18,34,16,18,34
04054300,SOUTHWEST APPLIED TECHNOLOGY COLLEGE    ,UT,84720-6608,Public       ,0,7,7,0,7,7
04072300,DALLAS ROBERTS ACADEMY OF HAIR DESIGN & ,UT,84604-1008,Proprietary  ,6,9,15,6,9,15
04118100,IMAGEWORKS ACADEMY OF HAIR DESIGN       ,UT,84660-1210,Proprietary  ,2,6,8,2,6,8
04121700,DIXIE APPLIED TECHNOLOGY COLLEGE        ,UT,84770-3025,Public       ,62,31,93,62,31,93
00368200,BENNINGTON COLLEGE                      ,VT,05201-6001,Private      ,749,168,917,749,168,917
00368300,CASTLETON STATE COLLEGE                 ,VT,05735-0000,Public       ,1967,165,2132,1967,165,2132
00368400,CHAMPLAIN COLLEGE                       ,VT,05401-3950,Private      ,2608,303,2911,2608,303,2911
00368402,WOODBURY COLLEGE                        ,VT,05602-0000,Private      ,7,54,61,7,54,61
00368500,COLLEGE OF ST JOSEPH                    ,VT,05701-3899,Private      ,116,67,183,116,67,183
00368600,GODDARD COLLEGE                         ,VT,05667-0000,Private      ,30,289,319,30,289,319
00368700,GREEN MOUNTAIN COLLEGE                  ,VT,05764-1199,Private      ,852,60,912,852,60,912
00368800,JOHNSON STATE COLLEGE                   ,VT,05656-9898,Public       ,979,355,1334,979,355,1334
00368900,LYNDON STATE COLLEGE                    ,VT,05851-0919,Public       ,1219,164,1383,1219,164,1383
00369000,MARLBORO COLLEGE                        ,VT,05344-0300,Private      ,351,36,387,351,36,387
00369100,MIDDLEBURY COLLEGE                      ,VT,05753-0000,Private      ,2898,292,3190,2898,292,3190
00369200,NORWICH UNIVERSITY                      ,VT,05663-1035,Private      ,1987,526,2513,1987,526,2513
00369300,SOUTHERN VERMONT COLLEGE                ,VT,05201-6002,Private      ,451,73,524,451,73,524
00369400,ST MICHAELS COLLEGE                     ,VT,05439-0001,Private      ,2812,79,2891,2812,79,2891
00369600,UNIVERSITY OF VERMONT                   ,VT,05405-0160,Public       ,14376,1831,16207,14376,1831,16207
00369800,VERMONT TECHNICAL COLLEGE               ,VT,05061-0000,Public       ,786,271,1057,786,271,1057
00857500,SALON PROFESSIONAL ACADEMY (THE)        ,VT,05495-4001,Proprietary  ,26,21,47,26,21,47
00865800,O'BRIEN'S TRAINING CENTER               ,VT,05403-7747,Proprietary  ,8,6,14,8,6,14
00886000,SIT                                     ,VT,05301-4801,Private      ,9,295,304,9,295,304
01116700,COMMUNITY COLLEGE OF VERMONT            ,VT,05676-1552,Public       ,348,629,977,348,629,977
01193400,VERMONT LAW SCHOOL                      ,VT,05068-0000,Private      ,1,822,823,1,822,823
01218300,BURLINGTON COLLEGE                      ,VT,05401-8477,Private      ,75,45,120,75,45,120
02143500,STERLING COLLEGE                        ,VT,05827-0000,Private      ,89,11,100,89,11,100
02254000,NEW ENGLAND CULINARY INSTITUTE          ,VT,05602-0000,Proprietary  ,274,130,404,274,130,404
02532600,LANDMARK COLLEGE                        ,VT,05346-0000,Private      ,176,14,190,176,14,190
03708300,BURLINGTON TECHNICAL CENTER             ,VT,05401-2721,Public       ,3,1,4,3,1,4
00392800,CASPER COLLEGE                          ,WY,82601-4612,Public       ,429,250,679,429,250,679
00392900,EASTERN WYOMING COLLEGE                 ,WY,82240-1603,Public       ,170,55,225,170,55,225
00393000,SHERIDAN COLLEGE                        ,WY,82801-9133,Public       ,309,164,473,309,164,473
00393100,NORTHWEST COLLEGE                       ,WY,82435-1895,Public       ,379,127,506,379,127,506
00393200,UNIVERSITY OF WYOMING                   ,WY,82071-3663,Public       ,3492,1689,5181,3492,1689,5181
00393300,WESTERN WYOMING COMMUNITY COLLEGE       ,WY,82902-0000,Public       ,220,169,389,220,169,389
00728900,CENTRAL WYOMING COLLEGE                 ,WY,82501-0000,Public       ,199,151,350,199,151,350
00915700,WYOMING TECHNICAL INSTITUTE             ,WY,82072-9519,Proprietary  ,1251,392,1643,1251,392,1643
00925900,LARAMIE COUNTY COMMUNITY CLG            ,WY,82007-3299,Public       ,436,455,891,436,455,891
02211900,CHEEKS INTERNATIONAL ACDMY              ,WY,82001-0000,Proprietary  ,6,13,19,6,13,19
03291300,BUSINESS SKILLS INSTITUTE A DEPARTMENT O,WY,82930-0000,Public       ,2,2,4,2,2,4
00393500,UNIV OF GUAM                            ,GU,96923-0000,Public       ,323,300,623,323,300,623
01536100,GUAM COMMUNITY COLLEGE                  ,GU,96921-0000,Public       ,101,178,279,101,178,279
03438300,PACIFIC ISLANDS BIBLE COLLEGE           ,GU,96913-2619,Private      ,5,5,10,5,5,10
00393600,PONTIFICAL CATHOLIC UNIV OF PR          ,PR,00717-0777,Private      ,915,599,1514,915,599,1514
00393700,UNIVERSITY OF THE SACRED HEART          ,PR,00914-0383,Private      ,375,202,577,375,202,577
00393800,INTER-AMER UNIV PR-CNTRL ADMN           ,PR,00936-0000,Private      ,186,428,614,186,428,614
00393801,INTER-AMER UNIV PR SCHL LAW             ,PR,00936-8351,Private      ,1,71,72,1,71,72
00393803,INTER AMERICAN UNIVERSITY OF PR         ,PR,00683-0000,Private      ,390,241,631,390,241,631
00393804,INTER-AMER UNIV PR-RECINTO AGUADILA     ,PR,00605-2000,Private      ,183,206,389,183,206,389
00393805,INTER-AMER UNIV PR-ARECIBO CAMPUS       ,PR,00614-4050,Private      ,299,275,574,299,275,574
00393806,INTER-AMER UNIV PR-BARRANQUITAS REG     ,PR,00794-0517,Private      ,176,85,261,176,85,261
00393807,INTER-AMER UNIV PR-FAJARDO REGIONAL     ,PR,00738-0000,Private      ,67,82,149,67,82,149
00393808,INTER-AMER UNIV PR - GUAYAMA CAMPUS     ,PR,00785-4004,Private      ,105,144,249,105,144,249
00393809,INTER-AMER UNIV PR-PONCE REGIONAL       ,PR,00715-0000,Private      ,441,464,905,441,464,905
00393810,INTER-AMER UNIV PR - SCH OF OPTOMETRY   ,PR,00918-0000,Private      ,1,29,30,1,29,30
00393811,INTER-AMER UNIV PR-BAYAMON REG CLG      ,PR,00959-0000,Private      ,301,139,440,301,139,440
00394100,COLEGIO UNIVERSITARIO DEL ESTE          ,PR,00983-0000,Private      ,202,482,684,202,482,684
00394200,UNIVERSITY OF PR-CENTRAL ADMINISTRATION ,PR,00936-4984,Public       ,137,79,216,137,79,216
00394201,UNIVERSITY OF PR-RIO PIEDRAS CAMPUS     ,PR,00931-3300,Public       ,1205,438,1643,1205,438,1643
00394202,UNIV OF PUERTO RICO-MAYAGUEZ CAMPUS     ,PR,00681-5000,Public       ,1417,372,1789,1417,372,1789
00394203,"UNIVERSITY OF PR, MED. SCIENCES CAMPUS  ",PR,00936-5067,Public       ,77,108,185,77,108,185
00394204,"UNIVERSITY OF PUERTO RICO, CAYEY CAMPUS ",PR,00736-0000,Public       ,667,196,863,667,196,863
00394205,"UNIVERSITY OF PR, HUMACAO CAMPUS        ",PR,00791-4057,Public       ,186,41,227,186,41,227
00394206,UNIVERSITY OF PR-AGUADILLA CAMPUS       ,PR,00604-6150,Public       ,182,58,240,182,58,240
00394207,UNIVERSITY OF PUERTO RICO-ARECIBO CAMPUS,PR,00614-0000,Public       ,626,98,724,626,98,724
00394208,UNIVERSITY OF PUERTO RICO-BAYAMON CAMPUS,PR,00959-0000,Public       ,625,98,723,625,98,723
00394209,UNIVERSITY OF PUERTO RICO-CAROLINA      ,PR,00984-4800,Public       ,305,62,367,305,62,367
00394210,UNIVERSITY OF PUERTO RICO-PONCE         ,PR,00732-0000,Public       ,428,71,499,428,71,499
00394211,"UNIVERSITY OF PR, UTUADO CAMPUS         ",PR,00641-0000,Public       ,85,29,114,85,29,114
00501900,UNIV ADVENTISTA DE LAS ANTILLAS         ,PR,00681-0118,Private      ,32,22,54,32,22,54
00502200,BAYAMON CENTRAL UNIVERSITY              ,PR,00960-0000,Private      ,46,51,97,46,51,97
00890200,COLUMBIA CENTRO UNIVERSITARIO           ,PR,00726-0000,Proprietary  ,11,21,32,11,21,32
01056700,COLEGIO TECNOLOGICO DE SAN JUAN         ,PR,00918-2973,Public       ,22,29,51,22,29,51
01072400,CARLOS ALBIZU UNIVERSITY                ,PR,00902-3711,Private      ,6,81,87,6,81,87
01081900,CONSERVATORIO DE MUSICA DE PUERTO RICO  ,PR,00907-3373,Public       ,22,5,27,22,5,27
01120300,RYDER MEMORIAL HOSP SCH OF NURSING      ,PR,00792-0000,Private      ,0,1,1,0,1,1
01171900,UNIVERSIDAD DEL TURABO                  ,PR,00778-0000,Private      ,829,1357,2186,829,1357,2186
01194000,ICPR JUNIOR COLLEGE                     ,PR,00919-0000,Proprietary  ,8,10,18,8,10,18
01194100,AMERICAN UNIVERSITY OF PUERTO RICO      ,PR,00960-2037,Private      ,49,59,108,49,59,108
01194101,AMERICAN UNIVERSITY OF PUERTO RICO      ,PR,00674-0000,Private      ,52,68,120,52,68,120
01252500,CARIBBEAN UNIVERSITY                    ,PR,00960-0493,Private      ,54,89,143,54,89,143
01314800,RAMIREZ COLLEGE OF BUS & TECH           ,PR,00918-0000,Proprietary  ,14,58,72,14,58,72
02063100,MBTI BUSINESS TRNG INSTITUTE            ,PR,00907-3917,Proprietary  ,10,17,27,10,17,27
02100000,POLYTECHNIC UNIVERSITY OF PR            ,PR,00917-0000,Private      ,305,206,511,305,206,511
02163300,UNIVERSIDAD CENTRAL DEL CARIBE          ,PR,00960-0000,Private      ,8,61,69,8,61,69
02165100,EDP COLLEGE OF PUERTO RICO              ,PR,00919-0000,Proprietary  ,25,88,113,25,88,113
02166400,INSTITUTO DE BANCA Y COMERCIO           ,PR,00925-0000,Proprietary  ,739,1196,1935,739,1196,1935
02170300,INST EDUC TECNIA OCUP LA REINA          ,PR,00674-0000,Proprietary  ,0,1,1,0,1,1
02189100,CENTRO DE ESTUDIOS MULTIDISCIPLIN       ,PR,00926-0000,Private      ,1,4,5,1,4,5
02189300,EMMA'S BEAUTY ACADEMY                   ,PR,00680-0000,Proprietary  ,2,2,4,2,2,4
02195400,MODERN HAIRSTYLING INSTITUTE            ,PR,00960-0000,Proprietary  ,1,0,1,1,0,1
02195800,LICEO E ARTE Y TECNOLGIA                ,PR,00919-0000,Private      ,37,41,78,37,41,78
02241904,COMMONWEALTH OF PR DEPT OF EDUC - ITPR R,PR,00655-0000,Public       ,6,5,11,6,5,11
02241905,COMMONWEALTH OF PR DEPT OF EDUC - JOSE A,PR,00674-0000,Public       ,60,17,77,60,17,77
02241907,COMMONWEALTH OF PR DEPT OF EDUC - ITPR R,PR,00928-0000,Public       ,4,9,13,4,9,13
02241908,COMMONWEALTH OF PR DEPT OF EDUC - ITPR R,PR,00732-0000,Public       ,31,20,51,31,20,51
02241909,COMMONWEALTH OF PR DEPT OF EDUC - TROQUE,PR,00959-0000,Public       ,1,0,1,1,0,1
02260600,NATIONAL COLLEGE OF BUSINESS & TECH     ,PR,00960-2036,Proprietary  ,555,831,1386,555,831,1386
02260601,NATIONAL COLLEGE OF BUSINESS & TECHNOLOG,PR,00612-0000,Proprietary  ,3,7,10,3,7,10
02260602,NATIONAL COLLEGE OF BUSINESS & TECHNOLOG,PR,00745-9903,Proprietary  ,3,6,9,3,6,9
02260800,HUERTAS JUNIOR COLLEGE                  ,PR,00726-0000,Proprietary  ,19,5,24,19,5,24
02297700,AUTOMECA TECHNICAL COLLEGE              ,PR,00957-0000,Proprietary  ,37,34,71,37,34,71
02303800,AMERICAN EDUCATIONAL COLLEGE            ,PR,00961-0000,Proprietary  ,0,2,2,0,2,2
02335500,COLEGIO BIBLICO PENTECOSTAL DE PR       ,PR,00978-0000,Private      ,1,2,3,1,2,3
02340600,HUMACAO COMMUNITY COLLEGE               ,PR,00792-0000,Private      ,6,5,11,6,5,11
02343600,INSTITUTE OF BEAUTY CAREERS             ,PR,00613-0000,Proprietary  ,30,26,56,30,26,56
02482400,PONCE SCHOOL OF MEDICINE                ,PR,00716-2347,Private      ,2,127,129,2,127,129
02502400,SERBIA'S SCHOOL OF BEAUTY CULTURE       ,PR,00785-0000,Proprietary  ,5,3,8,5,3,8
02505400,ATLANTIC COLLEGE                        ,PR,00970-0000,Private      ,15,4,19,15,4,19
02534900,PONCE PARAMEDICAL COLLEGE (POPAC)       ,PR,00731-0000,Proprietary  ,67,77,144,67,77,144
02549700,ACADEMIA MAISON D'ESTHETIQUE            ,PR,00907-0000,Proprietary  ,2,12,14,2,12,14
02552300,COLEGIO MAYOR DE TECHNOLOGIA            ,PR,00714-0000,Proprietary  ,14,38,52,14,38,52
02562500,INTERNATIONAL TECHNICAL COLLEGE         ,PR,00918-0000,Proprietary  ,1,1,2,1,1,2
02563500,ROGIES SCHOOL OF BEAUTY CULTURE         ,PR,00910-0000,Proprietary  ,0,1,1,0,1,1
02566800,PUERTO RICO TECH JUNIOR COLLEGE         ,PR,00917-0000,Proprietary  ,1,0,1,1,0,1
02569400,ESCUELA DE ARTES PLASTICAS              ,PR,00902-1112,Public       ,48,33,81,48,33,81
02570400,EDUCATIONAL TECHNICAL COLLEGE           ,PR,00925-3404,Proprietary  ,18,28,46,18,28,46
02576100,ESCUELA TECNICA DE ELECTRICIDAD         ,PR,00731-0000,Proprietary  ,31,51,82,31,51,82
02587500,UNIVERSIDAD METROPOLITANA               ,PR,00928-1150,Private      ,317,515,832,317,515,832
02588600,SEMINARIO EVANGELICO DE PUERTO RICO     ,PR,00925-0000,Private      ,0,3,3,0,3,3
03021900,EDIC COLLEGE                            ,PR,00726-0000,Proprietary  ,13,10,23,13,10,23
03025500,MECH TECH COLLEGE                       ,PR,00725-6118,Proprietary  ,266,102,368,266,102,368
03025900,"LICEO DE ARTE, DISENOS Y COMERCIO       ",PR,00726-0000,Proprietary  ,26,20,46,26,20,46
03029700,"UNIVERSAL TECHNOLOGY CLG OF PR, INC     ",PR,00605-1955,Private      ,74,143,217,74,143,217
03070500,D'MART INSTITUTE                        ,PR,00794-3517,Proprietary  ,113,181,294,113,181,294
03085700,PROFESSIONAL TECHNICAL INSTITUTION      ,PR,00960-7061,Proprietary  ,1,0,1,1,0,1
03104400,PROFESSIONAL ELECTRIC SCHOOL            ,PR,00674-1797,Proprietary  ,1,5,6,1,5,6
03106900,ESCUELA DE PERITOS ELECTRICITAS         ,PR,00662-0457,Proprietary  ,0,8,8,0,8,8
03112100,JOHN DEWEY COLLEGE                      ,PR,00915-9538,Private      ,78,185,263,78,185,263
03112101,JOHN DEWEY COLLEGE                      ,PR,00986-0000,Private      ,3,5,8,3,5,8
03112104,JOHN DEWEY COLLEGE - YABUCOA LRNING SITE,PR,00767-0767,Private      ,1,1,2,1,1,2
03112106,JOHN DEWEY COLLEGE - ARROYO BRANCH      ,PR,00714-0714,Private      ,3,16,19,3,16,19
03112107,JOHN DEWEY COLLEGE - JUANA DIAZ BRANCH  ,PR,00795-0000,Private      ,69,134,203,69,134,203
03115900,TRINITY COLLEGE OF PUERTO RICO          ,PR,00734-0000,Private      ,1,1,2,1,1,2
03122500,ACADEMIA SERRANT INC.                   ,PR,00717-1568,Proprietary  ,7,21,28,7,21,28
03123100,GLOBELLE TECHNICAL INSTITUTE            ,PR,00693-4218,Proprietary  ,5,5,10,5,5,10
03157600,"COLEGIO DE CINEMATOGRAFIA, ARTES Y TELEV",PR,00961-6345,Proprietary  ,0,2,2,0,2,2
03177300,SAN JUAN BAUTISTA SCH OF MEDICINE       ,PR,00726-0000,Private      ,1,76,77,1,76,77
03326300,UNIVERSAL CAREER COMMUNITY COLLEGE      ,PR,00907-0000,Proprietary  ,1,6,7,1,6,7
03336300,CENTURY COLLEGE                         ,PR,00603-4802,Proprietary  ,1,2,3,1,2,3
03452300,INSTITUTO PRE-VOCACIONAL E INDUSTRI     ,PR,00613-1800,Private      ,1,0,1,1,0,1
03469300,IVAEM COLLEGE                           ,PR,00725-0000,Proprietary  ,2,0,2,2,0,2
03531300,COLEGIO PENTECOSTAL MIZPA               ,PR,00928-0966,Private      ,1,0,1,1,0,1
03544300,ATENAS COLLEGE                          ,PR,00674-0000,Private      ,3,5,8,3,5,8
03608300,CARIBBEAN FORENSIC & TECHNICAL COLL     ,PR,00926-0000,Proprietary  ,1,3,4,1,3,4
03735400,"CHARLIES GUARD,DETECTIVE BUREAU&ACA     ",PR,00605-0000,Proprietary  ,1,0,1,1,0,1
03751300,ESCUELA HOTELERA DE SAN JUAN            ,PR,00917-0091,Proprietary  ,8,5,13,8,5,13
03781400,INDUSTRIAL TECHNICAL COLLEGE            ,PR,00792-0000,Proprietary  ,3,5,8,3,5,8
03800400,INSTITUTE OF BEAUTY OCCUPATIONS AND TECH,PR,00676-5071,Proprietary  ,0,7,7,0,7,7
03843300,ADVANCED TECH COLLEGE                   ,PR,00961-6321,Proprietary  ,1,0,1,1,0,1
03849300,AGUADILLA TECHNICAL COLLEGE             ,PR,00603-0000,Proprietary  ,1,1,2,1,1,2
04030300,ASPIRA  DE PUERTO RICO                  ,PR,00987-0000,Private      ,0,1,1,0,1,1
00394600,UNIVERSITY OF THE VIRGIN ISLANDS        ,VI,00802-6000,Public       ,485,273,758,485,273,758
00394601,UNIV OF THE VIRGIN ISLANDS-ST CROIX     ,VI,00850-0000,Public       ,164,118,282,164,118,282
00667400,CANADIAN THEOLOGICAL SEMINARY           ,CN,00000-0000,Private      ,2,0,2,2,0,2
00667700,MCGILL UNIVERSITY                       ,CN,00000-0000,Public       ,1382,196,1578,1382,196,1578
00667900,QUEEN'S UNIVERSITY AT KINGSTON          ,CN,00000-0000,Public       ,78,11,89,78,11,89
00668100,ST FRANCIS XAVIER UNIVERSITY            ,CN,00000-0000,Public       ,22,2,24,22,2,24
00668200,ST THOMAS UNIVERSITY                    ,CN,00000-0000,Public       ,8,1,9,8,1,9
00668300,UNIVERSITY OF GUELPH                    ,CN,00000-0000,Public       ,25,23,48,25,23,48
00668400,UNIVERSITY OF MANITOBA                  ,CN,00000-0000,Public       ,9,7,16,9,7,16
00668500,UNIVERSITY OF NEW BRUNSWICK (THE)       ,CN,00000-0000,Public       ,9,10,19,9,10,19
00668600,UNIVERSITY OF OTTAWA                    ,CN,00000-0000,Public       ,23,8,31,23,8,31
00668800,UNIVERSITY OF TORONTO                   ,CN,00000-0000,Public       ,171,220,391,171,220,391
00668900,UNIVERSITY OF WINDSOR                   ,CN,00000-0000,Public       ,10,29,39,10,29,39
00683700,UNIVERSITE LAVAL                        ,CN,00000-0000,Public       ,4,9,13,4,9,13
00683800,DALHOUSIE UNIVERSITY                    ,CN,00000-0000,Public       ,95,25,120,95,25,120
00685200,BISHOP'S UNIVERSITY                     ,CN,00000-0000,Private      ,17,0,17,17,0,17
00685300,MCMASTER UNIVERSITY                     ,CN,00000-0000,Public       ,9,15,24,9,15,24
00767900,YORK UNIVERSITY                         ,CN,00000-0000,Public       ,59,49,108,59,49,108
00787400,UNIVERSITY AT CALGARY (THE)             ,CN,00000-0000,Public       ,11,16,27,11,16,27
00814800,UNIVERSITY OF WINNIPEG                  ,CN,00000-0000,Public       ,0,1,1,0,1,1
00836200,UNIVERSITY OF ALBERTA (THE)             ,CN,00000-0000,Public       ,18,22,40,18,22,40
00836300,MOUNT SAINT VINCENT UNIVERSITY          ,CN,00000-0000,Private      ,2,2,4,2,2,4
00836400,SAINT MARY'S UNIVERSITY                 ,CN,00000-0000,Public       ,16,2,18,16,2,18
00836500,CONCORDIA UNIVERSITY - SIR GEORGE W     ,CN,00000-0000,Public       ,151,73,224,151,73,224
00836600,UNIVERSITE DE MONTREAL                  ,CN,00000-0000,Public       ,7,18,25,7,18,25
00836800,CARLETON UNIVERSITY                     ,CN,00000-0000,Public       ,30,18,48,30,18,48
00836900,UNIVERSITY OF BRITISH COLUMBIA          ,CN,00000-0000,Public       ,494,257,751,494,257,751
00837000,"SAFA, UNIVERSITY OF VICTORIA            ",CN,00000-0000,Public       ,73,31,104,73,31,104
00844400,SIMON FRASER UNIVERSITY                 ,CN,00000-0000,Public       ,46,52,98,46,52,98
00844600,UNIVERSITY OF WESTERN ONTARIO (THE)     ,CN,00000-0000,Public       ,21,24,45,21,24,45
00844800,UNIVERSITY OF REGINA                    ,CN,00000-0000,Public       ,4,4,8,4,4,8
00844900,ACADIA UNIVERSITY                       ,CN,00000-0000,Public       ,37,1,38,37,1,38
00852600,UNIVERSITY OF WATERLOO                  ,CN,00000-0000,Public       ,27,5,32,27,5,32
00858200,WILFRID LAURIER UNIVERSITY              ,CN,00000-0000,Public       ,6,1,7,6,1,7
00891300,LAKEHEAD UNIVERSITY                     ,CN,00000-0000,Public       ,1,1,2,1,1,2
00918000,LAURENTIAN UNIVERSITY OF SUDBURY        ,CN,00000-0000,Public       ,0,2,2,0,2,2
00925200,BROCK UNIVERSITY                        ,CN,00000-0000,Public       ,7,5,12,7,5,12
00936700,UNIVERSITY OF PRINCE EDWARD ISLAND      ,CN,00000-0000,Public       ,6,44,50,6,44,50
00942100,BRANDON UNIVERSITY                      ,CN,00000-0000,Public       ,3,2,5,3,2,5
00948600,TRINITY WESTERN UNIVERSITY              ,CN,00000-0000,Private      ,247,16,263,247,16,263
00950000,MEMORIAL UNIVERSITY OF NEWFOUNDLAND     ,CN,00000-0000,Public       ,4,4,8,4,4,8
00950100,UNIVERSITY OF KING'S COLLEGE            ,CN,00000-0000,Public       ,13,0,13,13,0,13
00950300,MOUNT ALLISON UNIVERSITY                ,CN,00000-0000,Public       ,19,0,19,19,0,19
00950500,TRENT UNIVERSITY                        ,CN,00000-0000,Public       ,8,1,9,8,1,9
00969700,LETHBRIDGE COLLEGE                      ,CN,00000-0000,Public       ,4,1,5,4,1,5
00969800,MEDICINE HAT COLLEGE                    ,CN,00000-0000,Public       ,1,1,2,1,1,2
00970100,SENECA COLG OF APPLIED ARTS & TECH      ,CN,00000-0000,Public       ,7,4,11,7,4,11
01012300,NOVA SCOTIA COLLEGE OF ART & DESIGN     ,CN,00000-0000,Public       ,6,11,17,6,11,17
01022100,SAINT PAUL UNIVERSITY                   ,CN,00000-0000,Public       ,0,1,1,0,1,1
01045800,SHERIDAN COLLEGE OF APPLIED ARTS AN     ,CN,00000-0000,Public       ,10,4,14,10,4,14
01067500,REGENT COLLEGE                          ,CN,00000-0000,Private      ,2,47,49,2,47,49
01070300,UNIVERSITY OF LETHBRIDGE                ,CN,00000-0000,Public       ,5,1,6,5,1,6
01072000,RYERSON UNIVERSITY                      ,CN,00000-0000,Public       ,36,21,57,36,21,57
01172200,BRIERCREST BIBLE COLLEGE                ,CN,00000-0000,Private      ,5,0,5,5,0,5
01221100,ALGONQUIN CLG OF APPLIED ARTS &TECH     ,CN,00000-0000,Public       ,1,3,4,1,3,4
01222800,HUMBER COLLEGE                          ,CN,00000-0000,Public       ,6,4,10,6,4,10
01227400,PROVIDENCE COLLEGE                      ,CN,00000-0000,Private      ,3,0,3,3,0,3
02102100,BETHANY BIBLE COLLEGE                   ,CN,00000-0000,Private      ,35,2,37,35,2,37
02167000,PRAIRIE BIBLE INST                      ,CN,00000-0000,Private      ,8,6,14,8,6,14
02184600,INSTITUTE FOR CHRISTIAN STUDIES         ,CN,00000-0000,Private      ,0,1,1,0,1,1
02195600,LASALLE COLLEGE                         ,CN,00000-0000,Private      ,0,3,3,0,3,3
02195700,TAYLOR UNIVERSITY COLLEGE AND SEMINARY  ,CN,00000-0000,Private      ,3,0,3,3,0,3
02201100,COLUMBIA BIBLE COLLEGE                  ,CN,00000-0000,Private      ,11,3,14,11,3,14
02209700,UNIVERSITE DU QUEBEC (UNIVERSITY OF     ,CN,00000-0000,Public       ,1,5,6,1,5,6
02216400,TYNDALE COLLEGE & SEMINARY              ,CN,00000-0000,Private      ,2,2,4,2,2,4
02219000,ST. LAWRENCE COLLEGE                    ,CN,00000-0000,Public       ,2,0,2,2,0,2
02219200,UNIVERSITY OF SASKATCHEWAN              ,CN,00000-0000,Public       ,3,5,8,3,5,8
02338800,EMILY CARR UNIVERSITY OF ART AND DESIGN ,CN,00000-0000,Public       ,41,12,53,41,12,53
02354700,RED DEER COLLEGE                        ,CN,00000-0000,Public       ,0,1,1,0,1,1
02592600,NEW BRUNSWICK COMMUNITY COLLEGE         ,CN,00000-0000,Public       ,2,0,2,2,0,2
02593800,CONCORDIA UNIVERSITY COLLEGE            ,CN,00000-0000,Private      ,4,0,4,4,0,4
02611900,THE KING'S UNIVERSITY COLLEGE           ,CN,00000-0000,Private      ,1,0,1,1,0,1
03018300,ROCKY MOUNTAIN COLLEGE: CENTRE FOR      ,CN,00000-0000,Private      ,2,0,2,2,0,2
03033200,SAINT PHILIP'S SEMINARY                 ,CN,00000-0000,Private      ,0,1,1,0,1,1
03033800,UNIVERSITY COLLEGE OF CAPE BRETON       ,CN,00000-0000,Public       ,2,1,3,2,1,3
03078300,VANCOUVER SCHOOL OF THEOLOGY            ,CN,00000-0000,Private      ,1,2,3,1,2,3
03273300,CANADIAN COLLEGE OF NATUROPATHIC ME     ,CN,00000-0000,Private      ,1,11,12,1,11,12
03298300,ALBERTA COLLEGE OF ART & DESIGN         ,CN,00000-0000,Public       ,9,4,13,9,4,13
03332500,KWANTLEN UNIVERSITY COLLEGE             ,CN,00000-0000,Public       ,1,3,4,1,3,4
03335400,CANADIAN UNIVERSITY COLLEGE             ,CN,00000-0000,Private      ,16,0,16,16,0,16
03339300,ST. STEPHENS UNIVERSITY                 ,CN,00000-0000,Private      ,3,1,4,3,1,4
03348500,REDEEMER UNIVERSITY COLLEGE             ,CN,00000-0000,Private      ,5,0,5,5,0,5
03408300,CANDIAN NAZARENE UNIVERSITY COLLEGE     ,CN,00000-0000,Private      ,3,0,3,3,0,3
03421300,LOYALIST COLLEGE OF APPLIED ARTS &      ,CN,00000-0000,Public       ,3,0,3,3,0,3
03435400,ROYAL ROADS UNIVERSITY                  ,CN,00000-0000,Public       ,1,1,2,1,1,2
03511300,CN CLG ACUPUNCTURE & ORIENTAL MED       ,CN,00000-0000,Private      ,0,3,3,0,3,3
03560400,NIAGARA COLLEGE-WELLAND CAMPUS          ,CN,00000-0000,Public       ,3,1,4,3,1,4
03613300,UNIV OF NORTHERN BRITISH COLUMBIA       ,CN,00000-0000,Public       ,5,1,6,5,1,6
03644400,CANADIAN MENNONITE UNIVERSITY           ,CN,00000-0000,Private      ,3,0,3,3,0,3
03674400,CANADIAN SOUTHERN BAPTIST SEMINARY      ,CN,00000-0000,Private      ,0,1,1,0,1,1
03711300,CAPILANO UNIVERSITY                     ,CN,00000-0000,Public       ,1,2,3,1,2,3
03745300,BRITISH COLUMBIA INSTITUTE OF TECHNOLOGY,CN,00000-0000,Public       ,2,3,5,2,3,5
03846300,PACIFIC LIFE BIBLE COLLEGE              ,CN,00000-0000,Private      ,3,1,4,3,1,4
03847300,ATLANTIC BAPTIST UNIVERSITY             ,CN,00000-0000,Private      ,4,1,5,4,1,5
00814700,UNIVERSIDAD AUTONOMA DE GUADALAJARA     ,MX,00000-0000,Private      ,35,542,577,35,542,577
01041800,INST TEC Y DE ESTSUPER DE MONTERRE      ,MX,00000-0000,Private      ,37,17,54,37,17,54
01067600,UNIVERSIDAD DE MONTERREY                ,MX,00000-0000,Private      ,12,9,21,12,9,21
01093800,UNIVERSIDAD DE GUANAJUATO               ,MX,00000-0000,Public       ,11,8,19,11,8,19
01097600,INSTITUTO ALLENDE                       ,MX,00000-0000,Private      ,1,3,4,1,3,4
02053300,CENTRO DE ESTUDIOS UNIVERSITARIOS D     ,MX,00000-0000,Private      ,18,37,55,18,37,55
02283100,UNIVERSIDAD TECNOLOGICA DE MEXICO       ,MX,00000-0000,Proprietary  ,13,13,26,13,13,26
01001000,AMERICAN SAMOA CMNTY COLLEGE            ,AS,96799-2609,Public       ,156,59,215,156,59,215
01034300,COLLEGE OF MICRONESIA - FSM             ,FM,96941-0159,Public       ,291,33,324,291,33,324
01100900,PALAU COMMUNITY COLLEGE                 ,PW,96940-0009,Public       ,265,60,325,265,60,325
03022400,COLLEGE OF THE MARSHALL ISLANDS         ,MH,96960-1258,Public       ,13,16,29,13,16,29
03033000,NORTHERN MARIANAS COLLEGE               ,MP,96950-0000,Public       ,16,18,34,16,18,34
