OPE ID,School,State,Zip Code,School Type,20092010Qtr1_Dependent Students,20092010Qtr1_Independent Students,Quarterly Total,YTD_20092010Qtr1_Dependent Students,YTD_20092010Qtr1_Independent Students,Award Year To Date Total
00100200,ALABAMA AGRCLTL & MECHL UNIV            ,AL,35762-1357,Public       ,2932,950,3882,2932,950,3882
00100300,FAULKNER UNIVERSITY                     ,AL,36109-3398,Private      ,514,990,1504,514,990,1504
00100400,UNIVERSITY OF MONTEVALLO                ,AL,35115-6000,Public       ,908,341,1249,908,341,1249
00100500,ALABAMA STATE UNIVERSITY                ,AL,36101-0000,Public       ,3866,1357,5223,3866,1357,5223
00100700,CENTRAL ALABAMA COMMUNITY COLLEGE       ,AL,35011-0000,Public       ,553,408,961,553,408,961
00100800,ATHENS STATE UNIVERSITY                 ,AL,35611-1999,Public       ,197,759,956,197,759,956
00100900,AUBURN UNIVERSITY                       ,AL,36849-5113,Public       ,9230,2290,11520,9230,2290,11520
00101200,BIRMINGHAM SOUTHERN COLLEGE             ,AL,35254-0002,Private      ,1260,123,1383,1260,123,1383
00101300,CALHOUN COMMUNITY COLLEGE               ,AL,35609-2216,Public       ,1498,1885,3383,1498,1885,3383
00101500,ENTERPRISE-OZARK COMMUNITY COLLEGE      ,AL,36331-1300,Public       ,360,338,698,360,338,698
00101600,UNIVERSITY OF NORTH ALABAMA             ,AL,35632-0001,Public       ,1871,628,2499,1871,628,2499
00101700,GADSDEN STATE COMMUNITY COLLEGE         ,AL,35903-2269,Public       ,951,1223,2174,951,1223,2174
00101800,GEORGE C WALLACE COMMUNITY COLLEGE      ,AL,36303-0943,Public       ,540,648,1188,540,648,1188
00101900,HUNTINGDON COLLEGE                      ,AL,36106-2148,Private      ,535,147,682,535,147,682
00102000,JACKSONVILLE STATE UNIVERSITY           ,AL,36265-1602,Public       ,2949,1518,4467,2949,1518,4467
00102100,JEFFERSON DAVIS COMMUNITY COLLEGE       ,AL,36427-2790,Public       ,153,211,364,153,211,364
00102200,JEFFERSON STATE COMMUNITY COLLEGE       ,AL,35215-3098,Public       ,973,1509,2482,973,1509,2482
00102300,JUDSON COLLEGE                          ,AL,36756-2504,Private      ,153,35,188,153,35,188
00102400,UNIVERSITY OF WEST ALABAMA              ,AL,35470-0000,Public       ,813,1336,2149,813,1336,2149
00102600,MARION MILITARY INSTITUTE               ,AL,36756-3214,Public       ,176,12,188,176,12,188
00102800,MILES COLLEGE                           ,AL,35064-2697,Private      ,738,306,1044,738,306,1044
00102900,UNIVERSITY OF MOBILE                    ,AL,36613-0000,Private      ,558,384,942,558,384,942
00103000,BISHOP STATE COMMUNITY COLLEGE          ,AL,36603-5898,Public       ,344,808,1152,344,808,1152
00103001,BISHOP STATE COMM COLG-CARVER CMPS      ,AL,36617-0000,Public       ,24,66,90,24,66,90
00103002,BISHOP STAT COMM CLG-SW CMPS            ,AL,36605-0000,Public       ,23,19,42,23,19,42
00103100,NORTHEAST ALABAMA STATE CMNTY COLG      ,AL,35986-0159,Public       ,382,360,742,382,360,742
00103300,OAKWOOD COLLEGE                         ,AL,35896-0001,Private      ,817,242,1059,817,242,1059
00103400,ALABAMA SOUTHERN COMMUNITY COLLEGE      ,AL,36460-5698,Public       ,251,190,441,251,190,441
00103600,SAMFORD UNIVERSITY                      ,AL,35229-7000,Private      ,2079,1228,3307,2079,1228,3307
00103800,SNEAD STATE COMMUNITY COLLEGE           ,AL,35957-0734,Public       ,431,484,915,431,484,915
00104000,SOUTHERN UNION STATE COMMUNITY CLG      ,AL,36276-0000,Public       ,1041,735,1776,1041,735,1776
00104100,SPRING HILL COLLEGE                     ,AL,36608-1791,Private      ,1332,189,1521,1332,189,1521
00104400,STILLMAN COLLEGE                        ,AL,35403-1430,Private      ,1208,187,1395,1208,187,1395
00104600,TALLADEGA COLLEGE                       ,AL,35160-2354,Private      ,159,74,233,159,74,233
00104700,TROY STATE UNIVERSITY                   ,AL,36082-0001,Public       ,3032,5975,9007,3032,5975,9007
00105000,TUSKEGEE UNIVERSITY                     ,AL,36088-1645,Private      ,3362,647,4009,3362,647,4009
00105100,UNIVERSITY OF ALABAMA (THE)             ,AL,35487-0120,Public       ,10552,3509,14061,10552,3509,14061
00105200,UNIVERSITY OF ALABAMA AT BIRMINGHAM     ,AL,35294-1150,Public       ,4104,3567,7671,4104,3567,7671
00105500,UNIVERSITY OF ALABAMA IN HUNTSVILLE     ,AL,35899-0001,Public       ,1935,1050,2985,1935,1050,2985
00105700,UNIVERSITY OF SOUTH ALABAMA             ,AL,36688-0002,Public       ,2771,2272,5043,2771,2272,5043
00105900,LAWSON STATE COMMUNITY COLLEGE          ,AL,35221-1798,Public       ,544,806,1350,544,806,1350
00105901,LAWSON STATE COMMUNITY COLLEGE - BESSEME,AL,35021-0308,Public       ,112,217,329,112,217,329
00106000,FAULKNER STATE COMMUNITY COLLEGE        ,AL,36507-2698,Public       ,693,586,1279,693,586,1279
00526000,J.F. DRAKE STATE TECH COLLEGE           ,AL,35811-1584,Public       ,83,262,345,83,262,345
00569100,SHELTON STATE COMMUNITY CLG             ,AL,35405-4017,Public       ,1044,808,1852,1044,808,1852
00569200,REID STATE TECHNICAL COLLEGE            ,AL,36401-0000,Public       ,42,90,132,42,90,132
00569700,NORTHWEST- SHOALS COMMUNITY COLLEGE     ,AL,35661-0000,Public       ,511,448,959,511,448,959
00569702,NORTHWEST-SHOALS C.C.-PHIL CAMPBELL     ,AL,35581-0000,Public       ,82,62,144,82,62,144
00569900,GEORGE C WALLACE STATE CMTY COLLEGE     ,AL,36703-0000,Public       ,183,299,482,183,299,482
00573300,BEVILL STATE CMTY COLLEGE-WALKER        ,AL,35148-0000,Public       ,267,440,707,267,440,707
00573301,BEVILL STATE COMMUNITY COLLEGE - FAYETTE,AL,35555-0000,Public       ,164,173,337,164,173,337
00573302,BEVILL STATE CMTY CLG-HAMILTON CAMP     ,AL,35570-0000,Public       ,63,77,140,63,77,140
00573305,BEVILL STATE CMTY CLG-WALKER CLG        ,AL,35501-0000,Public       ,141,123,264,141,123,264
00573400,H. COUNCILL TRENHOLM STATE TECH COLLEGE ,AL,36108-0020,Public       ,101,274,375,101,274,375
00573401,H. C. TRENHOLM ST TECH COL-PATTERSON CAM,AL,36116-2612,Public       ,76,136,212,76,136,212
00787100,GEORGE C WALLACE STATE CMTY CLG         ,AL,35077-2000,Public       ,805,955,1760,805,955,1760
00831000,AUBURN UNIVERSITY-MONTGOMERY            ,AL,36124-0000,Public       ,1274,1145,2419,1274,1145,2419
00898800,LURLEEN B WALLACE COMMUNITY COLLEGE     ,AL,36420-0418,Public       ,284,300,584,284,300,584
01019300,HERZING COLLEGE                         ,AL,35209-4816,Proprietary  ,30,238,268,30,238,268
01055400,CONCORDIA COLLEGE                       ,AL,36701-3323,Private      ,167,77,244,167,77,244
01218200,CHATTAHOOCHEE VALLEY CMTY CLG           ,AL,36869-7917,Public       ,237,413,650,237,413,650
01303906,SOUTH UNIVERSITY - MONTGOMERY           ,AL,36116-1120,Proprietary  ,48,248,296,48,248,296
02170600,UNITED STATES SPORTS ACADEMY            ,AL,36526-7055,Private      ,12,191,203,12,191,203
02199700,HERITAGE CHRISTIAN UNIVERSITY           ,AL,35630-0000,Private      ,8,13,21,8,13,21
02270400,SOUTHEASTERN BIBLE COLLEGE              ,AL,35244-2083,Private      ,34,47,81,34,47,81
02296000,PRINCE INSTITUTE OF PROFESSIONAL STUDIES,AL,36117-0000,Proprietary  ,1,31,32,1,31,32
02341000,FORTIS COLLEGE                          ,AL,36609-0000,Proprietary  ,23,107,130,23,107,130
02341002,CAPPS COLLEGE - MONTGOMERY              ,AL,36109-3624,Proprietary  ,15,35,50,15,35,50
02341004,FORTIS COLLEGE - SCHOOL OF COSMETOLOGY  ,AL,36609-1981,Proprietary  ,1,10,11,1,10,11
02503400,AMRIDGE UNIVERSITY                      ,AL,36124-0000,Private      ,7,167,174,7,167,174
02605500,REMINGTON COLLEGE - MOBILE CAMPUS       ,AL,36609-5593,Proprietary  ,65,354,419,65,354,419
03010600,VIRGINIA COLLEGE                        ,AL,35209-5154,Proprietary  ,285,4470,4755,285,4470,4755
03010602,VIRGINIA COLLEGE - HUNTSVILLE           ,AL,35805-0000,Proprietary  ,48,277,325,48,277,325
03010607,VIRGINIA COLLEGE - MOBILE               ,AL,36606-4748,Proprietary  ,16,152,168,16,152,168
03010616,VIRGINIA COLLEGE - MONTGOMERY           ,AL,36117-2802,Proprietary  ,44,224,268,44,224,268
03032500,ALABAMA STATE CLG BARBER STYLING        ,AL,35215-8308,Proprietary  ,13,25,38,13,25,38
03361400,FORTIS COLLEGE                          ,AL,36535-3547,Proprietary  ,2,42,44,2,42,44
03459300,SOUTHEASTERN SCHOOL OF COSMETOLOGY      ,AL,35228-0000,Private      ,2,18,20,2,18,20
03783300,BLUE CLIFF CAREER COLLEGE               ,AL,63306-4749,Proprietary  ,6,18,24,6,18,24
03894300,HUNTSVILLE BIBLE COLLEGE                ,AL,35811-0000,Private      ,4,19,23,4,19,23
04067300,SELMA UNIVERSITY                        ,AL,36701-0000,Private      ,7,45,52,7,45,52
04116500,MIMI'S BEAUTY ACADEMY OF COSMETOLOGY    ,AL,35810-3453,Proprietary  ,3,8,11,3,8,11
04121500,COLUMBIA SOUTHERN UNIVERSITY            ,AL,36561-3815,Proprietary  ,39,1139,1178,39,1139,1178
04149200,XCELL ACADEMY-A PAUL MITCHELL PARTNER SC,AL,35216-4990,Proprietary  ,1,5,6,1,5,6
00111100,ALLAN HANCOCK COLLEGE                   ,CA,93454-6399,Public       ,1624,1271,2895,1624,1271,2895
00111300,ANTELOPE VALLEY COLLEGE                 ,CA,93536-5426,Public       ,2502,2828,5330,2502,2828,5330
00111600,ART CENTER COLLEGE OF DESIGN            ,CA,91103-1999,Private      ,913,890,1803,913,890,1803
00111700,AZUSA PACIFIC UNIVERSITY                ,CA,91702-7000,Private      ,5329,2376,7705,5329,2376,7705
00111800,BAKERSFIELD COLLEGE                     ,CA,93305-1299,Public       ,5027,4094,9121,5027,4094,9121
00111900,BARSTOW COMMUNITY COLLEGE               ,CA,92311-6608,Public       ,137,477,614,137,477,614
00112000,AMER BAPT SEM OF THE WEST-BERKELEY      ,CA,94704-0000,Private      ,2,18,20,2,18,20
00112100,BETHANY UNIVERSITY /  ASSEMBLIES OF GOD ,CA,95066-2896,Private      ,286,155,441,286,155,441
00112200,BIOLA UNIVERSITY                        ,CA,90639-0001,Private      ,4160,1180,5340,4160,1180,5340
00112300,BROOKS INSTITUTE                        ,CA,93103-1809,Proprietary  ,647,310,957,647,310,957
00112400,CABRILLO COLLEGE                        ,CA,95003-3194,Public       ,2140,2047,4187,2140,2047,4187
00112500,CALIFORNIA BAPTIST UNIVERSITY           ,CA,92504-3297,Private      ,2887,1162,4049,2887,1162,4049
00112700,CALIFORNIA COLLEGE OF THE ARTS          ,CA,94107-2206,Private      ,1280,1257,2537,1280,1257,2537
00113100,CALIFORNIA INSTITUTE OF TECHNOLOGY      ,CA,91125-0001,Private      ,2645,345,2990,2645,345,2990
00113200,CALIFORNIA INSTITUTE OF THE ARTS        ,CA,91355-2397,Private      ,1464,1216,2680,1464,1216,2680
00113300,CALIFORNIA LUTHERAN UNIVERSITY          ,CA,91360-2787,Private      ,2552,600,3152,2552,600,3152
00113400,CALIFORNIA MARITIME ACADEMY             ,CA,94590-8181,Public       ,527,185,712,527,185,712
00113700,CALIF STATE UNIV-FULLERTON              ,CA,92831-3599,Public       ,27441,10207,37648,27441,10207,37648
00113800,"CALIFORNIA STATE UNIVERSITY, EAST BAY   ",CA,94542-3000,Public       ,7983,6376,14359,7983,6376,14359
00113900,CALIF STATE UNIV-LONG BEACH             ,CA,90840-0006,Public       ,34210,13086,47296,34210,13086,47296
00114000,CALIF STATE UNIV-LOS ANGELES            ,CA,90032-4226,Public       ,19206,11080,30286,19206,11080,30286
00114100,"CALIF STATE UNIV, DOMINGUEZ HILLS       ",CA,90747-0001,Public       ,8470,5920,14390,8470,5920,14390
00114200,CALIF STATE UNIV SAN BERNARDINO         ,CA,92407-2397,Public       ,11659,7079,18738,11659,7079,18738
00114300,CAL POLY STATE UNIVERSITY               ,CA,93407-0001,Public       ,25026,2668,27694,25026,2668,27694
00114400,CALIF STATE POLYTECHNIC UNIV POMONA     ,CA,91768-2500,Public       ,18899,5702,24601,18899,5702,24601
00114600,CALIF STATE UNIV - CHICO                ,CA,95929-0001,Public       ,11749,3644,15393,11749,3644,15393
00114700,CALIF STATE UNIV - FRESNO               ,CA,93740-8026,Public       ,15244,6767,22011,15244,6767,22011
00114900,HUMBOLDT STATE UNIVERSITY               ,CA,95521-8299,Public       ,7984,2716,10700,7984,2716,10700
00115000,CALIF STATE UNIV-SACRAMENTO             ,CA,95819-6044,Public       ,18635,10660,29295,18635,10660,29295
00115100,SAN DIEGO STATE UNIVERSITY              ,CA,92182-1690,Public       ,33081,10172,43253,33081,10172,43253
00115300,CALIF STATE UNIV-NORTHRIDGE             ,CA,91330-8307,Public       ,23878,11689,35567,23878,11689,35567
00115400,SAN FRANCISCO STATE UNIVERSITY          ,CA,94132-1740,Public       ,24297,12300,36597,24297,12300,36597
00115500,SAN JOSE STATE UNIVERSITY               ,CA,95192-0036,Public       ,19303,9326,28629,19303,9326,28629
00115600,SONOMA STATE UNIVERSITY                 ,CA,94928-3609,Public       ,7606,2098,9704,7606,2098,9704
00115700,CALIF STATE UNIV-STANISLAUS             ,CA,95382-0299,Public       ,5966,3501,9467,5966,3501,9467
00116100,CERRITOS COLLEGE                        ,CA,90650-6296,Public       ,6315,3253,9568,6315,3253,9568
00116200,CHABOT COLLEGE                          ,CA,94545-2400,Public       ,2236,2006,4242,2236,2006,4242
00116300,CHAFFEY COLLEGE                         ,CA,91737-9400,Public       ,4555,3858,8413,4555,3858,8413
00116400,CHAPMAN UNIVERSITY                      ,CA,92866-1099,Private      ,5973,3818,9791,5973,3818,9791
00116453,CHAPMAN UNIVERSITY SCHOOL OF LAW        ,CA,92866-0000,Private      ,70,1699,1769,70,1699,1769
00116500,CHURCH DIV SCH OF THE PACIFIC           ,CA,94709-0000,Private      ,0,48,48,0,48,48
00116600,CITRUS COLLEGE                          ,CA,91741-1899,Public       ,3336,1708,5044,3336,1708,5044
00116900,CLAREMONT GRADUATE UNIVERSITY           ,CA,91711-0000,Private      ,9,1190,1199,9,1190,1199
00117000,CLAREMONT MCKENNA COLLEGE               ,CA,91711-6400,Private      ,2973,89,3062,2973,89,3062
00117100,HARVEY MUDD COLLEGE                     ,CA,91711-5990,Private      ,1767,18,1785,1767,18,1785
00117200,PITZER COLLEGE                          ,CA,91711-6101,Private      ,2777,97,2874,2777,97,2874
00117300,POMONA COLLEGE                          ,CA,91711-6301,Private      ,3862,72,3934,3862,72,3934
00117400,SCRIPPS COLLEGE                         ,CA,91711-3948,Private      ,1463,47,1510,1463,47,1510
00117600,WEST HILLS COMMUNITY COLLEGE            ,CA,93210-1399,Public       ,654,446,1100,654,446,1100
00117700,COGSWELL POLYTECHNICAL COLLEGE          ,CA,94089-1210,Private      ,94,30,124,94,30,124
00117800,COLLEGE OF MARIN                        ,CA,94904-2590,Public       ,384,715,1099,384,715,1099
00117801,COLG OF MARIN-INDIAN VALLEY CMPS        ,CA,94949-0000,Public       ,9,26,35,9,26,35
00117900,NOTRE DAME DE NAMUR UNIVERSITY          ,CA,94002-1997,Private      ,772,328,1100,772,328,1100
00118100,COLLEGE OF SAN MATEO                    ,CA,94402-3784,Public       ,1008,698,1706,1008,698,1706
00118200,COLLEGE OF THE DESERT                   ,CA,92260-9305,Public       ,1856,1183,3039,1856,1183,3039
00118300,HOLY NAMES UNIVERSITY                   ,CA,94619-1699,Private      ,557,332,889,557,332,889
00118500,COLLEGE OF THE REDWOODS                 ,CA,95501-9300,Public       ,1283,1492,2775,1283,1492,2775
00118600,COLLEGE OF THE SEQUOIAS                 ,CA,93277-2234,Public       ,2967,2238,5205,2967,2238,5205
00118700,COLLEGE OF THE SISKIYOUS                ,CA,96094-2899,Public       ,506,428,934,506,428,934
00118701,COLLEGE OF THE SISKIYOUS - YREKA CENTER ,CA,96097-9538,Public       ,16,53,69,16,53,69
00119000,CONTRA COSTA COLLEGE                    ,CA,94806-3195,Public       ,786,939,1725,786,939,1725
00119100,DIABLO VALLEY COLLEGE                   ,CA,94523-1544,Public       ,2179,1479,3658,2179,1479,3658
00119200,CUESTA COLLEGE                          ,CA,93403-8106,Public       ,2057,1112,3169,2057,1112,3169
00119300,CYPRESS COLLEGE                         ,CA,90630-5897,Public       ,3096,1987,5083,3096,1987,5083
00119600,DOMINICAN UNIVERSITY OF CALIFORNIA      ,CA,94901-2298,Private      ,1902,713,2615,1902,713,2615
00119700,EL CAMINO COLLEGE                       ,CA,90506-0002,Public       ,5013,2979,7992,5013,2979,7992
00119701,COMPTON COMMUNITY COLLEGE               ,CA,90221-5393,Public       ,620,797,1417,620,797,1417
00119900,FOOTHILL COLLEGE                        ,CA,94022-4597,Public       ,992,1044,2036,992,1044,2036
00120000,FULLER THEOLOGICAL SEMINARY             ,CA,91182-0000,Private      ,4,1378,1382,4,1378,1382
00120100,FULLERTON COLLEGE                       ,CA,92832-2095,Public       ,4552,2065,6617,4552,2065,6617
00120200,GAVILAN COLLEGE                         ,CA,95020-9599,Public       ,614,516,1130,614,516,1130
00120300,GLENDALE COMMUNITY COLLEGE              ,CA,91208-2894,Public       ,3258,2144,5402,3258,2144,5402
00120400,GOLDEN GATE BAPT THEOL SEMINARY         ,CA,94941-0000,Private      ,1,16,17,1,16,17
00120500,GOLDEN GATE UNIVERSITY                  ,CA,94105-2967,Private      ,41,2244,2285,41,2244,2285
00120600,GOLDEN WEST COLLEGE                     ,CA,92647-2748,Public       ,3133,1890,5023,3133,1890,5023
00120700,GRADUATE THEOLOGICAL UNION              ,CA,94709-0000,Private      ,0,269,269,0,269,269
00120800,GROSSMONT COLLEGE                       ,CA,92020-1798,Public       ,2829,2168,4997,2829,2168,4997
00120900,HARTNELL COMMUNITY COLLEGE              ,CA,93901-1697,Public       ,1288,805,2093,1288,805,2093
00121200,HUMPHREYS COLLEGE                       ,CA,95207-3896,Private      ,98,418,516,98,418,516
00121400,IMPERIAL VALLEY COLLEGE                 ,CA,92251-9787,Public       ,1591,716,2307,1591,716,2307
00121500,LA SIERRA UNIVERSITY                    ,CA,92515-3332,Private      ,1317,345,1662,1317,345,1662
00121600,UNIVERSITY OF LA VERNE                  ,CA,91750-4443,Private      ,2029,3128,5157,2029,3128,5157
00121700,LASSEN COLLEGE                          ,CA,96130-3000,Public       ,142,141,283,142,141,283
00121800,LOMA LINDA UNIVERSITY                   ,CA,92350-0001,Private      ,510,3226,3736,510,3226,3736
00121900,LONG BEACH CITY COLLEGE                 ,CA,90808-1780,Public       ,6263,4795,11058,6263,4795,11058
00122000,MASTER'S COLLEGE & SEMINARY (THE)       ,CA,91321-1200,Private      ,912,154,1066,912,154,1066
00122300,LOS ANGELES CITY COLLEGE                ,CA,90029-3588,Public       ,2780,3317,6097,2780,3317,6097
00122400,LOS ANGELES HARBOR COLLEGE              ,CA,90744-2397,Public       ,1441,1418,2859,1441,1418,2859
00122600,LOS ANGELES PIERCE COLLEGE              ,CA,91371-0001,Public       ,4609,2668,7277,4609,2668,7277
00122700,LOS ANGELES TRADE TECH COLLEGE          ,CA,90015-4181,Public       ,1826,2554,4380,1826,2554,4380
00122800,LOS ANGELES VALLEY COLLEGE              ,CA,91401-4096,Public       ,3103,2601,5704,3103,2601,5704
00122900,SO CA UNIV  HEALTH SCIENCES             ,CA,90604-4051,Private      ,6,290,296,6,290,296
00123000,SOUTHERN CA COLLEGE OF OPTOMETRY        ,CA,92831-1699,Private      ,5,240,245,5,240,245
00123200,AMERICAN RIVER COLLEGE                  ,CA,95841-4286,Public       ,5094,6383,11477,5094,6383,11477
00123300,SACRAMENTO CITY COLLEGE                 ,CA,95822-1386,Public       ,5632,5005,10637,5632,5005,10637
00123600,MENLO COLLEGE                           ,CA,94027-4301,Private      ,739,65,804,739,65,804
00123700,MERCED COMMUNITY COLLEGE                ,CA,95348-2898,Public       ,2997,2102,5099,2997,2102,5099
00123800,MILLS COLLEGE                           ,CA,94613-1301,Private      ,1351,1177,2528,1351,1177,2528
00123900,MIRACOSTA COLLEGE                       ,CA,92056-3899,Public       ,1170,1155,2325,1170,1155,2325
00124000,MODESTO JUNIOR COLLEGE                  ,CA,95350-5800,Public       ,5126,4643,9769,5126,4643,9769
00124200,MONTEREY PENINSULA COLLEGE              ,CA,93940-4799,Public       ,972,672,1644,972,672,1644
00124300,MOUNT ST MARYS COLLEGE                  ,CA,90049-1599,Private      ,1754,1083,2837,1754,1083,2837
00124500,MT. SAN ANTONIO COLLEGE                 ,CA,91789-1399,Public       ,7534,3866,11400,7534,3866,11400
00124600,MT SAN JACINTO COLLEGE                  ,CA,92583-2399,Public       ,2633,2935,5568,2633,2935,5568
00124700,NAPA VALLEY COLLEGE                     ,CA,94558-6236,Public       ,1058,839,1897,1058,839,1897
00124900,OCCIDENTAL COLLEGE                      ,CA,90041-3314,Private      ,4586,165,4751,4586,165,4751
00125000,ORANGE COAST COLLEGE - FIN AID OFF      ,CA,92628-5005,Public       ,5842,2602,8444,5842,2602,8444
00125100,OTIS COLLEGE OF ART AND DESIGN          ,CA,90045-3505,Private      ,1137,431,1568,1137,431,1568
00125200,HOPE INTERNATIONAL UNIVERSITY           ,CA,92631-0000,Private      ,393,275,668,393,275,668
00125300,FRESNO PACIFIC UNIVERSITY               ,CA,93702-4798,Private      ,1104,847,1951,1104,847,1951
00125302,FRESNO PACIFIC UNIVERSITY - VISALIA CENT,CA,93277-8341,Private      ,22,128,150,22,128,150
00125303,FRESNO PACIFIC UNIVERSITY - BAKERSFIELD ,CA,93301-4533,Private      ,33,121,154,33,121,154
00125400,PACIFIC LUTHERAN THEOLOGICAL SEM        ,CA,94708-0000,Private      ,0,76,76,0,76,76
00125500,PACIFIC OAKS COLLEGE                    ,CA,91103-3592,Private      ,7,222,229,7,222,229
00125600,PACIFIC SCHOOL OF RELIGION              ,CA,94709-0000,Private      ,0,136,136,0,136,136
00125800,PACIFIC UNION COLLEGE                   ,CA,94508-9797,Private      ,872,217,1089,872,217,1089
00125900,PALO VERDE COLLEGE                      ,CA,92225-0000,Public       ,49,81,130,49,81,130
00126000,PALOMAR COLLEGE                         ,CA,92069-1486,Public       ,3188,2007,5195,3188,2007,5195
00126100,PASADENA CITY COLLEGE                   ,CA,91106-2003,Public       ,7980,3268,11248,7980,3268,11248
00126200,POINT LOMA NAZARENE UNIVERSITY          ,CA,92106-2899,Private      ,2990,455,3445,2990,455,3445
00126600,LANEY COLLEGE                           ,CA,94607-4893,Public       ,1534,2000,3534,1534,2000,3534
00126700,MERRITT COLLEGE                         ,CA,94619-3196,Public       ,647,1016,1663,647,1016,1663
00126800,PORTERVILLE COLLEGE                     ,CA,93257-6059,Public       ,949,898,1847,949,898,1847
00126900,RIO HONDO COLLEGE                       ,CA,90601-1699,Public       ,4122,2212,6334,4122,2212,6334
00127000,RIVERSIDE COMMUNITY COLLEGE             ,CA,92506-1299,Public       ,8655,7175,15830,8655,7175,15830
00127200,SAN BERNARDINO VALLEY COLLEGE           ,CA,92410-2798,Public       ,2668,3177,5845,2668,3177,5845
00127300,SAN DIEGO CITY COLLEGE                  ,CA,92101-4787,Public       ,3039,3421,6460,3039,3421,6460
00127500,SAN DIEGO MESA COLLEGE                  ,CA,92111-4996,Public       ,3469,2717,6186,3469,2717,6186
00127800,SAN FRANCISCO CONSERVATORY OF MUSIC     ,CA,94122-4498,Private      ,259,288,547,259,288,547
00127900,SAN FRANCISCO THEOLOGICAL SEMINARY      ,CA,94960-0000,Private      ,1,33,34,1,33,34
00128000,SAN JOAQUIN DELTA COLLEGE               ,CA,95207-6370,Public       ,4859,3976,8835,4859,3976,8835
00128100,WILLIAM JESSUP UNIVERSITY               ,CA,95765-3707,Private      ,407,154,561,407,154,561
00128200,SAN JOSE CITY COLLEGE                   ,CA,95128-2797,Public       ,1629,1596,3225,1629,1596,3225
00128400,SANTA ANA COLLEGE                       ,CA,92706-3398,Public       ,3060,1935,4995,3060,1935,4995
00128500,SANTA BARBARA CITY COLLEGE              ,CA,93109-2394,Public       ,3172,1469,4641,3172,1469,4641
00128600,SANTA MONICA COLLEGE                    ,CA,90405-1644,Public       ,7491,3167,10658,7491,3167,10658
00128700,SANTA ROSA JUNIOR COLLEGE               ,CA,95401-4395,Public       ,2621,2298,4919,2621,2298,4919
00128800,CLAREMONT SCHOOL OF THEOLOGY            ,CA,91711-0000,Private      ,3,110,113,3,110,113
00128900,SHASTA COLLEGE                          ,CA,96049-7692,Public       ,2163,1808,3971,2163,1808,3971
00129000,SIERRA COLLEGE                          ,CA,95677-3397,Public       ,3336,2844,6180,3336,2844,6180
00129100,SIMPSON UNIVERSITY                      ,CA,96003-8606,Private      ,863,468,1331,863,468,1331
00129200,SOLANO COMMUNITY COLLEGE                ,CA,94534-3197,Public       ,1555,2060,3615,1555,2060,3615
00129300,VANGUARD UNIVERSITY OF SOUTHERN CA      ,CA,92626-6597,Private      ,1369,370,1739,1369,370,1739
00129400,SOUTHWESTERN COLLEGE                    ,CA,91910-7299,Public       ,4358,2194,6552,4358,2194,6552
00129500,SOUTHWESTERN LAW SCHOOL                 ,CA,90010-1106,Private      ,13,2096,2109,13,2096,2109
00129600,DOMINICAN SCH PHILOSOPHY & THEOLOGY     ,CA,94709-0000,Private      ,1,22,23,1,22,23
00129900,ST JOHN'S SEMINARY COLLEGE              ,CA,93010-0000,Private      ,0,1,1,0,1,1
00130200,SAINT MARY'S COLLEGE OF CALIFORNIA      ,CA,94556-2744,Private      ,3330,701,4031,3330,701,4031
00130500,STANFORD UNIVERSITY                     ,CA,94305-6106,Private      ,18581,2656,21237,18581,2656,21237
00130501,STANFORD UNIVERSITY - GRADUATE SCHOOL OF,CA,94305-5301,Private      ,105,412,517,105,412,517
00130502,STANFORD UNIVERSITY - GRADUATE SCHOOL OF,CA,94305-5015,Private      ,42,683,725,42,683,725
00130503,STANFORD UNIVERSITY - STANFORD LAW SCHOO,CA,94305-3096,Private      ,31,1943,1974,31,1943,1974
00130700,FRESNO CITY COLLEGE                     ,CA,93741-0002,Public       ,8382,5482,13864,8382,5482,13864
00130800,REEDLEY COLLEGE                         ,CA,93654-2099,Public       ,2977,1756,4733,2977,1756,4733
00130900,TAFT COLLEGE                            ,CA,93268-2317,Public       ,374,350,724,374,350,724
00131200,UNIVERSITY OF CALIFORNIA-BERKELEY       ,CA,94720-1520,Public       ,43551,14854,58405,43551,14854,58405
00131300,UNIVERSITY OF CALIFORNIA-DAVIS          ,CA,95616-8558,Public       ,41610,11020,52630,41610,11020,52630
00131400,UNIVERSITY OF CALIFORNIA-IRVINE         ,CA,92697-2825,Public       ,44158,10140,54298,44158,10140,54298
00131500,UNIVERSITY OF CALIFORNIA (UCLA)         ,CA,90095-9000,Public       ,53220,19046,72266,53220,19046,72266
00131502,UNIV OF CALIFORNIA LOS ANG SCH MED      ,CA,90095-0000,Public       ,146,778,924,146,778,924
00131503,UNIV OF CALIFORNIA LOS ANG DENTAL       ,CA,90095-0000,Public       ,17,83,100,17,83,100
00131600,UNIVERSITY OF CALIFORNIA-RIVERSIDE      ,CA,92521-0209,Public       ,27186,4451,31637,27186,4451,31637
00131700,UNIVERSITY OF CALIFORNIA-SAN DIEGO      ,CA,92093-0013,Public       ,40475,6921,47396,40475,6921,47396
00131900,UNIVERSITY OF CALIFORNIA-SFRANCISCO     ,CA,94143-0246,Public       ,478,2725,3203,478,2725,3203
00132000,UNIVERSITY OF CALIFORNIA-SANTA BARB     ,CA,93106-3180,Public       ,39091,5456,44547,39091,5456,44547
00132100,UNIVERSITY OF CALIFORNIA-SANTA CRUZ     ,CA,95064-0001,Public       ,25654,3318,28972,25654,3318,28972
00132200,UNIVERSITY OF REDLANDS                  ,CA,92373-0999,Private      ,3395,966,4361,3395,966,4361
00132500,UNIVERSITY OF SAN FRANCISCO             ,CA,94117-1080,Private      ,7095,4759,11854,7095,4759,11854
00132600,SANTA CLARA UNIVERSITY                  ,CA,95053-4956,Private      ,7526,3574,11100,7526,3574,11100
00132800,UNIVERSITY OF SOUTHERN CALIFORNIA       ,CA,90089-0914,Private      ,27000,15619,42619,27000,15619,42619
00132900,UNIVERSITY OF THE PACIFIC               ,CA,95211-0197,Private      ,8869,2222,11091,8869,2222,11091
00132901,UNIVERSITY OF THE PACIFIC - MCGEORGE SCH,CA,95817-2799,Private      ,12,2046,2058,12,2046,2058
00132902,UNIV OF THE PACIFIC SCH OF DENT         ,CA,94115-0000,Private      ,21,372,393,21,372,393
00133400,VENTURA COLLEGE                         ,CA,93003-3899,Public       ,2287,1252,3539,2287,1252,3539
00133500,VICTOR VALLEY COLLEGE                   ,CA,92395-5849,Public       ,2033,2688,4721,2033,2688,4721
00133800,WEST VALLEY COLLEGE                     ,CA,95070-5697,Public       ,981,747,1728,981,747,1728
00134100,WESTMONT COLLEGE                        ,CA,93108-1099,Private      ,1858,54,1912,1858,54,1912
00134200,WHITTIER COLLEGE                        ,CA,90601-4413,Private      ,2110,183,2293,2110,183,2293
00134201,WHITTIER COLLEGE - COLLEGE OF LAW       ,CA,92626-1501,Private      ,8,1057,1065,8,1057,1065
00134300,WOODBURY UNIVERSITY                     ,CA,91510-7846,Private      ,865,451,1316,865,451,1316
00134400,YUBA COLLEGE                            ,CA,95901-7699,Public       ,1874,2099,3973,1874,2099,3973
00177212,TRINITY INTERNATIONAL UNIV-CA           ,CA,92705-0000,Private      ,3,78,81,3,78,81
00274100,AMERICAN JEWISH UNIVERSITY              ,CA,90077-1599,Private      ,54,102,156,54,102,156
00301002,ANTIOCH UNIV/LOS ANGELES                ,CA,90230-7615,Private      ,23,414,437,23,414,437
00301003,ANTIOCH  UNIV/SANTA BARBARA             ,CA,93101-0000,Private      ,342,194,536,342,194,536
00369110,MONTEREY INST OF INTERNATL STUDIES      ,CA,93940-2691,Private      ,20,624,644,20,624,644
00394700,UC-HASTINGS COLLEGE OF THE LAW          ,CA,94102-0000,Public       ,13,4058,4071,13,4058,4071
00394800,SAN FRANCISCO ART INSTITUTE             ,CA,94133-2299,Private      ,930,578,1508,930,578,1508
00405500,HEBREW UNION COLLEGE - JEWISH INSTITUTE ,CA,90007-3796,Private      ,1,39,40,1,39,40
00408000,STARR KING SCHOOL FOR THE MINISTRY      ,CA,94709-1299,Private      ,0,42,42,0,42,42
00448000,DE ANZA COLLEGE                         ,CA,95014-5793,Public       ,3466,1783,5249,3466,1783,5249
00448100,OHLONE COLLEGE                          ,CA,94539-5847,Public       ,1257,770,2027,1257,770,2027
00448101,OHLONE COLLEGE - NEWARK CENTER FOR HEALT,CA,94560-4902,Public       ,6,9,15,6,9,15
00448400,JOHN F. KENNEDY UNIVERSITY              ,CA,94523-4817,Private      ,11,857,868,11,857,868
00449000,PATTEN UNIVERSITY                       ,CA,94601-2699,Private      ,90,139,229,90,139,229
00449400,EVEREST COLLEGE                         ,CA,92408-3752,Proprietary  ,87,181,268,87,181,268
00450200,CITY COLLEGE OF SAN FRANCISCO           ,CA,94112-0000,Public       ,4270,3854,8124,4270,3854,8124
00563800,DOWNEY ADULT SCHOOL                     ,CA,90241-5610,Public       ,21,27,48,21,27,48
00565500,HACIENDA LA PUENTE ADULT EDUC CTR       ,CA,91746-0000,Public       ,38,101,139,38,101,139
00616500,LA CNTY CLG OF NURSING & ALLD HLTH      ,CA,90033-1018,Public       ,58,187,245,58,187,245
00672000,COLLEGE OF ALAMEDA                      ,CA,94501-2109,Public       ,814,707,1521,814,707,1521
00673100,CASA LOMA COLLEGE                       ,CA,91405-4523,Private      ,44,113,157,44,113,157
00686300,VENTURA COUNTY CMTY CLG DISTRICT        ,CA,93010-8552,Public       ,16,8,24,16,8,24
00697300,CANADA COLLEGE                          ,CA,94061-1099,Public       ,320,405,725,320,405,725
00697500,LINCOLN UNIVERSITY                      ,CA,94612-2801,Private      ,4,18,22,4,18,22
00701200,SAMUEL MERRITT COLLEGE                  ,CA,94609-3108,Private      ,213,1488,1701,213,1488,1701
00704700,LOS ANGELES SOUTHWEST COLLEGE           ,CA,90047-4810,Public       ,1109,1845,2954,1109,1845,2954
00705000,BAY VISTA COLLEGE OF BEAUTY             ,CA,91950-3616,Proprietary  ,8,8,16,8,8,16
00711500,MOORPARK COLLEGE                        ,CA,93021-1695,Public       ,1701,936,2637,1701,936,2637
00713000,NEWBERRY SCHOOLS OF BEAUTY              ,CA,91344-7404,Proprietary  ,6,9,15,6,9,15
00714200,LYLE'S COLLEGE OF BEAUTY                ,CA,93710-3948,Proprietary  ,24,14,38,24,14,38
00714201,LYLE'S CLG OF BTY BAKERSFIELD           ,CA,93301-0000,Proprietary  ,30,28,58,30,28,58
00716400,BRYAN COLLEGE                           ,CA,90057-0000,Proprietary  ,64,261,325,64,261,325
00717801,WESTERN SEMINARY - BAY AREA CENTER      ,CA,95032-0000,Private      ,2,12,14,2,12,14
00717804,WESTERN SEMINARY - SACRAMENTO           ,CA,95821-3939,Private      ,7,22,29,7,22,29
00718700,NORTH ADRIAN'S COLLEGE OF BEAUTY        ,CA,95350-2381,Proprietary  ,32,29,61,32,29,61
00719000,WYOTECH                                 ,CA,94539-7663,Proprietary  ,165,301,466,165,301,466
00719001,WYOTECH - SIERRA CAMPUS                 ,CA,94621-4523,Proprietary  ,21,7,28,21,7,28
00720300,SALON SUCCESS ACADEMY                   ,CA,91786-4060,Proprietary  ,14,15,29,14,15,29
00720400,MODERN BEAUTY ACADEMY                   ,CA,93030-7016,Proprietary  ,3,7,10,3,7,10
00722900,WESTERN BEAUTY INSTITUTE                ,CA,91402-3104,Proprietary  ,15,42,57,15,42,57
00723400,HEALD COLLEGE                           ,CA,94105-2206,Proprietary  ,200,568,768,200,568,768
00723600,ART INST OF CALIFORNIA-LOS ANGELES      ,CA,90405-3035,Proprietary  ,3463,2278,5741,3463,2278,5741
00725300,FEDERICO BEAUTY INSTITUTE               ,CA,95834-1905,Proprietary  ,72,52,124,72,52,124
00729600,COLEMAN COLLEGE                         ,CA,92123-0000,Private      ,70,200,270,70,200,270
00746501,AMERICAN ACADEMY OF DRAMATIC ARTS - HOLL,CA,90028-7504,Private      ,139,60,199,139,60,199
00747600,MARINELLO SCHOOLS OF BEAUTY             ,CA,90023-2666,Proprietary  ,69,250,319,69,250,319
00747602,MARINELLO SCHOOLS OF BEAUTY - SPA ACADEM,CA,90048-5101,Proprietary  ,23,15,38,23,15,38
00747603,MARINELLO SCHOOLS OF BEAUTY - INGLEWOOD ,CA,90301-2306,Proprietary  ,10,4,14,10,4,14
00747604,MARINELLO SCHOOLS OF BEAUTY - RESEDA    ,CA,91335-4218,Proprietary  ,5,7,12,5,7,12
00747605,MARINELLO SCHOOLS OF BEAUTY - NORTH HOLL,CA,91606-3210,Proprietary  ,9,7,16,9,7,16
00747606,MARINELLO SCHOOLS OF BEAUTY - WEST COVIN,CA,91790-2805,Proprietary  ,6,4,10,6,4,10
00747607,MARINELLO SCHOOLS OF BEAUTY - SAN BERNAR,CA,92410-3261,Proprietary  ,18,9,27,18,9,27
00747608,MARINELLO SCHOOLS OF BEAUTY - ONTARIO   ,CA,91762-2113,Proprietary  ,32,12,44,32,12,44
00747609,MARINELLO SCHOOLS OF BEAUTY - WHITTIER  ,CA,90601-4107,Proprietary  ,15,9,24,15,9,24
00747611,MARINELLO SCHOOLS OF BEAUTY - SAN DIEGO ,CA,92126-4217,Proprietary  ,25,21,46,25,21,46
00747700,"HEALD COLLEGE,SCHOOLS OF BUS & TECH     ",CA,95670-6005,Proprietary  ,165,500,665,165,500,665
00753100,ACADEMY OF ART UNIVERSITY               ,CA,94105-3410,Proprietary  ,3597,4067,7664,3597,4067,7664
00753600,COSUMNES RIVER COLLEGE                  ,CA,95823-5799,Public       ,3064,2295,5359,3064,2295,5359
00754802,WESTWOOD COLLEGE OF TECHNOLOGY          ,CA,92801-0000,Proprietary  ,702,306,1008,702,306,1008
00754803,WESTWOOD COLLEGE OF TECHNOLOGY          ,CA,91786-0000,Proprietary  ,632,443,1075,632,443,1075
00760600,EVEREST COLLEGE                         ,CA,90010-2221,Proprietary  ,59,38,97,59,38,97
00760700,CONCORDE CAREER INSTITUTE               ,CA,91606-3134,Proprietary  ,95,139,234,95,139,234
00770700,COLUMBIA COLLEGE                        ,CA,95370-8580,Public       ,489,448,937,489,448,937
00771300,SKYLINE COLLEGE                         ,CA,94066-1698,Public       ,1098,698,1796,1098,698,1796
00793000,CONCORDE CAREER INSTITUTE               ,CA,92108-0000,Proprietary  ,72,232,304,72,232,304
00799300,CALIF STATE UNIV BAKERSFIELD            ,CA,93311-1022,Public       ,4855,3307,8162,4855,3307,8162
00807100,CONCORDE CAREER INSTITUTE               ,CA,92840-9201,Proprietary  ,76,204,280,76,204,280
00807300,BUTTE COMMUNITY COLLEGE                 ,CA,95965-0000,Public       ,2907,2443,5350,2907,2443,5350
00809000,EVEREST COLLEGE                         ,CA,91803-1310,Proprietary  ,67,142,209,67,142,209
00809300,HEALD COLLEGE                           ,CA,93704-1706,Proprietary  ,379,737,1116,379,737,1116
00853200,HEALD COLLEGE                           ,CA,94545-2352,Proprietary  ,291,741,1032,291,741,1032
00853700,CONCORDE CAREER INSTITUTE               ,CA,92401-0000,Proprietary  ,112,294,406,112,294,406
00859600,WEST LOS ANGELES COLLEGE                ,CA,90230-3500,Public       ,1158,1796,2954,1158,1796,2954
00859700,FEATHER RIVER COLLEGE                   ,CA,95971-9124,Public       ,334,164,498,334,164,498
00884400,CALIFORNIA CHRISTIAN COLLEGE            ,CA,93703-3599,Private      ,33,16,49,33,16,49
00884600,WRIGHT INSTITUTE                        ,CA,94704-0000,Private      ,0,227,227,0,227,227
00890300,COLLEGE OF THE CANYONS                  ,CA,91355-1899,Public       ,1856,1029,2885,1856,1029,2885
00891800,SADDLEBACK COLLEGE                      ,CA,92692-3699,Public       ,1421,1169,2590,1421,1169,2590
00902200,ASSOCIATED TECHNICAL COLLEGE            ,CA,90017-0000,Proprietary  ,7,14,21,7,14,21
00903200,EMPIRE COLLEGE                          ,CA,95403-2122,Proprietary  ,24,68,92,24,68,92
00915706,WYOMING TECHNICAL INSTITUTE - WEST SACRA,CA,95605-1507,Proprietary  ,199,209,408,199,209,408
00927200,CRAFTON HILLS COLLEGE                   ,CA,92399-1799,Public       ,1274,918,2192,1274,918,2192
00932500,ABRAM FRIEDMAN OCCUP CTR                ,CA,90015-3507,Public       ,25,25,50,25,25,50
00950900,SKILLS & BUSINESS EDUCATION CENTER      ,CA,95824-1529,Public       ,64,282,346,64,282,346
00974800,WESTERN CAREER COLLEGE                  ,CA,95826-3203,Proprietary  ,224,453,677,224,453,677
00974801,WESTERN CAREER COLLEGE - SAN LEANDRO CAM,CA,94578-3711,Proprietary  ,97,251,348,97,251,348
00974802,WESTERN CAREER COLLEGE - PLEASANT HILL C,CA,94523-1984,Proprietary  ,51,184,235,51,184,235
00974803,WESTERN CAREER COLLEGE - STOCKTON       ,CA,95207-5509,Proprietary  ,136,200,336,136,200,336
00974804,WESTERN CAREER COLLEGE - CITRUS HEIGHTS ,CA,95621-5577,Proprietary  ,68,191,259,68,191,259
00974806,WESTERN CAREER COLLEGE -  ANTIOCH/WALNUT,CA,94531-1604,Proprietary  ,76,193,269,76,193,269
00974807,WESTERN CAREER COLLEGE - SAN JOSE       ,CA,95119-1325,Proprietary  ,227,526,753,227,526,753
00974808,WESTERN CAREER COLLEGE - EMERYVILLE     ,CA,94608-3006,Proprietary  ,35,112,147,35,112,147
00974810,WESTERN CAREER COLLEGE - CONCORD        ,CA,94520-5671,Proprietary  ,19,16,35,19,16,35
00998900,SANTA BARBARA BUSINESS COLLEGE          ,CA,93111-0000,Proprietary  ,80,182,262,80,182,262
01011100,CERRO-COSO COMMUNITY COLLEGE            ,CA,93555-9571,Public       ,219,419,638,219,419,638
01014225,TOURO CLG OSEOPATHIC MEDICINE           ,CA,94592-1115,Private      ,12,520,532,12,520,532
01014900,PEPPERDINE UNIVERSITY                   ,CA,90263-0000,Private      ,5269,4038,9307,5269,4038,9307
01033300,JESUIT SCHOOL OF THEOLOGY - BERKELEY    ,CA,94709-1193,Private      ,1,46,47,1,46,47
01034000,LOS MEDANOS COLLEGE                     ,CA,94565-5197,Public       ,1074,1207,2281,1074,1207,2281
01036500,CHARLES R DREW UNIV OF MED & SCI        ,CA,90059-0000,Private      ,45,297,342,45,297,342
01036800,MENNONITE BRETHREN BIBLICAL SEM         ,CA,93727-0000,Private      ,1,18,19,1,18,19
01037500,HARBOR OCCUPATIONAL CENTER              ,CA,90731-0000,Public       ,16,15,31,16,15,31
01039500,UNIVERSITY OF SAN DIEGO                 ,CA,92110-2492,Private      ,11953,2490,14443,11953,2490,14443
01039501,UNIVERSITY OF SAN DIEGO - SCHOOL OF LAW ,CA,92110-2492,Private      ,72,2784,2856,72,2784,2856
01044100,PARDEE RAND GRADUATE SCHOOL             ,CA,90407-2138,Private      ,0,9,9,0,9,9
01047400,MARYMOUNT COLLEGE OF PALOS VERDES       ,CA,90275-0000,Private      ,446,44,490,446,44,490
01057900,WEST VALLEY OCCUPATIONAL CTR            ,CA,91367-0000,Public       ,47,47,94,47,47,94
01083200,WESTERN STATE UNIV COLLEGE OF LAW       ,CA,92831-3014,Proprietary  ,7,774,781,7,774,781
01085400,THOMAS JEFFERSON SCHOOL OF LAW          ,CA,92110-0000,Private      ,9,1292,1301,9,1292,1301
01102400,EVEREST COLLEGE                         ,CA,94103-2091,Proprietary  ,26,29,55,26,29,55
01110700,EVEREST  COLLEGE                        ,CA,92801-5231,Proprietary  ,42,57,99,42,57,99
01110900,EVEREST COLLEGE                         ,CA,91335-4631,Proprietary  ,33,40,73,33,40,73
01111200,FIDM-FASHION INSTITUTE OF DESIGN        ,CA,90015-1421,Proprietary  ,3918,1049,4967,3918,1049,4967
01111700,ALLIANT INTERNATIONAL UNIVERSITY        ,CA,92131-1799,Private      ,52,1547,1599,52,1547,1599
01111705,ALLIANT INTERNATIONAL UNIVERSITY - LOS A,CA,91803-1360,Private      ,6,419,425,6,419,425
01111706,ALLIANT INTERNATIONAL UNIVERSITY - SAN F,CA,94133-1221,Private      ,6,429,435,6,429,435
01111707,ALLIANT INTERNATIONAL UNIVERSITY - FRESN,CA,93727-2014,Private      ,11,281,292,11,281,292
01112100,EVEREST COLLEGE                         ,CA,94541-4007,Proprietary  ,30,61,91,30,61,91
01112300,EVEREST COLLEGE                         ,CA,90247-4163,Proprietary  ,49,112,161,49,112,161
01146000,NATIONAL UNIVERSITY                     ,CA,92037-1011,Private      ,196,4299,4495,196,4299,4495
01162600,PRACTICAL SCHOOLS                       ,CA,92805-0000,Proprietary  ,300,498,798,300,498,798
01164900,LOYOLA MARYMOUNT UNIVERSITY             ,CA,90045-0000,Private      ,9107,1805,10912,9107,1805,10912
01164901,LOYOLA MARYMOUNT UNIVERSITY - LOYOLA LAW,CA,90015-0019,Private      ,26,3212,3238,26,3212,3238
01167200,MENDOCINO COMMUNITY COLLEGE             ,CA,95482-3000,Public       ,490,406,896,490,406,896
01169600,NATIONAL POLYTECHNIC COLLEGE OF SCIENCE ,CA,90744-6399,Private      ,20,85,105,20,85,105
01170700,NORTH-WEST COLLEGE                      ,CA,91790-2097,Proprietary  ,45,59,104,45,59,104
01179200,FRANCISCAN SCHOOL OF THEOLOGY           ,CA,94709-0000,Private      ,1,18,19,1,18,19
01182000,SAN DIEGO MIRAMAR COLLEGE               ,CA,92126-0000,Public       ,1404,1268,2672,1404,1268,2672
01186500,CALIFORNIA HAIR DESIGN ACADEMY          ,CA,92115-0000,Proprietary  ,22,13,35,22,13,35
01186600,LU ROSS ACADEMY                         ,CA,93001-2927,Proprietary  ,0,5,5,0,5,5
01202600,JE BOUTIQUE COLLEGE OF BEAUTY           ,CA,92021-6247,Proprietary  ,8,9,17,8,9,17
01202700,GALEN COLLEGE OF CALIFORNIA             ,CA,93728-2381,Proprietary  ,12,17,29,12,17,29
01203100,SAN DIEGO CHRISTIAN COLLEGE             ,CA,92019-1157,Private      ,323,81,404,323,81,404
01206100,EVEREST COLLEGE                         ,CA,95128-3908,Proprietary  ,75,160,235,75,160,235
01215400,CALIFORNIA INSTITUTE OF INTEGRAL STUDIES,CA,94103-2557,Private      ,9,736,745,9,736,745
01231600,MANCHESTER BEAUTY COLLEGE               ,CA,93726-5306,Proprietary  ,30,38,68,30,38,68
01231700,TULARE BEAUTY COLLEGE                   ,CA,93274-3432,Proprietary  ,6,7,13,6,7,13
01244600,UNIVERSAL COLLEGE OF BEAUTY             ,CA,90044-0044,Proprietary  ,13,7,20,13,7,20
01245200,EVERGREEN VALLEY COLLEGE                ,CA,95135-1598,Public       ,1961,1262,3223,1961,1262,3223
01255000,LOS ANGELES MISSION COLLEGE             ,CA,91342-3200,Public       ,1683,1416,3099,1683,1416,3099
01265000,MARINELLO SCHOOL OF BEAUTY              ,CA,91502-2828,Proprietary  ,13,39,52,13,39,52
01265100,MARINELLO SCHOOL OF BEAUTY              ,CA,91748-1674,Proprietary  ,4,6,10,4,6,10
01284200,OXNARD COLLEGE                          ,CA,93030-0000,Public       ,991,816,1807,991,816,1807
01287200,NORTH-WEST COLLEGE                      ,CA,91768-3199,Proprietary  ,37,105,142,37,105,142
01287300,WYOTECH                                 ,CA,90810-3800,Proprietary  ,249,409,658,249,409,658
01287301,WYOTECH - EVEREST  COLLEGE              ,CA,90034-3158,Proprietary  ,27,35,62,27,35,62
01287302,WYOTECH - EVEREST  COLLEGE              ,CA,91746-3412,Proprietary  ,36,51,87,36,51,87
01290700,LAKE TAHOE COMMUNITY COLLEGE            ,CA,96150-4524,Public       ,241,168,409,241,168,409
01291100,MARINELLO SCHOOL OF BEAUTY              ,CA,92646-2552,Proprietary  ,16,24,40,16,24,40
01291200,MTI COLLEGE                             ,CA,95841-0000,Proprietary  ,205,568,773,205,568,773
01294200,ROSEMEAD BEAUTY SCHOOL                  ,CA,91770-1639,Proprietary  ,2,2,4,2,2,4
01298400,PROFESSIONAL INSTITUTE OF BEAUTY        ,CA,91731-2613,Proprietary  ,4,0,4,4,0,4
01298500,HAIR CALIFORNIA BEAUTY ACADEMY          ,CA,92867-7127,Proprietary  ,3,8,11,3,8,11
01298900,OCEANSIDE COLLEGE OF BEAUTY             ,CA,92054-5393,Proprietary  ,15,13,28,15,13,28
01301000,LANCASTER BEAUTY SCHOOL                 ,CA,93534-3098,Proprietary  ,12,11,23,12,11,23
01307400,AMERICAN BEAUTY COLLEGE                 ,CA,90706-5417,Proprietary  ,11,2,13,11,2,13
01309500,SALON SUCCESS ACADEMY                   ,CA,92879-6561,Proprietary  ,23,17,40,23,17,40
01310300,CALIFORNIA WESTERN SCHOOL OF LAW        ,CA,92101-0000,Private      ,15,1710,1725,15,1710,1725
01324000,LYTLE'S REDWOOD EMPIRE BEAUTY CLG       ,CA,95403-0000,Proprietary  ,30,24,54,30,24,54
02054900,MARINELLO SCHOOL OF BEAUTY              ,CA,92630-0000,Proprietary  ,3,5,8,3,5,8
02059800,PARIS BEAUTY COLLEGE                    ,CA,94520-2611,Proprietary  ,16,26,42,16,26,42
02063500,COASTLINE COMMUNITY COLLEGE             ,CA,92708-0000,Public       ,509,1196,1705,509,1196,1705
02064300,SIERRA COLLEGE OF BEAUTY                ,CA,95340-0000,Proprietary  ,20,17,37,20,17,37
02065500,BROOKS COLLEGE                          ,CA,90804-3289,Proprietary  ,28,11,39,28,11,39
02065700,CALIFORNIA BEAUTY COLLEGE               ,CA,95354-0000,Proprietary  ,36,30,66,36,30,66
02070500,CONCORDIA UNIVERSITY                    ,CA,92612-0000,Private      ,1608,475,2083,1608,475,2083
02075800,SOUTHERN CA INST OF ARCHITECTURE        ,CA,90013-0000,Private      ,112,438,550,112,438,550
02086400,MARINELLO SCHOOL OF BEAUTY              ,CA,95050-0000,Proprietary  ,6,7,13,6,7,13
02091200,ELEGANCE INTERNATIONAL                  ,CA,90028-0000,Proprietary  ,28,36,64,28,36,64
02091700,KAPLAN COLLEGE                          ,CA,92123-1509,Proprietary  ,189,657,846,189,657,846
02096100,FIELDING INSTITUTE                      ,CA,93105-0000,Private      ,0,373,373,0,373,373
02099200,AMERICAN CONSERVATORY THEATER           ,CA,94108-0000,Private      ,16,131,147,16,131,147
02110200,COLUMBIA COLLEGE                        ,CA,91356-0000,Private      ,179,80,259,179,80,259
02110800,CALIFORNIA COLLEGE SAN DIEGO            ,CA,92108-3821,Proprietary  ,200,221,421,200,221,421
02111300,CUYAMACA COLLEGE                        ,CA,92019-0000,Public       ,1317,1130,2447,1317,1130,2447
02113601,AMERICAN INTERCONTINENTAL UNIV - LOS ANG,CA,90066-7008,Proprietary  ,32,98,130,32,98,130
02119100,MISSION COLLEGE                         ,CA,95054-1897,Public       ,1100,1382,2482,1100,1382,2482
02120600,SAYBROOK GRADUATE SCHOOL                ,CA,94111-1920,Private      ,3,231,234,3,231,234
02120700,SAN JOAQUIN VALLEY COLLEGE              ,CA,93291-0000,Proprietary  ,943,1642,2585,943,1642,2585
02120900,ITT TECHNICAL INSTITUTE                 ,CA,95670-6034,Proprietary  ,165,277,442,165,277,442
02125000,CAREER ACADEMY OF BEAUTY                ,CA,92845-0000,Proprietary  ,7,6,13,7,6,13
02128200,"VICTOR VALLEY BEAUTY COLLEGE, INC       ",CA,92392-0000,Proprietary  ,24,27,51,24,27,51
02128300,INSTITUTE FOR BUSINESS & TECHNOLOGY     ,CA,95050-0000,Proprietary  ,30,146,176,30,146,176
02128301,INSTITUTE FOR BUSINESS & TECHNOLOGY - NA,CA,95670-6351,Proprietary  ,15,39,54,15,39,54
02138300,PALO ALTO UNIVERSITY                    ,CA,94304-1337,Private      ,10,381,391,10,381,391
02147400,CLEVELAND CHIROPRACTIC COLLEGE          ,CA,90004-0000,Private      ,19,147,166,19,147,166
02161800,MUSICIANS INSTITUTE                     ,CA,90028-6157,Proprietary  ,607,349,956,607,349,956
02167800,ESTES INSTITUTE OF COSMETOLOGY          ,CA,93291-0000,Proprietary  ,39,19,58,39,19,58
02174600,MARINELLO SCHOOL OF BEAUTY              ,CA,90201-0000,Proprietary  ,8,2,10,8,2,10
02180600,BRIDGES  ACADEMY OF BEAUTY              ,CA,92311-2327,Proprietary  ,1,4,5,1,4,5
02184900,PALMER COLLEGE OF CHIROPRACTIC WEST     ,CA,95134-0000,Private      ,6,208,214,6,208,214
02185800,MOLER BARBER COLLEGE                    ,CA,94611-0000,Proprietary  ,5,10,15,5,10,15
02187500,"HEALD COLLEGE, SCH OF BUS & TECH        ",CA,94520-0000,Proprietary  ,284,714,998,284,714,998
02188400,SIERRA VALLEY COLLEGE OF COURT REPORTING,CA,93726-0000,Proprietary  ,20,66,86,20,66,86
02208600,MADERA BEAUTY COLLEGE                   ,CA,93637-3519,Proprietary  ,25,7,32,25,7,32
02211000,HAIRMASTERS UNIVERSITY OF BEAUTY        ,CA,92405-0000,Proprietary  ,11,12,23,11,12,23
02220000,COLLEEN O'HARA BEAUTY ACADEMY           ,CA,92701-0000,Proprietary  ,8,19,27,8,19,27
02220200,CALIFORNIA CULINARY ACADEMY             ,CA,94102-3336,Proprietary  ,348,275,623,348,275,623
02221300,MARINELLO SCHOOL OF BEAUTY              ,CA,92553-0000,Proprietary  ,35,73,108,35,73,108
02222000,AMERICAN FILM INSTITUTE                 ,CA,90027-0000,Private      ,75,277,352,75,277,352
02226000,EAST LOS ANGELES COLLEGE                ,CA,91754-0000,Public       ,5323,3357,8680,5323,3357,8680
02228500,LIFE CHIROPRACTIC COLLEGE-WEST          ,CA,94545-0000,Private      ,5,134,139,5,134,139
02230900,FREDRICK & CHARLES BEAUTY COLLEGE       ,CA,95501-0000,Proprietary  ,13,17,30,13,17,30
02231900,GEMOLOGICAL INSTITUTE OF AMERICA        ,CA,92008-4698,Private      ,18,80,98,18,80,98
02234300,FASHION CAREERS OF CALIFORNIA           ,CA,92110-0000,Proprietary  ,82,56,138,82,56,138
02236400,"THANH LE COLG, SCH OF COSMETOLOGY       ",CA,92840-0000,Proprietary  ,1,2,3,1,2,3
02237200,PHILLIPS GRADUATE INSTITUTE             ,CA,91316-0000,Private      ,1,149,150,1,149,150
02241600,SAN DIEGO CONTINUING EDUCATION          ,CA,92113-0000,Public       ,31,73,104,31,73,104
02241800,AMERICAN CAREER COLLEGE                 ,CA,90004-0000,Proprietary  ,425,905,1330,425,905,1330
02242700,BERKELEY CITY COLLEGE                   ,CA,94704-0000,Public       ,857,834,1691,857,834,1691
02250602,EVEREST COLLEGE                         ,CA,91761-8525,Proprietary  ,64,289,353,64,289,353
02255400,INTERNATIONAL SCHOOL OF COSMETOLOGY     ,CA,90250-0000,Proprietary  ,13,10,23,13,10,23
02255600,MARINELLO SCHOOL OF BEAUTY              ,CA,90723-0000,Proprietary  ,21,39,60,21,39,60
02258600,ALAMEDA BEAUTY COLLEGE                  ,CA,94501-0000,Proprietary  ,28,28,56,28,28,56
02262400,YESHIVA OHR ELCHONON CHABAD             ,CA,90046-0000,Private      ,24,2,26,24,2,26
02263101,ANTHEM COLLEGE - HIGH-TECH INSTITUTE - S,CA,95827-0000,Proprietary  ,52,40,92,52,40,92
02267600,INSTITUTE OF TRANSPERSONAL PSYCHLGY     ,CA,94303-4624,Private      ,1,169,170,1,169,170
02270600,LIFE PACIFIC COLLEGE                    ,CA,91773-0000,Private      ,139,66,205,139,66,205
02276800,WESTMINSTER SEMINARY CALIFORNIA         ,CA,92027-0000,Private      ,0,101,101,0,101,101
02277400,SOUTH COAST COLLEGE                     ,CA,92868-2616,Proprietary  ,50,186,236,50,186,236
02282300,ALHAMBRA BEAUTY COLLEGE                 ,CA,91802-0000,Proprietary  ,4,4,8,4,4,8
02285100,HILLTOP BEAUTY SCHOOL                   ,CA,94014-0000,Proprietary  ,4,21,25,4,21,25
02291500,ITT TECHNICAL INSTITUTE                 ,CA,91773-0000,Proprietary  ,226,362,588,226,362,588
02291600,ITT TECHNICAL INSTITUTE                 ,CA,92123-0000,Proprietary  ,313,622,935,313,622,935
02298000,DESIGN INSTITUTE OF SAN DIEGO           ,CA,92121-0000,Proprietary  ,76,77,153,76,77,153
02304300,"PLATT COLLEGE, SAN DIEGO                ",CA,92115-0000,Proprietary  ,97,106,203,97,106,203
02306300,KAPLAN COLLEGE                          ,CA,95368-0000,Proprietary  ,236,466,702,236,466,702
02306302,KAPLAN COLLEGE - FRESNO                 ,CA,93612-3802,Proprietary  ,156,314,470,156,314,470
02309500,CLOVIS ADULT EDUC                       ,CA,93611-0000,Public       ,13,81,94,13,81,94
02312400,LA COLLEGE INTERNATIONAL                ,CA,90010-0000,Proprietary  ,15,260,275,15,260,275
02321800,ITT TECHNICAL INSTITUTE                 ,CA,91342-3664,Proprietary  ,282,411,693,282,411,693
02321900,ITT TECHNICAL INSTITUTE                 ,CA,92801-0000,Proprietary  ,168,277,445,168,277,445
02327600,ART INST OF CALIFORNIA-SAN DIEGO        ,CA,92108-4401,Proprietary  ,1947,1500,3447,1947,1500,3447
02330500,LAGUNA COLLEGE OF ART AND DESIGN        ,CA,92651-0000,Private      ,269,83,352,269,83,352
02332800,CENTER FOR EMPLOYMENT TRAINING          ,CA,95110-0000,Private      ,29,158,187,29,158,187
02338500,GLENDALE CAREER COLLEGE                 ,CA,91201-0000,Proprietary  ,19,25,44,19,25,44
02338700,MARINELLO SCHOOL OF BEAUTY              ,CA,94103-0000,Proprietary  ,11,16,27,11,16,27
02342400,ACADEMY OF RADIO BROADCASTING           ,CA,92647-3809,Proprietary  ,15,22,37,15,22,37
02343400,"BELLUS ACADEMY, THE ACADEMY OF BEAUTY AN",CA,92064-4633,Proprietary  ,14,12,26,14,12,26
02345800,MONTEBELLO BEAUTY COLLEGE               ,CA,90640-0000,Proprietary  ,7,2,9,7,2,9
02351900,KAPLAN COLLEGE                          ,CA,95660-5512,Proprietary  ,120,414,534,120,414,534
02351901,KAPLAN COLLEGE - BAKERSFIELD            ,CA,93304-0000,Proprietary  ,211,469,680,211,469,680
02358000,THOMAS AQUINAS COLLEGE                  ,CA,93060-9622,Private      ,298,16,314,298,16,314
02359300,SHASTA BIBLE COLLEGE                    ,CA,96002-0000,Private      ,29,23,52,29,23,52
02482700,WESTERN UNIVERSITY OF HEALTH S          ,CA,91766-1854,Private      ,66,3913,3979,66,3913,3979
02497300,TRINITY COLLEGE                         ,CA,93277-8109,Proprietary  ,27,100,127,27,100,127
02500000,SAN JOAQUIN COLLEGE OF LAW              ,CA,93612-0000,Private      ,9,135,144,9,135,144
02518400,THE NATIONAL HISPANIC UNIVERSITY        ,CA,95127-0000,Private      ,222,172,394,222,172,394
02519800,AVANCE BEAUTY COLLEGE                   ,CA,92154-0000,Proprietary  ,16,10,26,16,10,26
02520200,CALIFORNIA CAREER SCHOOLS               ,CA,92805-0000,Proprietary  ,6,18,24,6,18,24
02520300,INTERIOR DESIGNERS INSTITUTE            ,CA,92660-0000,Proprietary  ,8,19,27,8,19,27
02520400,ADRIAN'S BEAUTY COLLEGE OF TURLOCK      ,CA,95382-0000,Proprietary  ,32,11,43,32,11,43
02537200,PALOMAR INSTITUTE OF COSMETOLOGY        ,CA,92069-0000,Proprietary  ,42,18,60,42,18,60
02539100,KAPLAN COLLEGE                          ,CA,91606-3231,Proprietary  ,225,646,871,225,646,871
02539102,KAPLAN COLLEGE -  RIVERSIDE             ,CA,92507-4223,Proprietary  ,118,276,394,118,276,394
02539500,IRVINE VALLEY COLLEGE                   ,CA,92620-0000,Public       ,1370,811,2181,1370,811,2181
02542300,NATIONAL HOLISTIC INSTITUTE             ,CA,94608-0000,Proprietary  ,50,157,207,50,157,207
02543400,BROWNSON TECHNICAL SCHOOL               ,CA,92805-0000,Proprietary  ,1,8,9,1,8,9
02545900,HYPNOSIS MOTIVATION INSTITUTE           ,CA,91356-0000,Private      ,0,8,8,0,8,8
02546400,MTI BUSINESS COLLEGE INC                ,CA,95207-0000,Proprietary  ,4,15,19,4,15,19
02549000,KAPLAN COLLEGE                          ,CA,92083-7736,Proprietary  ,213,609,822,213,609,822
02549005,KAPLAN COLLEGE -  PALM SPRINGS          ,CA,92262-7011,Proprietary  ,112,322,434,112,322,434
02553500,ASSOCIATED TECHNICAL COLLEGE            ,CA,92101-0000,Proprietary  ,13,24,37,13,24,37
02553600,DIVERSIFIED LANGUAGE INSTITUTE          ,CA,90017-0000,Proprietary  ,3,104,107,3,104,107
02559300,UNITED EDUCATION INSTITUTE              ,CA,90020-0000,Proprietary  ,176,523,699,176,523,699
02559400,INTERCOAST COLLEGES                     ,CA,92868-1656,Proprietary  ,36,389,425,36,389,425
02565400,KAPLAN COLLEGE                          ,CA,95207-6216,Proprietary  ,129,279,408,129,279,408
02570300,LOS ANGELES ORT TECHNICAL INSTITUTE     ,CA,90048-0000,Private      ,37,100,137,37,100,137
02577900,SANTA BARBARA BUSINESS COLLEGE          ,CA,93309-1664,Proprietary  ,106,263,369,106,263,369
02578000,SANTA BARBARA BUSINESS COLLEGE          ,CA,93454-6943,Proprietary  ,44,137,181,44,137,181
02584200,NEWBRIDGE COLLEGE                       ,CA,92701-0000,Proprietary  ,32,155,187,32,155,187
02591600,NORTH-WEST COLLEGE                      ,CA,91101-1744,Proprietary  ,9,21,30,9,21,30
02593100,HEALD COLLEGE                           ,CA,95678-5303,Proprietary  ,181,660,841,181,660,841
02593200,HEALD COLLEGE                           ,CA,95035-8008,Proprietary  ,181,499,680,181,499,680
02593300,HEALD COLLEGE                           ,CA,95210-5667,Proprietary  ,276,707,983,276,707,983
02595600,ASIAN AMERICAN INTERNATIONAL BTY CG     ,CA,92683-4043,Proprietary  ,3,1,4,3,1,4
02597300,SOUTH BAYLO UNIVERSITY                  ,CA,92801-1701,Private      ,1,29,30,1,29,30
02602300,CENTRAL COAST COLLEGE                   ,CA,93901-3301,Proprietary  ,35,22,57,35,22,57
02608900,PINNACLE COLLEGE                        ,CA,91803-8842,Proprietary  ,7,15,22,7,15,22
02608901,PINNACLE COLLEGE - SACRAMENTO           ,CA,95826-2581,Proprietary  ,16,13,29,16,13,29
02609000,EMPERORS COLG OF TRAD ORIENTAL MED      ,CA,90403-5609,Proprietary  ,3,26,29,3,26,29
02612800,LOS ANGELES RECORDING SCHOOL            ,CA,90028-3112,Proprietary  ,256,230,486,256,230,486
02619300,SAMRA UNIV OF ORIENTAL MEDICINE         ,CA,90015-1019,Private      ,1,20,21,1,20,21
03010611,VIRGINIA COLLEGE - GOLF ACADEMY OF AMERI,CA,92008-6512,Proprietary  ,32,77,109,32,77,109
03011300,"CALIF STATE UNIV, SAN MARCOS            ",CA,92096-0001,Public       ,7769,3065,10834,7769,3065,10834
03019900,ADELANTE CAREER INSTITUTE               ,CA,91402-4924,Proprietary  ,2,7,9,2,7,9
03025600,DELL'ARTE SCH OF PHYSICAL THEATRE       ,CA,95525-0816,Private      ,4,15,19,4,15,19
03027700,PACIFIC COLLEGE OF ORIENTAL MED         ,CA,92108-4408,Proprietary  ,8,101,109,8,101,109
03029600,POMONA ADULT SCHOOL                     ,CA,91766-0000,Public       ,15,21,36,15,21,36
03031409,INTERNATIONAL ACADEMY OF DESIGN AND TECH,CA,95834-9664,Proprietary  ,148,209,357,148,209,357
03034000,HEALD COLLEGE                           ,CA,93906-5100,Proprietary  ,295,623,918,295,623,918
03035700,LAS POSITAS COLLEGE                     ,CA,94551-6750,Public       ,814,525,1339,814,525,1339
03039900,FREMONT COLLEGE                         ,CA,90703-5342,Proprietary  ,54,61,115,54,61,115
03043900,NEWSCHOOL OF ARCHITECTURE & DESIGN      ,CA,92101-6634,Proprietary  ,160,246,406,160,246,406
03044500,KAPLAN COLLEGE                          ,CA,91402-4222,Proprietary  ,41,121,162,41,121,162
03054100,ROYALE COLLEGE OF BEAUTY                ,CA,92590-2525,Proprietary  ,10,7,17,10,7,17
03062300,WESTECH COLLEGE                         ,CA,91764-4988,Proprietary  ,28,94,122,28,94,122
03062400,MT DIABLO ADULT EDUC LOMA VISTA CTR     ,CA,94518-1122,Public       ,26,34,60,26,34,60
03062700,PLATT COLLEGE                           ,CA,90041-0000,Proprietary  ,57,55,112,57,55,112
03062701,PLATT COLLEGE                           ,CA,91764-0000,Proprietary  ,84,87,171,84,87,171
03063400,MODERN TECHNOLOGY SCHOOL                ,CA,92708-9821,Proprietary  ,16,45,61,16,45,61
03067400,BALDWIN PARK ADULT SCHOOL               ,CA,91706-4897,Public       ,7,24,31,7,24,31
03067500,INSTITUTE OF TECHNOLOGY                 ,CA,93612-3217,Proprietary  ,241,688,929,241,688,929
03069500,SAGE COLLEGE                            ,CA,92557-6720,Proprietary  ,36,135,171,36,135,171
03070400,ITT TECHNICAL INSTITUTE                 ,CA,92408-3519,Proprietary  ,404,679,1083,404,679,1083
03072300,EVEREST COLLEGE                         ,CA,91761-3222,Proprietary  ,60,93,153,60,93,153
03072700,WESTWOOD COLLEGE - LOS ANGELES          ,CA,90010-1577,Proprietary  ,946,939,1885,946,939,1885
03074900,MARTINEZ ADULT CENTER                   ,CA,94553-3298,Public       ,2,8,10,2,8,10
03078200,AMERICAN CLG TRADITIONAL CHINESE MD     ,CA,94107-2813,Private      ,0,82,82,0,82,82
03084700,VENTURA ADULT\CONTINUING EDUCATION      ,CA,93003-7313,Public       ,9,9,18,9,9,18
03087400,ITT TECHNICAL INSTITUTE                 ,CA,90502-1356,Proprietary  ,124,222,346,124,222,346
03094400,ELITE PROGRESSIVE SCHOOL OF COSM        ,CA,95841-2909,Proprietary  ,49,48,97,49,48,97
03097700,CENTRAL CALIF SCH CONTINUING EDUC       ,CA,93401-6739,Proprietary  ,17,26,43,17,26,43
03098200,YO SAN UNIV TRADITIONAL CHINESE MED     ,CA,90066-1103,Private      ,1,31,32,1,31,32
03108100,SUMMIT CAREER COLLEGE                   ,CA,92324-3956,Proprietary  ,71,167,238,71,167,238
03109500,DONGGUK ROYAL UNIVERSITY                ,CA,90020-1765,Private      ,1,11,12,1,11,12
03113300,MCED CAREER COLLEGE                     ,CA,93727-1620,Proprietary  ,12,92,104,12,92,104
03113600,SOUTHERN CALIFORNIA INST OF TECHNOL     ,CA,92805-3758,Proprietary  ,36,292,328,36,292,328
03116600,EAST SAN GABRIEL VLY REG OCCUP PROG     ,CA,91790-2105,Public       ,7,22,29,7,22,29
03125300,JOHN WESLEY INTER. BARBER & BTY CLG     ,CA,90813-4321,Proprietary  ,4,7,11,4,7,11
03125400,ART INSTITUTE OF CALIFORNIA-HOLLYWOOD (T,CA,90010-1014,Proprietary  ,1123,731,1854,1123,731,1854
03125800,PREMIERE CAREER COLLEGE                 ,CA,91706-3746,Proprietary  ,5,10,15,5,10,15
03126800,PACIFICA GRADUATE INSTITUTE             ,CA,93013-0000,Proprietary  ,2,225,227,2,225,227
03128700,MT SIERRA COLLEGE                       ,CA,91016-3414,Proprietary  ,116,183,299,116,183,299
03131300,FIVE BRANCHES UNIVERSITY                ,CA,95062-4669,Private      ,9,92,101,9,92,101
03144400,AMERICAN CLG OF HEALTH PROFESSIONS      ,CA,92374-0000,Proprietary  ,7,6,13,7,6,13
03150500,VIRGINIA SEWING MACHINES & SCH CTR      ,CA,90015-3535,Proprietary  ,2,0,2,2,0,2
03162300,FOUR-D SUCCESS ACADEMY                  ,CA,92324-4218,Proprietary  ,39,181,220,39,181,220
03163300,PACIFIC STATES UNIVERSITY               ,CA,90006-4298,Private      ,15,22,37,15,22,37
03195400,EVEREST COLLEGE                         ,CA,90501-2867,Proprietary  ,16,19,35,16,19,35
03210300,LE CORDON BLEU COLLEGE OF CULINARY ARTS ,CA,91101-5221,Proprietary  ,675,583,1258,675,583,1258
03225300,AMERICAN UNIVERSITY OF HEALTH SCIENCES  ,CA,90755-3612,Proprietary  ,30,57,87,30,57,87
03242300,CAREER NETWORK INSTITUTE                ,CA,92868-4710,Proprietary  ,21,51,72,21,51,72
03250300,COMMUNITY BASED EDUCATION AND DEVEL     ,CA,90036-1137,Private      ,13,96,109,13,96,109
03260300,CALIFORNIA STATE U-MONTEREY BAY         ,CA,93955-8001,Public       ,6301,1379,7680,6301,1379,7680
03266300,BETHESDA CHRISTIAN UNIVERSITY           ,CA,92801-4132,Private      ,6,3,9,6,3,9
03278300,CLARITA CAREER COLLEGE                  ,CA,91351-5432,Proprietary  ,53,218,271,53,218,271
03288300,ACAD CHINESE CULTURE & HEALTH SCIS      ,CA,94512-0000,Private      ,0,19,19,0,19,19
03299300,PACIFIC COLLEGE                         ,CA,92626-3160,Proprietary  ,19,74,93,19,74,93
03308300,KENSINGTON COLLEGE                      ,CA,92705-8708,Proprietary  ,3,3,6,3,3,6
03321300,SCRIPPS RESEARCH INSTITUTE (THE)        ,CA,92037-0000,Private      ,4,28,32,4,28,32
03327400,ACUPUNCTURE AND INTEGRATIVE MEDICINE COL,CA,94704-2724,Private      ,2,78,80,2,78,80
03332300,SOUTHERN CA BIBLE CLG & SEMINARY        ,CA,92019-1109,Private      ,2,57,59,2,57,59
03359300,ST. FRANCIS CAREER COLLEGE              ,CA,90262-2659,Private      ,51,138,189,51,138,189
03367300,PROFESSIONAL GOLFERS CAREER COLLEGE     ,CA,92591-6013,Proprietary  ,96,117,213,96,117,213
03394300,REMINGTON COLLEGE - SAN DIEGO CAMPUS    ,CA,92108-3002,Proprietary  ,75,120,195,75,120,195
03395300,INTERNATIONAL CAREER DEVELOPMENT        ,CA,90027-5794,Proprietary  ,102,243,345,102,243,345
03399300,NORTHWESTERN TECHNICAL COLLEGE          ,CA,95670-4443,Proprietary  ,30,129,159,30,129,159
03403300,TRINITY LIFE BIBLE COLLEGE              ,CA,95842-3546,Private      ,39,127,166,39,127,166
03413400,ENGLISH CENTER  (THE)                   ,CA,94607-3734,Private      ,7,30,37,7,30,37
03427400,CAREER COLLEGES OF AMERICA              ,CA,90280-7420,Proprietary  ,79,372,451,79,372,451
03427500,ANTELOPE VALLEY MEDICAL COLLEGE         ,CA,93534-3324,Proprietary  ,93,186,279,93,186,279
03440400,MARIAN HEALTH CAREERS CENTER            ,CA,90010-1728,Proprietary  ,11,14,25,11,14,25
03441400,VALLEY CAREER COLLEGE                   ,CA,92020-3057,Proprietary  ,17,38,55,17,38,55
03455900,VALLECITOS CENTER FOR EMPLOYMENT TR     ,CA,94541-5027,Private      ,3,5,8,3,5,8
03458300,MY LE'S BEAUTY COLLEGE                  ,CA,95824-3039,Proprietary  ,19,17,36,19,17,36
03467300,MARINELLO SCHOOL OF BEAUTY              ,CA,92545-3661,Proprietary  ,19,24,43,19,24,43
03467301,CALIFORNIA BEAUTY COLLEGE - DESERT HOT S,CA,92240-1307,Proprietary  ,1,0,1,1,0,1
03474700,OPPORTUNITIES INDUSTRIALIZATION CEN     ,CA,94025-1413,Private      ,0,4,4,0,4,4
03479300,PROFESSIONAL CAREER INSTITUTE           ,CA,90703-2522,Proprietary  ,28,53,81,28,53,81
03485400,JAMES ALBERT SCHOOL OF COSMETOLOGY      ,CA,92627-3831,Proprietary  ,8,11,19,8,11,19
03485401,JAMES ALBERT SCHOOL OF COSMETOLOGY - ANA,CA,92804-5384,Proprietary  ,8,5,13,8,5,13
03516300,THE KING'S COLLEGE AND SEMINARY         ,CA,91405-2233,Private      ,12,64,76,12,64,76
03532400,ADVANCED TRAINING ASSOCIATES            ,CA,92020-1236,Proprietary  ,2,6,8,2,6,8
03542400,COPPER MOUNTAIN COLLEGE                 ,CA,92252-6102,Public       ,221,440,661,221,440,661
03577300,COBA ACADEMY                            ,CA,92866-1407,Proprietary  ,4,6,10,4,6,10
03590400,NTMA TRAINING CENTERS OF SOUTHERN C     ,CA,90650-6099,Private      ,3,19,22,3,19,22
03592400,IRELL & MANELLA GRADUATE SCHOOL OF BIOLO,CA,91010-0000,Private      ,2,13,15,2,13,15
03598300,AVALON BEAUTY COLLEGE                   ,CA,93103-3137,Proprietary  ,23,11,34,23,11,34
03614300,UNITED BEAUTY COLLEGE                   ,CA,91733-0000,Proprietary  ,2,0,2,2,0,2
03621300,LIBERTY TRAINING INSTITUTE              ,CA,90057-3202,Proprietary  ,3,0,3,3,0,3
03639300,WEST COAST ULTRASOUND INSTITUTE         ,CA,90211-3312,Proprietary  ,39,154,193,39,154,193
03646300,DESIGN'S SCHOOL OF COSMETOLOGY          ,CA,93446-1471,Proprietary  ,8,19,27,8,19,27
03681300,CALIFORNIA HEALING ARTS COLLEGE         ,CA,90025-2589,Proprietary  ,15,15,30,15,15,30
03695300,COMMUNITY ENHANCEMENT SERVICES          ,CA,91205-2395,Private      ,2,1,3,2,1,3
03695700,SANTIAGO CANYON COLLEGE                 ,CA,92869-4512,Public       ,944,467,1411,944,467,1411
03696300,UNIVERSITY OF THE WEST                  ,CA,91770-3709,Private      ,3,19,22,3,19,22
03698300,WEST COAST UNIVERSITY                   ,CA,90004-0000,Proprietary  ,146,537,683,146,537,683
03698400,CA COLLEGE OF VOCATIONAL CAREER         ,CA,93301-1800,Proprietary  ,15,27,42,15,27,42
03736300,ADVANCE BEAUTY COLLEGE                  ,CA,92843-4752,Proprietary  ,3,4,7,3,4,7
03740400,ATI COLLEGE                             ,CA,90650-0000,Proprietary  ,6,43,49,6,43,49
03759300,COMPUTER TUTOR BUSINESS & TECH INST     ,CA,95356-0000,Proprietary  ,9,21,30,9,21,30
03786300,ADVANCED COLLEGE                        ,CA,90280-5255,Proprietary  ,6,49,55,6,49,55
03797400,CAREER CARE INSTITUTE                   ,CA,93534-4766,Proprietary  ,27,137,164,27,137,164
03806300,LAKE COLLEGE                            ,CA,96002-0926,Proprietary  ,9,60,69,9,60,69
03810300,SILICON VALLEY UNIVERSITY               ,CA,95131-1868,Private      ,9,19,28,9,19,28
03814400,SOKA UNIVERSITY OF AMERICA              ,CA,92656-8081,Private      ,438,34,472,438,34,472
03838400,WALTER JAY M.D. INSTITUTE AN EDUCATIONAL,CA,90057-0000,Proprietary  ,0,3,3,0,3,3
03852500,CIT COLLEGE OF INFOMEDICAL TECHNOLOGY   ,CA,92831-3703,Proprietary  ,14,78,92,14,78,92
03853300,KECK GRADUATE INSTITUTE OF APPLIED LIFE ,CA,91711-4817,Private      ,2,32,34,2,32,34
03853400,LADERA CAREER PATHS TRAINING CENTERS    ,CA,90045-1931,Proprietary  ,3,4,7,3,4,7
03868300,WORLD MISSION UNIVERSITY                ,CA,90020-1789,Private      ,1,12,13,1,12,13
03868400,LOS ANGELES MUSIC ACADEMY               ,CA,91105-2540,Proprietary  ,40,19,59,40,19,59
03871300,FOLSOM LAKE COLLEGE                     ,CA,95630-6798,Public       ,1053,884,1937,1053,884,1937
03874300,CAMBRIDGE JUNIOR COLLEGE                ,CA,95993-0000,Proprietary  ,23,38,61,23,38,61
03874400,COMMMUNITY CHRISTIAN COLLEGE            ,CA,92373-4465,Private      ,40,37,77,40,37,77
03889300,STANBRIDGE COLLEGE                      ,CA,92612-0000,Proprietary  ,19,92,111,19,92,111
03901300,PACIFIC COAST TRADE SCHOOL              ,CA,93033-2441,Proprietary  ,2,10,12,2,10,12
03910400,NATIONAL POLYTECHNIC COLLEGE            ,CA,90040-3066,Proprietary  ,4,19,23,4,19,23
03933300,MUELLER COLLEGE OF HOLISTIC STUDIES     ,CA,92116-2630,Proprietary  ,14,32,46,14,32,46
03933301,MUELLER COLLEGE OF HOLISTIC STUDIES -   ,CA,92120-3449,Proprietary  ,0,1,1,0,1,1
03962300,AMERICAN INSTITUTE OF MASSAGE THERAPY   ,CA,92705-5463,Proprietary  ,17,7,24,17,7,24
03964400,INTERNATIONAL SCHOOL OF BEAUTY          ,CA,92260-2740,Proprietary  ,11,20,31,11,20,31
03969600,AMERICAN AUTO INSTITUTE                 ,CA,90703-2637,Proprietary  ,14,8,22,14,8,22
03971300,AMERICAN CAREER COLLEGE                 ,CA,91764-4906,Proprietary  ,141,300,441,141,300,441
03973300,EX'PRESSION COLLEGE FOR DIGITAL ARTS    ,CA,94608-1021,Proprietary  ,335,311,646,335,311,646
03974500,CALIFORNIA CAREER COLLEGE               ,CA,91303-2006,Proprietary  ,6,16,22,6,16,22
03980300,CALIFORNIA STATE UNIVERSITY CHANNEL ISLA,CA,93012-8599,Public       ,3407,1235,4642,3407,1235,4642
03995300,UNIVERSITY OF EAST-WEST MEDICINE        ,CA,94087-6106,Proprietary  ,4,13,17,4,13,17
03999300,BEAUMONT ADULT SCHOOL                   ,CA,92223-1927,Public       ,11,52,63,11,52,63
04001300,PALACE BEAUTY COLLEGE                   ,CA,90006-4233,Proprietary  ,9,6,15,9,6,15
04001400,MOJAVE BARBER COLLEGE                   ,CA,92395-3201,Proprietary  ,4,7,11,4,7,11
04003300,CSI CAREER COLLEGE                      ,CA,95687-3100,Proprietary  ,22,49,71,22,49,71
04004300,THUY PRINCESS BEAUTY COLLEGE            ,CA,91766-0000,Proprietary  ,6,1,7,6,1,7
04005300,INTERAMERICAN COLLEGE                   ,CA,91950-4437,Private      ,3,20,23,3,20,23
04014400,PALLADIUM TECHNICAL ACADEMY             ,CA,91731-2429,Proprietary  ,1,4,5,1,4,5
04023400,PROTEUS                                 ,CA,93291-3014,Private      ,4,2,6,4,2,6
04037300,LOS ANGELES FILM SCHOOL (THE)           ,CA,90028-7300,Proprietary  ,260,223,483,260,223,483
04049300,MAXINE WATERS EMPLOYMENT PREPARATION CEN,CA,90059-1023,Public       ,10,25,35,10,25,35
04056300,CAREER COLLEGE OF CALIFORNIA            ,CA,92705-5805,Proprietary  ,2,1,3,2,1,3
04057300,TECHSKILLS OF SACRAMENTO                ,CA,95815-4025,Proprietary  ,19,52,71,19,52,71
04071300,AMERICAN PACIFIC COLLEGE                ,CA,91405-6232,Proprietary  ,4,5,9,4,5,9
04076400,GNOMON SCHOOL OF VISUAL EFFECTS         ,CA,90038-2616,Proprietary  ,14,25,39,14,25,39
04092300,COASTLINE BEAUTY COLLEGE                ,CA,92708-3847,Proprietary  ,3,7,10,3,7,10
04092400,MAKE-UP DESIGNORY                       ,CA,91502-1322,Proprietary  ,70,59,129,70,59,129
04100400,TAFT UNIVERSITY SYSTEM (THE)            ,CA,92704-6954,Proprietary  ,2,63,65,2,63,65
04109300,ACADEMY OF BARBERING ARTS (THE)         ,CA,91324-3406,Proprietary  ,6,3,9,6,3,9
04111300,WEST HILLS COLLEGE LEMOORE              ,CA,93245-9248,Public       ,828,844,1672,828,844,1672
04114500,VALLEY COLLEGE OF MEDICAL CAREERS       ,CA,91304-2354,Proprietary  ,12,36,48,12,36,48
04115300,COACHELLA VALLEY BEAUTY COLLEGE         ,CA,92253-2051,Proprietary  ,9,13,22,9,13,22
04115600,MAYFIELD COLLEGE                        ,CA,92234-7014,Proprietary  ,0,2,2,0,2,2
04116000,VIDEO SYMPHONY ENTERTRAINING            ,CA,91502-3253,Proprietary  ,28,73,101,28,73,101
04119200,CAREER COLLEGE CONSULTANTS              ,CA,90041-2088,Proprietary  ,1,1,2,1,1,2
04126400,CHAMPION INSTITUTE OF COSMETOLOGY       ,CA,92264-7458,Proprietary  ,2,5,7,2,5,7
04126500,COAST CAREER INSTITUTE                  ,CA,90015-3040,Proprietary  ,2,4,6,2,4,6
04127100,"UNIVERSITY OF CALIFORNIA, MERCED        ",CA,95343-5001,Public       ,7547,793,8340,7547,793,8340
04127800,HEALTHY HAIR ACADEMY                    ,CA,90303-3137,Proprietary  ,3,0,3,3,0,3
04127900,TUI UNIVERSITY                          ,CA,90630-5023,Proprietary  ,4,438,442,4,438,442
04129700,INTERNATIONAL POLYTECHNIC INSTITUTE     ,CA,92231-1737,Private      ,1,0,1,1,0,1
04132300,INSTITUTE OF MEDICAL EDUCATION          ,CA,95113-2207,Proprietary  ,24,127,151,24,127,151
04132400,ACADEMY OF ESTHETICS AND COSMETOLOGY    ,CA,91342-3373,Proprietary  ,9,6,15,9,6,15
04132700,INFOTECH CAREER COLLEGE                 ,CA,90706-5579,Proprietary  ,3,8,11,3,8,11
04133000,BIOHEALTH COLLEGE                       ,CA,95134-2033,Proprietary  ,2,12,14,2,12,14
04134500,CAREER COLLEGE OF SAN DIEGO             ,CA,92102-3348,Proprietary  ,13,46,59,13,46,59
04134700,INTERNATL PROFESSIONAL SCHL OF BODYWORK ,CA,92123-1520,Proprietary  ,9,28,37,9,28,37
04137200,BORNER'S BARBER COLLEGE                 ,CA,90047-3856,Proprietary  ,1,4,5,1,4,5
04138700,CAO INSTITUTE OF AESTHETICS (THE)       ,CA,91801-3903,Proprietary  ,6,5,11,6,5,11
04141300,SAN FRANCISCO INSTITUTE OF ESTHETICS    ,CA,94103-4083,Proprietary  ,23,28,51,23,28,51
04141400,LAURUS COLLEGE                          ,CA,93401-5405,Proprietary  ,5,9,14,5,9,14
04141700,HEALING HANDS SCHOOL OF HOLISTIC HEALTH ,CA,92025-1722,Proprietary  ,2,10,12,2,10,12
04144200,CAREER DEVELOPMENT INSTITUTE            ,CA,90035-4364,Proprietary  ,1,1,2,1,1,2
00184600,BRIAR CLIFF UNIVERSITY                  ,IA,51104-2100,Private      ,864,185,1049,864,185,1049
00184700,BUENA VISTA UNIVERSITY                  ,IA,50588-9987,Private      ,1243,545,1788,1243,545,1788
00184800,SOUTHEASTERN COMMUNITY COLLEGE          ,IA,52655-0000,Public       ,449,546,995,449,546,995
00185000,CENTRAL COLLEGE                         ,IA,50219-1999,Private      ,1787,51,1838,1787,51,1838
00185200,CLARKE COLLEGE                          ,IA,52001-3198,Private      ,740,213,953,740,213,953
00185400,COE COLLEGE                             ,IA,52402-5092,Private      ,1544,96,1640,1544,96,1640
00185500,DES MOINES UNIV-OSTEOPATHIC MED CTR     ,IA,50312-0000,Private      ,10,821,831,10,821,831
00185600,CORNELL COLLEGE                         ,IA,52314-1098,Private      ,1605,62,1667,1605,62,1667
00185700,SOUTHWESTERN COMMUNITY COLLEGE          ,IA,50801-1098,Public       ,281,170,451,281,170,451
00185800,DIVINE WORD COLLEGE                     ,IA,52045-0380,Private      ,1,0,1,1,0,1
00185900,DORDT COLLEGE                           ,IA,51250-1697,Private      ,1004,37,1041,1004,37,1041
00186000,DRAKE UNIVERSITY                        ,IA,50311-4505,Private      ,3714,1388,5102,3714,1388,5102
00186200,ELLSWORTH COMMUNITY COLLEGE             ,IA,50126-1199,Public       ,364,65,429,364,65,429
00186400,IOWA LAKES COMMUNITY COLLEGE            ,IA,51334-2234,Public       ,726,349,1075,726,349,1075
00186500,IOWA CENTRAL COMMUNITY COLLEGE          ,IA,50501-0000,Public       ,1107,494,1601,1107,494,1601
00186600,GRACELAND UNIVERSITY                    ,IA,50140-1699,Private      ,530,375,905,530,375,905
00186700,GRAND VIEW UNIVERSITY                   ,IA,50316-1599,Private      ,1057,421,1478,1057,421,1478
00186800,GRINNELL COLLEGE                        ,IA,50112-1690,Private      ,2280,31,2311,2280,31,2311
00186900,IOWA STATE UNIV SCIENCE & TECHNOLOG     ,IA,50011-2028,Public       ,16549,3314,19863,16549,3314,19863
00187100,IOWA WESLEYAN COLLEGE                   ,IA,52641-1398,Private      ,559,173,732,559,173,732
00187300,LORAS COLLEGE                           ,IA,52004-0178,Private      ,1767,65,1832,1767,65,1832
00187400,LUTHER COLLEGE                          ,IA,52101-1045,Private      ,2738,48,2786,2738,48,2786
00187500,MARSHALLTOWN COMMUNITY COLLEGE          ,IA,50158-4760,Public       ,312,235,547,312,235,547
00187700,NORTH IOWA AREA COMMUNITY COLLEGE       ,IA,50401-7299,Public       ,833,372,1205,833,372,1205
00187900,MORNINGSIDE COLLEGE                     ,IA,51106-1751,Private      ,1303,198,1501,1303,198,1501
00188000,MOUNT MERCY COLLEGE                     ,IA,52402-4797,Private      ,694,292,986,694,292,986
00188100,ASHFORD UNIVERSITY                      ,IA,52732-3997,Proprietary  ,576,11312,11888,576,11312,11888
00188300,NORTHWESTERN COLLEGE                    ,IA,51041-1996,Private      ,1077,37,1114,1077,37,1114
00188700,SIMPSON COLLEGE                         ,IA,50125-1297,Private      ,1510,188,1698,1510,188,1698
00188900,ST AMBROSE UNIVERSITY                   ,IA,52803-2898,Private      ,1860,454,2314,1860,454,2314
00189000,UNIVERSITY OF NORTHERN IOWA             ,IA,50614-0705,Public       ,7006,1219,8225,7006,1219,8225
00189100,UNIVERSITY OF DUBUQUE                   ,IA,52001-5099,Private      ,1160,228,1388,1160,228,1388
00189200,UNIVERSITY OF IOWA                      ,IA,52242-1316,Public       ,12602,5119,17721,12602,5119,17721
00189300,UPPER IOWA UNIVERSITY                   ,IA,52142-9206,Private      ,651,1370,2021,651,1370,2021
00189500,WALDORF COLLEGE                         ,IA,50436-1700,Private      ,393,32,425,393,32,425
00189600,WARTBURG COLLEGE                        ,IA,50677-2200,Private      ,2070,61,2131,2070,61,2131
00189700,WARTBURG THEOLOGICAL SEMINARY           ,IA,52004-5004,Private      ,1,57,58,1,57,58
00190000,WILLIAM PENN UNIVERSITY                 ,IA,52577-1799,Private      ,506,461,967,506,461,967
00396300,AIB COLLEGE OF BUSINESS                 ,IA,50321-1799,Private      ,436,309,745,436,309,745
00407500,ESTRN IOWA COMMUNITY COLLEGE DIST       ,IA,52801-1221,Public       ,25,45,70,25,45,70
00407501,CLINTON COMMUNITY COLLEGE               ,IA,52732-0000,Public       ,139,148,287,139,148,287
00407502,MUSCATINE COMMUNITY COLLEGE             ,IA,52761-0000,Public       ,197,147,344,197,147,344
00407503,SCOTT COMMUNITY COLLEGE                 ,IA,52722-0000,Public       ,398,646,1044,398,646,1044
00407600,KIRKWOOD COMMUNITY COLLEGE              ,IA,52406-2068,Public       ,3101,1723,4824,3101,1723,4824
00423300,MERCY/ST. LUKE'S SCH RAD TECH           ,IA,52402-0000,Private      ,1,10,11,1,10,11
00458600,KAPLAN UNIVERSITY                       ,IA,52807-2095,Proprietary  ,674,15921,16595,674,15921,16595
00458604,KAPLAN UNIVERSITY - CEDAR RAPIDS        ,IA,52404-2998,Proprietary  ,51,399,450,51,399,450
00458605,KAPLAN UNIVERSITY - DES MOINES          ,IA,50323-5702,Proprietary  ,99,656,755,99,656,755
00458606,KAPLAN UNIVERSITY - MASON CITY          ,IA,50401-4665,Proprietary  ,29,182,211,29,182,211
00458607,KAPLAN UNIVERSITY - CEDAR FALLS         ,IA,50613-6309,Proprietary  ,50,347,397,50,347,397
00458610,KAPLAN UNIVERSITY - COUNCIL BLUFFS      ,IA,51503-5289,Proprietary  ,12,161,173,12,161,173
00458700,NORTHEAST IOWA COMMUNITY COLLEGE        ,IA,52132-0400,Public       ,297,239,536,297,239,536
00458701,NORTHEAST IOWA COMMUNITY COLLEGE        ,IA,52068-0000,Public       ,409,391,800,409,391,800
00459500,HAWKEYE COMMUNITY COLLEGE               ,IA,50701-0000,Public       ,1368,652,2020,1368,652,2020
00459800,IOWA WESTERN CMTY CLG-COUNCIL BLUFF     ,IA,51502-0000,Public       ,1200,729,1929,1200,729,1929
00460000,NORTHWEST IOWA COMMUNITY COLLEGE        ,IA,51201-1046,Public       ,255,124,379,255,124,379
00626700,IOWA METHODIST MEDICAL CENTER SCHOOLS   ,IA,50309-1499,Private      ,18,12,30,18,12,30
00627300,MERCY COLLEGE OF HEALTH SCIENCES        ,IA,50309-1239,Private      ,193,236,429,193,236,429
00712000,DES MOINES AREA CMTY COLLEGE            ,IA,50021-0000,Public       ,2739,2732,5471,2739,2732,5471
00712100,FAITH BAPTIST BIBLE CLG & THEOL SEM     ,IA,50021-0000,Private      ,138,20,158,138,20,158
00729100,ST LUKE'S COLLEGE                       ,IA,51104-0263,Private      ,74,60,134,74,60,134
00731600,WESTERN IOWA TECH COMMUNITY COLLEGE     ,IA,51106-0000,Public       ,591,734,1325,591,734,1325
00758800,CAPRI COLLEGE                           ,IA,52004-0873,Proprietary  ,27,24,51,27,24,51
00761100,EQ SCHOOL OF HAIR DESIGN                ,IA,51503-0813,Proprietary  ,10,7,17,10,7,17
00765600,AMERICAN COLLEGE OF HARISTYLING -CR     ,IA,52402-0000,Proprietary  ,1,5,6,1,5,6
00765800,AMER COLL OF HAIRSTYLING-DES MOINES     ,IA,50309-5446,Proprietary  ,1,7,8,1,7,8
00765900,LA JAMES COLLEGE OF HAIRSTYLING         ,IA,50401-3308,Proprietary  ,15,4,19,15,4,19
00771700,CAPRI COLLEGE                           ,IA,52807-2622,Proprietary  ,14,15,29,14,15,29
00794100,COLLEGE OF HAIR DESIGN                  ,IA,50703-1834,Proprietary  ,9,5,14,9,5,14
00811600,DAYTON'S SCHOOL OF HAIR DESIGN          ,IA,52601-0000,Proprietary  ,2,5,7,2,5,7
00826000,IOWA SCHOOL OF BEAUTY INC               ,IA,50322-0000,Proprietary  ,10,12,22,10,12,22
00840300,INDIAN HILLS COMMUNITY COLLEGE          ,IA,52501-1398,Public       ,727,605,1332,727,605,1332
00840301,INDIAN HILLS COMMUNITY COLLEGE          ,IA,52544-0000,Public       ,101,81,182,101,81,182
00842400,LA JAMES INTERNATIONAL COLLEGE          ,IA,50501-5577,Proprietary  ,37,18,55,37,18,55
00959300,LA'JAMES COLLEGE OF HAIRSTYLING         ,IA,52240-0000,Proprietary  ,18,10,28,18,10,28
01111300,MAHARISHI UNIV OF MANAGEMENT            ,IA,52557-0001,Private      ,59,91,150,59,91,150
01206400,HAMILTON TECHNICAL COLLEGE              ,IA,52807-2653,Proprietary  ,19,48,67,19,48,67
01230000,PALMER COLLEGE OF CHIROPRACTIC          ,IA,52803-5287,Private      ,29,1183,1212,29,1183,1212
01300600,LA' JAMES INTERNATIONAL COLLEGE-CF      ,IA,50613-5242,Proprietary  ,21,8,29,21,8,29
02090300,CAPRI COLLEGE                           ,IA,52404-0000,Proprietary  ,27,31,58,27,31,58
02134500,LA JAMES INTERNATIONAL COLLEGE - DAV    ,IA,52806-3952,Proprietary  ,17,26,43,17,26,43
02160900,"SALON PROFESSIONAL ACADEMY, THE         ",IA,50010-0000,Proprietary  ,43,16,59,43,16,59
02262500,FAUST INSTITUTE OF COSMETOLOGY          ,IA,50588-0000,Proprietary  ,7,2,9,7,2,9
02274100,LA' JAMES INTERNATIONAL COLLEGE - DM    ,IA,50131-0000,Proprietary  ,36,26,62,36,26,62
02289000,AMERICAN HAIR ACADEMY                   ,IA,52627-4530,Proprietary  ,3,9,12,3,9,12
02306900,IOWA SCHOOL OF BEAUTY                   ,IA,52501-0000,Proprietary  ,3,3,6,3,3,6
02328900,EMMAUS BIBLE COLLEGE                    ,IA,52001-0000,Private      ,108,11,119,108,11,119
02330900,IOWA SCHOOL OF BEAUTY                   ,IA,50158-0000,Proprietary  ,1,2,3,1,2,3
02333200,DAYTON'S SCHOOL OF HAIR DESIGN          ,IA,52632-0000,Proprietary  ,0,7,7,0,7,7
02609200,VATTEROTT COLLEGE                       ,IA,50321-4704,Proprietary  ,24,187,211,24,187,211
03069100,ALLEN COLLEGE                           ,IA,50703-1916,Private      ,231,159,390,231,159,390
03441300,IOWA SCHOOL OF BEAUTY                   ,IA,51106-5111,Proprietary  ,8,18,26,8,18,26
03607400,TOTAL LOOK SCHOOL OF COSMETOLOGY AND MAS,IA,52136-1053,Proprietary  ,1,1,2,1,1,2
03720300,CARLSON COLLEGE OF MASSAGE THERAPY      ,IA,52205-7519,Proprietary  ,5,7,12,5,7,12
04089300,BIO-CHI INSTITUTE OF MASSAGE THERAPY    ,IA,51103-2138,Proprietary  ,3,6,9,3,6,9
00259600,ATLANTIC COMMUNITY COLLEGE              ,NJ,08330-2699,Public       ,989,809,1798,989,809,1798
00259700,BLOOMFIELD COLLEGE                      ,NJ,07003-3425,Private      ,1576,474,2050,1576,474,2050
00259800,CALDWELL COLLEGE                        ,NJ,07006-6195,Private      ,912,334,1246,912,334,1246
00259900,CENTENARY COLLEGE                       ,NJ,07840-2184,Private      ,1001,343,1344,1001,343,1344
00260000,COLLEGE OF SAINT ELIZABETH              ,NJ,07960-6989,Private      ,473,194,667,473,194,667
00260100,CUMBERLAND COUNTY COLLEGE               ,NJ,08362-0517,Public       ,507,538,1045,507,538,1045
00260300,DREW UNIVERSITY                         ,NJ,07940-4063,Private      ,3250,296,3546,3250,296,3546
00260700,FAIRLEIGH DICKINSON UNIV-TEANECK        ,NJ,07666-1996,Private      ,2467,782,3249,2467,782,3249
00260701,FAIRLEIGH DICKINSON UNIV-FLORHAM        ,NJ,07940-0000,Private      ,2023,252,2275,2023,252,2275
00260702,FAIRLEIGH DICKINSON UNIV-ED WMS CLG     ,NJ,07601-0000,Private      ,112,51,163,112,51,163
00260703,FAIRLEIGH DICKINSON UNIVERSITY          ,NJ,07940-0000,Private      ,1527,328,1855,1527,328,1855
00260800,GEORGIAN COURT UNIVERSITY               ,NJ,08701-2697,Private      ,747,458,1205,747,458,1205
00260900,ROWAN UNIVERSITY                        ,NJ,08028-1702,Public       ,7492,1369,8861,7492,1369,8861
00261000,FELICIAN COLLEGE                        ,NJ,07644-2198,Private      ,926,252,1178,926,252,1178
00261300,NEW JERSEY CITY UNIVERSITY              ,NJ,07305-1597,Public       ,2110,1325,3435,2110,1325,3435
00261500,MIDDLESEX COUNTY COLLEGE                ,NJ,08818-3050,Public       ,1782,894,2676,1782,894,2676
00261600,MONMOUTH UNIVERSITY                     ,NJ,07764-1898,Private      ,5399,863,6262,5399,863,6262
00261700,MONTCLAIR STATE UNIVERSITY              ,NJ,07043-9987,Public       ,10596,2407,13003,10596,2407,13003
00261900,NEW BRUNSWICK THEOLOGICAL SEMINARY      ,NJ,08901-0000,Private      ,15,22,37,15,22,37
00262100,NEW JERSEY INST OF TECHNOLOGY           ,NJ,07102-1982,Public       ,3322,715,4037,3322,715,4037
00262200,KEAN UNIVERSITY                         ,NJ,07083-7131,Public       ,5645,2376,8021,5645,2376,8021
00262400,OCEAN COUNTY COLLEGE                    ,NJ,08754-2001,Public       ,1554,765,2319,1554,765,2319
00262500,WILLIAM PATERSON UNIVERSITY             ,NJ,07470-2152,Public       ,5842,1373,7215,5842,1373,7215
00262600,PRINCETON THEOLOGICAL SEMINARY          ,NJ,08542-0000,Private      ,11,378,389,11,378,389
00262700,PRINCETON UNIVERSITY                    ,NJ,08544-0001,Private      ,12356,1327,13683,12356,1327,13683
00262800,RIDER UNIVERSITY                        ,NJ,08648-3099,Private      ,5844,815,6659,5844,815,6659
00262900,"RUTGERS, THE STATE UNIVERSITY OF NJ     ",NJ,08901-1281,Public       ,30285,10521,40806,30285,10521,40806
00263200,SETON HALL UNIVERSITY                   ,NJ,07079-2697,Private      ,8595,1862,10457,8595,1862,10457
00263201,SETON HALL UNIVERSITY - SCHOOL OF LAW   ,NJ,07079-5210,Private      ,171,1700,1871,171,1700,1871
00263800,ST PETER'S COLLEGE                      ,NJ,07306-5997,Private      ,2204,294,2498,2204,294,2498
00263900,STEVENS INSTITUTE OF TECHNOLOGY         ,NJ,07030-5370,Private      ,2418,188,2606,2418,188,2606
00264200,COLLEGE OF NEW JERSEY (THE)             ,NJ,08628-0718,Public       ,8072,485,8557,8072,485,8557
00264300,UNION COUNTY COLLEGE                    ,NJ,07016-1598,Public       ,1025,1124,2149,1025,1124,2149
00473600,BERGEN COMMUNITY COLLEGE                ,NJ,07652-1595,Public       ,2116,896,3012,2116,896,3012
00474000,MERCER COUNTY COMMUNITY COLLEGE         ,NJ,08690-0000,Public       ,808,874,1682,808,874,1682
00539900,MONMOUTH COUNTY VOCATIONAL SCH DIST     ,NJ,07728-5033,Public       ,11,18,29,11,18,29
00545200,TETERBORO SCH OF AERONAUTICS            ,NJ,07608-1083,Proprietary  ,9,5,14,9,5,14
00546000,SOMERSET COUNTY TECHNICAL INSTITUTE     ,NJ,08807-0350,Public       ,13,23,36,13,23,36
00546100,SALEM COMMUNITY COLLEGE                 ,NJ,08069-2799,Public       ,165,123,288,165,123,288
00641000,C E GREGORY SCHOOL OF NURSING           ,NJ,08857-0000,Private      ,2,1,3,2,1,3
00641700,HOLY NAME HOSPITAL SCH OF NURSING       ,NJ,07666-4254,Private      ,32,52,84,32,52,84
00642000,MOUNTAINSIDE HOSP SCH NRSG              ,NJ,07042-4898,Proprietary  ,15,38,53,15,38,53
00642100,MUHLENBERG SNYDER SCHOOLS               ,NJ,07061-3399,Private      ,36,117,153,36,117,153
00642900,ST FRANCIS MEDICAL CTR SCH NURSING      ,NJ,08629-1986,Private      ,11,20,31,11,20,31
00642902,ST FRANCIS MED CTR RAD TECH             ,NJ,08629-0000,Private      ,1,7,8,1,7,8
00686500,CAMDEN COUNTY COLLEGE                   ,NJ,08012-3240,Public       ,1910,1914,3824,1910,1914,3824
00690100,GLOUCESTER COUNTY COLLEGE               ,NJ,08080-4249,Public       ,1071,514,1585,1071,514,1585
00710700,ESSEX COUNTY COLLEGE                    ,NJ,07102-1798,Public       ,1301,1687,2988,1301,1687,2988
00736203,STUART SCHOOL OF BUSINESS ADMINISTRATION,NJ,07719-3970,Proprietary  ,1,1,2,1,1,2
00750200,BERKELEY COLLEGE                        ,NJ,07424-3367,Proprietary  ,744,580,1324,744,580,1324
00750201,BERKELEY COLLEGE                        ,NJ,07095-0000,Proprietary  ,254,161,415,254,161,415
00750202,BERKELEY COLLEGE - PARAMUS              ,NJ,07652-2931,Proprietary  ,179,127,306,179,127,306
00750600,LINCOLN TECHNICAL INSTITUTE             ,NJ,07083-5032,Proprietary  ,123,74,197,123,74,197
00750601,LINCOLN TECHNICAL INSTITUTE             ,NJ,07430-0000,Proprietary  ,109,95,204,109,95,204
00750700,GIBBS COLLEGE                           ,NJ,07039-1611,Proprietary  ,14,24,38,14,24,38
00750701,KATHARINE GIBBS - PISCATAWAY            ,NJ,08854-0000,Proprietary  ,0,3,3,0,3,3
00759300,PARISIAN BEAUTY ACADEMY                 ,NJ,07601-5509,Proprietary  ,9,6,15,9,6,15
00772900,COUNTY COLLEGE OF MORRIS                ,NJ,07869-0000,Public       ,1087,399,1486,1087,399,1486
00773000,BURLINGTON COUNTY COLLEGE               ,NJ,08068-1599,Public       ,1255,854,2109,1255,854,2109
00773100,RARITAN VALLEY COMMUNITY COLLEGE        ,NJ,08876-1265,Public       ,710,347,1057,710,347,1057
00780401,CAREER ACADEMY OF NEW YORK - STAR LAKEWO,NJ,08701-5900,Proprietary  ,6,45,51,6,45,51
00780402,CAREER ACADEMY OF NEW YORK - STAR EGG HA,NJ,08234-4863,Proprietary  ,9,57,66,9,57,66
00794700,BETH MEDRASH GOVOHA OF AMERICA          ,NJ,08701-0000,Private      ,3,5,8,3,5,8
00840400,BROOKDALE COMMUNITY COLLEGE             ,NJ,07738-1597,Public       ,1590,770,2360,1590,770,2360
00844101,ANTHEM INSTITUTE                        ,NJ,08002-0000,Proprietary  ,5,7,12,5,7,12
00849400,HO HO KUS SCHL OF TRADE & TECH SCIENCES ,NJ,07513-1402,Proprietary  ,11,15,26,11,15,26
00860900,RABBINICAL COLLEGE OF AMERICA           ,NJ,07960-3600,Private      ,1,1,2,1,1,2
00907800,CAPRI INSTITUTE OF HAIR DESIGN          ,NJ,07011-2111,Proprietary  ,8,8,16,8,8,16
00934400,RAMAPO COLLEGE OF NEW JERSEY            ,NJ,07430-1680,Public       ,4505,373,4878,4505,373,4878
00934500,RICHARD STOCKTON COLLEGE OF NJ          ,NJ,08240-0195,Public       ,4595,1071,5666,4595,1071,5666
00982804,EVEREST INSTITUTE - SOUTH PLAINFIELD    ,NJ,07080-1125,Proprietary  ,9,20,29,9,20,29
00999400,PASSAIC COUNTY COMMUNITY COLLEGE        ,NJ,07505-1179,Public       ,668,587,1255,668,587,1255
01039400,UNIV OF MEDICINE & DENTISTRY OF NJ      ,NJ,07107-0000,Public       ,107,1796,1903,107,1796,1903
01062900,P B COSMETOLOGY EDUCATION CENTRE        ,NJ,08030-1750,Proprietary  ,5,3,8,5,3,8
01085100,ANTHEM INSTITUTE                        ,NJ,07054-3409,Proprietary  ,78,168,246,78,168,246
01085101,ANTHEM INSTITUTE                        ,NJ,07306-0000,Proprietary  ,6,20,26,6,20,26
01085102,ANTHEM INSTITUTE                        ,NJ,08902-0000,Proprietary  ,6,12,18,6,12,18
01090300,RIZZIERI INSTITUTE                      ,NJ,08043-4600,Proprietary  ,15,25,40,15,25,40
01152300,MORRIS COUNTY SCHOOL OF TECHNOLOGY      ,NJ,07834-0000,Public       ,16,8,24,16,8,24
01170800,NATURAL MOTION INST OF HAIR DESIGN      ,NJ,07306-5496,Proprietary  ,1,9,10,1,9,10
01209000,REIGNBOW BEAUTY ACADEMY                 ,NJ,08861-4118,Proprietary  ,1,2,3,1,2,3
01234600,DOVER BUSINESS COLLEGE                  ,NJ,07011-2161,Proprietary  ,49,121,170,49,121,170
01234602,DOVER BUSINESS COLLEGE                  ,NJ,07801-4643,Proprietary  ,14,45,59,14,45,59
01246100,LINCOLN TECHNICAL INSTITUTE             ,NJ,08820-2896,Proprietary  ,46,124,170,46,124,170
01246102,LINCOLN TECHNICAL INSTITUTE             ,NJ,08054-0000,Proprietary  ,37,178,215,37,178,215
01246103,LINCOLN TECHNICAL INSTITUTE             ,NJ,07652-2106,Proprietary  ,93,199,292,93,199,292
01246200,HOHOKUS - HACKENSACK SCHOOL OF BUSINESS ,NJ,07601-7197,Proprietary  ,12,54,66,12,54,66
01295400,HUDSON COUNTY COMMUNITY COLLEGE         ,NJ,07306-4012,Public       ,736,827,1563,736,827,1563
02053700,EASTWICK COLLEGE                        ,NJ,07446-0000,Proprietary  ,41,129,170,41,129,170
02061800,ROMAN ACADEMY OF BEAUTY CULTURE         ,NJ,07506-0000,Proprietary  ,1,0,1,1,0,1
02092300,HOHOKUS SCHOOL - RETS/NUTLEY            ,NJ,07110-0000,Proprietary  ,31,64,95,31,64,95
02103700,CAPRI INSTITUTE OF HAIR DESIGN          ,NJ,07652-0000,Proprietary  ,2,4,6,2,4,6
02104000,HARRIS SCHOOL OF BUSINESS               ,NJ,08002-2983,Proprietary  ,20,90,110,20,90,110
02106601,FOX INSTITUTE OF BUSINESS - CLIFTON     ,NJ,07011-2345,Proprietary  ,4,6,10,4,6,10
02131100,DU CRET SCHOOL OF THE ARTS              ,NJ,07060-0000,Private      ,3,3,6,3,3,6
02131600,PENNCO TECH                             ,NJ,08012-0000,Proprietary  ,20,17,37,20,17,37
02132300,BERDAN INSTITUTE                        ,NJ,07512-0000,Proprietary  ,12,32,44,12,32,44
02146800,JOE KUBERT SCH OF CARTOON & GRAPHIC     ,NJ,07801-0000,Proprietary  ,22,19,41,22,19,41
02149800,EMPIRE BEAUTY SCHOOL                    ,NJ,08021-0000,Proprietary  ,20,105,125,20,105,125
02149801,EMPIRE BEAUTY SCHOOL - BORDENTOWN       ,NJ,08505-1513,Proprietary  ,2,4,6,2,4,6
02154000,DIVERS ACAD OF EASTERN SEABOARD         ,NJ,08081-1139,Proprietary  ,14,31,45,14,31,45
02183600,CAPRI INSTITUTE OF HAIR DESIGN          ,NJ,07033-0000,Proprietary  ,5,4,9,5,4,9
02192200,THOMAS EDISON STATE COLLEGE             ,NJ,08608-0000,Public       ,105,1351,1456,105,1351,1456
02219600,OMEGA INSTITUTE                         ,NJ,08109-0000,Proprietary  ,9,38,47,9,38,47
02223700,NEW HORIZON INST OF COSMETOLOGY         ,NJ,07093-0000,Proprietary  ,0,1,1,0,1,1
02223900,DRAKE COLLEGE OF BUSINESS               ,NJ,07201-0000,Proprietary  ,42,327,369,42,327,369
02232500,UNION COUNTY VOCATIONAL TECH INST       ,NJ,07076-0000,Public       ,7,19,26,7,19,26
02234600,SHORE BEAUTY SCHOOL                     ,NJ,08232-0000,Proprietary  ,2,2,4,2,2,4
02246000,ROSS UNIVERSITY - MEDICAL SCHOOL        ,NJ,08837-0000,Proprietary  ,8,2869,2877,8,2869,2877
02248600,COOPER HEALTH SYS-CTR ALLIED HEALTH     ,NJ,08103-0000,Private      ,4,20,24,4,20,24
02252700,CONCORDE SCHOOL OF HAIR DESIGN          ,NJ,07712-0000,Proprietary  ,10,24,34,10,24,34
02252701,CONCORDE SCHOOL OF HAIR DESIGN - BLOOMFI,NJ,07003-2517,Proprietary  ,4,5,9,4,5,9
02261800,EUROPEAN ACADEMY OF COSMETOLOGY         ,NJ,07083-0000,Proprietary  ,7,22,29,7,22,29
02265500,CAPRI INSTITUTE OF HAIR DESIGN          ,NJ,08724-0000,Proprietary  ,2,10,12,2,10,12
02277900,ROSS UNIV - SCH OF VETERINARY MED       ,NJ,08837-0000,Proprietary  ,3,731,734,3,731,734
02291000,LINCOLN TECHNICAL INSTITUTE             ,NJ,07080-2424,Proprietary  ,11,3,14,11,3,14
02312000,BERGEN COUNTY TECHNICAL SCHOOLS         ,NJ,07601-6110,Public       ,10,12,22,10,12,22
02344200,EMPIRE BEAUTY SCHOOL                    ,NJ,08002-0000,Proprietary  ,13,65,78,13,65,78
02503900,WARREN COUNTY COMMUNITY COLLEGE         ,NJ,07882-0000,Public       ,172,94,266,172,94,266
02523700,OCEAN COUNTY VOCATIONAL-TECH SCHOOL     ,NJ,08753-0000,Public       ,29,39,68,29,39,68
02525900,ARTISTIC ACADEMY OF HAIR DESIGN         ,NJ,07950-1409,Proprietary  ,11,9,20,11,9,20
02558700,PRISM CAREER INSTITUTE                  ,NJ,08037-0000,Proprietary  ,16,144,160,16,144,160
02568800,SUSSEX COUNTY COMMUNITY COLLEGE         ,NJ,07860-1149,Public       ,458,164,622,458,164,622
02586900,HARRIS SCHOOL OF BUSINESS               ,NJ,08084-1520,Proprietary  ,1,41,42,1,41,42
02615401,STAR TECHNICAL INSTITUTE -              ,NJ,07102-4599,Proprietary  ,1,8,9,1,8,9
02616402,SANFORD-BROWN INSTITUTE - ISELIN        ,NJ,08830-0000,Proprietary  ,73,292,365,73,292,365
03122600,EASTERN INTERNATIONAL COLLEGE           ,NJ,07306-3906,Proprietary  ,4,16,20,4,16,20
03187300,STENOTECH CAREER INSTITUTE              ,NJ,07004-3490,Proprietary  ,6,6,12,6,6,12
03197300,INSTITUTE FOR HEALTH EDUCATION(THE)     ,NJ,07306-2929,Proprietary  ,1,7,8,1,7,8
03324300,CENTRAL CAREER SCHOOL                   ,NJ,07080-2408,Proprietary  ,1,2,3,1,2,3
03380302,CULINARY ACADEMY OF LONG ISLAND - STAR N,NJ,07102-4510,Proprietary  ,11,80,91,11,80,91
03389300,ACADEMY OF MASSAGE THERAPY              ,NJ,07631-0000,Proprietary  ,8,4,12,8,4,12
03424500,NEW COMMUNITY WORKFORCE DEVELOPMENT     ,NJ,07103-2402,Private      ,3,114,117,3,114,117
03530300,"KEY SKILLS LEARNING, INC.               ",NJ,07013-1900,Proprietary  ,0,1,1,0,1,1
03536300,INSTITUTE FOR THERAPEUTIC MASSAGE       ,NJ,07420-1452,Proprietary  ,3,17,20,3,17,20
03574400,CORTIVA INSTITUTE - SOMERSET SCHOOL OF M,NJ,08854-3908,Proprietary  ,2,13,15,2,13,15
03625300,PERFORMANCE TRAINING INSTITUTE          ,NJ,08753-0000,Proprietary  ,1,1,2,1,1,2
03637300,METRO AUTO ELECTRONICS TRAINING INSTITUT,NJ,07033-1798,Proprietary  ,9,6,15,9,6,15
03650600,PC AGE                                  ,NJ,07306-3936,Proprietary  ,1,0,1,1,0,1
03650603,PC AGE                                  ,NJ,08817-2842,Proprietary  ,0,3,3,0,3,3
03666300,SOMERSET CHRISTIAN COLLEGE              ,NJ,08890-9035,Private      ,11,39,50,11,39,50
03769300,PC TECH LEARNING CENTER                 ,NJ,07306-9900,Proprietary  ,0,3,3,0,3,3
03803300,HEALTHCARE TRAINING INSTITUTE           ,NJ,07083-3504,Proprietary  ,5,23,28,5,23,28
03811300,EASTERN SCHOOL OF ACUPUNCTURE AND TRADIT,NJ,07042-3562,Proprietary  ,0,11,11,0,11,11
04081300,BAIS MEDRASH TORAS CHESED               ,NJ,08701-0000,Private      ,1,0,1,1,0,1
04125000,GENTLE HEALING SCHOOL OF MASSAGE        ,NJ,08512-3600,Proprietary  ,0,2,2,0,2,2
04131100,YESHIVA TORAS CHAIM                     ,NJ,08701-2120,Private      ,1,0,1,1,0,1
04131200,TOTAL IMAGE BEAUTY ACADEMY              ,NJ,07307-2943,Proprietary  ,0,4,4,0,4,4
04134100,CENTER FOR ALLIED HEALTH & NURSING EDUCA,NJ,07601-5801,Proprietary  ,6,67,73,6,67,73
04136400,AMERICAN INSTITUTE OF MEDICAL SCIENCES &,NJ,07080-1183,Proprietary  ,4,22,26,4,22,26
        ,BROOKLYN LAW SCHOOL                     ,NY,11201-0000,Private      ,2,82,84,2,82,84
00266500,VAUGHN COLLEGE OF AERONAUTICS AND TECHNO,NY,11369-9997,Private      ,337,124,461,337,124,461
00266600,ADELPHI UNIVERSITY                      ,NY,11530-4299,Private      ,6014,1915,7929,6014,1915,7929
00266700,DOWLING COLLEGE                         ,NY,11769-1999,Private      ,1388,555,1943,1388,555,1943
00266800,ALFRED UNIVERSITY                       ,NY,14802-1205,Private      ,2698,287,2985,2698,287,2985
00266900,BANK STREET COLLEGE OF EDUCATION        ,NY,10025-0000,Private      ,6,357,363,6,357,363
00267100,BARD COLLEGE                            ,NY,12504-5000,Private      ,2531,540,3071,2531,540,3071
00267700,BROOKLYN LAW SCHOOL                     ,NY,11201-0000,Private      ,19,2598,2617,19,2598,2617
00267800,BRYANT & STRATTON COLLEGE               ,NY,14203-1713,Proprietary  ,550,3195,3745,550,3195,3745
00267803,BRYANT & STRATTON COLLEGE - GREECE      ,NY,14606-4227,Proprietary  ,90,371,461,90,371,461
00267805,BRYANT & STRATTON COLLEGE - SYRACUSE    ,NY,13203-2502,Proprietary  ,224,588,812,224,588,812
00267807,BRYANT & STRATTON COLLEGE - ALBANY      ,NY,12205-5230,Proprietary  ,46,279,325,46,279,325
00268100,CANISIUS COLLEGE                        ,NY,14208-1098,Private      ,3409,505,3914,3409,505,3914
00268300,SEMINARY OF THE IMMACULATE CONCEPT      ,NY,11743-0000,Private      ,1,0,1,1,0,1
00268500,CAZENOVIA COLLEGE                       ,NY,13035-1085,Private      ,1523,60,1583,1523,60,1583
00268700,CUNY-BROOKLYN COLLEGE                   ,NY,11210-2814,Public       ,8315,3278,11593,8315,3278,11593
00268800,CITY COLLEGE-CUNY                       ,NY,10031-9198,Public       ,10509,2750,13259,10509,2750,13259
00268900,CUNY-HUNTER COLLEGE                     ,NY,10021-0000,Public       ,15616,5829,21445,15616,5829,21445
00269000,QUEENS COLLEGE-CUNY                     ,NY,11367-1597,Public       ,8339,2321,10660,8339,2321,10660
00269100,CUNY- BOROUGH OF MANHATTAN CMTY CLG     ,NY,10007-1047,Public       ,6395,3322,9717,6395,3322,9717
00269200,CUNY BRONX COMMUNITY COLLEGE            ,NY,10453-3102,Public       ,2534,1660,4194,2534,1660,4194
00269300,CUNY-JOHN JAY CLG CRIMINAL JUSTICE      ,NY,10019-1093,Public       ,6632,2283,8915,6632,2283,8915
00269400,KINGSBOROUGH COMMUNITY COLLEGE          ,NY,11235-2398,Public       ,3066,1257,4323,3066,1257,4323
00269600,NY CITY COLLEGE OF TECHNOLOGY-CUNY      ,NY,11201-2983,Public       ,5417,1896,7313,5417,1896,7313
00269700,QUEENSBOROUGH COMMUNITY COLLEGE         ,NY,11364-1497,Public       ,2711,927,3638,2711,927,3638
00269800,CUNY THE COLLEGE OF STATEN ISLAND       ,NY,10314-6600,Public       ,4250,1143,5393,4250,1143,5393
00269900,CLARKSON UNIVERSITY                     ,NY,13699-5615,Private      ,3619,188,3807,3619,188,3807
00270000,COLGATE ROCHESTER CROZER DIVINITY S     ,NY,14620-0000,Private      ,1,15,16,1,15,16
00270100,COLGATE UNIVERSITY                      ,NY,13346-1386,Private      ,3971,56,4027,3971,56,4027
00270300,COLLEGE OF MOUNT SAINT VINCENT          ,NY,10471-1093,Private      ,1436,144,1580,1436,144,1580
00270400,COLLEGE OF NEW ROCHELLE                 ,NY,10805-2339,Private      ,509,308,817,509,308,817
00270500,COLLEGE OF SAINT ROSE                   ,NY,12203-1490,Private      ,3287,838,4125,3287,838,4125
00270700,COLUMBIA UNIVERSITY                     ,NY,10027-0000,Private      ,4768,2435,7203,4768,2435,7203
00270701,COLUMBIA UNIV ARCHITECTURE              ,NY,10027-0000,Private      ,37,646,683,37,646,683
00270702,COLUMBIA UNIV SCHOOL OF THE ARTS        ,NY,10027-0000,Private      ,73,1203,1276,73,1203,1276
00270703,COLUMBIA UNIV BUSINESS GRAD             ,NY,10027-0000,Private      ,12,904,916,12,904,916
00270704,COLUMBIA UNIV SCHOOL ENGIN-UNDERGRA     ,NY,10027-0000,Private      ,1835,54,1889,1835,54,1889
00270705,COLUMBIA UNIV SCHOOL GENERAL STUDIE     ,NY,10027-0000,Private      ,312,529,841,312,529,841
00270706,COLUMBIA UNIV GRAD SCHL ARTS & SCI      ,NY,10027-0000,Private      ,25,1365,1390,25,1365,1390
00270707,COLUMBIA UNIV SCH INTL PUB AFFAIRS      ,NY,10027-0000,Private      ,6,1144,1150,6,1144,1150
00270708,COLUMBIA UNIV JOURNALISM GRAD           ,NY,10027-0000,Private      ,13,625,638,13,625,638
00270710,COLUMBIA UNIV COLUMBIA COLLEGE          ,NY,10027-0000,Private      ,7692,217,7909,7692,217,7909
00270711,COLUMBIA UNIV SCHOOL OF LAW             ,NY,10027-0000,Private      ,16,3836,3852,16,3836,3852
00270712,COLUMBIA UNIV SOCIAL WORK               ,NY,10025-0000,Private      ,9,852,861,9,852,861
00270713,COLUMBIA UNIV SCHL DENT & ORAL SURG     ,NY,10032-0000,Private      ,3,335,338,3,335,338
00270714,COLUMBIA UNIV INST HUMAN NUTRITION      ,NY,10032-0000,Private      ,1,29,30,1,29,30
00270715,COLUMBIA UNIV NURSING                   ,NY,10032-0000,Private      ,91,666,757,91,666,757
00270716,COLUMBIA UNIV COLL PHYS & SURGEONS      ,NY,10032-0000,Private      ,17,1005,1022,17,1005,1022
00270717,COLUMBIA UNIV PHYSICAL THERAPY          ,NY,10032-0000,Private      ,6,81,87,6,81,87
00270718,COLUMBIA UNIV OCCUPATIONAL THERAPY      ,NY,10032-0000,Private      ,2,56,58,2,56,58
00270719,COLUMBIA UNIV PUBLIC HEALTH             ,NY,10032-0000,Private      ,3,887,890,3,887,890
00270720,COLUMBIA UNIV - ENGINEERING (GRAD)      ,NY,10027-0000,Private      ,51,246,297,51,246,297
00270721,COLUMBIA UNIV-CONT ED & SP PROGMS       ,NY,10027-0000,Private      ,4,78,82,4,78,82
00270800,BARNARD COLLEGE-COLUMBIA UNIV           ,NY,10027-6598,Private      ,3028,81,3109,3028,81,3109
00270900,CONCORDIA COLLEGE                       ,NY,10708-1998,Private      ,438,82,520,438,82,520
00271000,COOPER UNION                            ,NY,10003-7120,Private      ,1442,117,1559,1442,117,1559
00271100,CORNELL UNIVERSITY                      ,NY,14853-2801,Private      ,21353,4599,25952,21353,4599,25952
00271101,WEILL CORNELL MEDICAL COLLEGE AND GRADUA,NY,10021-0000,Private      ,20,516,536,20,516,536
00271200,D'YOUVILLE COLLEGE                      ,NY,14201-1084,Private      ,1055,648,1703,1055,648,1703
00271300,DOMINICAN COLLEGE                       ,NY,10962-1299,Private      ,944,289,1233,944,289,1233
00271800,ELMIRA COLLEGE                          ,NY,14901-2099,Private      ,1639,154,1793,1639,154,1793
00272200,FORDHAM UNIVERSITY                      ,NY,10458-5157,Private      ,16356,5853,22209,16356,5853,22209
00272600,GENERAL THEOLOGICAL SEMINARY            ,NY,10011-0000,Private      ,1,48,49,1,48,49
00272800,HAMILTON COLLEGE                        ,NY,13323-1218,Private      ,2316,33,2349,2316,33,2349
00272900,HARTWICK COLLEGE                        ,NY,13820-4020,Private      ,2040,43,2083,2040,43,2083
00273100,HOBART & WILLIAM SMITH COLLEGES         ,NY,14456-3397,Private      ,3110,37,3147,3110,37,3147
00273200,HOFSTRA UNIVERSITY                      ,NY,11549-1010,Private      ,13506,3684,17190,13506,3684,17190
00273400,HOUGHTON COLLEGE                        ,NY,14744-0128,Private      ,1131,70,1201,1131,70,1201
00273500,HILBERT COLLEGE                         ,NY,14075-1597,Private      ,604,127,731,604,127,731
00273700,IONA COLLEGE                            ,NY,10801-1890,Private      ,5200,465,5665,5200,465,5665
00273900,ITHACA COLLEGE                          ,NY,14850-7130,Private      ,11062,585,11647,11062,585,11647
00274000,JEWISH THEOLOGICAL SEMINARY OF AMER     ,NY,10027-4649,Private      ,98,109,207,98,109,207
00274200,THE JUILLIARD SCHOOL                    ,NY,10023-6588,Private      ,942,443,1385,942,443,1385
00274400,KEUKA COLLEGE                           ,NY,14478-0000,Private      ,975,423,1398,975,423,1398
00274800,LEMOYNE COLLEGE                         ,NY,13214-1399,Private      ,3470,347,3817,3470,347,3817
00274900,NEW YORK COLLEGE OF PODIATRIC MED       ,NY,10035-0000,Private      ,36,203,239,36,203,239
00275100,LONG ISLAND UNIVERSITY                  ,NY,11548-1326,Private      ,7310,3234,10544,7310,3234,10544
00275800,MANHATTAN COLLEGE                       ,NY,10471-4098,Private      ,4162,190,4352,4162,190,4352
00275900,MANHATTAN SCHOOL OF MUSIC               ,NY,10027-4698,Private      ,534,539,1073,534,539,1073
00276000,MANHATTANVILLE COLLEGE                  ,NY,10577-2132,Private      ,2424,341,2765,2424,341,2765
00276300,MARIA COLLEGE                           ,NY,12208-1798,Private      ,72,267,339,72,267,339
00276500,MARIST COLLEGE                          ,NY,12601-1387,Private      ,7903,393,8296,7903,393,8296
00276900,MARYMOUNT MANHATTAN COLLEGE             ,NY,10021-4597,Private      ,2711,162,2873,2711,162,2873
00277200,MERCY COLLEGE                           ,NY,10522-1189,Private      ,1738,2116,3854,1738,2116,3854
00277500,MOLLOY COLLEGE                          ,NY,11570-1100,Private      ,1614,594,2208,1614,594,2208
00277700,MEDAILLE COLLEGE                        ,NY,14214-2695,Private      ,1001,457,1458,1001,457,1458
00277800,MOUNT SAINT MARY COLLEGE                ,NY,12550-3494,Private      ,1968,335,2303,1968,335,2303
00277900,NAZARETH COLLEGE OF ROCHESTER           ,NY,14618-3790,Private      ,2274,605,2879,2274,605,2879
00278200,NEW YORK INSTITUTE OF TECHNOLOGY        ,NY,11568-8000,Private      ,2811,1125,3936,2811,1125,3936
00278202,NY INSTITUTE OF TECHNOLOGY-OSTEOPATHIC M,NY,11568-0000,Private      ,77,366,443,77,366,443
00278300,NEW YORK LAW SCHOOL                     ,NY,10013-0000,Private      ,14,2255,2269,14,2255,2269
00278400,NEW YORK MEDICAL COLLEGE                ,NY,10595-0000,Private      ,10,1112,1122,10,1112,1122
00278500,NEW YORK UNIVERSITY                     ,NY,10012-1091,Private      ,30553,18621,49174,30553,18621,49174
00278800,NIAGARA UNIVERSITY                      ,NY,14109-2010,Private      ,2856,351,3207,2856,351,3207
00279000,NYACK COLLEGE                           ,NY,10960-3698,Private      ,784,418,1202,784,418,1202
00279100,PACE UNIVERSITY - NEW YORK              ,NY,10038-1598,Private      ,6571,1625,8196,6571,1625,8196
00279101,PACE UNIVERSITY-PLEASANTVILLE           ,NY,10570-0000,Private      ,2742,470,3212,2742,470,3212
00279102,PACE UNIVERSITY - WHITE PLAINS          ,NY,10603-0000,Private      ,253,1493,1746,253,1493,1746
00279500,PAUL SMITHS CLG OF ARTS & SCIENCES      ,NY,12970-0000,Private      ,720,52,772,720,52,772
00279600,POLYTECHNIC INTSTITUTE OF NEW YORK UNIV ,NY,11201-3840,Private      ,1812,369,2181,1812,369,2181
00279800,PRATT INSTITUTE                         ,NY,11205-3899,Private      ,3785,1880,5665,3785,1880,5665
00280300,RENSSELAER POLYTECHNIC INSTITUTE        ,NY,12180-3590,Private      ,8585,379,8964,8585,379,8964
00280500,ROBERTS WESLEYAN COLLEGE                ,NY,14624-1997,Private      ,995,340,1335,995,340,1335
00280600,ROCHESTER INSTITUTE OF TECHNOLOGY       ,NY,14623-5608,Private      ,10667,1288,11955,10667,1288,11955
00280700,ROCKEFELLER UNIVERSITY                  ,NY,10021-0000,Private      ,4,7,11,4,7,11
00280800,DAEMEN COLLEGE                          ,NY,14226-3592,Private      ,1380,264,1644,1380,264,1644
00281000,THE SAGE COLLEGES                       ,NY,12180-4199,Private      ,962,684,1646,962,684,1646
00281200,TROCAIRE COLLEGE                        ,NY,14220-2094,Private      ,200,340,540,200,340,540
00281300,SARAH LAWRENCE COLLEGE                  ,NY,10708-5999,Private      ,1818,614,2432,1818,614,2432
00281400,SKIDMORE COLLEGE                        ,NY,12866-1632,Private      ,3400,67,3467,3400,67,3467
00281401,SKIDMORE COLL-UNIV WITHOUT WALLS        ,NY,12866-0000,Private      ,23,6,29,23,6,29
00281500,ST BERNARDS SCH THEOLOGY & MINISTRY     ,NY,14618-3822,Private      ,1,19,20,1,19,20
00281600,SIENA COLLEGE                           ,NY,12211-1462,Private      ,4576,112,4688,4576,112,4688
00281700,ST BONAVENTURE UNIVERSITY               ,NY,14778-2284,Private      ,1954,209,2163,1954,209,2163
00282000,ST FRANCIS COLLEGE                      ,NY,11201-4398,Private      ,1254,159,1413,1254,159,1413
00282100,ST JOHN FISHER COLLEGE                  ,NY,14618-3597,Private      ,3754,826,4580,3754,826,4580
00282200,CHRIST THE KING SEMINARY                ,NY,14052-0607,Private      ,0,1,1,0,1,1
00282300,ST JOHN'S UNIVERSITY                    ,NY,11439-1343,Private      ,18909,3745,22654,18909,3745,22654
00282500,ST JOSEPH'S COLLEGE                     ,NY,11205-3688,Private      ,702,150,852,702,150,852
00282501,ST JOSEPH'S COLLEGE-SUFFOLK CAMPUS      ,NY,11772-0000,Private      ,1629,348,1977,1629,348,1977
00282600,ST JOSEPH'S SEMINARY                    ,NY,10704-0000,Private      ,1,0,1,1,0,1
00282900,ST LAWRENCE UNIVERSITY                  ,NY,13617-1455,Private      ,2352,59,2411,2352,59,2411
00283200,ST THOMAS AQUINAS COLLEGE               ,NY,10976-1050,Private      ,1225,140,1365,1225,140,1365
00283300,ST VLADIMIR ORTHODOX THEOL SEM          ,NY,10707-0000,Private      ,0,34,34,0,34,34
00283400,EXCELSIOR COLLEGE                       ,NY,12203-5159,Private      ,38,1179,1217,38,1179,1217
00283500,SUNY AT ALBANY                          ,NY,12222-0001,Public       ,15453,2457,17910,15453,2457,17910
00283600,BINGHAMTON UNIVERSITY (SUNY)            ,NY,13902-6000,Public       ,20099,1531,21630,20099,1531,21630
00283700,SUNY AT BUFFALO                         ,NY,14260-0001,Public       ,17273,5657,22930,17273,5657,22930
00283800,SUNY AT STONY BROOK                     ,NY,11794-0001,Public       ,18368,3551,21919,18368,3551,21919
00283900,SUNY-DOWNSTATE MEDICAL CENTER           ,NY,11203-2098,Public       ,63,1127,1190,63,1127,1190
00284000,SUNY UPSTATE MEDICAL UNIVERSITY         ,NY,13210-2375,Public       ,117,866,983,117,866,983
00284100,SUNY BROCKPORT - FIN AID OFF            ,NY,14420-2914,Public       ,6299,1086,7385,6299,1086,7385
00284200,BUFFALO STATE COLLEGE - SUNY            ,NY,14222-1095,Public       ,7253,1746,8999,7253,1746,8999
00284300,SUNY COLLEGE-CORTLAND                   ,NY,13045-0900,Public       ,9090,865,9955,9090,865,9955
00284400,SUNY AT FREDONIA                        ,NY,14063-1145,Public       ,5596,460,6056,5596,460,6056
00284500,SUNY GENESEO                            ,NY,14454-1401,Public       ,8008,271,8279,8008,271,8279
00284600,SUNY COLLEGE-NEW PALTZ                  ,NY,12561-2499,Public       ,9454,1059,10513,9454,1059,10513
00284700,SUNY COLLEGE-ONEONTA                    ,NY,13820-4015,Public       ,8030,362,8392,8030,362,8392
00284800,SUNY OSWEGO                             ,NY,13126-3599,Public       ,7580,1035,8615,7580,1035,8615
00284900,SUNY COLLEGE AT PLATTSBURGH             ,NY,12901-2681,Public       ,4893,587,5480,4893,587,5480
00285000,SUNY COLLEGE-POTSDAM                    ,NY,13676-2294,Public       ,3474,423,3897,3474,423,3897
00285100,SUNY COLLEGE OF ENVIRONMENT SCIENCE AND ,NY,13210-2778,Public       ,1684,327,2011,1684,327,2011
00285300,SUNY MARITIME COLLEGE                   ,NY,10465-4198,Public       ,843,92,935,843,92,935
00285400,SUNY COLLEGE OF TECHNOLOGY-ALFRED       ,NY,14802-9951,Public       ,2254,311,2565,2254,311,2565
00285500,SUNY CANTON COLG OF TECHNOLOGY          ,NY,13617-1098,Public       ,1941,580,2521,1941,580,2521
00285600,SUNY AG & TECH COLLEGE-COBLESKILL       ,NY,12043-9986,Public       ,1754,158,1912,1754,158,1912
00285700,SUNY DELHI                              ,NY,13753-1190,Public       ,2071,316,2387,2071,316,2387
00285800,SUNY FARMINGDALE                        ,NY,11735-1021,Public       ,3281,543,3824,3281,543,3824
00285900,SUNY COLLEGE OF AG & TECH AT MORRISVILLE,NY,13408-0901,Public       ,2012,375,2387,2012,375,2387
00286000,ADIRONDACK COMMUNITY COLLEGE            ,NY,12804-2004,Public       ,651,323,974,651,323,974
00286100,CAYUGA COMMUNITY COLLEGE                ,NY,13021-3099,Public       ,582,472,1054,582,472,1054
00286200,BROOME COMMUNITY COLLEGE                ,NY,13902-0000,Public       ,1287,610,1897,1287,610,1897
00286300,CORNING COMMUNITY COLLEGE               ,NY,14830-3297,Public       ,575,490,1065,575,490,1065
00286400,DUTCHESS COMMUNITY COLLEGE              ,NY,12601-1595,Public       ,938,430,1368,938,430,1368
00286600,FASHION INSTITUTE OF TECHNOLOGY         ,NY,10001-5992,Public       ,5722,1749,7471,5722,1749,7471
00286700,SUNY FULTON MONTGOMERY COMM CLG         ,NY,12095-3790,Public       ,490,236,726,490,236,726
00286800,HUDSON VALLEY COMMUNITY COLLEGE         ,NY,12180-6096,Public       ,2309,942,3251,2309,942,3251
00286900,JAMESTOWN COMMUNITY COLLEGE             ,NY,14702-0020,Public       ,1178,619,1797,1178,619,1797
00287000,JEFFERSON COMMUNITY COLLEGE             ,NY,13601-1897,Public       ,488,345,833,488,345,833
00287100,"SUNY, MOHAWK VALLEY COMMUNITY CLG       ",NY,13501-5394,Public       ,1652,777,2429,1652,777,2429
00287200,MONROE COMMUNITY COLLEGE                ,NY,14623-5780,Public       ,3615,1959,5574,3615,1959,5574
00287300,NASSAU COMMUNITY COLLEGE                ,NY,11530-6793,Public       ,3191,1098,4289,3191,1098,4289
00287400,NIAGARA COUNTY COMMUNITY COLLEGE        ,NY,14132-9460,Public       ,1784,1051,2835,1784,1051,2835
00287500,ONONDAGA COMMUNITY COLLEGE              ,NY,13215-4585,Public       ,2602,1029,3631,2602,1029,3631
00287600,ORANGE COUNTY COMMUNITY COLLEGE         ,NY,10940-6441,Public       ,847,408,1255,847,408,1255
00287700,ROCKLAND COMMUNITY COLLEGE              ,NY,10901-3611,Public       ,561,300,861,561,300,861
00287800,SUFFOLK COMMUNITY COLLEGE               ,NY,11784-2899,Public       ,2147,715,2862,2147,715,2862
00287801,SUFFOLK COMMUNITY CLG-W. CAMPUS         ,NY,11717-0000,Public       ,858,475,1333,858,475,1333
00287803,SUFFOLK COMMUNITY CLG-EASTRN CAMPUS     ,NY,11901-0000,Public       ,257,135,392,257,135,392
00287900,SULLIVAN COUNTY COMMUNITY COLLEGE       ,NY,12759-5151,Public       ,613,188,801,613,188,801
00288000,ULSTER COUNTY COMMUNITY COLLEGE         ,NY,12484-0557,Public       ,375,191,566,375,191,566
00288100,SUNY WESTCHESTER COMMUNITY COLLEGE      ,NY,10595-1698,Public       ,1328,759,2087,1328,759,2087
00288200,SYRACUSE UNIVERSITY                     ,NY,13244-2130,Private      ,17873,4257,22130,17873,4257,22130
00288300,UTICA COLLEGE OF SYRACUSE UNIV          ,NY,13502-4892,Private      ,2616,695,3311,2616,695,3311
00288500,ALBANY COLLEGE OF PHARMACY AND HEALTH SC,NY,12208-3492,Private      ,1344,527,1871,1344,527,1871
00288600,ALBANY LAW SCHOOL                       ,NY,12208-0000,Private      ,19,1131,1150,19,1131,1150
00288700,ALBANY MEDICAL COLLEGE                  ,NY,12208-0000,Private      ,29,813,842,29,813,842
00288900,UNION COLLEGE                           ,NY,12308-2311,Private      ,2995,53,3048,2995,53,3048
00289000,UNION THEOLOGICAL SEMINARY              ,NY,10027-0000,Private      ,0,223,223,0,223,223
00289200,UNITED STATES MERCHANT MARINE ACADEMY   ,NY,11024-1699,Public       ,283,13,296,283,13,296
00289400,UNIVERSITY OF ROCHESTER                 ,NY,14627-9000,Private      ,6392,887,7279,6392,887,7279
00289401,EASTMAN SCH OF MUSIC/UNIV ROCHESTER     ,NY,14604-0000,Private      ,604,247,851,604,247,851
00289402,UNIV OF ROCHESTER SCHL OF MEDICINE      ,NY,14642-0000,Private      ,34,433,467,34,433,467
00289500,VASSAR COLLEGE                          ,NY,12604-0008,Private      ,4244,66,4310,4244,66,4310
00289600,VILLA MARIA COLLEGE-BUFFALO             ,NY,14225-3999,Private      ,222,57,279,222,57,279
00289900,WAGNER COLLEGE                          ,NY,10301-4495,Private      ,2151,140,2291,2151,140,2291
00290000,WEBB INSTITUTE                          ,NY,11542-1398,Private      ,38,6,44,38,6,44
00290100,WELLS COLLEGE                           ,NY,13026-0500,Private      ,1076,39,1115,1076,39,1115
00290300,YESHIVA UNIVERSITY                      ,NY,10033-3201,Private      ,1287,2240,3527,1287,2240,3527
00290302,YESHIVA UNIVERSITY - BRONX CAMPUS       ,NY,10461-1975,Private      ,6,680,686,6,680,686
00397400,MESIVTHA TIFERETH JERUSALEM OF AMER     ,NY,10002-6382,Private      ,1,0,1,1,0,1
00397600,RABBINICAL ACAD MESIVTA RABBI CHAIM     ,NY,11230-4715,Private      ,3,0,3,3,0,3
00397800,RABBINICAL SEMINARY OF AMERICA          ,NY,11375-0000,Private      ,0,2,2,0,2,2
00397900,COLUMBIA UNIV TEACHERS COLLEGE          ,NY,10027-0000,Private      ,19,2729,2748,19,2729,2748
00405400,HEBREW UNION COL-JEWISH INST OF REL     ,NY,10012-0000,Private      ,0,32,32,0,32,32
00455301,ITT TECHNICAL INSTITUTE                 ,NY,12205-0000,Proprietary  ,40,42,82,40,42,82
00475900,"CUNY, YORK COLLEGE                      ",NY,11451-0001,Public       ,4001,1226,5227,4001,1226,5227
00476500,CUNY GRADUATE SCH & UNIV CTR            ,NY,10016-4309,Public       ,36,1191,1227,36,1191,1227
00477600,CENTRAL YESHIVA TOMCHEI TMIMIM LUBA     ,NY,11230-2798,Private      ,4,0,4,4,0,4
00478800,HERKIMER COUNTY COMMUNITY COLLEGE       ,NY,13350-1598,Public       ,1143,304,1447,1143,304,1447
00479900,MONROE COLLEGE                          ,NY,10468-4305,Proprietary  ,1243,1659,2902,1243,1659,2902
00481100,EVEREST INSTITUTE                       ,NY,14621-3007,Proprietary  ,41,444,485,41,444,485
00506401,ST JAMES MERCY HOSP SCH OF RAD          ,NY,14843-2197,Private      ,5,10,15,5,10,15
00506600,FAXTON ST. LUKE'S SCHOOL OF RADIOGRAPHY ,NY,13502-4856,Private      ,10,6,16,10,6,16
00520800,THE COLLEGE OF WESTCHESTER              ,NY,10602-0000,Proprietary  ,310,127,437,310,127,437
00587700,ROBERT J HOCHSTIM SCHOOL OF RADIOG      ,NY,11572-1151,Private      ,1,2,3,1,2,3
00643501,ARNOT OGDEN MEDICAL CENTER              ,NY,14905-1676,Private      ,14,13,27,14,13,27
00643800,PHILLIPS BETH ISRAEL SCH OF NURSING     ,NY,10001-6354,Private      ,30,89,119,30,89,119
00644300,COCHRAN SCH NSG-ST JOHN RVSDE HOSP      ,NY,10701-1399,Private      ,18,102,120,18,102,120
00644500,CROUSE HOSP SCH OF NURSING              ,NY,13210-1690,Private      ,74,82,156,74,82,156
00644800,ELLIS HOSPITAL SCHOOL OF NURSING        ,NY,12308-0000,Private      ,6,43,49,6,43,49
00646101,ST ELIZABETH COLLEGE OF NURSING         ,NY,13501-2998,Private      ,51,97,148,51,97,148
00646102,ST ELIZABETH SCH OF RADIOGRAPHY         ,NY,13501-0000,Private      ,9,3,12,9,3,12
00646700,SAINT JOSEPH'S COLLEGE OF NURSING       ,NY,13203-1806,Private      ,125,159,284,125,159,284
00678200,GENESEE COMMUNITY COLLEGE               ,NY,14020-9704,Public       ,1012,561,1573,1012,561,1573
00678500,SCHENECTADY COUNTY COMMUNITY CLG        ,NY,12305-2294,Public       ,575,367,942,575,367,942
00678700,CLINTON COMMUNITY COLLEGE               ,NY,12901-5690,Public       ,498,184,682,498,184,682
00678800,TOMPKINS CORTLAND COMMUNITY COLLEGE     ,NY,13053-8504,Public       ,1116,372,1488,1116,372,1488
00678900,COLUMBIA-GREENE COMMUNITY COLLEGE       ,NY,12534-9543,Public       ,360,228,588,360,228,588
00679100,SUNY AT PURCHASE                        ,NY,10577-1400,Public       ,5122,528,5650,5122,528,5650
00702200,CUNY-LEHMAN COLLEGE                     ,NY,10468-1589,Public       ,6625,2692,9317,6625,2692,9317
00702600,"MT SINAI SCH OF MEDICINE, NY UNIV       ",NY,10029-0000,Private      ,7,648,655,7,648,655
00710900,SUNY COLLEGE-OLD WESTBURY               ,NY,11568-0210,Public       ,3246,541,3787,3246,541,3787
00711100,NORTH COUNTRY COMMUNITY COLLEGE         ,NY,12983-2046,Public       ,246,133,379,246,133,379
00726400,MESIFTA TORAH VODAATH RABBINCAL SEM     ,NY,11218-5209,Private      ,1,0,1,1,0,1
00727300,CUNY-BERNARD BARUCH COLLEGE             ,NY,10010-5518,Public       ,10128,2456,12584,10128,2456,12584
00730400,CULINARY INSTITUTE OF AMERICA           ,NY,12538-1499,Private      ,1864,607,2471,1864,607,2471
00737200,AUSTIN'S SCHOOL OF SPA TECHNOLOGY       ,NY,12206-1513,Proprietary  ,11,9,20,11,9,20
00737500,ISLAND DRAFTING & TECHNICAL INST        ,NY,11701-2704,Proprietary  ,6,10,16,6,10,16
00738700,LONG ISLAND BEAUTY SCHOOL               ,NY,11788-4346,Proprietary  ,4,2,6,4,2,6
00738800,LONG ISLAND BEAUTY SCHOOL               ,NY,11550-3704,Proprietary  ,6,3,9,6,3,9
00739100,BEAUTY SCHOOL OF MIDDLETOWN             ,NY,10940-6574,Proprietary  ,4,5,9,4,5,9
00739400,BERKELEY COLLEGE                        ,NY,10017-0000,Proprietary  ,896,548,1444,896,548,1444
00739402,BERKELEY COLLEGE-WESTCHESTER CAMPUS     ,NY,10601-1533,Proprietary  ,288,84,372,288,84,372
00739800,KATHARINE GIBBS SCHOOL                  ,NY,10018-2602,Proprietary  ,32,69,101,32,69,101
00740100,MANDL SCHOOL                            ,NY,10019-5516,Proprietary  ,4,14,18,4,14,18
00740500,WOOD TOBE-COBURN SCHOOL                 ,NY,10016-0102,Proprietary  ,174,40,214,174,40,214
00746500,AMERICAN ACADEMY OF DRAMATIC ARTS       ,NY,10016-7089,Private      ,216,61,277,216,61,277
00746600,LIM COLLEGE                             ,NY,10022-5268,Proprietary  ,1129,88,1217,1129,88,1217
00746800,SCHOOL OF VISUAL ARTS                   ,NY,10010-3994,Proprietary  ,2987,944,3931,2987,944,3931
00750602,LINCOLN TECHNICAL INSTITUTE             ,NY,11357-6092,Proprietary  ,123,59,182,123,59,182
00751800,APEX TECHNICAL SCHOOL                   ,NY,10011-2008,Proprietary  ,83,191,274,83,191,274
00752200,CONTINENTAL SCH OF BEAUTY CULTURE       ,NY,14623-3231,Proprietary  ,7,7,14,7,7,14
00753200,FINGER LAKES COMMUNITY COLLEGE          ,NY,14424-8395,Public       ,1467,617,2084,1467,617,2084
00757200,AMERICAN MUSICAL AND DRAMATIC ACAD      ,NY,10023-2106,Private      ,1016,135,1151,1016,135,1151
00757300,EMPIRE BEAUTY SCHOOL                    ,NY,11103-4028,Proprietary  ,12,35,47,12,35,47
00780400,CAREER ACADEMY OF NEW YORK              ,NY,10011-7307,Proprietary  ,22,88,110,22,88,110
00818900,CONTINENTAL SCH OF BEAUTY CULTURE       ,NY,14223-0000,Proprietary  ,2,2,4,2,2,4
00818902,CONTINENTAL SCHOOL OF BEAUTY CULTURE  - ,NY,14224-3402,Proprietary  ,1,2,3,1,2,3
00843700,CHAMPLAIN VALLEY - TEC/PRN              ,NY,12901-0000,Public       ,4,9,13,4,9,13
00849500,JAMESTOWN BUSINESS COLLEGE              ,NY,14702-0429,Proprietary  ,59,87,146,59,87,146
00861100,"CUNY, HOSTOS CMTY COLLEGE               ",NY,10451-1499,Public       ,1459,1119,2578,1459,1119,2578
00878800,SUNY-STUDENT LOAN SERVICE CENTER        ,NY,12144-3440,Public       ,8,4,12,8,4,12
00900300,OLEAN BUSINESS INSTITUTE INC            ,NY,14760-2691,Proprietary  ,6,16,22,6,16,22
00902900,NEIGHBORHOOD PLAYHOUSE                  ,NY,10022-5017,Private      ,13,16,29,13,16,29
00904300,ELMIRA BUSINESS INSTITUTE               ,NY,14901-2731,Proprietary  ,33,243,276,33,243,276
00907700,UTICA SCHOOL OF COMMERCE                ,NY,13501-2280,Proprietary  ,39,54,93,39,54,93
00924800,SAMARITAN HOSPITAL SCH NURSING          ,NY,12180-2475,Private      ,17,73,90,17,73,90
00928300,MIDWAY-PARIS BEAUTY SCHOOL              ,NY,11385-3453,Proprietary  ,0,1,1,0,1,1
00928400,LEARNING INST FOR BEAUTY SCIENCES       ,NY,11756-1345,Proprietary  ,2,3,5,2,3,5
00947900,SAINT VINCENTS CMC SI NURSING SCHOOL    ,NY,10304-3850,Proprietary  ,15,28,43,15,28,43
00976900,METROPOLITAN COLLEGE OF NEW YORK        ,NY,10013-1919,Private      ,57,628,685,57,628,685
00992900,SUNY COLLEGE OF OPTOMETRY               ,NY,10036-8003,Public       ,11,199,210,11,199,210
01005100,LA GUARDIA CMTY COLLEGE - CUNY          ,NY,11101-3083,Public       ,3258,1888,5146,3258,1888,5146
01005200,JEFFERSON-LEWIS BOCES PRAC NRSGPRG      ,NY,13601-9509,Public       ,4,22,26,4,22,26
01009700,CUNY-MEDGAR W EVERS COLLEGE             ,NY,11225-2010,Public       ,1734,1179,2913,1734,1179,2913
01014200,TOURO COLLEGE                           ,NY,10010-4202,Private      ,634,3277,3911,634,3277,3911
01014700,WESTERN SUFFOLK BOCES                   ,NY,11768-3499,Public       ,15,59,74,15,59,74
01015300,HELENE FULD COL OF NRSNG/N GEN HOSP     ,NY,10035-0000,Private      ,6,61,67,6,61,67
01028600,EMPIRE STATE COLLEGE                    ,NY,12866-4391,Public       ,223,4195,4418,223,4195,4418
01037800,RABBINICAL COLLEGE OF LONG ISLAND       ,NY,11561-3244,Private      ,1,1,2,1,1,2
01055100,NEW YORK SCH MED & DENTAL ASSISTANT     ,NY,11101-2327,Proprietary  ,36,91,127,36,91,127
01064100,SOUTHERN WESTCHESTER BOCES              ,NY,10543-0000,Public       ,5,9,14,5,9,14
01068400,ERIE COMMUNITY COLLEGE-ALL CAMPUSES     ,NY,14203-2698,Public       ,2214,1397,3611,2214,1397,3611
01081300,AMERICAN ACAD MCALLISTER INST           ,NY,10019-3604,Private      ,18,102,120,18,102,120
01083700,SIMMONS INST OF FUNERAL SERVICE         ,NY,13207-2098,Proprietary  ,16,9,25,16,9,25
01093000,SUBURBAN TECHNICAL SCHOOL               ,NY,11550-3771,Proprietary  ,8,46,54,8,46,54
01095200,PNW BOCES LPN PROGRAM                   ,NY,10598-0000,Public       ,4,14,18,4,14,18
01103100,TECHNICAL CAREER INSTITUTE              ,NY,10001-2789,Proprietary  ,216,762,978,216,762,978
01161400,CHAMPLAIN VALLEY HOSP SCH RAD TECH      ,NY,12901-1490,Private      ,10,6,16,10,6,16
01161700,NEW YORK METHODIST HOSPITAL             ,NY,11229-9023,Private      ,13,39,52,13,39,52
01164700,SBI CAMPUS - AN AFFILIATE OF SANFORD-BRO,NY,11747-3785,Proprietary  ,88,154,242,88,154,242
01167700,MEMORIAL SLOAN KETTERING CANCER CTR     ,NY,10021-6094,Private      ,1,5,6,1,5,6
01167800,SUNY INST OF TECHNOLOGY UTICA ROME      ,NY,13504-3050,Public       ,1021,317,1338,1021,317,1338
01183000,BERK TRADE AND BUSINESS SCHOOL          ,NY,11101-0000,Proprietary  ,3,4,7,3,4,7
01185900,WORD OF LIFE BIBLE INSTITUTE            ,NY,12860-0129,Private      ,177,16,193,177,16,193
01186000,MERCY MED CNTR SCHL OF RADIOGRAPHY      ,NY,11570-1098,Private      ,2,5,7,2,5,7
01192100,WESTCHESTER SCH OF BEAUTY CULTURE       ,NY,10550-2295,Proprietary  ,2,4,6,2,4,6
01198400,OHR HAMEIR THEOLOGICAL SEMINARY         ,NY,10566-0990,Private      ,1,1,2,1,1,2
01201100,TALMUDICAL SEM OHOLEI TORAH             ,NY,11213-3310,Private      ,3,0,3,3,0,3
01207200,PHILLIPS HAIRSTYLING INSTITUTE          ,NY,13210-1509,Proprietary  ,4,18,22,4,18,22
01210700,INSTITUTE OF DESIGN & CONSTRUCTION      ,NY,11201-5380,Private      ,13,32,45,13,32,45
01220300,MEMORIAL HOSPITAL SCH OF NURSING        ,NY,12204-1083,Private      ,11,56,67,11,56,67
01227700,NEW YORK CHIROPRACTIC COLLEGE           ,NY,13148-0800,Private      ,13,362,375,13,362,375
01229300,VEEB NASSAU CNTY SCHL OF PRACT NURS     ,NY,11553-3037,Public       ,11,25,36,11,25,36
01235800,PLAZA COLLEGE                           ,NY,11372-6300,Proprietary  ,72,224,296,72,224,296
01236400,SAINT VINCENTS CATHOLIC MEDICAL CENTERS ,NY,11354-0000,Proprietary  ,10,43,53,10,43,53
01240700,SCHUYLER-CHEMUNG-TIOGA BOCES            ,NY,14903-1089,Public       ,11,62,73,11,62,73
01256100,FIVE TOWNS COLLEGE                      ,NY,11746-5871,Proprietary  ,720,92,812,720,92,812
01258900,ERIE 1 BOCES                            ,NY,14224-0000,Public       ,5,22,27,5,22,27
01265200,ONONDAGA CORTLAND MADISON BOCES         ,NY,13090-4500,Public       ,32,128,160,32,128,160
01278300,OSWEGO COUNTY BOCES ADULT CAREERS       ,NY,13114-4498,Public       ,15,45,60,15,45,60
01292700,CENTRAL TECH NURSING PROGRAM            ,NY,13202-3092,Public       ,3,8,11,3,8,11
01302900,BORICUA COLLEGE                         ,NY,10032-1599,Private      ,61,191,252,61,191,252
02056400,CAPRI COSMETOLOGY LEARNING CENTER       ,NY,10954-0000,Proprietary  ,3,7,10,3,7,10
02066200,THE NEW SCHOOL                          ,NY,10011-0000,Private      ,3804,3120,6924,3804,3120,6924
02069000,NEW YORK SCHOOL OF INTERIOR DESIGN      ,NY,10021-0000,Private      ,116,92,208,116,92,208
02075700,BRIARCLIFFE COLLEGE                     ,NY,11714-0000,Proprietary  ,520,405,925,520,405,925
02075702,BRIARCLIFFE COLLEGE - PATCHOGUE         ,NY,11772-3019,Proprietary  ,395,278,673,395,278,673
02092400,RIDLEY-LOWELL SCHOOL OF BUSINESS        ,NY,13905-0000,Proprietary  ,4,4,8,4,4,8
02093700,LONG ISLAND BUSINESS INSTITUTE          ,NY,11725-0000,Proprietary  ,37,158,195,37,158,195
02098400,HERKIMER COUNTY BOCES                   ,NY,13350-0000,Public       ,10,16,26,10,16,26
02105900,HAIR DESIGN INSTITUTE AT FIFTH AVE      ,NY,11220-0000,Proprietary  ,6,6,12,6,6,12
02106800,BRAMSON ORT COLLEGE                     ,NY,11375-0000,Private      ,4,4,8,4,4,8
02110900,CATTARAUGUS/ALLEGANY BOCES              ,NY,14760-0000,Public       ,4,10,14,4,10,14
02112301,RIDLEY - LOWELL BUSINESS & TECHNICAL INS,NY,12601-3328,Proprietary  ,0,1,1,0,1,1
02116011,SANFORD-BROWN INSTITUTE - NEW YORK      ,NY,10003-2103,Proprietary  ,147,350,497,147,350,497
02118700,LONG ISLAND COLLEGE HOSPITAL - SCHOOL OF,NY,11201-6001,Private      ,33,60,93,33,60,93
02118702,LONG ISLAND COLLEGE HOSPITAL - SCHOOL OF,NY,11201-6001,Private      ,42,52,94,42,52,94
02124000,ORANGE ULSTER BOCES SCH OF PRAC NRS     ,NY,10924-9401,Public       ,5,21,26,5,21,26
02125500,CIRCLE IN THE SQUARE THEATRE SCHOOL     ,NY,10019-0000,Private      ,27,18,45,27,18,45
02126300,MADISON-ONEIDA BOCES PRAC NRS           ,NY,13478-0000,Public       ,5,13,18,5,13,18
02138500,BOCES RENSSELAER SCH OF PRAC NRSG       ,NY,12033-3221,Public       ,4,12,16,4,12,16
02145800,CAYUGA ONONDAGA BOCES                   ,NY,13021-9430,Public       ,4,25,29,4,25,29
02146000,WAYNE-FINGER LAKES BOCES                ,NY,14513-0000,Public       ,3,16,19,3,16,19
02153600,BROOME-TIOGA BOCES PN PROG              ,NY,13905-0000,Public       ,7,36,43,7,36,43
02157900,ROCHESTER GENERAL HOSPITAL              ,NY,14621-3001,Private      ,11,21,32,11,21,32
02158200,WSHNGTN-SARTGA-WARN-HMLTN-ESX BOCES     ,NY,12839-1051,Public       ,7,17,24,7,17,24
02160100,GENEVA GENERAL HOSPITAL                 ,NY,14456-0000,Private      ,2,28,30,2,28,30
02163400,NEW YORK CAREER INSTITUTE               ,NY,10007-2801,Proprietary  ,34,112,146,34,112,146
02169100,DAVIS COLLEGE                           ,NY,13790-0000,Private      ,66,26,92,66,26,92
02170000,SWEDISH INSTITUTE                       ,NY,10001-0000,Proprietary  ,15,174,189,15,174,189
02170200,ALBANY SCHOHARIE SCHENECTADY            ,NY,12205-0000,Public       ,6,3,9,6,3,9
02171900,AILEY SCHOOL (THE)                      ,NY,10019-4402,Private      ,66,8,74,66,8,74
02172100,HAMILTON-FULTON-MONTGOMERY BOCES        ,NY,12095-0000,Public       ,14,7,21,14,7,21
02172800,DUTCHESS COUNTY BOCES SCH PRAC NURS     ,NY,12601-0000,Public       ,6,12,18,6,12,18
02173200,EMPIRE BEAUTY SCHOOL                    ,NY,10001-0000,Proprietary  ,63,167,230,63,167,230
02173201,LEARNING INSTITUTES FOR BEAUTY SCIENCES-,NY,11214-4347,Proprietary  ,1,5,6,1,5,6
02173900,ULSTER COUNTY BOCES PRACTICAL NRSG      ,NY,12466-0000,Public       ,4,16,20,4,16,20
02176000,CHERYL FELL'S SCHOOL OF BUSINESS        ,NY,14304-0000,Proprietary  ,1,2,3,1,2,3
02179400,EASTERN SUFFOLK BOCES                   ,NY,11713-0000,Public       ,16,29,45,16,29,45
02182200,NEW SCHOOL OF RADIO & TELEVISION        ,NY,12206-1106,Proprietary  ,7,7,14,7,7,14
02192500,BELLEVUE HOSP CTR SCH RAD TECH          ,NY,10016-0000,Public       ,2,8,10,2,8,10
02193700,SAINT LAWRENCE LEWIS COUNTY BOCES       ,NY,13617-0000,Public       ,69,3,72,69,3,72
02193703,SAINT LAWRENCE LEWIS COUNTY BOCES - ADUL,NY,13668-3238,Public       ,1,0,1,1,0,1
02199300,ORLEANS-NIAGARA BOCES                   ,NY,14132-0000,Public       ,2,13,15,2,13,15
02206000,HUNTER BUSINESS SCHOOL                  ,NY,11756-0000,Proprietary  ,9,43,52,9,43,52
02206001,HUNTER BUSINESS SCHOOL -                ,NY,11763-0000,Proprietary  ,11,6,17,11,6,17
02217800,D.HOPFER SCH NURSING AT MT.VRN HOSP     ,NY,10550-0000,Private      ,17,45,62,17,45,62
02219500,MILDRED ELLEY                           ,NY,12206-1513,Proprietary  ,39,173,212,39,173,212
02235600,ERIE 2-CHAUTAUQUA-CATTARAUGUS BOCES     ,NY,14006-0000,Public       ,3,7,10,3,7,10
02265200,GLOBAL BUSINESS INSTITUTE               ,NY,11691-0000,Private      ,0,1,1,0,1,1
02272900,ROCKLAND COUNTY BOCES PRAC NRSG SCH     ,NY,10994-0000,Public       ,2,11,13,2,11,13
02275900,"MODERN WELDING SCHOOL, INC.             ",NY,12304-0000,Proprietary  ,4,1,5,4,1,5
02287800,NATIONAL TRACTOR TRAILER SCHOOL         ,NY,13088-2505,Proprietary  ,1,7,8,1,7,8
02294900,INSTITUTE OF AUDIO RESEARCH             ,NY,10003-0000,Proprietary  ,75,76,151,75,76,151
02306500,PROFESSIONAL BUSINESS INSTITUTE         ,NY,10002-0000,Private      ,42,102,144,42,102,144
02320100,OHR SOMAYACH TANENBAUM EDUCATIONAL CENTE,NY,10952-0000,Private      ,1,0,1,1,0,1
02325600,NEW YORK INSTITUTE OF ENGLISH & BUS     ,NY,10001-0000,Private      ,8,9,17,8,9,17
02454300,NEW YORK UNIVERSITY SCHOOL OF MEDICINE  ,NY,10016-6497,Private      ,165,703,868,165,703,868
02491400,SPANISH AMERICAN INSTITUTE              ,NY,10036-0000,Private      ,2,1,3,2,1,3
02505900,SH-OR YOSHUV RABBINICAL COLLEGE         ,NY,11691-0000,Private      ,3,0,3,3,0,3
02506000,ASSOCIATED BETH RIVKAH SCHOOLS          ,NY,11225-0000,Private      ,3,1,4,3,1,4
02506100,CITY UNIV OF NEW YORK-CENTRAL           ,NY,10021-0000,Public       ,409,221,630,409,221,630
02506200,MERCE CUNNINGHAM STUDIO                 ,NY,10014-0000,Private      ,2,1,3,2,1,3
02506800,YESHIVAT MIKDASH MELECH                 ,NY,11230-0000,Private      ,2,0,2,2,0,2
02511500,JOFFREY BALLET SCHOOL                   ,NY,10011-0000,Proprietary  ,20,1,21,20,1,21
02513500,MAR JON SCHOOL OF BEAUTY CULTURE        ,NY,14150-0000,Proprietary  ,4,4,8,4,4,8
02525600,ART INSTITUTE OF NEW YORK CITY (THE)    ,NY,10013-2429,Proprietary  ,779,327,1106,779,327,1106
02540800,"GLOBE INSTITUTE OF TECHNOLOGY, INC.     ",NY,10007-0000,Proprietary  ,31,22,53,31,22,53
02546000,TRI-STATE COLLEGE OF ACUPUNCTURE        ,NY,10011-0000,Proprietary  ,1,21,22,1,21,22
02550600,TALMUDICAL INST OF UPSTATE NY           ,NY,14607-0000,Private      ,1,0,1,1,0,1
02556700,SEMINAR L'MOROS BAIS YAAKOV             ,NY,11219-0000,Private      ,3,0,3,3,0,3
02572900,BUSINESS INFORMATICS CENTER             ,NY,11580-0000,Proprietary  ,5,2,7,5,2,7
02575400,FRENCH CULINARY INSTITUTE               ,NY,10013-2618,Proprietary  ,95,198,293,95,198,293
02587600,ORLO SCH HAIR DESIGN & COSMETOLOGY      ,NY,12206-1723,Proprietary  ,5,8,13,5,8,13
02599400,NEW YORK COLLEGE OF HEALTH PROFESSIONS  ,NY,11791-4413,Private      ,84,368,452,84,368,452
02600100,NEW YORK ACADEMY OF ART (THE)           ,NY,10013-2911,Private      ,37,103,140,37,103,140
02614900,SANFORD-BROWN INSTITUTE                 ,NY,10604-2910,Proprietary  ,40,127,167,40,127,167
02615001,SANFORD-BROWN INSTITUTE - GARDEN CITY   ,NY,11530-4734,Proprietary  ,10,19,29,10,19,29
02616600,SHEAR EGO INTL SCH OF HAIR DESIGN       ,NY,14617-3501,Proprietary  ,7,9,16,7,9,16
02617000,CONTINENTAL SCH OF BEAUTY CULTURE       ,NY,14020-1908,Proprietary  ,0,1,1,0,1,1
03007200,DANCE THEATRE OF HARLEM                 ,NY,10031-0000,Private      ,7,1,8,7,1,8
03027701,PACIFIC COLLEGE OF ORIENTAL MEDICINE - N,NY,10010-7108,Proprietary  ,7,81,88,7,81,88
03081600,DELAWARE CHENANGO MADISON OT. BOCES     ,NY,13815-9554,Public       ,3,10,13,3,10,13
03088500,NEW YORK INTERNATIONAL BEAUTY SCH       ,NY,10019-0000,Proprietary  ,7,7,14,7,7,14
03089700,COMPUTER CAREER CENTER                  ,NY,11530-3334,Proprietary  ,16,63,79,16,63,79
03095500,ASA INST BUSINESS & COMPUTER TECH       ,NY,11201-5208,Proprietary  ,31,43,74,31,43,74
03096200,CHARLES STUART SCHOOL                   ,NY,11229-2004,Proprietary  ,0,1,1,0,1,1
03097801,CARSTEN INSTITUTE                       ,NY,10003-1901,Proprietary  ,1,5,6,1,5,6
03099100,SUNBRIDGE COLLEGE                       ,NY,10977-0000,Private      ,0,8,8,0,8,8
03103700,ADIRONDACK BEAUTY SCHOOL                ,NY,12801-3158,Proprietary  ,5,6,11,5,6,11
03104900,SULLIVAN COUNTY BOCES                   ,NY,12754-2116,Public       ,7,2,9,7,2,9
03111100,NEW YORK PARALEGAL SCHOOL               ,NY,10007-0000,Proprietary  ,5,12,17,5,12,17
03115300,GENESEE VALLEY BOCES                    ,NY,14020-1099,Public       ,3,20,23,3,20,23
03120700,NEW YORK CONSERVATORY FOR DRAMATIC ARTS ,NY,10011-4225,Proprietary  ,310,53,363,310,53,363
03129200,RABBINICAL CLG OHR SHIMAR YISROEL       ,NY,11211-8102,Private      ,2,0,2,2,0,2
03169300,STUDIO JEWELERS                         ,NY,10016-4112,Proprietary  ,0,3,3,0,3,3
03181400,MERKAZ BNOS                             ,NY,11204-0000,Private      ,0,1,1,0,1,1
03191300,CUNY SCHOOL OF LAW @ QUEENS COLLEGE     ,NY,11367-0000,Public       ,123,797,920,123,797,920
03193300,MANHATTAN SCHOOL OF COMPUTER TECH       ,NY,11230-1617,Private      ,5,6,11,5,6,11
03203300,NEW YORK INSTITUTE OF MASSAGE           ,NY,14221-6021,Proprietary  ,8,37,45,8,37,45
03216300,UNIFICATION THEOLOGICAL SEMINARY        ,NY,12507-5021,Private      ,0,4,4,0,4,4
03315300,HARLEM SCHOOL OF TECHNOLOGY             ,NY,10027-4426,Proprietary  ,4,10,14,4,10,14
03328300,FRANKLIN CAREER INSTITUTE               ,NY,11550-3003,Private      ,38,98,136,38,98,136
03342400,AMERICAN BARBER INSTITUTE               ,NY,10001-5271,Proprietary  ,10,13,23,10,13,23
03358300,ALLEN SCHOOL                            ,NY,11432-4901,Proprietary  ,39,202,241,39,202,241
03361500,WILLSEY INSTITUTE                       ,NY,10301-1989,Proprietary  ,1,2,3,1,2,3
03380300,CULINARY ACADEMY OF LONG ISLAND         ,NY,11791-5311,Proprietary  ,25,34,59,25,34,59
03419400,NORTHEASTERN SEMINARY                   ,NY,14624-1997,Private      ,7,26,33,7,26,33
03426400,ANTHEM INSTITUTE                        ,NY,10018-0000,Proprietary  ,59,149,208,59,149,208
03433500,LIA SCHORR INSTITUTE OF COSMETIC SK     ,NY,10022-2614,Proprietary  ,0,2,2,0,2,2
03443300,NEW YORK COLLEGE OF TRADITIONAL CHINESE ,NY,11501-0000,Private      ,1,18,19,1,18,19
03537300,NEW YORK AUTOMOTIVE & DIESEL INSTIT     ,NY,11101-0000,Proprietary  ,15,47,62,15,47,62
03568300,LEON STUDIO ONE SCHOOL OF HAIR DESI     ,NY,14221-5323,Proprietary  ,2,6,8,2,6,8
03651300,SAINT JOSEPH'S MEDICAL CENTER SCHOO     ,NY,10701-4080,Private      ,3,6,9,3,6,9
03652300,METROPOLITAN LEARNING INSTITUTE         ,NY,11375-0000,Private      ,2,49,51,2,49,51
03691300,USA BEAUTY SCHOOL INTERNATIONAL         ,NY,10013-3530,Proprietary  ,3,1,4,3,1,4
03713300,BEIS MEDRASH HEICHAL DOVID              ,NY,11691-4433,Private      ,1,0,1,1,0,1
03773300,CENTER FOR NATURAL WELLNESS SCHOOL OF MA,NY,12205-1601,Proprietary  ,4,14,18,4,14,18
03819400,HUDSON VALLEY SCHOOL OF ADVANCED AESTHET,NY,12493-0000,Proprietary  ,1,3,4,1,3,4
03839300,AVEDA INSTITUTE NEW YORK                ,NY,10013-1522,Proprietary  ,27,53,80,27,53,80
03881300,UNION GRADUATE COLLEGE                  ,NY,12308-3103,Private      ,13,76,89,13,76,89
03903400,AMERICAN BEAUTY SCHOOL                  ,NY,10462-8003,Proprietary  ,8,10,18,8,10,18
03941400,ELITE ACADEMY OF BEAUTY ARTS            ,NY,11223-1630,Proprietary  ,2,9,11,2,9,11
03983300,"SCHOOL OF PROFESSIONAL HORTICULTURE, AT ",NY,10458-5126,Private      ,0,2,2,0,2,2
04043300,ACE COMPUTER TRAINING CENTER            ,NY,11375-5337,Proprietary  ,0,2,2,0,2,2
04095300,KING'S COLLEGE (THE)                    ,NY,10018-0110,Private      ,301,9,310,301,9,310
04102300,NEW AGE TRAINING                        ,NY,10018-0000,Proprietary  ,0,2,2,0,2,2
04117700,"MONROE 2-ORLEANS BOCES, CENTER FOR WORK ",NY,14624-1119,Public       ,5,5,10,5,5,10
04123200,INSTITUTE OF ALLIED MEDICAL PROFESSIONS ,NY,11373-5541,Private      ,12,121,133,12,121,133
04123300,HUDSON VALLEY SCHOOL OF MASSAGE THERAPY ,NY,12493-0000,Proprietary  ,1,1,2,1,1,2
04125600,CAREER SCHOOL OF NY                     ,NY,10301-2416,Private      ,1,2,3,1,2,3
04134000,"JOHN PAUL'S HAIR, NAIL & SKIN CARE INSTI",NY,12020-1245,Proprietary  ,3,5,8,3,5,8
04137700,ANN MARIE'S WORLD OF BEAUTY SCHOOL      ,NY,13901-2308,Proprietary  ,2,8,10,2,8,10
00267808,BRYANT & STRATTON COLLEGE - PARMA       ,OH,44130-0000,Proprietary  ,186,1264,1450,186,1264,1450
00301000,ANTIOCH UNIVERSITY                      ,OH,45387-1608,Private      ,17,257,274,17,257,274
00301100,ART ACADEMY OF CINCINNATI               ,OH,45202-7106,Private      ,198,39,237,198,39,237
00301200,ASHLAND UNIVERSITY                      ,OH,44805-3799,Private      ,2873,977,3850,2873,977,3850
00301300,ATHENAEUM OF OHIO                       ,OH,45230-2000,Private      ,0,5,5,0,5,5
00301400,BALDWIN-WALLACE COLLEGE                 ,OH,44017-2088,Private      ,3375,629,4004,3375,629,4004
00301600,BLUFFTON UNIVERSITY                     ,OH,45817-2104,Private      ,1186,132,1318,1186,132,1318
00301800,BOWLING GREEN STATE UNIVERSITY          ,OH,43403-0001,Public       ,12061,2827,14888,12061,2827,14888
00302300,CAPITAL UNIVERSITY                      ,OH,43209-2394,Private      ,3081,1391,4472,3081,1391,4472
00302400,CASE WESTERN RESERVE UNIV               ,OH,44106-0000,Private      ,5079,517,5596,5079,517,5596
00302401,CASE WESTERN RESERVE UNIV - MED         ,OH,44106-0000,Private      ,30,689,719,30,689,719
00302402,CASE WESTERN RESERVE UNIV - DENTAL      ,OH,44106-0000,Private      ,10,148,158,10,148,158
00302403,CASE WESTERN RESERVE UNIV - LAW         ,OH,44106-0000,Private      ,9,1009,1018,9,1009,1018
00302404,CASE WESTERN RESERVE UNIV - UG          ,OH,44106-0000,Private      ,332,22,354,332,22,354
00302405,CASE WESTERN RESERVE UNIV - MSASS       ,OH,44106-0000,Private      ,10,239,249,10,239,249
00302406,CASE WESTERN RESERVE UNIV - NURS UG     ,OH,44106-0000,Private      ,125,60,185,125,60,185
00302407,CASE WESTERN RESERVE UNIV - WSOM        ,OH,44106-0000,Private      ,6,98,104,6,98,104
00302408,CASE WESTERN RESERVE UNIV -A&S GRAD     ,OH,44106-0000,Private      ,2,164,166,2,164,166
00302409,CASE WESTERN RESERVE UNIV -ENG GRAD     ,OH,44106-0000,Private      ,12,44,56,12,44,56
00302410,CASE WESTERN RESERVE UNIV -NURS GRD     ,OH,44106-0000,Private      ,4,137,141,4,137,141
00302500,CEDARVILLE UNIVERSITY                   ,OH,45314-8564,Private      ,2795,80,2875,2795,80,2875
00302600,CENTRAL STATE UNIVERSITY                ,OH,45384-1004,Public       ,2359,751,3110,2359,751,3110
00302900,CINCINNATI CHRISTIAN UNIVERSITY         ,OH,45204-3200,Private      ,275,185,460,275,185,460
00303000,OHIO CHRISTIAN UNIVERSITY               ,OH,43113-9487,Private      ,158,224,382,158,224,382
00303100,CLEVELAND INSTITUTE OF MUSIC            ,OH,44106-1776,Private      ,392,327,719,392,327,719
00303200,CLEVELAND STATE UNIVERSITY              ,OH,44115-2214,Public       ,4695,5469,10164,4695,5469,10164
00303300,COLLEGE OF MT ST JOSEPH                 ,OH,45233-1670,Private      ,1267,565,1832,1267,565,1832
00303500,OHIO DOMINICAN UNIVERSITY               ,OH,43219-2099,Private      ,1643,857,2500,1643,857,2500
00303600,FRANCISCAN UNIV OF STEUBENVILLE         ,OH,43952-1763,Private      ,1419,237,1656,1419,237,1656
00303700,COLLEGE OF WOOSTER                      ,OH,44691-2363,Private      ,2480,47,2527,2480,47,2527
00303900,COLUMBUS COLLEGE OF ART AND DESIGN      ,OH,43215-1758,Private      ,1390,224,1614,1390,224,1614
00304000,CUYAHOGA COMMUNITY COLLEGE              ,OH,44115-2878,Public       ,2219,5796,8015,2219,5796,8015
00304001,CUYAHOGA COMMUNITY CLG-EASTERN CAM      ,OH,44122-6195,Public       ,193,354,547,193,354,547
00304002,CUYAHOGA COMMUNITY CLG-METRO CAMPUS     ,OH,44115-0000,Public       ,389,731,1120,389,731,1120
00304003,CUYAHOGA COMMUNITY CLG-WESTERN CMPS     ,OH,44130-0000,Public       ,667,534,1201,667,534,1201
00304100,"DEFIANCE COLLEGE, THE                   ",OH,43512-1695,Private      ,1005,192,1197,1005,192,1197
00304200,DENISON UNIVERSITY                      ,OH,43023-1329,Private      ,2483,51,2534,2483,51,2534
00304300,CHANCELLOR UNIVERSITY                   ,OH,44114-1096,Proprietary  ,11,180,191,11,180,191
00304400,TRINITY LUTHERAN SEMINARY               ,OH,43209-0000,Private      ,1,59,60,1,59,60
00304500,UNIVERSITY OF FINDLAY                   ,OH,45840-3695,Private      ,2235,601,2836,2235,601,2836
00304600,FRANKLIN UNIVERSITY                     ,OH,43215-5399,Private      ,410,4033,4443,410,4033,4443
00304700,HEBREW UNION COLLEGE MAIN CAMPUS        ,OH,45220-0000,Private      ,1,34,35,1,34,35
00304800,HEIDELBERG UNIVERSITY                   ,OH,44883-2462,Private      ,1555,158,1713,1555,158,1713
00304900,HIRAM COLLEGE                           ,OH,44234-1808,Private      ,1214,121,1335,1214,121,1335
00305000,JOHN CARROLL UNIVERSITY                 ,OH,44118-4581,Private      ,3365,409,3774,3365,409,3774
00305100,KENT STATE UNIV - KENT CAMPUS           ,OH,44242-0001,Public       ,13795,4497,18292,13795,4497,18292
00305101,KENT STATE UNIV - GEAUGA CAMPUS         ,OH,44021-0000,Public       ,146,212,358,146,212,358
00305102,KENT STATE UNIV - STARK CAMPUS          ,OH,44720-0000,Public       ,1141,846,1987,1141,846,1987
00305103,KENT STATE UNIV - TUSCARAWAS CAMPUS     ,OH,44663-0000,Public       ,464,491,955,464,491,955
00305104,KENT STATE UNIV - TRUMBULL CAMPUS       ,OH,44483-0000,Public       ,392,654,1046,392,654,1046
00305105,KENT STATE UNIV - ASHTABULA CAMPUS      ,OH,44004-0000,Public       ,374,561,935,374,561,935
00305106,KENT STATE UNIV -E.LIVERPOOL CAMPUS     ,OH,43920-0000,Public       ,146,297,443,146,297,443
00305107,KENT STATE UNIV - SALEM CAMPUS          ,OH,44460-0000,Public       ,359,408,767,359,408,767
00306500,KENYON COLLEGE                          ,OH,43022-9623,Private      ,2360,27,2387,2360,27,2387
00306600,LAKE ERIE COLLEGE                       ,OH,44077-3389,Private      ,1000,145,1145,1000,145,1145
00306800,LORAIN COUNTY COMMUNITY COLLEGE         ,OH,44035-1691,Public       ,1173,1767,2940,1173,1767,2940
00306900,LOURDES COLLEGE                         ,OH,43560-2898,Private      ,336,707,1043,336,707,1043
00307200,MALONE UNIVERSITY                       ,OH,44709-3897,Private      ,1810,554,2364,1810,554,2364
00307300,MARIETTA COLLEGE                        ,OH,45750-4033,Private      ,2011,156,2167,2011,156,2167
00307500,METHODIST THEOLOGICAL SCH IN OHIO       ,OH,43015-0000,Private      ,0,96,96,0,96,96
00307600,MIAMI-JACOBS COLLEGE                    ,OH,45401-0000,Proprietary  ,39,296,335,39,296,335
00307602,MIAMI - JACOBS CAREER COLLEGE - SPRINGBO,OH,45066-1115,Proprietary  ,12,111,123,12,111,123
00307603,MIAMI - JACOBS CAREER COLLEGE - TROY    ,OH,45373-3837,Proprietary  ,41,244,285,41,244,285
00307700,MIAMI UNIVERSITY                        ,OH,45056-1831,Public       ,15407,2690,18097,15407,2690,18097
00307800,WRIGHT STATE UNIVERSITY                 ,OH,45435-0002,Public       ,9327,5008,14335,9327,5008,14335
00308300,MOUNT UNION COLLEGE                     ,OH,44601-3993,Private      ,2428,119,2547,2428,119,2547
00308400,MUSKINGUM UNIVERSITY                    ,OH,43762-1199,Private      ,1633,186,1819,1633,186,1819
00308500,NOTRE DAME COLLEGE OF OHIO              ,OH,44121-4293,Private      ,969,391,1360,969,391,1360
00308600,OBERLIN COLLEGE                         ,OH,44074-1090,Private      ,4092,100,4192,4092,100,4192
00308800,OHIO COLLEGE OF PODIATRIC MEDICINE      ,OH,44131-7304,Private      ,0,245,245,0,245,245
00308900,OHIO NORTHERN UNIVERSITY                ,OH,45810-1555,Private      ,3004,676,3680,3004,676,3680
00309000,OHIO STATE UNIVERSITY-ALL CAMPUSES      ,OH,43210-1358,Public       ,34897,15104,50001,34897,15104,50001
00310000,OHIO UNIVERSITY                         ,OH,45701-2979,Public       ,15456,2906,18362,15456,2906,18362
00310002,"OHIO UNIVERSITY, ZANESVILLE CAMPUS      ",OH,43701-0000,Public       ,684,599,1283,684,599,1283
00310003,"OHIO UNIVERSITY, LANCASTER CAMPUS       ",OH,43130-0000,Public       ,658,553,1211,658,553,1211
00310004,"OHIO UNIVERSITY, SOUTHERN CAMPUS        ",OH,45638-0000,Public       ,438,624,1062,438,624,1062
00310005,"OHIO UNIVERSITY, CHILLICOTHE CAMPUS     ",OH,45601-0000,Public       ,470,757,1227,470,757,1227
00310006,"OHIO UNIVERSITY, EASTERN CAMPUS         ",OH,43950-0000,Public       ,321,99,420,321,99,420
00310008,OHIO UNIV COLL OF OSTEOPATHIC MED       ,OH,45701-0000,Public       ,6,280,286,6,280,286
00310900,OHIO WESLEYAN UNIVERSITY                ,OH,43015-2398,Private      ,2652,84,2736,2652,84,2736
00311000,OTTERBEIN COLLEGE                       ,OH,43081-2006,Private      ,3081,412,3493,3081,412,3493
00311300,PONTIFICAL COLLEGE JOSEPHINUM           ,OH,43235-1498,Private      ,13,7,20,13,7,20
00311401,FIRELANDS REGIONAL MEDICAL CENTER       ,OH,44870-4788,Private      ,31,75,106,31,75,106
00311500,RABBINICAL COLLEGE OF TELSHE            ,OH,44092-2584,Private      ,0,1,1,0,1,1
00311600,UNIV OF RIO GRANDE                      ,OH,45674-3131,Private      ,464,299,763,464,299,763
00311601,UNIVERSITY OF RIO GRANDE                ,OH,45674-9989,Private      ,499,326,825,499,326,825
00311602,UNIVERSITY OF RIO GRANDE - MEIGS CENTER ,OH,45760-0000,Private      ,2,2,4,2,2,4
00311603,UNIVERSITY OF RIO GRANDE - CHILLICOTHE G,OH,45601-0000,Private      ,0,3,3,0,3,3
00311604,UNIVERSITY OF RIO GRANDE - HAMILTON GRAD,OH,45011-2833,Private      ,2,1,3,2,1,3
00311605,UNIVERSITY OF RIO GRANDE - COLUMBUS GRAD,OH,43215-0000,Private      ,7,17,24,7,17,24
00311606,UNIVERSITY OF RIO GRANDE - PORTSMOUTH GR,OH,45662-0000,Private      ,3,3,6,3,3,6
00311607,UNIVERSITY OF RIO GRANDE -              ,OH,45764-0000,Private      ,7,8,15,7,8,15
00311900,SINCLAIR COMMUNITY COLLEGE              ,OH,45402-1460,Public       ,2723,4634,7357,2723,4634,7357
00312100,TIFFIN UNIVERSITY                       ,OH,44883-2161,Private      ,1378,765,2143,1378,765,2143
00312200,UNITED THEOLOGICAL SEMINARY             ,OH,45406-0000,Private      ,0,64,64,0,64,64
00312300,UNIVERSITY OF AKRON                     ,OH,44325-6211,Public       ,12347,6580,18927,12347,6580,18927
00312500,UNIVERSITY OF CINCINNATI                ,OH,45221-0125,Public       ,14818,7965,22783,14818,7965,22783
00312504,UNIVERSITY OF CINCINNATI - COLLEGE OF ME,OH,45267-0553,Public       ,99,550,649,99,550,649
00312700,UNIVERSITY OF DAYTON                    ,OH,45469-0002,Private      ,9104,1912,11016,9104,1912,11016
00313100,UNIVERSITY OF TOLEDO                    ,OH,43606-3390,Public       ,11660,4052,15712,11660,4052,15712
00313101,UNIVERSITY OF TOLEDO - HEALTH SCIENCE CA,OH,43614-2598,Public       ,451,825,1276,451,825,1276
00313300,URBANA UNIVERSITY                       ,OH,43078-2091,Private      ,625,259,884,625,259,884
00313400,URSULINE COLLEGE                        ,OH,44124-4398,Private      ,453,483,936,453,483,936
00313500,WALSH UNIVERSITY                        ,OH,44720-3396,Private      ,2043,600,2643,2043,600,2643
00314100,WILBERFORCE UNIVERSITY                  ,OH,45384-1001,Private      ,804,264,1068,804,264,1068
00314200,WILMINGTON COLLEGE                      ,OH,45177-2499,Private      ,1408,284,1692,1408,284,1692
00314300,WITTENBERG UNIVERSITY                   ,OH,45501-2199,Private      ,2554,105,2659,2554,105,2659
00314400,XAVIER UNIVERSITY                       ,OH,45207-1035,Private      ,4889,1333,6222,4889,1333,6222
00314500,YOUNGSTOWN STATE UNIVERSITY             ,OH,44555-0001,Public       ,5785,3372,9157,5785,3372,9157
00398200,CLEVELAND INSTITUTE OF ART              ,OH,44106-1700,Private      ,639,88,727,639,88,727
00406000,WINEBRENNER THEOLOGICAL SEMINARY        ,OH,45840-0000,Private      ,0,9,9,0,9,9
00485200,CLARK STATE COMMUNITY COLLEGE           ,OH,45505-4795,Public       ,517,1242,1759,517,1242,1759
00485300,BRADFORD SCHOOL                         ,OH,43219-0000,Proprietary  ,228,149,377,228,149,377
00485500,DAVIS COLLEGE                           ,OH,43623-4307,Proprietary  ,31,203,234,31,203,234
00486100,UNIVERSITY OF NORTHWESTERN OHIO         ,OH,45805-1498,Private      ,2411,629,3040,2411,629,3040
00486600,STAUTZENBERGER COLLEGE                  ,OH,43537-4007,Proprietary  ,86,294,380,86,294,380
00510200,SCH OF DIAGNOSTIC IMAGING-CLEVELAND     ,OH,44119-0000,Private      ,4,10,14,4,10,14
00512700,BROWN MACKIE COLLEGE-CINCINNATI         ,OH,45215-1107,Proprietary  ,377,1706,2083,377,1706,2083
00512728,BROWN MACKIE COLLEGE-CINCINNATI - LANDMA,OH,45215-1231,Proprietary  ,12,54,66,12,54,66
00521000,CLEVELAND INSTITUTE OF ELECTRONICS      ,OH,44114-0000,Proprietary  ,6,75,81,6,75,81
00531300,NORTH CENTRAL STATE COLLEGE             ,OH,44901-0000,Public       ,542,888,1430,542,888,1430
00575300,OWENS STATE COMMUNITY COLLEGE           ,OH,43699-0000,Public       ,2291,3653,5944,2291,3653,5944
00648700,AULTMAN COLLEGE OF NURSING AND HEALTH SC,OH,44710-1799,Private      ,78,147,225,78,147,225
00649400,GOOD SAMARITAN COLG-NURSING/HEALTH      ,OH,45220-2489,Private      ,112,173,285,112,173,285
00649800,MERIDIA HURON SCHOOL OF NURSING         ,OH,44112-4308,Private      ,25,183,208,25,183,208
00650700,TRINIT HEALTH SYSTEM SCH OF NURSING     ,OH,43952-2667,Private      ,16,45,61,16,45,61
00680400,LAKELAND COMMUNITY COLLEGE              ,OH,44094-5198,Public       ,1103,1646,2749,1103,1646,2749
00686700,COLUMBUS STATE COMMUNITY COLLEGE        ,OH,43215-1786,Public       ,4363,7237,11600,4363,7237,11600
00703500,KETTERING COLLEGE OF MEDICAL ARTS       ,OH,45429-1299,Private      ,320,418,738,320,418,738
00708500,MOUNT VERNON NAZARENE UNIVERSITY        ,OH,43050-9500,Private      ,1101,243,1344,1101,243,1344
00708501,MOUNT VERNON NAZARENE UNIV - AGS        ,OH,43050-0000,Private      ,18,219,237,18,219,237
00727500,EASTERN GATEWAY COMMUNITY COLLEGE       ,OH,43952-3598,Public       ,324,375,699,324,375,699
00747300,CHOFFIN CAREER & TECHNICAL CENTER       ,OH,44503-1628,Public       ,26,114,140,26,114,140
00759800,HOCKING TECHNICAL COLLEGE               ,OH,45764-9582,Public       ,1757,1262,3019,1757,1262,3019
00777700,REMINGTON COLLEGE - CLEVELAND CAMPUS    ,OH,44125-1957,Proprietary  ,39,182,221,39,182,221
00777704,REMINGTON COLLEGE-CLEVELAND WEST CAMPUS ,OH,44070-3129,Proprietary  ,16,58,74,16,58,74
00812900,ADULT AND COMMUNITY EDUCATION @ HUDSON  ,OH,43211-2017,Public       ,11,78,89,11,78,89
00813200,TOLEDO SCHOOL OF PRACTICAL NURSING      ,OH,43613-5110,Public       ,36,196,232,36,196,232
00813300,ZANE STATE COLLEGE                      ,OH,43701-2626,Public       ,525,967,1492,525,967,1492
00819400,AKRON SCHOOL OF PRACTICAL NRSG          ,OH,44311-0000,Public       ,31,51,82,31,51,82
00827800,TERRA COMMUNITY COLLEGE                 ,OH,43420-9670,Public       ,282,567,849,282,567,849
00867700,NORTHWEST STATE COMMUNITY COLLEGE       ,OH,43502-9542,Public       ,417,839,1256,417,839,1256
00888600,PORTAGE LAKES CAREER CENTER             ,OH,44232-0000,Public       ,7,35,42,7,35,42
00908800,ITT TECHNICAL INSTITUTE                 ,OH,45414-3456,Proprietary  ,79,195,274,79,195,274
00915600,WAYNE COUNTY SCHOOLS CAREER CENTER      ,OH,44677-9672,Public       ,17,53,70,17,53,70
00917200,SPRINGFIELD REGIONAL SCHOOL OF NURSING  ,OH,45501-0000,Private      ,19,71,90,19,71,90
00941200,NATIONAL INSTITUTE OF TECHNOLOGY        ,OH,44221-2998,Proprietary  ,56,76,132,56,76,132
00945101,BROWN MACKIE COLLEGE-NORTH CANTON       ,OH,44720-0000,Proprietary  ,52,158,210,52,158,210
00953000,GERBER AKRON BEAUTY SCHOOL              ,OH,44333-3714,Proprietary  ,5,12,17,5,12,17
00953100,SPA SCHOOL (THE)                        ,OH,43214-1524,Proprietary  ,12,31,43,12,31,43
00966000,TIFFIN ACADEMY OF HAIR DESIGN           ,OH,44883-2833,Proprietary  ,16,27,43,16,27,43
00983700,ITT TECHNICAL INSTITUTE                 ,OH,44509-4098,Proprietary  ,83,198,281,83,198,281
00994100,BELMONT TECHNICAL COLLEGE               ,OH,43950-9766,Public       ,436,529,965,436,529,965
00994200,SHAWNEE STATE UNIVERSITY                ,OH,45662-4344,Public       ,2444,825,3269,2444,825,3269
01001700,PAYNE THEOLOGICAL SEMINARY              ,OH,45384-0474,Private      ,1,30,31,1,30,31
01002700,JAMES A. RHODES STATE COLLEGE           ,OH,45804-3597,Public       ,791,1047,1838,791,1047,1838
01016800,NATIONWIDE BEAUTY ACADEMY               ,OH,43228-1000,Proprietary  ,42,74,116,42,74,116
01028000,OHIO STATE BEAUTY ACADEMY               ,OH,45801-4950,Proprietary  ,7,7,14,7,7,14
01032300,HANNAH E MULLINS SCH-PRAC NRSG          ,OH,44460-2906,Public       ,9,31,40,9,31,40
01034500,CINCINNATI STATE TECH & COMM CLG        ,OH,45223-2690,Public       ,1816,2988,4804,1816,2988,4804
01045300,WASHINGTON STATE CMTY COLLEGE           ,OH,45750-9225,Public       ,442,449,891,442,449,891
01063000,NORTHERN INSTITUTE OF COSMETOLOGY       ,OH,44052-1803,Proprietary  ,1,15,16,1,15,16
01073600,MARION TECHNICAL COLLEGE                ,OH,43302-5694,Public       ,347,625,972,347,625,972
01088000,CHATFIELD COLLEGE                       ,OH,45118-9705,Private      ,14,47,61,14,47,61
01088100,STARK STATE COLLEGE OF TECHNOLOGY       ,OH,44720-7299,Public       ,1227,2748,3975,1227,2748,3975
01090600,CINCINNATI CLG OF MORTUARY SCIENCE      ,OH,45224-1428,Private      ,31,57,88,31,57,88
01092300,UNION INSTITUTE & UNIVERSITY            ,OH,45206-1925,Private      ,19,650,669,19,650,669
01096200,MOORE UNIV OF HAIR DESIGN               ,OH,45213-0000,Proprietary  ,3,6,9,3,6,9
01099300,HOBART INSTITUTE OF WELDING TECHNOLOGY  ,OH,45373-2400,Private      ,102,75,177,102,75,177
01100500,KAPLAN COLLEGE                          ,OH,43232-4827,Proprietary  ,44,281,325,44,281,325
01104600,CENTRAL OHIO TECHNICAL COLLEGE          ,OH,43055-1767,Public       ,825,2205,3030,825,2205,3030
01170300,PENTA COUNTY JOINT VOCATIONAL SCH       ,OH,43551-0000,Public       ,3,14,17,3,14,17
01174400,NATIONAL BEAUTY COLLEGE                 ,OH,44720-0000,Proprietary  ,6,30,36,6,30,36
01174500,OHIO TECHNICAL COLLEGE                  ,OH,44103-1228,Proprietary  ,716,176,892,716,176,892
01182500,OHIO STATE SCHOOL OF COSMETOLOGY        ,OH,43224-1107,Proprietary  ,17,41,58,17,41,58
01212800,SOUTHWESTERN COLLEGE                    ,OH,45402-3003,Proprietary  ,46,402,448,46,402,448
01212802,SOUTHWESTERN COLLEGE                    ,OH,45005-2267,Proprietary  ,7,49,56,7,49,56
01212803,SOUTHWESTERN COLLEGE                    ,OH,45202-4304,Proprietary  ,9,212,221,9,212,221
01212804,SOUTHWESTERN COLLEGE                    ,OH,45246-3121,Proprietary  ,50,454,504,50,454,504
01216600,CAROUSEL BEAUTY COLLEGE                 ,OH,45402-8935,Proprietary  ,5,10,15,5,10,15
01224800,CENTRAL SCHOOL OF PRACTICAL NURSING     ,OH,44103-4371,Private      ,19,95,114,19,95,114
01267200,CAROUSEL BEAUTY COLLEGE                 ,OH,45044-5113,Proprietary  ,0,2,2,0,2,2
01267400,CAROUSEL OF MIAMI VALLEY BEAUTY CLG     ,OH,45424-2063,Proprietary  ,2,2,4,2,2,4
01275000,EDISON COMMUNITY COLLEGE                ,OH,45356-9239,Public       ,459,940,1399,459,940,1399
01283800,LAURA AND ALVIN SIEGAL COLLEGE OF JUDAIC,OH,44122-7197,Private      ,0,2,2,0,2,2
01284800,MOLER-HOLLYWOOD BEAUTY COLLEGE          ,OH,45202-2577,Proprietary  ,1,9,10,1,9,10
01287000,SOUTHERN STATE COMMUNITY COLLEGE        ,OH,45133-9406,Public       ,396,800,1196,396,800,1196
01289100,ANTONELLI COLLEGE                       ,OH,45202-2592,Proprietary  ,40,93,133,40,93,133
01289600,VIRGINIA MARTI COLLEGE OF ART AND DESIGN,OH,44107-0778,Proprietary  ,83,56,139,83,56,139
01313200,INTERNATIONAL CLG OF BROADCASTING       ,OH,45431-1898,Proprietary  ,8,13,21,8,13,21
02052000,OHIO INST OF PHOTOGRAPHY & TECHNOLOGY   ,OH,45439-1984,Proprietary  ,71,261,332,71,261,332
02054300,TRUMBULL BUSINESS COLLEGE               ,OH,44484-0000,Proprietary  ,18,98,116,18,98,116
02056800,DAYMAR COLLEGE                          ,OH,45601-1038,Proprietary  ,12,157,169,12,157,169
02056802,DAYMAR COLLEGE - LANCASTER              ,OH,43130-0000,Proprietary  ,1,15,16,1,15,16
02056803,DAYMAR COLLEGE - NEW BOSTON             ,OH,45662-4900,Proprietary  ,2,4,6,2,4,6
02056804,DAYMAR COLLEGE - JACKSON                ,OH,45640-1728,Proprietary  ,1,12,13,1,12,13
02066100,OHIO STATE COLLEGE/BARBER STYLING       ,OH,43213-0000,Proprietary  ,20,36,56,20,36,56
02069500,AKRON INSTITUTE                         ,OH,44306-0000,Proprietary  ,65,338,403,65,338,403
02073300,GALLIA-JACKSON-VINTON SCH ADULT ED      ,OH,45674-0000,Public       ,17,69,86,17,69,86
02110700,CLEVELAND INST OF DENTAL-MED ASST       ,OH,44115-2285,Proprietary  ,13,93,106,13,93,106
02116009,SANFORD-BROWN COLLEGE - MIDDLEBURG HEIGH,OH,44130-8362,Proprietary  ,79,532,611,79,532,611
02116900,UPPER VALLEY JVS                        ,OH,45356-0000,Public       ,8,60,68,8,60,68
02117300,GREAT OAKS INSTITUTE OF TECHNOLOGY      ,OH,45241-1581,Public       ,46,282,328,46,282,328
02128600,THE ART INSTITUTE OF CINCINNATI         ,OH,45246-0000,Proprietary  ,164,66,230,164,66,230
02140700,COMMUNITY EDUCATIONAL SERVICES          ,OH,44702-1710,Public       ,8,75,83,8,75,83
02152100,ACADEMY OF COURT REPORTING AND TECHNOLOG,OH,44115-0000,Proprietary  ,9,95,104,9,95,104
02152101,ACADEMY OF COURT REPORTING & TECHNOLOGY ,OH,43215-3902,Proprietary  ,7,162,169,7,162,169
02152102,ACADEMY OF COURT REPORTING - MIAMI-JACOB,OH,44313-3607,Proprietary  ,2,52,54,2,52,54
02152104,ACADEMY OF COURT REPORTING AND TECHNOLOG,OH,45202-2123,Proprietary  ,1,30,31,1,30,31
02158500,OHIO BUSINESS COLLEGE                   ,OH,44055-3344,Proprietary  ,16,186,202,16,186,202
02158501,OHIO BUSINESS COLLEGE                   ,OH,44870-9953,Proprietary  ,10,90,100,10,90,100
02168100,TRI-COUNTY JOINT VOCATIONAL SCHOOL      ,OH,45764-0000,Public       ,9,22,31,9,22,31
02187900,ASHTABULA CO JOINT VOC SCH ADULT ED     ,OH,44047-0000,Public       ,4,50,54,4,50,54
02189000,ADULT CENTER FOR EDUCATION              ,OH,43701-0000,Public       ,13,75,88,13,75,88
02190700,RETS TECH CENTER                        ,OH,45459-0000,Proprietary  ,81,699,780,81,699,780
02192100,BUTLER TECHNOLOGY AND CAREER DEVELOPMENT,OH,45011-0000,Public       ,46,162,208,46,162,208
02196300,COLLINS CAREER CENTER                   ,OH,45619-0000,Public       ,70,177,247,70,177,247
02210800,MEDINA COUNTY CAREER CENTER             ,OH,44256-0000,Public       ,5,24,29,5,24,29
02215400,OHIO STATE SCHOOL OF COSMETOLOGY        ,OH,43207-0000,Proprietary  ,18,51,69,18,51,69
02220500,GOD'S BIBLE SCHOOL & COLLEGE            ,OH,45210-0000,Private      ,50,10,60,50,10,60
02220800,CAREER & TECHNOLOGY EDUCATION CENTERS OF,OH,43055-0000,Public       ,10,44,54,10,44,54
02239800,PIONEER CAREER & TECHNOLOGY CENTER      ,OH,44875-0000,Public       ,2,6,8,2,6,8
02245600,WARREN COUNTY CAREER CENTER             ,OH,45036-0000,Public       ,9,32,41,9,32,41
02246300,INSTITUTE OF MEDICAL-DENTAL TECH        ,OH,45246-3317,Proprietary  ,7,23,30,7,23,30
02263700,MIAMI VALLEY CAREER TECHNOLOGY CTR      ,OH,45315-0000,Public       ,23,122,145,23,122,145
02269400,EASTERN HILLS ACAD OF HAIR DESIGN       ,OH,45255-0000,Proprietary  ,3,30,33,3,30,33
02269500,WESTERN HILLS SCHOOL OF BEAUTY & HAIR DE,OH,45211-0000,Proprietary  ,9,39,48,9,39,48
02270100,OHIO HI-POINT CAREER CENTER             ,OH,43311-0000,Public       ,12,92,104,12,92,104
02272700,COLUMBIANA COUNTY CAREER CENTER         ,OH,44432-0000,Public       ,12,54,66,12,54,66
02287900,RAPHAEL'S SCHOOL OF BEAUTY CULTURE      ,OH,44446-0000,Proprietary  ,3,17,20,3,17,20
02289802,KAPLAN COLLEGE                          ,OH,45203-0000,Proprietary  ,21,170,191,21,170,191
02301400,OHIO VALLEY COLLEGE OF TECHNOLOGY       ,OH,43920-0000,Proprietary  ,27,48,75,27,48,75
02303600,BOHECKER'S BUSINESS COLLEGE             ,OH,44266-0000,Proprietary  ,49,330,379,49,330,379
02304700,TRI-RIVERS CAREER CENTER                ,OH,43302-0000,Public       ,16,75,91,16,75,91
02311200,AMERICAN SCHOOL OF TECHNOLOGY           ,OH,43229-0000,Proprietary  ,6,44,50,6,44,50
02315500,TOLEDO ACADEMY OF BEAUTY CULTURE - EAST ,OH,43616-0000,Proprietary  ,9,15,24,9,15,24
02328500,MOLER-PICKENS BEAUTY COLLEGE            ,OH,45014-0000,Proprietary  ,3,2,5,3,2,5
02334300,INTERNATIONAL ACAD OF HAIR DESIGN       ,OH,45239-0000,Proprietary  ,10,13,23,10,13,23
02336300,KNOX COUNTY CAREER CENTER               ,OH,43050-4298,Public       ,12,88,100,12,88,100
02336700,CUYAHOGA VALLEY CAREER CENTER           ,OH,44141-1296,Public       ,15,93,108,15,93,108
02337700,PROFESSIONAL SKILLS INSTITUTE           ,OH,43607-0000,Proprietary  ,41,291,332,41,291,332
02351500,WILLOUGHBY EASTLAKE SCH OF PRAC NSG     ,OH,44094-0000,Public       ,3,28,31,3,28,31
02352800,POLARIS CAREER CENTER-ADULT ED DEPT     ,OH,44130-0000,Public       ,16,45,61,16,45,61
02354200,SCIOTO COUNTY JOINT VOCATIONAL SCH      ,OH,45648-0000,Public       ,12,53,65,12,53,65
02454400,NORTHEASTERN OHIO UNIVS COL OF MED      ,OH,44272-0000,Public       ,64,356,420,64,356,420
02497800,GREENE COUNTY CAREER CENTER             ,OH,45385-0000,Public       ,6,39,45,6,39,45
02512600,ADULT VOCATIONAL SERVICES               ,OH,44308-0000,Public       ,1,9,10,1,9,10
02519300,OHIO STATE SCH COSMETOLOGY              ,OH,43068-0000,Proprietary  ,0,6,6,0,6,6
02522700,EASTLAND-FAIRFIELD CAREER AND TECHNICAL ,OH,43125-0000,Public       ,7,65,72,7,65,72
02528300,TDDS TECHNICAL INSTITUTE                ,OH,44429-0000,Proprietary  ,16,66,82,16,66,82
02529500,HAMRICK SCHOOL                          ,OH,44256-0000,Proprietary  ,2,10,12,2,10,12
02541400,TOLEDO ACADEMY OF BEAUTY CULTURE-SO     ,OH,43614-0000,Proprietary  ,7,29,36,7,29,36
02545800,INNER STATE BEAUTY SCHOOLS              ,OH,44124-0000,Proprietary  ,9,47,56,9,47,56
02553000,SCHOOL OF ADVERTISING ART               ,OH,45440-0000,Proprietary  ,95,17,112,95,17,112
02560000,CASAL AVEDA INSTITUTE                   ,OH,44515-0000,Proprietary  ,28,29,57,28,29,57
02560700,PICKAWAY ROSS CO JOINT VOC TECH SCH     ,OH,45601-0000,Public       ,17,75,92,17,75,92
02562300,APOLLO CAREER CENTER-ADULT EDUC         ,OH,45806-0000,Public       ,17,192,209,17,192,209
02563000,RAPHAELS SCHOOL OF BEAUTY CULTURE       ,OH,44601-2847,Proprietary  ,7,13,20,7,13,20
02568600,MAHONING COUNTY CAREER & TECH CENTR     ,OH,44406-0000,Public       ,7,18,25,7,18,25
02582900,KAPLAN CAREER INSTITUTE                 ,OH,44129-6810,Proprietary  ,34,254,288,34,254,288
02586400,TRUMBULL CAREER & TECH CENTER-ADULT     ,OH,44483-1997,Public       ,13,115,128,13,115,128
02588500,OHIO STATE SCHOOL OF COSMETOLOGY        ,OH,43081-0000,Proprietary  ,26,14,40,26,14,40
02599711,VATTEROTT COLLEGE - CLEVELAND           ,OH,44147-3502,Proprietary  ,6,81,87,6,81,87
02603800,LORAIN COUNTY JVS ADULT CAREER CTR      ,OH,44074-9799,Public       ,5,32,37,5,32,37
02616200,BROWN MACKIE COLLEGE-FINDLAY            ,OH,45840-6848,Proprietary  ,189,1067,1256,189,1067,1256
02620000,SANDUSKY CAREER CENTER                  ,OH,44870-4786,Public       ,12,52,64,12,52,64
03007900,GALLIPOLIS CAREER COLLEGE               ,OH,45631-2600,Proprietary  ,7,63,70,7,63,70
03009702,"HARRISON COLLEGE - MUNCIE - COLUMBUS, OH",OH,43123-0000,Proprietary  ,0,1,1,0,1,1
03015100,ALLIANCE HIGH SCH-CMTY SERVICES DIV     ,OH,44601-2899,Public       ,4,11,15,4,11,15
03015300,EHOVE CAREER CENTER                     ,OH,44846-9500,Public       ,30,155,185,30,155,185
03023700,MADISON ADULT CAREER CENTER             ,OH,44905-2718,Public       ,4,50,54,4,50,54
03024300,VALLEY BEAUTY SCHOOL                    ,OH,43725-2332,Proprietary  ,5,16,21,5,16,21
03027100,FAIRVIEW ACADEMY                        ,OH,44126-2214,Proprietary  ,5,7,12,5,7,12
03034200,WASHINGTON COUNTY CAREER CENTER ADULT TE,OH,45750-9290,Public       ,22,54,76,22,54,76
03051400,AUBURN CAREER CENTER                    ,OH,44077-9723,Public       ,13,50,63,13,50,63
03051500,US GRANT JOINT VOCATIONAL SCHOOL        ,OH,45106-9502,Public       ,1,9,10,1,9,10
03065800,OHIO INSTITUTE OF HEALTH CAREERS        ,OH,44035-2394,Proprietary  ,24,93,117,24,93,117
03065900,BUCKEYE CAREER CENTER                   ,OH,44663-9437,Public       ,19,101,120,19,101,120
03067600,RAPHAEL'S SCHOOL OF BEAUTY CULTURE      ,OH,44512-2222,Proprietary  ,0,6,6,0,6,6
03068200,OHIO CENTER FOR BROADCASTING            ,OH,44125-4220,Proprietary  ,27,69,96,27,69,96
03068202,OHIO CENTER FOR BROADCASTING - COLUMBUS ,OH,43213-2571,Proprietary  ,12,29,41,12,29,41
03071900,MOUNT CARMEL COLLEGE OF NURSING         ,OH,43222-1598,Private      ,446,336,782,446,336,782
03072303,EVEREST INSTITUTE - COLUMBUS            ,OH,43230-6653,Proprietary  ,7,50,57,7,50,57
03078000,OHIO CENTER FOR BROADCASTING            ,OH,45227-1509,Proprietary  ,14,30,44,14,30,44
03079000,ETI TECHNICAL COLLEGE                   ,OH,44446-4398,Proprietary  ,23,90,113,23,90,113
03084800,DELAWARE AREA CAREER CENTER             ,OH,43015-8969,Public       ,2,4,6,2,4,6
03084801,DELAWARE AREA CAREER CENTER -           ,OH,43015-9001,Public       ,1,2,3,1,2,3
03095600,VANTAGE CAREER CENTER                   ,OH,45891-1378,Public       ,9,54,63,9,54,63
03097000,MERCY COLLEGE OF NORTHWEST OHIO         ,OH,43604-1132,Private      ,262,366,628,262,366,628
03100100,PARAMOUNT BEAUTY ACADEMY                ,OH,45662-4136,Proprietary  ,6,7,13,6,7,13
03105400,CLEVELAND EXTENSION HIGH SCH-WEST       ,OH,44102-2298,Public       ,2,40,42,2,40,42
03116200,DAYTON BARBER COLLEGE                   ,OH,45402-2310,Proprietary  ,4,11,15,4,11,15
03116300,OHIO COLLEGE OF MASSOTHERAPY            ,OH,44321-1363,Private      ,10,42,52,10,42,52
03116400,VANGUARD-SENTINELL VOC SCH DISTRICT     ,OH,43420-1197,Public       ,0,6,6,0,6,6
03117000,ASHLAND COUNTY-W HOLMES CAREER CTR      ,OH,44805-0000,Public       ,9,36,45,9,36,45
03319300,CREATIVE IMAGES-A CERTIFIED MATRIX      ,OH,45414-2557,Proprietary  ,8,35,43,8,35,43
03319301,CREATIVE IMAGES-A CERTIFIED MATRIX      ,OH,45459-0000,Proprietary  ,12,13,25,12,13,25
03416400,VALLEY BEAUTY SCHOOL                    ,OH,43701-3624,Proprietary  ,0,11,11,0,11,11
03425300,ROSEDALE BIBLE COLLEGE                  ,OH,43029-9517,Private      ,30,1,31,30,1,31
03457300,ALLEGHENY WESLEYAN COLLEGE              ,OH,44460-9598,Private      ,9,4,13,9,4,13
03468400,NATIONAL INSTITUTE OF MASSOTHERAPY      ,OH,44319-2100,Proprietary  ,8,19,27,8,19,27
03468500,ATS INSTITUTE OF TECHNOLOGY             ,OH,44143-2216,Proprietary  ,8,167,175,8,167,175
03475400,TRI-STATE BIBLE COLLEGE                 ,OH,45680-8402,Private      ,4,2,6,4,2,6
03534400,AMERICAN INST OF ALTERNATIVE MEDICI     ,OH,43229-1113,Proprietary  ,9,57,66,9,57,66
03578300,TRI-STATE COLLEGE                       ,OH,44452-8535,Proprietary  ,7,11,18,7,11,18
03586400,MED CENTRAL COLLEGE OF NURSING          ,OH,44903-2265,Private      ,241,124,365,241,124,365
03626300,BROWN AVEDA INSTITUTE                   ,OH,44060-6212,Proprietary  ,38,61,99,38,61,99
03693300,CARNEGIE CAREER COLLEGE                 ,OH,44260-9608,Private      ,1,31,32,1,31,32
03700300,REGENCY BEAUTY INSTITUTE - CLEVELAND    ,OH,44094-0000,Proprietary  ,15,48,63,15,48,63
03726300,TEMPLE BAPTIST COLLEGE                  ,OH,45240-0000,Private      ,1,7,8,1,7,8
03747300,BEXLEY HALL SEMINARY                    ,OH,43209-2325,Private      ,0,6,6,0,6,6
03776400,HEALING ARTS INSTITUTE                  ,OH,43551-3138,Proprietary  ,11,23,34,11,23,34
03837300,AVEDA FREDRIC'S INSTITUTE               ,OH,45208-1304,Proprietary  ,30,17,47,30,17,47
03882300,OREGON CAREER CENTER                    ,OH,43616-2631,Public       ,1,10,11,1,10,11
04050400,DESIGNER'S BEAUTY ACADEMY               ,OH,43920-0000,Proprietary  ,1,2,3,1,2,3
04074300,HONDROS COLLEGE                         ,OH,43081-3855,Proprietary  ,57,401,458,57,401,458
04116700,NEWLIFE TECHNICAL INSTITUTE             ,OH,43920-2920,Private      ,1,2,3,1,2,3
04117300,DAYTON SCHOOL OF MEDICAL MASSAGE        ,OH,45429-1111,Proprietary  ,20,46,66,20,46,66
04118300,NORTHCOAST MEDICAL TRAINING ACADEMY     ,OH,44240-4174,Proprietary  ,10,57,67,10,57,67
04124500,TECHSKILLS                              ,OH,43231-0000,Proprietary  ,3,33,36,3,33,36
04125700,CUT BEAUTY SCHOOL (THE)                 ,OH,44118-2918,Proprietary  ,5,45,50,5,45,50
04137800,AVEDA INSTITUTE COLUMBUS                ,OH,43201-2333,Proprietary  ,27,23,50,27,23,50
04138000,INSTITUTE OF THERAPEUTIC MASSAGE        ,OH,45875-0350,Proprietary  ,1,8,9,1,8,9
        ,INVALID SCHOOL CODE                     ,  ,00000-0000,,1448,1723,3171,1448,1723,3171
00134500,ADAMS STATE COLLEGE                     ,CO,81102-2373,Public       ,1213,527,1740,1213,527,1740
00134600,ARAPAHOE COMMUNITY COLLEGE              ,CO,80160-9002,Public       ,600,978,1578,600,978,1578
00134700,COLORADO COLLEGE                        ,CO,80903-3294,Private      ,2358,157,2515,2358,157,2515
00134800,COLORADO SCHOOL OF MINES                ,CO,80401-1887,Public       ,3765,439,4204,3765,439,4204
00134900,UNIVERSITY OF NORTHERN COLORADO         ,CO,80639-0001,Public       ,6869,2036,8905,6869,2036,8905
00135000,COLORADO STATE UNIVERSITY               ,CO,80523-0100,Public       ,13837,4238,18075,13837,4238,18075
00135200,DENVER  SEMINARY                        ,CO,80120-2192,Private      ,0,229,229,0,229,229
00135300,FORT LEWIS COLLEGE                      ,CO,81301-3999,Public       ,2233,567,2800,2233,567,2800
00135400,ILIFF SCHOOL OF THEOLOGY                ,CO,80210-0000,Private      ,0,107,107,0,107,107
00135500,LAMAR COMMUNITY COLLEGE                 ,CO,81052-3999,Public       ,144,65,209,144,65,209
00135800,MESA STATE COLLEGE                      ,CO,81501-7682,Public       ,2425,792,3217,2425,792,3217
00135900,COLORADO NORTHWESTERN COMMUNITY COLLEGE ,CO,81648-3598,Public       ,113,73,186,113,73,186
00136000,METROPOLITAN STATE CLG OF DENVER        ,CO,80204-0000,Public       ,4651,4982,9633,4651,4982,9633
00136100,NORTHEASTERN JUNIOR COLLEGE             ,CO,80751-2399,Public       ,551,150,701,551,150,701
00136200,OTERO JUNIOR COLLEGE                    ,CO,81050-3346,Public       ,197,87,284,197,87,284
00136300,REGIS UNIVERSITY                        ,CO,80221-1099,Private      ,1832,3919,5751,1832,3919,5751
00136500,COLORADO STATE UNIVERSITY-PUEBLO        ,CO,81001-4901,Public       ,3041,1429,4470,3041,1429,4470
00136800,TRINIDAD STATE JR COLLEGE               ,CO,81082-2396,Public       ,211,179,390,211,179,390
00137000,UNIVERSITY OF COLORADO-BOULDER          ,CO,80309-0077,Public       ,15361,5075,20436,15361,5075,20436
00137100,UNIVERSITY OF DENVER                    ,CO,80208-2000,Private      ,5235,5843,11078,5235,5843,11078
00137200,WESTERN STATE COLLEGE                   ,CO,81231-0000,Public       ,1372,149,1521,1372,149,1521
00163202,AQUINAS INSTITUTE OF THEOLOGY - AQUINAS ,CO,80903-1498,Private      ,0,2,2,0,2,2
00405702,NATIONAL AMERICAN UNIVERSITY            ,CO,80918-0000,Proprietary  ,6,54,60,6,54,60
00405703,NATIONAL AMERICAN UNIVERSITY            ,CO,80222-0000,Proprietary  ,7,76,83,7,76,83
00450300,EVEREST COLLEGE                         ,CO,80916-3548,Proprietary  ,8,59,67,8,59,67
00450600,COLORADO MOUNTAIN COLLEGE               ,CO,81602-0000,Public       ,587,306,893,587,306,893
00450700,EVEREST COLLEGE                         ,CO,80229-4339,Proprietary  ,16,193,209,16,193,209
00450701,"EVEREST COLLEGE- EVEREST COLLEGE, AURORA",CO,80012-5692,Proprietary  ,8,52,60,8,52,60
00450800,UNIVERSITY OF COLORADO DENVER           ,CO,80204-2029,Public       ,75,1471,1546,75,1471,1546
00450824,UNIVERSITY OF COLORADO DENVER - AURARIA ,CO,80217-3364,Public       ,3876,5141,9017,3876,5141,9017
00450900,UNIV OF COLORADO AT COLO SPRINGS        ,CO,80918-3735,Public       ,3622,2136,5758,3622,2136,5758
00559600,EMILY GRIFFITH OPPORTUNITY SCH          ,CO,80204-2197,Public       ,146,354,500,146,354,500
00729700,REDSTONE COLLEGE                        ,CO,80020-9988,Proprietary  ,61,196,257,61,196,257
00754700,LINCOLN COLLEGE OF TECHNOLOGY           ,CO,80223-2013,Proprietary  ,191,171,362,191,171,362
00754800,WESTWOOD COLLEGE - DENVER NORTH         ,CO,80221-3653,Proprietary  ,317,1133,1450,317,1133,1450
00754801,WESTWOOD COLLEGE - DENVER SOUTH         ,CO,80227-3653,Proprietary  ,59,168,227,59,168,227
00758200,AIMS COMMUNITY COLLEGE                  ,CO,80632-0000,Public       ,694,998,1692,694,998,1692
00764900,ROCKY MOUNTAIN COLG OF ART & DESIGN     ,CO,80214-0000,Proprietary  ,622,115,737,622,115,737
00793300,FRONT RANGE COMMUNITY COLLEGE           ,CO,80031-2199,Public       ,1863,3014,4877,1863,3014,4877
00863500,INTELLITEC MEDICAL INSTITUTE            ,CO,80909-1570,Proprietary  ,9,28,37,9,28,37
00887100,CONCORDE CAREER INSTITUTE               ,CO,80203-0000,Proprietary  ,39,220,259,39,220,259
00889600,PIKES PEAK COMMUNITY COLLEGE            ,CO,80906-5498,Public       ,1275,2357,3632,1275,2357,3632
00940100,COLORADO CHRISTIAN UNIVERSITY           ,CO,80226-7449,Private      ,930,601,1531,930,601,1531
00954200,COMMUNITY COLLEGE OF DENVER             ,CO,80217-2026,Public       ,1237,2070,3307,1237,2070,3307
00954300,RED ROCKS COMMUNITY COLLEGE             ,CO,80228-1255,Public       ,673,1125,1798,673,1125,1798
00998100,MORGAN COMMUNITY COLLEGE                ,CO,80701-4399,Public       ,125,181,306,125,181,306
01014800,COLORADO TECHNICAL UNIVERSITY           ,CO,80907-3896,Proprietary  ,122,1597,1719,122,1597,1719
01014802,COLORADO TECHNICAL UNIV - DENVER        ,CO,80111-3201,Proprietary  ,30,211,241,30,211,241
01014805,COLORADO TECH UNIV - ON LINE            ,CO,80907-0000,Proprietary  ,151,4828,4979,151,4828,4979
01014806,COLORADO TECH UNIV - FED EXPRESS        ,CO,80921-3800,Proprietary  ,4,12,16,4,12,16
01014808,COLORADO TECH UNIV - USAA               ,CO,80920-1005,Proprietary  ,2,6,8,2,6,8
01014810,COLORADO TECH UNIV - PETERSON AFB       ,CO,80914-1586,Proprietary  ,0,2,2,0,2,2
01014811,COLORADO TECH UNIV-HEWLETT PACKARD      ,CO,80919-2303,Proprietary  ,3,5,8,3,5,8
01014812,COLORADO TECHNICAL UNIVERSITY - WESTMINS,CO,80021-3498,Proprietary  ,23,260,283,23,260,283
01014813,COLORADO TECH UNIV - ORACLE             ,CO,80921-3660,Proprietary  ,2,6,8,2,6,8
01014815,COLORADO TECHNCL UNIV PUEBLO            ,CO,81003-2315,Proprietary  ,22,158,180,22,158,180
01070900,EMPIRE BEAUTY SCHOOL-LAKEWOOD           ,CO,80215-0000,Proprietary  ,4,25,29,4,25,29
01073200,SAN JUAN BASINTECHNICAL COLLEGE         ,CO,81328-9196,Public       ,2,12,14,2,12,14
01157200,COLORADO SCHOOL OF TRADES               ,CO,80215-2996,Proprietary  ,33,53,86,33,53,86
01267000,BEL-REA INST OF ANIMAL TECH             ,CO,80247-3048,Proprietary  ,174,247,421,174,247,421
01285000,INTERNATIONAL SALON AND SPA ACADEMY     ,CO,80918-3684,Proprietary  ,12,17,29,12,17,29
01287500,PICKENS TECHNICAL COLLEGE               ,CO,80011-9307,Public       ,44,117,161,44,117,161
01300700,NAZARENE BIBLE COLLEGE                  ,CO,80910-3717,Private      ,29,233,262,29,233,262
02072200,EMPIRE BEAUTY SCHOOL -ARVADA            ,CO,80212-0000,Proprietary  ,12,22,34,12,22,34
02078900,ART INSTITUTE OF COLORADO (THE)         ,CO,80203-2983,Proprietary  ,764,681,1445,764,681,1445
02116300,PUEBLO COMMUNITY COLLEGE                ,CO,81004-0000,Public       ,527,1258,1785,527,1258,1785
02117500,NAROPA UNIVERSITY                       ,CO,80302-0000,Private      ,248,851,1099,248,851,1099
02133100,COLORADO CENTER FOR MEDICAL LABORATORY S,CO,80218-0000,Private      ,2,21,23,2,21,23
02141100,ARTISTIC BEAUTY COLGS-WESTMINSTER       ,CO,80030-0000,Proprietary  ,9,21,30,9,21,30
02141102,ARTISTIC BEAUTY COLLEGES-LITTLETON      ,CO,80123-3480,Proprietary  ,3,7,10,3,7,10
02141103,ARTISTIC BEAUTY COLLEGES-AURORA         ,CO,80017-3194,Proprietary  ,6,16,22,6,16,22
02156200,DELTA - MONTROSE TECHNICAL COLLEGE      ,CO,81416-0000,Public       ,22,47,69,22,47,69
02160600,EMPIRE BEAUTY SCHOOL -THORNTON          ,CO,80241-1659,Proprietary  ,6,35,41,6,35,41
02165200,SALON PROFESSIONAL ACADEMY (THE)        ,CO,81504-5309,Proprietary  ,11,4,15,11,4,15
02167600,KAPLAN COLLEGE                          ,CO,80229-5309,Proprietary  ,27,193,220,27,193,220
02188700,DENVER ACAD OF COURT REPORTING          ,CO,80030-0000,Proprietary  ,1,4,5,1,4,5
02211901,CHEEKS INTERNATIONAL ACADEMY OF BEAUTY C,CO,80525-3053,Proprietary  ,1,5,6,1,5,6
02211902,CHEEKS INTERNATIONAL ACDMY BTY CULT     ,CO,80631-0000,Proprietary  ,2,4,6,2,4,6
02253700,INTELLITEC COLLEGE                      ,CO,80909-0000,Proprietary  ,7,28,35,7,28,35
02267500,GLENWOOD BEAUTY ACADEMY                 ,CO,81601-0000,Proprietary  ,0,1,1,0,1,1
02276900,COMMUNITY COLLEGE OF AURORA             ,CO,80011-9036,Public       ,484,883,1367,484,883,1367
02321700,ITT TECHNICAL INSTITUTE                 ,CO,80229-5338,Proprietary  ,33,80,113,33,80,113
02518500,HAIR DYNAMICS EDUCATION CENTER          ,CO,80525-0000,Proprietary  ,9,22,31,9,22,31
02594300,COLLEGE AMERICA - DENVER                ,CO,80222-3380,Proprietary  ,27,67,94,27,67,94
02611000,HERITAGE COLLEGE                        ,CO,80212-7413,Proprietary  ,31,183,214,31,183,214
03006300,INST OF BUSINESS & MEDICAL CAREERS      ,CO,80525-3044,Proprietary  ,34,148,182,34,148,182
03012100,REMINGTON COLLEGE - COLORADO SPRINGS CAM,CO,80215-0000,Proprietary  ,4,37,41,4,37,41
03013100,BOULDER COLLEGE OF MASSAGE THERAPY      ,CO,80301-3295,Private      ,26,45,71,26,45,71
03014900,PLATT COLLEGE                           ,CO,80014-3141,Proprietary  ,11,59,70,11,59,70
03027400,XENON INTERNATIONAL ACADEMY III         ,CO,80014-1193,Proprietary  ,3,12,15,3,12,15
03030606,UTAH COLLEGE OF MASSAGE THERAPY - DENVER,CO,80031-2921,Proprietary  ,8,28,36,8,28,36
03030607,UTAH COLLEGE OF MASSAGE THERAPY - DENVER,CO,80012-2523,Proprietary  ,13,27,40,13,27,40
03031603,DPT BUSINESS SCHOOL                     ,CO,80223-0000,Proprietary  ,0,2,2,0,2,2
03066900,INTELLITEC COLLEGE                      ,CO,81506-3994,Proprietary  ,8,20,28,8,20,28
03068201,OHIO CENTER FOR BROADCASTING - COLORADO ,CO,80214-4129,Proprietary  ,6,19,25,6,19,25
03076401,BRYMAN SCHOOL OF ARIZONA (THE) - ANTHEM ,CO,80014-2622,Proprietary  ,5,4,9,5,4,9
03289300,COLORADO HEIGHTS UNIVERSITY             ,CO,80236-2711,Private      ,5,11,16,5,11,16
03306300,MONTESSORI EDUC CRT OF THE ROCKIES      ,CO,80301-2587,Private      ,2,13,15,2,13,15
03534300,JONES INTERNATIONAL UNIVERSITY          ,CO,80112-3446,Proprietary  ,21,753,774,21,753,774
03545300,UNIVERSITY OF THE ROCKIES               ,CO,80903-3612,Proprietary  ,13,177,190,13,177,190
03584400,COLORADO SCHOOL OF HEALING ARTS         ,CO,80226-4332,Proprietary  ,11,10,21,11,10,21
03670300,TONI & GUY HAIRDRESSING ACADEMY         ,CO,80911-1713,Proprietary  ,13,25,38,13,25,38
03686300,COLORADO SCHOOL OF TRADITIONAL CHINESE M,CO,80206-2127,Proprietary  ,1,27,28,1,27,28
03972300,CUTTIN' UP BEAUTY ACADEMY               ,CO,80220-0000,Proprietary  ,2,12,14,2,12,14
03976300,MASSAGE THERAPY INSTITUTE OF COLORADO   ,CO,80206-2127,Proprietary  ,7,19,26,7,19,26
04080300,ASPEN UNIVERSITY                        ,CO,80246-1930,Proprietary  ,7,15,22,7,15,22
04093300,ACADEMY OF NATURAL THERAPY              ,CO,80631-3425,Proprietary  ,7,16,23,7,16,23
04121200,INSTITUTE OF TAOIST EDUCATION AND ACUPUN,CO,80027-1028,Private      ,1,12,13,1,12,13
04125100,MONTESSORI CENTRE INTERNATIONAL DENVER  ,CO,80111-5263,Private      ,0,1,1,0,1,1
04139300,NATIONAL BEAUTY COLLEGE                 ,CO,80221-0000,Proprietary  ,4,14,18,4,14,18
00267811,BRYANT & STRATTON COLLEGE - VIRGINIA BEA,VA,23462-4417,Proprietary  ,112,644,756,112,644,756
00370200,AVERETT UNIVERSITY                      ,VA,24541-3692,Private      ,899,411,1310,899,411,1310
00370300,BLUEFIELD COLLEGE                       ,VA,24605-1799,Private      ,357,133,490,357,133,490
00370400,BRIDGEWATER COLLEGE                     ,VA,22812-1599,Private      ,2718,93,2811,2718,93,2811
00370500,COLLEGE OF WILLIAM & MARY               ,VA,23187-8795,Public       ,9057,3520,12577,9057,3520,12577
00370600,CHRISTOPHER NEWPORT UNIVERSITY          ,VA,23606-2998,Public       ,5958,538,6496,5958,538,6496
00370700,RICHARD BLAND COLLEGE                   ,VA,23805-7100,Public       ,524,152,676,524,152,676
00370800,EASTERN MENNONITE UNIVERSITY            ,VA,22802-2462,Private      ,772,200,972,772,200,972
00370900,EMORY & HENRY COLLEGE                   ,VA,24327-0010,Private      ,1093,75,1168,1093,75,1168
00371100,FERRUM COLLEGE                          ,VA,24088-2612,Private      ,2104,149,2253,2104,149,2253
00371200,TIDEWATER COMMUNITY COLLEGE             ,VA,23510-1910,Public       ,3639,5952,9591,3639,5952,9591
00371300,HAMPDEN-SYDNEY COLLEGE                  ,VA,23943-0128,Private      ,923,17,940,923,17,940
00371400,HAMPTON UNIVERSITY                      ,VA,23668-0099,Private      ,7468,1550,9018,7468,1550,9018
00371500,HOLLINS UNIVERSITY                      ,VA,24020-0000,Private      ,753,328,1081,753,328,1081
00371900,LONGWOOD UNIVERSITY                     ,VA,23909-1899,Public       ,3933,356,4289,3933,356,4289
00372000,LYNCHBURG COLLEGE                       ,VA,24501-3199,Private      ,2457,213,2670,2457,213,2670
00372100,JAMES MADISON UNIVERSITY                ,VA,22807-3780,Public       ,17490,1475,18965,17490,1475,18965
00372300,MARY BALDWIN COLLEGE                    ,VA,24401-3610,Private      ,846,329,1175,846,329,1175
00372400,MARYMOUNT UNIVERSITY                    ,VA,22207-4224,Private      ,1731,941,2672,1731,941,2672
00372600,NATIONAL COLLEGE                        ,VA,24153-4524,Proprietary  ,144,1903,2047,144,1903,2047
00372700,NORTHERN VA CMTY CLG                    ,VA,22003-3743,Public       ,3506,3599,7105,3506,3599,7105
00372800,OLD DOMINION UNIVERSITY                 ,VA,23529-0052,Public       ,12730,6217,18947,12730,6217,18947
00373200,RADFORD UNIVERSITY                      ,VA,24142-6905,Public       ,5932,1191,7123,5932,1191,7123
00373300,RANDOLPH-MACON COLLEGE                  ,VA,23005-5505,Private      ,2029,75,2104,2029,75,2104
00373400,RANDOLPH COLLEGE                        ,VA,24503-1526,Private      ,718,42,760,718,42,760
00373500,VIRGINIA COMMONWEALTH UNIVERSITY        ,VA,23284-9004,Public       ,15290,6636,21926,15290,6636,21926
00373600,ROANOKE COLLEGE                         ,VA,24153-3794,Private      ,2463,111,2574,2463,111,2574
00373700,SHENANDOAH UNIVERSITY                   ,VA,22601-5195,Private      ,1791,935,2726,1791,935,2726
00373800,SOUTHERN VIRGINIA UNIVERSITY            ,VA,24416-3038,Private      ,298,59,357,298,59,357
00373900,ST PAULS COLLEGE                        ,VA,23868-1299,Private      ,231,133,364,231,133,364
00374200,SWEET BRIAR COLLEGE                     ,VA,24595-9998,Private      ,501,21,522,501,21,522
00374300,UNION THEO SEMINARY & PRESBYTRN SCH     ,VA,23227-0000,Private      ,1,22,23,1,22,23
00374400,UNIVERSITY OF RICHMOND                  ,VA,23173-0001,Private      ,4445,1559,6004,4445,1559,6004
00374500,UNIVERSITY OF VIRGINIA - SFS            ,VA,22903-0000,Public       ,16011,6981,22992,16011,6981,22992
00374600,UNIVERSITY OF MARY WASHINGTON           ,VA,22401-5358,Public       ,4099,580,4679,4099,580,4679
00374700,UNIV OF VIRGINIA'S COLLEGE AT WISE      ,VA,24293-4412,Public       ,1451,197,1648,1451,197,1648
00374800,EASTERN SHORE COMMUNITY COLLEGE         ,VA,23410-3000,Public       ,132,187,319,132,187,319
00374900,GEORGE MASON UNIVERSITY                 ,VA,22030-4444,Public       ,11968,7141,19109,11968,7141,19109
00375100,PATRICK HENRY COMMUNITY COLLEGE         ,VA,24112-5311,Public       ,396,604,1000,396,604,1000
00375200,VIRGINIA INTERMONT COLLEGE              ,VA,24201-4298,Private      ,598,112,710,598,112,710
00375300,VIRGINIA MILITARY INSTITUTE             ,VA,24450-2138,Public       ,1213,41,1254,1213,41,1254
00375400,VIRGINIA POLYTECH INST & STATE UNIV     ,VA,24061-2000,Public       ,21864,3237,25101,21864,3237,25101
00375800,DANVILLE COMMUNITY COLLEGE              ,VA,24541-4004,Public       ,434,681,1115,434,681,1115
00375900,J. SARGEANT REYNOLDS COMMUNITY CLG      ,VA,23285-0000,Public       ,1512,2432,3944,1512,2432,3944
00376000,VIRGINIA WESTERN CMTY COLLEGE           ,VA,24038-0000,Public       ,855,912,1767,855,912,1767
00376100,WYTHEVILLE COMMUNITY COLLEGE            ,VA,24382-3308,Public       ,515,585,1100,515,585,1100
00376200,VIRGINIA UNIVERSITY OF LYNCHBURG        ,VA,24501-6400,Private      ,39,57,96,39,57,96
00376400,VIRGINIA STATE UNIVERSITY               ,VA,23806-0001,Public       ,6817,1380,8197,6817,1380,8197
00376500,NORFOLK STATE UNIVERSITY                ,VA,23504-8000,Public       ,5674,2546,8220,5674,2546,8220
00376600,VIRGINIA UNION UNIVERSITY               ,VA,23220-1711,Private      ,2096,411,2507,2096,411,2507
00376700,VIRGINIA WESLEYAN COLLEGE               ,VA,23502-5599,Private      ,1553,293,1846,1553,293,1846
00376800,WASHINGTON & LEE UNIVERSITY             ,VA,24450-0303,Private      ,2082,1468,3550,2082,1468,3550
00400400,JOHN TYLER COMMUNITY COLLEGE            ,VA,23831-5316,Public       ,902,1297,2199,902,1297,2199
00450301,"EVEREST COLLEGE- EVEREST COLLEGE, MCLEAN",VA,22102-3000,Proprietary  ,9,23,32,9,23,32
00450702,"EVEREST COLLEGE- EVEREST COLLEGE, ARLING",VA,22203-1905,Proprietary  ,11,56,67,11,56,67
00498800,CENTRAL VIRGINIA COMMUNITY COLLEGE      ,VA,24502-2498,Public       ,548,493,1041,548,493,1041
00499200,MILLER-MOTTE TECHNICAL COLLEGE          ,VA,24505-0000,Proprietary  ,7,15,22,7,15,22
00499600,DABNEY S LANCASTER COMMUNITY CLG        ,VA,24422-1000,Public       ,295,185,480,295,185,480
00522300,NEW RIVER COMMUNITY COLLEGE             ,VA,24084-1127,Public       ,606,635,1241,606,635,1241
00607500,ROANOKE MEM HOSP SCH RAD ONCOLOGY       ,VA,24033-0000,Private      ,7,3,10,7,3,10
00607501,ROANOKE MEM HOSP SCH RAD TECH           ,VA,24014-1850,Private      ,2,6,8,2,6,8
00662200,COLLEGE OF HEALTH SCIENCES - CHRV       ,VA,24031-0000,Private      ,297,400,697,297,400,697
00681900,BLUE RIDGE COMMUNITY COLLEGE            ,VA,24486-0080,Public       ,982,835,1817,982,835,1817
00687100,THOMAS NELSON COMMUNITY COLLEGE         ,VA,23670-0000,Public       ,1089,1823,2912,1089,1823,2912
00709900,VIRGINIA HIGHLANDS COMMUNITY CLG        ,VA,24210-4210,Public       ,524,519,1043,524,519,1043
00726000,SOUTHWEST VIRGINIA COMMUNITY CLG        ,VA,24641-1510,Public       ,393,416,809,393,416,809
00859200,LOUISE OBICI SCHOOL OF NURSING          ,VA,23434-8038,Private      ,4,6,10,4,6,10
00859202,SUFFOLK PUB SCH-LOUISE OBICI SCH PN     ,VA,23434-0000,Private      ,1,5,6,1,5,6
00865900,LORD FAIRFAX COMMUNITY COLLEGE          ,VA,22645-0047,Public       ,638,658,1296,638,658,1296
00866000,GERMANNA COMMUNITY COLLEGE              ,VA,22508-0339,Public       ,562,753,1315,562,753,1315
00866100,SOUTHSIDE VIRGINIA CMTY CLG             ,VA,23821-2930,Public       ,272,417,689,272,417,689
00915900,PAUL D CAMP COMMUNITY COLLEGE           ,VA,23851-0737,Public       ,140,263,403,140,263,403
00916000,RAPPAHANNOCK COMMUNITY COLLEGE          ,VA,23149-2616,Public       ,261,294,555,261,294,555
00926700,EVEREST COLLEGE                         ,VA,23606-4203,Proprietary  ,22,118,140,22,118,140
00926701,EVEREST COLLEGE - CHESAPEAKE            ,VA,23320-2637,Proprietary  ,14,61,75,14,61,75
00942000,SANFORD-BROWN COLLEGE                   ,VA,22182-3913,Proprietary  ,34,121,155,34,121,155
00953500,STAUNTON SCHOOL OF COSMETOLOGY          ,VA,24401-4323,Proprietary  ,3,8,11,3,8,11
00953700,VIRGINIA SCH OF HAIR DESIGN             ,VA,23669-0000,Proprietary  ,3,5,8,3,5,8
00962900,MOUNTAIN EMPIRE COMMUNITY COLLEGE       ,VA,24219-0700,Public       ,397,355,752,397,355,752
00992800,PIEDMONT VIRGINIA COMMUNITY COLLEGE     ,VA,22902-7589,Public       ,541,566,1107,541,566,1107
01004300,BON SECOURS MEMORIAL SCH OF NURSING     ,VA,23227-4612,Private      ,78,221,299,78,221,299
01019800,ECPI COLLEGE OF TECHNOLOGY              ,VA,23462-6542,Proprietary  ,620,2566,3186,620,2566,3186
01033800,EASTERN VIRGINIA MEDICAL SCHOOL         ,VA,23501-1980,Private      ,22,846,868,22,846,868
01162601,WESTWOOD COLLEGE - SOUTH BAY - ARLINGTON,VA,22203-4167,Proprietary  ,152,140,292,152,140,292
01162602,WESTWOOD COLLEGE - SOUTH BAY - ANNANDALE,VA,22003-2602,Proprietary  ,73,164,237,73,164,237
01274401,SOUTHSIDE REGIONAL MED CTR PROF SCHOOLS ,VA,23803-5133,Proprietary  ,18,76,94,18,76,94
01274402,SOUTHSIDE REG MED CTR SCH RAD TECH      ,VA,23803-0000,Proprietary  ,4,11,15,4,11,15
02053000,LIBERTY UNIVERSITY                      ,VA,24502-0000,Private      ,10048,8295,18343,10048,8295,18343
02108800,WARDS CORNER BEAUTY ACADEMY             ,VA,23505-0000,Proprietary  ,1,19,20,1,19,20
02111600,DANVILLE REGIONAL MEDICAL CENTER SCHOOL ,VA,24541-0000,Proprietary  ,19,31,50,19,31,50
02128700,CENTRAL SCHOOL OF PRACTICAL NURSING     ,VA,23502-2230,Public       ,8,30,38,8,30,38
02140000,RIVERSIDE SCHOOL OF HEALTH CAREERS      ,VA,23608-3802,Private      ,51,183,234,51,183,234
02175800,LYNCHBURG GENERAL HOSP SCH OF NURSG     ,VA,24501-0000,Private      ,43,62,105,43,62,105
02197600,WOODROW WILSON REHABILITATION CTR       ,VA,22939-0000,Public       ,2,3,5,2,3,5
02242400,HENRICO CTY ST MARYS HOSP PRAC NRSG     ,VA,23075-0000,Public       ,3,18,21,3,18,21
02247200,MEDSPA CAREERS INSTITUTE                ,VA,23606-0000,Proprietary  ,28,120,148,28,120,148
02304500,HERITAGE INSTITUTE                      ,VA,20111-0000,Proprietary  ,20,107,127,20,107,127
02320900,TIDEWATER TECH                          ,VA,23517-0000,Proprietary  ,28,103,131,28,103,131
02334400,CENTURA COLLEGE                         ,VA,23452-0000,Proprietary  ,74,887,961,74,887,961
02342700,FORTIS COLLEGE                          ,VA,23502-4101,Proprietary  ,36,108,144,36,108,144
02342701,FORTIS COLLEGE - RICHMOND CAMPUS        ,VA,23236-3472,Proprietary  ,34,64,98,34,64,98
02535400,ECPI TECHNICAL COLLEGE                  ,VA,23236-0000,Proprietary  ,110,181,291,110,181,291
02538800,SUFFOLK BEAUTY ACADEMY                  ,VA,23434-0000,Proprietary  ,3,4,7,3,4,7
02541200,STRATFORD UNIVERSITY                    ,VA,22043-0000,Proprietary  ,38,97,135,38,97,135
02541201,STRATFORD UNIVERSITY-WOODBRIDGE         ,VA,22192-0000,Proprietary  ,20,51,71,20,51,71
02610100,WASHINGTON COUNTY ADULT SKILL CTR       ,VA,24210-2346,Public       ,6,15,21,6,15,21
03002400,GRAHAM WEBB INTERNATIONAL ACAD HAIR     ,VA,22209-2129,Proprietary  ,5,10,15,5,10,15
03010700,BAR PALMA BEAUTY CAREERS  ACADEMY       ,VA,24014-2255,Proprietary  ,4,4,8,4,4,8
03042800,"VIRGINIA BEACH CITY SCHOOLS, SCH.-PR.NSG",VA,23456-0038,Public       ,6,17,23,6,17,23
03091100,ACT COLLEGE                             ,VA,22209-2297,Proprietary  ,11,31,42,11,31,42
03091300,REGENT UNIVERSITY                       ,VA,23464-9800,Private      ,381,2169,2550,381,2169,2550
03092700,ECPI TECHNICAL COLLEGE-ROANOKE          ,VA,24012-1603,Proprietary  ,22,117,139,22,117,139
03096500,SPRINGFIELD BEAUTY ACADEMY              ,VA,22003-3016,Proprietary  ,2,2,4,2,2,4
03106500,SENTARA NORFOLK GENERAL HOSPITAL        ,VA,23320-2843,Private      ,64,217,281,64,217,281
03116900,BAPTIST THEOLOGICAL SEM.-RICHMOND       ,VA,23227-0000,Private      ,0,16,16,0,16,16
03126300,TIDEWATER TECH AVIATION                 ,VA,23320-5987,Proprietary  ,27,97,124,27,97,124
03126400,CENTURA COLLEGE                         ,VA,23235-5230,Proprietary  ,30,158,188,30,158,188
03126401,CENTURA COLLEGE - WEST                  ,VA,23294-0000,Proprietary  ,4,30,34,4,30,34
03127500,ADVANCED TECHNOLOGY INSTITUTE           ,VA,23462-2409,Proprietary  ,144,107,251,144,107,251
03280400,VIRGINIA SCHOOL OF MASSAGE              ,VA,22903-0000,Proprietary  ,9,21,30,9,21,30
03409500,RICHMOND SCHOOL OF HEALTH AND TECH      ,VA,23227-0000,Proprietary  ,30,110,140,30,110,140
03455300,CRESCENT COSMETOLOGY UNIVERSITY         ,VA,23666-3115,Proprietary  ,2,4,6,2,4,6
03559300,APPALACHIAN SCHOOL OF LAW               ,VA,24614-0000,Private      ,5,437,442,5,437,442
03638400,TAP THIS VALLEY WORKS CTR FOR EMPLO     ,VA,24016-1901,Private      ,0,2,2,0,2,2
03645400,RUDY & KELLY ACADEMY OF HAIR AND NA     ,VA,23464-6857,Proprietary  ,20,42,62,20,42,62
03654300,CAREER TRAINING SOLUTIONS               ,VA,22406-1014,Proprietary  ,13,79,92,13,79,92
03709300,EDWARD VIA VIRGINIA CLG OSTEOPATHIC MED ,VA,24060-6360,Private      ,3,333,336,3,333,336
03872400,INSTITUTE FOR THE PSYCHOLOGICAL SCIENCES,VA,22202-3609,Private      ,3,70,73,3,70,73
03876300,CULPEPER COSMETOLOGY TRAINING CENTER    ,VA,22701-3155,Public       ,3,5,8,3,5,8
03883400,AVIATION INSTITUTE OF MAINTENANCE       ,VA,20110-4156,Proprietary  ,12,41,53,12,41,53
04038400,AVI CAREER INSTITUTE                    ,VA,22066-1839,Proprietary  ,0,3,3,0,3,3
04124000,DOMINION SCHOOL OF HAIR DESIGN          ,VA,23062-2221,Proprietary  ,2,4,6,2,4,6
04133400,CENTURA COLLEGE                         ,VA,22312-2670,Proprietary  ,6,17,23,6,17,23
04133800,SOUTHEAST CULINARY & HOSPITALITY COLLEGE,VA,24201-4159,Proprietary  ,11,16,27,11,16,27
04140000,GLOBAL HEALTH NURSE TRAINING SERVICES   ,VA,22314-4585,Proprietary  ,6,59,65,6,59,65
00107000,THUNDERBIRD SCHOOL OF GLOBAL MANAGEMENT ,AZ,85306-6000,Private      ,3,303,306,3,303,306
00107100,ARIZONA WESTERN COLLEGE                 ,AZ,85366-0000,Public       ,1142,820,1962,1142,820,1962
00107200,COCHISE COLLEGE                         ,AZ,85607-6190,Public       ,337,438,775,337,438,775
00107300,EASTERN ARIZONA COLLEGE                 ,AZ,85552-0769,Public       ,502,312,814,502,312,814
00107400,GRAND CANYON UNIVERSITY                 ,AZ,85017-3030,Proprietary  ,1166,10017,11183,1166,10017,11183
00107600,GLENDALE COMMUNITY COLLEGE              ,AZ,85302-3090,Public       ,2501,2278,4779,2501,2278,4779
00107700,MESA COMMUNITY COLLEGE                  ,AZ,85202-4866,Public       ,2553,3173,5726,2553,3173,5726
00107800,PHOENIX COLLEGE                         ,AZ,85013-4234,Public       ,1196,1936,3132,1196,1936,3132
00107900,YAVAPAI COLLEGE                         ,AZ,86301-3297,Public       ,712,912,1624,712,912,1624
00108100,ARIZONA STATE UNIV (ALL CAMPUSES)       ,AZ,85287-0412,Public       ,25562,13402,38964,25562,13402,38964
00108200,NORTHERN ARIZONA UNIVERSITY             ,AZ,86011-0001,Public       ,13790,4796,18586,13790,4796,18586
00108300,UNIVERSITY OF ARIZONA                   ,AZ,85721-0066,Public       ,17232,7798,25030,17232,7798,25030
00165701,MIDWESTERN UNIVERSITY                   ,AZ,85308-0000,Private      ,44,1915,1959,44,1915,1959
00446700,TUCSON COLLEGE                          ,AZ,85711-3781,Proprietary  ,28,105,133,28,105,133
00711300,SOUTHWESTERN COLLEGE                    ,AZ,85032-7097,Private      ,144,43,187,144,43,187
00726600,PIMA COUNTY COMMUNITY COLLEGE           ,AZ,85709-1110,Public       ,2975,3720,6695,2975,3720,6695
00728300,CENTRAL ARIZONA COLLEGE                 ,AZ,85228-9779,Public       ,567,729,1296,567,729,1296
00822100,UNIVERSAL TECHNICAL INSTITUTE           ,AZ,85323-7946,Proprietary  ,3625,1828,5453,3625,1828,5453
00824600,DINè COLLEGE                            ,AZ,86556-0126,Public       ,93,141,234,93,141,234
00830300,GATEWAY COMMUNITY COLLEGE               ,AZ,85034-1795,Public       ,482,1223,1705,482,1223,1705
00830302,MARICOPA SKILL CENTER                   ,AZ,85034-0000,Public       ,105,292,397,105,292,397
00830400,SCOTTSDALE COMMUNITY COLLEGE            ,AZ,85250-0000,Public       ,997,897,1894,997,897,1894
00886400,ARIZONA ACADEMY OF BEAUTY               ,AZ,85712-5021,Proprietary  ,8,9,17,8,9,17
00886500,ARTISTIC BEAUTY COLLEGES-TUCSON         ,AZ,85716-3999,Proprietary  ,28,94,122,28,94,122
00886501,ARTISTIC BEAUTY COLLEGES - TUCSON  - NOR,AZ,85705-1665,Proprietary  ,3,8,11,3,8,11
00945100,BROWN MACKIE COLLEGE                    ,AZ,85712-5300,Proprietary  ,61,406,467,61,406,467
01084700,ARIZONA AUTOMOTIVE INSTITUTE            ,AZ,85301-3503,Proprietary  ,29,87,116,29,87,116
01085800,AVALON SCHOOL OF COSMETOLOGY            ,AZ,85210-4010,Proprietary  ,18,55,73,18,55,73
01168900,REFRIGERATION SCHOOL                    ,AZ,85034-0000,Proprietary  ,14,73,87,14,73,87
01180200,ARIZONA ACADEMY OF BEAUTY-NORTH         ,AZ,85705-2720,Proprietary  ,3,6,9,3,6,9
01180800,ARTISTIC BEAUTY COLLEGES-FLAGSTAFF      ,AZ,86004-5119,Proprietary  ,18,68,86,18,68,86
01180801,CLG OF BEAUTY ARTS & SCI/CHANDLER       ,AZ,85224-0000,Proprietary  ,4,3,7,4,3,7
01180802,CLG OF BEAUTY ARTS & SCI/PRESCOTT       ,AZ,86303-0000,Proprietary  ,2,3,5,2,3,5
01186200,NORTHLAND PIONEER COLLEGE               ,AZ,86025-2996,Public       ,125,298,423,125,298,423
01186400,MOHAVE COMMUNITY COLLEGE                ,AZ,86409-1238,Public       ,253,1044,1297,253,1044,1297
01218400,INTERNATIONAL ACAD OF HAIR DESIGN       ,AZ,85225-7198,Proprietary  ,14,24,38,14,24,38
01234300,ARTISTIC BEAUTY COLLEGES-PHOENIX        ,AZ,85304-0000,Proprietary  ,22,70,92,22,70,92
01234301,EMPIRE BEAUTY SCHOOL - AVONDALE         ,AZ,85323-2352,Proprietary  ,8,15,23,8,15,23
01293700,ARTISTIC BEAUTY COLLEGES - PARADISE VALL,AZ,85257-0000,Proprietary  ,6,10,16,6,10,16
02065200,ITT TECHNICAL INSTITUTE                 ,AZ,85282-0000,Proprietary  ,65,123,188,65,123,188
02065300,PRESCOTT COLLEGE                        ,AZ,86301-0000,Private      ,279,366,645,279,366,645
02071200,KAPLAN COLLEGE                          ,AZ,85029-4349,Proprietary  ,112,470,582,112,470,582
02098800,UNIVERSITY OF PHOENIX                   ,AZ,85040-0000,Proprietary  ,2940,55990,58930,2940,55990,58930
02100500,UNIVERSAL TECHNICAL INSTITUTE           ,AZ,85027-0000,Proprietary  ,3110,2995,6105,3110,2995,6105
02100600,APOLLO COLLEGE                          ,AZ,85015-0000,Proprietary  ,255,852,1107,255,852,1107
02113800,ROBERTO-VENN SCH OF LUTHIERY            ,AZ,85040-0000,Proprietary  ,11,11,22,11,11,22
02146600,SOUTH MOUNTAIN COMMUNITY COLLEGE        ,AZ,85040-0000,Public       ,427,543,970,427,543,970
02171500,WESTERN INTERNATIONAL UNIVERSITY        ,AZ,85021-0000,Proprietary  ,20,362,382,20,362,382
02174900,COLLINS COLLEGE                         ,AZ,85040-4000,Proprietary  ,514,392,906,514,392,906
02177500,RIO SALADO COMMUNITY COLLEGE            ,AZ,85281-0000,Public       ,290,2261,2551,290,2261,2551
02192300,MARICOPA BEAUTY COLLEGE                 ,AZ,85323-0000,Proprietary  ,6,8,14,6,8,14
02199900,AMERICAN INDIAN CLG-ASSEMBLIES GOD      ,AZ,85021-0000,Private      ,11,14,25,11,14,25
02217100,PIMA MEDICAL INSTITUTE                  ,AZ,85716-0000,Proprietary  ,364,1492,1856,364,1492,1856
02218800,BROOKLINE COLLEGE                       ,AZ,85019-1600,Proprietary  ,58,402,460,58,402,460
02218804,BROOKLINE COLLEGE - MESA                ,AZ,85204-4448,Proprietary  ,3,10,13,3,10,13
02218805,BROOKLINE COLLEGE - TUCSON              ,AZ,85711-5444,Proprietary  ,3,5,8,3,5,8
02220300,ARTISTIC BEAUTY COLLEGES-GLENDALE       ,AZ,85051-0000,Proprietary  ,22,74,96,22,74,96
02263100,ANTHEM COLLEGE                          ,AZ,85014-0000,Proprietary  ,91,501,592,91,501,592
02280500,CHARLES OF ITALY BEAUTY COLLEGE         ,AZ,86403-0000,Proprietary  ,4,3,7,4,3,7
02295000,EVEREST COLLEGE                         ,AZ,85021-1610,Proprietary  ,143,1464,1607,143,1464,1607
02295002,EVEREST COLLEGE - MESA                  ,AZ,85206-4704,Proprietary  ,16,93,109,16,93,109
02317800,AMERICAN INSTITUTE OF TECHNOLOGY        ,AZ,85043-0000,Proprietary  ,12,89,101,12,89,101
02361100,ITT TECHNICAL INSTITUTE                 ,AZ,85704-0000,Proprietary  ,48,101,149,48,101,149
02491500,THE ART CENTER DESIGN COLLEGE           ,AZ,85716-0000,Proprietary  ,46,44,90,46,44,90
02521500,LAMSON COLLEGE                          ,AZ,85284-1141,Proprietary  ,27,80,107,27,80,107
02533200,FRANK LLOYD WRIGHT SCHOOL OF ARCHITECTUR,AZ,85261-4430,Private      ,5,18,23,5,18,23
02559000,UNIVERSITY OF ADVANCING TECHNOLOGY      ,AZ,85283-0000,Proprietary  ,571,212,783,571,212,783
02561900,TONI AND GUY HAIRDRESSING ACADEMY       ,AZ,85251-3301,Proprietary  ,19,26,45,19,26,45
02582700,CORTIVA INSTITUTE - TUCSON              ,AZ,85710-3503,Proprietary  ,9,38,47,9,38,47
02616700,LE CORDON BLEU COLLEGE OF CULINARY ARTS ,AZ,85251-2729,Proprietary  ,307,437,744,307,437,744
02623600,PARADISE VALLEY COMMUNITY COLLEGE       ,AZ,85032-1210,Public       ,780,814,1594,780,814,1594
02623800,CORTIVA INSTITUTE - SCOTTSDALE          ,AZ,85257-4218,Proprietary  ,11,42,53,11,42,53
03005000,SAFFORD COLLEGE OF BEAUTY CULTURE       ,AZ,85546-3309,Proprietary  ,2,2,4,2,2,4
03010613,VIRGINIA COLLEGE - GOLF ACADEMY OF ARIZO,AZ,85225-6742,Proprietary  ,40,59,99,40,59,99
03030604,UTAH COLLEGE OF MASSAGE THERAPY - ARIZON,AZ,85282-0000,Proprietary  ,19,53,72,19,53,72
03030605,UTAH COLLEGE OF MASSAGE THERAPY - ARIZON,AZ,85051-3470,Proprietary  ,23,52,75,23,52,75
03034400,CONSERVATORY RECORDING ARTS & SCIS      ,AZ,85282-1707,Proprietary  ,238,288,526,238,288,526
03072200,CHANDLER-GILBERT COMMUNITY COLLEGE      ,AZ,85225-2499,Public       ,1090,1093,2183,1090,1093,2183
03076400,BRYMAN SCHOOL OF ARIZONA                ,AZ,85029-4919,Proprietary  ,234,814,1048,234,814,1048
03097800,CARSTEN INSTITUTE OF HAIR & BEAUTY      ,AZ,85282-5404,Proprietary  ,16,30,46,16,30,46
03100400,COCONINO COUNTY COMMUNITY COLLEGE       ,AZ,86001-2701,Public       ,304,469,773,304,469,773
03107000,SOUTHWEST CLG OF NATUROPATHIC MED       ,AZ,85282-0000,Private      ,6,115,121,6,115,121
03115000,ARIZONA COLLEGE OF ALLIED HEALTH        ,AZ,85302-3843,Proprietary  ,28,158,186,28,158,186
03120300,COLLEGE AMERICA                         ,AZ,86004-3936,Proprietary  ,9,21,30,9,21,30
03156300,ESTRELLA MOUNTAIN COMMUNITY COLLEGE     ,AZ,85392-1010,Public       ,707,757,1464,707,757,1464
03156301,ESTRELLA MOUNTAIN COMMUNITY COLLEGE - SO,AZ,85392-1010,Public       ,186,267,453,186,267,453
03347300,INTERNATIONAL BAPTIST COLLEGE           ,AZ,85282-6799,Private      ,10,3,13,10,3,13
03445300,HDS TRUCK DRIVING INSTITUTE             ,AZ,85731-0000,Proprietary  ,0,8,8,0,8,8
03478400,PHOENIX SEMINARY                        ,AZ,85018-7611,Private      ,1,19,20,1,19,20
03572300,EAST VALLEY INSTITUTE OF TECHNOLOGY     ,AZ,85201-6910,Public       ,25,29,54,25,29,54
03593300,SOUTHWEST INSTITUTE OF HEALING ARTS     ,AZ,85281-3658,Proprietary  ,19,117,136,19,117,136
03617500,PHOENIX INSTITUTE OF HERBAL MEDICINE & A,AZ,85012-0000,Proprietary  ,3,38,41,3,38,41
03695500,ARIZONA SCHOOL OF ACUPUNCTURE AND ORIENT,AZ,85712-1100,Proprietary  ,3,23,26,3,23,26
03740500,ART INSTITUTE OF TUCSON (THE)           ,AZ,85712-2732,Proprietary  ,92,117,209,92,117,209
03784400,TOHONO O'ODHAM COMMUNITY COLLEGE        ,AZ,85634-3129,Public       ,4,8,12,4,8,12
03814300,TURNING POINT BEAUTY COLLEGE            ,AZ,85222-4229,Proprietary  ,1,2,3,1,2,3
04051300,ART INSTITUTE OF PHOENIX (THE)          ,AZ,85021-2859,Proprietary  ,569,472,1041,569,472,1041
04059300,TUCSON COLLEGE OF BEAUTY                ,AZ,85705-2451,Proprietary  ,9,6,15,9,6,15
04120900,ARIZONA CULINARY INSTITUTE              ,AZ,85259-4939,Proprietary  ,67,53,120,67,53,120
04131400,PHOENIX SCHOOL OF LAW                   ,AZ,85012-3330,Proprietary  ,5,523,528,5,523,528
04138800,MODERN TECHNIQUES BEAUTY COLLEGE        ,AZ,86403-2974,Proprietary  ,0,5,5,0,5,5
00142800,DELAWARE STATE UNIVERSITY               ,DE,19901-2277,Public       ,4971,847,5818,4971,847,5818
00142900,GOLDEY BEACOM COLLEGE                   ,DE,19808-1993,Private      ,236,96,332,236,96,332
00143100,UNIVERSITY OF DELAWARE                  ,DE,19716-0099,Public       ,17896,1383,19279,17896,1383,19279
00143300,WESLEY COLLEGE                          ,DE,19901-3875,Private      ,1609,235,1844,1609,235,1844
00143301,WESLEY COLLEGE-CTR FOR ADULT STUDIE     ,DE,19720-0000,Private      ,10,122,132,10,122,132
00331301,WIDENER UNIV SCHOOL OF LAW - DE         ,DE,19803-0000,Private      ,21,1168,1189,21,1168,1189
00705300,DELAWARE TECH & CMTY COLLEGE-OWENS      ,DE,19947-0000,Public       ,658,620,1278,658,620,1278
00794800,WILMINGTON UNIVERSITY                   ,DE,19720-6491,Private      ,695,1570,2265,695,1570,2265
01172700,DELAWARE TECH & CMTY CLG-TERRY          ,DE,19901-8736,Public       ,602,508,1110,602,508,1110
02125200,BEEBE SCHOOL OF NURSING                 ,DE,19958-1462,Private      ,21,31,52,21,31,52
02144900,DELAWARE TECH & CMTY CLG-STANTN/WLM     ,DE,19801-0000,Public       ,1164,907,2071,1164,907,2071
02190400,SCHILLING DOUGLAS SCH OF HAIR DSGN      ,DE,19711-0000,Proprietary  ,7,14,21,7,14,21
02586902,STAR TECHNICAL INSTITUTE -              ,DE,19901-4615,Proprietary  ,0,18,18,0,18,18
03025800,DAWN TRAINING CENTRE                    ,DE,19805-1511,Proprietary  ,7,80,87,7,80,87
03543300,HARRIS SCHOOL OF BUSINESS               ,DE,19803-5341,Proprietary  ,5,11,16,5,11,16
03702300,DELAWARE LEARNING INSTITUTE OF COSMETOLO,DE,19939-9759,Proprietary  ,9,19,28,9,19,28
04130700,ACADEMY OF MASSAGE AND BODYWORK         ,DE,19701-1321,Proprietary  ,2,8,10,2,8,10
04139800,DELAWARE COLLEGE OF ART & DESIGN        ,DE,19801-3007,Private      ,245,32,277,245,32,277
        ,FEDERAL STUDENT AID USE ONLY            ,DC,20202-0000,,2,116,118,2,116,118
00143400,AMERICAN UNIVERSITY                     ,DC,20016-8020,Private      ,11322,8396,19718,11322,8396,19718
00143700,CATHOLIC UNIVERSITY OF AMERICA          ,DC,20064-0002,Private      ,3921,1298,5219,3921,1298,5219
00143711,"CATHOLIC UNIV AMERICA, LAW SCHOOL       ",DC,20064-0000,Private      ,27,1230,1257,27,1230,1257
00144100,UNIV OF THE DISTRICT OF COLUMBIA        ,DC,20008-0000,Public       ,1005,1806,2811,1005,1806,2811
00144102,UNIVERSITY OF THE DISTRICT OF COLUMBIA -,DC,20008-1173,Public       ,26,648,674,26,648,674
00144300,GALLAUDET UNIVERSITY                    ,DC,20002-3695,Private      ,359,315,674,359,315,674
00144400,GEORGE WASHINGTON UNIVERSITY            ,DC,20052-2353,Private      ,9741,5969,15710,9741,5969,15710
00144402,GEORGE WASHINGTON UNIV LAW SCHL         ,DC,20052-0000,Private      ,20,4131,4151,20,4131,4151
00144403,GEORGE WASHINGTON UNIV SCH MED          ,DC,20052-0000,Private      ,37,984,1021,37,984,1021
00144500,GEORGETOWN UNIVERSITY                   ,DC,20057-1252,Private      ,11262,3805,15067,11262,3805,15067
00144501,"GEORGETOWN UNIV, SCH OF MEDICINE        ",DC,20007-0000,Private      ,29,815,844,29,815,844
00144502,GEORGETOWN UNIVERSITY - GRADUATE SCHOOL ,DC,20057-0004,Private      ,2,477,479,2,477,479
00144503,GEORGETOWN UNIV LAW CENTER              ,DC,20001-0000,Private      ,15,5218,5233,15,5218,5233
00144800,HOWARD UNIVERSITY                       ,DC,20059-0001,Private      ,11015,5356,16371,11015,5356,16371
00145600,SOUTHEASTERN UNIVERSITY                 ,DC,20024-2788,Private      ,73,258,331,73,258,331
00145900,STRAYER UNIVERSITY                      ,DC,20005-2603,Proprietary  ,213,6592,6805,213,6592,6805
00146000,TRINITY UNIVERSITY                      ,DC,20017-1004,Private      ,646,800,1446,646,800,1446
00146400,WESLEY THEOLOGICAL SEMINARY             ,DC,20016-0000,Private      ,0,117,117,0,117,117
00207701,JOHNS HOPKINS UNIV SCH ADV INTL STU     ,DC,20036-0000,Private      ,23,1108,1131,23,1108,1131
01006500,WASHINGTON THEOLOGICAL UNION            ,DC,20012-0000,Private      ,1,11,12,1,11,12
01195000,THE CORCORAN COLLEGE OF ART & DESIG     ,DC,20006-4804,Private      ,366,185,551,366,185,551
01280300,DOMINICAN HOUSE OF STUDIES              ,DC,20017-1584,Private      ,1,5,6,1,5,6
02132800,NAT'L CONSERVATORY DRAMATIC ARTS        ,DC,20007-2758,Private      ,4,10,14,4,10,14
02279200,DUDLEY BEAUTY COLG-WASHINGTON           ,DC,20018-0000,Proprietary  ,8,15,23,8,15,23
02588900,SANZ SCHOOL                             ,DC,20006-0000,Proprietary  ,12,23,35,12,23,35
03104300,CAREER BLAZERS LEARNING CENTER OF WASHIN,DC,20037-1881,Proprietary  ,2,5,7,2,5,7
03218300,POTOMAC COLLEGE                         ,DC,20016-1860,Proprietary  ,13,106,119,13,106,119
03409600,BENNETT CAREER INSTITUTE                ,DC,20017-1754,Proprietary  ,15,43,58,15,43,58
03750300,TECHNICAL LEARNING CENTERS              ,DC,20005-3415,Proprietary  ,5,31,36,5,31,36
00154100,ABRAHAM BALDWIN AGRICULTURAL CLG        ,GA,31794-0000,Public       ,1026,440,1466,1026,440,1466
00154200,AGNES SCOTT COLLEGE                     ,GA,30030-3797,Private      ,884,160,1044,884,160,1044
00154300,DARTON COLLEGE                          ,GA,31707-3098,Public       ,820,1191,2011,820,1191,2011
00154400,ALBANY STATE UNIVERSITY                 ,GA,31705-2796,Public       ,3491,1184,4675,3491,1184,4675
00154500,ANDREW COLLEGE                          ,GA,39840-1313,Private      ,214,19,233,214,19,233
00154600,ARMSTRONG ATLANTIC STATE UNIVERSITY     ,GA,31419-1997,Public       ,1940,1762,3702,1940,1762,3702
00154700,ATLANTA CHRISTIAN COLLEGE               ,GA,30344-1999,Private      ,180,186,366,180,186,366
00155200,AUGUSTA STATE UNIVERSITY                ,GA,30904-2200,Public       ,2581,2282,4863,2581,2282,4863
00155400,BERRY COLLEGE                           ,GA,30149-5007,Private      ,1755,126,1881,1755,126,1881
00155500,THOMAS UNIVERSITY                       ,GA,31792-7499,Private      ,97,262,359,97,262,359
00155600,BRENAU UNIVERSITY                       ,GA,30501-3668,Private      ,656,949,1605,656,949,1605
00155700,BREWTON PARKER COLLEGE                  ,GA,30445-0000,Private      ,246,147,393,246,147,393
00155800,COASTAL GEORGIA COMMUNITY COLLEGE       ,GA,31520-3644,Public       ,437,728,1165,437,728,1165
00155900,CLARK ATLANTA UNIVERSITY                ,GA,30314-4385,Private      ,8953,2208,11161,8953,2208,11161
00156000,COLUMBIA THEOLOGICAL SEMINARY           ,GA,30031-0000,Private      ,1,63,64,1,63,64
00156100,COLUMBUS STATE UNIVERSITY               ,GA,31907-5645,Public       ,2292,1458,3750,2292,1458,3750
00156200,GEORGIA PERIMETER COLLEGE               ,GA,30021-0000,Public       ,4277,5966,10243,4277,5966,10243
00156300,EMMANUEL COLLEGE                        ,GA,30639-0000,Private      ,297,76,373,297,76,373
00156400,EMORY UNIVERSITY                        ,GA,30322-1960,Private      ,9780,6339,16119,9780,6339,16119
00156600,FORT VALLEY STATE UNIVERSITY            ,GA,31030-3298,Public       ,2605,562,3167,2605,562,3167
00156700,GAINESVILLE STATE COLLEGE               ,GA,30503-0000,Public       ,1953,974,2927,1953,974,2927
00156800,INTERDENOMINATIONAL THEOLOGY CENTER     ,GA,30314-0000,Private      ,3,147,150,3,147,150
00156900,GEORGIA INSTITUTE OF TECHNOLOGY         ,GA,30332-0002,Public       ,9971,2036,12007,9971,2036,12007
00157000,SOUTHERN POLYTECHNIC STATE UNIV         ,GA,30060-2896,Public       ,1747,1009,2756,1747,1009,2756
00157100,GEORGIA MILITARY COLLEGE                ,GA,31061-3398,Public       ,838,1023,1861,838,1023,1861
00157200,GEORGIA SOUTHERN UNIVERSITY             ,GA,30460-8065,Public       ,9304,2153,11457,9304,2153,11457
00157300,GEORGIA SOUTHWESTERN STATE UNIV         ,GA,31709-4693,Public       ,942,531,1473,942,531,1473
00157400,GEORGIA STATE UNIVERSITY                ,GA,30303-3010,Public       ,13700,10471,24171,13700,10471,24171
00157500,GORDON COLLEGE                          ,GA,30204-1762,Public       ,1581,859,2440,1581,859,2440
00157700,KENNESAW STATE UNIVERSITY               ,GA,30144-5591,Public       ,7291,5229,12520,7291,5229,12520
00157800,LAGRANGE COLLEGE                        ,GA,30240-2999,Private      ,783,203,986,783,203,986
00157900,MEDICAL COLLEGE OF GEORGIA              ,GA,30912-0004,Public       ,257,1161,1418,257,1161,1418
00158000,MERCER UNIVERSITY                       ,GA,31207-0003,Private      ,2919,3036,5955,2919,3036,5955
00158100,MIDDLE GEORGIA COLLEGE                  ,GA,31014-1599,Public       ,1445,648,2093,1445,648,2093
00158200,MOREHOUSE COLLEGE                       ,GA,30314-3773,Private      ,3382,482,3864,3382,482,3864
00158500,NORTH GEORGIA COLLEGE & STATE UNIV      ,GA,30597-0001,Public       ,2386,855,3241,2386,855,3241
00158600,OGLETHORPE UNIVERSITY                   ,GA,30319-2737,Private      ,1214,211,1425,1214,211,1425
00158700,PAINE COLLEGE                           ,GA,30901-3182,Private      ,998,259,1257,998,259,1257
00158800,PIEDMONT COLLEGE                        ,GA,30535-5644,Private      ,430,643,1073,430,643,1073
00158900,REINHARDT COLLEGE                       ,GA,30183-2981,Private      ,419,118,537,419,118,537
00159000,SAVANNAH STATE UNIVERSITY               ,GA,31404-5298,Public       ,3033,876,3909,3033,876,3909
00159100,SHORTER COLLEGE                         ,GA,30165-4298,Private      ,1043,722,1765,1043,722,1765
00159200,SOUTH GEORGIA COLLEGE                   ,GA,31533-8104,Public       ,445,334,779,445,334,779
00159400,SPELMAN COLLEGE                         ,GA,30314-4399,Private      ,4829,733,5562,4829,733,5562
00159600,TOCCOA FALLS COLLEGE                    ,GA,30598-0001,Private      ,505,85,590,505,85,590
00159700,TRUETT MCCONNELL COLLEGE                ,GA,30528-1264,Private      ,176,18,194,176,18,194
00159800,UNIVERSITY OF GEORGIA                   ,GA,30602-6114,Public       ,13185,5056,18241,13185,5056,18241
00159900,VALDOSTA STATE UNIVERSITY               ,GA,31698-0001,Public       ,5477,1606,7083,5477,1606,7083
00160000,WESLEYAN COLLEGE                        ,GA,31210-4407,Private      ,215,140,355,215,140,355
00160100,UNIV OF WEST GEORGIA                    ,GA,30118-0002,Public       ,4571,1721,6292,4571,1721,6292
00160200,GEORGIA COLLEGE & STATE UNIVERSITY      ,GA,31061-0490,Public       ,3032,692,3724,3032,692,3724
00160400,YOUNG HARRIS COLLEGE                    ,GA,30582-4137,Private      ,523,28,551,523,28,551
00348400,COVENANT COLLEGE                        ,GA,30750-4164,Private      ,923,132,1055,923,132,1055
00395600,DALTON STATE COLLEGE                    ,GA,30720-3797,Public       ,1013,969,1982,1013,969,1982
00402300,APPALACHIAN TECHNICAL COLLEGE           ,GA,30143-0000,Public       ,54,196,250,54,196,250
00402400,GEORGIA NORTHWESTERN TECHNICAL COLLEGE  ,GA,30161-6757,Public       ,210,618,828,210,618,828
00402403,NORTHWESTERN TECHNICAL COLLEGE          ,GA,30739-0569,Public       ,215,795,1010,215,795,1010
00411700,GRADY HEALTH SYSTEM                     ,GA,30303-3050,Public       ,39,114,153,39,114,153
00525400,LANIER TECHNICAL COLLEGE                ,GA,30566-3499,Public       ,224,713,937,224,713,937
00525500,MOULTRIE TECHNICAL COLLEGE              ,GA,31768-0000,Public       ,157,590,747,157,590,747
00525600,VALDOSTA TECHNICAL COLLEGE              ,GA,31603-0000,Public       ,215,720,935,215,720,935
00551100,OKEFENOKEE TECHNICAL COLLEGE            ,GA,31501-4016,Public       ,41,146,187,41,146,187
00559900,AUGUSTA TECHNICAL COLLEGE               ,GA,30906-3399,Public       ,453,1368,1821,453,1368,1821
00560000,ATHENS TECHNICAL COLLEGE                ,GA,30601-1579,Public       ,549,1250,1799,549,1250,1799
00560100,ALBANY TECHNICAL COLLEGE                ,GA,31701-2648,Public       ,212,842,1054,212,842,1054
00561300,FLINT RIVER TECHNICAL INSTITUTE         ,GA,30286-0014,Public       ,41,202,243,41,202,243
00561401,WEST GEORGIA TECHNICAL COLLEGE - ROOSEVE,GA,31830-0268,Public       ,14,6,20,14,6,20
00561500,SOUTHWEST GEORGIA TECHNICAL COLLEGE     ,GA,31792-2622,Public       ,109,460,569,109,460,569
00561700,SOUTH GEORGIA TECHNICAL COLLEGE         ,GA,31709-8167,Public       ,186,335,521,186,335,521
00561800,SAVANNAH TECHNICAL COLLEGE              ,GA,31405-5594,Public       ,397,1441,1838,397,1441,1838
00561900,NORTH GEORGIA TECHNICAL COLLEGE         ,GA,30523-0000,Public       ,234,521,755,234,521,755
00562000,CHATTAHOOCHEE TECHNICAL COLLEGE         ,GA,30060-3398,Public       ,668,1752,2420,668,1752,2420
00562004,NORTH METRO TECHNICAL COLLEGE           ,GA,30102-3129,Public       ,261,594,855,261,594,855
00562100,GRIFFIN TECHNICAL COLLEGE               ,GA,30223-2097,Public       ,318,1209,1527,318,1209,1527
00562200,DEKALB TECHNICAL COLLEGE                ,GA,30021-0000,Public       ,367,1888,2255,367,1888,2255
00562400,COLUMBUS TECHNICAL COLLEGE              ,GA,31904-6572,Public       ,292,818,1110,292,818,1110
00576300,CENTRAL GEORGIA TECHNICAL COLLEGE       ,GA,31206-3628,Public       ,492,2311,2803,492,2311,2803
00772800,MACON STATE COLLEGE                     ,GA,31206-5145,Public       ,1358,1963,3321,1358,1963,3321
00854300,ATLANTA TECHNICAL COLLEGE               ,GA,30310-4499,Public       ,466,1679,2145,466,1679,2145
00897600,CLAYTON STATE UNIVERSITY                ,GA,30260-0285,Public       ,2045,2637,4682,2045,2637,4682
00918300,EAST CENTRAL TECHNICAL COLLEGE          ,GA,31750-0000,Public       ,52,208,260,52,208,260
00927000,ART INSTITUTE OF ATLANTA                ,GA,30328-1649,Proprietary  ,3551,2426,5977,3551,2426,5977
00950700,GEORGIA HIGHLANDS COLLEGE               ,GA,30162-0000,Public       ,919,874,1793,919,874,1793
01031903,MEDIX SCHOOL                            ,GA,30080-7630,Proprietary  ,53,161,214,53,161,214
01035601,EVEREST INSTITUTE - DEKALB              ,GA,30035-3420,Proprietary  ,27,97,124,27,97,124
01048700,WEST GEORGIA TECHNICAL COLLEGE          ,GA,30182-6476,Public       ,430,1440,1870,430,1440,1870
01048704,WEST GEORGIA TECHNICAL COLLEGE          ,GA,30240-5957,Public       ,233,564,797,233,564,797
01077100,GUPTON JONES COLLEGE                    ,GA,30035-4022,Private      ,41,72,113,41,72,113
01099700,EAST GEORGIA COLLEGE                    ,GA,30401-2699,Public       ,612,316,928,612,316,928
01107400,BAINBRIDGE COLLEGE                      ,GA,39819-8400,Public       ,281,860,1141,281,860,1141
01110901,EVEREST COLLEGE - EVEREST INSTITUTE     ,GA,30067-8340,Proprietary  ,15,70,85,15,70,85
01112301,EVEREST COLLEGE - EVEREST INSTITUTE- NOR,GA,30093-2813,Proprietary  ,55,289,344,55,289,344
01157400,BAUDER COLLEGE                          ,GA,30313-2439,Proprietary  ,304,491,795,304,491,795
01205100,PRO WAY HAIR SCHOOL                     ,GA,30083-2884,Proprietary  ,11,52,63,11,52,63
01216500,ATLANTA METROPOLITAN COLLEGE            ,GA,30310-4498,Public       ,727,1113,1840,727,1113,1840
01303900,SOUTH UNIVERSITY                        ,GA,31406-4881,Proprietary  ,302,4730,5032,302,4730,5032
02055000,WAYCROSS COLLEGE                        ,GA,31503-0000,Public       ,134,176,310,134,176,310
02060900,BROWN CLG OF COURT REPORTING & M.T.     ,GA,30318-2570,Proprietary  ,5,91,96,5,91,96
02074800,LIFE UNIVERSITY                         ,GA,30060-0000,Private      ,180,1628,1808,180,1628,1808
02089700,HERZING COLLEGE                         ,GA,30326-1332,Proprietary  ,41,211,252,41,211,252
02110501,ART INSTITUTE OF CHARLOTTE (THE) - BROWN,GA,30319-3054,Proprietary  ,49,28,77,49,28,77
02113604,AMERICAN INTERCONTINENTAL UNIV - DUNWOOD,GA,30328-1649,Proprietary  ,98,284,382,98,284,382
02116000,SANFORD-BROWN COLLEGE                   ,GA,30328-4803,Proprietary  ,75,533,608,75,533,608
02141500,SAVANNAH COLLEGE OF ART & DESIGN        ,GA,31402-3146,Private      ,5654,1755,7409,5654,1755,7409
02202800,AUGUSTA AREA DIET INTERN UNIV HOSP      ,GA,30901-0000,Private      ,4,7,11,4,7,11
02205300,SAVANNAH RIVER COLLEGE                  ,GA,30909-0000,Proprietary  ,9,35,44,9,35,44
02217200,PORTFOLIO CENTER                        ,GA,30309-0000,Proprietary  ,5,32,37,5,32,37
02263105,ANTHEM COLLEGE - HIGH-TECH INSTITUTE - M,GA,30324-3398,Proprietary  ,4,5,9,4,5,9
02266200,AMERICAN PROFESSIONAL INSTITUTE         ,GA,31201-3185,Proprietary  ,36,382,418,36,382,418
02279500,HEART OF GEORGIA TECHNICAL COLLEGE      ,GA,31021-0000,Public       ,84,216,300,84,216,300
02284300,INTERACTIVE COLLEGE OF TECHNOLOGY       ,GA,30341-0000,Proprietary  ,10,117,127,10,117,127
02284308,INTERACTIVE LEARNING SYSTEMS            ,GA,30260-0000,Proprietary  ,1,27,28,1,27,28
02284309,INTERACTIVE COLLEGE OF TECHNOLOGY       ,GA,30501-0000,Proprietary  ,4,11,15,4,11,15
02285500,"CREATIVE CIRCUS, THE                    ",GA,30324-0000,Proprietary  ,15,66,81,15,66,81
02288400,GWINNETT TECHNICAL INSTITUTE            ,GA,30043-5702,Public       ,698,2056,2754,698,2056,2754
02313902,WESTWOOD COLLEGE - O'HARE AIRPORT - ATLA,GA,30345-2807,Proprietary  ,93,206,299,93,206,299
02321400,ROFFLER-MOLER HAIRSTYLING COLLEGE       ,GA,30062-0000,Proprietary  ,2,15,17,2,15,17
02354500,SOUTHEASTERN BEAUTY SCHOOLS             ,GA,31906-0000,Proprietary  ,2,9,11,2,9,11
02482100,MOREHOUSE SCHOOL OF MEDICINE            ,GA,30310-0000,Private      ,78,331,409,78,331,409
02502700,ADVANCED CAREER TRAINING                ,GA,30329-0000,Proprietary  ,13,126,139,13,126,139
02502701,ADVANCED CAREER TRAINING-RIVERDALE      ,GA,30274-0000,Proprietary  ,9,57,66,9,57,66
02508600,MIDDLE GEORGIA TECHNICAL COLLEGE        ,GA,31088-0000,Public       ,162,525,687,162,525,687
02520000,INTERNATIONAL SCH SKIN & NAILCARE       ,GA,30342-1119,Proprietary  ,6,20,26,6,20,26
02577000,ARNOLD / PADRICKS  UNIV OF COSM         ,GA,30297-0000,Proprietary  ,12,19,31,12,19,31
02577700,BEAUTY COLLEGE OF AMERICA               ,GA,30297-0000,Proprietary  ,9,15,24,9,15,24
02578300,INTERNATIONAL CITY BEAUTY COLLEGE       ,GA,31093-3631,Proprietary  ,3,5,8,3,5,8
02580200,ATLANTA SCHOOL OF MASSAGE               ,GA,30338-0000,Proprietary  ,15,42,57,15,42,57
02583000,GWINNETT COLLEGE OF BUSINESS            ,GA,30047-3447,Proprietary  ,28,94,122,28,94,122
02607600,CAPELLI LEARNING CTR FOR COSM           ,GA,30324-0000,Proprietary  ,6,41,47,6,41,47
03005400,ARTISTIC BEAUTY COLLEGE                 ,GA,30013-2076,Proprietary  ,38,72,110,38,72,110
03022601,WESTERN CULINARY INSTITUTE - LE CORDON B,GA,30084-5893,Proprietary  ,80,88,168,80,88,168
03030000,OGEECHEE TECHNICAL COLLEGE              ,GA,30458-8049,Public       ,185,556,741,185,556,741
03032100,ALTAMAHA TECHNICAL COLLEGE              ,GA,31545-4465,Public       ,36,147,183,36,147,183
03042700,LAURUSTECHNICAL INSTITUTE               ,GA,30030-1506,Proprietary  ,8,96,104,8,96,104
03066500,SOUTHEASTERN TECHNICAL COLLEGE          ,GA,30474-8817,Public       ,56,202,258,56,202,258
03066502,SWAINSBORO TECHNICAL COLLEGE            ,GA,30401-5700,Public       ,35,118,153,35,118,153
03072304,EVEREST COLLEGE - EVEREST INSTITUTE     ,GA,30236-0000,Proprietary  ,13,71,84,13,71,84
03076300,BEULAH HEIGHTS BIBLE COLLEGE            ,GA,30316-1873,Private      ,6,163,169,6,163,169
03079202,WESTWOOD COLLEGE - ATLANTA MIDTOWN      ,GA,30309-2848,Proprietary  ,216,343,559,216,343,559
03081500,SOUTHEASTERN BEAUTY SCHOOL              ,GA,31917-0000,Proprietary  ,1,9,10,1,9,10
03089100,GEORGIA INSTITUTE OF COSMETOLOGY        ,GA,30606-3152,Proprietary  ,21,16,37,21,16,37
03090600,COBB BEAUTY COLLEGE                     ,GA,30144-2828,Proprietary  ,4,2,6,4,2,6
03100900,LUTHER RICE UNIVERSITY                  ,GA,30038-2454,Private      ,5,162,167,5,162,167
03102000,RIVERTOWN SCHOOL OF BEAUTY              ,GA,31904-4747,Proprietary  ,5,17,22,5,17,22
03104500,ATLANTA INSTITUTE OF MUSIC              ,GA,30096-4988,Proprietary  ,54,39,93,54,39,93
03116100,VOGUE BEAUTY SCHOOL                     ,GA,30141-2226,Proprietary  ,4,4,8,4,4,8
03155500,SANDERSVILLE REGIONAL TECH INST         ,GA,31082-6179,Public       ,39,138,177,39,138,177
03173300,ATLANTA'S JOHN MARSHALL LAW SCHOOL      ,GA,30309-0000,Proprietary  ,7,667,674,7,667,674
03232304,LINCOLN COLLEGE OF TECHNOLOGY           ,GA,30067-8638,Proprietary  ,28,57,85,28,57,85
03251300,BEACON UNIVERSITY                       ,GA,31909-4663,Private      ,9,29,38,9,29,38
03418300,GWINNETT COLLEGE-SANDY SPRINGS          ,GA,30328-3161,Proprietary  ,4,16,20,4,16,20
03445500,FAYETTE BEAUTY ACADEMY                  ,GA,30214-1191,Proprietary  ,4,4,8,4,4,8
03523300,AVIATION INSTITUTE OF MAINTENANCE       ,GA,30045-6716,Proprietary  ,46,166,212,46,166,212
03753400,MICHAEL'S SCHOOL OF BEAUTY              ,GA,31211-1493,Proprietary  ,4,7,11,4,7,11
03804400,JAVELIN TECHNICAL TRAINING CENTER       ,GA,30339-6040,Proprietary  ,19,104,123,19,104,123
03804401,JAVELIN TECHNICAL TRAINING CENTER -     ,GA,30260-1756,Proprietary  ,3,19,22,3,19,22
03804402,JAVELIN TECHNICAL TRAINING CENTER -     ,GA,30084-5252,Proprietary  ,5,14,19,5,14,19
03812300,OMNITECH INSTITUTE                      ,GA,30035-1206,Proprietary  ,27,81,108,27,81,108
04021300,AUGUSTA SCHOOL OF MASSAGE               ,GA,30809-0000,Proprietary  ,2,7,9,2,7,9
04091300,SAVANNAH SCHOOL OF MASSAGE THERAPY      ,GA,31406-2711,Private      ,5,21,26,5,21,26
04126800,ACADEMY OF SOMATIC HEALING ARTS (ASHA)  ,GA,30071-1024,Proprietary  ,5,21,26,5,21,26
04128500,SOUTHERN CATHOLIC COLLEGE               ,GA,30534-3111,Private      ,124,15,139,124,15,139
04142900,GEORGIA GWINNETT COLLEGE                ,GA,30043-7409,Public       ,482,385,867,482,385,867
04147000,PAUL MITCHELL THE SCHOOL ATLANTA        ,GA,30318-5241,Proprietary  ,25,51,76,25,51,76
        ,CHICAGO THEOLOGICAL SEMINARY            ,IL,60637-0000,Private      ,0,4,4,0,4,4
00162800,AMERICAN ACADEMY OF ART                 ,IL,60604-4302,Proprietary  ,281,62,343,281,62,343
00163300,AUGUSTANA COLLEGE                       ,IL,61201-2296,Private      ,2875,70,2945,2875,70,2945
00163400,AURORA UNIVERSITY                       ,IL,60506-4892,Private      ,1471,839,2310,1471,839,2310
00163600,SOUTHWESTERN ILLINOIS COLLEGE           ,IL,62221-5899,Public       ,1110,1503,2613,1110,1503,2613
00163800,BLACK HAWK COLLEGE                      ,IL,61265-5899,Public       ,673,670,1343,673,670,1343
00163900,BLACKBURN COLLEGE                       ,IL,62626-1498,Private      ,520,60,580,520,60,580
00164000,PRAIRIE STATE COLLEGE                   ,IL,60411-8226,Public       ,779,1237,2016,779,1237,2016
00164100,BRADLEY UNIVERSITY                      ,IL,61625-0002,Private      ,5750,618,6368,5750,618,6368
00164300,SPOON RIVER COLLEGE                     ,IL,61520-8907,Public       ,322,273,595,322,273,595
00164700,CITY COLLEGES OF CHICAGO                ,IL,60606-6998,Public       ,250,271,521,250,271,521
00164800,TRUMAN COLLEGE                          ,IL,60640-5691,Public       ,1069,1529,2598,1069,1529,2598
00164900,RICHARD J DALEY COLLEGE                 ,IL,60652-1299,Public       ,836,1238,2074,836,1238,2074
00165000,CITY COLLEGES OF CHICAGO-MALCOLM X      ,IL,60612-3197,Public       ,931,1982,2913,931,1982,2913
00165200,HAROLD WASHINGTON COLLEGE               ,IL,60601-2403,Public       ,1895,2066,3961,1895,2066,3961
00165400,KENNEDY KING COLLEGE                    ,IL,60621-3798,Public       ,1216,2622,3838,1216,2622,3838
00165500,WRIGHT COLLEGE                          ,IL,60634-1591,Public       ,1703,1572,3275,1703,1572,3275
00165700,MIDWESTERN UNIVERSITY                   ,IL,60515-1200,Private      ,78,1717,1795,78,1717,1795
00165900,ROSALIND FRANKLIN UNIVERSITY OF MEDICINE,IL,60064-3095,Private      ,10,1600,1610,10,1600,1610
00166100,CHICAGO THEOLOGICAL SEMINARY            ,IL,60637-0000,Private      ,3,95,98,3,95,98
00166300,SPERTUS COLLEGE                         ,IL,60605-1995,Private      ,1,19,20,1,19,20
00166400,UNIVERSITY OF ST FRANCIS                ,IL,60435-6188,Private      ,1107,771,1878,1107,771,1878
00166500,COLUMBIA COLLEGE                        ,IL,60605-1996,Private      ,7978,2493,10471,7978,2493,10471
00166600,CONCORDIA UNIVERSITY                    ,IL,60305-1499,Private      ,1394,966,2360,1394,966,2360
00166900,DANVILLE AREA COMMUNITY COLLEGE         ,IL,61832-5199,Public       ,369,540,909,369,540,909
00167100,DEPAUL UNIVERSITY                       ,IL,60604-2287,Private      ,12433,7986,20419,12433,7986,20419
00167400,EASTERN ILLINOIS UNIVERSITY             ,IL,61920-3099,Public       ,6894,1615,8509,6894,1615,8509
00167500,ELGIN COMMUNITY COLLEGE                 ,IL,60123-7193,Public       ,1048,1125,2173,1048,1125,2173
00167600,ELMHURST COLLEGE                        ,IL,60126-3296,Private      ,2388,430,2818,2388,430,2818
00167800,EUREKA COLLEGE                          ,IL,61530-9976,Private      ,657,98,755,657,98,755
00168100,HIGHLAND COMMUNITY COLLEGE              ,IL,61032-9341,Public       ,342,273,615,342,273,615
00168200,GARRETT-EVANGELICAL THEOLOGICAL SEM     ,IL,60201-0000,Private      ,0,73,73,0,73,73
00168400,GREENVILLE COLLEGE                      ,IL,62246-1199,Private      ,1007,284,1291,1007,284,1291
00168500,HEBREW THEOLOGICAL COLLEGE              ,IL,60077-3263,Private      ,122,4,126,122,4,126
00168800,ILLINOIS COLLEGE                        ,IL,62650-2299,Private      ,1129,46,1175,1129,46,1175
00168900,ILLINOIS COLLEGE OF OPTOMETRY           ,IL,60616-3878,Private      ,6,471,477,6,471,477
00169100,ILLINOIS INSTITUTE OF TECHNOLOGY        ,IL,60616-0000,Private      ,1947,989,2936,1947,989,2936
00169103,CHICAGO KENT COLLEGE OF LAW             ,IL,60661-0000,Private      ,8,1698,1706,8,1698,1706
00169200,ILLINOIS STATE UNIVERSITY               ,IL,61790-1000,Public       ,14295,2807,17102,14295,2807,17102
00169300,NORTHEASTERN ILLINOIS UNIV              ,IL,60625-4699,Public       ,3265,2968,6233,3265,2968,6233
00169400,CHICAGO STATE UNIVERSITY                ,IL,60628-1598,Public       ,3282,4433,7715,3282,4433,7715
00169600,ILLINOIS WESLEYAN UNIVERSITY            ,IL,61701-0000,Private      ,2585,61,2646,2585,61,2646
00169800,JOHN MARSHALL LAW SCHOOL                ,IL,60604-0000,Private      ,8,1334,1342,8,1334,1342
00169900,JOLIET JUNIOR COLLEGE                   ,IL,60431-8938,Public       ,2193,1907,4100,2193,1907,4100
00170000,JUDSON UNIVERSITY                       ,IL,60123-1498,Private      ,608,317,925,608,317,925
00170100,KASKASKIA COLLEGE                       ,IL,62801-7878,Public       ,525,637,1162,525,637,1162
00170300,KENDALL COLLEGE                         ,IL,60622-4278,Proprietary  ,501,633,1134,501,633,1134
00170400,KNOX COLLEGE                            ,IL,61401-4999,Private      ,1777,46,1823,1777,46,1823
00170500,ILLINOIS VALLEY COMMUNITY COLLEGE       ,IL,61348-9692,Public       ,527,451,978,527,451,978
00170600,LAKE FOREST COLLEGE                     ,IL,60045-2399,Private      ,1346,69,1415,1346,69,1415
00170700,LEWIS UNIVERSITY                        ,IL,60446-2200,Private      ,2430,1015,3445,2430,1015,3445
00170800,LINCOLN CHRISTIAN UNIVERSITY            ,IL,62656-2167,Private      ,259,222,481,259,222,481
00170900,LINCOLN COLLEGE                         ,IL,62656-1699,Private      ,573,215,788,573,215,788
00171000,LOYOLA UNIVERSITY CHICAGO               ,IL,60626-0000,Private      ,14185,6525,20710,14185,6525,20710
00171002,LOYOLA STRITCH SCHOOL OF MEDICINE       ,IL,60153-0000,Private      ,19,467,486,19,467,486
00171200,LUTHERAN SCHOOL OF THEOL AT CHICAGO     ,IL,60615-0000,Private      ,0,53,53,0,53,53
00171600,MACCORMAC COLLEGE                       ,IL,60602-4405,Private      ,11,26,37,11,26,37
00171700,MACMURRAY COLLEGE                       ,IL,62650-2590,Private      ,295,88,383,295,88,383
00172100,MCCORMICK THEOLOGICAL SEMINARY          ,IL,60615-5108,Private      ,1,60,61,1,60,61
00172200,MCKENDREE UNIVERSITY                    ,IL,62254-1299,Private      ,1086,559,1645,1086,559,1645
00172300,MEADVILLE LOMBARD THEOLOGICAL SCHOOL    ,IL,60637-1602,Private      ,0,45,45,0,45,45
00172400,MILLIKIN UNIVERSITY                     ,IL,62522-2084,Private      ,2017,318,2335,2017,318,2335
00172500,MONMOUTH COLLEGE                        ,IL,61462-1963,Private      ,1373,54,1427,1373,54,1427
00172800,MORTON COLLEGE                          ,IL,60804-4398,Public       ,484,423,907,484,423,907
00173200,NATIONAL UNIV OF HEALTH SCIENCES        ,IL,60148-4583,Private      ,22,245,267,22,245,267
00173300,NATIONAL-LOUIS UNIVERSITY               ,IL,60603-3032,Private      ,157,2051,2208,157,2051,2208
00173400,NORTH CENTRAL COLLEGE                   ,IL,60540-4690,Private      ,2270,320,2590,2270,320,2590
00173500,NORTH PARK UNIVERSITY                   ,IL,60625-4895,Private      ,1591,495,2086,1591,495,2086
00173600,NORTHERN BAPTIST THEOL SEMINARY         ,IL,60148-0000,Private      ,1,3,4,1,3,4
00173700,NORTHERN ILLINOIS UNIVERSITY            ,IL,60115-2854,Public       ,14102,4557,18659,14102,4557,18659
00173900,NORTHWESTERN UNIV                       ,IL,60208-0001,Private      ,14426,6741,21167,14426,6741,21167
00174100,OLIVET NAZARENE UNIVERSITY              ,IL,60914-2271,Private      ,2530,709,3239,2530,709,3239
00174200,IL EASTERN COMM COLGS-OLNEY CENTRAL     ,IL,62450-1099,Public       ,285,293,578,285,293,578
00174500,QUINCY UNIVERSITY                       ,IL,62301-2699,Private      ,913,314,1227,913,314,1227
00174600,ROBERT MORRIS UNIVERSITY ILLINOIS       ,IL,60605-1225,Private      ,2615,2446,5061,2615,2446,5061
00174700,ROCK VALLEY COLLEGE                     ,IL,61114-5699,Public       ,1133,1590,2723,1133,1590,2723
00174800,ROCKFORD COLLEGE                        ,IL,61108-2393,Private      ,646,455,1101,646,455,1101
00174900,ROOSEVELT UNIVERSITY                    ,IL,60605-1394,Private      ,2957,3258,6215,2957,3258,6215
00175000,DOMINICAN UNIVERSITY                    ,IL,60305-1066,Private      ,1634,698,2332,1634,698,2332
00175200,SAUK VALLEY COMMUNITY COLLEGE           ,IL,61021-9112,Public       ,419,368,787,419,368,787
00175300,SCHOOL OF ART INSTITUTE OF CHICAGO      ,IL,60603-3013,Private      ,2568,1713,4281,2568,1713,4281
00175400,SEABURY-WESTERN THEO SEMINARY           ,IL,60201-0000,Private      ,0,1,1,0,1,1
00175600,SHIMER COLLEGE                          ,IL,60616-3893,Private      ,109,29,138,109,29,138
00175700,SOUTHEASTERN ILLINOIS COLLEGE           ,IL,62946-4925,Public       ,261,258,519,261,258,519
00175800,SOUTHERN ILL UNIV-CARBONDALE            ,IL,62901-0000,Public       ,9046,3477,12523,9046,3477,12523
00175900,SOUTHERN ILL UNIV-EDWARDSVILLE          ,IL,62026-1060,Public       ,7042,2705,9747,7042,2705,9747
00175924,SO IL UNIV-SCHL OF DENTAL MEDICINE      ,IL,62002-0000,Public       ,5,147,152,5,147,152
00176100,SPRINGFIELD COLLEGE IN ILLINOIS         ,IL,62702-2694,Private      ,178,181,359,178,181,359
00176500,UNIVERSITY OF ST MARY OF THE LAKE       ,IL,60060-0000,Private      ,2,4,6,2,4,6
00176700,BENEDICTINE UNIVERSITY                  ,IL,60532-0900,Private      ,1532,1111,2643,1532,1111,2643
00176800,ST XAVIER UNIVERSITY                    ,IL,60655-3199,Private      ,2873,1464,4337,2873,1464,4337
00176900,SOUTH SUBURBAN COLLEGE                  ,IL,60473-9978,Public       ,806,1838,2644,806,1838,2644
00177100,TRINITY CHRISTIAN COLLEGE               ,IL,60463-0929,Private      ,780,287,1067,780,287,1067
00177200,TRINITY INTERNATIONAL UNIVERSITY        ,IL,60015-1283,Private      ,507,430,937,507,430,937
00177300,TRITON COLLEGE                          ,IL,60171-1995,Public       ,1217,1296,2513,1217,1296,2513
00177400,UNIVERSITY OF CHICAGO                   ,IL,60637-1476,Private      ,8290,1541,9831,8290,1541,9831
00177401,UNIV OF CHICAGO PRITZKER SCH OF MED     ,IL,60637-0000,Private      ,26,352,378,26,352,378
00177403,"UNIV OF CHICAGO, GRAD SCH OF BUS        ",IL,60637-0000,Private      ,23,344,367,23,344,367
00177405,UNIVERSITY OF CHICAGO GRADUATE          ,IL,60637-0000,Private      ,60,4112,4172,60,4112,4172
00177500,UNIV OF ILLINOIS @ URBANA-CHAMPAIGN     ,IL,61820-5796,Public       ,20733,5945,26678,20733,5945,26678
00177600,UNIV OF ILLINOIS AT CHICAGO             ,IL,60607-7163,Public       ,14000,8834,22834,14000,8834,22834
00177800,VANDERCOOK COLLEGE OF MUSIC             ,IL,60616-3731,Private      ,95,30,125,95,30,125
00177900,IL EASTERN COMM COLGS-WABASH VALLEY     ,IL,62863-2699,Public       ,251,172,423,251,172,423
00178000,WESTERN ILLINOIS UNIVERSITY             ,IL,61455-1390,Public       ,6311,1535,7846,6311,1535,7846
00178100,WHEATON COLLEGE                         ,IL,60187-5535,Private      ,2113,322,2435,2113,322,2435
00178300,WORSHAM COLLEGE OF MORTUARY SCIENCE     ,IL,60090-2646,Proprietary  ,23,35,58,23,35,58
00396100,HARPER COLLEGE                          ,IL,60067-7398,Public       ,1822,1065,2887,1822,1065,2887
00418100,ADVOCATE TRINITY HOSPITAL SCHOOL OF RADI,IL,60617-3982,Private      ,10,31,41,10,31,41
00456000,GEM CITY COLLEGE                        ,IL,62301-4949,Proprietary  ,5,6,11,5,6,11
00456800,MIDSTATE COLLEGE                        ,IL,61614-3558,Proprietary  ,14,151,165,14,151,165
00457100,SPARKS COLLEGE                          ,IL,62565-2241,Proprietary  ,3,2,5,3,2,5
00512732,BROWN MACKIE COLLEGE-CINCINNATI - BROWN ,IL,61265-7062,Proprietary  ,3,17,20,3,17,20
00621400,BLESSING RIEMAN COLLEGE OF NURSING      ,IL,62301-0000,Private      ,36,31,67,36,31,67
00621401,BLESSING HOSP SCH MED LAB TECH          ,IL,62301-0000,Private      ,1,2,3,1,2,3
00621402,BLESSING HOSP SCH OF RAD TECH           ,IL,62301-2852,Private      ,7,4,11,7,4,11
00621403,BLESSING HOSPITAL - COLLEGE OF NURSING  ,IL,62305-7005,Private      ,8,9,17,8,9,17
00622501,TRINITY COLLEGE OF NURSING & HEALTH SCIE,IL,61201-5317,Private      ,39,77,116,39,77,116
00622800,METHODIST MED CTR OF ILL SCH NRSNG      ,IL,61636-0000,Private      ,54,100,154,54,100,154
00624000,ST FRANCIS MED CLG OF NRSG              ,IL,61603-3783,Private      ,95,178,273,95,178,273
00665600,COLLEGE OF DUPAGE                       ,IL,60137-6599,Public       ,2595,2000,4595,2595,2000,4595
00675300,ILLINOIS CENTRAL COLLEGE                ,IL,61635-0001,Public       ,1580,1499,3079,1580,1499,3079
00693100,WAUBONSEE COMMUNITY COLLEGE             ,IL,60554-0000,Public       ,738,809,1547,738,809,1547
00711800,PARKLAND COLLEGE                        ,IL,61821-1899,Public       ,1637,1077,2714,1637,1077,2714
00711900,REND LAKE COLLEGE                       ,IL,62846-9801,Public       ,455,439,894,455,439,894
00717000,LINCOLN LAND COMMUNITY COLLEGE          ,IL,62794-9256,Public       ,892,1067,1959,892,1067,1959
00726500,CARL SANDBURG COLLEGE                   ,IL,61401-9576,Public       ,319,462,781,319,462,781
00754900,COYNE AMERICAN INSTITUTE                ,IL,60607-1300,Proprietary  ,71,236,307,71,236,307
00764400,LAKE LAND COLLEGE                       ,IL,61938-9366,Public       ,1235,809,2044,1235,809,2044
00768400,KISHWAUKEE COLLEGE                      ,IL,60150-9699,Public       ,665,542,1207,665,542,1207
00769000,KANKAKEE COMMUNITY COLLEGE              ,IL,60901-6505,Public       ,477,759,1236,477,759,1236
00769100,MCHENRY COUNTY COLLEGE                  ,IL,60012-2761,Public       ,997,521,1518,997,521,1518
00769200,MORAINE VALLEY COMMUNITY COLLEGE        ,IL,60465-0937,Public       ,1821,1253,3074,1821,1253,3074
00769300,SHAWNEE COMMUNITY COLLEGE               ,IL,62992-9725,Public       ,314,266,580,314,266,580
00769400,COLLEGE OF LAKE COUNTY                  ,IL,60030-1198,Public       ,1184,1162,2346,1184,1162,2346
00793700,MS ROBERTS ACADEMY OF BEAUTY CULT       ,IL,60181-2930,Proprietary  ,3,6,9,3,6,9
00807600,JOHN A LOGAN COLLEGE                    ,IL,62918-2500,Public       ,626,612,1238,626,612,1238
00814604,EVEREST UNIVERSITY - EVEREST  COLLEGE   ,IL,60803-4517,Proprietary  ,8,33,41,8,33,41
00825900,EDUCATORS OF BEAUTY                     ,IL,61081-3611,Proprietary  ,12,31,43,12,31,43
00825901,EDUCATORS OF BEAUTY                     ,IL,61104-0000,Proprietary  ,8,5,13,8,5,13
00832800,ALVAREITA'S COLLEGE OF COSMETOLOGY      ,IL,62025-2041,Proprietary  ,6,18,24,6,18,24
00854500,ROCKFORD BUSINESS COLLEGE               ,IL,61103-0000,Proprietary  ,34,195,229,34,195,229
00869402,RASMUSSEN COLLEGE - ROCKFORD            ,IL,61108-2513,Proprietary  ,62,339,401,62,339,401
00869403,RASMUSSEN COLLEGE - AURORA              ,IL,60506-6219,Proprietary  ,23,111,134,23,111,134
00869404,RASMUSSEN COLLEGE - ROMEOVILLE          ,IL,60446-0000,Proprietary  ,0,5,5,0,5,5
00888000,MORRISON INSTITUTE OF TECHNOLOGY        ,IL,61270-2959,Private      ,62,8,70,62,8,70
00893800,GRAHAM HOSPITAL SCH OF NURSING          ,IL,61520-2497,Private      ,13,32,45,13,32,45
00893900,CANNELLA SCHOOL OF HAIR DESIGN          ,IL,60406-2130,Proprietary  ,4,10,14,4,10,14
00914500,GOVERNORS STATE UNIVERSITY              ,IL,60466-0975,Public       ,330,2210,2540,330,2210,2540
00923200,CATHOLIC THEOLOGICAL UNION              ,IL,60615-0000,Private      ,0,25,25,0,25,25
00933300,UNIV OF ILLINOIS AT SPRINGFIELD         ,IL,62703-5407,Public       ,1129,1083,2212,1129,1083,2212
00947500,EDUCATORS OF BEAUTY                     ,IL,61301-2404,Proprietary  ,6,10,16,6,10,16
00959500,CANNELLA SCHOOL OF HAIR DESIGN          ,IL,60617-4303,Proprietary  ,5,19,24,5,19,24
00976700,OLIVE-HARVEY COLLEGE                    ,IL,60628-1696,Public       ,442,1166,1608,442,1166,1608
00978600,IL EASTERN COMM COLGS-LINCOLN TRAIL     ,IL,62454-5708,Public       ,167,134,301,167,134,301
00980000,RUSH UNIVERSITY                         ,IL,60612-3806,Private      ,75,1183,1258,75,1183,1258
00989600,OAKTON COMMUNITY COLLEGE                ,IL,60016-1268,Public       ,1289,781,2070,1289,781,2070
00998700,SAINT ANTHONY COLLEGE OF NURSING        ,IL,61108-2468,Private      ,36,90,126,36,90,126
01002000,LEWIS AND CLARK COMMUNITY COLLEGE       ,IL,62035-2466,Public       ,651,743,1394,651,743,1394
01031600,LINCOLN COLLEGE OF TECHNOLOGY           ,IL,60160-1605,Proprietary  ,226,249,475,226,249,475
01050100,LAKEVIEW  COLLEGE OF NURSING            ,IL,61832-3781,Private      ,58,91,149,58,91,149
01069500,TRI-COUNTY BEAUTY ACADEMY               ,IL,62056-2036,Proprietary  ,4,8,12,4,8,12
01071000,CAPITAL AREA SCH OF PRAC NRSG           ,IL,62707-0000,Public       ,16,154,170,16,154,170
01072700,DEVRY UNIVERSITY                        ,IL,60618-5994,Proprietary  ,7789,22502,30291,7789,22502,30291
01083600,PIVOT POINT INTNL CSMTLGY RSRCH CTR     ,IL,60626-0000,Proprietary  ,76,123,199,76,123,199
01087900,RICHLAND COMMUNITY COLLEGE              ,IL,62521-8513,Public       ,283,416,699,283,416,699
01102401,EVEREST COLLEGE - CHICAGO               ,IL,60604-2052,Proprietary  ,108,221,329,108,221,329
01151002,EVEREST INSTITUTE - EVEREST COLLEGE     ,IL,60542-1610,Proprietary  ,8,37,45,8,37,45
01181000,TAYLOR BUSINESS INSTITUTE               ,IL,60606-5111,Proprietary  ,6,17,23,6,17,23
01185800,EVEREST COLLEGE                         ,IL,60077-1074,Proprietary  ,30,43,73,30,43,73
01185802,EVEREST COLLEGE - BURR RIDGE            ,IL,60527-7826,Proprietary  ,6,33,39,6,33,39
01236200,NORTHWESTERN COLLEGE                    ,IL,60630-2298,Proprietary  ,661,1264,1925,661,1264,1925
01238500,BLOOMINGTON-NORMAL SCH RADIOGRAPHY      ,IL,61761-4604,Private      ,3,5,8,3,5,8
01258400,ILLINOIS INSTITUTE OF ART (THE)         ,IL,60654-1593,Proprietary  ,2537,1451,3988,2537,1451,3988
01281300,JOHN WOOD COMMUNITY COLLEGE             ,IL,62305-0401,Public       ,442,368,810,442,368,810
01308700,CAPRI GARFIELD RIDGE SCH OF BTY CLR     ,IL,60629-1613,Proprietary  ,20,33,53,20,33,53
01308800,CAPRI OAK FOREST COLLEGE OF BEAUTY      ,IL,60452-2798,Proprietary  ,23,29,52,23,29,52
02055200,HARRINGTON COLLEGE OF DESIGN            ,IL,60606-3433,Proprietary  ,310,203,513,310,203,513
02068100,ADLER SCH OF PROFESSIONAL PSYCHLGY      ,IL,60601-0000,Private      ,7,511,518,7,511,518
02069300,VATTEROTT COLLEGE                       ,IL,62305-5938,Proprietary  ,22,174,196,22,174,196
02073200,TELSHE YESHIVA-CHICAGO                  ,IL,60625-0000,Private      ,1,2,3,1,2,3
02074400,IL EASTERN COMM COLGS-FRONTIER          ,IL,62837-0000,Public       ,54,126,180,54,126,180
02075400,KELLER GRADUATE SCHOOL OF MGMT.         ,IL,60515-5683,Proprietary  ,16,3689,3705,16,3689,3705
02113600,AMERICAN INTERCONTINENTAL UNIVERSITY    ,IL,60192-3713,Proprietary  ,931,12347,13278,931,12347,13278
02117400,BECK AREA CAREER CENTER                 ,IL,62278-0000,Public       ,8,44,52,8,44,52
02124400,UNIVERSITY OF SPA & COSMETOLOGY ART     ,IL,62704-0000,Proprietary  ,17,40,57,17,40,57
02150600,COSMETOLOGY AND SPA INSTITUTE (THE)     ,IL,60014-4003,Proprietary  ,13,17,30,13,17,30
02155300,THE CHICAGO SCHOOL OF PROF PSYCHOLOGY   ,IL,60610-4705,Private      ,22,1689,1711,22,1689,1711
02160300,INTERNATIONAL ACAD OF DESIGN & TECH     ,IL,60602-3319,Proprietary  ,488,526,1014,488,526,1014
02160304,INTERNATIONAL ACADEMY OF DESIGN AND TECH,IL,60173-5160,Proprietary  ,68,80,148,68,80,148
02168600,EAST WEST UNIVERSITY                    ,IL,60605-0000,Private      ,407,300,707,407,300,707
02179900,ARGOSY UNIVERSITY                       ,IL,60601-7757,Proprietary  ,338,10834,11172,338,10834,11172
02185400,ST AUGUSTINE COLLEGE                    ,IL,60640-0000,Private      ,116,491,607,116,491,607
02192400,MR JOHNS SCHOOL OF COSMETOLOGY          ,IL,62521-0000,Proprietary  ,1,2,3,1,2,3
02202600,CANNELLA SCHOOL OF HAIR DESIGN          ,IL,60181-1321,Proprietary  ,1,1,2,1,1,2
02214100,WEST SUBURBAN COLLEGE OF NURSING        ,IL,60302-2519,Private      ,46,172,218,46,172,218
02228100,MAC DANIEL'S BEAUTY SCHOOL              ,IL,60640-0000,Proprietary  ,9,5,14,9,5,14
02261200,HAIR PROFESSIONALS ACAD COSMETOLOGY     ,IL,60118-0000,Proprietary  ,9,23,32,9,23,32
02261201,HAIR PROFESSIONALS ACADEMY OF COSMETOLOG,IL,60118-9333,Proprietary  ,4,3,7,4,3,7
02262100,HAIR PROFESSIONALS SCH COSMETOLOGY      ,IL,60543-0000,Proprietary  ,1,2,3,1,2,3
02291200,CANNELLA SCHOOL OF HAIR DESIGN          ,IL,60639-0000,Proprietary  ,4,11,15,4,11,15
02295500,CANNELLA SCHOOL OF HAIR DESIGN          ,IL,60120-0000,Proprietary  ,1,5,6,1,5,6
02297500,OEHRLEIN SCHOOL OF COSMETOLOGY          ,IL,61611-0000,Proprietary  ,6,16,22,6,16,22
02312300,LA' JAMES COLLEGE HAIRSTYLING           ,IL,61244-0000,Proprietary  ,4,10,14,4,10,14
02313900,WESTWOOD COLLEGE - O'HARE AIRPORT       ,IL,60631-2801,Proprietary  ,204,245,449,204,245,449
02317300,CONCEPT COLLEGE OF COSMETOLOGY          ,IL,61832-0000,Proprietary  ,5,10,15,5,10,15
02319200,LAKE FOREST GRAD SCHL OF MGMT           ,IL,60045-4824,Private      ,2,43,45,2,43,45
02323300,PROFESSIONAL'S CHOICE HAIR DSN ACAD     ,IL,60435-0000,Proprietary  ,4,2,6,4,2,6
02332200,HAIR PROFESSIONALS CAREER COLLEGE       ,IL,60178-0000,Proprietary  ,3,2,5,3,2,5
02337800,THE COLLEGE OF OFFICE TECHNOLOGY        ,IL,60622-0000,Proprietary  ,4,25,29,4,25,29
02349400,ALVAREITA'S COLLEGE OF COSMETOLOGY      ,IL,62035-0000,Proprietary  ,2,6,8,2,6,8
02349500,CANNELLA SCHOOL OF HAIR DESIGN          ,IL,60632-0000,Proprietary  ,5,9,14,5,9,14
02352200,COOKING & HOSPITALITY INSTITUTE         ,IL,60610-3050,Proprietary  ,253,311,564,253,311,564
02498200,HAIR PROFESSIONALS ACAD COSMETOLOGY     ,IL,60187-0000,Proprietary  ,6,19,25,6,19,25
02498201,HAIR PROFESSIONALS ACADEMY OF COSMETOLOG,IL,60563-0000,Proprietary  ,2,5,7,2,5,7
02522800,FOX COLLEGE                             ,IL,60453-0000,Proprietary  ,110,63,173,110,63,173
02527600,LEXINGTON COLLEGE                       ,IL,60607-0000,Private      ,31,10,41,31,10,41
02536700,BELL MAR BEAUTY COLLEGE                 ,IL,60650-0000,Proprietary  ,1,2,3,1,2,3
02556100,ENVIRONMENTAL TECHNICAL INSTITUTE       ,IL,60143-0000,Proprietary  ,20,14,34,20,14,34
02556600,NILES SCHOOL OF COSMETOLOGY             ,IL,60714-0000,Proprietary  ,1,11,12,1,11,12
02570305,LOS ANGELES ORT TECHNICAL INSTITUTE -D/B,IL,60077-0000,Private      ,1,3,4,1,3,4
02573700,INSTITUTE FOR CLINICAL SOCIAL WORK      ,IL,60601-0000,Private      ,3,31,34,3,31,34
02579200,INGALLS MEMORIAL HOSPITAL               ,IL,60426-0000,Private      ,1,3,4,1,3,4
02584900,"FIRST INSTITUTE, INC.                   ",IL,60014-7489,Proprietary  ,3,33,36,3,33,36
02587700,HAIR PROFESSIONALS CAREER COLLEGE       ,IL,60465-1929,Proprietary  ,7,7,14,7,7,14
02599500,HANOVER PARK COLLEGE OF BEAUTY CULT     ,IL,60133-5421,Proprietary  ,5,19,24,5,19,24
02622700,KNOWLEDGE SYSTEMS INSTITUTE             ,IL,60076-0000,Private      ,0,2,2,0,2,2
03002000,HAIRMASTERS INST OF COSMETOLOGY         ,IL,61701-5547,Proprietary  ,4,18,22,4,18,22
03027702,PACIFIC COLLEGE OF ORIENTAL MEDICINE - C,IL,60613-4418,Proprietary  ,2,53,55,2,53,55
03065300,TREND SETTERS COLL OF COSMETOLOGY       ,IL,60915-2101,Proprietary  ,8,4,12,8,4,12
03072701,WESTWOOD COLLEGE OF TECHNOLOGY          ,IL,60409-0000,Proprietary  ,104,339,443,104,339,443
03072702,WESTWOOD COLLEGE OF TECHNOLOGY          ,IL,60602-0000,Proprietary  ,322,648,970,322,648,970
03078400,CAMEO BEAUTY ACADEMY                    ,IL,60453-3196,Proprietary  ,4,10,14,4,10,14
03079200,WESTWOOD COLLEGE - DUPAGE               ,IL,60517-2321,Proprietary  ,172,204,376,172,204,376
03082900,ROSEL SCHOOL OF COSMETOLOGY             ,IL,60659-1913,Proprietary  ,6,5,11,6,5,11
03083800,HEARTLAND COMMUNITY COLLEGE             ,IL,61761-9446,Public       ,787,771,1558,787,771,1558
03098000,ST JOHN'S COLLEGE OF NURSING            ,IL,62702-5321,Private      ,65,26,91,65,26,91
03098002,ST JOHN'S HOSP SCH MED TECH             ,IL,62769-5324,Private      ,3,2,5,3,2,5
03099700,CAIN'S BARBER COLLEGE                   ,IL,60615-3510,Proprietary  ,16,38,54,16,38,54
03099800,ILLINOIS SCHOOL OF HEALTH CAREERS       ,IL,60604-0000,Proprietary  ,60,165,225,60,165,225
03101800,ILLINOIS CENTER FOR BROADCASTING        ,IL,60148-7015,Proprietary  ,29,45,74,29,45,74
03128300,PYRAMID CAREER INSTITUTE                ,IL,60657-4207,Proprietary  ,0,3,3,0,3,3
03128500,NATIONAL LATINO EDUCATION INSTITUTE     ,IL,60609-2205,Private      ,0,9,9,0,9,9
03199300,CHRISTIAN LIFE COLLEGE                  ,IL,60056-2522,Private      ,4,3,7,4,3,7
03368300,MIDWEST TECHNICAL INSTITUTE             ,IL,62707-8805,Proprietary  ,31,274,305,31,274,305
03416300,COMPUTER SYSTEMS INSTITUTE              ,IL,60077-0000,Proprietary  ,23,149,172,23,149,172
03448300,BIR TRAINING CENTER                     ,IL,60659-1298,Proprietary  ,5,66,71,5,66,71
03455700,CORTIVA INSTITUTE - CHICAGO             ,IL,60602-3315,Proprietary  ,41,143,184,41,143,184
03510300,ERIKSON INSTITUTE                       ,IL,60654-4510,Private      ,1,163,164,1,163,164
03623300,VEE'S SCHOOL OF BEAUTY CULTURE          ,IL,62205-2326,Proprietary  ,0,2,2,0,2,2
03643300,"MR. JOHN'S SCHOOL OF JACKSONVILLE,  INC,",IL,62650-3488,Proprietary  ,3,4,7,3,4,7
03684300,NORTHSHORE UNIVERSITY HEALTHSYSTEM SCHOO,IL,60201-9872,Private      ,1,14,15,1,14,15
03721400,AMERICAN CAREER COLLEGE                 ,IL,60402-0000,Proprietary  ,4,11,15,4,11,15
03881400,EUROPEAN MASSAGE THERAPY SCHOOL         ,IL,60077-2269,Proprietary  ,1,8,9,1,8,9
03891300,SOMA INSTITUTE - THE NATIONAL SCHOOL OF ,IL,60604-4466,Proprietary  ,9,34,43,9,34,43
03914300,"CALC, INSTITUTE OF TECHNOLOGY           ",IL,62002-5931,Proprietary  ,4,35,39,4,35,39
04117500,SOLEX MEDICAL ACADEMY                   ,IL,60090-3104,Proprietary  ,0,3,3,0,3,3
04136900,UNIVERSITY OF AESTHETICS (THE)          ,IL,60622-2151,Proprietary  ,2,5,7,2,5,7
04137000,UNIVERSITY OF AESTHETICS (THE)          ,IL,60515-5602,Proprietary  ,2,5,7,2,5,7
04137500,TRICOCI UNIVERSITY OF BEAUTY CULTURE    ,IL,60656-1805,Proprietary  ,27,47,74,27,47,74
04147300,TRICOCI UNIVERSITY OF BEAUTY CULTURE    ,IL,60139-3119,Proprietary  ,11,14,25,11,14,25
04147400,TRICOCI UNIVERSITY OF BEAUTY CULTURE    ,IL,61614-4831,Proprietary  ,6,15,21,6,15,21
04147500,TRICOCI UNIVERSITY OF BEAUTY CULTURE    ,IL,61108-2337,Proprietary  ,8,15,23,8,15,23
        ,ASBURY THEOLOGICAL SEMINARY             ,KY,40390-0000,Private      ,1,30,31,1,30,31
00195100,ALICE LLOYD COLLEGE                     ,KY,41844-9703,Private      ,724,88,812,724,88,812
00195200,ASBURY COLLEGE                          ,KY,40390-1198,Private      ,1072,196,1268,1072,196,1268
00195300,ASBURY THEOLOGICAL SEMINARY             ,KY,40390-0000,Private      ,10,886,896,10,886,896
00195400,BELLARMINE UNIVERSITY                   ,KY,40205-1877,Private      ,3053,679,3732,3053,679,3732
00195500,BEREA COLLEGE                           ,KY,40403-0000,Private      ,2277,433,2710,2277,433,2710
00195800,BRESCIA UNIVERSITY                      ,KY,42301-3023,Private      ,533,268,801,533,268,801
00195900,CAMPBELLSVILLE UNIVERSITY               ,KY,42718-2799,Private      ,1826,640,2466,1826,640,2466
00196000,SPALDING UNIVERSITY                     ,KY,40203-2188,Private      ,460,1249,1709,460,1249,1709
00196100,CENTRE COLLEGE                          ,KY,40422-1394,Private      ,1850,43,1893,1850,43,1893
00196200,UNIVERSITY OF THE CUMBERLANDS           ,KY,40769-1372,Private      ,1904,551,2455,1904,551,2455
00196300,EASTERN KENTUCKY UNIVERSITY             ,KY,40475-3102,Public       ,7839,4012,11851,7839,4012,11851
00196400,GEORGETOWN COLLEGE                      ,KY,40324-1628,Private      ,1816,227,2043,1816,227,2043
00196500,KENTUCKY CHRISTIAN UNIVERSITY           ,KY,41143-2205,Private      ,536,84,620,536,84,620
00196800,KENTUCKY STATE UNIVERSITY               ,KY,40601-2355,Public       ,2178,764,2942,2178,764,2942
00196900,KENTUCKY WESLEYAN COLLEGE               ,KY,42302-1039,Private      ,1028,173,1201,1028,173,1201
00197000,LEES COLLEGE                            ,KY,41339-0000,Private      ,1,1,2,1,1,2
00197100,LEXINGTON THEOLOGICAL SEMINARY          ,KY,40508-0000,Private      ,0,23,23,0,23,23
00197200,LINDSEY WILSON COLLEGE                  ,KY,42728-1223,Private      ,1580,836,2416,1580,836,2416
00197400,LOUISVILLE PRESBYTERIAN THEOL SEM       ,KY,40205-0000,Private      ,1,45,46,1,45,46
00197500,MIDWAY COLLEGE                          ,KY,40347-1120,Private      ,401,588,989,401,588,989
00197600,MOREHEAD STATE UNIVERSITY               ,KY,40351-1689,Public       ,3990,2041,6031,3990,2041,6031
00197700,MURRAY STATE UNIVERSITY                 ,KY,42071-0009,Public       ,4144,1646,5790,4144,1646,5790
00197900,WEST KENTUCKY CMNTY & TECHNICAL COLG    ,KY,42002-7380,Public       ,751,1179,1930,751,1179,1930
00198000,PIKEVILLE COLLEGE                       ,KY,41501-1194,Private      ,811,191,1002,811,191,1002
00198001,PIKEVILLE CLG-SCH OSTEOPATHIC MEDIC     ,KY,41501-0000,Private      ,6,199,205,6,199,205
00198200,SOUTHERN BAPTIST THEOL SEMINARY         ,KY,40280-0000,Private      ,31,70,101,31,70,101
00198300,ST. CATHARINE COLLEGE                   ,KY,40061-9499,Private      ,488,250,738,488,250,738
00198700,TRANSYLVANIA UNIVERSITY                 ,KY,40508-1797,Private      ,1411,75,1486,1411,75,1486
00198800,UNION COLLEGE                           ,KY,40906-1499,Private      ,979,398,1377,979,398,1377
00198900,UNIVERSITY OF KENTUCKY                  ,KY,40506-0054,Public       ,11815,4370,16185,11815,4370,16185
00198901,UNIV OF KY-COLLEGE OF DENTISTRY         ,KY,40536-0000,Public       ,9,94,103,9,94,103
00198902,UNIV OF KY-COLLEGE OF MEDICINE          ,KY,40536-0000,Public       ,23,281,304,23,281,304
00199000,ASHLAND COMMUNITY AND TECHNICAL COLLEGE ,KY,41101-3683,Public       ,661,871,1532,661,871,1532
00199100,ELIZABETHTOWN COMMUNITY  AND TECHNICAL C,KY,42701-3081,Public       ,1152,1887,3039,1152,1887,3039
00199300,HENDERSON COMMUNITY COLLEGE             ,KY,42420-4699,Public       ,265,615,880,265,615,880
00199400,HOPKINSVILLE COMMUNITY COLLEGE          ,KY,42241-2621,Public       ,505,1525,2030,505,1525,2030
00199600,BIG SANDY COMMUNITY AND TECHNICAL COLG  ,KY,41653-1815,Public       ,989,833,1822,989,833,1822
00199700,SOMERSET COMMUNITY COLLEGE              ,KY,42501-2973,Public       ,1465,2333,3798,1465,2333,3798
00199800,SOUTHEAST KENTUCKY COMMUNITY AND TECHNIC,KY,40823-1099,Public       ,592,562,1154,592,562,1154
00199802,CUMBERLAND VLY TEC CLG MIDDLESBORO      ,KY,40965-2265,Public       ,9,8,17,9,8,17
00199804,SOUTHEAST COMMUNITY COLLEGE             ,KY,40831-1796,Public       ,60,53,113,60,53,113
00199900,UNIVERSITY OF LOUISVILLE                ,KY,40292-0000,Public       ,9609,6713,16322,9609,6713,16322
00200100,THOMAS MORE COLLEGE                     ,KY,41017-3495,Private      ,1140,313,1453,1140,313,1453
00200200,WESTERN KENTUCKY UNIVERSITY             ,KY,42101-3576,Public       ,8957,4059,13016,8957,4059,13016
00461800,SPENCERIAN COLLEGE                      ,KY,40216-2605,Proprietary  ,329,721,1050,329,721,1050
00461900,SULLIVAN UNIVERSITY                     ,KY,40205-3000,Proprietary  ,1131,2381,3512,1131,2381,3512
00512729,BROWN MACKIE COLLEGE-CINCINNATI - 279 BU,KY,41017-2136,Proprietary  ,15,49,64,15,49,64
00524400,BLUEGRASS COMMUNITY & TECHNICAL COLLEGE ,KY,40506-0235,Public       ,2008,3284,5292,2008,3284,5292
00527100,BOWLING GREEN TECHNICAL COLLEGE         ,KY,42101-3601,Public       ,474,877,1351,474,877,1351
00527300,GATEWAY COMMUNITY & TECHNOLOGY COLL     ,KY,41011-0000,Public       ,476,1146,1622,476,1146,1622
00696000,MAYSVILLE CMNTY & TECHNCL COLG          ,KY,41056-8910,Public       ,465,1022,1487,465,1022,1487
00696100,JEFFERSON COMMUNITY AND TECHNICAL COLLEG,KY,40202-2005,Public       ,3028,4814,7842,3028,4814,7842
00696200,HAZARD COMMUNITY COLLEGE                ,KY,41701-2402,Public       ,745,746,1491,745,746,1491
00696203,KY TECH-KNOTT CO. TECHNOLOGY CTR        ,KY,41822-0000,Public       ,1,2,3,1,2,3
00696205,KY TECH-LEE COUNTY AREA TECH CTR        ,KY,41311-0000,Public       ,1,2,3,1,2,3
00696206,KY TECH-LETCHER CNTY AREA TECH CTR      ,KY,41858-0000,Public       ,11,6,17,11,6,17
00696207,KY TECH-BREATHITT COUNTY VOC ED CTR     ,KY,41339-0000,Public       ,6,4,10,6,4,10
00842500,DAYMAR COLLEGE                          ,KY,42001-0000,Proprietary  ,9,144,153,9,144,153
00901000,MADISONVILLE COMMUNITY COLLEGE          ,KY,42431-9199,Public       ,592,930,1522,592,930,1522
00927500,NORTHERN KENTUCKY UNIVERSITY            ,KY,41099-0001,Public       ,5844,3212,9056,5844,3212,9056
00931300,DAYMAR COLLEGE                          ,KY,42301-5830,Proprietary  ,45,373,418,45,373,418
00931302,DAYMAR COLLEGE - LOUISVILLE CAMPUS      ,KY,40219-1973,Proprietary  ,35,92,127,35,92,127
01042400,SALON PROFESSIONAL ACADEMY THE          ,KY,40502-1776,Proprietary  ,22,33,55,22,33,55
01048900,NATIONAL COLLEGE                        ,KY,40508-0000,Proprietary  ,174,1811,1985,174,1811,1985
01172500,COLLINS SCHOOL OF COSMETOLOGY           ,KY,40965-2809,Proprietary  ,4,11,15,4,11,15
01208800,SULLIVAN COLLEGE OF TECHNOLOGY AND DESIG,KY,40218-4528,Proprietary  ,271,201,472,271,201,472
01212801,SOUTHWESTERN COLLEGE                    ,KY,41042-1466,Proprietary  ,27,188,215,27,188,215
01240400,LEXINGTON BEAUTY COLLEGE                ,KY,40503-1819,Proprietary  ,10,28,38,10,28,38
01272300,KY TECH-WAYNE COUNTY AREA TECH CTR      ,KY,42633-1088,Public       ,1,2,3,1,2,3
01291400,EMPIRE BEAUTY SCHOOL                    ,KY,40218-0000,Proprietary  ,44,129,173,44,129,173
01291500,EMPIRE BEAUTY SCHOOL                    ,KY,41042-5113,Proprietary  ,27,70,97,27,70,97
01291600,EMPIRE BEAUTY SCHOOL                    ,KY,40216-4212,Proprietary  ,20,75,95,20,75,95
01291700,EMPIRE BEAUTY SCHOOL                    ,KY,40160-0000,Proprietary  ,24,97,121,24,97,121
01296800,EMPIRE BEAUTY SCHOOL                    ,KY,40207-2695,Proprietary  ,32,55,87,32,55,87
02159100,"APPALACHIAN BEAUTY SCHOOL, INC.         ",KY,41503-0000,Proprietary  ,3,11,14,3,11,14
02177100,EMPIRE BEAUTY SCHOOL                    ,KY,40204-0000,Proprietary  ,27,83,110,27,83,110
02251500,TREND SETTERS ACAD OF BEAUTY CULT       ,KY,40258-0000,Proprietary  ,5,16,21,5,16,21
02275000,JENNY LEA ACADEMY OF COSMETOLOGY        ,KY,40831-0000,Proprietary  ,8,17,25,8,17,25
02279800,ELIZABETHTOWN BEAUTY SCHOOL             ,KY,42701-0000,Proprietary  ,4,5,9,4,5,9
02284306,INTERACTIVE LEARNING SYSTEMS            ,KY,41042-0000,Proprietary  ,1,5,6,1,5,6
02323700,PAT WILSON'S BEAUTY COLLEGE             ,KY,42420-0000,Proprietary  ,1,7,8,1,7,8
02337200,PJ'S COLLEGE OF COSMETOLOGY             ,KY,42101-0000,Proprietary  ,21,64,85,21,64,85
02340800,PAUL MITCHELL THE SCHOOL LEXINGTON      ,KY,40601-0000,Proprietary  ,11,11,22,11,11,22
02351700,DONTA SCHOOL OF BEAUTY CULTURE          ,KY,40203-0000,Proprietary  ,14,12,26,14,12,26
02491100,BECKFIELD COLLEGE                       ,KY,41042-0000,Proprietary  ,77,479,556,77,479,556
02518900,BARRETT & COMPANY SCH HAIR DESIGN       ,KY,40356-0000,Proprietary  ,12,41,53,12,41,53
02526100,JENNY LEA ACADEMY OF COSMETOLOGY        ,KY,41858-0000,Proprietary  ,1,5,6,1,5,6
02535600,CLEAR CREEK BAPTIST BIBLE COLLEGE       ,KY,40977-0000,Private      ,13,33,46,13,33,46
02551100,PJ'S COLLEGE OF COSMETOLOGY             ,KY,42121-0000,Proprietary  ,5,10,15,5,10,15
02560800,SOUTHEAST SCHOOL OF COSMETOLOGY         ,KY,40962-0000,Proprietary  ,4,7,11,4,7,11
02576200,MID-CONTINENT UNIVERSITY                ,KY,42066-9007,Private      ,135,1139,1274,135,1139,1274
02616204,BROWN MACKIE COLLEGE-FINDLAY - BROWN MAC,KY,40219-1916,Proprietary  ,80,290,370,80,290,370
02616205,BROWN MACKIE COLLEGE-LOUISVILLE - BROWN ,KY,42240-3579,Proprietary  ,16,99,115,16,99,115
03002100,KENTUCKY MOUNTAIN BIBLE COLLEGE         ,KY,41385-0010,Private      ,15,5,20,15,5,20
03007000,FRONTIER SCH OF MIDWIFERY&FAMILY NU     ,KY,41749-0000,Private      ,1,359,360,1,359,360
03026200,HEAD'S WEST KENTUCKY BEAUTY COLLEGE     ,KY,42431-0000,Proprietary  ,3,4,7,3,4,7
03029200,NU-TEK ACADEMY OF BEAUTY                ,KY,40353-9767,Proprietary  ,5,16,21,5,16,21
03034500,OWENSBORO COMMUNITY & TECHNICAL COLLEGE ,KY,42303-1899,Public       ,834,1230,2064,834,1230,2064
03083700,GALEN HEALTH INSTITUTES                 ,KY,40207-1047,Proprietary  ,198,1141,1339,198,1141,1339
03103500,MR JIM'S BEAUTY COLLEGE                 ,KY,42301-2646,Proprietary  ,4,7,11,4,7,11
03516500,EZELL'S COSMETOLOGY SCHOOL              ,KY,42071-2530,Proprietary  ,7,16,23,7,16,23
03611300,BRIGHTON CENTER'S CENTER FOR EMPLOY     ,KY,41071-1968,Private      ,1,1,2,1,1,2
03804300,BELLEFONTE ACADEMY OF BEAUTY            ,KY,41169-2015,Proprietary  ,2,3,5,2,3,5
03885300,EMPLOYMENT SOLUTIONS                    ,KY,40517-3260,Private      ,5,26,31,5,26,31
03886300,REGENCY SCHOOL OF HAIR DESIGN           ,KY,41653-1278,Proprietary  ,4,19,23,4,19,23
04038300,ATA CAREER EDUCATION                    ,KY,40223-3832,Proprietary  ,43,292,335,43,292,335
04123900,LEXINGTON HEALING ARTS ACADEMY          ,KY,40503-1932,Proprietary  ,6,17,23,6,17,23
00200300,CENTENARY COLLEGE OF LOUISIANA          ,LA,71104-3396,Private      ,669,80,749,669,80,749
00200400,DILLARD UNIVERSITY                      ,LA,70122-3097,Private      ,1050,273,1323,1050,273,1323
00200500,NICHOLLS STATE UNIVERSITY               ,LA,70310-0001,Public       ,1742,715,2457,1742,715,2457
00200600,GRAMBLING STATE UNIVERSITY              ,LA,71245-2215,Public       ,3386,1105,4491,3386,1105,4491
00200700,LOUISIANA COLLEGE                       ,LA,71359-0000,Private      ,378,125,503,378,125,503
00200800,LOUISIANA TECH UNIVERSITY               ,LA,71272-0001,Public       ,2232,719,2951,2232,719,2951
00201000,LOUISIANA STATE UNIV & A&M COLG         ,LA,70803-5710,Public       ,8365,2631,10996,8365,2631,10996
00201100,LOUISIANA STATE UNIV-ALEXANDRIA         ,LA,71302-9121,Public       ,424,487,911,424,487,911
00201200,LOUISIANA STATE UNIV-EUNICE             ,LA,70535-6726,Public       ,561,531,1092,561,531,1092
00201300,LOUISIANA STATE UNIV-SHREVEPORT         ,LA,71115-2399,Public       ,702,653,1355,702,653,1355
00201400,LA STATE UNIV HEALTH SCIENCES CTR       ,LA,70112-2223,Public       ,111,795,906,111,795,906
00201500,(THE) UNIVERSITY OF NEW ORLEANS         ,LA,70148-0001,Public       ,2219,1700,3919,2219,1700,3919
00201600,LOYOLA UNIVERSITY NEW ORLEANS           ,LA,70118-6195,Private      ,1927,965,2892,1927,965,2892
00201700,MCNEESE STATE UNIVERSITY                ,LA,70609-4510,Public       ,1864,1202,3066,1864,1202,3066
00201900,NEW ORLEANS BAPTIST THEOL SEMINARY      ,LA,70126-0000,Private      ,7,35,42,7,35,42
00202000,UNIVERSITY OF LOUISIANA AT MONROE       ,LA,71209-9001,Public       ,2039,1042,3081,2039,1042,3081
00202100,NORTHWESTERN STATE UNIVERSITY           ,LA,71497-0001,Public       ,2220,1251,3471,2220,1251,3471
00202200,NOTRE DAME SEMINARY                     ,LA,70118-0000,Private      ,1,1,2,1,1,2
00202300,OUR LADY OF HOLY CROSS COLLEGE          ,LA,70131-7399,Private      ,209,270,479,209,270,479
00202400,SOUTHEASTERN LOUISIANA UNIV             ,LA,70402-0001,Public       ,3322,1355,4677,3322,1355,4677
00202500,SOUTHERN UNIVERSITY A & M COLLEGE       ,LA,70813-9374,Public       ,3348,2243,5591,3348,2243,5591
00202600,SOUTHERN UNIV NEW ORLEANS               ,LA,70126-0002,Public       ,394,849,1243,394,849,1243
00202700,ST JOSEPH SEMINARY COLLEGE              ,LA,70457-9990,Private      ,10,4,14,10,4,14
00202900,TULANE UNIVERSITY                       ,LA,70118-5698,Private      ,9038,3473,12511,9038,3473,12511
00203100,UNIV OF LOUISIANA AT LAFAYETTE          ,LA,70504-0001,Public       ,3920,1500,5420,3920,1500,5420
00203200,XAVIER UNIVERSITY OF LOUISIANA          ,LA,70125-1098,Private      ,2479,625,3104,2479,625,3104
00462100,AYERS CAREER COLLEGE                    ,LA,71108-5845,Proprietary  ,7,14,21,7,14,21
00462500,DELGADO COMMUNITY COLLEGE               ,LA,70119-0000,Public       ,1369,2839,4208,1369,2839,4208
00520300,REMINGTON COLLEGE - LAFAYETTE CAMPUS    ,LA,70508-5760,Proprietary  ,58,243,301,58,243,301
00520306,REMINGTON COLLEGE - BATON ROUGE CAMPUS  ,LA,70816-4040,Proprietary  ,14,35,49,14,35,49
00546700,SOWELA TECHNICAL COMMUNITY COLLEGE      ,LA,70616-6950,Public       ,170,276,446,170,276,446
00548800,LOUISIANA TECH COLG-BATON ROUGE         ,LA,70807-0000,Public       ,60,138,198,60,138,198
00548802,LOUISIANA TECH COLG-ACADIAN CMPS        ,LA,70526-0000,Public       ,15,21,36,15,21,36
00548803,LOUISIANA TECH COLG-ALEXANDRIA CMPS     ,LA,71302-3137,Public       ,30,101,131,30,101,131
00548804,LOUISIANA TECH COLG-ASCENSION CMPS      ,LA,70778-3007,Public       ,7,22,29,7,22,29
00548805,LA TECH COLLEGE-AVOYELLES CAMPUS        ,LA,71327-0000,Public       ,13,13,26,13,13,26
00548806,LA TECHNICAL COLG-BASTROP CMPS          ,LA,71221-0000,Public       ,6,37,43,6,37,43
00548808,LA TECH COLG CHARLES B COREILCMPS       ,LA,70586-0000,Public       ,10,24,34,10,24,34
00548809,LA TECHNICAL COLG-DELTA-OUACHITA        ,LA,71292-9064,Public       ,23,88,111,23,88,111
00548810,EVANGELINE TECHNICAL INST               ,LA,70582-3104,Public       ,17,31,48,17,31,48
00548811,LA TECHN COLLEGE - FLORIDA PARISHES     ,LA,70441-0000,Public       ,4,13,17,4,13,17
00548812,LOUISIANA TECH COLG-FOLKES CAMPUS       ,LA,70748-0000,Public       ,3,6,9,3,6,9
00548813,LA TECHNICAL INST-GULF AREA CMPS        ,LA,70510-0878,Public       ,16,43,59,16,43,59
00548814,LOUISIANA TECH COLG-HAMMOND CMPS        ,LA,70404-0000,Public       ,20,60,80,20,60,80
00548815,LA TECH COLG-HUEY P. LONG CAMPUS        ,LA,71483-0000,Public       ,4,9,13,4,9,13
00548816,LA TECH COLLEGE-JEFFERSON CAMPUS        ,LA,70001-5605,Public       ,10,52,62,10,52,62
00548817,LOUISIANA TEC CLG-JUMONVILLE MEM CP     ,LA,70760-0000,Public       ,4,12,16,4,12,16
00548818,LA TECH COLLEGE-LAFAYETTE CAMPUS        ,LA,70506-0000,Public       ,93,164,257,93,164,257
00548819,LOUISIANA TECHNICAL COLLEGE-LAFOURC     ,LA,70301-4336,Public       ,11,34,45,11,34,45
00548820,LOUISIANA TEC CLG-LAMAR SALTER CMPS     ,LA,71446-0000,Public       ,12,23,35,12,23,35
00548822,LOUISIANA TECHNICAL CLG-MANSFIELD       ,LA,71052-1236,Public       ,3,12,15,3,12,15
00548823,LA. TECH COLG.-MORGAN SMITH CAMPUS      ,LA,70546-0000,Public       ,3,9,12,3,9,12
00548824,LOUISIANA TEC CLG-NATCHITOCHES CMPS     ,LA,71458-0000,Public       ,14,42,56,14,42,56
00548825,LOUISIANA TECH COLG-NORTH CTRL CMPS     ,LA,71241-0000,Public       ,4,20,24,4,20,24
00548826,LOUISIANA TECH CLG-NORTHEAST LA CMP     ,LA,71295-2999,Public       ,11,18,29,11,18,29
00548827,LOUISIANA TEC CLG-NW LOUISIANA CMPS     ,LA,71058-0000,Public       ,29,67,96,29,67,96
00548828,LA TECHNICAL COLG-OAKDALE CMPS          ,LA,71463-0000,Public       ,9,20,29,9,20,29
00548829,LTC-RIVER PARISHES CAMPUS               ,LA,70084-0000,Public       ,34,43,77,34,43,77
00548830,LOUISIANA TECHNICAL COLLEGE-RUSTON      ,LA,71273-0000,Public       ,96,59,155,96,59,155
00548831,LTC - SABINE VALLEY CAMPUS              ,LA,71449-3839,Public       ,4,10,14,4,10,14
00548832,LOUISIANA TECH COLG-SHELBY JACKSON      ,LA,71334-0000,Public       ,5,34,39,5,34,39
00548833,LA TECH COLG SHREVEPORT-BOSSIER         ,LA,71137-0000,Public       ,49,174,223,49,174,223
00548837,LOUISIANA TECH COLG-SULLIVAN CAMPUS     ,LA,70427-5866,Public       ,32,80,112,32,80,112
00548838,LOUISIANA TECHNICAL COLG - TALLULAH     ,LA,71284-0000,Public       ,3,30,33,3,30,33
00548839,LA TECH COLG-TECHE AREA CAMPUS          ,LA,70562-0000,Public       ,30,43,73,30,43,73
00548840,LOUISIANA TECH COLG-T.H.HARRIS CMPS     ,LA,70570-6113,Public       ,48,81,129,48,81,129
00548841,LOUISIANA TECH COLG W JEFFERSON CMP     ,LA,70058-0000,Public       ,10,45,55,10,45,55
00548842,LOUISIANA TECHNICAL COLLEGE - WESTSIDE C,LA,70765-0733,Public       ,3,17,20,3,17,20
00548843,LTC-YOUNG MEMORIAL CAMPUS               ,LA,70381-0000,Public       ,17,53,70,17,53,70
00576100,L. E. FLETCHER TECHNICAL COMMUNITY COLLE,LA,70360-2863,Public       ,112,172,284,112,172,284
00768600,SOUTHERN UNIV AT SHREVEPORT/BOSSIER     ,LA,71107-4795,Public       ,245,488,733,245,488,733
00806700,LSU HEALTH SCIENCES CENTR-SHREVEPOR     ,LA,71130-3932,Public       ,119,302,421,119,302,421
00989800,DEMMON SCHOOL OF BEAUTY                 ,LA,70607-2128,Proprietary  ,2,3,5,2,3,5
01005701,AMERICAN COMMERCIAL COLLEGE             ,LA,71105-2502,Proprietary  ,9,44,53,9,44,53
01109700,CLOYD'S BEAUTY SCHOOL #1                ,LA,71291-3131,Proprietary  ,2,7,9,2,7,9
01163100,"D-JAY'S SCHL OF BEAUTY, ARTS & SCI      ",LA,70806-0000,Proprietary  ,5,12,17,5,12,17
01184100,JOHN JAY BEAUTY COLLEGE                 ,LA,70124-2592,Proprietary  ,3,14,17,3,14,17
01261100,RONNIE & DORMANS SCHOOL HAIR DESIGN     ,LA,70501-0000,Proprietary  ,0,1,1,0,1,1
01282300,PAT GOINS RUSTON BEAUTY SCHOOL          ,LA,71270-4301,Proprietary  ,2,2,4,2,2,4
01287900,PAT GOINS BENTON ROAD BEAUTY SCHOOL     ,LA,71111-4838,Proprietary  ,1,7,8,1,7,8
01288000,PAT GOINS BEAUTY SCHOOL                 ,LA,71201-5167,Proprietary  ,2,4,6,2,4,6
02055400,BOSSIER PARISH COMMUNITY COLLEGE        ,LA,71111-0000,Public       ,420,663,1083,420,663,1083
02055500,DELTA SCH OF BUSINESS & TECHNOLOGY      ,LA,70601-0000,Proprietary  ,15,102,117,15,102,117
02089711,HERZING COLLEGE                         ,LA,70062-8727,Proprietary  ,17,92,109,17,92,109
02117800,AVEDA INSTITUTE LAFAYETTE               ,LA,70503-3246,Proprietary  ,17,26,43,17,26,43
02166100,NUNEZ COMMUNITY COLLEGE                 ,LA,70043-0000,Public       ,52,160,212,52,160,212
02166200,ITI TECHNICAL COLLEGE                   ,LA,70817-0000,Proprietary  ,29,60,89,29,60,89
02197500,BATON ROUGE SCHOOL OF COMPUTERS         ,LA,70816-0000,Proprietary  ,6,7,13,6,7,13
02234000,CAMERON COLLEGE                         ,LA,70119-0000,Proprietary  ,4,20,24,4,20,24
02258400,AVEDA INSTITUTE BATON ROUGE             ,LA,70816-2246,Proprietary  ,23,36,59,23,36,59
02260200,DIESEL DRIVING ACADEMY                  ,LA,71109-5617,Proprietary  ,0,3,3,0,3,3
02263600,BASTROP BEAUTY SCHOOL #1                ,LA,71220-0000,Proprietary  ,1,4,5,1,4,5
02265600,JOHN JAY KENNER ACADEMY                 ,LA,70062-0000,Proprietary  ,1,10,11,1,10,11
02269300,STEVENSON'S ACADEMY OF HAIR DESIGN      ,LA,70116-0000,Proprietary  ,5,10,15,5,10,15
02327800,PINEVILLE BEAUTY SCHOOL                 ,LA,71360-0000,Proprietary  ,3,12,15,3,12,15
02335701,BATON ROUGE GEN MED CTR SCH NSG         ,LA,70821-0000,Private      ,14,33,47,14,33,47
02335702,BATON ROUGE GEN MED CTR-RAD TECH        ,LA,70806-0000,Private      ,7,14,21,7,14,21
02338000,"CLOYD'S BEAUTY SCHOOL #2, INC           ",LA,71202-3539,Proprietary  ,1,1,2,1,1,2
02352500,"CLOYD'S BEAUTY SCHOOL #3, INC           ",LA,71201-3211,Proprietary  ,4,6,10,4,6,10
02358600,"STAGE ONE THE HAIR SCHOOL, INC.         ",LA,70605-0000,Proprietary  ,8,8,16,8,8,16
02518300,SOUTH LOUISIANA BEAUTY COLLEGE          ,LA,70363-0000,Proprietary  ,5,1,6,5,1,6
02536400,LOUISIANA ACADEMY OF BEAUTY             ,LA,70535-0000,Proprietary  ,1,4,5,1,4,5
02538300,DELTA COLLEGE OF ARTS & TECH INC        ,LA,70806-1529,Proprietary  ,13,73,86,13,73,86
02538301,DELTA COLLEGE OF ARTS & TECHNOLOGY - LAF,LA,70508-6831,Proprietary  ,1,21,22,1,21,22
02548500,COSMETOLOGY TRAINING CENTER             ,LA,70503-0000,Proprietary  ,2,5,7,2,5,7
02554800,VANGUARD COLLEGE OF COSMETOLOGY         ,LA,70458-8823,Proprietary  ,8,6,14,8,6,14
02582200,"GUY'S ACADEMY HAIR, SKIN & NAILS        ",LA,71105-2404,Proprietary  ,5,29,34,5,29,34
02600900,AVEDA INSTITUTE                         ,LA,70433-2922,Proprietary  ,68,131,199,68,131,199
02601000,AMERICAN SCHOOL OF BUSINESS             ,LA,71105-5646,Proprietary  ,3,11,14,3,11,14
02601100,OPELOUSAS SCHOOL OF COSMETOLOGY         ,LA,70570-6156,Proprietary  ,0,2,2,0,2,2
02606800,CAREER TRAINING SPECIALISTS             ,LA,71201-6046,Proprietary  ,54,154,208,54,154,208
02606801,CAREER TECHNICAL COLLEGE - SHREVEPORT   ,LA,71105-2405,Proprietary  ,22,65,87,22,65,87
02617100,BATON ROUGE COLLEGE                     ,LA,70816-2246,Proprietary  ,12,18,30,12,18,30
02619200,DENHAM SPRINGS BEAUTY COLLEGE           ,LA,70726-3829,Proprietary  ,3,22,25,3,22,25
03010400,CRESCENT CITY SCH GAMING & BARTENDG     ,LA,70119-5507,Proprietary  ,1,8,9,1,8,9
03023500,CAMELOT CAREER COLLEGE                  ,LA,70805-7539,Proprietary  ,10,12,22,10,12,22
03030900,DIESEL DRIVING ACADEMY                  ,LA,70815-8109,Proprietary  ,1,4,5,1,4,5
03061400,ASCENSION COLLEGE                       ,LA,70737-2912,Proprietary  ,6,9,15,6,9,15
03095100,GRETNA CAREER COLLEGE                   ,LA,70053-2436,Proprietary  ,5,14,19,5,14,19
03106200,OUR LADY OF THE LAKE COLLEGE            ,LA,70808-4345,Private      ,251,581,832,251,581,832
03253300,JONESVILLE BEAUTY SCHOOL                ,LA,71343-0000,Proprietary  ,6,15,21,6,15,21
03294300,BLUE CLIFF SCH THERAPEUTIC MASSAGE      ,LA,70002-3458,Proprietary  ,22,83,105,22,83,105
03332600,DELTA COLLEGE                           ,LA,70433-9042,Proprietary  ,20,46,66,20,46,66
03332601,DELTA COLLEGE - SLIDELL                 ,LA,70460-2624,Proprietary  ,9,51,60,9,51,60
03356300,MEDICAL TRAINING COLLEGE                ,LA,70816-5820,Proprietary  ,15,55,70,15,55,70
03422500,BLUE CLIFF COLLEGE                      ,LA,71107-6520,Proprietary  ,10,70,80,10,70,80
03422600,BLUE CLIFF COLLEGE                      ,LA,70508-3858,Proprietary  ,19,60,79,19,60,79
03480300,MEDVANCE INSTITUTE                      ,LA,70809-1908,Proprietary  ,22,140,162,22,140,162
03498400,OMEGA INSTITUTE OF COSMETOLOGY          ,LA,70360-0000,Proprietary  ,4,3,7,4,3,7
03727500,MOORE CAREER COLLEGE                    ,LA,70808-4191,Proprietary  ,2,3,5,2,3,5
03730300,BATON ROUGE COMMUNITY COLLEGE           ,LA,78806-4129,Public       ,834,1121,1955,834,1121,1955
03752400,SCHOOL OF URBAN MISSIONS                ,LA,70053-0000,Private      ,9,5,14,9,5,14
03789300,UNITECH TRAINING ACADEMY                ,LA,70503-5132,Proprietary  ,4,23,27,4,23,27
03789400,RIVER PARISHES COMMUNITY COLLEGE        ,LA,70778-0310,Public       ,83,88,171,83,88,171
03810500,COURT REPORTING INSTITUTE OF LOUISI     ,LA,70816-0000,Proprietary  ,0,14,14,0,14,14
03956300,SOUTH LOUISIANA COMMUNITY COLLEGE       ,LA,70506-0000,Public       ,234,274,508,234,274,508
04040300,COMPASS CAREER COLLEGE                  ,LA,70403-0653,Proprietary  ,13,55,68,13,55,68
04112300,LOUISIANA CULINARY INSTITUTE            ,LA,70816-4109,Proprietary  ,13,33,46,13,33,46
04120700,ALDEN'S SCHOOL OF COSMETOLOGY           ,LA,70714-1502,Proprietary  ,3,8,11,3,8,11
04130100,LOUISIANA DELTA COMMUNITY COLLEGE       ,LA,71203-3618,Public       ,176,235,411,176,235,411
00143600,CAPITOL COLLEGE                         ,MD,20708-9759,Private      ,283,126,409,283,126,409
00146200,WASHINGTON BIBLE COLLEGE                ,MD,20706-3599,Private      ,36,134,170,36,134,170
00205700,ALLEGANY COLLEGE OF MARYLAND            ,MD,21502-2596,Public       ,1275,725,2000,1275,725,2000
00205800,ANNE ARUNDEL COMMUNITY COLLEGE          ,MD,21012-1895,Public       ,1895,2012,3907,1895,2012,3907
00206000,BALTIMORE HEBREW UNIVERSITY             ,MD,21215-3996,Private      ,3,29,32,3,29,32
00206100,BALTIMORE CITY COMMUNITY COLLEGE        ,MD,21215-7893,Public       ,1903,3557,5460,1903,3557,5460
00206200,BOWIE STATE UNIVERSITY                  ,MD,20715-9465,Public       ,5301,2468,7769,5301,2468,7769
00206300,COMMUNITY COLLEGE OF BALTIMORE COUNTY   ,MD,21228-5381,Public       ,3522,4592,8114,3522,4592,8114
00206400,COLLEGE OF SOUTHERN MARYLAND            ,MD,20646-0910,Public       ,1368,1318,2686,1368,1318,2686
00206401,COLLEGE OF SOUTHERN MARYLAND - PRINCE FR,MD,20676-9702,Public       ,14,17,31,14,17,31
00206402,COLLEGE OF SOUTHERN MARYLAND - LEONARDTO,MD,20650-1758,Public       ,14,26,40,14,26,40
00206477,COLLEGE OF SOUTHERN MARYLAND - WALDORF C,MD,20602-3223,Public       ,8,5,13,8,5,13
00206500,CLG NOTRE DAME OF MARYLAND              ,MD,21210-2476,Private      ,671,814,1485,671,814,1485
00206700,COLUMBIA UNION COLLEGE                  ,MD,20912-7796,Private      ,454,362,816,454,362,816
00206800,COPPIN STATE UNIVERSITY                 ,MD,21216-3698,Public       ,3139,2271,5410,3139,2271,5410
00207100,FREDERICK COMMUNITY COLLEGE             ,MD,21702-9745,Public       ,903,866,1769,903,866,1769
00207200,FROSTBURG STATE UNIVERSITY              ,MD,21532-1099,Public       ,5309,850,6159,5309,850,6159
00207300,GOUCHER COLLEGE                         ,MD,21204-2794,Private      ,2824,347,3171,2824,347,3171
00207400,HAGERSTOWN COMMUNITY COLLEGE            ,MD,21742-6590,Public       ,861,887,1748,861,887,1748
00207500,HARFORD COMMUNITY COLLEGE               ,MD,21015-1696,Public       ,943,805,1748,943,805,1748
00207600,HOOD COLLEGE                            ,MD,21701-8575,Private      ,1809,475,2284,1809,475,2284
00207700,JOHNS HOPKINS UNIVERSITY                ,MD,21218-2693,Private      ,7133,1189,8322,7133,1189,8322
00207702,JOHNS HOPKINS UNIV SCH ARTS/SCI/ENG     ,MD,21218-0000,Private      ,3164,879,4043,3164,879,4043
00207703,JOHNS HOPKINS UNIV SCH OF BUS/ED        ,MD,21046-0000,Private      ,33,677,710,33,677,710
00207705,JOHNS HOPKINS BLOOMBERG SCH OF PH       ,MD,21205-0000,Private      ,20,861,881,20,861,881
00207706,JOHNS HOPKINS UNIV SCH OF MEDICINE      ,MD,21205-0000,Private      ,85,926,1011,85,926,1011
00207707,JOHNS HOPKINS UNIV SCH OF NURSING       ,MD,21205-0000,Private      ,198,594,792,198,594,792
00207708,JOHNS HOPKINS UNIV PEABODY CONSERV      ,MD,21202-2397,Private      ,546,357,903,546,357,903
00207800,LOYOLA UNIVERSITY MARYLAND              ,MD,21210-2699,Private      ,6437,1038,7475,6437,1038,7475
00208000,MARYLAND INST COLLEGE OF ART            ,MD,21217-4191,Private      ,2146,639,2785,2146,639,2785
00208300,MORGAN STATE UNIVERSITY                 ,MD,21251-0002,Public       ,8851,2777,11628,8851,2777,11628
00208600,MOUNT SAINT MARY'S UNIVERSITY           ,MD,21727-7799,Private      ,2412,167,2579,2412,167,2579
00208700,NER ISRAEL RABBINICAL COLLEGE           ,MD,21208-1198,Private      ,64,24,88,64,24,88
00208900,PRINCE GEORGES COMMUNITY COLLEGE        ,MD,20774-2199,Public       ,2485,2950,5435,2485,2950,5435
00209100,SALISBURY UNIVERSITY                    ,MD,21801-6862,Public       ,8174,1184,9358,8174,1184,9358
00209200,ST JOHN'S COLLEGE                       ,MD,21404-0000,Private      ,570,116,686,570,116,686
00209500,ST. MARY'S COLLEGE OF MARYLAND          ,MD,20686-3001,Public       ,2355,132,2487,2355,132,2487
00209600,ST MARY'S SEMINARY & UNIV               ,MD,21210-1994,Private      ,17,11,28,17,11,28
00209900,TOWSON UNIVERSITY                       ,MD,21252-0002,Public       ,17596,4083,21679,17596,4083,21679
00210200,UNIVERSITY OF BALTIMORE                 ,MD,21201-5779,Public       ,1056,3844,4900,1056,3844,4900
00210300,"UNIVERSITY OF MARYLAND, COLLEGE PARK    ",MD,20742-5145,Public       ,25836,7271,33107,25836,7271,33107
00210400,"UNIVERSITY OF MARYLAND, BALTIMORE       ",MD,21201-1691,Public       ,1848,6589,8437,1848,6589,8437
00210500,UMBC                                    ,MD,21250-0002,Public       ,7143,2448,9591,7143,2448,9591
00210600,UNIVERSITY MARYLAND EASTERN SHORE       ,MD,21853-4053,Public       ,4055,1036,5091,4055,1036,5091
00210700,STEVENSON UNIVERSITY                    ,MD,21153-0641,Private      ,3537,695,4232,3537,695,4232
00210800,WASHINGTON COLLEGE                      ,MD,21620-1197,Private      ,2578,83,2661,2578,83,2661
00210900,MCDANIEL COLLEGE                        ,MD,21157-4390,Private      ,2626,299,2925,2626,299,2925
00458612,KAPLAN COLLEGE                          ,MD,21742-2797,Proprietary  ,153,438,591,153,438,591
00458613,KAPLAN COLLEGE -  CAREER TECHNOLOGY CENT,MD,21742-2797,Proprietary  ,14,24,38,14,24,38
00458614,KAPLAN COLLEGE - FREDERICK              ,MD,21704-8307,Proprietary  ,31,114,145,31,114,145
00465000,CHESAPEAKE COLLEGE                      ,MD,21679-0008,Public       ,656,604,1260,656,604,1260
00691100,MONTGOMERY COLLEGE                      ,MD,20850-1195,Public       ,4994,3764,8758,4994,3764,8758
00734100,INTERNATIONAL BEAUTY SCHOOL             ,MD,21502-2370,Proprietary  ,2,2,4,2,2,4
00744700,DEL-MAR-VA BEAUTY ACADEMY               ,MD,21804-0000,Proprietary  ,9,13,22,9,13,22
00749100,TESST COLLEGE OF TECHNOLOGY             ,MD,21227-1063,Proprietary  ,186,614,800,186,614,800
00793600,LINCOLN TECHNICAL INSTITUTE             ,MD,21046-1544,Proprietary  ,207,109,316,207,109,316
00817500,HOWARD COMMUNITY COLLEGE                ,MD,21044-3197,Public       ,1487,1350,2837,1487,1350,2837
00826300,AWARD BEAUTY SCHOOL                     ,MD,21740-5624,Proprietary  ,0,7,7,0,7,7
00830800,CECIL COLLEGE                           ,MD,21901-1999,Public       ,505,362,867,505,362,867
00907906,EVEREST COLLEGE- EVEREST INSTITUTE      ,MD,20910-3737,Proprietary  ,32,53,85,32,53,85
01001400,GARRETT COMMUNITY COLLEGE               ,MD,21541-1265,Public       ,456,114,570,456,114,570
01031900,MEDIX SCHOOL                            ,MD,21204-2538,Proprietary  ,116,319,435,116,319,435
01041000,TESST COLLEGE OF TECHNOLOGY             ,MD,21286-2201,Proprietary  ,71,215,286,71,215,286
01164400,UNIV OF MARYLAND UNIVERSITY COLLEGE     ,MD,20783-8078,Public       ,1049,7180,8229,1049,7180,8229
01164402,U OF MD UNIVERSITY COLLEGE - EUROPE     ,MD,20832-0000,Public       ,144,432,576,144,432,576
01164404,U OF MD UNIVERSITY COLLEGE - ASIA       ,MD,31207-0000,Public       ,35,208,243,35,208,243
02073900,WOR-WIC COMMUNITY COLLEGE               ,MD,21804-0000,Public       ,782,1218,2000,782,1218,2000
02083600,TESST COLLEGE OF TECHNOLOGY             ,MD,20705-2698,Proprietary  ,177,379,556,177,379,556
02116005,SANFORD-BROWN INSTITUTE - LANDOVER      ,MD,20785-2287,Proprietary  ,30,255,285,30,255,285
02127900,SOJOURNER DOUGLASS COLLEGE              ,MD,21205-0000,Private      ,88,1374,1462,88,1374,1462
02155100,MARYLAND COLLEGE OF ART AND DESIGN      ,MD,20902-0000,Private      ,54,30,84,54,30,84
02269700,INTERNATIONAL BEAUTY SCHOOL             ,MD,21014-0000,Proprietary  ,7,8,15,7,8,15
02314800,BALTIMORE INTERNATIONAL COLLEGE         ,MD,21202-0000,Private      ,423,242,665,423,242,665
02331000,MARYLAND BEAUTY ACADEMY OF ESSEX        ,MD,21221-0000,Proprietary  ,10,13,23,10,13,23
02333000,HAIR ACADEMY                            ,MD,20784-0000,Proprietary  ,8,16,24,8,16,24
02343800,MONTGOMERY BEAUTY SCHOOL                ,MD,20901-0000,Proprietary  ,7,9,16,7,9,16
02494700,BALTIMORE STUDIO OF HAIR DESIGN         ,MD,21201-0000,Proprietary  ,22,24,46,22,24,46
02495000,ROBERT PAUL ACAD COSMTGY ARTS & SCI     ,MD,21093-0000,Proprietary  ,23,13,36,23,13,36
02495100,MARYLAND BEAUTY ACADEMY                 ,MD,21136-0000,Proprietary  ,4,6,10,4,6,10
02545400,NORTH AMERICAN TRADE SCHOOLS            ,MD,21244-0069,Proprietary  ,21,34,55,21,34,55
02573800,"L' ACADEMIE DE CUISINE, INC.            ",MD,20877-0000,Proprietary  ,18,37,55,18,37,55
02578400,TAI SOPHIA INSTITUTE                    ,MD,20723-6010,Private      ,0,86,86,0,86,86
03027200,BLADES SCHOOL OF HAIR DESIGN            ,MD,20619-0226,Proprietary  ,4,4,8,4,4,8
03064900,AARON'S ACADEMY OF BEAUTY               ,MD,20602-2715,Proprietary  ,6,11,17,6,11,17
03097200,AESTHETICS INSTITUTE OF COSMETOLOGY     ,MD,20877-1305,Proprietary  ,5,3,8,5,3,8
03100700,CARROLL COMMUNITY COLLEGE               ,MD,21157-6913,Public       ,701,362,1063,701,362,1063
03148300,AMERICAN BEAUTY ACADEMY                 ,MD,20902-1911,Proprietary  ,10,20,30,10,20,30
03296300,BALTIMORE SCHOOL OF MASSAGE             ,MD,21090-2261,Proprietary  ,20,28,48,20,28,48
03327300,NEW CREATIONS ACADEMY OF HAIR DSN       ,MD,20746-2960,Proprietary  ,6,4,10,6,4,10
03493300,ALL-STATE CAREER SCHOOL                 ,MD,21224-6658,Proprietary  ,28,96,124,28,96,124
03771300,AMERICAN CAREER INSTITUTE               ,MD,20902-4637,Proprietary  ,11,11,22,11,11,22
03822400,MAPLE SPRINGS BAPTIST BIBLE COLLEGE & SE,MD,20743-5711,Private      ,2,21,23,2,21,23
03937300,YESHIVA COLLEGE OF THE NATION'S CAPITAL ,MD,20902-1700,Private      ,1,0,1,1,0,1
03965500,HAIR EXPRESSIONS ACADEMY                ,MD,20852-1729,Proprietary  ,6,3,9,6,3,9
04121600,FILA ACADEMY (THE)                      ,MD,21061-1634,Proprietary  ,9,20,29,9,20,29
04139700,FREDERICK SCHOOL OF COSMETOLOGY         ,MD,21701-0000,Proprietary  ,5,8,13,5,8,13
00211400,AMERICAN INTERNATIONAL COLLEGE          ,MA,01109-3189,Private      ,1317,698,2015,1317,698,2015
00211500,AMHERST COLLEGE                         ,MA,01002-5000,Private      ,4075,109,4184,4075,109,4184
00211600,ANDOVER NEWTON THEOLOGICAL SCHOOL       ,MA,02459-0000,Private      ,0,66,66,0,66,66
00211700,ANNA MARIA COLLEGE                      ,MA,01612-1198,Private      ,1400,176,1576,1400,176,1576
00211800,ASSUMPTION COLLEGE                      ,MA,01615-1294,Private      ,3830,324,4154,3830,324,4154
00211900,ATLANTIC UNION COLLEGE                  ,MA,01561-1000,Private      ,114,95,209,114,95,209
00212000,MERRIMACK COLLEGE                       ,MA,01845-5800,Private      ,3447,105,3552,3447,105,3552
00212100,BABSON COLLEGE                          ,MA,02457-0310,Private      ,1993,352,2345,1993,352,2345
00212200,BAY PATH COLLEGE                        ,MA,01106-2212,Private      ,573,533,1106,573,533,1106
00212300,BECKER COLLEGE-WORCESTER                ,MA,01615-0071,Private      ,1502,405,1907,1502,405,1907
00212400,BENTLEY UNIVERSITY                      ,MA,02452-4705,Private      ,4981,429,5410,4981,429,5410
00212600,BERKLEE COLLEGE OF MUSIC                ,MA,02215-3693,Private      ,2614,436,3050,2614,436,3050
00212800,BOSTON COLLEGE                          ,MA,02467-3800,Private      ,17318,5788,23106,17318,5788,23106
00212900,BOSTON CONSERVATORY OF MUSIC            ,MA,02215-9830,Private      ,874,215,1089,874,215,1089
00213000,BOSTON UNIVERSITY                       ,MA,02215-1789,Private      ,26029,11583,37612,26029,11583,37612
00213300,BRANDEIS UNIVERSITY                     ,MA,02453-2700,Private      ,3964,794,4758,3964,794,4758
00213900,CLARK UNIVERSITY                        ,MA,01610-1473,Private      ,3178,328,3506,3178,328,3506
00214000,ELMS COLLEGE                            ,MA,01013-2839,Private      ,761,292,1053,761,292,1053
00214100,COLLEGE OF THE HOLY CROSS               ,MA,01610-2395,Private      ,4892,73,4965,4892,73,4965
00214300,CURRY COLLEGE                           ,MA,02186-2395,Private      ,3287,414,3701,3287,414,3701
00214400,DEAN COLLEGE                            ,MA,02038-1994,Private      ,1077,88,1165,1077,88,1165
00214500,EASTERN NAZARENE COLLEGE                ,MA,02170-2999,Private      ,461,140,601,461,140,601
00214507,EASTERN NAZARENE CLG - LEAD PROGRAM     ,MA,02170-0000,Private      ,7,28,35,7,28,35
00214600,EMERSON COLLEGE                         ,MA,02116-4624,Private      ,5929,1146,7075,5929,1146,7075
00214700,EMMANUEL COLLEGE                        ,MA,02115-5798,Private      ,4173,228,4401,4173,228,4401
00214800,ENDICOTT COLLEGE                        ,MA,01915-2098,Private      ,3627,146,3773,3627,146,3773
00214900,EPISCOPAL DIVINITY SCHOOL               ,MA,02138-0000,Private      ,1,25,26,1,25,26
00215000,FISHER COLLEGE                          ,MA,02116-1500,Private      ,825,268,1093,825,268,1093
00215100,BENJAMIN FRANKLIN INSTITUTE OF TECH     ,MA,02116-6296,Public       ,378,96,474,378,96,474
00215300,GORDON COLLEGE                          ,MA,01984-1899,Private      ,1487,42,1529,1487,42,1529
00215400,HELLENIC COLLEGE                        ,MA,02445-7496,Private      ,22,31,53,22,31,53
00215500,HARVARD UNIVERSITY                      ,MA,02138-3800,Private      ,6417,732,7149,6417,732,7149
00215501,AMRCN REPERTORY THTR INST ADV THTR      ,MA,02138-0000,Private      ,5,99,104,5,99,104
00215502,HARVARD BUSINESS SCHOOL                 ,MA,02163-0000,Private      ,181,1155,1336,181,1155,1336
00215503,HARVARD EXTENSION SCHOOL                ,MA,02138-0000,Private      ,64,409,473,64,409,473
00215504,HARVARD SCH OF DENTAL MEDICINE          ,MA,02115-0000,Private      ,7,103,110,7,103,110
00215505,HARVARD UNIV GRAD SCH DESIGN            ,MA,02138-0000,Private      ,5,834,839,5,834,839
00215506,HARVARD DIVINITY SCHOOL                 ,MA,02138-0000,Private      ,12,565,577,12,565,577
00215507,HARVARD UNIV GRAD SCH ED                ,MA,02138-0000,Private      ,5,1191,1196,5,1191,1196
00215508,HARVARD UNIV GRAD S OF ARTS & SCIEN     ,MA,02138-0000,Private      ,81,782,863,81,782,863
00215509,HARVARD JOHN F KENNEDY SCHL OF GOVT     ,MA,02138-0000,Private      ,19,1250,1269,19,1250,1269
00215510,HARVARD LAW SCHOOL                      ,MA,02138-0000,Private      ,56,3318,3374,56,3318,3374
00215511,HARVARD UNIV MEDICAL SCHOOL             ,MA,02115-0000,Private      ,92,648,740,92,648,740
00215512,HARVARD UNIV SCH PUBLIC HEALTH          ,MA,02115-0000,Private      ,33,736,769,33,736,769
00215513,HARVARD UNIVERSITY-HARVARD COLLEGE      ,MA,02138-0000,Private      ,12741,249,12990,12741,249,12990
00215700,HEBREW COLLEGE                          ,MA,02459-2237,Private      ,2,27,29,2,27,29
00215800,LASELL COLLEGE                          ,MA,02466-2716,Private      ,2357,121,2478,2357,121,2478
00216000,LESLEY UNIVERSITY                       ,MA,02138-2790,Private      ,2041,1651,3692,2041,1651,3692
00216100,UMASS LOWELL                            ,MA,01854-3089,Public       ,7178,1714,8892,7178,1714,8892
00216300,MARIST COLLEGE & SEMINARY               ,MA,01701-0000,Private      ,0,382,382,0,382,382
00216400,NEW ENGLAND COLLEGE OF OPTOMETRY        ,MA,02115-1129,Private      ,5,295,300,5,295,300
00216500,MASS. COLLEGE OF PHARMACY  & HEALTH SCIE,MA,02115-5804,Private      ,3470,1884,5354,3470,1884,5354
00216700,BERKSHIRE COMMUNITY COLLEGE             ,MA,01201-5786,Public       ,329,305,634,329,305,634
00216800,CAPE COD COMMUNITY COLLEGE              ,MA,02668-1599,Public       ,655,498,1153,655,498,1153
00216900,GREENFIELD COMMUNITY COLLEGE            ,MA,01301-9739,Public       ,296,329,625,296,329,625
00217000,HOLYOKE COMMUNITY COLLEGE               ,MA,01040-1099,Public       ,1264,1135,2399,1264,1135,2399
00217100,MASSACHUSETTS BAY COMMUNITY COLLEGE     ,MA,02181-0000,Public       ,858,651,1509,858,651,1509
00217200,MOUNT WACHUSETT COMMUNITY COLLEGE       ,MA,01440-1000,Public       ,831,1010,1841,831,1010,1841
00217300,NORTH SHORE COMMUNITY COLLEGE           ,MA,01923-4093,Public       ,991,921,1912,991,921,1912
00217400,NORTHERN ESSEX COMMUNITY COLLEGE        ,MA,01830-2399,Public       ,809,786,1595,809,786,1595
00217500,QUINSIGAMOND COMMUNITY COLLEGE          ,MA,01606-2092,Public       ,1469,1216,2685,1469,1216,2685
00217600,BRISTOL COMMUNITY COLLEGE               ,MA,02720-7399,Public       ,1467,1189,2656,1467,1189,2656
00217700,MASSASOIT COMMUNITY COLLEGE             ,MA,02302-3996,Public       ,1290,946,2236,1290,946,2236
00217800,MASSACHUSETTS INST OF TECHNOLOGY        ,MA,02139-4307,Private      ,9357,1920,11277,9357,1920,11277
00218000,MASSACHUSETTS COLLEGE OF ART AND DESIGN ,MA,02115-5803,Public       ,2054,512,2566,2054,512,2566
00218100,MASSACHUSETTS MARITIME ACADEMY          ,MA,02532-3400,Public       ,843,39,882,843,39,882
00218300,BRIDGEWATER STATE COLLEGE               ,MA,02325-0001,Public       ,8904,1543,10447,8904,1543,10447
00218400,FITCHBURG STATE COLLEGE                 ,MA,01420-2697,Public       ,4743,754,5497,4743,754,5497
00218500,FRAMINGHAM STATE COLLEGE                ,MA,01702-2471,Public       ,3996,503,4499,3996,503,4499
00218700,MASSACHUSETTS CLG OF LIBERAL ARTS       ,MA,01247-4100,Public       ,1659,259,1918,1659,259,1918
00218800,SALEM STATE COLLEGE                     ,MA,01970-5353,Public       ,6108,1374,7482,6108,1374,7482
00218900,WESTFIELD STATE COLLEGE                 ,MA,01086-1630,Public       ,6381,616,6997,6381,616,6997
00219000,WORCESTER STATE COLLEGE                 ,MA,01602-2597,Public       ,4322,946,5268,4322,946,5268
00219200,MOUNT HOLYOKE COLLEGE                   ,MA,01075-1492,Private      ,2000,207,2207,2000,207,2207
00219300,MOUNT IDA COLLEGE                       ,MA,02459-3323,Private      ,1743,170,1913,1743,170,1913
00219400,NEW ENGLAND CONSERVATORY OF MUSIC       ,MA,02115-5018,Private      ,677,581,1258,677,581,1258
00219700,NICHOLS COLLEGE                         ,MA,01571-6346,Private      ,1767,156,1923,1767,156,1923
00219900,NORTHEASTERN UNIVERSITY                 ,MA,02115-5000,Private      ,28048,6116,34164,28048,6116,34164
00220100,PINE MANOR COLLEGE                      ,MA,02167-0000,Private      ,365,81,446,365,81,446
00220200,BLESSED JOHN XXIII NATIONAL SEMINARY    ,MA,02493-0000,Private      ,0,2,2,0,2,2
00220500,QUINCY COLLEGE                          ,MA,02169-4501,Public       ,495,800,1295,495,800,1295
00220600,REGIS COLLEGE                           ,MA,02193-0000,Private      ,1464,303,1767,1464,303,1767
00220800,SIMMONS COLLEGE                         ,MA,02115-5898,Private      ,2776,2292,5068,2776,2292,5068
00220900,SMITH COLLEGE                           ,MA,01063-2936,Private      ,3193,778,3971,3193,778,3971
00221000,UNIV OF MASSACHUSETTS-DARTMOUTH         ,MA,02747-2300,Public       ,9200,1348,10548,9200,1348,10548
00221100,SPRINGFIELD COLLEGE                     ,MA,01109-3797,Private      ,3196,1545,4741,3196,1545,4741
00221400,ST JOHN'S SEMINARY                      ,MA,02135-8839,Private      ,2,5,7,2,5,7
00221700,STONEHILL COLLEGE                       ,MA,02357-6110,Private      ,5222,81,5303,5222,81,5303
00221800,SUFFOLK UNIVERSITY                      ,MA,02108-2770,Private      ,8625,1525,10150,8625,1525,10150
00221802,SUFFOLK UNIVERSITY LAW SCHOOL           ,MA,02108-0000,Private      ,152,2426,2578,152,2426,2578
00221900,TUFTS UNIVERSITY                        ,MA,02155-5808,Private      ,8856,1844,10700,8856,1844,10700
00221901,TUFTS UNIV SCH OF DENTAL MEDICINE       ,MA,02111-0000,Private      ,9,534,543,9,534,543
00221902,TUFTS UNIVERSITY - CUMMINGS SCHOOL OF VE,MA,01536-0000,Private      ,31,340,371,31,340,371
00221904,TUFTS UNIV SCHOOL OF MEDICINE           ,MA,02111-0000,Private      ,43,1374,1417,43,1374,1417
00222100,UNIV OF MASSACHUSETTS-AMHERST           ,MA,01003-0000,Public       ,28117,3975,32092,28117,3975,32092
00222200,UNIV OF MASSACHUSETTS-BOSTON            ,MA,02125-3393,Public       ,7211,3822,11033,7211,3822,11033
00222400,WELLESLEY COLLEGE                       ,MA,02481-8203,Private      ,2813,107,2920,2813,107,2920
00222500,WENTWORTH INSTITUTE OF TECHNOLOGY       ,MA,02115-5998,Private      ,3753,287,4040,3753,287,4040
00222600,WESTERN NEW ENGLAND COLLEGE             ,MA,01119-2654,Private      ,4276,1010,5286,4276,1010,5286
00222700,WHEATON COLLEGE                         ,MA,02766-2322,Private      ,2239,46,2285,2239,46,2285
00222800,WHEELOCK COLLEGE                        ,MA,02215-4176,Private      ,1052,280,1332,1052,280,1332
00222900,WILLIAMS COLLEGE                        ,MA,01267-2600,Private      ,2972,78,3050,2972,78,3050
00223300,WORCESTER POLYTECHNIC INSTITUTE         ,MA,01609-2280,Private      ,5023,210,5233,5023,210,5233
00396500,BAY STATE COLLEGE                       ,MA,02116-2901,Proprietary  ,763,254,1017,763,254,1017
00396600,BOSTON ARCHITECTURAL COLLEGE            ,MA,02115-2795,Private      ,293,390,683,293,390,683
00466100,HAMPSHIRE COLLEGE                       ,MA,01002-3359,Private      ,1833,65,1898,1833,65,1898
00466600,SALTER COLLEGE                          ,MA,01583-1700,Proprietary  ,140,702,842,140,702,842
00466700,SCHOOL OF MUSEUM OF FINE ARTS           ,MA,02115-5534,Private      ,681,185,866,681,185,866
00466900,UPPER CAPE COD REGIONAL VOC TECH        ,MA,02532-3310,Public       ,8,51,59,8,51,59
00527900,GREATER LOWELL REGNL VOC TECH SCH       ,MA,01879-0000,Public       ,7,14,21,7,14,21
00551900,DIMAN REGIONAL VOC TECH INST            ,MA,02723-3519,Public       ,10,30,40,10,30,40
00552300,BLUE HILLS REGIONAL VOC TECH            ,MA,02021-1398,Public       ,9,51,60,9,51,60
00555700,MCCANN TECHNICAL SCHOOL                 ,MA,01247-0000,Public       ,6,8,14,6,8,14
00613600,NATIONAL AVIATION ACADEMY - NEW ENGLAND ,MA,01730-2620,Proprietary  ,22,19,41,22,19,41
00632200,BROCKTON HOSPITAL SCH OF NURSING        ,MA,02302-0000,Private      ,86,236,322,86,236,322
00632400,LABOURE COLLEGE                         ,MA,02124-5698,Private      ,101,305,406,101,305,406
00633100,LAWRENCE MEM HOSPITAL SCH OF NRSNG      ,MA,02155-1643,Private      ,34,173,207,34,173,207
00635200,BAYSTATE MEDICAL CENTER                 ,MA,01199-0001,Private      ,3,8,11,3,8,11
00687300,MARIAN COURT COLLEGE                    ,MA,01907-2896,Private      ,76,28,104,76,28,104
00748100,GIBBS COLLEGE                           ,MA,02116-2904,Proprietary  ,9,23,32,9,23,32
00748400,NEWBURY COLLEGE                         ,MA,02445-5796,Private      ,1569,149,1718,1569,149,1718
00748600,THE NEW ENGLAND INSTITUTE OF ART        ,MA,02445-7295,Proprietary  ,1307,359,1666,1307,359,1666
00748800,KAPLAN CAREER INSTITUTE                 ,MA,02129-1644,Proprietary  ,19,98,117,19,98,117
00807800,SPRINGFIELD TECHNICAL COMMUNITY CLG     ,MA,01105-0000,Public       ,943,1438,2381,943,1438,2381
00809002,EVEREST COLLEGE - EVEREST INSTITUTE     ,MA,02150-2333,Proprietary  ,7,21,28,7,21,28
00891600,NEW ENGLAND SCHOOL OF LAW               ,MA,02116-0000,Private      ,7,1783,1790,7,1783,1790
00964500,BARD COLLEGE AT SIMON'S ROCK            ,MA,01230-9702,Private      ,267,13,280,267,13,280
00974700,GORDON-CONWELL THEOLOGICAL SEMINARY     ,MA,01982-0000,Private      ,4,235,239,4,235,239
00975600,UNIVERSITY OF MASS MEDICAL CENTER       ,MA,01655-0000,Public       ,21,400,421,21,400,421
00987700,HENRI'S SCHOOL OF HAIR DESIGN           ,MA,01420-5675,Proprietary  ,5,1,6,5,1,6
00989900,LOWELL ACADEMY HAIRSTYLING INST         ,MA,01852-1909,Proprietary  ,2,8,10,2,8,10
00993600,MIDDLESEX COMMUNITY COLLEGE             ,MA,01730-1197,Public       ,538,232,770,538,232,770
00993602,"MIDDLESEX COMMUNITY COLLEGE, LOWELL     ",MA,01852-0000,Public       ,770,481,1251,770,481,1251
01121000,BUNKER HILL COMMUNITY COLLEGE           ,MA,02129-2991,Public       ,1518,1932,3450,1518,1932,3450
01151000,EVEREST INSTITUTE                       ,MA,02135-7638,Proprietary  ,3,9,12,3,9,12
01193000,ROXBURY COMMUNITY COLLEGE               ,MA,02120-3400,Public       ,371,630,1001,371,630,1001
01204200,MANSFIELD BEAUTY SCHOOLS                ,MA,02169-5061,Proprietary  ,6,12,18,6,12,18
01206800,MANSFIELD BEAUTY SCHOOL                 ,MA,01103-1410,Proprietary  ,2,4,6,2,4,6
01238600,SOUTHEASTERN TECHNICAL INSTITUTE        ,MA,02375-1780,Public       ,16,60,76,16,60,76
01288100,MONTACHUSETT REG VOC TECH SCH           ,MA,01420-4649,Public       ,2,17,19,2,17,19
01292100,EMPIRE BEAUTY SCHOOL                    ,MA,02215-0000,Proprietary  ,27,74,101,27,74,101
01292101,EMPIRE BEAUTY SCHOOL - HYANNIS          ,MA,02601-2022,Proprietary  ,5,7,12,5,7,12
01294800,ROB ROY ACADEMY                         ,MA,02721-5330,Proprietary  ,1,1,2,1,1,2
02063000,MONTSERRAT COLLEGE OF ART               ,MA,01915-0000,Private      ,485,33,518,485,33,518
02063800,BUTERA SCHOOL OF ART                    ,MA,02116-0000,Proprietary  ,21,7,28,21,7,28
02076700,EMPIRE BEAUTY SCHOOL                    ,MA,02148-0000,Proprietary  ,13,46,59,13,46,59
02079400,EMPIRE BEAUTY SCHOOL                    ,MA,02453-0000,Proprietary  ,5,9,14,5,9,14
02092100,MASSACHUSETTS SCHOOL OF BARBERING       ,MA,02169-0000,Proprietary  ,3,17,20,3,17,20
02092200,EMPIRE BEAUTY SCHOOL                    ,MA,01852-0000,Proprietary  ,3,21,24,3,21,24
02122000,NEW ENGLAND HAIR ACADEMY                ,MA,02148-0000,Proprietary  ,5,14,19,5,14,19
02137000,ROB ROY ACADEMY                         ,MA,02780-0000,Proprietary  ,2,0,2,2,0,2
02137200,MASS GEN HOSP DIETETIC INTERNSHIP       ,MA,02114-0000,Private      ,3,6,9,3,6,9
02143000,LONGY SCHOOL OF MUSIC                   ,MA,02138-3599,Private      ,34,114,148,34,114,148
02163500,NEW ENGLAND SCHOOL OF PHOTOGRAPHY       ,MA,02215-0000,Proprietary  ,50,37,87,50,37,87
02169900,ASSABET VALLEY REGIONAL VOC SCHOOL      ,MA,01752-0000,Public       ,5,31,36,5,31,36
02181600,ROB ROY ACADEMY                         ,MA,01609-0000,Proprietary  ,9,22,31,9,22,31
02182900,CAMBRIDGE COLLEGE                       ,MA,02138-5304,Private      ,110,874,984,110,874,984
02197900,NORTH BENNET STREET SCHOOL              ,MA,02113-0000,Private      ,19,32,51,19,32,51
02215100,HALLMARK INSTITUTE OF PHOTOGRAPHY       ,MA,01376-0000,Proprietary  ,92,62,154,92,62,154
02219501,MILDRED ELLEY - PITTSFIELD              ,MA,01201-5300,Proprietary  ,3,5,8,3,5,8
02220400,CATHERINE HINDS INST OF ESTHETICS       ,MA,01801-0000,Proprietary  ,14,13,27,14,13,27
02231600,MGH INSTITUTE OF HEALTH PROFESSION      ,MA,02129-0000,Private      ,21,821,842,21,821,842
02274300,CONWAY SCHOOL OF LANDSCAPE DESIGN       ,MA,01341-0179,Private      ,1,10,11,1,10,11
02325700,LABARON HAIRDRESSING ACADEMY            ,MA,02740-0000,Proprietary  ,3,1,4,3,1,4
02325800,LABARON HAIRDRESSING ACAD-BROCKTON      ,MA,02301-0000,Proprietary  ,5,2,7,5,2,7
02337400,BANCROFT SCHOOL OF MASSAGE THERAPY      ,MA,01604-4614,Proprietary  ,4,10,14,4,10,14
02338200,BAY STATE SCHOOL OF TECHNOLOGY          ,MA,02021-0000,Proprietary  ,9,26,35,9,26,35
02339400,ROB ROY ACADEMY                         ,MA,02746-0000,Proprietary  ,1,1,2,1,1,2
02491700,CORTIVA INSTITUTE -  BOSTON             ,MA,02472-2577,Proprietary  ,4,44,48,4,44,48
02523900,ELIZABETH GRADY SCHOOL OF ESTHETICS     ,MA,02155-0000,Proprietary  ,8,17,25,8,17,25
02579800,NEW ENGLAND SCHOOL OF ACUPUNCTURE       ,MA,02458-0000,Private      ,1,46,47,1,46,47
03006802,PENNSYLVANIA CULINARY INSTITUTE - LE COR,MA,02142-1221,Proprietary  ,45,103,148,45,103,148
03066700,AILANO SCHOOL OF COSMETOLOGY            ,MA,02303-4740,Proprietary  ,7,10,17,7,10,17
03104000,SHAWSHEEN ADULT TECHNICAL INSTITUTE     ,MA,01821-5499,Public       ,3,16,19,3,16,19
03115200,MOTORING TECHNICAL TRAINING INST        ,MA,02771-5933,Proprietary  ,49,40,89,49,40,89
03120800,KAY HARVEY HAIRDRESSING ACADEMY         ,MA,01089-2701,Proprietary  ,5,2,7,5,2,7
03127700,SOUTHERN NEW ENGLAND SCHOOL OF LAW      ,MA,02747-1252,Private      ,3,141,144,3,141,144
03130500,URBAN COLLEGE OF BOSTON                 ,MA,02111-1093,Private      ,18,175,193,18,175,193
03194300,BOSTON GRAD SCH OF PSYCHOANALYSIS       ,MA,02446-4602,Private      ,2,18,20,2,18,20
03196300,LINCOLN TECHNICAL INSTITUTE             ,MA,02145-1102,Proprietary  ,72,160,232,72,160,232
03196302,LINCOLN TECHNICAL INSTITUTE             ,MA,01852-5119,Proprietary  ,49,121,170,49,121,170
03205400,JOLIE HAIR & BEAUTY ACADEMY             ,MA,01056-2769,Proprietary  ,1,4,5,1,4,5
03232302,LINCOLN TECHNICAL INSTITUTE             ,MA,02401-1818,Proprietary  ,43,140,183,43,140,183
03235300,MASSACHUSETTS SCHOOL OF LAW             ,MA,01810-1094,Private      ,2,179,181,2,179,181
03240300,HAIR IN MOTION BEAUTY ACADEMY           ,MA,01604-2213,Proprietary  ,1,0,1,1,0,1
03248300,BOSTON BAPTIST COLLEGE                  ,MA,02136-4000,Private      ,42,14,56,42,14,56
03316400,FUNERAL INSTITUTE OF THE NORTHEAST      ,MA,02062-4766,Proprietary  ,6,27,33,6,27,33
03504300,NATL GRAD SCH OF QUALITY SYSTM MGMT     ,MA,02540-0000,Private      ,0,4,4,0,4,4
03763300,MEDICAL PROFESSIONAL INSTITUTE          ,MA,02148-8143,Proprietary  ,1,24,25,1,24,25
03859300,E.I.N.E.                                ,MA,01876-4709,Proprietary  ,1,3,4,1,3,4
03946300,FRANKLIN W. OLIN COLLEGE OF ENGINEERING ,MA,02492-1200,Private      ,362,3,365,362,3,365
03965300,NEW ENGLAND COLLEGE OF FINANCE          ,MA,02110-1605,Proprietary  ,2,9,11,2,9,11
04039300,SULLIVAN AND COGLIANO TRAINING CENTER   ,MA,02301-1822,Proprietary  ,2,30,32,2,30,32
04116900,DIGRIGOLI SCHOOL OF COSMETOLOGY         ,MA,01089-4623,Proprietary  ,3,8,11,3,8,11
04128000,MILLENNIUM TRAINING INSTITUTE           ,MA,01801-6386,Proprietary  ,0,4,4,0,4,4
04128900,CENTRAL MASS SCHOOL OF MASSAGE AND THERA,MA,01562-1712,Proprietary  ,4,4,8,4,4,8
00324204,CARNEGIE MELLON UNIVERSITY - QATAR      ,FC,00000-0000,Private      ,0,2,2,0,2,2
00324206,CARNEGIE MELLON UNIVERSITY  - THE HEINZ ,FC,00000-0000,Private      ,0,3,3,0,3,3
00337112,TEMPLE UNIVERSITY - JAPAN               ,FC,00000-0000,Private      ,9,1,10,9,1,10
00369101,MIDDLEBURY COLLEGE - FRANCE             ,FC,00000-0000,Private      ,3,2,5,3,2,5
00369102,MIDDLEBURY COLLEGE - GERMANY            ,FC,00000-0000,Private      ,0,3,3,0,3,3
00369103,MIDDLEBURY COLLEGE - ITALY              ,FC,00000-0000,Private      ,2,3,5,2,3,5
00369104,MIDDLEBURY COLLEGE - SPAIN              ,FC,00000-0000,Private      ,6,7,13,6,7,13
00369105,MIDDLEBURY COLLEGE - RUSSIA             ,FC,00000-0000,Private      ,1,1,2,1,1,2
00401000,INSTITUT INTERNAT'L D'ETUDES FRANCA     ,FC,00000-0000,Public       ,1,3,4,1,3,4
00401200,HEBREW UNIVERSITY OF JERUSALEM (THE)    ,FC,00000-0000,Public       ,12,45,57,12,45,57
00403000,UNIVERSITY OF CAMBRIDGE                 ,FC,00000-0000,Public       ,4,32,36,4,32,36
00503400,AMERICAN UNIVERSITY OF CAIRO            ,FC,00000-0000,Private      ,41,93,134,41,93,134
00667100,KATHOLIEKE UNIVERSITEIT LEUVEN          ,FC,00000-0000,Private      ,1,20,21,1,20,21
00669100,UNIVERSITY OF CAMBRIDGE - PEMBROKE      ,FC,00000-0000,Public       ,1,9,10,1,9,10
00669200,UNIVERSITY OF LEEDS                     ,FC,00000-0000,Public       ,12,44,56,12,44,56
00669300,UNIV OF LONDON-LONDON SCHOOL ECON       ,FC,00000-0000,Public       ,18,265,283,18,265,283
00669400,SCH OF ORIENTAL & AFRICAN STUDIES       ,FC,00000-0000,Public       ,8,67,75,8,67,75
00669500,UNIV OF LONDON-UNIVERSITY COLLEGE       ,FC,00000-0000,Public       ,15,194,209,15,194,209
00669600,UNIV OF LONDON-SCH ADVANCED STUDY       ,FC,00000-0000,Public       ,0,9,9,0,9,9
00669700,"QUEEN MARY, UNIVERSITY OF LONDON        ",FC,00000-0000,Public       ,16,56,72,16,56,72
00669900,UNIVERSITY OF SUSSEX                    ,FC,00000-0000,Public       ,9,45,54,9,45,54
00670000,"UNIVERSITY OF YORK, THE                 ",FC,00000-0000,Public       ,9,54,63,9,54,63
00670400,UNIVERSITY COLLEGE CORK                 ,FC,00000-0000,Public       ,6,25,31,6,25,31
00671300,UPPSALA UNIVERSITY                      ,FC,00000-0000,Public       ,0,28,28,0,28,28
00671500,UNIVERSITY OF GENEVA                    ,FC,00000-0000,Public       ,3,34,37,3,34,37
00683900,UNIVERSITY OF EDINBURGH                 ,FC,00000-0000,Public       ,88,272,360,88,272,360
00684200,UNIVERSITY OF DUBLIN TRINITY COLLEG     ,FC,00000-0000,Public       ,23,54,77,23,54,77
00685000,UNIVERSITY OF CAMBRIDGE - DOWNING C     ,FC,00000-0000,Public       ,0,6,6,0,6,6
00763200,UNIVERSITY OF BRISTOL                   ,FC,00000-0000,Public       ,9,33,42,9,33,42
00768100,COLLEGE OF EUROPE                       ,FC,00000-0000,Private      ,0,1,1,0,1,1
00770500,ROYAL COLLEGE OF SURGEONS IN IRELAN     ,FC,00000-0000,Private      ,2,20,22,2,20,22
00788100,AMERICAN UNIVERSITY OF PARIS            ,FC,00000-0000,Private      ,158,105,263,158,105,263
00837100,AMERICAN UNIVERSITY OF BEIRUT           ,FC,00000-0000,Private      ,50,30,80,50,30,80
00837300,TEL-AVIV UNIVERSITY                     ,FC,00000-0000,Public       ,3,18,21,3,18,21
00837600,VRIJE UNIVERSITEIT AMSTERDAM            ,FC,00000-0000,Public       ,0,13,13,0,13,13
00837700,UNIVERSITEIT VAN AMSTERDAM(UNIVERSI     ,FC,00000-0000,Public       ,2,46,48,2,46,48
00838000,UNIVERSITY OF WARWICK                   ,FC,00000-0000,Public       ,5,22,27,5,22,27
00838300,UNIVERSITY OF GLASGOW                   ,FC,00000-0000,Public       ,22,160,182,22,160,182
00839300,UNIVERSITY OF OSLO                      ,FC,00000-0000,Public       ,2,8,10,2,8,10
00839400,UNIVERSITY OF OXFORD                    ,FC,00000-0000,Public       ,3,131,134,3,131,134
00839800,UNIVERSITY OF SHEFFIELD (THE)           ,FC,00000-0000,Public       ,9,38,47,9,38,47
00839900,UNIVERSITY OF SOUTHAMPTON               ,FC,00000-0000,Public       ,9,18,27,9,18,27
00845200,ABERYSTWYTH UNIVERSITY                  ,FC,00000-0000,Public       ,5,22,27,5,22,27
00846000,UNIVERSITY OF NEWCASTLE UPON TYNE       ,FC,00000-0000,Public       ,7,44,51,7,44,51
00846100,UNIVERSITY OF SAINT ANDREWS             ,FC,00000-0000,Public       ,115,80,195,115,80,195
00850500,UNIVERSITY OF MELBOURNE                 ,FC,00000-0000,Public       ,10,62,72,10,62,72
00858600,SWANSEA UNIVERSITY                      ,FC,00000-0000,Public       ,5,23,28,5,23,28
00858700,UNIVERSITY OF DURHAM                    ,FC,00000-0000,Public       ,7,56,63,7,56,63
00866500,UNIVERSITY OF KENT AT CANTERBURY (THE)  ,FC,00000-0000,Public       ,12,58,70,12,58,70
00867000,UNIVERSITY OF NEW SOUTH WALES           ,FC,00000-0000,Public       ,11,40,51,11,40,51
00868700,UNIVERSITY OF ESSEX                     ,FC,00000-0000,Public       ,7,32,39,7,32,39
00869300,CITY UNIVERSITY                         ,FC,00000-0000,Public       ,3,68,71,3,68,71
00890800,THE UNIVERSITY OF BIRMINGHAM            ,FC,00000-0000,Public       ,6,34,40,6,34,40
00891000,UNIVERSITY OF HULL                      ,FC,00000-0000,Public       ,2,10,12,2,10,12
00892000,UNIVERSITY OF NOTTINGHAM                ,FC,00000-0000,Public       ,7,43,50,7,43,50
00900600,UNIVERSITY OF SALFORD (THE)             ,FC,00000-0000,Public       ,2,2,4,2,2,4
00908400,"UNIV OF LONDON, BIRKBECK                ",FC,00000-0000,Public       ,1,33,34,1,33,34
00908500,UNIV OF LONDON KING'S COLLEGE           ,FC,00000-0000,Public       ,24,131,155,24,131,155
00908600,UNIVERSITY OF LONDON - ROYAL HOLLOWAY   ,FC,00000-0000,Public       ,4,27,31,4,27,31
00914300,BAR-ILAN UNIVERSITY                     ,FC,00000-0000,Private      ,4,4,8,4,4,8
00924700,ARCHITECTURAL ASSOC SCH OF ARCHITEC     ,FC,00000-0000,Private      ,0,13,13,0,13,13
00924900,UNIVERSITY OF LIVERPOOL                 ,FC,00000-0000,Public       ,12,38,50,12,38,50
00936800,UNIVERSITY OF ABERDEEN                  ,FC,00000-0000,Public       ,28,55,83,28,55,83
00942300,ROYAL COLLEGE OF ART                    ,FC,00000-0000,Public       ,1,44,45,1,44,45
00942800,TECHNION-ISRAEL INST OF TECHLGY         ,FC,00000-0000,Public       ,0,12,12,0,12,12
00944200,UNIVERSITY OF EXETER                    ,FC,00000-0000,Public       ,4,45,49,4,45,49
00944400,UNIVERSITY OF LANCASTER                 ,FC,00000-0000,Public       ,6,18,24,6,18,24
00963400,UNIVERSITY OF OXFORD ST CATHERINE'S     ,FC,00000-0000,Public       ,0,5,5,0,5,5
00980800,UNIVERSITY OF STRATHCLYDE               ,FC,00000-0000,Public       ,3,16,19,3,16,19
00986000,UNIVERSITY OF SURREY                    ,FC,00000-0000,Public       ,9,11,20,9,11,20
00990600,PONTIFICAL NORTH AMERICAN COLLEGE       ,FC,00000-0000,Private      ,0,1,1,0,1,1
00992700,UNIVERSITY OF CAMBRIDGE - FITZWILLI     ,FC,00000-0000,Public       ,0,4,4,0,4,4
01006700,LUND UNIVERSITY                         ,FC,00000-0000,Public       ,1,42,43,1,42,43
01008400,UNIVERSITY OF CAPE TOWN                 ,FC,00000-0000,Private      ,2,30,32,2,30,32
01008700,UNIVERSITY OF OXFORD ST PETER'S COL     ,FC,00000-0000,Public       ,0,1,1,0,1,1
01008800,UNIVERSITY OF OXFORD - CORPUS CHRIS     ,FC,00000-0000,Public       ,0,3,3,0,3,3
01008900,CENTRAL SCHOOL OF SPEECH AND DRAMA      ,FC,00000-0000,Private      ,7,33,40,7,33,40
01009000,UNIVERSITY OF OXFORD - BALLIOL COLL     ,FC,00000-0000,Public       ,1,11,12,1,11,12
01014300,UNIVERSITY OF READING                   ,FC,00000-0000,Public       ,7,25,32,7,25,32
01015700,CARDIFF UNIVERSITY                      ,FC,00000-0000,Public       ,4,22,26,4,22,26
01016000,CG JUNG INST                            ,FC,00000-0000,Private      ,0,2,2,0,2,2
01018800,UNIVERSITY COLLEGE DUBLIN               ,FC,00000-0000,Public       ,3,75,78,3,75,78
01019000,UNIVERSITY OF CAMBRIDGE CHURCHILL C     ,FC,00000-0000,Public       ,0,3,3,0,3,3
01022800,UNIVERSITY OF STIRLING                  ,FC,00000-0000,Public       ,10,20,30,10,20,30
01033200,UNIVERSITY OF CAMBRIDGE - CLARE COL     ,FC,00000-0000,Public       ,1,3,4,1,3,4
01045600,UNIVERSITY OF HAIFA                     ,FC,00000-0000,Public       ,5,4,9,5,4,9
01047200,INST EUROPEEN OPEEN D'ADMINISTRATIO     ,FC,00000-0000,Private      ,0,36,36,0,36,36
01049300,CRANFIELD UNIVERSITY                    ,FC,00000-0000,Public       ,1,4,5,1,4,5
01052000,TRINITY LABAN                           ,FC,00000-0000,Public       ,4,8,12,4,8,12
01052001,LABAN CENTER FOR MOVEMENT & DANCE       ,FC,00000-0000,Public       ,1,7,8,1,7,8
01052500,UNIVERSITY OF HERTFORDSHIRE             ,FC,00000-0000,Public       ,8,5,13,8,5,13
01057400,LONDON INTRNTL FILM SCHOOL              ,FC,00000-0000,Private      ,4,9,13,4,9,13
01058600,INSTITUTE OF SOCIAL STUDIES             ,FC,00000-0000,Private      ,0,9,9,0,9,9
01058800,AUSTRALIAN NATIONAL UNIVERSITY          ,FC,00000-0000,Public       ,4,25,29,4,25,29
01058900,BANGOR UNIVERSITY                       ,FC,00000-0000,Public       ,2,11,13,2,11,13
01059400,"RICHMOND, THE AMERICAN INT UNI IN LONDON",FC,00000-0000,Private      ,223,19,242,223,19,242
01059900,INST D'ETUDES POLITIQUES DE PARIS       ,FC,00000-0000,Public       ,1,22,23,1,22,23
01068100,MACQUARIE UNIVERSITY                    ,FC,00000-0000,Public       ,4,47,51,4,47,51
01069200,UNIVERSITY OF QUEENSLAND (THE)          ,FC,00000-0000,Public       ,11,55,66,11,55,66
01078900,UNIVERSITY OF OXFORD - WORCESTER CO     ,FC,00000-0000,Public       ,0,5,5,0,5,5
01079200,CITY AND GUILDS OF LONDON INSTITUTE     ,FC,00000-0000,Private      ,1,4,5,1,4,5
01080300,SEMMELWEIS UNIVERSITY OF BUDAPEST       ,FC,00000-0000,Public       ,2,11,13,2,11,13
01081600,KINGSTON UNIVERSITY                     ,FC,00000-0000,Public       ,18,39,57,18,39,57
01083800,UNIVERSITITY OF BERGEN (UOB)            ,FC,00000-0000,Public       ,1,2,3,1,2,3
01086400,UNIV OF DUNDEE                          ,FC,00000-0000,Public       ,4,35,39,4,35,39
01086600,UNIVERSITY OF OXFORD - MAGDALEN COLLEGE ,FC,00000-0000,Public       ,0,11,11,0,11,11
01086700,UNIVERSITY OF OXFORD ST JOHN'S COLL     ,FC,00000-0000,Public       ,0,3,3,0,3,3
01091400,MONASH UNIVERSITY                       ,FC,00000-0000,Public       ,2,22,24,2,22,24
01091500,UNIV OF EAST ANGLIA                     ,FC,00000-0000,Public       ,9,29,38,9,29,38
01094200,UNIVERSITY OF OXFORD - ST HUGH'S CO     ,FC,00000-0000,Public       ,0,5,5,0,5,5
01097700,UNIVERSIDAD CENTRAL DEL ESTE            ,FC,00000-0000,Private      ,29,372,401,29,372,401
01098000,SOMERVILLE COLLEGE                      ,FC,00000-0000,Public       ,0,3,3,0,3,3
01099900,UNIV OF OXFORD - WADHAM COLLEGE         ,FC,00000-0000,Public       ,0,3,3,0,3,3
01104400,PONTIFICIA UNIVERSITA SAN TOMMASO       ,FC,00000-0000,Private      ,0,2,2,0,2,2
01105300,UNIVERSITY OF OXFORD - ST HILDA'S C     ,FC,00000-0000,Public       ,0,3,3,0,3,3
01105400,UNIVERSITY OF OXFORD - ST ANNE'S CO     ,FC,00000-0000,Public       ,0,5,5,0,5,5
01105500,UNIV OF OXFORD - LADY MARGARET HALL     ,FC,00000-0000,Public       ,0,6,6,0,6,6
01105600,UNIVERSITY OF OXFORD - UNIVERSITY C     ,FC,00000-0000,Public       ,0,13,13,0,13,13
01105700,UNIVERSITY OF OXFORD - TRINITY COLL     ,FC,00000-0000,Public       ,0,6,6,0,6,6
01105800,UNIVERSITY OF OXFORD-ST EDMUND HALL     ,FC,00000-0000,Public       ,0,7,7,0,7,7
01105900,UNIVERSITY OF OXFORD ST ANTONY'S CO     ,FC,00000-0000,Public       ,0,20,20,0,20,20
01106000,UNIVERSITY OF OXFORD - QUEEN'S COLL     ,FC,00000-0000,Public       ,0,6,6,0,6,6
01106100,UNIVERSITY OF OXFORD - PEMBROKE COL     ,FC,00000-0000,Public       ,1,6,7,1,6,7
01106200,UNIVERSITY OF OXFORD - ORIEL COLLEG     ,FC,00000-0000,Public       ,0,5,5,0,5,5
01106300,UNIVERSITY OF OXFORD - NUFFIELD COL     ,FC,00000-0000,Public       ,0,2,2,0,2,2
01106400,UNIVERSITY OF OXFORD - NEW COLLEGE      ,FC,00000-0000,Public       ,1,11,12,1,11,12
01106500,UNIVERSITY OF OXFORD MERTON COLLEGE     ,FC,00000-0000,Public       ,0,3,3,0,3,3
01106600,UNIVERSITY OF OXFORD - LINCOLN COLL     ,FC,00000-0000,Public       ,0,12,12,0,12,12
01106700,UNIVERSITY OF OXFORD - KEBLE COLLEG     ,FC,00000-0000,Public       ,0,2,2,0,2,2
01106800,UNIVERSITY OF OXFORD - JESUS COLLEG     ,FC,00000-0000,Public       ,0,3,3,0,3,3
01106900,UNIVERSITY OF OXFORD - HERTFORD COL     ,FC,00000-0000,Public       ,0,4,4,0,4,4
01107000,UNIVERSITY OF OXFORD EXETER COLLEGE     ,FC,00000-0000,Public       ,0,12,12,0,12,12
01107100,UNIV OF OXFORD - CHRIST CHURCH          ,FC,00000-0000,Public       ,2,5,7,2,5,7
01109100,FLINDERS UNIVERSITY OF S AUSTRALIA      ,FC,00000-0000,Public       ,0,5,5,0,5,5
01109400,UNIVERSITY OF WESTERN AUSTRALIA (THE)   ,FC,00000-0000,Public       ,3,10,13,3,10,13
01156700,"IMPERIAL COLLEGE OF SCIENCE, TECHNOLOGY ",FC,00000-0000,Public       ,3,21,24,3,21,24
01167900,UNIVERSITY OF BATH                      ,FC,00000-0000,Public       ,7,18,25,7,18,25
01168300,FRANKLIN COLLEGE  SWITZERLAND           ,FC,00000-0000,Private      ,305,4,309,305,4,309
01175800,UNIV OF CAMBRIDGE - PETERHOUSE          ,FC,00000-0000,Public       ,0,4,4,0,4,4
01176400,ROYAL ACADEMY OF MUSIC                  ,FC,00000-0000,Public       ,2,13,15,2,13,15
01176500,GOLDSMITHS' COLLEGE-UNIV OF LONDON      ,FC,00000-0000,Public       ,8,93,101,8,93,101
01176600,UNIV OF LONDON - INST OF EDUC           ,FC,00000-0000,Public       ,1,10,11,1,10,11
01183800,UNIVERSITY OF OXFORD - MANSFIELD CO     ,FC,00000-0000,Public       ,1,2,3,1,2,3
01207500,UNIVERSITY CAMBRIDGE - TRINITY COLL     ,FC,00000-0000,Public       ,2,6,8,2,6,8
01207800,VICTORIA UNIV OF WELLINGTON             ,FC,00000-0000,Public       ,10,22,32,10,22,32
01213600,VICTORIA UNIV OF MANCHESTER (THE)       ,FC,00000-0000,Public       ,8,34,42,8,34,42
01219800,UNIVERSITY OF BRADFORD                  ,FC,00000-0000,Public       ,1,9,10,1,9,10
01220100,UNIVERSITY OF OXFORD - REGENT'S PAR     ,FC,00000-0000,Public       ,1,2,3,1,2,3
01220600,JAMES COOK UNIVERSITY                   ,FC,00000-0000,Public       ,12,38,50,12,38,50
01221500,BIRMINGHAM CITY UNIVERSITY              ,FC,00000-0000,Public       ,3,4,7,3,4,7
01222300,JAGIELLONIAN UNIVERSITY COLLEGIUM M     ,FC,00000-0000,Public       ,3,20,23,3,20,23
01222500,UNIVERSITY OF SZEGED FACULTY OF MEDICINE,FC,00000-0000,Public       ,0,3,3,0,3,3
01225800,ASTON UNIVERSITY                        ,FC,00000-0000,Public       ,1,3,4,1,3,4
01227500,UNIVERSITY OF OXFORD - WOLFSON COLL     ,FC,00000-0000,Public       ,0,5,5,0,5,5
01230200,GONVILLE & CAIUS COLLEGE                ,FC,00000-0000,Public       ,0,1,1,0,1,1
01233300,UNIV OF THE ARTS LONDON- CAMBERWELL COLL,FC,00000-0000,Public       ,3,3,6,3,3,6
01233500,ROYAL COLLEGE OF MUSIC                  ,FC,00000-0000,Public       ,3,13,16,3,13,16
01233700,WROCLAW UNIVERSITY OF MEDICINE          ,FC,00000-0000,Public       ,1,2,3,1,2,3
01234100,UNIVERSITY OF WALES - ST DAVID'S UN     ,FC,00000-0000,Public       ,2,7,9,2,7,9
01236000,EDINBURGH COLLEGE OF ART                ,FC,00000-0000,Public       ,6,28,34,6,28,34
01242100,UNIV OF AUCKLAND                        ,FC,00000-0000,Public       ,11,28,39,11,28,39
01253900,UNIVERSITY OF THE ARTS LONDON IDO - CENT,FC,00000-0000,Public       ,24,43,67,24,43,67
01254000,UNIVERSIDAD DE NAVARRA                  ,FC,00000-0000,Private      ,1,4,5,1,4,5
01276500,UNIVERSITY OF OXFORD - LINACRE COLL     ,FC,00000-0000,Public       ,0,10,10,0,10,10
01276600,"NATIONAL UNIVERSITY IRELAND, GALWAY     ",FC,00000-0000,Public       ,10,38,48,10,38,48
01280200,PONTIFICIA UNIV CATOLICA MAD Y MAES     ,FC,00000-0000,Private      ,9,22,31,9,22,31
01281100,INST TECNOLOGICO DE SANTO DOMINGO       ,FC,00000-0000,Private      ,6,32,38,6,32,38
01283900,UNIVERSITY OF CAMBRIDGE - SAINT JOH     ,FC,00000-0000,Public       ,0,9,9,0,9,9
01286200,MOUNTVIEW ACADEMY OF THEATRE ARTS       ,FC,00000-0000,Private      ,2,2,4,2,2,4
01297800,UNIVERSITY OF HUDDERSFIELD (THE)        ,FC,00000-0000,Public       ,1,1,2,1,1,2
01315300,MASSEY UNIVERSITY                       ,FC,00000-0000,Public       ,6,37,43,6,37,43
01322500,COLLEGE OF LAW                          ,FC,00000-0000,Private      ,0,9,9,0,9,9
02052400,DARWIN COLLEGE                          ,FC,00000-0000,Public       ,0,10,10,0,10,10
02082400,UNIVERSITY OF CAMBRIDGE - QUEEN'S C     ,FC,00000-0000,Public       ,0,7,7,0,7,7
02083400,UNIVERSITY OF CAMBRIDGE - WOLFSON C     ,FC,00000-0000,Public       ,0,1,1,0,1,1
02087400,UNIVERSITY OF CAMBRIDGE - NEWNHAM C     ,FC,00000-0000,Public       ,2,1,3,2,1,3
02087900,OXFORD BROOKES UNIVERSITY               ,FC,00000-0000,Public       ,11,22,33,11,22,33
02094100,BEN-GURION UNIV                         ,FC,00000-0000,Public       ,0,63,63,0,63,63
02094400,UNIV OF CAMBRIDGE - ST EDMUND'S HOU     ,FC,00000-0000,Public       ,1,3,4,1,3,4
02095500,LONDON BUS SCHOOL                       ,FC,00000-0000,Private      ,3,67,70,3,67,70
02098700,FATIMA COLLEGE OF MEDICINE              ,FC,00000-0000,Private      ,1,28,29,1,28,29
02101900,ROEHAMPTON UNIVERSITY                   ,FC,00000-0000,Public       ,9,30,39,9,30,39
02108600,LONDON ACADEMY OF MUSIC & DRAMATIC      ,FC,00000-0000,Private      ,6,9,15,6,9,15
02115900,UNIVERSITY OF PORTSMOUTH                ,FC,00000-0000,Public       ,4,8,12,4,8,12
02116700,UNIVERSITY OF CAMBRIDGE - LUCY CAVE     ,FC,00000-0000,Public       ,0,3,3,0,3,3
02120000,UNIV OF LONDON - COURTALD INST OF A     ,FC,00000-0000,Public       ,1,22,23,1,22,23
02133400,UNIVERSITY OF CAMBRIDGE - SIDNEY SU     ,FC,00000-0000,Public       ,2,5,7,2,5,7
02142000,UNIVERSITY OF CAMBRIDGE - HOMERTON      ,FC,00000-0000,Public       ,0,2,2,0,2,2
02149700,UNIVERSITY OF WINCHESTER (THE)          ,FC,00000-0000,Public       ,4,2,6,4,2,6
02156800,UNIV OF OTAGO                           ,FC,00000-0000,Public       ,3,11,14,3,11,14
02162300,"IESE BUSINESS SCH, UNIV OF NAVARRA      ",FC,00000-0000,Private      ,4,36,40,4,36,40
02167400,UNIVERSITY OF CAMBRIDGE - CORPUS CH     ,FC,00000-0000,Public       ,0,3,3,0,3,3
02177700,KING'S COLLEGE- UNIV OF CAMBRIDGE       ,FC,00000-0000,Public       ,1,16,17,1,16,17
02180500,MIDDLESEX UNIVERSITY                    ,FC,00000-0000,Public       ,3,27,30,3,27,30
02181000,UNIVERSITY OF SOUTH AUSTRALIA           ,FC,00000-0000,Public       ,2,8,10,2,8,10
02183500,UNIV OF OXFORD - WYCLIFFE HALL          ,FC,00000-0000,Public       ,0,5,5,0,5,5
02186000,UNIVERSITY OF CAMBRIDGE - MAGDALENE     ,FC,00000-0000,Public       ,0,3,3,0,3,3
02186100,UNIVERSITY OF CAMBRIDGE - EMMANUEL      ,FC,00000-0000,Public       ,0,4,4,0,4,4
02189600,UNIVERSITY OF GRONINGEN                 ,FC,00000-0000,Public       ,1,10,11,1,10,11
02194800,UNIVERSITY OF THE WEST OF ENGLAND -     ,FC,00000-0000,Public       ,5,10,15,5,10,15
02195100,UNIV OF WESTMINSTER                     ,FC,00000-0000,Public       ,24,49,73,24,49,73
02196700,GUILDHALL SCHOOL OF MUSIC & DRAMA       ,FC,00000-0000,Public       ,6,11,17,6,11,17
02207300,UNIVERSITY OF CAMBRIDGE - CHRIST'S      ,FC,00000-0000,Public       ,0,4,4,0,4,4
02207400,CHINESE UNIVERSITY OF HONG KONG (THE)   ,FC,00000-0000,Public       ,6,16,22,6,16,22
02209500,UNIVERSITEIT UTRECHT                    ,FC,00000-0000,Public       ,3,24,27,3,24,27
02210000,UNIV OF LONDON - LONDON SCHOOL OF H     ,FC,00000-0000,Public       ,0,32,32,0,32,32
02212300,UNIVERSITY OF CAMBRIDGE - ROBINSON      ,FC,00000-0000,Public       ,0,3,3,0,3,3
02225300,UNIV OF CANTERBURY                      ,FC,00000-0000,Public       ,10,13,23,10,13,23
02229100,UNIVERSITY OF LEICESTER                 ,FC,00000-0000,Public       ,3,30,33,3,30,33
02229600,SACKLER SCHOOL OF MEDICINE              ,FC,00000-0000,Public       ,0,39,39,0,39,39
02232100,UNIVERSITY OF CAMBRIDGE                 ,FC,00000-0000,Public       ,0,5,5,0,5,5
02233300,"ST GEORGE'S UNIV, SCH OF MEDICINE       ",FC,00000-0000,Proprietary  ,7,804,811,7,804,811
02235300,LONDON METROPOLITAN UNIVERSITY          ,FC,00000-0000,Public       ,33,74,107,33,74,107
02240900,AISH HATORAH CLG OF JEWISH STUDIES      ,FC,00000-0000,Private      ,0,2,2,0,2,2
02244400,AMERICAN UNIV OF THE CARIBBEAN          ,FC,00000-0000,Proprietary  ,4,535,539,4,535,539
02257100,COVENTRY UNIVERSITY                     ,FC,00000-0000,Public       ,2,4,6,2,4,6
02266600,UNIVERSITY OF LONDON - SAINT GEORGE     ,FC,00000-0000,Public       ,0,8,8,0,8,8
02271700,UNIVERSITY OF CAMBRIDGE - CLARE HAL     ,FC,00000-0000,Public       ,0,3,3,0,3,3
02271800,UNIV OF OXFORD - CAMPION HALL           ,FC,00000-0000,Public       ,0,3,3,0,3,3
02271900,UNIVERSITY OF OXFORD - BLACKFRIARS      ,FC,00000-0000,Public       ,0,2,2,0,2,2
02272100,UNIV OF OXFORD - GREYFRIARS             ,FC,00000-0000,Public       ,0,1,1,0,1,1
02272200,UNIV OF CAMBRIDGE - NEW HALL            ,FC,00000-0000,Public       ,0,2,2,0,2,2
02273600,QUEEN'S UNIV OF BELFAST (THE)           ,FC,00000-0000,Public       ,8,37,45,8,37,45
02273900,HERIOT WATT UNIVERSITY                  ,FC,00000-0000,Public       ,4,10,14,4,10,14
02276700,NYENRODE BUSINESS UNIVERSITEIT          ,FC,00000-0000,Private      ,0,1,1,0,1,1
02279700,UNIVERSITY OF MANCHESTER - INSTITUT     ,FC,00000-0000,Public       ,15,41,56,15,41,56
02293400,ECOLE DES HAUTES ETUDES COMERCIALS      ,FC,00000-0000,Public       ,1,13,14,1,13,14
02296300,UNIVERSITY OF CAMBRIDGE - JESUS COL     ,FC,00000-0000,Public       ,0,3,3,0,3,3
02310500,DE MONTFORT UNIVERSITY                  ,FC,00000-0000,Public       ,2,2,4,2,2,4
02320500,ROYAL NORTHERN COLLEGE OF MUSIC         ,FC,00000-0000,Public       ,0,3,3,0,3,3
02335100,UNIV OF CAMBRIDGE - TRINITY HALL        ,FC,00000-0000,Public       ,1,6,7,1,6,7
02338900,UNIVERSITY  FOR THE CREATIVE ARTS       ,FC,00000-0000,Public       ,0,2,2,0,2,2
02347300,ESCUELA AUTONOMA DE CIENCIAS MEDICA     ,FC,00000-0000,Private      ,0,3,3,0,3,3
02351800,UNIVERSIDAD IBEROAMERICANA (UNIBE       ,FC,00000-0000,Private      ,40,424,464,40,424,464
02355200,ECOLE SUPERIEURE DE CUISINE FRANCAISE-FE,FC,00000-0000,Public       ,4,9,13,4,9,13
02363000,GSA CONSERVATOIRE                       ,FC,00000-0000,Private      ,4,0,4,4,0,4
02502600,PECSI ORVOSTUDOMANYI EGYETEM (PECS      ,FC,00000-0000,Public       ,0,5,5,0,5,5
02545700,GLASGOW SCHOOL OF ART                   ,FC,00000-0000,Public       ,7,23,30,7,23,30
02579600,MURDOCH UNIVERSITY                      ,FC,00000-0000,Public       ,4,23,27,4,23,27
02588000,UNIVERSITY OF ULSTER                    ,FC,00000-0000,Public       ,3,12,15,3,12,15
02591800,CURTIN UNIVERSITY OF TECHNOLOGY         ,FC,00000-0000,Public       ,0,6,6,0,6,6
02592300,MILLTOWN INST OF THEOLOGY & PHILOSO     ,FC,00000-0000,Private      ,0,2,2,0,2,2
02604300,AALBORG UNIVERSITY                      ,FC,00000-0000,Public       ,2,8,10,2,8,10
02611500,HELSINKI SCH OF ECONOMICS & BUS ADM     ,FC,00000-0000,Public       ,2,1,3,2,1,3
02611600,ECOL NATIONAL DES PONTS ET CHAUSSEE     ,FC,00000-0000,Public       ,0,3,3,0,3,3
02611700,DUBLIN CITY UNIVERSITY                  ,FC,00000-0000,Public       ,3,17,20,3,17,20
02622500,DENMARKS TEKNISKE UNIVERSITET           ,FC,00000-0000,Public       ,0,1,1,0,1,1
02623200,UNIVERSITY OF NEWCASTLE (THE)           ,FC,00000-0000,Public       ,3,10,13,3,10,13
03012700,UNIVERSITY OF BUCKINGHAM                ,FC,00000-0000,Private      ,3,4,7,3,4,7
03029400,KEELE UNIVERSITY                        ,FC,00000-0000,Public       ,2,0,2,2,0,2
03029500,NORTHUMBRIA UNIVERSITY                  ,FC,00000-0000,Public       ,1,14,15,1,14,15
03029800,NORGES HANDELSHOYSKOLE                  ,FC,00000-0000,Public       ,0,1,1,0,1,1
03033300,MANCHESTER METROPOLITAN UNIV            ,FC,00000-0000,Public       ,7,13,20,7,13,20
03045000,UNIVERSITY OF EAST LONDON               ,FC,00000-0000,Public       ,6,10,16,6,10,16
03050100,STUDIO ART CENTERS INTERNATIONAL        ,FC,00000-0000,Private      ,15,42,57,15,42,57
03066800,PONTIFICIO ATENEO DELLA SANTA CROCE     ,FC,00000-0000,Private      ,0,1,1,0,1,1
03067200,UNIVERSITY OF SYDNEY                    ,FC,00000-0000,Public       ,19,121,140,19,121,140
03073800,UNIV OF DEBRECEN MED & HEALTH SCI       ,FC,00000-0000,Public       ,2,4,6,2,4,6
03080300,SHEFFIELD HALLAM UNIVERSITY             ,FC,00000-0000,Public       ,3,6,9,3,6,9
03084300,UNIVERSITY OF LIMERICK                  ,FC,00000-0000,Public       ,11,16,27,11,16,27
03088700,ROYAL SCOTTISH ACAD MUSIC & DRAMA       ,FC,00000-0000,Public       ,14,11,25,14,11,25
03091400,UNIVERSITY OF WOLLONGONG                ,FC,00000-0000,Public       ,7,7,14,7,7,14
03091500,UNIVERSITY OF CANBERRA                  ,FC,00000-0000,Public       ,2,5,7,2,5,7
03091700,KAROL MARCINKOWSKI UNIV OF MED SCI      ,FC,00000-0000,Public       ,5,44,49,5,44,49
03092500,NOTTINGHAM TRENT UNIVERSITY             ,FC,00000-0000,Public       ,5,6,11,5,6,11
03095000,RMIT UNIVERSITY                         ,FC,00000-0000,Public       ,2,13,15,2,13,15
03095400,BOND UNIVERSITY                         ,FC,00000-0000,Private      ,15,33,48,15,33,48
03095900,ESSEC BUSINESS SCHOOL                   ,FC,00000-0000,Private      ,0,9,9,0,9,9
03096100,LA TROBE UNIVERSITY                     ,FC,00000-0000,Public       ,5,12,17,5,12,17
03096900,DEAKIN UNIVERSITY                       ,FC,00000-0000,Public       ,1,6,7,1,6,7
03097100,UNIVERSITY OF WESTERN SYDNEY            ,FC,00000-0000,Public       ,0,6,6,0,6,6
03097300,VICTORIA UNIVERSITY OF TECHNOLOGY       ,FC,00000-0000,Public       ,5,3,8,5,3,8
03097500,CENTRAL QUEENSLAND UNIVERSITY           ,FC,00000-0000,Public       ,1,4,5,1,4,5
03100000,UNIVERSITY OF ADELAIDE (THE)            ,FC,00000-0000,Public       ,3,11,14,3,11,14
03100200,INST DE MANAGEMENT HOTELIER INTERNA     ,FC,00000-0000,Private      ,0,1,1,0,1,1
03101600,ASIAN INSTITUTE OF MANAGEMENT           ,FC,00000-0000,Private      ,2,4,6,2,4,6
03102500,AMERICAN UNIVERSITY OF ROME             ,FC,00000-0000,Private      ,57,31,88,57,31,88
03102800,ROBERT GORDON UNIVERSITY (THE)          ,FC,00000-0000,Public       ,0,9,9,0,9,9
03104800,GRIFFITH UNIVERSITY                     ,FC,00000-0000,Public       ,14,15,29,14,15,29
03106100,ROSKILDE UNIV ROSKILDE UNIVERSITY C     ,FC,00000-0000,Public       ,0,1,1,0,1,1
03136300,AUSTRALIAN CATHOLIC UNIVERSITY          ,FC,00000-0000,Public       ,0,1,1,0,1,1
03140300,EDITH COWAN UNIVERSITY                  ,FC,00000-0000,Public       ,2,6,8,2,6,8
03140400,NORTHERN TERRITORY UNIVERSITY           ,FC,00000-0000,Public       ,0,1,1,0,1,1
03140500,QUEENSLAND UNIVERSITY OF TECHNOLOGY     ,FC,00000-0000,Public       ,2,13,15,2,13,15
03140600,SOUTHERN CROSS UNIVERSITY               ,FC,00000-0000,Public       ,1,6,7,1,6,7
03140700,SWINBURNE UNIVERSITY OF TECHNOLOGY      ,FC,00000-0000,Public       ,1,2,3,1,2,3
03140900,UNIVERSITY OF BALLARAT                  ,FC,00000-0000,Public       ,0,1,1,0,1,1
03150300,UNIVERSITY OF TASMANIA                  ,FC,00000-0000,Public       ,5,3,8,5,3,8
03274300,"KUNGLIGA TEKNISKA HOGSKOLAN, KTH        ",FC,00000-0000,Public       ,0,8,8,0,8,8
03287300,LIVERPOOL INSTITUTE FOR PERFORMING ARTS ,FC,00000-0000,Public       ,13,3,16,13,3,16
03300300,"2ND SCHOOL OF MEDICINE, CHARLES UNI     ",FC,00000-0000,Public       ,1,3,4,1,3,4
03300400,"FIRST FACULTY OF MEDICINE, CHARLES UNIV.",FC,00000-0000,Public       ,0,7,7,0,7,7
03329300,JOHN CABOT UNIVERSITY                   ,FC,00000-0000,Private      ,78,11,89,78,11,89
03332400,AGRICULTURE UNIVERSITY OF WROCLAW       ,FC,00000-0000,Public       ,0,2,2,0,2,2
03333300,MEDICAL UNIVERSITY SCHOOL OF LUBLIN     ,FC,00000-0000,Public       ,4,47,51,4,47,51
03334300,UNIVERSIDAD NORDESTANA                  ,FC,00000-0000,Private      ,0,13,13,0,13,13
03335300,MEDICAL UNIVERSITY OF SILESIA           ,FC,00000-0000,Public       ,4,28,32,4,28,32
03349400,"QUEEN MARGARET UNIVERSITY COLLEGE, EDINB",FC,00000-0000,Public       ,3,6,9,3,6,9
03350300,BOURNEMOUTH UNIVERSITY                  ,FC,00000-0000,Public       ,2,7,9,2,7,9
03352300,LONDON SOUTH BANK UNIVERSITY            ,FC,00000-0000,Private      ,3,15,18,3,15,18
03363300,THE ARTS EDUCATIONAL SCHOOLS LONDON     ,FC,00000-0000,Private      ,1,1,2,1,1,2
03364300,"FACULTY OF MEDICINE, PALACKY UNIVER     ",FC,00000-0000,Public       ,0,2,2,0,2,2
03365400,AUCKLAND INSTITUTE OF TECHNOLOGY        ,FC,00000-0000,Public       ,1,3,4,1,3,4
03377300,"UNIVERSITY OF WALES INSTITUTE, CARD     ",FC,00000-0000,Public       ,1,2,3,1,2,3
03378300,"THE 3RD FACULTY OF MEDICINE, CHARLE     ",FC,00000-0000,Public       ,0,1,1,0,1,1
03386300,CHARLES UNIVERSITY-MEDICAL FACULTY      ,FC,00000-0000,Public       ,0,2,2,0,2,2
03406300,"THE SCHOOL OF PHARMACY, UNIVERSITY      ",FC,00000-0000,Public       ,1,2,3,1,2,3
03418400,NAPIER UNIVERSITY                       ,FC,00000-0000,Public       ,4,8,12,4,8,12
03435300,ANGLIA POLYTECHNIC UNIVERSITY HIGHE     ,FC,00000-0000,Public       ,1,3,4,1,3,4
03460300,INTERNATIONALES THEOLOGISCHES INSTI     ,FC,00000-0000,Private      ,1,10,11,1,10,11
03462400,UNIV OF ARTS LONDON - LON COLL OF COMMUN,FC,00000-0000,Public       ,12,13,25,12,13,25
03466300,INSTITUTO CENTROAMERICANO DE ADMINI     ,FC,00000-0000,Private      ,0,4,4,0,4,4
03473300,UNIV OF ARTS LONDON - LON COLL FASHION  ,FC,00000-0000,Public       ,19,34,53,19,34,53
03475300,UNIV OF THE ARTS  LONDON - CHELSEA COLL ,FC,00000-0000,Public       ,5,7,12,5,7,12
03478300,ROYAL WELSH COLLEGE OF MUSIC AND DRAMA  ,FC,00000-0000,Public       ,1,5,6,1,5,6
03492400,UNIV OF CAMBRIDGE-ST CATHERINE'S CG     ,FC,00000-0000,Public       ,0,3,3,0,3,3
03494600,UNIV OF OXFORD-HARRIS MANCHESTER        ,FC,00000-0000,Public       ,0,4,4,0,4,4
03500300,WIMBLEDON COLLEGE OF ART                ,FC,00000-0000,Public       ,5,2,7,5,2,7
03501400,LEEDS METROPOLITAN UNIVERSITY           ,FC,00000-0000,Public       ,4,3,7,4,3,7
03507300,UNIVERSITY OF SUNDERLAND                ,FC,00000-0000,Public       ,1,3,4,1,3,4
03515300,UNIVERSITY OF CENTRAL LANCASHIRE        ,FC,00000-0000,Public       ,2,5,7,2,5,7
03517300,UNIVERSITY OF BRIGHTON                  ,FC,00000-0000,Public       ,5,9,14,5,9,14
03518300,EUROPEAN GRADUATE SCHOOL                ,FC,00000-0000,Private      ,0,42,42,0,42,42
03533300,BATH SPA UNIVERSITY                     ,FC,00000-0000,Public       ,5,8,13,5,8,13
03547300,UNIVERSITY OF GLAMORGAN                 ,FC,00000-0000,Public       ,1,1,2,1,1,2
03580300,LIVERPOOL JOHN MOORES UNIVERSITY        ,FC,00000-0000,Public       ,6,5,11,6,5,11
03589400,THE ARTS INSTITUTE AT BOURNEMOUTH       ,FC,00000-0000,Public       ,1,1,2,1,1,2
03594300,GROUP ESC GRENOBLE GRAD SCH OF BUS.     ,FC,00000-0000,Private      ,1,10,11,1,10,11
03597300,JAGIELLONIAN UNIVERSITY                 ,FC,00000-0000,Public       ,1,14,15,1,14,15
03601300,UNIVERSITAT JAUME I DE CASTELLO/UJI     ,FC,00000-0000,Public       ,1,2,3,1,2,3
03619300,UNIVERSITY OF GREENWICH                 ,FC,00000-0000,Public       ,8,12,20,8,12,20
03653400,UNIVERSIDAD DE IBEROAMERICA - UNIBE     ,FC,00000-0000,Private      ,0,9,9,0,9,9
03674300,UNIVERSITY OF ABERTAY DUNDEE            ,FC,00000-0000,Public       ,1,3,4,1,3,4
03684400,UNIVERSITY OF LINCOLN                   ,FC,00000-0000,Public       ,0,6,6,0,6,6
03684500,MEDICAL UNIVERSITY OF GDANSK            ,FC,00000-0000,Public       ,2,10,12,2,10,12
03685300,UNIVERSITAT POMPEU FABRA                ,FC,00000-0000,Public       ,5,15,20,5,15,20
03716300,"UNIVERSITY OF WALES, NEWPORT            ",FC,00000-0000,Public       ,4,7,11,4,7,11
03721300,WRITTLE COLLEGE                         ,FC,00000-0000,Public       ,1,1,2,1,1,2
03727400,UNIVERSITY OF WAIKATO (THE)             ,FC,00000-0000,Public       ,4,3,7,4,3,7
03738300,LONDON SCHOOL OF THEOLOGY               ,FC,00000-0000,Private      ,0,2,2,0,2,2
03770300,NAZARENE THEOLOGICAL COLLEGE            ,FC,00000-0000,Private      ,0,4,4,0,4,4
03794400,ANGLO EUROPEAN COLLEGE OF CHIROPRACTIC  ,FC,00000-0000,Private      ,0,2,2,0,2,2
03816400,AMERICAN GRAD SCH OF INTERNTL REL & DIPL,FC,00000-0000,Private      ,1,39,40,1,39,40
03818300,LEIPZIG GRADUATE SCHOOL OF MANAGEMENT   ,FC,00000-0000,Private      ,0,2,2,0,2,2
03824300,"ROYAL VETERINARY COLLEGE (THE), UNIVERSI",FC,00000-0000,Public       ,2,59,61,2,59,61
03850400,UNIVERSITY OF NOTRE DAME AUSTRALIA (THE),FC,00000-0000,Private      ,0,1,1,0,1,1
03850500,MEDICAL UNIVERSITY OF LODZ              ,FC,00000-0000,Public       ,2,18,20,2,18,20
03859400,UNIVERSITY COLLEGE FALMOUTH             ,FC,00000-0000,Public       ,0,3,3,0,3,3
03897400,INTERNATIONAL SPACE UNIVERSITY          ,FC,00000-0000,Private      ,0,1,1,0,1,1
03926400,NATIONAL COLLEGE OF ART AND DESIGN      ,FC,00000-0000,Public       ,0,1,1,0,1,1
03941301,AVE MARIA UNIVERSITY - LATIN AMERICA    ,FC,00000-0000,Private      ,57,11,68,57,11,68
03978300,SPURGEON'S COLLEGE                      ,FC,00000-0000,Private      ,1,0,1,1,0,1
03993400,TRINITY COLLEGE CARMARTHEN              ,FC,00000-0000,Public       ,0,2,2,0,2,2
04021400,"AMERICAN COLLEGE, DUBLIN LIMITED (THE)  ",FC,00000-0000,Private      ,3,1,4,3,1,4
04021500,CENTRAL EUROPEAN UNIVERSITY             ,FC,00000-0000,Private      ,2,30,32,2,30,32
04032300,YORK ST JOHN UNIVERSITY                 ,FC,00000-0000,Public       ,1,2,3,1,2,3
04046300,HK UNIVERSITY OF SCI & TECH (HKUST)     ,FC,00000-0000,Public       ,1,7,8,1,7,8
04070300,"RAPHAEL RECANATI INTERNATIONAL SCHOOL, T",FC,00000-0000,Private      ,21,10,31,21,10,31
04116300,EDHEC BUSINESS SCHOOL                   ,FC,00000-0000,Private      ,0,8,8,0,8,8
04128600,UNIVERSITY OF WORCESTER                 ,FC,00000-0000,Public       ,0,1,1,0,1,1
00380600,ALDERSON-BROADDUS COLLEGE               ,WV,26416-1051,Private      ,722,286,1008,722,286,1008
00380700,MOUNTAIN STATE UNIVERSITY               ,WV,25801-5624,Private      ,758,2166,2924,758,2166,2924
00380800,BETHANY COLLEGE                         ,WV,26032-0417,Private      ,1042,53,1095,1042,53,1095
00380900,BLUEFIELD STATE COLLEGE                 ,WV,24701-2198,Public       ,929,825,1754,929,825,1754
00381000,CONCORD UNIVERSITY                      ,WV,24712-0000,Public       ,2570,628,3198,2570,628,3198
00381100,DAVIS & ELKINS COLLEGE                  ,WV,26241-3996,Private      ,601,206,807,601,206,807
00381200,FAIRMONT STATE UNIVERSITY               ,WV,26554-2470,Public       ,3895,1887,5782,3895,1887,5782
00381300,GLENVILLE STATE COLLEGE                 ,WV,26351-1292,Public       ,1055,308,1363,1055,308,1363
00381500,MARSHALL UNIVERSITY                     ,WV,25755-3300,Public       ,6896,3175,10071,6896,3175,10071
00381600,SOUTHERN WV COMMUNITY COLLEGE           ,WV,25637-2900,Public       ,654,416,1070,654,416,1070
00381800,UNIVERSITY OF CHARLESTON                ,WV,25304-1099,Private      ,1166,495,1661,1166,495,1661
00381900,OHIO VALLEY COLLEGE                     ,WV,26105-8000,Private      ,285,85,370,285,85,370
00382000,SALEM INTERNATIONAL UNIVERSITY          ,WV,26426-0500,Proprietary  ,166,134,300,166,134,300
00382200,SHEPHERD UNIVERSITY                     ,WV,25443-3210,Public       ,2788,833,3621,2788,833,3621
00382300,WEST LIBERTY STATE COLLEGE              ,WV,26074-0295,Public       ,2086,397,2483,2086,397,2483
00382600,WEST VIRGINIA STATE UNIVERSITY          ,WV,25112-0000,Public       ,1902,1355,3257,1902,1355,3257
00382700,WEST VIRGINIA UNIVERSITY                ,WV,26506-6201,Public       ,20260,5890,26150,20260,5890,26150
00382711,WEST VIRGINIA UNIVERSITY - POTOMAC STATE,WV,26726-3000,Public       ,1282,218,1500,1282,218,1500
00382721,WEST VIRGINIA UNIV INST OF TECH         ,WV,25136-2436,Public       ,702,201,903,702,201,903
00382800,WEST VIRGINIA UNIV AT PARKERSBURG       ,WV,26101-9577,Public       ,1080,1175,2255,1080,1175,2255
00383000,WEST VIRGINIA WESLEYAN COLLEGE          ,WV,26201-2600,Private      ,1492,128,1620,1492,128,1620
00383100,WHEELING JESUIT UNIVERSITY              ,WV,26003-6243,Private      ,963,245,1208,963,245,1208
00500700,WEST VIRGINIA JUNIOR COLLEGE            ,WV,26505-5596,Proprietary  ,75,104,179,75,104,179
00500800,MOUNTAIN STATE COLLEGE                  ,WV,26101-3993,Proprietary  ,24,126,150,24,126,150
00754400,APPALACHIAN BIBLE COLLEGE               ,WV,25818-1353,Private      ,157,43,200,157,43,200
00757800,HUNTINGTON SCHOOL OF BEAUTY CULTURE     ,WV,25705-2030,Proprietary  ,16,16,32,16,16,32
00760000,INTERNATIONAL BEAUTY SCHOOL             ,WV,25401-3231,Proprietary  ,6,8,14,6,8,14
00835500,JAMES RUMSEY TECHNICAL INSTITUTE        ,WV,25403-0259,Public       ,39,73,112,39,73,112
00895900,CLARKSBURG BEAUTY ACADEMY               ,WV,26301-2903,Proprietary  ,16,13,29,16,13,29
00904700,HUNTINGTON JUNIOR COLLEGE               ,WV,25701-2004,Proprietary  ,81,556,637,81,556,637
00905400,WEST VIRGINIA NORTHERN CMTY COLLEGE     ,WV,26003-0000,Public       ,600,687,1287,600,687,1287
01014000,MINERAL COUNTY VOCATIONAL TECH CTR      ,WV,26726-0000,Public       ,6,8,14,6,8,14
01035600,EVEREST INSTITUTE                       ,WV,25313-1304,Proprietary  ,47,100,147,47,100,147
01057300,WEST VIRGINIA JUNIOR COLLEGE            ,WV,25322-0000,Proprietary  ,86,167,253,86,167,253
01057302,WEST VIRGINIA JUNIOR COLLEGE            ,WV,26330-0000,Proprietary  ,84,116,200,84,116,200
01086100,WEST VIRGINIA BUSINESS COLLEGE          ,WV,26301-0000,Proprietary  ,10,32,42,10,32,42
01124500,WEST VIRGINIA SCH OSTEOPATHIC MED       ,WV,24901-1128,Public       ,5,622,627,5,622,627
01174900,WOOD COUNTY SCH OF PRAC NURSING         ,WV,26101-6424,Public       ,12,16,28,12,16,28
01235900,B M SPURR SCHOOL OF PRAC NURSING        ,WV,26038-1660,Private      ,4,10,14,4,10,14
01257300,WEST VIRGINIA UNIV-HOSP-RAD TECH        ,WV,26506-8062,Private      ,47,28,75,47,28,75
01274300,BENJAMIN FRANKLIN CAREER&TECH           ,WV,25064-0000,Public       ,25,31,56,25,31,56
01290400,MONONGALIA CNTY TECH ED CTR             ,WV,26501-6841,Public       ,30,63,93,30,63,93
01290500,ACADEMY OF CAREERS AND TECHNOLOGY       ,WV,25801-0000,Public       ,38,84,122,38,84,122
02057400,ROANE-JACKSON TECHNICAL CENTER          ,WV,25252-0000,Public       ,10,29,39,10,29,39
02068000,UNITED TECHNICAL CENTER                 ,WV,26301-0000,Public       ,27,36,63,27,36,63
02070100,BECKLEY BEAUTY ACADEMY                  ,WV,25801-0000,Proprietary  ,14,18,32,14,18,32
02073400,CARVER CAREER TECH ED CTR               ,WV,25306-6397,Public       ,73,92,165,73,92,165
02145100,SCOTT COLLEGE OF COSMETOLOGY            ,WV,26003-0000,Proprietary  ,10,7,17,10,7,17
02178200,CHARLESTON SCHOOL OF BEAUTY CULTURE     ,WV,25301-0000,Proprietary  ,15,15,30,15,15,30
02218200,GARNET CAREER CENTER                    ,WV,25301-0000,Public       ,35,81,116,35,81,116
02275300,CABELL COUNTY CAREER TECHNOLOGY CTR     ,WV,25705-0000,Public       ,28,34,62,28,34,62
02524500,RALPH R WILLIS VOCATIONAL CENTER        ,WV,25601-0000,Public       ,10,20,30,10,20,30
02534800,FRED W EBERLE TECHNICAL CENTER          ,WV,26201-0000,Public       ,17,38,55,17,38,55
02535500,MERCER COUNTY TECH EDUC CNTR            ,WV,24740-0000,Public       ,31,27,58,31,27,58
02579900,NORTH CENTRAL OPPORTUNITIES IND CTR     ,WV,26554-2936,Private      ,3,14,17,3,14,17
02609400,VALLEY COLLEGE                          ,WV,25404-5711,Proprietary  ,7,45,52,7,45,52
03052000,MEREDITH MANOR EQUESTRIAN CENTRE        ,WV,26184-9707,Proprietary  ,65,26,91,65,26,91
03076500,FAYETTE INSTITUTE OF TECHNOLOGY         ,WV,25901-2174,Public       ,5,12,17,5,12,17
03084200,VALLEY COLLEGE                          ,WV,24740-3141,Proprietary  ,3,10,13,3,10,13
03084400,VALLEY COLLEGE                          ,WV,25801-2643,Proprietary  ,6,22,28,6,22,28
03098300,PUTNAM CAREER & TECHNICAL CENTER        ,WV,25070-0000,Public       ,14,28,42,14,28,42
03099200,"MOUNTAINEER BEAUTY COLLEGE, INC         ",WV,25177-2917,Proprietary  ,8,10,18,8,10,18
03102100,MORGANTOWN BEAUTY COLLEGE               ,WV,26505-5430,Proprietary  ,27,24,51,27,24,51
03123200,STANLEY TECHNICAL INSTITUTE             ,WV,26505-3751,Private      ,1,15,16,1,15,16
03327500,SOUTH BRANCH VOCATIONAL TECH CENTER     ,WV,26847-1698,Public       ,0,2,2,0,2,2
03734300,JOHN D. ROCKEFELLER IV CAREER CENTER    ,WV,26047-9424,Public       ,6,2,8,6,2,8
03819300,AMERICAN PUBLIC UNIVERSITY SYSTEM       ,WV,25414-1621,Proprietary  ,75,2622,2697,75,2622,2697
03957300,BLUE RIDGE COMMUNITY AND TECHNICAL COLLE,WV,25401-3244,Public       ,293,440,733,293,440,733
03960300,NEW RIVER COMMUNITY AND TECHNICAL COLLEG,WV,25801-2636,Public       ,542,803,1345,542,803,1345
04028300,MOUNTAIN STATE SCHOOL OF MASSAGE        ,WV,25304-2025,Proprietary  ,9,20,29,9,20,29
04038500,PIERPONT COMMUNITY & TECHNICAL COLLEGE  ,WV,26554-2451,Public       ,496,333,829,496,333,829
04038600,WEST VIRGINIA STATE COMMUNITY AND TECHNI,WV,25112-1000,Public       ,337,584,921,337,584,921
04041400,MARSHALL COMMUNITY AND TECHNICAL COLLEGE,WV,25755-3300,Public       ,536,521,1057,536,521,1057
04047300,BRIDGEMONT COMMUNITY & TECHNICAL COLLEGE,WV,25136-2435,Public       ,460,155,615,460,155,615
00106100,ALASKA PACIFIC UNIVERSITY               ,AK,99508-4672,Private      ,362,203,565,362,203,565
00106300,UNIVERSITY OF ALASKA FAIRBANKS          ,AK,99775-7500,Public       ,1398,1144,2542,1398,1144,2542
00106500,UNIVERSITY OF ALASKA SOUTHEAST          ,AK,99801-8680,Public       ,294,445,739,294,445,739
00884300,ALASKA BIBLE COLLEGE                    ,AK,99588-0000,Private      ,9,1,10,9,1,10
01146200,UNIVERSITY OF ALASKA ANCHORAGE          ,AK,99514-1608,Public       ,2371,2672,5043,2371,2672,5043
02541000,CAREER ACADEMY                          ,AK,99507-0000,Proprietary  ,19,79,98,19,79,98
02576900,CHARTER COLLEGE                         ,AK,99508-0000,Proprietary  ,25,321,346,25,321,346
03160300,ALASKA VOCATIONAL TECHNICAL CENTER      ,AK,99664-0889,Public       ,50,67,117,50,67,117
03461300,ILISAGVIK COLLEGE                       ,AK,99723-0749,Public       ,1,10,11,1,10,11
04138600,ALASKA CHRISTIAN COLLEGE                ,AK,99669-9755,Private      ,8,4,12,8,4,12
00108500,UNIV ARKANSAS MONTICELLO                ,AR,71656-0000,Public       ,667,502,1169,667,502,1169
00108600,UNIV OF ARKANSAS AT PINE BLUFF          ,AR,71601-2790,Public       ,1931,580,2511,1931,580,2511
00108700,ARKANSAS BAPTIST COLLEGE                ,AR,72202-6099,Private      ,135,187,322,135,187,322
00108800,LYON COLLEGE                            ,AR,72501-3699,Private      ,477,45,522,477,45,522
00108900,ARKANSAS TECH UNIVERSITY                ,AR,72801-2222,Public       ,2053,973,3026,2053,973,3026
00109000,ARKANSAS STATE UNIVERSITY               ,AR,72467-0000,Public       ,3019,2376,5395,3019,2376,5395
00109006,DELTA TECHNICAL INSTITUTE               ,AR,72365-9558,Public       ,11,16,27,11,16,27
00109100,ARKANSAS STATE UNIVERSITY - BEEBE       ,AR,72012-1000,Public       ,597,695,1292,597,695,1292
00109200,UNIVERSITY OF CENTRAL ARKANSAS          ,AR,72035-0001,Public       ,3236,1305,4541,3236,1305,4541
00109300,CENTRAL BAPTIST COLLEGE                 ,AR,72034-6470,Private      ,138,78,216,138,78,216
00109400,UNIVERSITY OF THE OZARKS                ,AR,72830-2880,Private      ,326,59,385,326,59,385
00109500,CROWLEYS RIDGE COLLEGE                  ,AR,72450-9775,Private      ,54,16,70,54,16,70
00109700,HARDING UNIVERSITY                      ,AR,72149-0001,Private      ,1761,481,2242,1761,481,2242
00109800,HENDERSON STATE UNIVERSITY              ,AR,71999-0001,Public       ,1228,409,1637,1228,409,1637
00109900,HENDRIX COLLEGE                         ,AR,72032-3080,Private      ,1784,53,1837,1784,53,1837
00110000,JOHN BROWN UNIVERSITY                   ,AR,72761-2747,Private      ,858,313,1171,858,313,1171
00110100,UNIV ARKANSAS LITTLE ROCK               ,AR,72204-1099,Public       ,1829,3271,5100,1829,3271,5100
00110200,OUACHITA BAPTIST UNIVERSITY             ,AR,71998-0001,Private      ,783,56,839,783,56,839
00110300,PHILANDER SMITH COLLEGE                 ,AR,72202-3718,Private      ,416,214,630,416,214,630
00110400,PHILLIPS COUNTY COMMUNITY COLLEGE       ,AR,72342-0000,Public       ,112,154,266,112,154,266
00110401,RICE BELT TECH INST                     ,AR,72042-0000,Public       ,2,4,6,2,4,6
00110600,WILLIAMS BAPTIST COLLEGE                ,AR,72476-4661,Private      ,301,72,373,301,72,373
00110700,SOUTHERN ARKANSAS UNIVERSITY            ,AR,71754-0000,Public       ,810,424,1234,810,424,1234
00110800,UNIV ARKANSAS FAYETTEVILLE              ,AR,72701-0000,Public       ,5047,1956,7003,5047,1956,7003
00110900,UNIV OF ARKANSAS FOR MEDCL SCIENCES     ,AR,72205-7102,Public       ,169,729,898,169,729,898
00110901,UNIV OF ARKANSAS COLG OF MEDICINE       ,AR,72205-0000,Public       ,19,286,305,19,286,305
00111000,UNIVERSITY OF ARKANSAS-FORT SMITH       ,AR,72904-7397,Public       ,1340,1194,2534,1340,1194,2534
00524500,U OF A COMM COLLEGE AT MORRILTON        ,AR,72110-9601,Public       ,321,450,771,321,450,771
00570700,SEARK COLLEGE                           ,AR,71603-0000,Public       ,138,319,457,138,319,457
00573200,UNIV AR COMMUNITY COLLEGE AT HOPE       ,AR,71801-0000,Public       ,146,212,358,146,212,358
00704400,CROWLEYS RIDGE TECHNICAL INSTITUTE      ,AR,72336-0000,Public       ,17,57,74,17,57,74
00773800,SOUTHERN ARKANSAS UNIVERSITY TECH       ,AR,71701-1900,Public       ,119,169,288,119,169,288
00792100,FAYETTEVILLE BEAUTY COLLEGE             ,AR,72701-0000,Proprietary  ,6,18,24,6,18,24
00997600,OUACHITA TECHNICAL COLLEGE              ,AR,72104-0816,Public       ,79,176,255,79,176,255
01074100,MELLIE'S BEAUTY COLLEGE                 ,AR,72901-3886,Proprietary  ,11,19,30,11,19,30
01210500,NATIONAL PARK COMMUNITY COLLEGE         ,AR,71913-9174,Public       ,286,569,855,286,569,855
01226000,EAST ARKANSAS COMMUNITY COLLEGE         ,AR,72335-2204,Public       ,126,169,295,126,169,295
01226100,NORTH ARKANSAS COLLEGE                  ,AR,72601-5508,Public       ,304,510,814,304,510,814
01286000,ARKANSAS NORTHEASTERN COLLEGE           ,AR,72316-1109,Public       ,253,365,618,253,365,618
02052200,BLACK RIVER TECHNICAL COLLEGE           ,AR,72455-0000,Public       ,179,326,505,179,326,505
02073500,UNIVERSITY OF ARKANSAS COMMUNITY COLLEGE,AR,72503-0000,Public       ,145,259,404,145,259,404
02073700,NORTHWEST TECHNICAL INSTITUTE           ,AR,72765-0000,Public       ,29,109,138,29,109,138
02074600,SOUTH ARKANSAS COMMUNITY COLLEGE        ,AR,71731-0000,Public       ,126,326,452,126,326,452
02075300,PULASKI TECHNICAL COLLEGE               ,AR,72118-0000,Public       ,631,2592,3223,631,2592,3223
02087000,OZARKA COLLEGE                          ,AR,72556-0000,Public       ,71,188,259,71,188,259
02111100,RICH MOUNTAIN COMMUNITY COLLEGE         ,AR,71953-0000,Public       ,150,137,287,150,137,287
02202400,PROFESSIONAL COSMETOLOGY EDUC CTR       ,AR,71730-5828,Proprietary  ,3,10,13,3,10,13
02220900,COSSATOT COMMUNITY COLLEGE              ,AR,71832-0000,Public       ,143,210,353,143,210,353
02260400,BEE JAY'S HAIRSTYLING ACADEMY           ,AR,72212-0000,Proprietary  ,0,2,2,0,2,2
02260401,BEE JAY'S HAIRSTYLING ACADEMY - BATESVIL,AR,72501-6709,Proprietary  ,0,2,2,0,2,2
02272400,EASTERN COLLEGE OF HEALTH VOCATIONS     ,AR,72209-0000,Proprietary  ,22,141,163,22,141,163
02284200,NEW TYLER BARBER COLLEGE INC            ,AR,72114-0000,Proprietary  ,4,13,17,4,13,17
02287400,MARSHA KAY BEAUTY COLLEGE               ,AR,72653-0000,Proprietary  ,2,3,5,2,3,5
02321701,ITT TECHNICAL INSTITUTE                 ,AR,72204-9925,Proprietary  ,60,69,129,60,69,129
02330800,JEFFERSON SCHOOL OF NURSING             ,AR,71603-0000,Private      ,11,32,43,11,32,43
02339800,SOUTHERN INSTITUTE OF COSMETOLOGY       ,AR,72301-0000,Proprietary  ,1,7,8,1,7,8
02341700,CAREER ACADEMY OF HAIR DESIGN           ,AR,72764-4304,Proprietary  ,8,34,42,8,34,42
02348200,MID-SOUTH COMMUNITY COLLEGE             ,AR,72301-0000,Public       ,248,398,646,248,398,646
02363500,ARTHUR'S BEAUTY COLLEGE                 ,AR,72901-0000,Proprietary  ,2,8,10,2,8,10
02525800,LEE'S SCHOOL OF COSMETOLOGY             ,AR,72114-0000,Proprietary  ,3,8,11,3,8,11
02538500,ARTHUR'S BEAUTY COLLEGE                 ,AR,72076-0000,Proprietary  ,4,10,14,4,10,14
02569600,SEARCY BEAUTY COLLEGE                   ,AR,72143-0000,Proprietary  ,2,7,9,2,7,9
03005100,ARKANSAS BEAUTY SCHOOL                  ,AR,72209-5116,Proprietary  ,5,30,35,5,30,35
03007100,HOT SPRINGS BEAUTY COLLEGE              ,AR,71901-5432,Proprietary  ,4,2,6,4,2,6
03007600,ARKANSAS BEAUTY SCHOOL-CONWAY           ,AR,72032-4354,Proprietary  ,3,8,11,3,8,11
03023400,ARKANSAS COLLEGE OF BARBERING           ,AR,72114-5615,Proprietary  ,5,13,18,5,13,18
03063300,NORTHWEST ARKANSAS COMMUNITY COLLEG     ,AR,72712-5190,Public       ,574,1195,1769,574,1195,1769
03065100,ABC BEAUTY COLLEGE                      ,AR,71923-4206,Proprietary  ,6,2,8,6,2,8
03066302,BRYAN COLLEGE -                         ,AR,72756-1825,Proprietary  ,11,54,65,11,54,65
03105200,BAPTIST HEALTH SCHOOLS LITTLE ROCK      ,AR,72210-0000,Private      ,116,481,597,116,481,597
03116800,"DELUXE BEAUTY SCHOOL, L.L.C.            ",AR,71603-0000,Proprietary  ,1,6,7,1,6,7
03124900,IMAGINE -  PAUL MITCHELL PARTNER SCHOOL ,AR,72117-2516,Proprietary  ,17,25,42,17,25,42
03127200,ASKINS VO-TECH                          ,AR,72908-8028,Proprietary  ,3,12,15,3,12,15
03214300,VELVATEX COLLEGE OF BEAUTY CULTURE      ,AR,72202-5452,Proprietary  ,2,7,9,2,7,9
03254300,MARGARET'S HAIR ACADEMY                 ,AR,71655-4905,Proprietary  ,4,6,10,4,6,10
03519400,LYNNDALE FUNDAMENTALS OF BEAUTY SCH     ,AR,71730-4804,Proprietary  ,2,4,6,2,4,6
03855300,ECCLESIA COLLEGE                        ,AR,72762-8159,Private      ,21,3,24,21,3,24
03912300,CROSSETT SCHOOL OF COSMETOLOGY          ,AR,71635-0000,Proprietary  ,0,1,1,0,1,1
03997300,ARKANSAS BEAUTY COLLEGE                 ,AR,72801-3741,Proprietary  ,1,6,7,1,6,7
00133900,CORBAN COLLEGE                          ,OR,97301-9392,Private      ,1017,223,1240,1017,223,1240
00316505,CASCADE COLLEGE                         ,OR,97216-0000,Private      ,26,60,86,26,60,86
00318600,BLUE MOUNTAIN COMMUNITY COLLEGE         ,OR,97801-0000,Public       ,547,742,1289,547,742,1289
00318800,CENTRAL OREGON COMMUNITY COLLEGE        ,OR,97701-5998,Public       ,1136,1870,3006,1136,1870,3006
00318900,CLATSOP COMMUNITY COLLEGE               ,OR,97103-3698,Public       ,204,282,486,204,282,486
00319100,CONCORDIA UNIVERSITY                    ,OR,97211-6099,Private      ,897,765,1662,897,765,1662
00319300,EASTERN OREGON UNIVERSITY               ,OR,97850-2899,Public       ,1495,1385,2880,1495,1385,2880
00319400,GEORGE FOX UNIVERSITY                   ,OR,97132-2697,Private      ,1833,777,2610,1833,777,2610
00319600,LANE COMMUNITY COLLEGE                  ,OR,97405-0640,Public       ,3063,5553,8616,3063,5553,8616
00319700,LEWIS & CLARK COLLEGE                   ,OR,97219-7899,Private      ,4203,2921,7124,4203,2921,7124
00319800,LINFIELD COLLEGE                        ,OR,97128-6894,Private      ,2412,376,2788,2412,376,2788
00319801,LINFIELD COLLEGE - PORTLAND CAMPUS      ,OR,97210-0000,Private      ,254,541,795,254,541,795
00319900,MARYLHURST UNIVERSITY                   ,OR,97036-7036,Private      ,79,754,833,79,754,833
00320300,MOUNT ANGEL SEMINARY                    ,OR,97373-0505,Private      ,8,5,13,8,5,13
00320400,MOUNT HOOD COMMUNITY COLLEGE            ,OR,97030-3300,Public       ,1783,2621,4404,1783,2621,4404
00320600,MULTNOMAH BIBLE COLLEGE/SEMINARY        ,OR,97220-5898,Private      ,304,312,616,304,312,616
00320700,PACIFIC NORTHWEST COLLEGE OF ART        ,OR,97209-3023,Private      ,483,309,792,483,309,792
00320800,NORTHWEST CHRISTIAN UNIVERSITY          ,OR,97401-3727,Private      ,534,285,819,534,285,819
00320900,WESTERN OREGON UNIVERSITY               ,OR,97361-1394,Public       ,4648,1445,6093,4648,1445,6093
00321000,OREGON STATE UNIVERSITY                 ,OR,97331-8507,Public       ,14469,5350,19819,14469,5350,19819
00321100,OREGON INSTITUTE OF TECHNOLOGY          ,OR,97601-8801,Public       ,1674,1106,2780,1674,1106,2780
00321200,PACIFIC UNIVERSITY                      ,OR,97116-1797,Private      ,2236,2143,4379,2236,2143,4379
00321300,PORTLAND COMMUNITY COLLEGE              ,OR,97219-7198,Public       ,4822,9898,14720,4822,9898,14720
00321600,PORTLAND STATE UNIVERSITY               ,OR,97207-0000,Public       ,8625,10357,18982,8625,10357,18982
00321700,REED COLLEGE                            ,OR,97202-8199,Private      ,2449,237,2686,2449,237,2686
00321800,CHEMEKETA COMMUNITY COLLEGE             ,OR,97309-1500,Public       ,2419,4303,6722,2419,4303,6722
00321900,SOUTHERN OREGON UNIVERSITY              ,OR,97520-5010,Public       ,3401,1610,5011,3401,1610,5011
00322000,SOUTHWESTERN OREGON COMMUNITY CLG       ,OR,97420-2956,Public       ,829,625,1454,829,625,1454
00322100,TREASURE VALLEY COMMUNITY COLLEGE       ,OR,97914-3423,Public       ,749,789,1538,749,789,1538
00322200,UMPQUA COMMUNITY COLLEGE                ,OR,97470-0226,Public       ,700,1430,2130,700,1430,2130
00322300,UNIVERSITY OF OREGON                    ,OR,97403-1226,Public       ,16473,6783,23256,16473,6783,23256
00322400,UNIVERSITY OF PORTLAND                  ,OR,97203-5798,Private      ,6527,1095,7622,6527,1095,7622
00322500,WARNER PACIFIC COLLEGE                  ,OR,97215-4099,Private      ,513,462,975,513,462,975
00322700,WILLAMETTE UNIVERSITY                   ,OR,97301-3930,Private      ,3680,1278,4958,3680,1278,4958
00487800,CLACKAMAS COMMUNITY COLLEGE             ,OR,97045-7998,Public       ,1459,1625,3084,1459,1625,3084
00488200,OREGON HEALTH & SCIENCE UNIVERSITY      ,OR,97239-0000,Public       ,325,2445,2770,325,2445,2770
00488230,OREGON GRAD INST OF SCIENCE & TECH      ,OR,97006-0000,Public       ,2,11,13,2,11,13
00693800,LINN BENTON COMMUNITY COLLEGE           ,OR,97321-3774,Public       ,1793,1864,3657,1793,1864,3657
00717800,WESTERN SEMINARY                        ,OR,97215-0000,Private      ,4,89,93,4,89,93
00723402,HEALD COLLEGE - PORTLAND                ,OR,97205-3432,Proprietary  ,41,185,226,41,185,226
00781900,ART INSTITUTE OF PORTLAND (THE)         ,OR,97209-2911,Proprietary  ,951,813,1764,951,813,1764
00888700,CONCORDE CAREER INSTITUTE               ,OR,97232-2242,Proprietary  ,48,215,263,48,215,263
00907900,EVEREST COLLEGE                         ,OR,97204-2296,Proprietary  ,50,154,204,50,154,204
00958100,SPRINGFIELD COLLEGE OF BEAUTY           ,OR,97477-5474,Proprietary  ,30,67,97,30,67,97
01012200,PHAGANS' MEDFORD BEAUTY SCHOOL          ,OR,97504-5297,Proprietary  ,11,14,25,11,14,25
01018200,ROGUE COMMUNITY COLLEGE                 ,OR,97527-0000,Public       ,1284,2205,3489,1284,2205,3489
01050700,ACADEMY OF HAIR DESIGN                  ,OR,97301-3526,Proprietary  ,16,23,39,16,23,39
01185200,ITT TECHNICAL INSTITUTE                 ,OR,97220-0000,Proprietary  ,126,164,290,126,164,290
01230900,WESTERN STATES CHIROPRACTIC COLLEGE     ,OR,97230-3099,Private      ,14,208,222,14,208,222
01234700,PHAGANS CENTRAL OREGON BEAUTY CLG       ,OR,97701-5175,Proprietary  ,28,48,76,28,48,76
01234800,PHAGANS BEAUTY COLLEGE                  ,OR,97333-4716,Proprietary  ,20,21,41,20,21,41
01235000,PHAGANS SCHOOL OF HAIR DESIGN           ,OR,97267-4808,Proprietary  ,13,23,36,13,23,36
01235100,PHAGANS SCHOOL OF BEAUTY                ,OR,97301-4732,Proprietary  ,13,21,34,13,21,34
01300800,PHAGANS TIGARD BEAUTY SCHOOL            ,OR,97223-0000,Proprietary  ,3,20,23,3,20,23
02101000,NORTHWEST COLLEGE OF HAIR DESIGN        ,OR,97086-7702,Proprietary  ,21,42,63,21,42,63
02101002,NORTHWEST COLLEGE                       ,OR,97007-3954,Proprietary  ,6,13,19,6,13,19
02104900,COLLEGE OF LEGAL ARTS                   ,OR,97219-9998,Proprietary  ,8,34,42,8,34,42
02106100,COLLEGE OF COSMETOLOGY                  ,OR,97601-0000,Proprietary  ,14,11,25,14,11,25
02154400,BEAU MONDE CLG OF HAIR DESIGN           ,OR,97205-0000,Proprietary  ,38,53,91,38,53,91
02159700,EUGENE BIBLE COLLEGE                    ,OR,97405-0000,Private      ,46,44,90,46,44,90
02201900,PHAGANS' SCHOOL OF HAIR DESIGN          ,OR,97232-0000,Proprietary  ,35,72,107,35,72,107
02239203,ALLIED COLLEGE - ANTHEM COLLEGE         ,OR,97005-0000,Proprietary  ,17,41,58,17,41,58
02330100,PIONEER PACIFIC COLLEGE                 ,OR,97070-0000,Proprietary  ,64,278,342,64,278,342
02330102,PIONEER PACIFIC COLLEGE                 ,OR,97403-0000,Proprietary  ,44,262,306,44,262,306
02337900,COLLEGE OF HAIR DESIGN CAREERS          ,OR,97301-0000,Proprietary  ,14,19,33,14,19,33
02344100,ROSEBURG BEAUTY COLLEGE                 ,OR,97470-0000,Proprietary  ,9,33,42,9,33,42
02534000,NATIONAL COLLEGE OF NATURAL MEDICINE    ,OR,97201-0000,Private      ,6,395,401,6,395,401
02578800,NORTHWEST NANNIES INSTITUTE             ,OR,97035-0000,Proprietary  ,10,2,12,10,2,12
02603700,OREGON COL OF ORIENTAL MEDICINE         ,OR,97216-0000,Private      ,2,156,158,2,156,158
02617506,EVEREST COLLEGE - EVEREST INSTITUTE     ,OR,97223-6581,Proprietary  ,12,27,39,12,27,39
03007300,OREGON COLLEGE OF ART & CRAFT           ,OR,97225-6399,Private      ,99,169,268,99,169,268
03022600,LE CORDON BLEU COLLEGE OF CULINARY ARTS ,OR,97205-2793,Proprietary  ,547,663,1210,547,663,1210
03042500,APOLLO COLLEGE                          ,OR,97232-1302,Proprietary  ,111,402,513,111,402,513
03074400,PHAGANS NEWPORT ACAD CSMTLGY CAREER     ,OR,97365-4963,Proprietary  ,3,11,14,3,11,14
03074500,EAST-WEST COLLEGE OF THE HEALING ARTS   ,OR,97232-2765,Proprietary  ,26,115,141,26,115,141
03185300,PHAGANS GRANTS PASS COLLEGE OF BTY      ,OR,97527-3039,Proprietary  ,7,12,19,7,12,19
03428300,KLAMATH COMMUNITY COLLEGE               ,OR,97603-7121,Public       ,176,437,613,176,437,613
03642300,VALLEY MEDICAL COLLEGE                  ,OR,97305-1373,Proprietary  ,19,47,66,19,47,66
03668300,BIRTHINGWAY COLLEGE OF MIDWIFERY        ,OR,97266-4042,Private      ,10,50,60,10,50,60
03783400,ABDILL CAREER COLLEGE                   ,OR,97504-7137,Proprietary  ,11,36,47,11,36,47
00137400,ALBERTUS MAGNUS COLLEGE                 ,CT,06511-1189,Private      ,722,425,1147,722,425,1147
00137403,ALBERTUS MAGNUS CLG-NEW DIMENSIONS      ,CT,06511-0000,Private      ,26,214,240,26,214,240
00137800,CENTRAL CONNECTICUT STATE UNIV          ,CT,06050-2490,Public       ,7089,1912,9001,7089,1912,9001
00137900,CONNECTICUT COLLEGE                     ,CT,06320-4196,Private      ,2557,48,2605,2557,48,2605
00138000,WESTERN CONNECTICUT STATE UNIV          ,CT,06810-6826,Public       ,4765,947,5712,4765,947,5712
00138500,FAIRFIELD UNIVERSITY                    ,CT,06430-0000,Private      ,6084,422,6506,6084,422,6506
00138700,HARTFORD SEMINARY                       ,CT,06105-0000,Private      ,5,12,17,5,12,17
00138900,HOLY APOSTLES COLLEGE & SEMINARY        ,CT,06416-2005,Private      ,5,15,20,5,15,20
00139200,MANCHESTER COMMUNITY COLLEGE            ,CT,06045-1046,Public       ,1237,828,2065,1237,828,2065
00139300,MITCHELL COLLEGE                        ,CT,06320-4498,Private      ,831,106,937,831,106,937
00139700,UNIVERSITY OF NEW HAVEN                 ,CT,06516-1999,Private      ,6272,942,7214,6272,942,7214
00139800,NORTHWESTERN CT COMMUNITY COLLEGE       ,CT,06098-1747,Public       ,215,175,390,215,175,390
00139900,NORWALK COMMUNITY TECHNICAL COLLEGE     ,CT,06854-1655,Public       ,550,527,1077,550,527,1077
00140100,POST UNIVERSITY                         ,CT,06723-3240,Proprietary  ,636,474,1110,636,474,1110
00140200,QUINNIPIAC UNIVERSITY                   ,CT,06518-1908,Private      ,11028,875,11903,11028,875,11903
00140201,QUINNIPIAC UNIVERSITY SCHOOL OF LAW     ,CT,06518-0000,Private      ,95,1071,1166,95,1071,1166
00140300,SACRED HEART UNIVERSITY                 ,CT,06825-1000,Private      ,5860,653,6513,5860,653,6513
00140600,SOUTHERN CONNECTICUT STATE UNIV         ,CT,06515-1355,Public       ,7714,2799,10513,7714,2799,10513
00140900,SAINT JOSEPH COLLEGE                    ,CT,06117-2791,Private      ,949,427,1376,949,427,1376
00141400,TRINITY COLLEGE                         ,CT,06106-3100,Private      ,2516,137,2653,2516,137,2653
00141600,UNIVERSITY OF BRIDGEPORT                ,CT,06601-5650,Private      ,2617,1152,3769,2617,1152,3769
00141700,UNIVERSITY OF CONNECTICUT-STORRS        ,CT,06269-2151,Public       ,23406,3780,27186,23406,3780,27186
00141702,UNIV CONN STAMFORD                      ,CT,06901-0000,Public       ,300,119,419,300,119,419
00141703,UNIV OF CONNECTICUT - TORINGTON         ,CT,06790-0000,Public       ,148,28,176,148,28,176
00141706,UNIV OF CONNECTICUT SCH LAW             ,CT,06105-0000,Public       ,26,1083,1109,26,1083,1109
00141707,UNIV OF CT - SCH OF SOCIAL WORK         ,CT,06117-0000,Public       ,61,338,399,61,338,399
00141708,UNIVERSITY OF CONNECTICUT - SCHOOL OF ME,CT,06030-1920,Public       ,19,328,347,19,328,347
00141709,UNIVERSITY OF CONNECTICUT - SCHOOL OF DE,CT,06030-1920,Public       ,3,115,118,3,115,118
00142200,UNIVERSITY OF HARTFORD                  ,CT,06117-1599,Private      ,8357,1026,9383,8357,1026,9383
00142400,WESLEYAN UNIVERSITY                     ,CT,06459-3208,Private      ,4804,114,4918,4804,114,4918
00142500,EASTERN CONNECTICUT STATE UNIV          ,CT,06226-2295,Public       ,4483,684,5167,4483,684,5167
00142600,YALE UNIVERSITY                         ,CT,06520-8288,Private      ,14606,6404,21010,14606,6404,21010
00142601,YALE UNIV PHYSICIANS ASSOC PROG         ,CT,06510-0000,Private      ,5,51,56,5,51,56
00142602,YALE UNIV EPIDEMIOLOGY & PUB HLTH       ,CT,06510-0000,Private      ,0,11,11,0,11,11
00142603,YALE UNIV SCHOOL MEDICINE               ,CT,06510-0000,Private      ,30,646,676,30,646,676
00280301,RENSSELAER POLYTECHNIC INSTITUTE-RENSSEL,CT,06120-2991,Private      ,12,14,26,12,14,26
00451300,HOUSATONIC COMMUNITY COLLEGE            ,CT,06604-4704,Public       ,799,918,1717,799,918,1717
00618100,BRIDGEPORT HOSP SCHL OF NURSING         ,CT,06610-2896,Private      ,52,152,204,52,152,204
00619100,ST. VINCENT'S COLLEGE                   ,CT,06606-9966,Private      ,134,179,313,134,179,313
00698200,NAUGATUCK VALLEY COMM-TECH COLG         ,CT,06708-3089,Public       ,952,817,1769,952,817,1769
00730000,ELI WHITNEY TECHNICAL HIGH SCHOOL       ,CT,06514-0000,Public       ,9,18,27,9,18,27
00730300,LINCOLN TECHNICAL INSTITUTE             ,CT,06051-0000,Proprietary  ,210,315,525,210,315,525
00730500,PORTER AND CHESTER INSTITUTE OF BRANFORD,CT,06405-4022,Proprietary  ,30,39,69,30,39,69
00731100,WINDHAM TECHNICAL HIGH SCHOOL           ,CT,06226-2100,Public       ,2,9,11,2,9,11
00745900,PAIER COLLEGE OF ART                    ,CT,06514-3902,Proprietary  ,92,19,111,92,19,111
00763500,CAPITAL COMMUNITY COLLEGE               ,CT,06103-1207,Public       ,572,1028,1600,572,1028,1600
00803700,GATEWAY COMMUNITY-TECHNICAL COLLEGE     ,CT,06511-0000,Public       ,924,1051,1975,924,1051,1975
00803800,MIDDLESEX COMMUNITY CLG                 ,CT,06457-4889,Public       ,373,359,732,373,359,732
00887200,RENASCI ACADEMY OF HAIR                 ,CT,06460-4160,Proprietary  ,1,5,6,1,5,6
00887300,PAUL MITCHELL THE SCHOOL                ,CT,06810-6716,Proprietary  ,13,4,17,13,4,17
00887400,BRIO ACADEMY OF COSMETOLOGY             ,CT,06450-4836,Proprietary  ,4,7,11,4,7,11
00887403,BRIO ACADEMY OF COSMETOLOGY - WILLIMANTI,CT,06226-1940,Proprietary  ,1,3,4,1,3,4
00906500,THE HARTFORD CONSERVATORY               ,CT,06105-2891,Private      ,27,4,31,27,4,31
00927700,E C GOODWIN TECHNICAL HIGH SCHOOL       ,CT,06053-0000,Public       ,8,17,25,8,17,25
00929100,J M WRIGHT TECHNICAL HIGH SCHOOL        ,CT,06904-0000,Public       ,1,5,6,1,5,6
00940700,BRIARWOOD COLLEGE                       ,CT,06489-1057,Proprietary  ,310,142,452,310,142,452
00976400,TUNXIS COMMUNITY COLLEGE                ,CT,06032-3187,Public       ,570,511,1081,570,511,1081
00976500,THREE RIVERS COMMUNITY TECH COLLEGE     ,CT,06360-0000,Public       ,528,590,1118,528,590,1118
00982200,ALBERT I PRINCE TECHNICAL HIGH SCHOOL   ,CT,06106-3799,Public       ,4,15,19,4,15,19
01041700,BRIO ACADEMY OF EAST HARTFORD           ,CT,06108-2220,Proprietary  ,5,8,13,5,8,13
01053000,QUINEBAUG VALLEY COMMUNITY COLLEGE      ,CT,06239-1440,Public       ,222,339,561,222,339,561
01077900,PORTER AND CHESTER INSTITUTE-ALLCAMPUSES,CT,06615-7158,Proprietary  ,103,197,300,103,197,300
01115000,ASNUNTUCK COMMUNITY COLLEGE             ,CT,06082-3800,Public       ,155,191,346,155,191,346
01149600,BULLARD HAVENS VOC TECH SCHOOL          ,CT,06610-3499,Public       ,5,16,21,5,16,21
01169700,VINAL REGIONAL VOC TECH SCHOOL          ,CT,06457-4918,Public       ,5,7,12,5,7,12
01184300,NORWICH TECHNICAL HIGH SCHOOL           ,CT,06360-7097,Public       ,7,6,13,7,6,13
01218500,H C WILCOX TECHNICAL HIGH SCHOOL        ,CT,06450-0000,Public       ,1,0,1,1,0,1
01242500,STONE ACADEMY                           ,CT,06514-4125,Proprietary  ,33,166,199,33,166,199
01242503,STONE ACADEMY -WATERBURY                ,CT,06705-3823,Proprietary  ,8,14,22,8,14,22
01242504,STONE ACADEMY -  EAST HARTFORD          ,CT,06118-0000,Proprietary  ,1,11,12,1,11,12
01287700,GIBBS COLLEGE                           ,CT,06855-1436,Proprietary  ,19,58,77,19,58,77
01291300,LEON INSTITUTE OF HAIR DESIGN           ,CT,06604-4226,Proprietary  ,4,15,19,4,15,19
01326400,HENRY ABBOTT TECHNICAL HIGH SCHOOL      ,CT,06811-4881,Public       ,2,7,9,2,7,9
02058900,HARVARD H ELLIS TECHNICAL HIGH SCHOOL   ,CT,06239-0000,Public       ,8,4,12,8,4,12
02074000,BRANFORD HALL CAREER INSTITUTE          ,CT,06405-0000,Proprietary  ,84,392,476,84,392,476
02106600,FOX INSTITUTE OF BUSINESS               ,CT,06110-0000,Proprietary  ,5,15,20,5,15,20
02112300,RIDLEY LOWELL BUSINESS & TECH INST      ,CT,06320-0000,Proprietary  ,6,18,24,6,18,24
02112700,NORTH HAVEN ACADEMY                     ,CT,06473-3108,Proprietary  ,51,24,75,51,24,75
02115100,BUTLER BUSINESS SCHOOL                  ,CT,06604-0000,Proprietary  ,4,7,11,4,7,11
02148700,CONNECTICUT INST OF HAIR DESIGN         ,CT,06716-0000,Proprietary  ,6,7,13,6,7,13
02202500,NEW ENGLAND TRACTOR TRAILER SCH         ,CT,06071-2036,Proprietary  ,0,10,10,0,10,10
02213000,ELLA T GRASSO SOUTHEASTERN TECHNICAL HIG,CT,06340-0000,Public       ,4,0,4,4,0,4
02228800,LINCOLN TECHNICAL INSTITUTE - EAST WINDS,CT,06088-9631,Proprietary  ,295,103,398,295,103,398
02244900,GOODWIN COLLEGE                         ,CT,06118-9980,Private      ,291,1103,1394,291,1103,1394
02245300,HOWELL CHENEY TECHNICAL HIGH SCHOOL     ,CT,06040-0000,Public       ,4,2,6,4,2,6
02265900,WINDHAM COMMUNITY MEM HOSP-RAD TECH     ,CT,06226-0000,Private      ,5,6,11,5,6,11
02296100,YALE-NEW HAVEN HOSP DIETETIC INTERN     ,CT,06510-8900,Private      ,6,7,13,6,7,13
02300000,W F KAYNOR TECHNICAL HIGH SCHOOL        ,CT,06708-0000,Public       ,3,11,14,3,11,14
02316600,CONNECTICUT CTR FOR MASSAGE THERAPY     ,CT,06111-3975,Proprietary  ,18,51,69,18,51,69
02316601,CONNECTICUT CENTER FOR MASSAGE THERAPY -,CT,06880-4619,Proprietary  ,3,25,28,3,25,28
02316603,CONNECTICUT CENTER FOR MASSAGE THERAPY -,CT,06340-4619,Proprietary  ,6,33,39,6,33,39
02562400,EMMETT O BRIEN REG VOC TECH SCHOOL      ,CT,06401-2500,Public       ,0,2,2,0,2,2
02565000,PLATT TECHNICAL HIGH SCHOOL             ,CT,06460-2105,Public       ,3,3,6,3,3,6
03079400,LYME ACADEMY COLLEGE OF FINE ARTS       ,CT,06371-2333,Private      ,46,14,60,46,14,60
03094800,INDUSTRIAL MANAGEMENT & TRAINING        ,CT,06706-1211,Proprietary  ,8,25,33,8,25,33
03231400,OLIVER WOLCOTT TECHNICAL HIGH SCHOOL    ,CT,06790-3859,Public       ,1,2,3,1,2,3
03234300,CHARTER OAK STATE COLLEGE               ,CT,06053-2150,Public       ,20,273,293,20,273,293
03316300,LINCOLN TECHNICAL INSTITUTE - HARTFORD  ,CT,06105-3630,Proprietary  ,204,97,301,204,97,301
03381300,CONNECTICUT TRAINING CENTER             ,CT,06108-2705,Private      ,1,5,6,1,5,6
03927300,ALBERT SCHOOL (THE)                     ,CT,06357-2447,Proprietary  ,2,2,4,2,2,4
04053300,CLEMENS COLLEGE                         ,CT,06078-0000,Proprietary  ,59,9,68,59,9,68
04104300,ACADEMY DI CAPELLI - SCHOOL OF COSMETOLO,CT,06492-0000,Proprietary  ,4,8,12,4,8,12
04128800,BRANFORD ACADEMY OF HAIR & COSMETOLOGY  ,CT,06405-0000,Proprietary  ,4,4,8,4,4,8
00146600,BARRY UNIVERSITY                        ,FL,33161-6695,Private      ,2961,3188,6149,2961,3188,6149
00146601,BARRY UNIVERSITY SCHOOL OF LAW          ,FL,32807-0000,Private      ,35,770,805,35,770,805
00146700,BETHUNE COOKMAN UNIVERSITY              ,FL,32114-3099,Private      ,4461,754,5215,4461,754,5215
00146800,ST THOMAS UNIVERSITY                    ,FL,33054-0000,Private      ,680,1140,1820,680,1140,1820
00146900,FLORIDA INSTITUTE OF TECHNOLOGY         ,FL,32901-6988,Private      ,2403,1410,3813,2403,1410,3813
00147000,BREVARD COMMUNITY COLLEGE               ,FL,32922-6503,Public       ,1277,1929,3206,1277,1929,3206
00147100,CENTRAL FLORIDA COMMUNITY COLLEGE       ,FL,34478-1388,Public       ,1346,1865,3211,1346,1865,3211
00147200,CHIPOLA  COLLEGE                        ,FL,32446-2053,Public       ,238,301,539,238,301,539
00147300,CLEARWATER CHRISTIAN COLLEGE            ,FL,33759-0000,Private      ,500,53,553,500,53,553
00147500,DAYTONA STATE COLLEGE                   ,FL,32114-2800,Public       ,1745,2908,4653,1745,2908,4653
00147700,EDISON COLLEGE                          ,FL,33906-6210,Public       ,2001,2319,4320,2001,2319,4320
00147800,EDWARD WATERS COLLEGE                   ,FL,32209-6199,Private      ,560,229,789,560,229,789
00147900,EMBRY-RIDDLE AERONAUTICAL UNIV          ,FL,32114-3900,Private      ,4765,1614,6379,4765,1614,6379
00148000,FLORIDA A & M UNIVERSITY                ,FL,32307-3100,Public       ,10171,3861,14032,10171,3861,14032
00148100,FLORIDA ATLANTIC UNIVERSITY             ,FL,33431-6498,Public       ,9709,5315,15024,9709,5315,15024
00148101,FLORIDA ATLANTIC UNIVERSITY/DAVIE       ,FL,33314-0000,Public       ,504,1031,1535,504,1031,1535
00148103,FLORIDA ATLANTIC UNIV-JUPITER/PSL       ,FL,33458-0000,Public       ,282,226,508,282,226,508
00148200,FLORIDA COLLEGE                         ,FL,33617-5578,Private      ,167,14,181,167,14,181
00148400,FLORIDA STATE COLLEGE AT JACKSONVILLE   ,FL,32202-4030,Public       ,3007,5896,8903,3007,5896,8903
00148500,FLORIDA KEYS COMMUNITY COLLEGE          ,FL,33040-4397,Public       ,110,168,278,110,168,278
00148600,FLORIDA MEMORIAL UNIVERSITY             ,FL,33054-6199,Private      ,1174,448,1622,1174,448,1622
00148700,ECKERD COLLEGE                          ,FL,33711-4744,Private      ,2047,290,2337,2047,290,2337
00148800,FLORIDA SOUTHERN COLLEGE                ,FL,33801-5698,Private      ,1839,270,2109,1839,270,2109
00148900,FLORIDA STATE UNIVERSITY                ,FL,32306-2430,Public       ,20526,8663,29189,20526,8663,29189
00149000,GULF COAST COMMUNITY COLLEGE            ,FL,32401-1058,Public       ,569,1031,1600,569,1031,1600
00149300,INDIAN RIVER STATE COLLEGE              ,FL,34981-5596,Public       ,1526,2163,3689,1526,2163,3689
00149500,JACKSONVILLE UNIVERSITY                 ,FL,32211-3394,Private      ,2805,1058,3863,2805,1058,3863
00149700,JONES COLLEGE                           ,FL,32211-5588,Private      ,24,292,316,24,292,316
00149900,EVEREST UNIVERSITY                      ,FL,32810-5601,Proprietary  ,74,511,585,74,511,585
00149901,EVEREST UNIVERSITY - ORLANDO SOUTH      ,FL,32819-7666,Proprietary  ,158,1505,1663,158,1505,1663
00149902,EVEREST UNIVERSITY - MELBOURNE          ,FL,32905-6609,Proprietary  ,33,325,358,33,325,358
00150000,BROWARD COLLEGE- DOWNTOWN CTR           ,FL,33301-2208,Public       ,1379,2452,3831,1379,2452,3831
00150001,BROWARD COLLEGE - DAVIE CAMPUS          ,FL,33314-0000,Public       ,1957,1678,3635,1957,1678,3635
00150002,BROWARD COLLEGE- NORTH CAMPUS           ,FL,33066-0000,Public       ,1190,1189,2379,1190,1189,2379
00150003,BROWARD COLLEGE- SOUTH CAMPUS           ,FL,33024-0000,Public       ,1214,1248,2462,1214,1248,2462
00150100,LAKE CITY COMMUNITY COLLEGE             ,FL,32025-2007,Public       ,287,581,868,287,581,868
00150200,LAKE SUMTER COMMUNITY COLLEGE           ,FL,34788-8751,Public       ,617,756,1373,617,756,1373
00150400,MANATEE COMMUNITY COLLEGE               ,FL,34207-3596,Public       ,1581,2131,3712,1581,2131,3712
00150500,LYNN UNIVERSITY                         ,FL,33431-5598,Private      ,945,214,1159,945,214,1159
00150600,MIAMI DADE COLLEGE ADMINISTRATION ONLY  ,FL,33176-3393,Public       ,256,234,490,256,234,490
00150601,MIAMI DADE COLLEGE - NORTH CAMPUS       ,FL,33167-3495,Public       ,3361,3951,7312,3361,3951,7312
00150602,MIAMI DADE COLLEGE - KENDALL CAMPUS     ,FL,33176-3393,Public       ,4494,3273,7767,4494,3273,7767
00150603,MIAMI DADE COLLEGE - WOLFSON CAMPUS     ,FL,33132-2297,Public       ,2204,2092,4296,2204,2092,4296
00150604,MIAMI DADE COLLEGE - MEDICAL CAMPUS     ,FL,33127-4693,Public       ,597,1342,1939,597,1342,1939
00150605,MIAMI DADE COLLEGE - HOMESTEAD CAMPUS   ,FL,33030-6009,Public       ,502,560,1062,502,560,1062
00150606,MIAMI DADE COLLEGE -INTERAMERICAN CAMPUS,FL,33135-0000,Public       ,915,1598,2513,915,1598,2513
00150607,MIAMI DADE COLLEGE - HIALEAH CAMPUS     ,FL,33012-2918,Public       ,599,683,1282,599,683,1282
00150800,NORTH FLORIDA COMMUNITY COLLEGE         ,FL,32340-1699,Public       ,145,208,353,145,208,353
00150900,NOVA SOUTHEASTERN UNIVERSITY            ,FL,33314-7796,Private      ,2846,13254,16100,2846,13254,16100
00151000,NORTHWEST FLORIDA STATE COLLEGE         ,FL,32578-1295,Public       ,701,1259,1960,701,1259,1960
00151200,PALM BEACH COMMUNITY COLLEGE            ,FL,33461-4796,Public       ,2830,2971,5801,2830,2971,5801
00151300,PENSACOLA JR COLLEGE                    ,FL,32504-8998,Public       ,1178,2019,3197,1178,2019,3197
00151400,POLK STATE COLLEGE                      ,FL,33881-4299,Public       ,1090,1584,2674,1090,1584,2674
00151500,ROLLINS COLLEGE                         ,FL,32789-4499,Private      ,1651,434,2085,1651,434,2085
00151900,SANTA FE COLLEGE                        ,FL,32606-6200,Public       ,3193,2444,5637,3193,2444,5637
00152000,SEMINOLE COMMUNITY COLLEGE              ,FL,32773-6199,Public       ,1770,2605,4375,1770,2605,4375
00152100,SOUTHEASTERN UNIVERSITY                 ,FL,33801-6099,Private      ,1381,398,1779,1381,398,1779
00152200,SOUTH FLORIDA COMMUNITY COLLEGE         ,FL,33825-9399,Public       ,376,453,829,376,453,829
00152300,ST JOHNS RIVER COMMUNITY COLLEGE        ,FL,32177-3897,Public       ,571,986,1557,571,986,1557
00152600,SAINT LEO UNIVERSITY                    ,FL,33574-6665,Private      ,1735,3918,5653,1735,3918,5653
00152800,ST. PETERSBURG COLLEGE                  ,FL,33760-3768,Public       ,2012,4645,6657,2012,4645,6657
00153100,STETSON UNIVERSITY                      ,FL,32723-3761,Private      ,2389,418,2807,2389,418,2807
00153101,STETSON UNIVERSITY - COLLEGE OF LAW     ,FL,33707-3299,Private      ,19,1240,1259,19,1240,1259
00153300,TALLAHASSEE COMMUNITY COLLEGE           ,FL,32304-2895,Public       ,3106,2593,5699,3106,2593,5699
00153400,EVEREST UNIVERSITY                      ,FL,33614-5801,Proprietary  ,104,1489,1593,104,1489,1593
00153408,EVEREST UNIVERSITY - TAMPA BRANDON CAMPU,FL,33619-1354,Proprietary  ,158,2846,3004,158,2846,3004
00153409,EVEREST UNIVERSITY - ORANGE PARK        ,FL,32073-1111,Proprietary  ,30,266,296,30,266,296
00153500,UNIVERSITY OF FLORIDA                   ,FL,32611-3150,Public       ,22331,10170,32501,22331,10170,32501
00153600,UNIVERSITY OF MIAMI                     ,FL,33146-6531,Private      ,12411,3272,15683,12411,3272,15683
00153601,UNIV OF MIAMI SCHOOL OF LAW             ,FL,33124-0000,Private      ,45,1483,1528,45,1483,1528
00153602,UNIV OF MIAMI-SCH OF MEDICINE           ,FL,33136-0000,Private      ,433,686,1119,433,686,1119
00153700,UNIVERSITY OF SOUTH FLORIDA             ,FL,33620-6960,Public       ,19219,10368,29587,19219,10368,29587
00153701,UNIV OF SOUTH FLORIDA-ST PETERSBURG     ,FL,33701-0000,Public       ,440,334,774,440,334,774
00153702,UNIV OF SOUTH FLORIDA-SARASOTA          ,FL,34243-0000,Public       ,130,325,455,130,325,455
00153705,UNIV OF SOUTH FLORIDA                   ,FL,33803-0000,Public       ,404,245,649,404,245,649
00153706,UNIV OF SOUTH FLORIDA- MEDICINE         ,FL,33612-0000,Public       ,564,802,1366,564,802,1366
00153800,UNIVERSITY OF TAMPA                     ,FL,33606-1490,Private      ,5503,888,6391,5503,888,6391
00154000,WEBBER INTERNATIONAL UNIVERSITY         ,FL,33827-0096,Private      ,389,70,459,389,70,459
00173308,NATIONAL-LOUIS UNIVERSITY               ,FL,33609-0000,Private      ,2,14,16,2,14,16
00177201,TRINITY INTERNATIONAL UNIVERSITY - SOUTH,FL,33324-4611,Private      ,14,68,82,14,68,82
00395400,UNIV OF CENTRAL FLORIDA                 ,FL,32816-0001,Public       ,26736,9331,36067,26736,9331,36067
00395500,UNIVERSITY OF WEST FLORIDA              ,FL,32514-5750,Public       ,3169,2134,5303,3169,2134,5303
00407215,NORTHWOOD UNIVERSITY                    ,FL,33409-0000,Private      ,326,99,425,326,99,425
00558500,LIVELY TECHNICAL CENTER                 ,FL,32304-0000,Public       ,91,362,453,91,362,453
00558501,LIVELY TECHNICAL CENTER - AVIATION SCHOO,FL,32304-8723,Public       ,9,20,29,9,20,29
00558600,LINDSEY HOPKINS TECHNICAL ED CENTER     ,FL,33127-4692,Public       ,53,169,222,53,169,222
00559400,D G ERWIN TECHNICAL CENTER              ,FL,33610-8255,Public       ,119,533,652,119,533,652
00560500,PINELLAS TECH ED CTR-CLEARWATER         ,FL,33760-2194,Public       ,51,185,236,51,185,236
00560700,SARASOTA COUNTY TECHNICAL INSTITUTE     ,FL,34233-0000,Public       ,54,195,249,54,195,249
00560800,TRAVISS TECHNICAL CENTER                ,FL,33803-0000,Public       ,62,263,325,62,263,325
00561200,MANATEE TECHNICAL INSTITUTE             ,FL,34210-0000,Public       ,40,218,258,40,218,258
00561201,MANATEE TECHNICAL INSTITUTE-EAST        ,FL,34211-0000,Public       ,39,184,223,39,184,223
00675000,VALENCIA COMMUNITY COLLEGE              ,FL,32802-3028,Public       ,7212,5978,13190,7212,5978,13190
00752500,SUWANNEE-HAMILTON AREA VOC TECH CTR     ,FL,32060-0000,Public       ,9,47,56,9,47,56
00752600,WASHINGTON HOLMES TECHNICAL CENTER      ,FL,32428-1699,Public       ,12,48,60,12,48,60
00755800,LEE COUNTY HIGH TECH CENTER CENTRAL     ,FL,33916-2299,Public       ,54,189,243,54,189,243
00758600,REMINGTON COLLEGE - TAMPA CAMPUS        ,FL,33612-8410,Proprietary  ,25,66,91,25,66,91
00758604,REMINGTON COLLEGE-LARGO CAMPUS          ,FL,33771-0000,Proprietary  ,1,19,20,1,19,20
00787000,HILLSBOROUGH COMMUNITY COLLEGE          ,FL,33606-3572,Public       ,3912,4773,8685,3912,4773,8685
00789300,FLAGLER COLLEGE                         ,FL,32085-1027,Private      ,1957,189,2146,1957,189,2146
00789301,FLAGLER COLLEGE - TALLAHASSEE COMMUNITY ,FL,32304-2895,Private      ,76,138,214,76,138,214
00807500,ST JOHN VIANNEY COLLEGE SEMINARY        ,FL,33165-3244,Private      ,5,2,7,5,2,7
00814600,EVEREST UNIVERSITY - POMPANO BEACH      ,FL,33062-2522,Proprietary  ,44,420,464,44,420,464
00822300,ST VINCENT DE PAUL REGIONL SEMINARY     ,FL,33436-0000,Private      ,0,2,2,0,2,2
00841700,STENOTYPE INST OF JACKSONVILLE          ,FL,32207-0000,Proprietary  ,1,14,15,1,14,15
00850100,RASMUSSEN COLLEGE                       ,FL,34471-7051,Proprietary  ,144,870,1014,144,870,1014
00850103,RASMUSSEN COLLEGE-HOLIDAY               ,FL,34690-0000,Proprietary  ,60,371,431,60,371,431
00850106,RASMUSSEN COLLEGE - FORT MYERS          ,FL,33905-7805,Proprietary  ,33,107,140,33,107,140
00884800,WARNER SOUTHERN COLLEGE                 ,FL,33859-8725,Private      ,227,197,424,227,197,424
00884900,PALM BEACH ATLANTIC UNIVERSITY          ,FL,33401-6505,Private      ,1276,589,1865,1276,589,1865
00887800,MIAMI INTERNATIONAL UNIV ART&DESIGN     ,FL,33132-1418,Proprietary  ,1396,1003,2399,1396,1003,2399
00910400,RIVERSIDE HAIRSTYLING ACADEMY           ,FL,32207-3810,Proprietary  ,0,16,16,0,16,16
00963500,FLORIDA INTERNATIONAL UNIVERSITY        ,FL,33199-0001,Public       ,15077,11458,26535,15077,11458,26535
00984100,UNIVERSITY OF NORTH FLORIDA             ,FL,32224-2645,Public       ,5739,2808,8547,5739,2808,8547
00990200,SHERIDAN TECHNICAL CENTER               ,FL,33021-3399,Public       ,125,449,574,125,449,574
01016100,"LORAINE'S ACADEMY, INC                  ",FL,33710-0000,Proprietary  ,3,10,13,3,10,13
01019500,ART INSTITUTE OF FT LAUDERDALE          ,FL,33316-3000,Proprietary  ,769,643,1412,769,643,1412
01065200,PASCO-HERNANDO COMMUNITY CLG            ,FL,34654-5199,Public       ,1057,1695,2752,1057,1695,2752
01072401,CARLOS ALBIZU UNIVERSITY                ,FL,33172-0000,Private      ,30,310,340,30,310,340
01082600,TOM P. HANEY TECHNICAL CENTER           ,FL,32405-5099,Public       ,31,136,167,31,136,167
01112700,GOODING INST OF NUR ANES BAY MED CT     ,FL,32401-0000,Public       ,1,32,33,1,32,33
01226300,ATLANTIC TECHNICAL CENTER               ,FL,33063-3902,Public       ,90,291,381,90,291,381
01254400,FIRST COAST TECHNICAL COLLEGE           ,FL,32084-1921,Public       ,57,168,225,57,168,225
01254401,FIRST COAST TECHNICAL INSTITUTE - PUTNAM,FL,32077-6830,Public       ,0,7,7,0,7,7
01257400,RINGLING SCHOOL OF ART AND DESIGN       ,FL,34234-5895,Private      ,1272,203,1475,1272,203,1475
01303904,SOUTH UNIVERSITY - WEST PALM BEACH CAMPU,FL,33409-5149,Proprietary  ,100,450,550,100,450,550
01323400,LORENZO WALKER INST OF TECHNOLOGY       ,FL,34104-4405,Public       ,45,133,178,45,133,178
02052002,FLORIDA EDUCATION CENTER - LAUDERHILL   ,FL,33313-5857,Proprietary  ,1,3,4,1,3,4
02089600,CONCORDE CAREER INSTITUTE               ,FL,32211-0000,Proprietary  ,28,197,225,28,197,225
02089709,HERZING COLLEGE                         ,FL,32792-5509,Proprietary  ,13,34,47,13,34,47
02113609,AMERICAN INTERCONTINENTAL UNIV - WESTON ,FL,33326-3233,Proprietary  ,220,441,661,220,441,661
02115300,PINELLAS TECHNICAL EDUCATION CENTERS - S,FL,33711-0000,Public       ,47,240,287,47,240,287
02116006,SANFORD-BROWN INSTITUTE - FT. LAUDERDALE,FL,33309-1906,Proprietary  ,27,189,216,27,189,216
02121800,EVEREST INSTITUTE                       ,FL,33169-4759,Proprietary  ,28,87,115,28,87,115
02121801,EVEREST INSTITUTE  - HIALEAH            ,FL,33012-7193,Proprietary  ,18,16,34,18,16,34
02148200,FASHION FOCUS HAIR ACADEMY              ,FL,34231-0000,Proprietary  ,3,9,12,3,9,12
02148300,MANHATTAN BEAUTY SCHOOL                 ,FL,33611-0000,Proprietary  ,3,27,30,3,27,30
02149900,PAUL MITCHELL THE SCHOOL-JACKSONVILLE   ,FL,32205-0000,Proprietary  ,25,31,56,25,31,56
02151900,KEISER  UNIVERSITY                      ,FL,33309-0000,Proprietary  ,808,3775,4583,808,3775,4583
02156700,FLORIDA CHRISTIAN COLLEGE               ,FL,34744-0000,Private      ,81,46,127,81,46,127
02159600,BAPTIST COLLEGE OF FLORIDA (THE)        ,FL,32440-0000,Private      ,107,56,163,107,56,163
02172700,CONCORDE CAREER INSTITUTE               ,FL,33607-0000,Proprietary  ,21,137,158,21,137,158
02188900,HOBE SOUND BIBLE COLLEGE                ,FL,33475-0000,Private      ,10,7,17,10,7,17
02200100,BRADENTON BEAUTY & BARBER ACADEMY       ,FL,34209-0000,Proprietary  ,4,10,14,4,10,14
02215900,ATI CAREER TRAINING CENTER              ,FL,33309-1785,Proprietary  ,7,24,31,7,24,31
02218700,FLORIDA TECHNICAL COLLEGE               ,FL,32826-2707,Proprietary  ,72,244,316,72,244,316
02218707,FLORIDA TECHNICAL COLLEGE - LAKELAND    ,FL,33813-2101,Proprietary  ,10,64,74,10,64,74
02218709,FLORIDA TECHNICAL COLLEGE - DELAND      ,FL,32720-7415,Proprietary  ,14,36,50,14,36,50
02228300,LAKE TECHNICAL CENTER                   ,FL,32726-0000,Public       ,44,166,210,44,166,210
02245500,CENTRAL FLORIDA COLLEGE                 ,FL,32789-4679,Proprietary  ,62,98,160,62,98,160
02257900,INTERNATIONAL ACADEMY                   ,FL,32119-3541,Proprietary  ,10,8,18,10,8,18
02275100,CONCORDE CAREER INSTITUTE               ,FL,33025-0000,Proprietary  ,13,99,112,13,99,112
02278800,SOUTHWEST FLORIDA COLLEGE               ,FL,33907-0000,Proprietary  ,73,270,343,73,270,343
02278801,SOUTHWEST FLORIDA COLLEGE - TAMPA       ,FL,33619-1344,Proprietary  ,66,119,185,66,119,185
02278802,SOUTHWEST FLORIDA COLLEGE - INSTITUTUE O,FL,33928-9469,Proprietary  ,2,2,4,2,2,4
02278803,SOUTHWEST FLORIDA COLLEGE - PORT CHARLOT,FL,33953-3100,Proprietary  ,3,29,32,3,29,32
02279600,CORTIVA INSTITUTE - FLORIDA             ,FL,33781-0000,Proprietary  ,3,25,28,3,25,28
02280800,NEW ENGLAND INST TECH-PALM BEACH        ,FL,33407-0000,Proprietary  ,60,257,317,60,257,317
02283800,BEAUTY SCHOOLS OF AMERICA               ,FL,33012-3322,Proprietary  ,10,16,26,10,16,26
02286500,ITT TECHNICAL INSTITUTE                 ,FL,33634-7515,Proprietary  ,105,178,283,105,178,283
02293200,ATI CAREER TRAINING CENTER              ,FL,33309-5916,Proprietary  ,3,6,9,3,6,9
02293201,ATI CAREER TRAINING CENTER - MIAMI      ,FL,33122-1707,Proprietary  ,9,23,32,9,23,32
02293202,ATI CAREER TAINING CENTER - ATI COLLEGE ,FL,87109-2016,Proprietary  ,11,31,42,11,31,42
02293600,ADVANCED TECHNICAL CENTERS              ,FL,33266-1597,Private      ,5,2,7,5,2,7
02297000,CHARLOTTE TECHNICAL CENTER              ,FL,33948-0000,Public       ,40,157,197,40,157,197
02300900,WITHLACOOCHEE TECHNICAL INSTITUTE       ,FL,34450-0000,Public       ,33,148,181,33,148,181
02305700,GULF COAST COLLEGE                      ,FL,33619-0000,Proprietary  ,47,73,120,47,73,120
02305800,FLORIDA CAREER COLLEGE                  ,FL,33012-7028,Proprietary  ,149,563,712,149,563,712
02307400,GEORGE STONE AREA VOCATIONAL TECHNICAL  ,FL,32526-0000,Public       ,43,179,222,43,179,222
02314100,SCHILLER INTERNATIONAL UNIVERSITY       ,FL,33770-3716,Proprietary  ,43,57,100,43,57,100
02316200,MIAMI LAKES TECHNICAL EDUCATION CTR     ,FL,33014-0000,Public       ,68,217,285,68,217,285
02321200,ORANGE TECH EDUC CTR- WESTSIDE TECH     ,FL,34787-0000,Public       ,48,105,153,48,105,153
02325100,KEY COLLEGE                             ,FL,33004-3046,Proprietary  ,5,25,30,5,25,30
02326303,MEDVANCE INSTITUTE - WEST PALM          ,FL,33461-2171,Proprietary  ,7,34,41,7,34,41
02326306,MEDVANCE INSTITUTE - MIAMI              ,FL,33173-3431,Proprietary  ,8,27,35,8,27,35
02326800,RESORT & SPA SCHOOLS INTERNATIONAL      ,FL,34233-0000,Proprietary  ,1,9,10,1,9,10
02326900,SUNSTATE ACADEMY OF HAIR DESIGN         ,FL,33907-1415,Proprietary  ,9,15,24,9,15,24
02329900,FLORIDA INSTITUTE OF ULTRASOUND         ,FL,32514-0000,Proprietary  ,14,59,73,14,59,73
02338400,FT PIERCE BEAUTY ACADEMY                ,FL,34982-0000,Proprietary  ,6,4,10,6,4,10
02341001,FORTIS COLLEGE - DBA FORTIS INSTITUTE   ,FL,32504-7322,Proprietary  ,11,40,51,11,40,51
02346200,WYOTECH                                 ,FL,32174-1010,Proprietary  ,160,142,302,160,142,302
02362100,FULL SAIL UNIVERSITY                    ,FL,32792-0000,Proprietary  ,3224,2283,5507,3224,2283,5507
02499000,ACADEMY OF COSMETOLOGY                  ,FL,32953-3311,Proprietary  ,4,14,18,4,14,18
02501500,"O*TEC, MID-FLORIDA TECH                 ",FL,32809-0000,Public       ,75,136,211,75,136,211
02504600,WINTER PARK TECH                        ,FL,32789-0000,Public       ,33,132,165,33,132,165
02508900,TALMUDIC COLLEGE OF FLORIDA             ,FL,33139-0000,Private      ,0,2,2,0,2,2
02511700,RIDGE TECHNICAL CENTER                  ,FL,33881-0000,Public       ,41,150,191,41,150,191
02513200,ORLANDO TECHNICAL CENTER                ,FL,32801-0000,Public       ,74,298,372,74,298,372
02515400,CITY COLLEGE                            ,FL,33309-3073,Private      ,62,354,416,62,354,416
02517100,SARASOTA SCHOOL OF MASSAGE THERAPY      ,FL,34243-6130,Proprietary  ,6,34,40,6,34,40
02524000,SUNSTATE ACADEMY OF HAIR DESIGN         ,FL,34624-0000,Proprietary  ,9,7,16,9,7,16
02524200,ROBERT MORGAN EDUCATIONAL CENTER        ,FL,33177-0000,Public       ,67,148,215,67,148,215
02547600,FLORIDA NATIONAL COLLEGE                ,FL,33012-0000,Proprietary  ,17,75,92,17,75,92
02554200,RADFORD LOCKLIN TECH CENTER             ,FL,32570-0000,Public       ,7,41,48,7,41,48
02573200,LA BELLE BEAUTY ACADEMY                 ,FL,33135-0000,Proprietary  ,4,0,4,4,0,4
02586200,FLORIDA CAREER COLLEGE                  ,FL,33759-3924,Proprietary  ,26,142,168,26,142,168
02586201,FLORIDA CAREER COLLEGE -                ,FL,33569-2553,Proprietary  ,0,4,4,0,4,4
02597100,HERITAGE INSTITUTE                      ,FL,33912-7132,Proprietary  ,51,163,214,51,163,214
02598200,FLORIDA TECHNICAL CLG JACKSONVILLE      ,FL,32211-5123,Proprietary  ,23,85,108,23,85,108
02599800,EVEREST UNIVERSITY                      ,FL,33770-2556,Proprietary  ,29,224,253,29,224,253
02599801,EVEREST UNIVERSITY - TAMPA LAKELAND CAMP,FL,33801-3801,Proprietary  ,38,322,360,38,322,360
02599805,EVEREST UNIVERSITY - JACKSONVILLE       ,FL,32256-0000,Proprietary  ,31,202,233,31,202,233
02601600,HENRY W BREWSTER TECHNICAL CENTER       ,FL,33602-0000,Public       ,19,119,138,19,119,138
02612700,DARLYNE MCGEE'S ACAD OF COSMETOLOGY     ,FL,32905-2805,Proprietary  ,4,4,8,4,4,8
02616400,SANFORD-BROWN INSTITUTE                 ,FL,32256-3520,Proprietary  ,76,602,678,76,602,678
02616401,SANFORD-BROWN INSTITUTE - TAMPA         ,FL,33610-8304,Proprietary  ,24,176,200,24,176,200
03003200,EVEREST INSTITUTE                       ,FL,33186-1410,Proprietary  ,18,38,56,18,38,56
03003201,EVEREST INSTITUTE - FT. LAUDERDALE      ,FL,33304-2522,Proprietary  ,8,29,37,8,29,37
03003600,MCFATTER TECHNICAL CENTER               ,FL,33317-7499,Public       ,88,212,300,88,212,300
03006801,PENNSYLVANIA CULINARY INSTITUTE - LE COR,FL,33025-3929,Proprietary  ,122,270,392,122,270,392
03008600,FLORIDA COLLEGE OF NATURAL HEALTH       ,FL,33064-1342,Proprietary  ,36,151,187,36,151,187
03010608,VIRGINIA COLLEGE - PENSACOLA            ,FL,32501-5650,Proprietary  ,18,211,229,18,211,229
03010612,VIRGINIA COLLEGE - GOLF ACADEMY OF AMERI,FL,32701-0000,Proprietary  ,41,80,121,41,80,121
03012300,ASM BEAUTY WORLD ACADEMY                ,FL,33021-0000,Proprietary  ,0,1,1,0,1,1
03018500,BENE'S INTERNATIONAL SCHOOL OF BEAUTY   ,FL,34652-1637,Proprietary  ,4,17,21,4,17,21
03028200,TRINITY COLLEGE OF FLORIDA              ,FL,34655-4401,Private      ,48,39,87,48,39,87
03031400,INTERNATIONAL ACAD OF DESIGN & TECH     ,FL,33634-6313,Proprietary  ,721,1317,2038,721,1317,2038
03031402,INTERNATIONAL ACADEMY OF DESIGN AND TECH,FL,32809-4613,Proprietary  ,283,256,539,283,256,539
03031403,IADT - ORLANDO CULINARY ACADEMY         ,FL,32819-0000,Proprietary  ,146,123,269,146,123,269
03035800,HERITAGE INSTITUTE                      ,FL,32216-0948,Proprietary  ,3,35,38,3,35,38
03035900,NATIONAL AVIATION ACADEMY               ,FL,33760-3931,Proprietary  ,52,150,202,52,150,202
03037500,HODGES UNIVERSITY                       ,FL,34119-7932,Private      ,71,553,624,71,553,624
03054200,TECHNICAL CAREER INSTITUTE              ,FL,33144-2373,Proprietary  ,67,50,117,67,50,117
03071600,COLLEGE OF BUSINESS & TECHNOLOGY        ,FL,33176-1412,Proprietary  ,26,94,120,26,94,120
03071601,COLLEGE OF BUSINESS & TECHNOLOGY -      ,FL,33144-2072,Proprietary  ,4,8,12,4,8,12
03071602,COLLEGE OF BUSINESS & TECHNOLOGY -      ,FL,33012-3436,Proprietary  ,4,0,4,4,0,4
03076402,HIGH-TECH INSTITUTE - ORLANDO           ,FL,32803-3509,Proprietary  ,22,49,71,22,49,71
03079800,GEORGE T BAKER AVIATION                 ,FL,33142-5687,Public       ,42,49,91,42,49,91
03079900,CITY COLLEGE                            ,FL,32707-5342,Private      ,3,10,13,3,10,13
03087600,ITT TECHNICAL INSTITUTE                 ,FL,32746-1607,Proprietary  ,85,168,253,85,168,253
03089200,NOUVELLE INSTITUTE                      ,FL,33125-4141,Proprietary  ,0,2,2,0,2,2
03096300,FLORIDA CAREER INSTITUTE                ,FL,33860-0000,Proprietary  ,2,37,39,2,37,39
03099600,MERCY HOSPITAL SCHOOL OF PRACTICAL NSG  ,FL,33133-4237,Private      ,19,58,77,19,58,77
03100800,TAYLOR TECHNICAL INSTITUTE              ,FL,32348-0894,Public       ,8,39,47,8,39,47
03101900,TRINITY BAPTIST COLLEGE                 ,FL,32221-1398,Private      ,64,39,103,64,39,103
03103900,MARION COUNTY COMMUNITY TECH & ADUL     ,FL,34474-3172,Public       ,47,215,262,47,215,262
03108500,EVERGLADES UNIVERSITY                   ,FL,33431-0000,Private      ,34,310,344,34,310,344
03108600,COM-PU-MED VOCATIONAL CAREERS           ,FL,33012-4861,Proprietary  ,0,2,2,0,2,2
03113400,ACADEMY OF HEALING ARTS                 ,FL,33463-2113,Proprietary  ,4,12,16,4,12,16
03114700,PRAXIS INSTITUTE                        ,FL,33135-2657,Proprietary  ,1,2,3,1,2,3
03115500,FLORIDA HOSPITAL COLG OF HEALTH SCI     ,FL,32803-1237,Private      ,351,748,1099,351,748,1099
03123900,KEISER CAREER INSTITUTE                 ,FL,33413-0000,Proprietary  ,72,334,406,72,334,406
03125600,MIAMI AD SCHOOL                         ,FL,33139-5203,Proprietary  ,10,96,106,10,96,106
03127900,TECHNICAL EDUCATION CTR OSCEOLA         ,FL,34744-4459,Public       ,50,127,177,50,127,177
03139600,DELTA CONNECTION ACADEMY                ,FL,32773-9683,Proprietary  ,30,24,54,30,24,54
03158300,LEE COUNTY HIGH TECH CENTER NORTH       ,FL,33993-2479,Public       ,24,96,120,24,96,120
03171300,UNIVERSITY OF ST. AUGUSTINE FOR HEALTH S,FL,32084-4215,Proprietary  ,6,251,257,6,251,257
03178400,CORAL RIDGE NURSES ASST TRAINING        ,FL,33306-0000,Proprietary  ,0,6,6,0,6,6
03224300,NEW PROFESSIONS TECHNICAL INSTITUTE     ,FL,33134-1640,Proprietary  ,4,43,47,4,43,47
03230300,OKALOOSA APPLIED TECHNOLOGY CENTER      ,FL,32547-1299,Public       ,18,143,161,18,143,161
03238300,FLORIDA COLLEGE OF INTEGRATIVE MED      ,FL,32809-5721,Proprietary  ,15,72,87,15,72,87
03255300,FLORIDA GULF COAST UNIVERSITY           ,FL,33965-6565,Public       ,5583,1657,7240,5583,1657,7240
03256300,YESHIVA GEDOLAH RABBINICAL COLLEGE      ,FL,33139-4708,Private      ,2,1,3,2,1,3
03264300,SOUTH FLORIDA BIBLE COLLEGE AND THEOLOGI,FL,33441-5768,Private      ,6,9,15,6,9,15
03346300,ACAD FOR PRAC NURSING & HEALTH OCCP     ,FL,33417-4574,Private      ,22,40,62,22,40,62
03348400,PROFESSIONAL TRAINING CENTERS           ,FL,33184-0000,Proprietary  ,18,120,138,18,120,138
03370300,AUDIO RECORDING TECHNOLOGY INSTITUTE    ,FL,32811-0000,Proprietary  ,23,37,60,23,37,60
03373300,BEACON COLLEGE                          ,FL,34748-5224,Private      ,52,20,72,52,20,72
03374300,FLORIDA COASTAL SCHOOL OF LAW           ,FL,32256-0000,Proprietary  ,8,1898,1906,8,1898,1906
03382300,BRADFORD-UNION AREA CAREERTECHNICAL CENT,FL,32091-2434,Public       ,12,68,80,12,68,80
03390300,LINCOLN TECHNICAL INSTITUTE             ,FL,32730-2351,Proprietary  ,28,171,199,28,171,199
03411400,INTERNATIONAL TRAINING CAREERS          ,FL,33155-1462,Private      ,3,2,5,3,2,5
03414500,SOUTHEAST INSTITUTE OF ORIENTAL MED     ,FL,33176-1509,Proprietary  ,1,19,20,1,19,20
03425400,CENTRAL FLORIDA INSTITUTE               ,FL,34684-4436,Proprietary  ,34,143,177,34,143,177
03429600,ATLANTIC INST OF ORIENTAL MEDICINE      ,FL,33316-0000,Private      ,0,25,25,0,25,25
03429700,EAST WEST COLLG OF NATURAL MEDICINE     ,FL,34236-4959,Proprietary  ,0,35,35,0,35,35
03433400,NEW CONCEPT MASSAGE AND BEAUTY SCHO     ,FL,33135-0000,Proprietary  ,2,9,11,2,9,11
03434300,FORTIS COLLEGE                          ,FL,32073-2999,Proprietary  ,21,162,183,21,162,183
03459400,SAINT PETERSBURG THEOLOGICAL SEMINA     ,FL,33708-3116,Private      ,2,14,16,2,14,16
03480301,MEDVANCE INSTITUTE - FORT LAUDERDALE    ,FL,33313-7261,Proprietary  ,1,15,16,1,15,16
03480302,MEDVANCE INSTITUTE - STUART             ,FL,34994-3000,Proprietary  ,3,14,17,3,14,17
03491400,AMERICAN ADVANCED TECHNICIANS INST      ,FL,33014-4430,Proprietary  ,1,2,3,1,2,3
03549300,ULTIMATE MEDICAL ACADEMY                ,FL,33756-5802,Proprietary  ,27,181,208,27,181,208
03553300,KEISER CAREER COLLEGE                   ,FL,32216-0000,Proprietary  ,28,68,96,28,68,96
03557300,NORTH FLORIDA COSMETOLOGY INSTITUTE     ,FL,32312-0000,Proprietary  ,16,36,52,16,36,52
03564300,SUPERIOR CAREER INSTITUTE               ,FL,33311-1141,Proprietary  ,0,2,2,0,2,2
03570400,ENGLISH CENTER (THE)                    ,FL,33133-2703,Public       ,0,13,13,0,13,13
03595400,ANGLEY COLLEGE                          ,FL,32720-4257,Proprietary  ,6,19,25,6,19,25
03611400,FLORIDA BARBER ACADEMY                  ,FL,33441-0000,Proprietary  ,3,3,6,3,3,6
03618300,FLORIDA INSTITUTE OF ANIMAL ARTS        ,FL,32792-1740,Proprietary  ,19,26,45,19,26,45
03627400,JACKSONVILLE BEAUTY INSTITUTE           ,FL,32208-1885,Proprietary  ,4,13,17,4,13,17
03627600,FLORIDA EDUCATION INSTITUTE             ,FL,33144-5036,Proprietary  ,2,8,10,2,8,10
03661400,SOUTH FLORIDA INSTITUTE OF TECHNOLO     ,FL,33135-0000,Proprietary  ,12,6,18,12,6,18
03691400,AVE MARIA SCHOOL OF LAW                 ,FL,34119-1376,Private      ,1,393,394,1,393,394
03696400,SABER                                   ,FL,33134-1604,Private      ,9,59,68,9,59,68
03706300,AMERICAN INSTITUTE                      ,FL,33319-5613,Proprietary  ,12,43,55,12,43,55
03757300,ADVANCE SCIENCE INSTITUTE               ,FL,33012-0000,Proprietary  ,1,0,1,1,0,1
03801400,BEAUTY INSTITUTE (THE)                  ,FL,33409-2972,Proprietary  ,7,10,17,7,10,17
03801401,BEAUTY INSTITUTE (THE) - MARGATE        ,FL,33068-5704,Proprietary  ,2,2,4,2,2,4
03816300,ARTISTIC NAILS & BEAUTY ACADEMY         ,FL,33605-5919,Proprietary  ,2,20,22,2,20,22
03823300,FLORIDA ACADEMY OF HEALTH & BEAUTY      ,FL,33311-0000,Proprietary  ,0,1,1,0,1,1
03832300,DADE MEDICAL COLLEGE                    ,FL,33126-5534,Proprietary  ,13,26,39,13,26,39
03842500,CAMBRIDGE INSTITUTE OF ALLIED HEALTH    ,FL,32750-0000,Proprietary  ,1,6,7,1,6,7
03856300,UNIVERSAL BEAUTY SCHOOL                 ,FL,33174-4406,Proprietary  ,2,0,2,2,0,2
03866300,GALIANO CAREER ACADEMY                  ,FL,32701-0000,Proprietary  ,2,16,18,2,16,18
03875300,MEDICAL CAREER INSTITUTE OF SOUTH FLORID,FL,33407-2103,Proprietary  ,10,48,58,10,48,58
03888300,DRAGON RISES COLLEGE OF ORIENTAL MEDICIN,FL,32601-5089,Proprietary  ,0,11,11,0,11,11
03903500,SOUTHERN TECHNICAL COLLEGE              ,FL,32809-0000,Proprietary  ,14,40,54,14,40,54
03906300,CAREER INSTITUTE OF FLORIDA             ,FL,33773-3434,Proprietary  ,5,20,25,5,20,25
03939300,WOLFORD COLLEGE                         ,FL,34108-1931,Private      ,3,78,81,3,78,81
03939400,CENTURA INSTITUTE                       ,FL,32807-3566,Proprietary  ,5,63,68,5,63,68
03939600,DAYTONA COLLEGE                         ,FL,32174-8445,Proprietary  ,12,12,24,12,12,24
03941300,AVE MARIA UNIVERSITY                    ,FL,34142-9505,Private      ,443,188,631,443,188,631
03957400,NEW COLLEGE OF FLORIDA                  ,FL,34243-2109,Public       ,1167,69,1236,1167,69,1236
03985300,COMMERCIAL DIVING ACADEMY               ,FL,32208-0000,Proprietary  ,26,136,162,26,136,162
03986300,AVIATOR COLLEGE OF AERONAUTICAL SCIENCE ,FL,34946-9022,Proprietary  ,5,8,13,5,8,13
04016500,AMERICAN INSTITUTE OF BEAUTY            ,FL,33773-0000,Proprietary  ,2,6,8,2,6,8
04029300,TRENDSETTERS OF FLORIDA SCHOOL OF BEAUTY,FL,32205-0000,Proprietary  ,3,18,21,3,18,21
04058300,HEALTH OPPORTUNITY TECHNICAL CENTER     ,FL,33169-4517,Proprietary  ,2,27,29,2,27,29
04105400,PENSACOLA SCHOOL OF MASSAGE THERAPY & HE,FL,32504-7337,Proprietary  ,6,36,42,6,36,42
04106300,PALM BEACH ACADEMY OF HEALTH & BEAUTY   ,FL,33403-2130,Proprietary  ,13,26,39,13,26,39
04116600,TAYLOR COLLEGE                          ,FL,34420-8714,Proprietary  ,7,73,80,7,73,80
04119400,AVEDA INSTITUTE - SAINT PETERSBURG      ,FL,33701-4242,Proprietary  ,77,111,188,77,111,188
04120400,HI-TECH SCHOOL OF COSMETOLOGY           ,FL,33174-0000,Proprietary  ,5,2,7,5,2,7
04120500,ACADEMY OF PROFESSIONAL CAREERS         ,FL,32792-4433,Proprietary  ,3,7,10,3,7,10
04126900,ACADEMY OF CAREER TRAINING              ,FL,34741-4644,Proprietary  ,15,44,59,15,44,59
04127400,DIGITAL MEDIA ARTS COLLEGE              ,FL,33431-5919,Proprietary  ,98,60,158,98,60,158
04128400,MANAGEMENT RESOURCES INSTITUTE          ,FL,33126-5473,Proprietary  ,1,1,2,1,1,2
04129900,FLORIDA SCHOOL OF MASSAGE               ,FL,32608-5419,Proprietary  ,29,47,76,29,47,76
04130400,SHEAR EXCELLENCE INTERNATIONAL HAIR ACAD,FL,33614-2783,Private      ,4,8,12,4,8,12
04131900,FASTTRAIN OF MIAMI                      ,FL,33134-1065,Proprietary  ,4,24,28,4,24,28
04132000,FASTTRAIN OF FORT LAUDERDALE            ,FL,33311-1506,Proprietary  ,3,13,16,3,13,16
04132100,FASTTRAIN OF TAMPA                      ,FL,33607-4153,Proprietary  ,3,17,20,3,17,20
04132200,FASTTRAIN OF JACKSONVILLE               ,FL,32256-4849,Proprietary  ,2,14,16,2,14,16
04133500,ACADEMY FOR FIVE ELEMENT ACUPUNCTURE    ,FL,32601-6811,Private      ,1,21,22,1,21,22
04134800,AVEDA INSTITUTE - TALLAHASSEE           ,FL,32304-3186,Proprietary  ,28,32,60,28,32,60
04134900,ORANGE PARK BEAUTY ACADEMY              ,FL,32073-5524,Proprietary  ,3,8,11,3,8,11
04135000,COZMO THE SCHOOL                        ,FL,34135-4810,Proprietary  ,1,5,6,1,5,6
04135900,ALLIED HEALTH INSTITUTE                 ,FL,33309-1900,Proprietary  ,5,98,103,5,98,103
04140800,NORTH FLORIDA ACADEMY                   ,FL,32065-7758,Proprietary  ,5,10,15,5,10,15
00160500,CHAMINADE UNIV OF HONOLULU              ,HI,96816-1578,Private      ,1053,638,1691,1053,638,1691
00160600,BRIGHAM YOUNG UNIV-HAWAII CAMPUS        ,HI,96762-1294,Private      ,586,267,853,586,267,853
00161000,UNIVERSITY OF HAWAII AT MANOA           ,HI,96822-2399,Public       ,8031,4758,12789,8031,4758,12789
00161100,UNIVERSITY OF HAWAII AT HILO            ,HI,96720-4091,Public       ,2292,1395,3687,2292,1395,3687
00161200,HONOLULU COMMUNITY COLLEGE              ,HI,96817-4598,Public       ,719,634,1353,719,634,1353
00161300,KAPIOLANI COMMUNITY COLLEGE             ,HI,96816-4421,Public       ,1243,978,2221,1243,978,2221
00161400,KAUAI COMMUNITY COLLEGE                 ,HI,96766-9591,Public       ,136,165,301,136,165,301
00161500,MAUI COMMUNITY COLLEGE                  ,HI,96732-1644,Public       ,640,886,1526,640,886,1526
00454900,LEEWARD COMMUNITY COLLEGE               ,HI,96782-3393,Public       ,866,843,1709,866,843,1709
00525800,HAWAII COMMUNITY COLLEGE                ,HI,96720-4075,Public       ,668,833,1501,668,833,1501
00723401,HEALD COLLEGE - HONOLULU                ,HI,96814-0000,Proprietary  ,140,154,294,140,154,294
00727900,HAWAII PACIFIC UNIVERSITY               ,HI,96813-2882,Private      ,2945,1480,4425,2945,1480,4425
01122000,WINDWARD COMMUNITY COLLEGE              ,HI,96744-0000,Public       ,313,395,708,313,395,708
02100300,MED-ASSIST SCHOOL OF HAWAII             ,HI,96813-0000,Proprietary  ,9,15,24,9,15,24
02107800,UNIVERSITY OF HAWAII - WEST OAHU        ,HI,96782-0000,Public       ,439,488,927,439,488,927
02139500,HAWAII INSTITUTE OF HAIR DESIGN         ,HI,96817-5195,Proprietary  ,6,19,25,6,19,25
03017800,TRAVEL INSTITUTE OF THE PACIFIC         ,HI,96814-1946,Proprietary  ,6,25,31,6,25,31
03020800,NEW YORK TECHNICAL INST OF HAWAII       ,HI,96817-4415,Proprietary  ,1,3,4,1,3,4
03072500,WORLD MEDICINE INSTITUTE                ,HI,96826-0000,Private      ,10,22,32,10,22,32
03649300,HAWAII TECHNOLOGY INSTITUTE             ,HI,96813-3036,Private      ,10,13,23,10,13,23
03735300,INST OF CLINICAL ACUPUNCTURE & ORIENT MD,HI,96813-2307,Proprietary  ,0,12,12,0,12,12
03999400,TRADITIONAL CHINESE MEDICAL COLLEGE OF H,HI,96743-8324,Private      ,1,19,20,1,19,20
00161600,BOISE STATE UNIVERSITY                  ,ID,83725-1000,Public       ,7371,6043,13414,7371,6043,13414
00161700,"COLLEGE OF IDAHO, THE                   ",ID,83605-4432,Private      ,1025,147,1172,1025,147,1172
00161900,COLLEGE OF SOUTHERN IDAHO               ,ID,83301-0000,Public       ,1671,1686,3357,1671,1686,3357
00162000,IDAHO STATE UNIVERSITY                  ,ID,83209-5377,Public       ,2568,3291,5859,2568,3291,5859
00162100,LEWIS-CLARK STATE COLLEGE               ,ID,83501-2698,Public       ,1639,1084,2723,1639,1084,2723
00162300,NORTH IDAHO COLLEGE                     ,ID,83814-2199,Public       ,1471,1388,2859,1471,1388,2859
00162400,NORTHWEST NAZARENE UNIVERSITY           ,ID,83686-5897,Private      ,1187,395,1582,1187,395,1582
00162500,BRIGHAM YOUNG UNIVERSITY-IDAHO          ,ID,83460-1650,Private      ,3722,1616,5338,3722,1616,5338
00162600,UNIVERSITY OF IDAHO                     ,ID,83844-4291,Public       ,7078,2654,9732,7078,2654,9732
00455300,ITT TECHNICAL INSTITUTE                 ,ID,83713-1529,Proprietary  ,154,246,400,154,246,400
00458304,BROWN MACKIE COLLEGE-SOUTH BEND - BROWN ,ID,83709-2746,Proprietary  ,22,141,163,22,141,163
00987300,MR JUAN'S CLG OF HAIR DESIGN            ,ID,83301-4154,Proprietary  ,6,8,14,6,8,14
01113300,EASTERN IDAHO TECHNICAL COLLEGE         ,ID,83404-5788,Public       ,119,371,490,119,371,490
02210700,CAREER BEAUTY COLLEGE                   ,ID,83440-0000,Proprietary  ,2,1,3,2,1,3
02218000,APOLLO COLLEGE                          ,ID,83704-0000,Proprietary  ,59,190,249,59,190,249
02234500,BOISE BIBLE COLLEGE                     ,ID,83714-1220,Private      ,68,18,86,68,18,86
02275800,MR LEONS SCHOOL OF HAIR DESIGN          ,ID,83843-8384,Proprietary  ,5,7,12,5,7,12
02275801,MR. LEON'S SCHOOL OF HAIR DESIGN        ,ID,83501-1910,Proprietary  ,0,4,4,0,4,4
02314000,SCHOOL OF HAIRSTYLING (THE)             ,ID,83202-0000,Proprietary  ,8,19,27,8,19,27
02319800,HEADMASTERS SCHOOL OF HAIR DESIGN       ,ID,83814-0000,Proprietary  ,11,21,32,11,21,32
02349200,HEADMASTERS SCHOOL OF HAIR DESIGN       ,ID,83501-0000,Proprietary  ,7,8,15,7,8,15
02559500,RAZZLE DAZZLE CLG OF HAIR DESIGN        ,ID,83686-5104,Proprietary  ,15,29,44,15,29,44
02607100,SCOT LEWIS SCHOOLS                      ,ID,83709-1662,Proprietary  ,30,31,61,30,31,61
03098700,ACADEMY OF COURT REPORTING              ,ID,83704-8320,Proprietary  ,49,204,253,49,204,253
03832400,COSMETOLOGY SCHOOL OF ARTS & SCIENCES   ,ID,83318-1327,Proprietary  ,5,19,24,5,19,24
04134300,EVANS HAIRSTYLING COLLEGE               ,ID,83440-5277,Proprietary  ,12,2,14,12,2,14
04144500,HAIR ACDMY PAUL MITCHELL PARTNER SCHOOL ,ID,83440-2600,Proprietary  ,16,17,33,16,17,33
00163200,AQUINAS INSTITUTE OF THEOLOGY           ,MO,63108-3323,Private      ,2,38,40,2,38,40
00244900,AVILA COLLEGE                           ,MO,64145-1698,Private      ,614,547,1161,614,547,1161
00245000,CALVARY BIBLE COLLEGE                   ,MO,64147-1341,Private      ,73,54,127,73,54,127
00245200,CENTRAL BIBLE COLLEGE                   ,MO,65803-1096,Private      ,239,114,353,239,114,353
00245300,CENTRAL METHODIST UNIVERSITY            ,MO,65248-1198,Private      ,985,282,1267,985,282,1267
00245301,CENTRAL METHODIST UNIVERSITY            ,MO,63601-0000,Private      ,32,73,105,32,73,105
00245302,CENTRAL METHODIST UNIVERSITY- UNION     ,MO,63084-0000,Private      ,17,13,30,17,13,30
00245400,UNIVERSITY OF CENTRAL MISSOURI          ,MO,64093-5178,Public       ,4881,1983,6864,4881,1983,6864
00245600,COLUMBIA COLLEGE                        ,MO,65216-4581,Private      ,1514,7134,8648,1514,7134,8648
00245700,CONCORDIA SEMINARY                      ,MO,63105-3199,Private      ,3,410,413,3,410,413
00245800,COTTEY COLLEGE                          ,MO,64772-2790,Private      ,239,22,261,239,22,261
00245900,CROWDER COLLEGE                         ,MO,64850-9165,Public       ,767,716,1483,767,716,1483
00246000,CULVER STOCKTON COLLEGE                 ,MO,63435-1299,Private      ,720,78,798,720,78,798
00246100,DRURY UNIVERSITY                        ,MO,65802-3791,Private      ,1480,1525,3005,1480,1525,3005
00246200,EDEN THEOLOGICAL SEMINARY               ,MO,63119-0000,Private      ,3,43,46,3,43,46
00246300,EVANGEL UNIVERSITY                      ,MO,65802-2125,Private      ,1248,266,1514,1248,266,1514
00246400,FONTBONNE UNIVERSITY                    ,MO,63105-3098,Private      ,853,1215,2068,853,1215,2068
00246600,HARRIS-STOWE STATE COLLEGE              ,MO,63103-2199,Public       ,716,612,1328,716,612,1328
00246700,CONCEPTION SEMINARY COLLEGE             ,MO,64433-0000,Private      ,24,9,33,24,9,33
00246800,JEFFERSON COLLEGE                       ,MO,63050-2441,Public       ,1094,729,1823,1094,729,1823
00247100,ST LOUIS COMMUNITY COLLEGE              ,MO,63102-0000,Public       ,3203,3779,6982,3203,3779,6982
00247300,KANSAS CITY ART INSTITUTE               ,MO,64111-1874,Private      ,699,126,825,699,126,825
00247400,KANSAS CITY UNIV OF MED & BIOSCIENCES   ,MO,64106-0000,Private      ,14,469,483,14,469,483
00247600,KENRICK-GLENNON SEMINARY                ,MO,63119-0000,Private      ,6,2,8,6,2,8
00247700,A.T. STILL UNIV OF HEALTH SCIENCES      ,MO,63501-0000,Private      ,8,1534,1542,8,1534,1542
00247900,LINCOLN UNIVERSITY                      ,MO,65101-3500,Public       ,1597,703,2300,1597,703,2300
00248000,LINDENWOOD UNIVERSITY                   ,MO,63301-1695,Private      ,3181,2632,5813,3181,2632,5813
00248200,MARYVILLE UNIVERSITY                    ,MO,63141-7299,Private      ,1614,957,2571,1614,957,2571
00248400,METROPOLITAN COMMUNITY COLLEGE          ,MO,64111-2408,Public       ,3354,3828,7182,3354,3828,7182
00248500,MIDWESTERN BAPTIST THEOL SEMINARY       ,MO,64118-4697,Private      ,28,53,81,28,53,81
00248600,MINERAL AREA COLLEGE                    ,MO,63601-1000,Public       ,877,695,1572,877,695,1572
00248800,MISSOURI SOUTHERN STATE UNIVERSITY      ,MO,64801-1595,Public       ,2126,1507,3633,2126,1507,3633
00248900,MISSOURI VALLEY COLLEGE                 ,MO,65340-3197,Private      ,1117,226,1343,1117,226,1343
00249000,MISSOURI WESTERN STATE UNIVERSITY       ,MO,64507-2294,Public       ,3266,1339,4605,3266,1339,4605
00249100,MOBERLY AREA COMMUNITY COLLEGE          ,MO,65270-1304,Public       ,1235,1011,2246,1235,1011,2246
00249400,NAZARENE THEOLOGICAL SEMINARY           ,MO,64131-1246,Private      ,0,62,62,0,62,62
00249500,TRUMAN STATE UNIVERSITY                 ,MO,63501-4221,Public       ,4606,357,4963,4606,357,4963
00249600,NORTHWEST MISSOURI STATE UNIV           ,MO,64468-6001,Public       ,4715,664,5379,4715,664,5379
00249800,PARK UNIVERSITY                         ,MO,64152-3795,Private      ,636,2505,3141,636,2505,3141
00249900,ROCKHURST UNIVERSITY                    ,MO,64110-2561,Private      ,1534,599,2133,1534,599,2133
00250000,COLLEGE OF THE OZARKS                   ,MO,65726-2502,Private      ,2573,264,2837,2573,264,2837
00250100,SOUTHEAST MISSOURI STATE UNIV           ,MO,63701-4799,Public       ,5558,1735,7293,5558,1735,7293
00250200,SOUTHWEST BAPTIST UNIVERSITY            ,MO,65613-2597,Private      ,1546,637,2183,1546,637,2183
00250300,MISSOURI STATE UNIVERSITY               ,MO,65897-0094,Public       ,8661,2921,11582,8661,2921,11582
00250400,ST LOUIS COLLEGE OF PHARMACY            ,MO,63110-1088,Private      ,642,348,990,642,348,990
00250600,SAINT LOUIS UNIVERSITY                  ,MO,63103-2097,Private      ,7105,4426,11531,7105,4426,11531
00250900,SAINT PAUL SCHOOL OF THEOLOGY           ,MO,64127-2499,Private      ,3,124,127,3,124,127
00251200,STEPHENS COLLEGE                        ,MO,65215-0001,Private      ,771,202,973,771,202,973
00251400,NORTH CENTRAL MISSOURI COLLEGE          ,MO,64683-1824,Public       ,404,320,724,404,320,724
00251600,UNIVERSITY OF MISSOURI-COLUMBIA         ,MO,65211-1600,Public       ,17446,4934,22380,17446,4934,22380
00251700,MISSOURI UNIVERSITY OF SCIENCE & TECHNOL,MO,65409-0250,Public       ,3764,570,4334,3764,570,4334
00251800,UNIVERSITY OF MISSOURI-KANSAS CITY      ,MO,64110-2497,Public       ,4087,3940,8027,4087,3940,8027
00251900,UNIVERSITY OF MISSOURI-ST LOUIS         ,MO,63121-4499,Public       ,3028,3459,6487,3028,3459,6487
00252000,WASHINGTON UNIVERSITY                   ,MO,63130-4899,Private      ,12386,3579,15965,12386,3579,15965
00252001,WASHINGTON UNIV-SCHOOL OF MEDICINE      ,MO,63110-0000,Private      ,33,851,884,33,851,884
00252100,WEBSTER UNIVERSITY                      ,MO,63119-3194,Private      ,2286,5384,7670,2286,5384,7670
00252200,WENTWORTH MILITARY ACADEMY              ,MO,64067-1799,Private      ,53,67,120,53,67,120
00252300,WESTMINSTER COLLEGE                     ,MO,65251-1299,Private      ,1085,84,1169,1085,84,1169
00252400,WILLIAM JEWELL COLLEGE                  ,MO,64068-1896,Private      ,1286,138,1424,1286,138,1424
00252500,WILLIAM WOODS UNIVERSITY                ,MO,65251-2388,Private      ,690,543,1233,690,543,1233
00405704,NATIONAL AMERICAN UNIVERSITY            ,MO,64057-1791,Proprietary  ,17,130,147,17,130,147
00441300,ST JOHNS HOSP SCH RAD TECH              ,MO,65802-0000,Private      ,26,28,54,26,28,54
00470300,LOGAN COLLEGE OF CHIROPRACTIC           ,MO,63006-1065,Private      ,42,827,869,42,827,869
00470700,COVENANT THEOLOGICAL SEMINARY           ,MO,63141-8697,Private      ,2,186,188,2,186,188
00471100,LINN STATE TECHNICAL COLLEGE            ,MO,65051-9607,Public       ,728,185,913,728,185,913
00471300,THREE RIVERS COMMUNITY COLLEGE          ,MO,63901-2393,Public       ,742,785,1527,742,785,1527
00528800,KIRKSVILLE AREA TECHNICAL CENTER        ,MO,63501-0000,Public       ,10,13,23,10,13,23
00528900,WAYNESVILLE CAREER CENTER               ,MO,65583-2131,Public       ,6,27,33,6,27,33
00542400,SOUTH CENTRAL CAREER CENTER             ,MO,65775-3334,Public       ,17,43,60,17,43,60
00542600,SIKESTON CAREER AND TECHNOLOGY CTR      ,MO,63801-0000,Public       ,21,46,67,21,46,67
00542900,ROLLA TECHNICAL INSTITUTE               ,MO,65401-3601,Public       ,130,133,263,130,133,263
00543000,POPLAR BLUFF TECHNICAL CAREER CNTR      ,MO,63901-0000,Public       ,18,43,61,18,43,61
00543800,SALINE COUNTY CAREER CENTER             ,MO,65340-0000,Public       ,13,60,73,13,60,73
00544500,TRUMAN MEDICAL CENTER SCHOOL OF NURSE AN,MO,64108-2677,Private      ,19,43,62,19,43,62
00553100,GRAND RIVER TECHNICAL SCHOOL            ,MO,64601-1299,Public       ,32,14,46,32,14,46
00553200,CAPE GIRARDEAU CAREER & TECHNOLOGY CENTE,MO,63703-7511,Public       ,46,125,171,46,125,171
00638500,CHAMBERLAIN COLLEGE OF NURSING          ,MO,63139-3297,Proprietary  ,330,1436,1766,330,1436,1766
00638900,BARNES JEWISH COLLEGE OF NURSING AND ALL,MO,63110-1091,Private      ,154,315,469,154,315,469
00639200,RESEARCH COLLEGE OF NURSING             ,MO,64132-1199,Proprietary  ,40,103,143,40,103,143
00639201,RESEARCH MEDICAL CENTER - COLLEGE OF NUR,MO,64132-1199,Proprietary  ,5,10,15,5,10,15
00639202,RESEARCH MED CTR SCHL OF RAD TECH       ,MO,64132-0000,Proprietary  ,3,9,12,3,9,12
00666600,LUTHERAN  SCHOOL OF NURSING             ,MO,63118-3909,Proprietary  ,6,23,29,6,23,29
00754000,MISSOURI BAPTIST UNIVERSITY             ,MO,63141-8698,Private      ,923,725,1648,923,725,1648
00755700,ITT TECHNICAL INSTITUTE                 ,MO,63045-1122,Proprietary  ,147,211,358,147,211,358
00808000,STATE FAIR COMMUNITY COLLEGE            ,MO,65301-0000,Public       ,898,783,1681,898,783,1681
00826900,HILLYARD TECHNICAL CENTER               ,MO,64506-0000,Public       ,61,74,135,61,74,135
00855200,PATRICIA STEVENS COLLEGE                ,MO,63102-2334,Proprietary  ,15,23,38,15,23,38
00860600,TRI-COUNTY TECHNICAL SCHOOL             ,MO,65026-0000,Public       ,4,28,32,4,28,32
00886200,EAST CENTRAL COLLEGE                    ,MO,63084-0529,Public       ,989,683,1672,989,683,1672
00908900,HANNIBAL-LAGRANGE COLLEGE               ,MO,63401-1999,Private      ,476,181,657,476,181,657
00952000,NATIONAL ACADEMY OF BEAUTY ARTS         ,MO,63128-1307,Proprietary  ,28,88,116,28,88,116
00959000,INDEPENDENCE COLLEGE OF COSMETOLOGY     ,MO,64055-1105,Proprietary  ,10,12,22,10,12,22
00960700,HOUSE OF HEAVILIN BEAUTY COLLEGE        ,MO,64110-2826,Proprietary  ,6,7,13,6,7,13
00978200,SAINT LUKE'S COLLEGE                    ,MO,64114-3237,Private      ,48,91,139,48,91,139
00979500,MISSOURI COLLEGE                        ,MO,63144-2901,Proprietary  ,74,202,276,74,202,276
01014814,COLORADO TECHNL UNIV NORTH KANSAS CITY  ,MO,64116-3614,Proprietary  ,63,443,506,63,443,506
01027900,HICKEY COLLEGE                          ,MO,63146-0000,Proprietary  ,84,47,131,84,47,131
01040500,PINNACLE CAREER INSTITUTE               ,MO,64131-3367,Proprietary  ,25,174,199,25,174,199
01040501,PINNACLE CAREER INSTITUTE - NORTH KANSAS,MO,64153-1151,Proprietary  ,5,46,51,5,46,51
01102600,WARRENSBURG AREA VOC TECH SCH           ,MO,64093-0000,Public       ,6,15,21,6,15,21
01173500,PIKE/LINCOLN TECHNICAL CENTER           ,MO,63344-0000,Public       ,15,43,58,15,43,58
01212000,ASSEMBLIES OF GOD THEO. SEMINARY        ,MO,65802-0000,Private      ,1,71,72,1,71,72
01250000,RANKEN TECHNICAL COLLEGE                ,MO,63113-2811,Private      ,474,285,759,474,285,759
01258000,ST LOUIS CHRISTIAN COLLEGE              ,MO,63033-6499,Private      ,47,45,92,47,45,92
01320800,BAPTIST BIBLE COLLEGE                   ,MO,65803-3498,Private      ,137,64,201,137,64,201
02056100,FOUR RIVERS CAREER CENTER               ,MO,63090-0000,Public       ,5,15,20,5,15,20
02066900,NICHOLS CAREER CENTER                   ,MO,65101-2814,Public       ,42,68,110,42,68,110
02068200,COX HEALTH - COX COLLEGE                ,MO,65802-0000,Private      ,70,189,259,70,189,259
02068202,COX HEALTH - RADIOLOGIC TECHNOLOGY      ,MO,65802-0000,Private      ,20,33,53,20,33,53
02068204,COX HEALTH - MEDICAL TECHNOLOGY         ,MO,65807-0000,Private      ,7,20,27,7,20,27
02073600,KENNETT CAREER & TECHNOLOGY CENTER      ,MO,63857-0000,Public       ,9,12,21,9,12,21
02090400,BOONSLICK TECHNICAL EDUCATION CTR       ,MO,65233-0000,Public       ,4,28,32,4,28,32
02121100,MIDWEST INSTITUTE                       ,MO,63122-0000,Proprietary  ,8,16,24,8,16,24
02124500,FRANKLIN TECHNOLOGY CENTER              ,MO,64801-0000,Public       ,22,110,132,22,110,132
02142200,LEX LA RAY TECHNICAL CENTER             ,MO,64067-0000,Public       ,9,39,48,9,39,48
02151000,HANNIBAL CAREER AND TECHNICAL CENTE     ,MO,63401-2285,Public       ,12,41,53,12,41,53
02164200,FOREST INST PROFESSIONAL PSYCHOLOGY     ,MO,65807-0000,Private      ,5,137,142,5,137,142
02165900,CHILLICOTHE BEAUTY ACADEMY              ,MO,64601-0000,Proprietary  ,2,1,3,2,1,3
02180200,METRO BUSINESS COLLEGE                  ,MO,63701-0000,Proprietary  ,34,171,205,34,171,205
02188100,NORTHLAND CAREER CENTER                 ,MO,64079-8333,Public       ,8,40,48,8,40,48
02202700,OZARK CHRISTIAN COLLEGE                 ,MO,64801-0000,Private      ,263,64,327,263,64,327
02203400,NEVADA REGIONAL TECHNICAL CENTER        ,MO,64772-0000,Public       ,11,34,45,11,34,45
02205200,SANFORD-BROWN COLLEGE                   ,MO,63026-7305,Proprietary  ,64,560,624,64,560,624
02205203,SANFORD BROWN COLLEGE-ST. PETERS        ,MO,63301-4042,Proprietary  ,51,388,439,51,388,439
02214500,SALEM COLLEGE OF HAIRSTYLING            ,MO,65401-0000,Proprietary  ,3,12,15,3,12,15
02239200,ALLIED COLLEGE - NORTH                  ,MO,63043-0000,Proprietary  ,127,286,413,127,286,413
02239202,ALLIED COLLEGE - METRO SOUTH            ,MO,63026-0000,Proprietary  ,23,23,46,23,23,46
02250600,EVEREST COLLEGE                         ,MO,65807-2446,Proprietary  ,16,45,61,16,45,61
02263106,HIGH-TECH INSTITUTE - KANSAS CITY       ,MO,64114-0000,Proprietary  ,9,16,25,9,16,25
02263400,LAKE CAREER AND TECHNICAL CENTER        ,MO,65020-0000,Public       ,1,6,7,1,6,7
02266400,CENTRAL CHRISTIAN CLG OF THE BIBLE      ,MO,65270-0000,Private      ,87,38,125,87,38,125
02277500,HOUSE OF HEAVILIN OF BLUE SPRINGS       ,MO,64014-3953,Proprietary  ,5,8,13,5,8,13
02289200,COLUMBIA AREA CAREER CENTER             ,MO,65203-0000,Public       ,23,52,75,23,52,75
02295700,MISSOURI BEAUTY ACADEMY                 ,MO,63640-1827,Proprietary  ,18,41,59,18,41,59
02300105,EVEREST COLLEGE - EARTH CITY            ,MO,63045-1100,Proprietary  ,8,19,27,8,19,27
02304000,MISSOURI TECH                           ,MO,63132-0000,Proprietary  ,11,19,30,11,19,30
02309100,AMERICAN COLLEGE OF HAIR DESIGN         ,MO,65301-2144,Proprietary  ,11,7,18,11,7,18
02313000,CASS CAREER CENTER                      ,MO,64701-0000,Public       ,7,47,54,7,47,54
02340500,ST LOUIS COLLEGE OF HEALTH CAREERS      ,MO,63110-0000,Proprietary  ,33,146,179,33,146,179
02340501,ST LOUIS COLLEGE OF HEALTH              ,MO,63129-0000,Proprietary  ,8,14,22,8,14,22
02342100,CAREER & TECHNOLOGY CTR AT FT OSAGE     ,MO,64058-0000,Public       ,7,7,14,7,7,14
02361600,CONCORDE CAREER COLLEGE                 ,MO,64111-0000,Proprietary  ,29,227,256,29,227,256
02497500,CLINTON TECHNICAL SCHOOL                ,MO,64735-2966,Public       ,0,6,6,0,6,6
02520800,MERRELL UNIV OF BTY ARTS & SCIENCES     ,MO,65109-0000,Proprietary  ,28,32,60,28,32,60
02530600,SAINT CHARLES COMMUNITY COLLEGE         ,MO,63376-0975,Public       ,1402,769,2171,1402,769,2171
02543800,PARIS II EDUCATIONAL CENTER (THE)       ,MO,64118-0000,Proprietary  ,1,6,7,1,6,7
02555300,PATSY AND ROB'S ACADEMY OF BEAUTY       ,MO,63074-0000,Proprietary  ,5,10,15,5,10,15
02564700,ELAINE STEVEN BEAUTY COLLEGE            ,MO,63136-0000,Proprietary  ,12,18,30,12,18,30
02564701,ELAINE STEVEN BEAUTY COLLEGE - ADVANCE B,MO,63383-2006,Proprietary  ,0,2,2,0,2,2
02564702,ELAINE STEVEN BEAUTY COLLEGE - ADVANCE B,MO,63401-2269,Proprietary  ,2,5,7,2,5,7
02568500,GRABBER SCHOOL OF HAIR DESIGN           ,MO,63011-0000,Proprietary  ,12,16,28,12,16,28
02599700,VATTEROTT COLLEGE                       ,MO,63134-2900,Proprietary  ,49,224,273,49,224,273
02599701,VATTEROTT COLLEGE - KANSAS CITY         ,MO,64129-1692,Proprietary  ,28,215,243,28,215,243
02599702,VATTEROTT COLLEGE - SPRINGFIELD LOCATION,MO,65807-5340,Proprietary  ,28,122,150,28,122,150
02599703,VATTEROTT COLLEGE - JOPLIN              ,MO,64801-5033,Proprietary  ,11,55,66,11,55,66
02599705,VATTEROTT COLLEGE - SUNSET HILLS        ,MO,63127-1516,Proprietary  ,38,122,160,38,122,160
02599712,VATTEROTT COLLEGE - O'FALLON            ,MO,63366-2748,Proprietary  ,13,66,79,13,66,79
02608000,NEOSHO BEAUTY COLLEGE                   ,MO,64850-1525,Proprietary  ,3,13,16,3,13,16
02609202,VATTEROTT COLLEGE-ST JOSEPH             ,MO,64501-2911,Proprietary  ,30,126,156,30,126,156
02609203,VATTEROTT COLLEGE - L'ECOLE CULINAIRE   ,MO,63124-1103,Proprietary  ,45,149,194,45,149,194
02611004,HERITAGE COLLEGE-KANSAS CITY            ,MO,64131-4203,Proprietary  ,36,130,166,36,130,166
03042400,LEBANON TECHNOLOGY & CAREER CENTER      ,MO,65536-3296,Public       ,15,36,51,15,36,51
03066300,BRYAN CAREER COLLEGE                    ,MO,65806-2507,Proprietary  ,10,81,91,10,81,91
03068600,NORTH COUNTY TECH SPECIAL SCH DIST      ,MO,63033-6498,Public       ,20,118,138,20,118,138
03070200,CENTRAL COLLEGE OF COSMETOLOGY          ,MO,65583-0000,Proprietary  ,3,12,15,3,12,15
03070900,SE MO HOSP CLG NURSING & HEALTH SCI     ,MO,63703-4507,Private      ,49,119,168,49,119,168
03077200,COSMETOLOGY CONCEPTS INSTITUTE          ,MO,65202-1972,Proprietary  ,12,16,28,12,16,28
03083000,OZARKS TECHNICAL COMMUNITY COLLEGE      ,MO,65802-3601,Public       ,2333,2242,4575,2333,2242,4575
03092600,MESSENGER COLLEGE                       ,MO,64804-4909,Private      ,10,13,23,10,13,23
03097600,ST LOUIS HAIR ACADEMY                   ,MO,63107-1737,Proprietary  ,3,16,19,3,16,19
03101000,NEW DIMENSION SCHOOL OF HAIR DESIGN     ,MO,64801-5017,Proprietary  ,3,10,13,3,10,13
03106000,MISSOURI STATE UNIVERSITY - WEST PLAINS ,MO,65775-2715,Public       ,570,428,998,570,428,998
03110900,HOUSE OF HEAVILIN BEAUTY COLLEGE        ,MO,64030-1154,Proprietary  ,3,5,8,3,5,8
03166300,MOBERLY AREA TECHNICAL CENTER           ,MO,65270-1904,Public       ,8,5,13,8,5,13
03519300,MISSOURI COLLEGE OF COSMETOLOGY NORTH   ,MO,65803-1235,Proprietary  ,22,44,66,22,44,66
03528300,MIDWEST UNIVERSITY                      ,MO,63385-2905,Private      ,2,10,12,2,10,12
03579300,TEXAS COUNTY TECHNICAL INSTITUTE        ,MO,65483-2700,Private      ,18,126,144,18,126,144
03616300,AVIATION INSTITUTE OF MAINTENANCE       ,MO,64129-1811,Proprietary  ,9,86,95,9,86,95
03663400,UNIVERSITY OF COSMETOLOGY               ,MO,63080-1910,Proprietary  ,3,3,6,3,3,6
03878300,PROFESSIONAL MASSAGE TRAINING CENTER    ,MO,65803-2939,Proprietary  ,8,9,17,8,9,17
03916300,ECLIPS SCHOOL OF COSMETOLOGY AND BARBERI,MO,63703-5809,Proprietary  ,4,11,15,4,11,15
03924300,HAIR ACADEMY 110 (THE)                  ,MO,63501-2915,Proprietary  ,10,2,12,10,2,12
03970400,MTTI-WELLSPRING CENTER FOR NATURAL HEALT,MO,64114-3313,Proprietary  ,5,12,17,5,12,17
04037500,ACADEMY OF HAIR DESIGN                  ,MO,65804-2303,Proprietary  ,15,34,49,15,34,49
04048300,DIVAS UNLIMITED ACADEMY                 ,MO,63114-2625,Proprietary  ,3,3,6,3,3,6
04127000,PEMISCOT COUNTY SPECIAL SCHOOL DISTRICT ,MO,63851-1666,Public       ,2,25,27,2,25,27
04130600,HEALING ARTS CENTER                     ,MO,63143-2103,Proprietary  ,5,12,17,5,12,17
04133300,TREND SETTERS SCHOOL OF COSMETOLOGY     ,MO,63702-7607,Proprietary  ,10,12,22,10,12,22
04145700,THE SYSTEM A PAUL MITCHELL PARTNER SCHL ,MO,65807-5969,Proprietary  ,22,13,35,22,13,35
00163201,AQUINAS INSTITUTE OF THEOLOGY - MINISTRY,OK,73123-0380,Private      ,0,2,2,0,2,2
00314600,WESTERN OKLAHOMA STATE COLLEGE          ,OK,73521-1397,Public       ,176,189,365,176,189,365
00314700,BACONE COLLEGE                          ,OK,74403-1597,Private      ,299,225,524,299,225,524
00314900,SOUTHERN NAZARENE UNIVERSITY            ,OK,73008-2694,Private      ,560,319,879,560,319,879
00315000,CAMERON UNIVERSITY                      ,OK,73505-6377,Public       ,800,967,1767,800,967,1767
00315100,OKLAHOMA WESLEYAN UNIVERSITY            ,OK,74006-6299,Private      ,292,294,586,292,294,586
00315200,UNIV OF CENTRAL OKLAHOMA                ,OK,73034-5209,Public       ,3178,2031,5209,3178,2031,5209
00315300,CONNORS STATE COLLEGE                   ,OK,74469-9700,Public       ,372,411,783,372,411,783
00315400,EAST CENTRAL UNIVERSITY                 ,OK,74820-6999,Public       ,1059,843,1902,1059,843,1902
00315500,EASTERN OKLAHOMA STATE COLLEGE          ,OK,74578-4999,Public       ,328,285,613,328,285,613
00315600,REDLANDS COMMUNITY COLLEGE              ,OK,73036-5304,Public       ,236,243,479,236,243,479
00315700,LANGSTON UNIVERSITY                     ,OK,73050-0000,Public       ,886,674,1560,886,674,1560
00315800,MURRAY STATE COLLEGE                    ,OK,73460-3137,Public       ,412,446,858,412,446,858
00316000,NORTHEASTERN OKLAHOMA A & M COLLEGE     ,OK,74354-6497,Public       ,602,274,876,602,274,876
00316100,NORTHEASTERN STATE UNIVERSITY           ,OK,74464-2399,Public       ,2032,2140,4172,2032,2140,4172
00316200,NORTHERN OKLAHOMA COLLEGE               ,OK,74653-0310,Public       ,532,500,1032,532,500,1032
00316300,NORTHWESTERN OKLAHOMA STATE UNIV        ,OK,73717-2799,Public       ,456,259,715,456,259,715
00316400,OKLAHOMA BAPTIST UNIVERSITY             ,OK,74801-2590,Private      ,1084,130,1214,1084,130,1214
00316500,OKLAHOMA CHRISTIAN UNIVERSITY           ,OK,73131-0000,Private      ,1027,167,1194,1027,167,1194
00316600,OKLAHOMA CITY UNIVERSITY                ,OK,73106-1493,Private      ,1358,1077,2435,1358,1077,2435
00316700,UNIV OF SCIENCE & ARTS OF OKLAHOMA      ,OK,73018-5322,Public       ,303,158,461,303,158,461
00316800,ROGERS STATE UNIVERSITY                 ,OK,74017-3252,Public       ,864,896,1760,864,896,1760
00317000,OKLAHOMA STATE UNIVERSITY               ,OK,74078-1015,Public       ,6738,2632,9370,6738,2632,9370
00317200,OKLAHOMA STATE UNIVERSITY-OKMULGEE      ,OK,74447-3901,Public       ,619,470,1089,619,470,1089
00317400,OKLAHOMA PANHANDLE STATE UNIVERSITY     ,OK,73939-0000,Public       ,323,93,416,323,93,416
00317600,CARL ALBERT STATE COLLEGE               ,OK,74953-5208,Public       ,438,626,1064,438,626,1064
00317800,SEMINOLE STATE COLLEGE                  ,OK,74818-1902,Public       ,298,322,620,298,322,620
00317900,SOUTHEASTERN OKLAHOMA STATE UNIV        ,OK,74701-0609,Public       ,935,617,1552,935,617,1552
00318000,SOUTHWESTERN CHRISTIAN UNIVERSITY       ,OK,73008-2335,Private      ,51,44,95,51,44,95
00318100,SOUTHWESTERN OKLAHOMA STATE UNIV        ,OK,73096-3098,Public       ,1127,564,1691,1127,564,1691
00318101,SOUTHWESTERN OK STATE UNIV AT SAYRE     ,OK,73662-0000,Public       ,46,52,98,46,52,98
00318300,ST GREGORY'S UNIVERSITY                 ,OK,74804-2499,Private      ,165,104,269,165,104,269
00318308,SAINT GREGORY'S UNIVERSITY - IPD TULSA  ,OK,74135-2499,Private      ,12,45,57,12,45,57
00318400,UNIVERSITY OF OKLAHOMA                  ,OK,73019-4078,Public       ,9490,4143,13633,9490,4143,13633
00318401,UNIVERSITY OF OKLAHOMA-HLTH SCI CTR     ,OK,73190-0000,Public       ,194,1574,1768,194,1574,1768
00318500,UNIVERSITY OF TULSA                     ,OK,74104-3189,Private      ,1888,823,2711,1888,823,2711
00398500,ORAL ROBERTS UNIVERSITY                 ,OK,74171-0001,Private      ,1580,523,2103,1580,523,2103
00458305,BROWN MACKIE COLLEGE-SOUTH BEND - BROWN ,OK,74146-5234,Proprietary  ,11,79,90,11,79,90
00531100,TULSA COUNTY AREA VOC TECH SCHOOL       ,OK,74145-0000,Public       ,50,234,284,50,234,284
00531200,RED RIVER TECHNOLOGY CENTER             ,OK,73533-2700,Public       ,9,38,47,9,38,47
00533900,METRO TECHNOLOGY CENTERS SCH DIST22     ,OK,73111-0000,Public       ,42,269,311,42,269,311
00533903,METRO TECHNOLOGY CENTERS SCH DIST22     ,OK,73129-0000,Public       ,16,76,92,16,76,92
00694200,MID-AMERICA CHRISTIAN UNIVERSITY        ,OK,73170-4504,Private      ,177,266,443,177,266,443
00767800,SPARTAN COLLEGE OF AERONAUTICS AND TECHN,OK,74115-5800,Proprietary  ,419,233,652,419,233,652
00791100,VIRGILS BEAUTY COLLEGE                  ,OK,74401-6802,Proprietary  ,2,6,8,2,6,8
00834300,AUTRY TECHNOLOGY CENTER                 ,OK,73703-2598,Public       ,9,51,60,9,51,60
00861900,TRI COUNTY TECHNOLOGY CENTER            ,OK,74006-6029,Public       ,19,72,91,19,72,91
00918500,ROSE STATE COLLEGE                      ,OK,73110-2799,Public       ,654,1252,1906,654,1252,1906
00920400,KIAMICHI AREA VOC TECH SCHOOL           ,OK,74578-0548,Public       ,52,264,316,52,264,316
00920408,KIAMICHI AREA VOC TECH SCHOOL           ,OK,74953-0000,Public       ,11,38,49,11,38,49
00961800,TULSA WELDING SCHOOL                    ,OK,74104-0000,Proprietary  ,270,166,436,270,166,436
00964700,"OKLAHOMA STATE UNIV, OKLA CITY          ",OK,73107-6159,Public       ,684,1364,2048,684,1364,2048
00970800,EVES COLLEGE OF HAIRSTYLING             ,OK,73501-4359,Proprietary  ,3,7,10,3,7,10
00976300,TULSA COMMUNITY COLLEGE                 ,OK,74135-6198,Public       ,2134,2960,5094,2134,2960,5094
00996300,CADDO KIOWA VOC TECH CENTER             ,OK,73038-0000,Public       ,13,66,79,13,66,79
00996400,CENTRAL OKLAHOMA AREA VOC TECH SCH      ,OK,74030-9613,Public       ,19,55,74,19,55,74
00996500,CANADIAN VALLEY TECHNOLOGY CENTER       ,OK,73036-9117,Public       ,19,77,96,19,77,96
00996800,GORDON COOPER TECHNOLOGY CENTER         ,OK,74804-9913,Public       ,16,99,115,16,99,115
01005300,INDIAN CAPITAL TECHNOLGY CENTER #4      ,OK,74403-9907,Public       ,37,196,233,37,196,233
01026600,HILLSDALE FREE WILL BAPTIST COLLEGE     ,OK,73153-0000,Private      ,88,15,103,88,15,103
01034200,SOUTHERN OKLAHOMA TECHNOLOGY CENTER     ,OK,73401-2100,Public       ,16,71,87,16,71,87
01039100,OKLAHOMA CITY COMMUNITY COLLEGE         ,OK,73159-4444,Public       ,1179,1918,3097,1179,1918,3097
01071700,GREAT PLAINS TECHNOLOGY CENTER SCHOOL DI,OK,73505-8399,Public       ,22,78,100,22,78,100
01076200,WESTERN OK AREA VOC TECH SCH DIST12     ,OK,73624-1469,Public       ,6,18,24,6,18,24
01120600,PIONEER TECHNOLOGY CENTER               ,OK,74601-1106,Public       ,3,48,51,3,48,51
01128200,OKLAHOMA STATE UNV CLG OSTEOPTHC MD     ,OK,74107-0000,Public       ,22,262,284,22,262,284
01153700,MID-AMERICA TECHNOLOGY CENTER           ,OK,73095-0210,Public       ,8,18,26,8,18,26
01227200,MOORE-NORMAN TECHNOLOGY CENTER          ,OK,73069-8399,Public       ,35,186,221,35,186,221
02052700,NORTHEAST TECHNOLOGY CENTER             ,OK,74361-0487,Public       ,12,114,126,12,114,126
02052701,NORTHEAST TECHNOLOGY CENTER -           ,OK,74362-0825,Public       ,5,56,61,5,56,61
02060800,MERIDIAN TECHNOLOGY CENTER              ,OK,74074-0000,Public       ,23,96,119,23,96,119
02126500,ENID BEAUTY COLLEGE                     ,OK,73701-0000,Proprietary  ,0,5,5,0,5,5
02177900,STATE BARBER AND HAIR DESIGN CLG        ,OK,73108-0000,Proprietary  ,1,0,1,1,0,1
02184400,SAND SPRINGS BEAUTY COLLEGE             ,OK,74063-0000,Proprietary  ,0,8,8,0,8,8
02197300,HOLLYWOOD COSMETOLOGY CENTER            ,OK,73189-0000,Proprietary  ,3,8,11,3,8,11
02222700,FRANCIS TUTTLE TECHNOLOGY CENTER        ,OK,73142-0000,Public       ,47,283,330,47,283,330
02238500,CENTRAL STATE BEAUTY ACADEMY            ,OK,73162-6007,Proprietary  ,14,55,69,14,55,69
02250900,E OK COUNTY AREA VO-TECH                ,OK,73020-0000,Public       ,4,9,13,4,9,13
02256200,"BROKEN ARROW BEAUTY COLLEGE, INC        ",OK,74012-0000,Proprietary  ,4,19,23,4,19,23
02282100,HIGH PLAINS AREA VOC-TECH               ,OK,73801-0000,Public       ,8,15,23,8,15,23
02306800,PLATT COLLEGE                           ,OK,74145-0000,Proprietary  ,25,96,121,25,96,121
02510300,BEAUTY TECHNICAL COLLEGE                ,OK,74465-0000,Proprietary  ,0,6,6,0,6,6
02531200,WOODWARD BEAUTY COLLEGE                 ,OK,73801-0000,Proprietary  ,1,0,1,1,0,1
02554300,AMERICAN BEAUTY INSTITUTE               ,OK,74501-0000,Proprietary  ,2,4,6,2,4,6
02556500,YUKON BEAUTY COLLEGE                    ,OK,73099-4108,Proprietary  ,1,1,2,1,1,2
02560200,PHILLIPS THEOLOGICAL SEMINARY -         ,OK,74116-5612,Private      ,0,24,24,0,24,24
02581100,CLAREMORE BEAUTY COLLEGE                ,OK,74017-7034,Proprietary  ,1,5,6,1,5,6
02581200,CC'S COSMETOLOGY COLLEGE                ,OK,74129-0000,Proprietary  ,7,21,28,7,21,28
02591101,CAREER POINT INSTITUTE                  ,OK,74146-0000,Proprietary  ,7,37,44,7,37,44
02596501,ATI-CAREER TRAINING CENTER - OKLAHOMA CI,OK,73107-2442,Proprietary  ,4,26,30,4,26,30
02597400,PONTOTOC TECHNOLOGY CENTER SCHOOL       ,OK,74820-8621,Public       ,14,50,64,14,50,64
02599706,VATTEROTT COLLEGE - TULSA               ,OK,74146-2205,Proprietary  ,7,81,88,7,81,88
02600000,NORTHWEST TECHNOLOG CTR SCH DIST 10     ,OK,73717-9600,Public       ,2,7,9,2,7,9
02600500,WES WATKINS TECHNOLOGY CENTER           ,OK,74883-9660,Public       ,7,41,48,7,41,48
02609205,VATTEROTT COLLEGE - OKLAHOMA CITY       ,OK,73127-2103,Proprietary  ,8,102,110,8,102,110
03008700,SOUTHWEST TECHNOLOGY CENTER             ,OK,73521-1527,Public       ,0,14,14,0,14,14
03010300,POTEAU BEAUTY COLLEGE                   ,OK,74953-5400,Proprietary  ,1,8,9,1,8,9
03024700,STILLWATER BEAUTY ACADEMY               ,OK,74075-3467,Proprietary  ,2,6,8,2,6,8
03030700,OKLAHOMA SCHOOL OF PHOTOGRAPHY          ,OK,73160-3320,Proprietary  ,4,12,16,4,12,16
03030800,AMERICAN BROADCASTING SCHOOL            ,OK,73115-3334,Proprietary  ,6,29,35,6,29,35
03051100,CHISHOLM TRAIL TECHNOLOGY CENTER        ,OK,73764-9720,Public       ,4,8,12,4,8,12
03078500,TECH INST OF COSMETOLOGY ARTS & SCI     ,OK,74120-3610,Proprietary  ,2,4,6,2,4,6
03103800,SOUTHERN SCHOOL OF BEAUTY               ,OK,74701-5008,Proprietary  ,2,7,9,2,7,9
03109800,PONCA CITY BEAUTY COLLEGE               ,OK,74601-4201,Proprietary  ,0,1,1,0,1,1
03115100,HERITAGE COLLEGE                        ,OK,73119-0000,Proprietary  ,49,182,231,49,182,231
03124800,PLATT COLLEGE                           ,OK,73501-3808,Proprietary  ,11,41,52,11,41,52
03126200,GREEN COUNTRY AREA VOC TECH SCHOOL      ,OK,74447-1217,Public       ,13,26,39,13,26,39
03198400,MID-DEL AREA VOCATIONAL & TECH SCH      ,OK,73110-4825,Public       ,3,18,21,3,18,21
03329400,PRYOR BEAUTY COLLEGE                    ,OK,74361-0000,Proprietary  ,0,1,1,0,1,1
03329402,PRYOR BEAUTY COLLEGE - NORTH EAST OKLAHO,OK,74338-0000,Proprietary  ,0,1,1,0,1,1
03367400,COMMUNITY CARE COLLEGE                  ,OK,74145-6420,Proprietary  ,54,322,376,54,322,376
03396300,OKLAHOMA HEALTH ACADEMY                 ,OK,74105-6220,Proprietary  ,2,21,23,2,21,23
03396400,OKLAHOMA HEALTH ACADEMY                 ,OK,73160-3667,Proprietary  ,3,14,17,3,14,17
03453400,SHAWNEE BEAUTY COLLEGE                  ,OK,74801-7014,Proprietary  ,2,6,8,2,6,8
03676300,FAMILY OF FAITH COLLEGE                 ,OK,74802-1805,Private      ,4,5,9,4,5,9
03831300,INSTITUTE OF HAIR DESIGN                ,OK,74804-0000,Proprietary  ,1,2,3,1,2,3
03928300,CENTRAL STATE MASSAGE ACADEMY           ,OK,73162-6007,Proprietary  ,10,18,28,10,18,28
04027300,4-STATES ACADEMY OF COSMETOLOGY         ,OK,74354-0000,Proprietary  ,1,8,9,1,8,9
04060300,AMERICAN INSTITUTE OF MEDICAL TECHNOLOGY,OK,74146-5201,Proprietary  ,9,23,32,9,23,32
04062300,OKLAHOMA TECHNOLOGY INSTITUTE           ,OK,73114-6318,Proprietary  ,5,26,31,5,26,31
04121300,4-STATES OKMULGEE ACADEMY OF COSMETOLOGY,OK,74447-0000,Proprietary  ,3,6,9,3,6,9
04133600,CUTTER'S EDGE SCHOOL OF COSMETOLOGY     ,OK,74023-2905,Proprietary  ,1,0,1,1,0,1
00163700,BETHANY THEOLOGICAL SEMINARY            ,IN,47374-0000,Private      ,1,13,14,1,13,14
00178400,ANCILLA COLLEGE-FINANCIAL AID OFFC      ,IN,46513-0001,Private      ,394,420,814,394,420,814
00178500,ANDERSON UNIVERSITY                     ,IN,46012-3495,Private      ,2529,635,3164,2529,635,3164
00178600,BALL STATE UNIVERSITY                   ,IN,47306-0880,Public       ,18687,7150,25837,18687,7150,25837
00178700,BETHEL COLLEGE INC                      ,IN,46545-5591,Private      ,1462,973,2435,1462,973,2435
00178800,BUTLER UNIVERSITY                       ,IN,46208-3487,Private      ,5915,1172,7087,5915,1172,7087
00178900,CHRISTIAN THEOLOGICAL SEMINARY          ,IN,46208-0000,Private      ,1,131,132,1,131,132
00179200,DEPAUW UNIVERSITY                       ,IN,46135-0037,Private      ,2868,74,2942,2868,74,2942
00179300,EARLHAM COLLEGE                         ,IN,47374-4095,Private      ,1281,77,1358,1281,77,1358
00179301,EARLHAM SCHOOL OF RELIGION              ,IN,47374-0000,Private      ,15,26,41,15,26,41
00179500,UNIVERSITY OF EVANSVILLE                ,IN,47722-0002,Private      ,3561,534,4095,3561,534,4095
00179800,FRANKLIN COLLEGE OF INDIANA             ,IN,46131-2623,Private      ,1776,139,1915,1776,139,1915
00179900,GOSHEN COLLEGE                          ,IN,46526-4794,Private      ,984,299,1283,984,299,1283
00180000,GRACE COLLEGE & THEO SEMINARY           ,IN,46590-1224,Private      ,1359,645,2004,1359,645,2004
00180100,HANOVER COLLEGE                         ,IN,47243-0108,Private      ,1724,55,1779,1724,55,1779
00180300,HUNTINGTON UNIVERSITY                   ,IN,46750-1299,Private      ,1281,234,1515,1281,234,1515
00180400,UNIVERSITY OF INDIANAPOLIS              ,IN,46227-3697,Private      ,4669,2608,7277,4669,2608,7277
00180500,INDIANA INSTITUTE OF TECHNOLOGY         ,IN,46803-1297,Private      ,1348,2147,3495,1348,2147,3495
00180700,INDIANA STATE UNIVERSITY                ,IN,47809-2501,Public       ,7867,4340,12207,7867,4340,12207
00180800,UNIVERSITY OF SOUTHERN INDIANA          ,IN,47712-3596,Public       ,7765,2399,10164,7765,2399,10164
00180900,INDIANA UNIVERSITY-BLOOMINGTON          ,IN,47405-1223,Public       ,28247,8546,36793,28247,8546,36793
00181100,INDIANA UNIV-EAST                       ,IN,47374-1289,Public       ,1089,1282,2371,1089,1282,2371
00181300,INDIANA UNIV-PURDUE UNIV INDPLS         ,IN,46202-5145,Public       ,14400,14580,28980,14400,14580,28980
00181301,INDIANA UNIVERSITY - PURDUE UNIVERSITY I,IN,47203-1769,Public       ,1240,1077,2317,1240,1077,2317
00181400,INDIANA UNIV KOKOMO                     ,IN,46902-3557,Public       ,1308,1416,2724,1308,1416,2724
00181500,INDIANA UNIV-NORTHWEST                  ,IN,46408-1197,Public       ,2151,2703,4854,2151,2703,4854
00181600,INDIANA UNIVERSITY - SOUTH BEND         ,IN,46615-0000,Public       ,3879,3569,7448,3879,3569,7448
00181700,INDIANA UNIVERSITY-SOUTHEAST            ,IN,47150-6405,Public       ,3115,2360,5475,3115,2360,5475
00182000,MANCHESTER COLLEGE                      ,IN,46962-1276,Private      ,2306,132,2438,2306,132,2438
00182100,MARIAN UNIVERSITY                       ,IN,46222-1997,Private      ,1779,1229,3008,1779,1229,3008
00182200,INDIANA WESLEYAN UNIVERSITY             ,IN,46953-4974,Private      ,3853,5385,9238,3853,5385,9238
00182300,ASSOCIATED MENNONITE BIBLICAL SEM       ,IN,46517-1999,Private      ,0,48,48,0,48,48
00182400,OAKLAND CITY UNIVERSITY                 ,IN,47660-1099,Private      ,593,2004,2597,593,2004,2597
00182500,PURDUE UNIVERSITY                       ,IN,47907-2050,Public       ,27914,5773,33687,27914,5773,33687
00182600,PURDUE UNIV NORTH CENTRAL CAMPUS        ,IN,46391-9528,Public       ,2092,2103,4195,2092,2103,4195
00182700,PURDUE UNIV CALUMET                     ,IN,46323-2094,Public       ,4080,3437,7517,4080,3437,7517
00182800,INDIANA UNIV-PURDUE UNIV FORT WAYNE     ,IN,46805-1499,Public       ,7363,5096,12459,7363,5096,12459
00183000,ROSE HULMAN INSTITUTE OF TECHNOLOGY     ,IN,47803-3999,Private      ,2778,93,2871,2778,93,2871
00183200,UNIVERSITY OF SAINT FRANCIS             ,IN,46808-3994,Private      ,1993,1231,3224,1993,1231,3224
00183300,ST JOSEPH'S COLLEGE                     ,IN,47978-0000,Private      ,1162,105,1267,1162,105,1267
00183400,CALUMET COLLEGE OF SAINT JOSEPH         ,IN,46394-2195,Private      ,342,484,826,342,484,826
00183500,SAINT MARY-OF-THE-WOODS COLLEGE         ,IN,47876-0067,Private      ,399,840,1239,399,840,1239
00183600,ST MARY'S COLLEGE                       ,IN,46556-5007,Private      ,1678,49,1727,1678,49,1727
00183800,TAYLOR UNIVERSITY                       ,IN,46989-1001,Private      ,2280,127,2407,2280,127,2407
00183801,TAYLOR UNIVERSITY - FORT WAYNE          ,IN,46807-0000,Private      ,113,70,183,113,70,183
00183900,TRINE UNIVERSITY                        ,IN,46703-1764,Private      ,2264,571,2835,2264,571,2835
00184000,UNIVERSITY OF NOTRE DAME                ,IN,46556-5602,Private      ,11983,2807,14790,11983,2807,14790
00184200,VALPARAISO UNIVERSITY                   ,IN,46383-6493,Private      ,3667,1347,5014,3667,1347,5014
00184300,VINCENNES UNIVERSITY                    ,IN,47591-1523,Public       ,5097,2459,7556,5097,2459,7556
00184400,WABASH COLLEGE                          ,IN,47933-0352,Private      ,1260,37,1297,1260,37,1297
00224905,DAVENPORT UNIVERSITY-MERRILLVILLE       ,IN,46410-0000,Private      ,17,126,143,17,126,143
00420300,GOOD SAMARITAN HOSP RADIOGRAPHY PRG     ,IN,47591-0000,Public       ,3,10,13,3,10,13
00457900,INTERNATIONAL BUSINESS COLLEGE          ,IN,46804-0000,Proprietary  ,516,198,714,516,198,714
00457901,INTERNATIONAL BUSINESS COLLEGE          ,IN,46256-0000,Proprietary  ,437,169,606,437,169,606
00458300,BROWN MACKIE COLLEGE-SOUTH BEND         ,IN,46635-1776,Proprietary  ,315,1759,2074,315,1759,2074
00458301,BROWN MACKIE COLLEGE-SOUTH BEND - BROWN ,IN,46805-0000,Proprietary  ,136,552,688,136,552,688
00512730,BROWN MACKIE COLLEGE-MERRILLVILLE       ,IN,46410-0000,Proprietary  ,87,264,351,87,264,351
00512731,BROWN MACKIE COLLEGE-CINCINNATI - BROWN ,IN,46360-4362,Proprietary  ,49,144,193,49,144,193
00625700,SAINT ELIZABETH SCHOOL OF NURSING       ,IN,47904-2198,Private      ,133,234,367,133,234,367
00726300,HOLY CROSS COLLEGE                      ,IN,46556-0308,Private      ,433,78,511,433,78,511
00727600,SAINT MEINRAD SCHOOL OF THEOLOGY        ,IN,47577-1002,Private      ,3,26,29,3,26,29
00732700,ITT TECHNICAL INSTITUTE                 ,IN,47630-7430,Proprietary  ,314,483,797,314,483,797
00732900,ITT TECHNICAL INSTITUTE                 ,IN,46268-1119,Proprietary  ,501,1336,1837,501,1336,1837
00736200,MEDTECH COLLEGE                         ,IN,46250-3970,Proprietary  ,107,780,887,107,780,887
00736202,MEDTECH COLLEGE - GREENWOOD             ,IN,46143-6478,Proprietary  ,89,439,528,89,439,528
00736204,MEDTECH COLLEGE - FORT WAYNE            ,IN,46804-2209,Proprietary  ,36,231,267,36,231,267
00793800,LINCOLN COLLEGE OF TECHNOLOGY           ,IN,46202-0000,Proprietary  ,1357,627,1984,1357,627,1984
00832900,ITT TECHNICAL INSTITUTE                 ,IN,46825-2393,Proprietary  ,411,666,1077,411,666,1077
00842300,IVY TECH COMMUNITY COLLEGE OF INDIANA - ,IN,46601-3892,Public       ,1856,5091,6947,1856,5091,6947
00854600,NOT FOR STUDENT USE                     ,IN,46208-4700,Public       ,43,96,139,43,96,139
00854700,IVY TECH COMMUNITY COLLEGE OF INDIANA - ,IN,47802-4898,Public       ,1560,3209,4769,1560,3209,4769
00951500,J MICHAEL HARROLD BEAUTY ACADEMY        ,IN,47807-3390,Proprietary  ,15,10,25,15,10,25
00961200,"APEX SCHOOL OF BEAUTY CULTURE, INC      ",IN,46016-0000,Proprietary  ,5,14,19,5,14,19
00961300,MERRILLVILLE BEAUTY COLLEGE             ,IN,46410-3401,Proprietary  ,8,24,32,8,24,32
00967300,RUDAE'S SCHOOL OF BEAUTY CULTURE        ,IN,46825-5444,Proprietary  ,50,43,93,50,43,93
00967301,RUDAE'S SCHOOL OF BEAUTY CULTURE - FORT ,IN,46825-5444,Proprietary  ,0,1,1,0,1,1
00977700,KAPLAN COLLEGE                          ,IN,46278-1736,Proprietary  ,223,786,1009,223,786,1009
00977702,KAPLAN COLLEGE - TEMPORARY FACILITY EXPA,IN,46268-4111,Proprietary  ,13,35,48,13,35,48
00977703,KAPLAN COLLEGE -  SE INDY               ,IN,46227-0000,Proprietary  ,46,95,141,46,95,141
00991700,IVY TECH COMMUNITY COLLEGE OF INDIANA - ,IN,46208-1763,Public       ,6567,11034,17601,6567,11034,17601
00992300,IVY TECH COMMUNITY COLLEGE OF INDIANA - ,IN,47250-1881,Public       ,641,1229,1870,641,1229,1870
00992400,IVY TECH COMMUNITY COLLEGE OF INDIANA - ,IN,47302-9448,Public       ,2803,4877,7680,2803,4877,7680
00992500,IVY TECH COMMUNITY COLLEGE OF INDIANA - ,IN,47710-3398,Public       ,1545,2658,4203,1545,2658,4203
00992600,IVY TECH COMMUNITY COLLEGE OF INDIANA- R,IN,46805-1489,Public       ,3191,6239,9430,3191,6239,9430
01003700,IVY TECH STATE COLLEGE - REGION 9       ,IN,47374-1220,Public       ,748,2113,2861,748,2113,2861
01003800,IVY TECH COMMUNITY COLLEGE OF INDIANA - ,IN,47203-1868,Public       ,1237,2385,3622,1237,2385,3622
01003900,IVY TECH COMMUNITY COLLEGE OF INDIANA - ,IN,47903-6299,Public       ,2375,3160,5535,2375,3160,5535
01004000,IVY TECH COMMUNITY COLLEGE OF INDIANA - ,IN,46409-1303,Public       ,1687,3981,5668,1687,3981,5668
01004100,IVY TECH STATE COLLEGE - REGION 5       ,IN,46903-1373,Public       ,1132,3031,4163,1132,3031,4163
01010900,IVY TECH COMMUNITY COLLEGE OF INDIANA - ,IN,47172-1897,Public       ,907,1826,2733,907,1826,2733
01015100,VINCENNES BEAUTY COLLEGE                ,IN,47591-1297,Proprietary  ,16,19,35,16,19,35
01040900,LAFAYETTE BEAUTY ACADEMY                ,IN,47901-1149,Proprietary  ,21,37,58,21,37,58
01061800,MID-AMERICA CLG FUNERAL SERVICE         ,IN,47130-9990,Private      ,23,40,63,23,40,63
01150500,CREATIVE HAIR STYLING ACADEMY           ,IN,46322-1554,Proprietary  ,16,22,38,16,22,38
02084800,RAVENSCROFT BEAUTY COLLEGE              ,IN,46815-0000,Proprietary  ,31,39,70,31,39,70
02087600,CONCORDIA THEOLOGICAL SEMINARY          ,IN,46825-0000,Private      ,0,109,109,0,109,109
02100402,EVEREST INSTITUTE - EVEREST COLLEGE     ,IN,46410-5683,Proprietary  ,64,148,212,64,148,212
02140800,MARTIN UNIVERSITY                       ,IN,46218-0000,Private      ,114,752,866,114,752,866
02158400,HARRISON COLLEGE                        ,IN,46204-2611,Proprietary  ,422,1517,1939,422,1517,1939
02158401,HARRISON COLLEGE - COLUMBUS             ,IN,47203-1843,Proprietary  ,59,230,289,59,230,289
02158402,HARRISON COLLEGE - LAFAYETTE            ,IN,47905-4859,Proprietary  ,60,226,286,60,226,286
02158404,HARRISON COLLEGE - MARION               ,IN,46952-0000,Proprietary  ,24,63,87,24,63,87
02158405,HARRISON COLLEGE - TERRE HAUTE          ,IN,47802-0000,Proprietary  ,58,285,343,58,285,343
02158407,HARRISON COLLEGE - ANDERSON             ,IN,46013-0000,Proprietary  ,73,243,316,73,243,316
02158409,HARRISON COLLEGE - EVANSVILLE           ,IN,47715-3901,Proprietary  ,70,210,280,70,210,280
02158410,HARRISON COLLEGE - EAST                 ,IN,46239-8903,Proprietary  ,159,602,761,159,602,761
02158412,HARRISON COLLEGE - FORT WAYNE           ,IN,46825-0000,Proprietary  ,156,526,682,156,526,682
02158413,HARRISON COLLEGE - NORTHWEST            ,IN,46278-0000,Proprietary  ,122,260,382,122,260,382
02158800,DON ROBERTS BEAUTY SCHOOLS              ,IN,46383-0000,Proprietary  ,13,8,21,13,8,21
02164300,DON ROBERTS SCHOOL OF HAIR DESIGN       ,IN,46375-9999,Proprietary  ,9,13,22,9,13,22
02201800,KAPLAN COLLEGE                          ,IN,46410-0000,Proprietary  ,94,350,444,94,350,444
02201802,KAPLAN COLLEGE - HAMMOND                ,IN,46324-3347,Proprietary  ,104,488,592,104,488,592
02241700,PJ'S COLLEGE OF COSMETOLOGY             ,IN,47129-0000,Proprietary  ,11,27,38,11,27,38
02302700,J EVERETT LIGHT CAREER CENTER           ,IN,46240-0000,Public       ,40,125,165,40,125,165
02304800,PJ'S COLLEGE OF COSMETOLOGY             ,IN,47374-0000,Proprietary  ,8,20,28,8,20,28
02308900,MASTER'S OF COSMETOLOGY COLLEGE         ,IN,46809-0000,Proprietary  ,49,30,79,49,30,79
02339600,ROGER'S ACADEMY OF HAIR DESIGN          ,IN,47712-0000,Proprietary  ,33,37,70,33,37,70
02345200,EMPIRE BEAUTY SCHOOL                    ,IN,46237-0000,Proprietary  ,37,139,176,37,139,176
02351300,KNOX BEAUTY COLLEGE                     ,IN,46534-0000,Proprietary  ,6,8,14,6,8,14
02490500,HAIR FASHIONS BY KAYE BEAUTY CLG        ,IN,46250-0000,Proprietary  ,24,57,81,24,57,81
02490800,HAIR FASHIONS BY KAYE BEAUTY CLG        ,IN,46060-0000,Proprietary  ,17,21,38,17,21,38
02607000,HAIR ARTS ACADEMY                       ,IN,47404-3581,Proprietary  ,7,16,23,7,16,23
02615800,COLLEGE OF COURT REPORTING              ,IN,46342-5969,Proprietary  ,11,90,101,11,90,101
02616203,BROWN MACKIE COLLEGE-FINDLAY - INDIANAPO,IN,46204-1017,Proprietary  ,135,808,943,135,808,943
03009700,HARRISON COLLEGE                        ,IN,47303-6413,Proprietary  ,46,227,273,46,227,273
03009701,HARRISON COLLEGE - MUNCIE - ELKHART     ,IN,46516-9795,Proprietary  ,60,285,345,60,285,345
03084601,THE ART INSTITUTE OF INDIANAPOLIS       ,IN,46268-1170,Proprietary  ,866,636,1502,866,636,1502
03100600,MARION COMM TUCKER AREA VOC SCHOOL      ,IN,46952-3831,Public       ,38,71,109,38,71,109
03176300,AMERICAN TRANS AIR AVIATION ACADEMY     ,IN,46241-1445,Proprietary  ,28,140,168,28,140,168
03262300,DAVID DEMUTH INSTITUTE OF COSM          ,IN,47374-4101,Proprietary  ,6,18,24,6,18,24
03456700,CROSSROADS BIBLE COLLEGE                ,IN,46219-4912,Private      ,45,129,174,45,129,174
03521300,IVY TECH COMMUNITY COLLEGE OF INDIANA - ,IN,47404-9772,Public       ,2287,2714,5001,2287,2714,5001
03538300,ALEXANDRIA SCH OF SCIENTIFIC THERAP     ,IN,46001-0287,Proprietary  ,20,27,47,20,27,47
04038700,IDEAL BEAUTY ACADEMY                    ,IN,47130-4215,Proprietary  ,6,17,23,6,17,23
04100300,SUCCESS SCHOOLS                         ,IN,46410-5310,Proprietary  ,7,19,26,7,19,26
04121000,TECHSKILLS - INDIANAPOLIS               ,IN,46240-4302,Proprietary  ,13,40,53,13,40,53
04130900,HONORS BEAUTY COLLEGE                   ,IN,46256-3317,Proprietary  ,34,51,85,34,51,85
00190100,ALLEN COUNTY COMMUNITY COLLEGE          ,KS,66749-1607,Public       ,376,292,668,376,292,668
00190200,COWLEY COUNTY COMMUNITY COLLEGE & AREA V,KS,67005-2662,Public       ,493,482,975,493,482,975
00190300,BAKER UNIVERSITY                        ,KS,66006-0065,Private      ,1269,756,2025,1269,756,2025
00190400,BETHANY COLLEGE                         ,KS,67456-1897,Private      ,533,48,581,533,48,581
00190500,BETHEL COLLEGE                          ,KS,67117-0531,Private      ,330,60,390,330,60,390
00190600,BUTLER COUNTY COMMUNITY COLLEGE         ,KS,67042-3280,Public       ,1397,1073,2470,1397,1073,2470
00190700,CENTRAL BAPTIST THEOLOGY SEMINARY       ,KS,66226-3513,Private      ,0,4,4,0,4,4
00190800,CENTRAL CHRISTIAN COLLEGE OF KANSAS     ,KS,67460-5799,Private      ,314,30,344,314,30,344
00190900,CLOUD COUNTY COMMUNITY COLLEGE          ,KS,66901-1002,Public       ,371,253,624,371,253,624
00191000,COFFEYVILLE COMMUNITY COLLEGE           ,KS,67337-5064,Public       ,395,106,501,395,106,501
00191100,COLBY COMMUNITY COLLEGE                 ,KS,67701-4099,Public       ,265,98,363,265,98,363
00191300,DODGE CITY COMMUNITY COLLEGE            ,KS,67801-2399,Public       ,253,104,357,253,104,357
00191400,DONNELLY COLLEGE                        ,KS,66102-4298,Private      ,49,80,129,49,80,129
00191500,FORT HAYS STATE UNIVERSITY              ,KS,67601-4099,Public       ,2185,1623,3808,2185,1623,3808
00191600,FORT SCOTT COMMUNITY COLLEGE            ,KS,66701-3199,Public       ,489,203,692,489,203,692
00191700,BARCLAY COLLEGE                         ,KS,67059-0288,Private      ,57,25,82,57,25,82
00191800,FRIENDS UNIVERSITY                      ,KS,67213-3397,Private      ,796,893,1689,796,893,1689
00191900,GARDEN CITY COMMUNITY COLLEGE           ,KS,67846-6398,Public       ,376,137,513,376,137,513
00192000,HESSTON COLLEGE                         ,KS,67062-2093,Private      ,319,99,418,319,99,418
00192100,HIGHLAND COMMUNITY COLLEGE              ,KS,66035-4062,Public       ,503,295,798,503,295,798
00192114,HIGHLAND COMMUNITY COLLEGE - NOTHEAST KA,KS,66002-1513,Public       ,32,32,64,32,32,64
00192300,HUTCHINSON COMMUNITY COLLEGE            ,KS,67501-5894,Public       ,919,514,1433,919,514,1433
00192400,INDEPENDENCE COMMUNITY COLLEGE          ,KS,67301-0000,Public       ,171,61,232,171,61,232
00192500,KANSAS CITY KANSAS COMMUNITY CLG        ,KS,66112-9978,Public       ,499,927,1426,499,927,1426
00192502,"KANSAS CITY KS AREA TECH SCHOOL, KS     ",KS,66104-0000,Public       ,31,59,90,31,59,90
00192600,PITTSBURG STATE UNIVERSITY              ,KS,66762-7500,Public       ,2627,894,3521,2627,894,3521
00192700,EMPORIA STATE UNIVERSITY                ,KS,66801-5087,Public       ,1876,1144,3020,1876,1144,3020
00192800,KANSAS STATE UNIVERSITY                 ,KS,66506-1104,Public       ,10056,2828,12884,10056,2828,12884
00192900,KANSAS WESLEYAN UNIVERSITY              ,KS,67401-6196,Private      ,715,226,941,715,226,941
00193000,LABETTE COMMUNITY COLLEGE               ,KS,67357-4299,Public       ,228,165,393,228,165,393
00193100,MANHATTAN CHRISTIAN COLLEGE             ,KS,66502-4081,Private      ,161,36,197,161,36,197
00193300,MCPHERSON COLLEGE                       ,KS,67460-3899,Private      ,522,90,612,522,90,612
00193600,NEOSHO COUNTY COMMUNITY COLLEGE         ,KS,66720-2699,Public       ,207,237,444,207,237,444
00193700,OTTAWA UNIVERSITY                       ,KS,66067-3399,Private      ,675,520,1195,675,520,1195
00193800,PRATT COMMUNITY COLLEGE                 ,KS,67124-8432,Public       ,233,161,394,233,161,394
00193900,NEWMAN UNIVERSITY                       ,KS,67213-2084,Private      ,713,594,1307,713,594,1307
00194000,SOUTHWESTERN COLLEGE                    ,KS,67156-2499,Private      ,480,360,840,480,360,840
00194300,UNIVERSITY OF ST MARY                   ,KS,66048-5023,Private      ,346,215,561,346,215,561
00194500,STERLING COLLEGE                        ,KS,67579-1533,Private      ,550,70,620,550,70,620
00194600,TABOR COLLEGE                           ,KS,67063-1799,Private      ,486,55,541,486,55,541
00194800,UNIVERSITY OF KANSAS                    ,KS,66045-7535,Public       ,11128,5810,16938,11128,5810,16938
00194900,WASHBURN UNIVERSITY                     ,KS,66621-1110,Public       ,2089,2285,4374,2089,2285,4374
00195000,WICHITA STATE UNIVERSITY                ,KS,67208-0001,Public       ,3705,3115,6820,3705,3115,6820
00460800,BARTON COUNTY COMMUNITY COLLEGE         ,KS,67530-9283,Public       ,360,325,685,360,325,685
00526400,FLINT HILLS TECHNICAL COLLEGE           ,KS,66801-5999,Public       ,68,72,140,68,72,140
00526500,NORTH CENTRAL KANSAS TECH COLG          ,KS,67420-0000,Public       ,162,84,246,162,84,246
00526700,NORTHWEST KANSAS TECHNICAL SCHOOL       ,KS,67735-3441,Public       ,76,19,95,76,19,95
00549800,WICHITA AREA TECHNICAL COLLEGE          ,KS,67211-2099,Public       ,93,355,448,93,355,448
00549900,SALINA AREA TECHNICAL COLLEGE           ,KS,67401-8195,Public       ,61,38,99,61,38,99
00550000,MANHATTAN AREA TECHNICAL COLLEGE        ,KS,66503-2499,Public       ,129,122,251,129,122,251
00675500,BROWN MACKIE COLLEGE (THE)              ,KS,67401-7307,Proprietary  ,51,280,331,51,280,331
00703200,MID AMERICA NAZARENE UNIVERSITY         ,KS,66062-1899,Private      ,749,304,1053,749,304,1053
00822800,SEWARD CO COMM CO/AREA TECHNICAL SCHOOL ,KS,67905-0000,Public       ,121,88,209,121,88,209
00824400,JOHNSON COUNTY COMMUNITY COLLEGE        ,KS,66210-1299,Public       ,2409,1952,4361,2409,1952,4361
00833200,B-STREET DESIGN SCHOOL OF INTERNATIONAL ,KS,66502-6082,Proprietary  ,10,12,22,10,12,22
00868200,ACADEMY OF HAIR DESIGN                  ,KS,67401-2803,Proprietary  ,10,7,17,10,7,17
01025600,BENEDICTINE COLLEGE                     ,KS,66002-1499,Private      ,1483,56,1539,1483,56,1539
01043800,HASKELL INDIAN NATIONS UNIVERSITY       ,KS,66046-4800,Public       ,288,177,465,288,177,465
01050300,WICHITA TECHNICAL INSTITUTE             ,KS,67213-1927,Proprietary  ,53,481,534,53,481,534
01068900,KAW AREA TECHNICAL SCHOOL               ,KS,66604-2199,Public       ,61,95,156,61,95,156
02090700,CLEVELAND CHIROPRACTIC COLLEGE          ,KS,66210-1613,Private      ,20,258,278,20,258,278
02134800,OLD TOWN BARBER AND BEAUTY COLLEGE      ,KS,67211-0000,Proprietary  ,6,10,16,6,10,16
02196400,CAPITOL CITY HAIR DESIGN COLLEGE        ,KS,66102-0000,Proprietary  ,0,2,2,0,2,2
02257700,HAYS ACADEMY OF HAIR DESIGN             ,KS,67601-0000,Proprietary  ,17,12,29,17,12,29
02303500,AMERICAN INSTITUTE OF BAKING            ,KS,66502-0000,Private      ,2,2,4,2,2,4
02340700,LABARON HAIRDRESSING ACADEMY            ,KS,66204-0000,Proprietary  ,3,3,6,3,3,6
02590900,WRIGHT CAREER COLLEGE                   ,KS,66212-0000,Private      ,22,208,230,22,208,230
02599709,VATTEROTT COLLEGE - WICHITA             ,KS,67226-1304,Proprietary  ,11,57,68,11,57,68
02603100,XENON INTERNATIONAL ACADEMY             ,KS,67203-5428,Proprietary  ,30,31,61,30,31,61
02606300,PAUL MITCHELL THE SCHOOL WICHITA        ,KS,67226-2803,Proprietary  ,10,17,27,10,17,27
02611005,HERITAGE COLLEGE - WICHITA              ,KS,67210-1879,Proprietary  ,43,168,211,43,168,211
02613000,PINNACLE CAREER INSTITUTE               ,KS,66046-2703,Proprietary  ,6,45,51,6,45,51
03031300,XENON INTERNATIONAL ACADEMY IV          ,KS,66061-3765,Proprietary  ,6,8,14,6,8,14
03066200,BRYAN COLLEGE                           ,KS,66604-2496,Proprietary  ,4,36,40,4,36,40
03450300,B-STREET DESIGN SCHOOL OF INTERNATIONAL ,KS,66611-2373,Proprietary  ,5,6,11,5,6,11
03450301,B-STREET DESIGN SCHOOL OF INTERNATIONAL ,KS,67207-5148,Proprietary  ,6,7,13,6,7,13
03450302,B-STREET DESIGN SCHOOL OF INTERNATIONAL ,KS,66212-5451,Proprietary  ,7,7,14,7,7,14
03529300,SIDNEY'S HAIRDRESSING COLLEGE           ,KS,67501-7094,Proprietary  ,9,15,24,9,15,24
03862300,BMSI INSTITUTE                          ,KS,66212-3388,Proprietary  ,3,4,7,3,4,7
04132900,Z HAIR ACADEMY                          ,KS,66046-4040,Proprietary  ,9,29,38,9,29,38
00203300,UNIVERSITY OF MAINE-PRESQUE ISLE        ,ME,04769-2888,Public       ,505,212,717,505,212,717
00203500,BANGOR THEOLOGICAL SEMINARY             ,ME,04402-0411,Private      ,2,34,36,2,34,36
00203600,BATES COLLEGE                           ,ME,04240-6028,Private      ,2387,29,2416,2387,29,2416
00203800,BOWDOIN COLLEGE                         ,ME,04011-8451,Private      ,3274,44,3318,3274,44,3318
00203900,COLBY COLLEGE                           ,ME,04901-8841,Private      ,2667,39,2706,2667,39,2706
00204000,UNIVERSITY OF MAINE-FARMINGTON          ,ME,04938-1990,Public       ,2179,277,2456,2179,277,2456
00204100,UNIVERSITY OF MAINE-FORT KENT           ,ME,04743-1292,Public       ,363,150,513,363,150,513
00204300,HUSSON UNIVERSITY                       ,ME,04401-2999,Private      ,1728,556,2284,1728,556,2284
00204400,MAINE MARITIME ACADEMY                  ,ME,04420-0001,Public       ,734,67,801,734,67,801
00205000,UNIVERSITY OF NEW ENGLAND               ,ME,04005-9599,Private      ,3310,1353,4663,3310,1353,4663
00205100,SAINT JOSEPH'S COLLEGE                  ,ME,04084-5263,Private      ,1342,180,1522,1342,180,1522
00205200,THOMAS COLLEGE                          ,ME,04901-5097,Private      ,673,105,778,673,105,778
00205300,UNIVERSITY OF MAINE                     ,ME,04469-0001,Public       ,9098,1956,11054,9098,1956,11054
00205400,UNIVERSITY OF SOUTHERN MAINE            ,ME,04104-0000,Public       ,5019,2993,8012,5019,2993,8012
00205500,UNIVERSITY OF MAINE-MACHIAS             ,ME,04654-1397,Public       ,345,138,483,345,138,483
00520400,BEAL COLLEGE                            ,ME,04401-6896,Proprietary  ,81,183,264,81,183,264
00527600,CENTRAL MAINE COMMUNITY COLLEGE         ,ME,04210-6498,Public       ,775,607,1382,775,607,1382
00527700,EASTERN MAINE COMMUNITY COLLEGE         ,ME,04401-4280,Public       ,789,555,1344,789,555,1344
00552500,SOUTHERN MAINE COMMUNITY  COLLEGE       ,ME,04106-1698,Public       ,1759,1175,2934,1759,1175,2934
00576000,NORTHERN MAINE COMMUNITY COLLEGE        ,ME,04769-2016,Public       ,206,260,466,206,260,466
00577600,MERCY HOSP SCH OF RADIOLOGIC TECH       ,ME,04101-3795,Private      ,14,14,28,14,14,28
00630501,CENTRAL MAINE MEDICAL CENTER - COLLEGE O,ME,04240-4500,Private      ,37,97,134,37,97,134
00676000,UNIVERSITY OF MAINE-AUGUSTA             ,ME,04330-9410,Public       ,903,2335,3238,903,2335,3238
00685800,UNITY COLLEGE                           ,ME,04988-9502,Private      ,745,48,793,745,48,793
00903800,MR BERNARD'S SCH HAIR FASHION INC       ,ME,04243-1163,Proprietary  ,6,8,14,6,8,14
00923100,WASHINGTON COUNTY COMMUNITY COLLEGE     ,ME,04619-9704,Public       ,162,124,286,162,124,286
00929200,ANDOVER COLLEGE                         ,ME,04106-2415,Proprietary  ,63,243,306,63,243,306
00929201,ANDOVER COLLEGE -                       ,ME,04240-0000,Proprietary  ,44,288,332,44,288,332
00945900,EMPIRE BEAUTY SCHOOL                    ,ME,04101-3348,Proprietary  ,39,82,121,39,82,121
00945902,PIERRE'S SCHOOL OF COSMETOLOGY - CARIBOU,ME,04736-2020,Proprietary  ,3,3,6,3,3,6
00945903,EMPIRE BEAUTY SCHOOL - BANGOR           ,ME,04401-6534,Proprietary  ,14,8,22,14,8,22
00982600,KENNEBEC VALLEY  COMMUNITY  COLLEGE     ,ME,04937-1367,Public       ,365,599,964,365,599,964
01138500,COLLEGE OF THE ATLANTIC                 ,ME,04609-1105,Private      ,391,44,435,391,44,435
01167300,MAINE COLLEGE OF ART                    ,ME,04101-3987,Private      ,410,133,543,410,133,543
02104400,SPA TECH INSTITUTE                      ,ME,04102-0000,Proprietary  ,24,60,84,24,60,84
02347100,NEW ENGLAND SCHOOL OF COMMUNICATIONS    ,ME,04401-0000,Private      ,380,51,431,380,51,431
02361300,LANDING SCHOOL OF BOATBUILDING & DESIGN ,ME,04046-1490,Private      ,14,17,31,14,17,31
03122900,YORK COUNTY COMMUNITY COLLEGE           ,ME,04090-0529,Public       ,217,214,431,217,214,431
03429300,SEACOAST CAREER SCHOOLS                 ,ME,04073-0000,Proprietary  ,8,26,34,8,26,34
03612300,BIRTHWISE MIDWIFERY SCHOOL              ,ME,04009-1110,Proprietary  ,6,20,26,6,20,26
00209300,ST JOHN'S COLLEGE                       ,NM,87505-4599,Private      ,394,113,507,394,113,507
00264900,COLLEGE OF SANTA FE                     ,NM,87505-7634,Private      ,377,123,500,377,123,500
00265000,UNIVERSITY OF THE SOUTHWEST             ,NM,88240-9129,Private      ,116,89,205,116,89,205
00265100,EASTERN NEW MEXICO UNIV PORTALES        ,NM,88130-6000,Public       ,1216,584,1800,1216,584,1800
00265101,EASTERN NEW MEXICO UNIV-ROSWELL CAM     ,NM,88202-0000,Public       ,345,291,636,345,291,636
00265300,NEW MEXICO HIGHLANDS UNIVERSITY         ,NM,87701-4436,Public       ,893,722,1615,893,722,1615
00265400,NEW MEXICO INST OF MINING & TECH        ,NM,87801-4796,Public       ,525,135,660,525,135,660
00265500,NEW MEXICO JUNIOR COLLEGE               ,NM,88240-9123,Public       ,184,141,325,184,141,325
00265600,NEW MEXICO MILITARY INSTITUTE           ,NM,88201-5173,Public       ,133,10,143,133,10,143
00265700,NEW MEXICO STATE UNIVERSITY             ,NM,88003-8001,Public       ,6287,3268,9555,6287,3268,9555
00265701,NEW MEXICO STATE UNIV-ALAMOGORDO        ,NM,88311-0000,Public       ,148,253,401,148,253,401
00265702,NEW MEXICO STATE UNIV.-DONA ANA CLG     ,NM,88003-0000,Public       ,755,866,1621,755,866,1621
00265703,NEW MEXICO STATE UNIV-CARLSBAD          ,NM,88220-0000,Public       ,77,119,196,77,119,196
00265704,NEW MEXICO STATE UNIV-GRANTS            ,NM,87020-0000,Public       ,47,90,137,47,90,137
00266000,SAN JUAN COLLEGE                        ,NM,87402-4699,Public       ,371,602,973,371,602,973
00266300,THE UNIVERSITY OF NEW MEXICO            ,NM,87131-0001,Public       ,7504,6410,13914,7504,6410,13914
00266301,UNIV OF NEW MEXICO - GALLUP BRANCH      ,NM,87301-5697,Public       ,168,201,369,168,201,369
00266302,UNIV OF NEW MEXICO - VALENCIA BRANCH    ,NM,87031-0000,Public       ,146,163,309,146,163,309
00266303,UNIV OF NEW MEXICO - LOS ALAMOS         ,NM,87544-0000,Public       ,78,37,115,78,37,115
00266304,UNIVERSITY OF NEW MEXICO                ,NM,87571-6401,Public       ,96,150,246,96,150,246
00266400,WESTERN NEW MEXICO UNIVERSITY           ,NM,88061-5417,Public       ,389,416,805,389,416,805
00369109,MIDDLEBURY COLLEGE - INSTITUTE OF AMERIC,NM,87505-0000,Private      ,2,1,3,2,1,3
00405701,NATIONAL AMERICAN UNIVERSITY            ,NM,87110-0000,Proprietary  ,9,87,96,9,87,96
00474200,CENTRAL NEW MEXICO COMMUNITY COLLEGE    ,NM,87106-4096,Public       ,1574,3123,4697,1574,3123,4697
00474300,CLOVIS COMMUNITY COLLEGE                ,NM,88101-8381,Public       ,121,232,353,121,232,353
00996200,LUNA COMMUNITY COLLEGE                  ,NM,87701-0000,Public       ,108,101,209,108,101,209
01063200,DEWOLFF CLG HAIRSTYLING/COSMETOLOGY     ,NM,87112-4113,Proprietary  ,8,8,16,8,8,16
01300500,OLYMPIAN UNIVERSITY OF COSMETOLOGY      ,NM,88310-5051,Proprietary  ,56,172,228,56,172,228
02083900,NORTHERN NEW MEXICO COLLEGE             ,NM,87530-0000,Public       ,203,225,428,203,225,428
02146400,INSTITUTE OF AMERICAN INDIAN ARTS       ,NM,87508-0000,Public       ,51,70,121,51,70,121
02218808,BROOKLINE COLLEGE - ALBUQUERQUE         ,NM,87105-1649,Proprietary  ,4,11,15,4,11,15
02278100,SANTA FE COMMUNITY COLLEGE              ,NM,87507-0000,Public       ,159,282,441,159,282,441
02293203,ATI CAREER TRAINING CENTER - ALBUQUERQUE,NM,87109-2016,Proprietary  ,9,21,30,9,21,30
02357600,CROWNPOINT INSTITUTE OF TECHNOLOGY      ,NM,87313-0000,Public       ,26,54,80,26,54,80
02511000,SOUTHWESTERN INDIAN POLYTECH INST       ,NM,87184-0000,Public       ,46,79,125,46,79,125
02572003,COMPUTER CAREER CENTER - LAS CRUCES CAMP,NM,88011-8220,Proprietary  ,5,75,80,5,75,80
02622000,SOUTHWEST ACUPUNCTURE COLLEGE           ,NM,87505-0000,Proprietary  ,2,62,64,2,62,64
03076100,SOUTHWESTERN COLLEGE                    ,NM,87507-0000,Private      ,3,59,62,3,59,62
03206300,MESALANDS COMMUNITY COLLEGE             ,NM,88401-3352,Public       ,47,59,106,47,59,106
03430300,UNIVERSAL THERAPEUTIC MASSAGE INSTITUTE ,NM,87107-4403,Proprietary  ,9,19,28,9,19,28
03678300,PIMA MEDICAL INSTITUTE                  ,NM,87110-4127,Proprietary  ,16,35,51,16,35,51
03944300,MASSAGE THERAPY TRAINING INSTITUTE      ,NM,88007-0000,Proprietary  ,4,6,10,4,6,10
00223400,ADRIAN COLLEGE                          ,MI,49221-2575,Private      ,2256,120,2376,2256,120,2376
00223500,ALBION COLLEGE                          ,MI,49224-1831,Private      ,2022,49,2071,2022,49,2071
00223600,ALMA COLLEGE                            ,MI,48801-1599,Private      ,1943,65,2008,1943,65,2008
00223700,ALPENA COMMUNITY COLLEGE                ,MI,49707-1495,Public       ,521,330,851,521,330,851
00223800,ANDREWS UNIVERSITY                      ,MI,49104-0750,Private      ,1004,558,1562,1004,558,1562
00223900,AQUINAS COLLEGE                         ,MI,49506-1799,Private      ,1990,370,2360,1990,370,2360
00224000,BAY DE NOC COMMUNITY COLLEGE            ,MI,49829-2524,Public       ,751,481,1232,751,481,1232
00224100,CALVIN COLLEGE                          ,MI,49546-4388,Private      ,3671,182,3853,3671,182,3853
00224200,CALVIN THEOLOGICAL SEMINARY             ,MI,49546-4387,Private      ,10,121,131,10,121,131
00224300,CENTRAL MICHIGAN UNIVERSITY             ,MI,48859-0001,Public       ,16623,4257,20880,16623,4257,20880
00224600,CLEARY UNIVERSITY                       ,MI,48105-2659,Private      ,84,342,426,84,342,426
00224700,CONCORDIA UNIVERSITY-ANN ARBOR          ,MI,48105-2797,Private      ,378,115,493,378,115,493
00224800,CRANBROOK ACADEMY OF ART                ,MI,48303-0000,Private      ,13,276,289,13,276,289
00224900,DAVENPORT UNIVERSITY                    ,MI,49503-0000,Private      ,2409,7099,9508,2409,7099,9508
00225100,DELTA COLLEGE                           ,MI,48710-0001,Public       ,3571,2917,6488,3571,2917,6488
00225400,MICHIGAN STATE UNIVERSITY COLLEGE OF LAW,MI,48824-1300,Private      ,263,1336,1599,263,1336,1599
00225900,EASTERN MICHIGAN UNIVERSITY             ,MI,48197-2214,Public       ,10333,5304,15637,10333,5304,15637
00226000,FERRIS STATE UNIVERSITY                 ,MI,49307-2251,Public       ,9808,3582,13390,9808,3582,13390
00226100,CHARLES STEWART MOTT COMMUNITY CLG      ,MI,48503-2089,Public       ,2404,2996,5400,2404,2996,5400
00226200,KETTERING UNIVERSITY                    ,MI,48504-4898,Private      ,2081,172,2253,2081,172,2253
00226300,GLEN OAKS COMMUNITY COLLEGE             ,MI,49032-9784,Public       ,345,372,717,345,372,717
00226400,GOGEBIC COMMUNITY COLLEGE               ,MI,49938-1365,Public       ,368,223,591,368,223,591
00226500,GRACE BIBLE COLLEGE                     ,MI,49509-1998,Private      ,192,40,232,192,40,232
00226600,CORNERSTONE UNIVERSITY                  ,MI,49525-5897,Private      ,1262,709,1971,1262,709,1971
00226700,GRAND RAPIDS COMMUNITY COLLEGE          ,MI,49503-3295,Public       ,6209,4129,10338,6209,4129,10338
00226800,GRAND VALLEY STATE UNIVERSITY           ,MI,49401-9403,Public       ,18346,4445,22791,18346,4445,22791
00226900,GREAT LAKES CHRISTIAN COLLEGE           ,MI,48917-1299,Private      ,115,55,170,115,55,170
00227000,HENRY FORD COMMUNITY COLLEGE            ,MI,48128-1495,Public       ,3814,5008,8822,3814,5008,8822
00227300,HOPE COLLEGE                            ,MI,49423-3607,Private      ,3633,101,3734,3633,101,3734
00227400,JACKSON COMMUNITY COLLEGE               ,MI,49201-8399,Public       ,2206,2069,4275,2206,2069,4275
00227500,KALAMAZOO COLLEGE                       ,MI,49006-3295,Private      ,1685,58,1743,1685,58,1743
00227600,KELLOGG COMMUNITY COLLEGE               ,MI,49017-3397,Public       ,1287,1626,2913,1287,1626,2913
00227700,LAKE MICHIGAN COLLEGE                   ,MI,49022-1899,Public       ,960,1058,2018,960,1058,2018
00227800,LANSING COMMUNITY COLLEGE               ,MI,48933-1293,Public       ,3981,3379,7360,3981,3379,7360
00227900,LAWRENCE TECHNOLOGICAL UNIVERSITY       ,MI,48075-1058,Private      ,1346,684,2030,1346,684,2030
00228200,MADONNA UNIVERSITY                      ,MI,48150-1173,Private      ,903,1187,2090,903,1187,2090
00228400,MARYGROVE COLLEGE                       ,MI,48221-2599,Private      ,411,884,1295,411,884,1295
00228800,ROCHESTER COLLEGE                       ,MI,48307-2764,Private      ,341,272,613,341,272,613
00228801,ROCHESTER COLLEGE - MACOMB COMMUNITY COL,MI,48038-1139,Private      ,275,201,476,275,201,476
00228802,ROCHESTER COLLEGE - MOTT COMMUNITY COLLE,MI,48503-2089,Private      ,110,82,192,110,82,192
00228803,ROCHESTER COLLEGE  - SPECS HOWARD       ,MI,48075-3953,Private      ,15,16,31,15,16,31
00229000,MICHIGAN STATE UNIVERSITY               ,MI,48824-1113,Public       ,27455,7217,34672,27455,7217,34672
00229200,MICHIGAN TECHNOLOGICAL UNIV             ,MI,49931-1295,Public       ,5180,641,5821,5180,641,5821
00229300,LAKE SUPERIOR STATE UNIVERSITY          ,MI,49783-1691,Public       ,1904,438,2342,1904,438,2342
00229400,MONROE COUNTY COMMUNITY CLG             ,MI,48161-9746,Public       ,727,696,1423,727,696,1423
00229500,MONTCALM COMMUNITY COLLEGE              ,MI,48885-9723,Public       ,535,607,1142,535,607,1142
00229700,MUSKEGON COMMUNITY COLLEGE              ,MI,49442-1432,Public       ,1779,1458,3237,1779,1458,3237
00229900,NORTH CENTRAL MICHIGAN COLLEGE          ,MI,49770-8740,Public       ,530,648,1178,530,648,1178
00230100,NORTHERN MICHIGAN UNIVERSITY            ,MI,49855-5316,Public       ,5707,1412,7119,5707,1412,7119
00230200,NORTHWESTERN MICHIGAN COLLEGE           ,MI,49686-3061,Public       ,1614,1194,2808,1614,1194,2808
00230300,OAKLAND COMMUNITY COLLEGE               ,MI,48304-2266,Public       ,75,63,138,75,63,138
00230301,OAKLAND COMMUNITY COLLEGE - ORCHARD RIDG,MI,48334-4579,Public       ,996,1017,2013,996,1017,2013
00230302,OAKLAND COMMUNITY COLLEGE - ROYAL OAK CA,MI,48067-3898,Public       ,1043,1462,2505,1043,1462,2505
00230303,OAKLAND COMMUNITY COLLEGE - SOUTHFIELD C,MI,48075-4793,Public       ,932,1586,2518,932,1586,2518
00230304,OAKLAND COMMUNITY COLLEGE - AUBURN HILLS,MI,48323-2845,Public       ,1551,1602,3153,1551,1602,3153
00230305,OAKLAND COMMUNITY COLLEGE - HIGHLAND LAK,MI,48327-4187,Public       ,740,945,1685,740,945,1685
00230700,OAKLAND UNIVERSITY                      ,MI,48309-4401,Public       ,9299,4070,13369,9299,4070,13369
00230800,OLIVET COLLEGE                          ,MI,49076-9902,Private      ,1223,195,1418,1223,195,1418
00231000,ST. CLAIR COUNTY COMMUNITY COLLEGE      ,MI,48061-0000,Public       ,1207,1233,2440,1207,1233,2440
00231100,KUYPER COLLEGE                          ,MI,49525-9749,Private      ,301,85,386,301,85,386
00231300,SACRED HEART MAJOR SEMINARY             ,MI,48206-1799,Private      ,22,70,92,22,70,92
00231400,SAGINAW VALLEY STATE UNIV               ,MI,48710-0001,Public       ,7106,1921,9027,7106,1921,9027
00231500,SCHOOLCRAFT COLLEGE                     ,MI,48152-2696,Public       ,2626,2726,5352,2626,2726,5352
00231600,SIENA HEIGHTS UNIVERSITY                ,MI,49221-1796,Private      ,826,844,1670,826,844,1670
00231700,SOUTHWESTERN MICHIGAN COLLEGE           ,MI,49047-9793,Public       ,893,748,1641,893,748,1641
00231800,SPRING ARBOR UNIVERSITY                 ,MI,49283-9984,Private      ,1802,1237,3039,1802,1237,3039
00232200,FINLANDIA UNIVERSITY                    ,MI,49930-1882,Private      ,396,141,537,396,141,537
00232300,UNIVERSITY OF DETROIT MERCY             ,MI,48221-3038,Private      ,2280,1769,4049,2280,1769,4049
00232303,UNIV OF DETROIT MERCY - LAW SCHOOL      ,MI,48226-0000,Private      ,10,587,597,10,587,597
00232330,UNIV OF DETROIT MERCY - DENTAL SCHOOL   ,MI,48208-2576,Private      ,39,277,316,39,277,316
00232500,UNIVERSITY OF MICHIGAN - ANN ARBOR      ,MI,48109-1316,Public       ,23092,8039,31131,23092,8039,31131
00232501,UNIVERSITY OF MICHIGAN-MEDICAL SCH      ,MI,48109-0000,Public       ,110,940,1050,110,940,1050
00232503,UNIVERSITY OF MICHIGAN LAW SCHOOL       ,MI,48109-0000,Public       ,35,2347,2382,35,2347,2382
00232600,UNIVERSITY OF MICHIGAN-DEARBORN         ,MI,48128-2406,Public       ,3494,2002,5496,3494,2002,5496
00232700,UNIVERSITY OF MICHIGAN-FLINT            ,MI,48502-1950,Public       ,3231,2884,6115,3231,2884,6115
00232800,WASHTENAW COMMUNITY COLLEGE             ,MI,48106-0000,Public       ,1929,2106,4035,1929,2106,4035
00232900,WAYNE STATE UNIVERSITY                  ,MI,48202-0000,Public       ,11228,9190,20418,11228,9190,20418
00232901,WAYNE STATE UNIV SCH OF MEDICINE        ,MI,48201-3359,Public       ,171,1130,1301,171,1130,1301
00232902,WAYNE STATE UNIVERSITY - LAW SCHOOL     ,MI,48202-3424,Public       ,87,890,977,87,890,977
00233000,WESTERN MICHIGAN UNIVERSITY             ,MI,49008-3899,Public       ,13662,4465,18127,13662,4465,18127
00233100,WESTERN THEOLOGICAL SEMINARY            ,MI,49423-0000,Private      ,0,67,67,0,67,67
00407100,WALSH COLLEGE OF ACCT & BUS ADMN        ,MI,48007-7006,Private      ,146,874,1020,146,874,1020
00407200,NORTHWOOD UNIVERSITY                    ,MI,48640-2398,Private      ,1749,793,2542,1749,793,2542
00467300,BAKER COLLEGE - FLINT                   ,MI,48507-5508,Private      ,1423,3372,4795,1423,3372,4795
00467301,BAKER COLLEGE OF CADILLAC               ,MI,49601-0000,Private      ,282,913,1195,282,913,1195
00467302,BAKER COLLEGE OF CLINTON TOWNSHIP       ,MI,48035-0000,Private      ,1176,2845,4021,1176,2845,4021
00467303,BAKER COLLEGE OF MUSKEGON               ,MI,49442-0000,Private      ,1836,2501,4337,1836,2501,4337
00467304,BAKER COLLEGE OF OWOSSO                 ,MI,48867-0000,Private      ,1216,1266,2482,1216,1266,2482
00467305,BAKER COLLEGE OF AUBURN HILLS           ,MI,48326-0000,Private      ,564,1801,2365,564,1801,2365
00467306,BAKER COLLEGE OF PORT HURON             ,MI,48060-0000,Private      ,336,904,1240,336,904,1240
00467309,BAKER COLLEGE OF JACKSON                ,MI,49202-0000,Private      ,372,1095,1467,372,1095,1467
00467311,BAKER COLLEGE-CASS CITY                 ,MI,48726-0000,Private      ,142,265,407,142,265,407
00467313,BAKER COLLEGE - GRADUATE ON-LINE        ,MI,48507-0000,Private      ,166,2895,3061,166,2895,3061
00467317,BAKER COLLEGE-ALLEN PARK                ,MI,48101-0000,Private      ,501,1533,2034,501,1533,2034
00469200,DORSEY SCHOOL OF BUSINESS               ,MI,48195-2334,Proprietary  ,12,79,91,12,79,91
00469201,DORSEY SCHOOL OF BUSINESS               ,MI,48184-0000,Proprietary  ,9,39,48,9,39,48
00469202,DORSEY SCHOOL OF BUSINESS               ,MI,48071-0000,Proprietary  ,2,46,48,2,46,48
00469204,DORSEY SCHOOL OF BUSINESS               ,MI,48066-0000,Proprietary  ,13,70,83,13,70,83
00469205,DORSEY BUSINESS SCHOOL - FARMINGTON HILL,MI,48334-3385,Proprietary  ,3,20,23,3,20,23
00469206,DORSEY BUSINESS SCHOOL - ROSEVILLE CULIN,MI,48066-4555,Proprietary  ,21,43,64,21,43,64
00491003,KAPLAN CAREER INSTITUTE - DEARBORN      ,MI,48228-0000,Proprietary  ,14,54,68,14,54,68
00676800,MID MICHIGAN COMMUNITY COLLEGE          ,MI,48625-9447,Public       ,1228,1159,2387,1228,1159,2387
00677100,COLLEGE FOR CREATIVE STUDIES            ,MI,48202-4034,Private      ,1074,244,1318,1074,244,1318
00694900,KALAMAZOO VALLEY COMMUNITY COLLEGE      ,MI,49003-4070,Public       ,2729,2095,4824,2729,2095,4824
00717100,KIRTLAND COMMUNITY COLLEGE              ,MI,48653-0000,Public       ,502,675,1177,502,675,1177
00761700,CARNEGIE INSTITUTE                      ,MI,48083-1159,Proprietary  ,22,144,166,22,144,166
00795000,WEST SHORE COMMUNITY COLLEGE            ,MI,49454-0000,Public       ,362,358,720,362,358,720
00817800,EMPIRE BEAUTY SCHOOL                    ,MI,49525-2440,Proprietary  ,61,105,166,61,105,166
00817801,EMPIRE BEAUTY SCHOOL - KALAMAZOO CAMPUS ,MI,49024-2694,Proprietary  ,6,12,18,6,12,18
00890600,MACOMB COMMUNITY COLLEGE                ,MI,48088-3896,Public       ,4365,3915,8280,4365,3915,8280
00894600,PORT HURON COSMETOLOGY COLLEGE          ,MI,48329-1618,Proprietary  ,8,8,16,8,8,16
00923000,WAYNE COUNTY COMMUNITY CLG-DISTRICT     ,MI,48226-3095,Public       ,3028,7936,10964,3028,7936,10964
00973200,VIRGINIA FARRELL BEAUTY SCHOOL          ,MI,48080-1448,Proprietary  ,4,11,15,4,11,15
00973400,VIRGINIA FARRELL BEAUTY SCHOOL          ,MI,48220-1739,Proprietary  ,12,21,33,12,21,33
00982800,EVEREST INSTITUTE                       ,MI,48033-4400,Proprietary  ,48,189,237,48,189,237
00982801,EVEREST INSTITUTE- DEARBORN             ,MI,48124-1927,Proprietary  ,47,136,183,47,136,183
00982803,EVEREST INSTITUTE - DETROIT             ,MI,48207-4291,Proprietary  ,42,89,131,42,89,131
01047000,KALAMAZOO BEAUTY ACADEMY                ,MI,49002-5220,Proprietary  ,5,5,10,5,5,10
01062700,ITT TECHNICAL INSTITUTE                 ,MI,49519-0000,Proprietary  ,230,288,518,230,288,518
01082700,DAVID PRESSLEY PROF SCH OF COSMTLGY     ,MI,48067-3219,Proprietary  ,18,21,39,18,21,39
01109800,FLINT INSTITUTE OF BARBERING            ,MI,48504-4395,Proprietary  ,7,27,34,7,27,34
01164600,VIRGINIA FARRELL BEAUTY SCHOOL          ,MI,48185-3091,Proprietary  ,4,24,28,4,24,28
01229100,WRIGHT BEAUTY ACADEMY                   ,MI,49015-2696,Proprietary  ,10,11,21,10,11,21
01262700,THOMAS M. COOLEY LAW SCHOOL             ,MI,48901-1586,Private      ,8,2537,2545,8,2537,2545
01321800,M J MURPHY BTY CLG MT PLEASANT          ,MI,48858-2502,Proprietary  ,15,17,32,15,17,32
02060300,MICHIGAN INSTITUTE OF AERONAUTICS       ,MI,48111-0000,Proprietary  ,123,148,271,123,148,271
02068700,ADRIAN BEAUTY ACADEMY                   ,MI,49221-0000,Proprietary  ,7,10,17,7,10,17
02099700,ROSS MEDICAL EDUCATION CENTER           ,MI,48532-0000,Proprietary  ,23,148,171,23,148,171
02099701,ROSS MEDICAL EDUCATION CENTER-SAGINAW   ,MI,48603-5227,Proprietary  ,15,38,53,15,38,53
02099702,ROSS MEDICAL EDUCATION CENTER-PORT HURON,MI,48060-1958,Proprietary  ,3,11,14,3,11,14
02099703,ROSS MEDICAL EDUCATION CENTER-ROOSEVELT ,MI,49441-4156,Proprietary  ,8,13,21,8,13,21
02100400,EVEREST INSTITUTE                       ,MI,49525-2301,Proprietary  ,45,130,175,45,130,175
02100401,EVEREST INSTITUTE - KALAMAZOO           ,MI,49009-3307,Proprietary  ,14,65,79,14,65,79
02125600,MICHIGAN COLLEGE OF BEAUTY              ,MI,48083-0000,Proprietary  ,25,33,58,25,33,58
02152103,ACADEMY OF COURT REPORTING & TECHNOLOGY ,MI,48017-1495,Proprietary  ,8,96,104,8,96,104
02158600,MR BELA'S SCHOOL OF COSMETOLOGY         ,MI,48092-4637,Proprietary  ,6,8,14,6,8,14
02160303,INTERNATIONAL ACADEMY OF DESIGN AND TECH,MI,48083-2160,Proprietary  ,297,285,582,297,285,582
02180100,ROSS MEDICAL EDUCATION CENTER           ,MI,48092-0000,Proprietary  ,10,49,59,10,49,59
02180105,ROSS MEDICAL EDUCATION CENTER-REDFORD   ,MI,48239-1260,Proprietary  ,3,21,24,3,21,24
02198900,MICHIGAN SCHOOL OF PROFESSIONAL PSYCHOLO,MI,48334-4512,Private      ,5,84,89,5,84,89
02209200,TAYLORTOWN SCHOOL OF BEAUTY             ,MI,48180-0000,Proprietary  ,8,6,14,8,6,14
02237800,SPECS HOWARD SCHOOL OF MEDIA ARTS       ,MI,48075-0000,Proprietary  ,150,137,287,150,137,287
02285700,BAYSHIRE BEAUTY ACADEMY                 ,MI,48708-5614,Proprietary  ,12,24,36,12,24,36
02289801,KAPLAN INSTITUTE - DETROIT CAMPUS       ,MI,48202-0000,Proprietary  ,68,315,383,68,315,383
02324500,MICHIGAN COLLEGE OF BEAUTY              ,MI,48161-0000,Proprietary  ,14,11,25,14,11,25
02339700,ROSS MEDICAL EDUCATION CENTER           ,MI,48116-0000,Proprietary  ,8,41,49,8,41,49
02339701,ROSS MEDICAL EDUCATION CENTER-ANN ARBOR ,MI,48108-1411,Proprietary  ,9,15,24,9,15,24
02361500,MICHIGAN BARBER COLLEGE                 ,MI,48204-2244,Private      ,18,47,65,18,47,65
02363800,YESHIVA GEDOLAH OF GREATER DETROIT      ,MI,48237-0000,Private      ,2,0,2,2,0,2
02491000,WEST MI COLG OF BARBERING & BEAUTY      ,MI,49008-0000,Proprietary  ,10,7,17,10,7,17
02498300,VIRGINIA FARRELL BEAUTY SCHOOL          ,MI,48154-0000,Proprietary  ,15,16,31,15,16,31
02533600,ROSS MEDICAL EDUCATION CENTER           ,MI,48917-2108,Proprietary  ,12,65,77,12,65,77
02533601,ROSS MEDICAL EDUCATION CENTER - GRAND RA,MI,49546-2430,Proprietary  ,14,43,57,14,43,57
02588200,DOUGLAS J AVEDA INSTITUTE               ,MI,48823-4351,Proprietary  ,176,160,336,176,160,336
02588201,DOUGLAS J AVEDA INSTITUTE - ANN ARBOR   ,MI,48104-2211,Proprietary  ,25,25,50,25,25,50
02595700,HILLSDALE BEAUTY COLLEGE                ,MI,49242-0000,Proprietary  ,28,2,30,28,2,30
02618400,MICHIGAN CAREER & TECHNICAL INST        ,MI,49080-9254,Public       ,75,23,98,75,23,98
03005700,DETROIT BUSINESS INST. DOWNRIVER        ,MI,48193-6761,Proprietary  ,8,18,26,8,18,26
03028500,LAWTON SCHOOL                           ,MI,48075-5406,Proprietary  ,3,15,18,3,15,18
03066600,BAY MILLS COMMUNITY COLLEGE             ,MI,49715-9750,Public       ,58,96,154,58,96,154
03075200,TWIN CITY BEAUTY COLLEGE                ,MI,49085-3305,Proprietary  ,3,14,17,3,14,17
03075201,TWIN CITY BEAUTY COLLEGE - TRAVERSE CITY,MI,49686-5119,Proprietary  ,10,13,23,10,13,23
03090000,SHARP'S ACADEMY OF HAIRSTYLING INC.     ,MI,48433-0000,Proprietary  ,2,9,11,2,9,11
03109700,HOUGHTON LAKE INST OF COSMETOLOGY       ,MI,48629-0669,Proprietary  ,4,1,5,4,1,5
03110300,THE SCHOOL OF CREATIVE HAIR DESIGN      ,MI,49036-1139,Proprietary  ,3,8,11,3,8,11
03124000,NORTHWESTERN TECHNOLOGICAL INST         ,MI,48075-2412,Proprietary  ,14,34,48,14,34,48
03135300,MICHIGAN THEOLOGICAL SEMINARY           ,MI,48170-4399,Private      ,3,33,36,3,33,36
03284300,MICHIGAN JEWISH INSTITUTE               ,MI,48237-0000,Private      ,80,11,91,80,11,91
03490300,PAUL MITCHELL THE SCHOOL ESCANABA       ,MI,49829-0000,Proprietary  ,2,2,4,2,2,4
03588300,IRENE'S MYOMASSOLOGY INSTITUTE          ,MI,48033-2404,Proprietary  ,21,99,120,21,99,120
03704300,BLUE WATER COLLEGE OF COSMETOLOGY       ,MI,48040-0000,Proprietary  ,5,4,9,5,4,9
03772300,SAGINAW CHIPPEWA TRIBAL COLLEGE         ,MI,48858-0000,Public       ,1,10,11,1,10,11
03815300,IN SESSION-ARTS OF COSMETOLOGY BEAU     ,MI,48609-0000,Proprietary  ,15,30,45,15,30,45
03907300,PAUL MITCHELL THE SCHOOL GREAT LAKES    ,MI,48060-0000,Proprietary  ,16,12,28,16,12,28
03915300,CAREER QUEST LEARNING CENTER            ,MI,48910-4732,Proprietary  ,14,61,75,14,61,75
03968300,LAKEWOOD SCHOOL OF THERAPEUTIC MASSAGE  ,MI,48060-0000,Proprietary  ,1,10,11,1,10,11
03976500,ANN ARBOR INSTITUTE OF MASSAGE THERAPY  ,MI,48103-0000,Proprietary  ,5,15,20,5,15,20
04002400,ECUMENICAL THEOLOGICAL SEMINARY         ,MI,48201-3035,Private      ,0,27,27,0,27,27
04006300,NUVO COLLEGE OF COSMETOLOGY             ,MI,49441-3822,Proprietary  ,6,9,15,6,9,15
04014300,P&A SCHOLARS BEAUTY SCHOOL              ,MI,48204-0000,Proprietary  ,24,25,49,24,25,49
04094300,ROBERT B. MILLER COLLEGE (THE)          ,MI,49017-3306,Private      ,26,113,139,26,113,139
04121100,GALLERY COLLEGE OF BEAUTY (THE)         ,MI,48036-3591,Proprietary  ,15,18,33,15,18,33
04136300,FOCUS:  HOPE INFORMATION TECHNOLOGIES CE,MI,48238-2949,Private      ,24,73,97,24,73,97
04138400,SCHOOL OF DESIGNING ARTS                ,MI,49037-7995,Proprietary  ,9,9,18,9,9,18
04139600,REGAL BEAUTY SCHOOL                     ,MI,48150-4013,Proprietary  ,5,15,20,5,15,20
04140900,INTERNATIONAL COSMETOLOGY ACADEMY       ,MI,49508-1308,Proprietary  ,7,19,26,7,19,26
04141100,FRENCH ACADEMY OF COSMETOLOGY           ,MI,49456-3207,Proprietary  ,12,11,23,12,11,23
00233200,ANOKA-RAMSEY CC-CAMBRIDGE/COONRAPID     ,MN,55433-3499,Public       ,692,677,1369,692,677,1369
00233400,AUGSBURG COLLEGE                        ,MN,55454-1351,Private      ,1856,654,2510,1856,654,2510
00233500,RIVERLAND COMMUNITY COLLEGE             ,MN,55912-1473,Public       ,228,343,571,228,343,571
00233600,BEMIDJI STATE UNIVERSITY                ,MN,56601-2699,Public       ,1480,455,1935,1480,455,1935
00233700,BETHANY LUTHERAN COLLEGE INC            ,MN,56001-6163,Private      ,429,13,442,429,13,442
00233900,CENTRAL LAKES COLG-BRAINERD/STAPLES     ,MN,56401-3900,Public       ,303,318,621,303,318,621
00234000,CARLETON COLLEGE                        ,MN,55057-4001,Private      ,2798,34,2832,2798,34,2832
00234100,COLLEGE OF ST BENEDICT                  ,MN,56374-2099,Private      ,1305,16,1321,1305,16,1321
00234200,ST. CATHERINE UNIVERSITY                ,MN,55105-1789,Private      ,1327,1039,2366,1327,1039,2366
00234300,COLLEGE OF ST SCHOLASTICA               ,MN,55811-4199,Private      ,1652,424,2076,1652,424,2076
00234500,UNIVERSITY OF ST THOMAS                 ,MN,55105-1096,Private      ,4582,1369,5951,4582,1369,5951
00234600,CONCORDIA COLLEGE-MOORHEAD              ,MN,56562-0001,Private      ,2068,55,2123,2068,55,2123
00234700,"CONCORDIA UNIVERSITY, ST PAUL, MN       ",MN,55104-5494,Private      ,711,378,1089,711,378,1089
00235000,VERMILION COMMUNITY COLLEGE             ,MN,55731-1996,Public       ,181,43,224,181,43,224
00235300,GUSTAVUS ADOLPHUS COLLEGE               ,MN,56082-1498,Private      ,2300,35,2335,2300,35,2335
00235400,HAMLINE UNIVERSITY                      ,MN,55104-1284,Private      ,1531,1255,2786,1531,1255,2786
00235500,HIBBING COMMUNITY COLLEGE               ,MN,55746-3300,Public       ,193,184,377,193,184,377
00235600,ITASCA COMMUNITY COLLEGE                ,MN,55744-3397,Public       ,282,132,414,282,132,414
00235700,LUTHER SEMINARY                         ,MN,55108-0000,Private      ,2,213,215,2,213,215
00235800,MACALESTER COLLEGE                      ,MN,55105-1899,Private      ,2625,33,2658,2625,33,2658
00236000,"MINNESOTA STATE UNIVERSITY, MANKATO     ",MN,56002-0000,Public       ,5994,1590,7584,5994,1590,7584
00236100,MARTIN LUTHER COLLEGE                   ,MN,56073-3965,Private      ,363,11,374,363,11,374
00236200,MINNEAPOLIS COMM AND TECH COLLEGE       ,MN,55403-1779,Public       ,982,1780,2762,982,1780,2762
00236500,MINNEAPOLIS COLLEGE OF ART & DESIGN     ,MN,55404-4343,Private      ,774,232,1006,774,232,1006
00236600,CROSSROADS COLLEGE                      ,MN,55902-2382,Private      ,37,21,58,37,21,58
00236700,MINNESOTA STATE UNIVERSITY MOORHEAD     ,MN,56563-0001,Public       ,2837,769,3606,2837,769,3606
00236900,NORTH CENTRAL UNIVERSITY                ,MN,55404-1391,Private      ,582,109,691,582,109,691
00237000,NORTH HENNEPIN COMMUNITY COLLEGE        ,MN,55445-2299,Public       ,544,732,1276,544,732,1276
00237100,NORTHWESTERN COLLEGE                    ,MN,55113-1598,Private      ,1373,187,1560,1373,187,1560
00237300,ROCHESTER COMMUNITY/TECH COLLEGE        ,MN,55904-4999,Public       ,814,715,1529,814,715,1529
00237500,SOUTHWEST MINNESOTA STATE UNIVERSITY    ,MN,56258-1598,Public       ,1308,302,1610,1308,302,1610
00237700,ST CLOUD STATE UNIVERSITY               ,MN,56301-4498,Public       ,4305,1207,5512,4305,1207,5512
00237900,SAINT JOHNS UNIVERSITY                  ,MN,56321-0000,Private      ,1198,32,1230,1198,32,1230
00238000,SAINT MARY'S UNIVERSITY                 ,MN,55987-1399,Private      ,1109,676,1785,1109,676,1785
00238200,ST OLAF COLLEGE                         ,MN,55057-1098,Private      ,3023,34,3057,3023,34,3057
00238300,CROWN COLLEGE                           ,MN,55375-9001,Private      ,396,120,516,396,120,516
00238500,NORTHLAND COMMUNITY & TECHNICAL CLG     ,MN,56701-2598,Public       ,413,381,794,413,381,794
00238600,UNITED THEOLGCL SEMINRY TWIN CITIES     ,MN,55112-0000,Private      ,0,18,18,0,18,18
00238800,"UNIVERSITY OF MINNESOTA, DULUTH         ",MN,55812-2496,Public       ,5161,627,5788,5161,627,5788
00238900,"UNIVERSITY OF MINNESOTA, MORRIS         ",MN,56267-2113,Public       ,1331,114,1445,1331,114,1445
00239100,WILLIAM MITCHELL COLLEGE OF LAW         ,MN,55105-0000,Private      ,0,730,730,0,730,730
00239300,MINNESOTA STATE COLLEGE-SE TECH         ,MN,55987-0409,Public       ,166,197,363,166,197,363
00239400,WINONA STATE UNIVERSITY                 ,MN,55987-5838,Public       ,3699,367,4066,3699,367,4066
00396900,UNIVERSITY OF MINNESOTA-TWIN CITIES     ,MN,55455-0422,Public       ,18163,7884,26047,18163,7884,26047
00400900,MESABI RANGE CMNTY & TECH COLLEGE       ,MN,55792-0000,Public       ,121,110,231,121,110,231
00405708,NATIONAL AMERICAN UNIVERSITY            ,MN,55113-0000,Proprietary  ,9,68,77,9,68,77
00405715,NATIONAL AMERICAN UNIVERSITY - BLOOMINGT,MN,55425-5550,Proprietary  ,5,50,55,5,50,55
00406900,UNIVERSITY OF MINNESOTA-CROOKSTON       ,MN,56716-5001,Public       ,523,128,651,523,128,651
00438600,VETERAN'S MEDICAL CTR- SCH RAD TECH     ,MN,55417-2399,Public       ,1,4,5,1,4,5
00464100,DUNWOODY COLLEGE OF TECHNOLOGY          ,MN,55403-1192,Private      ,252,277,529,252,277,529
00464200,GLOBE UNIVERSITY                        ,MN,55125-5408,Proprietary  ,187,403,590,187,403,590
00464500,MINNEAPOLIS BUSINESS COLLEGE            ,MN,55113-4036,Proprietary  ,205,55,260,205,55,260
00464600,MINNESOTA SCHOOL OF BUSINESS            ,MN,55423-0000,Proprietary  ,349,1072,1421,349,1072,1421
00464800,RASMUSSEN COLLEGE - EAGAN               ,MN,55122-1346,Proprietary  ,80,368,448,80,368,448
00525200,RIDGEWATER COLLEGE                      ,MN,56201-2098,Public       ,587,366,953,587,366,953
00526300,MINNESOTA WEST CMNTY & TECH COLG        ,MN,56241-1096,Public       ,300,280,580,300,280,580
00553300,"SAINT PAUL COLLEGE, COMMUNITY/TECHNICAL ",MN,55102-1800,Public       ,556,873,1429,556,873,1429
00553400,ST CLOUD TECHNICAL COLLEGE              ,MN,56303-1240,Public       ,584,417,1001,584,417,1001
00553500,PINE TECHNICAL COLLEGE                  ,MN,55063-2198,Public       ,41,145,186,41,145,186
00553700,SOUTH CENTRAL COLLEGE                   ,MN,56003-0000,Public       ,416,377,793,416,377,793
00554100,MINNESOTA STATE COMMUNITY AND TECHNICAL ,MN,56573-1405,Public       ,611,621,1232,611,621,1232
00554400,ALEXANDRIA TECHNICAL COLLEGE            ,MN,56308-3799,Public       ,417,191,608,417,191,608
00575700,LAKE SUPERIOR COLLEGE                   ,MN,55811-3399,Public       ,490,487,977,490,487,977
00575900,NORTHWEST TECHNICAL COLLEGE - BEMIDJI   ,MN,56601-4907,Public       ,85,190,275,85,190,275
00677500,RAINY RIVER COMMUNITY COLLEGE           ,MN,56649-2187,Public       ,30,32,62,30,32,62
00735000,ANOKA-HENNEPIN TECHNICAL COLLEGE        ,MN,55303-1590,Public       ,150,348,498,150,348,498
00735100,BROWN COLLEGE                           ,MN,55120-1004,Proprietary  ,380,312,692,380,312,692
00746200,COLLEGE OF VISUAL ARTS                  ,MN,55102-2199,Private      ,94,18,112,94,18,112
00795400,NORMANDALE COMMUNITY COLLEGE            ,MN,55431-4399,Public       ,1154,1018,2172,1154,1018,2172
00826700,NORTHWEST TECHNICAL INSTITUTE           ,MN,55121-5001,Proprietary  ,37,11,48,37,11,48
00869400,RASMUSSEN COLLEGE                       ,MN,56301-3713,Proprietary  ,51,237,288,51,237,288
00869401,RASMUSSEN COLLEGE - BROOKLYN PARK       ,MN,55445-1512,Proprietary  ,69,365,434,69,365,434
00905800,BETHEL UNIVERSITY                       ,MN,55112-6999,Private      ,1754,457,2211,1754,457,2211
00960000,COSMETOLOGY CAREERS UNLTD-DULUTH        ,MN,55802-2031,Proprietary  ,6,6,12,6,6,12
00972200,EMPIRE BEAUTY SCHOOL                    ,MN,55119-7003,Proprietary  ,14,64,78,14,64,78
00974000,INVER HILLS COMMUNITY COLLEGE           ,MN,55076-3224,Public       ,411,541,952,411,541,952
00983100,MODEL COLLEGE OF HAIR DESIGN            ,MN,56301-4280,Proprietary  ,30,13,43,30,13,43
00987000,EMPIRE BEAUTY SCHOOL                    ,MN,55420-2919,Proprietary  ,15,71,86,15,71,86
00989200,"DULUTH BUSINESS UNIV, INC.              ",MN,55807-0000,Proprietary  ,32,55,87,32,55,87
00999200,OAK HILLS CHRISTIAN COLLEGE             ,MN,56601-0000,Private      ,53,9,62,53,9,62
01024800,ART INSTITUTES INTL MINNESOTA           ,MN,55402-3137,Proprietary  ,690,360,1050,690,360,1050
01035602,EVEREST INSTITUTE - EAGAN               ,MN,55121-1696,Proprietary  ,4,34,38,4,34,38
01037400,METROPOLITAN STATE UNIVERSITY           ,MN,55106-5000,Public       ,523,1492,2015,523,1492,2015
01040200,DAKOTA COUNTY TECHNICAL COLLEGE         ,MN,55068-2999,Public       ,219,313,532,219,313,532
01049000,REGENCY BEAUTY INSTITUTE                ,MN,55428-0000,Proprietary  ,575,1003,1578,575,1003,1578
01049100,HENNEPIN TECHNICAL COLLEGE              ,MN,55445-2399,Public       ,336,677,1013,336,677,1013
01054600,CENTURY COMMUNITY AND TECHNICAL CLG     ,MN,55110-1894,Public       ,947,1152,2099,947,1152,2099
01101700,HERZING COLLEGE                         ,MN,55428-3548,Proprietary  ,54,123,177,54,123,177
01168600,RASMUSSEN COLLEGE - EDEN PRAIRIE        ,MN,55344-7220,Proprietary  ,60,690,750,60,690,750
01173200,"MAYO CLINIC, COLLEGE OF MEDICINE        ",MN,55905-0000,Private      ,15,208,223,15,208,223
01173201,MAYO SCHOOL OF HEALTH-RELATED SCIEN     ,MN,55905-0000,Private      ,29,67,96,29,67,96
01173206,MAYO GRAD SCHOOL                        ,MN,55901-0000,Private      ,2,18,20,2,18,20
01173207,MAYO MEDICAL SCHOOL                     ,MN,55901-0000,Private      ,1,113,114,1,113,114
01232800,NORTHWESTERN HEALTH SCIENCES UNIV       ,MN,55431-1599,Private      ,23,266,289,23,266,289
02050300,ACADEMY COLLEGE                         ,MN,55420-1554,Proprietary  ,5,23,28,5,23,28
02123200,AVEDA INSTITUTE                         ,MN,55414-0000,Proprietary  ,91,81,172,91,81,172
02159800,COSMETOLOGY CAREERS UNLTD - HIBBING     ,MN,55746-0000,Proprietary  ,3,1,4,3,1,4
02160901,"SALON PROFESSIONAL ACADEMY, THE - THE SA",MN,55428-4928,Proprietary  ,11,8,19,11,8,19
02238100,MINNESOTA SCHOOL OF COSMETOLOGY         ,MN,55125-0000,Proprietary  ,11,18,29,11,18,29
02260500,SUMMIT ACAD OPPORTUNITIES IND CTR       ,MN,55405-0000,Private      ,4,11,15,4,11,15
02263102,HIGH-TECH INSTITUTE - MINNEAPOLIS       ,MN,55416-2467,Proprietary  ,4,11,15,4,11,15
02503300,RASMUSSEN COLLEGE - MANKATO             ,MN,56001-8658,Proprietary  ,107,368,475,107,368,475
02503302,RASMUSSEN COLLEGE - MANKATO -  LAKE ELMO,MN,55042-8624,Proprietary  ,44,276,320,44,276,320
02504200,WALDEN UNIVERSITY                       ,MN,55401-2511,Proprietary  ,26,8102,8128,26,8102,8128
02514100,AMERICAN INDIAN OPPORTUNITIES CTR       ,MN,55404-0000,Private      ,2,6,8,2,6,8
02543600,INGENUE                                 ,MN,56560-0000,Proprietary  ,5,3,8,5,3,8
02551200,EAST METRO OIC                          ,MN,55104-3435,Private      ,10,14,24,10,14,24
03001200,MCNALLY SMITH COLLEGE OF MUSIC          ,MN,55101-2220,Proprietary  ,348,72,420,348,72,420
03051900,ALFRED ADLER GRADUATE SCHOOL            ,MN,55305-0000,Private      ,0,49,49,0,49,49
03096400,LEECH LAKE TRIBAL COLLEGE               ,MN,56633-0000,Public       ,3,45,48,3,45,48
03129100,FOND DU LAC TRIBAL & COMMUNITY CLG      ,MN,55720-2984,Public       ,86,129,215,86,129,215
03267300,CAPELLA UNIVERSITY                      ,MN,55402-3389,Proprietary  ,30,9870,9900,30,9870,9900
03833300,AMERICAN ACADEMY OF ACUPUNCTURE AND ORIE,MN,55113-0000,Proprietary  ,0,20,20,0,20,20
03921400,WHITE EARTH TRIBAL AND COMMUNITY COLLEGE,MN,56557-0478,Private      ,3,21,24,3,21,24
04044300,HAZELDEN GRADUATE SCHOOL OF ADDICTION ST,MN,55012-0000,Private      ,0,35,35,0,35,35
04130200,INST. OF PRODUCTION AND RECORDING       ,MN,55401-1315,Proprietary  ,123,50,173,123,50,173
00239600,ALCORN STATE UNIVERSITY                 ,MS,39096-7500,Public       ,1558,829,2387,1558,829,2387
00239700,BELHAVEN COLLEGE                        ,MS,39202-1789,Private      ,784,977,1761,784,977,1761
00239800,BLUE MOUNTAIN COLLEGE                   ,MS,38610-9370,Private      ,185,106,291,185,106,291
00240100,COAHOMA COMMUNITY COLLEGE               ,MS,38614-9799,Public       ,377,456,833,377,456,833
00240200,COPIAH-LINCOLN COMMUNITY COLLEGE        ,MS,39191-0649,Public       ,561,445,1006,561,445,1006
00240300,DELTA STATE UNIVERSITY                  ,MS,38733-0000,Public       ,1330,907,2237,1330,907,2237
00240400,EAST CENTRAL COMMUNITY COLLEGE          ,MS,39327-0129,Public       ,519,398,917,519,398,917
00240500,EAST MISSISSIPPI COMM COLLEGE           ,MS,39358-0000,Public       ,602,554,1156,602,554,1156
00240700,HINDS COMMUNITY COLLEGE                 ,MS,39154-9799,Public       ,1772,2018,3790,1772,2018,3790
00240800,HOLMES COMMUNITY COLLEGE                ,MS,39079-0000,Public       ,883,1116,1999,883,1116,1999
00240900,ITAWAMBA COMMUNITY COLLEGE              ,MS,38843-1099,Public       ,1132,1264,2396,1132,1264,2396
00241000,JACKSON STATE UNIVERSITY                ,MS,39217-0001,Public       ,3874,2532,6406,3874,2532,6406
00241100,JONES COUNTY JUNIOR COLLEGE             ,MS,39437-3999,Public       ,1009,592,1601,1009,592,1601
00241300,MERIDIAN COMMUNITY COLLEGE              ,MS,39307-5890,Public       ,515,473,988,515,473,988
00241400,MILLSAPS COLLEGE                        ,MS,39201-0000,Private      ,896,128,1024,896,128,1024
00241500,MISSISSIPPI COLLEGE                     ,MS,39058-0001,Private      ,1084,933,2017,1084,933,2017
00241501,MISSISSIPPI COLLEGE - SCHOOL OF LAW     ,MS,39201-1391,Private      ,11,409,420,11,409,420
00241502,MISSISSIPPI COLLEGE - RANKIN CAMPUS     ,MS,39042-0000,Private      ,7,12,19,7,12,19
00241600,MISSISSIPPI DELTA CMTY COLLEGE          ,MS,38761-0000,Public       ,571,487,1058,571,487,1058
00241700,MISSISSIPPI GULF CST CLG-PERKINSTON     ,MS,39573-0000,Public       ,419,164,583,419,164,583
00241701,MISSISSIPPI GULF CST CLG-JEFF DAVIS     ,MS,39507-0000,Public       ,357,542,899,357,542,899
00241702,MISSISSIPPI GULF CST CLG-JACKSON CN     ,MS,39553-0000,Public       ,336,371,707,336,371,707
00242200,MISSISSIPPI UNIV FOR WOMEN              ,MS,39701-5818,Public       ,685,542,1227,685,542,1227
00242300,MISSISSIPPI STATE UNIVERSITY            ,MS,39762-9698,Public       ,5918,1979,7897,5918,1979,7897
00242400,MISSISSIPPI VALLEY STATE UNIVERSITY     ,MS,38941-1400,Public       ,1204,856,2060,1204,856,2060
00242600,NORTHEAST MS CMNTY COLLEGE              ,MS,38829-1731,Public       ,815,651,1466,815,651,1466
00242700,NORTHWEST MISSISSIPPI COMMUNITY CLG     ,MS,38668-1703,Public       ,1587,1284,2871,1587,1284,2871
00243000,PEARL RIVER COMMUNITY COLLEGE           ,MS,39470-2201,Public       ,813,674,1487,813,674,1487
00243300,RUST COLLEGE                            ,MS,38635-2328,Private      ,678,185,863,678,185,863
00243500,SOUTHEASTERN BAPTIST COLLEGE            ,MS,39440-0000,Private      ,6,3,9,6,3,9
00243600,SOUTHWEST MISSISSIPPI CMNTY CLG         ,MS,39666-8099,Public       ,372,253,625,372,253,625
00243900,TOUGALOO COLLEGE                        ,MS,39174-9799,Private      ,764,173,937,764,173,937
00244000,UNIVERSITY OF MISSISSIPPI               ,MS,38677-1848,Public       ,5055,2202,7257,5055,2202,7257
00244001,UNIVERSITY OF MISSISSIPPI - MED CTR     ,MS,39216-0000,Public       ,203,1143,1346,203,1143,1346
00244100,UNIVERSITY OF SOUTHERN MISSISSIPPI      ,MS,39406-0001,Public       ,4742,2857,7599,4742,2857,7599
00244700,WILLIAM CAREY UNIVERSITY                ,MS,39401-5499,Private      ,403,737,1140,403,737,1140
01146100,WESLEY COLLEGE                          ,MS,39073-1070,Private      ,12,15,27,12,15,27
01289101,ANTONELLI COLLEGE - JACKSON             ,MS,39208-4526,Proprietary  ,12,77,89,12,77,89
01289102,ANTONELLI COLLEGE - HATTIESBURG         ,MS,39401-3056,Proprietary  ,25,110,135,25,110,135
02074900,CHRIS' BEAUTY COLLEGE                   ,MS,39501-0000,Proprietary  ,5,9,14,5,9,14
02160500,NORTH MISSISSIPPI MED CTR MED TECH      ,MS,38801-0000,Private      ,3,15,18,3,15,18
02235900,ACADEMY OF HAIR DESIGN #4               ,MS,39208-0000,Proprietary  ,5,19,24,5,19,24
02244300,ACADEMY OF HAIR DESIGN #1               ,MS,38901-0000,Proprietary  ,3,14,17,3,14,17
02249900,DELTA BEAUTY COLLEGE                    ,MS,38701-0000,Proprietary  ,10,18,28,10,18,28
02251600,ACADEMY OF HAIR DESIGN #6               ,MS,39401-7581,Proprietary  ,6,10,16,6,10,16
02251700,FOSTER'S COSMETOLOGY COLLEGE            ,MS,38663-0000,Proprietary  ,1,0,1,1,0,1
02302800,MISSISSIPPI COLLEGE OF BEAUTY CULT      ,MS,39440-0000,Proprietary  ,0,3,3,0,3,3
02320800,MAGNOLIA COLLEGE OF COSMETOLOGY         ,MS,39206-0000,Proprietary  ,4,20,24,4,20,24
02361200,MAGNOLIA BIBLE COLLEGE                  ,MS,39090-0000,Private      ,5,3,8,5,3,8
02502100,CREATIONS COLLEGE OF COSMETOLOGY        ,MS,38803-0000,Proprietary  ,3,13,16,3,13,16
02516200,WESLEY BIBLICAL SEMINARY                ,MS,39206-0000,Private      ,2,21,23,2,21,23
02554600,GIBSON'S BARBER AND BEAUTY COLLEGE      ,MS,39773-0000,Proprietary  ,6,7,13,6,7,13
02586000,J & J HAIR DESIGN COLLEGE               ,MS,39051-3716,Proprietary  ,5,6,11,5,6,11
03004000,FINAL TOUCH BEAUTY SCHOOL               ,MS,39307-2934,Proprietary  ,1,4,5,1,4,5
03010401,CRESCENT CITY BARTENDING SCHOOL         ,MS,39501-0000,Proprietary  ,2,4,6,2,4,6
03010404,CRESCENT CITY SCHOOL OF GAMING & BARTEND,MS,38664-1903,Proprietary  ,1,4,5,1,4,5
03010603,VIRGINIA COLLEGE - JACKSON              ,MS,39206-5602,Proprietary  ,20,140,160,20,140,160
03010610,VIRGINIA COLLEGE - BILOXI               ,MS,39532-2124,Proprietary  ,34,338,372,34,338,372
03263300,TRAXLER'S SCHOOL OF HAIR                ,MS,39212-2529,Proprietary  ,4,4,8,4,4,8
03464300,ACADEMY OF HAIR DESIGN                  ,MS,39562-0000,Proprietary  ,2,9,11,2,9,11
03525300,BLUE CLIFF COLLEGE                      ,MS,39507-0000,Proprietary  ,31,102,133,31,102,133
03848300,DAY SPA CAREER COLLEGE                  ,MS,39564-0000,Proprietary  ,2,2,4,2,2,4
03963300,HEALING TOUCH SCHOOL OF MASSAGE THERAPY ,MS,39402-1300,Proprietary  ,1,3,4,1,3,4
04131300,CORINTH ACADEMY OF COSMETOLOGY          ,MS,38834-4813,Proprietary  ,4,3,7,4,3,7
04140200,"MISSISSIPPI INSTITUTE OF AESTHETICS, NAI",MS,39056-5628,Proprietary  ,2,8,10,2,8,10
00252600,CARROLL COLLEGE                         ,MT,59625-0002,Private      ,1235,107,1342,1235,107,1342
00252700,UNIVERSITY OF GREAT FALLS               ,MT,59405-4996,Private      ,307,235,542,307,235,542
00252800,MILES COMMUNITY COLLEGE                 ,MT,59301-4799,Public       ,175,92,267,175,92,267
00252900,DAWSON COMMUNITY COLLEGE                ,MT,59330-1405,Public       ,173,42,215,173,42,215
00253000,MONTANA STATE UNIVERSITY - BILLINGS     ,MT,59101-0298,Public       ,1423,1273,2696,1423,1273,2696
00253100,MONTANA TECH OF THE UNIV OF MONTANA     ,MT,59701-8997,Public       ,1033,499,1532,1033,499,1532
00253200,MONTANA STATE UNIVERSITY - BOZEMAN      ,MT,59717-0001,Public       ,6565,1867,8432,6565,1867,8432
00253300,MONTANA STATE UNIVERSITY-NORTHERN       ,MT,59501-3148,Public       ,462,254,716,462,254,716
00253400,ROCKY MOUNTAIN COLLEGE                  ,MT,59102-1796,Private      ,630,154,784,630,154,784
00253600,UNIVERSITY OF MONTANA (THE)             ,MT,59812-0001,Public       ,5752,3823,9575,5752,3823,9575
00253700,UNIVERSITY OF MONTANA WESTERN (THE)     ,MT,59725-3598,Public       ,725,248,973,725,248,973
00677700,FLATHEAD VALLEY COMMUNITY COLLEGE       ,MT,59901-2699,Public       ,399,522,921,399,522,921
00757000,HELENA COLLEGE OF TECHNOLOGY            ,MT,59601-3098,Public       ,194,273,467,194,273,467
00790000,BUTTE ACADEMY OF BEAUTY CULTURE         ,MT,59701-9197,Proprietary  ,7,11,18,7,11,18
00894700,"DAHL'S COLLEGE OF BEAUTY,INC            ",MT,59401-3731,Proprietary  ,9,9,18,9,9,18
00931400,MSU COLLEGE OF TECH-GREAT FALLS         ,MT,59405-4907,Public       ,296,510,806,296,510,806
02143400,SALISH KOOTENAI COLLEGE                 ,MT,59855-0000,Public       ,122,274,396,122,274,396
02286600,LITTLE BIG HORN COLLEGE                 ,MT,59022-0000,Public       ,23,39,62,23,39,62
02343000,FT PECK COMMUNITY COLLEGE               ,MT,59255-0000,Public       ,6,44,50,6,44,50
02510600,BLACKFEET COMMUNITY COLLEGE             ,MT,59417-0000,Private      ,60,130,190,60,130,190
02517500,FORT BELKNAP COLLEGE                    ,MT,59526-0000,Public       ,9,21,30,9,21,30
02545200,CHIEF DULL KNIFE COLLEGE                ,MT,59043-0098,Public       ,30,42,72,30,42,72
02610900,STONE CHILD COLLEGE                     ,MT,59521-9796,Public       ,34,32,66,34,32,66
02621300,ACADEMY OF COSMETOLOGY                  ,MT,59715-3544,Proprietary  ,13,10,23,13,10,23
03205300,MODERN BEAUTY SCHOOL                    ,MT,59801-8386,Proprietary  ,6,11,17,6,11,17
03763400,"ACADEMY OF NAIL, SKIN & HAIR            ",MT,59101-0000,Proprietary  ,32,28,60,32,28,60
03778300,HEALTH WORKS INSTITUTE                  ,MT,59715-0000,Proprietary  ,7,12,19,7,12,19
00253900,CHADRON STATE COLLEGE                   ,NE,69337-2690,Public       ,933,319,1252,933,319,1252
00254000,COLLEGE OF ST MARY                      ,NE,68106-2606,Private      ,219,380,599,219,380,599
00254100,CONCORDIA UNIVERSITY                    ,NE,68434-1594,Private      ,852,67,919,852,67,919
00254200,CREIGHTON UNIVERSITY                    ,NE,68178-0001,Private      ,3689,2707,6396,3689,2707,6396
00254300,DANA COLLEGE                            ,NE,68008-9905,Private      ,577,42,619,577,42,619
00254400,DOANE COLLEGE                           ,NE,68333-2421,Private      ,1090,254,1344,1090,254,1344
00254700,GRACE UNIVERSITY                        ,NE,68108-3629,Private      ,193,95,288,193,95,288
00254800,HASTINGS COLLEGE                        ,NE,68901-7621,Private      ,1004,64,1068,1004,64,1068
00255100,UNIVERSITY OF NEBRASKA AT KEARNEY       ,NE,68849-0001,Public       ,2514,521,3035,2514,521,3035
00255300,MIDLAND LUTHERAN COLLEGE                ,NE,68025-4254,Private      ,459,71,530,459,71,530
00255400,UNIVERSITY OF NEBRASKA-OMAHA            ,NE,68182-0001,Public       ,4977,2655,7632,4977,2655,7632
00255500,NEBRASKA WESLEYAN UNIVERSITY            ,NE,68504-2796,Private      ,1148,141,1289,1148,141,1289
00255700,MID-PLAINS COMM COLLEGE - NORTH PLATTE  ,NE,69101-9420,Public       ,197,147,344,197,147,344
00255701,MID-PLAINS COMMUNITY COLLEGE - MCCOOK   ,NE,69001-2631,Public       ,101,43,144,101,43,144
00255900,PERU STATE COLLEGE                      ,NE,68421-0010,Public       ,536,346,882,536,346,882
00256000,WESTERN NEBRASKA COMMUNITY COLLEGE      ,NE,69361-1815,Public       ,357,320,677,357,320,677
00256300,UNION COLLEGE                           ,NE,68506-4387,Private      ,312,119,431,312,119,431
00256500,UNIVERSITY OF NEBRASKA-LINCOLN          ,NE,68588-0419,Public       ,9900,2519,12419,9900,2519,12419
00256596,UNIVERSITY OF NEBRASKA - CURTIS         ,NE,69025-9522,Public       ,131,9,140,131,9,140
00256600,WAYNE STATE COLLEGE                     ,NE,68787-1172,Public       ,1760,255,2015,1760,255,2015
00256700,YORK COLLEGE                            ,NE,68467-2699,Private      ,271,31,302,271,31,302
00443100,MARY LANNING MEM HOSP SCH RAD TECH      ,NE,68901-4497,Private      ,7,2,9,7,2,9
00443600,REGNL WST MEDCL CTR SCHL RAD            ,NE,69361-0000,Private      ,3,2,5,3,2,5
00458608,KAPLAN UNIVERSITY - OMAHA               ,NE,68134-1002,Proprietary  ,54,450,504,54,450,504
00458609,KAPLAN UNIVERSITY - LINCOLN             ,NE,68508-2668,Proprietary  ,39,315,354,39,315,354
00639900,BRYANLGH COLLEGE OF HEALTH SCIENCES     ,NE,68506-1398,Private      ,172,106,278,172,106,278
00640400,NEBR METHODIST CLG OF NURS ALLD HLTH    ,NE,68114-2852,Private      ,185,204,389,185,204,389
00689500,UNIVERSITY OF NEBRASKA-MED CTR          ,NE,68198-4265,Public       ,306,1318,1624,306,1318,1624
00750100,VATTEROTT COLLEGE                       ,NE,68137-1237,Proprietary  ,34,194,228,34,194,228
00849200,ALEGENT HEALTH SCHOOLS                  ,NE,68114-2767,Private      ,14,29,43,14,29,43
00952300,BAHNER COLLEGE OF HAIRSTYLING           ,NE,68025-3297,Proprietary  ,5,7,12,5,7,12
00961700,CAPITOL BEAUTY SCHOOL                   ,NE,68144-3873,Proprietary  ,21,31,52,21,31,52
00974300,BELLEVUE UNIVERSITY                     ,NE,68005-0000,Private      ,248,1637,1885,248,1637,1885
00986200,CLARKSON COLLEGE                        ,NE,68131-2739,Private      ,295,401,696,295,401,696
01151900,JOSEPH'S COLLEGE OF BEAUTY/ALL CAMPUSES ,NE,68510-2226,Proprietary  ,26,12,38,26,12,38
01151909,JOSEPH'S COLLEGE OF BEAUTY - OMAHA      ,NE,68131-0000,Proprietary  ,2,7,9,2,7,9
01166700,NORTHEAST COMMUNITY COLLEGE             ,NE,68702-0000,Public       ,754,302,1056,754,302,1056
01258600,METROPOLITAN COMMUNITY COLLEGE          ,NE,68103-0000,Public       ,1367,2832,4199,1367,2832,4199
01297600,NEBRASKA CHRISTIAN COLLEGE              ,NE,68046-4256,Private      ,44,9,53,44,9,53
02079700,COLLEGE OF HAIR DESIGN                  ,NE,68508-0000,Proprietary  ,36,12,48,36,12,48
02099500,CENTRAL COMMUNITY COLLEGE- GI           ,NE,68801-0000,Public       ,224,298,522,224,298,522
02099501,CENTRAL COMMUNITY COLLEGE - HASTINGS    ,NE,68902-0000,Public       ,456,181,637,456,181,637
02099502,CENTRAL COMMUNITY COLLEGE - COLUMBUS    ,NE,68602-0000,Public       ,217,95,312,217,95,312
02508300,SOUTHEAST COMM. COLLEGE-ALL CAMPUSES    ,NE,68520-0000,Public       ,2010,1782,3792,2010,1782,3792
02550800,NEBRASKA INDIAN COMMUNITY COLLEGE       ,NE,68039-0000,Private      ,2,8,10,2,8,10
02610500,XENON INTERNATIONAL ACADEMY II          ,NE,68127-3522,Proprietary  ,55,26,81,55,26,81
03127300,OMAHA SCHOOL OF MASSAGE THERAPY         ,NE,68127-5002,Proprietary  ,16,16,32,16,16,32
03164300,THE CREATIVE CENTER                     ,NE,68164-2911,Proprietary  ,63,11,74,63,11,74
03279300,MYOTHERAPY INSTITUTE                    ,NE,68516-3641,Proprietary  ,9,6,15,9,6,15
03323300,LITTLE PRIEST TRIBAL COLLEGE            ,NE,68071-0000,Private      ,4,9,13,4,9,13
03821400,UNIVERSAL COLLEGE OF HEALING ARTS       ,NE,68112-1810,Proprietary  ,1,12,13,1,12,13
00256800,UNIVERSITY OF NEVADA RENO               ,NV,89557-0002,Public       ,5084,2407,7491,5084,2407,7491
00256900,UNIVERSITY OF NEVADA-LAS VEGAS          ,NV,89154-1001,Public       ,7303,6236,13539,7303,6236,13539
00697700,GREAT BASIN COLLEGE                     ,NV,89801-3348,Public       ,220,255,475,220,255,475
00736700,MARINELLO SCHOOLS OF BEAUTY             ,NV,89110-3563,Proprietary  ,19,37,56,19,37,56
00737100,MARINELLO SCHOOL OF BEAUTY              ,NV,89502-5982,Proprietary  ,10,32,42,10,32,42
00844103,ANTHEM INSTITUTE - MORRISON UNIVERSITY  ,NV,89521-4826,Proprietary  ,3,7,10,3,7,10
00919200,SIERRA NEVADA COLLEGE                   ,NV,89451-0000,Private      ,166,122,288,166,122,288
01036200,COLLEGE OF SOUTHERN NEVADA              ,NV,89146-1139,Public       ,2885,4963,7848,2885,4963,7848
01036300,WESTERN NEVADA COLLEGE                  ,NV,89703-0000,Public       ,351,624,975,351,624,975
01323200,ACADEMY OF HAIR DESIGN                  ,NV,89102-0000,Proprietary  ,18,27,45,18,27,45
02107700,TRUCKEE MEADOWS COMMUNITY CLG           ,NV,89512-0000,Public       ,964,1619,2583,964,1619,2583
02237500,EVEREST COLLEGE                         ,NV,89103-0000,Proprietary  ,94,155,249,94,155,249
02338509,NEVADA CAREER INSTITUTE                 ,NV,89121-0000,Proprietary  ,14,47,61,14,47,61
02361001,ITT TECHNICAL INSTITUTE                 ,NV,89014-0000,Proprietary  ,42,83,125,42,83,125
02616703,SCOTTSDALE CULINARY INSTITUTE - LE CORDO,NV,89144-7047,Proprietary  ,48,49,97,48,49,97
02621500,CAREER COLLEGE OF NORTHERN NEVADA       ,NV,89434-7905,Proprietary  ,28,134,162,28,134,162
03030603,UTAH CLG OF MASSAGE THERAPY-NSMT        ,NV,89123-0000,Proprietary  ,12,34,46,12,34,46
03031405,INTERNATIONAL ACADEMY OF DESIGN AND TECH,NV,89074-7750,Proprietary  ,91,133,224,91,133,224
03043200,KAPLAN COLLEGE                          ,NV,89102-8618,Proprietary  ,50,297,347,50,297,347
03076404,HIGH-TECH INSTITUTE - LAS VEGAS         ,NV,89102-4514,Proprietary  ,20,48,68,20,48,68
03084600,THE ART INSTITUTE OF LAS VEGAS          ,NV,89074-7737,Proprietary  ,510,634,1144,510,634,1144
03088200,CARSON CITY BEAUTY ACADEMY              ,NV,89706-0000,Proprietary  ,10,22,32,10,22,32
03110000,ACADEMY OF HEALING ARTS                 ,NV,89106-4031,Proprietary  ,26,154,180,26,154,180
03232306,EUPHORIA INSTITUTE - SUMMERLIN          ,NV,89117-8803,Proprietary  ,16,26,42,16,26,42
03232307,EUPHORIA INSTITUTE - GREEN VALLEY       ,NV,89052-4964,Proprietary  ,36,65,101,36,65,101
03232308,EUPHORIA INSTITUTE - ALIANTE            ,NV,89131-1036,Proprietary  ,17,43,60,17,43,60
03787300,EXPERTISE SCHOOL OF BEAUTY              ,NV,89106-2516,Private      ,3,10,13,3,10,13
03838500,NORTHWEST HEALTH CAREERS                ,NV,89128-0000,Proprietary  ,12,36,48,12,36,48
03975300,INSTITUTE OF PROFESSIONAL CAREERS       ,NV,89119-7825,Proprietary  ,6,21,27,6,21,27
04065300,UNIVERSITY OF SOUTHERN NEVADA           ,NV,89014-2333,Private      ,97,978,1075,97,978,1075
04114300,NEVADA STATE COLLEGE                    ,NV,89002-9455,Public       ,408,485,893,408,485,893
04147600,AVEDA INSTITUTE LAS VEGAS               ,NV,89119-6103,Proprietary  ,3,11,14,3,11,14
00257200,COLBY-SAWYER COLLEGE                    ,NH,03257-4648,Private      ,2428,67,2495,2428,67,2495
00257300,DARTMOUTH COLLEGE                       ,NH,03755-3529,Private      ,9923,1233,11156,9923,1233,11156
00257500,FRANKLIN PIERCE UNIVERSITY              ,NH,03461-0060,Private      ,2221,389,2610,2221,389,2610
00257900,NEW ENGLAND COLLEGE                     ,NH,03242-3293,Private      ,1059,277,1336,1059,277,1336
00258000,SOUTHERN NEW HAMPSHIRE UNIVERSITY       ,NH,03106-1045,Private      ,3298,1700,4998,3298,1700,4998
00258100,NHTI  - CONCORD'S COMMUNITY COLLEGE     ,NH,03301-7412,Public       ,1147,494,1641,1147,494,1641
00258200,MANCHESTER COMMUNITY COLLEGE            ,NH,03102-8518,Public       ,354,317,671,354,317,671
00258202,NEW HAMPSHIRE COMMUNITY TECHNICAL COLLEG,NH,03038-0000,Public       ,11,0,11,11,0,11
00258300,GREAT BAY COMMUNITY COLLEGE             ,NH,03885-0000,Public       ,322,308,630,322,308,630
00258600,RIVIER COLLEGE                          ,NH,03060-5086,Private      ,1148,382,1530,1148,382,1530
00258700,SAINT ANSELM COLLEGE                    ,NH,03102-1310,Private      ,3474,49,3523,3474,49,3523
00258900,UNIVERSITY OF NEW HAMPSHIRE             ,NH,03824-2511,Public       ,17824,2322,20146,17824,2322,20146
00259000,KEENE STATE COLLEGE                     ,NH,03431-0000,Public       ,6166,391,6557,6166,391,6557
00259100,PLYMOUTH STATE UNIVERSITY               ,NH,03264-1595,Public       ,5317,586,5903,5317,586,5903
00301004,ANTIOCH UNIVERSITY                      ,NH,03431-0000,Private      ,1,507,508,1,507,508
00472900,HESSER COLLEGE                          ,NH,03103-7230,Proprietary  ,279,349,628,279,349,628
00472901,HESSER COLLEGE - NASHUA CAMPUS          ,NH,03063-1286,Proprietary  ,68,255,323,68,255,323
00472904,HESSER COLLEGE - PORTSMOUTH CAMPUS      ,NH,03801-3245,Proprietary  ,47,156,203,47,156,203
00472905,HESSER COLLEGE - SALEM CAMPUS           ,NH,03079-2842,Proprietary  ,50,147,197,50,147,197
00472906,HESSER COLLEGE - CONCORD CAMPUS         ,NH,03301-3415,Proprietary  ,47,207,254,47,207,254
00473000,MCINTOSH COLLEGE INC                    ,NH,03820-3990,Proprietary  ,2,4,6,2,4,6
00473100,DANIEL WEBSTER COLLEGE                  ,NH,03063-1300,Proprietary  ,861,93,954,861,93,954
00473300,CHESTER COLLEGE OF NEW ENGLAND          ,NH,03036-4331,Private      ,205,22,227,205,22,227
00529100,WHITE MOUNTAINS COMMUNITY COLLEGE       ,NH,03570-3799,Public       ,155,192,347,155,192,347
00702500,LEBANON COLLEGE                         ,NH,03766-0000,Private      ,20,26,46,20,26,46
00755500,LAKES REGION COMMUNITY COLLEGE          ,NH,03246-1326,Public       ,250,164,414,250,164,414
00756000,RIVER VALLEY COMMUNITY COLLEGE          ,NH,03743-9707,Public       ,115,202,317,115,202,317
00849300,CONTINENTAL ACADEMIE OF HAIR DESIGN     ,NH,03103-4901,Proprietary  ,7,2,9,7,2,9
00864500,EMPIRE BEAUTY SCHOOL                    ,NH,03220-0000,Proprietary  ,21,20,41,21,20,41
00923600,NASHUA COMMUNITY COLLEGE                ,NH,03063-2052,Public       ,282,246,528,282,246,528
01318900,CONTINENTAL ACADEMIE OF HAIR DESIGN     ,NH,03051-3754,Proprietary  ,3,8,11,3,8,11
02097900,FRANKLIN PIERCE LAW CENTER              ,NH,03301-0000,Private      ,5,559,564,5,559,564
02140400,ST JOSEPH SCH OF PRAC NRSG              ,NH,03060-0000,Private      ,16,49,65,16,49,65
02174800,MICHAEL'S SCHOOL OF HAIR DESIGN & ESTHET,NH,03110-0000,Proprietary  ,13,4,17,13,4,17
02179600,EMPIRE BEAUTY SCHOOL                    ,NH,03878-0000,Proprietary  ,18,21,39,18,21,39
02211600,PORTSMOUTH BTY SCH OF HAIR DESIGN       ,NH,03801-4084,Proprietary  ,6,0,6,6,0,6
02223300,MAGDALEN COLLEGE                        ,NH,03278-4012,Private      ,26,2,28,26,2,28
02245400,KEENE BEAUTY ACADEMY                    ,NH,03431-0000,Proprietary  ,9,5,14,9,5,14
02247000,NEW ENGLAND SCHOOL OF HAIR DESIGN       ,NH,03784-0000,Proprietary  ,8,8,16,8,8,16
02300200,CONCORD ACADEMY OF HAIR DESIGN          ,NH,03301-0000,Proprietary  ,1,1,2,1,1,2
03043100,THOMAS MORE COLLEGE OF LIBERAL ARTS     ,NH,03054-4818,Private      ,42,1,43,42,1,43
03101300,GRANITE STATE COLLEGE                   ,NH,03301-6400,Public       ,105,426,531,105,426,531
03182300,NEW HAMPSHIRE INSTITUTE OF ART          ,NH,03104-4858,Private      ,386,42,428,386,42,428
03437300,UPPER VALLEY TEACHER TRANING PROGRAM    ,NH,03766-1358,Private      ,1,15,16,1,15,16
03729300,NH INSTITUTE FOR THERAPEUTIC ARTS       ,NH,03051-4906,Proprietary  ,1,6,7,1,6,7
00267000,BAPTIST BIBLE COLG OF PENNSYLVANIA      ,PA,18411-1297,Private      ,319,54,373,319,54,373
00322800,BRYN ATHYN COLLEGE OF THE NEW CHURCH    ,PA,19009-0717,Private      ,97,5,102,97,5,102
00322900,ALBRIGHT COLLEGE                        ,PA,19612-5234,Private      ,2865,411,3276,2865,411,3276
00323000,ALLEGHENY COLLEGE                       ,PA,16335-3902,Private      ,3098,45,3143,3098,45,3143
00323100,COMM CLG OF ALLEGHENY-ALLEGHENY CMP     ,PA,15212-0000,Public       ,688,1158,1846,688,1158,1846
00323101,"COMM CLG OF ALLEGHENY, BOYCE CAMPUS     ",PA,15146-0000,Public       ,334,545,879,334,545,879
00323102,"COMM CLG OF ALLEGHENY, NORTH CAMPUS     ",PA,15237-0000,Public       ,350,318,668,350,318,668
00323103,"COMM CLG OF ALLEGHENY, SOUTH CAMPUS     ",PA,15122-0000,Public       ,467,561,1028,467,561,1028
00323300,ALVERNIA UNIVERSITY                     ,PA,19607-1799,Private      ,1393,561,1954,1393,561,1954
00323500,ARCADIA UNIVERSITY                      ,PA,19038-3295,Private      ,3184,1138,4322,3184,1138,4322
00323700,BRYN MAWR COLLEGE                       ,PA,19010-2899,Private      ,1374,312,1686,1374,312,1686
00323800,BUCKNELL UNIVERSITY                     ,PA,17837-2122,Private      ,4480,118,4598,4480,118,4598
00323900,BUCKS COUNTY COMMUNITY COLLEGE          ,PA,18940-1320,Public       ,1300,867,2167,1300,867,2167
00324000,BUTLER COUNTY COMMUNITY COLLEGE         ,PA,16001-0000,Public       ,565,550,1115,565,550,1115
00324100,CABRINI COLLEGE                         ,PA,19087-3698,Private      ,1583,290,1873,1583,290,1873
00324200,CARNEGIE MELLON UNIVERSITY              ,PA,15213-3890,Private      ,9010,914,9924,9010,914,9924
00324201,CARNEGIE MELLON UNIV- THE HEINZ SCH     ,PA,15213-0000,Private      ,243,380,623,243,380,623
00324202,CARNEGIE MELLON- TEPPER SCHOOL OF BUSINE,PA,15213-0000,Private      ,225,247,472,225,247,472
00324300,CEDAR CREST COLLEGE                     ,PA,18104-6196,Private      ,856,421,1277,856,421,1277
00324400,CHATHAM UNIVERSITY                      ,PA,15232-2826,Private      ,629,678,1307,629,678,1307
00324500,CHESTNUT HILL COLLEGE                   ,PA,19118-2693,Private      ,1366,589,1955,1366,589,1955
00324700,MISERICORDIA  UNIVERSITY                ,PA,18612-1008,Private      ,1431,401,1832,1431,401,1832
00324900,COMMUNITY COLLEGE OF PHILADELPHIA       ,PA,19130-3991,Public       ,3861,5497,9358,3861,5497,9358
00325100,CURTIS INSTITUTE OF MUSIC               ,PA,19103-6187,Private      ,184,75,259,184,75,259
00325200,DELAWARE VALLEY COLLEGE                 ,PA,18901-2697,Private      ,1643,126,1769,1643,126,1769
00325300,DICKINSON COLLEGE                       ,PA,17013-2896,Private      ,2727,135,2862,2727,135,2862
00325400,DICKINSON SCHOOL OF LAW                 ,PA,17013-2899,Private      ,4,35,39,4,35,39
00325600,DREXEL UNIVERSITY                       ,PA,19104-2875,Private      ,20128,6813,26941,20128,6813,26941
00325800,DUQUESNE UNIVERSITY                     ,PA,15282-0001,Private      ,5723,1955,7678,5723,1955,7678
00325900,EASTERN UNIVERSITY                      ,PA,19087-3696,Private      ,1465,859,2324,1465,859,2324
00325908,EASTERN BAPTIST THEOLGCL SEMINARY       ,PA,19096-0000,Private      ,0,32,32,0,32,32
00326200,ELIZABETHTOWN COLLEGE                   ,PA,17022-2298,Private      ,2696,199,2895,2696,199,2895
00326300,EVANGELICAL SCHOOL OF THEOLOGY          ,PA,17067-0000,Private      ,0,34,34,0,34,34
00326500,FRANKLIN & MARSHALL COLLEGE             ,PA,17604-0000,Private      ,2630,66,2696,2630,66,2696
00326600,GANNON UNIVERSITY                       ,PA,16541-0001,Private      ,2899,792,3691,2899,792,3691
00326700,GENEVA COLLEGE                          ,PA,15010-3599,Private      ,1443,367,1810,1443,367,1810
00326800,GETTYSBURG COLLEGE                      ,PA,17325-1486,Private      ,3494,56,3550,3494,56,3550
00326900,GROVE CITY COLLEGE                      ,PA,16127-0000,Private      ,1504,18,1522,1504,18,1522
00327000,GWYNEDD-MERCY COLLEGE                   ,PA,19437-0901,Private      ,1343,429,1772,1343,429,1772
00327200,HARCUM COLLEGE                          ,PA,19010-3476,Private      ,236,383,619,236,383,619
00327300,HARRISBURG AREA COMMUNITY COLLEGE       ,PA,17110-2999,Public       ,3498,5021,8519,3498,5021,8519
00327400,HAVERFORD COLLEGE                       ,PA,19041-1392,Private      ,1875,20,1895,1875,20,1895
00327500,HOLY FAMILY UNIVERSITY                  ,PA,19114-2094,Private      ,1466,878,2344,1466,878,2344
00327600,IMMACULATA UNIVERSITY                   ,PA,19345-0647,Private      ,919,426,1345,919,426,1345
00327700,INDIANA UNIVERSITY OF PENNSYLVANIA      ,PA,15705-1097,Public       ,8533,1527,10060,8533,1527,10060
00327900,JUNIATA COLLEGE                         ,PA,16652-2196,Private      ,1983,50,2033,1983,50,2033
00328000,KEYSTONE COLLEGE                        ,PA,18440-0200,Private      ,863,293,1156,863,293,1156
00328200,KINGS COLLEGE                           ,PA,18711-0801,Private      ,2296,226,2522,2296,226,2522
00328300,LACKAWANNA COLLEGE                      ,PA,18509-9961,Private      ,547,287,834,547,287,834
00328400,LAFAYETTE COLLEGE                       ,PA,18042-1768,Private      ,3431,60,3491,3431,60,3491
00328500,LANCASTER BIBLE COLLEGE                 ,PA,17601-5036,Private      ,300,112,412,300,112,412
00328600,LANCASTER THEOLOGICAL SEMINARY          ,PA,17603-0000,Private      ,1,36,37,1,36,37
00328700,LASALLE UNIVERSITY                      ,PA,19141-1199,Private      ,3897,1275,5172,3897,1275,5172
00328800,LEBANON VALLEY COLLEGE                  ,PA,17003-1400,Private      ,1981,143,2124,1981,143,2124
00328900,LEHIGH UNIVERSITY                       ,PA,18015-1588,Private      ,7192,374,7566,7192,374,7566
00329000,LINCOLN UNIVERSITY                      ,PA,19352-0999,Public       ,2783,586,3369,2783,586,3369
00329100,LUTHERAN THEOLOG SEMINARY-GETTYSBRG     ,PA,17325-0000,Private      ,0,63,63,0,63,63
00329200,LUTHERAN THEOLOGICAL SEMINARY           ,PA,19119-0000,Private      ,0,75,75,0,75,75
00329300,LYCOMING COLLEGE                        ,PA,17701-5192,Private      ,1694,57,1751,1694,57,1751
00329400,MANOR COLLEGE                           ,PA,19046-3399,Private      ,294,233,527,294,233,527
00329600,MARYWOOD UNIVERSITY                     ,PA,18509-1598,Private      ,1947,727,2674,1947,727,2674
00329700,MERCYHURST COLLEGE                      ,PA,16546-0001,Private      ,2761,724,3485,2761,724,3485
00329800,MESSIAH COLLEGE                         ,PA,17027-0800,Private      ,2929,88,3017,2929,88,3017
00330000,MOORE COLLEGE OF ART & DESIGN           ,PA,19103-1179,Private      ,624,152,776,624,152,776
00330100,MORAVIAN COLLEGE                        ,PA,18018-6650,Private      ,1781,104,1885,1781,104,1885
00330101,MORAVIAN THEOLOGICAL SEMINARY           ,PA,18018-0000,Private      ,9,16,25,9,16,25
00330200,MOUNT ALOYSIUS COLLEGE                  ,PA,16630-1999,Private      ,913,405,1318,913,405,1318
00330300,CARLOW COLLEGE                          ,PA,15213-3165,Private      ,810,649,1459,810,649,1459
00330400,MUHLENBERG COLLEGE                      ,PA,18104-5586,Private      ,2944,93,3037,2944,93,3037
00330600,VALLEY FORGE CHRISTIAN COLLEGE          ,PA,19460-2399,Private      ,471,93,564,471,93,564
00330900,PEIRCE COLLEGE                          ,PA,19102-4699,Private      ,93,657,750,93,657,750
00331100,PENNSYLVANIA COLLEGE OF OPTOMETRY       ,PA,19027-1598,Private      ,6,492,498,6,492,498
00331300,WIDENER UNIVERSITY                      ,PA,19013-5792,Private      ,3280,1095,4375,3280,1095,4375
00331302,WIDENER UNIV SCH OF LAW- HARRISBURG     ,PA,17106-9381,Private      ,6,572,578,6,572,578
00331500,BLOOMSBURG UNIVERSITY OF PA             ,PA,17815-1301,Public       ,8033,872,8905,8033,872,8905
00331600,CALIFORNIA UNIV OF PENNSYLVANIA         ,PA,15419-1394,Public       ,3679,1319,4998,3679,1319,4998
00331700,CHEYNEY UNIVERSITY OF PENNSYLVANIA      ,PA,19319-0200,Public       ,1226,397,1623,1226,397,1623
00331800,CLARION UNIVERSITY OF PENNSYLVANIA      ,PA,16214-1232,Public       ,3062,807,3869,3062,807,3869
00332000,EAST STROUDSBURG UNIVERSITY             ,PA,18301-2999,Public       ,5464,709,6173,5464,709,6173
00332100,EDINBORO UNIVERSITY OF PENNSYLVANIA     ,PA,16444-0001,Public       ,4402,1724,6126,4402,1724,6126
00332200,KUTZTOWN UNIVERSITY OF PENNSYLVANIA     ,PA,19530-9339,Public       ,7929,1007,8936,7929,1007,8936
00332300,LOCK HAVEN UNIV OF PENNSYLVANIA         ,PA,17745-2439,Public       ,4014,678,4692,4014,678,4692
00332400,MANSFIELD UNIVERSITY                    ,PA,16933-1123,Public       ,2018,437,2455,2018,437,2455
00332500,MILLERSVILLE UNIVERSITY OF PA           ,PA,17551-1800,Public       ,6464,1095,7559,6464,1095,7559
00332600,SHIPPENSBURG UNIVERSITY                 ,PA,17257-2299,Public       ,5618,739,6357,5618,739,6357
00332700,SLIPPERY ROCK UNIVERSITY                ,PA,16057-1326,Public       ,5238,839,6077,5238,839,6077
00332800,WEST CHESTER UNIVERSITY                 ,PA,19383-0001,Public       ,11223,1878,13101,11223,1878,13101
00332900,PENN STATE UNIVERSITY                   ,PA,16802-1503,Public       ,50208,10995,61203,50208,10995,61203
00332901,PENN STATE UNIV-HERSHEY MEDCL CTR       ,PA,17033-0000,Public       ,2,10,12,2,10,12
00335000,UNIVERSITY OF THE ARTS (THE)            ,PA,19102-9493,Private      ,2540,356,2896,2540,356,2896
00335100,PHILADELPHIA BIBLICAL UNIVERSITY        ,PA,19047-2942,Private      ,474,140,614,474,140,614
00335200,PHILADELPHIA CLG OSTEOPATHIC MED        ,PA,19131-0000,Private      ,10,1626,1636,10,1626,1636
00335300,UNIVERSITY OF THE SCIENCES IN PHILADELPH,PA,19104-4495,Private      ,2983,588,3571,2983,588,3571
00335400,PHILADELPHIA UNIVERSITY                 ,PA,19144-5497,Private      ,3008,512,3520,3008,512,3520
00335600,PITTSBURGH THEOLOGICAL SEMINARY         ,PA,15206-0000,Private      ,2,133,135,2,133,135
00335700,POINT PARK UNIVERSITY                   ,PA,15222-1912,Private      ,2028,767,2795,2028,767,2795
00335800,REFORMED PRESBYTERIAN THEOL SEMINAR     ,PA,15208-0000,Private      ,0,6,6,0,6,6
00335900,ROBERT MORRIS UNIVERSITY                ,PA,15108-1189,Private      ,2602,643,3245,2602,643,3245
00336000,ROSEMONT COLLEGE                        ,PA,19010-1699,Private      ,535,180,715,535,180,715
00336200,SETON HILL UNIVERSITY                   ,PA,15601-1599,Private      ,1204,320,1524,1204,320,1524
00336400,ST. CHARLES BORROMEO SEMINARY           ,PA,19096-0000,Private      ,15,8,23,15,8,23
00336600,SAINT FRANCIS UNIVERSITY                ,PA,15940-0600,Private      ,1358,265,1623,1358,265,1623
00336700,SAINT JOSEPH'S UNIVERSITY               ,PA,19131-1395,Private      ,4752,667,5419,4752,667,5419
00336800,ST VINCENT COLLEGE                      ,PA,15650-2690,Private      ,1459,141,1600,1459,141,1600
00336900,SUSQUEHANNA UNIVERSITY                  ,PA,17870-1001,Private      ,2705,67,2772,2705,67,2772
00337000,SWARTHMORE COLLEGE                      ,PA,19081-1397,Private      ,3114,37,3151,3114,37,3151
00337100,TEMPLE UNIV - MAIN CAMPUS               ,PA,19122-6003,Private      ,21824,4437,26261,21824,4437,26261
00337101,TEMPLE UNIV - SCHOOL OF LAW             ,PA,19122-0000,Private      ,39,2361,2400,39,2361,2400
00337102,TEMPLE UNIV - SCHOOL OF MEDICINE        ,PA,19140-0000,Private      ,104,1077,1181,104,1077,1181
00337103,TEMPLE UNIV - SCHOOL OF DENTISTRY       ,PA,19140-0000,Private      ,14,487,501,14,487,501
00337104,TEMPLE UNIV - AMBLER CAMPUS             ,PA,19002-0000,Private      ,513,283,796,513,283,796
00337105,TEMPLE UNIV - SCH OF ALLIED HEALTH      ,PA,19140-0000,Private      ,300,260,560,300,260,560
00337106,TEMPLE UNIV - SCHOOL OF PHARMACY        ,PA,19140-0000,Private      ,162,467,629,162,467,629
00337107,TEMPLE UNIV - TYLER SCHOOL OF ART       ,PA,19122-0000,Private      ,446,222,668,446,222,668
00337108,TEMPLE UNIV - GRAD DIV HEALTH SCI       ,PA,19140-0000,Private      ,48,334,382,48,334,382
00337109,TEMPLE UNIV - GRADUATE DIVISION         ,PA,19122-0000,Private      ,131,1775,1906,131,1775,1906
00337111,TEMPLE UNIV-SCH OF PODIATRIC MED        ,PA,19107-0000,Private      ,5,232,237,5,232,237
00337600,THIEL COLLEGE                           ,PA,16125-2181,Private      ,916,69,985,916,69,985
00337800,UNIVERSITY OF PENNSYLVANIA              ,PA,19104-6216,Private      ,13794,8628,22422,13794,8628,22422
00337900,UNIVERSITY OF PITTSBURGH                ,PA,15260-0000,Public       ,20738,5481,26219,20738,5481,26219
00337906,UNIVERSITY OF PITTSBURGH - SCHOOL OF MED,PA,15261-0001,Public       ,51,714,765,51,714,765
00337907,UNIVERSITY OF PITTSBURGH - SCHOOL OF DEN,PA,15261-2523,Public       ,29,204,233,29,204,233
00338400,UNIVERSITY OF SCRANTON                  ,PA,18510-4622,Private      ,5689,526,6215,5689,526,6215
00338500,URSINUS COLLEGE                         ,PA,19426-2562,Private      ,3174,65,3239,3174,65,3239
00338600,VALLEY FORGE MILITARY COLLEGE           ,PA,19087-3695,Private      ,173,9,182,173,9,182
00338800,VILLANOVA UNIVERSITY                    ,PA,19085-1699,Private      ,9260,925,10185,9260,925,10185
00338801,VILLANOVA UNIV SCH OF LAW               ,PA,19085-0000,Private      ,19,1423,1442,19,1423,1442
00338900,WASHINGTON & JEFFERSON COLLEGE          ,PA,15301-4801,Private      ,2290,37,2327,2290,37,2327
00339100,WAYNESBURG UNIVERSITY                   ,PA,15370-1222,Private      ,1282,296,1578,1282,296,1578
00339200,WESTMINSTER COLLEGE                     ,PA,16172-0002,Private      ,1852,67,1919,1852,67,1919
00339300,WESTMINSTER THEOLOGICAL SEMINARY        ,PA,19038-0000,Private      ,2,145,147,2,145,147
00339400,WILKES UNIVERSITY                       ,PA,18766-0998,Private      ,2112,361,2473,2112,361,2473
00339500,PENNSYLVANIA COLLEGE OF TECHNOLOGY      ,PA,17701-5779,Public       ,3512,1163,4675,3512,1163,4675
00339600,WILSON COLLEGE                          ,PA,17201-1285,Private      ,332,189,521,332,189,521
00339900,YORK COLLEGE OF PENNSYLVANIA            ,PA,17405-7199,Private      ,5633,535,6168,5633,535,6168
00398600,DESALES UNIVERSITY                      ,PA,18034-9568,Private      ,1695,415,2110,1695,415,2110
00398700,LA ROCHE COLLEGE                        ,PA,15237-5898,Private      ,475,160,635,475,160,635
00398800,NEUMANN COLLEGE                         ,PA,19014-1298,Private      ,1933,437,2370,1933,437,2370
00405800,GRATZ COLLEGE                           ,PA,19027-3097,Private      ,1,33,34,1,33,34
00445200,MONTGOMERY COUNTY COMMUNITY COLLEGE     ,PA,19422-6300,Public       ,1395,1302,2697,1395,1302,2697
00488700,BRANDYWINE SCHOOL OF NURSING            ,PA,19320-1536,Proprietary  ,7,21,28,7,21,28
00488900,CAMBRIA-ROWE BUSINESS COLLEGE           ,PA,15902-2494,Proprietary  ,64,115,179,64,115,179
00489000,CENTRAL PENNSYLVANIA COLLEGE            ,PA,17093-0309,Proprietary  ,717,545,1262,717,545,1262
00489300,DU BOIS BUSINESS COLLEGE                ,PA,15801-2401,Proprietary  ,85,119,204,85,119,204
00489400,ERIE BUSINESS CENTER                    ,PA,16501-1305,Proprietary  ,19,118,137,19,118,137
00489401,ERIE BUSINESS CENTER SOUTH              ,PA,16101-0000,Proprietary  ,6,15,21,6,15,21
00489800,MCCANN SCHOOL OF BUSINESS & TECHNOL     ,PA,17901-1335,Proprietary  ,178,565,743,178,565,743
00489900,MERCY HOSP SCH OF NURSING               ,PA,15219-5166,Private      ,43,41,84,43,41,84
00490100,NEWPORT BUSINESS INSTITUTE              ,PA,15068-3929,Proprietary  ,9,21,30,9,21,30
00490200,PENN COMMERCIAL BUSINESS/TECHNICAL SCHL ,PA,15301-2871,Proprietary  ,59,80,139,59,80,139
00491000,KAPLAN CAREER INSTITUTE                 ,PA,17111-3571,Proprietary  ,103,197,300,103,197,300
00491001,THOMPSON INSTITUTE-PHILADEPHIA CAMPUS   ,PA,19104-3386,Proprietary  ,82,262,344,82,262,344
00491400,NEWPORT BUSINESS INSTITUTE              ,PA,17701-5855,Proprietary  ,9,51,60,9,51,60
00500701,WEST VIRGINIA CAREER INSTITUTE          ,PA,15456-0000,Proprietary  ,18,58,76,18,58,76
00531000,PITTSBURGH INST OF AERONAUTICS          ,PA,15236-0000,Private      ,84,35,119,84,35,119
00533000,FAYETTE CNTY AREA VOC TECH PRC NRSG     ,PA,15401-0000,Public       ,9,43,52,9,43,52
00533500,CENTRAL PENN INST OF SCI & TECH PNP     ,PA,16823-0000,Public       ,26,38,64,26,38,64
00536500,YORK CO AREA VOC-TECH SCH-PRAC NSG      ,PA,17402-0000,Public       ,10,29,39,10,29,39
00594200,UPMC PRESBYTERIAN SCH OF RADIOLOGIC     ,PA,15213-2582,Private      ,12,9,21,12,9,21
00594600,SCHOOL OF RADIOLOGIC TECHNOLOGY AT ST. C,PA,19134-1995,Proprietary  ,10,18,28,10,18,28
00653400,CITIZENS SCHOOL OF NURSING              ,PA,15068-6591,Private      ,42,60,102,42,60,102
00653700,CONEMAUGH VLY MEM HOSP SCH NRSNG        ,PA,15905-4398,Private      ,51,41,92,51,41,92
00653702,CONEMAUGH HOSP- SCH HISTOTECHNOLOGY     ,PA,15905-0000,Private      ,1,4,5,1,4,5
00653704,CONEMAUGH VLY MEM HOSP SCH RAD TECH     ,PA,15905-0000,Private      ,19,4,23,19,4,23
00653706,CONEMAUGH VLY MEM HOSP SCH  MED TECH    ,PA,15905-4398,Private      ,2,4,6,2,4,6
00653900,EPISCOPAL HOSPITAL SCHL OF NURSING      ,PA,19125-1000,Private      ,7,17,24,7,17,24
00655100,ST MARGARET SCHL OF NURSING             ,PA,15238-3205,Private      ,30,80,110,30,80,110
00656000,OHIO VALLEY HOSP SCH OF NURSING         ,PA,15136-1694,Private      ,15,14,29,15,14,29
00656500,READING HOSPITAL SCHOOL OF HEALTH SCIENC,PA,19611-1744,Private      ,112,150,262,112,150,262
00657400,"ST LUKE'S HOSPITAL OF BETHLEHEM, PA     ",PA,18015-1065,Private      ,21,38,59,21,38,59
00657600,SEWICKLEY VALLEY HOSP SCH NRSNG         ,PA,15143-1498,Private      ,16,31,47,16,31,47
00657700,UPMC SHADYSIDE SCHOOL OF NURSING        ,PA,15232-1381,Private      ,53,84,137,53,84,137
00657800,SHARON REGIONAL SCHOOL OF NURSING       ,PA,16146-3395,Private      ,8,17,25,8,17,25
00658200,WASHINGTON HOSP SCH OF NURSING          ,PA,15301-3398,Private      ,16,54,70,16,54,70
00658202,WASHINGTON HOSP SCH OF RAD TECH         ,PA,15301-3398,Private      ,6,6,12,6,6,12
00658300,WESTERN PENN HOSP-SCH OF NURSING        ,PA,15224-1790,Private      ,61,53,114,61,53,114
00680700,COMMUNITY COLLEGE OF BEAVER COUNTY      ,PA,15061-2588,Public       ,423,403,826,423,403,826
00681000,LEHIGH CARBON COMMUNITY COLLEGE         ,PA,18078-2598,Public       ,1075,1047,2122,1075,1047,2122
00681100,LUZERNE COUNTY COMMUNITY COLLEGE        ,PA,18634-3899,Public       ,1162,1007,2169,1162,1007,2169
00708700,ABINGTON MEM HOSP SCHL OF NURSING       ,PA,19090-1284,Private      ,63,204,267,63,204,267
00709100,EVEREST INSTITUTE                       ,PA,15222-1320,Proprietary  ,25,108,133,25,108,133
00711000,DELAWARE COUNTY COMMUNITY COLLEGE       ,PA,19063-1094,Public       ,1471,1613,3084,1471,1613,3084
00719100,NORTHAMPTON COMMUNITY COLLEGE           ,PA,18020-7599,Public       ,2819,2278,5097,2819,2278,5097
00739802,KATHERINE GIBBS-PHILADELPHIA            ,PA,19403-2422,Proprietary  ,0,8,8,0,8,8
00743000,ANTONELLI INST OF ART & PHOTOGRAPHY     ,PA,19038-8242,Proprietary  ,138,8,146,138,8,146
00743600,KAPLAN CAREER INSTITUTE - ICM CAMPUS    ,PA,15222-1977,Proprietary  ,148,366,514,148,366,514
00743700,PITTSBURGH TECHNICAL INSTITUTE          ,PA,15071-3205,Proprietary  ,1408,481,1889,1408,481,1889
00746900,"HUSSIAN SCHOOL OF ART, INC.             ",PA,19106-0000,Proprietary  ,46,12,58,46,12,58
00747000,"ART INSTITUTE OF PITTSBURGH, THE        ",PA,15219-1328,Proprietary  ,2429,4572,7001,2429,4572,7001
00752900,CTR ART TCH BRDYWN CMPS PRC NRS PRG     ,PA,19320-2459,Public       ,2,36,38,2,36,38
00775900,LINCOLN TECHNICAL INSTITUTE             ,PA,18104-3298,Proprietary  ,108,132,240,108,132,240
00777900,LANSDALE SCHOOL OF BUSINESS             ,PA,19454-4148,Proprietary  ,16,52,68,16,52,68
00778000,NEW CASTLE SCHOOL OF TRADES             ,PA,16143-9721,Proprietary  ,41,71,112,41,71,112
00778100,CHI INSTITUTE/RETS CAMPUS               ,PA,19008-3516,Proprietary  ,40,161,201,40,161,201
00783200,LINCOLN TECH INSTITUTE                  ,PA,19136-1595,Proprietary  ,131,165,296,131,165,296
00783900,TRIANGLE TECH                           ,PA,15214-3897,Proprietary  ,30,16,46,30,16,46
00791200,THADDEUS STEVENS CLG OF TECHNOLOGY      ,PA,17602-0000,Public       ,453,149,602,453,149,602
00791600,FRANKLIN CNTY CAREER & TECH CTR-PNP     ,PA,17201-0000,Public       ,4,11,15,4,11,15
00820000,JAMESON MEMORIAL HOSP SCH NURSING       ,PA,16105-2595,Private      ,10,35,45,10,35,45
00826301,AWARD BEAUTY SCHOOL - CHAMBERSBURG BEAUT,PA,17201-2435,Proprietary  ,2,3,5,2,3,5
00835000,ART INSTITUTE OF PHILADELPHIA           ,PA,19103-5198,Proprietary  ,2211,1090,3301,2211,1090,3301
00844100,ANTHEM INSTITUTE                        ,PA,19064-1243,Proprietary  ,39,126,165,39,126,165
00856800,VET TECH INSTITUTE                      ,PA,15222-3400,Proprietary  ,113,55,168,113,55,168
00865300,JEFFERSON CO DUBOIS VOC TECH-PR NSG     ,PA,15851-0000,Public       ,12,22,34,12,22,34
00888900,LEHIGH VALLEY COLLEGE                   ,PA,18034-8447,Proprietary  ,23,27,50,23,27,50
00895500,PRUONTOS HAIR DESIGN INSTITUTE & BEAUTY ,PA,16602-0000,Proprietary  ,7,5,12,7,5,12
00915705,WYOMING TECHNICAL INSTITUTE - BLAIRSVILL,PA,15717-8060,Proprietary  ,539,124,663,539,124,663
00918600,DEAN INSTITUTE OF TECHNOLOGY            ,PA,15226-1197,Proprietary  ,13,15,28,13,15,28
00944900,PENNCO TECH                             ,PA,19007-0000,Proprietary  ,43,89,132,43,89,132
00966400,EMPIRE BEAUTY SCHOOL                    ,PA,18052-5730,Proprietary  ,25,50,75,25,50,75
00966500,EMPIRE BEAUTY SCHOOL                    ,PA,17109-2210,Proprietary  ,15,74,89,15,74,89
00966600,EMPIRE BEAUTY SCHOOL                    ,PA,19605-2803,Proprietary  ,13,73,86,13,73,86
00972100,BRADFORD SCHOOL                         ,PA,15219-2602,Proprietary  ,241,44,285,241,44,285
00972300,FRANKFORD HOSP SCH OF NURSING           ,PA,19124-2696,Private      ,91,121,212,91,121,212
00978300,GORDON PHILLIPS SCH OF BEAUTY CULT      ,PA,19135-0000,Proprietary  ,45,108,153,45,108,153
00986300,LANCASTER GENERAL COLLEGE OF NURSING AND,PA,17602-4955,Private      ,216,289,505,216,289,505
01000600,GREATER JOHNSTOWN AREA VOC TECH SCH     ,PA,15904-0000,Public       ,19,78,97,19,78,97
01005500,CRAWFORD CNTY AREA VO-TECH PRAC NUR     ,PA,16335-0000,Public       ,6,32,38,6,32,38
01017600,WESTMORELAND COUNTY COMMUNITY CLG       ,PA,15697-1895,Public       ,780,1000,1780,780,1000,1780
01038800,READING AREA COMMUNITY COLLEGE          ,PA,19603-1706,Public       ,618,969,1587,618,969,1587
01054100,EMPIRE BEAUTY SCHOOL                    ,PA,15146-2229,Proprietary  ,21,68,89,21,68,89
01054200,EMPIRE BEAUTY SCHOOL                    ,PA,18701-0000,Proprietary  ,38,64,102,38,64,102
01054300,EMPIRE BEAUTY SCHOOL                    ,PA,17701-3914,Proprietary  ,18,45,63,18,45,63
01081400,PITTSBURGH INST MORTUARY SCIENCE        ,PA,15206-3706,Private      ,37,69,106,37,69,106
01086000,GREATER ALTOONA CAREER/TECH CENTER      ,PA,16602-0000,Public       ,15,64,79,15,64,79
01096300,GREENE COUNTY VOC-TECH SCHOOL           ,PA,15370-0000,Public       ,1,13,14,1,13,14
01097000,EMPIRE BEAUTY SCHOOL                    ,PA,17042-5209,Proprietary  ,5,6,11,5,6,11
01099800,PENNSYLVANIA INSTITUTE OF TECH          ,PA,19063-4098,Private      ,167,275,442,167,275,442
01102000,EMPIRE BEAUTY SCHOOL                    ,PA,17604-4335,Proprietary  ,9,45,54,9,45,54
01102100,EMPIRE BEAUTY SCHOOL                    ,PA,17402-2862,Proprietary  ,33,106,139,33,106,139
01162100,AUTOMOTIVE TRAINING CENTER              ,PA,19341-1310,Proprietary  ,149,55,204,149,55,204
01162200,WELDER TRAINING & TESTING INST          ,PA,18109-3253,Proprietary  ,8,13,21,8,13,21
01163800,EMPIRE BEAUTY SCHOOL                    ,PA,17876-0000,Proprietary  ,7,21,28,7,21,28
01171500,POTTSVILLE HOSPITAL SCHOOL OF NURSING   ,PA,17901-3692,Private      ,34,21,55,34,21,55
01191900,BEAVER FALLS BEAUTY ACADEMY             ,PA,15010-4208,Proprietary  ,1,2,3,1,2,3
01205000,ROSEDALE TECHNICAL INSTITUTE            ,PA,15205-9791,Private      ,58,49,107,58,49,107
01239300,THOMAS JEFF UNIV-CLG ALLIED HEALTH      ,PA,19107-0000,Private      ,223,689,912,223,689,912
01239301,JEFFERSON MED CLG-T. JEFFERSON UNIV     ,PA,19107-5587,Private      ,115,1091,1206,115,1091,1206
01239303,THOMAS JEFFERSON UNIV-GRADUATE COLG     ,PA,19107-0000,Private      ,114,606,720,114,606,720
01246104,LINCOLN TECHNICAL INSTITUTE             ,PA,19104-0202,Proprietary  ,67,60,127,67,60,127
01246105,LINCOLN TECHNICAL INSTITUTE             ,PA,19116-4202,Proprietary  ,48,77,125,48,77,125
01252300,TALMUDICAL YESHIVA OF PHILA             ,PA,19131-1296,Private      ,1,0,1,1,0,1
01260500,EMPIRE BEAUTY SCHOOL                    ,PA,17331-2405,Proprietary  ,7,12,19,7,12,19
01260600,EMPIRE BEAUTY SCHOOL                    ,PA,17901-2505,Proprietary  ,26,102,128,26,102,128
01260700,EMPIRE BEAUTY SCHOOL                    ,PA,16801-5218,Proprietary  ,2,5,7,2,5,7
01292900,SOUTH HILLS BEAUTY ACADEMY              ,PA,15216-2335,Proprietary  ,3,7,10,3,7,10
01301500,GORDON PHILLIPS SCH BEAUTY CULTURE      ,PA,19102-2701,Proprietary  ,40,138,178,40,138,178
01313400,YESHIVATH BETH MOSHE                    ,PA,18505-2196,Private      ,3,0,3,3,0,3
01321400,ROXBOROUGH MEM HOSP SCH OF NURSING      ,PA,19128-0000,Proprietary  ,48,74,122,48,74,122
01326300,SOUTH HILLS SCH OF BUS & TECHNOLOGY     ,PA,16801-4516,Proprietary  ,164,173,337,164,173,337
01326304,SOUTH HILLS SCHOOL OF BUSINESS & TECHNOL,PA,16602-1188,Proprietary  ,22,13,35,22,13,35
02061000,VENUS BEAUTY ACADEMY                    ,PA,19079-0000,Proprietary  ,7,7,14,7,7,14
02068300,DOUGLAS SCHOOL OF BUSINESS              ,PA,15062-0000,Proprietary  ,93,64,157,93,64,157
02090200,TRIANGLE TECH                           ,PA,16502-0000,Proprietary  ,30,27,57,30,27,57
02092500,LAUREL TECHNICAL INSTITUTE              ,PA,16146-0000,Proprietary  ,14,64,78,14,64,78
02092502,BUSINESS INSTITUTE OF PENNSYLVANIA      ,PA,16335-0000,Proprietary  ,2,4,6,2,4,6
02107300,PENNSYLVANIA ACADEMY OF FINE ARTS       ,PA,19102-1424,Private      ,154,185,339,154,185,339
02112200,GREAT LAKES INSTITUTE OF TECHNOLOGY     ,PA,16509-0000,Proprietary  ,63,133,196,63,133,196
02114200,JOHNSON COLLEGE                         ,PA,18508-0000,Private      ,177,65,242,177,65,242
02116001,SANFORD-BROWN INSTITUTE - TREVOSE       ,PA,19053-4700,Proprietary  ,108,470,578,108,470,578
02118000,LEVITTOWN BEAUTY ACADEMY LLC            ,PA,19054-1713,Proprietary  ,0,1,1,0,1,1
02119300,PA ACAD OF COSMETOLOGY ARTS & SCI       ,PA,15904-0000,Proprietary  ,14,16,30,14,16,30
02119301,PA ACAD OF COSMTLGY ARTS & SCI          ,PA,15801-0000,Proprietary  ,5,0,5,5,0,5
02120800,"YORKTOWNE BUSINESS INSTITUTE, INC.      ",PA,17404-0000,Proprietary  ,29,59,88,29,59,88
02127400,YORK TECHNICAL INSTITUTE                ,PA,17402-0000,Proprietary  ,404,535,939,404,535,939
02129000,TRIANGLE TECH                           ,PA,15601-0000,Proprietary  ,55,32,87,55,32,87
02129001,TRIANGLE TECH - BUSINESS CAREERS INSTITU,PA,15601-3304,Proprietary  ,3,2,5,3,2,5
02144000,"VISION ACADEMY, THE                     ",PA,18103-0000,Proprietary  ,0,1,1,0,1,1
02149000,EMPIRE BEAUTY SCHOOL                    ,PA,19341-2804,Proprietary  ,17,15,32,17,15,32
02151500,CENTRAL SUSQUEHANNA LPN CENTER          ,PA,17847-0000,Public       ,16,83,99,16,83,99
02152105,ACADEMY OF COURT REPORTING AND TECHNOLOG,PA,15222-1710,Proprietary  ,6,49,55,6,49,55
02153500,OAKBRIDGE ACADEMY OF ARTS               ,PA,15068-0000,Proprietary  ,22,8,30,22,8,30
02158300,JUNIATA-MIFFLIN CO AREA VOC TECH        ,PA,17044-0000,Public       ,5,28,33,5,28,33
02161400,NORTHEASTERN HOSP SCH OF NRSG           ,PA,19134-0000,Private      ,19,59,78,19,59,78
02169600,CLEARFIELD CTY CAREER AND TECH CNTR     ,PA,16830-0000,Public       ,10,50,60,10,50,60
02174400,TRIANGLE TECH                           ,PA,15801-0000,Proprietary  ,56,60,116,56,60,116
02178900,ACADEMY OF HAIR DESIGN                  ,PA,18202-1465,Proprietary  ,4,0,4,4,0,4
02183000,ORLEANS TECHNICAL INSTITUTE             ,PA,19111-0000,Private      ,18,44,62,18,44,62
02192800,WALNUT HILL COLLEGE                     ,PA,19104-0000,Proprietary  ,217,72,289,217,72,289
02202300,SANFORD-BROWN INSTITUTE                 ,PA,15219-1907,Proprietary  ,120,401,521,120,401,521
02202301,SANFORD-BROWN INSTITUTE                 ,PA,15146-2141,Proprietary  ,49,194,243,49,194,243
02203900,ERIE INSTITUTE OF TECHNOLOGY            ,PA,16565-1002,Proprietary  ,48,75,123,48,75,123
02206200,AMBLER BEAUTY ACADEMY                   ,PA,19002-0000,Proprietary  ,3,3,6,3,3,6
02206300,STROUDSBURG SCHOOL OF COSMETOLOGY       ,PA,18360-0000,Proprietary  ,5,3,8,5,3,8
02212700,LANCASTER SCHOOL OF COSMETOLOGY         ,PA,17602-0000,Proprietary  ,6,21,27,6,21,27
02234200,ACADEMY OF MEDICAL ARTS & BUSINESS      ,PA,17112-0000,Proprietary  ,5,11,16,5,11,16
02251200,SCHUYLKILL COUNTY AREA VOC TECH SCH     ,PA,17931-0000,Public       ,9,19,28,9,19,28
02251202,SCHUYLKILL COUNTY AREA VOC TECH SCH     ,PA,17931-0000,Public       ,2,9,11,2,9,11
02253900,BERKS TECHNICAL INSTITUTE               ,PA,19610-0000,Proprietary  ,183,232,415,183,232,415
02255200,PENNSYLVANIA SCHOOL OF BUSINESS         ,PA,18101-1604,Proprietary  ,17,98,115,17,98,115
02269900,PENNSYLVANIA COLLEGE OF ART & DESIGN    ,PA,17603-3528,Private      ,225,21,246,225,21,246
02270500,BUCKS COUNTY SCHOOL OF BEAUTY CULT      ,PA,19053-0000,Proprietary  ,1,4,5,1,4,5
02273400,RECONSTRUCTIONIST RABBINICAL COLLEG     ,PA,19095-0000,Private      ,0,5,5,0,5,5
02276600,HANOVER PUBLIC SCH DIST PRAC NURSG      ,PA,17331-0000,Public       ,2,12,14,2,12,14
02282500,LENAPE SCHOOL OF PRACTICAL NURSING      ,PA,16226-0000,Public       ,8,91,99,8,91,99
02288800,EMPIRE BEAUTY SCHOOL                    ,PA,18974-4508,Proprietary  ,8,23,31,8,23,31
02289500,PACE INSTITUTE                          ,PA,19601-0000,Proprietary  ,13,25,38,13,25,38
02289600,CONSOLIDATED SCHOOL OF BUSINESS         ,PA,17404-0000,Proprietary  ,7,30,37,7,30,37
02289700,ACADEMY OF CREATIVE HAIR DESIGN         ,PA,18702-0000,Proprietary  ,4,3,7,4,3,7
02289800,CHI INSTITUTE - FRANKLIN MILLS          ,PA,19154-0000,Proprietary  ,97,287,384,97,287,384
02290400,"ALTOONA BEAUTY SCHOOL, INC              ",PA,16602-0000,Proprietary  ,4,5,9,4,5,9
02292700,LANSDALE SCHOOL OF COSMETOLOGY          ,PA,19446-0000,Proprietary  ,3,6,9,3,6,9
02299300,TRINITY EPISCOPAL SCHOOL MINISTRY       ,PA,15003-0000,Private      ,1,16,17,1,16,17
02301300,PJA SCHOOL (THE)                        ,PA,19082-1917,Proprietary  ,10,52,62,10,52,62
02304400,YTI CAREER INSTITUTE - MECHANICSBURG    ,PA,17055-0000,Proprietary  ,35,84,119,35,84,119
02306200,VENANGO COUNTY AREA VOC TECH SCHOOL     ,PA,16301-0000,Public       ,5,9,14,5,9,14
02310800,LANCASTER COUNTY CAREER & TECH CTR      ,PA,17584-0000,Public       ,39,169,208,39,169,208
02330300,LEBANON CO CAREER & TECHNOLOGY CTR      ,PA,17042-0000,Public       ,10,34,44,10,34,44
02330600,PENNSYLVANIA GUNSMITH SCHOOL            ,PA,15202-0000,Proprietary  ,14,17,31,14,17,31
02350100,WESTERN AREA CAREER & TECHNOLOGY CT     ,PA,15317-0000,Public       ,7,33,40,7,33,40
02350200,INDIANA COUNTY TECH CTR SCH PR NSG      ,PA,15701-1465,Public       ,11,30,41,11,30,41
02353100,NORTHERN TIER CAREER CENTER             ,PA,18848-0000,Public       ,9,23,32,9,23,32
02361002,ITT TECHNICAL INSTITUTE                 ,PA,19406-0000,Proprietary  ,70,56,126,70,56,126
02362300,MERCER COUNTY AREA VOC TECH SCHOOL      ,PA,16137-0000,Public       ,7,34,41,7,34,41
02492500,DELAWARE VLY ACAD MED DNTL ASSTS        ,PA,19114-0000,Proprietary  ,8,19,27,8,19,27
02492600,EASTERN CTR ARTS AND TECH PR NSG        ,PA,19090-0000,Public       ,6,38,44,6,38,44
02495500,ALL-STATE CAREER SCHOOL                 ,PA,19029-0000,Proprietary  ,13,30,43,13,30,43
02529800,WILKES BARRE AREA CAREER AND TECHNICAL C,PA,18705-0000,Public       ,17,63,80,17,63,80
02536600,COMMONWEALTH TECH INSTIT @ HIRAM G      ,PA,15905-0000,Public       ,50,19,69,50,19,69
02539900,STAR TECHNICAL INSTITUTE                ,PA,19082-0000,Proprietary  ,0,3,3,0,3,3
02544300,BUTLER BEAUTY SCHOOL                    ,PA,16001-0000,Proprietary  ,7,16,23,7,16,23
02545000,LAWRENCE COUNTY CAREER AND TECHNICAL CEN,PA,16101-0000,Public       ,6,16,22,6,16,22
02546200,LAUREL BUSINESS INSTITUTE               ,PA,15401-0877,Proprietary  ,40,63,103,40,63,103
02550000,CLARION CO AREA VOC-TECH PRAC NRSG      ,PA,16254-0000,Public       ,9,22,31,9,22,31
02554500,HAZLETON AREA CAREER CENTER PRACTICAL NU,PA,18201-0000,Public       ,5,13,18,5,13,18
02557800,ART INSTITUTE OF YORK (THE) - PENNSYLVAN,PA,17402-9012,Proprietary  ,324,84,408,324,84,408
02566400,ALBERT EINSTEIN MED CTR DEPT DNTL       ,PA,19141-3098,Private      ,6,9,15,6,9,15
02574800,PENNSYLVANIA INSTITUTE OF TAXIDERMY     ,PA,15931-0000,Proprietary  ,7,8,15,7,8,15
02609500,CAREER TRAINING ACADEMY                 ,PA,15068-6308,Proprietary  ,21,63,84,21,63,84
02609501,CAREER TRAINING ACADEMY                 ,PA,15146-0000,Proprietary  ,2,7,9,2,7,9
02615400,STAR TECHNICAL INSTITUTE                ,PA,19114-2204,Proprietary  ,3,9,12,3,9,12
02616100,JEAN MADELINE ED CTR FOR COSM           ,PA,19147-1542,Proprietary  ,83,75,158,83,75,158
03006800,PENNSYLVANIA CULINARY INSTITUTE         ,PA,15222-3511,Proprietary  ,242,133,375,242,133,375
03010800,TRI-STATE BUSINESS INSTITUTE            ,PA,16506-1013,Proprietary  ,266,773,1039,266,773,1039
03011500,ALLIED MEDICAL AND TECHNICAL INSTITUTE  ,PA,18702-0000,Proprietary  ,34,32,66,34,32,66
03011600,ALLIED MEDICAL AND TECHNICAL INSTITUTE  ,PA,18509-2903,Proprietary  ,35,45,80,35,45,80
03029900,CONSOLIDATED SCHOOL OF BUSINESS         ,PA,17603-2389,Proprietary  ,8,42,50,8,42,50
03031600,DPT BUSINESS SCHOOL                     ,PA,19116-3961,Proprietary  ,1,7,8,1,7,8
03031601,DPT BUSINESS SCHOOL                     ,PA,19106-0000,Proprietary  ,0,9,9,0,9,9
03067000,ANTONELLI MEDICAL & PROF INST           ,PA,19464-9244,Proprietary  ,0,3,3,0,3,3
03072400,ALL-STATE CAREER SCHOOL                 ,PA,15122-1000,Proprietary  ,0,6,6,0,6,6
03072600,DCI CAREER INSTITUTE                    ,PA,15061-2307,Proprietary  ,7,32,39,7,32,39
03081900,YTI CAREER INSTITUTE - ALTOONA          ,PA,16602-4457,Proprietary  ,37,94,131,37,94,131
03090800,LAKE ERIE COLL OF OSTEOPATHIC MED       ,PA,16509-0000,Private      ,76,1848,1924,76,1848,1924
03098600,CAREER TECH CTR OF LACKAWANNA CNTY      ,PA,18508-0000,Public       ,7,21,28,7,21,28
03101500,BIDWELL TRAINING CENTER                 ,PA,15233-2233,Private      ,2,12,14,2,12,14
03103300,JNA INSTITUTE OF CULINARY ARTS          ,PA,19146-3119,Proprietary  ,17,20,37,17,20,37
03109100,METROPOLITAN CAREER CENTER              ,PA,19144-0000,Private      ,9,47,56,9,47,56
03110700,AVIATION INSTITUTE OF MAINTENANCE       ,PA,19114-1017,Proprietary  ,52,135,187,52,135,187
03120400,REGIONAL CAREER & TECHNICAL CENTER      ,PA,16509-4699,Public       ,1,3,4,1,3,4
03128400,DELAWARE COUNTY TECHNICAL SCHOOL        ,PA,19032-1998,Public       ,6,44,50,6,44,50
03180400,PENNSYLVANIA HIGHLANDS COMMUNITY COLLEGE,PA,15904-2927,Public       ,295,283,578,295,283,578
03236400,LT INTERNATIONAL BEAUTY SCHOOL          ,PA,19130-2235,Proprietary  ,3,4,7,3,4,7
03353300,ACADEMY OF VOCAL ARTS                   ,PA,19103-6685,Private      ,6,20,26,6,20,26
03380301,CULINARY ACADEMY OF LONG ISLAND - STAR P,PA,19114-2204,Proprietary  ,17,53,70,17,53,70
03439400,NAWCC SCHOOL OF HOROLOGY                ,PA,17512-2130,Private      ,0,3,3,0,3,3
03535300,HUNTINGDON COUNTY CAREER AND TECHNO     ,PA,17060-0905,Public       ,1,19,20,1,19,20
03561400,SUSQUEHANNA COUNTY CAREER & TECHNOL     ,PA,18816-0100,Public       ,2,5,7,2,5,7
03766300,PENNSYLVANIA SCHOOL OF MUSCLE THERAPY   ,PA,19406-3101,Proprietary  ,6,20,26,6,20,26
03923300,PRECISION MANUFACTURING INSTITUTE       ,PA,16335-8380,Private      ,5,8,13,5,8,13
03948300,HARRISBURG UNIVERSITY OF SCIENCE AND TEC,PA,17101-2116,Private      ,90,74,164,90,74,164
03949300,WON INSTITUTE OF GRADUATE STUDIES       ,PA,19038-4535,Private      ,0,7,7,0,7,7
03950500,NORTHWEST REGIONAL TECHNOLOGY INSTITUTE ,PA,16508-2820,Proprietary  ,2,2,4,2,2,4
03952300,NATIONAL MASSAGE THERAPY INSTITUTE      ,PA,19116-3965,Proprietary  ,17,38,55,17,38,55
04119900,PENNSYLVANIA MYOTHERAPY INSTITUTE       ,PA,17350-8426,Proprietary  ,1,7,8,1,7,8
04127500,CAREER DEVELOPMENT & EMPLOYMENT         ,PA,18702-5253,Proprietary  ,1,3,4,1,3,4
04137100,KIMBERLY'S BEAUTY SCHOOL                ,PA,19134-0000,Proprietary  ,0,14,14,0,14,14
04138300,INTERNATIONAL BEAUTY ACADEMY            ,PA,19149-2710,Proprietary  ,1,2,3,1,2,3
00267813,BRYANT & STRATTON COLLEGE - MIL DOWNTOWN,WI,53203-2608,Proprietary  ,200,920,1120,200,920,1120
00383200,ALVERNO COLLEGE                         ,WI,53234-3922,Private      ,861,1063,1924,861,1063,1924
00383500,BELOIT COLLEGE                          ,WI,53511-5595,Private      ,1638,57,1695,1638,57,1695
00383700,CARDINAL STRITCH UNIVERSITY             ,WI,53217-9884,Private      ,607,1074,1681,607,1074,1681
00383800,CARROLL UNIVERSITY                      ,WI,53186-5593,Private      ,2469,327,2796,2469,327,2796
00383900,CARTHAGE COLLEGE                        ,WI,53141-0000,Private      ,3430,248,3678,3430,248,3678
00384000,WESTERN TECHNICAL COLLEGE               ,WI,54601-0908,Public       ,593,530,1123,593,530,1123
00384200,CONCORDIA UNIVERSITY WISCONSIN          ,WI,53097-2402,Private      ,1598,932,2530,1598,932,2530
00384800,EDGEWOOD COLLEGE                        ,WI,53711-1958,Private      ,1036,375,1411,1036,375,1411
00385000,SILVER LAKE COLLEGE                     ,WI,54220-9319,Private      ,121,149,270,121,149,270
00385400,LAKELAND COLLEGE                        ,WI,53082-0000,Private      ,784,530,1314,784,530,1314
00385600,LAWRENCE UNIVERSITY                     ,WI,54912-0599,Private      ,2021,56,2077,2021,56,2077
00386100,MARIAN UNIVERSITY                       ,WI,54935-4699,Private      ,986,493,1479,986,493,1479
00386300,MARQUETTE UNIVERSITY                    ,WI,53201-0000,Private      ,11594,2913,14507,11594,2913,14507
00386600,MILWAUKEE AREA TECH COLLEGE             ,WI,53233-1443,Public       ,1494,3486,4980,1494,3486,4980
00386800,MILWAUKEE SCHOOL OF ENGINEERING         ,WI,53202-3109,Private      ,2260,348,2608,2260,348,2608
00386900,MOUNT MARY COLLEGE                      ,WI,53222-4597,Private      ,623,734,1357,623,734,1357
00387400,NASHOTAH HOUSE                          ,WI,53058-0000,Private      ,1,17,18,1,17,18
00387500,NORTHLAND COLLEGE                       ,WI,54806-3999,Private      ,536,55,591,536,55,591
00388400,RIPON COLLEGE                           ,WI,54971-0248,Private      ,1044,32,1076,1044,32,1076
00389200,ST. NORBERT COLLEGE                     ,WI,54115-2002,Private      ,1811,45,1856,1811,45,1856
00389500,UNIVERSITY OF WISCONSIN-MADISON         ,WI,53715-1382,Public       ,16077,6287,22364,16077,6287,22364
00389600,UNIVERSITY OF WISCONSIN-MILWAUKEE       ,WI,53201-3165,Public       ,9875,4694,14569,9875,4694,14569
00389700,UNIVERSITY OF WISCONSIN COLLEGES        ,WI,53708-8680,Public       ,860,425,1285,860,425,1285
00389701,UNIVERSITY OF WISCONSIN-BARABOO         ,WI,53913-1098,Public       ,126,34,160,126,34,160
00389702,UNIVERSITY OF WISCONSIN-BARRON          ,WI,54868-2497,Public       ,94,43,137,94,43,137
00389703,UNIVERSITY OF WISCONSIN-FOND DU LAC     ,WI,54935-2998,Public       ,198,69,267,198,69,267
00389704,UNIVERSITY OF WISCONSIN-FOX VALLEY      ,WI,54952-1297,Public       ,395,172,567,395,172,567
00389705,UNIVERSITY OF WISCONSIN-MANITOWOC       ,WI,54220-6699,Public       ,112,37,149,112,37,149
00389706,UNIVERSITY OF WISCONSIN-MARATHON        ,WI,54401-5396,Public       ,330,88,418,330,88,418
00389707,UNIVERSITY OF WISCONSIN-MARINETTE       ,WI,54143-4299,Public       ,133,23,156,133,23,156
00389708,UNIVERSITY OF WISCONSIN-MARSHFIELD      ,WI,54449-3310,Public       ,129,41,170,129,41,170
00389709,UNIVERSITY OF WISCONSIN-RICHLAND        ,WI,53581-1399,Public       ,97,25,122,97,25,122
00389710,UNIVERSITY OF WISCONSIN COLLEGES - ROCK ,WI,53546-5699,Public       ,264,140,404,264,140,404
00389711,UNIVERSITY OF WISCONSIN-SHEBOYGAN       ,WI,53081-4789,Public       ,211,64,275,211,64,275
00389712,UNIVERSITY OF WISCONSIN-WASHINGTON      ,WI,53095-3699,Public       ,221,60,281,221,60,281
00389713,UNIVERSITY OF WISCONSIN-WAUKESHA        ,WI,53188-2799,Public       ,416,116,532,416,116,532
00389900,UNIVERSITY OF WISCONSIN-GREEN BAY       ,WI,54311-7001,Public       ,2661,707,3368,2661,707,3368
00391100,VITERBO UNIVERSITY                      ,WI,54601-4777,Private      ,1388,486,1874,1388,486,1874
00391500,UNIVERSITY OF WISCONSIN-STOUT           ,WI,54751-0790,Public       ,3365,619,3984,3365,619,3984
00391700,UNIVERSITY OF WISCONSIN-EAU CLAIRE      ,WI,54702-4004,Public       ,4998,660,5658,4998,660,5658
00391900,UNIVERSITY OF WISCONSIN-LA CROSSE       ,WI,54601-3742,Public       ,5207,688,5895,5207,688,5895
00392000,UNIVERSITY OF WISCONSIN-OSHKOSH         ,WI,54901-8604,Public       ,4493,1200,5693,4493,1200,5693
00392100,UNIVERSITY OF WISCONSIN-PLATTEVILLE     ,WI,53818-3099,Public       ,3434,527,3961,3434,527,3961
00392300,UNIVERSITY OF WISCONSIN-RIVER FALLS     ,WI,54022-5013,Public       ,2654,368,3022,2654,368,3022
00392400,UNIVERSITY OF WISCONSIN-STEVENS POINT   ,WI,54481-3871,Public       ,4170,686,4856,4170,686,4856
00392500,UNIVERSITY OF WISCONSIN-SUPERIOR        ,WI,54880-2898,Public       ,818,434,1252,818,434,1252
00392600,UNIVERSITY OF WISCONSIN-WHITEWATER      ,WI,53190-1792,Public       ,5509,1070,6579,5509,1070,6579
00400700,MADISON AREA TECHNICAL COLLEGE          ,WI,53704-2599,Public       ,1321,1539,2860,1321,1539,2860
00501500,UNIVERSITY OF WISCONSIN-PARKSIDE        ,WI,53141-2000,Public       ,1582,690,2272,1582,690,2272
00529400,WAUKESHA COUNTY TECHNICAL COLLEGE       ,WI,53072-4696,Public       ,456,704,1160,456,704,1160
00530100,NORTHEAST WISCONSIN TECHNICAL COLLEGE   ,WI,54307-9042,Public       ,819,1244,2063,819,1244,2063
00530400,CHIPPEWA VALLEY TECHNICAL COLLEGE       ,WI,54701-6162,Public       ,722,874,1596,722,874,1596
00538000,MID-STATE TECHNICAL COLLEGE             ,WI,54494-5512,Public       ,191,417,608,191,417,608
00538400,NICOLET AREA TECHNICAL COLLEGE          ,WI,54501-0000,Public       ,141,197,338,141,197,338
00538700,NORTHCENTRAL TECHNICAL COLLEGE          ,WI,54401-1899,Public       ,304,574,878,304,574,878
00538900,GATEWAY TECHNICAL COLLEGE               ,WI,53144-1690,Public       ,508,1906,2414,508,1906,2414
00539000,BLACKHAWK TECHNICAL COLLEGE             ,WI,53547-5009,Public       ,278,784,1062,278,784,1062
00610800,BELLIN HOSP SCH OF RAD TECH             ,WI,54305-3505,Private      ,12,2,14,12,2,14
00611500,MERCY MED CTR SCH OF RAD TECH           ,WI,54904-3370,Private      ,4,4,8,4,4,8
00612601,ST LUKE'S MEDCL CTR SCHL RAD TECH       ,WI,53215-4330,Private      ,4,10,14,4,10,14
00612603,ST LUKE'S MED CTR SCH OF SONOGRAPHY     ,WI,53215-0000,Private      ,2,8,10,2,8,10
00613100,THEDA CLARK REG MED CTR SCH RAD TEC     ,WI,54957-0000,Private      ,3,5,8,3,5,8
00663900,BELLIN COLLEGE                          ,WI,54305-0000,Private      ,129,54,183,129,54,183
00766900,SOUTHWEST WISCONSIN TECH COLLEGE        ,WI,53809-0000,Public       ,235,198,433,235,198,433
00821700,WISCONSIN COLLEGE OF COSMETOLOGY        ,WI,54304-0000,Proprietary  ,15,16,31,15,16,31
00919400,LAKESHORE TECHNICAL COLLEGE             ,WI,53015-1412,Public       ,218,504,722,218,504,722
00925600,MORAINE PARK TECHNICAL COLLEGE          ,WI,54936-0000,Public       ,307,744,1051,307,744,1051
00941900,STATE CLG OF BEAUTY CULT-WAUSAU         ,WI,54403-4667,Proprietary  ,17,11,28,17,11,28
00962100,HERZING COLLEGE                         ,WI,53718-4236,Proprietary  ,219,1345,1564,219,1345,1564
00974400,FOX VALLEY TECHNICAL COLLEGE            ,WI,54913-0000,Public       ,900,1232,2132,900,1232,2132
01091300,MADISON MEDIA INSTITUTE                 ,WI,53718-6787,Proprietary  ,93,70,163,93,70,163
01148400,ADVANCED INSTITUTE OF HAIR DESIGN       ,WI,53225-0000,Proprietary  ,40,43,83,40,43,83
01182400,WISCONSIN INDIANHEAD TECH CLG WITC      ,WI,54871-9300,Public       ,283,518,801,283,518,801
02077100,MILWAUKEE INST OF ART & DESIGN          ,WI,53202-0000,Private      ,623,83,706,623,83,706
02136600,WISCONSIN LUTHERAN COLLEGE              ,WI,53226-0000,Private      ,658,40,698,658,40,698
02201803,KAPLAN COLLEGE - MILWAUKEE              ,WI,53212-3939,Proprietary  ,38,189,227,38,189,227
02239204,HIGH-TECH INSTITUTE - MILWAUKEE         ,WI,53005-4207,Proprietary  ,8,9,17,8,9,17
02271300,WI SCH OF PROFESSIONAL PSYCHOLOGY       ,WI,53225-0000,Private      ,2,34,36,2,34,36
02317200,MARANATHA BAPTIST BIBLE COLLEGE         ,WI,53094-0000,Private      ,305,30,335,305,30,335
02324700,EMPIRE BEAUTY SCHOOL                    ,WI,53717-0000,Proprietary  ,16,36,52,16,36,52
02332100,EMPIRE BEAUTY SCHOOL                    ,WI,54220-0000,Proprietary  ,17,37,54,17,37,54
02332101,EMPIRE BEAUTY SCHOOL - APPLETON         ,WI,54914-4644,Proprietary  ,3,6,9,3,6,9
02453500,MEDICAL COLLEGE OF WISCONSIN            ,WI,53226-0000,Private      ,5,967,972,5,967,972
02494300,GILL-TECH ACADEMY OF HAIR DESIGN        ,WI,54911-0000,Proprietary  ,9,5,14,9,5,14
02503303,RASMUSSEN COLLEGE - MANKATO - GREEN BAY ,WI,54303-2349,Proprietary  ,37,275,312,37,275,312
02532200,LAC COURTE OREILLES OJIBWA CMTY CLG     ,WI,54843-0000,Public       ,4,47,51,4,47,51
03007400,LAKESIDE SCHOOL OF MASSAGE THERAPY      ,WI,53719-1103,Private      ,6,17,23,6,17,23
03061200,MIDWEST COLLEGE OF ORIENTAL MEDICINE    ,WI,53403-9747,Proprietary  ,1,14,15,1,14,15
03077600,EMPIRE BEAUTY SCHOOL                    ,WI,54304-4838,Proprietary  ,23,100,123,23,100,123
03087500,ITT TECHNICAL INSTITUTE                 ,WI,53220-4612,Proprietary  ,85,165,250,85,165,250
03125100,COLLEGE OF MENOMINEE NATION             ,WI,54135-0000,Private      ,27,130,157,27,130,157
03125102,COLLEGE OF  THE MENOMINEE NATION - GREEN,WI,54304-4964,Private      ,3,35,38,3,35,38
03220300,"SALON PROFESSIONAL ACADEMY, THE         ",WI,54701-7633,Proprietary  ,21,13,34,21,13,34
03309300,MONTESSORI INSTITUTE OF MILWAUKEE       ,WI,53207-0000,Private      ,2,4,6,2,4,6
03808300,INSTITUTE OF BEAUTY AND WELLNESS (THE)  ,WI,53202-5715,Proprietary  ,16,20,36,16,20,36
03822300,FOUR SEASONS SALON AND COSMETOLOGY SCHOO,WI,53566-0000,Proprietary  ,2,3,5,2,3,5
03872500,NORTHLAND INTERNATIONAL UNIVERSITY      ,WI,54119-9285,Private      ,155,14,169,155,14,169
03925300,BLUE SKY SCHOOL OF PROFESSIONAL MASSAGE ,WI,53024-9699,Private      ,12,27,39,12,27,39
04117400,MILWAUKEE CAREER COLLEGE                ,WI,53222-4305,Proprietary  ,23,114,137,23,114,137
04118600,ACADEMY OF COSMETOLOGY                  ,WI,53548-3307,Proprietary  ,3,9,12,3,9,12
04124800,VISIONS IN HAIR DESIGN INSTITUTE OF COSM,WI,53210-1120,Proprietary  ,5,5,10,5,5,10
04132600,WISCONSIN ACADEMY (THE)                 ,WI,54157-1726,Proprietary  ,3,12,15,3,12,15
04138200,SALON PROFESSIONAL ACADEMY (THE)        ,WI,54914-3921,Proprietary  ,20,18,38,20,18,38
00290500,NORTH CAROLINA A&T STATE UNIV           ,NC,27411-0001,Public       ,8943,2376,11319,8943,2376,11319
00290600,APPALACHIAN STATE UNIVERSITY            ,NC,28608-2059,Public       ,12040,2186,14226,12040,2186,14226
00290700,UNIVERSITY OF NC AT ASHEVILLE           ,NC,28804-3299,Public       ,2689,736,3425,2689,736,3425
00290800,BARTON COLLEGE                          ,NC,27893-3104,Private      ,1038,283,1321,1038,283,1321
00291000,BELMONT ABBEY COLLEGE                   ,NC,28012-1802,Private      ,831,374,1205,831,374,1205
00291100,BENNETT COLLEGE                         ,NC,27401-3239,Private      ,883,180,1063,883,180,1063
00291200,BREVARD COLLEGE                         ,NC,28712-3306,Private      ,582,68,650,582,68,650
00291300,CAMPBELL UNIVERSITY                     ,NC,27506-0036,Private      ,2732,1538,4270,2732,1538,4270
00291400,CATAWBA COLLEGE                         ,NC,28144-2488,Private      ,1123,273,1396,1123,273,1396
00291500,CENTRAL PIEDMONT COMMUNITY COLLEGE      ,NC,28204-2297,Public       ,2469,4045,6514,2469,4045,6514
00291600,CHOWAN UNIVERSITY                       ,NC,27855-1850,Private      ,974,143,1117,974,143,1117
00291700,COLLEGE OF THE ALBEMARLE                ,NC,27909-2327,Public       ,299,539,838,299,539,838
00291800,DAVIDSON COLLEGE                        ,NC,28035-7157,Private      ,2594,54,2648,2594,54,2648
00291900,DAVIDSON COUNTY COMMUNITY COLLEGE       ,NC,27293-0000,Public       ,602,1379,1981,602,1379,1981
00292000,DUKE UNIVERSITY                         ,NC,27708-0397,Private      ,13142,1019,14161,13142,1019,14161
00292001,DUKE UNIV - SCHOOL OF MEDICINE          ,NC,27710-0000,Private      ,68,887,955,68,887,955
00292002,DUKE UNIV - SCHOOL OF LAW               ,NC,27708-0000,Private      ,23,2689,2712,23,2689,2712
00292003,DUKE UNIV - GRAD SCH ARTS & SCIENCE     ,NC,27708-0000,Private      ,67,588,655,67,588,655
00292004,DUKE UNIV - FUQUA SCH OF BUSINESS       ,NC,27708-0000,Private      ,38,636,674,38,636,674
00292005,DUKE UNIV/NICHOLAS SCH OF ENVIRON.      ,NC,27708-0000,Private      ,10,210,220,10,210,220
00292006,DUKE UNIV - DIVINITY SCHOOL             ,NC,27708-0000,Private      ,56,352,408,56,352,408
00292007,DUKE UNIV - SCHOOL OF NURSING           ,NC,27710-0000,Private      ,56,299,355,56,299,355
00292300,EAST CAROLINA UNIVERSITY                ,NC,27858-1818,Public       ,15099,5311,20410,15099,5311,20410
00292600,ELIZABETH CITY STATE UNIVERSITY         ,NC,27909-7806,Public       ,2791,723,3514,2791,723,3514
00292700,ELON UNIVERSITY                         ,NC,27244-2010,Private      ,5479,659,6138,5479,659,6138
00292800,FAYETTEVILLE STATE UNIVERSITY           ,NC,28301-4298,Public       ,3445,2509,5954,3445,2509,5954
00292900,GARDNER-WEBB UNIVERSITY                 ,NC,28017-0000,Private      ,1755,898,2653,1755,898,2653
00293000,GREENSBORO COLLEGE                      ,NC,27401-1875,Private      ,919,362,1281,919,362,1281
00293100,GUILFORD COLLEGE                        ,NC,27410-4171,Private      ,2081,911,2992,2081,911,2992
00293300,HIGH POINT UNIVERSITY                   ,NC,27262-4221,Private      ,3148,594,3742,3148,594,3742
00293400,ISOTHERMAL COMMUNITY COLLEGE            ,NC,28160-0804,Public       ,328,560,888,328,560,888
00293500,JOHN WESLEY COLLEGE                     ,NC,27265-0000,Private      ,18,45,63,18,45,63
00293600,JOHNSON C SMITH UNIVERSITY              ,NC,28216-5398,Private      ,2409,429,2838,2409,429,2838
00293700,KING'S COLLEGE-CHARLOTTE                ,NC,28204-2435,Proprietary  ,316,166,482,316,166,482
00293900,LEES MCRAE COLLEGE                      ,NC,28604-0000,Private      ,681,135,816,681,135,816
00294000,LENOIR COMMUNITY COLLEGE                ,NC,28502-0188,Public       ,317,631,948,317,631,948
00294100,LENOIR-RHYNE UNIVERSITY                 ,NC,28603-0000,Private      ,1585,273,1858,1585,273,1858
00294200,LIVINGSTONE COLLEGE                     ,NC,28144-5298,Private      ,776,149,925,776,149,925
00294300,LOUISBURG COLLEGE                       ,NC,27549-2398,Private      ,529,52,581,529,52,581
00294400,MARS HILL COLLEGE                       ,NC,28754-0000,Private      ,1102,200,1302,1102,200,1302
00294500,MEREDITH COLLEGE                        ,NC,27607-5298,Private      ,1589,466,2055,1589,466,2055
00294600,METHODIST UNIVERSITY                    ,NC,28311-1420,Private      ,1579,446,2025,1579,446,2025
00294700,MITCHELL COMMUNITY COLLEGE              ,NC,28677-5264,Public       ,328,700,1028,328,700,1028
00294800,MONTREAT COLLEGE                        ,NC,28757-1267,Private      ,406,283,689,406,283,689
00294900,MOUNT OLIVE COLLEGE                     ,NC,28365-1299,Private      ,655,1411,2066,655,1411,2066
00295000,NORTH CAROLINA CENTRAL UNIVERSITY       ,NC,27707-3198,Public       ,5496,3848,9344,5496,3848,9344
00295100,NORTH CAROLINA WESLEYAN COLLEGE         ,NC,27804-8699,Private      ,742,328,1070,742,328,1070
00295300,PEACE COLLEGE                           ,NC,27604-1194,Private      ,608,128,736,608,128,736
00295400,UNIV OF NORTH CAROLINA AT PEMBROKE      ,NC,28372-1510,Public       ,3572,1671,5243,3572,1671,5243
00295500,PFEIFFER UNIVERSITY                     ,NC,28109-0000,Private      ,641,351,992,641,351,992
00295600,PIEDMONT BAPTIST COLLEGE AND GRADUATE SC,NC,27101-5025,Private      ,90,56,146,90,56,146
00295700,QUEENS UNIVERSITY OF CHARLOTTE          ,NC,28274-0001,Private      ,1345,713,2058,1345,713,2058
00295800,ROCKINGHAM COMMUNITY COLLEGE            ,NC,27375-0000,Public       ,377,518,895,377,518,895
00296000,SALEM COLLEGE                           ,NC,27108-0000,Private      ,425,241,666,425,241,666
00296100,SANDHILLS COMMUNITY COLLEGE             ,NC,28374-8283,Public       ,501,905,1406,501,905,1406
00296200,SHAW UNIVERSITY                         ,NC,27601-2393,Private      ,1520,948,2468,1520,948,2468
00296300,SOUTHEASTERN BAPTIST THEOL SEMINARY     ,NC,27588-0000,Private      ,37,60,97,37,60,97
00296400,SOUTHEASTERN COMMUNITY COLLEGE          ,NC,28472-5422,Public       ,218,386,604,218,386,604
00296700,ST ANDREWS PRESBYTERIAN COLLEGE         ,NC,28352-9979,Private      ,462,52,514,462,52,514
00296800,ST AUGUSTINES COLLEGE                   ,NC,27610-2298,Private      ,1307,310,1617,1307,310,1617
00297000,SURRY COMMUNITY COLLEGE                 ,NC,27017-0304,Public       ,543,531,1074,543,531,1074
00297200,NORTH CAROLINA STATE UNIV-RALEIGH       ,NC,27695-1751,Public       ,18501,5012,23513,18501,5012,23513
00297300,GASTON COLLEGE                          ,NC,28034-1499,Public       ,795,1450,2245,795,1450,2245
00297400,UNIVERSITY OF N C-CHAPEL HILL           ,NC,27514-0000,Public       ,17276,8938,26214,17276,8938,26214
00297500,UNIVERSITY OF NC AT CHARLOTTE           ,NC,28223-0001,Public       ,11525,5149,16674,11525,5149,16674
00297600,UNIVERSITY OF N C - GREENSBORO          ,NC,27412-0001,Public       ,10948,4763,15711,10948,4763,15711
00297800,WAKE FOREST UNIV - UNDERGRADUATE        ,NC,27109-7246,Private      ,6227,195,6422,6227,195,6422
00297801,WAKE FOREST UNIV - SCH OF MEDICINE      ,NC,27157-1090,Private      ,35,649,684,35,649,684
00297803,WAKE FOREST UNIVERSITY - SCHOOLS OF BUSI,NC,27109-7659,Private      ,22,232,254,22,232,254
00297805,WAKE FOREST UNIV - SCH OF LAW           ,NC,27109-7206,Private      ,16,1170,1186,16,1170,1186
00297806,WAKE FOREST UNIV - GRAD A&S/DIVINITY    ,NC,27109-7246,Private      ,47,292,339,47,292,339
00297900,WARREN WILSON COLLEGE                   ,NC,28815-0000,Private      ,1029,213,1242,1029,213,1242
00298000,WAYNE COMMUNITY COLLEGE                 ,NC,27533-0000,Public       ,396,641,1037,396,641,1037
00298100,WESTERN CAROLINA UNIVERSITY             ,NC,28723-9731,Public       ,6011,1642,7653,6011,1642,7653
00298200,WESTERN PIEDMONT COMMUNITY COLLEGE      ,NC,28655-4504,Public       ,499,856,1355,499,856,1355
00298300,WILKES COMMUNITY COLLEGE                ,NC,28697-2100,Public       ,358,455,813,358,455,813
00298400,UNIVERSITY OF N C-WILMINGTON            ,NC,28403-3297,Public       ,8166,2060,10226,8166,2060,10226
00298500,WINGATE UNIVERSITY                      ,NC,28174-0159,Private      ,1704,437,2141,1704,437,2141
00298600,WINSTON-SALEM STATE UNIVERSITY          ,NC,27102-0000,Public       ,5744,2333,8077,5744,2333,8077
00398100,UNC SCHOOL OF THE ARTS                  ,NC,27127-2188,Public       ,930,211,1141,930,211,1141
00403300,ASHEVILLE BUNCOMBE TECH CMTY CLG        ,NC,28801-4897,Public       ,647,1055,1702,647,1055,1702
00406200,PITT COMMUNITY COLLEGE                  ,NC,28590-0000,Public       ,1197,1499,2696,1197,1499,2696
00483500,CALDWELL COMMUNITY CLG & TECH INST      ,NC,28638-2626,Public       ,577,759,1336,577,759,1336
00483800,GUILFORD TECHNICAL COMMUNITY CLG        ,NC,27282-0309,Public       ,2294,3904,6198,2294,3904,6198
00484400,WAKE TECHNICAL COMMUNITY COLLEGE        ,NC,27603-5696,Public       ,2208,3188,5396,2208,3188,5396
00484500,WILSON COMMUNITY COLLEGE                ,NC,27893-3310,Public       ,148,386,534,148,386,534
00499201,MILLER-MOTTE TECHNICAL COLLEGE - MILLER-,NC,27511-9209,Proprietary  ,19,85,104,19,85,104
00499202,MILLER-MOTTE TECHNICAL COLLEGE - MILLER-,NC,27604-6072,Proprietary  ,21,117,138,21,117,138
00531600,COASTAL CAROLINA COMMUNITY COLLEGE      ,NC,28546-6816,Public       ,502,1056,1558,502,1056,1558
00531700,FORSYTH TECHNICAL COMMUNITY COLLEGE     ,NC,27103-5197,Public       ,1068,2414,3482,1068,2414,3482
00531800,CATAWBA VALLEY COMMUNITY COLLEGE        ,NC,28602-8302,Public       ,880,1218,2098,880,1218,2098
00532000,CAPE FEAR COMMUNITY COLLEGE             ,NC,28401-3910,Public       ,1134,1276,2410,1134,1276,2410
00544700,RANDOLPH COMMUNITY COLLEGE              ,NC,27204-1009,Public       ,369,676,1045,369,676,1045
00544800,DURHAM TECHNICAL CMNTY COLLEGE          ,NC,27703-5023,Public       ,410,1275,1685,410,1275,1685
00544900,CENTRAL CAROLINA COMMUNITY COLLEGE      ,NC,27330-9000,Public       ,402,1026,1428,402,1026,1428
00546300,ALAMANCE COMMUNITY COLLEGE              ,NC,27253-0000,Public       ,467,979,1446,467,979,1446
00546400,RICHMOND COMMUNITY COLLEGE              ,NC,28345-4522,Public       ,136,497,633,136,497,633
00575400,ROWAN-CABARRUS COMMUNITY COLLEGE        ,NC,28145-1595,Public       ,503,1001,1504,503,1001,1504
00647700,CABARRUS COLLEGE OF HEALTH SCIENCES     ,NC,28025-0000,Private      ,141,276,417,141,276,417
00647800,MERCY HOSP SCH OF NURSING               ,NC,28207-0000,Public       ,71,199,270,71,199,270
00648300,WATTS SCHOOL OF NURSING                 ,NC,27704-0000,Private      ,29,95,124,29,95,124
00679900,CRAVEN COMMUNITY COLLEGE                ,NC,28562-0000,Public       ,288,830,1118,288,830,1118
00703100,PAMLICO COMMUNITY COLLEGE               ,NC,28529-0000,Public       ,25,78,103,25,78,103
00764000,FAYETTEVILLE TECHNICAL CMTY COLLEGE     ,NC,28303-0236,Public       ,1039,4065,5104,1039,4065,5104
00768700,JAMES SPRUNT COMMUNITY COLLEGE          ,NC,28349-0398,Public       ,133,300,433,133,300,433
00781400,BROOKSTONE COLLEGE OF BUSINESS          ,NC,28262-0000,Proprietary  ,9,59,68,9,59,68
00781401,BROOKSTONE COLLEGE OF BUSINESS          ,NC,27409-0000,Proprietary  ,11,41,52,11,41,52
00789200,SAMPSON COMMUNITY COLLEGE               ,NC,28328-0000,Public       ,212,531,743,212,531,743
00798500,SOUTH PIEDMONT COMMUNITY COLLEGE        ,NC,28135-9703,Public       ,211,578,789,211,578,789
00798600,HALIFAX COMMUNITY COLLEGE               ,NC,27890-0089,Public       ,178,320,498,178,320,498
00798700,BLADEN COMMUNITY COLLEGE                ,NC,28332-0266,Public       ,144,410,554,144,410,554
00798800,MARTIN COMMUNITY COLLEGE                ,NC,27892-8307,Public       ,83,166,249,83,166,249
00808100,CARTERET COMMUNITY COLLEGE              ,NC,28557-2989,Public       ,159,331,490,159,331,490
00808200,CLEVELAND COMMUNITY COLLEGE             ,NC,28150-0000,Public       ,281,621,902,281,621,902
00808300,HAYWOOD COMMUNITY COLLEGE               ,NC,28721-0000,Public       ,195,291,486,195,291,486
00808500,MCDOWELL TECHNICAL COMMUNITY CLG        ,NC,28752-8728,Public       ,119,248,367,119,248,367
00808700,MONTGOMERY COMMUNITY COLLEGE            ,NC,27371-0787,Public       ,84,198,282,84,198,282
00846600,SOUTHWESTERN COMMUNITY COLLEGE          ,NC,28779-8581,Public       ,304,487,791,304,487,791
00855700,NASH COMMUNITY COLLEGE                  ,NC,27804-0488,Public       ,289,492,781,289,492,781
00855800,BEAUFORT COUNTY COMMUNITY COLLEGE       ,NC,27889-7889,Public       ,177,418,595,177,418,595
00861200,ROBESON COMMUNITY COLLEGE               ,NC,28359-2151,Public       ,273,781,1054,273,781,1054
00861300,ROANOKE-CHOWAN COMMUNITY COLLEGE        ,NC,27910-9522,Public       ,97,187,284,97,187,284
00885500,EDGECOMBE COMMUNITY COLLEGE             ,NC,27886-9399,Public       ,147,586,733,147,586,733
00902500,SOUTH EASTERN CLG OF BEAUTY CULTURE     ,NC,28204-0000,Proprietary  ,12,72,84,12,72,84
00933600,JOHNSTON COMMUNITY COLLEGE              ,NC,27577-0000,Public       ,472,823,1295,472,823,1295
00943000,TRI-COUNTY COMMUNITY COLLEGE            ,NC,28906-7919,Public       ,110,189,299,110,189,299
00964600,PIEDMONT COMMUNITY COLLEGE              ,NC,27573-1197,Public       ,137,294,431,137,294,431
00968400,BLUE RIDGE COMMUNITY COLLEGE            ,NC,28731-9624,Public       ,205,289,494,205,289,494
00974701,GORDON-CONWELL THEO SEM - CHARLOTTE     ,NC,28273-0000,Private      ,1,58,59,1,58,59
00990300,VANCE-GRANVILLE CMTY COLLEGE            ,NC,27536-0917,Public       ,429,798,1227,429,798,1227
01026400,SOUTH COLLEGE                           ,NC,28803-3152,Proprietary  ,13,56,69,13,56,69
01119400,STANLY COMMUNITY COLLEGE                ,NC,28001-7458,Public       ,219,532,751,219,532,751
01119700,MAYLAND COMMUNITY COLLEGE               ,NC,28777-2777,Public       ,127,177,304,127,177,304
01179900,PAUL MITCHELL THE SCHOOL FAYETTEVILLE   ,NC,28303-5364,Proprietary  ,10,29,39,10,29,39
01192600,LEON'S BEAUTY SCHOOL                    ,NC,27403-2812,Proprietary  ,26,65,91,26,65,91
02056500,MITCHELL'S HAIR STYLING ACADEMY         ,NC,27893-0000,Proprietary  ,7,26,33,7,26,33
02056501,MITCHELL'S HAIR STYLING ACADEMY - MITCHE,NC,27606-3326,Proprietary  ,17,17,34,17,17,34
02110500,ART INSTITUTE OF CHARLOTTE (THE)        ,NC,28217-0000,Proprietary  ,856,586,1442,856,586,1442
02170700,BRUNSWICK COMMUNITY COLLEGE             ,NC,28422-0000,Public       ,161,291,452,161,291,452
02205000,COLLEGE OF WILMINGTON                   ,NC,28403-0000,Proprietary  ,25,40,65,25,40,65
02210400,FAYETTEVILLE BEAUTY COLLEGE             ,NC,28303-0000,Proprietary  ,12,35,47,12,35,47
02227800,MITCHELL'S HAIR STYLING ACADEMY         ,NC,27534-0000,Proprietary  ,3,5,8,3,5,8
02227900,MITCHELL'S HAIR STYLING ACADEMY         ,NC,27858-0000,Proprietary  ,2,7,9,2,7,9
02238700,HAIRSTYLING INSTITUTE OF CHARLOTTE      ,NC,28204-0000,Proprietary  ,14,58,72,14,58,72
02280900,ROANOKE BIBLE COLLEGE                   ,NC,27909-0000,Private      ,65,29,94,65,29,94
02286300,CAROLINA BEAUTY COLLEGE                 ,NC,27262-0000,Proprietary  ,13,26,39,13,26,39
02560600,PINNACLE INSTITUTE OF COSMETOLOGY       ,NC,28115-8020,Proprietary  ,4,13,17,4,13,17
02614201,MILLER-MOTTE BUSINESS COLLEGE           ,NC,28403-0000,Proprietary  ,21,131,152,21,131,152
03009500,WINSTON-SALEM BARBER SCHOOL             ,NC,27107-0000,Proprietary  ,18,39,57,18,39,57
03064400,REGENCY BEAUTY INSTITUTE                ,NC,27127-0000,Proprietary  ,1,8,9,1,8,9
03089300,HERITAGE BIBLE COLLEGE                  ,NC,28335-0000,Private      ,7,29,36,7,29,36
03104200,CAROLINAS COLLEGE OF HEALTH SCIENCE     ,NC,28232-2861,Public       ,140,294,434,140,294,434
03109000,SCHOOL OF COMMUNICATION ARTS OF NORTH CA,NC,27614-7076,Proprietary  ,134,73,207,134,73,207
03361300,MEDICAL ARTS MASSAGE SCHOOL             ,NC,27616-6453,Proprietary  ,5,22,27,5,22,27
03513400,APEX SCHOOL OF THEOLOGY                 ,NC,27703-8024,Private      ,1,47,48,1,47,48
03555300,SOUTHEASTERN INSTITUTE                  ,NC,28217-0000,Proprietary  ,6,24,30,6,24,30
03555400,SOUTHEASTERN SCHOOL OF NEUROMUSCULAR  MA,NC,29406-0000,Proprietary  ,3,34,37,3,34,37
03570300,CAROLINA CHRISTIAN COLLEGE              ,NC,27105-3241,Private      ,2,10,12,2,10,12
03663300,HOOD THEOLOGICAL SEMINARY               ,NC,28144-5768,Private      ,0,58,58,0,58,58
03748500,LA SHE'S BEAUTY ACADEMY                 ,NC,27707-3569,Proprietary  ,5,16,21,5,16,21
03777300,CAROLINA ACAD OF COSMETIC ART & SCI     ,NC,28054-0460,Proprietary  ,12,32,44,12,32,44
03827300,NEW LIFE THEOLOGICAL SEMINARY           ,NC,28205-1648,Private      ,0,22,22,0,22,22
04098300,TECHSKILLS - CHARLOTTE                  ,NC,28217-0000,Proprietary  ,13,47,60,13,47,60
04101300,CAROLINA SCHOOL OF BROADCASTING         ,NC,28214-8085,Proprietary  ,21,45,66,21,45,66
04115700,REGINA'S COLLEGE OF BEAUTY              ,NC,28110-2831,Proprietary  ,2,6,8,2,6,8
04120300,"FILA ACADEMY, THE                       ",NC,27265-3114,Proprietary  ,2,14,16,2,14,16
04140700,AVEDA INSTITUTE CHAPEL HILL             ,NC,27516-2559,Proprietary  ,35,35,70,35,35,70
04143500,CHARLOTTE SCHOOL OF LAW                 ,NC,28208-2816,Proprietary  ,15,317,332,15,317,332
00298800,BISMARCK STATE COLLEGE                  ,ND,58501-1299,Public       ,1254,583,1837,1254,583,1837
00298900,DICKINSON STATE UNIVERSITY              ,ND,58601-4896,Public       ,794,324,1118,794,324,1118
00299000,JAMESTOWN COLLEGE                       ,ND,58405-3401,Private      ,659,54,713,659,54,713
00299100,LAKE REGION STATE COLLEGE               ,ND,58301-1598,Public       ,164,117,281,164,117,281
00299200,UNIVERSITY OF MARY                      ,ND,58504-9652,Private      ,1097,584,1681,1097,584,1681
00299300,MAYVILLE STATE UNIVERSITY               ,ND,58257-1299,Public       ,271,81,352,271,81,352
00299400,MINOT STATE UNIVERSITY                  ,ND,58707-0002,Public       ,934,577,1511,934,577,1511
00299500,MINOT STATE UNIV-BOTTINEAU CAMPUS       ,ND,58318-1159,Public       ,142,76,218,142,76,218
00299600,NORTH DAKOTA STATE CLG OF SCIENCE       ,ND,58076-0002,Public       ,693,210,903,693,210,903
00299700,NORTH DAKOTA STATE UNIVERSITY           ,ND,58108-6050,Public       ,5653,1043,6696,5653,1043,6696
00300500,UNIVERSITY OF NORTH DAKOTA              ,ND,58202-8193,Public       ,4882,1994,6876,4882,1994,6876
00300700,WILLISTON STATE COLLEGE                 ,ND,58802-1326,Public       ,129,99,228,129,99,228
00300800,VALLEY CITY STATE UNIVERSITY            ,ND,58072-0000,Public       ,417,106,523,417,106,523
00484600,RASMUSSEN COLLEGE                       ,ND,58103-7196,Proprietary  ,92,444,536,92,444,536
00484601,RASMUSSEN COLLEGE - BISMARCK            ,ND,58503-0000,Proprietary  ,51,218,269,51,218,269
00775600,JOSEF'S SCHOOL OF HAIR DESIGN INC       ,ND,58102-4977,Proprietary  ,30,21,51,30,21,51
00935400,MEDCENTER ONE COLLEGE OF NURSING        ,ND,58501-4494,Private      ,33,33,66,33,33,66
01040600,JOSEF'S SCHOOL OF HAIR DESIGN           ,ND,58201-6394,Proprietary  ,16,20,36,16,20,36
01205900,TRINITY BIBLE COLLEGE                   ,ND,58436-7150,Private      ,94,23,117,94,23,117
01229500,R D HAIRSTYLING COLLEGE                 ,ND,58501-4001,Proprietary  ,19,12,31,19,12,31
02188200,SITTING BULL COLLEGE                    ,ND,58538-9721,Public       ,14,42,56,14,42,56
02236500,LITTLE HOOP COMMUNITY COLLEGE           ,ND,58335-0000,Public       ,3,29,32,3,29,32
02242900,UNITED TRIBES TECHNICAL COLLEGE         ,ND,58504-0000,Private      ,46,133,179,46,133,179
02298200,HEADQUARTERS ACADEMY OF HAIR DESIGN     ,ND,58701-0000,Proprietary  ,6,13,19,6,13,19
02301100,TURTLE MTN CMNTY COLG-FIN AID OFC       ,ND,58316-0000,Private      ,69,118,187,69,118,187
02553700,FORT BERTHOLD COMMUNITY COLLEGE         ,ND,58763-0000,Public       ,10,26,36,10,26,36
03087200,MOLER BARBER CLG OF HAIRSTYLING         ,ND,58103-0000,Proprietary  ,1,3,4,1,3,4
04031300,SALON PROFESSIONAL ACADEMY (THE)        ,ND,58103-3337,Proprietary  ,20,18,38,20,18,38
04139400,HAIR ACADEMY (THE)                      ,ND,58501-4929,Proprietary  ,25,14,39,25,14,39
00301005,ANTIOCH UNIV/SEATTLE                    ,WA,98121-0000,Private      ,33,507,540,33,507,540
00376900,BELLEVUE COMMUNITY COLLEGE              ,WA,98007-6484,Public       ,1702,1955,3657,1702,1955,3657
00377000,BIG BEND COMMUNITY COLLEGE              ,WA,98837-3299,Public       ,448,494,942,448,494,942
00377100,"CENTRAL WASHINGTON UNIV., FIN AID       ",WA,98926-7495,Public       ,6296,2182,8478,6296,2182,8478
00377200,CENTRALIA COLLEGE                       ,WA,98531-4099,Public       ,465,566,1031,465,566,1031
00377300,CLARK COLLEGE                           ,WA,98663-3598,Public       ,1763,2986,4749,1763,2986,4749
00377400,COLUMBIA BASIN COLLEGE                  ,WA,99301-3379,Public       ,1168,1382,2550,1168,1382,2550
00377500,EASTERN WASHINGTON UNIVERSITY           ,WA,99004-2447,Public       ,6289,3538,9827,6289,3538,9827
00377600,EVERETT COMMUNITY COLLEGE               ,WA,98201-1352,Public       ,921,1685,2606,921,1685,2606
00377700,HERITAGE UNIVERSITY                     ,WA,98948-9562,Private      ,228,679,907,228,679,907
00377800,GONZAGA UNIVERSITY                      ,WA,99258-0083,Private      ,6043,2330,8373,6043,2330,8373
00377900,GRAYS HARBOR COLLEGE                    ,WA,98520-7599,Public       ,329,536,865,329,536,865
00378000,GREEN RIVER COMMUNITY COLLEGE           ,WA,98092-3622,Public       ,1012,1359,2371,1012,1359,2371
00378100,HIGHLINE COMMUNITY COLLEGE              ,WA,98198-9800,Public       ,1008,1511,2519,1008,1511,2519
00378200,LOWER COLUMBIA COLLEGE                  ,WA,98632-0310,Public       ,373,772,1145,373,772,1145
00378300,NORTHWEST UNIVERSITY                    ,WA,98083-0000,Private      ,808,318,1126,808,318,1126
00378400,OLYMPIC COLLEGE                         ,WA,98337-1600,Public       ,725,1542,2267,725,1542,2267
00378500,PACIFIC LUTHERAN UNIVERSITY             ,WA,98447-0003,Private      ,3417,1008,4425,3417,1008,4425
00378600,PENINSULA COLLEGE                       ,WA,98362-6660,Public       ,197,410,607,197,410,607
00378700,SEATTLE CENTRAL COMMUNITY COLLEGE       ,WA,98122-2413,Public       ,1229,2136,3365,1229,2136,3365
00378703,SEATTLE VOCATIONAL INSTITUTE            ,WA,98144-0000,Public       ,19,59,78,19,59,78
00378800,SEATTLE PACIFIC UNIVERSITY              ,WA,98119-1997,Private      ,3453,1035,4488,3453,1035,4488
00379000,SEATTLE UNIVERSITY                      ,WA,98122-1090,Private      ,5760,4367,10127,5760,4367,10127
00379100,SHORELINE COMMUNITY COLLEGE             ,WA,98133-5696,Public       ,809,1356,2165,809,1356,2165
00379200,SKAGIT VALLEY COLLEGE                   ,WA,98273-5899,Public       ,508,1003,1511,508,1003,1511
00379300,SPOKANE COMMUNITY COLLEGE               ,WA,99207-5399,Public       ,1580,3189,4769,1580,3189,4769
00379400,ST MARTIN'S UNIVERSITY                  ,WA,98503-7500,Private      ,1147,656,1803,1147,656,1803
00379600,TACOMA COMMUNITY COLLEGE                ,WA,98466-6100,Public       ,1457,3017,4474,1457,3017,4474
00379700,UNIVERSITY OF PUGET SOUND               ,WA,98416-1039,Private      ,3939,716,4655,3939,716,4655
00379800,UNIVERSITY OF WASHINGTON                ,WA,98195-5880,Public       ,23709,17663,41372,23709,17663,41372
00379900,WALLA WALLA UNIVERSITY                  ,WA,99324-1198,Private      ,728,282,1010,728,282,1010
00380000,WASHINGTON STATE UNIVERSITY             ,WA,99164-1035,Public       ,15439,6910,22349,15439,6910,22349
00380100,WENATCHEE VALLEY COLLEGE                ,WA,98801-1799,Public       ,769,1101,1870,769,1101,1870
00380200,WESTERN WASHINGTON UNIVERSITY           ,WA,98225-5946,Public       ,12124,2719,14843,12124,2719,14843
00380300,WHITMAN COLLEGE                         ,WA,99362-2067,Private      ,2454,61,2515,2454,61,2515
00380400,WHITWORTH UNIVERSITY                    ,WA,99251-0001,Private      ,2943,490,3433,2943,490,3433
00380500,YAKIMA VALLEY COMMUNITY COLLEGE         ,WA,98907-2520,Public       ,1281,1968,3249,1281,1968,3249
00499900,BELLINGHAM TECHNICAL COLLEGE            ,WA,98225-0000,Public       ,240,614,854,240,614,854
00500000,PIERCE COLLEGE                          ,WA,98498-1919,Public       ,1224,2248,3472,1224,2248,3472
00500100,EDMONDS COMMUNITY COLLEGE               ,WA,98036-5999,Public       ,783,1379,2162,783,1379,2162
00500600,WALLA WALLA COMMUNITY COLLEGE           ,WA,99362-9267,Public       ,973,1194,2167,973,1194,2167
00530600,BATES TECHNICAL COLLEGE                 ,WA,98405-0000,Public       ,244,650,894,244,650,894
00530601,BATES TECHNICAL COLLEGE - SOUTH CAMPUS  ,WA,98409-5847,Public       ,6,20,26,6,20,26
00537200,SOUTH PUGET SOUND COMMUNITY COLLEGE     ,WA,98512-6292,Public       ,811,1380,2191,811,1380,2191
00537300,LAKE WASHINGTON TECHNICAL COLLEGE       ,WA,98034-8505,Public       ,214,615,829,214,615,829
00575200,CLOVER PARK TECHNICAL COLLEGE           ,WA,98499-0000,Public       ,410,1424,1834,410,1424,1834
00815500,EVERGREEN STATE COLLEGE (THE)           ,WA,98505-0002,Public       ,2664,2123,4787,2664,2123,4787
00844300,ITT TECHNICAL INSTITUTE                 ,WA,98168-3334,Proprietary  ,112,168,280,112,168,280
00907901,EVEREST COLLEGE                         ,WA,98684-6950,Proprietary  ,32,110,142,32,110,142
00938700,PERRY TECHNICAL INSTITUTE               ,WA,98903-1239,Private      ,214,308,522,214,308,522
00954400,SPOKANE FALLS COMMUNITY COLLEGE         ,WA,99224-5204,Public       ,1626,2100,3726,1626,2100,3726
00970400,NORTH SEATTLE COMMUNITY COLLEGE         ,WA,98103-3599,Public       ,593,1371,1964,593,1371,1964
00970600,SOUTH SEATTLE COMMUNITY COLLEGE         ,WA,98106-1499,Public       ,672,1041,1713,672,1041,1713
00973900,GLEN DOW ACAD OF HAIR DESIGN            ,WA,99201-0209,Proprietary  ,25,28,53,25,28,53
01036400,WHATCOM COMMUNITY COLLEGE               ,WA,98226-8003,Public       ,906,930,1836,906,930,1836
01043400,RENTON TECHNICAL COLLEGE                ,WA,98056-0000,Public       ,275,627,902,275,627,902
01148100,DIVERS INSTITUTE OF TECHNOLOGY          ,WA,98107-0667,Proprietary  ,22,94,116,22,94,116
01231500,CORNISH COLLEGE OF THE ARTS             ,WA,98121-4604,Private      ,1064,231,1295,1064,231,1295
01249600,GREENWOOD BEAUTY SCHOOL                 ,WA,98103-0000,Proprietary  ,12,25,37,12,25,37
01302200,CITY UNIVERSITY OF SEATTLE              ,WA,98005-3030,Private      ,52,880,932,52,880,932
01309400,BELLINGHAM BEAUTY SCHOOL                ,WA,98225-0000,Proprietary  ,8,11,19,8,11,19
02091701,KAPLAN COLLEGE - SEATTLE                ,WA,98055-4910,Proprietary  ,28,137,165,28,137,165
02105300,BELLEVUE BEAUTY SCHOOL                  ,WA,98007-0000,Proprietary  ,11,13,24,11,13,24
02106700,TRINITY LUTHERAN COLLEGE                ,WA,98201-3569,Private      ,54,16,70,54,16,70
02180000,NORTHWEST INDIAN COLLEGE                ,WA,98226-9278,Public       ,29,125,154,29,125,154
02184200,PAROBA COLLEGE OF COSMETOLOGY           ,WA,98208-0000,Proprietary  ,4,5,9,4,5,9
02202200,STYLEMASTERS COLLEGE OF HAIR DESIGN     ,WA,98632-0000,Proprietary  ,3,9,12,3,9,12
02203300,GENE JUAREZ ACADEMY OF BEAUTY           ,WA,98125-0000,Proprietary  ,48,46,94,48,46,94
02203301,GENE JUAREZ ACADEMY OF BEAUTY           ,WA,98003-0000,Proprietary  ,30,32,62,30,32,62
02222900,INTERNATIONAL AIR & HOSPITALITY ACADEMY ,WA,98661-4835,Proprietary  ,49,37,86,49,37,86
02222906,INTERNATIONAL AIR & HOSPITALITY ACADEMY ,WA,98661-3805,Proprietary  ,1,0,1,1,0,1
02236800,PROFESSIONAL BEAUTY SCHOOL              ,WA,98902-0000,Proprietary  ,11,11,22,11,11,22
02242500,BASTYR UNIVERSITY                       ,WA,98028-0000,Private      ,56,495,551,56,495,551
02263107,CAMBRIDGE COLLEGE-BELLEVUE              ,WA,98007-0000,Proprietary  ,2,11,13,2,11,13
02291300,ART INSTITUTE OF SEATTLE                ,WA,98121-1622,Proprietary  ,1325,871,2196,1325,871,2196
02300100,EVEREST COLLEGE                         ,WA,98367-1835,Proprietary  ,12,33,45,12,33,45
02300103,EVEREST COLLEGE - EVERETT               ,WA,98208-2610,Proprietary  ,27,50,77,27,50,77
02300104,EVEREST COLLEGE - TACOMA                ,WA,98402-3004,Proprietary  ,25,90,115,25,90,115
02326500,INTERFACE COLLEGE                       ,WA,99201-3209,Proprietary  ,4,53,57,4,53,57
02331400,NORTHWEST HAIR ACADEMY                  ,WA,98273-0000,Proprietary  ,7,4,11,7,4,11
02331402,NORTHWEST HAIR ACADEMY - EVERETT        ,WA,98204-0000,Proprietary  ,10,4,14,10,4,14
02504900,ACADEMY OF HAIR DESIGN (THE)            ,WA,98801-0000,Proprietary  ,11,18,29,11,18,29
02541900,BJ'S BEAUTY AND BARBER COLLEGE          ,WA,98409-0000,Proprietary  ,12,22,34,12,22,34
02602100,NORTHWEST COLLEGE OF ART                ,WA,98370-8625,Proprietary  ,102,24,126,102,24,126
02606200,EVEREST COLLEGE                         ,WA,98055-2990,Proprietary  ,22,72,94,22,72,94
02617500,EVEREST COLLEGE                         ,WA,98133-9018,Proprietary  ,14,45,59,14,45,59
02617501,EVEREST COLLEGE - FIFE                  ,WA,98424-2647,Proprietary  ,20,26,46,20,26,46
02617503,EVEREST COLLEGE - VANCOUVER             ,WA,98684-6951,Proprietary  ,15,59,74,15,59,74
03031406,INTERNATIONAL ACADEMY OF DESIGN AND TECH,WA,98188-3319,Proprietary  ,75,91,166,75,91,166
03065000,CLARE'S BEAUTY COLLEGE                  ,WA,99301-5505,Proprietary  ,7,13,20,7,13,20
03071800,ITT TECHNICAL INSTITUTE                 ,WA,99216-1589,Proprietary  ,58,111,169,58,111,169
03099000,CORTIVA INSTITUTE - SEATTLE             ,WA,98109-5474,Proprietary  ,34,94,128,34,94,128
03139500,MONTESSORI SCHOOLS OF WASHINGTON        ,WA,98203-6600,Private      ,0,3,3,0,3,3
03280300,SEATTLE INST OF ORIENTAL MEDICINE       ,WA,98115-0000,Proprietary  ,5,21,26,5,21,26
03283300,NORTHWEST HVAC/R ASSOCIATION & TRAINING ,WA,99202-2125,Private      ,5,28,33,5,28,33
03361600,SEATTLE MIDWIFERY SCHOOL                ,WA,98144-0000,Private      ,2,49,51,2,49,51
03466400,MARS HILL GRADUATE SCHOOL               ,WA,98121-0000,Private      ,1,82,83,1,82,83
03483500,CASCADIA COMMUNITY COLLEGE              ,WA,98011-9510,Public       ,359,370,729,359,370,729
03490400,EMIL FRIES PIANO HOSPITAL & TRAININ     ,WA,98661-4323,Private      ,1,1,2,1,1,2
03689400,FAITH EVANGELICAL SEMINARY              ,WA,98407-2607,Private      ,3,47,50,3,47,50
03707500,CHETTA'S ACADEMY OF HAIR AND NAILS      ,WA,98362-4310,Proprietary  ,0,3,3,0,3,3
03724300,DIGIPEN INSTITUTE OF TECHNOLOGY         ,WA,98052-5170,Proprietary  ,430,152,582,430,152,582
03917300,EVERGREEN BEAUTY AND BARBER COLLEGE     ,WA,98208-3759,Proprietary  ,10,28,38,10,28,38
03932500,TOTAL COSMETOLOGY TRAINING CENTER       ,WA,99217-6231,Proprietary  ,10,29,39,10,29,39
03953300,YAKIMA BEAUTY SCHOOL;BEAUTYWORKS        ,WA,98901-2202,Proprietary  ,11,13,24,11,13,24
04043400,ALPINE COLLEGE                          ,WA,99206-5097,Proprietary  ,14,88,102,14,88,102
04120000,SUNNYSIDE BEAUTY ACADEMY                ,WA,98944-8711,Proprietary  ,1,5,6,1,5,6
04127200,VICTORIA'S ACADEMY OF COSMETOLOGY       ,WA,99336-3826,Proprietary  ,18,22,40,18,22,40
04130500,PACIFIC NORTHWEST UNIV OF HEALTH SCIENCE,WA,98901-1471,Private      ,7,137,144,7,137,144
04130800,CASCADE BEAUTY COLLEGE                  ,WA,98002-5504,Proprietary  ,5,8,13,5,8,13
04132800,INLAND MASSAGE INSTITUTE                ,WA,99208-5923,Proprietary  ,2,18,20,2,18,20
00340100,BROWN UNIVERSITY                        ,RI,02912-9127,Private      ,16223,394,16617,16223,394,16617
00340101,BROWN UNIVERSITY - GRADUATE SCHOOL      ,RI,02912-1827,Private      ,28,1363,1391,28,1363,1391
00340102,BROWN MEDICAL SCHOOL                    ,RI,02912-0000,Private      ,13,318,331,13,318,331
00340200,BRYANT UNIVERSITY                       ,RI,02917-1284,Private      ,5049,265,5314,5049,265,5314
00340400,JOHNSON & WALES UNIVERSITY              ,RI,02903-3703,Private      ,14161,2268,16429,14161,2268,16429
00340600,PROVIDENCE COLLEGE                      ,RI,02918-0001,Private      ,6635,356,6991,6635,356,6991
00340700,RHODE ISLAND COLLEGE                    ,RI,02908-1991,Public       ,6141,2264,8405,6141,2264,8405
00340800,COMMUNITY COLLEGE OF RI - WARWICK       ,RI,02906-0000,Public       ,2852,2682,5534,2852,2682,5534
00340801,COMMUNITY COLLEGE OF RI - LINCOLN       ,RI,02865-4585,Public       ,1203,1040,2243,1203,1040,2243
00340802,COMMUNITY COLLEGE OF RI- PROVIDENCE     ,RI,02905-2313,Public       ,1050,1286,2336,1050,1286,2336
00340900,RHODE ISLAND SCHOOL OF DESIGN           ,RI,02903-2784,Private      ,2331,1249,3580,2331,1249,3580
00341000,ROGER WILLIAMS UNIVERSITY               ,RI,02809-2921,Private      ,7132,1256,8388,7132,1256,8388
00341100,SALVE REGINA UNIVERSITY                 ,RI,02840-4192,Private      ,4274,212,4486,4274,212,4486
00341400,UNIVERSITY OF RHODE ISLAND              ,RI,02881-0000,Public       ,16591,2309,18900,16591,2309,18900
00659100,ST. JOSEPH HOSP SCH OF NURSING          ,RI,02904-5199,Private      ,44,101,145,44,101,145
00784400,GIBBS COLLEGE                           ,RI,02920-7807,Proprietary  ,27,75,102,27,75,102
00784500,NEW ENGLAND INSTITUTE OF TECHNOLOGY     ,RI,02886-2266,Private      ,1669,1076,2745,1669,1076,2745
01115900,"SAWYER SCHOOL,THE                       ",RI,02860-4117,Proprietary  ,99,474,573,99,474,573
02071900,ARTHUR ANGELO SCH COSMET&HAIR DSGN      ,RI,02903-0000,Proprietary  ,53,97,150,53,97,150
02176900,WARWICK ACADEMY OF BEAUTY CULTURE       ,RI,02886-1534,Proprietary  ,33,76,109,33,76,109
02584400,NEW ENGLAND TRACTOR TRAILER TRAINING SCH,RI,02860-1752,Proprietary  ,2,13,15,2,13,15
03080000,NEWPORT SCHOOL OF HAIRDRESSING          ,RI,02860-4038,Proprietary  ,4,36,40,4,36,40
03232300,LINCOLN TECHNICAL INSTITUTE             ,RI,02865-4211,Proprietary  ,187,246,433,187,246,433
03570500,ZION BIBLE COLLEGE                      ,RI,02806-1246,Private      ,55,34,89,55,34,89
03732300,INTERNATIONAL YACHT RESTORATION SCH     ,RI,02840-6720,Private      ,8,10,18,8,10,18
00341700,ALLEN UNIVERSITY                        ,SC,29204-1085,Private      ,452,190,642,452,190,642
00341800,ANDERSON UNIVERSITY                     ,SC,29621-4035,Private      ,1211,256,1467,1211,256,1467
00341900,CHARLESTON SOUTHERN UNIVERSITY          ,SC,29406-2160,Private      ,2235,651,2886,2235,651,2886
00342000,BENEDICT COLLEGE                        ,SC,29204-1086,Private      ,2035,549,2584,2035,549,2584
00342100,BOB JONES UNIVERSITY                    ,SC,29614-1000,Proprietary  ,1180,113,1293,1180,113,1293
00342200,SOUTHERN WESLEYAN UNIVERSITY            ,SC,29630-1020,Private      ,574,550,1124,574,550,1124
00342300,THE CITADEL                             ,SC,29409-0002,Public       ,1569,344,1913,1569,344,1913
00342400,CLAFLIN UNIVERSITY                      ,SC,29115-4498,Private      ,1287,316,1603,1287,316,1603
00342500,CLEMSON UNIVERSITY                      ,SC,29634-0001,Public       ,12478,1687,14165,12478,1687,14165
00342600,UNIV OF SC AT SUMTER                    ,SC,29150-2498,Public       ,294,188,482,294,188,482
00342700,COKER COLLEGE                           ,SC,29550-3797,Private      ,551,333,884,551,333,884
00342800,COLLEGE OF CHARLESTON                   ,SC,29424-0100,Public       ,6633,1032,7665,6633,1032,7665
00342900,COLUMBIA INTERNATIONAL UNIVERSITY       ,SC,29203-1599,Private      ,285,296,581,285,296,581
00343000,COLUMBIA COLLEGE                        ,SC,29203-5998,Private      ,719,369,1088,719,369,1088
00343100,CONVERSE COLLEGE                        ,SC,29302-0006,Private      ,432,246,678,432,246,678
00343200,ERSKINE COLLEGE                         ,SC,29639-0000,Private      ,472,15,487,472,15,487
00343201,ERSKINE THEOLOGICAL SEMINARY            ,SC,29639-0000,Private      ,4,35,39,4,35,39
00343400,FURMAN UNIVERSITY                       ,SC,29613-5253,Private      ,2709,130,2839,2709,130,2839
00343500,LANDER UNIVERSITY                       ,SC,29649-2099,Public       ,2174,406,2580,2174,406,2580
00343600,LIMESTONE COLLEGE                       ,SC,29340-3799,Private      ,662,1044,1706,662,1044,1706
00343700,LUTHERAN THEOLOGICAL SOUTHERN SEM       ,SC,29203-5898,Private      ,1,44,45,1,44,45
00343800,MEDICAL UNIV OF SOUTH CAROLINA - FA     ,SC,29425-1760,Public       ,122,1952,2074,122,1952,2074
00343900,MORRIS COLLEGE                          ,SC,29150-3599,Private      ,653,195,848,653,195,848
00344000,NEWBERRY COLLEGE                        ,SC,29108-2197,Private      ,1153,133,1286,1153,133,1286
00344100,NORTH GREENVILLE COLLEGE                ,SC,29688-1892,Private      ,1138,108,1246,1138,108,1246
00344500,PRESBYTERIAN COLLEGE                    ,SC,29325-2503,Private      ,1053,24,1077,1053,24,1077
00344600,SOUTH CAROLINA STATE UNIVERSITY         ,SC,29117-4427,Public       ,3184,916,4100,3184,916,4100
00344700,SPARTANBURG METHODIST COLLEGE           ,SC,29301-5899,Private      ,595,68,663,595,68,663
00344800,UNIVERSITY OF SOUTH CAROLINA            ,SC,29208-3999,Public       ,12945,4928,17873,12945,4928,17873
00344900,UNIVERSITY OF SOUTH CAROLINA AIKEN      ,SC,29801-6399,Public       ,1728,497,2225,1728,497,2225
00345000,UNIV OF SC AT BEAUFORT                  ,SC,29902-4602,Public       ,550,330,880,550,330,880
00345100,COASTAL CAROLINA UNIVERSITY             ,SC,29528-0000,Public       ,6778,859,7637,6778,859,7637
00345300,UNIV OF SC AT LANCASTER                 ,SC,29721-0889,Public       ,366,187,553,366,187,553
00345400,UNIV OF SC SYSTEM SALKEHATCHIE          ,SC,29810-0617,Public       ,142,159,301,142,159,301
00345500,VOORHEES COLLEGE                        ,SC,29042-0000,Private      ,309,108,417,309,108,417
00345600,WINTHROP UNIVERSITY                     ,SC,29733-0001,Public       ,3890,819,4709,3890,819,4709
00345700,WOFFORD COLLEGE                         ,SC,29303-3663,Private      ,1641,60,1701,1641,60,1701
00399000,FLORENCE-DARLINGTON TECH COLLEGE        ,SC,29501-0548,Public       ,797,1397,2194,797,1397,2194
00399100,GREENVILLE TECHNICAL COLLEGE            ,SC,29607-2439,Public       ,2055,3401,5456,2055,3401,5456
00399200,PIEDMONT TECHNICAL COLLEGE              ,SC,29648-1467,Public       ,542,943,1485,542,943,1485
00399300,MIDLANDS TECHNICAL COLLEGE              ,SC,29202-0000,Public       ,1782,3221,5003,1782,3221,5003
00399400,SPARTANBURG COMMUNITY COLLEGE           ,SC,29305-4386,Public       ,903,1524,2427,903,1524,2427
00399500,CENTRAL CAROLINA TECHNICAL COLLEGE      ,SC,29150-2499,Public       ,292,898,1190,292,898,1190
00399600,YORK TECHNICAL COLLEGE                  ,SC,29730-3395,Public       ,666,1365,2031,666,1365,2031
00492000,TRIDENT TECHNICAL COLLEGE               ,SC,29423-8067,Public       ,1429,2838,4267,1429,2838,4267
00492300,CLINTON JR COLLEGE                      ,SC,29730-5152,Private      ,30,14,44,30,14,44
00492400,FORREST JUNIOR COLLEGE                  ,SC,29624-2405,Proprietary  ,2,15,17,2,15,17
00492500,HORRY-GEORGETOWN TECH COLLEGE           ,SC,29526-9521,Public       ,945,2005,2950,945,2005,2950
00492600,TRI-COUNTY TECHNICAL COLLEGE            ,SC,29670-9133,Public       ,1148,1093,2241,1148,1093,2241
00492700,UNIV OF SC AT UNION                     ,SC,29379-0729,Public       ,98,77,175,98,77,175
00536300,DENMARK TECHNICAL COLLEGE               ,SC,29042-0000,Public       ,161,161,322,161,161,322
00681500,ORANGEBURG-CALHOUN TECHNICAL COLG       ,SC,29118-8299,Public       ,296,570,866,296,570,866
00695100,UNIVERSITY OF SOUTH CAROLINA UPSTATE    ,SC,29303-9972,Public       ,2657,935,3592,2657,935,3592
00760200,NORTHEASTERN TECHNICAL COLLEGE          ,SC,29520-7015,Public       ,116,267,383,116,267,383
00922600,FRANCIS MARION UNIVERSITY               ,SC,29501-0000,Public       ,2727,637,3364,2727,637,3364
00932200,WILLIAMSBURG TECHNICAL COLLEGE          ,SC,29556-4197,Public       ,93,174,267,93,174,267
00991000,TECHNICAL COLLEGE OF THE LOWCOUNTRY     ,SC,29902-5441,Public       ,167,557,724,167,557,724
00991100,UNIV OF SC-REGIONAL CAMPUSES ADMIN      ,SC,29208-0001,Public       ,88,29,117,88,29,117
01005600,AIKEN TECHNICAL COLLEGE                 ,SC,29802-0696,Public       ,518,979,1497,518,979,1497
01209200,KENNETH SHULER SCHOOL OF COSMETOLOGY    ,SC,29732-2169,Proprietary  ,7,9,16,7,9,16
01303907,SOUTH UNIVERSITY                        ,SC,29203-6400,Proprietary  ,132,594,726,132,594,726
02063700,SHERMAN CLG STRAIGHT CHIROPRACTIC       ,SC,29316-0000,Private      ,4,99,103,4,99,103
02189800,NO AMER INST OF AVIATION OF SO CAR      ,SC,29527-0000,Proprietary  ,1,1,2,1,1,2
02338600,CHARZANNE BEAUTY COLLEGE                ,SC,29649-0000,Proprietary  ,0,5,5,0,5,5
02341100,KENNETH SHULER SCHOOL OF COSMETOLOGY & N,SC,29210-0000,Proprietary  ,11,42,53,11,42,53
02356600,CHARLESTON COSMETOLOGY INSTITUTE        ,SC,29420-0000,Proprietary  ,6,15,21,6,15,21
02552400,ACADEMY OF HAIR TECHNOLOGY              ,SC,29615-2363,Proprietary  ,5,9,14,5,9,14
02567600,SUMTER BEAUTY COLLEGE                   ,SC,29150-0000,Proprietary  ,5,25,30,5,25,30
02614202,MILLER - MOTTE TECHNICAL COLLEGE - NORTH,SC,29406-9239,Proprietary  ,72,331,403,72,331,403
03010614,VIRGINIA COLLEGE - GOLF ACADEMY OF AMERI,SC,29579-0000,Proprietary  ,64,71,135,64,71,135
03052300,KENNETH SHULER SCH COSM & HAIR DESG     ,SC,29841-2013,Proprietary  ,9,13,22,9,13,22
03088300,ACADEMY OF COSMETOLOGY                  ,SC,29418-5667,Proprietary  ,6,10,16,6,10,16
03293300,STRAND COLLEGE OF HAIR DESIGN           ,SC,29572-4310,Proprietary  ,5,16,21,5,16,21
03304300,CENTURA COLLEGE                         ,SC,29406-9235,Proprietary  ,18,99,117,18,99,117
03513300,LACY COSMETOLOGY SCHOOL                 ,SC,29803-9084,Proprietary  ,3,12,15,3,12,15
03513301,LACY COSMETOLOGY SCHOOL -               ,SC,29072-0000,Proprietary  ,3,8,11,3,8,11
03513302,LACY COSMETOLOGY SCHOOL -               ,SC,29445-0000,Proprietary  ,2,7,9,2,7,9
03595300,CHARLESTON SCHOOL OF MASSAGE            ,SC,29412-8270,Proprietary  ,3,11,14,3,11,14
03746300,LEGRAND INSTITUTE OF COSMETOLOGY        ,SC,29020-0000,Proprietary  ,7,9,16,7,9,16
03746400,SOUTHEASTERN INSTITUTE                  ,SC,29210-0000,Proprietary  ,21,44,65,21,44,65
03768400,STYLETRENDS BARBER AND HAIRSTYLING ACADE,SC,29730-4511,Proprietary  ,5,10,15,5,10,15
03856400,W. L. BONNER COLLEGE                    ,SC,29203-0000,Private      ,3,16,19,3,16,19
03892300,HARLEY'S BEAUTY & BARBER CAREER INST.   ,SC,29204-1919,Proprietary  ,3,20,23,3,20,23
04096300,CHARLESTON SCHOOL OF LAW                ,SC,29402-0535,Proprietary  ,5,684,689,5,684,689
00345800,AUGUSTANA COLLEGE                       ,SD,57197-0001,Private      ,1220,76,1296,1220,76,1296
00345900,BLACK HILLS STATE UNIVERSITY            ,SD,57799-9670,Public       ,1249,595,1844,1249,595,1844
00346100,DAKOTA WESLEYAN UNIVERSITY              ,SD,57301-4398,Private      ,443,143,586,443,143,586
00346300,DAKOTA STATE UNIVERSITY                 ,SD,57042-1799,Public       ,690,197,887,690,197,887
00346500,MOUNT MARTY COLLEGE                     ,SD,57078-3724,Private      ,336,174,510,336,174,510
00346600,NORTHERN STATE UNIVERSITY               ,SD,57401-7198,Public       ,1120,310,1430,1120,310,1430
00346700,PRESENTATION COLLEGE                    ,SD,57401-1299,Private      ,202,215,417,202,215,417
00346900,UNIVERSITY OF SIOUX FALLS               ,SD,57105-1699,Private      ,1055,198,1253,1055,198,1253
00347000,SOUTH DAKOTA SCH OF MINES & TECH        ,SD,57701-3995,Public       ,930,209,1139,930,209,1139
00347100,SOUTH DAKOTA STATE UNIVERSITY           ,SD,57007-2298,Public       ,4421,1058,5479,4421,1058,5479
00347400,UNIVERSITY OF SOUTH DAKOTA              ,SD,57069-2390,Public       ,2456,1646,4102,2456,1646,4102
00405600,SIOUX FALLS SEMINARY                    ,SD,57105-2729,Private      ,1,21,22,1,21,22
00405700,NATIONAL AMERICAN UNIVERSITY            ,SD,57701-3692,Proprietary  ,70,920,990,70,920,990
00405707,NATIONAL AMERICAN UNIVERSITY            ,SD,57105-0000,Proprietary  ,12,110,122,12,110,122
00492900,MCKENNAN HOSP-RADOLOGICAL TECH          ,SD,57101-0000,Private      ,10,8,18,10,8,18
00530900,LAKE AREA TECHNICAL INSTITUTE           ,SD,57201-2869,Public       ,392,145,537,392,145,537
00598700,AVERA SACRED HEART HOSPITAL SCHOOL OF RA,SD,57078-3899,Private      ,4,3,7,4,3,7
00776400,SOUTHEAST TECHNICAL INST                ,SD,57107-0000,Public       ,517,350,867,517,350,867
00828400,MITCHELL TECHNICAL INSTITUTE            ,SD,57301-2002,Public       ,282,135,417,282,135,417
01013800,STEWART SCHOOL                          ,SD,57104-0000,Proprietary  ,28,17,45,28,17,45
01014804,COLORADO TECHNICAL UNIVERSITY           ,SD,57108-2272,Proprietary  ,135,480,615,135,480,615
01017000,WESTERN DAKOTA TECHNICAL INSTITUTE      ,SD,57701-4018,Public       ,167,254,421,167,254,421
01147701,SIOUX VALLEY HOSP-MEDICAL TECH          ,SD,57117-5039,Private      ,10,6,16,10,6,16
01465900,OGLALA LAKOTA COLLEGE                   ,SD,57752-0490,Public       ,43,186,229,43,186,229
02137100,BLACK HILLS BEAUTY COLLEGE              ,SD,57701-0000,Proprietary  ,21,12,33,21,12,33
02143700,SINTE GLESKA UNIVERSITY                 ,SD,57570-0000,Public       ,21,112,133,21,112,133
02144600,KILIAN COMMUNITY COLLEGE                ,SD,57103-7020,Private      ,20,63,83,20,63,83
02277300,SISSETON WAHPETON COLLEGE               ,SD,57262-0000,Public       ,1,12,13,1,12,13
02297800,HEADLINES ACADEMY                       ,SD,57701-0000,Proprietary  ,8,27,35,8,27,35
00347700,AQUINAS COLLEGE                         ,TN,37205-2086,Private      ,161,364,525,161,364,525
00347701,AQUINAS COLLEGE -  PRIMETIME PROGRAM    ,TN,37214-3644,Private      ,8,88,96,8,88,96
00347800,AUSTIN PEAY STATE UNIVERSITY            ,TN,37044-0002,Public       ,3996,2836,6832,3996,2836,6832
00347900,BELMONT UNIVERSITY                      ,TN,37212-3757,Private      ,4299,1416,5715,4299,1416,5715
00348000,BETHEL UNIVERSITY                       ,TN,38201-1705,Private      ,888,1184,2072,888,1184,2072
00348100,CARSON-NEWMAN COLLEGE                   ,TN,37760-2204,Private      ,2418,338,2756,2418,338,2756
00348200,CHRISTIAN BROTHERS UNIVERSITY           ,TN,38104-5581,Private      ,1675,692,2367,1675,692,2367
00348300,COLUMBIA STATE COMMUNITY COLLEGE        ,TN,38401-5653,Public       ,1425,1055,2480,1425,1055,2480
00348500,CUMBERLAND UNIVERSITY                   ,TN,37087-3554,Private      ,986,340,1326,986,340,1326
00348600,LIPSCOMB UNIVERSITY                     ,TN,37204-3951,Private      ,2115,610,2725,2115,610,2725
00348700,EAST TENNESSEE STATE UNIV - MAIN CAMPUS ,TN,37614-2857,Public       ,6694,3336,10030,6694,3336,10030
00348701,EAST TENNESSEE STATE UNIV - MEDICINE    ,TN,37614-1708,Public       ,144,252,396,144,252,396
00348709,EAST TENNESSEE STATE UNIV - PHARMACY    ,TN,37614-1704,Public       ,45,212,257,45,212,257
00349000,FISK UNIVERSITY                         ,TN,37208-3045,Private      ,862,200,1062,862,200,1062
00349200,FREED-HARDEMAN UNIVERSITY               ,TN,38340-2399,Private      ,1303,365,1668,1303,365,1668
00349500,JOHNSON BIBLE COLLEGE                   ,TN,37998-9775,Private      ,428,161,589,428,161,589
00349600,KING COLLEGE                            ,TN,37620-2699,Private      ,904,427,1331,904,427,1331
00349800,LAMBUTH UNIVERSITY                      ,TN,38301-5296,Private      ,892,223,1115,892,223,1115
00349900,LANE COLLEGE                            ,TN,38301-4598,Private      ,2127,680,2807,2127,680,2807
00350000,LEE UNIVERSITY                          ,TN,37320-0000,Private      ,2429,575,3004,2429,575,3004
00350100,LEMOYNE-OWEN COLLEGE                    ,TN,38126-6510,Private      ,629,584,1213,629,584,1213
00350200,LINCOLN MEMORIAL UNIVERSITY             ,TN,37752-7920,Private      ,1134,1453,2587,1134,1453,2587
00350400,MARTIN METHODIST COLLEGE                ,TN,38478-2799,Private      ,615,285,900,615,285,900
00350500,MARYVILLE COLLEGE                       ,TN,37804-5907,Private      ,1567,132,1699,1567,132,1699
00350600,MEHARRY MEDICAL COLLEGE                 ,TN,37208-0000,Private      ,26,844,870,26,844,870
00350700,MEMPHIS COLLEGE OF ART                  ,TN,38104-2764,Private      ,381,93,474,381,93,474
00350900,UNIVERSITY OF MEMPHIS (THE)             ,TN,38152-4611,Public       ,10529,8357,18886,10529,8357,18886
00351000,MIDDLE TENNESSEE STATE UNIV             ,TN,37130-0000,Public       ,12655,4620,17275,12655,4620,17275
00351100,MILLIGAN COLLEGE                        ,TN,37682-4001,Private      ,871,294,1165,871,294,1165
00351700,SOUTHERN COLLEGE OF OPTOMETRY           ,TN,38104-2222,Private      ,6,485,491,6,485,491
00351800,SOUTHERN ADVENTIST UNIVERSITY           ,TN,37315-0370,Private      ,1450,316,1766,1450,316,1766
00351900,RHODES COLLEGE                          ,TN,38112-1690,Private      ,2124,156,2280,2124,156,2280
00352200,TENNESSEE STATE UNIVERSITY              ,TN,37209-1561,Public       ,7048,3445,10493,7048,3445,10493
00352201,TENNESSEE STATE UNIVERSITY - AVON WILLIA,TN,37203-3401,Public       ,205,106,311,205,106,311
00352300,TENNESSEE TECHNOLOGICAL UNIV            ,TN,38505-0001,Public       ,6039,1623,7662,6039,1623,7662
00352400,TENNESSEE TEMPLE UNIVERSITY             ,TN,37404-3587,Private      ,284,153,437,284,153,437
00352500,TENNESSEE WESLEYAN COLLEGE              ,TN,37371-0040,Private      ,922,311,1233,922,311,1233
00352600,TREVECCA NAZARENE UNIVERSITY            ,TN,37210-2877,Private      ,844,804,1648,844,804,1648
00352700,TUSCULUM COLLEGE                        ,TN,37743-0001,Private      ,1738,1056,2794,1738,1056,2794
00352800,UNION UNIVERSITY                        ,TN,38305-3697,Private      ,1877,957,2834,1877,957,2834
00352900,UNIVERSITY OF TENNESSEE-CHATTANOOGA     ,TN,37403-2598,Public       ,7839,1864,9703,7839,1864,9703
00353000,UNIVERSITY OF TENNESSEE-KNOXVILLE       ,TN,37996-0150,Public       ,16812,5002,21814,16812,5002,21814
00353006,UNIVERSITY OF TENNESSEE-HEALTH SCI CTR  ,TN,38103-0000,Public       ,197,1797,1994,197,1797,1994
00353100,UNIVERSITY OF TENNESSEE-MARTIN          ,TN,38238-0002,Public       ,5174,1534,6708,5174,1534,6708
00353400,UNIVERSITY OF THE SOUTH                 ,TN,37383-1000,Private      ,1483,54,1537,1483,54,1537
00353500,VANDERBILT UNIVERSITY                   ,TN,37240-0001,Private      ,10978,4344,15322,10978,4344,15322
00353501,VANDERBILT UNIV MED CTR ALLIEDHEAL      ,TN,37232-5510,Private      ,29,124,153,29,124,153
00353502,VANDERBILT UNIV - SCH OF MED            ,TN,37232-0000,Private      ,74,799,873,74,799,873
00353600,BRYAN COLLEGE                           ,TN,37321-7000,Private      ,754,224,978,754,224,978
00399800,CHATTANOOGA STATE COMMUNITY COLLEGE     ,TN,37406-1097,Public       ,2032,2410,4442,2032,2410,4442
00399900,CLEVELAND STATE COMMUNITY COLLEGE       ,TN,37312-2858,Public       ,1034,1021,2055,1034,1021,2055
00402500,TN TECHNOLOGY CTR AT KNOXVILLE          ,TN,37919-2327,Public       ,144,468,612,144,468,612
00402600,TENNESSEE TECH. CNTR AT CROSSVILLE      ,TN,38555-4142,Public       ,153,246,399,153,246,399
00461700,NATIONAL COLLEGE OF BUSINESS & TECH     ,TN,37211-6605,Proprietary  ,87,881,968,87,881,968
00493400,DRAUGHONS JR CLG OF BUSINESS            ,TN,37217-1056,Proprietary  ,76,668,744,76,668,744
00493700,JACKSON STATE COMMUNITY COLLEGE         ,TN,38301-3797,Public       ,1629,1761,3390,1629,1761,3390
00493800,SOUTH COLLEGE                           ,TN,37909-3323,Proprietary  ,183,575,758,183,575,758
00494700,WEST TENNESSEE BUSINESS COLLEGE         ,TN,38301-3256,Proprietary  ,38,224,262,38,224,262
00528000,TN TECHNOLOGY CTR AT COVINGTON          ,TN,38019-0249,Public       ,52,94,146,52,94,146
00528100,TN TECHNOLOGY CTR AT ELIZABETHTON       ,TN,37643-0789,Public       ,125,352,477,125,352,477
00528200,TN TECHNOLOGY CTR AT HARTSVILLE         ,TN,37074-0000,Public       ,104,156,260,104,156,260
00528300,TN TECHNOLOGY CTR AT NEWBERN            ,TN,38059-1198,Public       ,73,201,274,73,201,274
00530700,TN TECHNOLOGY CTR AT MCMINNVILLE        ,TN,37110-1322,Public       ,87,224,311,87,224,311
00535100,TENNESSEE TECHNOLOGY CENTER AT MORRISTOW,TN,37813-2094,Public       ,236,448,684,236,448,684
00535200,TN TECHNOLOGY CENTER AT MCKENZIE        ,TN,38201-1620,Public       ,87,225,312,87,225,312
00535300,TN TECHNOLOGY CENTER AT LIVINGSTON      ,TN,38570-0219,Public       ,126,183,309,126,183,309
00535400,TN TECHNOLOGY CTR AT JACKSON            ,TN,38301-0000,Public       ,242,640,882,242,640,882
00535600,TENNESSEE TECHNOLOGY CENTER AT HOHENWALD,TN,38462-0000,Public       ,122,171,293,122,171,293
00535700,TENNESSEE TECHNOLOGY CENTER AT CRUMP    ,TN,38327-3402,Public       ,142,262,404,142,262,404
00535800,TN TECHNOLOGY CENTER AT ATHENS          ,TN,37371-0848,Public       ,141,226,367,141,226,367
00535900,TENNESSEE TECHNOLOGY CENTER AT NASHVILLE,TN,37209-0000,Public       ,156,372,528,156,372,528
00536000,TENNESSEE TECHNOLOGY CENTER AT MEMPHIS  ,TN,38105-3604,Public       ,295,711,1006,295,711,1006
00537800,NORTHEAST STATE TECH CMNTY COLG         ,TN,37617-0246,Public       ,1568,1730,3298,1568,1730,3298
00537900,TN TECHNOLOGY CTR AT SHELBYVILLE        ,TN,37160-3697,Public       ,148,372,520,148,372,520
00683500,DYERSBURG STATE COMMUNITY COLLEGE       ,TN,38024-0000,Public       ,1009,1225,2234,1009,1225,2234
00683600,MOTLOW STATE COMMUNITY COLLEGE          ,TN,37388-7972,Public       ,1217,958,2175,1217,958,2175
00743900,FOUNTAINHEAD COLLEGE OF TECHNOLOGY      ,TN,37918-2583,Proprietary  ,42,115,157,42,115,157
00744000,NASHVILLE AUTO DIESEL COLLEGE           ,TN,37206-3298,Proprietary  ,1247,327,1574,1247,327,1574
00778200,TENNESSEE TECHNOLOGY CENTER AT DICKSON  ,TN,37055-0000,Public       ,144,258,402,144,258,402
00778300,MIDDLE TENNESSEE SCH OF ANESTHESIA      ,TN,37116-0417,Private      ,14,97,111,14,97,111
00814500,NASHVILLE STATE TECH CMNTY COLLEGE      ,TN,37209-0000,Public       ,1118,1931,3049,1118,1931,3049
00865500,GENESIS CAREER COLLEGE OF COOKEVILLE    ,TN,38501-1959,Proprietary  ,3,11,14,3,11,14
00885900,JOHN A GUPTON COLLEGE                   ,TN,37203-2934,Private      ,54,60,114,54,60,114
00886300,WALTERS STATE COMMUNITY COLLEGE         ,TN,37813-6899,Public       ,2225,1678,3903,2225,1678,3903
00946400,TN TECHNOLOGY CTR AT PULASKI            ,TN,38478-4541,Public       ,38,98,136,38,98,136
00956700,TENNESSEE SCHOOL OF BEAUTY              ,TN,37921-3303,Proprietary  ,48,83,131,48,83,131
00971000,TENNESSEE TECHNOLOGY CENTER AT ONEIDA/HU,TN,37756-4149,Public       ,41,95,136,41,95,136
00991200,VOLUNTEER STATE COMMUNITY COLLEGE       ,TN,37066-3188,Public       ,1770,1607,3377,1770,1607,3377
00991400,ROANE STATE COMMUNITY COLLEGE           ,TN,37748-8664,Public       ,1894,1468,3362,1894,1468,3362
00998200,CRICHTON COLLEGE                        ,TN,38111-4745,Private      ,146,532,678,146,532,678
01021700,INTERNATIONAL ACADEMY OF DESIGN & TECH  ,TN,37212-0000,Proprietary  ,205,202,407,205,202,407
01032600,TN TECHNOLOGY CTR AT HARRIMAN           ,TN,37748-1109,Public       ,64,126,190,64,126,190
01043900,SOUTHWEST TENNESSEE COMMUNITY COLLG     ,TN,38104-3322,Public       ,2978,4785,7763,2978,4785,7763
01044700,"PLAZA BEAUTY SCHOOL, INC.               ",TN,38117-4822,Proprietary  ,13,27,40,13,27,40
01046000,AMERICAN BAPTIST THEOLOGICAL SEMINA     ,TN,37207-4994,Private      ,6,51,57,6,51,57
01052900,MEMPHIS THEOLOGICAL SEMINARY            ,TN,38104-0000,Private      ,1,67,68,1,67,68
01070000,TN TECHNOLOGY CENTER AT JACKSBORO       ,TN,37757-2461,Public       ,70,131,201,70,131,201
01155300,WM R MOORE COLLEGE OF TECHNOLOGY        ,TN,38104-0000,Private      ,22,43,65,22,43,65
01216400,TENNESSEE TECHNICAL CNTR AT RIPLEY      ,TN,38063-7359,Public       ,31,157,188,31,157,188
01254700,EMMANUEL SCHOOL OF RELIGION             ,TN,37601-0000,Private      ,1,20,21,1,20,21
01269300,PELLISSIPPI STATE COMMUNITY COLLEGE     ,TN,37933-0990,Public       ,2407,1627,4034,2407,1627,4034
02092800,TENNESSEE TECHNOLOGY CENTER AT WHITEVILL,TN,38075-0000,Public       ,73,133,206,73,133,206
02103500,TN TECHNOLOGY CTR AT MURFREESBORO       ,TN,37129-0000,Public       ,95,173,268,95,173,268
02106400,O'MORE COLLEGE OF DESIGN                ,TN,37064-0000,Private      ,93,20,113,93,20,113
02125300,NASHVILLE CLG OF MEDICAL CAREERS        ,TN,37115-0000,Proprietary  ,12,58,70,12,58,70
02153100,JON NAVE UNIVERSITY OF COSMETOLOGY      ,TN,37013-3347,Proprietary  ,23,31,54,23,31,54
02157100,CONCORDE CAREER COLLEGE                 ,TN,38137-0000,Proprietary  ,94,409,503,94,409,503
02188300,PENTECOSTAL THEOLOGICAL SEMINARY        ,TN,37320-0000,Private      ,1,43,44,1,43,44
02204200,"CHATTANOOGA COLLEGE - MEDICAL, DENTAL AN",TN,37411-0000,Proprietary  ,24,101,125,24,101,125
02237900,TN TECHNOLOGY CENTER AT PARIS           ,TN,38242-0000,Public       ,57,284,341,57,284,341
02257400,ARNOLD'S BEAUTY SCHOOL                  ,TN,38358-0000,Proprietary  ,10,10,20,10,10,20
02263104,HIGH-TECH INSTITUTE - NASHVILLE         ,TN,37214-2531,Proprietary  ,23,44,67,23,44,67
02275500,REUBEN-ALLEN COLLEGE                    ,TN,37922-0000,Proprietary  ,15,17,32,15,17,32
02278700,MR WAYNES SCH OF UNISEX HAIR DESIGN     ,TN,38501-0000,Proprietary  ,4,7,11,4,7,11
02293900,VOLUNTEER BEAUTY ACADEMY-NASHVILLE      ,TN,37115-2112,Proprietary  ,4,12,16,4,12,16
02294000,VOLUNTEER BEAUTY ACADEMY-DYERSBURG      ,TN,38024-1622,Proprietary  ,3,9,12,3,9,12
02326200,KAPLAN CAREER INSTITUTE                 ,TN,37217-1342,Proprietary  ,59,341,400,59,341,400
02326202,KAPLAN CAREER INSTITUTE - THOMPSON LANE ,TN,37204-3692,Proprietary  ,8,44,52,8,44,52
02326300,MEDVANCE INSTITUTE                      ,TN,38501-4305,Proprietary  ,32,61,93,32,61,93
02335900,VOLUNTEER BEAUTY ACADEMY-NASHVILLE      ,TN,37209-3033,Proprietary  ,5,18,23,5,18,23
02359800,ITT TECHNICAL INSTITUTE                 ,TN,37214-3717,Proprietary  ,187,289,476,187,289,476
02498000,NEW WAVE HAIR ACADEMY                   ,TN,38128-0000,Proprietary  ,13,18,31,13,18,31
02539800,QUEEN CITY COLLEGE                      ,TN,37042-0000,Proprietary  ,10,45,55,10,45,55
02540000,TENNESSEE ACADEMY OF COSMETOLOGY        ,TN,38133-0000,Proprietary  ,16,30,46,16,30,46
02578200,NOSSI COLLEGE OF ART                    ,TN,37072-0000,Proprietary  ,129,155,284,129,155,284
02595000,FAYETTEVILLE BEAUTY SCHOOL              ,TN,37334-2909,Proprietary  ,5,4,9,5,4,9
02597600,NEW WAVE HAIR ACADEMY                   ,TN,38301-3812,Proprietary  ,10,7,17,10,7,17
02599710,VATTEROTT COLLEGE - MEMPHIS             ,TN,38132-1714,Proprietary  ,36,162,198,36,162,198
02605501,REMINGTON COLLEGE - MEMPHIS CAMPUS      ,TN,38132-0000,Proprietary  ,143,511,654,143,511,654
02609204,VATTEROTT COLLEGE - VATTEROTT CAREER COL,TN,38133-4727,Proprietary  ,20,66,86,20,66,86
02614200,MILLER MOTTE BUSINESS COLLEGE           ,TN,37040-6023,Proprietary  ,35,193,228,35,193,228
02614203,MILLER - MOTTE TECHNICAL COLLEGE - CHATT,TN,37421-7220,Proprietary  ,85,349,434,85,349,434
02614204,MILLER - MOTTE TECHNICAL COLLEGE - GOODL,TN,37072-1870,Proprietary  ,25,117,142,25,117,142
03001800,FREE WILL BAPTIST BIBLE COLLEGE         ,TN,37205-2498,Private      ,112,44,156,112,44,156
03008800,FRANKLIN ACADEMY                        ,TN,37312-3939,Private      ,5,3,8,5,3,8
03010606,VIRGINIA COLLEGE - SCH OF BUSNSS & HLTH ,TN,37411-5600,Proprietary  ,14,115,129,14,115,129
03012500,NEW WAVE HAIR ACADEMY                   ,TN,38111-4253,Proprietary  ,17,28,45,17,28,45
03024900,TENNESSEE ACADEMY OF COSMETOLOGY        ,TN,38125-3442,Proprietary  ,15,15,30,15,15,30
03061100,GENESIS CAREER COLLEGE OF LEBANON       ,TN,37087-2718,Proprietary  ,5,8,13,5,8,13
03073400,ITT TECHNICAL INSTITUTE                 ,TN,37932-3343,Proprietary  ,183,401,584,183,401,584
03076405,HIGH-TECH INSTITUTE - MEMPHIS           ,TN,38134-7345,Proprietary  ,27,77,104,27,77,104
03079100,NORTH CENTRAL INSTITUTE                 ,TN,37042-3116,Proprietary  ,7,10,17,7,10,17
03088800,WATKINS INSTITUTE COLLEGE OF ART & DESIG,TN,37228-1306,Private      ,299,127,426,299,127,426
03126900,STYLES & PROFILES BEAUTY COLLEGE        ,TN,38375-2109,Proprietary  ,0,1,1,0,1,1
03149300,NEW DIRECTIONS HAIR ACADEMY             ,TN,37209-0000,Proprietary  ,9,14,23,9,14,23
03355400,RICHMONT GRADUATE UNIVERSITY            ,TN,37404-0000,Private      ,3,44,47,3,44,47
03440300,BAPTIST MEMORIAL COLLEGE OF HEALTH      ,TN,38104-3104,Private      ,509,853,1362,509,853,1362
03480303,MEDVANCE INSTITUTE - NASHVILLE          ,TN,37203-1536,Proprietary  ,27,67,94,27,67,94
03513500,WILLIAMSON CHRISTIAN COLLEGE            ,TN,37067-8237,Private      ,2,9,11,2,9,11
03647300,NEW CONCEPTS SCHOOL OF COSMETOLOGY      ,TN,37311-7373,Proprietary  ,4,5,9,4,5,9
03683300,INTERNATIONAL BARBER & STYLE COLLEGE    ,TN,37209-0000,Proprietary  ,9,28,37,9,28,37
03701300,MEMPHIS INSTITUTE OF BARBERING          ,TN,38107-4334,Proprietary  ,9,46,55,9,46,55
03774400,SHEAR ACADEMY                           ,TN,38555-4177,Proprietary  ,3,8,11,3,8,11
03830300,SAE INSTITUTE OF TECHNOLOGY             ,TN,37203-4310,Proprietary  ,67,63,130,67,63,130
03841300,CAREER BEAUTY COLLEGE                   ,TN,38464-3634,Proprietary  ,2,3,5,2,3,5
03920300,INSTITUTE OF HAIR DESIGN                ,TN,38310-1801,Proprietary  ,7,7,14,7,7,14
03930300,BUCHANAN BEAUTY COLLEGE                 ,TN,37160-2741,Proprietary  ,0,20,20,0,20,20
03982300,VISIBLE SCHOOL - MUSIC AND WORSHIPS ARTS,TN,38104-5814,Private      ,36,11,47,36,11,47
04025300,LAST MINUTE CUTS SCHOOL OF BARBERING AND,TN,38109-7709,Proprietary  ,5,14,19,5,14,19
04035300,NAVE COSMETOLOGY ACADEMY                ,TN,38401-6335,Proprietary  ,10,18,28,10,18,28
04124100,ELITE COLLEGE OF COSMETOLOGY            ,TN,38351-1431,Proprietary  ,5,12,17,5,12,17
00353700,ABILENE CHRISTIAN UNIVERSITY            ,TX,79699-3701,Private      ,2356,445,2801,2356,445,2801
00353900,ALVIN COMMUNITY COLLEGE                 ,TX,77511-4807,Public       ,243,472,715,243,472,715
00354000,AMARILLO COLLEGE                        ,TX,79109-2446,Public       ,867,1503,2370,867,1503,2370
00354100,ANGELO STATE UNIVERSITY                 ,TX,76909-5069,Public       ,3566,912,4478,3566,912,4478
00354300,AUSTIN COLLEGE                          ,TX,75090-4440,Private      ,1316,70,1386,1316,70,1386
00354400,AUSTIN PRESBYTERIAN THEOLOGICAL SEM     ,TX,78705-5797,Private      ,0,40,40,0,40,40
00354500,BAYLOR UNIVERSITY                       ,TX,76798-1458,Private      ,13800,2520,16320,13800,2520,16320
00354600,COASTAL BEND COLLEGE                    ,TX,78102-2197,Public       ,517,556,1073,517,556,1073
00354900,BLINN COLLEGE                           ,TX,77833-4098,Public       ,3473,1037,4510,3473,1037,4510
00355300,CISCO JUNIOR COLLEGE                    ,TX,76437-9803,Public       ,588,501,1089,588,501,1089
00355400,CLARENDON COLLEGE                       ,TX,79226-0000,Public       ,162,76,238,162,76,238
00355600,COMMONWEALTH INST OF FUNERAL SVC        ,TX,77090-5918,Private      ,17,28,45,17,28,45
00355700,CONCORDIA UNIVERSITY TEXAS              ,TX,78726-4141,Private      ,637,476,1113,637,476,1113
00355800,NORTH CENTRAL TEXAS COLLEGE             ,TX,76240-4699,Public       ,694,890,1584,694,890,1584
00356000,DALLAS BAPTIST UNIVERSITY               ,TX,75211-9299,Private      ,1211,1116,2327,1211,1116,2327
00356100,CEDAR VALLEY COLLEGE                    ,TX,75134-0000,Public       ,513,849,1362,513,849,1362
00356200,DALLAS THEOLOGICAL SEM                  ,TX,75204-0000,Private      ,11,191,202,11,191,202
00356300,DEL MAR COLLEGE                         ,TX,78404-3897,Public       ,1424,1786,3210,1424,1786,3210
00356400,EAST TEXAS BAPTIST UNIVERSITY           ,TX,75670-1423,Private      ,665,103,768,665,103,768
00356500,TEXAS A&M UNIVERSITY - COMMERCE         ,TX,75429-3011,Public       ,2136,1970,4106,2136,1970,4106
00356600,EPISCOPAL THEOL SEM OF THE STHWST       ,TX,78768-0000,Private      ,0,5,5,0,5,5
00356800,FRANK PHILLIPS COLLEGE                  ,TX,79008-0000,Public       ,103,109,212,103,109,212
00357000,GRAYSON COUNTY COLLEGE                  ,TX,75020-8299,Public       ,408,698,1106,408,698,1106
00357100,HARDIN-SIMMONS UNIVERSITY               ,TX,79698-6050,Private      ,1301,357,1658,1301,357,1658
00357200,TRINITY VALLEY COMMUNITY COLLEGE        ,TX,75751-2734,Public       ,588,882,1470,588,882,1470
00357300,HILL COLLEGE                            ,TX,76645-2711,Public       ,241,242,483,241,242,483
00357301,HILL COLLEGE                            ,TX,76031-0000,Public       ,155,356,511,155,356,511
00357400,HOWARD COLLEGE                          ,TX,79720-0213,Public       ,420,546,966,420,546,966
00357500,HOWARD PAYNE UNIVERSITY                 ,TX,76801-2715,Private      ,766,136,902,766,136,902
00357600,HOUSTON BAPTIST UNIVERSITY              ,TX,77074-3298,Private      ,2566,791,3357,2566,791,3357
00357700,HUSTON - TILLOTSON UNIVERSITY           ,TX,78702-2795,Private      ,408,183,591,408,183,591
00357800,UNIVERSITY OF THE INCARNATE WORD        ,TX,78209-6398,Private      ,2521,1694,4215,2521,1694,4215
00357900,JACKSONVILLE COLLEGE                    ,TX,75766-4759,Private      ,59,29,88,59,29,88
00358000,KILGORE COLLEGE                         ,TX,75662-3299,Public       ,907,886,1793,907,886,1793
00358100,LAMAR UNIVERSITY-BEAUMONT               ,TX,77710-0042,Public       ,3441,1678,5119,3441,1678,5119
00358200,LAREDO COMMUNITY COLLEGE                ,TX,78040-4395,Public       ,1856,1111,2967,1856,1111,2967
00358300,LEE COLLEGE                             ,TX,77520-4796,Public       ,345,749,1094,345,749,1094
00358400,LETOURNEAU UNIVERSITY                   ,TX,75607-0000,Private      ,1064,890,1954,1064,890,1954
00358500,LON MORRIS COLLEGE                      ,TX,75766-2900,Private      ,294,44,338,294,44,338
00358600,LUBBOCK CHRISTIAN UNIVERSITY            ,TX,79407-2099,Private      ,576,354,930,576,354,930
00358800,UNIVERSITY OF MARY HARDIN-BAYLOR        ,TX,76513-2599,Private      ,2179,499,2678,2179,499,2678
00359000,MCLENNAN COMMUNITY COLLEGE              ,TX,76708-1498,Public       ,1215,1581,2796,1215,1581,2796
00359100,MCMURRY UNIVERSITY                      ,TX,79697-0001,Private      ,961,215,1176,961,215,1176
00359200,MIDWESTERN STATE UNIVERSITY             ,TX,76308-2099,Public       ,1914,927,2841,1914,927,2841
00359300,NAVARRO COLLEGE                         ,TX,75110-4818,Public       ,1084,975,2059,1084,975,2059
00359400,UNIVERSITY OF NORTH TEXAS               ,TX,76203-1370,Public       ,12749,6726,19475,12749,6726,19475
00359500,OBLATE SCHOOL OF THEOLOGY               ,TX,78216-0000,Private      ,2,9,11,2,9,11
00359600,ODESSA COLLEGE                          ,TX,79764-7127,Public       ,415,625,1040,415,625,1040
00359800,OUR LADY OF THE LAKE UNIVERSITY         ,TX,78207-4689,Private      ,1121,901,2022,1121,901,2022
00359900,UNIVERSITY OF TEXAS - PAN AMERICAN      ,TX,78541-2999,Public       ,8934,3863,12797,8934,3863,12797
00360000,PANOLA COLLEGE                          ,TX,75633-2397,Public       ,246,277,523,246,277,523
00360100,PARIS JR COLLEGE                        ,TX,75460-6298,Public       ,539,647,1186,539,647,1186
00360200,PAUL QUINN COLLEGE                      ,TX,75241-4398,Private      ,146,215,361,146,215,361
00360300,RANGER COLLEGE                          ,TX,76470-3298,Public       ,131,87,218,131,87,218
00360400,RICE UNIVERSITY                         ,TX,77251-1892,Private      ,6810,1112,7922,6810,1112,7922
00360600,SAM HOUSTON STATE UNIVERSITY            ,TX,77340-0000,Public       ,7410,2408,9818,7410,2408,9818
00360700,ALAMO CMTY CLG DISTRICT PROGRAM         ,TX,78207-0000,Public       ,166,191,357,166,191,357
00360800,ST PHILLIPS COLLEGE                     ,TX,78203-2098,Public       ,1258,2071,3329,1258,2071,3329
00360900,SAN JACINTO CLG-CENTRAL-NORTH-SOUTH     ,TX,77501-0000,Public       ,1702,2085,3787,1702,2085,3787
00361000,SCHREINER UNIVERSITY                    ,TX,78028-5697,Private      ,814,173,987,814,173,987
00361100,SOUTH PLAINS COLLEGE                    ,TX,79336-6504,Public       ,1519,1249,2768,1519,1249,2768
00361200,UNIV OF HOUSTON-DOWNTOWN                ,TX,77002-1001,Public       ,2705,3263,5968,2705,3263,5968
00361300,SOUTHERN METHODIST UNIVERSITY           ,TX,75275-0181,Private      ,4331,2518,6849,4331,2518,6849
00361400,SOUTHWEST TEXAS JR COLLEGE              ,TX,78801-6221,Public       ,804,704,1508,804,704,1508
00361500,TEXAS STATE UNIVERSITY--SAN MARCOS      ,TX,78666-4602,Public       ,14497,5989,20486,14497,5989,20486
00361600,SOUTHWESTERN ASSEMBLIES OF GOD UNIV     ,TX,75165-2397,Private      ,597,314,911,597,314,911
00361700,SOUTHWESTERN BAPTIST THEOL SEMINARY     ,TX,76122-0000,Private      ,15,59,74,15,59,74
00361800,SOUTHWESTERN CHRISTIAN COLLEGE          ,TX,75160-3400,Private      ,50,18,68,50,18,68
00361900,SOUTHWESTERN ADVENTIST UNIVERSITY       ,TX,76059-1922,Private      ,249,115,364,249,115,364
00362000,SOUTHWESTERN UNIVERSITY                 ,TX,78626-6111,Private      ,1873,114,1987,1873,114,1987
00362100,ST EDWARDS UNIVERSITY                   ,TX,78704-0000,Private      ,3255,1175,4430,3255,1175,4430
00362300,ST MARY'S UNIV OF SAN ANTONIO           ,TX,78228-8500,Private      ,2735,1520,4255,2735,1520,4255
00362400,STEPHEN F AUSTIN STATE UNIVERSITY       ,TX,75962-0001,Public       ,6747,1398,8145,6747,1398,8145
00362500,SUL ROSS STATE UNIVERSITY               ,TX,79832-0113,Public       ,702,487,1189,702,487,1189
00362600,TARRANT COUNTY COLLEGE                  ,TX,76102-6599,Public       ,3972,5686,9658,3972,5686,9658
00362700,TEMPLE COLLEGE                          ,TX,76504-7435,Public       ,712,1192,1904,712,1192,1904
00362800,TEXARKANA COLLEGE                       ,TX,75599-0001,Public       ,562,626,1188,562,626,1188
00363000,PRAIRIE VIEW A&M UNIVERSITY             ,TX,77446-2967,Public       ,5246,1734,6980,5246,1734,6980
00363100,TARLETON STATE UNIVERSITY               ,TX,76402-0000,Public       ,2958,1833,4791,2958,1833,4791
00363200,TEXAS A&M UNIVERSITY                    ,TX,77842-0000,Public       ,22645,3854,26499,22645,3854,26499
00363204,TEXAS A&M UNIVERSITY - GALVESTON        ,TX,77553-1675,Public       ,135,35,170,135,35,170
00363400,TEXAS STATE TECHNICAL CLG AT WACO       ,TX,76705-1695,Public       ,846,661,1507,846,661,1507
00363500,TEXAS CHIROPRACTIC COLLEGE              ,TX,77505-1699,Private      ,7,155,162,7,155,162
00363600,TEXAS CHRISTIAN UNIVERSITY              ,TX,76129-0001,Private      ,6313,1415,7728,6313,1415,7728
00363700,JARVIS CHRISTIAN COLLEGE                ,TX,75765-1470,Private      ,180,75,255,180,75,255
00363800,TEXAS COLLEGE                           ,TX,75702-4500,Private      ,293,173,466,293,173,466
00363900,TEXAS A&M UNIVERSITY-KINGSVILLE         ,TX,78363-8203,Public       ,3290,1635,4925,3290,1635,4925
00364100,TEXAS LUTHERAN UNIVERSITY               ,TX,78155-5999,Private      ,1081,104,1185,1081,104,1185
00364200,TEXAS SOUTHERN UNIVERSITY               ,TX,77004-4598,Public       ,4219,3859,8078,4219,3859,8078
00364300,TEXAS SOUTHMOST COLLEGE                 ,TX,78520-4992,Public       ,102,115,217,102,115,217
00364400,TEXAS TECH UNIVERSITY                   ,TX,79409-0000,Public       ,12356,3786,16142,12356,3786,16142
00364500,TEXAS WESLEYAN UNIVERSITY               ,TX,76105-1536,Private      ,586,1807,2393,586,1807,2393
00364600,TEXAS WOMAN'S UNIVERSITY                ,TX,76204-5587,Public       ,3222,4551,7773,3222,4551,7773
00364700,TRINITY UNIVERSITY                      ,TX,78212-7200,Private      ,2671,224,2895,2671,224,2895
00364800,TYLER JUNIOR COLLEGE                    ,TX,75701-3436,Public       ,2165,1576,3741,2165,1576,3741
00365100,UNIVERSITY OF DALLAS                    ,TX,75062-4799,Private      ,1367,421,1788,1367,421,1788
00365200,UNIVERSITY OF HOUSTON                   ,TX,77204-2010,Public       ,14925,9669,24594,14925,9669,24594
00365400,UNIVERSITY OF ST THOMAS                 ,TX,77006-4626,Private      ,948,400,1348,948,400,1348
00365600,UNIVERSITY OF TEXAS-ARLINGTON           ,TX,76019-0000,Public       ,10130,8354,18484,10130,8354,18484
00365800,UNIVERSITY OF TEXAS-AUSTIN              ,TX,78713-7758,Public       ,30138,12357,42495,30138,12357,42495
00365900,UT HEALTH CENTER-SAN ANTONIO            ,TX,78229-3900,Public       ,321,1550,1871,321,1550,1871
00366100,UNIVERSITY OF TEXAS-EL PASO             ,TX,79968-0629,Public       ,6999,4357,11356,6999,4357,11356
00366200,VICTORIA COLLEGE (THE)                  ,TX,77901-4494,Public       ,396,653,1049,396,653,1049
00366300,WAYLAND BAPTIST UNIVERSITY              ,TX,79072-6998,Private      ,423,801,1224,423,801,1224
00366400,WEATHERFORD COLLEGE                     ,TX,76086-5699,Public       ,624,639,1263,624,639,1263
00366500,WEST TEXAS A&M UNIVERSITY               ,TX,79016-0000,Public       ,2407,1093,3500,2407,1093,3500
00366800,WHARTON COUNTY JR COLLEGE               ,TX,77488-3298,Public       ,612,538,1150,612,538,1150
00366900,WILEY COLLEGE                           ,TX,75670-5199,Private      ,308,171,479,308,171,479
00400300,CENTRAL TEXAS COLLEGE                   ,TX,76540-4199,Public       ,671,2702,3373,671,2702,3373
00407221,NORTHWOOD UNIVERSITY                    ,TX,75104-0000,Private      ,274,250,524,274,250,524
00445300,EL CENTRO COLLEGE                       ,TX,75202-0000,Public       ,875,1779,2654,875,1779,2654
00481102,EVEREST INSTITUTE - EVEREST COLLEGE     ,TX,76011-6750,Proprietary  ,18,53,71,18,53,71
00494800,TEXAS A&M UNIV SYSTEM HEALTH SCI CT     ,TX,77840-7896,Public       ,333,789,1122,333,789,1122
00494900,BAYLOR COLLEGE OF MEDICINE              ,TX,77030-0000,Private      ,147,822,969,147,822,969
00495100,UNIV OF TEXAS HEALTH SCIENCE CENTER     ,TX,77225-0000,Public       ,198,1464,1662,198,1464,1662
00495200,UNIV OF TEXAS MEDICAL BRANCH            ,TX,77550-0000,Public       ,85,970,1055,85,970,1055
00497200,GALVESTON COLLEGE                       ,TX,77550-7447,Public       ,164,299,463,164,299,463
00497700,SOUTH TEXAS COLLEGE OF LAW              ,TX,77002-0000,Private      ,16,1136,1152,16,1136,1152
00520307,REMINGTON COLLEGE - DALLAS CAMPUS       ,TX,75041-9935,Proprietary  ,40,57,97,40,57,97
00660600,BAPTIST HS SCHOOL OF HEALTH PROFESSIONS ,TX,78229-3234,Proprietary  ,43,284,327,43,284,327
00661200,COVENANT SCH OF NSG & ALLIED HEALTH     ,TX,79410-0000,Private      ,32,92,124,32,92,124
00666100,ANGELINA COLLEGE                        ,TX,75902-0000,Public       ,612,657,1269,612,657,1269
00694100,DALLAS CHRISTIAN COLLEGE                ,TX,75234-7229,Private      ,85,81,166,85,81,166
00709600,COLLEGE OF THE MAINLAND                 ,TX,77591-2499,Public       ,207,450,657,207,450,657
00728700,BRAZOSPORT COLLEGE                      ,TX,77566-3199,Public       ,238,303,541,238,303,541
00732907,ITT TECHNICAL INSTITUTE                 ,TX,77063-3751,Proprietary  ,49,95,144,49,95,144
00754805,WESTWOOD COLLEGE OF TECHNOLOGY          ,TX,77074-0000,Proprietary  ,129,149,278,129,149,278
00758602,REMINGTON COLLEGE - FORT WORTH CAMPUS   ,TX,76112-1280,Proprietary  ,47,142,189,47,142,189
00835300,LINCOLN COLLEGE OF TECHNOLOGY           ,TX,75052-0000,Proprietary  ,130,151,281,130,151,281
00849800,MIMS CLASSIC BEAUTY COLLEGE             ,TX,78216-0000,Proprietary  ,4,9,13,4,9,13
00850300,MOUNTAIN VIEW COLLEGE                   ,TX,75211-6599,Public       ,792,1219,2011,792,1219,2011
00850400,RICHLAND COLLEGE                        ,TX,75243-2199,Public       ,1094,1441,2535,1094,1441,2535
00851000,EASTFIELD COLLEGE                       ,TX,75150-2099,Public       ,849,1351,2200,849,1351,2200
00907905,EVEREST COLLEGE                         ,TX,75206-5209,Proprietary  ,49,240,289,49,240,289
00908200,INTERNATIONAL BUSINESS COLLEGE          ,TX,79903-0000,Proprietary  ,30,44,74,30,44,74
00916300,SAN ANTONIO COLLEGE                     ,TX,78212-4299,Public       ,3333,4290,7623,3333,4290,7623
00922500,TEXAS STATE TECHNICAL COLLEGE  HARLINGEN,TX,78550-3697,Public       ,1173,783,1956,1173,783,1956
00946600,KAPLAN CAREER INSTITUTE                 ,TX,78216-1899,Proprietary  ,67,395,462,67,395,462
00946607,SAN ANT COL OF MED & DENTAL - MCALLEN   ,TX,78503-1622,Proprietary  ,102,291,393,102,291,393
00946609,CAREER CENTERS OF TX - CORPUS CHRISTI   ,TX,78416-9900,Proprietary  ,41,293,334,41,293,334
00946610,KAPLAN CAREER INSTITUTE - CAREER CENTERS,TX,76103-2310,Proprietary  ,20,145,165,20,145,165
00954900,WESTERN TEXAS COLLEGE                   ,TX,79549-9501,Public       ,216,88,304,216,88,304
00965100,TEXAS A&M INTERNATIONAL UNIVERSITY      ,TX,78041-1900,Public       ,2568,1060,3628,2568,1060,3628
00974100,UNIVERSITY OF TEXAS AT DALLAS           ,TX,75083-0000,Public       ,4294,2993,7287,4294,2993,7287
00976800,UNIVERSITY OF NORTH TEXAS HEALTH SCIENCE,TX,76107-2699,Public       ,68,859,927,68,859,927
00979700,MIDLAND COLLEGE                         ,TX,79705-6397,Public       ,485,607,1092,485,607,1092
00982802,EVEREST INSTITUTE- AUSTIN               ,TX,78754-0000,Proprietary  ,27,71,98,27,71,98
00993000,UNIVERSITY OF TEXAS-PERMIAN BASIN       ,TX,79762-0001,Public       ,644,542,1186,644,542,1186
00993200,TEXAS STATE TECH CLG-WEST TEXAS         ,TX,79556-4108,Public       ,208,181,389,208,181,389
00993201,TEXAS STATE TECH COLLEGE-ABILENE        ,TX,79601-0000,Public       ,53,95,148,53,95,148
00993204,TEXAS STATE TECH CLG-BRECKENRIDGE       ,TX,76424-0000,Public       ,11,34,45,11,34,45
00993205,TEXAS STATE TECH COLLEGE-BROWNWOOD      ,TX,76801-0000,Public       ,29,70,99,29,70,99
01001900,UNIV OF TEXAS SOUTHWESTERN MED CTR      ,TX,75390-9096,Public       ,91,985,1076,91,985,1076
01005700,AMERICAN COMMERCIAL COLLEGE             ,TX,79602-1399,Proprietary  ,5,27,32,5,27,32
01005900,AMERICAN COMMERCIAL COLLEGE             ,TX,79761-0000,Proprietary  ,2,21,23,2,21,23
01005901,AMERICAN COMMERCIAL COLLEGE - AMERICAN C,TX,76310-2303,Proprietary  ,2,33,35,2,33,35
01006000,VERNON COLLEGE                          ,TX,76384-4092,Public       ,332,644,976,332,644,976
01011500,UNIVERSITY OF TEXAS-SAN ANTONIO         ,TX,78249-0600,Public       ,14975,6528,21503,14975,6528,21503
01013000,WADE COLLEGE                            ,TX,75207-3199,Proprietary  ,42,62,104,42,62,104
01038700,EL PASO COMMUNITY COLLEGE               ,TX,79998-0000,Public       ,5363,4760,10123,5363,4760,10123
01050900,HALLMARK COLLEGE OF AERONAUTICS         ,TX,78214-0000,Proprietary  ,27,157,184,27,157,184
01062400,CENTRAL TEXAS COMMERCIAL COLLEGE        ,TX,75231-5033,Proprietary  ,5,16,21,5,16,21
01063300,HOUSTON COMMUNITY COLLEGE               ,TX,77002-0000,Public       ,4872,8578,13450,4872,8578,13450
01067400,TEXAS TECH U HEALTH SCIENCES CENTER     ,TX,79430-0000,Public       ,344,1290,1634,344,1290,1634
01076100,DALLAS INSTITUTE OF FUNERAL SERVICE     ,TX,75227-4314,Private      ,15,49,64,15,49,64
01114500,LONE STAR COLLEGE SYSTEM                ,TX,77073-3499,Public       ,1617,2405,4022,1617,2405,4022
01114501,LONE STAR COLLEGE-KINGWOOD              ,TX,77339-0000,Public       ,385,689,1074,385,689,1074
01114502,LONE STAR COLLEGE-TOMBALL               ,TX,77375-0000,Public       ,332,526,858,332,526,858
01114503,LONE STAR COLLEGE-MONTGOMERY            ,TX,77384-0000,Public       ,511,878,1389,511,878,1389
01114504,LONE STAR COLLEGE-CY-FAIR               ,TX,77433-1383,Public       ,713,932,1645,713,932,1645
01116100,TEXAS A&M UNIV CORPUS CHRISTI           ,TX,78412-5599,Public       ,4471,1686,6157,4471,1686,6157
01116300,UNIVERSITY OF TEXAS AT TYLER            ,TX,75799-6699,Public       ,1934,1259,3193,1934,1259,3193
01171100,UNIVERSITY OF HOUSTON-CLEAR LAKE        ,TX,77058-1002,Public       ,685,2016,2701,685,2016,2701
01201500,AUSTIN COMMUNITY COLLEGE                ,TX,78752-4390,Public       ,4760,6244,11004,4760,6244,11004
01202000,VICTORIA BEAUTY COLLEGE                 ,TX,77901-6233,Proprietary  ,7,8,15,7,8,15
01226800,BALDWIN BEAUTY SCHOOL #5                ,TX,78704-4785,Proprietary  ,18,49,67,18,49,67
01229700,LAREDO BEAUTY COLLEGE                   ,TX,78040-1051,Proprietary  ,13,26,39,13,26,39
01248200,ATI TECHNICAL TRAINING CENTER           ,TX,75235-4622,Proprietary  ,61,481,542,61,481,542
01248209,ATI CAREER TRAINING CENTER - GARLAND    ,TX,75041-2497,Proprietary  ,6,11,17,6,11,17
01248300,COSMETOLOGY CAREER CENTER               ,TX,75006-2566,Proprietary  ,23,35,58,23,35,58
01248800,INTERNATIONAL BEAUTY COLLEGE NO 3       ,TX,75040-0000,Proprietary  ,5,16,21,5,16,21
01276400,METROPLEX BEAUTY SCHOOL                 ,TX,75149-0000,Proprietary  ,3,10,13,3,10,13
01293000,CHARLES & SUE'S SCH OF HAIR DESIGN      ,TX,77801-0000,Proprietary  ,7,10,17,7,10,17
01293200,TINT SCHOOL OF MAKEUP & COSMETOLOGY     ,TX,75061-4235,Proprietary  ,2,5,7,2,5,7
01300300,NEILSON BEAUTY COLLEGE                  ,TX,75208-4637,Proprietary  ,5,25,30,5,25,30
01301600,OGLE SCHOOL HAIR SKIN NAILS             ,TX,76013-7400,Proprietary  ,17,32,49,17,32,49
01323100,UNIVERSITY OF HOUSTON-VICTORIA          ,TX,77901-5731,Public       ,149,757,906,149,757,906
02058600,CONLEE'S COLLEGE OF COSMETOLOGY         ,TX,78028-0000,Proprietary  ,3,4,7,3,4,7
02069302,VATTEROTT COLLEGE - VATTEROTT EDUCATION ,TX,75220-5441,Proprietary  ,5,22,27,5,22,27
02074100,CAPITOL CITY TRADE & TECHNICAL SCH      ,TX,78704-0000,Proprietary  ,36,37,73,36,37,73
02077400,NORTH LAKE COLLEGE                      ,TX,75038-0000,Public       ,655,894,1549,655,894,1549
02078100,STEPHENVILLE BEAUTY COLLEGE             ,TX,76401-0000,Proprietary  ,1,3,4,1,3,4
02081400,ARLINGTON BAPTIST COLLEGE               ,TX,76012-0000,Private      ,26,41,67,26,41,67
02093600,SOUTHWEST SCHOOL OF ELECTRONIC          ,TX,78735-0000,Proprietary  ,8,10,18,8,10,18
02098300,WESTERN TECHNICAL COLLEGE               ,TX,79927-2105,Proprietary  ,109,56,165,109,56,165
02100200,BROOKHAVEN COLLEGE                      ,TX,75244-0000,Public       ,563,1125,1688,563,1125,1688
02113610,AMERICAN INTERCONTINENTAL UNIV - HOUSTON,TX,77042-4516,Proprietary  ,43,199,242,43,199,242
02116008,SANFORD-BROWN COLLEGE - HOUSTON         ,TX,77036-8507,Proprietary  ,45,212,257,45,212,257
02116012,SANFORD-BROWN INSTITUTE - HOUSTON NORTH ,TX,77008-1058,Proprietary  ,33,127,160,33,127,160
02117100,ART INSTITUTE OF HOUSTON                ,TX,77056-0000,Proprietary  ,1168,897,2065,1168,897,2065
02119200,COURT REPORTING INSTITUTE OF DALLAS     ,TX,75247-6913,Proprietary  ,14,183,197,14,183,197
02119202,COURT REPORTING INSTIUTE OF HOUSTON     ,TX,77040-6315,Proprietary  ,10,166,176,10,166,176
02128302,INSTITUTE FOR BUSINESS & TECHNOLOGY - LA,TX,78230-2520,Proprietary  ,16,40,56,16,40,56
02136800,AMERICAN COMMERCIAL COLLEGE             ,TX,76904-0000,Proprietary  ,13,21,34,13,21,34
02144800,VET TECH INSTITUTE OF HOUSTON           ,TX,77027-9881,Proprietary  ,30,36,66,30,36,66
02176100,PIPO ACADEMY OF HAIR DESIGN             ,TX,79903-0000,Proprietary  ,3,5,8,3,5,8
02200800,AMERICAN COMMERCIAL COLLEGE             ,TX,79411-0000,Proprietary  ,8,26,34,8,26,34
02218300,SOUTHWEST SCHOOL OF BUSINESS & TECHNICAL,TX,78221-0000,Proprietary  ,5,29,34,5,29,34
02218305,SOUTHWEST SCHOOL OF BUSINESS AND TECHNIC,TX,78501-6053,Proprietary  ,7,9,16,7,9,16
02218306,SOUTHWEST SCHOOL OF BUSINESS AND TECHNIC,TX,78413-2045,Proprietary  ,7,15,22,7,15,22
02224600,TRI-STATE BEAUTY SCHOOL #1              ,TX,79915-0000,Proprietary  ,7,8,15,7,8,15
02230500,OGLE SCHOOL HAIR SKIN NAILS             ,TX,76132-3638,Proprietary  ,11,38,49,11,38,49
02230600,OGLE SCHOOL HAIR SKIN NAILS             ,TX,76053-4650,Proprietary  ,4,14,18,4,14,18
02239100,CENTRAL TEXAS BEAUTY COLLEGE #2         ,TX,78664-4204,Proprietary  ,2,10,12,2,10,12
02248200,MILAN INSTITUTE OF COSMETOLOGY          ,TX,79103-0000,Proprietary  ,77,239,316,77,239,316
02254800,TEXAS VOCATIONAL SCHOOLS                ,TX,77901-0000,Proprietary  ,4,8,12,4,8,12
02259400,AMBERTON UNIVERSITY                     ,TX,75041-0000,Private      ,8,70,78,8,70,78
02261300,EVEREST INSTITUTE                       ,TX,78213-3841,Proprietary  ,9,41,50,9,41,50
02261302,EVEREST INSTITUTE - HOUSTON GREENSPOINT ,TX,77060-3249,Proprietary  ,19,43,62,19,43,62
02261303,EVEREST INSTITUTE - HOUSTON HOBBY       ,TX,77087-2737,Proprietary  ,11,29,40,11,29,40
02267100,EXPOSITO SCHOOL OF HAIR DESIGN          ,TX,79109-0000,Proprietary  ,3,14,17,3,14,17
02276000,FRANKLIN BEAUTY SCHOOL #2               ,TX,77021-0000,Proprietary  ,7,18,25,7,18,25
02285900,UNIVERSITY OF COSMETOLOGY ARTS&SCI      ,TX,78504-0000,Proprietary  ,19,54,73,19,54,73
02294800,CAPITOL CITY CAREERS                    ,TX,78745-0000,Proprietary  ,6,21,27,6,21,27
02298501,EVEREST COLLEGE- FORT WORTH             ,TX,76137-2472,Proprietary  ,10,65,75,10,65,75
02305300,PARKER COLLEGE OF CHIROPRACTIC          ,TX,75229-0000,Private      ,23,611,634,23,611,634
02306700,FORT WORTH BEAUTY SCHOOL                ,TX,76116-3299,Proprietary  ,7,13,20,7,13,20
02312200,TEXAS SCHOOL OF BUSINESS                ,TX,77073-6032,Proprietary  ,43,167,210,43,167,210
02312201,TEXAS SCHOOL OF BUSINESS - SOUTHWEST CAM,TX,77057-0000,Proprietary  ,39,137,176,39,137,176
02312202,TEXAS SCHOOL OF BUSINESS - FRIENDSWOOD C,TX,77546-8938,Proprietary  ,12,101,113,12,101,113
02312203,TEXAS SCHOOL OF BUSINESS - EAST CAMPUS  ,TX,77029-1916,Proprietary  ,48,168,216,48,168,216
02313901,WESTWOOD COLLEGE - DALLAS               ,TX,75243-0000,Proprietary  ,202,374,576,202,374,576
02315400,NORTHEAST TEXAS COMMUNITY COLLEGE       ,TX,75456-0000,Public       ,330,317,647,330,317,647
02318200,"KD STUDIO, ACTOR'S CONSERVATORY         ",TX,75207-2111,Proprietary  ,29,35,64,29,35,64
02320200,HOUSTON GRADUATE SCHOOL OF THEOLOGY     ,TX,77004-0000,Private      ,1,38,39,1,38,39
02326000,SAN ANTONIO BEAUTY COLLEGE NO 3         ,TX,78217-0000,Proprietary  ,8,12,20,8,12,20
02328600,ITT TECHNICAL INSTITUTE                 ,TX,76011-0000,Proprietary  ,54,99,153,54,99,153
02331200,BAPTIST MISSIONARY ASSN THEOL SEM       ,TX,75766-0000,Private      ,2,4,6,2,4,6
02331300,INTERACTIVE LEARNING SYSTEMS            ,TX,77502-1201,Proprietary  ,0,5,5,0,5,5
02331301,INTERACTIVE LEARNING SYSTEMS            ,TX,77081-0000,Proprietary  ,2,9,11,2,9,11
02331303,INTERACTIVE LEARNING SYSTEMS            ,TX,77502-0000,Proprietary  ,1,4,5,1,4,5
02331304,INTERACTIVE LEARNING SYSTEMS            ,TX,77060-0000,Proprietary  ,2,9,11,2,9,11
02341300,PALO ALTO COLLEGE                       ,TX,78224-0000,Public       ,1364,1431,2795,1364,1431,2795
02348500,LAMAR STATE COLLEGE-PORT ARTHUR         ,TX,77640-0000,Public       ,217,321,538,217,321,538
02357700,ACADEMY OF HAIR DESIGN                  ,TX,77090-0000,Proprietary  ,13,21,34,13,21,34
02358200,LAMAR STATE COLLEGE-ORANGE              ,TX,77630-0000,Public       ,157,308,465,157,308,465
02361400,COLLIN COUNTY COMMUNITY COLLEGE         ,TX,75071-0000,Public       ,1502,1800,3302,1502,1800,3302
02362000,UNIVERSAL TECHNICAL INSTITUTE           ,TX,77073-0000,Proprietary  ,1769,786,2555,1769,786,2555
02362800,AUSTIN GRADUATE SCHOOL OF THEOLOGY      ,TX,78752-1333,Private      ,3,18,21,3,18,21
02521200,ARLINGTON CAREER INSTITUTE              ,TX,75050-0000,Proprietary  ,9,35,44,9,35,44
02521800,SEGUIN BEAUTY SCHOOL                    ,TX,78155-0000,Proprietary  ,2,7,9,2,7,9
02527500,HOUSTON TRAINING SCHOOLS                ,TX,77020-0000,Proprietary  ,5,18,23,5,18,23
02530700,SEBRING CAREER SCHOOLS                  ,TX,77083-1510,Proprietary  ,3,4,7,3,4,7
02539600,ART INSTITUTE OF DALLAS                 ,TX,75231-5993,Proprietary  ,875,613,1488,875,613,1488
02548800,SOUTH TEXAS VO-TECH INSTITUTE           ,TX,78596-0000,Proprietary  ,38,105,143,38,105,143
02548802,SOUTH TEXAS VOCATIONAL TECHNICAL INSTITU,TX,78520-8710,Proprietary  ,11,8,19,11,8,19
02549400,SOUTH TEXAS VO-TECH INSTITUTE           ,TX,78501-0000,Proprietary  ,64,132,196,64,132,196
02549402,SOUTH TEXAS VOCATIONAL TECHNICAL INSTITU,TX,78416-1141,Proprietary  ,14,6,20,14,6,20
02555400,UNIV OF TX MD ANDERSON CANCER CTR       ,TX,77030-0000,Public       ,34,83,117,34,83,117
02568100,TEXAS BARBER COLLEGES & HAIRSTYLING     ,TX,75208-0000,Proprietary  ,36,176,212,36,176,212
02569300,TEXAS CULINARY ACADEMY                  ,TX,78758-3403,Proprietary  ,441,1105,1546,441,1105,1546
02572000,COMPUTER CAREER CENTER                  ,TX,79925-2021,Proprietary  ,15,34,49,15,34,49
02572004,COMPUTER CAREER CENTER - AMARILLO CAMPUS,TX,79101-2404,Proprietary  ,4,21,25,4,21,25
02572005,COMPUTER CAREER CENTER - LUBBOCK CAMPUS ,TX,79414-3517,Proprietary  ,3,4,7,3,4,7
02572100,"CAREER ACADEMY, INC.                    ",TX,75501-0000,Proprietary  ,0,2,2,0,2,2
02580100,IVERSON BUSINESS SCH & COURT REPORT     ,TX,76011-1344,Proprietary  ,14,102,116,14,102,116
02591100,CAREER POINT INSTITUTE                  ,TX,78201-2027,Proprietary  ,57,364,421,57,364,421
02591900,CAREER CENTERS OF TEXAS - EL PASO       ,TX,79907-1525,Proprietary  ,100,233,333,100,233,333
02591905,CAREER CENTERS OF TEXAS-BROWNSVILLE     ,TX,78521-9905,Proprietary  ,63,135,198,63,135,198
02596400,REDSTONE COLLEGE - LOS ANGELES          ,TX,77061-0000,Proprietary  ,113,144,257,113,144,257
02596500,ATI CAREER TRAINING CENTER              ,TX,76180-1599,Proprietary  ,139,558,697,139,558,697
02596600,ATI-CAREER TRAINING CENTER              ,TX,75220-4443,Proprietary  ,70,361,431,70,361,431
02596601,ATI CAREER TRAINING CENTER - RICHARDSON ,TX,75081-6745,Proprietary  ,6,30,36,6,30,36
02596602,ATI CAREER TRAINING CENTER - DALLAS (STE,TX,75247-6103,Proprietary  ,18,51,69,18,51,69
02600200,OCEAN CORPORATION (THE)                 ,TX,77099-3479,Proprietary  ,34,105,139,34,105,139
02604700,CENTER FOR ADVANCED LEGAL STUDIES       ,TX,77098-4151,Proprietary  ,4,47,51,4,47,51
02606202,EVEREST COLLEGE - EVEREST INSTITUTE - BI,TX,77036-8014,Proprietary  ,23,53,76,23,53,76
02615000,SANFORD-BROWN INSTITUTE                 ,TX,75247-6931,Proprietary  ,95,495,590,95,495,590
03009400,SW SCH BUS & TECH CAREERS               ,TX,78212-2840,Proprietary  ,4,4,8,4,4,8
03010604,VIRGINIA COLLEGE - VIRGINIA COLLEGE AT A,TX,78723-0000,Proprietary  ,48,238,286,48,238,286
03011800,UNIVERSITY OF COSMETOLOGY ARTS & SCIENCE,TX,78226-1160,Proprietary  ,8,24,32,8,24,32
03019800,PCI HEALTH TRAINING CENTER              ,TX,75247-4720,Proprietary  ,31,104,135,31,104,135
03021500,SW SCH BUS & TECH CAREERS               ,TX,78852-4859,Proprietary  ,23,28,51,23,28,51
03025000,TEXAS COLLEGE OF COSMETOLOGY            ,TX,79605-2001,Proprietary  ,10,17,27,10,17,27
03026500,REMINGTON COLLEGE - HOUSTON CAMPUS      ,TX,77082-1849,Proprietary  ,82,268,350,82,268,350
03026501,REMINGTON COLLEGE - NORTH HOUSTON CAMPUS,TX,77067-1849,Proprietary  ,27,67,94,27,67,94
03028800,CIRCLE J BEAUTY SCHOOL                  ,TX,77587-3714,Proprietary  ,2,1,3,2,1,3
03031408,INTERNATIONAL ACADEMY OF DESIGN AND TECH,TX,78229-2263,Proprietary  ,64,122,186,64,122,186
03032300,SCHOOL OF AUTOMOTIVE MACHINISTS         ,TX,77055-1803,Proprietary  ,27,30,57,27,30,57
03035200,TINT SCHOOL OF MAKEUP & COSMETOLOGY     ,TX,75229-3734,Proprietary  ,6,5,11,6,5,11
03035300,SOUTHERN CAREERS INSTITUTE              ,TX,78704-5252,Proprietary  ,36,238,274,36,238,274
03035301,SOUTHERN CAREERS INSTITUTE              ,TX,78577-0000,Proprietary  ,21,108,129,21,108,129
03035302,SOUTHERN CAREERS INSTITUTE - CORPUS CHRI,TX,78414-2904,Proprietary  ,18,78,96,18,78,96
03035303,SOUTHERN CAREERS INSTITUTE - #1         ,TX,78221-4351,Proprietary  ,15,60,75,15,60,75
03061800,STAR COLLEGE OF COSMETOLOGY             ,TX,75702-8214,Proprietary  ,11,31,42,11,31,42
03064600,UNIVERSITY OF TEXAS AT BROWNSVILLE      ,TX,78520-4993,Public       ,3890,2729,6619,3890,2729,6619
03071400,ITT TECHNICAL INSTITUTE                 ,TX,78249-3303,Proprietary  ,67,78,145,67,78,145
03075400,ICC TECHNICAL INSTITUTE                 ,TX,77004-2930,Private      ,11,21,32,11,21,32
03076403,HIGH-TECH INSTITUTE - DALLAS            ,TX,75038-4201,Proprietary  ,16,31,47,16,31,47
03079201,WESTWOOD COLLEGE OF TECHNOLOGY          ,TX,76180-0000,Proprietary  ,54,181,235,54,181,235
03103400,SOUTH TEXAS COLLEGE                     ,TX,78501-6699,Public       ,4429,3055,7484,4429,3055,7484
03104700,TEXAS COLLEGE OF COSMETOLOGY            ,TX,76903-4708,Proprietary  ,2,9,11,2,9,11
03108700,ROYAL BEAUTY CAREERS                    ,TX,77069-4611,Proprietary  ,6,20,26,6,20,26
03111000,MID-CITIES BARBER COLLEGE               ,TX,75051-4810,Proprietary  ,5,8,13,5,8,13
03115800,TEXAS CAREERS                           ,TX,78238-4203,Proprietary  ,35,361,396,35,361,396
03115802,TEXAS CAREERS - LAREDO                  ,TX,78041-6181,Proprietary  ,33,100,133,33,100,133
03115803,TEXAS CAREERS - BEAUMONT                ,TX,77701-3706,Proprietary  ,28,132,160,28,132,160
03115804,TEXAS CAREERS - LUBBOCK                 ,TX,79401-2601,Proprietary  ,21,120,141,21,120,141
03128100,ACADEMY OF HEALTH CARE PROFESSIONS      ,TX,77092-8108,Proprietary  ,21,61,82,21,61,82
03144300,NATIONAL BEAUTY COLLEGE                 ,TX,75043-4046,Proprietary  ,1,1,2,1,1,2
03153300,AMER COLL OF ACUPUNCTURE & O.M.         ,TX,77063-4104,Proprietary  ,0,21,21,0,21,21
03156400,ACADEMY OF ORIENTAL MEDICINE AT AUSTIN  ,TX,78757-1132,Proprietary  ,3,51,54,3,51,54
03159300,ARLINGTON MEDICAL INSTITUTE             ,TX,76011-2645,Proprietary  ,18,46,64,18,46,64
03170300,TEXAS A&M UNIVERSITY-TEXARKANA          ,TX,75501-0000,Public       ,142,356,498,142,356,498
03179500,TEXAS COLG TRADITIONAL CHINESE MED      ,TX,78704-6748,Proprietary  ,0,46,46,0,46,46
03189400,COLLEGE OF SAINT THOMAS MORE            ,TX,76109-2323,Private      ,13,8,21,13,8,21
03237400,FARIS COMPUTER SCHOOL                   ,TX,77627-3829,Proprietary  ,1,0,1,1,0,1
03272300,KAPLAN COLLEGE                          ,TX,75234-7288,Proprietary  ,14,113,127,14,113,127
03272301,KAPLAN COLLEGE - MIDLAND                ,TX,79703-5531,Proprietary  ,25,157,182,25,157,182
03275300,TOUCH OF CLASS SCHOOL OF COSM           ,TX,75402-6314,Proprietary  ,2,9,11,2,9,11
03276300,ACADEMY OF HAIR DESIGN                  ,TX,75901-4900,Proprietary  ,1,12,13,1,12,13
03277300,ACADEMY OF HAIR DESIGN                  ,TX,77701-4650,Proprietary  ,4,5,9,4,5,9
03303300,NORTHWEST EDUCATIONAL CENTER            ,TX,77092-7055,Proprietary  ,3,11,14,3,11,14
03371300,TONI&GUY HAIRDRESSING ACADEMY           ,TX,75006-2351,Proprietary  ,28,28,56,28,28,56
03372300,NORTHWEST VISTA COLLEGE                 ,TX,78251-4217,Public       ,2134,1940,4074,2134,1940,4074
03396500,TEXAS STATE TECHNICAL COLG/MARSHALL     ,TX,75672-7402,Public       ,110,92,202,110,92,202
03400300,CAREER QUEST                            ,TX,78229-3539,Proprietary  ,4,57,61,4,57,61
03412300,ADVANCED BARBER COLLEGE & HAIR DESI     ,TX,78596-0000,Proprietary  ,1,3,4,1,3,4
03416500,DALLAS NURSING INSTITUTE                ,TX,75243-5502,Proprietary  ,42,310,352,42,310,352
03422300,MILAN INSTITUTE                         ,TX,78238-3327,Proprietary  ,84,158,242,84,158,242
03422400,COLLEGE OF BIBLICAL STUDIES-HOUSTON     ,TX,77036-3211,Private      ,17,130,147,17,130,147
03424400,MEDVANCE INSTITUTE                      ,TX,77057-7386,Proprietary  ,5,20,25,5,20,25
03424401,MEDVANCE INSTITUTE -                    ,TX,77060-3551,Proprietary  ,2,14,16,2,14,16
03426300,CAREER ADVANCEMENT CENTER               ,TX,78752-1470,Proprietary  ,4,42,46,4,42,46
03480304,MEDVANCE INSTITUTE OF BATON ROUGE - GRAN,TX,75050-2342,Proprietary  ,8,21,29,8,21,29
03509400,CORYELL COSMETOLOGY COLLEGE             ,TX,76528-2036,Proprietary  ,1,1,2,1,1,2
03520300,LUBBOCK HAIR ACADEMY                    ,TX,79410-3524,Proprietary  ,8,11,19,8,11,19
03542300,CONCORDE CAREER INSTITUTE               ,TX,76011-4016,Proprietary  ,50,344,394,50,344,394
03551400,STATE BEAUTY ACADEMY                    ,TX,75116-3501,Proprietary  ,0,2,2,0,2,2
03556400,KUSSAD INSTITUTE OF COURT REPORTING     ,TX,78704-5712,Proprietary  ,0,9,9,0,9,9
03563300,ACADEMY OF COSEMTOLOGY                  ,TX,78745-2858,Proprietary  ,9,10,19,9,10,19
03573300,AVIATION INSTITUTE OF MAINTENANCE       ,TX,75209-3017,Proprietary  ,44,197,241,44,197,241
03610300,MJ'S BEAUTY ACADEMY INC                 ,TX,75224-4409,Proprietary  ,6,5,11,6,5,11
03612400,VALLEY GRANDE INSTITUTE FOR ACADEMI     ,TX,78596-0000,Private      ,11,40,51,11,40,51
03627300,LAMAR INSTITUTE OF TECHNOLOGY           ,TX,77705-4142,Public       ,403,568,971,403,568,971
03676400,HEALTHY HAIR ACADEMY                    ,TX,75227-0000,Proprietary  ,3,6,9,3,6,9
03680300,JAY'S TECHNICAL INSTITUTE               ,TX,77031-3509,Proprietary  ,4,36,40,4,36,40
03682400,DALLAS BARBER & STYLIST COLLEGE         ,TX,75231-0000,Proprietary  ,16,33,49,16,33,49
03714300,TREND BARBER COLLEGE                    ,TX,77071-2104,Proprietary  ,13,47,60,13,47,60
03723300,CULINARY INST ALAIN & MARIE LENOTRE     ,TX,77022-4322,Proprietary  ,22,38,60,22,38,60
03727600,CULINARY ACADEMY OF AUSTIN              ,TX,78752-0000,Proprietary  ,44,42,86,44,42,86
03733300,BAPTIST UNIVERSITY OF THE AMERICAS      ,TX,78224-1336,Private      ,16,38,54,16,38,54
03756300,ANAMARC EDUCATIONAL INSTITUTE           ,TX,79930-6230,Proprietary  ,20,60,80,20,60,80
03885400,COMPUTER LABS                           ,TX,79906-5924,Proprietary  ,2,1,3,2,1,3
03885700,HOUSTON'S TRAINING AND EDUCATION CENTER ,TX,77036-2021,Proprietary  ,3,11,14,3,11,14
03922300,SOUTH TEXAS BARBER COLLEGE              ,TX,78415-3463,Proprietary  ,4,6,10,4,6,10
03944400,PROFESSIONAL CAREERS INSTITUTE          ,TX,77036-2252,Proprietary  ,2,9,11,2,9,11
03970300,HANDS ON THERAPY                        ,TX,75149-2294,Proprietary  ,7,20,27,7,20,27
03987300,TEXAS HEALTH SCHOOL                     ,TX,77079-2106,Proprietary  ,13,28,41,13,28,41
04036300,SOUTHEAST TEXAS CAREER INSTITUTE        ,TX,77656-8601,Proprietary  ,3,8,11,3,8,11
04045300,NORTHWEST BEAUTY SCHOOL                 ,TX,77091-1208,Proprietary  ,1,9,10,1,9,10
04045400,MAI-TRIX BEAUTY COLLEGE                 ,TX,77040-0000,Proprietary  ,5,5,10,5,5,10
04089400,CCI TRAINING CENTER                     ,TX,76011-4857,Proprietary  ,6,28,34,6,28,34
04117900,CHAMPION BEAUTY COLLEGE                 ,TX,77069-4611,Proprietary  ,8,23,31,8,23,31
04125400,ACADEMY AT AUSTIN (THE)                 ,TX,78660-3287,Proprietary  ,8,19,27,8,19,27
04125500,MANUEL AND THERESA'S SCHOOL OF HAIR DESI,TX,77803-3236,Proprietary  ,1,5,6,1,5,6
04129800,MEDIATECH INSTITUTE DALLAS              ,TX,75039-3105,Proprietary  ,25,50,75,25,50,75
04129801,MEDIATECH INSTITUTE AUSTIN              ,TX,78704-8933,Proprietary  ,25,22,47,25,22,47
04129802,MEDIATECH INSTITUTE HOUSTON             ,TX,77042-4712,Proprietary  ,23,40,63,23,40,63
04131700,SOUTHWEST CAREER COLLEGE                ,TX,79925-6230,Proprietary  ,5,9,14,5,9,14
04136500,PCCENTER                                ,TX,75115-4214,Proprietary  ,0,3,3,0,3,3
04142300,AVEDA INSTITUTE SAN ANTONIO             ,TX,78215-1260,Proprietary  ,25,40,65,25,40,65
04146600,360 DEGREES BEAUTY ACADEMY              ,TX,77084-2714,Proprietary  ,5,6,11,5,6,11
00367000,BRIGHAM YOUNG UNIVERSITY                ,UT,84602-8406,Private      ,5244,3480,8724,5244,3480,8724
00367100,DIXIE STATE COLLEGE OF UTAH             ,UT,84770-3876,Public       ,856,754,1610,856,754,1610
00367200,LDS BUSINESS COLLEGE                    ,UT,84101-3500,Private      ,188,109,297,188,109,297
00367400,STEVENS HENAGER COLLEGE                 ,UT,84401-1420,Proprietary  ,27,163,190,27,163,190
00367500,UNIVERSITY OF UTAH                      ,UT,84112-9055,Public       ,5028,6379,11407,5028,6379,11407
00367600,COLLEGE OF EASTERN UTAH                 ,UT,84501-2699,Public       ,263,162,425,263,162,425
00367700,UTAH STATE UNIVERSITY                   ,UT,84322-1400,Public       ,3249,2963,6212,3249,2963,6212
00367800,SOUTHERN UTAH UNIVERSITY                ,UT,84720-2470,Public       ,1526,727,2253,1526,727,2253
00367900,SNOW COLLEGE                            ,UT,84627-1299,Public       ,644,170,814,644,170,814
00368000,WEBER STATE UNIVERSITY                  ,UT,84408-1136,Public       ,1864,3337,5201,1864,3337,5201
00368100,WESTMINSTER COLLEGE                     ,UT,84105-3697,Private      ,1153,481,1634,1153,481,1634
00402700,UTAH VALLEY UNIVERSITY                  ,UT,84058-5999,Public       ,2050,3389,5439,2050,3389,5439
00522000,SALT LAKE COMMUNITY COLLEGE             ,UT,84123-0000,Public       ,1436,2824,4260,1436,2824,4260
00943300,SHERMAN KENDALL'S ACADEMY OF BEAUTY     ,UT,84106-1836,Proprietary  ,4,8,12,4,8,12
01009800,NEUMONT UNIVERSITY                      ,UT,84095-0000,Proprietary  ,213,41,254,213,41,254
01116500,UINTAH BASIN APPLIED TECHNOLOGY CLG     ,UT,84066-0000,Public       ,2,15,17,2,15,17
01116600,UTAH CAREER COLLEGE                     ,UT,84088-4021,Proprietary  ,33,207,240,33,207,240
02078800,SHERMAN KENDALL'S ACADEMY OF BEAUTY     ,UT,84047-0000,Proprietary  ,4,3,7,4,3,7
02115400,BRIDGERLAND APPLIED TECHNOLOGY COLLEGE  ,UT,84321-0000,Public       ,44,145,189,44,145,189
02156600,DAVIS APPLIED TECHNOLOGY COLLEGE        ,UT,84037-0000,Public       ,51,279,330,51,279,330
02178500,EAGLE GATE COLLEGE                      ,UT,84123-0000,Proprietary  ,22,140,162,22,140,162
02270800,AMERITECH COLLEGE                       ,UT,84604-6927,Proprietary  ,10,24,34,10,24,34
02270802,AMERITECH COLLEGE - DRAPER              ,UT,84020-6545,Proprietary  ,1,31,32,1,31,32
02298500,EVEREST COLLEGE                         ,UT,84119-2668,Proprietary  ,16,106,122,16,106,122
02346500,OGDEN-WEBER APPLIED TECHNOLOGY COLG     ,UT,84404-0000,Public       ,47,263,310,47,263,310
02360800,PROVO COLLEGE                           ,UT,84601-0000,Proprietary  ,29,103,132,29,103,132
02361000,ITT TECHNICAL INSTITUTE                 ,UT,84123-0000,Proprietary  ,15,46,61,15,46,61
02504000,MARINELLO SCHOOL OF BEAUTY              ,UT,84041-0000,Proprietary  ,3,11,14,3,11,14
02516100,MARINELLO SCHOOL OF BEAUTY              ,UT,84405-1501,Proprietary  ,2,10,12,2,10,12
02531800,VON CURTIS ACADEMY OF HAIR DESIGN       ,UT,84606-0000,Proprietary  ,96,70,166,96,70,166
02556800,HAIRITAGE COLLEGE OF BEAUTY             ,UT,84117-7204,Proprietary  ,4,2,6,4,2,6
02557700,PREMIER HAIR ACADEMY                    ,UT,84120-3603,Proprietary  ,1,15,16,1,15,16
02572700,EVANS HAIRSTYLING COLLEGE               ,UT,84770-0000,Proprietary  ,5,8,13,5,8,13
02572800,VISTA COLLEGE                           ,UT,84015-0000,Proprietary  ,5,26,31,5,26,31
02572801,CERTIFIED CAREERS INSTITUTE             ,UT,84015-0000,Proprietary  ,1,3,4,1,3,4
02572802,VISTA COLLEGE - SALT LAKE CITY          ,UT,84119-1458,Proprietary  ,1,5,6,1,5,6
02573100,EVANS HAIRSTYLING COLLEGE               ,UT,84720-0000,Proprietary  ,7,7,14,7,7,14
02612200,MARINELLO SCHOOL OF BEAUTY              ,UT,84604-1585,Proprietary  ,12,11,23,12,11,23
03030600,UTAH COLLEGE OF MASSAGE THERAPY         ,UT,84111-1606,Proprietary  ,37,84,121,37,84,121
03030601,UTAH CLG OF MASSAGE THER-PROVO CMPS     ,UT,84042-0000,Proprietary  ,6,17,23,6,17,23
03082100,MYOTHERAPY COLLEGE OF UTAH              ,UT,84115-2522,Proprietary  ,6,12,18,6,12,18
03108200,ECHELON EDGE ACADEMY OF HAIR SKIN & NAIL,UT,84070-2004,Proprietary  ,2,4,6,2,4,6
03110400,HAIRITAGE HAIR ACADEMY                  ,UT,84770-5233,Proprietary  ,4,16,20,4,16,20
03339400,WESTERN GOVERNORS UNIVERSITY            ,UT,84107-2533,Private      ,96,3735,3831,96,3735,3831
03413300,MOUNTAINLAND APPLIED TECHNOLOGY COLLEGE ,UT,84058-5857,Public       ,14,53,67,14,53,67
03463300,CAREERS UNLIMITED                       ,UT,84058-0000,Proprietary  ,15,52,67,15,52,67
03617300,HEALING MOUNTAIN MASSAGE SCHOOL         ,UT,84111-3232,Proprietary  ,4,10,14,4,10,14
03829500,SKINWORKS SCHOOL OF ADVANCED SKINCARE   ,UT,84115-0000,Proprietary  ,1,6,7,1,6,7
03838300,OGDEN INSTITUTE OF MASSAGE THERAPY      ,UT,84403-0000,Proprietary  ,1,7,8,1,7,8
03902300,RENAISSANCE SCHOOL OF THERAPEUTIC MASSAG,UT,84010-2835,Proprietary  ,1,1,2,1,1,2
03909300,MAXIMUM STYLE TEC SCHOOL OF COSMETOLOGY ,UT,84323-4679,Proprietary  ,6,14,20,6,14,20
03921300,CAMEO COLLEGE OF ESSENTIAL BEAUTY       ,UT,84115-0000,Proprietary  ,7,23,30,7,23,30
04054300,SOUTHWEST APPLIED TECHNOLOGY COLLEGE    ,UT,84720-6608,Public       ,2,21,23,2,21,23
04072300,DALLAS ROBERTS ACADEMY OF HAIR DESIGN & ,UT,84604-1008,Proprietary  ,7,12,19,7,12,19
04118100,IMAGEWORKS ACADEMY OF HAIR DESIGN       ,UT,84660-1210,Proprietary  ,1,0,1,1,0,1
04121700,DIXIE APPLIED TECHNOLOGY COLLEGE        ,UT,84770-3025,Public       ,68,43,111,68,43,111
04145500,SKIN SCIENCE INSTITUTE (THE)            ,UT,84115-0000,Proprietary  ,6,21,27,6,21,27
00368200,BENNINGTON COLLEGE                      ,VT,05201-6001,Private      ,847,193,1040,847,193,1040
00368300,CASTLETON STATE COLLEGE                 ,VT,05735-0000,Public       ,2258,225,2483,2258,225,2483
00368400,CHAMPLAIN COLLEGE                       ,VT,05401-3950,Private      ,2776,431,3207,2776,431,3207
00368402,WOODBURY COLLEGE                        ,VT,05602-0000,Private      ,0,16,16,0,16,16
00368500,COLLEGE OF ST JOSEPH                    ,VT,05701-3899,Private      ,119,113,232,119,113,232
00368600,GODDARD COLLEGE                         ,VT,05667-0000,Private      ,31,345,376,31,345,376
00368700,GREEN MOUNTAIN COLLEGE                  ,VT,05764-1199,Private      ,869,92,961,869,92,961
00368800,JOHNSON STATE COLLEGE                   ,VT,05656-9898,Public       ,1079,384,1463,1079,384,1463
00368900,LYNDON STATE COLLEGE                    ,VT,05851-0919,Public       ,1314,204,1518,1314,204,1518
00369000,MARLBORO COLLEGE                        ,VT,05344-0300,Private      ,416,37,453,416,37,453
00369100,MIDDLEBURY COLLEGE                      ,VT,05753-0000,Private      ,3069,273,3342,3069,273,3342
00369106,MIDDLEBURY COLLEGE - BREAD LOAF SCHOOL O,VT,05753-0000,Private      ,11,86,97,11,86,97
00369200,NORWICH UNIVERSITY                      ,VT,05663-1035,Private      ,2155,601,2756,2155,601,2756
00369300,SOUTHERN VERMONT COLLEGE                ,VT,05201-6002,Private      ,439,83,522,439,83,522
00369400,ST MICHAELS COLLEGE                     ,VT,05439-0001,Private      ,2729,98,2827,2729,98,2827
00369600,UNIVERSITY OF VERMONT                   ,VT,05405-0160,Public       ,16663,2304,18967,16663,2304,18967
00369800,VERMONT TECHNICAL COLLEGE               ,VT,05061-0000,Public       ,819,444,1263,819,444,1263
00857500,SALON PROFESSIONAL ACADEMY (THE)        ,VT,05495-4001,Proprietary  ,28,20,48,28,20,48
00865800,O'BRIENS AVEDA INSTITUTE                ,VT,05403-7747,Proprietary  ,7,12,19,7,12,19
00886000,SIT                                     ,VT,05301-4801,Private      ,6,282,288,6,282,288
01116700,COMMUNITY COLLEGE OF VERMONT            ,VT,05676-1552,Public       ,502,932,1434,502,932,1434
01193400,VERMONT LAW SCHOOL                      ,VT,05068-0000,Private      ,2,852,854,2,852,854
01218300,BURLINGTON COLLEGE                      ,VT,05401-8477,Private      ,114,56,170,114,56,170
02143500,STERLING COLLEGE                        ,VT,05827-0000,Private      ,114,17,131,114,17,131
02254000,NEW ENGLAND CULINARY INSTITUTE          ,VT,05602-0000,Proprietary  ,241,136,377,241,136,377
02532600,LANDMARK COLLEGE                        ,VT,05346-0000,Private      ,217,28,245,217,28,245
03708300,BURLINGTON TECHNICAL CENTER             ,VT,05401-2721,Public       ,14,5,19,14,5,19
00392800,CASPER COLLEGE                          ,WY,82601-4612,Public       ,523,338,861,523,338,861
00392900,EASTERN WYOMING COLLEGE                 ,WY,82240-1603,Public       ,195,75,270,195,75,270
00393000,SHERIDAN COLLEGE                        ,WY,82801-9133,Public       ,394,253,647,394,253,647
00393100,NORTHWEST COLLEGE                       ,WY,82435-1895,Public       ,435,135,570,435,135,570
00393200,UNIVERSITY OF WYOMING                   ,WY,82071-3663,Public       ,3878,1930,5808,3878,1930,5808
00393300,WESTERN WYOMING COMMUNITY COLLEGE       ,WY,82902-0000,Public       ,351,270,621,351,270,621
00728900,CENTRAL WYOMING COLLEGE                 ,WY,82501-0000,Public       ,209,213,422,209,213,422
00915700,WYOMING TECHNICAL INSTITUTE             ,WY,82072-9519,Proprietary  ,766,210,976,766,210,976
00925900,LARAMIE COUNTY COMMUNITY CLG            ,WY,82007-3299,Public       ,600,684,1284,600,684,1284
02211900,CHEEKS INTERNATIONAL ACDMY              ,WY,82001-0000,Proprietary  ,4,18,22,4,18,22
00393500,UNIV OF GUAM                            ,GU,96923-0000,Public       ,456,382,838,456,382,838
01536100,GUAM COMMUNITY COLLEGE                  ,GU,96921-0000,Public       ,128,258,386,128,258,386
03438300,PACIFIC ISLANDS BIBLE COLLEGE           ,GU,96913-2619,Private      ,4,3,7,4,3,7
00393600,PONTIFICAL CATHOLIC UNIV OF PR          ,PR,00717-0777,Private      ,1292,898,2190,1292,898,2190
00393700,UNIVERSITY OF THE SACRED HEART          ,PR,00914-0383,Private      ,431,204,635,431,204,635
00393800,INTER-AMER UNIV PR-CNTRL ADMN           ,PR,00936-0000,Private      ,170,426,596,170,426,596
00393801,INTER-AMER UNIV PR SCHL LAW             ,PR,00936-8351,Private      ,5,88,93,5,88,93
00393802,INTER AMERICAN UNIVERSITY OF PUERTO RICO,PR,00926-0000,Private      ,165,169,334,165,169,334
00393803,INTER AMERICAN UNIVERSITY OF PR         ,PR,00683-0000,Private      ,360,218,578,360,218,578
00393804,INTER-AMER UNIV PR-RECINTO AGUADILA     ,PR,00605-2000,Private      ,190,241,431,190,241,431
00393805,INTER-AMER UNIV PR-ARECIBO CAMPUS       ,PR,00614-4050,Private      ,248,364,612,248,364,612
00393806,INTER-AMER UNIV PR-BARRANQUITAS REG     ,PR,00794-0517,Private      ,200,112,312,200,112,312
00393807,INTER-AMER UNIV PR-FAJARDO REGIONAL     ,PR,00738-0000,Private      ,114,120,234,114,120,234
00393808,INTER-AMER UNIV PR - GUAYAMA CAMPUS     ,PR,00785-4004,Private      ,139,162,301,139,162,301
00393809,INTER-AMER UNIV PR-PONCE REGIONAL       ,PR,00715-0000,Private      ,431,472,903,431,472,903
00393811,INTER-AMER UNIV PR-BAYAMON REG CLG      ,PR,00959-0000,Private      ,286,182,468,286,182,468
00394100,COLEGIO UNIVERSITARIO DEL ESTE          ,PR,00983-0000,Private      ,437,713,1150,437,713,1150
00394200,UNIVERSITY OF PR-CENTRAL ADMINISTRATION ,PR,00936-4984,Public       ,101,29,130,101,29,130
00394201,UNIVERSITY OF PR-RIO PIEDRAS CAMPUS     ,PR,00931-3300,Public       ,1442,526,1968,1442,526,1968
00394202,UNIV OF PUERTO RICO-MAYAGUEZ CAMPUS     ,PR,00681-5000,Public       ,2362,555,2917,2362,555,2917
00394203,"UNIVERSITY OF PR, MED. SCIENCES CAMPUS  ",PR,00936-5067,Public       ,52,105,157,52,105,157
00394204,"UNIVERSITY OF PUERTO RICO, CAYEY CAMPUS ",PR,00736-0000,Public       ,775,213,988,775,213,988
00394205,"UNIVERSITY OF PR, HUMACAO CAMPUS        ",PR,00791-4057,Public       ,556,105,661,556,105,661
00394206,UNIVERSITY OF PR-AGUADILLA CAMPUS       ,PR,00604-6150,Public       ,347,104,451,347,104,451
00394207,UNIVERSITY OF PUERTO RICO-ARECIBO CAMPUS,PR,00614-0000,Public       ,1411,250,1661,1411,250,1661
00394208,UNIVERSITY OF PUERTO RICO-BAYAMON CAMPUS,PR,00959-0000,Public       ,643,110,753,643,110,753
00394209,UNIVERSITY OF PUERTO RICO-CAROLINA      ,PR,00984-4800,Public       ,505,124,629,505,124,629
00394210,UNIVERSITY OF PUERTO RICO-PONCE         ,PR,00732-0000,Public       ,784,122,906,784,122,906
00394211,"UNIVERSITY OF PR, UTUADO CAMPUS         ",PR,00641-0000,Public       ,153,35,188,153,35,188
00501900,UNIV ADVENTISTA DE LAS ANTILLAS         ,PR,00681-0118,Private      ,63,57,120,63,57,120
00502200,BAYAMON CENTRAL UNIVERSITY              ,PR,00960-0000,Private      ,49,52,101,49,52,101
00890200,COLUMBIA CENTRO UNIVERSITARIO           ,PR,00726-0000,Proprietary  ,36,79,115,36,79,115
01056700,COLEGIO TECNOLOGICO DE SAN JUAN         ,PR,00918-2973,Public       ,34,61,95,34,61,95
01072400,CARLOS ALBIZU UNIVERSITY                ,PR,00902-3711,Private      ,35,384,419,35,384,419
01081900,CONSERVATORIO DE MUSICA DE PUERTO RICO  ,PR,00907-3373,Public       ,27,9,36,27,9,36
01120300,RYDER MEMORIAL HOSP SCH OF NURSING      ,PR,00792-0000,Private      ,2,1,3,2,1,3
01171900,UNIVERSIDAD DEL TURABO                  ,PR,00778-0000,Private      ,989,1415,2404,989,1415,2404
01194000,ICPR JUNIOR COLLEGE                     ,PR,00919-0000,Proprietary  ,7,20,27,7,20,27
01194002,INSTITUTO COMERCIAL DE PUERTO RICO JUNIO,PR,00681-1108,Proprietary  ,1,0,1,1,0,1
01194100,AMERICAN UNIVERSITY OF PUERTO RICO      ,PR,00960-2037,Private      ,50,53,103,50,53,103
01194101,AMERICAN UNIVERSITY OF PUERTO RICO      ,PR,00674-0000,Private      ,47,50,97,47,50,97
01252500,CARIBBEAN UNIVERSITY                    ,PR,00960-0493,Private      ,105,203,308,105,203,308
01314800,RAMIREZ COLLEGE OF BUS & TECH           ,PR,00918-0000,Proprietary  ,15,67,82,15,67,82
02063100,MBTI BUSINESS TRNG INSTITUTE            ,PR,00907-3917,Proprietary  ,32,80,112,32,80,112
02100000,POLYTECHNIC UNIVERSITY OF PR            ,PR,00917-0000,Private      ,356,332,688,356,332,688
02163300,UNIVERSIDAD CENTRAL DEL CARIBE          ,PR,00960-0000,Private      ,13,66,79,13,66,79
02165100,EDP COLLEGE OF PUERTO RICO              ,PR,00919-0000,Private      ,26,79,105,26,79,105
02166400,INSTITUTO DE BANCA Y COMERCIO           ,PR,00925-0000,Proprietary  ,642,1144,1786,642,1144,1786
02170300,INST EDUC TECNIA OCUP LA REINA          ,PR,00674-0000,Proprietary  ,5,0,5,5,0,5
02170301,INST EDUC TECNICA OCUPLA LA REINA       ,PR,00603-0000,Proprietary  ,2,0,2,2,0,2
02189100,CENTRO DE ESTUDIOS MULTIDISCIPLIN       ,PR,00926-0000,Private      ,3,7,10,3,7,10
02189300,EMMA'S BEAUTY ACADEMY                   ,PR,00680-0000,Proprietary  ,0,1,1,0,1,1
02195400,MODERN HAIRSTYLING INSTITUTE            ,PR,00960-0000,Proprietary  ,2,2,4,2,2,4
02195500,MODERN HAIRSTYLING INSTITUTE            ,PR,00612-0000,Proprietary  ,0,1,1,0,1,1
02195800,LICEO E ARTE Y TECNOLGIA                ,PR,00919-0000,Private      ,41,59,100,41,59,100
02195900,MODERN HAIRSTYLING INSTITUTE            ,PR,00980-0000,Proprietary  ,1,1,2,1,1,2
02234900,ANTILLES SCHOOL OF TECH CAREERS         ,PR,00909-0000,Proprietary  ,2,0,2,2,0,2
02241902,COMMONWEALTH OF PR DEPT OF EDUC - TOMAS ,PR,00613-0000,Public       ,1,0,1,1,0,1
02241904,COMMONWEALTH OF PR DEPT OF EDUC - ITPR R,PR,00655-0000,Public       ,25,27,52,25,27,52
02241905,COMMONWEALTH OF PR DEPT OF EDUC - JOSE A,PR,00674-0000,Public       ,16,2,18,16,2,18
02241907,COMMONWEALTH OF PR DEPT OF EDUC - ITPR R,PR,00928-0000,Public       ,13,13,26,13,13,26
02241908,COMMONWEALTH OF PR DEPT OF EDUC - ITPR R,PR,00732-0000,Public       ,34,25,59,34,25,59
02241909,COMMONWEALTH OF PR DEPT OF EDUC - TROQUE,PR,00959-0000,Public       ,2,2,4,2,2,4
02241910,COMMONWEALTH OF PR DEPT OF EDUC - ITPR R,PR,00701-1091,Public       ,30,14,44,30,14,44
02260600,NATIONAL COLLEGE OF BUSINESS & TECH     ,PR,00960-2036,Proprietary  ,654,943,1597,654,943,1597
02260601,NATIONAL COLLEGE OF BUSINESS & TECHNOLOG,PR,00612-0000,Proprietary  ,8,7,15,8,7,15
02260602,NATIONAL COLLEGE OF BUSINESS & TECHNOLOG,PR,00745-9903,Proprietary  ,6,2,8,6,2,8
02260800,HUERTAS JUNIOR COLLEGE                  ,PR,00726-0000,Proprietary  ,32,56,88,32,56,88
02297700,AUTOMECA TECHNICAL COLLEGE              ,PR,00957-0000,Proprietary  ,24,14,38,24,14,38
02335500,COLEGIO BIBLICO PENTECOSTAL DE PR       ,PR,00978-0000,Private      ,1,5,6,1,5,6
02340600,HUMACAO COMMUNITY COLLEGE               ,PR,00792-0000,Private      ,2,4,6,2,4,6
02343600,INSTITUTE OF BEAUTY CAREERS             ,PR,00613-0000,Proprietary  ,2,18,20,2,18,20
02482400,PONCE SCHOOL OF MEDICINE                ,PR,00716-2347,Private      ,3,147,150,3,147,150
02502400,SERBIA'S SCHOOL OF BEAUTY CULTURE       ,PR,00785-0000,Proprietary  ,22,21,43,22,21,43
02505400,ATLANTIC COLLEGE                        ,PR,00970-0000,Private      ,20,5,25,20,5,25
02534900,PONCE PARAMEDICAL COLLEGE (POPAC)       ,PR,00731-0000,Proprietary  ,122,107,229,122,107,229
02549700,ACADEMIA MAISON D'ESTHETIQUE            ,PR,00907-0000,Proprietary  ,1,0,1,1,0,1
02552300,COLEGIO MAYOR DE TECHNOLOGIA            ,PR,00714-0000,Proprietary  ,26,52,78,26,52,78
02562500,INTERNATIONAL TECHNICAL COLLEGE         ,PR,00918-0000,Proprietary  ,6,20,26,6,20,26
02563500,ROGIES SCHOOL OF BEAUTY CULTURE         ,PR,00910-0000,Proprietary  ,1,1,2,1,1,2
02569400,ESCUELA DE ARTES PLASTICAS              ,PR,00902-1112,Public       ,57,42,99,57,42,99
02570400,EDUCATIONAL TECHNICAL COLLEGE           ,PR,00925-3404,Proprietary  ,10,23,33,10,23,33
02576100,ESCUELA TECNICA DE ELECTRICIDAD         ,PR,00731-0000,Proprietary  ,47,37,84,47,37,84
02587500,UNIVERSIDAD METROPOLITANA               ,PR,00928-0000,Private      ,445,609,1054,445,609,1054
02588600,SEMINARIO EVANGELICO DE PUERTO RICO     ,PR,00925-0000,Private      ,0,2,2,0,2,2
02611100,INSTITUTO MERLIX                        ,PR,00961-0000,Proprietary  ,0,1,1,0,1,1
03021900,EDIC COLLEGE                            ,PR,00726-0000,Proprietary  ,21,23,44,21,23,44
03025500,MECH TECH COLLEGE                       ,PR,00725-6118,Proprietary  ,398,140,538,398,140,538
03025900,"LICEO DE ARTE, DISENOS Y COMERCIO       ",PR,00726-0000,Proprietary  ,8,5,13,8,5,13
03029700,"UNIVERSAL TECHNOLOGY CLG OF PR, INC     ",PR,00605-1955,Private      ,59,117,176,59,117,176
03068400,STAR BEAUTY ACADEMY                     ,PR,00961-6312,Proprietary  ,1,1,2,1,1,2
03070500,D'MART INSTITUTE                        ,PR,00794-3517,Proprietary  ,67,93,160,67,93,160
03075600,EMMA'S BEAUTY ACADEMY                   ,PR,00795-0000,Proprietary  ,2,1,3,2,1,3
03076000,PUERTO RICO BARBER COLLEGE              ,PR,00738-4632,Proprietary  ,1,0,1,1,0,1
03085700,PROFESSIONAL TECHNICAL INSTITUTION      ,PR,00960-7061,Proprietary  ,1,0,1,1,0,1
03104400,PROFESSIONAL ELECTRIC SCHOOL            ,PR,00674-1797,Proprietary  ,3,5,8,3,5,8
03106900,ESCUELA DE PERITOS ELECTRICITAS         ,PR,00662-0457,Proprietary  ,0,4,4,0,4,4
03112100,JOHN DEWEY COLLEGE                      ,PR,00915-9538,Private      ,2,15,17,2,15,17
03112101,JOHN DEWEY COLLEGE                      ,PR,00986-0000,Private      ,2,5,7,2,5,7
03112102,JOHN DEWEY COLLEGE-BAYAMON CAMPUS       ,PR,00959-0000,Private      ,1,3,4,1,3,4
03112105,JOHN DEWEY COLLEGE - FAJARDO BRANCH     ,PR,00738-0738,Private      ,2,13,15,2,13,15
03112107,JOHN DEWEY COLLEGE - JUANA DIAZ BRANCH  ,PR,00795-0000,Private      ,0,1,1,0,1,1
03115900,TRINITY COLLEGE OF PUERTO RICO          ,PR,00734-0000,Private      ,1,3,4,1,3,4
03122500,ACADEMIA SERRANT INC.                   ,PR,00717-1568,Proprietary  ,2,1,3,2,1,3
03123100,GLOBELLE TECHNICAL INSTITUTE            ,PR,00693-4218,Proprietary  ,0,1,1,0,1,1
03124200,NOVA COLLEGE DE PUERTO RICO             ,PR,00960-4016,Proprietary  ,0,2,2,0,2,2
03157600,"COLEGIO DE CINEMATOGRAFIA, ARTES Y TELEV",PR,00961-6345,Proprietary  ,2,2,4,2,2,4
03177300,SAN JUAN BAUTISTA SCH OF MEDICINE       ,PR,00726-0000,Private      ,1,83,84,1,83,84
03326300,UNIVERSAL CAREER COMMUNITY COLLEGE      ,PR,00907-0000,Proprietary  ,11,16,27,11,16,27
03336300,CENTURY COLLEGE                         ,PR,00603-4802,Proprietary  ,3,2,5,3,2,5
03414300,MONTECLARO                              ,PR,00745-9612,Private      ,2,0,2,2,0,2
03469300,IVAEM COLLEGE                           ,PR,00725-0000,Proprietary  ,25,19,44,25,19,44
03544300,ATENAS COLLEGE                          ,PR,00674-0000,Private      ,6,14,20,6,14,20
03552300,LESTON COLLEGE                          ,PR,00961-6309,Proprietary  ,0,1,1,0,1,1
03608300,CARIBBEAN FORENSIC & TECHNICAL COLL     ,PR,00926-0000,Proprietary  ,1,1,2,1,1,2
03638300,ROSSLYN TRAINING ACADEMY OF COSMETOLOGY ,PR,00602-3225,Proprietary  ,0,9,9,0,9,9
03751300,ESCUELA HOTELERA DE SAN JUAN            ,PR,00917-0091,Proprietary  ,11,6,17,11,6,17
03758300,BAYAMON COMMUNITY COLLEGE               ,PR,00960-0000,Proprietary  ,1,1,2,1,1,2
03785300,J.G. GUAYNABO TECHNICAL COLLEGE         ,PR,00960-0000,Proprietary  ,0,1,1,0,1,1
03800400,INSTITUTE OF BEAUTY OCCUPATIONS AND TECH,PR,00676-5071,Proprietary  ,0,1,1,0,1,1
03843300,ADVANCED TECH COLLEGE                   ,PR,00961-6321,Proprietary  ,1,1,2,1,1,2
03849300,AGUADILLA TECHNICAL COLLEGE             ,PR,00603-0000,Proprietary  ,1,1,2,1,1,2
04030300,ASPIRA  DE PUERTO RICO                  ,PR,00987-0000,Private      ,0,1,1,0,1,1
04107300,CARIB TECHNOLOGICAL INSTITUTE           ,PR,00960-0000,Proprietary  ,1,0,1,1,0,1
04117200,INSTITUTO EDUCATIVO PREMIER             ,PR,00731-0000,Proprietary  ,11,35,46,11,35,46
00394600,UNIVERSITY OF THE VIRGIN ISLANDS        ,VI,00802-6000,Public       ,565,337,902,565,337,902
00394601,UNIV OF THE VIRGIN ISLANDS-ST CROIX     ,VI,00850-0000,Public       ,215,184,399,215,184,399
00667400,CANADIAN THEOLOGICAL SEMINARY           ,CN,00000-0000,Private      ,2,1,3,2,1,3
00667700,MCGILL UNIVERSITY                       ,CN,00000-0000,Public       ,1403,247,1650,1403,247,1650
00667900,QUEEN'S UNIVERSITY AT KINGSTON          ,CN,00000-0000,Public       ,80,22,102,80,22,102
00668100,ST FRANCIS XAVIER UNIVERSITY            ,CN,00000-0000,Public       ,18,0,18,18,0,18
00668200,ST THOMAS UNIVERSITY                    ,CN,00000-0000,Public       ,6,1,7,6,1,7
00668300,UNIVERSITY OF GUELPH                    ,CN,00000-0000,Public       ,25,28,53,25,28,53
00668400,UNIVERSITY OF MANITOBA                  ,CN,00000-0000,Public       ,16,18,34,16,18,34
00668500,UNIVERSITY OF NEW BRUNSWICK (THE)       ,CN,00000-0000,Public       ,9,4,13,9,4,13
00668600,UNIVERSITY OF OTTAWA                    ,CN,00000-0000,Public       ,28,13,41,28,13,41
00668800,UNIVERSITY OF TORONTO                   ,CN,00000-0000,Public       ,208,277,485,208,277,485
00668900,UNIVERSITY OF WINDSOR                   ,CN,00000-0000,Public       ,8,24,32,8,24,32
00683700,UNIVERSITE LAVAL                        ,CN,00000-0000,Public       ,7,6,13,7,6,13
00683800,DALHOUSIE UNIVERSITY                    ,CN,00000-0000,Public       ,112,30,142,112,30,142
00685200,BISHOP'S UNIVERSITY                     ,CN,00000-0000,Private      ,29,1,30,29,1,30
00685300,MCMASTER UNIVERSITY                     ,CN,00000-0000,Public       ,18,11,29,18,11,29
00767900,YORK UNIVERSITY                         ,CN,00000-0000,Public       ,66,48,114,66,48,114
00787400,UNIVERSITY AT CALGARY (THE)             ,CN,00000-0000,Public       ,14,27,41,14,27,41
00814800,UNIVERSITY OF WINNIPEG                  ,CN,00000-0000,Public       ,2,1,3,2,1,3
00836200,UNIVERSITY OF ALBERTA (THE)             ,CN,00000-0000,Public       ,20,33,53,20,33,53
00836300,MOUNT SAINT VINCENT UNIVERSITY          ,CN,00000-0000,Private      ,0,1,1,0,1,1
00836400,SAINT MARY'S UNIVERSITY                 ,CN,00000-0000,Public       ,13,8,21,13,8,21
00836500,CONCORDIA UNIVERSITY - SIR GEORGE W     ,CN,00000-0000,Public       ,151,74,225,151,74,225
00836600,UNIVERSITE DE MONTREAL                  ,CN,00000-0000,Public       ,12,13,25,12,13,25
00836800,CARLETON UNIVERSITY                     ,CN,00000-0000,Public       ,30,14,44,30,14,44
00836900,UNIVERSITY OF BRITISH COLUMBIA          ,CN,00000-0000,Public       ,552,328,880,552,328,880
00837000,"SAFA, UNIVERSITY OF VICTORIA            ",CN,00000-0000,Public       ,48,33,81,48,33,81
00844400,SIMON FRASER UNIVERSITY                 ,CN,00000-0000,Public       ,48,47,95,48,47,95
00844600,UNIVERSITY OF WESTERN ONTARIO (THE)     ,CN,00000-0000,Public       ,30,27,57,30,27,57
00844800,UNIVERSITY OF REGINA                    ,CN,00000-0000,Public       ,3,6,9,3,6,9
00844900,ACADIA UNIVERSITY                       ,CN,00000-0000,Public       ,27,7,34,27,7,34
00852600,UNIVERSITY OF WATERLOO                  ,CN,00000-0000,Public       ,26,11,37,26,11,37
00858200,WILFRID LAURIER UNIVERSITY              ,CN,00000-0000,Public       ,5,4,9,5,4,9
00891300,LAKEHEAD UNIVERSITY                     ,CN,00000-0000,Public       ,5,4,9,5,4,9
00911900,UNIVERSITE DE MONCTON                   ,CN,00000-0000,Public       ,0,1,1,0,1,1
00925200,BROCK UNIVERSITY                        ,CN,00000-0000,Public       ,5,5,10,5,5,10
00936700,UNIVERSITY OF PRINCE EDWARD ISLAND      ,CN,00000-0000,Public       ,7,56,63,7,56,63
00942100,BRANDON UNIVERSITY                      ,CN,00000-0000,Public       ,3,1,4,3,1,4
00948600,TRINITY WESTERN UNIVERSITY              ,CN,00000-0000,Private      ,242,24,266,242,24,266
00950100,UNIVERSITY OF KING'S COLLEGE            ,CN,00000-0000,Public       ,15,2,17,15,2,17
00950300,MOUNT ALLISON UNIVERSITY                ,CN,00000-0000,Public       ,27,2,29,27,2,29
00950400,NOVA SCOTIA AGRICULTURAL COLLEGE        ,CN,00000-0000,Public       ,1,3,4,1,3,4
00950500,TRENT UNIVERSITY                        ,CN,00000-0000,Public       ,6,1,7,6,1,7
00969700,LETHBRIDGE COLLEGE                      ,CN,00000-0000,Public       ,1,2,3,1,2,3
00969800,MEDICINE HAT COLLEGE                    ,CN,00000-0000,Public       ,4,0,4,4,0,4
00970100,SENECA COLG OF APPLIED ARTS & TECH      ,CN,00000-0000,Public       ,6,8,14,6,8,14
01012300,NOVA SCOTIA COLLEGE OF ART & DESIGN     ,CN,00000-0000,Public       ,6,7,13,6,7,13
01022100,SAINT PAUL UNIVERSITY                   ,CN,00000-0000,Public       ,0,3,3,0,3,3
01045800,SHERIDAN COLLEGE OF APPLIED ARTS AN     ,CN,00000-0000,Public       ,9,4,13,9,4,13
01067500,REGENT COLLEGE                          ,CN,00000-0000,Private      ,1,42,43,1,42,43
01070300,UNIVERSITY OF LETHBRIDGE                ,CN,00000-0000,Public       ,5,4,9,5,4,9
01072000,RYERSON UNIVERSITY                      ,CN,00000-0000,Public       ,30,31,61,30,31,61
01172200,BRIERCREST BIBLE COLLEGE                ,CN,00000-0000,Private      ,2,1,3,2,1,3
01221100,ALGONQUIN CLG OF APPLIED ARTS &TECH     ,CN,00000-0000,Public       ,3,2,5,3,2,5
01222800,HUMBER COLLEGE                          ,CN,00000-0000,Public       ,6,7,13,6,7,13
01227400,PROVIDENCE COLLEGE                      ,CN,00000-0000,Private      ,4,0,4,4,0,4
02102100,BETHANY BIBLE COLLEGE                   ,CN,00000-0000,Private      ,19,6,25,19,6,25
02116600,CANADIAN MEMORIAL CHIROPRACTIC COLL     ,CN,00000-0000,Private      ,0,1,1,0,1,1
02167000,PRAIRIE BIBLE INST                      ,CN,00000-0000,Private      ,18,3,21,18,3,21
02184600,INSTITUTE FOR CHRISTIAN STUDIES         ,CN,00000-0000,Private      ,1,2,3,1,2,3
02195600,LASALLE COLLEGE                         ,CN,00000-0000,Private      ,7,2,9,7,2,9
02195700,TAYLOR UNIVERSITY COLLEGE AND SEMINARY  ,CN,00000-0000,Private      ,0,1,1,0,1,1
02201100,COLUMBIA BIBLE COLLEGE                  ,CN,00000-0000,Private      ,8,6,14,8,6,14
02216400,TYNDALE COLLEGE & SEMINARY              ,CN,00000-0000,Private      ,1,2,3,1,2,3
02219000,ST. LAWRENCE COLLEGE                    ,CN,00000-0000,Public       ,3,2,5,3,2,5
02219200,UNIVERSITY OF SASKATCHEWAN              ,CN,00000-0000,Public       ,7,12,19,7,12,19
02338800,EMILY CARR UNIVERSITY OF ART AND DESIGN ,CN,00000-0000,Public       ,29,24,53,29,24,53
02354700,RED DEER COLLEGE                        ,CN,00000-0000,Public       ,0,2,2,0,2,2
02593800,CONCORDIA UNIVERSITY COLLEGE            ,CN,00000-0000,Private      ,4,4,8,4,4,8
02611900,THE KING'S UNIVERSITY COLLEGE           ,CN,00000-0000,Private      ,0,3,3,0,3,3
03018300,ROCKY MOUNTAIN COLLEGE: CENTRE FOR      ,CN,00000-0000,Private      ,0,3,3,0,3,3
03033800,UNIVERSITY COLLEGE OF CAPE BRETON       ,CN,00000-0000,Public       ,1,0,1,1,0,1
03078300,VANCOUVER SCHOOL OF THEOLOGY            ,CN,00000-0000,Private      ,0,4,4,0,4,4
03273300,CANADIAN COLLEGE OF NATUROPATHIC ME     ,CN,00000-0000,Private      ,0,11,11,0,11,11
03298300,ALBERTA COLLEGE OF ART & DESIGN         ,CN,00000-0000,Public       ,9,4,13,9,4,13
03332500,KWANTLEN UNIVERSITY COLLEGE             ,CN,00000-0000,Public       ,3,3,6,3,3,6
03335400,CANADIAN UNIVERSITY COLLEGE             ,CN,00000-0000,Private      ,8,3,11,8,3,11
03339300,ST. STEPHENS UNIVERSITY                 ,CN,00000-0000,Private      ,1,1,2,1,1,2
03348500,REDEEMER UNIVERSITY COLLEGE             ,CN,00000-0000,Private      ,8,1,9,8,1,9
03408300,CANDIAN NAZARENE UNIVERSITY COLLEGE     ,CN,00000-0000,Private      ,1,2,3,1,2,3
03420300,HOLLAND COLLEGE                         ,CN,00000-0000,Public       ,0,1,1,0,1,1
03421300,LOYALIST COLLEGE OF APPLIED ARTS &      ,CN,00000-0000,Public       ,3,1,4,3,1,4
03465300,NIPISSING UNIVERSITY                    ,CN,00000-0000,Public       ,2,0,2,2,0,2
03511300,CN CLG ACUPUNCTURE & ORIENTAL MED       ,CN,00000-0000,Private      ,0,5,5,0,5,5
03560400,NIAGARA COLLEGE-WELLAND CAMPUS          ,CN,00000-0000,Public       ,0,2,2,0,2,2
03613300,UNIV OF NORTHERN BRITISH COLUMBIA       ,CN,00000-0000,Public       ,4,5,9,4,5,9
03644400,CANADIAN MENNONITE UNIVERSITY           ,CN,00000-0000,Private      ,7,0,7,7,0,7
03711300,CAPILANO UNIVERSITY                     ,CN,00000-0000,Public       ,4,8,12,4,8,12
03745300,BRITISH COLUMBIA INSTITUTE OF TECHNOLOGY,CN,00000-0000,Public       ,0,6,6,0,6,6
03846300,PACIFIC LIFE BIBLE COLLEGE              ,CN,00000-0000,Private      ,1,1,2,1,1,2
03847300,ATLANTIC BAPTIST UNIVERSITY             ,CN,00000-0000,Private      ,8,0,8,8,0,8
04122700,MCMASTER DIVINITY COLLEGE               ,CN,00000-0000,Private      ,0,1,1,0,1,1
00814700,UNIVERSIDAD AUTONOMA DE GUADALAJARA     ,MX,00000-0000,Private      ,43,483,526,43,483,526
01041800,INST TEC Y DE ESTSUPER DE MONTERRE      ,MX,00000-0000,Private      ,44,35,79,44,35,79
01067600,UNIVERSIDAD DE MONTERREY                ,MX,00000-0000,Private      ,19,28,47,19,28,47
01093800,UNIVERSIDAD DE GUANAJUATO               ,MX,00000-0000,Public       ,5,16,21,5,16,21
01097600,INSTITUTO ALLENDE                       ,MX,00000-0000,Private      ,1,7,8,1,7,8
02053300,CENTRO DE ESTUDIOS UNIVERSITARIOS D     ,MX,00000-0000,Private      ,21,38,59,21,38,59
01001000,AMERICAN SAMOA CMNTY COLLEGE            ,AS,96799-2609,Public       ,152,47,199,152,47,199
01034300,COLLEGE OF MICRONESIA - FSM             ,FM,96941-0159,Public       ,156,31,187,156,31,187
01100900,PALAU COMMUNITY COLLEGE                 ,PW,96940-0009,Public       ,374,69,443,374,69,443
03022400,COLLEGE OF THE MARSHALL ISLANDS         ,MH,96960-1258,Public       ,8,13,21,8,13,21
03033000,NORTHERN MARIANAS COLLEGE               ,MP,96950-0000,Public       ,16,20,36,16,20,36
