OPE ID,School,State,Zip Code,School Type,20102011Qtr1_Dependent Students,20102011Qtr1_Independent Students,Quarterly Total,YTD_20102011Qtr1_Dependent Students,YTD_20102011Qtr1_Independent Students,Award Year To Date Total
00100200,ALABAMA AGRCLTL & MECHL UNIV            ,AL,35762-1357,Public       ,3344,1145,4489,3344,1145,4489
00100300,FAULKNER UNIVERSITY                     ,AL,36109-3398,Private      ,640,1075,1715,640,1075,1715
00100400,UNIVERSITY OF MONTEVALLO                ,AL,35115-6000,Public       ,1081,509,1590,1081,509,1590
00100500,ALABAMA STATE UNIVERSITY                ,AL,36101-0000,Public       ,4386,1648,6034,4386,1648,6034
00100700,CENTRAL ALABAMA COMMUNITY COLLEGE       ,AL,35011-0000,Public       ,554,492,1046,554,492,1046
00100800,ATHENS STATE UNIVERSITY                 ,AL,35611-1999,Public       ,268,909,1177,268,909,1177
00100900,AUBURN UNIVERSITY                       ,AL,36849-5113,Public       ,10794,2547,13341,10794,2547,13341
00101200,BIRMINGHAM SOUTHERN COLLEGE             ,AL,35254-0002,Private      ,1427,209,1636,1427,209,1636
00101300,CALHOUN COMMUNITY COLLEGE               ,AL,35609-2216,Public       ,1733,2216,3949,1733,2216,3949
00101500,ENTERPRISE STATE COMMUNITY COLLEGE      ,AL,36331-1300,Public       ,493,526,1019,493,526,1019
00101600,UNIVERSITY OF NORTH ALABAMA             ,AL,35632-0001,Public       ,2223,754,2977,2223,754,2977
00101700,GADSDEN STATE COMMUNITY COLLEGE         ,AL,35903-2269,Public       ,1196,1676,2872,1196,1676,2872
00101800,GEORGE C WALLACE COMMUNITY COLLEGE      ,AL,36303-0943,Public       ,723,1000,1723,723,1000,1723
00101900,HUNTINGDON COLLEGE                      ,AL,36106-2148,Private      ,721,167,888,721,167,888
00102000,JACKSONVILLE STATE UNIVERSITY           ,AL,36265-1602,Public       ,3316,1860,5176,3316,1860,5176
00102100,JEFFERSON DAVIS COMMUNITY COLLEGE       ,AL,36427-2790,Public       ,218,292,510,218,292,510
00102200,JEFFERSON STATE COMMUNITY COLLEGE       ,AL,35215-3098,Public       ,1322,2244,3566,1322,2244,3566
00102300,JUDSON COLLEGE                          ,AL,36756-2504,Private      ,164,34,198,164,34,198
00102400,UNIVERSITY OF WEST ALABAMA              ,AL,35470-0000,Public       ,903,1215,2118,903,1215,2118
00102600,MARION MILITARY INSTITUTE               ,AL,36756-3214,Public       ,233,22,255,233,22,255
00102800,MILES COLLEGE                           ,AL,35064-2697,Private      ,888,403,1291,888,403,1291
00102900,UNIVERSITY OF MOBILE                    ,AL,36613-0000,Private      ,684,490,1174,684,490,1174
00103000,BISHOP STATE COMMUNITY COLLEGE          ,AL,36603-5898,Public       ,505,1062,1567,505,1062,1567
00103001,BISHOP STATE COMM COLG-CARVER CMPS      ,AL,36617-0000,Public       ,41,130,171,41,130,171
00103002,BISHOP STAT COMM CLG-SW CMPS            ,AL,36605-0000,Public       ,40,83,123,40,83,123
00103100,NORTHEAST ALABAMA STATE CMNTY COLG      ,AL,35986-0159,Public       ,323,476,799,323,476,799
00103300,OAKWOOD COLLEGE                         ,AL,35896-0001,Private      ,977,281,1258,977,281,1258
00103400,ALABAMA SOUTHERN COMMUNITY COLLEGE      ,AL,36460-5698,Public       ,366,254,620,366,254,620
00103600,SAMFORD UNIVERSITY                      ,AL,35229-7000,Private      ,2337,1486,3823,2337,1486,3823
00103800,SNEAD STATE COMMUNITY COLLEGE           ,AL,35957-0734,Public       ,558,629,1187,558,629,1187
00104000,SOUTHERN UNION STATE COMMUNITY CLG      ,AL,36276-0000,Public       ,1254,902,2156,1254,902,2156
00104100,SPRING HILL COLLEGE                     ,AL,36608-1791,Private      ,1416,219,1635,1416,219,1635
00104400,STILLMAN COLLEGE                        ,AL,35403-1430,Private      ,1154,218,1372,1154,218,1372
00104600,TALLADEGA COLLEGE                       ,AL,35160-2354,Private      ,279,132,411,279,132,411
00104700,TROY STATE UNIVERSITY                   ,AL,36082-0001,Public       ,3814,7095,10909,3814,7095,10909
00105000,TUSKEGEE UNIVERSITY                     ,AL,36088-1645,Private      ,3548,717,4265,3548,717,4265
00105100,UNIVERSITY OF ALABAMA (THE)             ,AL,35487-0120,Public       ,12576,4430,17006,12576,4430,17006
00105200,UNIVERSITY OF ALABAMA AT BIRMINGHAM     ,AL,35294-1150,Public       ,4806,4060,8866,4806,4060,8866
00105500,UNIVERSITY OF ALABAMA IN HUNTSVILLE     ,AL,35899-0001,Public       ,2043,1210,3253,2043,1210,3253
00105700,UNIVERSITY OF SOUTH ALABAMA             ,AL,36688-0002,Public       ,3819,3117,6936,3819,3117,6936
00105900,LAWSON STATE COMMUNITY COLLEGE          ,AL,35221-1798,Public       ,665,945,1610,665,945,1610
00105901,LAWSON STATE COMMUNITY COLLEGE - BESSEME,AL,35021-0308,Public       ,131,386,517,131,386,517
00106000,FAULKNER STATE COMMUNITY COLLEGE        ,AL,36507-2698,Public       ,1008,865,1873,1008,865,1873
00526000,J.F. DRAKE STATE TECH COLLEGE           ,AL,35811-1584,Public       ,115,453,568,115,453,568
00569100,SHELTON STATE COMMUNITY CLG             ,AL,35405-4017,Public       ,1508,1040,2548,1508,1040,2548
00569200,REID STATE TECHNICAL COLLEGE            ,AL,36401-0000,Public       ,52,122,174,52,122,174
00569700,NORTHWEST- SHOALS COMMUNITY COLLEGE     ,AL,35661-0000,Public       ,610,592,1202,610,592,1202
00569702,NORTHWEST-SHOALS C.C.-PHIL CAMPBELL     ,AL,35581-0000,Public       ,133,96,229,133,96,229
00569900,GEORGE C WALLACE STATE CMTY COLLEGE     ,AL,36703-0000,Public       ,273,397,670,273,397,670
00573300,BEVILL STATE CMTY COLLEGE-WALKER        ,AL,35148-0000,Public       ,499,624,1123,499,624,1123
00573301,BEVILL STATE COMMUNITY COLLEGE - FAYETTE,AL,35555-0000,Public       ,215,252,467,215,252,467
00573302,BEVILL STATE CMTY CLG-HAMILTON CAMP     ,AL,35570-0000,Public       ,99,139,238,99,139,238
00573305,BEVILL STATE CMTY CLG-WALKER CLG        ,AL,35501-0000,Public       ,181,176,357,181,176,357
00573400,H. COUNCILL TRENHOLM STATE TECH COLLEGE ,AL,36108-0020,Public       ,165,446,611,165,446,611
00573401,H. C. TRENHOLM ST TECH COL-PATTERSON CAM,AL,36116-2612,Public       ,101,219,320,101,219,320
00787100,GEORGE C WALLACE STATE CMTY CLG         ,AL,35077-2000,Public       ,968,1179,2147,968,1179,2147
00831000,AUBURN UNIVERSITY-MONTGOMERY            ,AL,36124-0000,Public       ,1636,1457,3093,1636,1457,3093
00898800,LURLEEN B WALLACE COMMUNITY COLLEGE     ,AL,36420-0418,Public       ,427,347,774,427,347,774
01019300,HERZING COLLEGE                         ,AL,35209-4816,Proprietary  ,43,384,427,43,384,427
01055400,CONCORDIA COLLEGE                       ,AL,36701-3323,Private      ,213,108,321,213,108,321
01218200,CHATTAHOOCHEE VALLEY CMTY CLG           ,AL,36869-7917,Public       ,283,376,659,283,376,659
01303906,SOUTH UNIVERSITY - MONTGOMERY           ,AL,36116-1120,Proprietary  ,118,477,595,118,477,595
02170600,UNITED STATES SPORTS ACADEMY            ,AL,36526-7055,Private      ,11,169,180,11,169,180
02199700,HERITAGE CHRISTIAN UNIVERSITY           ,AL,35630-0000,Private      ,8,16,24,8,16,24
02270400,SOUTHEASTERN BIBLE COLLEGE              ,AL,35244-2083,Private      ,36,46,82,36,46,82
02285000,PAUL MITCHELL THE SCHOOL HUNTSVILLE     ,AL,35758-0000,Proprietary  ,3,13,16,3,13,16
02296000,PRINCE INSTITUTE OF PROFESSIONAL STUDIES,AL,36117-0000,Proprietary  ,6,36,42,6,36,42
02341000,FORTIS COLLEGE                          ,AL,36609-0000,Proprietary  ,34,126,160,34,126,160
02341002,CAPPS COLLEGE - MONTGOMERY              ,AL,36109-3624,Proprietary  ,28,55,83,28,55,83
02341004,FORTIS COLLEGE - SCHOOL OF COSMETOLOGY  ,AL,36609-1981,Proprietary  ,7,19,26,7,19,26
02503400,AMRIDGE UNIVERSITY                      ,AL,36124-0000,Private      ,19,194,213,19,194,213
02605500,REMINGTON COLLEGE - MOBILE CAMPUS       ,AL,36609-5593,Proprietary  ,63,292,355,63,292,355
03010600,VIRGINIA COLLEGE                        ,AL,35209-5154,Proprietary  ,309,4825,5134,309,4825,5134
03010602,VIRGINIA COLLEGE - HUNTSVILLE           ,AL,35805-0000,Proprietary  ,59,343,402,59,343,402
03010607,VIRGINIA COLLEGE - MOBILE               ,AL,36606-4748,Proprietary  ,35,246,281,35,246,281
03010616,VIRGINIA COLLEGE - MONTGOMERY           ,AL,36117-2802,Proprietary  ,88,383,471,88,383,471
03032500,ALABAMA STATE CLG BARBER STYLING        ,AL,35215-8308,Proprietary  ,29,20,49,29,20,49
03361400,FORTIS COLLEGE                          ,AL,36535-3547,Proprietary  ,2,29,31,2,29,31
03459300,SOUTHEASTERN SCHOOL OF COSMETOLOGY      ,AL,35228-0000,Private      ,10,12,22,10,12,22
03783300,BLUE CLIFF CAREER COLLEGE               ,AL,63306-4749,Proprietary  ,13,54,67,13,54,67
03894300,HUNTSVILLE BIBLE COLLEGE                ,AL,35811-0000,Private      ,9,20,29,9,20,29
04066300,CARDIAC AND VASCULAR INSTITUTE OF ULTRAS,AL,36604-1411,Proprietary  ,5,35,40,5,35,40
04067300,SELMA UNIVERSITY                        ,AL,36701-0000,Private      ,32,66,98,32,66,98
04121500,COLUMBIA SOUTHERN UNIVERSITY            ,AL,36561-3815,Proprietary  ,74,2447,2521,74,2447,2521
04149200,XCELL ACADEMY-A PAUL MITCHELL PARTNER SC,AL,35216-4990,Proprietary  ,20,54,74,20,54,74
00111100,ALLAN HANCOCK COLLEGE                   ,CA,93454-6399,Public       ,1928,1530,3458,1928,1530,3458
00111300,ANTELOPE VALLEY COLLEGE                 ,CA,93536-5426,Public       ,3061,3176,6237,3061,3176,6237
00111600,ART CENTER COLLEGE OF DESIGN            ,CA,91103-1999,Private      ,1228,1034,2262,1228,1034,2262
00111700,AZUSA PACIFIC UNIVERSITY                ,CA,91702-7000,Private      ,6948,3039,9987,6948,3039,9987
00111800,BAKERSFIELD COLLEGE                     ,CA,93305-1299,Public       ,6220,4993,11213,6220,4993,11213
00111900,BARSTOW COMMUNITY COLLEGE               ,CA,92311-6608,Public       ,309,894,1203,309,894,1203
00112000,AMER BAPT SEM OF THE WEST-BERKELEY      ,CA,94704-0000,Private      ,7,32,39,7,32,39
00112100,BETHANY UNIVERSITY /  ASSEMBLIES OF GOD ,CA,95066-2896,Private      ,301,160,461,301,160,461
00112200,BIOLA UNIVERSITY                        ,CA,90639-0001,Private      ,4571,1241,5812,4571,1241,5812
00112300,BROOKS INSTITUTE                        ,CA,93103-1809,Proprietary  ,585,353,938,585,353,938
00112400,CABRILLO COLLEGE                        ,CA,95003-3194,Public       ,2521,2187,4708,2521,2187,4708
00112500,CALIFORNIA BAPTIST UNIVERSITY           ,CA,92504-3297,Private      ,3776,1472,5248,3776,1472,5248
00112700,CALIFORNIA COLLEGE OF THE ARTS          ,CA,94107-2206,Private      ,1599,1442,3041,1599,1442,3041
00113100,CALIFORNIA INSTITUTE OF TECHNOLOGY      ,CA,91125-0001,Private      ,3061,427,3488,3061,427,3488
00113200,CALIFORNIA INSTITUTE OF THE ARTS        ,CA,91355-2397,Private      ,1693,1386,3079,1693,1386,3079
00113300,CALIFORNIA LUTHERAN UNIVERSITY          ,CA,91360-2787,Private      ,3537,784,4321,3537,784,4321
00113400,CALIFORNIA MARITIME ACADEMY             ,CA,94590-8181,Public       ,600,231,831,600,231,831
00113700,CALIF STATE UNIV-FULLERTON              ,CA,92831-3599,Public       ,34249,13789,48038,34249,13789,48038
00113800,"CALIFORNIA STATE UNIVERSITY, EAST BAY   ",CA,94542-3000,Public       ,10260,7465,17725,10260,7465,17725
00113900,CALIF STATE UNIV-LONG BEACH             ,CA,90840-0006,Public       ,41979,15841,57820,41979,15841,57820
00114000,CALIF STATE UNIV-LOS ANGELES            ,CA,90032-4226,Public       ,22824,13308,36132,22824,13308,36132
00114100,"CALIF STATE UNIV, DOMINGUEZ HILLS       ",CA,90747-0001,Public       ,11972,8972,20944,11972,8972,20944
00114200,CALIF STATE UNIV SAN BERNARDINO         ,CA,92407-2397,Public       ,13412,7550,20962,13412,7550,20962
00114300,CAL POLY STATE UNIVERSITY               ,CA,93407-0001,Public       ,28606,3206,31812,28606,3206,31812
00114400,CALIF STATE POLYTECHNIC UNIV POMONA     ,CA,91768-2500,Public       ,23261,7416,30677,23261,7416,30677
00114600,CALIF STATE UNIV - CHICO                ,CA,95929-0001,Public       ,13628,3892,17520,13628,3892,17520
00114700,CALIF STATE UNIV - FRESNO               ,CA,93740-8026,Public       ,16941,7024,23965,16941,7024,23965
00114900,HUMBOLDT STATE UNIVERSITY               ,CA,95521-8299,Public       ,8797,2703,11500,8797,2703,11500
00115000,CALIF STATE UNIV-SACRAMENTO             ,CA,95819-6044,Public       ,21960,12166,34126,21960,12166,34126
00115100,SAN DIEGO STATE UNIVERSITY              ,CA,92182-1690,Public       ,38141,11667,49808,38141,11667,49808
00115300,CALIF STATE UNIV-NORTHRIDGE             ,CA,91330-8307,Public       ,28127,12666,40793,28127,12666,40793
00115400,SAN FRANCISCO STATE UNIVERSITY          ,CA,94132-1740,Public       ,28282,14139,42421,28282,14139,42421
00115500,SAN JOSE STATE UNIVERSITY               ,CA,95192-0036,Public       ,22177,10549,32726,22177,10549,32726
00115600,SONOMA STATE UNIVERSITY                 ,CA,94928-3609,Public       ,8967,2175,11142,8967,2175,11142
00115700,CALIF STATE UNIV-STANISLAUS             ,CA,95382-0299,Public       ,7143,3979,11122,7143,3979,11122
00116100,CERRITOS COLLEGE                        ,CA,90650-6296,Public       ,8917,4806,13723,8917,4806,13723
00116200,CHABOT COLLEGE                          ,CA,94545-2400,Public       ,3103,2615,5718,3103,2615,5718
00116300,CHAFFEY COLLEGE                         ,CA,91737-9400,Public       ,6372,4913,11285,6372,4913,11285
00116400,CHAPMAN UNIVERSITY                      ,CA,92866-1099,Private      ,7754,3528,11282,7754,3528,11282
00116415,CHAPMAN UNIVERSITY - IRVINE CAMPUS      ,CA,92618-3801,Private      ,277,1741,2018,277,1741,2018
00116453,CHAPMAN UNIVERSITY SCHOOL OF LAW        ,CA,92866-0000,Private      ,60,1630,1690,60,1630,1690
00116500,CHURCH DIV SCH OF THE PACIFIC           ,CA,94709-0000,Private      ,1,45,46,1,45,46
00116600,CITRUS COLLEGE                          ,CA,91741-1899,Public       ,4718,2372,7090,4718,2372,7090
00116900,CLAREMONT GRADUATE UNIVERSITY           ,CA,91711-0000,Private      ,12,1280,1292,12,1280,1292
00117000,CLAREMONT MCKENNA COLLEGE               ,CA,91711-6400,Private      ,2953,130,3083,2953,130,3083
00117100,HARVEY MUDD COLLEGE                     ,CA,91711-5990,Private      ,2003,49,2052,2003,49,2052
00117200,PITZER COLLEGE                          ,CA,91711-6101,Private      ,2727,149,2876,2727,149,2876
00117300,POMONA COLLEGE                          ,CA,91711-6301,Private      ,4243,126,4369,4243,126,4369
00117400,SCRIPPS COLLEGE                         ,CA,91711-3948,Private      ,1482,76,1558,1482,76,1558
00117600,WEST HILLS COMMUNITY COLLEGE            ,CA,93210-1399,Public       ,708,445,1153,708,445,1153
00117700,COGSWELL POLYTECHNICAL COLLEGE          ,CA,94089-1210,Private      ,89,42,131,89,42,131
00117800,COLLEGE OF MARIN                        ,CA,94904-2590,Public       ,512,958,1470,512,958,1470
00117801,COLG OF MARIN-INDIAN VALLEY CMPS        ,CA,94949-0000,Public       ,27,51,78,27,51,78
00117900,NOTRE DAME DE NAMUR UNIVERSITY          ,CA,94002-1997,Private      ,807,476,1283,807,476,1283
00118100,COLLEGE OF SAN MATEO                    ,CA,94402-3784,Public       ,1462,982,2444,1462,982,2444
00118200,COLLEGE OF THE DESERT                   ,CA,92260-9305,Public       ,2561,1624,4185,2561,1624,4185
00118300,HOLY NAMES UNIVERSITY                   ,CA,94619-1699,Private      ,655,420,1075,655,420,1075
00118500,COLLEGE OF THE REDWOODS                 ,CA,95501-9300,Public       ,1580,1769,3349,1580,1769,3349
00118600,COLLEGE OF THE SEQUOIAS                 ,CA,93277-2234,Public       ,3664,2624,6288,3664,2624,6288
00118700,COLLEGE OF THE SISKIYOUS                ,CA,96094-2899,Public       ,593,548,1141,593,548,1141
00118701,COLLEGE OF THE SISKIYOUS - YREKA CENTER ,CA,96097-9538,Public       ,42,64,106,42,64,106
00119000,CONTRA COSTA COLLEGE                    ,CA,94806-3195,Public       ,1010,1420,2430,1010,1420,2430
00119100,DIABLO VALLEY COLLEGE                   ,CA,94523-1544,Public       ,2731,1914,4645,2731,1914,4645
00119200,CUESTA COLLEGE                          ,CA,93403-8106,Public       ,2474,1339,3813,2474,1339,3813
00119300,CYPRESS COLLEGE                         ,CA,90630-5897,Public       ,5076,3190,8266,5076,3190,8266
00119600,DOMINICAN UNIVERSITY OF CALIFORNIA      ,CA,94901-2298,Private      ,2316,834,3150,2316,834,3150
00119700,EL CAMINO COLLEGE                       ,CA,90506-0002,Public       ,6518,4211,10729,6518,4211,10729
00119701,COMPTON COMMUNITY COLLEGE               ,CA,90221-5393,Public       ,1077,1306,2383,1077,1306,2383
00119900,FOOTHILL COLLEGE                        ,CA,94022-4597,Public       ,1592,1562,3154,1592,1562,3154
00120000,FULLER THEOLOGICAL SEMINARY             ,CA,91182-0000,Private      ,13,1613,1626,13,1613,1626
00120100,FULLERTON COLLEGE                       ,CA,92832-2095,Public       ,6821,2951,9772,6821,2951,9772
00120200,GAVILAN COLLEGE                         ,CA,95020-9599,Public       ,759,596,1355,759,596,1355
00120300,GLENDALE COMMUNITY COLLEGE              ,CA,91208-2894,Public       ,4632,3233,7865,4632,3233,7865
00120400,GOLDEN GATE BAPT THEOL SEMINARY         ,CA,94941-0000,Private      ,1,33,34,1,33,34
00120500,GOLDEN GATE UNIVERSITY                  ,CA,94105-2967,Private      ,98,2422,2520,98,2422,2520
00120600,GOLDEN WEST COLLEGE                     ,CA,92647-2748,Public       ,4354,2629,6983,4354,2629,6983
00120700,GRADUATE THEOLOGICAL UNION              ,CA,94709-0000,Private      ,4,267,271,4,267,271
00120800,GROSSMONT COLLEGE                       ,CA,92020-1798,Public       ,3907,3405,7312,3907,3405,7312
00120900,HARTNELL COMMUNITY COLLEGE              ,CA,93901-1697,Public       ,1671,983,2654,1671,983,2654
00121200,HUMPHREYS COLLEGE                       ,CA,95207-3896,Private      ,174,557,731,174,557,731
00121400,IMPERIAL VALLEY COLLEGE                 ,CA,92251-9787,Public       ,2031,788,2819,2031,788,2819
00121500,LA SIERRA UNIVERSITY                    ,CA,92515-3332,Private      ,1683,418,2101,1683,418,2101
00121600,UNIVERSITY OF LA VERNE                  ,CA,91750-4443,Private      ,3254,3750,7004,3254,3750,7004
00121700,LASSEN COLLEGE                          ,CA,96130-3000,Public       ,142,177,319,142,177,319
00121800,LOMA LINDA UNIVERSITY                   ,CA,92350-0001,Private      ,675,3706,4381,675,3706,4381
00121900,LONG BEACH CITY COLLEGE                 ,CA,90808-1780,Public       ,8455,6654,15109,8455,6654,15109
00122000,MASTER'S COLLEGE & SEMINARY (THE)       ,CA,91321-1200,Private      ,1058,200,1258,1058,200,1258
00122300,LOS ANGELES CITY COLLEGE                ,CA,90029-3588,Public       ,3696,4459,8155,3696,4459,8155
00122400,LOS ANGELES HARBOR COLLEGE              ,CA,90744-2397,Public       ,1910,1824,3734,1910,1824,3734
00122600,LOS ANGELES PIERCE COLLEGE              ,CA,91371-0001,Public       ,5585,3293,8878,5585,3293,8878
00122700,LOS ANGELES TRADE TECH COLLEGE          ,CA,90015-4181,Public       ,2400,3228,5628,2400,3228,5628
00122800,LOS ANGELES VALLEY COLLEGE              ,CA,91401-4096,Public       ,4130,3515,7645,4130,3515,7645
00122900,SO CA UNIV  HEALTH SCIENCES             ,CA,90604-4051,Private      ,16,299,315,16,299,315
00123000,SOUTHERN CA COLLEGE OF OPTOMETRY        ,CA,92831-1699,Private      ,4,264,268,4,264,268
00123200,AMERICAN RIVER COLLEGE                  ,CA,95841-4286,Public       ,6888,8736,15624,6888,8736,15624
00123300,SACRAMENTO CITY COLLEGE                 ,CA,95822-1386,Public       ,7650,7187,14837,7650,7187,14837
00123600,MENLO COLLEGE                           ,CA,94027-4301,Private      ,1066,84,1150,1066,84,1150
00123700,MERCED COMMUNITY COLLEGE                ,CA,95348-2898,Public       ,3662,2493,6155,3662,2493,6155
00123800,MILLS COLLEGE                           ,CA,94613-1301,Private      ,1686,1417,3103,1686,1417,3103
00123900,MIRACOSTA COLLEGE                       ,CA,92056-3899,Public       ,1775,1711,3486,1775,1711,3486
00124000,MODESTO JUNIOR COLLEGE                  ,CA,95350-5800,Public       ,5988,5345,11333,5988,5345,11333
00124200,MONTEREY PENINSULA COLLEGE              ,CA,93940-4799,Public       ,1324,916,2240,1324,916,2240
00124300,MOUNT ST MARYS COLLEGE                  ,CA,90049-1599,Private      ,2422,1270,3692,2422,1270,3692
00124500,MT. SAN ANTONIO COLLEGE                 ,CA,91789-1399,Public       ,9620,5264,14884,9620,5264,14884
00124600,MT SAN JACINTO COLLEGE                  ,CA,92583-2399,Public       ,3530,4187,7717,3530,4187,7717
00124700,NAPA VALLEY COLLEGE                     ,CA,94558-6236,Public       ,1252,981,2233,1252,981,2233
00124900,OCCIDENTAL COLLEGE                      ,CA,90041-3314,Private      ,4853,232,5085,4853,232,5085
00125000,ORANGE COAST COLLEGE - FIN AID OFF      ,CA,92628-5005,Public       ,7792,3786,11578,7792,3786,11578
00125100,OTIS COLLEGE OF ART AND DESIGN          ,CA,90045-3505,Private      ,1273,471,1744,1273,471,1744
00125200,HOPE INTERNATIONAL UNIVERSITY           ,CA,92631-0000,Private      ,433,351,784,433,351,784
00125300,FRESNO PACIFIC UNIVERSITY               ,CA,93702-4798,Private      ,1691,1728,3419,1691,1728,3419
00125400,PACIFIC LUTHERAN THEOLOGICAL SEM        ,CA,94708-0000,Private      ,1,63,64,1,63,64
00125500,PACIFIC OAKS COLLEGE                    ,CA,91103-3592,Private      ,14,196,210,14,196,210
00125600,PACIFIC SCHOOL OF RELIGION              ,CA,94709-0000,Private      ,0,145,145,0,145,145
00125800,PACIFIC UNION COLLEGE                   ,CA,94508-9797,Private      ,1214,222,1436,1214,222,1436
00125900,PALO VERDE COLLEGE                      ,CA,92225-0000,Public       ,74,87,161,74,87,161
00126000,PALOMAR COLLEGE                         ,CA,92069-1486,Public       ,4076,2457,6533,4076,2457,6533
00126100,PASADENA CITY COLLEGE                   ,CA,91106-2003,Public       ,10186,4198,14384,10186,4198,14384
00126200,POINT LOMA NAZARENE UNIVERSITY          ,CA,92106-2899,Private      ,3707,580,4287,3707,580,4287
00126600,LANEY COLLEGE                           ,CA,94607-4893,Public       ,2059,2710,4769,2059,2710,4769
00126700,MERRITT COLLEGE                         ,CA,94619-3196,Public       ,987,1414,2401,987,1414,2401
00126800,PORTERVILLE COLLEGE                     ,CA,93257-6059,Public       ,1158,1030,2188,1158,1030,2188
00126900,RIO HONDO COLLEGE                       ,CA,90601-1699,Public       ,5938,3095,9033,5938,3095,9033
00127000,RIVERSIDE COMMUNITY COLLEGE             ,CA,92506-1299,Public       ,11823,9178,21001,11823,9178,21001
00127200,SAN BERNARDINO VALLEY COLLEGE           ,CA,92410-2798,Public       ,4004,4357,8361,4004,4357,8361
00127300,SAN DIEGO CITY COLLEGE                  ,CA,92101-4787,Public       ,4499,4388,8887,4499,4388,8887
00127500,SAN DIEGO MESA COLLEGE                  ,CA,92111-4996,Public       ,4748,3502,8250,4748,3502,8250
00127800,SAN FRANCISCO CONSERVATORY OF MUSIC     ,CA,94122-4498,Private      ,269,310,579,269,310,579
00127900,SAN FRANCISCO THEOLOGICAL SEMINARY      ,CA,94960-0000,Private      ,0,43,43,0,43,43
00128000,SAN JOAQUIN DELTA COLLEGE               ,CA,95207-6370,Public       ,5379,4423,9802,5379,4423,9802
00128100,WILLIAM JESSUP UNIVERSITY               ,CA,95765-3707,Private      ,596,276,872,596,276,872
00128200,SAN JOSE CITY COLLEGE                   ,CA,95128-2797,Public       ,2224,2116,4340,2224,2116,4340
00128400,SANTA ANA COLLEGE                       ,CA,92706-3398,Public       ,3934,2542,6476,3934,2542,6476
00128500,SANTA BARBARA CITY COLLEGE              ,CA,93109-2394,Public       ,3861,1772,5633,3861,1772,5633
00128600,SANTA MONICA COLLEGE                    ,CA,90405-1644,Public       ,9708,3949,13657,9708,3949,13657
00128700,SANTA ROSA JUNIOR COLLEGE               ,CA,95401-4395,Public       ,3122,2661,5783,3122,2661,5783
00128800,CLAREMONT SCHOOL OF THEOLOGY            ,CA,91711-0000,Private      ,1,146,147,1,146,147
00128900,SHASTA COLLEGE                          ,CA,96049-7692,Public       ,2412,2096,4508,2412,2096,4508
00129000,SIERRA COLLEGE                          ,CA,95677-3397,Public       ,4040,3641,7681,4040,3641,7681
00129100,SIMPSON UNIVERSITY                      ,CA,96003-8606,Private      ,983,495,1478,983,495,1478
00129200,SOLANO COMMUNITY COLLEGE                ,CA,94534-3197,Public       ,1938,2356,4294,1938,2356,4294
00129300,VANGUARD UNIVERSITY OF SOUTHERN CA      ,CA,92626-6597,Private      ,1475,449,1924,1475,449,1924
00129400,SOUTHWESTERN COLLEGE                    ,CA,91910-7299,Public       ,4847,2640,7487,4847,2640,7487
00129500,SOUTHWESTERN LAW SCHOOL                 ,CA,90010-1106,Private      ,23,2428,2451,23,2428,2451
00129600,DOMINICAN SCH PHILOSOPHY & THEOLOGY     ,CA,94709-0000,Private      ,11,37,48,11,37,48
00129900,ST JOHN'S SEMINARY COLLEGE              ,CA,93010-0000,Private      ,4,2,6,4,2,6
00130200,SAINT MARY'S COLLEGE OF CALIFORNIA      ,CA,94556-2744,Private      ,3922,821,4743,3922,821,4743
00130500,STANFORD UNIVERSITY                     ,CA,94305-6106,Private      ,19170,2525,21695,19170,2525,21695
00130501,STANFORD UNIVERSITY - GRADUATE SCHOOL OF,CA,94305-5301,Private      ,65,1073,1138,65,1073,1138
00130502,STANFORD UNIVERSITY - GRADUATE SCHOOL OF,CA,94305-5015,Private      ,55,1029,1084,55,1029,1084
00130503,STANFORD UNIVERSITY - STANFORD LAW SCHOO,CA,94305-3096,Private      ,53,1918,1971,53,1918,1971
00130700,FRESNO CITY COLLEGE                     ,CA,93741-0002,Public       ,10530,7118,17648,10530,7118,17648
00130800,REEDLEY COLLEGE                         ,CA,93654-2099,Public       ,3654,2079,5733,3654,2079,5733
00130900,TAFT COLLEGE                            ,CA,93268-2317,Public       ,799,513,1312,799,513,1312
00131200,UNIVERSITY OF CALIFORNIA-BERKELEY       ,CA,94720-1520,Public       ,46152,15496,61648,46152,15496,61648
00131300,UNIVERSITY OF CALIFORNIA-DAVIS          ,CA,95616-8558,Public       ,44323,12326,56649,44323,12326,56649
00131400,UNIVERSITY OF CALIFORNIA-IRVINE         ,CA,92697-2825,Public       ,47892,9587,57479,47892,9587,57479
00131500,UNIVERSITY OF CALIFORNIA (UCLA)         ,CA,90095-9000,Public       ,57367,21834,79201,57367,21834,79201
00131502,UNIV OF CALIFORNIA LOS ANG SCH MED      ,CA,90095-0000,Public       ,118,839,957,118,839,957
00131503,UNIV OF CALIFORNIA LOS ANG DENTAL       ,CA,90095-0000,Public       ,35,106,141,35,106,141
00131600,UNIVERSITY OF CALIFORNIA-RIVERSIDE      ,CA,92521-0209,Public       ,29855,5362,35217,29855,5362,35217
00131700,UNIVERSITY OF CALIFORNIA-SAN DIEGO      ,CA,92093-0013,Public       ,43769,8124,51893,43769,8124,51893
00131900,UNIVERSITY OF CALIFORNIA-SFRANCISCO     ,CA,94143-0246,Public       ,830,3223,4053,830,3223,4053
00132000,UNIVERSITY OF CALIFORNIA-SANTA BARB     ,CA,93106-3180,Public       ,43231,6167,49398,43231,6167,49398
00132100,UNIVERSITY OF CALIFORNIA-SANTA CRUZ     ,CA,95064-0001,Public       ,27799,3643,31442,27799,3643,31442
00132200,UNIVERSITY OF REDLANDS                  ,CA,92373-0999,Private      ,3859,1206,5065,3859,1206,5065
00132500,UNIVERSITY OF SAN FRANCISCO             ,CA,94117-1080,Private      ,8258,5831,14089,8258,5831,14089
00132600,SANTA CLARA UNIVERSITY                  ,CA,95053-4956,Private      ,8905,3653,12558,8905,3653,12558
00132604,JESUIT SCHOOL OF THEOLOGY - BERKELEY    ,CA,94709-1193,Private      ,0,37,37,0,37,37
00132800,UNIVERSITY OF SOUTHERN CALIFORNIA       ,CA,90089-0914,Private      ,29235,17163,46398,29235,17163,46398
00132900,UNIVERSITY OF THE PACIFIC               ,CA,95211-0197,Private      ,10643,2471,13114,10643,2471,13114
00132901,UNIVERSITY OF THE PACIFIC - MCGEORGE SCH,CA,95817-2799,Private      ,98,1911,2009,98,1911,2009
00132902,UNIV OF THE PACIFIC SCH OF DENT         ,CA,94115-0000,Private      ,36,414,450,36,414,450
00133400,VENTURA COLLEGE                         ,CA,93003-3899,Public       ,2426,1659,4085,2426,1659,4085
00133500,VICTOR VALLEY COLLEGE                   ,CA,92395-5849,Public       ,2614,3358,5972,2614,3358,5972
00133800,WEST VALLEY COLLEGE                     ,CA,95070-5697,Public       ,1330,1000,2330,1330,1000,2330
00134100,WESTMONT COLLEGE                        ,CA,93108-1099,Private      ,2006,55,2061,2006,55,2061
00134200,WHITTIER COLLEGE                        ,CA,90601-4413,Private      ,2612,259,2871,2612,259,2871
00134201,WHITTIER COLLEGE - COLLEGE OF LAW       ,CA,92626-1501,Private      ,16,1024,1040,16,1024,1040
00134300,WOODBURY UNIVERSITY                     ,CA,91510-7846,Private      ,879,603,1482,879,603,1482
00134400,YUBA COLLEGE                            ,CA,95901-7699,Public       ,1758,1812,3570,1758,1812,3570
00134401,YUBA COLLEGE - WOODLAND COLLEGE - YOLO C,CA,95776-9327,Public       ,555,470,1025,555,470,1025
00177212,TRINITY INTERNATIONAL UNIV-CA           ,CA,92705-0000,Private      ,2,90,92,2,90,92
00274100,AMERICAN JEWISH UNIVERSITY              ,CA,90077-1599,Private      ,70,85,155,70,85,155
00301002,ANTIOCH UNIV/LOS ANGELES                ,CA,90230-7615,Private      ,44,491,535,44,491,535
00301003,ANTIOCH  UNIV/SANTA BARBARA             ,CA,93101-0000,Private      ,402,285,687,402,285,687
00369110,MIDDLEBURY COLLEGE - MONTEREY INSTITUTE ,CA,93940-2691,Private      ,20,597,617,20,597,617
00394700,UC-HASTINGS COLLEGE OF THE LAW          ,CA,94102-0000,Public       ,16,3805,3821,16,3805,3821
00394800,SAN FRANCISCO ART INSTITUTE             ,CA,94133-2299,Private      ,1172,621,1793,1172,621,1793
00405500,HEBREW UNION COLLEGE - JEWISH INSTITUTE ,CA,90007-3796,Private      ,0,37,37,0,37,37
00408000,STARR KING SCHOOL FOR THE MINISTRY      ,CA,94709-1299,Private      ,0,48,48,0,48,48
00448000,DE ANZA COLLEGE                         ,CA,95014-5793,Public       ,4359,2318,6677,4359,2318,6677
00448100,OHLONE COLLEGE                          ,CA,94539-5847,Public       ,1616,1037,2653,1616,1037,2653
00448101,OHLONE COLLEGE - NEWARK CENTER FOR HEALT,CA,94560-4902,Public       ,111,91,202,111,91,202
00448400,JOHN F. KENNEDY UNIVERSITY              ,CA,94523-4817,Private      ,13,774,787,13,774,787
00449000,PATTEN UNIVERSITY                       ,CA,94601-2699,Private      ,95,159,254,95,159,254
00449400,EVEREST COLLEGE                         ,CA,92408-3752,Proprietary  ,157,175,332,157,175,332
00450200,CITY COLLEGE OF SAN FRANCISCO           ,CA,94112-0000,Public       ,5139,4916,10055,5139,4916,10055
00563800,DOWNEY ADULT SCHOOL                     ,CA,90241-5610,Public       ,34,105,139,34,105,139
00565500,HACIENDA LA PUENTE ADULT EDUC CTR       ,CA,91746-0000,Public       ,55,127,182,55,127,182
00616500,LA CNTY CLG OF NURSING & ALLD HLTH      ,CA,90033-1018,Public       ,69,235,304,69,235,304
00672000,COLLEGE OF ALAMEDA                      ,CA,94501-2109,Public       ,1134,1049,2183,1134,1049,2183
00673100,CASA LOMA COLLEGE                       ,CA,91405-4523,Private      ,49,118,167,49,118,167
00686300,VENTURA COUNTY CMTY CLG DISTRICT        ,CA,93010-8552,Public       ,20,13,33,20,13,33
00697300,CANADA COLLEGE                          ,CA,94061-1099,Public       ,517,575,1092,517,575,1092
00697500,LINCOLN UNIVERSITY                      ,CA,94612-2801,Private      ,14,42,56,14,42,56
00701200,SAMUEL MERRITT COLLEGE                  ,CA,94609-3108,Private      ,263,1468,1731,263,1468,1731
00704700,LOS ANGELES SOUTHWEST COLLEGE           ,CA,90047-4810,Public       ,1378,2300,3678,1378,2300,3678
00705000,BAY VISTA COLLEGE OF BEAUTY             ,CA,91950-3616,Proprietary  ,14,21,35,14,21,35
00711500,MOORPARK COLLEGE                        ,CA,93021-1695,Public       ,2178,1285,3463,2178,1285,3463
00713000,NEWBERRY SCHOOLS OF BEAUTY              ,CA,91344-7404,Proprietary  ,7,12,19,7,12,19
00714200,LYLE'S COLLEGE OF BEAUTY                ,CA,93710-3948,Proprietary  ,49,26,75,49,26,75
00714201,LYLE'S CLG OF BTY BAKERSFIELD           ,CA,93301-0000,Proprietary  ,45,44,89,45,44,89
00716400,BRYAN COLLEGE                           ,CA,90057-0000,Proprietary  ,87,517,604,87,517,604
00717801,WESTERN SEMINARY - BAY AREA CENTER      ,CA,95032-0000,Private      ,2,11,13,2,11,13
00717804,WESTERN SEMINARY - SACRAMENTO           ,CA,95821-3939,Private      ,12,27,39,12,27,39
00718700,NORTH ADRIAN'S COLLEGE OF BEAUTY        ,CA,95350-2381,Proprietary  ,46,26,72,46,26,72
00719000,WYOTECH                                 ,CA,94539-7663,Proprietary  ,279,412,691,279,412,691
00720300,SALON SUCCESS ACADEMY                   ,CA,91786-4060,Proprietary  ,31,23,54,31,23,54
00720400,MODERN BEAUTY ACADEMY                   ,CA,93030-7016,Proprietary  ,12,6,18,12,6,18
00722900,WESTERN BEAUTY INSTITUTE                ,CA,91402-3104,Proprietary  ,16,19,35,16,19,35
00723400,HEALD COLLEGE                           ,CA,94105-2206,Proprietary  ,318,913,1231,318,913,1231
00723600,ART INST OF CALIFORNIA-LOS ANGELES      ,CA,90405-3035,Proprietary  ,4291,2960,7251,4291,2960,7251
00725300,FEDERICO BEAUTY INSTITUTE               ,CA,95834-1905,Proprietary  ,120,85,205,120,85,205
00729600,COLEMAN COLLEGE                         ,CA,92123-0000,Private      ,120,311,431,120,311,431
00746501,AMERICAN ACADEMY OF DRAMATIC ARTS - HOLL,CA,90028-7504,Private      ,199,64,263,199,64,263
00747600,MARINELLO SCHOOLS OF BEAUTY             ,CA,90023-2666,Proprietary  ,177,330,507,177,330,507
00747602,MARINELLO SCHOOLS OF BEAUTY - SPA ACADEM,CA,90048-5101,Proprietary  ,41,18,59,41,18,59
00747603,MARINELLO SCHOOLS OF BEAUTY - INGLEWOOD ,CA,90301-2306,Proprietary  ,8,7,15,8,7,15
00747604,MARINELLO SCHOOLS OF BEAUTY - RESEDA    ,CA,91335-4218,Proprietary  ,14,8,22,14,8,22
00747605,MARINELLO SCHOOLS OF BEAUTY - NORTH HOLL,CA,91606-3210,Proprietary  ,21,14,35,21,14,35
00747606,MARINELLO SCHOOLS OF BEAUTY - WEST COVIN,CA,91790-2805,Proprietary  ,13,9,22,13,9,22
00747607,MARINELLO SCHOOLS OF BEAUTY - SAN BERNAR,CA,92410-3261,Proprietary  ,63,30,93,63,30,93
00747608,MARINELLO SCHOOLS OF BEAUTY - ONTARIO   ,CA,91762-2113,Proprietary  ,68,39,107,68,39,107
00747609,MARINELLO SCHOOLS OF BEAUTY - WHITTIER  ,CA,90601-4107,Proprietary  ,35,8,43,35,8,43
00747611,MARINELLO SCHOOLS OF BEAUTY - SAN DIEGO ,CA,92126-4217,Proprietary  ,79,41,120,79,41,120
00747700,"HEALD COLLEGE,SCHOOLS OF BUS & TECH     ",CA,95670-6005,Proprietary  ,223,705,928,223,705,928
00753100,ACADEMY OF ART UNIVERSITY               ,CA,94105-3410,Proprietary  ,4387,5269,9656,4387,5269,9656
00753600,COSUMNES RIVER COLLEGE                  ,CA,95823-5799,Public       ,4585,3860,8445,4585,3860,8445
00754802,WESTWOOD COLLEGE OF TECHNOLOGY          ,CA,92801-0000,Proprietary  ,890,453,1343,890,453,1343
00754803,WESTWOOD COLLEGE OF TECHNOLOGY          ,CA,91786-0000,Proprietary  ,754,542,1296,754,542,1296
00760600,EVEREST COLLEGE                         ,CA,90010-2221,Proprietary  ,193,202,395,193,202,395
00760700,CONCORDE CAREER INSTITUTE               ,CA,91606-3134,Proprietary  ,106,248,354,106,248,354
00770700,COLUMBIA COLLEGE                        ,CA,95370-8580,Public       ,571,466,1037,571,466,1037
00771300,SKYLINE COLLEGE                         ,CA,94066-1698,Public       ,1595,1072,2667,1595,1072,2667
00793000,CONCORDE CAREER INSTITUTE               ,CA,92108-0000,Proprietary  ,113,283,396,113,283,396
00799300,CALIF STATE UNIV BAKERSFIELD            ,CA,93311-1022,Public       ,6185,3841,10026,6185,3841,10026
00807100,CONCORDE CAREER INSTITUTE               ,CA,92840-9201,Proprietary  ,128,298,426,128,298,426
00807300,BUTTE COMMUNITY COLLEGE                 ,CA,95965-0000,Public       ,3795,3478,7273,3795,3478,7273
00809000,EVEREST COLLEGE                         ,CA,91803-1310,Proprietary  ,108,161,269,108,161,269
00809300,HEALD COLLEGE                           ,CA,93704-1706,Proprietary  ,620,1024,1644,620,1024,1644
00853200,HEALD COLLEGE                           ,CA,94545-2352,Proprietary  ,509,1171,1680,509,1171,1680
00853202,HEALD COLLEGE - MODESTO                 ,CA,95368-9095,Proprietary  ,1,0,1,1,0,1
00853700,CONCORDE CAREER INSTITUTE               ,CA,92401-0000,Proprietary  ,179,461,640,179,461,640
00859600,WEST LOS ANGELES COLLEGE                ,CA,90230-3500,Public       ,1574,2465,4039,1574,2465,4039
00859700,FEATHER RIVER COLLEGE                   ,CA,95971-9124,Public       ,424,255,679,424,255,679
00884400,CALIFORNIA CHRISTIAN COLLEGE            ,CA,93703-3599,Private      ,52,45,97,52,45,97
00884600,WRIGHT INSTITUTE                        ,CA,94704-0000,Private      ,1,255,256,1,255,256
00890300,COLLEGE OF THE CANYONS                  ,CA,91355-1899,Public       ,2772,1470,4242,2772,1470,4242
00891800,SADDLEBACK COLLEGE                      ,CA,92692-3699,Public       ,1987,1782,3769,1987,1782,3769
00902200,ASSOCIATED TECHNICAL COLLEGE            ,CA,90017-0000,Proprietary  ,53,64,117,53,64,117
00903200,EMPIRE COLLEGE                          ,CA,95403-2122,Proprietary  ,53,110,163,53,110,163
00915706,WYOMING TECHNICAL INSTITUTE - WEST SACRA,CA,95605-1507,Proprietary  ,274,335,609,274,335,609
00927200,CRAFTON HILLS COLLEGE                   ,CA,92399-1799,Public       ,1671,1192,2863,1671,1192,2863
00932500,ABRAM FRIEDMAN OCCUP CTR                ,CA,90015-3507,Public       ,59,78,137,59,78,137
00950900,SKILLS & BUSINESS EDUCATION CENTER      ,CA,95824-1529,Public       ,120,326,446,120,326,446
00974800,WESTERN CAREER COLLEGE                  ,CA,95826-3203,Proprietary  ,413,1052,1465,413,1052,1465
00974801,WESTERN CAREER COLLEGE - SAN LEANDRO CAM,CA,94578-3711,Proprietary  ,185,358,543,185,358,543
00974802,WESTERN CAREER COLLEGE - PLEASANT HILL C,CA,94523-1984,Proprietary  ,103,184,287,103,184,287
00974803,WESTERN CAREER COLLEGE - STOCKTON       ,CA,95207-5509,Proprietary  ,177,222,399,177,222,399
00974804,WESTERN CAREER COLLEGE - CITRUS HEIGHTS ,CA,95621-5577,Proprietary  ,98,247,345,98,247,345
00974806,WESTERN CAREER COLLEGE -  ANTIOCH/WALNUT,CA,94531-1604,Proprietary  ,70,206,276,70,206,276
00974807,WESTERN CAREER COLLEGE - SAN JOSE       ,CA,95119-1325,Proprietary  ,252,487,739,252,487,739
00974808,WESTERN CAREER COLLEGE - EMERYVILLE     ,CA,94608-3006,Proprietary  ,28,79,107,28,79,107
00974810,WESTERN CAREER COLLEGE - CONCORD        ,CA,94520-5671,Proprietary  ,21,37,58,21,37,58
00998900,SANTA BARBARA BUSINESS COLLEGE          ,CA,93111-0000,Proprietary  ,122,183,305,122,183,305
01011100,CERRO-COSO COMMUNITY COLLEGE            ,CA,93555-9571,Public       ,292,544,836,292,544,836
01014225,TOURO CLG OSEOPATHIC MEDICINE           ,CA,94592-1115,Private      ,10,497,507,10,497,507
01014900,PEPPERDINE UNIVERSITY                   ,CA,90263-0000,Private      ,6673,4330,11003,6673,4330,11003
01034000,LOS MEDANOS COLLEGE                     ,CA,94565-5197,Public       ,1435,1523,2958,1435,1523,2958
01036500,CHARLES R DREW UNIV OF MED & SCI        ,CA,90059-0000,Private      ,88,344,432,88,344,432
01036800,MENNONITE BRETHREN BIBLICAL SEM         ,CA,93727-0000,Private      ,0,16,16,0,16,16
01039500,UNIVERSITY OF SAN DIEGO                 ,CA,92110-2492,Private      ,12832,3514,16346,12832,3514,16346
01039501,UNIVERSITY OF SAN DIEGO - SCHOOL OF LAW ,CA,92110-2492,Private      ,522,3198,3720,522,3198,3720
01044100,PARDEE RAND GRADUATE SCHOOL             ,CA,90407-2138,Private      ,2,13,15,2,13,15
01047400,MARYMOUNT COLLEGE OF PALOS VERDES       ,CA,90275-0000,Private      ,1027,52,1079,1027,52,1079
01072706,DEVRY INST. TECH.                       ,CA,91768-0000,Proprietary  ,284,326,610,284,326,610
01083200,WESTERN STATE UNIV COLLEGE OF LAW       ,CA,92831-3014,Proprietary  ,11,880,891,11,880,891
01085400,THOMAS JEFFERSON SCHOOL OF LAW          ,CA,92110-0000,Private      ,23,1339,1362,23,1339,1362
01102400,EVEREST COLLEGE                         ,CA,94103-2091,Proprietary  ,65,125,190,65,125,190
01110700,EVEREST  COLLEGE                        ,CA,92801-5231,Proprietary  ,202,315,517,202,315,517
01110900,EVEREST COLLEGE                         ,CA,91335-4631,Proprietary  ,83,106,189,83,106,189
01111200,FIDM-FASHION INSTITUTE OF DESIGN        ,CA,90015-1421,Proprietary  ,4466,1244,5710,4466,1244,5710
01111700,ALLIANT INTERNATIONAL UNIVERSITY        ,CA,92131-1799,Private      ,83,1704,1787,83,1704,1787
01111705,ALLIANT INTERNATIONAL UNIVERSITY - LOS A,CA,91803-1360,Private      ,7,455,462,7,455,462
01111706,ALLIANT INTERNATIONAL UNIVERSITY - SAN F,CA,94133-1221,Private      ,21,520,541,21,520,541
01111707,ALLIANT INTERNATIONAL UNIVERSITY - FRESN,CA,93727-2014,Private      ,42,331,373,42,331,373
01112100,EVEREST COLLEGE                         ,CA,94541-4007,Proprietary  ,78,167,245,78,167,245
01112300,EVEREST COLLEGE                         ,CA,90247-4163,Proprietary  ,110,250,360,110,250,360
01146000,NATIONAL UNIVERSITY                     ,CA,92037-1011,Private      ,250,4999,5249,250,4999,5249
01162600,PRACTICAL SCHOOLS                       ,CA,92805-0000,Proprietary  ,346,609,955,346,609,955
01164900,LOYOLA MARYMOUNT UNIVERSITY             ,CA,90045-0000,Private      ,9795,2159,11954,9795,2159,11954
01164901,LMU  - LOYOLA LAW SCHOOL                ,CA,90015-0019,Private      ,451,3356,3807,451,3356,3807
01167200,MENDOCINO COMMUNITY COLLEGE             ,CA,95482-3000,Public       ,612,614,1226,612,614,1226
01169600,NATIONAL POLYTECHNIC COLLEGE OF SCIENCE ,CA,90744-6399,Private      ,23,114,137,23,114,137
01170700,NORTH-WEST COLLEGE                      ,CA,91790-2097,Proprietary  ,33,49,82,33,49,82
01179200,FRANCISCAN SCHOOL OF THEOLOGY           ,CA,94709-0000,Private      ,2,19,21,2,19,21
01182000,SAN DIEGO MIRAMAR COLLEGE               ,CA,92126-0000,Public       ,1857,1771,3628,1857,1771,3628
01186500,CALIFORNIA HAIR DESIGN ACADEMY          ,CA,92115-0000,Proprietary  ,61,35,96,61,35,96
01186600,LU ROSS ACADEMY                         ,CA,93001-2927,Proprietary  ,24,36,60,24,36,60
01202600,JE BOUTIQUE COLLEGE OF BEAUTY           ,CA,92021-6247,Proprietary  ,16,20,36,16,20,36
01202700,GALEN COLLEGE OF CALIFORNIA             ,CA,93728-2381,Proprietary  ,44,31,75,44,31,75
01203100,SAN DIEGO CHRISTIAN COLLEGE             ,CA,92019-1157,Private      ,456,129,585,456,129,585
01206100,EVEREST COLLEGE                         ,CA,95128-3908,Proprietary  ,126,200,326,126,200,326
01215400,CALIFORNIA INSTITUTE OF INTEGRAL STUDIES,CA,94103-2557,Private      ,21,844,865,21,844,865
01231600,MANCHESTER BEAUTY COLLEGE               ,CA,93726-5306,Proprietary  ,65,66,131,65,66,131
01231700,TULARE BEAUTY COLLEGE                   ,CA,93274-3432,Proprietary  ,14,13,27,14,13,27
01244600,UNIVERSAL COLLEGE OF BEAUTY             ,CA,90044-0044,Proprietary  ,43,23,66,43,23,66
01245200,EVERGREEN VALLEY COLLEGE                ,CA,95135-1598,Public       ,2626,1711,4337,2626,1711,4337
01255000,LOS ANGELES MISSION COLLEGE             ,CA,91342-3200,Public       ,2282,1795,4077,2282,1795,4077
01265000,MARINELLO SCHOOL OF BEAUTY              ,CA,91502-2828,Proprietary  ,32,43,75,32,43,75
01265100,MARINELLO SCHOOL OF BEAUTY              ,CA,91748-1674,Proprietary  ,10,5,15,10,5,15
01284200,OXNARD COLLEGE                          ,CA,93030-0000,Public       ,1435,1192,2627,1435,1192,2627
01287200,NORTH-WEST COLLEGE                      ,CA,91768-3199,Proprietary  ,53,97,150,53,97,150
01287300,WYOTECH                                 ,CA,90810-3800,Proprietary  ,304,375,679,304,375,679
01287301,WYOTECH - EVEREST  COLLEGE              ,CA,90034-3158,Proprietary  ,78,239,317,78,239,317
01287302,WYOTECH - EVEREST  COLLEGE              ,CA,91746-3412,Proprietary  ,65,72,137,65,72,137
01290700,LAKE TAHOE COMMUNITY COLLEGE            ,CA,96150-4524,Public       ,289,250,539,289,250,539
01291100,MARINELLO SCHOOL OF BEAUTY              ,CA,92646-2552,Proprietary  ,29,33,62,29,33,62
01291200,MTI COLLEGE                             ,CA,95841-0000,Proprietary  ,259,733,992,259,733,992
01294200,ROSEMEAD BEAUTY SCHOOL                  ,CA,91770-1639,Proprietary  ,7,34,41,7,34,41
01298400,PROFESSIONAL INSTITUTE OF BEAUTY        ,CA,91731-2613,Proprietary  ,1,2,3,1,2,3
01298500,HAIR CALIFORNIA BEAUTY ACADEMY          ,CA,92867-7127,Proprietary  ,22,19,41,22,19,41
01298900,OCEANSIDE COLLEGE OF BEAUTY             ,CA,92054-5393,Proprietary  ,28,31,59,28,31,59
01301000,LANCASTER BEAUTY SCHOOL                 ,CA,93534-3098,Proprietary  ,23,26,49,23,26,49
01307400,AMERICAN BEAUTY COLLEGE                 ,CA,91790-2906,Proprietary  ,39,21,60,39,21,60
01309500,SALON SUCCESS ACADEMY                   ,CA,92879-6561,Proprietary  ,27,19,46,27,19,46
01310300,CALIFORNIA WESTERN SCHOOL OF LAW        ,CA,92101-0000,Private      ,67,1729,1796,67,1729,1796
01324000,LYTLE'S REDWOOD EMPIRE BEAUTY CLG       ,CA,95403-0000,Proprietary  ,41,55,96,41,55,96
02054900,MARINELLO SCHOOL OF BEAUTY              ,CA,92630-0000,Proprietary  ,9,8,17,9,8,17
02059800,PARIS BEAUTY COLLEGE                    ,CA,94520-2611,Proprietary  ,23,45,68,23,45,68
02063500,COASTLINE COMMUNITY COLLEGE             ,CA,92708-0000,Public       ,805,1560,2365,805,1560,2365
02064300,SIERRA COLLEGE OF BEAUTY                ,CA,95340-0000,Proprietary  ,39,39,78,39,39,78
02065700,CALIFORNIA BEAUTY COLLEGE               ,CA,95354-0000,Proprietary  ,80,54,134,80,54,134
02070500,CONCORDIA UNIVERSITY                    ,CA,92612-0000,Private      ,1861,738,2599,1861,738,2599
02075800,SOUTHERN CA INST OF ARCHITECTURE        ,CA,90013-0000,Private      ,127,425,552,127,425,552
02086400,MARINELLO SCHOOL OF BEAUTY              ,CA,95050-0000,Proprietary  ,26,27,53,26,27,53
02091200,ELEGANCE INTERNATIONAL                  ,CA,90028-0000,Proprietary  ,52,40,92,52,40,92
02091700,KAPLAN COLLEGE                          ,CA,92123-1509,Proprietary  ,359,901,1260,359,901,1260
02091702,KAPLAN COLLEGE - CHULA VISTA            ,CA,91910-5342,Proprietary  ,30,32,62,30,32,62
02096100,FIELDING INSTITUTE                      ,CA,93105-0000,Private      ,7,336,343,7,336,343
02099200,AMERICAN CONSERVATORY THEATER           ,CA,94108-0000,Private      ,32,159,191,32,159,191
02110200,COLUMBIA COLLEGE                        ,CA,91356-0000,Private      ,214,89,303,214,89,303
02110800,CALIFORNIA COLLEGE SAN DIEGO            ,CA,92108-3821,Proprietary  ,712,636,1348,712,636,1348
02111300,CUYAMACA COLLEGE                        ,CA,92019-0000,Public       ,1717,1996,3713,1717,1996,3713
02113601,AMERICAN INTERCONTINENTAL UNIV - LOS ANG,CA,90066-7008,Proprietary  ,22,65,87,22,65,87
02119100,MISSION COLLEGE                         ,CA,95054-1897,Public       ,1507,1824,3331,1507,1824,3331
02120600,SAYBROOK GRADUATE SCHOOL                ,CA,94111-1920,Private      ,2,238,240,2,238,240
02120700,SAN JOAQUIN VALLEY COLLEGE              ,CA,93291-0000,Proprietary  ,1223,1959,3182,1223,1959,3182
02120900,ITT TECHNICAL INSTITUTE                 ,CA,95670-6034,Proprietary  ,205,386,591,205,386,591
02125000,CAREER ACADEMY OF BEAUTY                ,CA,92845-0000,Proprietary  ,27,17,44,27,17,44
02128200,"VICTOR VALLEY BEAUTY COLLEGE, INC       ",CA,92392-0000,Proprietary  ,35,36,71,35,36,71
02128300,INSTITUTE FOR BUSINESS & TECHNOLOGY     ,CA,95050-0000,Proprietary  ,19,93,112,19,93,112
02128301,INSTITUTE FOR BUSINESS & TECHNOLOGY - NA,CA,95670-6351,Proprietary  ,10,43,53,10,43,53
02138300,PALO ALTO UNIVERSITY                    ,CA,94304-1337,Private      ,22,381,403,22,381,403
02147400,CLEVELAND CHIROPRACTIC COLLEGE          ,CA,90004-0000,Private      ,25,106,131,25,106,131
02161800,MUSICIANS INSTITUTE                     ,CA,90028-6157,Proprietary  ,763,501,1264,763,501,1264
02167800,ESTES INSTITUTE OF COSMETOLOGY          ,CA,93291-0000,Proprietary  ,60,36,96,60,36,96
02174600,MARINELLO SCHOOL OF BEAUTY              ,CA,90201-0000,Proprietary  ,28,41,69,28,41,69
02180600,BRIDGES  ACADEMY OF BEAUTY              ,CA,92311-2327,Proprietary  ,7,7,14,7,7,14
02184900,PALMER COLLEGE OF CHIROPRACTIC WEST     ,CA,95134-0000,Private      ,13,181,194,13,181,194
02185800,MOLER BARBER COLLEGE                    ,CA,94611-0000,Proprietary  ,18,25,43,18,25,43
02187500,"HEALD COLLEGE, SCH OF BUS & TECH        ",CA,94520-0000,Proprietary  ,358,942,1300,358,942,1300
02188400,SIERRA VALLEY COLLEGE OF COURT REPORTING,CA,93726-0000,Proprietary  ,41,77,118,41,77,118
02208600,MADERA BEAUTY COLLEGE                   ,CA,93637-3519,Proprietary  ,34,26,60,34,26,60
02211000,HAIRMASTERS UNIVERSITY OF BEAUTY        ,CA,92405-0000,Proprietary  ,25,24,49,25,24,49
02220000,COLLEEN O'HARA BEAUTY ACADEMY           ,CA,92701-0000,Proprietary  ,33,29,62,33,29,62
02220200,CALIFORNIA CULINARY ACADEMY             ,CA,94102-3336,Proprietary  ,408,396,804,408,396,804
02221300,MARINELLO SCHOOL OF BEAUTY              ,CA,92553-0000,Proprietary  ,44,47,91,44,47,91
02222000,AMERICAN FILM INSTITUTE                 ,CA,90027-0000,Private      ,151,375,526,151,375,526
02226000,EAST LOS ANGELES COLLEGE                ,CA,91754-0000,Public       ,7504,4721,12225,7504,4721,12225
02228500,LIFE CHIROPRACTIC COLLEGE-WEST          ,CA,94545-0000,Private      ,5,125,130,5,125,130
02230900,FREDRICK & CHARLES BEAUTY COLLEGE       ,CA,95501-0000,Proprietary  ,24,14,38,24,14,38
02231900,GEMOLOGICAL INSTITUTE OF AMERICA        ,CA,92008-4698,Private      ,19,89,108,19,89,108
02234300,FASHION CAREERS OF CALIFORNIA           ,CA,92110-0000,Proprietary  ,134,64,198,134,64,198
02236400,"THANH LE COLG, SCH OF COSMETOLOGY       ",CA,92840-0000,Proprietary  ,2,1,3,2,1,3
02237200,PHILLIPS GRADUATE INSTITUTE             ,CA,91316-0000,Private      ,1,101,102,1,101,102
02241600,SAN DIEGO CONTINUING EDUCATION          ,CA,92113-0000,Public       ,68,170,238,68,170,238
02241800,AMERICAN CAREER COLLEGE                 ,CA,90004-0000,Proprietary  ,629,1102,1731,629,1102,1731
02242700,BERKELEY CITY COLLEGE                   ,CA,94704-0000,Public       ,1313,1206,2519,1313,1206,2519
02250602,EVEREST COLLEGE                         ,CA,91761-8525,Proprietary  ,184,567,751,184,567,751
02255400,INTERNATIONAL SCHOOL OF COSMETOLOGY     ,CA,90250-0000,Proprietary  ,11,23,34,11,23,34
02255600,MARINELLO SCHOOL OF BEAUTY              ,CA,90723-0000,Proprietary  ,17,19,36,17,19,36
02258600,ALAMEDA BEAUTY COLLEGE                  ,CA,94501-0000,Proprietary  ,69,73,142,69,73,142
02262400,YESHIVA OHR ELCHONON CHABAD             ,CA,90046-0000,Private      ,41,2,43,41,2,43
02263101,ANTHEM COLLEGE - HIGH-TECH INSTITUTE - S,CA,95827-3378,Proprietary  ,17,41,58,17,41,58
02267600,INSTITUTE OF TRANSPERSONAL PSYCHLGY     ,CA,94303-4624,Private      ,3,163,166,3,163,166
02270600,LIFE PACIFIC COLLEGE                    ,CA,91773-0000,Private      ,189,100,289,189,100,289
02276800,WESTMINSTER SEMINARY CALIFORNIA         ,CA,92027-0000,Private      ,1,123,124,1,123,124
02277400,SOUTH COAST COLLEGE                     ,CA,92868-2616,Proprietary  ,76,196,272,76,196,272
02282300,ALHAMBRA BEAUTY COLLEGE                 ,CA,91802-0000,Proprietary  ,9,10,19,9,10,19
02285100,HILLTOP BEAUTY SCHOOL                   ,CA,94014-0000,Proprietary  ,11,16,27,11,16,27
02291500,ITT TECHNICAL INSTITUTE                 ,CA,91773-0000,Proprietary  ,311,614,925,311,614,925
02291600,ITT TECHNICAL INSTITUTE                 ,CA,92123-0000,Proprietary  ,434,854,1288,434,854,1288
02298000,DESIGN INSTITUTE OF SAN DIEGO           ,CA,92121-0000,Proprietary  ,135,126,261,135,126,261
02304300,"PLATT COLLEGE, SAN DIEGO                ",CA,92115-0000,Proprietary  ,140,150,290,140,150,290
02306300,KAPLAN COLLEGE                          ,CA,95368-0000,Proprietary  ,258,431,689,258,431,689
02306302,KAPLAN COLLEGE - FRESNO                 ,CA,93612-3802,Proprietary  ,162,331,493,162,331,493
02309500,CLOVIS ADULT EDUC                       ,CA,93611-0000,Public       ,23,96,119,23,96,119
02312400,LA COLLEGE INTERNATIONAL                ,CA,90010-0000,Proprietary  ,54,647,701,54,647,701
02321800,ITT TECHNICAL INSTITUTE                 ,CA,91342-3664,Proprietary  ,248,474,722,248,474,722
02321900,ITT TECHNICAL INSTITUTE                 ,CA,92801-0000,Proprietary  ,220,477,697,220,477,697
02327600,ART INST OF CALIFORNIA-SAN DIEGO        ,CA,92108-4401,Proprietary  ,2465,1943,4408,2465,1943,4408
02330500,LAGUNA COLLEGE OF ART AND DESIGN        ,CA,92651-0000,Private      ,329,103,432,329,103,432
02332800,CENTER FOR EMPLOYMENT TRAINING          ,CA,95110-0000,Private      ,37,120,157,37,120,157
02338500,GLENDALE CAREER COLLEGE                 ,CA,91201-0000,Proprietary  ,42,81,123,42,81,123
02338700,MARINELLO SCHOOL OF BEAUTY              ,CA,94103-0000,Proprietary  ,53,70,123,53,70,123
02342400,ACADEMY OF RADIO BROADCASTING           ,CA,92647-3809,Proprietary  ,43,73,116,43,73,116
02343400,"BELLUS ACADEMY, THE ACADEMY OF BEAUTY AN",CA,92064-4633,Proprietary  ,19,48,67,19,48,67
02345800,MONTEBELLO BEAUTY COLLEGE               ,CA,90640-0000,Proprietary  ,10,5,15,10,5,15
02351900,KAPLAN COLLEGE                          ,CA,95660-5512,Proprietary  ,212,487,699,212,487,699
02351901,KAPLAN COLLEGE - BAKERSFIELD            ,CA,93304-0000,Proprietary  ,298,500,798,298,500,798
02358000,THOMAS AQUINAS COLLEGE                  ,CA,93060-9622,Private      ,296,14,310,296,14,310
02359300,SHASTA BIBLE COLLEGE                    ,CA,96002-0000,Private      ,27,32,59,27,32,59
02482700,WESTERN UNIVERSITY OF HEALTH S          ,CA,91766-1854,Private      ,74,3800,3874,74,3800,3874
02494800,LOLA BEAUTY COLLEGE                     ,CA,92641-0000,Proprietary  ,1,0,1,1,0,1
02497300,TRINITY COLLEGE                         ,CA,93277-8109,Proprietary  ,64,201,265,64,201,265
02500000,SAN JOAQUIN COLLEGE OF LAW              ,CA,93612-0000,Private      ,17,174,191,17,174,191
02518400,THE NATIONAL HISPANIC UNIVERSITY        ,CA,95127-0000,Private      ,272,230,502,272,230,502
02519800,AVANCE BEAUTY COLLEGE                   ,CA,92154-0000,Proprietary  ,59,25,84,59,25,84
02520200,CALIFORNIA CAREER SCHOOLS               ,CA,92805-0000,Proprietary  ,34,42,76,34,42,76
02520300,INTERIOR DESIGNERS INSTITUTE            ,CA,92660-0000,Proprietary  ,10,20,30,10,20,30
02520400,ADRIAN'S BEAUTY COLLEGE OF TURLOCK      ,CA,95382-0000,Proprietary  ,57,47,104,57,47,104
02537200,PALOMAR INSTITUTE OF COSMETOLOGY        ,CA,92069-0000,Proprietary  ,50,42,92,50,42,92
02539100,KAPLAN COLLEGE                          ,CA,91606-3231,Proprietary  ,292,743,1035,292,743,1035
02539102,KAPLAN COLLEGE -  RIVERSIDE             ,CA,92507-4223,Proprietary  ,226,433,659,226,433,659
02539500,IRVINE VALLEY COLLEGE                   ,CA,92620-0000,Public       ,2251,1243,3494,2251,1243,3494
02542300,NATIONAL HOLISTIC INSTITUTE             ,CA,94608-0000,Proprietary  ,54,172,226,54,172,226
02543400,BROWNSON TECHNICAL SCHOOL               ,CA,92805-0000,Proprietary  ,22,20,42,22,20,42
02545900,HYPNOSIS MOTIVATION INSTITUTE           ,CA,91356-0000,Private      ,0,22,22,0,22,22
02546400,MTI BUSINESS COLLEGE INC                ,CA,95207-0000,Proprietary  ,20,30,50,20,30,50
02549000,KAPLAN COLLEGE                          ,CA,92083-7736,Proprietary  ,232,484,716,232,484,716
02549005,KAPLAN COLLEGE -  PALM SPRINGS          ,CA,92262-7011,Proprietary  ,207,364,571,207,364,571
02553500,ASSOCIATED TECHNICAL COLLEGE            ,CA,92101-0000,Proprietary  ,54,58,112,54,58,112
02553600,DIVERSIFIED LANGUAGE INSTITUTE          ,CA,90017-0000,Proprietary  ,11,63,74,11,63,74
02559300,UNITED EDUCATION INSTITUTE              ,CA,90020-0000,Proprietary  ,155,257,412,155,257,412
02559301,UNITED EDUCATION INSTITUTE - SAN BERNARD,CA,92408-3740,Proprietary  ,29,37,66,29,37,66
02559303,UNITED EDUCATION INSTITUTE - SAN DIEGO  ,CA,92123-1949,Proprietary  ,41,70,111,41,70,111
02559304,UNITED EDUCATION INSTITUTE - ONTARIO    ,CA,91764-5574,Proprietary  ,22,25,47,22,25,47
02559305,UNITED EDUCATION INSTITUTE  - VAN NUYS  ,CA,91405-1951,Proprietary  ,14,12,26,14,12,26
02559400,INTERCOAST COLLEGES                     ,CA,92868-1656,Proprietary  ,45,412,457,45,412,457
02565400,KAPLAN COLLEGE                          ,CA,95207-6216,Proprietary  ,236,366,602,236,366,602
02570300,LOS ANGELES ORT COLLEGE                 ,CA,90048-0000,Private      ,34,105,139,34,105,139
02577900,SANTA BARBARA BUSINESS COLLEGE          ,CA,93309-1664,Proprietary  ,211,364,575,211,364,575
02578000,SANTA BARBARA BUSINESS COLLEGE          ,CA,93454-6943,Proprietary  ,69,138,207,69,138,207
02584200,NEWBRIDGE COLLEGE                       ,CA,92701-0000,Proprietary  ,71,189,260,71,189,260
02591600,NORTH-WEST COLLEGE                      ,CA,91101-1744,Proprietary  ,11,32,43,11,32,43
02593100,HEALD COLLEGE                           ,CA,95678-5303,Proprietary  ,309,1057,1366,309,1057,1366
02593200,HEALD COLLEGE                           ,CA,95035-8008,Proprietary  ,291,789,1080,291,789,1080
02593300,HEALD COLLEGE                           ,CA,95210-5667,Proprietary  ,574,1272,1846,574,1272,1846
02595600,ASIAN AMERICAN INTERNATIONAL BTY CG     ,CA,92683-4043,Proprietary  ,3,2,5,3,2,5
02597300,SOUTH BAYLO UNIVERSITY                  ,CA,92801-1701,Private      ,2,44,46,2,44,46
02602300,CENTRAL COAST COLLEGE                   ,CA,93901-3301,Proprietary  ,103,166,269,103,166,269
02608900,PINNACLE COLLEGE                        ,CA,91803-8842,Proprietary  ,16,13,29,16,13,29
02608901,PINNACLE COLLEGE - SACRAMENTO           ,CA,95670-6386,Proprietary  ,21,55,76,21,55,76
02609000,EMPERORS COLG OF TRAD ORIENTAL MED      ,CA,90403-5609,Proprietary  ,16,44,60,16,44,60
02612800,LOS ANGELES RECORDING SCHOOL            ,CA,90028-3112,Proprietary  ,220,140,360,220,140,360
02619300,SAMRA UNIV OF ORIENTAL MEDICINE         ,CA,90015-1019,Private      ,4,31,35,4,31,35
03010611,VIRGINIA COLLEGE - GOLF ACADEMY OF AMERI,CA,92008-6512,Proprietary  ,24,90,114,24,90,114
03011300,"CALIF STATE UNIV, SAN MARCOS            ",CA,92096-0001,Public       ,9604,3894,13498,9604,3894,13498
03019900,ADELANTE CAREER INSTITUTE               ,CA,91402-4924,Proprietary  ,11,21,32,11,21,32
03025600,DELL'ARTE SCH OF PHYSICAL THEATRE       ,CA,95525-0816,Private      ,3,18,21,3,18,21
03027700,PACIFIC COLLEGE OF ORIENTAL MED         ,CA,92108-4408,Proprietary  ,17,141,158,17,141,158
03029600,POMONA ADULT SCHOOL                     ,CA,91766-0000,Public       ,20,36,56,20,36,56
03031409,INTERNATIONAL ACADEMY OF DESIGN AND TECH,CA,95834-9664,Proprietary  ,192,275,467,192,275,467
03034000,HEALD COLLEGE                           ,CA,93906-5100,Proprietary  ,511,844,1355,511,844,1355
03035700,LAS POSITAS COLLEGE                     ,CA,94551-6750,Public       ,1157,773,1930,1157,773,1930
03039900,FREMONT COLLEGE                         ,CA,90703-5342,Proprietary  ,120,153,273,120,153,273
03043900,NEWSCHOOL OF ARCHITECTURE & DESIGN      ,CA,92101-6634,Proprietary  ,196,322,518,196,322,518
03044500,KAPLAN COLLEGE                          ,CA,91402-4222,Proprietary  ,57,137,194,57,137,194
03054100,ROYALE COLLEGE OF BEAUTY                ,CA,92590-2525,Proprietary  ,16,15,31,16,15,31
03062300,WESTECH COLLEGE                         ,CA,91764-4988,Proprietary  ,24,42,66,24,42,66
03062400,MT DIABLO ADULT EDUC LOMA VISTA CTR     ,CA,94518-1122,Public       ,43,46,89,43,46,89
03062700,PLATT COLLEGE                           ,CA,90041-0000,Proprietary  ,88,87,175,88,87,175
03062701,PLATT COLLEGE                           ,CA,91764-0000,Proprietary  ,160,202,362,160,202,362
03063400,MODERN TECHNOLOGY SCHOOL                ,CA,92708-9821,Proprietary  ,22,66,88,22,66,88
03067400,BALDWIN PARK ADULT SCHOOL               ,CA,91706-4897,Public       ,26,52,78,26,52,78
03067500,INSTITUTE OF TECHNOLOGY                 ,CA,93612-3217,Proprietary  ,292,767,1059,292,767,1059
03067505,INSTITUTE OF TECHNOLOGY - REDDING       ,CA,96002-0926,Proprietary  ,42,95,137,42,95,137
03069500,SAGE COLLEGE                            ,CA,92557-6720,Proprietary  ,43,191,234,43,191,234
03070400,ITT TECHNICAL INSTITUTE                 ,CA,92408-3519,Proprietary  ,545,915,1460,545,915,1460
03072300,EVEREST COLLEGE                         ,CA,91761-3222,Proprietary  ,154,201,355,154,201,355
03072700,WESTWOOD COLLEGE - LOS ANGELES          ,CA,90010-1577,Proprietary  ,1161,1587,2748,1161,1587,2748
03074900,MARTINEZ ADULT CENTER                   ,CA,94553-3298,Public       ,3,17,20,3,17,20
03078200,AMERICAN CLG TRADITIONAL CHINESE MD     ,CA,94107-2813,Private      ,6,115,121,6,115,121
03084700,VENTURA ADULT\CONTINUING EDUCATION      ,CA,93003-7313,Public       ,9,24,33,9,24,33
03087400,ITT TECHNICAL INSTITUTE                 ,CA,90502-1356,Proprietary  ,158,378,536,158,378,536
03094400,ELITE PROGRESSIVE SCHOOL OF COSM        ,CA,95841-2909,Proprietary  ,105,159,264,105,159,264
03097700,CENTRAL CALIF SCH CONTINUING EDUC       ,CA,93401-6739,Proprietary  ,18,65,83,18,65,83
03098200,YO SAN UNIV TRADITIONAL CHINESE MED     ,CA,90066-1103,Private      ,3,44,47,3,44,47
03108100,SUMMIT CAREER COLLEGE                   ,CA,92324-3956,Proprietary  ,76,171,247,76,171,247
03109500,DONGGUK ROYAL UNIVERSITY                ,CA,90020-1765,Private      ,5,10,15,5,10,15
03113300,MCED CAREER COLLEGE                     ,CA,93727-1620,Proprietary  ,43,63,106,43,63,106
03113600,SOUTHERN CALIFORNIA INST OF TECHNOL     ,CA,92805-3758,Proprietary  ,52,361,413,52,361,413
03116600,EAST SAN GABRIEL VLY REG OCCUP PROG     ,CA,91790-2105,Public       ,21,21,42,21,21,42
03125300,JOHN WESLEY INTER. BARBER & BTY CLG     ,CA,90813-4321,Proprietary  ,18,26,44,18,26,44
03125400,ART INSTITUTE OF CALIFORNIA-HOLLYWOOD (T,CA,90010-1014,Proprietary  ,1863,1198,3061,1863,1198,3061
03125800,PREMIERE CAREER COLLEGE                 ,CA,91706-3746,Proprietary  ,23,40,63,23,40,63
03126800,PACIFICA GRADUATE INSTITUTE             ,CA,93013-0000,Proprietary  ,1,264,265,1,264,265
03128700,MT SIERRA COLLEGE                       ,CA,91016-3414,Proprietary  ,126,179,305,126,179,305
03131300,FIVE BRANCHES UNIVERSITY                ,CA,95062-4669,Private      ,29,168,197,29,168,197
03144400,AMERICAN CLG OF HEALTH PROFESSIONS      ,CA,92374-0000,Proprietary  ,42,54,96,42,54,96
03150500,VIRGINIA SEWING MACHINES & SCH CTR      ,CA,90015-3535,Proprietary  ,3,3,6,3,3,6
03162300,FOUR-D SUCCESS ACADEMY                  ,CA,92324-4218,Proprietary  ,63,219,282,63,219,282
03163300,PACIFIC STATES UNIVERSITY               ,CA,90006-4298,Private      ,20,21,41,20,21,41
03195400,EVEREST COLLEGE                         ,CA,90501-2867,Proprietary  ,47,55,102,47,55,102
03210300,LE CORDON BLEU COLLEGE OF CULINARY ARTS ,CA,91101-5221,Proprietary  ,932,1405,2337,932,1405,2337
03225300,AMERICAN UNIVERSITY OF HEALTH SCIENCES  ,CA,90755-3612,Proprietary  ,31,64,95,31,64,95
03242300,CAREER NETWORK INSTITUTE                ,CA,92868-4710,Proprietary  ,12,43,55,12,43,55
03250300,COMMUNITY BASED EDUCATION AND DEVEL     ,CA,90036-1137,Private      ,26,92,118,26,92,118
03260300,CALIFORNIA STATE U-MONTEREY BAY         ,CA,93955-8001,Public       ,7211,1653,8864,7211,1653,8864
03266300,BETHESDA CHRISTIAN UNIVERSITY           ,CA,92801-4132,Private      ,8,18,26,8,18,26
03278300,CLARITA CAREER COLLEGE                  ,CA,91351-5432,Proprietary  ,59,222,281,59,222,281
03282300,KIM ANH ACADEMY OF BEAUTY               ,CA,92683-4605,Proprietary  ,0,2,2,0,2,2
03288300,ACAD CHINESE CULTURE & HEALTH SCIS      ,CA,94512-0000,Private      ,7,51,58,7,51,58
03299300,PACIFIC COLLEGE                         ,CA,92626-3160,Proprietary  ,34,177,211,34,177,211
03308300,KENSINGTON COLLEGE                      ,CA,92705-8708,Proprietary  ,3,18,21,3,18,21
03321300,SCRIPPS RESEARCH INSTITUTE (THE)        ,CA,92037-0000,Private      ,7,35,42,7,35,42
03327400,ACUPUNCTURE AND INTEGRATIVE MEDICINE COL,CA,94704-2724,Private      ,31,82,113,31,82,113
03332300,SOUTHERN CA BIBLE CLG & SEMINARY        ,CA,92019-1109,Private      ,5,61,66,5,61,66
03359300,ST. FRANCIS CAREER COLLEGE              ,CA,90262-2659,Private      ,45,128,173,45,128,173
03367300,PROFESSIONAL GOLFERS CAREER COLLEGE     ,CA,92591-6013,Proprietary  ,88,134,222,88,134,222
03394300,REMINGTON COLLEGE - SAN DIEGO CAMPUS    ,CA,92108-3002,Proprietary  ,19,31,50,19,31,50
03395300,INTERNATIONAL CAREER DEVELOPMENT        ,CA,90027-5794,Proprietary  ,97,697,794,97,697,794
03399300,NORTHWESTERN TECHNICAL COLLEGE          ,CA,95670-4443,Proprietary  ,55,193,248,55,193,248
03403300,TRINITY LIFE BIBLE COLLEGE              ,CA,95842-3546,Private      ,54,185,239,54,185,239
03413400,ENGLISH CENTER  (THE)                   ,CA,94607-3734,Private      ,13,52,65,13,52,65
03427400,CAREER COLLEGES OF AMERICA              ,CA,90280-7420,Proprietary  ,90,326,416,90,326,416
03427500,ANTELOPE VALLEY MEDICAL COLLEGE         ,CA,93534-3324,Proprietary  ,141,192,333,141,192,333
03440400,MARIAN HEALTH CAREERS CENTER            ,CA,90010-1728,Proprietary  ,16,27,43,16,27,43
03441400,VALLEY CAREER COLLEGE                   ,CA,92020-3057,Proprietary  ,24,81,105,24,81,105
03458300,MY LE'S BEAUTY COLLEGE                  ,CA,95824-3039,Proprietary  ,47,37,84,47,37,84
03467300,MARINELLO SCHOOL OF BEAUTY              ,CA,92545-3661,Proprietary  ,35,61,96,35,61,96
03467301,CALIFORNIA BEAUTY COLLEGE - DESERT HOT S,CA,92240-1307,Proprietary  ,9,5,14,9,5,14
03479300,PROFESSIONAL CAREER INSTITUTE           ,CA,90703-2522,Proprietary  ,37,41,78,37,41,78
03485400,JAMES ALBERT SCHOOL OF COSMETOLOGY      ,CA,92627-3831,Proprietary  ,22,15,37,22,15,37
03485401,JAMES ALBERT SCHOOL OF COSMETOLOGY - ANA,CA,92804-5384,Proprietary  ,14,10,24,14,10,24
03516300,THE KING'S COLLEGE AND SEMINARY         ,CA,91405-2233,Private      ,29,92,121,29,92,121
03532400,ADVANCED TRAINING ASSOCIATES            ,CA,92020-1236,Proprietary  ,5,22,27,5,22,27
03542400,COPPER MOUNTAIN COLLEGE                 ,CA,92252-6102,Public       ,259,549,808,259,549,808
03577300,COBA ACADEMY                            ,CA,92866-1407,Proprietary  ,17,9,26,17,9,26
03590400,NTMA TRAINING CENTERS OF SOUTHERN C     ,CA,90650-6099,Private      ,4,30,34,4,30,34
03592400,IRELL & MANELLA GRADUATE SCHOOL OF BIOLO,CA,91010-0000,Private      ,0,6,6,0,6,6
03598300,AVALON BEAUTY COLLEGE                   ,CA,93103-3137,Proprietary  ,42,21,63,42,21,63
03614300,UNITED BEAUTY COLLEGE                   ,CA,91733-0000,Proprietary  ,2,1,3,2,1,3
03621300,LIBERTY TRAINING INSTITUTE              ,CA,90057-3202,Proprietary  ,1,0,1,1,0,1
03639300,WEST COAST ULTRASOUND INSTITUTE         ,CA,90211-3312,Proprietary  ,79,355,434,79,355,434
03646300,DESIGN'S SCHOOL OF COSMETOLOGY          ,CA,93446-1471,Proprietary  ,7,19,26,7,19,26
03681300,CALIFORNIA HEALING ARTS COLLEGE         ,CA,90025-2589,Proprietary  ,30,44,74,30,44,74
03695300,COMMUNITY ENHANCEMENT SERVICES          ,CA,91205-2395,Private      ,6,13,19,6,13,19
03695700,SANTIAGO CANYON COLLEGE                 ,CA,92869-4512,Public       ,1326,618,1944,1326,618,1944
03696300,UNIVERSITY OF THE WEST                  ,CA,91770-3709,Private      ,7,24,31,7,24,31
03698300,WEST COAST UNIVERSITY                   ,CA,91606-3206,Proprietary  ,415,828,1243,415,828,1243
03698400,CA COLLEGE OF VOCATIONAL CAREER         ,CA,93301-1800,Proprietary  ,55,91,146,55,91,146
03736300,ADVANCE BEAUTY COLLEGE                  ,CA,92843-4752,Proprietary  ,20,13,33,20,13,33
03740400,ATI COLLEGE                             ,CA,90650-0000,Proprietary  ,28,41,69,28,41,69
03759300,COMPUTER TUTOR BUSINESS & TECH INST     ,CA,95356-0000,Proprietary  ,37,70,107,37,70,107
03786300,ADVANCED COLLEGE                        ,CA,90280-5255,Proprietary  ,43,134,177,43,134,177
03797400,CAREER CARE INSTITUTE                   ,CA,93534-4766,Proprietary  ,76,155,231,76,155,231
03797401,CAREER CARE INSTITUTE - VENTURA         ,CA,93003-0000,Proprietary  ,15,33,48,15,33,48
03814400,SOKA UNIVERSITY OF AMERICA              ,CA,92656-8081,Private      ,484,21,505,484,21,505
03838400,WALTER JAY M.D. INSTITUTE AN EDUCATIONAL,CA,90057-0000,Proprietary  ,2,8,10,2,8,10
03852500,CIT COLLEGE OF INFOMEDICAL TECHNOLOGY   ,CA,92831-3703,Proprietary  ,66,222,288,66,222,288
03852501,CIT COLLEGE OF INFOMEDICAL TECHNOLOGY - ,CA,90010-1308,Proprietary  ,20,12,32,20,12,32
03853300,KECK GRADUATE INSTITUTE OF APPLIED LIFE ,CA,91711-4817,Private      ,1,52,53,1,52,53
03853400,LADERA CAREER PATHS TRAINING CENTERS    ,CA,90045-1931,Proprietary  ,3,10,13,3,10,13
03868300,WORLD MISSION UNIVERSITY                ,CA,90020-1789,Private      ,7,16,23,7,16,23
03868400,LOS ANGELES MUSIC ACADEMY               ,CA,91105-2540,Proprietary  ,50,28,78,50,28,78
03871300,FOLSOM LAKE COLLEGE                     ,CA,95630-6798,Public       ,1486,1337,2823,1486,1337,2823
03874300,CAMBRIDGE JUNIOR COLLEGE                ,CA,95993-0000,Proprietary  ,51,32,83,51,32,83
03874400,COMMMUNITY CHRISTIAN COLLEGE            ,CA,92373-4465,Private      ,77,61,138,77,61,138
03889300,STANBRIDGE COLLEGE                      ,CA,92612-0000,Proprietary  ,36,138,174,36,138,174
03901300,PACIFIC COAST TRADE SCHOOL              ,CA,93033-2441,Proprietary  ,6,15,21,6,15,21
03910400,NATIONAL POLYTECHNIC COLLEGE            ,CA,90040-3066,Proprietary  ,11,21,32,11,21,32
03933300,MUELLER COLLEGE OF HOLISTIC STUDIES     ,CA,92116-2630,Proprietary  ,7,109,116,7,109,116
03933301,MUELLER COLLEGE OF HOLISTIC STUDIES -   ,CA,92120-3449,Proprietary  ,2,18,20,2,18,20
03935300,CALIFORNIA NURSES EDUCATIONAL INSTITUTE ,CA,92234-7248,Proprietary  ,35,50,85,35,50,85
03962300,AMERICAN INSTITUTE OF MASSAGE THERAPY   ,CA,92705-5463,Proprietary  ,22,21,43,22,21,43
03964400,INTERNATIONAL SCHOOL OF BEAUTY          ,CA,92260-2740,Proprietary  ,29,29,58,29,29,58
03969600,AMERICAN AUTO INSTITUTE                 ,CA,90703-2637,Proprietary  ,52,24,76,52,24,76
03971300,AMERICAN CAREER COLLEGE                 ,CA,91764-4906,Proprietary  ,313,523,836,313,523,836
03973300,EX'PRESSION COLLEGE FOR DIGITAL ARTS    ,CA,94608-1021,Proprietary  ,385,295,680,385,295,680
03974500,CALIFORNIA CAREER COLLEGE               ,CA,91303-2006,Proprietary  ,20,37,57,20,37,57
03980300,CALIFORNIA STATE UNIVERSITY CHANNEL ISLA,CA,93012-8599,Public       ,3967,1323,5290,3967,1323,5290
03995300,UNIVERSITY OF EAST-WEST MEDICINE        ,CA,94087-6106,Proprietary  ,7,15,22,7,15,22
03999300,BEAUMONT ADULT SCHOOL                   ,CA,92223-1927,Public       ,18,74,92,18,74,92
04001300,PALACE BEAUTY COLLEGE                   ,CA,90006-4233,Proprietary  ,19,11,30,19,11,30
04001400,MOJAVE BARBER COLLEGE                   ,CA,92395-3201,Proprietary  ,7,12,19,7,12,19
04003300,CSI CAREER COLLEGE                      ,CA,95687-3100,Proprietary  ,43,129,172,43,129,172
04004300,THUY PRINCESS BEAUTY COLLEGE            ,CA,91766-0000,Proprietary  ,13,5,18,13,5,18
04005300,INTERAMERICAN COLLEGE                   ,CA,91950-4437,Private      ,8,59,67,8,59,67
04014400,PALLADIUM TECHNICAL ACADEMY             ,CA,91731-2429,Proprietary  ,0,3,3,0,3,3
04023400,PROTEUS                                 ,CA,93291-3014,Private      ,16,13,29,16,13,29
04037300,LOS ANGELES FILM SCHOOL (THE)           ,CA,90028-7300,Proprietary  ,475,388,863,475,388,863
04049300,MAXINE WATERS EMPLOYMENT PREPARATION CEN,CA,90059-1023,Public       ,15,40,55,15,40,55
04056300,CAREER COLLEGE OF CALIFORNIA            ,CA,92705-5805,Proprietary  ,25,32,57,25,32,57
04057300,TECHSKILLS OF SACRAMENTO                ,CA,95815-4025,Proprietary  ,43,94,137,43,94,137
04076400,GNOMON SCHOOL OF VISUAL EFFECTS         ,CA,90038-2616,Proprietary  ,39,74,113,39,74,113
04092300,COASTLINE BEAUTY COLLEGE                ,CA,92708-3847,Proprietary  ,5,17,22,5,17,22
04092400,MAKE-UP DESIGNORY                       ,CA,91502-1322,Proprietary  ,108,100,208,108,100,208
04100400,TAFT UNIVERSITY SYSTEM (THE)            ,CA,92704-6954,Proprietary  ,0,137,137,0,137,137
04109300,ACADEMY OF BARBERING ARTS (THE)         ,CA,91324-3406,Proprietary  ,28,20,48,28,20,48
04111300,WEST HILLS COLLEGE LEMOORE              ,CA,93245-9248,Public       ,1006,911,1917,1006,911,1917
04114500,VALLEY COLLEGE OF MEDICAL CAREERS       ,CA,91304-2354,Proprietary  ,30,46,76,30,46,76
04115300,COACHELLA VALLEY BEAUTY COLLEGE         ,CA,92253-2051,Proprietary  ,18,28,46,18,28,46
04115600,MAYFIELD COLLEGE                        ,CA,92234-7014,Proprietary  ,22,87,109,22,87,109
04116000,VIDEO SYMPHONY ENTERTRAINING            ,CA,91502-3253,Proprietary  ,26,119,145,26,119,145
04119200,CAREER COLLEGE CONSULTANTS              ,CA,90041-2088,Proprietary  ,13,12,25,13,12,25
04126400,CHAMPION INSTITUTE OF COSMETOLOGY       ,CA,92264-7458,Proprietary  ,16,19,35,16,19,35
04126500,COAST CAREER INSTITUTE                  ,CA,90015-3040,Proprietary  ,12,9,21,12,9,21
04127100,"UNIVERSITY OF CALIFORNIA, MERCED        ",CA,95343-5001,Public       ,9650,1128,10778,9650,1128,10778
04127800,HEALTHY HAIR ACADEMY                    ,CA,90303-3137,Proprietary  ,8,23,31,8,23,31
04127900,TUI UNIVERSITY                          ,CA,90630-5023,Proprietary  ,9,521,530,9,521,530
04129700,INTERNATIONAL POLYTECHNIC INSTITUTE     ,CA,92231-1737,Private      ,3,3,6,3,3,6
04132300,INSTITUTE OF MEDICAL EDUCATION          ,CA,95113-2207,Proprietary  ,64,233,297,64,233,297
04132400,ACADEMY OF ESTHETICS AND COSMETOLOGY    ,CA,91342-3373,Proprietary  ,24,24,48,24,24,48
04132700,INFOTECH CAREER COLLEGE                 ,CA,90706-5579,Proprietary  ,4,5,9,4,5,9
04133000,BIOHEALTH COLLEGE                       ,CA,95134-2033,Proprietary  ,29,44,73,29,44,73
04134500,CAREER COLLEGE OF SAN DIEGO             ,CA,92102-3348,Proprietary  ,91,119,210,91,119,210
04134700,INTERNATL PROFESSIONAL SCHL OF BODYWORK ,CA,92123-1520,Proprietary  ,5,61,66,5,61,66
04137200,BORNER'S BARBER COLLEGE                 ,CA,90047-3856,Proprietary  ,16,13,29,16,13,29
04138700,CAO INSTITUTE OF AESTHETICS (THE)       ,CA,91801-3903,Proprietary  ,8,12,20,8,12,20
04140500,HORIZON COLLEGE SAN DIEGO               ,CA,92131-9906,Private      ,21,32,53,21,32,53
04140600,MODERN INSTITUTE OF TECHNOLOGY          ,CA,93036-1387,Proprietary  ,6,9,15,6,9,15
04141300,SAN FRANCISCO INSTITUTE OF ESTHETICS    ,CA,94103-4083,Proprietary  ,44,50,94,44,50,94
04141400,LAURUS COLLEGE                          ,CA,93401-5405,Proprietary  ,12,30,42,12,30,42
04141700,HEALING HANDS SCHOOL OF HOLISTIC HEALTH ,CA,92025-1722,Proprietary  ,8,22,30,8,22,30
04144200,CAREER DEVELOPMENT INSTITUTE            ,CA,90035-4364,Proprietary  ,14,26,40,14,26,40
04145000,SAN DIEGO CULINARY INSTITUTE            ,CA,91941-6435,Proprietary  ,111,113,224,111,113,224
04146000,NATIONAL CAREER COLLEGE                 ,CA,91605-1400,Proprietary  ,12,4,16,12,4,16
04148200,BEYOND 21ST CENTURY BEAUTY ACADEMY      ,CA,90670-6316,Proprietary  ,6,3,9,6,3,9
04149700,HOMESTEAD SCHOOLS                       ,CA,90505-5945,Private      ,3,15,18,3,15,18
04150000,CENTRAL NURSING COLLEGE                 ,CA,90010-2444,Proprietary  ,127,82,209,127,82,209
04150300,RWM FIBER OPTICS                        ,CA,90746-1051,Proprietary  ,3,3,6,3,3,6
04152800,CALIFORNIA ACADEMY (THE) - A PAUL MITCHE,CA,95825-2276,Proprietary  ,123,127,250,123,127,250
04153900,PROVIDENCE CHRISTIAN COLLEGE            ,CA,91761-5626,Private      ,37,4,41,37,4,41
04154400,FRANKLIN CAREER COLLEGE                 ,CA,91761-1522,Proprietary  ,7,19,26,7,19,26
04155500,"ACADEMY FOR JEWISH RELIGION, CALIFORNIA ",CA,90024-3234,Private      ,6,19,25,6,19,25
04158200,PAUL MITCHELL THE SCHOOL SHERMAN OAKS   ,CA,91403-5882,Proprietary  ,90,51,141,90,51,141
04158700,HOLLYWOOD BEAUTY COLLEGE                ,CA,95210-3514,Proprietary  ,31,23,54,31,23,54
04160400,ANGELES COLLEGE OF NURSING              ,CA,90010-2100,Proprietary  ,91,52,143,91,52,143
04161700,SHASTA SCHOOL OF COSMETOLOGY            ,CA,96003-0000,Proprietary  ,17,24,41,17,24,41
04163900,L.A. BARBER COLLEGE                     ,CA,90013-1121,Proprietary  ,9,8,17,9,8,17
00184600,BRIAR CLIFF UNIVERSITY                  ,IA,51104-2100,Private      ,916,222,1138,916,222,1138
00184700,BUENA VISTA UNIVERSITY                  ,IA,50588-9987,Private      ,1160,620,1780,1160,620,1780
00184800,SOUTHEASTERN COMMUNITY COLLEGE          ,IA,52655-0000,Public       ,501,664,1165,501,664,1165
00185000,CENTRAL COLLEGE                         ,IA,50219-1999,Private      ,1927,58,1985,1927,58,1985
00185200,CLARKE COLLEGE                          ,IA,52001-3198,Private      ,707,243,950,707,243,950
00185400,COE COLLEGE                             ,IA,52402-5092,Private      ,1692,128,1820,1692,128,1820
00185500,DES MOINES UNIV-OSTEOPATHIC MED CTR     ,IA,50312-0000,Private      ,21,741,762,21,741,762
00185600,CORNELL COLLEGE                         ,IA,52314-1098,Private      ,1793,70,1863,1793,70,1863
00185700,SOUTHWESTERN COMMUNITY COLLEGE          ,IA,50801-1098,Public       ,317,221,538,317,221,538
00185800,DIVINE WORD COLLEGE                     ,IA,52045-0380,Private      ,0,1,1,0,1,1
00185900,DORDT COLLEGE                           ,IA,51250-1697,Private      ,1197,37,1234,1197,37,1234
00186000,DRAKE UNIVERSITY                        ,IA,50311-4505,Private      ,4087,1467,5554,4087,1467,5554
00186200,ELLSWORTH COMMUNITY COLLEGE             ,IA,50126-1199,Public       ,392,91,483,392,91,483
00186400,IOWA LAKES COMMUNITY COLLEGE            ,IA,51334-2234,Public       ,701,449,1150,701,449,1150
00186500,IOWA CENTRAL COMMUNITY COLLEGE          ,IA,50501-0000,Public       ,1182,695,1877,1182,695,1877
00186600,GRACELAND UNIVERSITY                    ,IA,50140-1699,Private      ,518,406,924,518,406,924
00186700,GRAND VIEW UNIVERSITY                   ,IA,50316-1599,Private      ,1117,616,1733,1117,616,1733
00186800,GRINNELL COLLEGE                        ,IA,50112-1690,Private      ,2080,36,2116,2080,36,2116
00186900,IOWA STATE UNIV SCIENCE & TECHNOLOG     ,IA,50011-2028,Public       ,18448,3827,22275,18448,3827,22275
00187100,IOWA WESLEYAN COLLEGE                   ,IA,52641-1398,Private      ,455,187,642,455,187,642
00187300,LORAS COLLEGE                           ,IA,52004-0178,Private      ,1739,82,1821,1739,82,1821
00187400,LUTHER COLLEGE                          ,IA,52101-1045,Private      ,2897,45,2942,2897,45,2942
00187500,MARSHALLTOWN COMMUNITY COLLEGE          ,IA,50158-4760,Public       ,319,308,627,319,308,627
00187700,NORTH IOWA AREA COMMUNITY COLLEGE       ,IA,50401-7299,Public       ,775,471,1246,775,471,1246
00187900,MORNINGSIDE COLLEGE                     ,IA,51106-1751,Private      ,1435,221,1656,1435,221,1656
00188000,MOUNT MERCY COLLEGE                     ,IA,52402-4797,Private      ,704,360,1064,704,360,1064
00188100,ASHFORD UNIVERSITY                      ,IA,52732-3910,Proprietary  ,933,18313,19246,933,18313,19246
00188300,NORTHWESTERN COLLEGE                    ,IA,51041-1996,Private      ,1144,35,1179,1144,35,1179
00188700,SIMPSON COLLEGE                         ,IA,50125-1297,Private      ,1532,227,1759,1532,227,1759
00188900,ST AMBROSE UNIVERSITY                   ,IA,52803-2898,Private      ,1985,587,2572,1985,587,2572
00189000,UNIVERSITY OF NORTHERN IOWA             ,IA,50614-0705,Public       ,7054,1339,8393,7054,1339,8393
00189100,UNIVERSITY OF DUBUQUE                   ,IA,52001-5099,Private      ,1330,302,1632,1330,302,1632
00189200,UNIVERSITY OF IOWA                      ,IA,52242-1316,Public       ,14438,5933,20371,14438,5933,20371
00189300,UPPER IOWA UNIVERSITY                   ,IA,52142-9206,Private      ,863,1505,2368,863,1505,2368
00189500,WALDORF COLLEGE                         ,IA,50436-1700,Private      ,470,42,512,470,42,512
00189600,WARTBURG COLLEGE                        ,IA,50677-2200,Private      ,2065,46,2111,2065,46,2111
00189700,WARTBURG THEOLOGICAL SEMINARY           ,IA,52004-5004,Private      ,8,56,64,8,56,64
00190000,WILLIAM PENN UNIVERSITY                 ,IA,52577-1799,Private      ,606,421,1027,606,421,1027
00396300,AIB COLLEGE OF BUSINESS                 ,IA,50321-1799,Private      ,383,336,719,383,336,719
00407500,ESTRN IOWA COMMUNITY COLLEGE DIST       ,IA,52801-1221,Public       ,41,91,132,41,91,132
00407501,CLINTON COMMUNITY COLLEGE               ,IA,52732-0000,Public       ,152,258,410,152,258,410
00407502,MUSCATINE COMMUNITY COLLEGE             ,IA,52761-0000,Public       ,218,193,411,218,193,411
00407503,SCOTT COMMUNITY COLLEGE                 ,IA,52722-0000,Public       ,480,850,1330,480,850,1330
00407600,KIRKWOOD COMMUNITY COLLEGE              ,IA,52406-2068,Public       ,3396,2437,5833,3396,2437,5833
00423300,MERCY/ST. LUKE'S SCH RAD TECH           ,IA,52402-0000,Private      ,11,15,26,11,15,26
00458600,KAPLAN UNIVERSITY                       ,IA,52807-2095,Proprietary  ,771,20574,21345,771,20574,21345
00458604,KAPLAN UNIVERSITY - CEDAR RAPIDS        ,IA,52404-2998,Proprietary  ,65,669,734,65,669,734
00458605,KAPLAN UNIVERSITY - DES MOINES          ,IA,50323-5702,Proprietary  ,94,821,915,94,821,915
00458606,KAPLAN UNIVERSITY - MASON CITY          ,IA,50401-4665,Proprietary  ,20,281,301,20,281,301
00458607,KAPLAN UNIVERSITY - CEDAR FALLS         ,IA,50613-6309,Proprietary  ,57,571,628,57,571,628
00458610,KAPLAN UNIVERSITY - COUNCIL BLUFFS      ,IA,51503-5289,Proprietary  ,24,328,352,24,328,352
00458700,NORTHEAST IOWA COMMUNITY COLLEGE        ,IA,52132-0400,Public       ,308,258,566,308,258,566
00458701,NORTHEAST IOWA COMMUNITY COLLEGE        ,IA,52068-0000,Public       ,457,486,943,457,486,943
00459500,HAWKEYE COMMUNITY COLLEGE               ,IA,50701-0000,Public       ,1407,886,2293,1407,886,2293
00459800,IOWA WESTERN CMTY CLG-COUNCIL BLUFF     ,IA,51502-0000,Public       ,1415,1016,2431,1415,1016,2431
00460000,NORTHWEST IOWA COMMUNITY COLLEGE        ,IA,51201-1046,Public       ,291,166,457,291,166,457
00626700,IOWA METHODIST MEDICAL CENTER SCHOOLS   ,IA,50309-1499,Private      ,15,26,41,15,26,41
00627300,MERCY COLLEGE OF HEALTH SCIENCES        ,IA,50309-1239,Private      ,236,349,585,236,349,585
00712000,DES MOINES AREA CMTY COLLEGE            ,IA,50021-0000,Public       ,2929,3709,6638,2929,3709,6638
00712100,FAITH BAPTIST BIBLE CLG & THEOL SEM     ,IA,50021-0000,Private      ,166,24,190,166,24,190
00729100,ST LUKE'S COLLEGE                       ,IA,51104-0263,Private      ,54,66,120,54,66,120
00731600,WESTERN IOWA TECH COMMUNITY COLLEGE     ,IA,51106-0000,Public       ,713,818,1531,713,818,1531
00758800,CAPRI COLLEGE                           ,IA,52004-0873,Proprietary  ,39,32,71,39,32,71
00761100,EQ SCHOOL OF HAIR DESIGN                ,IA,51503-0813,Proprietary  ,4,5,9,4,5,9
00765600,AMERICAN COLLEGE OF HARISTYLING -CR     ,IA,52402-0000,Proprietary  ,1,7,8,1,7,8
00765800,AMER COLL OF HAIRSTYLING-DES MOINES     ,IA,50309-5446,Proprietary  ,3,17,20,3,17,20
00765900,LA JAMES COLLEGE OF HAIRSTYLING         ,IA,50401-3308,Proprietary  ,20,28,48,20,28,48
00771700,CAPRI COLLEGE                           ,IA,52807-2622,Proprietary  ,27,45,72,27,45,72
00794100,COLLEGE OF HAIR DESIGN                  ,IA,50703-1834,Proprietary  ,3,9,12,3,9,12
00826000,IOWA SCHOOL OF BEAUTY INC               ,IA,50322-0000,Proprietary  ,14,32,46,14,32,46
00840300,INDIAN HILLS COMMUNITY COLLEGE          ,IA,52501-1398,Public       ,810,834,1644,810,834,1644
00840301,INDIAN HILLS COMMUNITY COLLEGE          ,IA,52544-0000,Public       ,120,118,238,120,118,238
00842400,LA JAMES INTERNATIONAL COLLEGE          ,IA,50501-5577,Proprietary  ,28,33,61,28,33,61
00959300,LA'JAMES COLLEGE OF HAIRSTYLING         ,IA,52240-0000,Proprietary  ,35,16,51,35,16,51
01111300,MAHARISHI UNIV OF MANAGEMENT            ,IA,52557-0001,Private      ,79,107,186,79,107,186
01206400,HAMILTON TECHNICAL COLLEGE              ,IA,52807-2653,Proprietary  ,25,70,95,25,70,95
01230000,PALMER COLLEGE OF CHIROPRACTIC          ,IA,52803-5287,Private      ,37,1091,1128,37,1091,1128
01300600,LA' JAMES INTERNATIONAL COLLEGE-CF      ,IA,50613-5242,Proprietary  ,23,21,44,23,21,44
02090300,CAPRI COLLEGE                           ,IA,52404-0000,Proprietary  ,24,40,64,24,40,64
02134500,LA JAMES INTERNATIONAL COLLEGE - DAV    ,IA,52806-3952,Proprietary  ,9,28,37,9,28,37
02160900,"SALON PROFESSIONAL ACADEMY, THE         ",IA,50010-0000,Proprietary  ,50,22,72,50,22,72
02262500,FAUST INSTITUTE OF COSMETOLOGY          ,IA,50588-0000,Proprietary  ,8,8,16,8,8,16
02274100,LA' JAMES INTERNATIONAL COLLEGE - DM    ,IA,50131-0000,Proprietary  ,44,41,85,44,41,85
02289000,AMERICAN HAIR ACADEMY                   ,IA,52627-4530,Proprietary  ,5,7,12,5,7,12
02306900,IOWA SCHOOL OF BEAUTY                   ,IA,52501-0000,Proprietary  ,1,11,12,1,11,12
02328900,EMMAUS BIBLE COLLEGE                    ,IA,52001-0000,Private      ,110,13,123,110,13,123
02330900,IOWA SCHOOL OF BEAUTY                   ,IA,50158-0000,Proprietary  ,1,7,8,1,7,8
02609200,VATTEROTT COLLEGE                       ,IA,50321-4704,Proprietary  ,44,334,378,44,334,378
03069100,ALLEN COLLEGE                           ,IA,50703-1916,Private      ,240,180,420,240,180,420
03441300,IOWA SCHOOL OF BEAUTY                   ,IA,51106-5111,Proprietary  ,9,20,29,9,20,29
03607400,TOTAL LOOK SCHOOL OF COSMETOLOGY AND MAS,IA,52136-1053,Proprietary  ,3,3,6,3,3,6
03720300,CARLSON COLLEGE OF MASSAGE THERAPY      ,IA,52205-7519,Proprietary  ,1,7,8,1,7,8
04089300,BIO-CHI INSTITUTE OF MASSAGE THERAPY    ,IA,51103-2138,Proprietary  ,3,14,17,3,14,17
00259600,ATLANTIC COMMUNITY COLLEGE              ,NJ,08330-2699,Public       ,1067,1082,2149,1067,1082,2149
00259700,BLOOMFIELD COLLEGE                      ,NJ,07003-3425,Private      ,1686,527,2213,1686,527,2213
00259800,CALDWELL COLLEGE                        ,NJ,07006-6195,Private      ,1012,410,1422,1012,410,1422
00259900,CENTENARY COLLEGE                       ,NJ,07840-2184,Private      ,1022,318,1340,1022,318,1340
00260000,COLLEGE OF SAINT ELIZABETH              ,NJ,07960-6989,Private      ,406,196,602,406,196,602
00260100,CUMBERLAND COUNTY COLLEGE               ,NJ,08362-0517,Public       ,578,801,1379,578,801,1379
00260300,DREW UNIVERSITY                         ,NJ,07940-4063,Private      ,3648,454,4102,3648,454,4102
00260700,FAIRLEIGH DICKINSON UNIV-TEANECK        ,NJ,07666-1996,Private      ,3143,869,4012,3143,869,4012
00260701,FAIRLEIGH DICKINSON UNIV-FLORHAM        ,NJ,07940-0000,Private      ,2348,289,2637,2348,289,2637
00260702,FAIRLEIGH DICKINSON UNIV-ED WMS CLG     ,NJ,07601-0000,Private      ,169,88,257,169,88,257
00260703,FAIRLEIGH DICKINSON UNIVERSITY          ,NJ,07940-0000,Private      ,1707,429,2136,1707,429,2136
00260800,GEORGIAN COURT UNIVERSITY               ,NJ,08701-2697,Private      ,758,552,1310,758,552,1310
00260900,ROWAN UNIVERSITY                        ,NJ,08028-1702,Public       ,8819,1527,10346,8819,1527,10346
00261000,FELICIAN COLLEGE                        ,NJ,07644-2198,Private      ,991,359,1350,991,359,1350
00261300,NEW JERSEY CITY UNIVERSITY              ,NJ,07305-1597,Public       ,2315,1667,3982,2315,1667,3982
00261500,MIDDLESEX COUNTY COLLEGE                ,NJ,08818-3050,Public       ,2099,1351,3450,2099,1351,3450
00261600,MONMOUTH UNIVERSITY                     ,NJ,07764-1898,Private      ,5358,912,6270,5358,912,6270
00261700,MONTCLAIR STATE UNIVERSITY              ,NJ,07043-9987,Public       ,10839,2876,13715,10839,2876,13715
00261900,NEW BRUNSWICK THEOLOGICAL SEMINARY      ,NJ,08901-0000,Private      ,20,40,60,20,40,60
00262100,NEW JERSEY INST OF TECHNOLOGY           ,NJ,07102-1982,Public       ,3665,926,4591,3665,926,4591
00262200,KEAN UNIVERSITY                         ,NJ,07083-7131,Public       ,6907,3109,10016,6907,3109,10016
00262400,OCEAN COUNTY COLLEGE                    ,NJ,08754-2001,Public       ,1650,944,2594,1650,944,2594
00262500,WILLIAM PATERSON UNIVERSITY             ,NJ,07470-2152,Public       ,6770,1663,8433,6770,1663,8433
00262600,PRINCETON THEOLOGICAL SEMINARY          ,NJ,08542-0000,Private      ,11,384,395,11,384,395
00262700,PRINCETON UNIVERSITY                    ,NJ,08544-0001,Private      ,14707,1296,16003,14707,1296,16003
00262800,RIDER UNIVERSITY                        ,NJ,08648-3099,Private      ,6207,810,7017,6207,810,7017
00262900,"RUTGERS, THE STATE UNIVERSITY OF NJ     ",NJ,08901-1281,Public       ,33139,12342,45481,33139,12342,45481
00263200,SETON HALL UNIVERSITY                   ,NJ,07079-2697,Private      ,9276,2199,11475,9276,2199,11475
00263201,SETON HALL UNIVERSITY - SCHOOL OF LAW   ,NJ,07079-5210,Private      ,247,1834,2081,247,1834,2081
00263800,ST PETER'S COLLEGE                      ,NJ,07306-5997,Private      ,2502,373,2875,2502,373,2875
00263900,STEVENS INSTITUTE OF TECHNOLOGY         ,NJ,07030-5370,Private      ,2746,234,2980,2746,234,2980
00264200,COLLEGE OF NEW JERSEY (THE)             ,NJ,08628-0718,Public       ,8896,550,9446,8896,550,9446
00264300,UNION COUNTY COLLEGE                    ,NJ,07016-1598,Public       ,1260,1645,2905,1260,1645,2905
00473600,BERGEN COMMUNITY COLLEGE                ,NJ,07652-1595,Public       ,2611,1480,4091,2611,1480,4091
00474000,MERCER COUNTY COMMUNITY COLLEGE         ,NJ,08690-0000,Public       ,884,1048,1932,884,1048,1932
00539900,MONMOUTH COUNTY VOCATIONAL SCH DIST     ,NJ,07728-5033,Public       ,30,22,52,30,22,52
00545200,TETERBORO SCH OF AERONAUTICS            ,NJ,07608-1083,Proprietary  ,16,8,24,16,8,24
00546000,SOMERSET COUNTY TECHNICAL INSTITUTE     ,NJ,08807-0350,Public       ,4,19,23,4,19,23
00546100,SALEM COMMUNITY COLLEGE                 ,NJ,08069-2799,Public       ,178,182,360,178,182,360
00641700,HOLY NAME HOSPITAL SCH OF NURSING       ,NJ,07666-4254,Private      ,37,58,95,37,58,95
00642000,MOUNTAINSIDE HOSP SCH NRSG              ,NJ,07042-4898,Proprietary  ,9,24,33,9,24,33
00642100,MUHLENBERG SNYDER SCHOOLS               ,NJ,07061-3399,Private      ,44,150,194,44,150,194
00642900,ST FRANCIS MEDICAL CTR SCH NURSING      ,NJ,08629-1986,Private      ,8,30,38,8,30,38
00642902,ST FRANCIS MED CTR RAD TECH             ,NJ,08629-0000,Private      ,3,7,10,3,7,10
00686500,CAMDEN COUNTY COLLEGE                   ,NJ,08012-3240,Public       ,2060,2340,4400,2060,2340,4400
00690100,GLOUCESTER COUNTY COLLEGE               ,NJ,08080-4249,Public       ,1053,749,1802,1053,749,1802
00710700,ESSEX COUNTY COLLEGE                    ,NJ,07102-1798,Public       ,1602,2357,3959,1602,2357,3959
00750200,BERKELEY COLLEGE                        ,NJ,07424-3367,Proprietary  ,696,600,1296,696,600,1296
00750201,BERKELEY COLLEGE                        ,NJ,07095-0000,Proprietary  ,294,279,573,294,279,573
00750202,BERKELEY COLLEGE - PARAMUS              ,NJ,07652-2931,Proprietary  ,243,178,421,243,178,421
00750600,LINCOLN TECHNICAL INSTITUTE             ,NJ,07083-5032,Proprietary  ,135,110,245,135,110,245
00750601,LINCOLN TECHNICAL INSTITUTE             ,NJ,07430-0000,Proprietary  ,70,70,140,70,70,140
00750700,GIBBS COLLEGE                           ,NJ,07039-1611,Proprietary  ,1,4,5,1,4,5
00759300,PARISIAN BEAUTY ACADEMY                 ,NJ,07601-5509,Proprietary  ,17,16,33,17,16,33
00772900,COUNTY COLLEGE OF MORRIS                ,NJ,07869-0000,Public       ,1263,468,1731,1263,468,1731
00773000,BURLINGTON COUNTY COLLEGE               ,NJ,08068-1599,Public       ,1414,1087,2501,1414,1087,2501
00773100,RARITAN VALLEY COMMUNITY COLLEGE        ,NJ,08876-1265,Public       ,771,493,1264,771,493,1264
00780401,CAREER ACADEMY OF NEW YORK - STAR LAKEWO,NJ,08701-5900,Proprietary  ,4,40,44,4,40,44
00780402,CAREER ACADEMY OF NEW YORK - STAR EGG HA,NJ,08234-4863,Proprietary  ,6,60,66,6,60,66
00794700,BETH MEDRASH GOVOHA OF AMERICA          ,NJ,08701-0000,Private      ,1,3,4,1,3,4
00840400,BROOKDALE COMMUNITY COLLEGE             ,NJ,07738-1597,Public       ,1827,1028,2855,1827,1028,2855
00844101,ANTHEM INSTITUTE                        ,NJ,08002-0000,Proprietary  ,11,35,46,11,35,46
00849400,HO HO KUS SCHL OF TRADE & TECH SCIENCES ,NJ,07513-1402,Proprietary  ,14,23,37,14,23,37
00860900,RABBINICAL COLLEGE OF AMERICA           ,NJ,07960-3600,Private      ,3,0,3,3,0,3
00907800,CAPRI INSTITUTE OF HAIR DESIGN          ,NJ,07011-2111,Proprietary  ,12,17,29,12,17,29
00934400,RAMAPO COLLEGE OF NEW JERSEY            ,NJ,07430-1680,Public       ,4887,463,5350,4887,463,5350
00934500,RICHARD STOCKTON COLLEGE OF NJ          ,NJ,08240-0195,Public       ,4867,1177,6044,4867,1177,6044
00982804,EVEREST INSTITUTE - SOUTH PLAINFIELD    ,NJ,07080-1125,Proprietary  ,13,113,126,13,113,126
00999400,PASSAIC COUNTY COMMUNITY COLLEGE        ,NJ,07505-1179,Public       ,773,813,1586,773,813,1586
01039400,UNIV OF MEDICINE & DENTISTRY OF NJ      ,NJ,07107-0000,Public       ,144,2174,2318,144,2174,2318
01062900,P B COSMETOLOGY EDUCATION CENTRE        ,NJ,08030-1750,Proprietary  ,15,7,22,15,7,22
01072718,DEVRY INSTITUTE                         ,NJ,08902-3362,Proprietary  ,90,133,223,90,133,223
01085100,ANTHEM INSTITUTE                        ,NJ,07054-3409,Proprietary  ,77,186,263,77,186,263
01085101,ANTHEM INSTITUTE                        ,NJ,07306-0000,Proprietary  ,16,32,48,16,32,48
01085102,ANTHEM INSTITUTE                        ,NJ,08902-0000,Proprietary  ,10,21,31,10,21,31
01090300,RIZZIERI INSTITUTE                      ,NJ,08043-4600,Proprietary  ,26,44,70,26,44,70
01152300,MORRIS COUNTY SCHOOL OF TECHNOLOGY      ,NJ,07834-0000,Public       ,29,18,47,29,18,47
01170800,NATURAL MOTION INST OF HAIR DESIGN      ,NJ,07306-5496,Proprietary  ,8,21,29,8,21,29
01209000,REIGNBOW BEAUTY ACADEMY                 ,NJ,08861-4118,Proprietary  ,2,2,4,2,2,4
01234600,DOVER BUSINESS COLLEGE                  ,NJ,07011-2161,Proprietary  ,60,158,218,60,158,218
01234602,DOVER BUSINESS COLLEGE                  ,NJ,07801-4643,Proprietary  ,24,62,86,24,62,86
01246100,LINCOLN TECHNICAL INSTITUTE             ,NJ,08820-2896,Proprietary  ,101,239,340,101,239,340
01246102,LINCOLN TECHNICAL INSTITUTE             ,NJ,08054-0000,Proprietary  ,46,276,322,46,276,322
01246103,LINCOLN TECHNICAL INSTITUTE             ,NJ,07652-2106,Proprietary  ,82,178,260,82,178,260
01246200,HOHOKUS - HACKENSACK SCHOOL OF BUSINESS ,NJ,07601-7197,Proprietary  ,7,40,47,7,40,47
01295400,HUDSON COUNTY COMMUNITY COLLEGE         ,NJ,07306-4012,Public       ,846,1090,1936,846,1090,1936
02053700,EASTWICK COLLEGE                        ,NJ,07446-0000,Proprietary  ,57,166,223,57,166,223
02061800,ROMAN ACADEMY OF BEAUTY CULTURE         ,NJ,07506-0000,Proprietary  ,3,0,3,3,0,3
02092300,HOHOKUS SCHOOL - RETS/NUTLEY            ,NJ,07110-0000,Proprietary  ,24,78,102,24,78,102
02103700,CAPRI INSTITUTE OF HAIR DESIGN          ,NJ,07652-0000,Proprietary  ,10,11,21,10,11,21
02104000,HARRIS SCHOOL OF BUSINESS               ,NJ,08002-2983,Proprietary  ,11,74,85,11,74,85
02106601,FOX INSTITUTE OF BUSINESS - CLIFTON     ,NJ,07011-2345,Proprietary  ,19,81,100,19,81,100
02131100,DU CRET SCHOOL OF THE ARTS              ,NJ,07060-0000,Private      ,7,5,12,7,5,12
02131600,PENNCO TECH                             ,NJ,08012-0000,Proprietary  ,16,48,64,16,48,64
02132300,BERDAN INSTITUTE                        ,NJ,07512-0000,Proprietary  ,31,60,91,31,60,91
02146800,JOE KUBERT SCH OF CARTOON & GRAPHIC     ,NJ,07801-0000,Proprietary  ,26,28,54,26,28,54
02149800,EMPIRE BEAUTY SCHOOL                    ,NJ,08021-0000,Proprietary  ,11,66,77,11,66,77
02149801,EMPIRE BEAUTY SCHOOL - BORDENTOWN       ,NJ,08505-1513,Proprietary  ,5,11,16,5,11,16
02154000,DIVERS ACAD OF EASTERN SEABOARD         ,NJ,08081-1139,Proprietary  ,27,30,57,27,30,57
02183600,CAPRI INSTITUTE OF HAIR DESIGN          ,NJ,07033-0000,Proprietary  ,7,13,20,7,13,20
02192200,THOMAS EDISON STATE COLLEGE             ,NJ,08608-0000,Public       ,125,1427,1552,125,1427,1552
02219600,OMEGA INSTITUTE                         ,NJ,08109-0000,Proprietary  ,6,29,35,6,29,35
02223700,NEW HORIZON INST OF COSMETOLOGY         ,NJ,07093-0000,Proprietary  ,5,2,7,5,2,7
02223900,DRAKE COLLEGE OF BUSINESS               ,NJ,07201-0000,Proprietary  ,27,193,220,27,193,220
02223902,DRAKE COLLEGE OF BUSINESS - NEWARK CAMPU,NJ,07112-2760,Proprietary  ,45,156,201,45,156,201
02232500,UNION COUNTY VOCATIONAL TECH INST       ,NJ,07076-0000,Public       ,19,18,37,19,18,37
02234600,SHORE BEAUTY SCHOOL                     ,NJ,08232-0000,Proprietary  ,6,9,15,6,9,15
02246000,ROSS UNIVERSITY - MEDICAL SCHOOL        ,NJ,08837-0000,Proprietary  ,19,2615,2634,19,2615,2634
02248600,COOPER HEALTH SYS-CTR ALLIED HEALTH     ,NJ,08103-0000,Private      ,6,54,60,6,54,60
02252700,CONCORDE SCHOOL OF HAIR DESIGN          ,NJ,07712-0000,Proprietary  ,10,30,40,10,30,40
02252701,CONCORDE SCHOOL OF HAIR DESIGN - BLOOMFI,NJ,07003-2517,Proprietary  ,7,7,14,7,7,14
02261800,EUROPEAN ACADEMY OF COSMETOLOGY         ,NJ,07083-0000,Proprietary  ,7,18,25,7,18,25
02265500,CAPRI INSTITUTE OF HAIR DESIGN          ,NJ,08724-0000,Proprietary  ,5,12,17,5,12,17
02277900,ROSS UNIV - SCH OF VETERINARY MED       ,NJ,08837-0000,Proprietary  ,2,764,766,2,764,766
02291000,LINCOLN TECHNICAL INSTITUTE             ,NJ,07080-2424,Proprietary  ,16,19,35,16,19,35
02312000,BERGEN COUNTY TECHNICAL SCHOOLS         ,NJ,07601-6110,Public       ,27,35,62,27,35,62
02344200,EMPIRE BEAUTY SCHOOL                    ,NJ,08002-0000,Proprietary  ,16,82,98,16,82,98
02503900,WARREN COUNTY COMMUNITY COLLEGE         ,NJ,07882-0000,Public       ,217,159,376,217,159,376
02523700,OCEAN COUNTY VOCATIONAL-TECH SCHOOL     ,NJ,08753-0000,Public       ,34,79,113,34,79,113
02525900,ARTISTIC ACADEMY OF HAIR DESIGN         ,NJ,07950-1409,Proprietary  ,18,14,32,18,14,32
02528200,REIGNBOW BEAUTY ACADEMY                 ,NJ,07060-0000,Proprietary  ,3,5,8,3,5,8
02558700,PRISM CAREER INSTITUTE                  ,NJ,08037-0000,Proprietary  ,10,42,52,10,42,52
02568800,SUSSEX COUNTY COMMUNITY COLLEGE         ,NJ,07860-1149,Public       ,474,229,703,474,229,703
02586900,HARRIS SCHOOL OF BUSINESS               ,NJ,08084-1520,Proprietary  ,5,62,67,5,62,67
02616402,SANFORD-BROWN INSTITUTE - ISELIN        ,NJ,08830-0000,Proprietary  ,50,200,250,50,200,250
03077500,RABBI JACOB JOSEPH SCHOOL               ,NJ,08817-4494,Private      ,1,1,2,1,1,2
03122600,EASTERN INTERNATIONAL COLLEGE           ,NJ,07306-3906,Proprietary  ,9,29,38,9,29,38
03187300,STENOTECH CAREER INSTITUTE              ,NJ,07004-3490,Proprietary  ,8,10,18,8,10,18
03197300,INSTITUTE FOR HEALTH EDUCATION(THE)     ,NJ,07306-2929,Proprietary  ,8,22,30,8,22,30
03324300,CENTRAL CAREER SCHOOL                   ,NJ,07080-2408,Proprietary  ,3,19,22,3,19,22
03380302,CULINARY ACADEMY OF LONG ISLAND - STAR N,NJ,07102-4510,Proprietary  ,9,53,62,9,53,62
03380303,CULINARY ACADEMY OF LONG ISLAND - STAR C,NJ,07011-2248,Proprietary  ,10,81,91,10,81,91
03389300,ACADEMY OF MASSAGE THERAPY              ,NJ,07631-0000,Proprietary  ,8,11,19,8,11,19
03424500,NEW COMMUNITY WORKFORCE DEVELOPMENT     ,NJ,07103-2402,Private      ,8,36,44,8,36,44
03530300,"KEY SKILLS LEARNING, INC.               ",NJ,07013-1900,Proprietary  ,2,9,11,2,9,11
03536300,INSTITUTE FOR THERAPEUTIC MASSAGE       ,NJ,07420-1452,Proprietary  ,4,14,18,4,14,18
03574400,CORTIVA INSTITUTE - SOMERSET SCHOOL OF M,NJ,08854-3908,Proprietary  ,2,14,16,2,14,16
03625300,PERFORMANCE TRAINING INSTITUTE          ,NJ,08753-0000,Proprietary  ,5,57,62,5,57,62
03637300,METRO AUTO ELECTRONICS TRAINING INSTITUT,NJ,07033-1798,Proprietary  ,3,6,9,3,6,9
03650600,PC AGE                                  ,NJ,07306-3936,Proprietary  ,1,15,16,1,15,16
03650603,PC AGE                                  ,NJ,08817-2842,Proprietary  ,0,8,8,0,8,8
03666300,SOMERSET CHRISTIAN COLLEGE              ,NJ,08890-9035,Private      ,20,73,93,20,73,93
03769300,PC TECH LEARNING CENTER                 ,NJ,07306-9900,Proprietary  ,2,13,15,2,13,15
03803300,HEALTHCARE TRAINING INSTITUTE           ,NJ,07083-3504,Proprietary  ,14,68,82,14,68,82
03811300,EASTERN SCHOOL OF ACUPUNCTURE AND TRADIT,NJ,07042-3562,Proprietary  ,5,10,15,5,10,15
04081300,BAIS MEDRASH TORAS CHESED               ,NJ,08701-0000,Private      ,0,2,2,0,2,2
04123400,YESHIVAS BE'ER YITZCHOK                 ,NJ,07208-2380,Private      ,0,3,3,0,3,3
04125000,GENTLE HEALING SCHOOL OF MASSAGE        ,NJ,08512-3600,Proprietary  ,1,4,5,1,4,5
04131200,TOTAL IMAGE BEAUTY ACADEMY              ,NJ,07307-2943,Proprietary  ,4,3,7,4,3,7
04134100,CENTER FOR ALLIED HEALTH & NURSING EDUCA,NJ,07601-5801,Proprietary  ,30,263,293,30,263,293
04136400,AMERICAN INSTITUTE OF MEDICAL SCIENCES &,NJ,07080-1183,Proprietary  ,6,26,32,6,26,32
04154900,NATIONAL CAREER INSTITUTE               ,NJ,07018-2011,Proprietary  ,1,15,16,1,15,16
00266500,VAUGHN COLLEGE OF AERONAUTICS AND TECHNO,NY,11369-9997,Private      ,399,215,614,399,215,614
00266600,ADELPHI UNIVERSITY                      ,NY,11530-4299,Private      ,6485,2133,8618,6485,2133,8618
00266700,DOWLING COLLEGE                         ,NY,11769-1999,Private      ,1534,615,2149,1534,615,2149
00266800,ALFRED UNIVERSITY                       ,NY,14802-1205,Private      ,2896,351,3247,2896,351,3247
00266900,BANK STREET COLLEGE OF EDUCATION        ,NY,10025-0000,Private      ,7,383,390,7,383,390
00267100,BARD COLLEGE                            ,NY,12504-5000,Private      ,2481,564,3045,2481,564,3045
00267400,NEW YORK THEOLOGICAL SEMINARY           ,NY,10115-0002,Private      ,3,26,29,3,26,29
00267700,BROOKLYN LAW SCHOOL                     ,NY,11201-0000,Private      ,36,2668,2704,36,2668,2704
00267800,BRYANT & STRATTON COLLEGE               ,NY,14203-1713,Proprietary  ,689,3745,4434,689,3745,4434
00267803,BRYANT & STRATTON COLLEGE - GREECE      ,NY,14606-4227,Proprietary  ,94,521,615,94,521,615
00267805,BRYANT & STRATTON COLLEGE - SYRACUSE    ,NY,13203-2502,Proprietary  ,261,659,920,261,659,920
00267807,BRYANT & STRATTON COLLEGE - ALBANY      ,NY,12205-5230,Proprietary  ,91,320,411,91,320,411
00268100,CANISIUS COLLEGE                        ,NY,14208-1098,Private      ,3288,678,3966,3288,678,3966
00268300,SEMINARY OF THE IMMACULATE CONCEPT      ,NY,11743-0000,Private      ,1,0,1,1,0,1
00268500,CAZENOVIA COLLEGE                       ,NY,13035-1085,Private      ,1587,85,1672,1587,85,1672
00268700,CUNY-BROOKLYN COLLEGE                   ,NY,11210-2814,Public       ,9764,4139,13903,9764,4139,13903
00268800,CITY COLLEGE-CUNY                       ,NY,10031-9198,Public       ,12237,3807,16044,12237,3807,16044
00268900,CUNY-HUNTER COLLEGE                     ,NY,10021-0000,Public       ,17789,7058,24847,17789,7058,24847
00269000,QUEENS COLLEGE-CUNY                     ,NY,11367-1597,Public       ,9844,2885,12729,9844,2885,12729
00269100,CUNY- BOROUGH OF MANHATTAN CMTY CLG     ,NY,10007-1047,Public       ,8514,4399,12913,8514,4399,12913
00269200,CUNY BRONX COMMUNITY COLLEGE            ,NY,10453-3102,Public       ,3706,2391,6097,3706,2391,6097
00269300,CUNY-JOHN JAY CLG CRIMINAL JUSTICE      ,NY,10019-1093,Public       ,8642,2992,11634,8642,2992,11634
00269400,KINGSBOROUGH COMMUNITY COLLEGE          ,NY,11235-2398,Public       ,4063,1816,5879,4063,1816,5879
00269600,NY CITY COLLEGE OF TECHNOLOGY-CUNY      ,NY,11201-2983,Public       ,6776,2322,9098,6776,2322,9098
00269700,QUEENSBOROUGH COMMUNITY COLLEGE         ,NY,11364-1497,Public       ,4003,1379,5382,4003,1379,5382
00269800,CUNY THE COLLEGE OF STATEN ISLAND       ,NY,10314-6600,Public       ,5033,1409,6442,5033,1409,6442
00269900,CLARKSON UNIVERSITY                     ,NY,13699-5615,Private      ,3672,205,3877,3672,205,3877
00270000,COLGATE ROCHESTER CROZER DIVINITY S     ,NY,14620-0000,Private      ,8,25,33,8,25,33
00270100,COLGATE UNIVERSITY                      ,NY,13346-1386,Private      ,3795,62,3857,3795,62,3857
00270300,COLLEGE OF MOUNT SAINT VINCENT          ,NY,10471-1093,Private      ,1436,188,1624,1436,188,1624
00270400,COLLEGE OF NEW ROCHELLE                 ,NY,10805-2339,Private      ,609,429,1038,609,429,1038
00270500,COLLEGE OF SAINT ROSE                   ,NY,12203-1490,Private      ,3701,927,4628,3701,927,4628
00270700,COLUMBIA UNIVERSITY                     ,NY,10027-0000,Private      ,5545,3242,8787,5545,3242,8787
00270701,COLUMBIA UNIV ARCHITECTURE              ,NY,10027-0000,Private      ,50,767,817,50,767,817
00270702,COLUMBIA UNIV SCHOOL OF THE ARTS        ,NY,10027-0000,Private      ,82,1198,1280,82,1198,1280
00270703,COLUMBIA UNIV BUSINESS GRAD             ,NY,10027-0000,Private      ,24,847,871,24,847,871
00270704,COLUMBIA UNIV SCHOOL ENGIN-UNDERGRA     ,NY,10027-0000,Private      ,1579,48,1627,1579,48,1627
00270705,COLUMBIA UNIV SCHOOL GENERAL STUDIE     ,NY,10027-0000,Private      ,269,613,882,269,613,882
00270706,COLUMBIA UNIV GRAD SCHL ARTS & SCI      ,NY,10027-0000,Private      ,48,1422,1470,48,1422,1470
00270707,COLUMBIA UNIV SCH INTL PUB AFFAIRS      ,NY,10027-0000,Private      ,8,1162,1170,8,1162,1170
00270708,COLUMBIA UNIV JOURNALISM GRAD           ,NY,10027-0000,Private      ,12,520,532,12,520,532
00270710,COLUMBIA UNIV COLUMBIA COLLEGE          ,NY,10027-0000,Private      ,7554,397,7951,7554,397,7951
00270711,COLUMBIA UNIV SCHOOL OF LAW             ,NY,10027-0000,Private      ,32,3836,3868,32,3836,3868
00270712,COLUMBIA UNIV SOCIAL WORK               ,NY,10025-0000,Private      ,9,940,949,9,940,949
00270713,COLUMBIA UNIV SCHL DENT & ORAL SURG     ,NY,10032-0000,Private      ,4,329,333,4,329,333
00270714,COLUMBIA UNIV INST HUMAN NUTRITION      ,NY,10032-0000,Private      ,5,59,64,5,59,64
00270715,COLUMBIA UNIV NURSING                   ,NY,10032-0000,Private      ,74,540,614,74,540,614
00270716,COLUMBIA UNIV COLL PHYS & SURGEONS      ,NY,10032-0000,Private      ,31,1028,1059,31,1028,1059
00270717,COLUMBIA UNIV PHYSICAL THERAPY          ,NY,10032-0000,Private      ,15,89,104,15,89,104
00270718,COLUMBIA UNIV OCCUPATIONAL THERAPY      ,NY,10032-0000,Private      ,4,76,80,4,76,80
00270719,COLUMBIA UNIV PUBLIC HEALTH             ,NY,10032-0000,Private      ,11,1036,1047,11,1036,1047
00270720,COLUMBIA UNIV - ENGINEERING (GRAD)      ,NY,10027-0000,Private      ,78,232,310,78,232,310
00270721,COLUMBIA UNIV-CONT ED & SP PROGMS       ,NY,10027-0000,Private      ,4,133,137,4,133,137
00270800,BARNARD COLLEGE-COLUMBIA UNIV           ,NY,10027-6598,Private      ,3338,120,3458,3338,120,3458
00270900,CONCORDIA COLLEGE                       ,NY,10708-1998,Private      ,542,130,672,542,130,672
00271000,COOPER UNION                            ,NY,10003-7120,Private      ,1434,164,1598,1434,164,1598
00271100,CORNELL UNIVERSITY                      ,NY,14853-2801,Private      ,22263,5469,27732,22263,5469,27732
00271101,WEILL CORNELL MEDICAL COLLEGE AND GRADUA,NY,10021-0000,Private      ,21,493,514,21,493,514
00271200,D'YOUVILLE COLLEGE                      ,NY,14201-1084,Private      ,1304,919,2223,1304,919,2223
00271300,DOMINICAN COLLEGE                       ,NY,10962-1299,Private      ,1013,280,1293,1013,280,1293
00271800,ELMIRA COLLEGE                          ,NY,14901-2099,Private      ,1935,196,2131,1935,196,2131
00272200,FORDHAM UNIVERSITY                      ,NY,10458-5157,Private      ,17767,6257,24024,17767,6257,24024
00272600,GENERAL THEOLOGICAL SEMINARY            ,NY,10011-0000,Private      ,1,42,43,1,42,43
00272800,HAMILTON COLLEGE                        ,NY,13323-1218,Private      ,2452,38,2490,2452,38,2490
00272900,HARTWICK COLLEGE                        ,NY,13820-4020,Private      ,2541,68,2609,2541,68,2609
00273100,HOBART & WILLIAM SMITH COLLEGES         ,NY,14456-3397,Private      ,2731,52,2783,2731,52,2783
00273200,HOFSTRA UNIVERSITY                      ,NY,11549-1010,Private      ,12140,3735,15875,12140,3735,15875
00273400,HOUGHTON COLLEGE                        ,NY,14744-0128,Private      ,1018,56,1074,1018,56,1074
00273500,HILBERT COLLEGE                         ,NY,14075-1597,Private      ,672,111,783,672,111,783
00273700,IONA COLLEGE                            ,NY,10801-1890,Private      ,5655,521,6176,5655,521,6176
00273900,ITHACA COLLEGE                          ,NY,14850-7130,Private      ,11817,620,12437,11817,620,12437
00274000,JEWISH THEOLOGICAL SEMINARY OF AMER     ,NY,10027-4649,Private      ,117,124,241,117,124,241
00274200,THE JUILLIARD SCHOOL                    ,NY,10023-6588,Private      ,1051,549,1600,1051,549,1600
00274400,KEUKA COLLEGE                           ,NY,14478-0000,Private      ,965,483,1448,965,483,1448
00274800,LEMOYNE COLLEGE                         ,NY,13214-1399,Private      ,3540,360,3900,3540,360,3900
00274900,NEW YORK COLLEGE OF PODIATRIC MED       ,NY,10035-0000,Private      ,31,182,213,31,182,213
00275100,LONG ISLAND UNIVERSITY                  ,NY,11548-1326,Private      ,8194,3718,11912,8194,3718,11912
00275800,MANHATTAN COLLEGE                       ,NY,10471-4098,Private      ,4562,248,4810,4562,248,4810
00275900,MANHATTAN SCHOOL OF MUSIC               ,NY,10027-4698,Private      ,532,629,1161,532,629,1161
00276000,MANHATTANVILLE COLLEGE                  ,NY,10577-2132,Private      ,2601,384,2985,2601,384,2985
00276300,MARIA COLLEGE                           ,NY,12208-1798,Private      ,85,272,357,85,272,357
00276500,MARIST COLLEGE                          ,NY,12601-1387,Private      ,7664,501,8165,7664,501,8165
00276900,MARYMOUNT MANHATTAN COLLEGE             ,NY,10021-4597,Private      ,3046,199,3245,3046,199,3245
00277200,MERCY COLLEGE                           ,NY,10522-1189,Private      ,2175,2391,4566,2175,2391,4566
00277500,MOLLOY COLLEGE                          ,NY,11570-1100,Private      ,1860,647,2507,1860,647,2507
00277700,MEDAILLE COLLEGE                        ,NY,14214-2695,Private      ,1106,437,1543,1106,437,1543
00277800,MOUNT SAINT MARY COLLEGE                ,NY,12550-3494,Private      ,1954,346,2300,1954,346,2300
00277900,NAZARETH COLLEGE OF ROCHESTER           ,NY,14618-3790,Private      ,2519,672,3191,2519,672,3191
00278200,NEW YORK INSTITUTE OF TECHNOLOGY        ,NY,11568-8000,Private      ,3108,1084,4192,3108,1084,4192
00278202,NY INSTITUTE OF TECHNOLOGY-OSTEOPATHIC M,NY,11568-0000,Private      ,55,699,754,55,699,754
00278300,NEW YORK LAW SCHOOL                     ,NY,10013-0000,Private      ,22,2234,2256,22,2234,2256
00278400,NEW YORK MEDICAL COLLEGE                ,NY,10595-0000,Private      ,23,1068,1091,23,1068,1091
00278500,NEW YORK UNIVERSITY                     ,NY,10012-1091,Private      ,31831,21623,53454,31831,21623,53454
00278800,NIAGARA UNIVERSITY                      ,NY,14109-2010,Private      ,2992,434,3426,2992,434,3426
00279000,NYACK COLLEGE                           ,NY,10960-3698,Private      ,684,400,1084,684,400,1084
00279100,PACE UNIVERSITY - NEW YORK              ,NY,10038-1598,Private      ,7001,1805,8806,7001,1805,8806
00279101,PACE UNIVERSITY-PLEASANTVILLE           ,NY,10570-0000,Private      ,2902,563,3465,2902,563,3465
00279102,PACE UNIVERSITY - WHITE PLAINS          ,NY,10603-0000,Private      ,282,1432,1714,282,1432,1714
00279500,PAUL SMITHS CLG OF ARTS & SCIENCES      ,NY,12970-0000,Private      ,836,55,891,836,55,891
00279600,POLYTECHNIC INTSTITUTE OF NEW YORK UNIV ,NY,11201-3840,Private      ,2213,473,2686,2213,473,2686
00279800,PRATT INSTITUTE                         ,NY,11205-3899,Private      ,3895,1847,5742,3895,1847,5742
00280300,RENSSELAER POLYTECHNIC INSTITUTE        ,NY,12180-3590,Private      ,8783,503,9286,8783,503,9286
00280500,ROBERTS WESLEYAN COLLEGE                ,NY,14624-1997,Private      ,979,437,1416,979,437,1416
00280600,ROCHESTER INSTITUTE OF TECHNOLOGY       ,NY,14623-5608,Private      ,11459,1447,12906,11459,1447,12906
00280700,ROCKEFELLER UNIVERSITY                  ,NY,10021-0000,Private      ,9,15,24,9,15,24
00280800,DAEMEN COLLEGE                          ,NY,14226-3592,Private      ,1725,324,2049,1725,324,2049
00281000,THE SAGE COLLEGES                       ,NY,12180-4199,Private      ,1115,900,2015,1115,900,2015
00281200,TROCAIRE COLLEGE                        ,NY,14220-2094,Private      ,257,410,667,257,410,667
00281300,SARAH LAWRENCE COLLEGE                  ,NY,10708-5999,Private      ,1540,568,2108,1540,568,2108
00281400,SKIDMORE COLLEGE                        ,NY,12866-1632,Private      ,3171,63,3234,3171,63,3234
00281401,SKIDMORE COLL-UNIV WITHOUT WALLS        ,NY,12866-0000,Private      ,30,1,31,30,1,31
00281500,ST BERNARDS SCH THEOLOGY & MINISTRY     ,NY,14618-3822,Private      ,1,23,24,1,23,24
00281600,SIENA COLLEGE                           ,NY,12211-1462,Private      ,5178,151,5329,5178,151,5329
00281700,ST BONAVENTURE UNIVERSITY               ,NY,14778-2284,Private      ,2176,257,2433,2176,257,2433
00282000,ST FRANCIS COLLEGE                      ,NY,11201-4398,Private      ,1336,147,1483,1336,147,1483
00282100,ST JOHN FISHER COLLEGE                  ,NY,14618-3597,Private      ,3796,845,4641,3796,845,4641
00282200,CHRIST THE KING SEMINARY                ,NY,14052-0607,Private      ,1,4,5,1,4,5
00282300,ST JOHN'S UNIVERSITY                    ,NY,11439-1343,Private      ,19712,4221,23933,19712,4221,23933
00282500,ST JOSEPH'S COLLEGE                     ,NY,11205-3688,Private      ,747,149,896,747,149,896
00282501,ST JOSEPH'S COLLEGE-SUFFOLK CAMPUS      ,NY,11772-0000,Private      ,1552,392,1944,1552,392,1944
00282900,ST LAWRENCE UNIVERSITY                  ,NY,13617-1455,Private      ,2380,67,2447,2380,67,2447
00283200,ST THOMAS AQUINAS COLLEGE               ,NY,10976-1050,Private      ,1244,117,1361,1244,117,1361
00283300,ST VLADIMIR ORTHODOX THEOL SEM          ,NY,10707-0000,Private      ,1,23,24,1,23,24
00283400,EXCELSIOR COLLEGE                       ,NY,12203-5159,Private      ,42,1631,1673,42,1631,1673
00283500,SUNY AT ALBANY                          ,NY,12222-0001,Public       ,15546,2454,18000,15546,2454,18000
00283600,BINGHAMTON UNIVERSITY (SUNY)            ,NY,13902-6000,Public       ,19835,1628,21463,19835,1628,21463
00283700,SUNY AT BUFFALO                         ,NY,14260-0001,Public       ,18843,6215,25058,18843,6215,25058
00283800,SUNY AT STONY BROOK                     ,NY,11794-0001,Public       ,19765,3824,23589,19765,3824,23589
00283900,SUNY-DOWNSTATE MEDICAL CENTER           ,NY,11203-2098,Public       ,84,1243,1327,84,1243,1327
00284000,SUNY UPSTATE MEDICAL UNIVERSITY         ,NY,13210-2375,Public       ,149,1029,1178,149,1029,1178
00284100,SUNY BROCKPORT - FIN AID OFF            ,NY,14420-2914,Public       ,7031,1291,8322,7031,1291,8322
00284200,BUFFALO STATE COLLEGE - SUNY            ,NY,14222-1095,Public       ,8153,1969,10122,8153,1969,10122
00284300,SUNY COLLEGE-CORTLAND                   ,NY,13045-0900,Public       ,9663,838,10501,9663,838,10501
00284400,SUNY AT FREDONIA                        ,NY,14063-1145,Public       ,5781,547,6328,5781,547,6328
00284500,SUNY GENESEO                            ,NY,14454-1401,Public       ,7611,304,7915,7611,304,7915
00284600,SUNY COLLEGE-NEW PALTZ                  ,NY,12561-2499,Public       ,9786,1143,10929,9786,1143,10929
00284700,SUNY COLLEGE-ONEONTA                    ,NY,13820-4015,Public       ,8481,456,8937,8481,456,8937
00284800,SUNY OSWEGO                             ,NY,13126-3599,Public       ,8074,1120,9194,8074,1120,9194
00284900,SUNY COLLEGE AT PLATTSBURGH             ,NY,12901-2681,Public       ,5096,648,5744,5096,648,5744
00285000,SUNY COLLEGE-POTSDAM                    ,NY,13676-2294,Public       ,3766,438,4204,3766,438,4204
00285100,SUNY COLLEGE OF ENVIRONMENT SCIENCE AND ,NY,13210-2778,Public       ,1772,361,2133,1772,361,2133
00285300,SUNY MARITIME COLLEGE                   ,NY,10465-4198,Public       ,1043,125,1168,1043,125,1168
00285400,SUNY COLLEGE OF TECHNOLOGY-ALFRED       ,NY,14802-9951,Public       ,2501,362,2863,2501,362,2863
00285500,SUNY CANTON COLG OF TECHNOLOGY          ,NY,13617-1098,Public       ,2051,738,2789,2051,738,2789
00285600,SUNY AG & TECH COLLEGE-COBLESKILL       ,NY,12043-9986,Public       ,1803,195,1998,1803,195,1998
00285700,SUNY DELHI                              ,NY,13753-1190,Public       ,2229,339,2568,2229,339,2568
00285800,SUNY FARMINGDALE                        ,NY,11735-1021,Public       ,3412,719,4131,3412,719,4131
00285900,SUNY COLLEGE OF AG & TECH AT MORRISVILLE,NY,13408-0901,Public       ,2103,357,2460,2103,357,2460
00286000,ADIRONDACK COMMUNITY COLLEGE            ,NY,12804-2004,Public       ,713,499,1212,713,499,1212
00286100,CAYUGA COMMUNITY COLLEGE                ,NY,13021-3099,Public       ,642,589,1231,642,589,1231
00286200,BROOME COMMUNITY COLLEGE                ,NY,13902-0000,Public       ,1456,864,2320,1456,864,2320
00286300,CORNING COMMUNITY COLLEGE               ,NY,14830-3297,Public       ,700,636,1336,700,636,1336
00286400,DUTCHESS COMMUNITY COLLEGE              ,NY,12601-1595,Public       ,1040,618,1658,1040,618,1658
00286600,FASHION INSTITUTE OF TECHNOLOGY         ,NY,10001-5992,Public       ,5906,1740,7646,5906,1740,7646
00286700,SUNY FULTON MONTGOMERY COMM CLG         ,NY,12095-3790,Public       ,472,293,765,472,293,765
00286800,HUDSON VALLEY COMMUNITY COLLEGE         ,NY,12180-6096,Public       ,2739,1283,4022,2739,1283,4022
00286900,JAMESTOWN COMMUNITY COLLEGE             ,NY,14702-0020,Public       ,1417,831,2248,1417,831,2248
00287000,JEFFERSON COMMUNITY COLLEGE             ,NY,13601-1897,Public       ,546,474,1020,546,474,1020
00287100,"SUNY, MOHAWK VALLEY COMMUNITY CLG       ",NY,13501-5394,Public       ,1753,1076,2829,1753,1076,2829
00287200,MONROE COMMUNITY COLLEGE                ,NY,14623-5780,Public       ,3795,2503,6298,3795,2503,6298
00287300,NASSAU COMMUNITY COLLEGE                ,NY,11530-6793,Public       ,3991,1508,5499,3991,1508,5499
00287400,NIAGARA COUNTY COMMUNITY COLLEGE        ,NY,14132-9460,Public       ,1810,1195,3005,1810,1195,3005
00287500,ONONDAGA COMMUNITY COLLEGE              ,NY,13215-4585,Public       ,2862,1159,4021,2862,1159,4021
00287600,ORANGE COUNTY COMMUNITY COLLEGE         ,NY,10940-6441,Public       ,950,617,1567,950,617,1567
00287700,ROCKLAND COMMUNITY COLLEGE              ,NY,10901-3611,Public       ,649,360,1009,649,360,1009
00287800,SUFFOLK COMMUNITY COLLEGE               ,NY,11784-2899,Public       ,2767,1028,3795,2767,1028,3795
00287801,SUFFOLK COMMUNITY CLG-W. CAMPUS         ,NY,11717-0000,Public       ,1060,629,1689,1060,629,1689
00287803,SUFFOLK COMMUNITY CLG-EASTRN CAMPUS     ,NY,11901-0000,Public       ,348,174,522,348,174,522
00287900,SULLIVAN COUNTY COMMUNITY COLLEGE       ,NY,12759-5151,Public       ,594,201,795,594,201,795
00288000,ULSTER COUNTY COMMUNITY COLLEGE         ,NY,12484-0557,Public       ,374,213,587,374,213,587
00288100,SUNY WESTCHESTER COMMUNITY COLLEGE      ,NY,10595-1698,Public       ,1618,967,2585,1618,967,2585
00288200,SYRACUSE UNIVERSITY                     ,NY,13244-2130,Private      ,18360,4202,22562,18360,4202,22562
00288300,UTICA COLLEGE OF SYRACUSE UNIV          ,NY,13502-4892,Private      ,2792,810,3602,2792,810,3602
00288500,ALBANY COLLEGE OF PHARMACY AND HEALTH SC,NY,12208-3492,Private      ,1436,659,2095,1436,659,2095
00288600,ALBANY LAW SCHOOL                       ,NY,12208-0000,Private      ,36,1147,1183,36,1147,1183
00288700,ALBANY MEDICAL COLLEGE                  ,NY,12208-0000,Private      ,61,799,860,61,799,860
00288900,UNION COLLEGE                           ,NY,12308-2311,Private      ,3134,88,3222,3134,88,3222
00289000,UNION THEOLOGICAL SEMINARY              ,NY,10027-0000,Private      ,0,269,269,0,269,269
00289200,UNITED STATES MERCHANT MARINE ACADEMY   ,NY,11024-1699,Public       ,245,5,250,245,5,250
00289400,UNIVERSITY OF ROCHESTER                 ,NY,14627-9000,Private      ,6970,915,7885,6970,915,7885
00289401,EASTMAN SCH OF MUSIC/UNIV ROCHESTER     ,NY,14604-0000,Private      ,659,285,944,659,285,944
00289402,UNIV OF ROCHESTER SCHL OF MEDICINE      ,NY,14642-0000,Private      ,45,393,438,45,393,438
00289500,VASSAR COLLEGE                          ,NY,12604-0008,Private      ,4315,77,4392,4315,77,4392
00289600,VILLA MARIA COLLEGE-BUFFALO             ,NY,14225-3999,Private      ,244,88,332,244,88,332
00289900,WAGNER COLLEGE                          ,NY,10301-4495,Private      ,2077,202,2279,2077,202,2279
00290000,WEBB INSTITUTE                          ,NY,11542-1398,Private      ,43,6,49,43,6,49
00290100,WELLS COLLEGE                           ,NY,13026-0500,Private      ,1227,63,1290,1227,63,1290
00290300,YESHIVA UNIVERSITY                      ,NY,10033-3201,Private      ,1297,2294,3591,1297,2294,3591
00290302,YESHIVA UNIVERSITY - BRONX CAMPUS       ,NY,10461-1975,Private      ,15,703,718,15,703,718
00397400,MESIVTHA TIFERETH JERUSALEM OF AMER     ,NY,10002-6382,Private      ,1,0,1,1,0,1
00397600,RABBINICAL ACAD MESIVTA RABBI CHAIM     ,NY,11230-4715,Private      ,1,1,2,1,1,2
00397800,RABBINICAL SEMINARY OF AMERICA          ,NY,11375-0000,Private      ,3,0,3,3,0,3
00397900,COLUMBIA UNIV TEACHERS COLLEGE          ,NY,10027-0000,Private      ,33,3156,3189,33,3156,3189
00405400,HEBREW UNION COL-JEWISH INST OF REL     ,NY,10012-0000,Private      ,3,17,20,3,17,20
00455301,ITT TECHNICAL INSTITUTE                 ,NY,12205-0000,Proprietary  ,61,61,122,61,61,122
00475900,"CUNY, YORK COLLEGE                      ",NY,11451-0001,Public       ,5424,1619,7043,5424,1619,7043
00476500,CUNY GRADUATE SCH & UNIV CTR            ,NY,10016-4309,Public       ,47,1439,1486,47,1439,1486
00477600,CENTRAL YESHIVA TOMCHEI TMIMIM LUBA     ,NY,11230-2798,Private      ,5,2,7,5,2,7
00478800,HERKIMER COUNTY COMMUNITY COLLEGE       ,NY,13350-1598,Public       ,1504,452,1956,1504,452,1956
00479800,MIRRER YESHIVA CENTRAL INST             ,NY,11223-2010,Private      ,2,0,2,2,0,2
00479900,MONROE COLLEGE                          ,NY,10468-4305,Proprietary  ,845,631,1476,845,631,1476
00481100,EVEREST INSTITUTE                       ,NY,14621-3007,Proprietary  ,72,621,693,72,621,693
00506401,ST JAMES MERCY HOSP SCH OF RAD          ,NY,14843-2197,Private      ,7,6,13,7,6,13
00506600,FAXTON ST. LUKE'S SCHOOL OF RADIOGRAPHY ,NY,13502-4856,Private      ,12,13,25,12,13,25
00520800,THE COLLEGE OF WESTCHESTER              ,NY,10602-0000,Proprietary  ,254,147,401,254,147,401
00587700,ROBERT J HOCHSTIM SCHOOL OF RADIOG      ,NY,11572-1151,Private      ,0,4,4,0,4,4
00643501,ARNOT OGDEN MEDICAL CENTER              ,NY,14905-1676,Private      ,23,18,41,23,18,41
00643800,PHILLIPS BETH ISRAEL SCH OF NURSING     ,NY,10001-6354,Private      ,39,122,161,39,122,161
00644300,COCHRAN SCH NSG-ST JOHN RVSDE HOSP      ,NY,10701-1399,Private      ,19,77,96,19,77,96
00644500,CROUSE HOSP SCH OF NURSING              ,NY,13210-1690,Private      ,67,92,159,67,92,159
00644800,ELLIS HOSPITAL SCHOOL OF NURSING        ,NY,12308-0000,Private      ,25,39,64,25,39,64
00646101,ST ELIZABETH COLLEGE OF NURSING         ,NY,13501-2998,Private      ,70,113,183,70,113,183
00646102,ST ELIZABETH SCH OF RADIOGRAPHY         ,NY,13501-0000,Private      ,9,14,23,9,14,23
00646700,SAINT JOSEPH'S COLLEGE OF NURSING       ,NY,13203-1806,Private      ,128,142,270,128,142,270
00678200,GENESEE COMMUNITY COLLEGE               ,NY,14020-9704,Public       ,1170,709,1879,1170,709,1879
00678500,SCHENECTADY COUNTY COMMUNITY CLG        ,NY,12305-2294,Public       ,606,493,1099,606,493,1099
00678700,CLINTON COMMUNITY COLLEGE               ,NY,12901-5690,Public       ,576,254,830,576,254,830
00678800,TOMPKINS CORTLAND COMMUNITY COLLEGE     ,NY,13053-8504,Public       ,1347,532,1879,1347,532,1879
00678900,COLUMBIA-GREENE COMMUNITY COLLEGE       ,NY,12534-9543,Public       ,326,232,558,326,232,558
00679100,SUNY AT PURCHASE                        ,NY,10577-1400,Public       ,5806,502,6308,5806,502,6308
00702200,CUNY-LEHMAN COLLEGE                     ,NY,10468-1589,Public       ,7333,3228,10561,7333,3228,10561
00702600,"MT SINAI SCH OF MEDICINE, NY UNIV       ",NY,10029-0000,Private      ,5,635,640,5,635,640
00710900,SUNY COLLEGE-OLD WESTBURY               ,NY,11568-0210,Public       ,3576,716,4292,3576,716,4292
00711100,NORTH COUNTRY COMMUNITY COLLEGE         ,NY,12983-2046,Public       ,293,228,521,293,228,521
00726400,MESIFTA TORAH VODAATH RABBINCAL SEM     ,NY,11218-5209,Private      ,1,1,2,1,1,2
00727300,CUNY-BERNARD BARUCH COLLEGE             ,NY,10010-5518,Public       ,10960,3334,14294,10960,3334,14294
00730400,CULINARY INSTITUTE OF AMERICA           ,NY,12538-1499,Private      ,1879,690,2569,1879,690,2569
00737200,AUSTIN'S SCHOOL OF SPA TECHNOLOGY       ,NY,12206-1513,Proprietary  ,29,77,106,29,77,106
00737500,ISLAND DRAFTING & TECHNICAL INST        ,NY,11701-2704,Proprietary  ,13,23,36,13,23,36
00738700,LONG ISLAND BEAUTY SCHOOL               ,NY,11788-4346,Proprietary  ,5,7,12,5,7,12
00738800,LONG ISLAND BEAUTY SCHOOL               ,NY,11550-3704,Proprietary  ,2,16,18,2,16,18
00739100,BEAUTY SCHOOL OF MIDDLETOWN             ,NY,10940-6574,Proprietary  ,4,6,10,4,6,10
00739400,BERKELEY COLLEGE                        ,NY,10017-0000,Proprietary  ,978,779,1757,978,779,1757
00739402,BERKELEY COLLEGE-WESTCHESTER CAMPUS     ,NY,10601-1533,Proprietary  ,317,129,446,317,129,446
00739800,KATHARINE GIBBS SCHOOL                  ,NY,10018-2602,Proprietary  ,4,2,6,4,2,6
00740100,MANDL SCHOOL                            ,NY,10019-5516,Proprietary  ,11,35,46,11,35,46
00740500,WOOD TOBE-COBURN SCHOOL                 ,NY,10016-0102,Proprietary  ,187,44,231,187,44,231
00746500,AMERICAN ACADEMY OF DRAMATIC ARTS       ,NY,10016-7089,Private      ,308,114,422,308,114,422
00746600,LIM COLLEGE                             ,NY,10022-5268,Proprietary  ,1262,114,1376,1262,114,1376
00746800,SCHOOL OF VISUAL ARTS                   ,NY,10010-3994,Proprietary  ,3099,1122,4221,3099,1122,4221
00750602,LINCOLN TECHNICAL INSTITUTE             ,NY,11357-6092,Proprietary  ,126,101,227,126,101,227
00751800,APEX TECHNICAL SCHOOL                   ,NY,10011-2008,Proprietary  ,116,308,424,116,308,424
00752200,CONTINENTAL SCH OF BEAUTY CULTURE       ,NY,14623-3231,Proprietary  ,18,28,46,18,28,46
00753200,FINGER LAKES COMMUNITY COLLEGE          ,NY,14424-8395,Public       ,1798,901,2699,1798,901,2699
00757200,AMERICAN MUSICAL AND DRAMATIC ACAD      ,NY,10023-2106,Private      ,1059,179,1238,1059,179,1238
00757300,EMPIRE BEAUTY SCHOOL                    ,NY,11103-4028,Proprietary  ,19,26,45,19,26,45
00780400,CAREER ACADEMY OF NEW YORK              ,NY,10011-7307,Proprietary  ,42,158,200,42,158,200
00818900,CONTINENTAL SCH OF BEAUTY CULTURE       ,NY,14223-0000,Proprietary  ,9,18,27,9,18,27
00843700,CHAMPLAIN VALLEY - TEC/PRN              ,NY,12901-0000,Public       ,8,16,24,8,16,24
00849500,JAMESTOWN BUSINESS COLLEGE              ,NY,14702-0429,Proprietary  ,90,129,219,90,129,219
00861100,"CUNY, HOSTOS CMTY COLLEGE               ",NY,10451-1499,Public       ,2294,1518,3812,2294,1518,3812
00861400,RABBINICAL CLG BOBOVER YESHIVA BNEI     ,NY,11219-3293,Private      ,0,1,1,0,1,1
00878800,SUNY-STUDENT LOAN SERVICE CENTER        ,NY,12144-3440,Public       ,9,9,18,9,9,18
00900300,OLEAN BUSINESS INSTITUTE INC            ,NY,14760-2691,Proprietary  ,4,41,45,4,41,45
00902900,NEIGHBORHOOD PLAYHOUSE                  ,NY,10022-5017,Private      ,13,20,33,13,20,33
00904300,ELMIRA BUSINESS INSTITUTE               ,NY,14901-2731,Proprietary  ,30,292,322,30,292,322
00907700,UTICA SCHOOL OF COMMERCE                ,NY,13501-2280,Proprietary  ,39,81,120,39,81,120
00924800,SAMARITAN HOSPITAL SCH NURSING          ,NY,12180-2475,Private      ,23,79,102,23,79,102
00928300,MIDWAY-PARIS BEAUTY SCHOOL              ,NY,11385-3453,Proprietary  ,1,2,3,1,2,3
00928400,LEARNING INST FOR BEAUTY SCIENCES       ,NY,11756-1345,Proprietary  ,5,7,12,5,7,12
00933500,MESIVTA EASTERN PKWY RABBINICAL CLG     ,NY,11218-5559,Private      ,1,0,1,1,0,1
00947900,SAINT VINCENTS CMC SI NURSING SCHOOL    ,NY,10304-3850,Proprietary  ,23,39,62,23,39,62
00976900,METROPOLITAN COLLEGE OF NEW YORK        ,NY,10013-1919,Private      ,63,528,591,63,528,591
00992900,SUNY COLLEGE OF OPTOMETRY               ,NY,10036-8003,Public       ,14,197,211,14,197,211
01005100,LA GUARDIA CMTY COLLEGE - CUNY          ,NY,11101-3083,Public       ,4868,2657,7525,4868,2657,7525
01005200,JEFFERSON-LEWIS BOCES PRAC NRSGPRG      ,NY,13601-9509,Public       ,2,24,26,2,24,26
01009700,CUNY-MEDGAR W EVERS COLLEGE             ,NY,11225-2010,Public       ,2421,1649,4070,2421,1649,4070
01014200,TOURO COLLEGE                           ,NY,10010-4202,Private      ,704,2641,3345,704,2641,3345
01014700,WESTERN SUFFOLK BOCES                   ,NY,11768-3499,Public       ,23,82,105,23,82,105
01015300,HELENE FULD COL OF NRSNG/N GEN HOSP     ,NY,10035-0000,Private      ,14,109,123,14,109,123
01028600,EMPIRE STATE COLLEGE                    ,NY,12866-4391,Public       ,276,4547,4823,276,4547,4823
01037800,RABBINICAL COLLEGE OF LONG ISLAND       ,NY,11561-3244,Private      ,2,0,2,2,0,2
01055100,NEW YORK SCH MED & DENTAL ASSISTANT     ,NY,11101-2327,Proprietary  ,24,87,111,24,87,111
01064100,SOUTHERN WESTCHESTER BOCES              ,NY,10543-0000,Public       ,7,21,28,7,21,28
01068400,ERIE COMMUNITY COLLEGE-ALL CAMPUSES     ,NY,14203-2698,Public       ,2477,1794,4271,2477,1794,4271
01081300,AMERICAN ACAD MCALLISTER INST           ,NY,10019-3604,Private      ,30,133,163,30,133,163
01083700,SIMMONS INST OF FUNERAL SERVICE         ,NY,13207-2098,Proprietary  ,11,20,31,11,20,31
01093000,SUBURBAN TECHNICAL SCHOOL               ,NY,11550-3771,Proprietary  ,5,9,14,5,9,14
01095200,PNW BOCES LPN PROGRAM                   ,NY,10598-0000,Public       ,3,26,29,3,26,29
01103100,TECHNICAL CAREER INSTITUTE              ,NY,10001-2789,Proprietary  ,167,836,1003,167,836,1003
01161400,CHAMPLAIN VALLEY HOSP SCH RAD TECH      ,NY,12901-1490,Private      ,13,8,21,13,8,21
01161700,NEW YORK METHODIST HOSPITAL             ,NY,11229-9023,Private      ,15,61,76,15,61,76
01164700,SBI CAMPUS - AN AFFILIATE OF SANFORD-BRO,NY,11747-3785,Proprietary  ,31,90,121,31,90,121
01167700,MEMORIAL SLOAN KETTERING CANCER CTR     ,NY,10021-6094,Private      ,0,7,7,0,7,7
01167800,SUNY INST OF TECHNOLOGY UTICA ROME      ,NY,13504-3050,Public       ,1137,377,1514,1137,377,1514
01183000,BERK TRADE AND BUSINESS SCHOOL          ,NY,11101-0000,Proprietary  ,3,18,21,3,18,21
01185900,WORD OF LIFE BIBLE INSTITUTE            ,NY,12860-0129,Private      ,267,27,294,267,27,294
01186000,MERCY MED CNTR SCHL OF RADIOGRAPHY      ,NY,11570-1098,Private      ,3,9,12,3,9,12
01192100,WESTCHESTER SCH OF BEAUTY CULTURE       ,NY,10550-2295,Proprietary  ,1,3,4,1,3,4
01198400,OHR HAMEIR THEOLOGICAL SEMINARY         ,NY,10566-0990,Private      ,2,0,2,2,0,2
01201100,TALMUDICAL SEM OHOLEI TORAH             ,NY,11213-3310,Private      ,6,0,6,6,0,6
01207200,PHILLIPS HAIRSTYLING INSTITUTE          ,NY,13210-1509,Proprietary  ,9,19,28,9,19,28
01210700,INSTITUTE OF DESIGN & CONSTRUCTION      ,NY,11201-5380,Private      ,15,33,48,15,33,48
01220300,MEMORIAL HOSPITAL SCH OF NURSING        ,NY,12204-1083,Private      ,28,76,104,28,76,104
01227700,NEW YORK CHIROPRACTIC COLLEGE           ,NY,13148-0800,Private      ,12,374,386,12,374,386
01229300,VEEB NASSAU CNTY SCHL OF PRACT NURS     ,NY,11553-3037,Public       ,9,40,49,9,40,49
01235800,PLAZA COLLEGE                           ,NY,11372-6300,Proprietary  ,7,10,17,7,10,17
01236400,SAINT VINCENTS CATHOLIC MEDICAL CENTERS ,NY,11354-0000,Proprietary  ,13,32,45,13,32,45
01240700,SCHUYLER-CHEMUNG-TIOGA BOCES            ,NY,14903-1089,Public       ,11,86,97,11,86,97
01240701,STEUBEN SCHUYLER CHEMUNG TIOGA ALLEGANY ,NY,14870-9518,Public       ,0,2,2,0,2,2
01256100,FIVE TOWNS COLLEGE                      ,NY,11746-5871,Proprietary  ,722,104,826,722,104,826
01258900,ERIE 1 BOCES                            ,NY,14224-0000,Public       ,6,30,36,6,30,36
01265200,ONONDAGA CORTLAND MADISON BOCES         ,NY,13090-4500,Public       ,54,212,266,54,212,266
01278300,OSWEGO COUNTY BOCES ADULT CAREERS       ,NY,13114-4498,Public       ,24,13,37,24,13,37
01292700,CENTRAL TECH NURSING PROGRAM            ,NY,13202-3092,Public       ,6,23,29,6,23,29
01302600,MACHZIKEI HADATH RABBINICAL COLLEGE     ,NY,11204-1805,Private      ,1,0,1,1,0,1
01302900,BORICUA COLLEGE                         ,NY,10032-1599,Private      ,100,275,375,100,275,375
02056400,CAPRI COSMETOLOGY LEARNING CENTER       ,NY,10954-0000,Proprietary  ,11,12,23,11,12,23
02066200,THE NEW SCHOOL                          ,NY,10011-0000,Private      ,4054,3708,7762,4054,3708,7762
02069000,NEW YORK SCHOOL OF INTERIOR DESIGN      ,NY,10021-0000,Private      ,97,146,243,97,146,243
02075700,BRIARCLIFFE COLLEGE                     ,NY,11714-0000,Proprietary  ,555,461,1016,555,461,1016
02075702,BRIARCLIFFE COLLEGE - PATCHOGUE         ,NY,11772-3019,Proprietary  ,447,420,867,447,420,867
02092400,RIDLEY-LOWELL SCHOOL OF BUSINESS        ,NY,13905-0000,Proprietary  ,2,20,22,2,20,22
02093700,LONG ISLAND BUSINESS INSTITUTE          ,NY,11725-0000,Proprietary  ,52,142,194,52,142,194
02093701,LONG ISLAND BUSINESS INSTITUTE - FLUSHIN,NY,11354-4429,Proprietary  ,3,10,13,3,10,13
02098400,HERKIMER COUNTY BOCES                   ,NY,13350-0000,Public       ,17,29,46,17,29,46
02104300,OTSEGO AREA SCHOOL OF PRAC NURSING      ,NY,12167-0000,Public       ,2,2,4,2,2,4
02105900,HAIR DESIGN INSTITUTE AT FIFTH AVE      ,NY,11220-0000,Proprietary  ,8,16,24,8,16,24
02106800,BRAMSON ORT COLLEGE                     ,NY,11375-0000,Private      ,2,19,21,2,19,21
02110900,CATTARAUGUS/ALLEGANY BOCES              ,NY,14760-0000,Public       ,7,25,32,7,25,32
02112301,RIDLEY - LOWELL BUSINESS & TECHNICAL INS,NY,12601-3328,Proprietary  ,2,10,12,2,10,12
02116011,SANFORD-BROWN INSTITUTE - NEW YORK      ,NY,10003-2103,Proprietary  ,137,448,585,137,448,585
02118700,LONG ISLAND COLLEGE HOSPITAL - SCHOOL OF,NY,11201-6001,Private      ,55,128,183,55,128,183
02118702,LONG ISLAND COLLEGE HOSPITAL - SCHOOL OF,NY,11201-6001,Private      ,66,96,162,66,96,162
02124000,ORANGE ULSTER BOCES SCH OF PRAC NRS     ,NY,10924-9401,Public       ,3,27,30,3,27,30
02125500,CIRCLE IN THE SQUARE THEATRE SCHOOL     ,NY,10019-0000,Private      ,20,15,35,20,15,35
02126300,MADISON-ONEIDA BOCES PRAC NRS           ,NY,13478-0000,Public       ,5,18,23,5,18,23
02138500,BOCES RENSSELAER SCH OF PRAC NRSG       ,NY,12033-3221,Public       ,4,11,15,4,11,15
02145800,CAYUGA ONONDAGA BOCES                   ,NY,13021-9430,Public       ,6,22,28,6,22,28
02146000,WAYNE-FINGER LAKES BOCES                ,NY,14513-0000,Public       ,5,15,20,5,15,20
02152000,YESHIVA SHAAR HATORAH ITRI TORAH        ,NY,11418-0000,Private      ,4,0,4,4,0,4
02153600,BROOME-TIOGA BOCES PN PROG              ,NY,13905-0000,Public       ,8,36,44,8,36,44
02157900,ROCHESTER GENERAL HOSPITAL              ,NY,14621-3001,Private      ,8,40,48,8,40,48
02158200,WSHNGTN-SARTGA-WARN-HMLTN-ESX BOCES     ,NY,12839-1051,Public       ,1,10,11,1,10,11
02160100,GENEVA GENERAL HOSPITAL                 ,NY,14456-0000,Private      ,7,42,49,7,42,49
02163400,NEW YORK CAREER INSTITUTE               ,NY,10007-2801,Proprietary  ,29,125,154,29,125,154
02169100,DAVIS COLLEGE                           ,NY,13790-0000,Private      ,66,34,100,66,34,100
02170000,SWEDISH INSTITUTE                       ,NY,10001-0000,Proprietary  ,29,203,232,29,203,232
02170200,ALBANY SCHOHARIE SCHENECTADY            ,NY,12205-0000,Public       ,23,19,42,23,19,42
02171900,AILEY SCHOOL (THE)                      ,NY,10019-4402,Private      ,78,25,103,78,25,103
02172100,HAMILTON-FULTON-MONTGOMERY BOCES        ,NY,12095-0000,Public       ,22,16,38,22,16,38
02172800,DUTCHESS COUNTY BOCES SCH PRAC NURS     ,NY,12601-0000,Public       ,15,35,50,15,35,50
02173200,EMPIRE BEAUTY SCHOOL                    ,NY,10001-0000,Proprietary  ,60,164,224,60,164,224
02173201,LEARNING INSTITUTES FOR BEAUTY SCIENCES-,NY,11214-4347,Proprietary  ,3,10,13,3,10,13
02173900,ULSTER COUNTY BOCES PRACTICAL NRSG      ,NY,12466-0000,Public       ,0,19,19,0,19,19
02176000,CHERYL FELL'S SCHOOL OF BUSINESS        ,NY,14304-0000,Proprietary  ,4,2,6,4,2,6
02179400,EASTERN SUFFOLK BOCES                   ,NY,11713-0000,Public       ,28,73,101,28,73,101
02182200,NEW SCHOOL OF RADIO & TELEVISION        ,NY,12206-1106,Proprietary  ,15,18,33,15,18,33
02187300,DARKEI NOAM RABBINICAL COLLEGE          ,NY,11210-0000,Private      ,1,3,4,1,3,4
02191600,TORAH TEMIMAH TALMUDICAL SEMINARY       ,NY,11218-0000,Private      ,0,1,1,0,1,1
02192500,BELLEVUE HOSP CTR SCH RAD TECH          ,NY,10016-0000,Public       ,3,17,20,3,17,20
02193700,SAINT LAWRENCE LEWIS COUNTY BOCES       ,NY,13617-0000,Public       ,21,2,23,21,2,23
02199300,ORLEANS-NIAGARA BOCES                   ,NY,14132-0000,Public       ,1,28,29,1,28,29
02206000,HUNTER BUSINESS SCHOOL                  ,NY,11756-0000,Proprietary  ,78,118,196,78,118,196
02217800,D.HOPFER SCH NURSING AT MT.VRN HOSP     ,NY,10550-0000,Private      ,14,75,89,14,75,89
02219500,MILDRED ELLEY                           ,NY,12206-1513,Proprietary  ,119,670,789,119,670,789
02235600,ERIE 2-CHAUTAUQUA-CATTARAUGUS BOCES     ,NY,14006-0000,Public       ,2,5,7,2,5,7
02265200,GLOBAL BUSINESS INSTITUTE               ,NY,11691-0000,Private      ,3,2,5,3,2,5
02272900,ROCKLAND COUNTY BOCES PRAC NRSG SCH     ,NY,10994-0000,Public       ,2,7,9,2,7,9
02275900,"MODERN WELDING SCHOOL, INC.             ",NY,12304-0000,Proprietary  ,6,17,23,6,17,23
02287800,NATIONAL TRACTOR TRAILER SCHOOL         ,NY,13088-2505,Proprietary  ,0,14,14,0,14,14
02294900,INSTITUTE OF AUDIO RESEARCH             ,NY,10003-0000,Proprietary  ,84,86,170,84,86,170
02306500,PROFESSIONAL BUSINESS INSTITUTE         ,NY,10002-0000,Private      ,13,25,38,13,25,38
02314200,NORTHERN WESTCHESTER SCH COSMETOL       ,NY,10566-0000,Proprietary  ,0,1,1,0,1,1
02325600,NEW YORK INSTITUTE OF ENGLISH & BUS     ,NY,10001-0000,Private      ,12,42,54,12,42,54
02491400,SPANISH AMERICAN INSTITUTE              ,NY,10036-0000,Private      ,1,5,6,1,5,6
02505900,SH-OR YOSHUV RABBINICAL COLLEGE         ,NY,11691-0000,Private      ,1,0,1,1,0,1
02506000,ASSOCIATED BETH RIVKAH SCHOOLS          ,NY,11225-0000,Private      ,5,1,6,5,1,6
02506100,CITY UNIV OF NEW YORK-CENTRAL           ,NY,10021-0000,Public       ,695,302,997,695,302,997
02506200,MERCE CUNNINGHAM STUDIO                 ,NY,10014-0000,Private      ,1,2,3,1,2,3
02506800,YESHIVAT MIKDASH MELECH                 ,NY,11230-0000,Private      ,2,0,2,2,0,2
02511500,JOFFREY BALLET SCHOOL                   ,NY,10011-0000,Proprietary  ,16,2,18,16,2,18
02513500,MAR JON SCHOOL OF BEAUTY CULTURE        ,NY,14150-0000,Proprietary  ,2,4,6,2,4,6
02525600,ART INSTITUTE OF NEW YORK CITY (THE)    ,NY,10013-2429,Proprietary  ,869,397,1266,869,397,1266
02540800,"GLOBE INSTITUTE OF TECHNOLOGY, INC.     ",NY,10007-0000,Proprietary  ,47,41,88,47,41,88
02546000,TRI-STATE COLLEGE OF ACUPUNCTURE        ,NY,10011-0000,Proprietary  ,1,26,27,1,26,27
02546300,YESHIVA OF THE TELSHE ALUMNI            ,NY,10471-0000,Private      ,1,1,2,1,1,2
02550600,TALMUDICAL INST OF UPSTATE NY           ,NY,14607-0000,Private      ,1,2,3,1,2,3
02556700,SEMINAR L'MOROS BAIS YAAKOV             ,NY,11219-0000,Private      ,10,0,10,10,0,10
02572900,BUSINESS INFORMATICS CENTER             ,NY,11580-0000,Proprietary  ,3,10,13,3,10,13
02575400,FRENCH CULINARY INSTITUTE               ,NY,10013-2618,Proprietary  ,122,276,398,122,276,398
02587600,ORLO SCH HAIR DESIGN & COSMETOLOGY      ,NY,12206-1723,Proprietary  ,6,10,16,6,10,16
02599400,NEW YORK COLLEGE OF HEALTH PROFESSIONS  ,NY,11791-4413,Private      ,78,367,445,78,367,445
02600100,NEW YORK ACADEMY OF ART (THE)           ,NY,10013-2911,Private      ,45,128,173,45,128,173
02614900,SANFORD-BROWN INSTITUTE                 ,NY,10604-2910,Proprietary  ,36,163,199,36,163,199
02615001,SANFORD-BROWN INSTITUTE - GARDEN CITY   ,NY,11530-4734,Proprietary  ,12,36,48,12,36,48
02616600,SHEAR EGO INTL SCH OF HAIR DESIGN       ,NY,14617-3501,Proprietary  ,5,20,25,5,20,25
02617000,CONTINENTAL SCH OF BEAUTY CULTURE       ,NY,14020-1908,Proprietary  ,0,1,1,0,1,1
02617001,CONTINENTAL SCHOOL OF BEAUTY CULTURE - O,NY,14760-2618,Proprietary  ,4,4,8,4,4,8
03007200,DANCE THEATRE OF HARLEM                 ,NY,10031-0000,Private      ,17,10,27,17,10,27
03027701,PACIFIC COLLEGE OF ORIENTAL MEDICINE - N,NY,10010-7108,Proprietary  ,5,111,116,5,111,116
03081600,DELAWARE CHENANGO MADISON OT. BOCES     ,NY,13815-9554,Public       ,6,15,21,6,15,21
03089700,COMPUTER CAREER CENTER                  ,NY,11530-3334,Proprietary  ,13,57,70,13,57,70
03095500,ASA INST BUSINESS & COMPUTER TECH       ,NY,11201-5208,Proprietary  ,129,276,405,129,276,405
03096200,CHARLES STUART SCHOOL                   ,NY,11229-2004,Proprietary  ,3,4,7,3,4,7
03097801,CARSTEN INSTITUTE                       ,NY,10003-1901,Proprietary  ,5,8,13,5,8,13
03099100,SUNBRIDGE COLLEGE                       ,NY,10977-0000,Private      ,1,1,2,1,1,2
03103700,ADIRONDACK BEAUTY SCHOOL                ,NY,12801-3158,Proprietary  ,5,12,17,5,12,17
03104900,SULLIVAN COUNTY BOCES                   ,NY,12754-2116,Public       ,7,12,19,7,12,19
03115300,GENESEE VALLEY BOCES                    ,NY,14020-1099,Public       ,14,50,64,14,50,64
03120700,NEW YORK CONSERVATORY FOR DRAMATIC ARTS ,NY,10011-4225,Proprietary  ,302,61,363,302,61,363
03169300,STUDIO JEWELERS                         ,NY,10016-4112,Proprietary  ,1,7,8,1,7,8
03181400,MERKAZ BNOS                             ,NY,11204-0000,Private      ,1,2,3,1,2,3
03191300,CUNY SCHOOL OF LAW @ QUEENS COLLEGE     ,NY,11367-0000,Public       ,287,949,1236,287,949,1236
03193300,MANHATTAN SCHOOL OF COMPUTER TECH       ,NY,11230-1617,Private      ,25,90,115,25,90,115
03203300,NEW YORK INSTITUTE OF MASSAGE           ,NY,14221-6021,Proprietary  ,3,32,35,3,32,35
03216300,UNIFICATION THEOLOGICAL SEMINARY        ,NY,12507-5021,Private      ,0,5,5,0,5,5
03315300,HARLEM SCHOOL OF TECHNOLOGY             ,NY,10027-4426,Proprietary  ,8,15,23,8,15,23
03328300,FRANKLIN CAREER INSTITUTE               ,NY,11550-3003,Private      ,14,59,73,14,59,73
03328301,FRANKLIN CAREER INSTITUTE - BROOKLYN    ,NY,11220-3110,Private      ,33,87,120,33,87,120
03342400,AMERICAN BARBER INSTITUTE               ,NY,10001-5271,Proprietary  ,7,22,29,7,22,29
03358300,ALLEN SCHOOL                            ,NY,11432-4901,Proprietary  ,31,183,214,31,183,214
03358301,ALLEN SCHOOL - BROOKLYN                 ,NY,11201-0000,Proprietary  ,33,148,181,33,148,181
03380300,CULINARY ACADEMY OF LONG ISLAND         ,NY,11791-5311,Proprietary  ,35,55,90,35,55,90
03419400,NORTHEASTERN SEMINARY                   ,NY,14624-1997,Private      ,8,16,24,8,16,24
03426400,ANTHEM INSTITUTE                        ,NY,10018-0000,Proprietary  ,84,148,232,84,148,232
03433500,LIA SCHORR INSTITUTE OF COSMETIC SK     ,NY,10022-2614,Proprietary  ,5,7,12,5,7,12
03443300,NEW YORK COLLEGE OF TRADITIONAL CHINESE ,NY,11501-0000,Private      ,3,34,37,3,34,37
03537300,NEW YORK AUTOMOTIVE & DIESEL INSTIT     ,NY,11101-0000,Proprietary  ,18,61,79,18,61,79
03568300,LEON STUDIO ONE SCHOOL OF HAIR DESI     ,NY,14221-5323,Proprietary  ,4,10,14,4,10,14
03651300,SAINT JOSEPH'S MEDICAL CENTER SCHOO     ,NY,10701-4080,Private      ,5,7,12,5,7,12
03652300,METROPOLITAN LEARNING INSTITUTE         ,NY,11374-2101,Private      ,6,126,132,6,126,132
03691300,USA BEAUTY SCHOOL INTERNATIONAL         ,NY,10013-3530,Proprietary  ,2,7,9,2,7,9
03773300,CENTER FOR NATURAL WELLNESS SCHOOL OF MA,NY,12205-1601,Proprietary  ,4,25,29,4,25,29
03809400,MICROPOWER CAREER INSTITUTE             ,NY,10001-2812,Proprietary  ,2,5,7,2,5,7
03819400,HUDSON VALLEY SCHOOL OF ADVANCED AESTHET,NY,12493-0000,Proprietary  ,8,3,11,8,3,11
03839300,AVEDA INSTITUTE NEW YORK                ,NY,10013-1522,Proprietary  ,21,79,100,21,79,100
03881300,UNION GRADUATE COLLEGE                  ,NY,12308-3131,Private      ,14,68,82,14,68,82
03903400,AMERICAN BEAUTY SCHOOL                  ,NY,10462-8003,Proprietary  ,18,52,70,18,52,70
03941400,ELITE ACADEMY OF BEAUTY ARTS            ,NY,11223-1630,Proprietary  ,7,4,11,7,4,11
03983300,"SCHOOL OF PROFESSIONAL HORTICULTURE, AT ",NY,10458-5126,Private      ,1,3,4,1,3,4
04043300,ACE COMPUTER TRAINING CENTER            ,NY,11375-5337,Proprietary  ,9,30,39,9,30,39
04092401,MAKE-UP DESIGNORY -                     ,NY,10012-0041,Proprietary  ,56,75,131,56,75,131
04095300,KING'S COLLEGE (THE)                    ,NY,10018-0110,Private      ,472,31,503,472,31,503
04117100,EDP SCHOOL OF COMPUTER PROGRAMMING      ,NY,11235-0000,Private      ,2,0,2,2,0,2
04117700,"MONROE 2-ORLEANS BOCES, CENTER FOR WORK ",NY,14624-1119,Public       ,12,22,34,12,22,34
04123200,INSTITUTE OF ALLIED MEDICAL PROFESSIONS ,NY,11373-5541,Private      ,22,95,117,22,95,117
04123300,HUDSON VALLEY SCHOOL OF MASSAGE THERAPY ,NY,12493-0000,Proprietary  ,6,9,15,6,9,15
04125600,CAREER SCHOOL OF NY                     ,NY,10301-2416,Private      ,6,8,14,6,8,14
04133700,NEW YORK MEDICAL CAREER TRAINING CENTER ,NY,11354-6504,Proprietary  ,0,2,2,0,2,2
04134000,"JOHN PAOLO'S XTREME BEAUTY INSTITUTE, GO",NY,12020-1245,Proprietary  ,2,4,6,2,4,6
04137700,ANN MARIE'S WORLD OF BEAUTY SCHOOL      ,NY,13901-2308,Proprietary  ,6,3,9,6,3,9
04144300,INSTITUTE OF CULINARY EDUCATION         ,NY,10010-5205,Proprietary  ,122,208,330,122,208,330
04148000,NEW LIFE BUSINESS INSTITUTE             ,NY,11432-6149,Proprietary  ,1,5,6,1,5,6
04151200,SALON PROFESSIONAL ACADEMY (THE)        ,NY,14150-9200,Proprietary  ,4,2,6,4,2,6
04155300,ONONDAGA SCHOOL OF THERAPEUTIC MASSAGE  ,NY,13210-1533,Proprietary  ,13,23,36,13,23,36
00267808,BRYANT & STRATTON COLLEGE - PARMA       ,OH,44130-0000,Proprietary  ,286,1460,1746,286,1460,1746
00301000,ANTIOCH UNIVERSITY                      ,OH,45387-1608,Private      ,17,306,323,17,306,323
00301100,ART ACADEMY OF CINCINNATI               ,OH,45202-7106,Private      ,255,43,298,255,43,298
00301200,ASHLAND UNIVERSITY                      ,OH,44805-3799,Private      ,3115,1177,4292,3115,1177,4292
00301300,ATHENAEUM OF OHIO                       ,OH,45230-2000,Private      ,3,7,10,3,7,10
00301400,BALDWIN-WALLACE COLLEGE                 ,OH,44017-2088,Private      ,3515,698,4213,3515,698,4213
00301600,BLUFFTON UNIVERSITY                     ,OH,45817-2104,Private      ,1207,142,1349,1207,142,1349
00301800,BOWLING GREEN STATE UNIVERSITY          ,OH,43403-0001,Public       ,13500,3339,16839,13500,3339,16839
00302300,CAPITAL UNIVERSITY                      ,OH,43209-2394,Private      ,3266,1508,4774,3266,1508,4774
00302400,CASE WESTERN RESERVE UNIV               ,OH,44106-0000,Private      ,5436,624,6060,5436,624,6060
00302401,CASE WESTERN RESERVE UNIV - MED         ,OH,44106-0000,Private      ,45,733,778,45,733,778
00302402,CASE WESTERN RESERVE UNIV - DENTAL      ,OH,44106-0000,Private      ,13,165,178,13,165,178
00302403,CASE WESTERN RESERVE UNIV - LAW         ,OH,44106-0000,Private      ,14,890,904,14,890,904
00302404,CASE WESTERN RESERVE UNIV - UG          ,OH,44106-0000,Private      ,289,28,317,289,28,317
00302405,CASE WESTERN RESERVE UNIV - MSASS       ,OH,44106-0000,Private      ,38,305,343,38,305,343
00302406,CASE WESTERN RESERVE UNIV - NURS UG     ,OH,44106-0000,Private      ,144,94,238,144,94,238
00302407,CASE WESTERN RESERVE UNIV - WSOM        ,OH,44106-0000,Private      ,15,109,124,15,109,124
00302408,CASE WESTERN RESERVE UNIV -A&S GRAD     ,OH,44106-0000,Private      ,12,171,183,12,171,183
00302409,CASE WESTERN RESERVE UNIV -ENG GRAD     ,OH,44106-0000,Private      ,25,54,79,25,54,79
00302410,CASE WESTERN RESERVE UNIV -NURS GRD     ,OH,44106-0000,Private      ,5,161,166,5,161,166
00302500,CEDARVILLE UNIVERSITY                   ,OH,45314-8564,Private      ,3094,115,3209,3094,115,3209
00302600,CENTRAL STATE UNIVERSITY                ,OH,45384-1004,Public       ,2344,795,3139,2344,795,3139
00302900,CINCINNATI CHRISTIAN UNIVERSITY         ,OH,45204-3200,Private      ,341,197,538,341,197,538
00303000,OHIO CHRISTIAN UNIVERSITY               ,OH,43113-9487,Private      ,258,444,702,258,444,702
00303100,CLEVELAND INSTITUTE OF MUSIC            ,OH,44106-1776,Private      ,441,382,823,441,382,823
00303200,CLEVELAND STATE UNIVERSITY              ,OH,44115-2214,Public       ,5368,6152,11520,5368,6152,11520
00303300,COLLEGE OF MT ST JOSEPH                 ,OH,45233-1670,Private      ,1314,684,1998,1314,684,1998
00303500,OHIO DOMINICAN UNIVERSITY               ,OH,43219-2099,Private      ,1568,984,2552,1568,984,2552
00303600,FRANCISCAN UNIV OF STEUBENVILLE         ,OH,43952-1763,Private      ,1431,245,1676,1431,245,1676
00303700,COLLEGE OF WOOSTER                      ,OH,44691-2363,Private      ,2558,55,2613,2558,55,2613
00303900,COLUMBUS COLLEGE OF ART AND DESIGN      ,OH,43215-1758,Private      ,1446,285,1731,1446,285,1731
00304000,CUYAHOGA COMMUNITY COLLEGE              ,OH,44115-2878,Public       ,4267,9452,13719,4267,9452,13719
00304100,"DEFIANCE COLLEGE, THE                   ",OH,43512-1695,Private      ,1115,255,1370,1115,255,1370
00304200,DENISON UNIVERSITY                      ,OH,43023-1329,Private      ,2527,59,2586,2527,59,2586
00304300,CHANCELLOR UNIVERSITY                   ,OH,44114-1096,Proprietary  ,13,220,233,13,220,233
00304400,TRINITY LUTHERAN SEMINARY               ,OH,43209-0000,Private      ,0,81,81,0,81,81
00304500,UNIVERSITY OF FINDLAY                   ,OH,45840-3695,Private      ,2333,662,2995,2333,662,2995
00304600,FRANKLIN UNIVERSITY                     ,OH,43215-5399,Private      ,442,4887,5329,442,4887,5329
00304700,HEBREW UNION COLLEGE MAIN CAMPUS        ,OH,45220-0000,Private      ,1,44,45,1,44,45
00304800,HEIDELBERG UNIVERSITY                   ,OH,44883-2462,Private      ,1573,181,1754,1573,181,1754
00304900,HIRAM COLLEGE                           ,OH,44234-1808,Private      ,1301,149,1450,1301,149,1450
00305000,JOHN CARROLL UNIVERSITY                 ,OH,44118-4581,Private      ,3295,502,3797,3295,502,3797
00305100,KENT STATE UNIV - KENT CAMPUS           ,OH,44242-0001,Public       ,15104,5435,20539,15104,5435,20539
00305101,KENT STATE UNIV - GEAUGA CAMPUS         ,OH,44021-0000,Public       ,204,331,535,204,331,535
00305102,KENT STATE UNIV - STARK CAMPUS          ,OH,44720-0000,Public       ,1333,1200,2533,1333,1200,2533
00305103,KENT STATE UNIV - TUSCARAWAS CAMPUS     ,OH,44663-0000,Public       ,515,743,1258,515,743,1258
00305104,KENT STATE UNIV - TRUMBULL CAMPUS       ,OH,44483-0000,Public       ,467,871,1338,467,871,1338
00305105,KENT STATE UNIV - ASHTABULA CAMPUS      ,OH,44004-0000,Public       ,466,844,1310,466,844,1310
00305106,KENT STATE UNIV -E.LIVERPOOL CAMPUS     ,OH,43920-0000,Public       ,198,377,575,198,377,575
00305107,KENT STATE UNIV - SALEM CAMPUS          ,OH,44460-0000,Public       ,491,667,1158,491,667,1158
00306500,KENYON COLLEGE                          ,OH,43022-9623,Private      ,2315,24,2339,2315,24,2339
00306600,LAKE ERIE COLLEGE                       ,OH,44077-3389,Private      ,1164,207,1371,1164,207,1371
00306800,LORAIN COUNTY COMMUNITY COLLEGE         ,OH,44035-1691,Public       ,1287,2457,3744,1287,2457,3744
00306900,LOURDES COLLEGE                         ,OH,43560-2898,Private      ,449,939,1388,449,939,1388
00307200,MALONE UNIVERSITY                       ,OH,44709-3897,Private      ,1847,607,2454,1847,607,2454
00307300,MARIETTA COLLEGE                        ,OH,45750-4033,Private      ,2242,169,2411,2242,169,2411
00307500,METHODIST THEOLOGICAL SCH IN OHIO       ,OH,43015-0000,Private      ,0,97,97,0,97,97
00307600,MIAMI-JACOBS COLLEGE                    ,OH,45401-0000,Proprietary  ,75,464,539,75,464,539
00307602,MIAMI - JACOBS CAREER COLLEGE - SPRINGBO,OH,45066-1115,Proprietary  ,30,161,191,30,161,191
00307603,MIAMI - JACOBS CAREER COLLEGE - TROY    ,OH,45373-3837,Proprietary  ,50,256,306,50,256,306
00307700,MIAMI UNIVERSITY                        ,OH,45056-1831,Public       ,16459,3041,19500,16459,3041,19500
00307800,WRIGHT STATE UNIVERSITY                 ,OH,45435-0002,Public       ,10269,5694,15963,10269,5694,15963
00308300,MOUNT UNION COLLEGE                     ,OH,44601-3993,Private      ,2729,152,2881,2729,152,2881
00308400,MUSKINGUM UNIVERSITY                    ,OH,43762-1199,Private      ,1718,223,1941,1718,223,1941
00308500,NOTRE DAME COLLEGE OF OHIO              ,OH,44121-4293,Private      ,1234,507,1741,1234,507,1741
00308600,OBERLIN COLLEGE                         ,OH,44074-1090,Private      ,4217,98,4315,4217,98,4315
00308800,OHIO COLLEGE OF PODIATRIC MEDICINE      ,OH,44131-7304,Private      ,2,261,263,2,261,263
00308900,OHIO NORTHERN UNIVERSITY                ,OH,45810-1555,Private      ,3008,658,3666,3008,658,3666
00309000,OHIO STATE UNIVERSITY-ALL CAMPUSES      ,OH,43210-1358,Public       ,38760,16475,55235,38760,16475,55235
00310000,OHIO UNIVERSITY                         ,OH,45701-2979,Public       ,16174,3749,19923,16174,3749,19923
00310002,"OHIO UNIVERSITY, ZANESVILLE CAMPUS      ",OH,43701-0000,Public       ,772,683,1455,772,683,1455
00310003,"OHIO UNIVERSITY, LANCASTER CAMPUS       ",OH,43130-0000,Public       ,710,757,1467,710,757,1467
00310004,"OHIO UNIVERSITY, SOUTHERN CAMPUS        ",OH,45638-0000,Public       ,553,816,1369,553,816,1369
00310005,"OHIO UNIVERSITY, CHILLICOTHE CAMPUS     ",OH,45601-0000,Public       ,545,993,1538,545,993,1538
00310006,"OHIO UNIVERSITY, EASTERN CAMPUS         ",OH,43950-0000,Public       ,351,131,482,351,131,482
00310008,OHIO UNIV COLL OF OSTEOPATHIC MED       ,OH,45701-0000,Public       ,6,213,219,6,213,219
00310900,OHIO WESLEYAN UNIVERSITY                ,OH,43015-2398,Private      ,2596,110,2706,2596,110,2706
00311000,OTTERBEIN COLLEGE                       ,OH,43081-2006,Private      ,3155,521,3676,3155,521,3676
00311300,PONTIFICAL COLLEGE JOSEPHINUM           ,OH,43235-1498,Private      ,14,6,20,14,6,20
00311401,FIRELANDS REGIONAL MEDICAL CENTER       ,OH,44870-4788,Private      ,42,82,124,42,82,124
00311500,RABBINICAL COLLEGE OF TELSHE            ,OH,44092-2584,Private      ,1,1,2,1,1,2
00311600,UNIV OF RIO GRANDE                      ,OH,45674-3131,Private      ,966,726,1692,966,726,1692
00311900,SINCLAIR COMMUNITY COLLEGE              ,OH,45402-1460,Public       ,3121,5976,9097,3121,5976,9097
00312100,TIFFIN UNIVERSITY                       ,OH,44883-2161,Private      ,1638,1340,2978,1638,1340,2978
00312200,UNITED THEOLOGICAL SEMINARY             ,OH,45406-0000,Private      ,2,71,73,2,71,73
00312300,UNIVERSITY OF AKRON                     ,OH,44325-6211,Public       ,13893,7607,21500,13893,7607,21500
00312500,UNIVERSITY OF CINCINNATI                ,OH,45221-0125,Public       ,16596,9575,26171,16596,9575,26171
00312504,UNIVERSITY OF CINCINNATI - MEDICINE     ,OH,45267-0553,Public       ,583,982,1565,583,982,1565
00312700,UNIVERSITY OF DAYTON                    ,OH,45469-0002,Private      ,9002,2020,11022,9002,2020,11022
00313100,UNIVERSITY OF TOLEDO                    ,OH,43606-3390,Public       ,11995,4876,16871,11995,4876,16871
00313101,UNIVERSITY OF TOLEDO - HEALTH SCIENCE CA,OH,43614-2598,Public       ,599,796,1395,599,796,1395
00313300,URBANA UNIVERSITY                       ,OH,43078-2091,Private      ,687,267,954,687,267,954
00313400,URSULINE COLLEGE                        ,OH,44124-4398,Private      ,417,502,919,417,502,919
00313500,WALSH UNIVERSITY                        ,OH,44720-3396,Private      ,2055,613,2668,2055,613,2668
00314100,WILBERFORCE UNIVERSITY                  ,OH,45384-1001,Private      ,672,256,928,672,256,928
00314200,WILMINGTON COLLEGE                      ,OH,45177-2499,Private      ,1443,300,1743,1443,300,1743
00314300,WITTENBERG UNIVERSITY                   ,OH,45501-2199,Private      ,2560,128,2688,2560,128,2688
00314400,XAVIER UNIVERSITY                       ,OH,45207-1035,Private      ,5874,1660,7534,5874,1660,7534
00314500,YOUNGSTOWN STATE UNIVERSITY             ,OH,44555-0001,Public       ,6179,3683,9862,6179,3683,9862
00398200,CLEVELAND INSTITUTE OF ART              ,OH,44106-1700,Private      ,783,129,912,783,129,912
00406000,WINEBRENNER THEOLOGICAL SEMINARY        ,OH,45840-0000,Private      ,1,14,15,1,14,15
00485200,CLARK STATE COMMUNITY COLLEGE           ,OH,45505-4795,Public       ,630,1697,2327,630,1697,2327
00485300,BRADFORD SCHOOL                         ,OH,43219-0000,Proprietary  ,273,231,504,273,231,504
00485500,DAVIS COLLEGE                           ,OH,43623-4307,Proprietary  ,52,239,291,52,239,291
00486100,UNIVERSITY OF NORTHWESTERN OHIO         ,OH,45805-1498,Private      ,2794,883,3677,2794,883,3677
00486600,STAUTZENBERGER COLLEGE                  ,OH,43537-4007,Proprietary  ,112,331,443,112,331,443
00510200,SCH OF DIAGNOSTIC IMAGING-CLEVELAND     ,OH,44119-0000,Private      ,4,17,21,4,17,21
00512700,BROWN MACKIE COLLEGE-CINCINNATI         ,OH,45215-1107,Proprietary  ,307,1476,1783,307,1476,1783
00512728,BROWN MACKIE COLLEGE-CINCINNATI - LANDMA,OH,45215-1231,Proprietary  ,1,12,13,1,12,13
00521000,CLEVELAND INSTITUTE OF ELECTRONICS      ,OH,44114-0000,Proprietary  ,10,124,134,10,124,134
00531300,NORTH CENTRAL STATE COLLEGE             ,OH,44901-0000,Public       ,603,1135,1738,603,1135,1738
00575300,OWENS STATE COMMUNITY COLLEGE           ,OH,43699-0000,Public       ,2175,4519,6694,2175,4519,6694
00648700,AULTMAN COLLEGE OF NURSING AND HEALTH SC,OH,44710-1799,Private      ,85,212,297,85,212,297
00648900,CHRIST HOSP SCH OF NURSING              ,OH,45219-2906,Private      ,4,6,10,4,6,10
00649400,GOOD SAMARITAN COLG-NURSING/HEALTH      ,OH,45220-2489,Private      ,131,210,341,131,210,341
00649800,MERIDIA HURON SCHOOL OF NURSING         ,OH,44112-4308,Private      ,33,273,306,33,273,306
00650700,TRINIT HEALTH SYSTEM SCH OF NURSING     ,OH,43952-2667,Private      ,23,53,76,23,53,76
00680400,LAKELAND COMMUNITY COLLEGE              ,OH,44094-5198,Public       ,1223,1984,3207,1223,1984,3207
00686700,COLUMBUS STATE COMMUNITY COLLEGE        ,OH,43215-1786,Public       ,5139,9123,14262,5139,9123,14262
00703500,KETTERING COLLEGE OF MEDICAL ARTS       ,OH,45429-1299,Private      ,356,503,859,356,503,859
00708500,MOUNT VERNON NAZARENE UNIVERSITY        ,OH,43050-9500,Private      ,1127,268,1395,1127,268,1395
00708501,MOUNT VERNON NAZARENE UNIV - AGS        ,OH,43050-0000,Private      ,66,294,360,66,294,360
00727500,EASTERN GATEWAY COMMUNITY COLLEGE       ,OH,43952-3598,Public       ,315,509,824,315,509,824
00747300,CHOFFIN CAREER & TECHNICAL CENTER       ,OH,44503-1628,Public       ,15,139,154,15,139,154
00759800,HOCKING TECHNICAL COLLEGE               ,OH,45764-9582,Public       ,1837,1452,3289,1837,1452,3289
00777700,REMINGTON COLLEGE - CLEVELAND CAMPUS    ,OH,44125-1957,Proprietary  ,40,240,280,40,240,280
00777704,REMINGTON COLLEGE-CLEVELAND WEST CAMPUS ,OH,44070-3129,Proprietary  ,38,170,208,38,170,208
00812900,ADULT AND COMMUNITY EDUCATION @ HUDSON  ,OH,43211-2017,Public       ,16,132,148,16,132,148
00813200,TOLEDO SCHOOL OF PRACTICAL NURSING      ,OH,43613-5110,Public       ,45,152,197,45,152,197
00813300,ZANE STATE COLLEGE                      ,OH,43701-2626,Public       ,554,1255,1809,554,1255,1809
00819400,AKRON SCHOOL OF PRACTICAL NRSG          ,OH,44311-0000,Public       ,46,93,139,46,93,139
00827800,TERRA COMMUNITY COLLEGE                 ,OH,43420-9670,Public       ,328,724,1052,328,724,1052
00867700,NORTHWEST STATE COMMUNITY COLLEGE       ,OH,43502-9542,Public       ,496,1234,1730,496,1234,1730
00888600,PORTAGE LAKES CAREER CENTER             ,OH,44232-0000,Public       ,9,47,56,9,47,56
00908800,ITT TECHNICAL INSTITUTE                 ,OH,45414-3456,Proprietary  ,93,314,407,93,314,407
00915600,WAYNE COUNTY SCHOOLS CAREER CENTER      ,OH,44677-9672,Public       ,14,78,92,14,78,92
00917200,SPRINGFIELD REGIONAL SCHOOL OF NURSING  ,OH,45501-0000,Private      ,22,41,63,22,41,63
00941200,NATIONAL INSTITUTE OF TECHNOLOGY        ,OH,44221-2998,Proprietary  ,71,150,221,71,150,221
00945101,BROWN MACKIE COLLEGE-NORTH CANTON       ,OH,44720-0000,Proprietary  ,55,467,522,55,467,522
00953000,GERBER AKRON BEAUTY SCHOOL              ,OH,44313-6995,Proprietary  ,3,21,24,3,21,24
00953100,SPA SCHOOL (THE)                        ,OH,43214-1524,Proprietary  ,25,55,80,25,55,80
00966000,TIFFIN ACADEMY OF HAIR DESIGN           ,OH,44883-2833,Proprietary  ,10,26,36,10,26,36
00983700,ITT TECHNICAL INSTITUTE                 ,OH,44509-4098,Proprietary  ,108,203,311,108,203,311
00994100,BELMONT TECHNICAL COLLEGE               ,OH,43950-9766,Public       ,423,537,960,423,537,960
00994200,SHAWNEE STATE UNIVERSITY                ,OH,45662-4344,Public       ,2714,1089,3803,2714,1089,3803
01001700,PAYNE THEOLOGICAL SEMINARY              ,OH,45384-0474,Private      ,1,21,22,1,21,22
01002700,JAMES A. RHODES STATE COLLEGE           ,OH,45804-3597,Public       ,903,1341,2244,903,1341,2244
01016800,NATIONWIDE BEAUTY ACADEMY               ,OH,43228-1000,Proprietary  ,51,91,142,51,91,142
01028000,OHIO STATE BEAUTY ACADEMY               ,OH,45801-4950,Proprietary  ,22,41,63,22,41,63
01032300,HANNAH E MULLINS SCH-PRAC NRSG          ,OH,44460-2906,Public       ,8,31,39,8,31,39
01034500,CINCINNATI STATE TECH & COMM CLG        ,OH,45223-2690,Public       ,2340,4636,6976,2340,4636,6976
01045300,WASHINGTON STATE CMTY COLLEGE           ,OH,45750-9225,Public       ,498,474,972,498,474,972
01063000,NORTHERN INSTITUTE OF COSMETOLOGY       ,OH,44052-1803,Proprietary  ,6,8,14,6,8,14
01073600,MARION TECHNICAL COLLEGE                ,OH,43302-5694,Public       ,408,848,1256,408,848,1256
01088000,CHATFIELD COLLEGE                       ,OH,45118-9705,Private      ,23,71,94,23,71,94
01088100,STARK STATE COLLEGE OF TECHNOLOGY       ,OH,44720-7299,Public       ,1386,3826,5212,1386,3826,5212
01090600,CINCINNATI CLG OF MORTUARY SCIENCE      ,OH,45224-1428,Private      ,45,68,113,45,68,113
01092300,UNION INSTITUTE & UNIVERSITY            ,OH,45206-1925,Private      ,8,601,609,8,601,609
01099300,HOBART INSTITUTE OF WELDING TECHNOLOGY  ,OH,45373-2400,Private      ,145,83,228,145,83,228
01100500,KAPLAN COLLEGE                          ,OH,43232-4827,Proprietary  ,88,591,679,88,591,679
01104600,CENTRAL OHIO TECHNICAL COLLEGE          ,OH,43055-1767,Public       ,838,2560,3398,838,2560,3398
01170300,PENTA COUNTY JOINT VOCATIONAL SCH       ,OH,43551-0000,Public       ,8,24,32,8,24,32
01174400,NATIONAL BEAUTY COLLEGE                 ,OH,44720-0000,Proprietary  ,13,44,57,13,44,57
01174500,OHIO TECHNICAL COLLEGE                  ,OH,44103-1228,Proprietary  ,796,319,1115,796,319,1115
01182500,OHIO STATE SCHOOL OF COSMETOLOGY        ,OH,43224-1107,Proprietary  ,36,80,116,36,80,116
01212800,SOUTHWESTERN COLLEGE                    ,OH,45402-3003,Proprietary  ,43,611,654,43,611,654
01212802,SOUTHWESTERN COLLEGE                    ,OH,45005-2267,Proprietary  ,7,172,179,7,172,179
01212803,SOUTHWESTERN COLLEGE                    ,OH,45202-4304,Proprietary  ,41,417,458,41,417,458
01212804,SOUTHWESTERN COLLEGE                    ,OH,45246-3121,Proprietary  ,60,492,552,60,492,552
01212806,SOUTHWESTERN COLLEGE - TOLEDO           ,OH,43615-6800,Proprietary  ,33,336,369,33,336,369
01216600,CAROUSEL BEAUTY COLLEGE                 ,OH,45402-8935,Proprietary  ,15,24,39,15,24,39
01224800,CENTRAL SCHOOL OF PRACTICAL NURSING     ,OH,44103-4371,Private      ,28,159,187,28,159,187
01267200,CAROUSEL BEAUTY COLLEGE                 ,OH,45044-5113,Proprietary  ,3,10,13,3,10,13
01267400,CAROUSEL OF MIAMI VALLEY BEAUTY CLG     ,OH,45424-2063,Proprietary  ,2,3,5,2,3,5
01275000,EDISON COMMUNITY COLLEGE                ,OH,45356-9239,Public       ,597,1306,1903,597,1306,1903
01283800,LAURA AND ALVIN SIEGAL COLLEGE OF JUDAIC,OH,44122-7197,Private      ,0,2,2,0,2,2
01284800,MOLER-HOLLYWOOD BEAUTY COLLEGE          ,OH,45202-2577,Proprietary  ,12,10,22,12,10,22
01287000,SOUTHERN STATE COMMUNITY COLLEGE        ,OH,45133-9406,Public       ,459,1019,1478,459,1019,1478
01289100,ANTONELLI COLLEGE                       ,OH,45202-2592,Proprietary  ,84,143,227,84,143,227
01289600,VIRGINIA MARTI COLLEGE OF ART AND DESIGN,OH,44107-0778,Proprietary  ,82,63,145,82,63,145
01313200,INTERNATIONAL CLG OF BROADCASTING       ,OH,45431-1898,Proprietary  ,16,31,47,16,31,47
02052000,OHIO INST OF PHOTOGRAPHY & TECHNOLOGY   ,OH,45439-1984,Proprietary  ,71,211,282,71,211,282
02054300,TRUMBULL BUSINESS COLLEGE               ,OH,44484-0000,Proprietary  ,24,214,238,24,214,238
02056800,DAYMAR COLLEGE                          ,OH,45601-1038,Proprietary  ,21,266,287,21,266,287
02056802,DAYMAR COLLEGE - LANCASTER              ,OH,43130-0000,Proprietary  ,5,72,77,5,72,77
02056803,DAYMAR COLLEGE - NEW BOSTON             ,OH,45662-4900,Proprietary  ,3,22,25,3,22,25
02056804,DAYMAR COLLEGE - JACKSON                ,OH,45640-1728,Proprietary  ,3,20,23,3,20,23
02066100,OHIO STATE COLLEGE/BARBER STYLING       ,OH,43213-0000,Proprietary  ,42,56,98,42,56,98
02069500,AKRON INSTITUTE                         ,OH,44306-0000,Proprietary  ,125,477,602,125,477,602
02073300,GALLIA-JACKSON-VINTON SCH ADULT ED      ,OH,45674-0000,Public       ,27,96,123,27,96,123
02110700,CLEVELAND INST OF DENTAL-MED ASST       ,OH,44115-2285,Proprietary  ,29,134,163,29,134,163
02116009,SANFORD-BROWN COLLEGE - MIDDLEBURG HEIGH,OH,44130-8362,Proprietary  ,77,587,664,77,587,664
02116900,UPPER VALLEY JVS                        ,OH,45356-0000,Public       ,6,157,163,6,157,163
02117300,GREAT OAKS INSTITUTE OF TECHNOLOGY      ,OH,45241-1581,Public       ,67,236,303,67,236,303
02128600,THE ART INSTITUTE OF CINCINNATI         ,OH,45246-0000,Proprietary  ,194,85,279,194,85,279
02140700,COMMUNITY EDUCATIONAL SERVICES          ,OH,44702-1710,Public       ,18,89,107,18,89,107
02152100,ACADEMY OF COURT REPORTING AND TECHNOLOG,OH,44115-0000,Proprietary  ,15,151,166,15,151,166
02152101,ACADEMY OF COURT REPORTING & TECHNOLOGY ,OH,43215-3902,Proprietary  ,24,154,178,24,154,178
02152102,ACADEMY OF COURT REPORTING - MIAMI-JACOB,OH,44313-3607,Proprietary  ,6,17,23,6,17,23
02152104,ACADEMY OF COURT REPORTING AND TECHNOLOG,OH,45202-2123,Proprietary  ,2,24,26,2,24,26
02152106,ACADEMY OF COURT REPORTING AND TECHNOLOG,OH,45241-5428,Proprietary  ,8,56,64,8,56,64
02158500,OHIO BUSINESS COLLEGE                   ,OH,44055-3344,Proprietary  ,21,272,293,21,272,293
02158501,OHIO BUSINESS COLLEGE                   ,OH,44870-9953,Proprietary  ,17,192,209,17,192,209
02168100,TRI-COUNTY JOINT VOCATIONAL SCHOOL      ,OH,45764-0000,Public       ,10,24,34,10,24,34
02187900,ASHTABULA CO JOINT VOC SCH ADULT ED     ,OH,44047-0000,Public       ,10,70,80,10,70,80
02189000,ADULT CENTER FOR EDUCATION              ,OH,43701-0000,Public       ,25,96,121,25,96,121
02190700,RETS TECH CENTER                        ,OH,45459-0000,Proprietary  ,130,933,1063,130,933,1063
02192100,BUTLER TECHNOLOGY AND CAREER DEVELOPMENT,OH,45011-0000,Public       ,48,198,246,48,198,246
02196300,COLLINS CAREER CENTER                   ,OH,45619-0000,Public       ,90,213,303,90,213,303
02210800,MEDINA COUNTY CAREER CENTER             ,OH,44256-0000,Public       ,14,43,57,14,43,57
02215400,OHIO STATE SCHOOL OF COSMETOLOGY        ,OH,43207-0000,Proprietary  ,36,68,104,36,68,104
02220500,GOD'S BIBLE SCHOOL & COLLEGE            ,OH,45210-0000,Private      ,61,17,78,61,17,78
02220800,CAREER & TECHNOLOGY EDUCATION CENTERS OF,OH,43055-0000,Public       ,15,98,113,15,98,113
02239800,PIONEER CAREER & TECHNOLOGY CENTER      ,OH,44875-0000,Public       ,1,15,16,1,15,16
02245600,WARREN COUNTY CAREER CENTER             ,OH,45036-0000,Public       ,15,95,110,15,95,110
02246300,INSTITUTE OF MEDICAL-DENTAL TECH        ,OH,45246-3317,Proprietary  ,5,28,33,5,28,33
02263700,MIAMI VALLEY CAREER TECHNOLOGY CTR      ,OH,45315-0000,Public       ,31,142,173,31,142,173
02269400,EASTERN HILLS ACAD OF HAIR DESIGN       ,OH,45255-0000,Proprietary  ,9,11,20,9,11,20
02269500,WESTERN HILLS SCHOOL OF BEAUTY & HAIR DE,OH,45211-0000,Proprietary  ,14,44,58,14,44,58
02270100,OHIO HI-POINT CAREER CENTER             ,OH,43311-0000,Public       ,17,127,144,17,127,144
02272700,COLUMBIANA COUNTY CAREER CENTER         ,OH,44432-0000,Public       ,8,44,52,8,44,52
02287900,RAPHAEL'S SCHOOL OF BEAUTY CULTURE      ,OH,44446-0000,Proprietary  ,3,20,23,3,20,23
02289802,KAPLAN COLLEGE                          ,OH,45203-0000,Proprietary  ,51,289,340,51,289,340
02301400,OHIO VALLEY COLLEGE OF TECHNOLOGY       ,OH,43920-0000,Proprietary  ,20,17,37,20,17,37
02303600,BOHECKER'S BUSINESS COLLEGE             ,OH,44266-0000,Proprietary  ,55,337,392,55,337,392
02304700,TRI-RIVERS CAREER CENTER                ,OH,43302-0000,Public       ,18,97,115,18,97,115
02311200,AMERICAN SCHOOL OF TECHNOLOGY           ,OH,43229-0000,Proprietary  ,13,104,117,13,104,117
02315500,TOLEDO ACADEMY OF BEAUTY CULTURE - EAST ,OH,43616-0000,Proprietary  ,4,13,17,4,13,17
02328500,MOLER-PICKENS BEAUTY COLLEGE            ,OH,45014-0000,Proprietary  ,3,7,10,3,7,10
02334300,INTERNATIONAL ACAD OF HAIR DESIGN       ,OH,45239-0000,Proprietary  ,14,23,37,14,23,37
02336300,KNOX COUNTY CAREER CENTER               ,OH,43050-4298,Public       ,13,118,131,13,118,131
02336700,CUYAHOGA VALLEY CAREER CENTER           ,OH,44141-1296,Public       ,26,108,134,26,108,134
02337700,PROFESSIONAL SKILLS INSTITUTE           ,OH,43607-0000,Proprietary  ,37,280,317,37,280,317
02351500,WILLOUGHBY EASTLAKE SCH OF PRAC NSG     ,OH,44094-0000,Public       ,1,34,35,1,34,35
02352800,POLARIS CAREER CENTER-ADULT ED DEPT     ,OH,44130-0000,Public       ,17,80,97,17,80,97
02354200,SCIOTO COUNTY JOINT VOCATIONAL SCH      ,OH,45648-0000,Public       ,24,71,95,24,71,95
02454400,NORTHEASTERN OHIO UNIVS COL OF MED      ,OH,44272-0000,Public       ,105,699,804,105,699,804
02497800,GREENE COUNTY CAREER CENTER             ,OH,45385-0000,Public       ,9,54,63,9,54,63
02512600,ADULT VOCATIONAL SERVICES               ,OH,44308-0000,Public       ,1,26,27,1,26,27
02519300,OHIO STATE SCH COSMETOLOGY              ,OH,43068-0000,Proprietary  ,21,39,60,21,39,60
02522700,EASTLAND-FAIRFIELD CAREER AND TECHNICAL ,OH,43125-0000,Public       ,11,120,131,11,120,131
02528300,TDDS TECHNICAL INSTITUTE                ,OH,44429-0000,Proprietary  ,17,67,84,17,67,84
02529500,HAMRICK SCHOOL                          ,OH,44256-0000,Proprietary  ,7,21,28,7,21,28
02541400,TOLEDO ACADEMY OF BEAUTY CULTURE-SO     ,OH,43614-0000,Proprietary  ,20,39,59,20,39,59
02545800,INNER STATE BEAUTY SCHOOLS              ,OH,44124-0000,Proprietary  ,9,50,59,9,50,59
02553000,SCHOOL OF ADVERTISING ART               ,OH,45440-0000,Proprietary  ,95,14,109,95,14,109
02560000,CASAL AVEDA INSTITUTE                   ,OH,44515-0000,Proprietary  ,21,22,43,21,22,43
02560700,PICKAWAY ROSS CO JOINT VOC TECH SCH     ,OH,45601-0000,Public       ,16,125,141,16,125,141
02560701,PICKAWAY ROSS COUNTY JOINT VOCATIONAL SC,OH,45601-9010,Public       ,9,56,65,9,56,65
02562300,APOLLO CAREER CENTER-ADULT EDUC         ,OH,45806-0000,Public       ,40,240,280,40,240,280
02563000,RAPHAELS SCHOOL OF BEAUTY CULTURE       ,OH,44601-2847,Proprietary  ,1,12,13,1,12,13
02568600,MAHONING COUNTY CAREER & TECH CENTR     ,OH,44406-0000,Public       ,3,21,24,3,21,24
02582900,KAPLAN CAREER INSTITUTE                 ,OH,44129-6810,Proprietary  ,51,285,336,51,285,336
02586400,TRUMBULL CAREER & TECH CENTER-ADULT     ,OH,44483-1997,Public       ,16,126,142,16,126,142
02588500,OHIO STATE SCHOOL OF COSMETOLOGY        ,OH,43081-0000,Proprietary  ,39,41,80,39,41,80
02599711,VATTEROTT COLLEGE - CLEVELAND           ,OH,44147-3502,Proprietary  ,9,178,187,9,178,187
02603800,LORAIN COUNTY JVS ADULT CAREER CTR      ,OH,44074-9799,Public       ,13,57,70,13,57,70
02616200,BROWN MACKIE COLLEGE-FINDLAY            ,OH,45840-6848,Proprietary  ,197,1236,1433,197,1236,1433
02620000,SANDUSKY CAREER CENTER                  ,OH,44870-4786,Public       ,9,52,61,9,52,61
03007900,GALLIPOLIS CAREER COLLEGE               ,OH,45631-2600,Proprietary  ,10,90,100,10,90,100
03009702,"HARRISON COLLEGE - MUNCIE - COLUMBUS, OH",OH,43123-0000,Proprietary  ,8,34,42,8,34,42
03015100,ALLIANCE HIGH SCH-CMTY SERVICES DIV     ,OH,44601-2899,Public       ,4,19,23,4,19,23
03015300,EHOVE CAREER CENTER                     ,OH,44846-9500,Public       ,25,141,166,25,141,166
03023700,MADISON ADULT CAREER CENTER             ,OH,44905-2718,Public       ,11,73,84,11,73,84
03024300,VALLEY BEAUTY SCHOOL                    ,OH,43725-2332,Proprietary  ,10,27,37,10,27,37
03027100,FAIRVIEW ACADEMY                        ,OH,44126-2214,Proprietary  ,9,15,24,9,15,24
03034200,WASHINGTON COUNTY CAREER CENTER ADULT TE,OH,45750-9290,Public       ,15,114,129,15,114,129
03051400,AUBURN CAREER CENTER                    ,OH,44077-9723,Public       ,27,85,112,27,85,112
03051500,US GRANT JOINT VOCATIONAL SCHOOL        ,OH,45106-9502,Public       ,2,6,8,2,6,8
03065800,OHIO INSTITUTE OF HEALTH CAREERS        ,OH,44035-2394,Proprietary  ,31,95,126,31,95,126
03065900,BUCKEYE CAREER CENTER                   ,OH,44663-9437,Public       ,16,97,113,16,97,113
03067600,RAPHAEL'S SCHOOL OF BEAUTY CULTURE      ,OH,44512-2222,Proprietary  ,4,11,15,4,11,15
03068200,OHIO CENTER FOR BROADCASTING            ,OH,44125-4220,Proprietary  ,26,83,109,26,83,109
03068202,OHIO CENTER FOR BROADCASTING - COLUMBUS ,OH,43213-2571,Proprietary  ,21,48,69,21,48,69
03071900,MOUNT CARMEL COLLEGE OF NURSING         ,OH,43222-1598,Private      ,436,386,822,436,386,822
03072303,EVEREST INSTITUTE - COLUMBUS            ,OH,43230-6653,Proprietary  ,24,125,149,24,125,149
03078000,OHIO CENTER FOR BROADCASTING            ,OH,45227-1509,Proprietary  ,17,46,63,17,46,63
03079000,ETI TECHNICAL COLLEGE                   ,OH,44446-4398,Proprietary  ,32,101,133,32,101,133
03084800,DELAWARE AREA CAREER CENTER             ,OH,43015-8969,Public       ,3,14,17,3,14,17
03084801,DELAWARE AREA CAREER CENTER -           ,OH,43015-9001,Public       ,0,6,6,0,6,6
03095600,VANTAGE CAREER CENTER                   ,OH,45891-1378,Public       ,5,56,61,5,56,61
03097000,MERCY COLLEGE OF NORTHWEST OHIO         ,OH,43604-1132,Private      ,361,563,924,361,563,924
03100100,PARAMOUNT BEAUTY ACADEMY                ,OH,45662-4136,Proprietary  ,8,11,19,8,11,19
03105400,CLEVELAND EXTENSION HIGH SCH-WEST       ,OH,44102-2298,Public       ,3,11,14,3,11,14
03116200,DAYTON BARBER COLLEGE                   ,OH,45402-2310,Proprietary  ,14,21,35,14,21,35
03116300,OHIO COLLEGE OF MASSOTHERAPY            ,OH,44321-1363,Private      ,19,52,71,19,52,71
03116400,VANGUARD-SENTINELL VOC SCH DISTRICT     ,OH,43420-1197,Public       ,0,13,13,0,13,13
03117000,ASHLAND COUNTY-W HOLMES CAREER CTR      ,OH,44805-0000,Public       ,5,58,63,5,58,63
03319300,CREATIVE IMAGES-A CERTIFIED MATRIX      ,OH,45414-2557,Proprietary  ,3,34,37,3,34,37
03319301,CREATIVE IMAGES-A CERTIFIED MATRIX      ,OH,45459-0000,Proprietary  ,12,41,53,12,41,53
03416400,VALLEY BEAUTY SCHOOL                    ,OH,43701-3624,Proprietary  ,5,16,21,5,16,21
03425300,ROSEDALE BIBLE COLLEGE                  ,OH,43029-9517,Private      ,35,7,42,35,7,42
03457300,ALLEGHENY WESLEYAN COLLEGE              ,OH,44460-9598,Private      ,9,6,15,9,6,15
03468400,NATIONAL INSTITUTE OF MASSOTHERAPY      ,OH,44319-2100,Proprietary  ,5,31,36,5,31,36
03468500,ATS INSTITUTE OF TECHNOLOGY             ,OH,44143-2216,Proprietary  ,12,183,195,12,183,195
03475400,TRI-STATE BIBLE COLLEGE                 ,OH,45680-8402,Private      ,1,9,10,1,9,10
03534400,AMERICAN INST OF ALTERNATIVE MEDICI     ,OH,43229-1113,Proprietary  ,6,69,75,6,69,75
03586400,MED CENTRAL COLLEGE OF NURSING          ,OH,44903-2265,Private      ,225,143,368,225,143,368
03626300,BROWN AVEDA INSTITUTE                   ,OH,44060-6212,Proprietary  ,60,87,147,60,87,147
03693300,CARNEGIE CAREER COLLEGE                 ,OH,44260-9608,Private      ,4,68,72,4,68,72
03700300,REGENCY BEAUTY INSTITUTE - CLEVELAND    ,OH,44094-0000,Proprietary  ,31,82,113,31,82,113
03726300,TEMPLE BAPTIST COLLEGE                  ,OH,45240-0000,Private      ,3,5,8,3,5,8
03747300,BEXLEY HALL SEMINARY                    ,OH,43209-2325,Private      ,0,6,6,0,6,6
03776400,HEALING ARTS INSTITUTE                  ,OH,43551-3138,Proprietary  ,9,30,39,9,30,39
03837300,AVEDA FREDRIC'S INSTITUTE               ,OH,45208-1304,Proprietary  ,41,43,84,41,43,84
03882300,OREGON CAREER CENTER                    ,OH,43616-2631,Public       ,1,7,8,1,7,8
04050400,DESIGNER'S BEAUTY ACADEMY               ,OH,43920-0000,Proprietary  ,5,4,9,5,4,9
04068300,FOUR COUNTY CAREER CENTER               ,OH,43512-9541,Public       ,1,12,13,1,12,13
04074300,HONDROS COLLEGE                         ,OH,43081-3855,Proprietary  ,85,460,545,85,460,545
04116700,NEWLIFE TECHNICAL INSTITUTE             ,OH,43920-2920,Private      ,2,13,15,2,13,15
04117300,DAYTON SCHOOL OF MEDICAL MASSAGE        ,OH,45429-1111,Proprietary  ,41,149,190,41,149,190
04118300,NORTHCOAST MEDICAL TRAINING ACADEMY     ,OH,44240-4174,Proprietary  ,33,94,127,33,94,127
04124500,TECHSKILLS                              ,OH,43231-0000,Proprietary  ,11,53,64,11,53,64
04125700,CUT BEAUTY SCHOOL (THE)                 ,OH,44118-2918,Proprietary  ,14,71,85,14,71,85
04126000,OHIO ACADEMY PAUL MITCHELL PARTNER SCHOO,OH,44087-3107,Proprietary  ,30,42,72,30,42,72
04137800,AVEDA INSTITUTE COLUMBUS                ,OH,43201-2333,Proprietary  ,33,47,80,33,47,80
04138000,INSTITUTE OF THERAPEUTIC MASSAGE        ,OH,45875-0350,Proprietary  ,5,12,17,5,12,17
04140100,CISORIA ACADEMY OF COSMETOLOGY          ,OH,44137-2915,Proprietary  ,3,16,19,3,16,19
04149100,CINCINNATI ACADEMY A PAUL MITCHELL PARTN,OH,45241-1702,Proprietary  ,25,22,47,25,22,47
04151400,VANITY SCHOOL OF COSMETOLOGY            ,OH,44035-0000,Proprietary  ,1,8,9,1,8,9
04152600,PIKE COUNTY CAREER TECHNOLOGY CENTER    ,OH,45661-9114,Public       ,5,36,41,5,36,41
04153300,OHIO ACADEMY COLUMBUS (THE)             ,OH,43231-6038,Proprietary  ,25,33,58,25,33,58
04154000,TOLLES CAREER & TECHNICAL CENTER        ,OH,43064-8854,Public       ,3,7,10,3,7,10
04166800,SALON PROFESSIONAL ACADEMY (THE)        ,OH,45551-0000,Proprietary  ,12,19,31,12,19,31
        ,INVALID SCHOOL CODE                     ,  ,00000-0000,,694,1539,2233,694,1539,2233
00134500,ADAMS STATE COLLEGE                     ,CO,81102-2373,Public       ,1433,569,2002,1433,569,2002
00134600,ARAPAHOE COMMUNITY COLLEGE              ,CO,80160-9002,Public       ,886,1524,2410,886,1524,2410
00134700,COLORADO COLLEGE                        ,CO,80903-3294,Private      ,2360,260,2620,2360,260,2620
00134800,COLORADO SCHOOL OF MINES                ,CO,80401-1887,Public       ,4658,738,5396,4658,738,5396
00134900,UNIVERSITY OF NORTHERN COLORADO         ,CO,80639-0001,Public       ,7651,2314,9965,7651,2314,9965
00135000,COLORADO STATE UNIVERSITY               ,CO,80523-0100,Public       ,16112,5249,21361,16112,5249,21361
00135200,DENVER  SEMINARY                        ,CO,80120-2192,Private      ,3,293,296,3,293,296
00135300,FORT LEWIS COLLEGE                      ,CO,81301-3999,Public       ,2554,578,3132,2554,578,3132
00135400,ILIFF SCHOOL OF THEOLOGY                ,CO,80210-0000,Private      ,0,145,145,0,145,145
00135500,LAMAR COMMUNITY COLLEGE                 ,CO,81052-3999,Public       ,157,67,224,157,67,224
00135800,MESA STATE COLLEGE                      ,CO,81501-7682,Public       ,3272,1248,4520,3272,1248,4520
00135900,COLORADO NORTHWESTERN COMMUNITY COLLEGE ,CO,81648-3598,Public       ,201,121,322,201,121,322
00136000,METROPOLITAN STATE CLG OF DENVER        ,CO,80204-0000,Public       ,5710,6611,12321,5710,6611,12321
00136100,NORTHEASTERN JUNIOR COLLEGE             ,CO,80751-2399,Public       ,686,187,873,686,187,873
00136200,OTERO JUNIOR COLLEGE                    ,CO,81050-3346,Public       ,264,156,420,264,156,420
00136300,REGIS UNIVERSITY                        ,CO,80221-1099,Private      ,2180,4642,6822,2180,4642,6822
00136500,COLORADO STATE UNIVERSITY-PUEBLO        ,CO,81001-4901,Public       ,3499,1685,5184,3499,1685,5184
00136800,TRINIDAD STATE JR COLLEGE               ,CO,81082-2396,Public       ,230,224,454,230,224,454
00137000,UNIVERSITY OF COLORADO-BOULDER          ,CO,80309-0077,Public       ,17115,5692,22807,17115,5692,22807
00137100,UNIVERSITY OF DENVER                    ,CO,80208-2000,Private      ,6155,6630,12785,6155,6630,12785
00137200,WESTERN STATE COLLEGE                   ,CO,81231-0000,Public       ,1555,252,1807,1555,252,1807
00163202,AQUINAS INSTITUTE OF THEOLOGY - AQUINAS ,CO,80903-1498,Private      ,2,17,19,2,17,19
00405702,NATIONAL AMERICAN UNIVERSITY            ,CO,80918-0000,Proprietary  ,16,78,94,16,78,94
00405703,NATIONAL AMERICAN UNIVERSITY            ,CO,80222-0000,Proprietary  ,12,93,105,12,93,105
00450300,EVEREST COLLEGE                         ,CO,80916-3548,Proprietary  ,31,188,219,31,188,219
00450600,COLORADO MOUNTAIN COLLEGE               ,CO,81602-0000,Public       ,739,508,1247,739,508,1247
00450700,EVEREST COLLEGE                         ,CO,80229-4339,Proprietary  ,23,293,316,23,293,316
00450701,"EVEREST COLLEGE- EVEREST COLLEGE, AURORA",CO,80012-5692,Proprietary  ,19,110,129,19,110,129
00450800,UNIVERSITY OF COLORADO DENVER           ,CO,80204-2029,Public       ,4845,6970,11815,4845,6970,11815
00450900,UNIV OF COLORADO AT COLO SPRINGS        ,CO,80918-3735,Public       ,3937,2278,6215,3937,2278,6215
00559600,EMILY GRIFFITH OPPORTUNITY SCH          ,CO,80204-2197,Public       ,210,557,767,210,557,767
00729700,REDSTONE COLLEGE                        ,CO,80020-9988,Proprietary  ,77,267,344,77,267,344
00754700,LINCOLN COLLEGE OF TECHNOLOGY           ,CO,80223-2013,Proprietary  ,272,262,534,272,262,534
00754800,WESTWOOD COLLEGE - DENVER NORTH         ,CO,80221-3653,Proprietary  ,211,906,1117,211,906,1117
00754801,WESTWOOD COLLEGE - DENVER SOUTH         ,CO,80227-3653,Proprietary  ,75,381,456,75,381,456
00758200,AIMS COMMUNITY COLLEGE                  ,CO,80632-0000,Public       ,991,1514,2505,991,1514,2505
00764900,ROCKY MOUNTAIN COLG OF ART & DESIGN     ,CO,80214-0000,Proprietary  ,616,180,796,616,180,796
00793300,FRONT RANGE COMMUNITY COLLEGE           ,CO,80031-2199,Public       ,2695,4735,7430,2695,4735,7430
00863500,INTELLITEC MEDICAL INSTITUTE            ,CO,80909-1570,Proprietary  ,18,149,167,18,149,167
00887100,CONCORDE CAREER INSTITUTE               ,CO,80203-0000,Proprietary  ,58,258,316,58,258,316
00889600,PIKES PEAK COMMUNITY COLLEGE            ,CO,80906-5498,Public       ,1560,3029,4589,1560,3029,4589
00940100,COLORADO CHRISTIAN UNIVERSITY           ,CO,80226-7449,Private      ,1146,730,1876,1146,730,1876
00954200,COMMUNITY COLLEGE OF DENVER             ,CO,80217-2026,Public       ,1890,3333,5223,1890,3333,5223
00954300,RED ROCKS COMMUNITY COLLEGE             ,CO,80228-1255,Public       ,1123,1864,2987,1123,1864,2987
00998100,MORGAN COMMUNITY COLLEGE                ,CO,80701-4399,Public       ,118,252,370,118,252,370
01014800,COLORADO TECHNICAL UNIVERSITY           ,CO,80907-3896,Proprietary  ,126,2155,2281,126,2155,2281
01014802,COLORADO TECHNICAL UNIV - DENVER        ,CO,80111-3201,Proprietary  ,36,371,407,36,371,407
01014805,COLORADO TECH UNIV - ON LINE            ,CO,80907-0000,Proprietary  ,233,7272,7505,233,7272,7505
01014806,COLORADO TECH UNIV - FED EXPRESS        ,CO,80921-3800,Proprietary  ,5,32,37,5,32,37
01014808,COLORADO TECH UNIV - USAA               ,CO,80920-1005,Proprietary  ,6,29,35,6,29,35
01014809,COLORADO TECH UNIV - SCHRIEVER AFB      ,CO,80912-7298,Proprietary  ,1,1,2,1,1,2
01014810,COLORADO TECH UNIV - PETERSON AFB       ,CO,80914-1586,Proprietary  ,4,9,13,4,9,13
01014811,COLORADO TECH UNIV-HEWLETT PACKARD      ,CO,80919-2303,Proprietary  ,6,22,28,6,22,28
01014812,COLORADO TECHNICAL UNIVERSITY - WESTMINS,CO,80021-3498,Proprietary  ,27,509,536,27,509,536
01014813,COLORADO TECH UNIV - ORACLE             ,CO,80921-3660,Proprietary  ,5,37,42,5,37,42
01014815,COLORADO TECHNCL UNIV PUEBLO            ,CO,81003-2315,Proprietary  ,36,233,269,36,233,269
01070900,EMPIRE BEAUTY SCHOOL-LAKEWOOD           ,CO,80215-0000,Proprietary  ,8,24,32,8,24,32
01073200,SAN JUAN BASINTECHNICAL COLLEGE         ,CO,81328-9196,Public       ,12,9,21,12,9,21
01157200,COLORADO SCHOOL OF TRADES               ,CO,80215-2996,Proprietary  ,40,101,141,40,101,141
01267000,BEL-REA INST OF ANIMAL TECH             ,CO,80247-3048,Proprietary  ,188,325,513,188,325,513
01285000,INTERNATIONAL SALON AND SPA ACADEMY     ,CO,80918-3684,Proprietary  ,12,35,47,12,35,47
01287500,PICKENS TECHNICAL COLLEGE               ,CO,80011-9307,Public       ,83,198,281,83,198,281
01300700,NAZARENE BIBLE COLLEGE                  ,CO,80910-3717,Private      ,24,230,254,24,230,254
02072200,EMPIRE BEAUTY SCHOOL -ARVADA            ,CO,80212-0000,Proprietary  ,13,25,38,13,25,38
02078900,ART INSTITUTE OF COLORADO (THE)         ,CO,80203-2983,Proprietary  ,744,652,1396,744,652,1396
02116300,PUEBLO COMMUNITY COLLEGE                ,CO,81004-0000,Public       ,672,1708,2380,672,1708,2380
02117500,NAROPA UNIVERSITY                       ,CO,80302-0000,Private      ,248,843,1091,248,843,1091
02133100,COLORADO CENTER FOR MEDICAL LABORATORY S,CO,80218-0000,Private      ,17,46,63,17,46,63
02141100,ARTISTIC BEAUTY COLGS-WESTMINSTER       ,CO,80030-0000,Proprietary  ,11,29,40,11,29,40
02141103,ARTISTIC BEAUTY COLLEGES-AURORA         ,CO,80017-3194,Proprietary  ,14,19,33,14,19,33
02156200,DELTA - MONTROSE TECHNICAL COLLEGE      ,CO,81416-0000,Public       ,39,63,102,39,63,102
02160600,EMPIRE BEAUTY SCHOOL -THORNTON          ,CO,80241-1659,Proprietary  ,13,31,44,13,31,44
02165200,SALON PROFESSIONAL ACADEMY (THE)        ,CO,81504-5309,Proprietary  ,8,23,31,8,23,31
02167600,KAPLAN COLLEGE                          ,CO,80229-5309,Proprietary  ,42,225,267,42,225,267
02188700,DENVER ACAD OF COURT REPORTING          ,CO,80030-0000,Proprietary  ,4,37,41,4,37,41
02211901,CHEEKS INTERNATIONAL ACADEMY OF BEAUTY C,CO,80525-3053,Proprietary  ,6,10,16,6,10,16
02211902,CHEEKS INTERNATIONAL ACDMY BTY CULT     ,CO,80631-0000,Proprietary  ,7,11,18,7,11,18
02253700,INTELLITEC COLLEGE                      ,CO,80909-0000,Proprietary  ,25,72,97,25,72,97
02267500,GLENWOOD BEAUTY ACADEMY                 ,CO,81601-0000,Proprietary  ,2,6,8,2,6,8
02276900,COMMUNITY COLLEGE OF AURORA             ,CO,80011-9036,Public       ,704,1432,2136,704,1432,2136
02321700,ITT TECHNICAL INSTITUTE                 ,CO,80229-5338,Proprietary  ,40,79,119,40,79,119
02518500,HAIR DYNAMICS EDUCATION CENTER          ,CO,80525-0000,Proprietary  ,20,31,51,20,31,51
02594300,COLLEGE AMERICA - DENVER                ,CO,80222-3380,Proprietary  ,151,1015,1166,151,1015,1166
02611000,HERITAGE COLLEGE                        ,CO,80212-7413,Proprietary  ,43,218,261,43,218,261
03006300,INST OF BUSINESS & MEDICAL CAREERS      ,CO,80525-3044,Proprietary  ,46,259,305,46,259,305
03012100,REMINGTON COLLEGE - COLORADO SPRINGS CAM,CO,80215-0000,Proprietary  ,12,60,72,12,60,72
03013100,BOULDER COLLEGE OF MASSAGE THERAPY      ,CO,80301-3295,Private      ,38,67,105,38,67,105
03014900,PLATT COLLEGE                           ,CO,80014-3141,Proprietary  ,19,67,86,19,67,86
03027400,XENON INTERNATIONAL ACADEMY III         ,CO,80014-1193,Proprietary  ,19,18,37,19,18,37
03030606,UTAH COLLEGE OF MASSAGE THERAPY - DENVER,CO,80031-2921,Proprietary  ,22,33,55,22,33,55
03030607,UTAH COLLEGE OF MASSAGE THERAPY - DENVER,CO,80012-2523,Proprietary  ,20,47,67,20,47,67
03066900,INTELLITEC COLLEGE                      ,CO,81506-3994,Proprietary  ,22,47,69,22,47,69
03068201,OHIO CENTER FOR BROADCASTING - COLORADO ,CO,80214-4129,Proprietary  ,11,36,47,11,36,47
03076401,BRYMAN SCHOOL OF ARIZONA (THE) - ANTHEM ,CO,80014-2622,Proprietary  ,0,9,9,0,9,9
03289300,COLORADO HEIGHTS UNIVERSITY             ,CO,80236-2711,Private      ,23,30,53,23,30,53
03306300,MONTESSORI EDUC CRT OF THE ROCKIES      ,CO,80301-2587,Private      ,2,14,16,2,14,16
03534300,JONES INTERNATIONAL UNIVERSITY          ,CO,80112-3446,Proprietary  ,63,1563,1626,63,1563,1626
03545300,UNIVERSITY OF THE ROCKIES               ,CO,80903-3612,Proprietary  ,19,439,458,19,439,458
03584400,COLORADO SCHOOL OF HEALING ARTS         ,CO,80226-4332,Proprietary  ,18,48,66,18,48,66
03670300,TONI & GUY HAIRDRESSING ACADEMY         ,CO,80911-1713,Proprietary  ,31,39,70,31,39,70
03686300,COLORADO SCHOOL OF TRADITIONAL CHINESE M,CO,80206-2127,Proprietary  ,3,49,52,3,49,52
03776300,CULINARY SCHOOL OF THE ROCKIES          ,CO,80305-5961,Proprietary  ,36,52,88,36,52,88
03972300,CUTTIN' UP BEAUTY ACADEMY               ,CO,80220-0000,Proprietary  ,11,21,32,11,21,32
03976300,MASSAGE THERAPY INSTITUTE OF COLORADO   ,CO,80206-2127,Proprietary  ,26,37,63,26,37,63
04080300,ASPEN UNIVERSITY                        ,CO,80246-1930,Proprietary  ,29,61,90,29,61,90
04093300,ACADEMY OF NATURAL THERAPY              ,CO,80631-3425,Proprietary  ,10,32,42,10,32,42
04121200,INSTITUTE OF TAOIST EDUCATION AND ACUPUN,CO,80027-1028,Private      ,3,13,16,3,13,16
04125100,MONTESSORI CENTRE INTERNATIONAL DENVER  ,CO,80111-5263,Private      ,0,6,6,0,6,6
04139300,NATIONAL BEAUTY COLLEGE                 ,CO,80221-0000,Proprietary  ,10,10,20,10,10,20
04148300,DENVER SCHOOL OF NURSING                ,CO,80202-1213,Proprietary  ,83,388,471,83,388,471
04151100,SUMMIT SALON & BEAUTY SCHOOL            ,CO,80866-4569,Proprietary  ,1,0,1,1,0,1
00267811,BRYANT & STRATTON COLLEGE - VIRGINIA BEA,VA,23462-4417,Proprietary  ,119,816,935,119,816,935
00370200,AVERETT UNIVERSITY                      ,VA,24541-3692,Private      ,1001,531,1532,1001,531,1532
00370300,BLUEFIELD COLLEGE                       ,VA,24605-1799,Private      ,462,150,612,462,150,612
00370400,BRIDGEWATER COLLEGE                     ,VA,22812-1599,Private      ,3026,112,3138,3026,112,3138
00370500,COLLEGE OF WILLIAM & MARY               ,VA,23187-8795,Public       ,9786,4003,13789,9786,4003,13789
00370600,CHRISTOPHER NEWPORT UNIVERSITY          ,VA,23606-2998,Public       ,5919,605,6524,5919,605,6524
00370700,RICHARD BLAND COLLEGE                   ,VA,23805-7100,Public       ,660,231,891,660,231,891
00370800,EASTERN MENNONITE UNIVERSITY            ,VA,22802-2462,Private      ,791,239,1030,791,239,1030
00370900,EMORY & HENRY COLLEGE                   ,VA,24327-0010,Private      ,1038,68,1106,1038,68,1106
00371100,FERRUM COLLEGE                          ,VA,24088-2612,Private      ,2373,161,2534,2373,161,2534
00371200,TIDEWATER COMMUNITY COLLEGE             ,VA,23510-1910,Public       ,4055,7472,11527,4055,7472,11527
00371300,HAMPDEN-SYDNEY COLLEGE                  ,VA,23943-0128,Private      ,1028,31,1059,1028,31,1059
00371400,HAMPTON UNIVERSITY                      ,VA,23668-0099,Private      ,7075,1671,8746,7075,1671,8746
00371500,HOLLINS UNIVERSITY                      ,VA,24020-0000,Private      ,738,342,1080,738,342,1080
00371900,LONGWOOD UNIVERSITY                     ,VA,23909-1899,Public       ,4195,386,4581,4195,386,4581
00372000,LYNCHBURG COLLEGE                       ,VA,24501-3199,Private      ,2555,305,2860,2555,305,2860
00372100,JAMES MADISON UNIVERSITY                ,VA,22807-3780,Public       ,18622,1650,20272,18622,1650,20272
00372300,MARY BALDWIN COLLEGE                    ,VA,24401-3610,Private      ,1065,412,1477,1065,412,1477
00372400,MARYMOUNT UNIVERSITY                    ,VA,22207-4224,Private      ,1767,1091,2858,1767,1091,2858
00372600,NATIONAL COLLEGE                        ,VA,24153-4524,Proprietary  ,224,3140,3364,224,3140,3364
00372700,NORTHERN VA CMTY CLG                    ,VA,22003-3743,Public       ,4543,4902,9445,4543,4902,9445
00372800,OLD DOMINION UNIVERSITY                 ,VA,23529-0052,Public       ,13413,6520,19933,13413,6520,19933
00373200,RADFORD UNIVERSITY                      ,VA,24142-6905,Public       ,6907,1446,8353,6907,1446,8353
00373300,RANDOLPH-MACON COLLEGE                  ,VA,23005-5505,Private      ,2078,83,2161,2078,83,2161
00373400,RANDOLPH COLLEGE                        ,VA,24503-1526,Private      ,633,64,697,633,64,697
00373500,VIRGINIA COMMONWEALTH UNIVERSITY        ,VA,23284-9004,Public       ,15582,7078,22660,15582,7078,22660
00373600,ROANOKE COLLEGE                         ,VA,24153-3794,Private      ,2661,139,2800,2661,139,2800
00373700,SHENANDOAH UNIVERSITY                   ,VA,22601-5195,Private      ,1977,1056,3033,1977,1056,3033
00373800,SOUTHERN VIRGINIA UNIVERSITY            ,VA,24416-3038,Private      ,548,78,626,548,78,626
00373900,ST PAULS COLLEGE                        ,VA,23868-1299,Private      ,321,177,498,321,177,498
00374200,SWEET BRIAR COLLEGE                     ,VA,24595-9998,Private      ,519,29,548,519,29,548
00374300,UNION THEO SEMINARY & PRESBYTRN SCH     ,VA,23227-0000,Private      ,1,33,34,1,33,34
00374400,UNIVERSITY OF RICHMOND                  ,VA,23173-0001,Private      ,5325,1606,6931,5325,1606,6931
00374500,UNIVERSITY OF VIRGINIA - SFS            ,VA,22903-0000,Public       ,16630,6770,23400,16630,6770,23400
00374600,UNIVERSITY OF MARY WASHINGTON           ,VA,22401-5358,Public       ,4163,628,4791,4163,628,4791
00374700,UNIV OF VIRGINIA'S COLLEGE AT WISE      ,VA,24293-4412,Public       ,1415,218,1633,1415,218,1633
00374800,EASTERN SHORE COMMUNITY COLLEGE         ,VA,23410-3000,Public       ,124,193,317,124,193,317
00374900,GEORGE MASON UNIVERSITY                 ,VA,22030-4444,Public       ,13432,7998,21430,13432,7998,21430
00375100,PATRICK HENRY COMMUNITY COLLEGE         ,VA,24112-5311,Public       ,397,763,1160,397,763,1160
00375200,VIRGINIA INTERMONT COLLEGE              ,VA,24201-4298,Private      ,633,131,764,633,131,764
00375300,VIRGINIA MILITARY INSTITUTE             ,VA,24450-2138,Public       ,1423,41,1464,1423,41,1464
00375400,VIRGINIA POLYTECH INST & STATE UNIV     ,VA,24061-2000,Public       ,22354,3522,25876,22354,3522,25876
00375800,DANVILLE COMMUNITY COLLEGE              ,VA,24541-4004,Public       ,482,913,1395,482,913,1395
00375900,J. SARGEANT REYNOLDS COMMUNITY CLG      ,VA,23285-0000,Public       ,1965,3509,5474,1965,3509,5474
00376000,VIRGINIA WESTERN CMTY COLLEGE           ,VA,24038-0000,Public       ,1135,1368,2503,1135,1368,2503
00376100,WYTHEVILLE COMMUNITY COLLEGE            ,VA,24382-3308,Public       ,642,840,1482,642,840,1482
00376200,VIRGINIA UNIVERSITY OF LYNCHBURG        ,VA,24501-6400,Private      ,64,102,166,64,102,166
00376400,VIRGINIA STATE UNIVERSITY               ,VA,23806-0001,Public       ,7110,1536,8646,7110,1536,8646
00376500,NORFOLK STATE UNIVERSITY                ,VA,23504-8000,Public       ,5492,2937,8429,5492,2937,8429
00376600,VIRGINIA UNION UNIVERSITY               ,VA,23220-1711,Private      ,3289,584,3873,3289,584,3873
00376700,VIRGINIA WESLEYAN COLLEGE               ,VA,23502-5599,Private      ,1440,290,1730,1440,290,1730
00376800,WASHINGTON & LEE UNIVERSITY             ,VA,24450-0303,Private      ,2053,1601,3654,2053,1601,3654
00400400,JOHN TYLER COMMUNITY COLLEGE            ,VA,23831-5316,Public       ,1182,1649,2831,1182,1649,2831
00450301,"EVEREST COLLEGE- EVEREST COLLEGE, MCLEAN",VA,22102-3000,Proprietary  ,14,106,120,14,106,120
00450702,"EVEREST COLLEGE- EVEREST COLLEGE, ARLING",VA,22203-1905,Proprietary  ,46,159,205,46,159,205
00498800,CENTRAL VIRGINIA COMMUNITY COLLEGE      ,VA,24502-2498,Public       ,631,771,1402,631,771,1402
00499200,MILLER-MOTTE TECHNICAL COLLEGE          ,VA,24505-0000,Proprietary  ,16,37,53,16,37,53
00499600,DABNEY S LANCASTER COMMUNITY CLG        ,VA,24422-1000,Public       ,315,238,553,315,238,553
00522300,NEW RIVER COMMUNITY COLLEGE             ,VA,24084-1127,Public       ,683,917,1600,683,917,1600
00607500,ROANOKE MEM HOSP SCH RAD ONCOLOGY       ,VA,24033-0000,Private      ,5,9,14,5,9,14
00607501,ROANOKE MEM HOSP SCH RAD TECH           ,VA,24014-1850,Private      ,5,12,17,5,12,17
00662200,COLLEGE OF HEALTH SCIENCES - CHRV       ,VA,24031-0000,Private      ,308,411,719,308,411,719
00681900,BLUE RIDGE COMMUNITY COLLEGE            ,VA,24486-0080,Public       ,1023,1036,2059,1023,1036,2059
00687100,THOMAS NELSON COMMUNITY COLLEGE         ,VA,23670-0000,Public       ,1311,2498,3809,1311,2498,3809
00709900,VIRGINIA HIGHLANDS COMMUNITY CLG        ,VA,24210-4210,Public       ,540,602,1142,540,602,1142
00726000,SOUTHWEST VIRGINIA COMMUNITY CLG        ,VA,24641-1510,Public       ,393,495,888,393,495,888
00859200,LOUISE OBICI SCHOOL OF NURSING          ,VA,23434-8038,Private      ,11,37,48,11,37,48
00865900,LORD FAIRFAX COMMUNITY COLLEGE          ,VA,22645-0047,Public       ,759,939,1698,759,939,1698
00866000,GERMANNA COMMUNITY COLLEGE              ,VA,22508-0339,Public       ,755,1088,1843,755,1088,1843
00866100,SOUTHSIDE VIRGINIA CMTY CLG             ,VA,23821-2930,Public       ,332,659,991,332,659,991
00915900,PAUL D CAMP COMMUNITY COLLEGE           ,VA,23851-0737,Public       ,185,445,630,185,445,630
00916000,RAPPAHANNOCK COMMUNITY COLLEGE          ,VA,23149-2616,Public       ,355,370,725,355,370,725
00926700,EVEREST COLLEGE                         ,VA,23606-4203,Proprietary  ,36,220,256,36,220,256
00926701,EVEREST COLLEGE - CHESAPEAKE            ,VA,23320-2637,Proprietary  ,22,110,132,22,110,132
00942000,SANFORD-BROWN COLLEGE                   ,VA,22182-3913,Proprietary  ,46,167,213,46,167,213
00953500,STAUNTON SCHOOL OF COSMETOLOGY          ,VA,24401-4323,Proprietary  ,3,6,9,3,6,9
00953700,VIRGINIA SCH OF HAIR DESIGN             ,VA,23669-0000,Proprietary  ,11,53,64,11,53,64
00962900,MOUNTAIN EMPIRE COMMUNITY COLLEGE       ,VA,24219-0700,Public       ,401,393,794,401,393,794
00992800,PIEDMONT VIRGINIA COMMUNITY COLLEGE     ,VA,22902-7589,Public       ,594,868,1462,594,868,1462
01004300,BON SECOURS MEMORIAL COLLEGE OF NURSING ,VA,23227-4612,Private      ,109,258,367,109,258,367
01019800,ECPI COLLEGE OF TECHNOLOGY              ,VA,23462-6542,Proprietary  ,664,2880,3544,664,2880,3544
01033800,EASTERN VIRGINIA MEDICAL SCHOOL         ,VA,23501-1980,Private      ,25,943,968,25,943,968
01159600,RALPH'S VIRGINIA SCH OF COSMETOLOGY     ,VA,24501-2652,Proprietary  ,3,9,12,3,9,12
01162601,WESTWOOD COLLEGE - SOUTH BAY - ARLINGTON,VA,22203-4167,Proprietary  ,159,197,356,159,197,356
01162602,WESTWOOD COLLEGE - SOUTH BAY - ANNANDALE,VA,22003-2602,Proprietary  ,98,244,342,98,244,342
01274400,SOUTHSIDE REGIONAL MED CTR PROF SCHOOLS ,VA,23803-5133,Proprietary  ,21,76,97,21,76,97
01274402,SOUTHSIDE REG MED CTR SCH RAD TECH      ,VA,23803-0000,Proprietary  ,5,27,32,5,27,32
02053000,LIBERTY UNIVERSITY                      ,VA,24502-0000,Private      ,11728,11767,23495,11728,11767,23495
02108800,WARDS CORNER BEAUTY ACADEMY             ,VA,23505-0000,Proprietary  ,10,48,58,10,48,58
02111600,DANVILLE REGIONAL MEDICAL CENTER SCHOOL ,VA,24541-0000,Proprietary  ,22,55,77,22,55,77
02128700,CENTRAL SCHOOL OF PRACTICAL NURSING     ,VA,23502-2230,Public       ,27,73,100,27,73,100
02140000,RIVERSIDE SCHOOL OF HEALTH CAREERS      ,VA,23608-3802,Private      ,59,242,301,59,242,301
02175800,LYNCHBURG GENERAL HOSP SCH OF NURSG     ,VA,24501-0000,Private      ,39,81,120,39,81,120
02197600,WOODROW WILSON REHABILITATION CTR       ,VA,22939-0000,Public       ,9,3,12,9,3,12
02242400,HENRICO CTY ST MARYS HOSP PRAC NRSG     ,VA,23075-0000,Public       ,8,23,31,8,23,31
02247200,MEDSPA CAREERS INSTITUTE                ,VA,23606-0000,Proprietary  ,35,102,137,35,102,137
02304500,HERITAGE INSTITUTE                      ,VA,20111-0000,Proprietary  ,24,108,132,24,108,132
02320900,TIDEWATER TECH                          ,VA,23517-0000,Proprietary  ,45,202,247,45,202,247
02334400,CENTURA COLLEGE                         ,VA,23452-0000,Proprietary  ,140,1394,1534,140,1394,1534
02342700,FORTIS COLLEGE                          ,VA,23502-4101,Proprietary  ,21,128,149,21,128,149
02342701,FORTIS COLLEGE - RICHMOND CAMPUS        ,VA,23236-3472,Proprietary  ,49,145,194,49,145,194
02358500,BON SECOURS SAINT MARY'S HOSPITAL SCHOOL,VA,23227-4612,Private      ,29,86,115,29,86,115
02535400,ECPI TECHNICAL COLLEGE                  ,VA,23236-0000,Proprietary  ,103,264,367,103,264,367
02538800,SUFFOLK BEAUTY ACADEMY                  ,VA,23434-0000,Proprietary  ,3,9,12,3,9,12
02541200,STRATFORD UNIVERSITY                    ,VA,22043-0000,Proprietary  ,67,213,280,67,213,280
02541201,STRATFORD UNIVERSITY-WOODBRIDGE         ,VA,22192-0000,Proprietary  ,28,117,145,28,117,145
02610100,WASHINGTON COUNTY ADULT SKILL CTR       ,VA,24210-2346,Public       ,3,15,18,3,15,18
03002400,GRAHAM WEBB INTERNATIONAL ACAD HAIR     ,VA,22209-2129,Proprietary  ,7,17,24,7,17,24
03010700,BAR PALMA BEAUTY CAREERS  ACADEMY       ,VA,24014-2255,Proprietary  ,1,16,17,1,16,17
03042800,"VIRGINIA BEACH CITY SCHOOLS, SCH.-PR.NSG",VA,23456-0038,Public       ,14,38,52,14,38,52
03091100,ACT COLLEGE                             ,VA,22209-2297,Proprietary  ,13,60,73,13,60,73
03091300,REGENT UNIVERSITY                       ,VA,23464-9800,Private      ,745,2411,3156,745,2411,3156
03092700,ECPI TECHNICAL COLLEGE-ROANOKE          ,VA,24012-1603,Proprietary  ,46,123,169,46,123,169
03096500,SPRINGFIELD BEAUTY ACADEMY              ,VA,22003-3016,Proprietary  ,0,8,8,0,8,8
03106500,SENTARA NORFOLK GENERAL HOSPITAL        ,VA,23320-2843,Private      ,59,238,297,59,238,297
03116900,BAPTIST THEOLOGICAL SEM.-RICHMOND       ,VA,23227-0000,Private      ,2,33,35,2,33,35
03126300,TIDEWATER TECH AVIATION                 ,VA,23320-5987,Proprietary  ,38,111,149,38,111,149
03126400,CENTURA COLLEGE                         ,VA,23235-5230,Proprietary  ,45,278,323,45,278,323
03126401,CENTURA COLLEGE - WEST                  ,VA,23294-0000,Proprietary  ,9,72,81,9,72,81
03127500,ADVANCED TECHNOLOGY INSTITUTE           ,VA,23462-2409,Proprietary  ,198,208,406,198,208,406
03280400,VIRGINIA SCHOOL OF MASSAGE              ,VA,22903-0000,Proprietary  ,12,34,46,12,34,46
03409500,RICHMOND SCHOOL OF HEALTH AND TECH      ,VA,23227-0000,Proprietary  ,51,277,328,51,277,328
03455300,CRESCENT COSMETOLOGY UNIVERSITY         ,VA,23666-3115,Proprietary  ,8,12,20,8,12,20
03559300,APPALACHIAN SCHOOL OF LAW               ,VA,24614-0000,Private      ,8,419,427,8,419,427
03638400,TAP THIS VALLEY WORKS CTR FOR EMPLO     ,VA,24016-1901,Private      ,2,5,7,2,5,7
03645400,RUDY & KELLY ACADEMY OF HAIR AND NA     ,VA,23464-6857,Proprietary  ,15,71,86,15,71,86
03654300,CAREER TRAINING SOLUTIONS               ,VA,22406-1014,Proprietary  ,13,137,150,13,137,150
03709300,EDWARD VIA VIRGINIA CLG OSTEOPATHIC MED ,VA,24060-6360,Private      ,8,467,475,8,467,475
03872400,INSTITUTE FOR THE PSYCHOLOGICAL SCIENCES,VA,22202-3609,Private      ,5,85,90,5,85,90
03876300,CULPEPER COSMETOLOGY TRAINING CENTER    ,VA,22701-3155,Public       ,2,5,7,2,5,7
03883400,AVIATION INSTITUTE OF MAINTENANCE       ,VA,20110-4156,Proprietary  ,74,253,327,74,253,327
04038400,AVI CAREER INSTITUTE                    ,VA,22066-1839,Proprietary  ,4,12,16,4,12,16
04124000,DOMINION SCHOOL OF HAIR DESIGN          ,VA,23062-2221,Proprietary  ,4,6,10,4,6,10
04127300,COLUMBIA COLLEGE                        ,VA,22031-4413,Proprietary  ,10,38,48,10,38,48
04133400,CENTURA COLLEGE                         ,VA,22312-2670,Proprietary  ,10,85,95,10,85,95
04133800,SOUTHEAST CULINARY & HOSPITALITY COLLEGE,VA,24201-4159,Proprietary  ,27,34,61,27,34,61
04137300,CAYCE/REILLY SCHOOL OF MASSOTHERAPY     ,VA,23451-2061,Private      ,4,13,17,4,13,17
04140000,GLOBAL HEALTH NURSE TRAINING SERVICES   ,VA,22314-4585,Proprietary  ,14,105,119,14,105,119
04153800,BETHEL COLLEGE                          ,VA,23666-3122,Private      ,2,7,9,2,7,9
04156200,INSTITUTE OF ADVANCED MEDICAL ESTHETICS ,VA,23294-4701,Proprietary  ,6,34,40,6,34,40
00107000,THUNDERBIRD SCHOOL OF GLOBAL MANAGEMENT ,AZ,85306-6000,Private      ,8,315,323,8,315,323
00107100,ARIZONA WESTERN COLLEGE                 ,AZ,85366-0000,Public       ,1501,1261,2762,1501,1261,2762
00107200,COCHISE COLLEGE                         ,AZ,85607-6190,Public       ,404,622,1026,404,622,1026
00107300,EASTERN ARIZONA COLLEGE                 ,AZ,85552-0769,Public       ,676,511,1187,676,511,1187
00107400,GRAND CANYON UNIVERSITY                 ,AZ,85017-3030,Proprietary  ,2349,14996,17345,2349,14996,17345
00107600,GLENDALE COMMUNITY COLLEGE              ,AZ,85302-3090,Public       ,3410,3591,7001,3410,3591,7001
00107700,MESA COMMUNITY COLLEGE                  ,AZ,85202-4866,Public       ,3467,4600,8067,3467,4600,8067
00107800,PHOENIX COLLEGE                         ,AZ,85013-4234,Public       ,1924,3258,5182,1924,3258,5182
00107900,YAVAPAI COLLEGE                         ,AZ,86301-3297,Public       ,1007,1405,2412,1007,1405,2412
00108100,ARIZONA STATE UNIV (ALL CAMPUSES)       ,AZ,85287-0412,Public       ,33535,16759,50294,33535,16759,50294
00108200,NORTHERN ARIZONA UNIVERSITY             ,AZ,86011-0001,Public       ,17717,5486,23203,17717,5486,23203
00108300,UNIVERSITY OF ARIZONA                   ,AZ,85721-0066,Public       ,20851,8813,29664,20851,8813,29664
00165701,MIDWESTERN UNIVERSITY                   ,AZ,85308-0000,Private      ,70,2187,2257,70,2187,2257
00446700,TUCSON COLLEGE                          ,AZ,85711-3781,Proprietary  ,62,163,225,62,163,225
00711300,SOUTHWESTERN COLLEGE                    ,AZ,85032-7097,Private      ,279,118,397,279,118,397
00726600,PIMA COUNTY COMMUNITY COLLEGE           ,AZ,85709-1110,Public       ,3713,5228,8941,3713,5228,8941
00728300,CENTRAL ARIZONA COLLEGE                 ,AZ,85228-9779,Public       ,737,1178,1915,737,1178,1915
00822100,UNIVERSAL TECHNICAL INSTITUTE           ,AZ,85323-7946,Proprietary  ,4250,3231,7481,4250,3231,7481
00824600,DINè COLLEGE                            ,AZ,86556-0126,Public       ,153,228,381,153,228,381
00830300,GATEWAY COMMUNITY COLLEGE               ,AZ,85034-1795,Public       ,873,1852,2725,873,1852,2725
00830302,MARICOPA SKILL CENTER                   ,AZ,85034-0000,Public       ,101,415,516,101,415,516
00830400,SCOTTSDALE COMMUNITY COLLEGE            ,AZ,85250-0000,Public       ,1386,1289,2675,1386,1289,2675
00886400,ARIZONA ACADEMY OF BEAUTY               ,AZ,85712-5021,Proprietary  ,31,23,54,31,23,54
00886500,ARTISTIC BEAUTY COLLEGES-TUCSON         ,AZ,85716-3999,Proprietary  ,25,51,76,25,51,76
00886501,ARTISTIC BEAUTY COLLEGES - TUCSON  - NOR,AZ,85705-1665,Proprietary  ,9,12,21,9,12,21
00945100,BROWN MACKIE COLLEGE                    ,AZ,85712-5300,Proprietary  ,139,824,963,139,824,963
01072702,DEVRY INSTITUTE OF TECHNOLOGY           ,AZ,85021-2995,Proprietary  ,118,211,329,118,211,329
01084700,ARIZONA AUTOMOTIVE INSTITUTE            ,AZ,85301-3503,Proprietary  ,95,215,310,95,215,310
01085800,AVALON SCHOOL OF COSMETOLOGY            ,AZ,85210-4010,Proprietary  ,31,79,110,31,79,110
01168900,REFRIGERATION SCHOOL                    ,AZ,85034-0000,Proprietary  ,17,124,141,17,124,141
01180200,ARIZONA ACADEMY OF BEAUTY-NORTH         ,AZ,85705-2720,Proprietary  ,15,17,32,15,17,32
01180800,ARTISTIC BEAUTY COLLEGES-FLAGSTAFF      ,AZ,86004-5119,Proprietary  ,39,81,120,39,81,120
01180801,CLG OF BEAUTY ARTS & SCI/CHANDLER       ,AZ,85224-0000,Proprietary  ,1,10,11,1,10,11
01180802,CLG OF BEAUTY ARTS & SCI/PRESCOTT       ,AZ,86303-0000,Proprietary  ,7,8,15,7,8,15
01186200,NORTHLAND PIONEER COLLEGE               ,AZ,86025-2996,Public       ,171,400,571,171,400,571
01186400,MOHAVE COMMUNITY COLLEGE                ,AZ,86409-1238,Public       ,363,1325,1688,363,1325,1688
01218400,INTERNATIONAL ACAD OF HAIR DESIGN       ,AZ,85225-7198,Proprietary  ,6,38,44,6,38,44
01234300,ARTISTIC BEAUTY COLLEGES-PHOENIX        ,AZ,85304-0000,Proprietary  ,34,72,106,34,72,106
01293700,ARTISTIC BEAUTY COLLEGES - PARADISE VALL,AZ,85257-0000,Proprietary  ,9,23,32,9,23,32
02065200,ITT TECHNICAL INSTITUTE                 ,AZ,85282-0000,Proprietary  ,100,199,299,100,199,299
02065300,PRESCOTT COLLEGE                        ,AZ,86301-0000,Private      ,401,459,860,401,459,860
02071200,KAPLAN COLLEGE                          ,AZ,85029-4349,Proprietary  ,114,571,685,114,571,685
02098800,UNIVERSITY OF PHOENIX                   ,AZ,85040-0000,Proprietary  ,4102,73586,77688,4102,73586,77688
02100500,UNIVERSAL TECHNICAL INSTITUTE           ,AZ,85027-0000,Proprietary  ,3182,3806,6988,3182,3806,6988
02100600,APOLLO COLLEGE                          ,AZ,85015-0000,Proprietary  ,401,1458,1859,401,1458,1859
02113800,ROBERTO-VENN SCH OF LUTHIERY            ,AZ,85040-0000,Proprietary  ,12,17,29,12,17,29
02146600,SOUTH MOUNTAIN COMMUNITY COLLEGE        ,AZ,85040-0000,Public       ,696,808,1504,696,808,1504
02171500,WESTERN INTERNATIONAL UNIVERSITY        ,AZ,85021-0000,Proprietary  ,21,496,517,21,496,517
02174900,COLLINS COLLEGE                         ,AZ,85040-4000,Proprietary  ,403,352,755,403,352,755
02177500,RIO SALADO COMMUNITY COLLEGE            ,AZ,85281-0000,Public       ,594,3752,4346,594,3752,4346
02179907,ARGOSY UNIVERSITY  -  PHOENIX           ,AZ,85021-0000,Proprietary  ,0,1,1,0,1,1
02190702,RETS COLLEGE - FORTIS COLLEGE-PHOENIX   ,AZ,85006-3759,Proprietary  ,8,15,23,8,15,23
02192300,MARICOPA BEAUTY COLLEGE                 ,AZ,85323-0000,Proprietary  ,20,27,47,20,27,47
02199900,AMERICAN INDIAN CLG-ASSEMBLIES GOD      ,AZ,85021-0000,Private      ,18,24,42,18,24,42
02217100,PIMA MEDICAL INSTITUTE                  ,AZ,85716-0000,Proprietary  ,594,1848,2442,594,1848,2442
02218800,BROOKLINE COLLEGE                       ,AZ,85019-1600,Proprietary  ,69,490,559,69,490,559
02218804,BROOKLINE COLLEGE - MESA                ,AZ,85204-4448,Proprietary  ,25,167,192,25,167,192
02218805,BROOKLINE COLLEGE - TUCSON              ,AZ,85711-5444,Proprietary  ,30,142,172,30,142,172
02220300,ARTISTIC BEAUTY COLLEGES-GLENDALE       ,AZ,85051-0000,Proprietary  ,34,119,153,34,119,153
02263100,ANTHEM COLLEGE                          ,AZ,85014-0000,Proprietary  ,142,892,1034,142,892,1034
02280500,CHARLES OF ITALY BEAUTY COLLEGE         ,AZ,86403-0000,Proprietary  ,5,3,8,5,3,8
02295000,EVEREST COLLEGE                         ,AZ,85021-1610,Proprietary  ,254,3010,3264,254,3010,3264
02295002,EVEREST COLLEGE - MESA                  ,AZ,85206-4704,Proprietary  ,44,303,347,44,303,347
02317800,AMERICAN INSTITUTE OF TECHNOLOGY        ,AZ,85043-0000,Proprietary  ,32,169,201,32,169,201
02361100,ITT TECHNICAL INSTITUTE                 ,AZ,85704-0000,Proprietary  ,92,147,239,92,147,239
02491500,THE ART CENTER DESIGN COLLEGE           ,AZ,85716-0000,Proprietary  ,80,78,158,80,78,158
02521500,LAMSON COLLEGE                          ,AZ,85284-1141,Proprietary  ,26,96,122,26,96,122
02533200,FRANK LLOYD WRIGHT SCHOOL OF ARCHITECTUR,AZ,85261-4430,Private      ,10,23,33,10,23,33
02559000,UNIVERSITY OF ADVANCING TECHNOLOGY      ,AZ,85283-0000,Proprietary  ,618,306,924,618,306,924
02561900,TONI AND GUY HAIRDRESSING ACADEMY       ,AZ,85251-3301,Proprietary  ,33,37,70,33,37,70
02582700,CORTIVA INSTITUTE - TUCSON              ,AZ,85710-3503,Proprietary  ,9,39,48,9,39,48
02616700,LE CORDON BLEU COLLEGE OF CULINARY ARTS ,AZ,85251-2729,Proprietary  ,373,809,1182,373,809,1182
02623600,PARADISE VALLEY COMMUNITY COLLEGE       ,AZ,85032-1210,Public       ,994,1203,2197,994,1203,2197
02623800,CORTIVA INSTITUTE - SCOTTSDALE          ,AZ,85257-4218,Proprietary  ,16,59,75,16,59,75
03005000,SAFFORD COLLEGE OF BEAUTY CULTURE       ,AZ,85546-3309,Proprietary  ,4,7,11,4,7,11
03010613,VIRGINIA COLLEGE - GOLF ACADEMY OF ARIZO,AZ,85225-6742,Proprietary  ,37,70,107,37,70,107
03030604,UTAH COLLEGE OF MASSAGE THERAPY - ARIZON,AZ,85282-0000,Proprietary  ,38,57,95,38,57,95
03030605,UTAH COLLEGE OF MASSAGE THERAPY - ARIZON,AZ,85051-3470,Proprietary  ,43,91,134,43,91,134
03034400,CONSERVATORY RECORDING ARTS & SCIS      ,AZ,85282-1707,Proprietary  ,273,312,585,273,312,585
03072200,CHANDLER-GILBERT COMMUNITY COLLEGE      ,AZ,85225-2499,Public       ,1714,1628,3342,1714,1628,3342
03076400,BRYMAN SCHOOL OF ARIZONA                ,AZ,85029-4919,Proprietary  ,221,818,1039,221,818,1039
03097800,CARSTEN INSTITUTE OF HAIR & BEAUTY      ,AZ,85282-5404,Proprietary  ,30,36,66,30,36,66
03100400,COCONINO COUNTY COMMUNITY COLLEGE       ,AZ,86001-2701,Public       ,468,652,1120,468,652,1120
03107000,SOUTHWEST CLG OF NATUROPATHIC MED       ,AZ,85282-0000,Private      ,6,159,165,6,159,165
03115000,ARIZONA COLLEGE OF ALLIED HEALTH        ,AZ,85302-3843,Proprietary  ,80,282,362,80,282,362
03120300,COLLEGE AMERICA                         ,AZ,86004-3936,Proprietary  ,23,163,186,23,163,186
03156300,ESTRELLA MOUNTAIN COMMUNITY COLLEGE     ,AZ,85392-1010,Public       ,1152,1424,2576,1152,1424,2576
03156301,ESTRELLA MOUNTAIN COMMUNITY COLLEGE - SO,AZ,85392-1010,Public       ,365,486,851,365,486,851
03347300,INTERNATIONAL BAPTIST COLLEGE           ,AZ,85282-6799,Private      ,10,6,16,10,6,16
03445300,HDS TRUCK DRIVING INSTITUTE             ,AZ,85731-0000,Proprietary  ,1,11,12,1,11,12
03478400,PHOENIX SEMINARY                        ,AZ,85018-7611,Private      ,2,33,35,2,33,35
03572300,EAST VALLEY INSTITUTE OF TECHNOLOGY     ,AZ,85201-6910,Public       ,60,101,161,60,101,161
03593300,SOUTHWEST INSTITUTE OF HEALING ARTS     ,AZ,85281-3658,Proprietary  ,39,219,258,39,219,258
03617500,PHOENIX INSTITUTE OF HERBAL MEDICINE & A,AZ,85012-0000,Proprietary  ,16,69,85,16,69,85
03695500,ARIZONA SCHOOL OF ACUPUNCTURE AND ORIENT,AZ,85712-1100,Proprietary  ,6,28,34,6,28,34
03740500,ART INSTITUTE OF TUCSON (THE)           ,AZ,85712-2732,Proprietary  ,174,181,355,174,181,355
03784400,TOHONO O'ODHAM COMMUNITY COLLEGE        ,AZ,85634-3129,Public       ,5,13,18,5,13,18
03813300,NORTHCENTRAL UNIVERSITY                 ,AZ,86314-2336,Proprietary  ,20,874,894,20,874,894
03814300,TURNING POINT BEAUTY COLLEGE            ,AZ,85222-4229,Proprietary  ,6,6,12,6,6,12
04051300,ART INSTITUTE OF PHOENIX (THE)          ,AZ,85021-2859,Proprietary  ,1914,7022,8936,1914,7022,8936
04059300,TUCSON COLLEGE OF BEAUTY                ,AZ,85705-2451,Proprietary  ,16,24,40,16,24,40
04120900,ARIZONA CULINARY INSTITUTE              ,AZ,85259-4939,Proprietary  ,102,123,225,102,123,225
04131400,PHOENIX SCHOOL OF LAW                   ,AZ,85012-3330,Proprietary  ,30,624,654,30,624,654
04138800,MODERN TECHNIQUES BEAUTY COLLEGE        ,AZ,86403-2974,Proprietary  ,8,7,15,8,7,15
04139200,UNIVERSAL BARBER COLLEGE                ,AZ,85007-3914,Proprietary  ,15,44,59,15,44,59
04152900,STUDIO ACADEMY OF BEAUTY (THE)          ,AZ,85224-3600,Proprietary  ,8,22,30,8,22,30
00142800,DELAWARE STATE UNIVERSITY               ,DE,19901-2277,Public       ,5546,986,6532,5546,986,6532
00142900,GOLDEY BEACOM COLLEGE                   ,DE,19808-1993,Private      ,279,147,426,279,147,426
00143100,UNIVERSITY OF DELAWARE                  ,DE,19716-0099,Public       ,18718,1616,20334,18718,1616,20334
00143300,WESLEY COLLEGE                          ,DE,19901-3875,Private      ,1782,270,2052,1782,270,2052
00143301,WESLEY COLLEGE-CTR FOR ADULT STUDIE     ,DE,19720-0000,Private      ,12,121,133,12,121,133
00331301,WIDENER UNIV SCHOOL OF LAW - DE         ,DE,19803-0000,Private      ,26,1038,1064,26,1038,1064
00705300,DELAWARE TECH & CMTY COLLEGE-OWENS      ,DE,19947-0000,Public       ,820,797,1617,820,797,1617
00794800,WILMINGTON UNIVERSITY                   ,DE,19720-6491,Private      ,849,2061,2910,849,2061,2910
01172700,DELAWARE TECH & CMTY CLG-TERRY          ,DE,19901-8736,Public       ,631,620,1251,631,620,1251
02125200,BEEBE SCHOOL OF NURSING                 ,DE,19958-1462,Private      ,31,50,81,31,50,81
02144900,DELAWARE TECH & CMTY CLG-STANTN/WLM     ,DE,19801-0000,Public       ,1291,1039,2330,1291,1039,2330
02190400,SCHILLING DOUGLAS SCH OF HAIR DSGN      ,DE,19711-0000,Proprietary  ,8,17,25,8,17,25
02586902,STAR TECHNICAL INSTITUTE -              ,DE,19901-4615,Proprietary  ,6,23,29,6,23,29
03025800,DAWN TRAINING CENTRE                    ,DE,19805-1511,Proprietary  ,25,183,208,25,183,208
03543300,HARRIS SCHOOL OF BUSINESS               ,DE,19803-5341,Proprietary  ,10,71,81,10,71,81
03702300,DELAWARE LEARNING INSTITUTE OF COSMETOLO,DE,19939-9759,Proprietary  ,6,32,38,6,32,38
04130700,ACADEMY OF MASSAGE AND BODYWORK         ,DE,19701-1321,Proprietary  ,2,8,10,2,8,10
04139800,DELAWARE COLLEGE OF ART & DESIGN        ,DE,19801-3007,Private      ,269,42,311,269,42,311
00143400,AMERICAN UNIVERSITY                     ,DC,20016-8020,Private      ,12058,8911,20969,12058,8911,20969
00143700,CATHOLIC UNIVERSITY OF AMERICA          ,DC,20064-0002,Private      ,4687,1518,6205,4687,1518,6205
00143711,"CATHOLIC UNIV AMERICA, LAW SCHOOL       ",DC,20064-0000,Private      ,27,1152,1179,27,1152,1179
00144100,UNIV OF THE DISTRICT OF COLUMBIA        ,DC,20008-0000,Public       ,819,1800,2619,819,1800,2619
00144102,UNIV OF THE DIST OF COLU -SCHOOL OF LAW ,DC,20008-1173,Public       ,411,1317,1728,411,1317,1728
00144300,GALLAUDET UNIVERSITY                    ,DC,20002-3695,Private      ,423,396,819,423,396,819
00144400,GEORGE WASHINGTON UNIVERSITY            ,DC,20052-2353,Private      ,10941,6939,17880,10941,6939,17880
00144402,GEORGE WASHINGTON UNIV LAW SCHL         ,DC,20052-0000,Private      ,42,3592,3634,42,3592,3634
00144403,GEORGE WASHINGTON UNIV SCH MED          ,DC,20052-0000,Private      ,32,845,877,32,845,877
00144500,GEORGETOWN UNIVERSITY                   ,DC,20057-1252,Private      ,10580,2583,13163,10580,2583,13163
00144501,"GEORGETOWN UNIV, SCH OF MEDICINE        ",DC,20007-0000,Private      ,48,932,980,48,932,980
00144502,GEORGETOWN UNIVERSITY - GRADUATE SCHOOL ,DC,20057-0004,Private      ,46,2220,2266,46,2220,2266
00144503,GEORGETOWN UNIV LAW CENTER              ,DC,20001-0000,Private      ,26,5279,5305,26,5279,5305
00144800,HOWARD UNIVERSITY                       ,DC,20059-0001,Private      ,11903,5912,17815,11903,5912,17815
00145900,STRAYER UNIVERSITY                      ,DC,20005-2603,Proprietary  ,279,8555,8834,279,8555,8834
00146000,TRINITY UNIVERSITY                      ,DC,20017-1004,Private      ,847,999,1846,847,999,1846
00146400,WESLEY THEOLOGICAL SEMINARY             ,DC,20016-0000,Private      ,0,124,124,0,124,124
00207701,JOHNS HOPKINS UNIV SCH ADV INTL STU     ,DC,20036-0000,Private      ,36,1240,1276,36,1240,1276
01006500,WASHINGTON THEOLOGICAL UNION            ,DC,20012-0000,Private      ,3,15,18,3,15,18
01195000,THE CORCORAN COLLEGE OF ART & DESIG     ,DC,20006-4804,Private      ,417,245,662,417,245,662
01280300,DOMINICAN HOUSE OF STUDIES              ,DC,20017-1584,Private      ,1,8,9,1,8,9
02132800,NAT'L CONSERVATORY DRAMATIC ARTS        ,DC,20007-2758,Private      ,5,9,14,5,9,14
02279200,DUDLEY BEAUTY COLG-WASHINGTON           ,DC,20018-0000,Proprietary  ,15,20,35,15,20,35
02588900,SANZ SCHOOL                             ,DC,20006-0000,Proprietary  ,16,37,53,16,37,53
03104300,CAREER BLAZERS LEARNING CENTER OF WASHIN,DC,20037-1881,Proprietary  ,5,20,25,5,20,25
03218300,POTOMAC COLLEGE                         ,DC,20016-1860,Proprietary  ,19,126,145,19,126,145
03409600,BENNETT CAREER INSTITUTE                ,DC,20017-1754,Proprietary  ,27,57,84,27,57,84
03750300,TECHNICAL LEARNING CENTERS              ,DC,20005-3415,Proprietary  ,5,22,27,5,22,27
04114400,INSTITUTE OF WORLD POLITICS (THE)       ,DC,20036-1464,Private      ,1,91,92,1,91,92
04142700,PONTIFICAL JOHN PAUL II INSTITUTE FOR ST,DC,20064-0001,Private      ,0,10,10,0,10,10
00154100,ABRAHAM BALDWIN AGRICULTURAL CLG        ,GA,31794-0000,Public       ,1120,545,1665,1120,545,1665
00154200,AGNES SCOTT COLLEGE                     ,GA,30030-3797,Private      ,1056,226,1282,1056,226,1282
00154300,DARTON COLLEGE                          ,GA,31707-3098,Public       ,965,1553,2518,965,1553,2518
00154400,ALBANY STATE UNIVERSITY                 ,GA,31705-2796,Public       ,3618,1424,5042,3618,1424,5042
00154500,ANDREW COLLEGE                          ,GA,39840-1313,Private      ,199,17,216,199,17,216
00154600,ARMSTRONG ATLANTIC STATE UNIVERSITY     ,GA,31419-1997,Public       ,3066,2518,5584,3066,2518,5584
00154700,ATLANTA CHRISTIAN COLLEGE               ,GA,30344-1999,Private      ,228,373,601,228,373,601
00155200,AUGUSTA STATE UNIVERSITY                ,GA,30904-2200,Public       ,3424,2787,6211,3424,2787,6211
00155400,BERRY COLLEGE                           ,GA,30149-5007,Private      ,2155,125,2280,2155,125,2280
00155500,THOMAS UNIVERSITY                       ,GA,31792-7499,Private      ,95,303,398,95,303,398
00155600,BRENAU UNIVERSITY                       ,GA,30501-3668,Private      ,820,1120,1940,820,1120,1940
00155700,BREWTON PARKER COLLEGE                  ,GA,30445-0000,Private      ,240,118,358,240,118,358
00155800,COASTAL GEORGIA COMMUNITY COLLEGE       ,GA,31520-3644,Public       ,642,1154,1796,642,1154,1796
00155900,CLARK ATLANTA UNIVERSITY                ,GA,30314-4385,Private      ,8971,2517,11488,8971,2517,11488
00156000,COLUMBIA THEOLOGICAL SEMINARY           ,GA,30031-0000,Private      ,3,87,90,3,87,90
00156100,COLUMBUS STATE UNIVERSITY               ,GA,31907-5645,Public       ,2825,1830,4655,2825,1830,4655
00156200,GEORGIA PERIMETER COLLEGE               ,GA,30021-0000,Public       ,5747,8304,14051,5747,8304,14051
00156300,EMMANUEL COLLEGE                        ,GA,30639-0000,Private      ,295,61,356,295,61,356
00156400,EMORY UNIVERSITY                        ,GA,30322-1960,Private      ,10111,7016,17127,10111,7016,17127
00156600,FORT VALLEY STATE UNIVERSITY            ,GA,31030-3298,Public       ,3683,971,4654,3683,971,4654
00156700,GAINESVILLE STATE COLLEGE               ,GA,30503-0000,Public       ,2216,1243,3459,2216,1243,3459
00156800,INTERDENOMINATIONAL THEOLOGY CENTER     ,GA,30314-0000,Private      ,2,146,148,2,146,148
00156900,GEORGIA INSTITUTE OF TECHNOLOGY         ,GA,30332-0002,Public       ,11372,2612,13984,11372,2612,13984
00157000,SOUTHERN POLYTECHNIC STATE UNIV         ,GA,30060-2896,Public       ,2208,1649,3857,2208,1649,3857
00157100,GEORGIA MILITARY COLLEGE                ,GA,31061-3398,Public       ,1077,1346,2423,1077,1346,2423
00157200,GEORGIA SOUTHERN UNIVERSITY             ,GA,30460-8065,Public       ,11117,2424,13541,11117,2424,13541
00157300,GEORGIA SOUTHWESTERN STATE UNIV         ,GA,31709-4693,Public       ,1258,713,1971,1258,713,1971
00157400,GEORGIA STATE UNIVERSITY                ,GA,30303-3010,Public       ,15957,12186,28143,15957,12186,28143
00157500,GORDON COLLEGE                          ,GA,30204-1762,Public       ,2279,1157,3436,2279,1157,3436
00157700,KENNESAW STATE UNIVERSITY               ,GA,30144-5591,Public       ,9387,6592,15979,9387,6592,15979
00157800,LAGRANGE COLLEGE                        ,GA,30240-2999,Private      ,825,226,1051,825,226,1051
00157900,MEDICAL COLLEGE OF GEORGIA              ,GA,30912-0004,Public       ,319,1215,1534,319,1215,1534
00158000,MERCER UNIVERSITY                       ,GA,31207-0003,Private      ,2803,3641,6444,2803,3641,6444
00158100,MIDDLE GEORGIA COLLEGE                  ,GA,31014-1599,Public       ,1638,817,2455,1638,817,2455
00158200,MOREHOUSE COLLEGE                       ,GA,30314-3773,Private      ,3184,572,3756,3184,572,3756
00158500,NORTH GEORGIA COLLEGE & STATE UNIV      ,GA,30597-0001,Public       ,3231,1110,4341,3231,1110,4341
00158600,OGLETHORPE UNIVERSITY                   ,GA,30319-2737,Private      ,1486,320,1806,1486,320,1806
00158700,PAINE COLLEGE                           ,GA,30901-3182,Private      ,957,280,1237,957,280,1237
00158800,PIEDMONT COLLEGE                        ,GA,30535-5644,Private      ,475,579,1054,475,579,1054
00158900,REINHARDT COLLEGE                       ,GA,30183-2981,Private      ,498,184,682,498,184,682
00159000,SAVANNAH STATE UNIVERSITY               ,GA,31404-5298,Public       ,3725,1121,4846,3725,1121,4846
00159100,SHORTER COLLEGE                         ,GA,30165-4298,Private      ,1173,879,2052,1173,879,2052
00159200,SOUTH GEORGIA COLLEGE                   ,GA,31533-8104,Public       ,542,379,921,542,379,921
00159400,SPELMAN COLLEGE                         ,GA,30314-4399,Private      ,5364,871,6235,5364,871,6235
00159600,TOCCOA FALLS COLLEGE                    ,GA,30598-0001,Private      ,461,80,541,461,80,541
00159700,TRUETT MCCONNELL COLLEGE                ,GA,30528-1264,Private      ,206,42,248,206,42,248
00159800,UNIVERSITY OF GEORGIA                   ,GA,30602-6114,Public       ,15388,6278,21666,15388,6278,21666
00159900,VALDOSTA STATE UNIVERSITY               ,GA,31698-0001,Public       ,7141,2013,9154,7141,2013,9154
00160000,WESLEYAN COLLEGE                        ,GA,31210-4407,Private      ,271,167,438,271,167,438
00160100,UNIV OF WEST GEORGIA                    ,GA,30118-0002,Public       ,5311,2096,7407,5311,2096,7407
00160200,GEORGIA COLLEGE & STATE UNIVERSITY      ,GA,31061-0490,Public       ,3618,892,4510,3618,892,4510
00160400,YOUNG HARRIS COLLEGE                    ,GA,30582-4137,Private      ,648,48,696,648,48,696
00348400,COVENANT COLLEGE                        ,GA,30750-4164,Private      ,857,136,993,857,136,993
00395600,DALTON STATE COLLEGE                    ,GA,30720-3797,Public       ,1410,1305,2715,1410,1305,2715
00402300,APPALACHIAN TECHNICAL COLLEGE           ,GA,30143-0000,Public       ,3,25,28,3,25,28
00402400,GEORGIA NORTHWESTERN TECHNICAL COLLEGE  ,GA,30161-6757,Public       ,496,1665,2161,496,1665,2161
00411700,GRADY HEALTH SYSTEM                     ,GA,30303-3050,Public       ,45,205,250,45,205,250
00525400,LANIER TECHNICAL COLLEGE                ,GA,30566-3499,Public       ,310,1204,1514,310,1204,1514
00525500,MOULTRIE TECHNICAL COLLEGE              ,GA,31768-0000,Public       ,78,324,402,78,324,402
00525600,VALDOSTA TECHNICAL COLLEGE              ,GA,31603-0000,Public       ,390,1202,1592,390,1202,1592
00551100,OKEFENOKEE TECHNICAL COLLEGE            ,GA,31501-4016,Public       ,75,254,329,75,254,329
00559900,AUGUSTA TECHNICAL COLLEGE               ,GA,30906-3399,Public       ,597,1620,2217,597,1620,2217
00560000,ATHENS TECHNICAL COLLEGE                ,GA,30601-1579,Public       ,696,1823,2519,696,1823,2519
00560100,ALBANY TECHNICAL COLLEGE                ,GA,31701-2648,Public       ,323,1298,1621,323,1298,1621
00561300,FLINT RIVER TECHNICAL INSTITUTE         ,GA,30286-0014,Public       ,47,262,309,47,262,309
00561400,WEST GEORGIA TECHNICAL COLLEGE          ,GA,30240-5957,Public       ,42,91,133,42,91,133
00561500,SOUTHWEST GEORGIA TECHNICAL COLLEGE     ,GA,31792-2622,Public       ,180,662,842,180,662,842
00561700,SOUTH GEORGIA TECHNICAL COLLEGE         ,GA,31709-8167,Public       ,207,451,658,207,451,658
00561800,SAVANNAH TECHNICAL COLLEGE              ,GA,31405-5594,Public       ,555,2105,2660,555,2105,2660
00561900,NORTH GEORGIA TECHNICAL COLLEGE         ,GA,30523-0000,Public       ,357,757,1114,357,757,1114
00562000,CHATTAHOOCHEE TECHNICAL COLLEGE         ,GA,30060-3398,Public       ,1244,3421,4665,1244,3421,4665
00562004,NORTH METRO TECHNICAL COLLEGE           ,GA,30102-3129,Public       ,17,46,63,17,46,63
00562100,GRIFFIN TECHNICAL COLLEGE               ,GA,30223-2097,Public       ,510,1758,2268,510,1758,2268
00562200,DEKALB TECHNICAL COLLEGE                ,GA,30021-0000,Public       ,526,2454,2980,526,2454,2980
00562400,COLUMBUS TECHNICAL COLLEGE              ,GA,31904-6572,Public       ,398,1033,1431,398,1033,1431
00576300,CENTRAL GEORGIA TECHNICAL COLLEGE       ,GA,31206-3628,Public       ,656,2987,3643,656,2987,3643
00772800,MACON STATE COLLEGE                     ,GA,31206-5145,Public       ,1349,2008,3357,1349,2008,3357
00854300,ATLANTA TECHNICAL COLLEGE               ,GA,30310-4499,Public       ,704,2609,3313,704,2609,3313
00897600,CLAYTON STATE UNIVERSITY                ,GA,30260-0285,Public       ,2556,3373,5929,2556,3373,5929
00918300,EAST CENTRAL TECHNICAL COLLEGE          ,GA,31750-0000,Public       ,72,340,412,72,340,412
00927000,ART INSTITUTE OF ATLANTA                ,GA,30328-1649,Proprietary  ,3517,2351,5868,3517,2351,5868
00950700,GEORGIA HIGHLANDS COLLEGE               ,GA,30162-0000,Public       ,1114,1103,2217,1114,1103,2217
01031903,MEDIX SCHOOL                            ,GA,30080-7630,Proprietary  ,45,214,259,45,214,259
01035601,EVEREST INSTITUTE - DEKALB              ,GA,30035-3420,Proprietary  ,40,159,199,40,159,199
01048700,WEST GEORGIA TECHNICAL COLLEGE          ,GA,30182-6476,Public       ,826,2626,3452,826,2626,3452
01077100,GUPTON JONES COLLEGE                    ,GA,30035-4022,Private      ,53,129,182,53,129,182
01099700,EAST GEORGIA COLLEGE                    ,GA,30401-2699,Public       ,781,380,1161,781,380,1161
01107400,BAINBRIDGE COLLEGE                      ,GA,39819-8400,Public       ,274,1068,1342,274,1068,1342
01110901,EVEREST COLLEGE - EVEREST INSTITUTE     ,GA,30067-8340,Proprietary  ,25,139,164,25,139,164
01112301,EVEREST COLLEGE - EVEREST INSTITUTE- NOR,GA,30093-2813,Proprietary  ,57,318,375,57,318,375
01157400,BAUDER COLLEGE                          ,GA,30313-2439,Proprietary  ,292,532,824,292,532,824
01205100,PRO WAY HAIR SCHOOL                     ,GA,30083-2884,Proprietary  ,27,146,173,27,146,173
01216500,ATLANTA METROPOLITAN COLLEGE            ,GA,30310-4498,Public       ,991,1720,2711,991,1720,2711
01303900,SOUTH UNIVERSITY                        ,GA,31406-4881,Proprietary  ,629,6978,7607,629,6978,7607
02055000,WAYCROSS COLLEGE                        ,GA,31503-0000,Public       ,180,217,397,180,217,397
02060900,BROWN CLG OF COURT REPORTING & M.T.     ,GA,30318-2570,Proprietary  ,10,113,123,10,113,123
02074800,LIFE UNIVERSITY                         ,GA,30060-0000,Private      ,218,1661,1879,218,1661,1879
02089700,HERZING COLLEGE                         ,GA,30326-1332,Proprietary  ,51,344,395,51,344,395
02110501,ART INSTITUTE OF CHARLOTTE (THE) - BROWN,GA,30319-3054,Proprietary  ,82,147,229,82,147,229
02113613,AMERICAN INTERCONTINENTAL UNIVERSITY    ,GA,30328-1649,Proprietary  ,591,1542,2133,591,1542,2133
02116000,SANFORD-BROWN COLLEGE                   ,GA,30328-4803,Proprietary  ,104,560,664,104,560,664
02141500,SAVANNAH COLLEGE OF ART & DESIGN        ,GA,31402-3146,Private      ,6429,2297,8726,6429,2297,8726
02202800,AUGUSTA AREA DIET INTERN UNIV HOSP      ,GA,30901-0000,Private      ,3,12,15,3,12,15
02217200,PORTFOLIO CENTER                        ,GA,30309-0000,Proprietary  ,9,39,48,9,39,48
02266200,AMERICAN PROFESSIONAL INSTITUTE         ,GA,31201-3185,Proprietary  ,78,447,525,78,447,525
02279500,HEART OF GEORGIA TECHNICAL COLLEGE      ,GA,31021-0000,Public       ,86,263,349,86,263,349
02284300,INTERACTIVE COLLEGE OF TECHNOLOGY       ,GA,30341-0000,Proprietary  ,30,267,297,30,267,297
02284308,INTERACTIVE LEARNING SYSTEMS            ,GA,30260-0000,Proprietary  ,2,80,82,2,80,82
02284309,INTERACTIVE COLLEGE OF TECHNOLOGY       ,GA,30501-0000,Proprietary  ,7,37,44,7,37,44
02285500,"CREATIVE CIRCUS, THE                    ",GA,30324-0000,Proprietary  ,17,115,132,17,115,132
02288400,GWINNETT TECHNICAL INSTITUTE            ,GA,30043-5702,Public       ,926,3197,4123,926,3197,4123
02313902,WESTWOOD COLLEGE - O'HARE AIRPORT - ATLA,GA,30345-2807,Proprietary  ,129,341,470,129,341,470
02321400,ROFFLER-MOLER HAIRSTYLING COLLEGE       ,GA,30062-0000,Proprietary  ,13,50,63,13,50,63
02354500,SOUTHEASTERN BEAUTY SCHOOLS             ,GA,31906-0000,Proprietary  ,7,6,13,7,6,13
02482100,MOREHOUSE SCHOOL OF MEDICINE            ,GA,30310-0000,Private      ,85,527,612,85,527,612
02502700,ADVANCED CAREER TRAINING                ,GA,30329-0000,Proprietary  ,23,79,102,23,79,102
02502701,ADVANCED CAREER TRAINING-RIVERDALE      ,GA,30274-0000,Proprietary  ,8,39,47,8,39,47
02508600,MIDDLE GEORGIA TECHNICAL COLLEGE        ,GA,31088-0000,Public       ,244,750,994,244,750,994
02520000,INTERNATIONAL SCH SKIN & NAILCARE       ,GA,30342-1119,Proprietary  ,3,58,61,3,58,61
02577000,ARNOLD / PADRICKS  UNIV OF COSM         ,GA,30297-0000,Proprietary  ,12,28,40,12,28,40
02577700,BEAUTY COLLEGE OF AMERICA               ,GA,30297-0000,Proprietary  ,18,34,52,18,34,52
02578300,INTERNATIONAL CITY BEAUTY COLLEGE       ,GA,31093-3631,Proprietary  ,3,12,15,3,12,15
02580200,ATLANTA SCHOOL OF MASSAGE               ,GA,30338-0000,Proprietary  ,23,84,107,23,84,107
02583000,GWINNETT COLLEGE OF BUSINESS            ,GA,30047-3447,Proprietary  ,54,121,175,54,121,175
02607600,CAPELLI LEARNING CTR FOR COSM           ,GA,30324-0000,Proprietary  ,18,58,76,18,58,76
02614206,MILLER - MOTTE TECHNICAL COLLEGE - COLUM,GA,31907-3222,Proprietary  ,8,55,63,8,55,63
03005400,ARTISTIC BEAUTY COLLEGE                 ,GA,30013-2076,Proprietary  ,45,151,196,45,151,196
03010619,VIRGINIA COLLEGE - AUGUSTA              ,GA,30909-5515,Proprietary  ,29,157,186,29,157,186
03022601,WESTERN CULINARY INSTITUTE - LE CORDON B,GA,30084-5893,Proprietary  ,110,170,280,110,170,280
03030000,OGEECHEE TECHNICAL COLLEGE              ,GA,30458-8049,Public       ,252,638,890,252,638,890
03032100,ALTAMAHA TECHNICAL COLLEGE              ,GA,31545-4465,Public       ,81,347,428,81,347,428
03042700,LAURUSTECHNICAL INSTITUTE               ,GA,30030-1506,Proprietary  ,10,102,112,10,102,112
03066500,SOUTHEASTERN TECHNICAL COLLEGE          ,GA,30474-8817,Public       ,91,347,438,91,347,438
03066502,SWAINSBORO TECHNICAL COLLEGE            ,GA,30401-5700,Public       ,24,61,85,24,61,85
03072304,EVEREST COLLEGE - EVEREST INSTITUTE     ,GA,30236-0000,Proprietary  ,53,275,328,53,275,328
03076300,BEULAH HEIGHTS BIBLE COLLEGE            ,GA,30316-1873,Private      ,14,200,214,14,200,214
03079202,WESTWOOD COLLEGE - ATLANTA MIDTOWN      ,GA,30309-2848,Proprietary  ,348,674,1022,348,674,1022
03081500,SOUTHEASTERN BEAUTY SCHOOL              ,GA,31917-0000,Proprietary  ,2,6,8,2,6,8
03089100,GEORGIA INSTITUTE OF COSMETOLOGY        ,GA,30606-3152,Proprietary  ,37,34,71,37,34,71
03090600,COBB BEAUTY COLLEGE                     ,GA,30144-2828,Proprietary  ,13,28,41,13,28,41
03100900,LUTHER RICE UNIVERSITY                  ,GA,30038-2454,Private      ,16,268,284,16,268,284
03102000,RIVERTOWN SCHOOL OF BEAUTY              ,GA,31904-4747,Proprietary  ,11,25,36,11,25,36
03104500,ATLANTA INSTITUTE OF MUSIC              ,GA,30096-4988,Proprietary  ,107,99,206,107,99,206
03116100,VOGUE BEAUTY SCHOOL                     ,GA,30141-2226,Proprietary  ,7,25,32,7,25,32
03155500,SANDERSVILLE REGIONAL TECH INST         ,GA,31082-6179,Public       ,54,158,212,54,158,212
03173300,ATLANTA'S JOHN MARSHALL LAW SCHOOL      ,GA,30309-0000,Proprietary  ,18,696,714,18,696,714
03232304,LINCOLN COLLEGE OF TECHNOLOGY           ,GA,30067-8638,Proprietary  ,39,177,216,39,177,216
03418300,GWINNETT COLLEGE-SANDY SPRINGS          ,GA,30328-3161,Proprietary  ,24,77,101,24,77,101
03445500,FAYETTE BEAUTY ACADEMY                  ,GA,30214-1191,Proprietary  ,2,26,28,2,26,28
03523300,AVIATION INSTITUTE OF MAINTENANCE       ,GA,30045-6716,Proprietary  ,46,232,278,46,232,278
03635300,CARVER BIBLE COLLEGE                    ,GA,30331-1300,Private      ,6,23,29,6,23,29
03753400,MICHAEL'S SCHOOL OF BEAUTY              ,GA,31211-1493,Proprietary  ,4,24,28,4,24,28
03804400,JAVELIN TECHNICAL TRAINING CENTER       ,GA,30339-6040,Proprietary  ,28,286,314,28,286,314
03804401,JAVELIN TECHNICAL TRAINING CENTER -     ,GA,30260-1756,Proprietary  ,9,64,73,9,64,73
03804402,JAVELIN TECHNICAL TRAINING CENTER -     ,GA,30084-5252,Proprietary  ,4,49,53,4,49,53
03812300,OMNITECH INSTITUTE                      ,GA,30035-1206,Proprietary  ,26,94,120,26,94,120
04021300,AUGUSTA SCHOOL OF MASSAGE               ,GA,30809-0000,Proprietary  ,5,8,13,5,8,13
04091300,SAVANNAH SCHOOL OF MASSAGE THERAPY      ,GA,31406-2711,Private      ,20,54,74,20,54,74
04126800,ACADEMY OF SOMATIC HEALING ARTS (ASHA)  ,GA,30071-1024,Proprietary  ,9,52,61,9,52,61
04128500,SOUTHERN CATHOLIC COLLEGE               ,GA,30534-3111,Private      ,74,19,93,74,19,93
04142900,GEORGIA GWINNETT COLLEGE                ,GA,30043-7409,Public       ,1322,963,2285,1322,963,2285
04147000,PAUL MITCHELL THE SCHOOL ATLANTA        ,GA,30318-5241,Proprietary  ,41,109,150,41,109,150
04147700,LAKE LANIER SCHOOL OF MASSAGE           ,GA,30501-4546,Proprietary  ,3,18,21,3,18,21
04149900,PROFILE INSTITUTE OF BARBER-STYLING     ,GA,30315-8459,Proprietary  ,13,38,51,13,38,51
04150900,PROCESS INSTITUTE OF COSMETOLOGY (THE)  ,GA,30043-7344,Proprietary  ,15,35,50,15,35,50
04152300,GEORGIA BEAUTY ACADEMY                  ,GA,30721-3952,Proprietary  ,21,32,53,21,32,53
04160200,ATLANTA BEAUTY ACADEMY                  ,GA,30340-1334,Proprietary  ,14,25,39,14,25,39
00162800,AMERICAN ACADEMY OF ART                 ,IL,60604-4302,Proprietary  ,523,108,631,523,108,631
00163300,AUGUSTANA COLLEGE                       ,IL,61201-2296,Private      ,3363,104,3467,3363,104,3467
00163400,AURORA UNIVERSITY                       ,IL,60506-4892,Private      ,2006,1192,3198,2006,1192,3198
00163600,SOUTHWESTERN ILLINOIS COLLEGE           ,IL,62221-5899,Public       ,1414,1934,3348,1414,1934,3348
00163800,BLACK HAWK COLLEGE                      ,IL,61265-5899,Public       ,876,1070,1946,876,1070,1946
00163900,BLACKBURN COLLEGE                       ,IL,62626-1498,Private      ,542,80,622,542,80,622
00164000,PRAIRIE STATE COLLEGE                   ,IL,60411-8226,Public       ,1179,2041,3220,1179,2041,3220
00164100,BRADLEY UNIVERSITY                      ,IL,61625-0002,Private      ,6240,726,6966,6240,726,6966
00164300,SPOON RIVER COLLEGE                     ,IL,61520-8907,Public       ,416,347,763,416,347,763
00164700,CITY COLLEGES OF CHICAGO                ,IL,60606-6998,Public       ,526,591,1117,526,591,1117
00164800,TRUMAN COLLEGE                          ,IL,60640-5691,Public       ,2211,2400,4611,2211,2400,4611
00164900,RICHARD J DALEY COLLEGE                 ,IL,60652-1299,Public       ,1507,1927,3434,1507,1927,3434
00165000,CITY COLLEGES OF CHICAGO-MALCOLM X      ,IL,60612-3197,Public       ,1773,2959,4732,1773,2959,4732
00165200,HAROLD WASHINGTON COLLEGE               ,IL,60601-2403,Public       ,3342,3189,6531,3342,3189,6531
00165400,KENNEDY KING COLLEGE                    ,IL,60621-3798,Public       ,1974,3628,5602,1974,3628,5602
00165500,WRIGHT COLLEGE                          ,IL,60634-1591,Public       ,2993,2469,5462,2993,2469,5462
00165700,MIDWESTERN UNIVERSITY                   ,IL,60515-1200,Private      ,101,1950,2051,101,1950,2051
00165900,ROSALIND FRANKLIN UNIVERSITY OF MEDICINE,IL,60064-3095,Private      ,22,1797,1819,22,1797,1819
00166100,CHICAGO THEOLOGICAL SEMINARY            ,IL,60637-0000,Private      ,20,124,144,20,124,144
00166300,SPERTUS COLLEGE                         ,IL,60605-1995,Private      ,4,32,36,4,32,36
00166400,UNIVERSITY OF ST FRANCIS                ,IL,60435-6188,Private      ,1073,791,1864,1073,791,1864
00166500,COLUMBIA COLLEGE                        ,IL,60605-1996,Private      ,9819,3135,12954,9819,3135,12954
00166600,CONCORDIA UNIVERSITY                    ,IL,60305-1499,Private      ,1964,1250,3214,1964,1250,3214
00166900,DANVILLE AREA COMMUNITY COLLEGE         ,IL,61832-5199,Public       ,497,698,1195,497,698,1195
00167100,DEPAUL UNIVERSITY                       ,IL,60604-2287,Private      ,14702,10416,25118,14702,10416,25118
00167400,EASTERN ILLINOIS UNIVERSITY             ,IL,61920-3099,Public       ,8183,2037,10220,8183,2037,10220
00167500,ELGIN COMMUNITY COLLEGE                 ,IL,60123-7193,Public       ,1540,1791,3331,1540,1791,3331
00167600,ELMHURST COLLEGE                        ,IL,60126-3296,Private      ,2726,614,3340,2726,614,3340
00167800,EUREKA COLLEGE                          ,IL,61530-9976,Private      ,856,167,1023,856,167,1023
00168100,HIGHLAND COMMUNITY COLLEGE              ,IL,61032-9341,Public       ,442,455,897,442,455,897
00168200,GARRETT-EVANGELICAL THEOLOGICAL SEM     ,IL,60201-0000,Private      ,1,72,73,1,72,73
00168400,GREENVILLE COLLEGE                      ,IL,62246-1199,Private      ,1094,306,1400,1094,306,1400
00168500,HEBREW THEOLOGICAL COLLEGE              ,IL,60077-3263,Private      ,175,8,183,175,8,183
00168800,ILLINOIS COLLEGE                        ,IL,62650-2299,Private      ,1176,86,1262,1176,86,1262
00168900,ILLINOIS COLLEGE OF OPTOMETRY           ,IL,60616-3878,Private      ,16,558,574,16,558,574
00169100,ILLINOIS INSTITUTE OF TECHNOLOGY        ,IL,60616-0000,Private      ,1852,1015,2867,1852,1015,2867
00169101,ILLINOIS INSTITUTE OF TECHNOLOGY - IIT D,IL,60661-3691,Private      ,374,419,793,374,419,793
00169103,CHICAGO KENT COLLEGE OF LAW             ,IL,60661-0000,Private      ,30,1630,1660,30,1630,1660
00169200,ILLINOIS STATE UNIVERSITY               ,IL,61790-1000,Public       ,16725,3298,20023,16725,3298,20023
00169300,NORTHEASTERN ILLINOIS UNIV              ,IL,60625-4699,Public       ,4980,4013,8993,4980,4013,8993
00169400,CHICAGO STATE UNIVERSITY                ,IL,60628-1598,Public       ,4093,5646,9739,4093,5646,9739
00169600,ILLINOIS WESLEYAN UNIVERSITY            ,IL,61701-0000,Private      ,2737,95,2832,2737,95,2832
00169800,JOHN MARSHALL LAW SCHOOL                ,IL,60604-0000,Private      ,26,1504,1530,26,1504,1530
00169900,JOLIET JUNIOR COLLEGE                   ,IL,60431-8938,Public       ,3241,2885,6126,3241,2885,6126
00170000,JUDSON UNIVERSITY                       ,IL,60123-1498,Private      ,757,409,1166,757,409,1166
00170100,KASKASKIA COLLEGE                       ,IL,62801-7878,Public       ,659,884,1543,659,884,1543
00170300,KENDALL COLLEGE                         ,IL,60622-4278,Proprietary  ,708,1082,1790,708,1082,1790
00170400,KNOX COLLEGE                            ,IL,61401-4999,Private      ,1834,66,1900,1834,66,1900
00170500,ILLINOIS VALLEY COMMUNITY COLLEGE       ,IL,61348-9692,Public       ,805,893,1698,805,893,1698
00170600,LAKE FOREST COLLEGE                     ,IL,60045-2399,Private      ,1430,95,1525,1430,95,1525
00170700,LEWIS UNIVERSITY                        ,IL,60446-2200,Private      ,3178,1498,4676,3178,1498,4676
00170800,LINCOLN CHRISTIAN UNIVERSITY            ,IL,62656-2167,Private      ,285,258,543,285,258,543
00170900,LINCOLN COLLEGE                         ,IL,62656-1699,Private      ,886,340,1226,886,340,1226
00171000,LOYOLA UNIVERSITY CHICAGO               ,IL,60626-0000,Private      ,13464,7659,21123,13464,7659,21123
00171002,LOYOLA STRITCH SCHOOL OF MEDICINE       ,IL,60153-0000,Private      ,32,460,492,32,460,492
00171200,LUTHERAN SCHOOL OF THEOL AT CHICAGO     ,IL,60615-0000,Private      ,4,59,63,4,59,63
00171600,MACCORMAC COLLEGE                       ,IL,60602-4405,Private      ,25,97,122,25,97,122
00171700,MACMURRAY COLLEGE                       ,IL,62650-2590,Private      ,371,151,522,371,151,522
00172100,MCCORMICK THEOLOGICAL SEMINARY          ,IL,60615-5108,Private      ,4,63,67,4,63,67
00172200,MCKENDREE UNIVERSITY                    ,IL,62254-1299,Private      ,1229,665,1894,1229,665,1894
00172300,MEADVILLE LOMBARD THEOLOGICAL SCHOOL    ,IL,60637-1602,Private      ,0,65,65,0,65,65
00172400,MILLIKIN UNIVERSITY                     ,IL,62522-2084,Private      ,2186,389,2575,2186,389,2575
00172500,MONMOUTH COLLEGE                        ,IL,61462-1963,Private      ,1508,80,1588,1508,80,1588
00172800,MORTON COLLEGE                          ,IL,60804-4398,Public       ,917,687,1604,917,687,1604
00173200,NATIONAL UNIV OF HEALTH SCIENCES        ,IL,60148-4583,Private      ,25,347,372,25,347,372
00173300,NATIONAL-LOUIS UNIVERSITY               ,IL,60603-3032,Private      ,172,2641,2813,172,2641,2813
00173400,NORTH CENTRAL COLLEGE                   ,IL,60540-4690,Private      ,2679,415,3094,2679,415,3094
00173500,NORTH PARK UNIVERSITY                   ,IL,60625-4895,Private      ,1797,730,2527,1797,730,2527
00173600,NORTHERN BAPTIST THEOL SEMINARY         ,IL,60148-0000,Private      ,1,3,4,1,3,4
00173700,NORTHERN ILLINOIS UNIVERSITY            ,IL,60115-2854,Public       ,16983,6057,23040,16983,6057,23040
00173900,NORTHWESTERN UNIV                       ,IL,60208-0001,Private      ,15814,6834,22648,15814,6834,22648
00174100,OLIVET NAZARENE UNIVERSITY              ,IL,60914-2271,Private      ,2710,851,3561,2710,851,3561
00174200,IL EASTERN COMM COLGS-OLNEY CENTRAL     ,IL,62450-1099,Public       ,343,364,707,343,364,707
00174500,QUINCY UNIVERSITY                       ,IL,62301-2699,Private      ,1132,538,1670,1132,538,1670
00174600,ROBERT MORRIS UNIVERSITY ILLINOIS       ,IL,60605-1225,Private      ,3866,3484,7350,3866,3484,7350
00174700,ROCK VALLEY COLLEGE                     ,IL,61114-5699,Public       ,1569,2417,3986,1569,2417,3986
00174800,ROCKFORD COLLEGE                        ,IL,61108-2393,Private      ,726,703,1429,726,703,1429
00174900,ROOSEVELT UNIVERSITY                    ,IL,60605-1394,Private      ,3623,4078,7701,3623,4078,7701
00175000,DOMINICAN UNIVERSITY                    ,IL,60305-1066,Private      ,2267,1014,3281,2267,1014,3281
00175200,SAUK VALLEY COMMUNITY COLLEGE           ,IL,61021-9112,Public       ,467,515,982,467,515,982
00175300,SCHOOL OF ART INSTITUTE OF CHICAGO      ,IL,60603-3013,Private      ,2956,1917,4873,2956,1917,4873
00175400,SEABURY-WESTERN THEO SEMINARY           ,IL,60201-0000,Private      ,1,1,2,1,1,2
00175600,SHIMER COLLEGE                          ,IL,60616-3893,Private      ,116,32,148,116,32,148
00175700,SOUTHEASTERN ILLINOIS COLLEGE           ,IL,62946-4925,Public       ,331,333,664,331,333,664
00175800,SOUTHERN ILL UNIV-CARBONDALE            ,IL,62901-0000,Public       ,10922,4129,15051,10922,4129,15051
00175900,SOUTHERN ILL UNIV-EDWARDSVILLE          ,IL,62026-1060,Public       ,8171,3281,11452,8171,3281,11452
00175924,SO IL UNIV-SCHL OF DENTAL MEDICINE      ,IL,62002-0000,Public       ,10,128,138,10,128,138
00176100,SPRINGFIELD COLLEGE IN ILLINOIS         ,IL,62702-2694,Private      ,204,273,477,204,273,477
00176500,UNIVERSITY OF ST MARY OF THE LAKE       ,IL,60060-0000,Private      ,1,3,4,1,3,4
00176700,BENEDICTINE UNIVERSITY                  ,IL,60532-0900,Private      ,1974,1722,3696,1974,1722,3696
00176800,ST XAVIER UNIVERSITY                    ,IL,60655-3199,Private      ,3868,1866,5734,3868,1866,5734
00176900,SOUTH SUBURBAN COLLEGE                  ,IL,60473-9978,Public       ,1241,2987,4228,1241,2987,4228
00177100,TRINITY CHRISTIAN COLLEGE               ,IL,60463-0929,Private      ,1040,527,1567,1040,527,1567
00177200,TRINITY INTERNATIONAL UNIVERSITY        ,IL,60015-1283,Private      ,577,484,1061,577,484,1061
00177300,TRITON COLLEGE                          ,IL,60171-1995,Public       ,1927,2173,4100,1927,2173,4100
00177400,UNIVERSITY OF CHICAGO                   ,IL,60637-1476,Private      ,12279,2047,14326,12279,2047,14326
00177401,UNIV OF CHICAGO PRITZKER SCH OF MED     ,IL,60637-0000,Private      ,41,420,461,41,420,461
00177403,"UNIV OF CHICAGO, GRAD SCH OF BUS        ",IL,60637-0000,Private      ,34,381,415,34,381,415
00177405,UNIVERSITY OF CHICAGO GRADUATE          ,IL,60637-0000,Private      ,108,4231,4339,108,4231,4339
00177500,UNIV OF ILLINOIS @ URBANA-CHAMPAIGN     ,IL,61820-5796,Public       ,23657,6869,30526,23657,6869,30526
00177600,UNIV OF ILLINOIS AT CHICAGO             ,IL,60607-7163,Public       ,17467,10998,28465,17467,10998,28465
00177800,VANDERCOOK COLLEGE OF MUSIC             ,IL,60616-3731,Private      ,138,48,186,138,48,186
00177900,IL EASTERN COMM COLGS-WABASH VALLEY     ,IL,62863-2699,Public       ,276,186,462,276,186,462
00178000,WESTERN ILLINOIS UNIVERSITY             ,IL,61455-1390,Public       ,7545,1970,9515,7545,1970,9515
00178100,WHEATON COLLEGE                         ,IL,60187-5535,Private      ,2346,395,2741,2346,395,2741
00178300,WORSHAM COLLEGE OF MORTUARY SCIENCE     ,IL,60090-2646,Proprietary  ,33,78,111,33,78,111
00396100,HARPER COLLEGE                          ,IL,60067-7398,Public       ,2519,1936,4455,2519,1936,4455
00418100,ADVOCATE TRINITY HOSPITAL SCHOOL OF RADI,IL,60617-3982,Private      ,41,91,132,41,91,132
00456000,GEM CITY COLLEGE                        ,IL,62301-4949,Proprietary  ,4,10,14,4,10,14
00456800,MIDSTATE COLLEGE                        ,IL,61614-3558,Proprietary  ,40,275,315,40,275,315
00512732,BROWN MACKIE COLLEGE-CINCINNATI - BROWN ,IL,61265-7062,Proprietary  ,27,108,135,27,108,135
00621400,BLESSING RIEMAN COLLEGE OF NURSING      ,IL,62301-0000,Private      ,35,48,83,35,48,83
00621401,BLESSING HOSP SCH MED LAB TECH          ,IL,62301-0000,Private      ,2,6,8,2,6,8
00621402,BLESSING HOSP SCH OF RAD TECH           ,IL,62301-2852,Private      ,12,6,18,12,6,18
00621403,BLESSING HOSPITAL - COLLEGE OF NURSING  ,IL,62305-7005,Private      ,17,10,27,17,10,27
00622501,TRINITY COLLEGE OF NURSING & HEALTH SCIE,IL,61201-5317,Private      ,61,119,180,61,119,180
00622800,METHODIST MED CTR OF ILL SCH NRSNG      ,IL,61636-0000,Private      ,130,261,391,130,261,391
00624000,ST FRANCIS MED CLG OF NRSG              ,IL,61603-3783,Private      ,140,206,346,140,206,346
00665600,COLLEGE OF DUPAGE                       ,IL,60137-6599,Public       ,3656,3166,6822,3656,3166,6822
00675300,ILLINOIS CENTRAL COLLEGE                ,IL,61635-0001,Public       ,1967,2244,4211,1967,2244,4211
00693100,WAUBONSEE COMMUNITY COLLEGE             ,IL,60554-0000,Public       ,1135,1444,2579,1135,1444,2579
00711800,PARKLAND COLLEGE                        ,IL,61821-1899,Public       ,2155,1479,3634,2155,1479,3634
00711900,REND LAKE COLLEGE                       ,IL,62846-9801,Public       ,597,570,1167,597,570,1167
00717000,LINCOLN LAND COMMUNITY COLLEGE          ,IL,62794-9256,Public       ,1126,1480,2606,1126,1480,2606
00726500,CARL SANDBURG COLLEGE                   ,IL,61401-9576,Public       ,477,663,1140,477,663,1140
00754900,COYNE AMERICAN INSTITUTE                ,IL,60607-1300,Proprietary  ,121,305,426,121,305,426
00764400,LAKE LAND COLLEGE                       ,IL,61938-9366,Public       ,1282,1049,2331,1282,1049,2331
00768400,KISHWAUKEE COLLEGE                      ,IL,60150-9699,Public       ,1007,932,1939,1007,932,1939
00769000,KANKAKEE COMMUNITY COLLEGE              ,IL,60901-6505,Public       ,696,1121,1817,696,1121,1817
00769100,MCHENRY COUNTY COLLEGE                  ,IL,60012-2761,Public       ,1076,820,1896,1076,820,1896
00769200,MORAINE VALLEY COMMUNITY COLLEGE        ,IL,60465-0937,Public       ,2851,2044,4895,2851,2044,4895
00769300,SHAWNEE COMMUNITY COLLEGE               ,IL,62992-9725,Public       ,423,384,807,423,384,807
00769400,COLLEGE OF LAKE COUNTY                  ,IL,60030-1198,Public       ,1673,1758,3431,1673,1758,3431
00793700,MS ROBERTS ACADEMY OF BEAUTY CULT       ,IL,60181-2930,Proprietary  ,13,12,25,13,12,25
00807600,JOHN A LOGAN COLLEGE                    ,IL,62918-2500,Public       ,884,912,1796,884,912,1796
00814604,EVEREST UNIVERSITY - EVEREST  COLLEGE   ,IL,60803-4517,Proprietary  ,40,137,177,40,137,177
00825900,EDUCATORS OF BEAUTY                     ,IL,61081-3611,Proprietary  ,14,28,42,14,28,42
00825901,EDUCATORS OF BEAUTY                     ,IL,61104-0000,Proprietary  ,16,57,73,16,57,73
00832800,ALVAREITA'S COLLEGE OF COSMETOLOGY      ,IL,62025-2041,Proprietary  ,12,20,32,12,20,32
00854500,ROCKFORD BUSINESS COLLEGE               ,IL,61103-0000,Proprietary  ,59,320,379,59,320,379
00869402,RASMUSSEN COLLEGE - ROCKFORD            ,IL,61108-2513,Proprietary  ,131,754,885,131,754,885
00869403,RASMUSSEN COLLEGE - AURORA              ,IL,60506-6219,Proprietary  ,52,202,254,52,202,254
00869404,RASMUSSEN COLLEGE - ROMEOVILLE          ,IL,60446-0000,Proprietary  ,53,132,185,53,132,185
00888000,MORRISON INSTITUTE OF TECHNOLOGY        ,IL,61270-2959,Private      ,89,15,104,89,15,104
00893800,GRAHAM HOSPITAL SCH OF NURSING          ,IL,61520-2497,Private      ,11,56,67,11,56,67
00893900,CANNELLA SCHOOL OF HAIR DESIGN          ,IL,60406-2130,Proprietary  ,7,21,28,7,21,28
00914500,GOVERNORS STATE UNIVERSITY              ,IL,60466-0975,Public       ,533,3081,3614,533,3081,3614
00923200,CATHOLIC THEOLOGICAL UNION              ,IL,60615-0000,Private      ,3,42,45,3,42,45
00933300,UNIV OF ILLINOIS AT SPRINGFIELD         ,IL,62703-5407,Public       ,1482,1383,2865,1482,1383,2865
00947500,EDUCATORS OF BEAUTY                     ,IL,61301-2404,Proprietary  ,10,26,36,10,26,36
00959500,CANNELLA SCHOOL OF HAIR DESIGN          ,IL,60617-4303,Proprietary  ,26,34,60,26,34,60
00976700,OLIVE-HARVEY COLLEGE                    ,IL,60628-1696,Public       ,895,1948,2843,895,1948,2843
00978600,IL EASTERN COMM COLGS-LINCOLN TRAIL     ,IL,62454-5708,Public       ,223,169,392,223,169,392
00980000,RUSH UNIVERSITY                         ,IL,60612-3806,Private      ,173,1545,1718,173,1545,1718
00989600,OAKTON COMMUNITY COLLEGE                ,IL,60016-1268,Public       ,1752,1246,2998,1752,1246,2998
00998700,SAINT ANTHONY COLLEGE OF NURSING        ,IL,61108-2468,Private      ,95,181,276,95,181,276
01002000,LEWIS AND CLARK COMMUNITY COLLEGE       ,IL,62035-2466,Public       ,758,943,1701,758,943,1701
01031600,LINCOLN COLLEGE OF TECHNOLOGY           ,IL,60160-1605,Proprietary  ,379,309,688,379,309,688
01050100,LAKEVIEW  COLLEGE OF NURSING            ,IL,61832-3781,Private      ,80,121,201,80,121,201
01069500,TRI-COUNTY BEAUTY ACADEMY               ,IL,62056-2036,Proprietary  ,4,12,16,4,12,16
01071000,CAPITAL AREA SCH OF PRAC NRSG           ,IL,62707-0000,Public       ,21,196,217,21,196,217
01072700,DEVRY UNIVERSITY                        ,IL,60618-5994,Proprietary  ,9719,31396,41115,9719,31396,41115
01083600,PIVOT POINT INTNL CSMTLGY RSRCH CTR     ,IL,60626-0000,Proprietary  ,143,168,311,143,168,311
01087900,RICHLAND COMMUNITY COLLEGE              ,IL,62521-8513,Public       ,356,622,978,356,622,978
01102401,EVEREST COLLEGE - CHICAGO               ,IL,60604-2052,Proprietary  ,224,397,621,224,397,621
01151002,EVEREST INSTITUTE - EVEREST COLLEGE     ,IL,60542-1610,Proprietary  ,47,174,221,47,174,221
01181000,TAYLOR BUSINESS INSTITUTE               ,IL,60606-5111,Proprietary  ,13,41,54,13,41,54
01185800,EVEREST COLLEGE                         ,IL,60077-1074,Proprietary  ,102,240,342,102,240,342
01185802,EVEREST COLLEGE - BURR RIDGE            ,IL,60527-7826,Proprietary  ,18,59,77,18,59,77
01236200,NORTHWESTERN COLLEGE                    ,IL,60630-2298,Proprietary  ,1106,1699,2805,1106,1699,2805
01238500,BLOOMINGTON-NORMAL SCH RADIOGRAPHY      ,IL,61761-4604,Private      ,14,10,24,14,10,24
01258400,ILLINOIS INSTITUTE OF ART (THE)         ,IL,60654-1593,Proprietary  ,3001,1962,4963,3001,1962,4963
01281300,JOHN WOOD COMMUNITY COLLEGE             ,IL,62305-0401,Public       ,534,541,1075,534,541,1075
01308700,CAPRI GARFIELD RIDGE SCH OF BTY CLR     ,IL,60629-1613,Proprietary  ,25,52,77,25,52,77
01308800,CAPRI OAK FOREST COLLEGE OF BEAUTY      ,IL,60452-2798,Proprietary  ,35,40,75,35,40,75
02055200,HARRINGTON COLLEGE OF DESIGN            ,IL,60606-3433,Proprietary  ,332,315,647,332,315,647
02068100,ADLER SCH OF PROFESSIONAL PSYCHLGY      ,IL,60601-0000,Private      ,33,645,678,33,645,678
02069300,VATTEROTT COLLEGE                       ,IL,62305-5938,Proprietary  ,44,208,252,44,208,252
02073200,TELSHE YESHIVA-CHICAGO                  ,IL,60625-0000,Private      ,4,0,4,4,0,4
02074400,IL EASTERN COMM COLGS-FRONTIER          ,IL,62837-0000,Public       ,80,172,252,80,172,252
02075400,KELLER GRADUATE SCHOOL OF MGMT.         ,IL,60515-5683,Proprietary  ,27,4805,4832,27,4805,4832
02113600,AMERICAN INTERCONTINENTAL UNIVERSITY    ,IL,60192-3713,Proprietary  ,596,13001,13597,596,13001,13597
02117400,BECK AREA CAREER CENTER                 ,IL,62278-0000,Public       ,11,59,70,11,59,70
02124400,UNIVERSITY OF SPA & COSMETOLOGY ART     ,IL,62704-0000,Proprietary  ,21,31,52,21,31,52
02150600,COSMETOLOGY AND SPA INSTITUTE (THE)     ,IL,60014-4003,Proprietary  ,20,33,53,20,33,53
02155300,THE CHICAGO SCHOOL OF PROF PSYCHOLOGY   ,IL,60610-4705,Private      ,36,2361,2397,36,2361,2397
02160300,INTERNATIONAL ACAD OF DESIGN & TECH     ,IL,60602-3319,Proprietary  ,479,587,1066,479,587,1066
02160304,INTERNATIONAL ACADEMY OF DESIGN AND TECH,IL,60173-5160,Proprietary  ,109,115,224,109,115,224
02168600,EAST WEST UNIVERSITY                    ,IL,60605-0000,Private      ,846,1138,1984,846,1138,1984
02179900,ARGOSY UNIVERSITY                       ,IL,60601-7757,Proprietary  ,4141,19833,23974,4141,19833,23974
02185400,ST AUGUSTINE COLLEGE                    ,IL,60640-0000,Private      ,274,1040,1314,274,1040,1314
02192400,MR JOHNS SCHOOL OF COSMETOLOGY          ,IL,62521-0000,Proprietary  ,3,9,12,3,9,12
02202600,CANNELLA SCHOOL OF HAIR DESIGN          ,IL,60181-1321,Proprietary  ,5,6,11,5,6,11
02214100,WEST SUBURBAN COLLEGE OF NURSING        ,IL,60302-2519,Private      ,68,233,301,68,233,301
02228100,MAC DANIEL'S BEAUTY SCHOOL              ,IL,60640-0000,Proprietary  ,19,27,46,19,27,46
02261200,HAIR PROFESSIONALS ACAD COSMETOLOGY     ,IL,60118-0000,Proprietary  ,9,30,39,9,30,39
02261201,HAIR PROFESSIONALS ACADEMY OF COSMETOLOG,IL,60118-9333,Proprietary  ,1,5,6,1,5,6
02262100,HAIR PROFESSIONALS SCH COSMETOLOGY      ,IL,60543-0000,Proprietary  ,13,13,26,13,13,26
02291200,CANNELLA SCHOOL OF HAIR DESIGN          ,IL,60639-0000,Proprietary  ,29,35,64,29,35,64
02295500,CANNELLA SCHOOL OF HAIR DESIGN          ,IL,60120-0000,Proprietary  ,7,7,14,7,7,14
02297500,OEHRLEIN SCHOOL OF COSMETOLOGY          ,IL,61611-0000,Proprietary  ,10,21,31,10,21,31
02312300,LA' JAMES COLLEGE HAIRSTYLING           ,IL,61244-0000,Proprietary  ,5,11,16,5,11,16
02313900,WESTWOOD COLLEGE - O'HARE AIRPORT       ,IL,60631-2801,Proprietary  ,261,463,724,261,463,724
02317300,CONCEPT COLLEGE OF COSMETOLOGY          ,IL,61832-0000,Proprietary  ,10,11,21,10,11,21
02319200,LAKE FOREST GRAD SCHL OF MGMT           ,IL,60045-4824,Private      ,5,56,61,5,56,61
02323300,PROFESSIONAL'S CHOICE HAIR DSN ACAD     ,IL,60435-0000,Proprietary  ,11,19,30,11,19,30
02332200,HAIR PROFESSIONALS CAREER COLLEGE       ,IL,60178-0000,Proprietary  ,3,12,15,3,12,15
02337800,THE COLLEGE OF OFFICE TECHNOLOGY        ,IL,60622-0000,Proprietary  ,32,67,99,32,67,99
02349400,ALVAREITA'S COLLEGE OF COSMETOLOGY      ,IL,62035-0000,Proprietary  ,9,9,18,9,9,18
02349500,CANNELLA SCHOOL OF HAIR DESIGN          ,IL,60632-0000,Proprietary  ,27,27,54,27,27,54
02352200,LE CORDON BLEU COLLEGE OF CULINARY ARTS ,IL,60610-3050,Proprietary  ,399,581,980,399,581,980
02498200,HAIR PROFESSIONALS ACAD COSMETOLOGY     ,IL,60187-0000,Proprietary  ,16,22,38,16,22,38
02498201,HAIR PROFESSIONALS ACADEMY OF COSMETOLOG,IL,60563-0000,Proprietary  ,13,21,34,13,21,34
02522800,FOX COLLEGE                             ,IL,60453-0000,Proprietary  ,295,155,450,295,155,450
02527600,LEXINGTON COLLEGE                       ,IL,60607-0000,Private      ,54,34,88,54,34,88
02536700,BELL MAR BEAUTY COLLEGE                 ,IL,60650-0000,Proprietary  ,10,8,18,10,8,18
02556100,ENVIRONMENTAL TECHNICAL INSTITUTE       ,IL,60143-0000,Proprietary  ,10,28,38,10,28,38
02556600,NILES SCHOOL OF COSMETOLOGY             ,IL,60714-0000,Proprietary  ,9,21,30,9,21,30
02570305,LOS ANGELES ORT TECHNICAL INSTITUTE -D/B,IL,60077-0000,Private      ,0,3,3,0,3,3
02573700,INSTITUTE FOR CLINICAL SOCIAL WORK      ,IL,60601-0000,Private      ,5,62,67,5,62,67
02579200,INGALLS MEMORIAL HOSPITAL               ,IL,60426-0000,Private      ,4,31,35,4,31,35
02584900,"FIRST INSTITUTE, INC.                   ",IL,60014-7489,Proprietary  ,0,35,35,0,35,35
02587700,HAIR PROFESSIONALS CAREER COLLEGE       ,IL,60465-1929,Proprietary  ,9,21,30,9,21,30
02599500,HANOVER PARK COLLEGE OF BEAUTY CULT     ,IL,60133-5421,Proprietary  ,9,20,29,9,20,29
02622700,KNOWLEDGE SYSTEMS INSTITUTE             ,IL,60076-0000,Private      ,1,2,3,1,2,3
03002000,HAIRMASTERS INST OF COSMETOLOGY         ,IL,61701-5547,Proprietary  ,8,14,22,8,14,22
03027702,PACIFIC COLLEGE OF ORIENTAL MEDICINE - C,IL,60613-4418,Proprietary  ,14,86,100,14,86,100
03065300,TREND SETTERS COLL OF COSMETOLOGY       ,IL,60915-2101,Proprietary  ,24,19,43,24,19,43
03072701,WESTWOOD COLLEGE OF TECHNOLOGY          ,IL,60409-0000,Proprietary  ,170,539,709,170,539,709
03072702,WESTWOOD COLLEGE OF TECHNOLOGY          ,IL,60602-0000,Proprietary  ,379,875,1254,379,875,1254
03078400,CAMEO BEAUTY ACADEMY                    ,IL,60453-3196,Proprietary  ,17,28,45,17,28,45
03079200,WESTWOOD COLLEGE - DUPAGE               ,IL,60517-2321,Proprietary  ,207,261,468,207,261,468
03082900,ROSEL SCHOOL OF COSMETOLOGY             ,IL,60659-1913,Proprietary  ,15,13,28,15,13,28
03083800,HEARTLAND COMMUNITY COLLEGE             ,IL,61761-9446,Public       ,1142,1065,2207,1142,1065,2207
03098000,ST JOHN'S COLLEGE OF NURSING            ,IL,62702-5321,Private      ,76,70,146,76,70,146
03098002,ST JOHN'S HOSP SCH MED TECH             ,IL,62769-5324,Private      ,8,15,23,8,15,23
03099700,CAIN'S BARBER COLLEGE                   ,IL,60615-3510,Proprietary  ,51,51,102,51,51,102
03099800,ILLINOIS SCHOOL OF HEALTH CAREERS       ,IL,60604-0000,Proprietary  ,153,238,391,153,238,391
03101800,ILLINOIS CENTER FOR BROADCASTING        ,IL,60148-7015,Proprietary  ,26,69,95,26,69,95
03128300,PYRAMID CAREER INSTITUTE                ,IL,60657-4207,Proprietary  ,2,4,6,2,4,6
03128500,NATIONAL LATINO EDUCATION INSTITUTE     ,IL,60609-2205,Private      ,16,23,39,16,23,39
03199300,CHRISTIAN LIFE COLLEGE                  ,IL,60056-2522,Private      ,9,7,16,9,7,16
03368300,MIDWEST TECHNICAL INSTITUTE             ,IL,62707-8805,Proprietary  ,113,525,638,113,525,638
03416300,COMPUTER SYSTEMS INSTITUTE              ,IL,60077-0000,Proprietary  ,54,209,263,54,209,263
03448300,BUSINESS INDUSTRIAL RESOURCES           ,IL,60659-1298,Proprietary  ,18,139,157,18,139,157
03455700,CORTIVA INSTITUTE - CHICAGO             ,IL,60602-3315,Proprietary  ,47,107,154,47,107,154
03455701,CORTIVA INSTITUTE - CHICAGO             ,IL,60014-6285,Proprietary  ,5,12,17,5,12,17
03510300,ERIKSON INSTITUTE                       ,IL,60654-4510,Private      ,5,214,219,5,214,219
03623300,VEE'S SCHOOL OF BEAUTY CULTURE          ,IL,62205-2326,Proprietary  ,2,0,2,2,0,2
03643300,"MR. JOHN'S SCHOOL OF JACKSONVILLE,  INC,",IL,62650-3488,Proprietary  ,3,6,9,3,6,9
03684300,NORTHSHORE UNIVERSITY HEALTHSYSTEM SCHOO,IL,60201-9872,Private      ,17,31,48,17,31,48
03721400,AMERICAN CAREER COLLEGE                 ,IL,60402-0000,Proprietary  ,16,34,50,16,34,50
03881400,EUROPEAN MASSAGE THERAPY SCHOOL         ,IL,60077-2269,Proprietary  ,5,14,19,5,14,19
03891300,SOMA INSTITUTE - THE NATIONAL SCHOOL OF ,IL,60604-4466,Proprietary  ,26,60,86,26,60,86
03914300,"CALC, INSTITUTE OF TECHNOLOGY           ",IL,62002-5931,Proprietary  ,10,45,55,10,45,55
04117500,SOLEX MEDICAL ACADEMY                   ,IL,60090-3104,Proprietary  ,2,10,12,2,10,12
04118400,ZAREM /GOLDE ORT TECHNICAL INSTITUTE    ,IL,60077-3210,Private      ,0,2,2,0,2,2
04124700,AMERICARE INSTITUTE                     ,IL,60133-5456,Proprietary  ,31,209,240,31,209,240
04136900,UNIVERSITY OF AESTHETICS (THE)          ,IL,60622-2151,Proprietary  ,7,12,19,7,12,19
04137000,UNIVERSITY OF AESTHETICS (THE)          ,IL,60515-5602,Proprietary  ,1,7,8,1,7,8
04137500,TRICOCI UNIVERSITY OF BEAUTY CULTURE    ,IL,60656-1805,Proprietary  ,82,109,191,82,109,191
04139000,CITI COLLEGE OF ALLIED HEALTH           ,IL,60602-1032,Proprietary  ,34,142,176,34,142,176
04141000,AVEDA INSTITUTE CHICAGO                 ,IL,60647-0000,Proprietary  ,61,80,141,61,80,141
04147100,TRICOCI UNIVERSITY OF BEAUTY CULTURE    ,IL,60048-2906,Proprietary  ,17,42,59,17,42,59
04147200,TRICOCI UNIVERSITY OF BEAUTY CULTURE    ,IL,60455-1824,Proprietary  ,30,49,79,30,49,79
04147300,TRICOCI UNIVERSITY OF BEAUTY CULTURE    ,IL,60139-3119,Proprietary  ,18,21,39,18,21,39
04147400,TRICOCI UNIVERSITY OF BEAUTY CULTURE    ,IL,61614-4831,Proprietary  ,14,20,34,14,20,34
04147500,TRICOCI UNIVERSITY OF BEAUTY CULTURE    ,IL,61108-2337,Proprietary  ,16,70,86,16,70,86
04160600,PAUL MITCHELL THE SCHOOL NORMAL         ,IL,61761-0000,Proprietary  ,5,3,8,5,3,8
04167800,INNOVATIONS DESIGN ACADEMY              ,IL,61520-2625,Proprietary  ,2,5,7,2,5,7
00195100,ALICE LLOYD COLLEGE                     ,KY,41844-9703,Private      ,674,103,777,674,103,777
00195200,ASBURY COLLEGE                          ,KY,40390-1198,Private      ,1232,213,1445,1232,213,1445
00195300,ASBURY THEOLOGICAL SEMINARY             ,KY,40390-0000,Private      ,16,1010,1026,16,1010,1026
00195400,BELLARMINE UNIVERSITY                   ,KY,40205-1877,Private      ,3378,907,4285,3378,907,4285
00195500,BEREA COLLEGE                           ,KY,40403-0000,Private      ,2449,533,2982,2449,533,2982
00195800,BRESCIA UNIVERSITY                      ,KY,42301-3023,Private      ,675,269,944,675,269,944
00195900,CAMPBELLSVILLE UNIVERSITY               ,KY,42718-2799,Private      ,2038,884,2922,2038,884,2922
00196000,SPALDING UNIVERSITY                     ,KY,40203-2188,Private      ,621,1438,2059,621,1438,2059
00196100,CENTRE COLLEGE                          ,KY,40422-1394,Private      ,2074,76,2150,2074,76,2150
00196200,UNIVERSITY OF THE CUMBERLANDS           ,KY,40769-1372,Private      ,2179,619,2798,2179,619,2798
00196300,EASTERN KENTUCKY UNIVERSITY             ,KY,40475-3102,Public       ,9245,4748,13993,9245,4748,13993
00196400,GEORGETOWN COLLEGE                      ,KY,40324-1628,Private      ,2011,348,2359,2011,348,2359
00196500,KENTUCKY CHRISTIAN UNIVERSITY           ,KY,41143-2205,Private      ,560,101,661,560,101,661
00196800,KENTUCKY STATE UNIVERSITY               ,KY,40601-2355,Public       ,2737,1070,3807,2737,1070,3807
00196900,KENTUCKY WESLEYAN COLLEGE               ,KY,42302-1039,Private      ,964,221,1185,964,221,1185
00197100,LEXINGTON THEOLOGICAL SEMINARY          ,KY,40508-0000,Private      ,1,29,30,1,29,30
00197200,LINDSEY WILSON COLLEGE                  ,KY,42728-1223,Private      ,2384,1048,3432,2384,1048,3432
00197400,LOUISVILLE PRESBYTERIAN THEOL SEM       ,KY,40205-0000,Private      ,2,64,66,2,64,66
00197500,MIDWAY COLLEGE                          ,KY,40347-1120,Private      ,505,1030,1535,505,1030,1535
00197600,MOREHEAD STATE UNIVERSITY               ,KY,40351-1689,Public       ,4607,2540,7147,4607,2540,7147
00197700,MURRAY STATE UNIVERSITY                 ,KY,42071-0009,Public       ,4586,1801,6387,4586,1801,6387
00197900,WEST KENTUCKY CMNTY & TECHNICAL COLG    ,KY,42002-7380,Public       ,983,1511,2494,983,1511,2494
00198000,PIKEVILLE COLLEGE                       ,KY,41501-1194,Private      ,1399,318,1717,1399,318,1717
00198001,PIKEVILLE CLG-SCH OSTEOPATHIC MEDIC     ,KY,41501-0000,Private      ,14,263,277,14,263,277
00198200,SOUTHERN BAPTIST THEOL SEMINARY         ,KY,40280-0000,Private      ,38,116,154,38,116,154
00198300,ST. CATHARINE COLLEGE                   ,KY,40061-9499,Private      ,541,276,817,541,276,817
00198700,TRANSYLVANIA UNIVERSITY                 ,KY,40508-1797,Private      ,1563,112,1675,1563,112,1675
00198800,UNION COLLEGE                           ,KY,40906-1499,Private      ,1003,426,1429,1003,426,1429
00198900,UNIVERSITY OF KENTUCKY                  ,KY,40506-0054,Public       ,15011,5804,20815,15011,5804,20815
00198901,UNIV OF KY-COLLEGE OF DENTISTRY         ,KY,40536-0000,Public       ,18,115,133,18,115,133
00198902,UNIV OF KY-COLLEGE OF MEDICINE          ,KY,40536-0000,Public       ,57,381,438,57,381,438
00199000,ASHLAND COMMUNITY AND TECHNICAL COLLEGE ,KY,41101-3683,Public       ,883,1251,2134,883,1251,2134
00199100,ELIZABETHTOWN COMMUNITY  AND TECHNICAL C,KY,42701-3081,Public       ,1373,2522,3895,1373,2522,3895
00199300,HENDERSON COMMUNITY COLLEGE             ,KY,42420-4699,Public       ,330,762,1092,330,762,1092
00199400,HOPKINSVILLE COMMUNITY COLLEGE          ,KY,42241-2621,Public       ,553,1843,2396,553,1843,2396
00199600,BIG SANDY COMMUNITY AND TECHNICAL COLG  ,KY,41653-1815,Public       ,1258,1352,2610,1258,1352,2610
00199700,SOMERSET COMMUNITY COLLEGE              ,KY,42501-2973,Public       ,1903,3387,5290,1903,3387,5290
00199800,SOUTHEAST KENTUCKY COMMUNITY AND TECHNIC,KY,40823-1099,Public       ,635,706,1341,635,706,1341
00199802,CUMBERLAND VLY TEC CLG MIDDLESBORO      ,KY,40965-2265,Public       ,37,25,62,37,25,62
00199804,SOUTHEAST COMMUNITY COLLEGE             ,KY,40831-1796,Public       ,111,92,203,111,92,203
00199900,UNIVERSITY OF LOUISVILLE                ,KY,40292-0000,Public       ,10895,7844,18739,10895,7844,18739
00200100,THOMAS MORE COLLEGE                     ,KY,41017-3495,Private      ,1253,334,1587,1253,334,1587
00200200,WESTERN KENTUCKY UNIVERSITY             ,KY,42101-3576,Public       ,10052,4839,14891,10052,4839,14891
00461800,SPENCERIAN COLLEGE                      ,KY,40216-2605,Proprietary  ,445,1070,1515,445,1070,1515
00461900,SULLIVAN UNIVERSITY                     ,KY,40205-3000,Proprietary  ,1596,3348,4944,1596,3348,4944
00512729,BROWN MACKIE COLLEGE-CINCINNATI - 279 BU,KY,41017-2136,Proprietary  ,34,108,142,34,108,142
00524400,BLUEGRASS COMMUNITY & TECHNICAL COLLEGE ,KY,40506-0235,Public       ,2601,4796,7397,2601,4796,7397
00527100,BOWLING GREEN TECHNICAL COLLEGE         ,KY,42101-3601,Public       ,672,1591,2263,672,1591,2263
00527300,GATEWAY COMMUNITY & TECHNOLOGY COLL     ,KY,41011-0000,Public       ,641,1592,2233,641,1592,2233
00696000,MAYSVILLE CMNTY & TECHNCL COLG          ,KY,41056-8910,Public       ,555,1350,1905,555,1350,1905
00696100,JEFFERSON COMMUNITY AND TECHNICAL COLLEG,KY,40202-2005,Public       ,3846,6881,10727,3846,6881,10727
00696200,HAZARD COMMUNITY COLLEGE                ,KY,41701-2402,Public       ,1023,1239,2262,1023,1239,2262
00696203,KY TECH-KNOTT CO. TECHNOLOGY CTR        ,KY,41822-0000,Public       ,6,8,14,6,8,14
00696204,KY TECH-LESLIE COUNTY AREA TECH CTR     ,KY,41749-0000,Public       ,2,7,9,2,7,9
00696205,KY TECH-LEE COUNTY AREA TECH CTR        ,KY,41311-0000,Public       ,1,2,3,1,2,3
00696206,KY TECH-LETCHER CNTY AREA TECH CTR      ,KY,41858-0000,Public       ,12,13,25,12,13,25
00696207,KY TECH-BREATHITT COUNTY VOC ED CTR     ,KY,41339-0000,Public       ,5,10,15,5,10,15
00736205,MEDTECH COLLEGE - LEXINGTON             ,KY,40511-1200,Proprietary  ,23,120,143,23,120,143
00842500,DAYMAR COLLEGE                          ,KY,42001-0000,Proprietary  ,32,251,283,32,251,283
00901000,MADISONVILLE COMMUNITY COLLEGE          ,KY,42431-9199,Public       ,701,1327,2028,701,1327,2028
00927500,NORTHERN KENTUCKY UNIVERSITY            ,KY,41099-0001,Public       ,6440,3635,10075,6440,3635,10075
00931300,DAYMAR COLLEGE                          ,KY,42301-5830,Proprietary  ,74,714,788,74,714,788
00931302,DAYMAR COLLEGE - LOUISVILLE CAMPUS      ,KY,40219-1973,Proprietary  ,54,259,313,54,259,313
01042400,SALON PROFESSIONAL ACADEMY THE          ,KY,40502-1776,Proprietary  ,27,49,76,27,49,76
01048900,NATIONAL COLLEGE                        ,KY,40508-0000,Proprietary  ,292,2985,3277,292,2985,3277
01172500,COLLINS SCHOOL OF COSMETOLOGY           ,KY,40965-2809,Proprietary  ,11,13,24,11,13,24
01208800,SULLIVAN COLLEGE OF TECHNOLOGY AND DESIG,KY,40218-4528,Proprietary  ,331,445,776,331,445,776
01212801,SOUTHWESTERN COLLEGE                    ,KY,41042-1466,Proprietary  ,42,326,368,42,326,368
01272300,KY TECH-WAYNE COUNTY AREA TECH CTR      ,KY,42633-1088,Public       ,3,6,9,3,6,9
01291400,EMPIRE BEAUTY SCHOOL                    ,KY,40218-0000,Proprietary  ,37,124,161,37,124,161
01291500,EMPIRE BEAUTY SCHOOL                    ,KY,41042-5113,Proprietary  ,37,64,101,37,64,101
01291600,EMPIRE BEAUTY SCHOOL                    ,KY,40216-4212,Proprietary  ,13,93,106,13,93,106
01291700,EMPIRE BEAUTY SCHOOL                    ,KY,40160-0000,Proprietary  ,32,69,101,32,69,101
01296800,EMPIRE BEAUTY SCHOOL                    ,KY,40207-2695,Proprietary  ,18,66,84,18,66,84
02159100,"APPALACHIAN BEAUTY SCHOOL, INC.         ",KY,41503-0000,Proprietary  ,14,12,26,14,12,26
02177100,EMPIRE BEAUTY SCHOOL                    ,KY,40204-0000,Proprietary  ,39,86,125,39,86,125
02251500,TREND SETTERS ACAD OF BEAUTY CULT       ,KY,40258-0000,Proprietary  ,9,31,40,9,31,40
02275000,JENNY LEA ACADEMY OF COSMETOLOGY        ,KY,40831-0000,Proprietary  ,16,39,55,16,39,55
02284306,INTERACTIVE LEARNING SYSTEMS            ,KY,41042-0000,Proprietary  ,5,18,23,5,18,23
02323700,PAT WILSON'S BEAUTY COLLEGE             ,KY,42420-0000,Proprietary  ,2,11,13,2,11,13
02337200,PJ'S COLLEGE OF COSMETOLOGY             ,KY,42101-0000,Proprietary  ,44,181,225,44,181,225
02340800,PAUL MITCHELL THE SCHOOL LEXINGTON      ,KY,40601-0000,Proprietary  ,31,27,58,31,27,58
02351700,PAUL MITCHELL THE SCHOOL - LOUISVILLE   ,KY,40203-3093,Proprietary  ,32,47,79,32,47,79
02491100,BECKFIELD COLLEGE                       ,KY,41042-0000,Proprietary  ,113,821,934,113,821,934
02518900,BARRETT & COMPANY SCH HAIR DESIGN       ,KY,40356-0000,Proprietary  ,13,30,43,13,30,43
02526100,JENNY LEA ACADEMY OF COSMETOLOGY        ,KY,41858-0000,Proprietary  ,7,7,14,7,7,14
02535600,CLEAR CREEK BAPTIST BIBLE COLLEGE       ,KY,40977-0000,Private      ,18,70,88,18,70,88
02551100,PJ'S COLLEGE OF COSMETOLOGY             ,KY,42121-0000,Proprietary  ,6,32,38,6,32,38
02560800,SOUTHEAST SCHOOL OF COSMETOLOGY         ,KY,40962-0000,Proprietary  ,10,19,29,10,19,29
02576200,MID-CONTINENT UNIVERSITY                ,KY,42066-9007,Private      ,259,1964,2223,259,1964,2223
02616204,BROWN MACKIE COLLEGE-FINDLAY - BROWN MAC,KY,40219-1916,Proprietary  ,142,457,599,142,457,599
02616205,BROWN MACKIE COLLEGE-LOUISVILLE - BROWN ,KY,42240-3579,Proprietary  ,48,328,376,48,328,376
03002100,KENTUCKY MOUNTAIN BIBLE COLLEGE         ,KY,41385-0010,Private      ,19,7,26,19,7,26
03007000,FRONTIER SCH OF MIDWIFERY&FAMILY NU     ,KY,41749-0000,Private      ,2,507,509,2,507,509
03026200,HEAD'S WEST KENTUCKY BEAUTY COLLEGE     ,KY,42431-0000,Proprietary  ,4,9,13,4,9,13
03029200,NU-TEK ACADEMY OF BEAUTY                ,KY,40353-9767,Proprietary  ,4,12,16,4,12,16
03034500,OWENSBORO COMMUNITY & TECHNICAL COLLEGE ,KY,42303-1899,Public       ,1016,1724,2740,1016,1724,2740
03083700,GALEN HEALTH INSTITUTES                 ,KY,40207-1047,Proprietary  ,266,1513,1779,266,1513,1779
03103500,MR JIM'S BEAUTY COLLEGE                 ,KY,42301-2646,Proprietary  ,5,13,18,5,13,18
03516500,EZELL'S COSMETOLOGY SCHOOL              ,KY,42071-2530,Proprietary  ,8,32,40,8,32,40
03611300,BRIGHTON CENTER'S CENTER FOR EMPLOY     ,KY,41071-1968,Private      ,0,5,5,0,5,5
03804300,BELLEFONTE ACADEMY OF BEAUTY            ,KY,41169-2015,Proprietary  ,6,10,16,6,10,16
03885300,EMPLOYMENT SOLUTIONS                    ,KY,40517-3260,Private      ,17,59,76,17,59,76
03886300,REGENCY SCHOOL OF HAIR DESIGN           ,KY,41653-1278,Proprietary  ,7,11,18,7,11,18
04038300,ATA CAREER EDUCATION                    ,KY,40223-3832,Proprietary  ,83,487,570,83,487,570
04123900,LEXINGTON HEALING ARTS ACADEMY          ,KY,40503-1932,Proprietary  ,9,39,48,9,39,48
00200300,CENTENARY COLLEGE OF LOUISIANA          ,LA,71104-3396,Private      ,586,95,681,586,95,681
00200400,DILLARD UNIVERSITY                      ,LA,70122-3097,Private      ,1400,376,1776,1400,376,1776
00200500,NICHOLLS STATE UNIVERSITY               ,LA,70310-0001,Public       ,2269,907,3176,2269,907,3176
00200600,GRAMBLING STATE UNIVERSITY              ,LA,71245-2215,Public       ,3341,1077,4418,3341,1077,4418
00200700,LOUISIANA COLLEGE                       ,LA,71359-0000,Private      ,416,187,603,416,187,603
00200800,LOUISIANA TECH UNIVERSITY               ,LA,71272-0001,Public       ,2537,808,3345,2537,808,3345
00201000,LOUISIANA STATE UNIV & A&M COLG         ,LA,70803-5710,Public       ,10148,3142,13290,10148,3142,13290
00201100,LOUISIANA STATE UNIV-ALEXANDRIA         ,LA,71302-9121,Public       ,509,579,1088,509,579,1088
00201200,LOUISIANA STATE UNIV-EUNICE             ,LA,70535-6726,Public       ,706,612,1318,706,612,1318
00201300,LOUISIANA STATE UNIV-SHREVEPORT         ,LA,71115-2399,Public       ,885,908,1793,885,908,1793
00201400,LA STATE UNIV HEALTH SCIENCES CTR       ,LA,70112-2223,Public       ,139,810,949,139,810,949
00201409,LOUISIANA STATE UNIVERSITY HEALTH SCIENC,LA,70119-2799,Public       ,44,82,126,44,82,126
00201500,(THE) UNIVERSITY OF NEW ORLEANS         ,LA,70148-0001,Public       ,2388,2074,4462,2388,2074,4462
00201600,LOYOLA UNIVERSITY NEW ORLEANS           ,LA,70118-6195,Private      ,2348,1164,3512,2348,1164,3512
00201700,MCNEESE STATE UNIVERSITY                ,LA,70609-4510,Public       ,1950,1260,3210,1950,1260,3210
00201900,NEW ORLEANS BAPTIST THEOL SEMINARY      ,LA,70126-0000,Private      ,14,61,75,14,61,75
00202000,UNIVERSITY OF LOUISIANA AT MONROE       ,LA,71209-9001,Public       ,2223,1317,3540,2223,1317,3540
00202100,NORTHWESTERN STATE UNIVERSITY           ,LA,71497-0001,Public       ,2462,1591,4053,2462,1591,4053
00202200,NOTRE DAME SEMINARY                     ,LA,70118-0000,Private      ,2,5,7,2,5,7
00202300,OUR LADY OF HOLY CROSS COLLEGE          ,LA,70131-7399,Private      ,222,348,570,222,348,570
00202400,SOUTHEASTERN LOUISIANA UNIV             ,LA,70402-0001,Public       ,3835,1707,5542,3835,1707,5542
00202500,SOUTHERN UNIVERSITY A & M COLLEGE       ,LA,70813-9374,Public       ,3733,2669,6402,3733,2669,6402
00202600,SOUTHERN UNIV NEW ORLEANS               ,LA,70126-0002,Public       ,672,1129,1801,672,1129,1801
00202700,ST JOSEPH SEMINARY COLLEGE              ,LA,70457-9990,Private      ,5,4,9,5,4,9
00202900,TULANE UNIVERSITY                       ,LA,70118-5698,Private      ,10768,3948,14716,10768,3948,14716
00203100,UNIV OF LOUISIANA AT LAFAYETTE          ,LA,70504-0001,Public       ,4710,1776,6486,4710,1776,6486
00203200,XAVIER UNIVERSITY OF LOUISIANA          ,LA,70125-1098,Private      ,2940,692,3632,2940,692,3632
00462100,AYERS CAREER COLLEGE                    ,LA,71108-5845,Proprietary  ,5,37,42,5,37,42
00462500,DELGADO COMMUNITY COLLEGE               ,LA,70119-0000,Public       ,1863,4391,6254,1863,4391,6254
00520300,REMINGTON COLLEGE - LAFAYETTE CAMPUS    ,LA,70508-5760,Proprietary  ,35,55,90,35,55,90
00520306,REMINGTON COLLEGE - BATON ROUGE CAMPUS  ,LA,70816-4040,Proprietary  ,46,52,98,46,52,98
00546700,SOWELA TECHNICAL COMMUNITY COLLEGE      ,LA,70616-6950,Public       ,201,352,553,201,352,553
00548800,LOUISIANA TECH COLG-BATON ROUGE         ,LA,70807-0000,Public       ,111,220,331,111,220,331
00548802,LOUISIANA TECH COLG-ACADIAN CMPS        ,LA,70526-0000,Public       ,16,55,71,16,55,71
00548803,LOUISIANA TECH COLG-ALEXANDRIA CMPS     ,LA,71302-3137,Public       ,46,172,218,46,172,218
00548804,LOUISIANA TECH COLG-ASCENSION CMPS      ,LA,70778-3007,Public       ,17,36,53,17,36,53
00548805,LA TECH COLLEGE-AVOYELLES CAMPUS        ,LA,71327-0000,Public       ,10,18,28,10,18,28
00548806,LA TECHNICAL COLG-BASTROP CMPS          ,LA,71221-0000,Public       ,15,55,70,15,55,70
00548808,LA TECH COLG CHARLES B COREILCMPS       ,LA,70586-0000,Public       ,18,49,67,18,49,67
00548809,LA TECHNICAL COLG-DELTA-OUACHITA        ,LA,71292-9064,Public       ,39,135,174,39,135,174
00548810,EVANGELINE TECHNICAL INST               ,LA,70582-3104,Public       ,7,41,48,7,41,48
00548811,LA TECHN COLLEGE - FLORIDA PARISHES     ,LA,70441-0000,Public       ,13,59,72,13,59,72
00548812,LOUISIANA TECH COLG-FOLKES CAMPUS       ,LA,70748-0000,Public       ,1,14,15,1,14,15
00548813,LA TECHNICAL INST-GULF AREA CMPS        ,LA,70510-0878,Public       ,38,80,118,38,80,118
00548814,LOUISIANA TECH COLG-HAMMOND CMPS        ,LA,70404-0000,Public       ,47,116,163,47,116,163
00548815,LA TECH COLG-HUEY P. LONG CAMPUS        ,LA,71483-0000,Public       ,14,30,44,14,30,44
00548816,LA TECH COLLEGE-JEFFERSON CAMPUS        ,LA,70001-5605,Public       ,32,116,148,32,116,148
00548817,LOUISIANA TEC CLG-JUMONVILLE MEM CP     ,LA,70760-0000,Public       ,5,20,25,5,20,25
00548818,LA TECH COLLEGE-LAFAYETTE CAMPUS        ,LA,70506-0000,Public       ,135,293,428,135,293,428
00548819,LOUISIANA TECHNICAL COLLEGE-LAFOURC     ,LA,70301-4336,Public       ,29,53,82,29,53,82
00548820,LOUISIANA TEC CLG-LAMAR SALTER CMPS     ,LA,71446-0000,Public       ,17,61,78,17,61,78
00548822,LOUISIANA TECHNICAL CLG-MANSFIELD       ,LA,71052-1236,Public       ,12,24,36,12,24,36
00548823,LA. TECH COLG.-MORGAN SMITH CAMPUS      ,LA,70546-0000,Public       ,15,16,31,15,16,31
00548824,LOUISIANA TEC CLG-NATCHITOCHES CMPS     ,LA,71458-0000,Public       ,28,57,85,28,57,85
00548825,LOUISIANA TECH COLG-NORTH CTRL CMPS     ,LA,71241-0000,Public       ,8,30,38,8,30,38
00548826,LOUISIANA TECH CLG-NORTHEAST LA CMP     ,LA,71295-2999,Public       ,13,45,58,13,45,58
00548827,LOUISIANA TEC CLG-NW LOUISIANA CMPS     ,LA,71058-0000,Public       ,35,80,115,35,80,115
00548828,LA TECHNICAL COLG-OAKDALE CMPS          ,LA,71463-0000,Public       ,14,32,46,14,32,46
00548829,LTC-RIVER PARISHES CAMPUS               ,LA,70084-0000,Public       ,49,99,148,49,99,148
00548830,LOUISIANA TECHNICAL COLLEGE-RUSTON      ,LA,71273-0000,Public       ,128,100,228,128,100,228
00548831,LTC - SABINE VALLEY CAMPUS              ,LA,71449-3839,Public       ,7,14,21,7,14,21
00548832,LOUISIANA TECH COLG-SHELBY JACKSON      ,LA,71334-0000,Public       ,10,70,80,10,70,80
00548833,LA TECH COLG SHREVEPORT-BOSSIER         ,LA,71137-0000,Public       ,74,263,337,74,263,337
00548837,LOUISIANA TECH COLG-SULLIVAN CAMPUS     ,LA,70427-5866,Public       ,35,115,150,35,115,150
00548838,LOUISIANA TECHNICAL COLG - TALLULAH     ,LA,71284-0000,Public       ,13,32,45,13,32,45
00548839,LA TECH COLG-TECHE AREA CAMPUS          ,LA,70562-0000,Public       ,36,68,104,36,68,104
00548840,LOUISIANA TECH COLG-T.H.HARRIS CMPS     ,LA,70570-6113,Public       ,69,145,214,69,145,214
00548841,LOUISIANA TECH COLG W JEFFERSON CMP     ,LA,70058-0000,Public       ,12,61,73,12,61,73
00548842,LOUISIANA TECHNICAL COLLEGE - WESTSIDE C,LA,70765-0733,Public       ,3,14,17,3,14,17
00548843,LTC-YOUNG MEMORIAL CAMPUS               ,LA,70381-0000,Public       ,24,83,107,24,83,107
00576100,L. E. FLETCHER TECHNICAL COMMUNITY COLLE,LA,70360-2863,Public       ,214,320,534,214,320,534
00768600,SOUTHERN UNIV AT SHREVEPORT/BOSSIER     ,LA,71107-4795,Public       ,337,637,974,337,637,974
00806700,LSU HEALTH SCIENCES CENTR-SHREVEPOR     ,LA,71130-3932,Public       ,171,369,540,171,369,540
00989800,DEMMON SCHOOL OF BEAUTY                 ,LA,70607-2128,Proprietary  ,5,9,14,5,9,14
01005701,AMERICAN COMMERCIAL COLLEGE             ,LA,71105-2502,Proprietary  ,2,56,58,2,56,58
01109700,CLOYD'S BEAUTY SCHOOL #1                ,LA,71291-3131,Proprietary  ,5,6,11,5,6,11
01163100,"D-JAY'S SCHL OF BEAUTY, ARTS & SCI      ",LA,70806-0000,Proprietary  ,17,20,37,17,20,37
01184100,JOHN JAY BEAUTY COLLEGE                 ,LA,70124-2592,Proprietary  ,23,20,43,23,20,43
01261100,RONNIE & DORMANS SCHOOL HAIR DESIGN     ,LA,70501-0000,Proprietary  ,2,3,5,2,3,5
01282300,PAT GOINS RUSTON BEAUTY SCHOOL          ,LA,71270-4301,Proprietary  ,5,5,10,5,5,10
01287900,PAT GOINS BENTON ROAD BEAUTY SCHOOL     ,LA,71111-4838,Proprietary  ,2,12,14,2,12,14
01288000,PAT GOINS BEAUTY SCHOOL                 ,LA,71201-5167,Proprietary  ,4,10,14,4,10,14
02055400,BOSSIER PARISH COMMUNITY COLLEGE        ,LA,71111-0000,Public       ,492,846,1338,492,846,1338
02055500,DELTA SCH OF BUSINESS & TECHNOLOGY      ,LA,70601-0000,Proprietary  ,23,134,157,23,134,157
02089711,HERZING COLLEGE                         ,LA,70062-8727,Proprietary  ,24,103,127,24,103,127
02117800,AVEDA INSTITUTE LAFAYETTE               ,LA,70503-3246,Proprietary  ,36,43,79,36,43,79
02166100,NUNEZ COMMUNITY COLLEGE                 ,LA,70043-0000,Public       ,106,283,389,106,283,389
02166200,ITI TECHNICAL COLLEGE                   ,LA,70817-0000,Proprietary  ,57,101,158,57,101,158
02197500,BATON ROUGE SCHOOL OF COMPUTERS         ,LA,70816-0000,Proprietary  ,11,17,28,11,17,28
02234000,CAMERON COLLEGE                         ,LA,70119-0000,Proprietary  ,12,43,55,12,43,55
02258400,AVEDA INSTITUTE BATON ROUGE             ,LA,70816-2246,Proprietary  ,23,44,67,23,44,67
02260200,DIESEL DRIVING ACADEMY                  ,LA,71109-5617,Proprietary  ,1,16,17,1,16,17
02265600,JOHN JAY KENNER ACADEMY                 ,LA,70062-0000,Proprietary  ,8,9,17,8,9,17
02269300,STEVENSON'S ACADEMY OF HAIR DESIGN      ,LA,70116-0000,Proprietary  ,13,12,25,13,12,25
02327800,PINEVILLE BEAUTY SCHOOL                 ,LA,71360-0000,Proprietary  ,12,28,40,12,28,40
02335701,BATON ROUGE GEN MED CTR SCH NSG         ,LA,70821-0000,Private      ,24,76,100,24,76,100
02335702,BATON ROUGE GEN MED CTR-RAD TECH        ,LA,70806-0000,Private      ,13,32,45,13,32,45
02338000,"CLOYD'S BEAUTY SCHOOL #2, INC           ",LA,71202-3539,Proprietary  ,2,6,8,2,6,8
02352500,"CLOYD'S BEAUTY SCHOOL #3, INC           ",LA,71201-3211,Proprietary  ,2,6,8,2,6,8
02358600,"STAGE ONE THE HAIR SCHOOL, INC.         ",LA,70605-0000,Proprietary  ,6,15,21,6,15,21
02518300,SOUTH LOUISIANA BEAUTY COLLEGE          ,LA,70363-0000,Proprietary  ,3,4,7,3,4,7
02536400,LOUISIANA ACADEMY OF BEAUTY             ,LA,70535-0000,Proprietary  ,6,8,14,6,8,14
02538300,DELTA COLLEGE OF ARTS & TECH INC        ,LA,70806-1529,Proprietary  ,25,127,152,25,127,152
02538301,DELTA COLLEGE OF ARTS & TECHNOLOGY - LAF,LA,70508-6831,Proprietary  ,15,62,77,15,62,77
02548500,COSMETOLOGY TRAINING CENTER             ,LA,70503-0000,Proprietary  ,11,9,20,11,9,20
02554800,VANGUARD COLLEGE OF COSMETOLOGY         ,LA,70458-8823,Proprietary  ,15,18,33,15,18,33
02582200,"GUY'S ACADEMY HAIR, SKIN & NAILS        ",LA,71105-2404,Proprietary  ,12,43,55,12,43,55
02600900,AVEDA INSTITUTE                         ,LA,70433-2922,Proprietary  ,105,248,353,105,248,353
02601000,AMERICAN SCHOOL OF BUSINESS             ,LA,71105-5646,Proprietary  ,3,28,31,3,28,31
02601100,OPELOUSAS SCHOOL OF COSMETOLOGY         ,LA,70570-6156,Proprietary  ,3,3,6,3,3,6
02606800,CAREER TRAINING SPECIALISTS             ,LA,71201-6046,Proprietary  ,80,275,355,80,275,355
02606801,CAREER TECHNICAL COLLEGE - SHREVEPORT   ,LA,71105-2405,Proprietary  ,22,86,108,22,86,108
02617100,BATON ROUGE COLLEGE                     ,LA,70816-2246,Proprietary  ,26,42,68,26,42,68
02619200,DENHAM SPRINGS BEAUTY COLLEGE           ,LA,70726-3829,Proprietary  ,6,29,35,6,29,35
03010400,CRESCENT CITY SCH GAMING & BARTENDG     ,LA,70119-5507,Proprietary  ,11,36,47,11,36,47
03023500,CAMELOT CAREER COLLEGE                  ,LA,70805-7539,Proprietary  ,21,45,66,21,45,66
03030900,DIESEL DRIVING ACADEMY                  ,LA,70815-8109,Proprietary  ,3,12,15,3,12,15
03061400,ASCENSION COLLEGE                       ,LA,70737-2912,Proprietary  ,9,18,27,9,18,27
03095100,GRETNA CAREER COLLEGE                   ,LA,70053-2436,Proprietary  ,19,107,126,19,107,126
03106200,OUR LADY OF THE LAKE COLLEGE            ,LA,70808-4345,Private      ,323,706,1029,323,706,1029
03253300,JONESVILLE BEAUTY SCHOOL                ,LA,71343-0000,Proprietary  ,17,15,32,17,15,32
03294300,BLUE CLIFF SCH THERAPEUTIC MASSAGE      ,LA,70002-3458,Proprietary  ,57,270,327,57,270,327
03332600,DELTA COLLEGE                           ,LA,70433-9042,Proprietary  ,25,84,109,25,84,109
03332601,DELTA COLLEGE - SLIDELL                 ,LA,70460-2624,Proprietary  ,17,72,89,17,72,89
03356300,MEDICAL TRAINING COLLEGE                ,LA,70816-5820,Proprietary  ,40,93,133,40,93,133
03422500,BLUE CLIFF COLLEGE                      ,LA,71107-6520,Proprietary  ,26,193,219,26,193,219
03422600,BLUE CLIFF COLLEGE                      ,LA,70508-3858,Proprietary  ,39,135,174,39,135,174
03480300,MEDVANCE INSTITUTE                      ,LA,70809-1908,Proprietary  ,45,120,165,45,120,165
03498400,OMEGA INSTITUTE OF COSMETOLOGY          ,LA,70360-0000,Proprietary  ,7,11,18,7,11,18
03727500,MOORE CAREER COLLEGE                    ,LA,70808-4191,Proprietary  ,6,5,11,6,5,11
03730300,BATON ROUGE COMMUNITY COLLEGE           ,LA,78806-4129,Public       ,1100,1548,2648,1100,1548,2648
03752400,SCHOOL OF URBAN MISSIONS                ,LA,70053-0000,Private      ,19,25,44,19,25,44
03789300,UNITECH TRAINING ACADEMY                ,LA,70503-5132,Proprietary  ,9,34,43,9,34,43
03789301,UNITECH TRAINING ACADEMY - WEST MONROE  ,LA,71291-2913,Proprietary  ,6,33,39,6,33,39
03789302,UNITECH TRAINING ACADEMY - HOUMA        ,LA,70363-5556,Proprietary  ,8,9,17,8,9,17
03789303,UNITECH TRAINING ACADEMY -  ALEXANDRIA  ,LA,71303-3625,Proprietary  ,7,32,39,7,32,39
03789304,UNITECH TRAINING ACADEMY - LAKE CHARLES ,LA,70601-7887,Proprietary  ,2,14,16,2,14,16
03789400,RIVER PARISHES COMMUNITY COLLEGE        ,LA,70778-0310,Public       ,105,136,241,105,136,241
03810500,COURT REPORTING INSTITUTE OF LOUISI     ,LA,70816-0000,Proprietary  ,2,15,17,2,15,17
03956300,SOUTH LOUISIANA COMMUNITY COLLEGE       ,LA,70506-0000,Public       ,336,428,764,336,428,764
04040300,COMPASS CAREER COLLEGE                  ,LA,70403-0653,Proprietary  ,16,33,49,16,33,49
04112300,LOUISIANA CULINARY INSTITUTE            ,LA,70816-4109,Proprietary  ,41,59,100,41,59,100
04120700,ALDEN'S SCHOOL OF COSMETOLOGY           ,LA,70714-1502,Proprietary  ,2,18,20,2,18,20
04130100,LOUISIANA DELTA COMMUNITY COLLEGE       ,LA,71203-3618,Public       ,283,490,773,283,490,773
04149500,A & W HEALTHCARE EDUCATORS              ,LA,70122-3146,Proprietary  ,6,37,43,6,37,43
04151600,MY-LE'S BEAUTY COLLEGE                  ,LA,70056-3150,Proprietary  ,6,10,16,6,10,16
00143600,CAPITOL COLLEGE                         ,MD,20708-9759,Private      ,302,159,461,302,159,461
00146200,WASHINGTON BIBLE COLLEGE                ,MD,20706-3599,Private      ,58,167,225,58,167,225
00205700,ALLEGANY COLLEGE OF MARYLAND            ,MD,21502-2596,Public       ,1373,867,2240,1373,867,2240
00205800,ANNE ARUNDEL COMMUNITY COLLEGE          ,MD,21012-1895,Public       ,2289,2693,4982,2289,2693,4982
00206100,BALTIMORE CITY COMMUNITY COLLEGE        ,MD,21215-7893,Public       ,2180,4182,6362,2180,4182,6362
00206200,BOWIE STATE UNIVERSITY                  ,MD,20715-9465,Public       ,5707,2746,8453,5707,2746,8453
00206300,COMMUNITY COLLEGE OF BALTIMORE COUNTY   ,MD,21228-5381,Public       ,4733,6397,11130,4733,6397,11130
00206400,COLLEGE OF SOUTHERN MARYLAND            ,MD,20646-0910,Public       ,1709,1858,3567,1709,1858,3567
00206500,CLG NOTRE DAME OF MARYLAND              ,MD,21210-2476,Private      ,750,1080,1830,750,1080,1830
00206700,COLUMBIA UNION COLLEGE                  ,MD,20912-7796,Private      ,429,538,967,429,538,967
00206800,COPPIN STATE UNIVERSITY                 ,MD,21216-3698,Public       ,3044,2586,5630,3044,2586,5630
00207100,FREDERICK COMMUNITY COLLEGE             ,MD,21702-9745,Public       ,1033,1006,2039,1033,1006,2039
00207200,FROSTBURG STATE UNIVERSITY              ,MD,21532-1099,Public       ,5785,942,6727,5785,942,6727
00207300,GOUCHER COLLEGE                         ,MD,21204-2794,Private      ,2739,453,3192,2739,453,3192
00207400,HAGERSTOWN COMMUNITY COLLEGE            ,MD,21742-6590,Public       ,1031,1278,2309,1031,1278,2309
00207500,HARFORD COMMUNITY COLLEGE               ,MD,21015-1696,Public       ,1058,1048,2106,1058,1048,2106
00207600,HOOD COLLEGE                            ,MD,21701-8575,Private      ,1770,443,2213,1770,443,2213
00207700,JOHNS HOPKINS UNIVERSITY                ,MD,21218-2693,Private      ,7540,1567,9107,7540,1567,9107
00207702,JOHNS HOPKINS UNIV SCH ARTS/SCI/ENG     ,MD,21218-0000,Private      ,3545,1069,4614,3545,1069,4614
00207703,JOHNS HOPKINS UNIV SCH OF BUS/ED        ,MD,21046-0000,Private      ,59,908,967,59,908,967
00207705,JOHNS HOPKINS BLOOMBERG SCH OF PH       ,MD,21205-0000,Private      ,23,1020,1043,23,1020,1043
00207706,JOHNS HOPKINS UNIV SCH OF MEDICINE      ,MD,21205-0000,Private      ,134,858,992,134,858,992
00207707,JOHNS HOPKINS UNIV SCH OF NURSING       ,MD,21205-0000,Private      ,209,792,1001,209,792,1001
00207708,JOHNS HOPKINS UNIV PEABODY CONSERV      ,MD,21202-2397,Private      ,622,407,1029,622,407,1029
00207800,LOYOLA UNIVERSITY MARYLAND              ,MD,21210-2699,Private      ,7256,1331,8587,7256,1331,8587
00208000,MARYLAND INST COLLEGE OF ART            ,MD,21217-4191,Private      ,2550,613,3163,2550,613,3163
00208300,MORGAN STATE UNIVERSITY                 ,MD,21251-0002,Public       ,8988,3332,12320,8988,3332,12320
00208600,MOUNT SAINT MARY'S UNIVERSITY           ,MD,21727-7799,Private      ,2665,191,2856,2665,191,2856
00208700,NER ISRAEL RABBINICAL COLLEGE           ,MD,21208-1198,Private      ,53,31,84,53,31,84
00208900,PRINCE GEORGES COMMUNITY COLLEGE        ,MD,20774-2199,Public       ,3201,4130,7331,3201,4130,7331
00209100,SALISBURY UNIVERSITY                    ,MD,21801-6862,Public       ,9049,1318,10367,9049,1318,10367
00209200,ST JOHN'S COLLEGE                       ,MD,21404-0000,Private      ,565,121,686,565,121,686
00209500,ST. MARY'S COLLEGE OF MARYLAND          ,MD,20686-3001,Public       ,2299,155,2454,2299,155,2454
00209600,ST MARY'S SEMINARY & UNIV               ,MD,21210-1994,Private      ,20,17,37,20,17,37
00209900,TOWSON UNIVERSITY                       ,MD,21252-0002,Public       ,18787,4920,23707,18787,4920,23707
00210200,UNIVERSITY OF BALTIMORE                 ,MD,21201-5779,Public       ,1307,4544,5851,1307,4544,5851
00210300,"UNIVERSITY OF MARYLAND, COLLEGE PARK    ",MD,20742-5145,Public       ,26296,8424,34720,26296,8424,34720
00210400,"UNIVERSITY OF MARYLAND, BALTIMORE       ",MD,21201-1691,Public       ,1989,7381,9370,1989,7381,9370
00210500,UMBC                                    ,MD,21250-0002,Public       ,8266,3037,11303,8266,3037,11303
00210600,UNIVERSITY MARYLAND EASTERN SHORE       ,MD,21853-4053,Public       ,4485,1280,5765,4485,1280,5765
00210700,STEVENSON UNIVERSITY                    ,MD,21153-0641,Private      ,4321,1014,5335,4321,1014,5335
00210800,WASHINGTON COLLEGE                      ,MD,21620-1197,Private      ,2519,68,2587,2519,68,2587
00210900,MCDANIEL COLLEGE                        ,MD,21157-4390,Private      ,2788,356,3144,2788,356,3144
00458612,KAPLAN COLLEGE                          ,MD,21742-2797,Proprietary  ,127,439,566,127,439,566
00458614,KAPLAN COLLEGE - FREDERICK              ,MD,21704-8307,Proprietary  ,29,140,169,29,140,169
00465000,CHESAPEAKE COLLEGE                      ,MD,21679-0008,Public       ,705,763,1468,705,763,1468
00691100,MONTGOMERY COLLEGE                      ,MD,20850-1195,Public       ,5896,4641,10537,5896,4641,10537
00734100,INTERNATIONAL BEAUTY SCHOOL             ,MD,21502-2370,Proprietary  ,7,46,53,7,46,53
00744700,DEL-MAR-VA BEAUTY ACADEMY               ,MD,21804-0000,Proprietary  ,20,22,42,20,22,42
00749100,TESST COLLEGE OF TECHNOLOGY             ,MD,21227-1063,Proprietary  ,190,608,798,190,608,798
00793600,LINCOLN TECHNICAL INSTITUTE             ,MD,21046-1544,Proprietary  ,263,189,452,263,189,452
00817500,HOWARD COMMUNITY COLLEGE                ,MD,21044-3197,Public       ,1798,1724,3522,1798,1724,3522
00826300,AWARD BEAUTY SCHOOL                     ,MD,21740-5624,Proprietary  ,3,13,16,3,13,16
00830800,CECIL COLLEGE                           ,MD,21901-1999,Public       ,476,423,899,476,423,899
00907906,EVEREST COLLEGE- EVEREST INSTITUTE      ,MD,20910-3737,Proprietary  ,64,143,207,64,143,207
01001400,GARRETT COMMUNITY COLLEGE               ,MD,21541-1265,Public       ,496,162,658,496,162,658
01031900,MEDIX SCHOOL                            ,MD,21204-2538,Proprietary  ,143,436,579,143,436,579
01041000,TESST COLLEGE OF TECHNOLOGY             ,MD,21286-2201,Proprietary  ,71,205,276,71,205,276
01164400,UNIV OF MARYLAND UNIVERSITY COLLEGE     ,MD,20783-8078,Public       ,1491,9217,10708,1491,9217,10708
01164402,U OF MD UNIVERSITY COLLEGE - EUROPE     ,MD,20832-0000,Public       ,199,386,585,199,386,585
01164404,U OF MD UNIVERSITY COLLEGE - ASIA       ,MD,31207-0000,Public       ,57,221,278,57,221,278
02073900,WOR-WIC COMMUNITY COLLEGE               ,MD,21804-0000,Public       ,835,1355,2190,835,1355,2190
02083600,TESST COLLEGE OF TECHNOLOGY             ,MD,20705-2698,Proprietary  ,88,286,374,88,286,374
02116005,SANFORD-BROWN INSTITUTE - LANDOVER      ,MD,20785-2287,Proprietary  ,67,312,379,67,312,379
02127900,SOJOURNER DOUGLASS COLLEGE              ,MD,21205-0000,Private      ,141,1538,1679,141,1538,1679
02155100,MARYLAND COLLEGE OF ART AND DESIGN      ,MD,20902-0000,Private      ,77,62,139,77,62,139
02269700,INTERNATIONAL BEAUTY SCHOOL             ,MD,21014-0000,Proprietary  ,11,17,28,11,17,28
02314800,BALTIMORE INTERNATIONAL COLLEGE         ,MD,21202-0000,Private      ,374,306,680,374,306,680
02331000,MARYLAND BEAUTY ACADEMY OF ESSEX        ,MD,21221-0000,Proprietary  ,22,46,68,22,46,68
02333000,HAIR ACADEMY                            ,MD,20784-0000,Proprietary  ,20,32,52,20,32,52
02343800,MONTGOMERY BEAUTY SCHOOL                ,MD,20901-0000,Proprietary  ,19,21,40,19,21,40
02494700,BALTIMORE STUDIO OF HAIR DESIGN         ,MD,21201-0000,Proprietary  ,35,61,96,35,61,96
02495000,ROBERT PAUL ACAD COSMTGY ARTS & SCI     ,MD,21093-0000,Proprietary  ,12,22,34,12,22,34
02495100,MARYLAND BEAUTY ACADEMY                 ,MD,21136-0000,Proprietary  ,21,17,38,21,17,38
02545400,NORTH AMERICAN TRADE SCHOOLS            ,MD,21244-0069,Proprietary  ,66,212,278,66,212,278
02573800,"L' ACADEMIE DE CUISINE, INC.            ",MD,20877-0000,Proprietary  ,25,59,84,25,59,84
02578400,TAI SOPHIA INSTITUTE                    ,MD,20723-6010,Private      ,0,89,89,0,89,89
03027200,BLADES SCHOOL OF HAIR DESIGN            ,MD,20619-0226,Proprietary  ,9,24,33,9,24,33
03064900,AARON'S ACADEMY OF BEAUTY               ,MD,20602-2715,Proprietary  ,10,21,31,10,21,31
03097200,AESTHETICS INSTITUTE OF COSMETOLOGY     ,MD,20877-1305,Proprietary  ,5,15,20,5,15,20
03100700,CARROLL COMMUNITY COLLEGE               ,MD,21157-6913,Public       ,676,480,1156,676,480,1156
03148300,AMERICAN BEAUTY ACADEMY                 ,MD,20902-1911,Proprietary  ,37,84,121,37,84,121
03296300,BALTIMORE SCHOOL OF MASSAGE             ,MD,21090-2261,Proprietary  ,38,97,135,38,97,135
03327300,NEW CREATIONS ACADEMY OF HAIR DSN       ,MD,20746-2960,Proprietary  ,6,18,24,6,18,24
03455500,NATIONAL LABOR COLLEGE                  ,MD,20903-1790,Private      ,5,33,38,5,33,38
03493300,ALL-STATE CAREER SCHOOL                 ,MD,21224-6658,Proprietary  ,99,379,478,99,379,478
03771300,AMERICAN CAREER INSTITUTE               ,MD,20902-4637,Proprietary  ,23,77,100,23,77,100
03822400,MAPLE SPRINGS BAPTIST BIBLE COLLEGE & SE,MD,20743-5711,Private      ,1,22,23,1,22,23
03937300,YESHIVA COLLEGE OF THE NATION'S CAPITAL ,MD,20902-1700,Private      ,6,9,15,6,9,15
03965500,HAIR EXPRESSIONS ACADEMY                ,MD,20852-1729,Proprietary  ,14,30,44,14,30,44
04121600,FILA ACADEMY (THE)                      ,MD,21061-1634,Proprietary  ,11,43,54,11,43,54
04139700,FREDERICK SCHOOL OF COSMETOLOGY         ,MD,21701-0000,Proprietary  ,11,20,31,11,20,31
04141600,OMEGA STUDIOS' SCHOOL OF APPLIED RECORDI,MD,20852-1731,Proprietary  ,19,29,48,19,29,48
04151800,TEMPLE (THE): A PAUL MITCHELL PARTNER SC,MD,21701-5409,Proprietary  ,30,35,65,30,35,65
00211400,AMERICAN INTERNATIONAL COLLEGE          ,MA,01109-3189,Private      ,1597,855,2452,1597,855,2452
00211500,AMHERST COLLEGE                         ,MA,01002-5000,Private      ,4239,154,4393,4239,154,4393
00211600,ANDOVER NEWTON THEOLOGICAL SCHOOL       ,MA,02459-0000,Private      ,0,87,87,0,87,87
00211700,ANNA MARIA COLLEGE                      ,MA,01612-1198,Private      ,1606,210,1816,1606,210,1816
00211800,ASSUMPTION COLLEGE                      ,MA,01615-1294,Private      ,4177,381,4558,4177,381,4558
00211900,ATLANTIC UNION COLLEGE                  ,MA,01561-1000,Private      ,129,127,256,129,127,256
00212000,MERRIMACK COLLEGE                       ,MA,01845-5800,Private      ,3457,151,3608,3457,151,3608
00212100,BABSON COLLEGE                          ,MA,02457-0310,Private      ,1927,364,2291,1927,364,2291
00212200,BAY PATH COLLEGE                        ,MA,01106-2212,Private      ,666,687,1353,666,687,1353
00212300,BECKER COLLEGE-WORCESTER                ,MA,01615-0071,Private      ,1708,440,2148,1708,440,2148
00212400,BENTLEY UNIVERSITY                      ,MA,02452-4705,Private      ,4596,438,5034,4596,438,5034
00212600,BERKLEE COLLEGE OF MUSIC                ,MA,02215-3693,Private      ,3241,608,3849,3241,608,3849
00212800,BOSTON COLLEGE                          ,MA,02467-3800,Private      ,17484,5812,23296,17484,5812,23296
00212900,BOSTON CONSERVATORY OF MUSIC            ,MA,02215-9830,Private      ,956,242,1198,956,242,1198
00213000,BOSTON UNIVERSITY                       ,MA,02215-1789,Private      ,27332,12856,40188,27332,12856,40188
00213300,BRANDEIS UNIVERSITY                     ,MA,02453-2700,Private      ,4101,856,4957,4101,856,4957
00213900,CLARK UNIVERSITY                        ,MA,01610-1473,Private      ,3086,397,3483,3086,397,3483
00214000,ELMS COLLEGE                            ,MA,01013-2839,Private      ,828,378,1206,828,378,1206
00214100,COLLEGE OF THE HOLY CROSS               ,MA,01610-2395,Private      ,4941,89,5030,4941,89,5030
00214300,CURRY COLLEGE                           ,MA,02186-2395,Private      ,3689,512,4201,3689,512,4201
00214400,DEAN COLLEGE                            ,MA,02038-1994,Private      ,1301,113,1414,1301,113,1414
00214500,EASTERN NAZARENE COLLEGE                ,MA,02170-2999,Private      ,546,166,712,546,166,712
00214507,EASTERN NAZARENE CLG - LEAD PROGRAM     ,MA,02170-0000,Private      ,15,27,42,15,27,42
00214600,EMERSON COLLEGE                         ,MA,02116-4624,Private      ,6054,1258,7312,6054,1258,7312
00214700,EMMANUEL COLLEGE                        ,MA,02115-5798,Private      ,4328,246,4574,4328,246,4574
00214800,ENDICOTT COLLEGE                        ,MA,01915-2098,Private      ,3664,189,3853,3664,189,3853
00214900,EPISCOPAL DIVINITY SCHOOL               ,MA,02138-0000,Private      ,0,25,25,0,25,25
00215000,FISHER COLLEGE                          ,MA,02116-1500,Private      ,861,328,1189,861,328,1189
00215100,BENJAMIN FRANKLIN INSTITUTE OF TECH     ,MA,02116-6296,Public       ,447,129,576,447,129,576
00215300,GORDON COLLEGE                          ,MA,01984-1899,Private      ,1439,52,1491,1439,52,1491
00215400,HELLENIC COLLEGE                        ,MA,02445-7496,Private      ,40,71,111,40,71,111
00215500,HARVARD UNIVERSITY                      ,MA,02138-3800,Private      ,6494,898,7392,6494,898,7392
00215501,AMRCN REPERTORY THTR INST ADV THTR      ,MA,02138-0000,Private      ,1,114,115,1,114,115
00215502,HARVARD BUSINESS SCHOOL                 ,MA,02163-0000,Private      ,124,1126,1250,124,1126,1250
00215503,HARVARD EXTENSION SCHOOL                ,MA,02138-0000,Private      ,77,473,550,77,473,550
00215504,HARVARD SCH OF DENTAL MEDICINE          ,MA,02115-0000,Private      ,18,127,145,18,127,145
00215505,HARVARD UNIV GRAD SCH DESIGN            ,MA,02138-0000,Private      ,10,1149,1159,10,1149,1159
00215506,HARVARD DIVINITY SCHOOL                 ,MA,02138-0000,Private      ,14,451,465,14,451,465
00215507,HARVARD UNIV GRAD SCH ED                ,MA,02138-0000,Private      ,2,1352,1354,2,1352,1354
00215508,HARVARD UNIV GRAD S OF ARTS & SCIEN     ,MA,02138-0000,Private      ,83,712,795,83,712,795
00215509,HARVARD JOHN F KENNEDY SCHL OF GOVT     ,MA,02138-0000,Private      ,11,1261,1272,11,1261,1272
00215510,HARVARD LAW SCHOOL                      ,MA,02138-0000,Private      ,72,2888,2960,72,2888,2960
00215511,HARVARD UNIV MEDICAL SCHOOL             ,MA,02115-0000,Private      ,88,685,773,88,685,773
00215512,HARVARD UNIV SCH PUBLIC HEALTH          ,MA,02115-0000,Private      ,29,717,746,29,717,746
00215513,HARVARD UNIVERSITY-HARVARD COLLEGE      ,MA,02138-0000,Private      ,13180,283,13463,13180,283,13463
00215700,HEBREW COLLEGE                          ,MA,02459-2237,Private      ,1,34,35,1,34,35
00215800,LASELL COLLEGE                          ,MA,02466-2716,Private      ,2534,138,2672,2534,138,2672
00216000,LESLEY UNIVERSITY                       ,MA,02138-2790,Private      ,2243,1748,3991,2243,1748,3991
00216100,UMASS LOWELL                            ,MA,01854-3089,Public       ,8935,2384,11319,8935,2384,11319
00216400,NEW ENGLAND COLLEGE OF OPTOMETRY        ,MA,02115-1129,Private      ,8,272,280,8,272,280
00216500,MASS. COLLEGE OF PHARMACY  & HEALTH SCIE,MA,02115-5804,Private      ,4021,2116,6137,4021,2116,6137
00216700,BERKSHIRE COMMUNITY COLLEGE             ,MA,01201-5786,Public       ,315,428,743,315,428,743
00216800,CAPE COD COMMUNITY COLLEGE              ,MA,02668-1599,Public       ,769,646,1415,769,646,1415
00216900,GREENFIELD COMMUNITY COLLEGE            ,MA,01301-9739,Public       ,325,448,773,325,448,773
00217000,HOLYOKE COMMUNITY COLLEGE               ,MA,01040-1099,Public       ,1528,1387,2915,1528,1387,2915
00217100,MASSACHUSETTS BAY COMMUNITY COLLEGE     ,MA,02181-0000,Public       ,922,728,1650,922,728,1650
00217200,MOUNT WACHUSETT COMMUNITY COLLEGE       ,MA,01440-1000,Public       ,856,1117,1973,856,1117,1973
00217300,NORTH SHORE COMMUNITY COLLEGE           ,MA,01923-4093,Public       ,1197,1203,2400,1197,1203,2400
00217400,NORTHERN ESSEX COMMUNITY COLLEGE        ,MA,01830-2399,Public       ,959,1046,2005,959,1046,2005
00217500,QUINSIGAMOND COMMUNITY COLLEGE          ,MA,01606-2092,Public       ,1734,1728,3462,1734,1728,3462
00217600,BRISTOL COMMUNITY COLLEGE               ,MA,02720-7399,Public       ,1735,1563,3298,1735,1563,3298
00217700,MASSASOIT COMMUNITY COLLEGE             ,MA,02302-3996,Public       ,1491,1315,2806,1491,1315,2806
00217800,MASSACHUSETTS INST OF TECHNOLOGY        ,MA,02139-4307,Private      ,9783,2213,11996,9783,2213,11996
00218000,MASSACHUSETTS COLLEGE OF ART AND DESIGN ,MA,02115-5803,Public       ,2059,549,2608,2059,549,2608
00218100,MASSACHUSETTS MARITIME ACADEMY          ,MA,02532-3400,Public       ,930,58,988,930,58,988
00218300,BRIDGEWATER STATE COLLEGE               ,MA,02325-0001,Public       ,9340,1879,11219,9340,1879,11219
00218400,FITCHBURG STATE COLLEGE                 ,MA,01420-2697,Public       ,4689,795,5484,4689,795,5484
00218500,FRAMINGHAM STATE COLLEGE                ,MA,01702-2471,Public       ,4206,614,4820,4206,614,4820
00218700,MASSACHUSETTS CLG OF LIBERAL ARTS       ,MA,01247-4100,Public       ,1847,281,2128,1847,281,2128
00218800,SALEM STATE COLLEGE                     ,MA,01970-5353,Public       ,6099,1816,7915,6099,1816,7915
00218900,WESTFIELD STATE COLLEGE                 ,MA,01086-1630,Public       ,6475,828,7303,6475,828,7303
00219000,WORCESTER STATE COLLEGE                 ,MA,01602-2597,Public       ,5069,1123,6192,5069,1123,6192
00219200,MOUNT HOLYOKE COLLEGE                   ,MA,01075-1492,Private      ,2056,195,2251,2056,195,2251
00219300,MOUNT IDA COLLEGE                       ,MA,02459-3323,Private      ,1683,200,1883,1683,200,1883
00219400,NEW ENGLAND CONSERVATORY OF MUSIC       ,MA,02115-5018,Private      ,729,580,1309,729,580,1309
00219700,NICHOLS COLLEGE                         ,MA,01571-6346,Private      ,1643,191,1834,1643,191,1834
00219900,NORTHEASTERN UNIVERSITY                 ,MA,02115-5000,Private      ,29581,7050,36631,29581,7050,36631
00220100,PINE MANOR COLLEGE                      ,MA,02167-0000,Private      ,343,95,438,343,95,438
00220200,BLESSED JOHN XXIII NATIONAL SEMINARY    ,MA,02493-0000,Private      ,0,1,1,0,1,1
00220500,QUINCY COLLEGE                          ,MA,02169-4501,Public       ,600,973,1573,600,973,1573
00220600,REGIS COLLEGE                           ,MA,02193-0000,Private      ,1700,382,2082,1700,382,2082
00220800,SIMMONS COLLEGE                         ,MA,02115-5898,Private      ,2566,2791,5357,2566,2791,5357
00220900,SMITH COLLEGE                           ,MA,01063-2936,Private      ,3021,871,3892,3021,871,3892
00220901,"SMITH COLLEGE, SCH FOR SOCIAL WORK      ",MA,01063-0000,Private      ,0,1,1,0,1,1
00221000,UNIV OF MASSACHUSETTS-DARTMOUTH         ,MA,02747-2300,Public       ,9806,1686,11492,9806,1686,11492
00221100,SPRINGFIELD COLLEGE                     ,MA,01109-3797,Private      ,3391,1674,5065,3391,1674,5065
00221400,ST JOHN'S SEMINARY                      ,MA,02135-8839,Private      ,7,7,14,7,7,14
00221700,STONEHILL COLLEGE                       ,MA,02357-6110,Private      ,6129,111,6240,6129,111,6240
00221800,SUFFOLK UNIVERSITY                      ,MA,02108-2770,Private      ,8801,3617,12418,8801,3617,12418
00221810,SUFFOLK UNIVERSITY - LAW SCHOOL         ,MA,02108-4977,Private      ,17,357,374,17,357,374
00221900,TUFTS UNIVERSITY                        ,MA,02155-5808,Private      ,8941,2030,10971,8941,2030,10971
00221901,TUFTS UNIV SCH OF DENTAL MEDICINE       ,MA,02111-0000,Private      ,13,573,586,13,573,586
00221902,TUFTS UNIVERSITY - CUMMINGS SCHOOL OF VE,MA,01536-0000,Private      ,21,375,396,21,375,396
00221904,TUFTS UNIV SCHOOL OF MEDICINE           ,MA,02111-0000,Private      ,41,1568,1609,41,1568,1609
00222100,UNIV OF MASSACHUSETTS-AMHERST           ,MA,01003-0000,Public       ,29635,4136,33771,29635,4136,33771
00222200,UNIV OF MASSACHUSETTS-BOSTON            ,MA,02125-3393,Public       ,7883,4698,12581,7883,4698,12581
00222400,WELLESLEY COLLEGE                       ,MA,02481-8203,Private      ,2923,132,3055,2923,132,3055
00222500,WENTWORTH INSTITUTE OF TECHNOLOGY       ,MA,02115-5998,Private      ,3839,340,4179,3839,340,4179
00222600,WESTERN NEW ENGLAND COLLEGE             ,MA,01119-2654,Private      ,4462,1050,5512,4462,1050,5512
00222700,WHEATON COLLEGE                         ,MA,02766-2322,Private      ,2209,62,2271,2209,62,2271
00222800,WHEELOCK COLLEGE                        ,MA,02215-4176,Private      ,1227,361,1588,1227,361,1588
00222900,WILLIAMS COLLEGE                        ,MA,01267-2600,Private      ,3207,88,3295,3207,88,3295
00223300,WORCESTER POLYTECHNIC INSTITUTE         ,MA,01609-2280,Private      ,5484,290,5774,5484,290,5774
00396500,BAY STATE COLLEGE                       ,MA,02116-2901,Proprietary  ,946,380,1326,946,380,1326
00396600,BOSTON ARCHITECTURAL COLLEGE            ,MA,02115-2795,Private      ,271,362,633,271,362,633
00466100,HAMPSHIRE COLLEGE                       ,MA,01002-3359,Private      ,1904,88,1992,1904,88,1992
00466600,SALTER COLLEGE                          ,MA,01583-1700,Proprietary  ,116,633,749,116,633,749
00466700,SCHOOL OF MUSEUM OF FINE ARTS           ,MA,02115-5534,Private      ,674,214,888,674,214,888
00466900,UPPER CAPE COD REGIONAL VOC TECH        ,MA,02532-3310,Public       ,13,59,72,13,59,72
00527900,GREATER LOWELL REGNL VOC TECH SCH       ,MA,01879-0000,Public       ,7,27,34,7,27,34
00551900,DIMAN REGIONAL VOC TECH INST            ,MA,02723-3519,Public       ,7,32,39,7,32,39
00552300,BLUE HILLS REGIONAL VOC TECH            ,MA,02021-1398,Public       ,13,63,76,13,63,76
00555700,MCCANN TECHNICAL SCHOOL                 ,MA,01247-0000,Public       ,14,26,40,14,26,40
00613600,NATIONAL AVIATION ACADEMY - NEW ENGLAND ,MA,01730-2620,Proprietary  ,36,60,96,36,60,96
00632200,BROCKTON HOSPITAL SCH OF NURSING        ,MA,02302-0000,Private      ,80,293,373,80,293,373
00632400,LABOURE COLLEGE                         ,MA,02124-5698,Private      ,109,336,445,109,336,445
00633100,LAWRENCE MEM HOSPITAL SCH OF NRSNG      ,MA,02155-1643,Private      ,38,181,219,38,181,219
00635200,BAYSTATE MEDICAL CENTER                 ,MA,01199-0001,Private      ,7,25,32,7,25,32
00687300,MARIAN COURT COLLEGE                    ,MA,01907-2896,Private      ,88,33,121,88,33,121
00748100,GIBBS COLLEGE                           ,MA,02116-2904,Proprietary  ,30,90,120,30,90,120
00748400,NEWBURY COLLEGE                         ,MA,02445-5796,Private      ,1900,193,2093,1900,193,2093
00748600,THE NEW ENGLAND INSTITUTE OF ART        ,MA,02445-7295,Proprietary  ,1250,372,1622,1250,372,1622
00748800,KAPLAN CAREER INSTITUTE                 ,MA,02129-1644,Proprietary  ,29,164,193,29,164,193
00748801,KAPLAN CAREER INSTITUTE -               ,MA,02215-2606,Proprietary  ,25,159,184,25,159,184
00807800,SPRINGFIELD TECHNICAL COMMUNITY CLG     ,MA,01105-0000,Public       ,1216,1799,3015,1216,1799,3015
00809002,EVEREST COLLEGE - EVEREST INSTITUTE     ,MA,02150-2333,Proprietary  ,11,45,56,11,45,56
00891600,NEW ENGLAND SCHOOL OF LAW               ,MA,02116-0000,Private      ,8,1813,1821,8,1813,1821
00964500,BARD COLLEGE AT SIMON'S ROCK            ,MA,01230-9702,Private      ,289,13,302,289,13,302
00974700,GORDON-CONWELL THEOLOGICAL SEMINARY     ,MA,01982-0000,Private      ,9,191,200,9,191,200
00975600,UNIVERSITY OF MASS MEDICAL CENTER       ,MA,01655-0000,Public       ,25,400,425,25,400,425
00987700,HENRI'S SCHOOL OF HAIR DESIGN           ,MA,01420-5675,Proprietary  ,8,3,11,8,3,11
00989900,LOWELL ACADEMY HAIRSTYLING INST         ,MA,01852-1909,Proprietary  ,2,5,7,2,5,7
00993600,MIDDLESEX COMMUNITY COLLEGE             ,MA,01730-1197,Public       ,696,378,1074,696,378,1074
00993602,"MIDDLESEX COMMUNITY COLLEGE, LOWELL     ",MA,01852-0000,Public       ,963,647,1610,963,647,1610
01121000,BUNKER HILL COMMUNITY COLLEGE           ,MA,02129-2991,Public       ,2054,2639,4693,2054,2639,4693
01151000,EVEREST INSTITUTE                       ,MA,02135-7638,Proprietary  ,30,110,140,30,110,140
01193000,ROXBURY COMMUNITY COLLEGE               ,MA,02120-3400,Public       ,395,856,1251,395,856,1251
01204200,MANSFIELD BEAUTY SCHOOLS                ,MA,02169-5061,Proprietary  ,10,26,36,10,26,36
01206800,MANSFIELD BEAUTY SCHOOL                 ,MA,01103-1410,Proprietary  ,3,12,15,3,12,15
01218700,BLACKSTONE VALLEY VOCATIONAL REGIONAL SC,MA,01568-1499,Public       ,0,5,5,0,5,5
01238600,SOUTHEASTERN TECHNICAL INSTITUTE        ,MA,02375-1780,Public       ,11,81,92,11,81,92
01288100,MONTACHUSETT REG VOC TECH SCH           ,MA,01420-4649,Public       ,7,26,33,7,26,33
01292100,EMPIRE BEAUTY SCHOOL                    ,MA,02215-0000,Proprietary  ,24,55,79,24,55,79
01292101,EMPIRE BEAUTY SCHOOL - HYANNIS          ,MA,02601-2022,Proprietary  ,5,13,18,5,13,18
01294800,ROB ROY ACADEMY                         ,MA,02721-5330,Proprietary  ,9,10,19,9,10,19
02063000,MONTSERRAT COLLEGE OF ART               ,MA,01915-0000,Private      ,560,47,607,560,47,607
02063800,BUTERA SCHOOL OF ART                    ,MA,02116-0000,Proprietary  ,19,5,24,19,5,24
02076700,EMPIRE BEAUTY SCHOOL                    ,MA,02148-0000,Proprietary  ,7,29,36,7,29,36
02079400,EMPIRE BEAUTY SCHOOL                    ,MA,02453-0000,Proprietary  ,11,45,56,11,45,56
02092100,MASSACHUSETTS SCHOOL OF BARBERING       ,MA,02169-5058,Proprietary  ,9,14,23,9,14,23
02092200,EMPIRE BEAUTY SCHOOL                    ,MA,01852-0000,Proprietary  ,4,36,40,4,36,40
02122000,NEW ENGLAND HAIR ACADEMY                ,MA,02148-0000,Proprietary  ,11,31,42,11,31,42
02137000,ROB ROY ACADEMY                         ,MA,02780-0000,Proprietary  ,5,6,11,5,6,11
02137200,MASS GEN HOSP DIETETIC INTERNSHIP       ,MA,02114-0000,Private      ,0,7,7,0,7,7
02143000,LONGY SCHOOL OF MUSIC                   ,MA,02138-3599,Private      ,46,121,167,46,121,167
02163500,NEW ENGLAND SCHOOL OF PHOTOGRAPHY       ,MA,02215-0000,Proprietary  ,77,44,121,77,44,121
02163600,MASS SCH OF PROFESSIONAL PSYCHOLOGY     ,MA,02132-0000,Private      ,7,489,496,7,489,496
02169900,ASSABET VALLEY REGIONAL VOC SCHOOL      ,MA,01752-0000,Public       ,8,51,59,8,51,59
02181600,ROB ROY ACADEMY                         ,MA,01609-0000,Proprietary  ,15,22,37,15,22,37
02182900,CAMBRIDGE COLLEGE                       ,MA,02138-5304,Private      ,131,929,1060,131,929,1060
02197900,NORTH BENNET STREET SCHOOL              ,MA,02113-0000,Private      ,21,50,71,21,50,71
02215100,HALLMARK INSTITUTE OF PHOTOGRAPHY       ,MA,01376-0000,Proprietary  ,121,57,178,121,57,178
02219501,MILDRED ELLEY - PITTSFIELD              ,MA,01201-5300,Proprietary  ,4,14,18,4,14,18
02220400,CATHERINE HINDS INST OF ESTHETICS       ,MA,01801-0000,Proprietary  ,10,22,32,10,22,32
02231600,MGH INSTITUTE OF HEALTH PROFESSION      ,MA,02129-0000,Private      ,35,986,1021,35,986,1021
02274300,CONWAY SCHOOL OF LANDSCAPE DESIGN       ,MA,01341-0179,Private      ,0,8,8,0,8,8
02325700,LABARON HAIRDRESSING ACADEMY            ,MA,02740-0000,Proprietary  ,4,4,8,4,4,8
02325800,LABARON HAIRDRESSING ACAD-BROCKTON      ,MA,02301-0000,Proprietary  ,7,8,15,7,8,15
02337400,BANCROFT SCHOOL OF MASSAGE THERAPY      ,MA,01604-4614,Proprietary  ,2,15,17,2,15,17
02338200,BAY STATE SCHOOL OF TECHNOLOGY          ,MA,02021-0000,Proprietary  ,11,46,57,11,46,57
02339400,ROB ROY ACADEMY                         ,MA,02746-0000,Proprietary  ,1,4,5,1,4,5
02491700,CORTIVA INSTITUTE -  BOSTON             ,MA,02472-2577,Proprietary  ,8,34,42,8,34,42
02523900,ELIZABETH GRADY SCHOOL OF ESTHETICS     ,MA,02155-0000,Proprietary  ,6,16,22,6,16,22
02579800,NEW ENGLAND SCHOOL OF ACUPUNCTURE       ,MA,02458-0000,Private      ,2,45,47,2,45,47
03006802,PENNSYLVANIA CULINARY INSTITUTE - LE COR,MA,02142-1221,Proprietary  ,106,205,311,106,205,311
03066700,AILANO SCHOOL OF COSMETOLOGY            ,MA,02303-4740,Proprietary  ,8,8,16,8,8,16
03104000,SHAWSHEEN ADULT TECHNICAL INSTITUTE     ,MA,01821-5499,Public       ,3,22,25,3,22,25
03115200,MOTORING TECHNICAL TRAINING INST        ,MA,02771-5933,Proprietary  ,33,44,77,33,44,77
03120800,KAY HARVEY HAIRDRESSING ACADEMY         ,MA,01089-2701,Proprietary  ,2,12,14,2,12,14
03127700,SOUTHERN NEW ENGLAND SCHOOL OF LAW      ,MA,02747-1252,Private      ,2,202,204,2,202,204
03130500,URBAN COLLEGE OF BOSTON                 ,MA,02111-1093,Private      ,11,157,168,11,157,168
03194300,BOSTON GRAD SCH OF PSYCHOANALYSIS       ,MA,02446-4602,Private      ,0,19,19,0,19,19
03196300,LINCOLN TECHNICAL INSTITUTE             ,MA,02145-1102,Proprietary  ,48,154,202,48,154,202
03196302,LINCOLN TECHNICAL INSTITUTE             ,MA,01852-5119,Proprietary  ,67,186,253,67,186,253
03205400,JOLIE HAIR & BEAUTY ACADEMY             ,MA,01056-2769,Proprietary  ,5,6,11,5,6,11
03232302,LINCOLN TECHNICAL INSTITUTE             ,MA,02401-1818,Proprietary  ,61,178,239,61,178,239
03235300,MASSACHUSETTS SCHOOL OF LAW             ,MA,01810-1094,Private      ,5,235,240,5,235,240
03240300,HAIR IN MOTION BEAUTY ACADEMY           ,MA,01604-2213,Proprietary  ,3,3,6,3,3,6
03248300,BOSTON BAPTIST COLLEGE                  ,MA,02136-4000,Private      ,72,29,101,72,29,101
03316400,FUNERAL INSTITUTE OF THE NORTHEAST      ,MA,02062-4766,Proprietary  ,9,41,50,9,41,50
03504300,NATL GRAD SCH OF QUALITY SYSTM MGMT     ,MA,02540-0000,Private      ,1,8,9,1,8,9
03763300,MEDICAL PROFESSIONAL INSTITUTE          ,MA,02148-8143,Proprietary  ,5,35,40,5,35,40
03859300,E.I.N.E.                                ,MA,01876-4709,Proprietary  ,1,16,17,1,16,17
03946300,FRANKLIN W. OLIN COLLEGE OF ENGINEERING ,MA,02492-1200,Private      ,345,5,350,345,5,350
03965300,NEW ENGLAND COLLEGE OF FINANCE          ,MA,02110-1605,Proprietary  ,11,111,122,11,111,122
04039300,SULLIVAN AND COGLIANO TRAINING CENTER   ,MA,02301-1822,Proprietary  ,3,40,43,3,40,43
04116900,DIGRIGOLI SCHOOL OF COSMETOLOGY         ,MA,01089-4623,Proprietary  ,7,14,21,7,14,21
04128000,MILLENNIUM TRAINING INSTITUTE           ,MA,01801-6386,Proprietary  ,3,8,11,3,8,11
04128900,CENTRAL MASS SCHOOL OF MASSAGE AND THERA,MA,01562-1712,Proprietary  ,1,5,6,1,5,6
04153200,SOUTHERN WORCESTER COUNTY REGIONAL VOC S,MA,01507-1331,Public       ,1,20,21,1,20,21
00324204,CARNEGIE MELLON UNIVERSITY - QATAR      ,FC,00000-0000,Private      ,1,0,1,1,0,1
00324206,CARNEGIE MELLON UNIVERSITY THE HEINZ COL,FC,00000-0000,Private      ,0,1,1,0,1,1
00337112,TEMPLE UNIVERSITY - JAPAN               ,FC,00000-0000,Private      ,43,23,66,43,23,66
00369101,MIDDLEBURY COLLEGE - FRANCE             ,FC,00000-0000,Private      ,4,6,10,4,6,10
00369102,MIDDLEBURY COLLEGE - GERMANY            ,FC,00000-0000,Private      ,1,0,1,1,0,1
00369103,MIDDLEBURY COLLEGE - ITALY              ,FC,00000-0000,Private      ,2,2,4,2,2,4
00369104,MIDDLEBURY COLLEGE - SPAIN              ,FC,00000-0000,Private      ,5,11,16,5,11,16
00369105,MIDDLEBURY COLLEGE - RUSSIA             ,FC,00000-0000,Private      ,1,3,4,1,3,4
00401000,INSTITUT INTERNAT'L D'ETUDES FRANCA     ,FC,00000-0000,Public       ,0,2,2,0,2,2
00401200,HEBREW UNIVERSITY OF JERUSALEM (THE)    ,FC,00000-0000,Public       ,26,54,80,26,54,80
00403000,UNIVERSITY OF CAMBRIDGE                 ,FC,00000-0000,Public       ,1,37,38,1,37,38
00503400,AMERICAN UNIVERSITY OF CAIRO            ,FC,00000-0000,Private      ,39,89,128,39,89,128
00667100,KATHOLIEKE UNIVERSITEIT LEUVEN          ,FC,00000-0000,Private      ,0,20,20,0,20,20
00669100,UNIVERSITY OF CAMBRIDGE - PEMBROKE      ,FC,00000-0000,Public       ,0,8,8,0,8,8
00669200,UNIVERSITY OF LEEDS                     ,FC,00000-0000,Public       ,6,54,60,6,54,60
00669300,UNIV OF LONDON-LONDON SCHOOL ECON       ,FC,00000-0000,Public       ,10,275,285,10,275,285
00669400,SCH OF ORIENTAL & AFRICAN STUDIES       ,FC,00000-0000,Public       ,5,79,84,5,79,84
00669500,UNIV OF LONDON-UNIVERSITY COLLEGE       ,FC,00000-0000,Public       ,16,250,266,16,250,266
00669600,UNIV OF LONDON-SCH ADVANCED STUDY       ,FC,00000-0000,Public       ,0,9,9,0,9,9
00669700,"QUEEN MARY, UNIVERSITY OF LONDON        ",FC,00000-0000,Public       ,14,73,87,14,73,87
00669900,UNIVERSITY OF SUSSEX                    ,FC,00000-0000,Public       ,5,47,52,5,47,52
00670000,"UNIVERSITY OF YORK, THE                 ",FC,00000-0000,Public       ,6,60,66,6,60,66
00670400,UNIVERSITY COLLEGE CORK                 ,FC,00000-0000,Public       ,6,31,37,6,31,37
00671300,UPPSALA UNIVERSITY                      ,FC,00000-0000,Public       ,0,28,28,0,28,28
00671500,UNIVERSITY OF GENEVA                    ,FC,00000-0000,Public       ,2,47,49,2,47,49
00683900,UNIVERSITY OF EDINBURGH                 ,FC,00000-0000,Public       ,89,340,429,89,340,429
00684200,UNIVERSITY OF DUBLIN TRINITY COLLEG     ,FC,00000-0000,Public       ,28,79,107,28,79,107
00685000,UNIVERSITY OF CAMBRIDGE - DOWNING C     ,FC,00000-0000,Public       ,0,4,4,0,4,4
00763200,UNIVERSITY OF BRISTOL                   ,FC,00000-0000,Public       ,10,48,58,10,48,58
00768100,COLLEGE OF EUROPE                       ,FC,00000-0000,Private      ,0,3,3,0,3,3
00770500,ROYAL COLLEGE OF SURGEONS IN IRELAN     ,FC,00000-0000,Private      ,2,22,24,2,22,24
00788100,AMERICAN UNIVERSITY OF PARIS            ,FC,00000-0000,Private      ,157,136,293,157,136,293
00837100,AMERICAN UNIVERSITY OF BEIRUT           ,FC,00000-0000,Private      ,48,45,93,48,45,93
00837300,TEL-AVIV UNIVERSITY                     ,FC,00000-0000,Public       ,7,15,22,7,15,22
00837600,VRIJE UNIVERSITEIT AMSTERDAM            ,FC,00000-0000,Public       ,2,16,18,2,16,18
00837700,UNIVERSITEIT VAN AMSTERDAM(UNIVERSI     ,FC,00000-0000,Public       ,6,71,77,6,71,77
00838000,UNIVERSITY OF WARWICK                   ,FC,00000-0000,Public       ,8,38,46,8,38,46
00838300,UNIVERSITY OF GLASGOW                   ,FC,00000-0000,Public       ,25,159,184,25,159,184
00839300,UNIVERSITY OF OSLO                      ,FC,00000-0000,Public       ,2,15,17,2,15,17
00839400,UNIVERSITY OF OXFORD                    ,FC,00000-0000,Public       ,9,168,177,9,168,177
00839800,UNIVERSITY OF SHEFFIELD (THE)           ,FC,00000-0000,Public       ,3,55,58,3,55,58
00839900,UNIVERSITY OF SOUTHAMPTON               ,FC,00000-0000,Public       ,7,30,37,7,30,37
00845200,ABERYSTWYTH UNIVERSITY                  ,FC,00000-0000,Public       ,4,20,24,4,20,24
00845800,LOUGHBOROUGH UNIVERSITY                 ,FC,00000-0000,Public       ,2,9,11,2,9,11
00846000,UNIVERSITY OF NEWCASTLE UPON TYNE       ,FC,00000-0000,Public       ,9,43,52,9,43,52
00846100,UNIVERSITY OF SAINT ANDREWS             ,FC,00000-0000,Public       ,126,78,204,126,78,204
00850500,UNIVERSITY OF MELBOURNE                 ,FC,00000-0000,Public       ,12,78,90,12,78,90
00858600,SWANSEA UNIVERSITY                      ,FC,00000-0000,Public       ,10,17,27,10,17,27
00858700,UNIVERSITY OF DURHAM                    ,FC,00000-0000,Public       ,11,84,95,11,84,95
00866500,UNIVERSITY OF KENT AT CANTERBURY (THE)  ,FC,00000-0000,Public       ,11,68,79,11,68,79
00867000,UNIVERSITY OF NEW SOUTH WALES           ,FC,00000-0000,Public       ,5,47,52,5,47,52
00868700,UNIVERSITY OF ESSEX                     ,FC,00000-0000,Public       ,9,42,51,9,42,51
00869300,CITY UNIVERSITY                         ,FC,00000-0000,Public       ,9,92,101,9,92,101
00890800,THE UNIVERSITY OF BIRMINGHAM            ,FC,00000-0000,Public       ,9,54,63,9,54,63
00891000,UNIVERSITY OF HULL                      ,FC,00000-0000,Public       ,5,11,16,5,11,16
00892000,UNIVERSITY OF NOTTINGHAM                ,FC,00000-0000,Public       ,4,54,58,4,54,58
00900600,UNIVERSITY OF SALFORD (THE)             ,FC,00000-0000,Public       ,1,13,14,1,13,14
00908400,"UNIV OF LONDON, BIRKBECK                ",FC,00000-0000,Public       ,1,37,38,1,37,38
00908500,UNIV OF LONDON KING'S COLLEGE           ,FC,00000-0000,Public       ,20,188,208,20,188,208
00908600,UNIVERSITY OF LONDON - ROYAL HOLLOWAY   ,FC,00000-0000,Public       ,16,40,56,16,40,56
00914300,BAR-ILAN UNIVERSITY                     ,FC,00000-0000,Private      ,7,6,13,7,6,13
00924700,ARCHITECTURAL ASSOC SCH OF ARCHITEC     ,FC,00000-0000,Private      ,0,18,18,0,18,18
00924900,UNIVERSITY OF LIVERPOOL                 ,FC,00000-0000,Public       ,8,33,41,8,33,41
00936800,UNIVERSITY OF ABERDEEN                  ,FC,00000-0000,Public       ,30,49,79,30,49,79
00942300,ROYAL COLLEGE OF ART                    ,FC,00000-0000,Public       ,3,29,32,3,29,32
00942800,TECHNION-ISRAEL INST OF TECHLGY         ,FC,00000-0000,Public       ,1,17,18,1,17,18
00944200,UNIVERSITY OF EXETER                    ,FC,00000-0000,Public       ,7,29,36,7,29,36
00944400,UNIVERSITY OF LANCASTER                 ,FC,00000-0000,Public       ,4,16,20,4,16,20
00963400,UNIVERSITY OF OXFORD ST CATHERINE'S     ,FC,00000-0000,Public       ,0,5,5,0,5,5
00980800,UNIVERSITY OF STRATHCLYDE               ,FC,00000-0000,Public       ,0,19,19,0,19,19
00986000,UNIVERSITY OF SURREY                    ,FC,00000-0000,Public       ,3,14,17,3,14,17
00990600,PONTIFICAL NORTH AMERICAN COLLEGE       ,FC,00000-0000,Private      ,0,3,3,0,3,3
00992700,UNIVERSITY OF CAMBRIDGE - FITZWILLI     ,FC,00000-0000,Public       ,0,1,1,0,1,1
01006700,LUND UNIVERSITY                         ,FC,00000-0000,Public       ,0,51,51,0,51,51
01008400,UNIVERSITY OF CAPE TOWN                 ,FC,00000-0000,Private      ,5,32,37,5,32,37
01008700,UNIVERSITY OF OXFORD ST PETER'S COL     ,FC,00000-0000,Public       ,1,1,2,1,1,2
01008800,UNIVERSITY OF OXFORD - CORPUS CHRIS     ,FC,00000-0000,Public       ,0,4,4,0,4,4
01008900,CENTRAL SCHOOL OF SPEECH AND DRAMA      ,FC,00000-0000,Private      ,8,31,39,8,31,39
01009000,UNIVERSITY OF OXFORD - BALLIOL COLL     ,FC,00000-0000,Public       ,1,13,14,1,13,14
01014300,UNIVERSITY OF READING                   ,FC,00000-0000,Public       ,2,20,22,2,20,22
01015700,CARDIFF UNIVERSITY                      ,FC,00000-0000,Public       ,7,24,31,7,24,31
01015900,PONTIFICIA UNIVERSITA GREGORIANA        ,FC,00000-0000,Private      ,0,2,2,0,2,2
01018800,UNIVERSITY COLLEGE DUBLIN               ,FC,00000-0000,Public       ,4,89,93,4,89,93
01019000,UNIVERSITY OF CAMBRIDGE CHURCHILL C     ,FC,00000-0000,Public       ,0,5,5,0,5,5
01022800,UNIVERSITY OF STIRLING                  ,FC,00000-0000,Public       ,3,16,19,3,16,19
01033200,UNIVERSITY OF CAMBRIDGE - CLARE COL     ,FC,00000-0000,Public       ,0,5,5,0,5,5
01045600,UNIVERSITY OF HAIFA                     ,FC,00000-0000,Public       ,3,3,6,3,3,6
01047200,INST EUROPEEN OPEEN D'ADMINISTRATIO     ,FC,00000-0000,Private      ,0,30,30,0,30,30
01049300,CRANFIELD UNIVERSITY                    ,FC,00000-0000,Public       ,0,12,12,0,12,12
01052000,TRINITY LABAN                           ,FC,00000-0000,Public       ,1,2,3,1,2,3
01052001,LABAN CENTER FOR MOVEMENT & DANCE       ,FC,00000-0000,Public       ,1,4,5,1,4,5
01052500,UNIVERSITY OF HERTFORDSHIRE             ,FC,00000-0000,Public       ,11,7,18,11,7,18
01057400,LONDON INTRNTL FILM SCHOOL              ,FC,00000-0000,Private      ,2,14,16,2,14,16
01058600,INSTITUTE OF SOCIAL STUDIES             ,FC,00000-0000,Private      ,0,3,3,0,3,3
01058800,AUSTRALIAN NATIONAL UNIVERSITY          ,FC,00000-0000,Public       ,5,25,30,5,25,30
01058900,BANGOR UNIVERSITY                       ,FC,00000-0000,Public       ,6,12,18,6,12,18
01059400,"RICHMOND, THE AMERICAN INT UNI IN LONDON",FC,00000-0000,Private      ,217,36,253,217,36,253
01059900,INST D'ETUDES POLITIQUES DE PARIS       ,FC,00000-0000,Public       ,3,35,38,3,35,38
01068100,MACQUARIE UNIVERSITY                    ,FC,00000-0000,Public       ,4,38,42,4,38,42
01069200,UNIVERSITY OF QUEENSLAND (THE)          ,FC,00000-0000,Public       ,9,72,81,9,72,81
01078900,UNIVERSITY OF OXFORD - WORCESTER CO     ,FC,00000-0000,Public       ,0,6,6,0,6,6
01079200,CITY AND GUILDS OF LONDON INSTITUTE     ,FC,00000-0000,Private      ,0,2,2,0,2,2
01079700,"NATIONAL UNIVERSITY OF IRELAND, MAY     ",FC,00000-0000,Public       ,2,5,7,2,5,7
01080300,SEMMELWEIS UNIVERSITY OF BUDAPEST       ,FC,00000-0000,Public       ,3,9,12,3,9,12
01081600,KINGSTON UNIVERSITY                     ,FC,00000-0000,Public       ,15,51,66,15,51,66
01083800,UNIVERSITITY OF BERGEN (UOB)            ,FC,00000-0000,Public       ,0,4,4,0,4,4
01086400,UNIV OF DUNDEE                          ,FC,00000-0000,Public       ,6,14,20,6,14,20
01086600,UNIVERSITY OF OXFORD - MAGDALEN COLLEGE ,FC,00000-0000,Public       ,1,10,11,1,10,11
01086700,UNIVERSITY OF OXFORD ST JOHN'S COLL     ,FC,00000-0000,Public       ,0,7,7,0,7,7
01091400,MONASH UNIVERSITY                       ,FC,00000-0000,Public       ,4,21,25,4,21,25
01091500,UNIV OF EAST ANGLIA                     ,FC,00000-0000,Public       ,12,28,40,12,28,40
01094200,UNIVERSITY OF OXFORD - ST HUGH'S CO     ,FC,00000-0000,Public       ,1,2,3,1,2,3
01097700,UNIVERSIDAD CENTRAL DEL ESTE            ,FC,00000-0000,Private      ,37,408,445,37,408,445
01098000,SOMERVILLE COLLEGE                      ,FC,00000-0000,Public       ,0,2,2,0,2,2
01099900,UNIV OF OXFORD - WADHAM COLLEGE         ,FC,00000-0000,Public       ,0,2,2,0,2,2
01104400,PONTIFICIA UNIVERSITA SAN TOMMASO       ,FC,00000-0000,Private      ,0,6,6,0,6,6
01105300,UNIVERSITY OF OXFORD - ST HILDA'S C     ,FC,00000-0000,Public       ,0,1,1,0,1,1
01105400,UNIVERSITY OF OXFORD - ST ANNE'S CO     ,FC,00000-0000,Public       ,0,4,4,0,4,4
01105500,UNIV OF OXFORD - LADY MARGARET HALL     ,FC,00000-0000,Public       ,0,3,3,0,3,3
01105600,UNIVERSITY OF OXFORD - UNIVERSITY C     ,FC,00000-0000,Public       ,1,7,8,1,7,8
01105700,UNIVERSITY OF OXFORD - TRINITY COLL     ,FC,00000-0000,Public       ,1,5,6,1,5,6
01105800,UNIVERSITY OF OXFORD-ST EDMUND HALL     ,FC,00000-0000,Public       ,1,5,6,1,5,6
01105900,UNIVERSITY OF OXFORD ST ANTONY'S CO     ,FC,00000-0000,Public       ,0,13,13,0,13,13
01106000,UNIVERSITY OF OXFORD - QUEEN'S COLL     ,FC,00000-0000,Public       ,1,7,8,1,7,8
01106100,UNIVERSITY OF OXFORD - PEMBROKE COL     ,FC,00000-0000,Public       ,0,2,2,0,2,2
01106200,UNIVERSITY OF OXFORD - ORIEL COLLEG     ,FC,00000-0000,Public       ,0,6,6,0,6,6
01106400,UNIVERSITY OF OXFORD - NEW COLLEGE      ,FC,00000-0000,Public       ,0,6,6,0,6,6
01106500,UNIVERSITY OF OXFORD MERTON COLLEGE     ,FC,00000-0000,Public       ,0,7,7,0,7,7
01106600,UNIVERSITY OF OXFORD - LINCOLN COLL     ,FC,00000-0000,Public       ,0,9,9,0,9,9
01106800,UNIVERSITY OF OXFORD - JESUS COLLEG     ,FC,00000-0000,Public       ,0,4,4,0,4,4
01106900,UNIVERSITY OF OXFORD - HERTFORD COL     ,FC,00000-0000,Public       ,0,4,4,0,4,4
01107000,UNIVERSITY OF OXFORD EXETER COLLEGE     ,FC,00000-0000,Public       ,2,4,6,2,4,6
01107100,UNIV OF OXFORD - CHRIST CHURCH          ,FC,00000-0000,Public       ,0,8,8,0,8,8
01107200,UNIVERSITY OF OXFORD - BRASENOSE CO     ,FC,00000-0000,Public       ,1,5,6,1,5,6
01109100,FLINDERS UNIVERSITY OF S AUSTRALIA      ,FC,00000-0000,Public       ,1,9,10,1,9,10
01109400,UNIVERSITY OF WESTERN AUSTRALIA (THE)   ,FC,00000-0000,Public       ,1,6,7,1,6,7
01122600,AARHUS UNIVERSITY                       ,FC,00000-0000,Public       ,0,2,2,0,2,2
01156700,"IMPERIAL COLLEGE OF SCIENCE, TECHNOLOGY ",FC,00000-0000,Public       ,6,45,51,6,45,51
01167900,UNIVERSITY OF BATH                      ,FC,00000-0000,Public       ,4,15,19,4,15,19
01168300,FRANKLIN COLLEGE  SWITZERLAND           ,FC,00000-0000,Private      ,275,8,283,275,8,283
01175800,UNIV OF CAMBRIDGE - PETERHOUSE          ,FC,00000-0000,Public       ,1,5,6,1,5,6
01176400,ROYAL ACADEMY OF MUSIC                  ,FC,00000-0000,Public       ,6,13,19,6,13,19
01176500,GOLDSMITHS' COLLEGE-UNIV OF LONDON      ,FC,00000-0000,Public       ,15,85,100,15,85,100
01176600,UNIV OF LONDON - INST OF EDUC           ,FC,00000-0000,Public       ,2,15,17,2,15,17
01178000,BRUNEL UNIVERSITY                       ,FC,00000-0000,Public       ,1,17,18,1,17,18
01207500,UNIVERSITY CAMBRIDGE - TRINITY COLL     ,FC,00000-0000,Public       ,2,6,8,2,6,8
01207800,VICTORIA UNIV OF WELLINGTON             ,FC,00000-0000,Public       ,4,18,22,4,18,22
01209600,ECOLE HåTELIERE DE LAUSANNE             ,FC,00000-0000,Private      ,0,5,5,0,5,5
01210100,UNIVERSITY OF CAMBRIDGE - GIRTON CO     ,FC,00000-0000,Public       ,0,1,1,0,1,1
01213600,VICTORIA UNIV OF MANCHESTER (THE)       ,FC,00000-0000,Public       ,16,74,90,16,74,90
01219800,UNIVERSITY OF BRADFORD                  ,FC,00000-0000,Public       ,1,16,17,1,16,17
01220100,UNIVERSITY OF OXFORD - REGENT'S PAR     ,FC,00000-0000,Public       ,0,2,2,0,2,2
01220600,JAMES COOK UNIVERSITY                   ,FC,00000-0000,Public       ,17,25,42,17,25,42
01221500,BIRMINGHAM CITY UNIVERSITY              ,FC,00000-0000,Public       ,2,5,7,2,5,7
01222300,JAGIELLONIAN UNIVERSITY COLLEGIUM M     ,FC,00000-0000,Public       ,1,18,19,1,18,19
01222500,UNIVERSITY OF SZEGED FACULTY OF MEDICINE,FC,00000-0000,Public       ,1,3,4,1,3,4
01225800,ASTON UNIVERSITY                        ,FC,00000-0000,Public       ,2,3,5,2,3,5
01227500,UNIVERSITY OF OXFORD - WOLFSON COLL     ,FC,00000-0000,Public       ,0,12,12,0,12,12
01230200,GONVILLE & CAIUS COLLEGE                ,FC,00000-0000,Public       ,1,3,4,1,3,4
01233300,UNIV OF THE ARTS LONDON- CAMBERWELL COLL,FC,00000-0000,Public       ,5,6,11,5,6,11
01233500,ROYAL COLLEGE OF MUSIC                  ,FC,00000-0000,Public       ,4,9,13,4,9,13
01234100,UNIVERSITY OF WALES - ST DAVID'S UN     ,FC,00000-0000,Public       ,2,8,10,2,8,10
01236000,EDINBURGH COLLEGE OF ART                ,FC,00000-0000,Public       ,8,31,39,8,31,39
01242100,UNIV OF AUCKLAND                        ,FC,00000-0000,Public       ,12,35,47,12,35,47
01253900,UNIVERSITY OF THE ARTS LONDON IDO - CENT,FC,00000-0000,Public       ,23,34,57,23,34,57
01254000,UNIVERSIDAD DE NAVARRA                  ,FC,00000-0000,Private      ,3,4,7,3,4,7
01276500,UNIVERSITY OF OXFORD - LINACRE COLL     ,FC,00000-0000,Public       ,0,9,9,0,9,9
01276600,"NATIONAL UNIVERSITY IRELAND, GALWAY     ",FC,00000-0000,Public       ,16,36,52,16,36,52
01280200,PONTIFICIA UNIV CATOLICA MAD Y MAES     ,FC,00000-0000,Private      ,17,29,46,17,29,46
01281100,INST TECNOLOGICO DE SANTO DOMINGO       ,FC,00000-0000,Private      ,7,49,56,7,49,56
01283900,UNIVERSITY OF CAMBRIDGE - SAINT JOH     ,FC,00000-0000,Public       ,0,10,10,0,10,10
01286200,MOUNTVIEW ACADEMY OF THEATRE ARTS       ,FC,00000-0000,Private      ,1,3,4,1,3,4
01297800,UNIVERSITY OF HUDDERSFIELD (THE)        ,FC,00000-0000,Public       ,1,5,6,1,5,6
01315300,MASSEY UNIVERSITY                       ,FC,00000-0000,Public       ,3,33,36,3,33,36
01322500,COLLEGE OF LAW                          ,FC,00000-0000,Private      ,0,10,10,0,10,10
02052400,DARWIN COLLEGE                          ,FC,00000-0000,Public       ,0,5,5,0,5,5
02082400,UNIVERSITY OF CAMBRIDGE - QUEEN'S C     ,FC,00000-0000,Public       ,1,7,8,1,7,8
02083400,UNIVERSITY OF CAMBRIDGE - WOLFSON C     ,FC,00000-0000,Public       ,0,5,5,0,5,5
02087400,UNIVERSITY OF CAMBRIDGE - NEWNHAM C     ,FC,00000-0000,Public       ,1,5,6,1,5,6
02087900,OXFORD BROOKES UNIVERSITY               ,FC,00000-0000,Public       ,11,24,35,11,24,35
02094100,BEN-GURION UNIV                         ,FC,00000-0000,Public       ,1,44,45,1,44,45
02094400,UNIV OF CAMBRIDGE - ST EDMUND'S HOU     ,FC,00000-0000,Public       ,0,4,4,0,4,4
02095500,LONDON BUS SCHOOL                       ,FC,00000-0000,Private      ,0,63,63,0,63,63
02098700,FATIMA COLLEGE OF MEDICINE              ,FC,00000-0000,Private      ,3,23,26,3,23,26
02101900,ROEHAMPTON UNIVERSITY                   ,FC,00000-0000,Public       ,3,29,32,3,29,32
02108600,LONDON ACADEMY OF MUSIC & DRAMATIC      ,FC,00000-0000,Private      ,6,11,17,6,11,17
02115900,UNIVERSITY OF PORTSMOUTH                ,FC,00000-0000,Public       ,0,10,10,0,10,10
02116700,UNIVERSITY OF CAMBRIDGE - LUCY CAVE     ,FC,00000-0000,Public       ,0,6,6,0,6,6
02120000,UNIV OF LONDON - COURTALD INST OF A     ,FC,00000-0000,Public       ,0,17,17,0,17,17
02133400,UNIVERSITY OF CAMBRIDGE - SIDNEY SU     ,FC,00000-0000,Public       ,0,1,1,0,1,1
02142000,UNIVERSITY OF CAMBRIDGE - HOMERTON      ,FC,00000-0000,Public       ,0,2,2,0,2,2
02149700,UNIVERSITY OF WINCHESTER (THE)          ,FC,00000-0000,Public       ,3,4,7,3,4,7
02156800,UNIV OF OTAGO                           ,FC,00000-0000,Public       ,3,12,15,3,12,15
02162300,"IESE BUSINESS SCH, UNIV OF NAVARRA      ",FC,00000-0000,Private      ,5,35,40,5,35,40
02167400,UNIVERSITY OF CAMBRIDGE - CORPUS CH     ,FC,00000-0000,Public       ,0,3,3,0,3,3
02175700,OHR SOMAYACH INSTITUTIONS               ,FC,00000-0000,Private      ,0,1,1,0,1,1
02177700,KING'S COLLEGE- UNIV OF CAMBRIDGE       ,FC,00000-0000,Public       ,4,16,20,4,16,20
02180500,MIDDLESEX UNIVERSITY                    ,FC,00000-0000,Public       ,10,35,45,10,35,45
02181000,UNIVERSITY OF SOUTH AUSTRALIA           ,FC,00000-0000,Public       ,0,10,10,0,10,10
02183500,UNIV OF OXFORD - WYCLIFFE HALL          ,FC,00000-0000,Public       ,0,1,1,0,1,1
02186000,UNIVERSITY OF CAMBRIDGE - MAGDALENE     ,FC,00000-0000,Public       ,1,1,2,1,1,2
02186100,UNIVERSITY OF CAMBRIDGE - EMMANUEL      ,FC,00000-0000,Public       ,0,4,4,0,4,4
02189600,UNIVERSITY OF GRONINGEN                 ,FC,00000-0000,Public       ,2,12,14,2,12,14
02194800,UNIVERSITY OF THE WEST OF ENGLAND -     ,FC,00000-0000,Public       ,3,11,14,3,11,14
02195100,UNIV OF WESTMINSTER                     ,FC,00000-0000,Public       ,13,57,70,13,57,70
02196700,GUILDHALL SCHOOL OF MUSIC & DRAMA       ,FC,00000-0000,Public       ,4,9,13,4,9,13
02207300,UNIVERSITY OF CAMBRIDGE - CHRIST'S      ,FC,00000-0000,Public       ,1,1,2,1,1,2
02207400,CHINESE UNIVERSITY OF HONG KONG (THE)   ,FC,00000-0000,Public       ,5,20,25,5,20,25
02209500,UNIVERSITEIT UTRECHT                    ,FC,00000-0000,Public       ,4,34,38,4,34,38
02210000,UNIV OF LONDON - LONDON SCHOOL OF H     ,FC,00000-0000,Public       ,1,24,25,1,24,25
02212300,UNIVERSITY OF CAMBRIDGE - ROBINSON      ,FC,00000-0000,Public       ,0,1,1,0,1,1
02225300,UNIV OF CANTERBURY                      ,FC,00000-0000,Public       ,4,13,17,4,13,17
02229100,UNIVERSITY OF LEICESTER                 ,FC,00000-0000,Public       ,2,48,50,2,48,50
02229600,SACKLER SCHOOL OF MEDICINE              ,FC,00000-0000,Public       ,0,27,27,0,27,27
02232100,UNIVERSITY OF CAMBRIDGE                 ,FC,00000-0000,Public       ,2,11,13,2,11,13
02233300,"ST GEORGE'S UNIV, SCH OF MEDICINE       ",FC,00000-0000,Proprietary  ,7,883,890,7,883,890
02235300,LONDON METROPOLITAN UNIVERSITY          ,FC,00000-0000,Public       ,16,77,93,16,77,93
02244400,AMERICAN UNIV OF THE CARIBBEAN          ,FC,00000-0000,Proprietary  ,8,557,565,8,557,565
02257100,COVENTRY UNIVERSITY                     ,FC,00000-0000,Public       ,1,3,4,1,3,4
02266600,UNIVERSITY OF LONDON - SAINT GEORGE     ,FC,00000-0000,Public       ,1,5,6,1,5,6
02271700,UNIVERSITY OF CAMBRIDGE - CLARE HAL     ,FC,00000-0000,Public       ,0,2,2,0,2,2
02271800,UNIV OF OXFORD - CAMPION HALL           ,FC,00000-0000,Public       ,0,2,2,0,2,2
02271900,UNIVERSITY OF OXFORD - BLACKFRIARS      ,FC,00000-0000,Public       ,0,2,2,0,2,2
02272100,UNIV OF OXFORD - GREYFRIARS             ,FC,00000-0000,Public       ,0,1,1,0,1,1
02273600,QUEEN'S UNIV OF BELFAST (THE)           ,FC,00000-0000,Public       ,10,33,43,10,33,43
02273900,HERIOT WATT UNIVERSITY                  ,FC,00000-0000,Public       ,2,16,18,2,16,18
02276700,NYENRODE BUSINESS UNIVERSITEIT          ,FC,00000-0000,Private      ,0,1,1,0,1,1
02293400,ECOLE DES HAUTES ETUDES COMERCIALS      ,FC,00000-0000,Public       ,0,26,26,0,26,26
02296300,UNIVERSITY OF CAMBRIDGE - JESUS COL     ,FC,00000-0000,Public       ,0,5,5,0,5,5
02310500,DE MONTFORT UNIVERSITY                  ,FC,00000-0000,Public       ,1,2,3,1,2,3
02320500,ROYAL NORTHERN COLLEGE OF MUSIC         ,FC,00000-0000,Public       ,0,2,2,0,2,2
02335100,UNIV OF CAMBRIDGE - TRINITY HALL        ,FC,00000-0000,Public       ,1,6,7,1,6,7
02338903,KENT INSTITUTE OF ART & DESIGN          ,FC,00000-0000,Public       ,1,2,3,1,2,3
02351800,UNIVERSIDAD IBEROAMERICANA (UNIBE       ,FC,00000-0000,Private      ,52,457,509,52,457,509
02355200,ECOLE SUPERIEURE DE CUISINE FRANCAISE-FE,FC,00000-0000,Public       ,0,11,11,0,11,11
02363000,GSA CONSERVATOIRE                       ,FC,00000-0000,Private      ,1,1,2,1,1,2
02502600,PECSI ORVOSTUDOMANYI EGYETEM (PECS      ,FC,00000-0000,Public       ,1,10,11,1,10,11
02545700,GLASGOW SCHOOL OF ART                   ,FC,00000-0000,Public       ,9,13,22,9,13,22
02561600,SOUTHAMPTON SOLENT UNIVERSITY           ,FC,00000-0000,Public       ,0,2,2,0,2,2
02579600,MURDOCH UNIVERSITY                      ,FC,00000-0000,Public       ,3,25,28,3,25,28
02588000,UNIVERSITY OF ULSTER                    ,FC,00000-0000,Public       ,1,9,10,1,9,10
02591800,CURTIN UNIVERSITY OF TECHNOLOGY         ,FC,00000-0000,Public       ,3,3,6,3,3,6
02592300,MILLTOWN INST OF THEOLOGY & PHILOSO     ,FC,00000-0000,Private      ,1,1,2,1,1,2
02604300,AALBORG UNIVERSITY                      ,FC,00000-0000,Public       ,1,5,6,1,5,6
02611500,HELSINKI SCH OF ECONOMICS & BUS ADM     ,FC,00000-0000,Public       ,1,3,4,1,3,4
02611600,ECOL NATIONAL DES PONTS ET CHAUSSEE     ,FC,00000-0000,Public       ,4,6,10,4,6,10
02611700,DUBLIN CITY UNIVERSITY                  ,FC,00000-0000,Public       ,4,16,20,4,16,20
02622500,DENMARKS TEKNISKE UNIVERSITET           ,FC,00000-0000,Public       ,0,3,3,0,3,3
02623200,UNIVERSITY OF NEWCASTLE (THE)           ,FC,00000-0000,Public       ,4,14,18,4,14,18
03012700,UNIVERSITY OF BUCKINGHAM                ,FC,00000-0000,Private      ,3,4,7,3,4,7
03029400,KEELE UNIVERSITY                        ,FC,00000-0000,Public       ,0,7,7,0,7,7
03029500,NORTHUMBRIA UNIVERSITY                  ,FC,00000-0000,Public       ,0,17,17,0,17,17
03029800,NORGES HANDELSHOYSKOLE                  ,FC,00000-0000,Public       ,0,4,4,0,4,4
03033300,MANCHESTER METROPOLITAN UNIV            ,FC,00000-0000,Public       ,6,24,30,6,24,30
03045000,UNIVERSITY OF EAST LONDON               ,FC,00000-0000,Public       ,3,15,18,3,15,18
03050100,STUDIO ART CENTERS INTERNATIONAL        ,FC,00000-0000,Private      ,19,29,48,19,29,48
03061000,CHALMERS TEKNISKA HOGSKOLA AB           ,FC,00000-0000,Private      ,0,2,2,0,2,2
03066800,PONTIFICIO ATENEO DELLA SANTA CROCE     ,FC,00000-0000,Private      ,0,5,5,0,5,5
03067200,UNIVERSITY OF SYDNEY                    ,FC,00000-0000,Public       ,15,106,121,15,106,121
03073800,UNIV OF DEBRECEN MED & HEALTH SCI       ,FC,00000-0000,Public       ,2,5,7,2,5,7
03080300,SHEFFIELD HALLAM UNIVERSITY             ,FC,00000-0000,Public       ,1,4,5,1,4,5
03084300,UNIVERSITY OF LIMERICK                  ,FC,00000-0000,Public       ,8,16,24,8,16,24
03088700,ROYAL SCOTTISH ACAD MUSIC & DRAMA       ,FC,00000-0000,Public       ,7,12,19,7,12,19
03091400,UNIVERSITY OF WOLLONGONG                ,FC,00000-0000,Public       ,2,15,17,2,15,17
03091500,UNIVERSITY OF CANBERRA                  ,FC,00000-0000,Public       ,4,5,9,4,5,9
03091700,KAROL MARCINKOWSKI UNIV OF MED SCI      ,FC,00000-0000,Public       ,4,61,65,4,61,65
03092500,NOTTINGHAM TRENT UNIVERSITY             ,FC,00000-0000,Public       ,4,7,11,4,7,11
03095000,RMIT UNIVERSITY                         ,FC,00000-0000,Public       ,5,21,26,5,21,26
03095400,BOND UNIVERSITY                         ,FC,00000-0000,Private      ,20,37,57,20,37,57
03095900,ESSEC BUSINESS SCHOOL                   ,FC,00000-0000,Private      ,0,8,8,0,8,8
03096100,LA TROBE UNIVERSITY                     ,FC,00000-0000,Public       ,6,7,13,6,7,13
03096900,DEAKIN UNIVERSITY                       ,FC,00000-0000,Public       ,3,7,10,3,7,10
03097100,UNIVERSITY OF WESTERN SYDNEY            ,FC,00000-0000,Public       ,2,5,7,2,5,7
03097300,VICTORIA UNIVERSITY OF TECHNOLOGY       ,FC,00000-0000,Public       ,3,7,10,3,7,10
03097500,CENTRAL QUEENSLAND UNIVERSITY           ,FC,00000-0000,Public       ,1,3,4,1,3,4
03100000,UNIVERSITY OF ADELAIDE (THE)            ,FC,00000-0000,Public       ,3,14,17,3,14,17
03101600,ASIAN INSTITUTE OF MANAGEMENT           ,FC,00000-0000,Private      ,3,1,4,3,1,4
03102500,AMERICAN UNIVERSITY OF ROME             ,FC,00000-0000,Private      ,57,27,84,57,27,84
03102800,ROBERT GORDON UNIVERSITY (THE)          ,FC,00000-0000,Public       ,0,10,10,0,10,10
03104800,GRIFFITH UNIVERSITY                     ,FC,00000-0000,Public       ,6,14,20,6,14,20
03104801,GRIFFITH UNIVERSITY - MOUNT GRAVATT CAMP,FC,00000-0000,Public       ,0,4,4,0,4,4
03104802,GRIFFITH UNIVERSITY - GOLD COAST CAMPUS ,FC,00000-0000,Public       ,2,4,6,2,4,6
03104803,GRIFFITH UNIVERSITY - QUEENSLAND CONSERV,FC,00000-0000,Public       ,0,3,3,0,3,3
03104804,GRIFFITH UNIVERSITY - QUEENSLAND COLLEGE,FC,00000-0000,Public       ,3,4,7,3,4,7
03104805,GRIFFITH UNIVERSITY - LOGAN CAMPUS      ,FC,00000-0000,Public       ,0,1,1,0,1,1
03136300,AUSTRALIAN CATHOLIC UNIVERSITY          ,FC,00000-0000,Public       ,4,6,10,4,6,10
03140300,EDITH COWAN UNIVERSITY                  ,FC,00000-0000,Public       ,2,7,9,2,7,9
03140400,NORTHERN TERRITORY UNIVERSITY           ,FC,00000-0000,Public       ,0,1,1,0,1,1
03140500,QUEENSLAND UNIVERSITY OF TECHNOLOGY     ,FC,00000-0000,Public       ,0,17,17,0,17,17
03140600,SOUTHERN CROSS UNIVERSITY               ,FC,00000-0000,Public       ,2,7,9,2,7,9
03140700,SWINBURNE UNIVERSITY OF TECHNOLOGY      ,FC,00000-0000,Public       ,4,7,11,4,7,11
03140900,UNIVERSITY OF BALLARAT                  ,FC,00000-0000,Public       ,0,1,1,0,1,1
03150300,UNIVERSITY OF TASMANIA                  ,FC,00000-0000,Public       ,4,6,10,4,6,10
03150400,"UNIVERSITY OF TECHNOLOGY, SYDNEY        ",FC,00000-0000,Public       ,6,18,24,6,18,24
03274300,"KUNGLIGA TEKNISKA HOGSKOLAN, KTH        ",FC,00000-0000,Public       ,1,11,12,1,11,12
03287300,LIVERPOOL INSTITUTE FOR PERFORMING ARTS ,FC,00000-0000,Public       ,11,2,13,11,2,13
03300300,"2ND SCHOOL OF MEDICINE, CHARLES UNI     ",FC,00000-0000,Public       ,0,2,2,0,2,2
03300400,"FIRST FACULTY OF MEDICINE, CHARLES UNIV.",FC,00000-0000,Public       ,1,5,6,1,5,6
03329300,JOHN CABOT UNIVERSITY                   ,FC,00000-0000,Private      ,100,14,114,100,14,114
03332400,AGRICULTURE UNIVERSITY OF WROCLAW       ,FC,00000-0000,Public       ,1,0,1,1,0,1
03333300,MEDICAL UNIVERSITY SCHOOL OF LUBLIN     ,FC,00000-0000,Public       ,4,63,67,4,63,67
03334300,UNIVERSIDAD NORDESTANA                  ,FC,00000-0000,Private      ,0,19,19,0,19,19
03335300,MEDICAL UNIVERSITY OF SILESIA           ,FC,00000-0000,Public       ,4,19,23,4,19,23
03349400,"QUEEN MARGARET UNIVERSITY COLLEGE, EDINB",FC,00000-0000,Public       ,1,7,8,1,7,8
03350300,BOURNEMOUTH UNIVERSITY                  ,FC,00000-0000,Public       ,2,15,17,2,15,17
03352300,LONDON SOUTH BANK UNIVERSITY            ,FC,00000-0000,Private      ,5,12,17,5,12,17
03364300,"FACULTY OF MEDICINE, PALACKY UNIVER     ",FC,00000-0000,Public       ,1,3,4,1,3,4
03365400,AUCKLAND INSTITUTE OF TECHNOLOGY        ,FC,00000-0000,Public       ,1,8,9,1,8,9
03377300,"UNIVERSITY OF WALES INSTITUTE, CARD     ",FC,00000-0000,Public       ,0,3,3,0,3,3
03386300,CHARLES UNIVERSITY-MEDICAL FACULTY      ,FC,00000-0000,Public       ,1,3,4,1,3,4
03406300,"THE SCHOOL OF PHARMACY, UNIVERSITY      ",FC,00000-0000,Public       ,0,4,4,0,4,4
03418400,NAPIER UNIVERSITY                       ,FC,00000-0000,Public       ,3,13,16,3,13,16
03435300,ANGLIA POLYTECHNIC UNIVERSITY HIGHE     ,FC,00000-0000,Public       ,3,5,8,3,5,8
03460300,INTERNATIONALES THEOLOGISCHES INSTI     ,FC,00000-0000,Private      ,1,6,7,1,6,7
03462400,UNIV OF ARTS LONDON - LON COLL OF COMMUN,FC,00000-0000,Public       ,6,23,29,6,23,29
03466300,INSTITUTO CENTROAMERICANO DE ADMINI     ,FC,00000-0000,Private      ,0,4,4,0,4,4
03473300,UNIV OF ARTS LONDON - LON COLL FASHION  ,FC,00000-0000,Public       ,22,30,52,22,30,52
03475300,UNIV OF THE ARTS  LONDON - CHELSEA COLL ,FC,00000-0000,Public       ,6,17,23,6,17,23
03478300,ROYAL WELSH COLLEGE OF MUSIC AND DRAMA  ,FC,00000-0000,Public       ,4,7,11,4,7,11
03492400,UNIV OF CAMBRIDGE-ST CATHERINE'S CG     ,FC,00000-0000,Public       ,0,2,2,0,2,2
03494400,UNIV OF CAMBRIDGE-SELWYN COLLEGE        ,FC,00000-0000,Public       ,0,4,4,0,4,4
03494600,UNIV OF OXFORD-HARRIS MANCHESTER        ,FC,00000-0000,Public       ,1,3,4,1,3,4
03500300,WIMBLEDON COLLEGE OF ART                ,FC,00000-0000,Public       ,3,4,7,3,4,7
03501400,LEEDS METROPOLITAN UNIVERSITY           ,FC,00000-0000,Public       ,3,8,11,3,8,11
03507300,UNIVERSITY OF SUNDERLAND                ,FC,00000-0000,Public       ,2,3,5,2,3,5
03515300,UNIVERSITY OF CENTRAL LANCASHIRE        ,FC,00000-0000,Public       ,6,12,18,6,12,18
03517300,UNIVERSITY OF BRIGHTON                  ,FC,00000-0000,Public       ,5,12,17,5,12,17
03518300,EUROPEAN GRADUATE SCHOOL                ,FC,00000-0000,Private      ,0,36,36,0,36,36
03526300,INST CENTROAMERICANO DE ADM DE EMP      ,FC,00000-0000,Private      ,2,1,3,2,1,3
03533300,BATH SPA UNIVERSITY                     ,FC,00000-0000,Public       ,4,14,18,4,14,18
03547300,UNIVERSITY OF GLAMORGAN                 ,FC,00000-0000,Public       ,0,3,3,0,3,3
03580300,LIVERPOOL JOHN MOORES UNIVERSITY        ,FC,00000-0000,Public       ,6,5,11,6,5,11
03589400,ARTS INSTITUTE AT BOURNEMOUTH (THE)     ,FC,00000-0000,Public       ,3,4,7,3,4,7
03590300,AVONDALE COLLEGE LIMITED                ,FC,00000-0000,Private      ,6,0,6,6,0,6
03594300,GROUP ESC GRENOBLE GRAD SCH OF BUS.     ,FC,00000-0000,Private      ,0,18,18,0,18,18
03597300,JAGIELLONIAN UNIVERSITY                 ,FC,00000-0000,Public       ,0,12,12,0,12,12
03601300,UNIVERSITAT JAUME I DE CASTELLO/UJI     ,FC,00000-0000,Public       ,1,4,5,1,4,5
03603300,LEEDS COLLEGE OF MUSIC                  ,FC,00000-0000,Public       ,2,0,2,2,0,2
03619300,UNIVERSITY OF GREENWICH                 ,FC,00000-0000,Public       ,2,19,21,2,19,21
03653400,UNIVERSIDAD DE IBEROAMERICA - UNIBE     ,FC,00000-0000,Private      ,2,11,13,2,11,13
03674300,UNIVERSITY OF ABERTAY DUNDEE            ,FC,00000-0000,Public       ,0,3,3,0,3,3
03684400,UNIVERSITY OF LINCOLN                   ,FC,00000-0000,Public       ,2,3,5,2,3,5
03684500,MEDICAL UNIVERSITY OF GDANSK            ,FC,00000-0000,Public       ,2,13,15,2,13,15
03685300,UNIVERSITAT POMPEU FABRA                ,FC,00000-0000,Public       ,3,25,28,3,25,28
03716300,"UNIVERSITY OF WALES, NEWPORT            ",FC,00000-0000,Public       ,1,5,6,1,5,6
03721300,WRITTLE COLLEGE                         ,FC,00000-0000,Public       ,2,0,2,2,0,2
03727400,UNIVERSITY OF WAIKATO (THE)             ,FC,00000-0000,Public       ,7,4,11,7,4,11
03738300,LONDON SCHOOL OF THEOLOGY               ,FC,00000-0000,Private      ,0,1,1,0,1,1
03741300,ALRA (ACADEMY OF LIVE AND RECORDED ARTS),FC,00000-0000,Private      ,0,2,2,0,2,2
03770300,NAZARENE THEOLOGICAL COLLEGE            ,FC,00000-0000,Private      ,0,3,3,0,3,3
03794400,ANGLO EUROPEAN COLLEGE OF CHIROPRACTIC  ,FC,00000-0000,Private      ,0,1,1,0,1,1
03816400,AMERICAN GRAD SCH OF INTERNTL REL & DIPL,FC,00000-0000,Private      ,2,39,41,2,39,41
03818300,LEIPZIG GRADUATE SCHOOL OF MANAGEMENT   ,FC,00000-0000,Private      ,0,8,8,0,8,8
03824300,"ROYAL VETERINARY COLLEGE (THE), UNIVERSI",FC,00000-0000,Public       ,4,65,69,4,65,69
03850400,UNIVERSITY OF NOTRE DAME AUSTRALIA (THE),FC,00000-0000,Private      ,1,0,1,1,0,1
03850500,MEDICAL UNIVERSITY OF LODZ              ,FC,00000-0000,Public       ,1,22,23,1,22,23
03859400,UNIVERSITY COLLEGE FALMOUTH             ,FC,00000-0000,Public       ,3,4,7,3,4,7
03867300,UNIVERSITAT AUTONOMA DE BARCELONA       ,FC,00000-0000,Public       ,0,11,11,0,11,11
03880300,UNIVERSITY OF GLOUCESTERSHIRE (THE)     ,FC,00000-0000,Public       ,1,3,4,1,3,4
03897400,INTERNATIONAL SPACE UNIVERSITY          ,FC,00000-0000,Private      ,0,2,2,0,2,2
03926400,NATIONAL COLLEGE OF ART AND DESIGN      ,FC,00000-0000,Public       ,2,4,6,2,4,6
03941301,AVE MARIA UNIVERSITY - LATIN AMERICA    ,FC,00000-0000,Private      ,46,10,56,46,10,56
03978300,SPURGEON'S COLLEGE                      ,FC,00000-0000,Private      ,1,0,1,1,0,1
03993400,TRINITY COLLEGE CARMARTHEN              ,FC,00000-0000,Public       ,0,2,2,0,2,2
04021400,"AMERICAN COLLEGE, DUBLIN LIMITED (THE)  ",FC,00000-0000,Private      ,5,7,12,5,7,12
04021500,CENTRAL EUROPEAN UNIVERSITY             ,FC,00000-0000,Private      ,5,34,39,5,34,39
04032300,YORK ST JOHN UNIVERSITY                 ,FC,00000-0000,Public       ,1,1,2,1,1,2
04046300,HK UNIVERSITY OF SCI & TECH (HKUST)     ,FC,00000-0000,Public       ,0,9,9,0,9,9
04070300,"RAPHAEL RECANATI INTERNATIONAL SCHOOL, T",FC,00000-0000,Private      ,15,15,30,15,15,30
04113300,LEBANESE AMERICAN UNIVERSITY            ,FC,00000-0000,Private      ,7,4,11,7,4,11
04115900,LIVERPOOL HOPE UNIVERSITY               ,FC,00000-0000,Public       ,3,6,9,3,6,9
04116300,EDHEC BUSINESS SCHOOL                   ,FC,00000-0000,Private      ,0,10,10,0,10,10
04121400,ISAPZURICH (INTERNATIONAL SCHOOL OF ANAL,FC,00000-0000,Private      ,1,2,3,1,2,3
04128600,UNIVERSITY OF WORCESTER                 ,FC,00000-0000,Public       ,2,2,4,2,2,4
04139100,UNIVERSITA DEGLI STUDI DI SCIENZE GASTRO,FC,00000-0000,Private      ,2,9,11,2,9,11
04143700,ST MARY'S UNIVERSITY COLLEGE TWICKENHAM ,FC,00000-0000,Public       ,0,10,10,0,10,10
00380600,ALDERSON-BROADDUS COLLEGE               ,WV,26416-1051,Private      ,738,196,934,738,196,934
00380700,MOUNTAIN STATE UNIVERSITY               ,WV,25801-5624,Private      ,850,2574,3424,850,2574,3424
00380800,BETHANY COLLEGE                         ,WV,26032-0417,Private      ,982,80,1062,982,80,1062
00380900,BLUEFIELD STATE COLLEGE                 ,WV,24701-2198,Public       ,843,820,1663,843,820,1663
00381000,CONCORD UNIVERSITY                      ,WV,24712-0000,Public       ,2528,720,3248,2528,720,3248
00381100,DAVIS & ELKINS COLLEGE                  ,WV,26241-3996,Private      ,696,177,873,696,177,873
00381200,FAIRMONT STATE UNIVERSITY               ,WV,26554-2470,Public       ,3932,2011,5943,3932,2011,5943
00381300,GLENVILLE STATE COLLEGE                 ,WV,26351-1292,Public       ,1098,341,1439,1098,341,1439
00381500,MARSHALL UNIVERSITY                     ,WV,25755-3300,Public       ,7660,3826,11486,7660,3826,11486
00381600,SOUTHERN WV COMMUNITY COLLEGE           ,WV,25637-2900,Public       ,690,461,1151,690,461,1151
00381800,UNIVERSITY OF CHARLESTON                ,WV,25304-1099,Private      ,1313,546,1859,1313,546,1859
00381900,OHIO VALLEY COLLEGE                     ,WV,26105-8000,Private      ,307,97,404,307,97,404
00382000,SALEM INTERNATIONAL UNIVERSITY          ,WV,26426-0500,Proprietary  ,150,254,404,150,254,404
00382200,SHEPHERD UNIVERSITY                     ,WV,25443-3210,Public       ,3110,913,4023,3110,913,4023
00382300,WEST LIBERTY STATE COLLEGE              ,WV,26074-0295,Public       ,2306,445,2751,2306,445,2751
00382600,WEST VIRGINIA STATE UNIVERSITY          ,WV,25112-0000,Public       ,1852,1284,3136,1852,1284,3136
00382700,WEST VIRGINIA UNIVERSITY                ,WV,26506-6201,Public       ,21432,6492,27924,21432,6492,27924
00382711,WEST VIRGINIA UNIVERSITY - POTOMAC STATE,WV,26726-3000,Public       ,1309,286,1595,1309,286,1595
00382721,WEST VIRGINIA UNIV INST OF TECH         ,WV,25136-2436,Public       ,847,232,1079,847,232,1079
00382800,WEST VIRGINIA UNIV AT PARKERSBURG       ,WV,26101-9577,Public       ,1081,1363,2444,1081,1363,2444
00383000,WEST VIRGINIA WESLEYAN COLLEGE          ,WV,26201-2600,Private      ,1618,174,1792,1618,174,1792
00383100,WHEELING JESUIT UNIVERSITY              ,WV,26003-6243,Private      ,908,271,1179,908,271,1179
00500700,WEST VIRGINIA JUNIOR COLLEGE            ,WV,26505-5596,Proprietary  ,80,132,212,80,132,212
00500800,MOUNTAIN STATE COLLEGE                  ,WV,26101-3993,Proprietary  ,52,136,188,52,136,188
00754400,APPALACHIAN BIBLE COLLEGE               ,WV,25818-1353,Private      ,168,44,212,168,44,212
00757800,HUNTINGTON SCHOOL OF BEAUTY CULTURE     ,WV,25705-2030,Proprietary  ,18,27,45,18,27,45
00760000,INTERNATIONAL BEAUTY SCHOOL             ,WV,25401-3231,Proprietary  ,3,14,17,3,14,17
00835500,JAMES RUMSEY TECHNICAL INSTITUTE        ,WV,25403-0259,Public       ,43,112,155,43,112,155
00895900,CLARKSBURG BEAUTY ACADEMY               ,WV,26301-2903,Proprietary  ,13,14,27,13,14,27
00904700,HUNTINGTON JUNIOR COLLEGE               ,WV,25701-2004,Proprietary  ,118,580,698,118,580,698
00905400,WEST VIRGINIA NORTHERN CMTY COLLEGE     ,WV,26003-0000,Public       ,605,895,1500,605,895,1500
01014000,MINERAL COUNTY VOCATIONAL TECH CTR      ,WV,26726-0000,Public       ,5,17,22,5,17,22
01035600,EVEREST INSTITUTE                       ,WV,25313-1304,Proprietary  ,51,186,237,51,186,237
01057300,WEST VIRGINIA JUNIOR COLLEGE            ,WV,25322-0000,Proprietary  ,89,164,253,89,164,253
01057302,WEST VIRGINIA JUNIOR COLLEGE            ,WV,26330-0000,Proprietary  ,120,169,289,120,169,289
01086100,WEST VIRGINIA BUSINESS COLLEGE          ,WV,26301-0000,Proprietary  ,18,85,103,18,85,103
01124500,WEST VIRGINIA SCH OSTEOPATHIC MED       ,WV,24901-1128,Public       ,5,676,681,5,676,681
01174900,WOOD COUNTY SCH OF PRAC NURSING         ,WV,26101-6424,Public       ,23,58,81,23,58,81
01235900,B M SPURR SCHOOL OF PRAC NURSING        ,WV,26038-1660,Private      ,9,11,20,9,11,20
01257300,WEST VIRGINIA UNIV-HOSP-RAD TECH        ,WV,26506-8062,Private      ,60,49,109,60,49,109
01274300,BENJAMIN FRANKLIN CAREER&TECH           ,WV,25064-0000,Public       ,24,45,69,24,45,69
01290400,MONONGALIA CNTY TECH ED CTR             ,WV,26501-6841,Public       ,38,69,107,38,69,107
01290500,ACADEMY OF CAREERS AND TECHNOLOGY       ,WV,25801-0000,Public       ,31,99,130,31,99,130
02057400,ROANE-JACKSON TECHNICAL CENTER          ,WV,25252-0000,Public       ,13,30,43,13,30,43
02068000,UNITED TECHNICAL CENTER                 ,WV,26301-0000,Public       ,23,48,71,23,48,71
02070100,BECKLEY BEAUTY ACADEMY                  ,WV,25801-0000,Proprietary  ,16,23,39,16,23,39
02073400,CARVER CAREER TECH ED CTR               ,WV,25306-6397,Public       ,87,106,193,87,106,193
02145100,SCOTT COLLEGE OF COSMETOLOGY            ,WV,26003-0000,Proprietary  ,25,11,36,25,11,36
02178200,CHARLESTON SCHOOL OF BEAUTY CULTURE     ,WV,25301-0000,Proprietary  ,13,17,30,13,17,30
02218200,GARNET CAREER CENTER                    ,WV,25301-0000,Public       ,37,116,153,37,116,153
02275300,CABELL COUNTY CAREER TECHNOLOGY CTR     ,WV,25705-0000,Public       ,52,79,131,52,79,131
02524500,RALPH R WILLIS VOCATIONAL CENTER        ,WV,25601-0000,Public       ,10,20,30,10,20,30
02534800,FRED W EBERLE TECHNICAL CENTER          ,WV,26201-0000,Public       ,26,39,65,26,39,65
02535500,MERCER COUNTY TECH EDUC CNTR            ,WV,24740-0000,Public       ,34,48,82,34,48,82
02579900,NORTH CENTRAL OPPORTUNITIES IND CTR     ,WV,26554-2936,Private      ,5,28,33,5,28,33
02609400,VALLEY COLLEGE                          ,WV,25404-5711,Proprietary  ,8,46,54,8,46,54
03052000,MEREDITH MANOR EQUESTRIAN CENTRE        ,WV,26184-9707,Proprietary  ,102,54,156,102,54,156
03076500,FAYETTE INSTITUTE OF TECHNOLOGY         ,WV,25901-2174,Public       ,15,33,48,15,33,48
03084200,VALLEY COLLEGE                          ,WV,24740-3141,Proprietary  ,5,15,20,5,15,20
03084400,VALLEY COLLEGE                          ,WV,25801-2643,Proprietary  ,13,47,60,13,47,60
03098300,PUTNAM CAREER & TECHNICAL CENTER        ,WV,25070-0000,Public       ,17,43,60,17,43,60
03099200,"MOUNTAINEER BEAUTY COLLEGE, INC         ",WV,25177-2917,Proprietary  ,10,16,26,10,16,26
03102100,MORGANTOWN BEAUTY COLLEGE               ,WV,26505-5430,Proprietary  ,24,26,50,24,26,50
03123200,STANLEY TECHNICAL INSTITUTE             ,WV,26505-3751,Private      ,6,18,24,6,18,24
03327500,SOUTH BRANCH VOCATIONAL TECH CENTER     ,WV,26847-1698,Public       ,3,6,9,3,6,9
03734300,JOHN D. ROCKEFELLER IV CAREER CENTER    ,WV,26047-9424,Public       ,2,9,11,2,9,11
03819300,AMERICAN PUBLIC UNIVERSITY SYSTEM       ,WV,25414-1621,Proprietary  ,153,4783,4936,153,4783,4936
03957300,BLUE RIDGE COMMUNITY AND TECHNICAL COLLE,WV,25401-3244,Public       ,359,645,1004,359,645,1004
03960300,NEW RIVER COMMUNITY AND TECHNICAL COLLEG,WV,25801-2636,Public       ,619,1065,1684,619,1065,1684
04028300,MOUNTAIN STATE SCHOOL OF MASSAGE        ,WV,25304-2025,Proprietary  ,14,20,34,14,20,34
04038500,PIERPONT COMMUNITY & TECHNICAL COLLEGE  ,WV,26554-2451,Public       ,914,680,1594,914,680,1594
04038600,WEST VIRGINIA STATE COMMUNITY AND TECHNI,WV,25112-1000,Public       ,364,679,1043,364,679,1043
04041400,MARSHALL COMMUNITY AND TECHNICAL COLLEGE,WV,25755-3300,Public       ,589,696,1285,589,696,1285
04047300,BRIDGEMONT COMMUNITY & TECHNICAL COLLEGE,WV,25136-2435,Public       ,286,154,440,286,154,440
04119000,EASTERN WEST VIRGINIA COMMUNITY & TECHNI,WV,26836-0000,Public       ,58,106,164,58,106,164
00106100,ALASKA PACIFIC UNIVERSITY               ,AK,99508-4672,Private      ,278,275,553,278,275,553
00106300,UNIVERSITY OF ALASKA FAIRBANKS          ,AK,99775-7500,Public       ,1542,1354,2896,1542,1354,2896
00106500,UNIVERSITY OF ALASKA SOUTHEAST          ,AK,99801-8680,Public       ,454,574,1028,454,574,1028
00884300,ALASKA BIBLE COLLEGE                    ,AK,99588-0000,Private      ,4,6,10,4,6,10
01146200,UNIVERSITY OF ALASKA ANCHORAGE          ,AK,99514-1608,Public       ,2878,3564,6442,2878,3564,6442
02541000,CAREER ACADEMY                          ,AK,99507-0000,Proprietary  ,24,162,186,24,162,186
02576900,CHARTER COLLEGE                         ,AK,99508-0000,Proprietary  ,57,430,487,57,430,487
03160300,AVTEC                                   ,AK,99664-0889,Public       ,70,137,207,70,137,207
03461300,ILISAGVIK COLLEGE                       ,AK,99723-0749,Public       ,2,5,7,2,5,7
04138600,ALASKA CHRISTIAN COLLEGE                ,AK,99669-9755,Private      ,9,10,19,9,10,19
00108500,UNIV ARKANSAS MONTICELLO                ,AR,71656-0000,Public       ,893,537,1430,893,537,1430
00108600,UNIV OF ARKANSAS AT PINE BLUFF          ,AR,71601-2790,Public       ,2156,695,2851,2156,695,2851
00108700,ARKANSAS BAPTIST COLLEGE                ,AR,72202-6099,Private      ,254,279,533,254,279,533
00108800,LYON COLLEGE                            ,AR,72501-3699,Private      ,528,77,605,528,77,605
00108900,ARKANSAS TECH UNIVERSITY                ,AR,72801-2222,Public       ,3104,1400,4504,3104,1400,4504
00109000,ARKANSAS STATE UNIVERSITY               ,AR,72467-0000,Public       ,3941,2957,6898,3941,2957,6898
00109006,DELTA TECHNICAL INSTITUTE               ,AR,72365-9558,Public       ,23,36,59,23,36,59
00109100,ARKANSAS STATE UNIVERSITY - BEEBE       ,AR,72012-1000,Public       ,786,961,1747,786,961,1747
00109200,UNIVERSITY OF CENTRAL ARKANSAS          ,AR,72035-0001,Public       ,4148,1364,5512,4148,1364,5512
00109300,CENTRAL BAPTIST COLLEGE                 ,AR,72034-6470,Private      ,217,104,321,217,104,321
00109400,UNIVERSITY OF THE OZARKS                ,AR,72830-2880,Private      ,468,75,543,468,75,543
00109500,CROWLEYS RIDGE COLLEGE                  ,AR,72450-9775,Private      ,67,28,95,67,28,95
00109700,HARDING UNIVERSITY                      ,AR,72149-0001,Private      ,1932,574,2506,1932,574,2506
00109800,HENDERSON STATE UNIVERSITY              ,AR,71999-0001,Public       ,1691,533,2224,1691,533,2224
00109900,HENDRIX COLLEGE                         ,AR,72032-3080,Private      ,1920,115,2035,1920,115,2035
00110000,JOHN BROWN UNIVERSITY                   ,AR,72761-2747,Private      ,1019,388,1407,1019,388,1407
00110100,UNIV ARKANSAS LITTLE ROCK               ,AR,72204-1099,Public       ,2251,3723,5974,2251,3723,5974
00110200,OUACHITA BAPTIST UNIVERSITY             ,AR,71998-0001,Private      ,1047,68,1115,1047,68,1115
00110300,PHILANDER SMITH COLLEGE                 ,AR,72202-3718,Private      ,607,271,878,607,271,878
00110400,PHILLIPS COUNTY COMMUNITY COLLEGE       ,AR,72342-0000,Public       ,125,175,300,125,175,300
00110401,RICE BELT TECH INST                     ,AR,72042-0000,Public       ,3,1,4,3,1,4
00110600,WILLIAMS BAPTIST COLLEGE                ,AR,72476-4661,Private      ,334,76,410,334,76,410
00110700,SOUTHERN ARKANSAS UNIVERSITY            ,AR,71754-0000,Public       ,1156,499,1655,1156,499,1655
00110800,UNIV ARKANSAS FAYETTEVILLE              ,AR,72701-0000,Public       ,7459,2468,9927,7459,2468,9927
00110900,UNIV OF ARKANSAS FOR MEDCL SCIENCES     ,AR,72205-7102,Public       ,277,851,1128,277,851,1128
00110901,UNIV OF ARKANSAS COLG OF MEDICINE       ,AR,72205-0000,Public       ,55,290,345,55,290,345
00111000,UNIVERSITY OF ARKANSAS-FORT SMITH       ,AR,72904-7397,Public       ,1738,1524,3262,1738,1524,3262
00524500,U OF A COMM COLLEGE AT MORRILTON        ,AR,72110-9601,Public       ,450,552,1002,450,552,1002
00570700,SEARK COLLEGE                           ,AR,71603-0000,Public       ,221,570,791,221,570,791
00573200,UNIV AR COMMUNITY COLLEGE AT HOPE       ,AR,71801-0000,Public       ,158,263,421,158,263,421
00704400,CROWLEYS RIDGE TECHNICAL INSTITUTE      ,AR,72336-0000,Public       ,25,78,103,25,78,103
00773800,SOUTHERN ARKANSAS UNIVERSITY TECH       ,AR,71701-1900,Public       ,170,224,394,170,224,394
00792100,FAYETTEVILLE BEAUTY COLLEGE             ,AR,72701-0000,Proprietary  ,20,19,39,20,19,39
00997600,OUACHITA TECHNICAL COLLEGE              ,AR,72104-0816,Public       ,121,286,407,121,286,407
01074100,MELLIE'S BEAUTY COLLEGE                 ,AR,72901-3886,Proprietary  ,7,29,36,7,29,36
01210500,NATIONAL PARK COMMUNITY COLLEGE         ,AR,71913-9174,Public       ,291,688,979,291,688,979
01226000,EAST ARKANSAS COMMUNITY COLLEGE         ,AR,72335-2204,Public       ,139,206,345,139,206,345
01226100,NORTH ARKANSAS COLLEGE                  ,AR,72601-5508,Public       ,386,633,1019,386,633,1019
01286000,ARKANSAS NORTHEASTERN COLLEGE           ,AR,72316-1109,Public       ,263,428,691,263,428,691
02052200,BLACK RIVER TECHNICAL COLLEGE           ,AR,72455-0000,Public       ,186,453,639,186,453,639
02073500,UNIVERSITY OF ARKANSAS COMMUNITY COLLEGE,AR,72503-0000,Public       ,263,383,646,263,383,646
02073700,NORTHWEST TECHNICAL INSTITUTE           ,AR,72765-0000,Public       ,71,164,235,71,164,235
02074600,SOUTH ARKANSAS COMMUNITY COLLEGE        ,AR,71731-0000,Public       ,186,418,604,186,418,604
02075300,PULASKI TECHNICAL COLLEGE               ,AR,72118-0000,Public       ,979,3731,4710,979,3731,4710
02087000,OZARKA COLLEGE                          ,AR,72556-0000,Public       ,102,243,345,102,243,345
02111100,RICH MOUNTAIN COMMUNITY COLLEGE         ,AR,71953-0000,Public       ,150,209,359,150,209,359
02202400,PROFESSIONAL COSMETOLOGY EDUC CTR       ,AR,71730-5828,Proprietary  ,3,23,26,3,23,26
02220900,COSSATOT COMMUNITY COLLEGE              ,AR,71832-0000,Public       ,163,340,503,163,340,503
02260400,BEE JAY'S HAIRSTYLING ACADEMY           ,AR,72212-0000,Proprietary  ,2,5,7,2,5,7
02260401,BEE JAY'S HAIRSTYLING ACADEMY - BATESVIL,AR,72501-6709,Proprietary  ,3,6,9,3,6,9
02272400,EASTERN COLLEGE OF HEALTH VOCATIONS     ,AR,72209-0000,Proprietary  ,23,149,172,23,149,172
02284200,NEW TYLER BARBER COLLEGE INC            ,AR,72114-0000,Proprietary  ,7,42,49,7,42,49
02287400,MARSHA KAY BEAUTY COLLEGE               ,AR,72653-0000,Proprietary  ,2,5,7,2,5,7
02321701,ITT TECHNICAL INSTITUTE                 ,AR,72204-9925,Proprietary  ,71,135,206,71,135,206
02330800,JEFFERSON SCHOOL OF NURSING             ,AR,71603-0000,Private      ,37,51,88,37,51,88
02339800,SOUTHERN INSTITUTE OF COSMETOLOGY       ,AR,72301-0000,Proprietary  ,6,5,11,6,5,11
02341700,CAREER ACADEMY OF HAIR DESIGN           ,AR,72764-4304,Proprietary  ,11,31,42,11,31,42
02341701,CAREER ACADEMY OF HAIR DESIGN - ROGERS  ,AR,72756-2102,Proprietary  ,8,21,29,8,21,29
02341702,CAREER ACADEMY OF HAIR DESIGN - SILOAM  ,AR,72761-4217,Proprietary  ,4,10,14,4,10,14
02348200,MID-SOUTH COMMUNITY COLLEGE             ,AR,72301-0000,Public       ,242,544,786,242,544,786
02363500,ARTHUR'S BEAUTY COLLEGE                 ,AR,72901-0000,Proprietary  ,6,15,21,6,15,21
02525800,LEE'S SCHOOL OF COSMETOLOGY             ,AR,72114-0000,Proprietary  ,9,22,31,9,22,31
02538500,ARTHUR'S BEAUTY COLLEGE                 ,AR,72076-0000,Proprietary  ,4,14,18,4,14,18
02569600,SEARCY BEAUTY COLLEGE                   ,AR,72143-0000,Proprietary  ,6,22,28,6,22,28
03005100,ARKANSAS BEAUTY SCHOOL                  ,AR,72209-5116,Proprietary  ,11,32,43,11,32,43
03007100,HOT SPRINGS BEAUTY COLLEGE              ,AR,71901-5432,Proprietary  ,5,12,17,5,12,17
03007600,ARKANSAS BEAUTY SCHOOL-CONWAY           ,AR,72032-4354,Proprietary  ,13,18,31,13,18,31
03023400,ARKANSAS COLLEGE OF BARBERING           ,AR,72114-5615,Proprietary  ,8,15,23,8,15,23
03063300,NORTHWEST ARKANSAS COMMUNITY COLLEG     ,AR,72712-5190,Public       ,971,1693,2664,971,1693,2664
03065100,ABC BEAUTY COLLEGE                      ,AR,71923-4206,Proprietary  ,5,9,14,5,9,14
03066302,BRYAN COLLEGE -                         ,AR,72756-1825,Proprietary  ,14,99,113,14,99,113
03105200,BAPTIST HEALTH SCHOOLS LITTLE ROCK      ,AR,72210-0000,Private      ,150,594,744,150,594,744
03115102,HERITAGE COLLEGE - LITTLE ROCK          ,AR,72227-5544,Proprietary  ,29,170,199,29,170,199
03116800,"DELUXE BEAUTY SCHOOL, L.L.C.            ",AR,71603-0000,Proprietary  ,7,3,10,7,3,10
03124900,IMAGINE -  PAUL MITCHELL PARTNER SCHOOL ,AR,72117-2516,Proprietary  ,41,43,84,41,43,84
03127200,ASKINS VO-TECH                          ,AR,72908-8028,Proprietary  ,3,13,16,3,13,16
03214300,VELVATEX COLLEGE OF BEAUTY CULTURE      ,AR,72202-5452,Proprietary  ,9,5,14,9,5,14
03254300,MARGARET'S HAIR ACADEMY                 ,AR,71655-4905,Proprietary  ,3,4,7,3,4,7
03519400,LYNNDALE FUNDAMENTALS OF BEAUTY SCH     ,AR,71730-4804,Proprietary  ,0,8,8,0,8,8
03855300,ECCLESIA COLLEGE                        ,AR,72762-8159,Private      ,21,19,40,21,19,40
03912300,CROSSETT SCHOOL OF COSMETOLOGY          ,AR,71635-0000,Proprietary  ,0,5,5,0,5,5
03997300,ARKANSAS BEAUTY COLLEGE                 ,AR,72801-3741,Proprietary  ,6,10,16,6,10,16
00133900,CORBAN COLLEGE                          ,OR,97301-9392,Private      ,1303,305,1608,1303,305,1608
00316505,CASCADE COLLEGE                         ,OR,97216-0000,Private      ,37,85,122,37,85,122
00318600,BLUE MOUNTAIN COMMUNITY COLLEGE         ,OR,97801-0000,Public       ,648,971,1619,648,971,1619
00318800,CENTRAL OREGON COMMUNITY COLLEGE        ,OR,97701-5998,Public       ,1439,3030,4469,1439,3030,4469
00318900,CLATSOP COMMUNITY COLLEGE               ,OR,97103-3698,Public       ,207,400,607,207,400,607
00319100,CONCORDIA UNIVERSITY                    ,OR,97211-6099,Private      ,1202,1045,2247,1202,1045,2247
00319300,EASTERN OREGON UNIVERSITY               ,OR,97850-2899,Public       ,1879,1668,3547,1879,1668,3547
00319400,GEORGE FOX UNIVERSITY                   ,OR,97132-2697,Private      ,2616,1184,3800,2616,1184,3800
00319600,LANE COMMUNITY COLLEGE                  ,OR,97405-0640,Public       ,3973,7493,11466,3973,7493,11466
00319700,LEWIS & CLARK COLLEGE                   ,OR,97219-7899,Private      ,4384,3164,7548,4384,3164,7548
00319800,LINFIELD COLLEGE                        ,OR,97128-6894,Private      ,2844,672,3516,2844,672,3516
00319801,LINFIELD COLLEGE - PORTLAND CAMPUS      ,OR,97210-0000,Private      ,353,675,1028,353,675,1028
00319900,MARYLHURST UNIVERSITY                   ,OR,97036-7036,Private      ,120,997,1117,120,997,1117
00320300,MOUNT ANGEL SEMINARY                    ,OR,97373-0505,Private      ,4,3,7,4,3,7
00320400,MOUNT HOOD COMMUNITY COLLEGE            ,OR,97030-3300,Public       ,2447,4033,6480,2447,4033,6480
00320600,MULTNOMAH BIBLE COLLEGE/SEMINARY        ,OR,97220-5898,Private      ,343,374,717,343,374,717
00320700,PACIFIC NORTHWEST COLLEGE OF ART        ,OR,97209-3023,Private      ,560,444,1004,560,444,1004
00320800,NORTHWEST CHRISTIAN UNIVERSITY          ,OR,97401-3727,Private      ,660,368,1028,660,368,1028
00320900,WESTERN OREGON UNIVERSITY               ,OR,97361-1394,Public       ,5331,1795,7126,5331,1795,7126
00321000,OREGON STATE UNIVERSITY                 ,OR,97331-8507,Public       ,17066,6645,23711,17066,6645,23711
00321100,OREGON INSTITUTE OF TECHNOLOGY          ,OR,97601-8801,Public       ,1974,1382,3356,1974,1382,3356
00321200,PACIFIC UNIVERSITY                      ,OR,97116-1797,Private      ,3042,2270,5312,3042,2270,5312
00321300,PORTLAND COMMUNITY COLLEGE              ,OR,97219-7198,Public       ,6333,14120,20453,6333,14120,20453
00321312,PORTLAND COMMUNITY COLLEGE - COLUMBIA GO,OR,97058-3447,Public       ,160,326,486,160,326,486
00321600,PORTLAND STATE UNIVERSITY               ,OR,97207-0000,Public       ,10038,13084,23122,10038,13084,23122
00321700,REED COLLEGE                            ,OR,97202-8199,Private      ,2472,339,2811,2472,339,2811
00321800,CHEMEKETA COMMUNITY COLLEGE             ,OR,97309-1500,Public       ,3304,6554,9858,3304,6554,9858
00321900,SOUTHERN OREGON UNIVERSITY              ,OR,97520-5010,Public       ,3974,2003,5977,3974,2003,5977
00322000,SOUTHWESTERN OREGON COMMUNITY CLG       ,OR,97420-2956,Public       ,1109,921,2030,1109,921,2030
00322100,TREASURE VALLEY COMMUNITY COLLEGE       ,OR,97914-3423,Public       ,819,988,1807,819,988,1807
00322200,UMPQUA COMMUNITY COLLEGE                ,OR,97470-0226,Public       ,888,2067,2955,888,2067,2955
00322300,UNIVERSITY OF OREGON                    ,OR,97403-1226,Public       ,19911,8860,28771,19911,8860,28771
00322400,UNIVERSITY OF PORTLAND                  ,OR,97203-5798,Private      ,7973,1664,9637,7973,1664,9637
00322500,WARNER PACIFIC COLLEGE                  ,OR,97215-4099,Private      ,564,675,1239,564,675,1239
00322700,WILLAMETTE UNIVERSITY                   ,OR,97301-3930,Private      ,4371,1392,5763,4371,1392,5763
00487800,CLACKAMAS COMMUNITY COLLEGE             ,OR,97045-7998,Public       ,1913,2550,4463,1913,2550,4463
00488200,OREGON HEALTH & SCIENCE UNIVERSITY      ,OR,97239-0000,Public       ,425,2717,3142,425,2717,3142
00693800,LINN BENTON COMMUNITY COLLEGE           ,OR,97321-3774,Public       ,2227,2820,5047,2227,2820,5047
00717800,WESTERN SEMINARY                        ,OR,97215-0000,Private      ,4,126,130,4,126,130
00723402,HEALD COLLEGE - PORTLAND                ,OR,97205-3432,Proprietary  ,87,509,596,87,509,596
00781900,ART INSTITUTE OF PORTLAND (THE)         ,OR,97209-2911,Proprietary  ,1145,1044,2189,1145,1044,2189
00888700,CONCORDE CAREER INSTITUTE               ,OR,97232-2242,Proprietary  ,127,504,631,127,504,631
00907900,EVEREST COLLEGE                         ,OR,97204-2296,Proprietary  ,106,442,548,106,442,548
00958100,SPRINGFIELD COLLEGE OF BEAUTY           ,OR,97477-5474,Proprietary  ,41,81,122,41,81,122
01012200,PHAGANS' MEDFORD BEAUTY SCHOOL          ,OR,97504-5297,Proprietary  ,18,31,49,18,31,49
01018200,ROGUE COMMUNITY COLLEGE                 ,OR,97527-0000,Public       ,1439,3007,4446,1439,3007,4446
01050700,ACADEMY OF HAIR DESIGN                  ,OR,97301-3526,Proprietary  ,21,44,65,21,44,65
01185200,ITT TECHNICAL INSTITUTE                 ,OR,97220-0000,Proprietary  ,215,334,549,215,334,549
01230900,WESTERN STATES CHIROPRACTIC COLLEGE     ,OR,97230-3099,Private      ,29,381,410,29,381,410
01234700,PHAGANS CENTRAL OREGON BEAUTY CLG       ,OR,97701-5175,Proprietary  ,32,65,97,32,65,97
01234800,PHAGANS BEAUTY COLLEGE                  ,OR,97333-4716,Proprietary  ,16,25,41,16,25,41
01235000,PHAGANS SCHOOL OF HAIR DESIGN           ,OR,97267-4808,Proprietary  ,10,32,42,10,32,42
01235100,PHAGANS SCHOOL OF BEAUTY                ,OR,97301-4732,Proprietary  ,23,50,73,23,50,73
01300800,PHAGANS TIGARD BEAUTY SCHOOL            ,OR,97223-0000,Proprietary  ,9,36,45,9,36,45
02101000,NORTHWEST COLLEGE OF HAIR DESIGN        ,OR,97086-7702,Proprietary  ,46,139,185,46,139,185
02101002,NORTHWEST COLLEGE                       ,OR,97007-3954,Proprietary  ,10,33,43,10,33,43
02104900,COLLEGE OF LEGAL ARTS                   ,OR,97219-9998,Proprietary  ,18,99,117,18,99,117
02106100,COLLEGE OF COSMETOLOGY                  ,OR,97601-0000,Proprietary  ,20,14,34,20,14,34
02154400,BEAU MONDE CLG OF HAIR DESIGN           ,OR,97205-0000,Proprietary  ,45,81,126,45,81,126
02159700,EUGENE BIBLE COLLEGE                    ,OR,97405-0000,Private      ,82,62,144,82,62,144
02201900,PHAGANS' SCHOOL OF HAIR DESIGN          ,OR,97232-0000,Proprietary  ,49,101,150,49,101,150
02239203,ALLIED COLLEGE - ANTHEM COLLEGE         ,OR,97005-0000,Proprietary  ,22,63,85,22,63,85
02330100,PIONEER PACIFIC COLLEGE                 ,OR,97070-0000,Proprietary  ,130,569,699,130,569,699
02330102,PIONEER PACIFIC COLLEGE                 ,OR,97403-0000,Proprietary  ,86,468,554,86,468,554
02337900,COLLEGE OF HAIR DESIGN CAREERS          ,OR,97301-0000,Proprietary  ,27,31,58,27,31,58
02344100,ROSEBURG BEAUTY COLLEGE                 ,OR,97470-0000,Proprietary  ,19,40,59,19,40,59
02534000,NATIONAL COLLEGE OF NATURAL MEDICINE    ,OR,97201-0000,Private      ,21,402,423,21,402,423
02578800,NORTHWEST NANNIES INSTITUTE             ,OR,97035-0000,Proprietary  ,4,10,14,4,10,14
02603700,OREGON COL OF ORIENTAL MEDICINE         ,OR,97216-0000,Private      ,17,241,258,17,241,258
02617506,EVEREST COLLEGE - EVEREST INSTITUTE     ,OR,97223-6581,Proprietary  ,23,71,94,23,71,94
03007300,OREGON COLLEGE OF ART & CRAFT           ,OR,97225-6399,Private      ,148,222,370,148,222,370
03022600,LE CORDON BLEU COLLEGE OF CULINARY ARTS ,OR,97205-2793,Proprietary  ,566,941,1507,566,941,1507
03042500,APOLLO COLLEGE                          ,OR,97232-1302,Proprietary  ,141,492,633,141,492,633
03074400,PHAGANS NEWPORT ACAD CSMTLGY CAREER     ,OR,97365-4963,Proprietary  ,6,15,21,6,15,21
03074500,EAST-WEST COLLEGE OF THE HEALING ARTS   ,OR,97232-2765,Proprietary  ,39,170,209,39,170,209
03185300,PHAGANS GRANTS PASS COLLEGE OF BTY      ,OR,97527-3039,Proprietary  ,14,16,30,14,16,30
03428300,KLAMATH COMMUNITY COLLEGE               ,OR,97603-7121,Public       ,260,602,862,260,602,862
03642300,VALLEY MEDICAL COLLEGE                  ,OR,97305-1373,Proprietary  ,39,141,180,39,141,180
03668300,BIRTHINGWAY COLLEGE OF MIDWIFERY        ,OR,97266-4042,Private      ,16,98,114,16,98,114
03783400,ABDILL CAREER COLLEGE                   ,OR,97504-7137,Proprietary  ,19,89,108,19,89,108
04146500,PORTLAND ACTORS CONSERVATORY            ,OR,97201-2557,Private      ,7,37,44,7,37,44
00137400,ALBERTUS MAGNUS COLLEGE                 ,CT,06511-1189,Private      ,721,465,1186,721,465,1186
00137403,ALBERTUS MAGNUS CLG-NEW DIMENSIONS      ,CT,06511-0000,Private      ,42,221,263,42,221,263
00137800,CENTRAL CONNECTICUT STATE UNIV          ,CT,06050-2490,Public       ,7538,2236,9774,7538,2236,9774
00137900,CONNECTICUT COLLEGE                     ,CT,06320-4196,Private      ,2884,83,2967,2884,83,2967
00138000,WESTERN CONNECTICUT STATE UNIV          ,CT,06810-6826,Public       ,5245,1060,6305,5245,1060,6305
00138500,FAIRFIELD UNIVERSITY                    ,CT,06430-0000,Private      ,6127,624,6751,6127,624,6751
00138700,HARTFORD SEMINARY                       ,CT,06105-0000,Private      ,8,17,25,8,17,25
00138900,HOLY APOSTLES COLLEGE & SEMINARY        ,CT,06416-2005,Private      ,6,22,28,6,22,28
00139200,MANCHESTER COMMUNITY COLLEGE            ,CT,06045-1046,Public       ,1579,1197,2776,1579,1197,2776
00139300,MITCHELL COLLEGE                        ,CT,06320-4498,Private      ,882,115,997,882,115,997
00139700,UNIVERSITY OF NEW HAVEN                 ,CT,06516-1999,Private      ,6655,1087,7742,6655,1087,7742
00139800,NORTHWESTERN CT COMMUNITY COLLEGE       ,CT,06098-1747,Public       ,279,247,526,279,247,526
00139900,NORWALK COMMUNITY TECHNICAL COLLEGE     ,CT,06854-1655,Public       ,700,714,1414,700,714,1414
00140100,POST UNIVERSITY                         ,CT,06723-3240,Proprietary  ,938,857,1795,938,857,1795
00140200,QUINNIPIAC UNIVERSITY                   ,CT,06518-1908,Private      ,11149,1057,12206,11149,1057,12206
00140201,QUINNIPIAC UNIVERSITY SCHOOL OF LAW     ,CT,06518-0000,Private      ,128,1038,1166,128,1038,1166
00140300,SACRED HEART UNIVERSITY                 ,CT,06825-1000,Private      ,6747,786,7533,6747,786,7533
00140600,SOUTHERN CONNECTICUT STATE UNIV         ,CT,06515-1355,Public       ,7938,3036,10974,7938,3036,10974
00140900,SAINT JOSEPH COLLEGE                    ,CT,06117-2791,Private      ,1134,620,1754,1134,620,1754
00141400,TRINITY COLLEGE                         ,CT,06106-3100,Private      ,2630,136,2766,2630,136,2766
00141600,UNIVERSITY OF BRIDGEPORT                ,CT,06601-5650,Private      ,2530,1493,4023,2530,1493,4023
00141700,UNIVERSITY OF CONNECTICUT-STORRS        ,CT,06269-2151,Public       ,24125,3975,28100,24125,3975,28100
00141702,UNIV CONN STAMFORD                      ,CT,06901-0000,Public       ,425,173,598,425,173,598
00141703,UNIV OF CONNECTICUT - TORINGTON         ,CT,06790-0000,Public       ,129,36,165,129,36,165
00141706,UNIV OF CONNECTICUT SCH LAW             ,CT,06105-0000,Public       ,14,1109,1123,14,1109,1123
00141707,UNIV OF CT - SCH OF SOCIAL WORK         ,CT,06117-0000,Public       ,83,399,482,83,399,482
00141708,UNIVERSITY OF CONNECTICUT - SCHOOL OF ME,CT,06030-1920,Public       ,185,441,626,185,441,626
00141709,UNIVERSITY OF CONNECTICUT - SCHOOL OF DE,CT,06030-1920,Public       ,391,382,773,391,382,773
00142200,UNIVERSITY OF HARTFORD                  ,CT,06117-1599,Private      ,8352,1135,9487,8352,1135,9487
00142400,WESLEYAN UNIVERSITY                     ,CT,06459-3208,Private      ,4737,122,4859,4737,122,4859
00142500,EASTERN CONNECTICUT STATE UNIV          ,CT,06226-2295,Public       ,4742,756,5498,4742,756,5498
00142600,YALE UNIVERSITY                         ,CT,06520-8288,Private      ,14254,7458,21712,14254,7458,21712
00280301,RENSSELAER POLYTECHNIC INSTITUTE-RENSSEL,CT,06120-2991,Private      ,12,15,27,12,15,27
00451300,HOUSATONIC COMMUNITY COLLEGE            ,CT,06604-4704,Public       ,1054,1230,2284,1054,1230,2284
00618100,BRIDGEPORT HOSP SCHL OF NURSING         ,CT,06610-2896,Private      ,99,201,300,99,201,300
00619100,ST. VINCENT'S COLLEGE                   ,CT,06606-9966,Private      ,163,251,414,163,251,414
00698200,NAUGATUCK VALLEY COMM-TECH COLG         ,CT,06708-3089,Public       ,1277,1138,2415,1277,1138,2415
00730000,ELI WHITNEY TECHNICAL HIGH SCHOOL       ,CT,06514-0000,Public       ,4,15,19,4,15,19
00730300,LINCOLN TECHNICAL INSTITUTE             ,CT,06051-0000,Proprietary  ,191,433,624,191,433,624
00730500,PORTER AND CHESTER INSTITUTE OF BRANFORD,CT,06405-4022,Proprietary  ,47,90,137,47,90,137
00731100,WINDHAM TECHNICAL HIGH SCHOOL           ,CT,06226-2100,Public       ,1,5,6,1,5,6
00745900,PAIER COLLEGE OF ART                    ,CT,06514-3902,Proprietary  ,114,27,141,114,27,141
00763500,CAPITAL COMMUNITY COLLEGE               ,CT,06103-1207,Public       ,632,1275,1907,632,1275,1907
00803700,GATEWAY COMMUNITY-TECHNICAL COLLEGE     ,CT,06511-0000,Public       ,1081,1374,2455,1081,1374,2455
00803800,MIDDLESEX COMMUNITY CLG                 ,CT,06457-4889,Public       ,461,422,883,461,422,883
00887300,PAUL MITCHELL THE SCHOOL                ,CT,06810-6716,Proprietary  ,13,11,24,13,11,24
00887400,BRIO ACADEMY OF COSMETOLOGY             ,CT,06450-4836,Proprietary  ,14,22,36,14,22,36
00887403,BRIO ACADEMY OF COSMETOLOGY - WILLIMANTI,CT,06226-1940,Proprietary  ,6,10,16,6,10,16
00906500,THE HARTFORD CONSERVATORY               ,CT,06105-2891,Private      ,15,6,21,15,6,21
00927700,E C GOODWIN TECHNICAL HIGH SCHOOL       ,CT,06053-0000,Public       ,8,5,13,8,5,13
00929100,J M WRIGHT TECHNICAL HIGH SCHOOL        ,CT,06904-0000,Public       ,0,2,2,0,2,2
00940700,BRIARWOOD COLLEGE                       ,CT,06489-1057,Proprietary  ,492,248,740,492,248,740
00976400,TUNXIS COMMUNITY COLLEGE                ,CT,06032-3187,Public       ,809,671,1480,809,671,1480
00976500,THREE RIVERS COMMUNITY TECH COLLEGE     ,CT,06360-0000,Public       ,723,885,1608,723,885,1608
00982200,ALBERT I PRINCE TECHNICAL HIGH SCHOOL   ,CT,06106-3799,Public       ,6,8,14,6,8,14
01041700,BRIO ACADEMY OF EAST HARTFORD           ,CT,06108-2220,Proprietary  ,9,13,22,9,13,22
01053000,QUINEBAUG VALLEY COMMUNITY COLLEGE      ,CT,06239-1440,Public       ,303,385,688,303,385,688
01077900,PORTER AND CHESTER INSTITUTE-ALLCAMPUSES,CT,06615-7158,Proprietary  ,170,405,575,170,405,575
01115000,ASNUNTUCK COMMUNITY COLLEGE             ,CT,06082-3800,Public       ,177,226,403,177,226,403
01149600,BULLARD HAVENS VOC TECH SCHOOL          ,CT,06610-3499,Public       ,5,19,24,5,19,24
01169700,VINAL REGIONAL VOC TECH SCHOOL          ,CT,06457-4918,Public       ,1,4,5,1,4,5
01184300,NORWICH TECHNICAL HIGH SCHOOL           ,CT,06360-7097,Public       ,6,10,16,6,10,16
01218500,H C WILCOX TECHNICAL HIGH SCHOOL        ,CT,06450-0000,Public       ,0,1,1,0,1,1
01242500,STONE ACADEMY                           ,CT,06514-4125,Proprietary  ,41,228,269,41,228,269
01242503,STONE ACADEMY -WATERBURY                ,CT,06705-3823,Proprietary  ,10,23,33,10,23,33
01242504,STONE ACADEMY -  EAST HARTFORD          ,CT,06118-0000,Proprietary  ,9,57,66,9,57,66
01287700,GIBBS COLLEGE                           ,CT,06855-1436,Proprietary  ,19,50,69,19,50,69
01291300,LEON INSTITUTE OF HAIR DESIGN           ,CT,06604-4226,Proprietary  ,3,18,21,3,18,21
01326400,HENRY ABBOTT TECHNICAL HIGH SCHOOL      ,CT,06811-4881,Public       ,3,11,14,3,11,14
02058900,HARVARD H ELLIS TECHNICAL HIGH SCHOOL   ,CT,06239-0000,Public       ,2,4,6,2,4,6
02074000,BRANFORD HALL CAREER INSTITUTE          ,CT,06405-0000,Proprietary  ,115,572,687,115,572,687
02106600,FOX INSTITUTE OF BUSINESS               ,CT,06110-0000,Proprietary  ,32,178,210,32,178,210
02112300,RIDLEY LOWELL BUSINESS & TECH INST      ,CT,06320-0000,Proprietary  ,8,40,48,8,40,48
02112700,NORTH HAVEN ACADEMY                     ,CT,06473-3108,Proprietary  ,54,44,98,54,44,98
02115100,BUTLER BUSINESS SCHOOL                  ,CT,06604-0000,Proprietary  ,30,116,146,30,116,146
02148700,CONNECTICUT INST OF HAIR DESIGN         ,CT,06716-0000,Proprietary  ,7,18,25,7,18,25
02202500,NEW ENGLAND TRACTOR TRAILER SCH         ,CT,06071-2036,Proprietary  ,2,25,27,2,25,27
02213000,ELLA T GRASSO SOUTHEASTERN TECHNICAL HIG,CT,06340-0000,Public       ,2,6,8,2,6,8
02228800,LINCOLN TECHNICAL INSTITUTE - EAST WINDS,CT,06088-9631,Proprietary  ,409,192,601,409,192,601
02244900,GOODWIN COLLEGE                         ,CT,06118-9980,Private      ,514,1757,2271,514,1757,2271
02245300,HOWELL CHENEY TECHNICAL HIGH SCHOOL     ,CT,06040-0000,Public       ,5,6,11,5,6,11
02265900,WINDHAM COMMUNITY MEM HOSP-RAD TECH     ,CT,06226-0000,Private      ,8,9,17,8,9,17
02296100,YALE-NEW HAVEN HOSP DIETETIC INTERN     ,CT,06510-8900,Private      ,13,14,27,13,14,27
02300000,W F KAYNOR TECHNICAL HIGH SCHOOL        ,CT,06708-0000,Public       ,7,9,16,7,9,16
02316600,CONNECTICUT CTR FOR MASSAGE THERAPY     ,CT,06111-3975,Proprietary  ,12,87,99,12,87,99
02316601,CONNECTICUT CENTER FOR MASSAGE THERAPY -,CT,06880-4619,Proprietary  ,5,35,40,5,35,40
02316603,CONNECTICUT CENTER FOR MASSAGE THERAPY -,CT,06340-4619,Proprietary  ,11,36,47,11,36,47
02562400,EMMETT O BRIEN REG VOC TECH SCHOOL      ,CT,06401-2500,Public       ,0,1,1,0,1,1
02565000,PLATT TECHNICAL HIGH SCHOOL             ,CT,06460-2105,Public       ,5,9,14,5,9,14
03079400,LYME ACADEMY COLLEGE OF FINE ARTS       ,CT,06371-2333,Private      ,59,19,78,59,19,78
03094800,INDUSTRIAL MANAGEMENT & TRAINING        ,CT,06706-1211,Proprietary  ,8,29,37,8,29,37
03231400,OLIVER WOLCOTT TECHNICAL HIGH SCHOOL    ,CT,06790-3859,Public       ,0,2,2,0,2,2
03234300,CHARTER OAK STATE COLLEGE               ,CT,06053-2150,Public       ,29,436,465,29,436,465
03316300,LINCOLN TECHNICAL INSTITUTE - HARTFORD  ,CT,06105-3630,Proprietary  ,214,105,319,214,105,319
03381300,CONNECTICUT TRAINING CENTER             ,CT,06108-2705,Private      ,1,8,9,1,8,9
03927300,ALBERT SCHOOL (THE)                     ,CT,06357-2447,Proprietary  ,5,9,14,5,9,14
04053300,CLEMENS COLLEGE                         ,CT,06078-0000,Proprietary  ,75,18,93,75,18,93
04104300,ACADEMY DI CAPELLI - SCHOOL OF COSMETOLO,CT,06492-0000,Proprietary  ,3,5,8,3,5,8
04128800,BRANFORD ACADEMY OF HAIR & COSMETOLOGY  ,CT,06405-0000,Proprietary  ,2,10,12,2,10,12
04145400,OXFORD ACADEMY OF HAIR DESIGN           ,CT,06483-2603,Proprietary  ,5,1,6,5,1,6
04148400,EUROPEAN ACADEMY OF COSMETOLOGY AND HAIR,CT,06437-0000,Proprietary  ,2,2,4,2,2,4
04152400,INTERNATIONAL INSTITUTE OF COSMETOLOGY  ,CT,06109-0000,Proprietary  ,13,12,25,13,12,25
00146600,BARRY UNIVERSITY                        ,FL,33161-6695,Private      ,3022,3450,6472,3022,3450,6472
00146601,BARRY UNIVERSITY - ORLANDO              ,FL,32807-3673,Private      ,80,909,989,80,909,989
00146700,BETHUNE COOKMAN UNIVERSITY              ,FL,32114-3099,Private      ,5131,876,6007,5131,876,6007
00146800,ST THOMAS UNIVERSITY                    ,FL,33054-0000,Private      ,719,1190,1909,719,1190,1909
00146900,FLORIDA INSTITUTE OF TECHNOLOGY         ,FL,32901-6988,Private      ,2871,2621,5492,2871,2621,5492
00147000,BREVARD COMMUNITY COLLEGE               ,FL,32922-6503,Public       ,1584,2610,4194,1584,2610,4194
00147100,CENTRAL FLORIDA COMMUNITY COLLEGE       ,FL,34478-1388,Public       ,1699,2776,4475,1699,2776,4475
00147200,CHIPOLA  COLLEGE                        ,FL,32446-2053,Public       ,282,394,676,282,394,676
00147300,CLEARWATER CHRISTIAN COLLEGE            ,FL,33759-0000,Private      ,536,75,611,536,75,611
00147500,DAYTONA STATE COLLEGE                   ,FL,32114-2800,Public       ,2725,4977,7702,2725,4977,7702
00147700,EDISON COLLEGE                          ,FL,33906-6210,Public       ,2577,3607,6184,2577,3607,6184
00147800,EDWARD WATERS COLLEGE                   ,FL,32209-6199,Private      ,694,281,975,694,281,975
00147900,EMBRY-RIDDLE AERONAUTICAL UNIV          ,FL,32114-3900,Private      ,5144,2043,7187,5144,2043,7187
00148000,FLORIDA A & M UNIVERSITY                ,FL,32307-3100,Public       ,12535,4741,17276,12535,4741,17276
00148100,FLORIDA ATLANTIC UNIVERSITY             ,FL,33431-6498,Public       ,10780,6266,17046,10780,6266,17046
00148101,FLORIDA ATLANTIC UNIVERSITY/DAVIE       ,FL,33314-0000,Public       ,812,1390,2202,812,1390,2202
00148103,FLORIDA ATLANTIC UNIV-JUPITER/PSL       ,FL,33458-0000,Public       ,331,273,604,331,273,604
00148200,FLORIDA COLLEGE                         ,FL,33617-5578,Private      ,204,31,235,204,31,235
00148400,FLORIDA STATE COLLEGE AT JACKSONVILLE   ,FL,32202-4030,Public       ,4166,8350,12516,4166,8350,12516
00148500,FLORIDA KEYS COMMUNITY COLLEGE          ,FL,33040-4397,Public       ,181,235,416,181,235,416
00148600,FLORIDA MEMORIAL UNIVERSITY             ,FL,33054-6199,Private      ,1450,554,2004,1450,554,2004
00148700,ECKERD COLLEGE                          ,FL,33711-4744,Private      ,2145,508,2653,2145,508,2653
00148800,FLORIDA SOUTHERN COLLEGE                ,FL,33801-5698,Private      ,2218,381,2599,2218,381,2599
00148900,FLORIDA STATE UNIVERSITY                ,FL,32306-2430,Public       ,24843,10119,34962,24843,10119,34962
00149000,GULF COAST COMMUNITY COLLEGE            ,FL,32401-1058,Public       ,714,1500,2214,714,1500,2214
00149300,INDIAN RIVER STATE COLLEGE              ,FL,34981-5596,Public       ,1873,2953,4826,1873,2953,4826
00149500,JACKSONVILLE UNIVERSITY                 ,FL,32211-3394,Private      ,3723,1692,5415,3723,1692,5415
00149700,JONES COLLEGE                           ,FL,32211-5588,Private      ,36,354,390,36,354,390
00149900,EVEREST UNIVERSITY                      ,FL,32810-5601,Proprietary  ,126,792,918,126,792,918
00149901,EVEREST UNIVERSITY - ORLANDO SOUTH      ,FL,32819-7666,Proprietary  ,330,4707,5037,330,4707,5037
00149902,EVEREST UNIVERSITY - MELBOURNE          ,FL,32905-6609,Proprietary  ,35,374,409,35,374,409
00150000,BROWARD COLLEGE- DOWNTOWN CTR           ,FL,33301-2208,Public       ,2011,3298,5309,2011,3298,5309
00150001,BROWARD COLLEGE - DAVIE CAMPUS          ,FL,33314-0000,Public       ,2668,2657,5325,2668,2657,5325
00150002,BROWARD COLLEGE- NORTH CAMPUS           ,FL,33066-0000,Public       ,1656,2173,3829,1656,2173,3829
00150003,BROWARD COLLEGE- SOUTH CAMPUS           ,FL,33024-0000,Public       ,1802,2122,3924,1802,2122,3924
00150100,LAKE CITY COMMUNITY COLLEGE             ,FL,32025-2007,Public       ,350,813,1163,350,813,1163
00150200,LAKE SUMTER COMMUNITY COLLEGE           ,FL,34788-8751,Public       ,783,1053,1836,783,1053,1836
00150400,MANATEE COMMUNITY COLLEGE               ,FL,34207-3596,Public       ,1691,2793,4484,1691,2793,4484
00150500,LYNN UNIVERSITY                         ,FL,33431-5598,Private      ,1198,335,1533,1198,335,1533
00150600,MIAMI DADE COLLEGE ADMINISTRATION ONLY  ,FL,33176-3393,Public       ,547,429,976,547,429,976
00150601,MIAMI DADE COLLEGE - NORTH CAMPUS       ,FL,33167-3495,Public       ,4111,4682,8793,4111,4682,8793
00150602,MIAMI DADE COLLEGE - KENDALL CAMPUS     ,FL,33176-3393,Public       ,5423,4426,9849,5423,4426,9849
00150603,MIAMI DADE COLLEGE - WOLFSON CAMPUS     ,FL,33132-2297,Public       ,2941,2853,5794,2941,2853,5794
00150604,MIAMI DADE COLLEGE - MEDICAL CAMPUS     ,FL,33127-4693,Public       ,968,1817,2785,968,1817,2785
00150605,MIAMI DADE COLLEGE - HOMESTEAD CAMPUS   ,FL,33030-6009,Public       ,701,829,1530,701,829,1530
00150606,MIAMI DADE COLLEGE -INTERAMERICAN CAMPUS,FL,33135-0000,Public       ,1158,2045,3203,1158,2045,3203
00150607,MIAMI DADE COLLEGE - HIALEAH CAMPUS     ,FL,33012-2918,Public       ,884,979,1863,884,979,1863
00150800,NORTH FLORIDA COMMUNITY COLLEGE         ,FL,32340-1699,Public       ,191,278,469,191,278,469
00150900,NOVA SOUTHEASTERN UNIVERSITY            ,FL,33314-7796,Private      ,3764,14835,18599,3764,14835,18599
00151000,NORTHWEST FLORIDA STATE COLLEGE         ,FL,32578-1295,Public       ,777,1587,2364,777,1587,2364
00151200,PALM BEACH COMMUNITY COLLEGE            ,FL,33461-4796,Public       ,3760,4219,7979,3760,4219,7979
00151300,PENSACOLA JR COLLEGE                    ,FL,32504-8998,Public       ,1433,3049,4482,1433,3049,4482
00151400,POLK STATE COLLEGE                      ,FL,33881-4299,Public       ,1415,2334,3749,1415,2334,3749
00151500,ROLLINS COLLEGE                         ,FL,32789-4499,Private      ,1902,523,2425,1902,523,2425
00151900,SANTA FE COLLEGE                        ,FL,32606-6200,Public       ,3687,3162,6849,3687,3162,6849
00152000,SEMINOLE COMMUNITY COLLEGE              ,FL,32773-6199,Public       ,2374,3834,6208,2374,3834,6208
00152100,SOUTHEASTERN UNIVERSITY                 ,FL,33801-6099,Private      ,1618,506,2124,1618,506,2124
00152200,SOUTH FLORIDA COMMUNITY COLLEGE         ,FL,33825-9399,Public       ,484,579,1063,484,579,1063
00152300,ST JOHNS RIVER COMMUNITY COLLEGE        ,FL,32177-3897,Public       ,692,1353,2045,692,1353,2045
00152600,SAINT LEO UNIVERSITY                    ,FL,33574-6665,Private      ,2093,4585,6678,2093,4585,6678
00152800,ST. PETERSBURG COLLEGE                  ,FL,33760-3768,Public       ,2453,6044,8497,2453,6044,8497
00153100,STETSON UNIVERSITY                      ,FL,32723-3761,Private      ,2175,427,2602,2175,427,2602
00153101,STETSON UNIVERSITY - COLLEGE OF LAW     ,FL,33707-3299,Private      ,26,1157,1183,26,1157,1183
00153300,TALLAHASSEE COMMUNITY COLLEGE           ,FL,32304-2895,Public       ,3693,3209,6902,3693,3209,6902
00153400,EVEREST UNIVERSITY                      ,FL,33614-5801,Proprietary  ,161,2010,2171,161,2010,2171
00153408,EVEREST UNIVERSITY - TAMPA BRANDON CAMPU,FL,33619-1354,Proprietary  ,232,4530,4762,232,4530,4762
00153409,EVEREST UNIVERSITY - ORANGE PARK        ,FL,32073-1111,Proprietary  ,37,544,581,37,544,581
00153500,UNIVERSITY OF FLORIDA                   ,FL,32611-3150,Public       ,25668,11205,36873,25668,11205,36873
00153600,UNIVERSITY OF MIAMI                     ,FL,33146-6531,Private      ,14852,4064,18916,14852,4064,18916
00153601,UNIV OF MIAMI SCHOOL OF LAW             ,FL,33124-0000,Private      ,70,1415,1485,70,1415,1485
00153602,UNIV OF MIAMI-SCH OF MEDICINE           ,FL,33136-0000,Private      ,454,735,1189,454,735,1189
00153700,UNIVERSITY OF SOUTH FLORIDA             ,FL,33620-6960,Public       ,23198,12605,35803,23198,12605,35803
00153701,UNIV OF SOUTH FLORIDA-ST PETERSBURG     ,FL,33701-0000,Public       ,376,320,696,376,320,696
00153702,UNIV OF SOUTH FLORIDA-SARASOTA          ,FL,34243-2025,Public       ,159,339,498,159,339,498
00153705,UNIV OF SOUTH FLORIDA                   ,FL,33803-0000,Public       ,687,374,1061,687,374,1061
00153706,UNIV OF SOUTH FLORIDA- MEDICINE         ,FL,33612-0000,Public       ,480,877,1357,480,877,1357
00153800,UNIVERSITY OF TAMPA                     ,FL,33606-1490,Private      ,6662,1282,7944,6662,1282,7944
00154000,WEBBER INTERNATIONAL UNIVERSITY         ,FL,33827-0096,Private      ,404,104,508,404,104,508
00173308,NATIONAL-LOUIS UNIVERSITY               ,FL,33609-0000,Private      ,4,29,33,4,29,33
00177201,TRINITY INTERNATIONAL UNIVERSITY - SOUTH,FL,33324-4611,Private      ,15,92,107,15,92,107
00395400,UNIV OF CENTRAL FLORIDA                 ,FL,32816-0001,Public       ,31003,11392,42395,31003,11392,42395
00395500,UNIVERSITY OF WEST FLORIDA              ,FL,32514-5750,Public       ,3835,2714,6549,3835,2714,6549
00407215,NORTHWOOD UNIVERSITY                    ,FL,33409-0000,Private      ,363,114,477,363,114,477
00491004,KAPLAN CAREER INSTITUTE - KAPLAN COLLEGE,FL,33026-3978,Proprietary  ,21,343,364,21,343,364
00558500,LIVELY TECHNICAL CENTER                 ,FL,32304-0000,Public       ,111,481,592,111,481,592
00558501,LIVELY TECHNICAL CENTER - AVIATION SCHOO,FL,32304-8723,Public       ,26,56,82,26,56,82
00558600,LINDSEY HOPKINS TECHNICAL ED CENTER     ,FL,33127-4692,Public       ,58,239,297,58,239,297
00559400,D G ERWIN TECHNICAL CENTER              ,FL,33610-8255,Public       ,184,677,861,184,677,861
00560500,PINELLAS TECH ED CTR-CLEARWATER         ,FL,33760-2194,Public       ,72,426,498,72,426,498
00560700,SARASOTA COUNTY TECHNICAL INSTITUTE     ,FL,34233-0000,Public       ,86,269,355,86,269,355
00560800,TRAVISS TECHNICAL CENTER                ,FL,33803-0000,Public       ,77,337,414,77,337,414
00561200,MANATEE TECHNICAL INSTITUTE             ,FL,34210-0000,Public       ,112,334,446,112,334,446
00561201,MANATEE TECHNICAL INSTITUTE-EAST        ,FL,34211-0000,Public       ,63,272,335,63,272,335
00675000,VALENCIA COMMUNITY COLLEGE              ,FL,32802-3028,Public       ,8957,8562,17519,8957,8562,17519
00752500,SUWANNEE-HAMILTON AREA VOC TECH CTR     ,FL,32060-0000,Public       ,12,64,76,12,64,76
00752600,WASHINGTON HOLMES TECHNICAL CENTER      ,FL,32428-1699,Public       ,18,76,94,18,76,94
00755800,LEE COUNTY HIGH TECH CENTER CENTRAL     ,FL,33916-2299,Public       ,81,335,416,81,335,416
00758600,REMINGTON COLLEGE - TAMPA CAMPUS        ,FL,33612-8410,Proprietary  ,62,171,233,62,171,233
00758604,REMINGTON COLLEGE-LARGO CAMPUS          ,FL,33771-0000,Proprietary  ,0,1,1,0,1,1
00787000,HILLSBOROUGH COMMUNITY COLLEGE          ,FL,33606-3572,Public       ,4841,6954,11795,4841,6954,11795
00789300,FLAGLER COLLEGE                         ,FL,32085-1027,Private      ,2224,265,2489,2224,265,2489
00789301,FLAGLER COLLEGE - TALLAHASSEE COMMUNITY ,FL,32304-2895,Private      ,184,281,465,184,281,465
00807500,ST JOHN VIANNEY COLLEGE SEMINARY        ,FL,33165-3244,Private      ,9,4,13,9,4,13
00814600,EVEREST UNIVERSITY - POMPANO BEACH      ,FL,33062-2522,Proprietary  ,59,501,560,59,501,560
00822300,ST VINCENT DE PAUL REGIONL SEMINARY     ,FL,33436-0000,Private      ,1,3,4,1,3,4
00841700,STENOTYPE INST OF JACKSONVILLE          ,FL,32207-0000,Proprietary  ,3,38,41,3,38,41
00869410,RASMUSSEN COLLEGE - OCALA               ,FL,34471-7051,Proprietary  ,198,1831,2029,198,1831,2029
00869411,RASMUSSEN COLLEGE - HOLIDAY             ,FL,34690-0000,Proprietary  ,65,461,526,65,461,526
00869413,RASMUSSEN COLLEGE - FORT MYERS          ,FL,33905-7805,Proprietary  ,88,339,427,88,339,427
00884800,WARNER SOUTHERN COLLEGE                 ,FL,33859-8725,Private      ,242,206,448,242,206,448
00884900,PALM BEACH ATLANTIC UNIVERSITY          ,FL,33401-6505,Private      ,1564,927,2491,1564,927,2491
00887800,MIAMI INTERNATIONAL UNIV ART&DESIGN     ,FL,33132-1418,Proprietary  ,1355,976,2331,1355,976,2331
00910400,RIVERSIDE HAIRSTYLING ACADEMY           ,FL,32207-3810,Proprietary  ,8,39,47,8,39,47
00963500,FLORIDA INTERNATIONAL UNIVERSITY        ,FL,33199-0001,Public       ,17475,14196,31671,17475,14196,31671
00984100,UNIVERSITY OF NORTH FLORIDA             ,FL,32224-2645,Public       ,7698,3655,11353,7698,3655,11353
00990200,SHERIDAN TECHNICAL CENTER               ,FL,33021-3399,Public       ,127,453,580,127,453,580
01016100,"LORAINE'S ACADEMY, INC                  ",FL,33710-0000,Proprietary  ,6,28,34,6,28,34
01019500,ART INSTITUTE OF FT LAUDERDALE          ,FL,33316-3000,Proprietary  ,859,734,1593,859,734,1593
01065200,PASCO-HERNANDO COMMUNITY CLG            ,FL,34654-5199,Public       ,1391,2345,3736,1391,2345,3736
01072401,CARLOS ALBIZU UNIVERSITY                ,FL,33172-0000,Private      ,52,394,446,52,394,446
01082600,TOM P. HANEY TECHNICAL CENTER           ,FL,32405-5099,Public       ,38,226,264,38,226,264
01112700,GOODING INST OF NUR ANES BAY MED CT     ,FL,32401-0000,Public       ,4,47,51,4,47,51
01226300,ATLANTIC TECHNICAL CENTER               ,FL,33063-3902,Public       ,123,352,475,123,352,475
01254400,FIRST COAST TECHNICAL COLLEGE           ,FL,32084-1921,Public       ,71,352,423,71,352,423
01257400,RINGLING SCHOOL OF ART AND DESIGN       ,FL,34234-5895,Private      ,1414,229,1643,1414,229,1643
01303904,SOUTH UNIVERSITY - WEST PALM BEACH CAMPU,FL,33409-5149,Proprietary  ,150,587,737,150,587,737
01323400,LORENZO WALKER INST OF TECHNOLOGY       ,FL,34104-4405,Public       ,57,171,228,57,171,228
02052002,FLORIDA EDUCATION CENTER - LAUDERHILL   ,FL,33313-5857,Proprietary  ,8,27,35,8,27,35
02089600,CONCORDE CAREER INSTITUTE               ,FL,32211-0000,Proprietary  ,61,433,494,61,433,494
02089709,HERZING COLLEGE                         ,FL,32792-5509,Proprietary  ,22,92,114,22,92,114
02113609,AMERICAN INTERCONTINENTAL UNIV - WESTON ,FL,33326-3233,Proprietary  ,169,390,559,169,390,559
02115300,PINELLAS TECHNICAL EDUCATION CENTERS - S,FL,33711-0000,Public       ,87,483,570,87,483,570
02116006,SANFORD-BROWN INSTITUTE - FT. LAUDERDALE,FL,33309-1906,Proprietary  ,47,255,302,47,255,302
02121800,EVEREST INSTITUTE                       ,FL,33169-4759,Proprietary  ,91,334,425,91,334,425
02121801,EVEREST INSTITUTE  - HIALEAH            ,FL,33012-7193,Proprietary  ,49,110,159,49,110,159
02148200,FASHION FOCUS HAIR ACADEMY              ,FL,34231-0000,Proprietary  ,9,17,26,9,17,26
02148300,MANHATTAN BEAUTY SCHOOL                 ,FL,33611-0000,Proprietary  ,20,46,66,20,46,66
02149900,PAUL MITCHELL THE SCHOOL-JACKSONVILLE   ,FL,32205-0000,Proprietary  ,49,87,136,49,87,136
02151900,KEISER  UNIVERSITY                      ,FL,33309-0000,Proprietary  ,997,4407,5404,997,4407,5404
02156300,MARGATE SCHOOL OF BEAUTY                ,FL,33063-0000,Proprietary  ,10,48,58,10,48,58
02156700,FLORIDA CHRISTIAN COLLEGE               ,FL,34744-0000,Private      ,108,79,187,108,79,187
02159600,BAPTIST COLLEGE OF FLORIDA (THE)        ,FL,32440-0000,Private      ,122,72,194,122,72,194
02172700,CONCORDE CAREER INSTITUTE               ,FL,33607-0000,Proprietary  ,33,192,225,33,192,225
02188900,HOBE SOUND BIBLE COLLEGE                ,FL,33475-0000,Private      ,25,23,48,25,23,48
02200100,BRADENTON BEAUTY & BARBER ACADEMY       ,FL,34209-0000,Proprietary  ,11,20,31,11,20,31
02215900,ATI CAREER TRAINING CENTER              ,FL,33309-1785,Proprietary  ,45,246,291,45,246,291
02218700,FLORIDA TECHNICAL COLLEGE               ,FL,32826-2707,Proprietary  ,113,366,479,113,366,479
02218707,FLORIDA TECHNICAL COLLEGE - LAKELAND    ,FL,33813-2101,Proprietary  ,33,176,209,33,176,209
02218709,FLORIDA TECHNICAL COLLEGE - DELAND      ,FL,32720-7415,Proprietary  ,22,59,81,22,59,81
02228300,LAKE TECHNICAL CENTER                   ,FL,32726-0000,Public       ,76,326,402,76,326,402
02245500,CENTRAL FLORIDA COLLEGE                 ,FL,32789-4679,Proprietary  ,266,182,448,266,182,448
02257900,INTERNATIONAL ACADEMY                   ,FL,32119-3541,Proprietary  ,11,24,35,11,24,35
02275100,CONCORDE CAREER INSTITUTE               ,FL,33025-0000,Proprietary  ,30,187,217,30,187,217
02278800,SOUTHWEST FLORIDA COLLEGE               ,FL,33907-0000,Proprietary  ,114,520,634,114,520,634
02278801,SOUTHWEST FLORIDA COLLEGE - TAMPA       ,FL,33619-1344,Proprietary  ,90,214,304,90,214,304
02278802,SOUTHWEST FLORIDA COLLEGE - INSTITUTUE O,FL,33928-9469,Proprietary  ,8,9,17,8,9,17
02278803,SOUTHWEST FLORIDA COLLEGE - PORT CHARLOT,FL,33953-3100,Proprietary  ,26,137,163,26,137,163
02279600,CORTIVA INSTITUTE - FLORIDA             ,FL,33781-0000,Proprietary  ,7,51,58,7,51,58
02280800,NEW ENGLAND INST TECH-PALM BEACH        ,FL,33407-0000,Proprietary  ,110,629,739,110,629,739
02283800,BEAUTY SCHOOLS OF AMERICA               ,FL,33012-3322,Proprietary  ,16,34,50,16,34,50
02286500,ITT TECHNICAL INSTITUTE                 ,FL,33634-7515,Proprietary  ,154,313,467,154,313,467
02287100,LA BELLE BEAUTY SCHOOL                  ,FL,33012-3224,Proprietary  ,4,6,10,4,6,10
02293200,ATI CAREER TRAINING CENTER              ,FL,33309-5916,Proprietary  ,81,684,765,81,684,765
02293201,ATI CAREER TRAINING CENTER - MIAMI      ,FL,33122-1707,Proprietary  ,27,60,87,27,60,87
02293202,ATI CAREER TAINING CENTER - ATI COLLEGE ,FL,87109-2016,Proprietary  ,22,85,107,22,85,107
02293600,ADVANCED TECHNICAL CENTERS              ,FL,33266-1597,Private      ,12,26,38,12,26,38
02297000,CHARLOTTE TECHNICAL CENTER              ,FL,33948-0000,Public       ,56,209,265,56,209,265
02300900,WITHLACOOCHEE TECHNICAL INSTITUTE       ,FL,34450-0000,Public       ,50,220,270,50,220,270
02305700,GULF COAST COLLEGE                      ,FL,33619-0000,Proprietary  ,97,178,275,97,178,275
02305800,FLORIDA CAREER COLLEGE                  ,FL,33012-7028,Proprietary  ,333,1600,1933,333,1600,1933
02307400,GEORGE STONE AREA VOCATIONAL TECHNICAL  ,FL,32526-0000,Public       ,77,328,405,77,328,405
02314100,SCHILLER INTERNATIONAL UNIVERSITY       ,FL,33770-3716,Proprietary  ,29,47,76,29,47,76
02316200,MIAMI LAKES TECHNICAL EDUCATION CTR     ,FL,33014-0000,Public       ,95,271,366,95,271,366
02321200,ORANGE TECH EDUC CTR- WESTSIDE TECH     ,FL,34787-0000,Public       ,39,189,228,39,189,228
02325100,KEY COLLEGE                             ,FL,33004-3046,Proprietary  ,8,39,47,8,39,47
02326303,MEDVANCE INSTITUTE - WEST PALM          ,FL,33461-2171,Proprietary  ,18,166,184,18,166,184
02326306,MEDVANCE INSTITUTE - MIAMI              ,FL,33173-3431,Proprietary  ,15,56,71,15,56,71
02326800,MERIDIAN CAREER INSTITUTE               ,FL,34240-8478,Proprietary  ,7,31,38,7,31,38
02326801,MERIDIAN CAREER INSTITUTE -             ,FL,33619-1378,Proprietary  ,2,4,6,2,4,6
02326900,SUNSTATE ACADEMY OF HAIR DESIGN         ,FL,33907-1415,Proprietary  ,12,45,57,12,45,57
02329900,FLORIDA INSTITUTE OF ULTRASOUND         ,FL,32514-0000,Proprietary  ,29,102,131,29,102,131
02338400,FT PIERCE BEAUTY ACADEMY                ,FL,34982-0000,Proprietary  ,9,55,64,9,55,64
02341001,FORTIS COLLEGE - DBA FORTIS INSTITUTE   ,FL,32504-7322,Proprietary  ,21,83,104,21,83,104
02346200,WYOTECH                                 ,FL,32174-1010,Proprietary  ,176,190,366,176,190,366
02362100,FULL SAIL UNIVERSITY                    ,FL,32792-0000,Proprietary  ,4316,4269,8585,4316,4269,8585
02499000,ACADEMY OF COSMETOLOGY                  ,FL,32953-3311,Proprietary  ,13,18,31,13,18,31
02501500,"O*TEC, MID-FLORIDA TECH                 ",FL,32809-0000,Public       ,76,292,368,76,292,368
02504600,WINTER PARK TECH                        ,FL,32789-0000,Public       ,29,166,195,29,166,195
02508900,TALMUDIC COLLEGE OF FLORIDA             ,FL,33139-0000,Private      ,7,0,7,7,0,7
02511700,RIDGE TECHNICAL CENTER                  ,FL,33881-0000,Public       ,61,283,344,61,283,344
02513200,ORLANDO TECHNICAL CENTER                ,FL,32801-0000,Public       ,124,454,578,124,454,578
02515400,CITY COLLEGE                            ,FL,33309-3073,Private      ,107,610,717,107,610,717
02517100,SARASOTA SCHOOL OF MASSAGE THERAPY      ,FL,34243-6130,Proprietary  ,10,42,52,10,42,52
02524000,SUNSTATE ACADEMY OF HAIR DESIGN         ,FL,34624-0000,Proprietary  ,7,10,17,7,10,17
02524200,ROBERT MORGAN EDUCATIONAL CENTER        ,FL,33177-0000,Public       ,97,261,358,97,261,358
02547600,FLORIDA NATIONAL COLLEGE                ,FL,33012-0000,Proprietary  ,112,419,531,112,419,531
02554200,RADFORD LOCKLIN TECH CENTER             ,FL,32570-0000,Public       ,15,72,87,15,72,87
02573200,LA BELLE BEAUTY ACADEMY                 ,FL,33135-0000,Proprietary  ,7,9,16,7,9,16
02586200,FLORIDA CAREER COLLEGE                  ,FL,33759-3924,Proprietary  ,37,195,232,37,195,232
02586201,FLORIDA CAREER COLLEGE -                ,FL,33569-2553,Proprietary  ,9,22,31,9,22,31
02597100,HERITAGE INSTITUTE                      ,FL,33912-7132,Proprietary  ,59,254,313,59,254,313
02598200,FLORIDA TECHNICAL CLG JACKSONVILLE      ,FL,32211-5123,Proprietary  ,75,183,258,75,183,258
02599800,EVEREST UNIVERSITY                      ,FL,33770-2556,Proprietary  ,33,221,254,33,221,254
02599801,EVEREST UNIVERSITY - TAMPA LAKELAND CAMP,FL,33801-3801,Proprietary  ,52,469,521,52,469,521
02599805,EVEREST UNIVERSITY - JACKSONVILLE       ,FL,32256-0000,Proprietary  ,101,547,648,101,547,648
02601600,HENRY W BREWSTER TECHNICAL CENTER       ,FL,33602-0000,Public       ,42,213,255,42,213,255
02612700,DARLYNE MCGEE'S ACAD OF COSMETOLOGY     ,FL,32905-2805,Proprietary  ,2,12,14,2,12,14
02616400,SANFORD-BROWN INSTITUTE                 ,FL,32256-3520,Proprietary  ,111,892,1003,111,892,1003
02616401,SANFORD-BROWN INSTITUTE - TAMPA         ,FL,33610-8304,Proprietary  ,69,314,383,69,314,383
03003200,EVEREST INSTITUTE                       ,FL,33186-1410,Proprietary  ,66,162,228,66,162,228
03003201,EVEREST INSTITUTE - FT. LAUDERDALE      ,FL,33304-2522,Proprietary  ,37,168,205,37,168,205
03003600,MCFATTER TECHNICAL CENTER               ,FL,33317-7499,Public       ,103,341,444,103,341,444
03006801,PENNSYLVANIA CULINARY INSTITUTE - LE COR,FL,33025-3929,Proprietary  ,160,530,690,160,530,690
03008600,FLORIDA COLLEGE OF NATURAL HEALTH       ,FL,33064-1342,Proprietary  ,54,212,266,54,212,266
03010608,VIRGINIA COLLEGE - PENSACOLA            ,FL,32501-5650,Proprietary  ,44,372,416,44,372,416
03010612,VIRGINIA COLLEGE - GOLF ACADEMY OF AMERI,FL,32701-0000,Proprietary  ,44,88,132,44,88,132
03010618,VIRGINIA COLLEGE - JACKSONVILLE         ,FL,32207-5167,Proprietary  ,10,90,100,10,90,100
03012300,ASM BEAUTY WORLD ACADEMY                ,FL,33021-0000,Proprietary  ,3,8,11,3,8,11
03018500,BENE'S INTERNATIONAL SCHOOL OF BEAUTY   ,FL,34652-1637,Proprietary  ,10,70,80,10,70,80
03028200,TRINITY COLLEGE OF FLORIDA              ,FL,34655-4401,Private      ,65,29,94,65,29,94
03031400,INTERNATIONAL ACAD OF DESIGN & TECH     ,FL,33634-6313,Proprietary  ,809,1513,2322,809,1513,2322
03031402,INTERNATIONAL ACADEMY OF DESIGN AND TECH,FL,32809-4613,Proprietary  ,337,426,763,337,426,763
03031403,IADT - ORLANDO CULINARY ACADEMY         ,FL,32819-0000,Proprietary  ,131,204,335,131,204,335
03035800,HERITAGE INSTITUTE                      ,FL,32216-0948,Proprietary  ,22,103,125,22,103,125
03035900,NATIONAL AVIATION ACADEMY               ,FL,33760-3931,Proprietary  ,55,163,218,55,163,218
03037500,HODGES UNIVERSITY                       ,FL,34119-7932,Private      ,156,969,1125,156,969,1125
03054200,TECHNICAL CAREER INSTITUTE              ,FL,33144-2373,Proprietary  ,59,79,138,59,79,138
03071600,COLLEGE OF BUSINESS & TECHNOLOGY        ,FL,33176-1412,Proprietary  ,49,124,173,49,124,173
03071601,COLLEGE OF BUSINESS & TECHNOLOGY -      ,FL,33144-2072,Proprietary  ,27,33,60,27,33,60
03071602,COLLEGE OF BUSINESS & TECHNOLOGY -      ,FL,33012-3436,Proprietary  ,7,11,18,7,11,18
03076402,HIGH-TECH INSTITUTE - ORLANDO           ,FL,32803-3509,Proprietary  ,40,107,147,40,107,147
03079800,GEORGE T BAKER AVIATION                 ,FL,33142-5687,Public       ,49,89,138,49,89,138
03079900,CITY COLLEGE                            ,FL,32707-5342,Private      ,13,102,115,13,102,115
03083702,GALEN HEALTH INSTITUTES - FLORIDA CAMPUS,FL,33702-2455,Proprietary  ,23,112,135,23,112,135
03087600,ITT TECHNICAL INSTITUTE                 ,FL,32746-1607,Proprietary  ,85,252,337,85,252,337
03089200,NOUVELLE INSTITUTE                      ,FL,33125-4141,Proprietary  ,3,4,7,3,4,7
03096300,FLORIDA CAREER INSTITUTE                ,FL,33860-0000,Proprietary  ,11,66,77,11,66,77
03099600,MERCY HOSPITAL SCHOOL OF PRACTICAL NSG  ,FL,33133-4237,Private      ,32,91,123,32,91,123
03100800,TAYLOR TECHNICAL INSTITUTE              ,FL,32348-0894,Public       ,9,41,50,9,41,50
03101900,TRINITY BAPTIST COLLEGE                 ,FL,32221-1398,Private      ,64,42,106,64,42,106
03103900,MARION COUNTY COMMUNITY TECH & ADUL     ,FL,34474-3172,Public       ,99,387,486,99,387,486
03108500,EVERGLADES UNIVERSITY                   ,FL,33431-0000,Private      ,54,325,379,54,325,379
03108600,COM-PU-MED VOCATIONAL CAREERS           ,FL,33012-4861,Proprietary  ,6,5,11,6,5,11
03113400,ACADEMY OF HEALING ARTS                 ,FL,33463-2113,Proprietary  ,7,21,28,7,21,28
03114700,PRAXIS INSTITUTE                        ,FL,33135-2657,Proprietary  ,1,6,7,1,6,7
03115500,FLORIDA HOSPITAL COLG OF HEALTH SCI     ,FL,32803-1237,Private      ,515,933,1448,515,933,1448
03123900,KEISER CAREER INSTITUTE                 ,FL,33413-0000,Proprietary  ,120,425,545,120,425,545
03125600,MIAMI AD SCHOOL                         ,FL,33139-5203,Proprietary  ,23,138,161,23,138,161
03127900,TECHNICAL EDUCATION CTR OSCEOLA         ,FL,34744-4459,Public       ,59,189,248,59,189,248
03158300,LEE COUNTY HIGH TECH CENTER NORTH       ,FL,33993-2479,Public       ,31,137,168,31,137,168
03171300,UNIVERSITY OF ST. AUGUSTINE FOR HEALTH S,FL,32084-4215,Proprietary  ,17,528,545,17,528,545
03178400,CORAL RIDGE NURSES ASST TRAINING        ,FL,33306-0000,Proprietary  ,4,31,35,4,31,35
03224300,NEW PROFESSIONS TECHNICAL INSTITUTE     ,FL,33134-1640,Proprietary  ,5,21,26,5,21,26
03230300,OKALOOSA APPLIED TECHNOLOGY CENTER      ,FL,32547-1299,Public       ,23,184,207,23,184,207
03238300,FLORIDA COLLEGE OF INTEGRATIVE MED      ,FL,32809-5721,Proprietary  ,20,102,122,20,102,122
03255300,FLORIDA GULF COAST UNIVERSITY           ,FL,33965-6565,Public       ,6684,2150,8834,6684,2150,8834
03256300,YESHIVA GEDOLAH RABBINICAL COLLEGE      ,FL,33139-4708,Private      ,2,1,3,2,1,3
03264300,SOUTH FLORIDA BIBLE COLLEGE AND THEOLOGI,FL,33441-5768,Private      ,6,25,31,6,25,31
03346300,ACAD FOR PRAC NURSING & HEALTH OCCP     ,FL,33417-4574,Private      ,49,128,177,49,128,177
03348400,PROFESSIONAL TRAINING CENTERS           ,FL,33184-0000,Proprietary  ,19,136,155,19,136,155
03373300,BEACON COLLEGE                          ,FL,34748-5224,Private      ,62,22,84,62,22,84
03374300,FLORIDA COASTAL SCHOOL OF LAW           ,FL,32256-0000,Proprietary  ,24,1747,1771,24,1747,1771
03382300,BRADFORD-UNION AREA CAREERTECHNICAL CENT,FL,32091-2434,Public       ,7,77,84,7,77,84
03390300,LINCOLN TECHNICAL INSTITUTE             ,FL,32730-2351,Proprietary  ,33,186,219,33,186,219
03411400,INTERNATIONAL TRAINING CAREERS          ,FL,33155-1462,Private      ,10,20,30,10,20,30
03414500,SOUTHEAST INSTITUTE OF ORIENTAL MED     ,FL,33176-1509,Proprietary  ,6,40,46,6,40,46
03425400,CENTRAL FLORIDA INSTITUTE               ,FL,34684-4436,Proprietary  ,53,210,263,53,210,263
03429600,ATLANTIC INST OF ORIENTAL MEDICINE      ,FL,33316-0000,Private      ,6,44,50,6,44,50
03429700,EAST WEST COLLG OF NATURAL MEDICINE     ,FL,34236-4959,Proprietary  ,12,49,61,12,49,61
03433400,NEW CONCEPT MASSAGE AND BEAUTY SCHO     ,FL,33135-0000,Proprietary  ,8,13,21,8,13,21
03434300,FORTIS COLLEGE                          ,FL,32073-2999,Proprietary  ,25,82,107,25,82,107
03459400,SAINT PETERSBURG THEOLOGICAL SEMINA     ,FL,33708-3116,Private      ,2,14,16,2,14,16
03480301,MEDVANCE INSTITUTE - FORT LAUDERDALE    ,FL,33313-7261,Proprietary  ,17,86,103,17,86,103
03480302,MEDVANCE INSTITUTE - STUART             ,FL,34994-3000,Proprietary  ,12,98,110,12,98,110
03491400,AMERICAN ADVANCED TECHNICIANS INST      ,FL,33014-4430,Proprietary  ,5,19,24,5,19,24
03549300,ULTIMATE MEDICAL ACADEMY                ,FL,33756-5802,Proprietary  ,34,406,440,34,406,440
03553300,KEISER CAREER COLLEGE                   ,FL,32216-0000,Proprietary  ,71,322,393,71,322,393
03557300,NORTH FLORIDA COSMETOLOGY INSTITUTE     ,FL,32312-0000,Proprietary  ,36,89,125,36,89,125
03564300,SUPERIOR CAREER INSTITUTE               ,FL,33311-1141,Proprietary  ,4,18,22,4,18,22
03570400,ENGLISH CENTER (THE)                    ,FL,33133-2703,Public       ,6,23,29,6,23,29
03595400,ANGLEY COLLEGE                          ,FL,32720-4257,Proprietary  ,14,75,89,14,75,89
03611400,FLORIDA BARBER ACADEMY                  ,FL,33441-0000,Proprietary  ,2,7,9,2,7,9
03618300,FLORIDA INSTITUTE OF ANIMAL ARTS        ,FL,32792-1740,Proprietary  ,26,33,59,26,33,59
03627400,JACKSONVILLE BEAUTY INSTITUTE           ,FL,32208-1885,Proprietary  ,29,43,72,29,43,72
03627600,FLORIDA EDUCATION INSTITUTE             ,FL,33144-5036,Proprietary  ,20,47,67,20,47,67
03661400,SOUTH FLORIDA INSTITUTE OF TECHNOLO     ,FL,33135-0000,Proprietary  ,16,22,38,16,22,38
03691400,AVE MARIA SCHOOL OF LAW                 ,FL,34119-1376,Private      ,24,607,631,24,607,631
03696400,SABER                                   ,FL,33134-1604,Private      ,12,163,175,12,163,175
03706300,AMERICAN INSTITUTE                      ,FL,33319-5613,Proprietary  ,39,149,188,39,149,188
03757300,ADVANCE SCIENCE INSTITUTE               ,FL,33012-0000,Proprietary  ,6,15,21,6,15,21
03801400,BEAUTY INSTITUTE (THE)                  ,FL,33409-2972,Proprietary  ,7,32,39,7,32,39
03801401,BEAUTY INSTITUTE (THE) - MARGATE        ,FL,33068-5704,Proprietary  ,3,9,12,3,9,12
03816300,ARTISTIC NAILS & BEAUTY ACADEMY         ,FL,33605-5919,Proprietary  ,17,37,54,17,37,54
03823300,FLORIDA ACADEMY OF HEALTH & BEAUTY      ,FL,33311-0000,Proprietary  ,14,13,27,14,13,27
03832300,DADE MEDICAL COLLEGE                    ,FL,33126-5534,Proprietary  ,121,317,438,121,317,438
03842500,CAMBRIDGE INSTITUTE OF ALLIED HEALTH    ,FL,32750-0000,Proprietary  ,11,38,49,11,38,49
03856300,UNIVERSAL BEAUTY SCHOOL                 ,FL,33174-4406,Proprietary  ,1,1,2,1,1,2
03856500,FLORIDA SCHOOL OF TRADITIONAL MIDWIFERY ,FL,32601-5507,Private      ,4,52,56,4,52,56
03866300,GALIANO CAREER ACADEMY                  ,FL,32701-5039,Proprietary  ,5,28,33,5,28,33
03875300,MCI INSTITUTE OF TECHNOLOGY             ,FL,33409-4937,Proprietary  ,14,45,59,14,45,59
03888300,DRAGON RISES COLLEGE OF ORIENTAL MEDICIN,FL,32601-5089,Proprietary  ,2,26,28,2,26,28
03903500,SOUTHERN TECHNICAL COLLEGE              ,FL,32809-0000,Proprietary  ,39,195,234,39,195,234
03906300,CAREER INSTITUTE OF FLORIDA             ,FL,33773-3434,Proprietary  ,11,64,75,11,64,75
03911300,TOTAL INTERNATIONAL CAREER INSTITUTE    ,FL,33012-0000,Proprietary  ,3,0,3,3,0,3
03939300,WOLFORD COLLEGE                         ,FL,34108-1931,Private      ,9,64,73,9,64,73
03939400,CENTURA INSTITUTE                       ,FL,32807-3566,Proprietary  ,31,175,206,31,175,206
03939600,DAYTONA COLLEGE                         ,FL,32174-8445,Proprietary  ,50,37,87,50,37,87
03941300,AVE MARIA UNIVERSITY                    ,FL,34142-9505,Private      ,420,93,513,420,93,513
03957400,NEW COLLEGE OF FLORIDA                  ,FL,34243-2109,Public       ,1304,172,1476,1304,172,1476
03985300,COMMERCIAL DIVING ACADEMY               ,FL,32208-0000,Proprietary  ,77,184,261,77,184,261
03986300,AVIATOR COLLEGE OF AERONAUTICAL SCIENCE ,FL,34946-9022,Proprietary  ,24,33,57,24,33,57
04016500,AMERICAN INSTITUTE OF BEAUTY            ,FL,33773-0000,Proprietary  ,10,37,47,10,37,47
04029300,TRENDSETTERS OF FLORIDA SCHOOL OF BEAUTY,FL,32205-0000,Proprietary  ,5,18,23,5,18,23
04058300,HEALTH OPPORTUNITY TECHNICAL CENTER     ,FL,33169-4517,Proprietary  ,14,86,100,14,86,100
04083400,INSTITUTE OF ALLIED MEDICAL PROFESSIONS ,FL,33484-6543,Proprietary  ,13,102,115,13,102,115
04105400,PENSACOLA SCHOOL OF MASSAGE THERAPY & HE,FL,32504-7337,Proprietary  ,10,62,72,10,62,72
04106300,PALM BEACH ACADEMY OF HEALTH & BEAUTY   ,FL,33403-2130,Proprietary  ,7,34,41,7,34,41
04116600,TAYLOR COLLEGE                          ,FL,34420-8714,Proprietary  ,9,93,102,9,93,102
04119400,AVEDA INSTITUTE - SAINT PETERSBURG      ,FL,33701-4242,Proprietary  ,81,155,236,81,155,236
04120400,HI-TECH SCHOOL OF COSMETOLOGY           ,FL,33174-0000,Proprietary  ,13,19,32,13,19,32
04126900,ACADEMY OF CAREER TRAINING              ,FL,34741-4644,Proprietary  ,26,88,114,26,88,114
04127400,DIGITAL MEDIA ARTS COLLEGE              ,FL,33431-5919,Proprietary  ,105,70,175,105,70,175
04128400,MANAGEMENT RESOURCES INSTITUTE          ,FL,33126-5473,Proprietary  ,4,32,36,4,32,36
04129300,INTERNATIONAL B NATURALE BEAUTY SCHOOL  ,FL,33311-1152,Proprietary  ,2,6,8,2,6,8
04129900,FLORIDA SCHOOL OF MASSAGE               ,FL,32608-5419,Proprietary  ,29,61,90,29,61,90
04130400,SHEAR EXCELLENCE INTERNATIONAL HAIR ACAD,FL,33614-2783,Private      ,7,14,21,7,14,21
04131900,FASTTRAIN OF MIAMI                      ,FL,33134-1065,Proprietary  ,3,34,37,3,34,37
04132000,FASTTRAIN OF FORT LAUDERDALE            ,FL,33311-1506,Proprietary  ,5,48,53,5,48,53
04132100,FASTTRAIN OF TAMPA                      ,FL,33607-4153,Proprietary  ,7,25,32,7,25,32
04132200,FASTTRAIN OF JACKSONVILLE               ,FL,32256-4849,Proprietary  ,10,38,48,10,38,48
04133500,ACADEMY FOR FIVE ELEMENT ACUPUNCTURE    ,FL,32601-6811,Private      ,4,38,42,4,38,42
04134800,AVEDA INSTITUTE - TALLAHASSEE           ,FL,32304-3186,Proprietary  ,45,76,121,45,76,121
04135000,COZMO THE SCHOOL                        ,FL,34135-4810,Proprietary  ,1,6,7,1,6,7
04135900,ALLIED HEALTH INSTITUTE                 ,FL,33309-1900,Proprietary  ,27,186,213,27,186,213
04140800,NORTH FLORIDA ACADEMY                   ,FL,32065-7758,Proprietary  ,9,26,35,9,26,35
04143100,PROFESSIONAL HANDS INSTITUTE            ,FL,33135-1939,Proprietary  ,3,9,12,3,9,12
04145900,CELEBRITY SCHOOL OF BEAUTY              ,FL,33144-4153,Proprietary  ,19,20,39,19,20,39
04146200,WALTON CAREER DEVELOPMENT CENTER        ,FL,32433-1557,Public       ,4,38,42,4,38,42
04147800,ROSE TRAINING INSTITUTE                 ,FL,33881-4094,Proprietary  ,3,47,50,3,47,50
04148500,MEDICAL INSTITUTE OF PALM BEACH         ,FL,33460-5042,Proprietary  ,15,20,35,15,20,35
04150800,IMMOKALEE TECHNICAL CENTER              ,FL,34142-3146,Public       ,29,44,73,29,44,73
04151500,AMERICAN ACADEMY OF COSMETOLOGY         ,FL,32065-8026,Proprietary  ,6,12,18,6,12,18
04156300,UNIVERSITY OF FORT LAUDERDALE           ,FL,33313-5809,Private      ,9,24,33,9,24,33
04156400,AVIATION INSTITUTE OF MAINTENANCE       ,FL,32803-6487,Proprietary  ,3,7,10,3,7,10
04157100,DELTA CONNECTION ACADEMY                ,FL,32725-9683,Proprietary  ,22,39,61,22,39,61
04162500,HOLLYWOOD INSTITUTE OF BEAUTY CAREERS   ,FL,33020-4807,Proprietary  ,3,11,14,3,11,14
04163000,SALON PROFESSIONAL ACADEMY (THE)        ,FL,33624-6321,Proprietary  ,9,20,29,9,20,29
04163100,SALON PROFESSIONAL ACADEMY (THE)        ,FL,32607-1672,Proprietary  ,9,12,21,9,12,21
04163200,SALON PROFESSIONAL ACADEMY (THE)        ,FL,32162-9311,Proprietary  ,2,4,6,2,4,6
00160500,CHAMINADE UNIV OF HONOLULU              ,HI,96816-1578,Private      ,1206,802,2008,1206,802,2008
00160600,BRIGHAM YOUNG UNIV-HAWAII CAMPUS        ,HI,96762-1294,Private      ,808,358,1166,808,358,1166
00161000,UNIVERSITY OF HAWAII AT MANOA           ,HI,96822-2399,Public       ,9041,5584,14625,9041,5584,14625
00161100,UNIVERSITY OF HAWAII AT HILO            ,HI,96720-4091,Public       ,2492,1573,4065,2492,1573,4065
00161200,HONOLULU COMMUNITY COLLEGE              ,HI,96817-4598,Public       ,878,842,1720,878,842,1720
00161300,KAPIOLANI COMMUNITY COLLEGE             ,HI,96816-4421,Public       ,1592,1408,3000,1592,1408,3000
00161400,KAUAI COMMUNITY COLLEGE                 ,HI,96766-9591,Public       ,166,224,390,166,224,390
00161500,MAUI COMMUNITY COLLEGE                  ,HI,96732-1644,Public       ,665,1234,1899,665,1234,1899
00454900,LEEWARD COMMUNITY COLLEGE               ,HI,96782-3393,Public       ,1035,1075,2110,1035,1075,2110
00525800,HAWAII COMMUNITY COLLEGE                ,HI,96720-4075,Public       ,885,1131,2016,885,1131,2016
00723401,HEALD COLLEGE - HONOLULU                ,HI,96814-0000,Proprietary  ,322,595,917,322,595,917
00727900,HAWAII PACIFIC UNIVERSITY               ,HI,96813-2882,Private      ,3583,1873,5456,3583,1873,5456
01122000,WINDWARD COMMUNITY COLLEGE              ,HI,96744-0000,Public       ,422,585,1007,422,585,1007
02100300,MED-ASSIST SCHOOL OF HAWAII             ,HI,96813-0000,Proprietary  ,31,40,71,31,40,71
02107800,UNIVERSITY OF HAWAII - WEST OAHU        ,HI,96782-0000,Public       ,632,659,1291,632,659,1291
02139500,HAWAII INSTITUTE OF HAIR DESIGN         ,HI,96817-5195,Proprietary  ,11,26,37,11,26,37
03017800,TRAVEL INSTITUTE OF THE PACIFIC         ,HI,96814-1946,Proprietary  ,15,19,34,15,19,34
03072500,WORLD MEDICINE INSTITUTE                ,HI,96826-0000,Private      ,20,38,58,20,38,58
03649300,HAWAII TECHNOLOGY INSTITUTE             ,HI,96813-3036,Private      ,23,50,73,23,50,73
03735300,INST OF CLINICAL ACUPUNCTURE & ORIENT MD,HI,96813-2307,Proprietary  ,3,15,18,3,15,18
03999400,TRADITIONAL CHINESE MEDICAL COLLEGE OF H,HI,96743-8324,Private      ,2,19,21,2,19,21
04154100,PACIFIC RIM BIBLE COLLEGE               ,HI,96819-2228,Private      ,29,31,60,29,31,60
00161600,BOISE STATE UNIVERSITY                  ,ID,83725-1000,Public       ,9471,7477,16948,9471,7477,16948
00161700,"COLLEGE OF IDAHO, THE                   ",ID,83605-4432,Private      ,1231,172,1403,1231,172,1403
00161900,COLLEGE OF SOUTHERN IDAHO               ,ID,83301-0000,Public       ,1778,1546,3324,1778,1546,3324
00161908,COLLEGE OF WESTERN IDAHO                ,ID,83687-1515,Public       ,1522,2048,3570,1522,2048,3570
00162000,IDAHO STATE UNIVERSITY                  ,ID,83209-5377,Public       ,3076,3807,6883,3076,3807,6883
00162100,LEWIS-CLARK STATE COLLEGE               ,ID,83501-2698,Public       ,1925,1431,3356,1925,1431,3356
00162300,NORTH IDAHO COLLEGE                     ,ID,83814-2199,Public       ,1910,2154,4064,1910,2154,4064
00162400,NORTHWEST NAZARENE UNIVERSITY           ,ID,83686-5897,Private      ,1192,490,1682,1192,490,1682
00162500,BRIGHAM YOUNG UNIVERSITY-IDAHO          ,ID,83460-1650,Private      ,4277,1904,6181,4277,1904,6181
00162600,UNIVERSITY OF IDAHO                     ,ID,83844-4291,Public       ,7998,3180,11178,7998,3180,11178
00455300,ITT TECHNICAL INSTITUTE                 ,ID,83713-1529,Proprietary  ,162,327,489,162,327,489
00458304,BROWN MACKIE COLLEGE-SOUTH BEND - BROWN ,ID,83709-2746,Proprietary  ,62,269,331,62,269,331
00987300,MR JUAN'S CLG OF HAIR DESIGN            ,ID,83301-4154,Proprietary  ,12,17,29,12,17,29
01113300,EASTERN IDAHO TECHNICAL COLLEGE         ,ID,83404-5788,Public       ,207,646,853,207,646,853
02218000,APOLLO COLLEGE                          ,ID,83704-0000,Proprietary  ,127,367,494,127,367,494
02234500,BOISE BIBLE COLLEGE                     ,ID,83714-1220,Private      ,96,33,129,96,33,129
02275800,MR LEONS SCHOOL OF HAIR DESIGN          ,ID,83843-8384,Proprietary  ,8,7,15,8,7,15
02275801,MR. LEON'S SCHOOL OF HAIR DESIGN        ,ID,83501-1910,Proprietary  ,4,9,13,4,9,13
02314000,SCHOOL OF HAIRSTYLING (THE)             ,ID,83202-0000,Proprietary  ,17,26,43,17,26,43
02319800,HEADMASTERS SCHOOL OF HAIR DESIGN       ,ID,83814-0000,Proprietary  ,31,54,85,31,54,85
02349200,HEADMASTERS SCHOOL OF HAIR DESIGN       ,ID,83501-0000,Proprietary  ,10,13,23,10,13,23
02559500,RAZZLE DAZZLE CLG OF HAIR DESIGN        ,ID,83686-5104,Proprietary  ,20,50,70,20,50,70
02607100,SCOT LEWIS SCHOOLS                      ,ID,83709-1662,Proprietary  ,56,58,114,56,58,114
03098700,ACADEMY OF COURT REPORTING              ,ID,83704-8320,Proprietary  ,46,214,260,46,214,260
03832400,COSMETOLOGY SCHOOL OF ARTS & SCIENCES   ,ID,83318-1327,Proprietary  ,10,24,34,10,24,34
04134300,EVANS HAIRSTYLING COLLEGE               ,ID,83440-5277,Proprietary  ,16,17,33,16,17,33
04144500,HAIR ACDMY PAUL MITCHELL PARTNER SCHOOL ,ID,83440-2600,Proprietary  ,28,31,59,28,31,59
04150600,D & L ACADEMY OF HAIR DESIGN            ,ID,83301-6229,Proprietary  ,7,12,19,7,12,19
04155200,OLIVER FINLEY ACADEMY OF COSMETOLOGY    ,ID,83704-8011,Proprietary  ,38,42,80,38,42,80
04163800,MASTER EDUCATORS BEAUTY SCHOOL          ,ID,83301-4118,Proprietary  ,7,24,31,7,24,31
00163200,AQUINAS INSTITUTE OF THEOLOGY           ,MO,63108-3323,Private      ,4,43,47,4,43,47
00244900,AVILA COLLEGE                           ,MO,64145-1698,Private      ,822,720,1542,822,720,1542
00245000,CALVARY BIBLE COLLEGE                   ,MO,64147-1341,Private      ,88,66,154,88,66,154
00245200,CENTRAL BIBLE COLLEGE                   ,MO,65803-1096,Private      ,261,136,397,261,136,397
00245300,CENTRAL METHODIST UNIVERSITY            ,MO,65248-1198,Private      ,1139,485,1624,1139,485,1624
00245301,CENTRAL METHODIST UNIVERSITY            ,MO,63601-0000,Private      ,55,109,164,55,109,164
00245302,CENTRAL METHODIST UNIVERSITY- UNION     ,MO,63084-0000,Private      ,30,48,78,30,48,78
00245400,UNIVERSITY OF CENTRAL MISSOURI          ,MO,64093-5178,Public       ,5528,2231,7759,5528,2231,7759
00245600,COLUMBIA COLLEGE                        ,MO,65216-4581,Private      ,1736,8977,10713,1736,8977,10713
00245700,CONCORDIA SEMINARY                      ,MO,63105-3199,Private      ,3,399,402,3,399,402
00245800,COTTEY COLLEGE                          ,MO,64772-2790,Private      ,271,26,297,271,26,297
00245900,CROWDER COLLEGE                         ,MO,64850-9165,Public       ,1087,1021,2108,1087,1021,2108
00246000,CULVER STOCKTON COLLEGE                 ,MO,63435-1299,Private      ,814,91,905,814,91,905
00246100,DRURY UNIVERSITY                        ,MO,65802-3791,Private      ,1717,1917,3634,1717,1917,3634
00246200,EDEN THEOLOGICAL SEMINARY               ,MO,63119-0000,Private      ,3,40,43,3,40,43
00246300,EVANGEL UNIVERSITY                      ,MO,65802-2125,Private      ,1489,362,1851,1489,362,1851
00246400,FONTBONNE UNIVERSITY                    ,MO,63105-3098,Private      ,846,1221,2067,846,1221,2067
00246600,HARRIS-STOWE STATE COLLEGE              ,MO,63103-2199,Public       ,749,697,1446,749,697,1446
00246700,CONCEPTION SEMINARY COLLEGE             ,MO,64433-0502,Private      ,24,6,30,24,6,30
00246800,JEFFERSON COLLEGE                       ,MO,63050-2441,Public       ,1310,1177,2487,1310,1177,2487
00247100,ST LOUIS COMMUNITY COLLEGE              ,MO,63102-0000,Public       ,4048,5107,9155,4048,5107,9155
00247300,KANSAS CITY ART INSTITUTE               ,MO,64111-1874,Private      ,907,152,1059,907,152,1059
00247400,KANSAS CITY UNIV OF MED AND BIOSCIENCES ,MO,64106-0000,Private      ,31,501,532,31,501,532
00247600,KENRICK-GLENNON SEMINARY                ,MO,63119-0000,Private      ,1,2,3,1,2,3
00247600,KENRICK-GLENNON SEMINARY                ,MO,63119-4330,Private      ,3,1,4,3,1,4
00247700,A.T. STILL UNIV OF HEALTH SCIENCES      ,MO,63501-0000,Private      ,8,1309,1317,8,1309,1317
00247900,LINCOLN UNIVERSITY                      ,MO,65101-3500,Public       ,1885,795,2680,1885,795,2680
00248000,LINDENWOOD UNIVERSITY                   ,MO,63301-1695,Private      ,4079,3364,7443,4079,3364,7443
00248200,MARYVILLE UNIVERSITY                    ,MO,63141-7299,Private      ,1818,1268,3086,1818,1268,3086
00248400,METROPOLITAN COMMUNITY COLLEGE          ,MO,64111-2408,Public       ,4035,5372,9407,4035,5372,9407
00248500,MIDWESTERN BAPTIST THEOL SEMINARY       ,MO,64118-4697,Private      ,24,67,91,24,67,91
00248600,MINERAL AREA COLLEGE                    ,MO,63601-1000,Public       ,928,937,1865,928,937,1865
00248800,MISSOURI SOUTHERN STATE UNIVERSITY      ,MO,64801-1595,Public       ,2366,1675,4041,2366,1675,4041
00248900,MISSOURI VALLEY COLLEGE                 ,MO,65340-3197,Private      ,1153,256,1409,1153,256,1409
00249000,MISSOURI WESTERN STATE UNIVERSITY       ,MO,64507-2294,Public       ,3562,1669,5231,3562,1669,5231
00249100,MOBERLY AREA COMMUNITY COLLEGE          ,MO,65270-1304,Public       ,1503,1491,2994,1503,1491,2994
00249400,NAZARENE THEOLOGICAL SEMINARY           ,MO,64131-1246,Private      ,1,108,109,1,108,109
00249500,TRUMAN STATE UNIVERSITY                 ,MO,63501-4221,Public       ,4743,380,5123,4743,380,5123
00249600,NORTHWEST MISSOURI STATE UNIV           ,MO,64468-6001,Public       ,5189,758,5947,5189,758,5947
00249800,PARK UNIVERSITY                         ,MO,64152-3795,Private      ,670,2866,3536,670,2866,3536
00249900,ROCKHURST UNIVERSITY                    ,MO,64110-2561,Private      ,1567,679,2246,1567,679,2246
00250000,COLLEGE OF THE OZARKS                   ,MO,65726-2502,Private      ,2804,262,3066,2804,262,3066
00250100,SOUTHEAST MISSOURI STATE UNIV           ,MO,63701-4799,Public       ,6426,2084,8510,6426,2084,8510
00250200,SOUTHWEST BAPTIST UNIVERSITY            ,MO,65613-2597,Private      ,1664,736,2400,1664,736,2400
00250300,MISSOURI STATE UNIVERSITY               ,MO,65897-0094,Public       ,9888,3530,13418,9888,3530,13418
00250400,ST LOUIS COLLEGE OF PHARMACY            ,MO,63110-1088,Private      ,671,403,1074,671,403,1074
00250600,SAINT LOUIS UNIVERSITY                  ,MO,63103-2097,Private      ,8027,4809,12836,8027,4809,12836
00250900,SAINT PAUL SCHOOL OF THEOLOGY           ,MO,64127-2499,Private      ,2,125,127,2,125,127
00251200,STEPHENS COLLEGE                        ,MO,65215-0001,Private      ,825,335,1160,825,335,1160
00251400,NORTH CENTRAL MISSOURI COLLEGE          ,MO,64683-1824,Public       ,486,417,903,486,417,903
00251600,UNIVERSITY OF MISSOURI-COLUMBIA         ,MO,65211-1600,Public       ,19058,5446,24504,19058,5446,24504
00251700,MISSOURI UNIVERSITY OF SCIENCE & TECHNOL,MO,65409-0250,Public       ,4252,751,5003,4252,751,5003
00251800,UNIVERSITY OF MISSOURI-KANSAS CITY      ,MO,64110-2497,Public       ,4757,4464,9221,4757,4464,9221
00251900,UNIVERSITY OF MISSOURI-ST LOUIS         ,MO,63121-4499,Public       ,3551,4249,7800,3551,4249,7800
00252000,WASHINGTON UNIVERSITY                   ,MO,63130-4899,Private      ,12456,4492,16948,12456,4492,16948
00252001,WASHINGTON UNIV-SCHOOL OF MEDICINE      ,MO,63110-0000,Private      ,62,924,986,62,924,986
00252100,WEBSTER UNIVERSITY                      ,MO,63119-3194,Private      ,2450,5479,7929,2450,5479,7929
00252200,WENTWORTH MILITARY ACADEMY              ,MO,64067-1799,Private      ,68,84,152,68,84,152
00252300,WESTMINSTER COLLEGE                     ,MO,65251-1299,Private      ,1228,77,1305,1228,77,1305
00252400,WILLIAM JEWELL COLLEGE                  ,MO,64068-1896,Private      ,1351,170,1521,1351,170,1521
00252500,WILLIAM WOODS UNIVERSITY                ,MO,65251-2388,Private      ,813,529,1342,813,529,1342
00405704,NATIONAL AMERICAN UNIVERSITY            ,MO,64057-1791,Proprietary  ,26,216,242,26,216,242
00441300,ST JOHNS HOSP SCH RAD TECH              ,MO,65802-0000,Private      ,49,41,90,49,41,90
00470300,LOGAN COLLEGE OF CHIROPRACTIC           ,MO,63006-1065,Private      ,36,767,803,36,767,803
00470700,COVENANT THEOLOGICAL SEMINARY           ,MO,63141-8697,Private      ,4,286,290,4,286,290
00471100,LINN STATE TECHNICAL COLLEGE            ,MO,65051-9607,Public       ,876,231,1107,876,231,1107
00471300,THREE RIVERS COMMUNITY COLLEGE          ,MO,63901-2393,Public       ,866,924,1790,866,924,1790
00528800,KIRKSVILLE AREA TECHNICAL CENTER        ,MO,63501-0000,Public       ,16,29,45,16,29,45
00528900,WAYNESVILLE CAREER CENTER               ,MO,65583-2131,Public       ,26,46,72,26,46,72
00542400,SOUTH CENTRAL CAREER CENTER             ,MO,65775-3334,Public       ,17,42,59,17,42,59
00542600,SIKESTON CAREER AND TECHNOLOGY CTR      ,MO,63801-0000,Public       ,37,63,100,37,63,100
00542900,ROLLA TECHNICAL INSTITUTE               ,MO,65401-3601,Public       ,186,149,335,186,149,335
00543000,POPLAR BLUFF TECHNICAL CAREER CNTR      ,MO,63901-0000,Public       ,26,63,89,26,63,89
00543800,SALINE COUNTY CAREER CENTER             ,MO,65340-0000,Public       ,10,45,55,10,45,55
00544500,TRUMAN MEDICAL CENTER SCHOOL OF NURSE AN,MO,64108-2677,Private      ,37,83,120,37,83,120
00553100,GRAND RIVER TECHNICAL SCHOOL            ,MO,64601-1299,Public       ,56,20,76,56,20,76
00553200,CAPE GIRARDEAU CAREER & TECHNOLOGY CENTE,MO,63703-7511,Public       ,75,176,251,75,176,251
00638500,CHAMBERLAIN COLLEGE OF NURSING          ,MO,63139-3297,Proprietary  ,524,2386,2910,524,2386,2910
00638900,BARNES JEWISH COLLEGE OF NURSING AND ALL,MO,63110-1091,Private      ,207,406,613,207,406,613
00639200,RESEARCH COLLEGE OF NURSING             ,MO,64132-1199,Proprietary  ,78,155,233,78,155,233
00639201,RESEARCH MEDICAL CENTER - COLLEGE OF NUR,MO,64132-1199,Proprietary  ,10,35,45,10,35,45
00639202,RESEARCH MED CTR SCHL OF RAD TECH       ,MO,64132-0000,Proprietary  ,9,33,42,9,33,42
00666600,LUTHERAN  SCHOOL OF NURSING             ,MO,63118-3909,Proprietary  ,56,158,214,56,158,214
00754000,MISSOURI BAPTIST UNIVERSITY             ,MO,63141-8698,Private      ,1119,1032,2151,1119,1032,2151
00755700,ITT TECHNICAL INSTITUTE                 ,MO,63045-1122,Proprietary  ,163,246,409,163,246,409
00808000,STATE FAIR COMMUNITY COLLEGE            ,MO,65301-0000,Public       ,1101,1101,2202,1101,1101,2202
00826900,HILLYARD TECHNICAL CENTER               ,MO,64506-0000,Public       ,69,131,200,69,131,200
00855200,PATRICIA STEVENS COLLEGE                ,MO,63102-2334,Proprietary  ,22,35,57,22,35,57
00860600,TRI-COUNTY TECHNICAL SCHOOL             ,MO,65026-0000,Public       ,10,30,40,10,30,40
00886200,EAST CENTRAL COLLEGE                    ,MO,63084-0529,Public       ,1283,1083,2366,1283,1083,2366
00908900,HANNIBAL-LAGRANGE COLLEGE               ,MO,63401-1999,Private      ,532,215,747,532,215,747
00952000,NATIONAL ACADEMY OF BEAUTY ARTS         ,MO,63128-1307,Proprietary  ,41,102,143,41,102,143
00959000,INDEPENDENCE COLLEGE OF COSMETOLOGY     ,MO,64055-1105,Proprietary  ,16,24,40,16,24,40
00960700,HOUSE OF HEAVILIN BEAUTY COLLEGE        ,MO,64110-2826,Proprietary  ,13,41,54,13,41,54
00978200,SAINT LUKE'S COLLEGE                    ,MO,64114-3237,Private      ,57,142,199,57,142,199
00979500,MISSOURI COLLEGE                        ,MO,63144-2901,Proprietary  ,104,303,407,104,303,407
01014814,COLORADO TECHNL UNIV NORTH KANSAS CITY  ,MO,64116-3614,Proprietary  ,111,734,845,111,734,845
01027900,HICKEY COLLEGE                          ,MO,63146-0000,Proprietary  ,147,92,239,147,92,239
01040500,PINNACLE CAREER INSTITUTE               ,MO,64131-3367,Proprietary  ,50,454,504,50,454,504
01040501,PINNACLE CAREER INSTITUTE - NORTH KANSAS,MO,64153-1151,Proprietary  ,5,68,73,5,68,73
01050303,WICHITA TECHNICAL INSTITUTE - WTI JOPLIN,MO,64801-2970,Proprietary  ,9,93,102,9,93,102
01072717,DEVRY INSTITUTE OF TECHNOLOGY           ,MO,64131-3626,Proprietary  ,125,177,302,125,177,302
01102600,WARRENSBURG AREA VOC TECH SCH           ,MO,64093-0000,Public       ,21,45,66,21,45,66
01173500,PIKE/LINCOLN TECHNICAL CENTER           ,MO,63344-0000,Public       ,29,55,84,29,55,84
01212000,ASSEMBLIES OF GOD THEO. SEMINARY        ,MO,65802-0000,Private      ,11,87,98,11,87,98
01250000,RANKEN TECHNICAL COLLEGE                ,MO,63113-2811,Private      ,668,501,1169,668,501,1169
01258000,ST LOUIS CHRISTIAN COLLEGE              ,MO,63033-6499,Private      ,76,64,140,76,64,140
01320800,BAPTIST BIBLE COLLEGE                   ,MO,65803-3498,Private      ,143,66,209,143,66,209
02056100,FOUR RIVERS CAREER CENTER               ,MO,63090-0000,Public       ,10,23,33,10,23,33
02066900,NICHOLS CAREER CENTER                   ,MO,65101-2814,Public       ,58,86,144,58,86,144
02068200,COX HEALTH - COX COLLEGE                ,MO,65802-0000,Private      ,145,371,516,145,371,516
02068202,COX HEALTH - RADIOLOGIC TECHNOLOGY      ,MO,65802-0000,Private      ,37,50,87,37,50,87
02068204,COX HEALTH - MEDICAL TECHNOLOGY         ,MO,65807-0000,Private      ,32,40,72,32,40,72
02073600,KENNETT CAREER & TECHNOLOGY CENTER      ,MO,63857-0000,Public       ,4,33,37,4,33,37
02090400,BOONSLICK TECHNICAL EDUCATION CTR       ,MO,65233-0000,Public       ,14,32,46,14,32,46
02121100,MIDWEST INSTITUTE                       ,MO,63122-0000,Proprietary  ,13,38,51,13,38,51
02124500,FRANKLIN TECHNOLOGY CENTER              ,MO,64801-0000,Public       ,39,139,178,39,139,178
02142200,LEX LA RAY TECHNICAL CENTER             ,MO,64067-0000,Public       ,16,54,70,16,54,70
02151000,HANNIBAL CAREER AND TECHNICAL CENTE     ,MO,63401-2285,Public       ,22,58,80,22,58,80
02164200,FOREST INST PROFESSIONAL PSYCHOLOGY     ,MO,65807-0000,Private      ,14,178,192,14,178,192
02165900,CHILLICOTHE BEAUTY ACADEMY              ,MO,64601-0000,Proprietary  ,6,9,15,6,9,15
02180200,METRO BUSINESS COLLEGE                  ,MO,63701-0000,Proprietary  ,53,284,337,53,284,337
02188100,NORTHLAND CAREER CENTER                 ,MO,64079-8333,Public       ,11,47,58,11,47,58
02202700,OZARK CHRISTIAN COLLEGE                 ,MO,64801-0000,Private      ,299,66,365,299,66,365
02203400,NEVADA REGIONAL TECHNICAL CENTER        ,MO,64772-0000,Public       ,16,25,41,16,25,41
02205200,SANFORD-BROWN COLLEGE                   ,MO,63026-7305,Proprietary  ,65,514,579,65,514,579
02205203,SANFORD BROWN COLLEGE-ST. PETERS        ,MO,63301-4042,Proprietary  ,59,418,477,59,418,477
02214500,SALEM COLLEGE OF HAIRSTYLING            ,MO,65401-0000,Proprietary  ,7,6,13,7,6,13
02239200,ALLIED COLLEGE - NORTH                  ,MO,63043-0000,Proprietary  ,115,340,455,115,340,455
02239202,ALLIED COLLEGE - METRO SOUTH            ,MO,63026-0000,Proprietary  ,23,56,79,23,56,79
02250600,EVEREST COLLEGE                         ,MO,65807-2446,Proprietary  ,33,111,144,33,111,144
02263106,ANTHEM COLLEGE - HIGH-TECH INSTITUTE - K,MO,64114-3232,Proprietary  ,15,38,53,15,38,53
02263400,LAKE CAREER AND TECHNICAL CENTER        ,MO,65020-0000,Public       ,4,21,25,4,21,25
02266400,CENTRAL CHRISTIAN CLG OF THE BIBLE      ,MO,65270-0000,Private      ,88,42,130,88,42,130
02277500,HOUSE OF HEAVILIN OF BLUE SPRINGS       ,MO,64014-3953,Proprietary  ,12,29,41,12,29,41
02289200,COLUMBIA AREA CAREER CENTER             ,MO,65203-0000,Public       ,43,134,177,43,134,177
02295700,MISSOURI BEAUTY ACADEMY                 ,MO,63640-1827,Proprietary  ,11,35,46,11,35,46
02300105,EVEREST COLLEGE - EARTH CITY            ,MO,63045-1100,Proprietary  ,70,368,438,70,368,438
02304000,MISSOURI TECH                           ,MO,63132-0000,Proprietary  ,36,65,101,36,65,101
02309100,AMERICAN COLLEGE OF HAIR DESIGN         ,MO,65301-2144,Proprietary  ,14,17,31,14,17,31
02313000,CASS CAREER CENTER                      ,MO,64701-0000,Public       ,15,45,60,15,45,60
02340500,ST LOUIS COLLEGE OF HEALTH CAREERS      ,MO,63110-0000,Proprietary  ,55,223,278,55,223,278
02340501,ST LOUIS COLLEGE OF HEALTH              ,MO,63129-0000,Proprietary  ,22,56,78,22,56,78
02342100,CAREER & TECHNOLOGY CTR AT FT OSAGE     ,MO,64058-0000,Public       ,6,24,30,6,24,30
02361600,CONCORDE CAREER COLLEGE                 ,MO,64111-0000,Proprietary  ,54,315,369,54,315,369
02497500,CLINTON TECHNICAL SCHOOL                ,MO,64735-2966,Public       ,9,31,40,9,31,40
02520800,MERRELL UNIV OF BTY ARTS & SCIENCES     ,MO,65109-0000,Proprietary  ,29,47,76,29,47,76
02530600,SAINT CHARLES COMMUNITY COLLEGE         ,MO,63376-0975,Public       ,1719,1065,2784,1719,1065,2784
02543800,PARIS II EDUCATIONAL CENTER (THE)       ,MO,64118-0000,Proprietary  ,11,32,43,11,32,43
02555300,PATSY AND ROB'S ACADEMY OF BEAUTY       ,MO,63074-0000,Proprietary  ,9,14,23,9,14,23
02564700,ELAINE STEVEN BEAUTY COLLEGE            ,MO,63136-0000,Proprietary  ,10,27,37,10,27,37
02564701,ELAINE STEVEN BEAUTY COLLEGE - ADVANCE B,MO,63383-2006,Proprietary  ,0,4,4,0,4,4
02564702,ELAINE STEVEN BEAUTY COLLEGE - ADVANCE B,MO,63401-2269,Proprietary  ,5,2,7,5,2,7
02568500,GRABBER SCHOOL OF HAIR DESIGN           ,MO,63011-0000,Proprietary  ,10,21,31,10,21,31
02599700,VATTEROTT COLLEGE                       ,MO,63134-2900,Proprietary  ,65,463,528,65,463,528
02599701,VATTEROTT COLLEGE - KANSAS CITY         ,MO,64129-1692,Proprietary  ,52,315,367,52,315,367
02599702,VATTEROTT COLLEGE - SPRINGFIELD LOCATION,MO,65807-5340,Proprietary  ,57,326,383,57,326,383
02599703,VATTEROTT COLLEGE - JOPLIN              ,MO,64801-5033,Proprietary  ,49,385,434,49,385,434
02599705,VATTEROTT COLLEGE - SUNSET HILLS        ,MO,63127-1516,Proprietary  ,40,287,327,40,287,327
02599712,VATTEROTT COLLEGE - O'FALLON            ,MO,63366-2748,Proprietary  ,29,141,170,29,141,170
02608000,NEOSHO BEAUTY COLLEGE                   ,MO,64850-1525,Proprietary  ,8,15,23,8,15,23
02609202,VATTEROTT COLLEGE-ST JOSEPH             ,MO,64501-2911,Proprietary  ,43,183,226,43,183,226
02609203,VATTEROTT COLLEGE - L'ECOLE CULINAIRE   ,MO,63124-1103,Proprietary  ,64,285,349,64,285,349
02611004,HERITAGE COLLEGE-KANSAS CITY            ,MO,64131-4203,Proprietary  ,56,241,297,56,241,297
03042400,LEBANON TECHNOLOGY & CAREER CENTER      ,MO,65536-3296,Public       ,8,41,49,8,41,49
03066300,BRYAN CAREER COLLEGE                    ,MO,65806-2507,Proprietary  ,27,200,227,27,200,227
03068600,SPECIAL SCHOOL DISTRICT OF ST. LOUIS CO.,MO,63127-0000,Public       ,14,188,202,14,188,202
03070200,CENTRAL COLLEGE OF COSMETOLOGY          ,MO,65583-0000,Proprietary  ,5,18,23,5,18,23
03070900,SE MO HOSP CLG NURSING & HEALTH SCI     ,MO,63703-4507,Private      ,102,159,261,102,159,261
03077200,COSMETOLOGY CONCEPTS INSTITUTE          ,MO,65202-1972,Proprietary  ,10,36,46,10,36,46
03083000,OZARKS TECHNICAL COMMUNITY COLLEGE      ,MO,65802-3601,Public       ,2996,4095,7091,2996,4095,7091
03092600,MESSENGER COLLEGE                       ,MO,64804-4909,Private      ,13,19,32,13,19,32
03097600,ST LOUIS HAIR ACADEMY                   ,MO,63107-1737,Proprietary  ,10,24,34,10,24,34
03101000,NEW DIMENSION SCHOOL OF HAIR DESIGN     ,MO,64801-5017,Proprietary  ,7,10,17,7,10,17
03106000,MISSOURI STATE UNIVERSITY - WEST PLAINS ,MO,65775-2715,Public       ,706,531,1237,706,531,1237
03110900,HOUSE OF HEAVILIN BEAUTY COLLEGE        ,MO,64030-1154,Proprietary  ,9,17,26,9,17,26
03166300,MOBERLY AREA TECHNICAL CENTER           ,MO,65270-1904,Public       ,24,30,54,24,30,54
03519300,MISSOURI COLLEGE OF COSMETOLOGY NORTH   ,MO,65803-1235,Proprietary  ,21,66,87,21,66,87
03528300,MIDWEST UNIVERSITY                      ,MO,63385-2905,Private      ,7,27,34,7,27,34
03579300,TEXAS COUNTY TECHNICAL INSTITUTE        ,MO,65483-2700,Private      ,15,131,146,15,131,146
03616300,AVIATION INSTITUTE OF MAINTENANCE       ,MO,64129-1811,Proprietary  ,22,188,210,22,188,210
03663400,UNIVERSITY OF COSMETOLOGY               ,MO,63080-1910,Proprietary  ,3,10,13,3,10,13
03878300,PROFESSIONAL MASSAGE TRAINING CENTER    ,MO,65803-2939,Proprietary  ,22,37,59,22,37,59
03916300,ECLIPS SCHOOL OF COSMETOLOGY AND BARBERI,MO,63703-5809,Proprietary  ,9,28,37,9,28,37
03924300,HAIR ACADEMY 110 (THE)                  ,MO,63501-2915,Proprietary  ,7,16,23,7,16,23
03970400,MTTI-WELLSPRING CENTER FOR NATURAL HEALT,MO,64114-3313,Proprietary  ,9,21,30,9,21,30
04037500,ACADEMY OF HAIR DESIGN                  ,MO,65804-2303,Proprietary  ,26,47,73,26,47,73
04118700,AMERICAN COLLEGE OF TECHNOLOGY          ,MO,64506-2006,Proprietary  ,14,40,54,14,40,54
04119100,CITY VISION COLLEGE                     ,MO,64141-3188,Private      ,5,27,32,5,27,32
04127000,PEMISCOT COUNTY SPECIAL SCHOOL DISTRICT ,MO,63851-1666,Public       ,5,38,43,5,38,43
04130600,HEALING ARTS CENTER                     ,MO,63143-2103,Proprietary  ,10,35,45,10,35,45
04133300,TREND SETTERS SCHOOL OF COSMETOLOGY     ,MO,63702-7607,Proprietary  ,17,35,52,17,35,52
04145200,TRANSFORMED BARBER AND COSMETOLOGY ACADE,MO,64137-1207,Proprietary  ,26,71,97,26,71,97
04145700,THE SYSTEM A PAUL MITCHELL PARTNER SCHL ,MO,65807-5969,Proprietary  ,43,70,113,43,70,113
04146100,URSHAN GRADUATE SCHOOL OF THEOLOGY      ,MO,63031-7526,Private      ,4,11,15,4,11,15
00163201,AQUINAS INSTITUTE OF THEOLOGY - MINISTRY,OK,73123-0380,Private      ,0,2,2,0,2,2
00314600,WESTERN OKLAHOMA STATE COLLEGE          ,OK,73521-1397,Public       ,212,262,474,212,262,474
00314700,BACONE COLLEGE                          ,OK,74403-1597,Private      ,353,256,609,353,256,609
00314900,SOUTHERN NAZARENE UNIVERSITY            ,OK,73008-2694,Private      ,647,449,1096,647,449,1096
00315000,CAMERON UNIVERSITY                      ,OK,73505-6377,Public       ,942,1163,2105,942,1163,2105
00315100,OKLAHOMA WESLEYAN UNIVERSITY            ,OK,74006-6299,Private      ,485,357,842,485,357,842
00315200,UNIV OF CENTRAL OKLAHOMA                ,OK,73034-5209,Public       ,4109,2473,6582,4109,2473,6582
00315300,CONNORS STATE COLLEGE                   ,OK,74469-9700,Public       ,460,517,977,460,517,977
00315400,EAST CENTRAL UNIVERSITY                 ,OK,74820-6999,Public       ,1276,996,2272,1276,996,2272
00315500,EASTERN OKLAHOMA STATE COLLEGE          ,OK,74578-4999,Public       ,355,381,736,355,381,736
00315600,REDLANDS COMMUNITY COLLEGE              ,OK,73036-5304,Public       ,308,395,703,308,395,703
00315700,LANGSTON UNIVERSITY                     ,OK,73050-0000,Public       ,808,695,1503,808,695,1503
00315800,MURRAY STATE COLLEGE                    ,OK,73460-3137,Public       ,529,601,1130,529,601,1130
00316000,NORTHEASTERN OKLAHOMA A & M COLLEGE     ,OK,74354-6497,Public       ,818,469,1287,818,469,1287
00316100,NORTHEASTERN STATE UNIVERSITY           ,OK,74464-2399,Public       ,2507,2395,4902,2507,2395,4902
00316200,NORTHERN OKLAHOMA COLLEGE               ,OK,74653-0310,Public       ,659,685,1344,659,685,1344
00316300,NORTHWESTERN OKLAHOMA STATE UNIV        ,OK,73717-2799,Public       ,598,299,897,598,299,897
00316400,OKLAHOMA BAPTIST UNIVERSITY             ,OK,74801-2590,Private      ,1285,153,1438,1285,153,1438
00316500,OKLAHOMA CHRISTIAN UNIVERSITY           ,OK,73131-0000,Private      ,1140,246,1386,1140,246,1386
00316600,OKLAHOMA CITY UNIVERSITY                ,OK,73106-1493,Private      ,1563,1247,2810,1563,1247,2810
00316700,UNIV OF SCIENCE & ARTS OF OKLAHOMA      ,OK,73018-5322,Public       ,387,170,557,387,170,557
00316800,ROGERS STATE UNIVERSITY                 ,OK,74017-3252,Public       ,1105,1099,2204,1105,1099,2204
00317000,OKLAHOMA STATE UNIVERSITY               ,OK,74078-1015,Public       ,8301,3147,11448,8301,3147,11448
00317200,OKLAHOMA STATE UNIVERSITY-OKMULGEE      ,OK,74447-3901,Public       ,772,634,1406,772,634,1406
00317400,OKLAHOMA PANHANDLE STATE UNIVERSITY     ,OK,73939-0000,Public       ,402,121,523,402,121,523
00317600,CARL ALBERT STATE COLLEGE               ,OK,74953-5208,Public       ,579,778,1357,579,778,1357
00317800,SEMINOLE STATE COLLEGE                  ,OK,74818-1902,Public       ,321,433,754,321,433,754
00317900,SOUTHEASTERN OKLAHOMA STATE UNIV        ,OK,74701-0609,Public       ,1127,770,1897,1127,770,1897
00318000,SOUTHWESTERN CHRISTIAN UNIVERSITY       ,OK,73008-2335,Private      ,123,80,203,123,80,203
00318100,SOUTHWESTERN OKLAHOMA STATE UNIV        ,OK,73096-3098,Public       ,1460,641,2101,1460,641,2101
00318101,SOUTHWESTERN OK STATE UNIV AT SAYRE     ,OK,73662-0000,Public       ,71,80,151,71,80,151
00318300,ST GREGORY'S UNIVERSITY                 ,OK,74804-2499,Private      ,164,131,295,164,131,295
00318308,SAINT GREGORY'S UNIVERSITY - IPD TULSA  ,OK,74135-2499,Private      ,16,89,105,16,89,105
00318400,UNIVERSITY OF OKLAHOMA                  ,OK,73019-4078,Public       ,10527,4418,14945,10527,4418,14945
00318401,UNIVERSITY OF OKLAHOMA-HLTH SCI CTR     ,OK,73190-0000,Public       ,267,1760,2027,267,1760,2027
00318500,UNIVERSITY OF TULSA                     ,OK,74104-3189,Private      ,2052,999,3051,2052,999,3051
00398500,ORAL ROBERTS UNIVERSITY                 ,OK,74171-0001,Private      ,2034,750,2784,2034,750,2784
00458305,BROWN MACKIE COLLEGE-SOUTH BEND - BROWN ,OK,74146-5234,Proprietary  ,19,185,204,19,185,204
00531100,TULSA COUNTY AREA VOC TECH SCHOOL       ,OK,74145-0000,Public       ,88,483,571,88,483,571
00531200,RED RIVER TECHNOLOGY CENTER             ,OK,73533-2700,Public       ,5,38,43,5,38,43
00533900,METRO TECHNOLOGY CENTERS SCH DIST22     ,OK,73111-0000,Public       ,65,462,527,65,462,527
00533903,METRO TECHNOLOGY CENTERS SCH DIST22     ,OK,73129-0000,Public       ,32,153,185,32,153,185
00694200,MID-AMERICA CHRISTIAN UNIVERSITY        ,OK,73170-4504,Private      ,169,377,546,169,377,546
00767800,SPARTAN COLLEGE OF AERONAUTICS AND TECHN,OK,74115-5800,Proprietary  ,367,288,655,367,288,655
00791100,VIRGILS BEAUTY COLLEGE                  ,OK,74401-6802,Proprietary  ,1,10,11,1,10,11
00834300,AUTRY TECHNOLOGY CENTER                 ,OK,73703-2598,Public       ,31,93,124,31,93,124
00861900,TRI COUNTY TECHNOLOGY CENTER            ,OK,74006-6029,Public       ,33,91,124,33,91,124
00918500,ROSE STATE COLLEGE                      ,OK,73110-2799,Public       ,908,1624,2532,908,1624,2532
00920400,KIAMICHI AREA VOC TECH SCHOOL           ,OK,74578-0548,Public       ,71,298,369,71,298,369
00920408,KIAMICHI AREA VOC TECH SCHOOL           ,OK,74953-0000,Public       ,19,73,92,19,73,92
00961800,TULSA WELDING SCHOOL                    ,OK,74104-0000,Proprietary  ,317,231,548,317,231,548
00964700,"OKLAHOMA STATE UNIV, OKLA CITY          ",OK,73107-6159,Public       ,884,1800,2684,884,1800,2684
00970800,EVES COLLEGE OF HAIRSTYLING             ,OK,73501-4359,Proprietary  ,5,20,25,5,20,25
00976300,TULSA COMMUNITY COLLEGE                 ,OK,74135-6198,Public       ,2596,3903,6499,2596,3903,6499
00996300,CADDO KIOWA VOC TECH CENTER             ,OK,73038-0000,Public       ,26,88,114,26,88,114
00996400,CENTRAL OKLAHOMA AREA VOC TECH SCH      ,OK,74030-9613,Public       ,21,88,109,21,88,109
00996500,CANADIAN VALLEY TECHNOLOGY CENTER       ,OK,73036-9117,Public       ,16,131,147,16,131,147
00996800,GORDON COOPER TECHNOLOGY CENTER         ,OK,74804-9913,Public       ,43,155,198,43,155,198
01005300,INDIAN CAPITAL TECHNOLGY CENTER #4      ,OK,74403-9907,Public       ,48,257,305,48,257,305
01026600,HILLSDALE FREE WILL BAPTIST COLLEGE     ,OK,73153-0000,Private      ,65,22,87,65,22,87
01034200,SOUTHERN OKLAHOMA TECHNOLOGY CENTER     ,OK,73401-2100,Public       ,28,88,116,28,88,116
01039100,OKLAHOMA CITY COMMUNITY COLLEGE         ,OK,73159-4444,Public       ,1541,2732,4273,1541,2732,4273
01050304,WTI TULSA CAMPUS                        ,OK,74112-3140,Proprietary  ,4,54,58,4,54,58
01071700,GREAT PLAINS TECHNOLOGY CENTER SCHOOL DI,OK,73505-8399,Public       ,39,137,176,39,137,176
01076200,WESTERN OK AREA VOC TECH SCH DIST12     ,OK,73624-1469,Public       ,20,37,57,20,37,57
01120600,PIONEER TECHNOLOGY CENTER               ,OK,74601-1106,Public       ,16,58,74,16,58,74
01128200,OKLAHOMA STATE UNV CLG OSTEOPTHC MD     ,OK,74107-0000,Public       ,31,313,344,31,313,344
01153700,MID-AMERICA TECHNOLOGY CENTER           ,OK,73095-0210,Public       ,4,34,38,4,34,38
01227200,MOORE-NORMAN TECHNOLOGY CENTER          ,OK,73069-8399,Public       ,64,280,344,64,280,344
02052700,NORTHEAST TECHNOLOGY CENTER             ,OK,74361-0487,Public       ,26,180,206,26,180,206
02060800,MERIDIAN TECHNOLOGY CENTER              ,OK,74074-0000,Public       ,42,117,159,42,117,159
02126500,ENID BEAUTY COLLEGE                     ,OK,73701-0000,Proprietary  ,0,5,5,0,5,5
02184400,SAND SPRINGS BEAUTY COLLEGE             ,OK,74063-0000,Proprietary  ,3,23,26,3,23,26
02197300,HOLLYWOOD COSMETOLOGY CENTER            ,OK,73189-0000,Proprietary  ,5,10,15,5,10,15
02222700,FRANCIS TUTTLE TECHNOLOGY CENTER        ,OK,73142-0000,Public       ,92,412,504,92,412,504
02238500,CENTRAL STATE BEAUTY ACADEMY            ,OK,73162-6007,Proprietary  ,16,47,63,16,47,63
02250900,E OK COUNTY AREA VO-TECH                ,OK,73020-0000,Public       ,7,25,32,7,25,32
02256200,"BROKEN ARROW BEAUTY COLLEGE, INC        ",OK,74012-0000,Proprietary  ,16,45,61,16,45,61
02282100,HIGH PLAINS AREA VOC-TECH               ,OK,73801-0000,Public       ,13,27,40,13,27,40
02306800,PLATT COLLEGE                           ,OK,74145-0000,Proprietary  ,33,176,209,33,176,209
02510300,BEAUTY TECHNICAL COLLEGE                ,OK,74465-0000,Proprietary  ,2,5,7,2,5,7
02531200,WOODWARD BEAUTY COLLEGE                 ,OK,73801-0000,Proprietary  ,1,3,4,1,3,4
02554300,AMERICAN BEAUTY INSTITUTE               ,OK,74501-0000,Proprietary  ,6,19,25,6,19,25
02556500,YUKON BEAUTY COLLEGE                    ,OK,73099-4108,Proprietary  ,0,9,9,0,9,9
02560200,PHILLIPS THEOLOGICAL SEMINARY -         ,OK,74116-5612,Private      ,0,26,26,0,26,26
02581100,CLAREMORE BEAUTY COLLEGE                ,OK,74017-7034,Proprietary  ,1,5,6,1,5,6
02581200,CC'S COSMETOLOGY COLLEGE                ,OK,74129-0000,Proprietary  ,9,31,40,9,31,40
02591101,CAREER POINT INSTITUTE                  ,OK,74146-0000,Proprietary  ,16,60,76,16,60,76
02596501,ATI-CAREER TRAINING CENTER - OKLAHOMA CI,OK,73107-2442,Proprietary  ,6,46,52,6,46,52
02596502,ATI- CAREER TRAINING CENTER - OKLAHOMA C,OK,76101-2740,Proprietary  ,6,50,56,6,50,56
02597400,PONTOTOC TECHNOLOGY CENTER SCHOOL       ,OK,74820-8621,Public       ,27,77,104,27,77,104
02599706,VATTEROTT COLLEGE - TULSA               ,OK,74146-2205,Proprietary  ,12,109,121,12,109,121
02600000,NORTHWEST TECHNOLOG CTR SCH DIST 10     ,OK,73717-9600,Public       ,10,17,27,10,17,27
02600500,WES WATKINS TECHNOLOGY CENTER           ,OK,74883-9660,Public       ,10,30,40,10,30,40
02609205,VATTEROTT COLLEGE - OKLAHOMA CITY       ,OK,73127-2103,Proprietary  ,19,263,282,19,263,282
03008700,SOUTHWEST TECHNOLOGY CENTER             ,OK,73521-1527,Public       ,10,14,24,10,14,24
03024700,STILLWATER BEAUTY ACADEMY               ,OK,74075-3467,Proprietary  ,2,3,5,2,3,5
03030700,OKLAHOMA SCHOOL OF PHOTOGRAPHY          ,OK,73160-3320,Proprietary  ,12,36,48,12,36,48
03030800,AMERICAN BROADCASTING SCHOOL            ,OK,73115-3334,Proprietary  ,12,70,82,12,70,82
03051100,CHISHOLM TRAIL TECHNOLOGY CENTER        ,OK,73764-9720,Public       ,4,13,17,4,13,17
03078500,TECH INST OF COSMETOLOGY ARTS & SCI     ,OK,74120-3610,Proprietary  ,6,20,26,6,20,26
03103800,SOUTHERN SCHOOL OF BEAUTY               ,OK,74701-5008,Proprietary  ,5,12,17,5,12,17
03109800,PONCA CITY BEAUTY COLLEGE               ,OK,74601-4201,Proprietary  ,0,5,5,0,5,5
03109801,BARTLESVILLE BEAUTY COLLEGE             ,OK,74003-2835,Proprietary  ,1,4,5,1,4,5
03115100,HERITAGE COLLEGE                        ,OK,73119-0000,Proprietary  ,57,312,369,57,312,369
03124800,PLATT COLLEGE                           ,OK,73501-3808,Proprietary  ,12,49,61,12,49,61
03126200,GREEN COUNTRY AREA VOC TECH SCHOOL      ,OK,74447-1217,Public       ,9,46,55,9,46,55
03198400,MID-DEL AREA VOCATIONAL & TECH SCH      ,OK,73110-4825,Public       ,5,39,44,5,39,44
03329400,PRYOR BEAUTY COLLEGE                    ,OK,74361-0000,Proprietary  ,1,4,5,1,4,5
03329401,PRYOR BEAUTY COLLEGE - GROVE BEAUTY COLL,OK,74345-0009,Proprietary  ,3,0,3,3,0,3
03329402,PRYOR BEAUTY COLLEGE - NORTH EAST OKLAHO,OK,74338-0000,Proprietary  ,0,1,1,0,1,1
03367400,COMMUNITY CARE COLLEGE                  ,OK,74145-6420,Proprietary  ,75,374,449,75,374,449
03396300,OKLAHOMA HEALTH ACADEMY                 ,OK,74105-6220,Proprietary  ,21,56,77,21,56,77
03396400,OKLAHOMA HEALTH ACADEMY                 ,OK,73160-3667,Proprietary  ,6,31,37,6,31,37
03453400,SHAWNEE BEAUTY COLLEGE                  ,OK,74801-7014,Proprietary  ,0,5,5,0,5,5
03676300,FAMILY OF FAITH COLLEGE                 ,OK,74802-1805,Private      ,5,5,10,5,5,10
03831300,INSTITUTE OF HAIR DESIGN                ,OK,74804-0000,Proprietary  ,0,3,3,0,3,3
03928300,CENTRAL STATE MASSAGE ACADEMY           ,OK,73162-6007,Proprietary  ,5,17,22,5,17,22
04027300,4-STATES ACADEMY OF COSMETOLOGY         ,OK,74354-0000,Proprietary  ,4,8,12,4,8,12
04060300,AMERICAN INSTITUTE OF MEDICAL TECHNOLOGY,OK,74146-5201,Proprietary  ,18,68,86,18,68,86
04062300,OKLAHOMA TECHNOLOGY INSTITUTE           ,OK,73114-6318,Proprietary  ,19,49,68,19,49,68
04121300,4-STATES OKMULGEE ACADEMY OF COSMETOLOGY,OK,74447-0000,Proprietary  ,2,5,7,2,5,7
04133600,CUTTER'S EDGE SCHOOL OF COSMETOLOGY     ,OK,74023-2905,Proprietary  ,0,5,5,0,5,5
04144400,ACADEMY OF HAIR DESIGN (THE)            ,OK,73120-6808,Proprietary  ,13,45,58,13,45,58
00163700,BETHANY THEOLOGICAL SEMINARY            ,IN,47374-0000,Private      ,3,21,24,3,21,24
00178400,ANCILLA COLLEGE-FINANCIAL AID OFFC      ,IN,46513-0001,Private      ,450,463,913,450,463,913
00178500,ANDERSON UNIVERSITY                     ,IN,46012-3495,Private      ,2393,742,3135,2393,742,3135
00178600,BALL STATE UNIVERSITY                   ,IN,47306-0880,Public       ,20242,7635,27877,20242,7635,27877
00178700,BETHEL COLLEGE INC                      ,IN,46545-5591,Private      ,1567,1105,2672,1567,1105,2672
00178800,BUTLER UNIVERSITY                       ,IN,46208-3487,Private      ,6139,1435,7574,6139,1435,7574
00178900,CHRISTIAN THEOLOGICAL SEMINARY          ,IN,46208-0000,Private      ,5,162,167,5,162,167
00179200,DEPAUW UNIVERSITY                       ,IN,46135-0037,Private      ,3150,123,3273,3150,123,3273
00179300,EARLHAM COLLEGE                         ,IN,47374-4095,Private      ,1363,98,1461,1363,98,1461
00179301,EARLHAM SCHOOL OF RELIGION              ,IN,47374-0000,Private      ,18,20,38,18,20,38
00179500,UNIVERSITY OF EVANSVILLE                ,IN,47722-0002,Private      ,3748,676,4424,3748,676,4424
00179800,FRANKLIN COLLEGE OF INDIANA             ,IN,46131-2623,Private      ,1829,188,2017,1829,188,2017
00179900,GOSHEN COLLEGE                          ,IN,46526-4794,Private      ,911,314,1225,911,314,1225
00180000,GRACE COLLEGE & THEO SEMINARY           ,IN,46590-1224,Private      ,1454,734,2188,1454,734,2188
00180100,HANOVER COLLEGE                         ,IN,47243-0108,Private      ,1985,83,2068,1985,83,2068
00180300,HUNTINGTON UNIVERSITY                   ,IN,46750-1299,Private      ,1319,296,1615,1319,296,1615
00180400,UNIVERSITY OF INDIANAPOLIS              ,IN,46227-3697,Private      ,5597,3451,9048,5597,3451,9048
00180500,INDIANA INSTITUTE OF TECHNOLOGY         ,IN,46803-1297,Private      ,1740,2696,4436,1740,2696,4436
00180700,INDIANA STATE UNIVERSITY                ,IN,47809-2501,Public       ,10133,5165,15298,10133,5165,15298
00180800,UNIVERSITY OF SOUTHERN INDIANA          ,IN,47712-3596,Public       ,8399,2760,11159,8399,2760,11159
00180900,INDIANA UNIVERSITY-BLOOMINGTON          ,IN,47405-1223,Public       ,29552,9499,39051,29552,9499,39051
00181100,INDIANA UNIV-EAST                       ,IN,47374-1289,Public       ,1324,1586,2910,1324,1586,2910
00181300,INDIANA UNIV-PURDUE UNIV INDPLS         ,IN,46202-5145,Public       ,15821,16142,31963,15821,16142,31963
00181301,INDIANA UNIVERSITY - PURDUE UNIVERSITY I,IN,47203-1769,Public       ,1492,1447,2939,1492,1447,2939
00181400,INDIANA UNIV KOKOMO                     ,IN,46902-3557,Public       ,1576,1756,3332,1576,1756,3332
00181500,INDIANA UNIV-NORTHWEST                  ,IN,46408-1197,Public       ,2663,3313,5976,2663,3313,5976
00181600,INDIANA UNIVERSITY - SOUTH BEND         ,IN,46615-0000,Public       ,4379,4359,8738,4379,4359,8738
00181700,INDIANA UNIVERSITY-SOUTHEAST            ,IN,47150-6405,Public       ,3528,2729,6257,3528,2729,6257
00182000,MANCHESTER COLLEGE                      ,IN,46962-1276,Private      ,2298,164,2462,2298,164,2462
00182100,MARIAN UNIVERSITY                       ,IN,46222-1997,Private      ,1954,1626,3580,1954,1626,3580
00182200,INDIANA WESLEYAN UNIVERSITY             ,IN,46953-4974,Private      ,3933,6931,10864,3933,6931,10864
00182300,ASSOCIATED MENNONITE BIBLICAL SEM       ,IN,46517-1999,Private      ,4,54,58,4,54,58
00182400,OAKLAND CITY UNIVERSITY                 ,IN,47660-1099,Private      ,536,1850,2386,536,1850,2386
00182500,PURDUE UNIVERSITY                       ,IN,47907-2050,Public       ,29517,6415,35932,29517,6415,35932
00182600,PURDUE UNIV NORTH CENTRAL CAMPUS        ,IN,46391-9542,Public       ,2392,2318,4710,2392,2318,4710
00182700,PURDUE UNIV CALUMET                     ,IN,46323-2094,Public       ,4382,3945,8327,4382,3945,8327
00182800,INDIANA UNIV-PURDUE UNIV FORT WAYNE     ,IN,46805-1499,Public       ,8556,6378,14934,8556,6378,14934
00183000,ROSE HULMAN INSTITUTE OF TECHNOLOGY     ,IN,47803-3999,Private      ,2783,114,2897,2783,114,2897
00183200,UNIVERSITY OF SAINT FRANCIS             ,IN,46808-3994,Private      ,2036,1525,3561,2036,1525,3561
00183300,ST JOSEPH'S COLLEGE                     ,IN,47978-0000,Private      ,1218,125,1343,1218,125,1343
00183400,CALUMET COLLEGE OF SAINT JOSEPH         ,IN,46394-2195,Private      ,428,561,989,428,561,989
00183500,SAINT MARY-OF-THE-WOODS COLLEGE         ,IN,47876-0067,Private      ,452,931,1383,452,931,1383
00183600,ST MARY'S COLLEGE                       ,IN,46556-5007,Private      ,1708,70,1778,1708,70,1778
00183800,TAYLOR UNIVERSITY                       ,IN,46989-1001,Private      ,2362,217,2579,2362,217,2579
00183900,TRINE UNIVERSITY                        ,IN,46703-1764,Private      ,2495,655,3150,2495,655,3150
00184000,UNIVERSITY OF NOTRE DAME                ,IN,46556-5602,Private      ,11770,3086,14856,11770,3086,14856
00184200,VALPARAISO UNIVERSITY                   ,IN,46383-6493,Private      ,3955,1546,5501,3955,1546,5501
00184300,VINCENNES UNIVERSITY                    ,IN,47591-1523,Public       ,5942,3114,9056,5942,3114,9056
00184400,WABASH COLLEGE                          ,IN,47933-0352,Private      ,1285,59,1344,1285,59,1344
00420300,GOOD SAMARITAN HOSP RADIOGRAPHY PRG     ,IN,47591-0000,Public       ,16,23,39,16,23,39
00457900,INTERNATIONAL BUSINESS COLLEGE          ,IN,46804-0000,Proprietary  ,649,333,982,649,333,982
00457901,INTERNATIONAL BUSINESS COLLEGE          ,IN,46256-0000,Proprietary  ,550,355,905,550,355,905
00458300,BROWN MACKIE COLLEGE-SOUTH BEND         ,IN,46635-1776,Proprietary  ,332,1268,1600,332,1268,1600
00458301,BROWN MACKIE COLLEGE-SOUTH BEND - BROWN ,IN,46805-0000,Proprietary  ,311,1672,1983,311,1672,1983
00512730,BROWN MACKIE COLLEGE-MERRILLVILLE       ,IN,46410-0000,Proprietary  ,155,655,810,155,655,810
00512731,BROWN MACKIE COLLEGE-CINCINNATI - BROWN ,IN,46360-4362,Proprietary  ,101,445,546,101,445,546
00625700,SAINT ELIZABETH SCHOOL OF NURSING       ,IN,47904-2198,Private      ,131,294,425,131,294,425
00726300,HOLY CROSS COLLEGE                      ,IN,46556-0308,Private      ,559,88,647,559,88,647
00727600,SAINT MEINRAD SCHOOL OF THEOLOGY        ,IN,47577-1002,Private      ,1,33,34,1,33,34
00732700,ITT TECHNICAL INSTITUTE                 ,IN,47630-7430,Proprietary  ,298,744,1042,298,744,1042
00732900,ITT TECHNICAL INSTITUTE                 ,IN,46268-1119,Proprietary  ,680,1875,2555,680,1875,2555
00736200,MEDTECH COLLEGE                         ,IN,46250-3970,Proprietary  ,190,1285,1475,190,1285,1475
00736202,MEDTECH COLLEGE - GREENWOOD             ,IN,46143-6478,Proprietary  ,96,608,704,96,608,704
00736204,MEDTECH COLLEGE - FORT WAYNE            ,IN,46804-2209,Proprietary  ,107,547,654,107,547,654
00793800,LINCOLN COLLEGE OF TECHNOLOGY           ,IN,46202-0000,Proprietary  ,1452,800,2252,1452,800,2252
00832900,ITT TECHNICAL INSTITUTE                 ,IN,46825-2393,Proprietary  ,524,950,1474,524,950,1474
00842300,IVY TECH COMMUNITY COLLEGE OF INDIANA - ,IN,46601-3892,Public       ,2334,6653,8987,2334,6653,8987
00854600,NOT FOR STUDENT USE                     ,IN,46208-4700,Public       ,31,43,74,31,43,74
00854700,IVY TECH COMMUNITY COLLEGE OF INDIANA - ,IN,47802-4898,Public       ,1766,3808,5574,1766,3808,5574
00951500,J MICHAEL HARROLD BEAUTY ACADEMY        ,IN,47807-3390,Proprietary  ,14,29,43,14,29,43
00961200,"APEX SCHOOL OF BEAUTY CULTURE, INC      ",IN,46016-0000,Proprietary  ,19,30,49,19,30,49
00961300,MERRILLVILLE BEAUTY COLLEGE             ,IN,46410-3401,Proprietary  ,22,39,61,22,39,61
00967300,RUDAE'S SCHOOL OF BEAUTY CULTURE        ,IN,46825-5444,Proprietary  ,59,81,140,59,81,140
00977700,KAPLAN COLLEGE                          ,IN,46278-1736,Proprietary  ,210,855,1065,210,855,1065
00977702,KAPLAN COLLEGE - TEMPORARY FACILITY EXPA,IN,46268-4111,Proprietary  ,18,77,95,18,77,95
00977703,KAPLAN COLLEGE -  SE INDY               ,IN,46227-0000,Proprietary  ,132,492,624,132,492,624
00991700,IVY TECH COMMUNITY COLLEGE OF INDIANA - ,IN,46208-1763,Public       ,8164,15357,23521,8164,15357,23521
00992300,IVY TECH COMMUNITY COLLEGE OF INDIANA - ,IN,47250-1881,Public       ,850,1733,2583,850,1733,2583
00992400,IVY TECH COMMUNITY COLLEGE OF INDIANA - ,IN,47302-9448,Public       ,3206,6583,9789,3206,6583,9789
00992500,IVY TECH COMMUNITY COLLEGE OF INDIANA - ,IN,47710-3398,Public       ,1603,3151,4754,1603,3151,4754
00992600,IVY TECH COMMUNITY COLLEGE OF INDIANA- R,IN,46805-1489,Public       ,4103,8888,12991,4103,8888,12991
01003700,IVY TECH STATE COLLEGE - REGION 9       ,IN,47374-1220,Public       ,858,2753,3611,858,2753,3611
01003800,IVY TECH COMMUNITY COLLEGE OF INDIANA - ,IN,47203-1868,Public       ,1529,3230,4759,1529,3230,4759
01003900,IVY TECH COMMUNITY COLLEGE OF INDIANA - ,IN,47903-6299,Public       ,2754,4426,7180,2754,4426,7180
01004000,IVY TECH COMMUNITY COLLEGE OF INDIANA - ,IN,46409-1303,Public       ,2365,5828,8193,2365,5828,8193
01004100,IVY TECH STATE COLLEGE - REGION 5       ,IN,46903-1373,Public       ,1376,3870,5246,1376,3870,5246
01010900,IVY TECH COMMUNITY COLLEGE OF INDIANA - ,IN,47172-1897,Public       ,1146,2602,3748,1146,2602,3748
01015100,VINCENNES BEAUTY COLLEGE                ,IN,47591-1297,Proprietary  ,49,28,77,49,28,77
01040900,LAFAYETTE BEAUTY ACADEMY                ,IN,47901-1149,Proprietary  ,32,79,111,32,79,111
01061800,MID-AMERICA CLG FUNERAL SERVICE         ,IN,47130-9990,Private      ,37,60,97,37,60,97
01150500,CREATIVE HAIR STYLING ACADEMY           ,IN,46322-1554,Proprietary  ,36,44,80,36,44,80
02084800,RAVENSCROFT BEAUTY COLLEGE              ,IN,46815-0000,Proprietary  ,45,73,118,45,73,118
02087600,CONCORDIA THEOLOGICAL SEMINARY          ,IN,46825-0000,Private      ,5,126,131,5,126,131
02100402,EVEREST INSTITUTE - EVEREST COLLEGE     ,IN,46410-5683,Proprietary  ,123,512,635,123,512,635
02140800,MARTIN UNIVERSITY                       ,IN,46218-0000,Private      ,155,964,1119,155,964,1119
02158400,HARRISON COLLEGE                        ,IN,46204-2611,Proprietary  ,461,2036,2497,461,2036,2497
02158401,HARRISON COLLEGE - COLUMBUS             ,IN,47203-1843,Proprietary  ,90,309,399,90,309,399
02158402,HARRISON COLLEGE - LAFAYETTE            ,IN,47905-4859,Proprietary  ,89,293,382,89,293,382
02158404,HARRISON COLLEGE - MARION               ,IN,46952-0000,Proprietary  ,25,64,89,25,64,89
02158405,HARRISON COLLEGE - TERRE HAUTE          ,IN,47802-0000,Proprietary  ,64,356,420,64,356,420
02158407,HARRISON COLLEGE - ANDERSON             ,IN,46013-0000,Proprietary  ,96,316,412,96,316,412
02158409,HARRISON COLLEGE - EVANSVILLE           ,IN,47715-3901,Proprietary  ,74,209,283,74,209,283
02158410,HARRISON COLLEGE - EAST                 ,IN,46239-8903,Proprietary  ,159,579,738,159,579,738
02158412,HARRISON COLLEGE - FORT WAYNE           ,IN,46825-0000,Proprietary  ,144,597,741,144,597,741
02158413,HARRISON COLLEGE - NORTHWEST            ,IN,46278-0000,Proprietary  ,195,325,520,195,325,520
02158800,DON ROBERTS BEAUTY SCHOOLS              ,IN,46383-0000,Proprietary  ,22,25,47,22,25,47
02164300,DON ROBERTS SCHOOL OF HAIR DESIGN       ,IN,46375-9999,Proprietary  ,17,33,50,17,33,50
02180108,ROSS MEDICAL EDUCATION CENTER -         ,IN,46530-4479,Proprietary  ,12,40,52,12,40,52
02201800,KAPLAN COLLEGE                          ,IN,46410-0000,Proprietary  ,112,535,647,112,535,647
02201802,KAPLAN COLLEGE - HAMMOND                ,IN,46324-3347,Proprietary  ,107,528,635,107,528,635
02241700,PJ'S COLLEGE OF COSMETOLOGY             ,IN,47129-0000,Proprietary  ,32,65,97,32,65,97
02245505,CENTRAL FLORIDA COLLEGE - FORTIS COLLEGE,IN,46268-0000,Proprietary  ,12,44,56,12,44,56
02302700,J EVERETT LIGHT CAREER CENTER           ,IN,46240-0000,Public       ,59,283,342,59,283,342
02304800,PJ'S COLLEGE OF COSMETOLOGY             ,IN,47374-0000,Proprietary  ,12,48,60,12,48,60
02308900,MASTER'S OF COSMETOLOGY COLLEGE         ,IN,46809-0000,Proprietary  ,60,69,129,60,69,129
02339600,ROGER'S ACADEMY OF HAIR DESIGN          ,IN,47712-0000,Proprietary  ,34,33,67,34,33,67
02345200,EMPIRE BEAUTY SCHOOL                    ,IN,46237-0000,Proprietary  ,60,206,266,60,206,266
02351300,KNOX BEAUTY COLLEGE                     ,IN,46534-0000,Proprietary  ,5,14,19,5,14,19
02490500,HAIR FASHIONS BY KAYE BEAUTY CLG        ,IN,46250-0000,Proprietary  ,35,95,130,35,95,130
02490800,HAIR FASHIONS BY KAYE BEAUTY CLG        ,IN,46060-0000,Proprietary  ,13,46,59,13,46,59
02607000,HAIR ARTS ACADEMY                       ,IN,47404-3581,Proprietary  ,20,42,62,20,42,62
02615800,COLLEGE OF COURT REPORTING              ,IN,46342-5969,Proprietary  ,22,106,128,22,106,128
02616203,BROWN MACKIE COLLEGE-FINDLAY - INDIANAPO,IN,46204-1017,Proprietary  ,301,1589,1890,301,1589,1890
03009700,HARRISON COLLEGE                        ,IN,47303-6413,Proprietary  ,75,238,313,75,238,313
03009701,HARRISON COLLEGE - MUNCIE - ELKHART     ,IN,46516-9795,Proprietary  ,72,402,474,72,402,474
03084601,THE ART INSTITUTE OF INDIANAPOLIS       ,IN,46268-1170,Proprietary  ,1076,831,1907,1076,831,1907
03100600,MARION COMM TUCKER AREA VOC SCHOOL      ,IN,46952-3831,Public       ,38,88,126,38,88,126
03176300,AMERICAN TRANS AIR AVIATION ACADEMY     ,IN,46241-1445,Proprietary  ,62,198,260,62,198,260
03262300,DAVID DEMUTH INSTITUTE OF COSM          ,IN,47374-4101,Proprietary  ,8,16,24,8,16,24
03456700,CROSSROADS BIBLE COLLEGE                ,IN,46219-4912,Private      ,64,211,275,64,211,275
03521300,IVY TECH COMMUNITY COLLEGE OF INDIANA - ,IN,47404-9772,Public       ,2573,3656,6229,2573,3656,6229
03538300,ALEXANDRIA SCH OF SCIENTIFIC THERAP     ,IN,46001-0287,Proprietary  ,25,45,70,25,45,70
04038700,IDEAL BEAUTY ACADEMY                    ,IN,47130-4215,Proprietary  ,10,15,25,10,15,25
04100300,SUCCESS SCHOOLS                         ,IN,46410-5310,Proprietary  ,12,55,67,12,55,67
04121000,TECHSKILLS - INDIANAPOLIS               ,IN,46240-4302,Proprietary  ,25,118,143,25,118,143
04130900,HONORS BEAUTY COLLEGE                   ,IN,46256-3317,Proprietary  ,57,94,151,57,94,151
04155900,AVEDA FREDRIC'S INSTITUTE               ,IN,46250-4746,Proprietary  ,81,84,165,81,84,165
04166700,REM SPA INC                             ,IN,46013-3136,Proprietary  ,3,9,12,3,9,12
00163203,AQUINAS INSTITUTE OF THEOLOGY - MINISTRY,KS,66109-3718,Private      ,4,3,7,4,3,7
00190100,ALLEN COUNTY COMMUNITY COLLEGE          ,KS,66749-1607,Public       ,406,401,807,406,401,807
00190200,COWLEY COUNTY COMMUNITY COLLEGE & AREA V,KS,67005-2662,Public       ,636,686,1322,636,686,1322
00190300,BAKER UNIVERSITY                        ,KS,66006-0065,Private      ,1132,704,1836,1132,704,1836
00190400,BETHANY COLLEGE                         ,KS,67456-1897,Private      ,609,54,663,609,54,663
00190500,BETHEL COLLEGE                          ,KS,67117-0531,Private      ,376,61,437,376,61,437
00190600,BUTLER COUNTY COMMUNITY COLLEGE         ,KS,67042-3280,Public       ,1795,1586,3381,1795,1586,3381
00190700,CENTRAL BAPTIST THEOLOGY SEMINARY       ,KS,66226-3513,Private      ,0,4,4,0,4,4
00190800,CENTRAL CHRISTIAN COLLEGE OF KANSAS     ,KS,67460-5799,Private      ,286,23,309,286,23,309
00190900,CLOUD COUNTY COMMUNITY COLLEGE          ,KS,66901-1002,Public       ,453,315,768,453,315,768
00191000,COFFEYVILLE COMMUNITY COLLEGE           ,KS,67337-5064,Public       ,433,143,576,433,143,576
00191100,COLBY COMMUNITY COLLEGE                 ,KS,67701-4099,Public       ,286,119,405,286,119,405
00191300,DODGE CITY COMMUNITY COLLEGE            ,KS,67801-2399,Public       ,276,131,407,276,131,407
00191400,DONNELLY COLLEGE                        ,KS,66102-4298,Private      ,62,137,199,62,137,199
00191500,FORT HAYS STATE UNIVERSITY              ,KS,67601-4099,Public       ,2318,1845,4163,2318,1845,4163
00191600,FORT SCOTT COMMUNITY COLLEGE            ,KS,66701-3199,Public       ,623,307,930,623,307,930
00191700,BARCLAY COLLEGE                         ,KS,67059-0288,Private      ,84,40,124,84,40,124
00191800,FRIENDS UNIVERSITY                      ,KS,67213-3397,Private      ,947,1053,2000,947,1053,2000
00191900,GARDEN CITY COMMUNITY COLLEGE           ,KS,67846-6398,Public       ,465,202,667,465,202,667
00192000,HESSTON COLLEGE                         ,KS,67062-2093,Private      ,333,121,454,333,121,454
00192100,HIGHLAND COMMUNITY COLLEGE              ,KS,66035-4062,Public       ,591,486,1077,591,486,1077
00192114,HIGHLAND COMMUNITY COLLEGE - NOTHEAST KA,KS,66002-1513,Public       ,13,30,43,13,30,43
00192300,HUTCHINSON COMMUNITY COLLEGE            ,KS,67501-5894,Public       ,1137,703,1840,1137,703,1840
00192400,INDEPENDENCE COMMUNITY COLLEGE          ,KS,67301-0000,Public       ,180,90,270,180,90,270
00192500,KANSAS CITY KANSAS COMMUNITY CLG        ,KS,66112-9978,Public       ,670,1262,1932,670,1262,1932
00192502,"KANSAS CITY KS AREA TECH SCHOOL, KS     ",KS,66104-0000,Public       ,38,94,132,38,94,132
00192600,PITTSBURG STATE UNIVERSITY              ,KS,66762-7500,Public       ,2738,950,3688,2738,950,3688
00192700,EMPORIA STATE UNIVERSITY                ,KS,66801-5087,Public       ,2070,1231,3301,2070,1231,3301
00192800,KANSAS STATE UNIVERSITY                 ,KS,66506-1104,Public       ,10512,3219,13731,10512,3219,13731
00192900,KANSAS WESLEYAN UNIVERSITY              ,KS,67401-6196,Private      ,779,198,977,779,198,977
00193000,LABETTE COMMUNITY COLLEGE               ,KS,67357-4299,Public       ,240,224,464,240,224,464
00193100,MANHATTAN CHRISTIAN COLLEGE             ,KS,66502-4081,Private      ,211,53,264,211,53,264
00193300,MCPHERSON COLLEGE                       ,KS,67460-3899,Private      ,656,98,754,656,98,754
00193600,NEOSHO COUNTY COMMUNITY COLLEGE         ,KS,66720-2699,Public       ,310,325,635,310,325,635
00193700,OTTAWA UNIVERSITY                       ,KS,66067-3399,Private      ,587,589,1176,587,589,1176
00193800,PRATT COMMUNITY COLLEGE                 ,KS,67124-8432,Public       ,262,198,460,262,198,460
00193900,NEWMAN UNIVERSITY                       ,KS,67213-2084,Private      ,887,714,1601,887,714,1601
00194000,SOUTHWESTERN COLLEGE                    ,KS,67156-2499,Private      ,562,446,1008,562,446,1008
00194300,UNIVERSITY OF ST MARY                   ,KS,66048-5023,Private      ,487,250,737,487,250,737
00194500,STERLING COLLEGE                        ,KS,67579-1533,Private      ,597,64,661,597,64,661
00194600,TABOR COLLEGE                           ,KS,67063-1799,Private      ,544,64,608,544,64,608
00194800,UNIVERSITY OF KANSAS                    ,KS,66045-7535,Public       ,11601,6651,18252,11601,6651,18252
00194900,WASHBURN UNIVERSITY                     ,KS,66621-1110,Public       ,2337,2511,4848,2337,2511,4848
00194901,WAHBURN UNIVERSITY - TOPEKA - WASHBURN I,KS,66604-2199,Public       ,70,140,210,70,140,210
00195000,WICHITA STATE UNIVERSITY                ,KS,67208-0001,Public       ,4152,3746,7898,4152,3746,7898
00460800,BARTON COUNTY COMMUNITY COLLEGE         ,KS,67530-9283,Public       ,406,501,907,406,501,907
00526400,FLINT HILLS TECHNICAL COLLEGE           ,KS,66801-5999,Public       ,95,139,234,95,139,234
00526500,NORTH CENTRAL KANSAS TECH COLG          ,KS,67420-0000,Public       ,193,111,304,193,111,304
00526700,NORTHWEST KANSAS TECHNICAL SCHOOL       ,KS,67735-3441,Public       ,96,48,144,96,48,144
00549800,WICHITA AREA TECHNICAL COLLEGE          ,KS,67211-2099,Public       ,142,644,786,142,644,786
00549900,SALINA AREA TECHNICAL COLLEGE           ,KS,67401-8195,Public       ,87,77,164,87,77,164
00550000,MANHATTAN AREA TECHNICAL COLLEGE        ,KS,66503-2499,Public       ,176,208,384,176,208,384
00675500,BROWN MACKIE COLLEGE (THE)              ,KS,67401-7307,Proprietary  ,84,415,499,84,415,499
00703200,MID AMERICA NAZARENE UNIVERSITY         ,KS,66062-1899,Private      ,786,387,1173,786,387,1173
00822800,SEWARD CO COMM CO/AREA TECHNICAL SCHOOL ,KS,67905-0000,Public       ,166,111,277,166,111,277
00824400,JOHNSON COUNTY COMMUNITY COLLEGE        ,KS,66210-1299,Public       ,2782,2647,5429,2782,2647,5429
00833200,B-STREET DESIGN SCHOOL OF INTERNATIONAL ,KS,66502-6082,Proprietary  ,11,26,37,11,26,37
00868200,ACADEMY OF HAIR DESIGN                  ,KS,67401-2803,Proprietary  ,6,13,19,6,13,19
01025600,BENEDICTINE COLLEGE                     ,KS,66002-1499,Private      ,1602,81,1683,1602,81,1683
01043800,HASKELL INDIAN NATIONS UNIVERSITY       ,KS,66046-4800,Public       ,352,218,570,352,218,570
01050300,WICHITA TECHNICAL INSTITUTE             ,KS,67213-1927,Proprietary  ,49,340,389,49,340,389
01050302,WICHITA TECHNICAL INSTITUTE - WTI TOPEKA,KS,66609-1217,Proprietary  ,17,93,110,17,93,110
01050305,WICHITA TECHNICAL INSTITUTE - EAST CAMPU,KS,67208-4243,Proprietary  ,20,130,150,20,130,150
02090700,CLEVELAND CHIROPRACTIC COLLEGE          ,KS,66210-1613,Private      ,30,188,218,30,188,218
02134800,OLD TOWN BARBER AND BEAUTY COLLEGE      ,KS,67211-0000,Proprietary  ,7,14,21,7,14,21
02196400,CAPITOL CITY HAIR DESIGN COLLEGE        ,KS,66102-0000,Proprietary  ,3,8,11,3,8,11
02257700,HAYS ACADEMY OF HAIR DESIGN             ,KS,67601-0000,Proprietary  ,10,13,23,10,13,23
02303500,AMERICAN INSTITUTE OF BAKING            ,KS,66502-0000,Private      ,4,6,10,4,6,10
02340700,LABARON HAIRDRESSING ACADEMY            ,KS,66204-0000,Proprietary  ,5,16,21,5,16,21
02590900,WRIGHT CAREER COLLEGE                   ,KS,66212-0000,Private      ,56,558,614,56,558,614
02599709,VATTEROTT COLLEGE - WICHITA             ,KS,67226-1304,Proprietary  ,18,188,206,18,188,206
02603100,XENON INTERNATIONAL ACADEMY             ,KS,67203-5428,Proprietary  ,31,50,81,31,50,81
02606300,PAUL MITCHELL THE SCHOOL WICHITA        ,KS,67226-2803,Proprietary  ,15,24,39,15,24,39
02611005,HERITAGE COLLEGE - WICHITA              ,KS,67210-1879,Proprietary  ,54,251,305,54,251,305
02613000,PINNACLE CAREER INSTITUTE               ,KS,66046-2703,Proprietary  ,18,70,88,18,70,88
03031300,XENON INTERNATIONAL ACADEMY IV          ,KS,66061-3765,Proprietary  ,11,20,31,11,20,31
03066200,BRYAN COLLEGE                           ,KS,66604-2496,Proprietary  ,12,145,157,12,145,157
03450300,B-STREET DESIGN SCHOOL OF INTERNATIONAL ,KS,66611-2373,Proprietary  ,12,23,35,12,23,35
03450301,B-STREET DESIGN SCHOOL OF INTERNATIONAL ,KS,67207-5148,Proprietary  ,8,25,33,8,25,33
03450302,B-STREET DESIGN SCHOOL OF INTERNATIONAL ,KS,66212-5451,Proprietary  ,8,18,26,8,18,26
03529300,SIDNEY'S HAIRDRESSING COLLEGE           ,KS,67501-7094,Proprietary  ,13,21,34,13,21,34
04132900,Z HAIR ACADEMY                          ,KS,66046-4040,Proprietary  ,10,13,23,10,13,23
04162700,ERIC FISHER ACADEMY                     ,KS,67212-3376,Proprietary  ,40,45,85,40,45,85
00203300,UNIVERSITY OF MAINE-PRESQUE ISLE        ,ME,04769-2888,Public       ,577,266,843,577,266,843
00203500,BANGOR THEOLOGICAL SEMINARY             ,ME,04402-0411,Private      ,1,45,46,1,45,46
00203600,BATES COLLEGE                           ,ME,04240-6028,Private      ,2295,62,2357,2295,62,2357
00203800,BOWDOIN COLLEGE                         ,ME,04011-8451,Private      ,3142,50,3192,3142,50,3192
00203900,COLBY COLLEGE                           ,ME,04901-8841,Private      ,2427,53,2480,2427,53,2480
00204000,UNIVERSITY OF MAINE-FARMINGTON          ,ME,04938-1990,Public       ,2424,329,2753,2424,329,2753
00204100,UNIVERSITY OF MAINE-FORT KENT           ,ME,04743-1292,Public       ,488,202,690,488,202,690
00204300,HUSSON UNIVERSITY                       ,ME,04401-2999,Private      ,1880,777,2657,1880,777,2657
00204400,MAINE MARITIME ACADEMY                  ,ME,04420-0001,Public       ,826,118,944,826,118,944
00205000,UNIVERSITY OF NEW ENGLAND               ,ME,04005-9599,Private      ,3249,1620,4869,3249,1620,4869
00205100,SAINT JOSEPH'S COLLEGE                  ,ME,04084-5263,Private      ,1469,256,1725,1469,256,1725
00205200,THOMAS COLLEGE                          ,ME,04901-5097,Private      ,740,120,860,740,120,860
00205300,UNIVERSITY OF MAINE                     ,ME,04469-0001,Public       ,9270,2197,11467,9270,2197,11467
00205400,UNIVERSITY OF SOUTHERN MAINE            ,ME,04104-0000,Public       ,5430,3534,8964,5430,3534,8964
00205500,UNIVERSITY OF MAINE-MACHIAS             ,ME,04654-1397,Public       ,378,161,539,378,161,539
00520400,BEAL COLLEGE                            ,ME,04401-6896,Proprietary  ,97,255,352,97,255,352
00527600,CENTRAL MAINE COMMUNITY COLLEGE         ,ME,04210-6498,Public       ,844,868,1712,844,868,1712
00527700,EASTERN MAINE COMMUNITY COLLEGE         ,ME,04401-4280,Public       ,905,769,1674,905,769,1674
00552500,SOUTHERN MAINE COMMUNITY  COLLEGE       ,ME,04106-1698,Public       ,2111,1744,3855,2111,1744,3855
00576000,NORTHERN MAINE COMMUNITY COLLEGE        ,ME,04769-2016,Public       ,259,354,613,259,354,613
00577600,MERCY HOSP SCH OF RADIOLOGIC TECH       ,ME,04101-3795,Private      ,22,25,47,22,25,47
00630501,CENTRAL MAINE MEDICAL CENTER - COLLEGE O,ME,04240-4500,Private      ,53,148,201,53,148,201
00676000,UNIVERSITY OF MAINE-AUGUSTA             ,ME,04330-9410,Public       ,1005,2727,3732,1005,2727,3732
00685800,UNITY COLLEGE                           ,ME,04988-9502,Private      ,797,73,870,797,73,870
00903800,MR BERNARD'S SCH HAIR FASHION INC       ,ME,04243-1163,Proprietary  ,6,10,16,6,10,16
00923100,WASHINGTON COUNTY COMMUNITY COLLEGE     ,ME,04619-9704,Public       ,170,122,292,170,122,292
00929200,ANDOVER COLLEGE                         ,ME,04106-2415,Proprietary  ,76,327,403,76,327,403
00929201,ANDOVER COLLEGE -                       ,ME,04240-0000,Proprietary  ,49,347,396,49,347,396
00945900,EMPIRE BEAUTY SCHOOL                    ,ME,04101-3348,Proprietary  ,31,75,106,31,75,106
00945902,PIERRE'S SCHOOL OF COSMETOLOGY - CARIBOU,ME,04736-2020,Proprietary  ,7,4,11,7,4,11
00945903,EMPIRE BEAUTY SCHOOL - BANGOR           ,ME,04401-6534,Proprietary  ,17,11,28,17,11,28
00982600,KENNEBEC VALLEY  COMMUNITY  COLLEGE     ,ME,04937-1367,Public       ,446,772,1218,446,772,1218
01138500,COLLEGE OF THE ATLANTIC                 ,ME,04609-1105,Private      ,465,52,517,465,52,517
01167300,MAINE COLLEGE OF ART                    ,ME,04101-3987,Private      ,508,136,644,508,136,644
02104400,SPA TECH INSTITUTE                      ,ME,04102-0000,Proprietary  ,38,121,159,38,121,159
02347100,NEW ENGLAND SCHOOL OF COMMUNICATIONS    ,ME,04401-0000,Private      ,403,66,469,403,66,469
02361300,LANDING SCHOOL OF BOATBUILDING & DESIGN ,ME,04046-1490,Private      ,12,23,35,12,23,35
03122900,YORK COUNTY COMMUNITY COLLEGE           ,ME,04090-0529,Public       ,270,353,623,270,353,623
03429300,SEACOAST CAREER SCHOOLS                 ,ME,04073-0000,Proprietary  ,11,23,34,11,23,34
03612300,BIRTHWISE MIDWIFERY SCHOOL              ,ME,04009-1110,Proprietary  ,5,33,38,5,33,38
00209300,ST JOHN'S COLLEGE                       ,NM,87505-4599,Private      ,400,107,507,400,107,507
00264900,COLLEGE OF SANTA FE                     ,NM,87505-7634,Proprietary  ,256,79,335,256,79,335
00265000,UNIVERSITY OF THE SOUTHWEST             ,NM,88240-9129,Private      ,128,94,222,128,94,222
00265100,EASTERN NEW MEXICO UNIV PORTALES        ,NM,88130-6000,Public       ,1349,680,2029,1349,680,2029
00265101,EASTERN NEW MEXICO UNIV-ROSWELL CAM     ,NM,88202-0000,Public       ,376,398,774,376,398,774
00265300,NEW MEXICO HIGHLANDS UNIVERSITY         ,NM,87701-4436,Public       ,973,840,1813,973,840,1813
00265400,NEW MEXICO INST OF MINING & TECH        ,NM,87801-4796,Public       ,642,147,789,642,147,789
00265500,NEW MEXICO JUNIOR COLLEGE               ,NM,88240-9123,Public       ,251,201,452,251,201,452
00265600,NEW MEXICO MILITARY INSTITUTE           ,NM,88201-5173,Public       ,240,18,258,240,18,258
00265700,NEW MEXICO STATE UNIVERSITY             ,NM,88003-8001,Public       ,7299,3425,10724,7299,3425,10724
00265701,NEW MEXICO STATE UNIV-ALAMOGORDO        ,NM,88311-0000,Public       ,177,376,553,177,376,553
00265702,NEW MEXICO STATE UNIV.-DONA ANA CLG     ,NM,88003-0000,Public       ,1269,1429,2698,1269,1429,2698
00265703,NEW MEXICO STATE UNIV-CARLSBAD          ,NM,88220-0000,Public       ,120,176,296,120,176,296
00265704,NEW MEXICO STATE UNIV-GRANTS            ,NM,87020-0000,Public       ,90,107,197,90,107,197
00266000,SAN JUAN COLLEGE                        ,NM,87402-4699,Public       ,468,1026,1494,468,1026,1494
00266300,THE UNIVERSITY OF NEW MEXICO            ,NM,87131-0001,Public       ,9055,7416,16471,9055,7416,16471
00266301,UNIV OF NEW MEXICO - GALLUP BRANCH      ,NM,87301-5697,Public       ,215,256,471,215,256,471
00266302,UNIV OF NEW MEXICO - VALENCIA BRANCH    ,NM,87031-0000,Public       ,148,230,378,148,230,378
00266303,UNIV OF NEW MEXICO - LOS ALAMOS         ,NM,87544-0000,Public       ,75,46,121,75,46,121
00266304,UNIVERSITY OF NEW MEXICO                ,NM,87571-6401,Public       ,234,206,440,234,206,440
00266400,WESTERN NEW MEXICO UNIVERSITY           ,NM,88061-5417,Public       ,535,625,1160,535,625,1160
00369109,MIDDLEBURY COLLEGE - INSTITUTE OF AMERIC,NM,87505-0000,Private      ,3,1,4,3,1,4
00405701,NATIONAL AMERICAN UNIVERSITY            ,NM,87110-0000,Proprietary  ,26,138,164,26,138,164
00474200,CENTRAL NEW MEXICO COMMUNITY COLLEGE    ,NM,87106-4096,Public       ,2038,4224,6262,2038,4224,6262
00474300,CLOVIS COMMUNITY COLLEGE                ,NM,88101-8381,Public       ,156,367,523,156,367,523
00996200,LUNA COMMUNITY COLLEGE                  ,NM,87701-0000,Public       ,125,133,258,125,133,258
01063200,DEWOLFF CLG HAIRSTYLING/COSMETOLOGY     ,NM,87112-4113,Proprietary  ,15,34,49,15,34,49
01300500,OLYMPIAN UNIVERSITY OF COSMETOLOGY      ,NM,88310-5051,Proprietary  ,73,245,318,73,245,318
02083900,NORTHERN NEW MEXICO COLLEGE             ,NM,87530-0000,Public       ,238,248,486,238,248,486
02146400,INSTITUTE OF AMERICAN INDIAN ARTS       ,NM,87508-0000,Public       ,57,92,149,57,92,149
02218808,BROOKLINE COLLEGE - ALBUQUERQUE         ,NM,87105-1649,Proprietary  ,36,173,209,36,173,209
02278100,SANTA FE COMMUNITY COLLEGE              ,NM,87507-0000,Public       ,250,504,754,250,504,754
02293203,ATI CAREER TRAINING CENTER - ALBUQUERQUE,NM,87109-2016,Proprietary  ,21,49,70,21,49,70
02357600,CROWNPOINT INSTITUTE OF TECHNOLOGY      ,NM,87313-0000,Public       ,50,100,150,50,100,150
02511000,SOUTHWESTERN INDIAN POLYTECH INST       ,NM,87184-0000,Public       ,95,97,192,95,97,192
02572003,COMPUTER CAREER CENTER - LAS CRUCES CAMP,NM,88011-8220,Proprietary  ,40,162,202,40,162,202
02622000,SOUTHWEST ACUPUNCTURE COLLEGE           ,NM,87505-0000,Proprietary  ,1,88,89,1,88,89
03076100,SOUTHWESTERN COLLEGE                    ,NM,87507-0000,Private      ,6,78,84,6,78,84
03206300,MESALANDS COMMUNITY COLLEGE             ,NM,88401-3352,Public       ,66,75,141,66,75,141
03430300,UNIVERSAL THERAPEUTIC MASSAGE INSTITUTE ,NM,87107-4403,Proprietary  ,13,36,49,13,36,49
03678300,PIMA MEDICAL INSTITUTE                  ,NM,87110-4127,Proprietary  ,51,66,117,51,66,117
03944300,MASSAGE THERAPY TRAINING INSTITUTE      ,NM,88007-0000,Proprietary  ,14,16,30,14,16,30
04162400,URBAN ACADEMY                           ,NM,87106-4404,Proprietary  ,13,18,31,13,18,31
00223400,ADRIAN COLLEGE                          ,MI,49221-2575,Private      ,2273,160,2433,2273,160,2433
00223500,ALBION COLLEGE                          ,MI,49224-1831,Private      ,2159,76,2235,2159,76,2235
00223600,ALMA COLLEGE                            ,MI,48801-1599,Private      ,2111,87,2198,2111,87,2198
00223700,ALPENA COMMUNITY COLLEGE                ,MI,49707-1495,Public       ,574,459,1033,574,459,1033
00223800,ANDREWS UNIVERSITY                      ,MI,49104-0750,Private      ,1157,647,1804,1157,647,1804
00223900,AQUINAS COLLEGE                         ,MI,49506-1799,Private      ,2143,427,2570,2143,427,2570
00224000,BAY DE NOC COMMUNITY COLLEGE            ,MI,49829-2524,Public       ,779,664,1443,779,664,1443
00224100,CALVIN COLLEGE                          ,MI,49546-4388,Private      ,3774,221,3995,3774,221,3995
00224200,CALVIN THEOLOGICAL SEMINARY             ,MI,49546-4387,Private      ,19,155,174,19,155,174
00224300,CENTRAL MICHIGAN UNIVERSITY             ,MI,48859-0001,Public       ,18855,4890,23745,18855,4890,23745
00224600,CLEARY UNIVERSITY                       ,MI,48105-2659,Private      ,67,342,409,67,342,409
00224700,CONCORDIA UNIVERSITY-ANN ARBOR          ,MI,48105-2797,Private      ,403,117,520,403,117,520
00224800,CRANBROOK ACADEMY OF ART                ,MI,48303-0000,Private      ,31,302,333,31,302,333
00224900,DAVENPORT UNIVERSITY                    ,MI,49503-0000,Private      ,2365,7911,10276,2365,7911,10276
00225100,DELTA COLLEGE                           ,MI,48710-0001,Public       ,4192,4099,8291,4192,4099,8291
00225400,MICHIGAN STATE UNIVERSITY COLLEGE OF LAW,MI,48824-1300,Private      ,445,1505,1950,445,1505,1950
00225900,EASTERN MICHIGAN UNIVERSITY             ,MI,48197-2214,Public       ,11488,6683,18171,11488,6683,18171
00226000,FERRIS STATE UNIVERSITY                 ,MI,49307-2251,Public       ,10739,4241,14980,10739,4241,14980
00226100,CHARLES STEWART MOTT COMMUNITY CLG      ,MI,48503-2089,Public       ,2599,4106,6705,2599,4106,6705
00226200,KETTERING UNIVERSITY                    ,MI,48504-4898,Private      ,1787,211,1998,1787,211,1998
00226300,GLEN OAKS COMMUNITY COLLEGE             ,MI,49032-9784,Public       ,392,445,837,392,445,837
00226400,GOGEBIC COMMUNITY COLLEGE               ,MI,49938-1365,Public       ,417,262,679,417,262,679
00226500,GRACE BIBLE COLLEGE                     ,MI,49509-1998,Private      ,233,51,284,233,51,284
00226600,CORNERSTONE UNIVERSITY                  ,MI,49525-5897,Private      ,1487,753,2240,1487,753,2240
00226700,GRAND RAPIDS COMMUNITY COLLEGE          ,MI,49503-3295,Public       ,7255,5501,12756,7255,5501,12756
00226800,GRAND VALLEY STATE UNIVERSITY           ,MI,49401-9403,Public       ,19632,4942,24574,19632,4942,24574
00226900,GREAT LAKES CHRISTIAN COLLEGE           ,MI,48917-1299,Private      ,128,49,177,128,49,177
00227000,HENRY FORD COMMUNITY COLLEGE            ,MI,48128-1495,Public       ,4661,6807,11468,4661,6807,11468
00227300,HOPE COLLEGE                            ,MI,49423-3607,Private      ,3944,146,4090,3944,146,4090
00227400,JACKSON COMMUNITY COLLEGE               ,MI,49201-8399,Public       ,2378,2821,5199,2378,2821,5199
00227500,KALAMAZOO COLLEGE                       ,MI,49006-3295,Private      ,1737,103,1840,1737,103,1840
00227600,KELLOGG COMMUNITY COLLEGE               ,MI,49017-3397,Public       ,1454,2206,3660,1454,2206,3660
00227700,LAKE MICHIGAN COLLEGE                   ,MI,49022-1899,Public       ,1103,1314,2417,1103,1314,2417
00227800,LANSING COMMUNITY COLLEGE               ,MI,48933-1293,Public       ,4828,4661,9489,4828,4661,9489
00227900,LAWRENCE TECHNOLOGICAL UNIVERSITY       ,MI,48075-1058,Private      ,1405,810,2215,1405,810,2215
00228200,MADONNA UNIVERSITY                      ,MI,48150-1173,Private      ,1051,1500,2551,1051,1500,2551
00228400,MARYGROVE COLLEGE                       ,MI,48221-2599,Private      ,533,1239,1772,533,1239,1772
00228800,ROCHESTER COLLEGE                       ,MI,48307-2764,Private      ,418,302,720,418,302,720
00228801,ROCHESTER COLLEGE - MACOMB COMMUNITY COL,MI,48038-1139,Private      ,261,270,531,261,270,531
00228802,ROCHESTER COLLEGE - MOTT COMMUNITY COLLE,MI,48503-2089,Private      ,135,154,289,135,154,289
00228803,ROCHESTER COLLEGE  - SPECS HOWARD       ,MI,48075-3953,Private      ,24,42,66,24,42,66
00229000,MICHIGAN STATE UNIVERSITY               ,MI,48824-1113,Public       ,29089,8155,37244,29089,8155,37244
00229200,MICHIGAN TECHNOLOGICAL UNIV             ,MI,49931-1295,Public       ,5046,747,5793,5046,747,5793
00229300,LAKE SUPERIOR STATE UNIVERSITY          ,MI,49783-1691,Public       ,2147,534,2681,2147,534,2681
00229400,MONROE COUNTY COMMUNITY CLG             ,MI,48161-9746,Public       ,887,998,1885,887,998,1885
00229500,MONTCALM COMMUNITY COLLEGE              ,MI,48885-9723,Public       ,603,728,1331,603,728,1331
00229700,MUSKEGON COMMUNITY COLLEGE              ,MI,49442-1432,Public       ,2008,1795,3803,2008,1795,3803
00229900,NORTH CENTRAL MICHIGAN COLLEGE          ,MI,49770-8740,Public       ,622,830,1452,622,830,1452
00230100,NORTHERN MICHIGAN UNIVERSITY            ,MI,49855-5316,Public       ,6053,1563,7616,6053,1563,7616
00230200,NORTHWESTERN MICHIGAN COLLEGE           ,MI,49686-3061,Public       ,1735,1497,3232,1735,1497,3232
00230301,OAKLAND COMMUNITY COLLEGE - ORCHARD RIDG,MI,48334-4579,Public       ,1513,1952,3465,1513,1952,3465
00230302,OAKLAND COMMUNITY COLLEGE - ROYAL OAK CA,MI,48067-3898,Public       ,1614,2457,4071,1614,2457,4071
00230303,OAKLAND COMMUNITY COLLEGE - SOUTHFIELD C,MI,48075-4793,Public       ,1212,2423,3635,1212,2423,3635
00230304,OAKLAND COMMUNITY COLLEGE - AUBURN HILLS,MI,48323-2845,Public       ,2018,2502,4520,2018,2502,4520
00230305,OAKLAND COMMUNITY COLLEGE - HIGHLAND LAK,MI,48327-4187,Public       ,1127,1560,2687,1127,1560,2687
00230700,OAKLAND UNIVERSITY                      ,MI,48309-4401,Public       ,10496,4953,15449,10496,4953,15449
00230800,OLIVET COLLEGE                          ,MI,49076-9902,Private      ,1173,189,1362,1173,189,1362
00231000,ST. CLAIR COUNTY COMMUNITY COLLEGE      ,MI,48061-0000,Public       ,1307,1569,2876,1307,1569,2876
00231100,KUYPER COLLEGE                          ,MI,49525-9749,Private      ,337,86,423,337,86,423
00231300,SACRED HEART MAJOR SEMINARY             ,MI,48206-1799,Private      ,20,83,103,20,83,103
00231400,SAGINAW VALLEY STATE UNIV               ,MI,48710-0001,Public       ,7815,2233,10048,7815,2233,10048
00231500,SCHOOLCRAFT COLLEGE                     ,MI,48152-2696,Public       ,3233,3767,7000,3233,3767,7000
00231600,SIENA HEIGHTS UNIVERSITY                ,MI,49221-1796,Private      ,890,835,1725,890,835,1725
00231700,SOUTHWESTERN MICHIGAN COLLEGE           ,MI,49047-9793,Public       ,1166,1002,2168,1166,1002,2168
00231800,SPRING ARBOR UNIVERSITY                 ,MI,49283-9984,Private      ,1927,1289,3216,1927,1289,3216
00232200,FINLANDIA UNIVERSITY                    ,MI,49930-1882,Private      ,499,185,684,499,185,684
00232300,UNIVERSITY OF DETROIT MERCY             ,MI,48221-3038,Private      ,2518,2048,4566,2518,2048,4566
00232303,UNIV OF DETROIT MERCY - LAW SCHOOL      ,MI,48226-0000,Private      ,14,569,583,14,569,583
00232330,UNIV OF DETROIT MERCY - DENTAL SCHOOL   ,MI,48208-2576,Private      ,54,268,322,54,268,322
00232500,UNIVERSITY OF MICHIGAN - ANN ARBOR      ,MI,48109-1316,Public       ,24640,9040,33680,24640,9040,33680
00232501,UNIVERSITY OF MICHIGAN-MEDICAL SCH      ,MI,48109-0000,Public       ,189,917,1106,189,917,1106
00232503,UNIVERSITY OF MICHIGAN LAW SCHOOL       ,MI,48109-0000,Public       ,67,2558,2625,67,2558,2625
00232600,UNIVERSITY OF MICHIGAN-DEARBORN         ,MI,48128-2406,Public       ,4028,2545,6573,4028,2545,6573
00232700,UNIVERSITY OF MICHIGAN-FLINT            ,MI,48502-1950,Public       ,3428,3099,6527,3428,3099,6527
00232800,WASHTENAW COMMUNITY COLLEGE             ,MI,48106-0000,Public       ,2229,2698,4927,2229,2698,4927
00232900,WAYNE STATE UNIVERSITY                  ,MI,48202-0000,Public       ,13370,12061,25431,13370,12061,25431
00232901,WAYNE STATE UNIV SCH OF MEDICINE        ,MI,48201-3359,Public       ,300,1313,1613,300,1313,1613
00232902,WAYNE STATE UNIVERSITY - LAW SCHOOL     ,MI,48202-3424,Public       ,133,1002,1135,133,1002,1135
00233000,WESTERN MICHIGAN UNIVERSITY             ,MI,49008-3899,Public       ,15795,5070,20865,15795,5070,20865
00233100,WESTERN THEOLOGICAL SEMINARY            ,MI,49423-0000,Private      ,6,71,77,6,71,77
00407100,WALSH COLLEGE OF ACCT & BUS ADMN        ,MI,48007-7006,Private      ,177,1083,1260,177,1083,1260
00407200,NORTHWOOD UNIVERSITY                    ,MI,48640-2398,Private      ,1759,873,2632,1759,873,2632
00467300,BAKER COLLEGE - FLINT                   ,MI,48507-5508,Private      ,1413,3315,4728,1413,3315,4728
00467301,BAKER COLLEGE OF CADILLAC               ,MI,49601-0000,Private      ,261,875,1136,261,875,1136
00467302,BAKER COLLEGE OF CLINTON TOWNSHIP       ,MI,48035-0000,Private      ,1131,2867,3998,1131,2867,3998
00467303,BAKER COLLEGE OF MUSKEGON               ,MI,49442-0000,Private      ,1782,2462,4244,1782,2462,4244
00467304,BAKER COLLEGE OF OWOSSO                 ,MI,48867-0000,Private      ,1084,1180,2264,1084,1180,2264
00467305,BAKER COLLEGE OF AUBURN HILLS           ,MI,48326-0000,Private      ,614,1985,2599,614,1985,2599
00467306,BAKER COLLEGE OF PORT HURON             ,MI,48060-0000,Private      ,331,893,1224,331,893,1224
00467309,BAKER COLLEGE OF JACKSON                ,MI,49202-0000,Private      ,529,1332,1861,529,1332,1861
00467311,BAKER COLLEGE-CASS CITY                 ,MI,48726-0000,Private      ,141,302,443,141,302,443
00467313,BAKER COLLEGE - GRADUATE ON-LINE        ,MI,48507-0000,Private      ,191,3106,3297,191,3106,3297
00467317,BAKER COLLEGE-ALLEN PARK                ,MI,48101-0000,Private      ,615,1829,2444,615,1829,2444
00469200,DORSEY SCHOOL OF BUSINESS               ,MI,48195-2334,Proprietary  ,26,139,165,26,139,165
00469201,DORSEY SCHOOL OF BUSINESS               ,MI,48184-0000,Proprietary  ,23,91,114,23,91,114
00469202,DORSEY SCHOOL OF BUSINESS               ,MI,48071-0000,Proprietary  ,16,87,103,16,87,103
00469204,DORSEY SCHOOL OF BUSINESS               ,MI,48066-0000,Proprietary  ,10,94,104,10,94,104
00469205,DORSEY BUSINESS SCHOOL - FARMINGTON HILL,MI,48334-3385,Proprietary  ,11,76,87,11,76,87
00469206,DORSEY BUSINESS SCHOOL - ROSEVILLE CULIN,MI,48066-4555,Proprietary  ,24,109,133,24,109,133
00469207,DORSEY BUSINESS SCHOOL - WATERFORD/PONTI,MI,48341-1037,Proprietary  ,18,88,106,18,88,106
00491003,KAPLAN CAREER INSTITUTE - DEARBORN      ,MI,48228-0000,Proprietary  ,55,298,353,55,298,353
00676800,MID MICHIGAN COMMUNITY COLLEGE          ,MI,48625-9447,Public       ,1417,1392,2809,1417,1392,2809
00677100,COLLEGE FOR CREATIVE STUDIES            ,MI,48202-4034,Private      ,1048,302,1350,1048,302,1350
00694900,KALAMAZOO VALLEY COMMUNITY COLLEGE      ,MI,49003-4070,Public       ,3093,2804,5897,3093,2804,5897
00717100,KIRTLAND COMMUNITY COLLEGE              ,MI,48653-0000,Public       ,533,781,1314,533,781,1314
00761700,CARNEGIE INSTITUTE                      ,MI,48083-1159,Proprietary  ,20,192,212,20,192,212
00795000,WEST SHORE COMMUNITY COLLEGE            ,MI,49454-0000,Public       ,377,434,811,377,434,811
00817800,EMPIRE BEAUTY SCHOOL                    ,MI,49525-2440,Proprietary  ,64,131,195,64,131,195
00817801,EMPIRE BEAUTY SCHOOL - KALAMAZOO CAMPUS ,MI,49024-2694,Proprietary  ,12,14,26,12,14,26
00890600,MACOMB COMMUNITY COLLEGE                ,MI,48088-3896,Public       ,5378,5617,10995,5378,5617,10995
00894600,PORT HURON COSMETOLOGY COLLEGE          ,MI,48329-1618,Proprietary  ,6,9,15,6,9,15
00923000,WAYNE COUNTY COMMUNITY CLG-DISTRICT     ,MI,48226-3095,Public       ,3879,10625,14504,3879,10625,14504
00973200,VIRGINIA FARRELL BEAUTY SCHOOL          ,MI,48080-1448,Proprietary  ,6,19,25,6,19,25
00973400,VIRGINIA FARRELL BEAUTY SCHOOL          ,MI,48220-1739,Proprietary  ,18,49,67,18,49,67
00982800,EVEREST INSTITUTE                       ,MI,48033-4400,Proprietary  ,90,402,492,90,402,492
00982801,EVEREST INSTITUTE- DEARBORN             ,MI,48124-1927,Proprietary  ,74,275,349,74,275,349
00982803,EVEREST INSTITUTE - DETROIT             ,MI,48207-4291,Proprietary  ,78,234,312,78,234,312
01047000,KALAMAZOO BEAUTY ACADEMY                ,MI,49002-5220,Proprietary  ,4,17,21,4,17,21
01062700,ITT TECHNICAL INSTITUTE                 ,MI,49519-0000,Proprietary  ,261,374,635,261,374,635
01082700,DAVID PRESSLEY PROF SCH OF COSMTLGY     ,MI,48067-3219,Proprietary  ,16,39,55,16,39,55
01109800,FLINT INSTITUTE OF BARBERING            ,MI,48504-4395,Proprietary  ,14,35,49,14,35,49
01164600,VIRGINIA FARRELL BEAUTY SCHOOL          ,MI,48185-3091,Proprietary  ,10,31,41,10,31,41
01229100,WRIGHT BEAUTY ACADEMY                   ,MI,49015-2696,Proprietary  ,9,16,25,9,16,25
01262700,THOMAS M. COOLEY LAW SCHOOL             ,MI,48901-1586,Private      ,16,2698,2714,16,2698,2714
01321800,M J MURPHY BTY CLG MT PLEASANT          ,MI,48858-2502,Proprietary  ,6,23,29,6,23,29
02060300,MICHIGAN INSTITUTE OF AERONAUTICS       ,MI,48111-0000,Proprietary  ,122,182,304,122,182,304
02068700,ADRIAN BEAUTY ACADEMY                   ,MI,49221-0000,Proprietary  ,10,13,23,10,13,23
02099700,ROSS MEDICAL EDUCATION CENTER           ,MI,48532-0000,Proprietary  ,40,216,256,40,216,256
02099701,ROSS MEDICAL EDUCATION CENTER-SAGINAW   ,MI,48603-5227,Proprietary  ,17,52,69,17,52,69
02099702,ROSS MEDICAL EDUCATION CENTER-PORT HURON,MI,48060-1958,Proprietary  ,14,36,50,14,36,50
02099703,ROSS MEDICAL EDUCATION CENTER-ROOSEVELT ,MI,49441-4156,Proprietary  ,2,15,17,2,15,17
02100400,EVEREST INSTITUTE                       ,MI,49525-2301,Proprietary  ,68,256,324,68,256,324
02100401,EVEREST INSTITUTE - KALAMAZOO           ,MI,49009-3307,Proprietary  ,44,128,172,44,128,172
02125600,MICHIGAN COLLEGE OF BEAUTY              ,MI,48083-0000,Proprietary  ,39,63,102,39,63,102
02152103,ACADEMY OF COURT REPORTING & TECHNOLOGY ,MI,48017-1495,Proprietary  ,5,78,83,5,78,83
02158600,MR BELA'S SCHOOL OF COSMETOLOGY         ,MI,48092-4637,Proprietary  ,8,20,28,8,20,28
02160303,INTERNATIONAL ACADEMY OF DESIGN AND TECH,MI,48083-2160,Proprietary  ,282,351,633,282,351,633
02180100,ROSS MEDICAL EDUCATION CENTER           ,MI,48092-0000,Proprietary  ,28,113,141,28,113,141
02180105,ROSS MEDICAL EDUCATION CENTER-REDFORD   ,MI,48239-1260,Proprietary  ,11,47,58,11,47,58
02198900,MICHIGAN SCHOOL OF PROFESSIONAL PSYCHOLO,MI,48334-4512,Private      ,9,91,100,9,91,100
02209200,TAYLORTOWN SCHOOL OF BEAUTY             ,MI,48180-0000,Proprietary  ,4,25,29,4,25,29
02237800,SPECS HOWARD SCHOOL OF MEDIA ARTS       ,MI,48075-0000,Proprietary  ,224,262,486,224,262,486
02285700,BAYSHIRE BEAUTY ACADEMY                 ,MI,48708-5614,Proprietary  ,8,24,32,8,24,32
02289801,KAPLAN INSTITUTE - DETROIT CAMPUS       ,MI,48202-0000,Proprietary  ,73,362,435,73,362,435
02324500,MICHIGAN COLLEGE OF BEAUTY              ,MI,48161-0000,Proprietary  ,24,31,55,24,31,55
02339700,ROSS MEDICAL EDUCATION CENTER           ,MI,48116-0000,Proprietary  ,23,111,134,23,111,134
02339701,ROSS MEDICAL EDUCATION CENTER-ANN ARBOR ,MI,48108-1411,Proprietary  ,12,50,62,12,50,62
02339703,ROSS MEDICAL EDUCATION CENTER - DAVISON ,MI,48423-1751,Proprietary  ,8,36,44,8,36,44
02361500,MICHIGAN BARBER COLLEGE                 ,MI,48204-2244,Private      ,29,101,130,29,101,130
02363800,YESHIVA GEDOLAH OF GREATER DETROIT      ,MI,48237-0000,Private      ,0,2,2,0,2,2
02491000,WEST MI COLG OF BARBERING & BEAUTY      ,MI,49008-0000,Proprietary  ,9,15,24,9,15,24
02498300,VIRGINIA FARRELL BEAUTY SCHOOL          ,MI,48154-0000,Proprietary  ,10,24,34,10,24,34
02533600,ROSS MEDICAL EDUCATION CENTER           ,MI,48917-2108,Proprietary  ,27,143,170,27,143,170
02533601,ROSS MEDICAL EDUCATION CENTER - GRAND RA,MI,49546-2430,Proprietary  ,24,83,107,24,83,107
02588200,DOUGLAS J AVEDA INSTITUTE               ,MI,48823-4351,Proprietary  ,172,191,363,172,191,363
02588201,DOUGLAS J AVEDA INSTITUTE - ANN ARBOR   ,MI,48104-2211,Proprietary  ,29,51,80,29,51,80
02595700,HILLSDALE BEAUTY COLLEGE                ,MI,49242-0000,Proprietary  ,51,10,61,51,10,61
02618400,MICHIGAN CAREER & TECHNICAL INST        ,MI,49080-9254,Public       ,111,36,147,111,36,147
03005700,DETROIT BUSINESS INST. DOWNRIVER        ,MI,48193-6761,Proprietary  ,7,26,33,7,26,33
03028500,LAWTON SCHOOL                           ,MI,48075-0000,Proprietary  ,5,27,32,5,27,32
03066600,BAY MILLS COMMUNITY COLLEGE             ,MI,49715-9750,Public       ,73,130,203,73,130,203
03075200,TWIN CITY BEAUTY COLLEGE                ,MI,49085-3305,Proprietary  ,10,23,33,10,23,33
03075201,TWIN CITY BEAUTY COLLEGE - TRAVERSE CITY,MI,49686-5119,Proprietary  ,8,11,19,8,11,19
03090000,SHARP'S ACADEMY OF HAIRSTYLING INC.     ,MI,48433-0000,Proprietary  ,3,18,21,3,18,21
03109700,HOUGHTON LAKE INST OF COSMETOLOGY       ,MI,48629-0669,Proprietary  ,4,8,12,4,8,12
03110300,THE SCHOOL OF CREATIVE HAIR DESIGN      ,MI,49036-1139,Proprietary  ,5,12,17,5,12,17
03124000,NORTHWESTERN TECHNOLOGICAL INST         ,MI,48075-2412,Proprietary  ,31,131,162,31,131,162
03135300,MICHIGAN THEOLOGICAL SEMINARY           ,MI,48170-4399,Private      ,1,21,22,1,21,22
03284300,MICHIGAN JEWISH INSTITUTE               ,MI,48237-0000,Private      ,85,15,100,85,15,100
03490300,PAUL MITCHELL THE SCHOOL ESCANABA       ,MI,49829-0000,Proprietary  ,79,65,144,79,65,144
03588300,IRENE'S MYOMASSOLOGY INSTITUTE          ,MI,48033-2404,Proprietary  ,19,125,144,19,125,144
03704300,BLUE WATER COLLEGE OF COSMETOLOGY       ,MI,48040-0000,Proprietary  ,9,6,15,9,6,15
03772300,SAGINAW CHIPPEWA TRIBAL COLLEGE         ,MI,48858-0000,Public       ,7,21,28,7,21,28
03815300,IN SESSION-ARTS OF COSMETOLOGY BEAU     ,MI,48609-0000,Proprietary  ,9,20,29,9,20,29
03907300,PAUL MITCHELL THE SCHOOL GREAT LAKES    ,MI,48060-0000,Proprietary  ,23,24,47,23,24,47
03915300,CAREER QUEST LEARNING CENTER            ,MI,48910-4732,Proprietary  ,28,248,276,28,248,276
03968300,LAKEWOOD SCHOOL OF THERAPEUTIC MASSAGE  ,MI,48060-0000,Proprietary  ,8,15,23,8,15,23
03976500,ANN ARBOR INSTITUTE OF MASSAGE THERAPY  ,MI,48103-0000,Proprietary  ,20,39,59,20,39,59
04002400,ECUMENICAL THEOLOGICAL SEMINARY         ,MI,48201-3035,Private      ,2,50,52,2,50,52
04006300,NUVO COLLEGE OF COSMETOLOGY             ,MI,49441-3822,Proprietary  ,6,25,31,6,25,31
04014300,P&A SCHOLARS BEAUTY SCHOOL              ,MI,48204-0000,Proprietary  ,36,74,110,36,74,110
04094300,ROBERT B. MILLER COLLEGE (THE)          ,MI,49017-3306,Private      ,43,188,231,43,188,231
04121100,GALLERY COLLEGE OF BEAUTY (THE)         ,MI,48036-3591,Proprietary  ,15,49,64,15,49,64
04136300,FOCUS:  HOPE INFORMATION TECHNOLOGIES CE,MI,48238-2949,Private      ,33,105,138,33,105,138
04138400,SCHOOL OF DESIGNING ARTS                ,MI,49037-7995,Proprietary  ,17,18,35,17,18,35
04139600,REGAL BEAUTY SCHOOL                     ,MI,48150-4013,Proprietary  ,3,6,9,3,6,9
04140900,INTERNATIONAL COSMETOLOGY ACADEMY       ,MI,49508-1308,Proprietary  ,6,34,40,6,34,40
04141100,FRENCH ACADEMY OF COSMETOLOGY           ,MI,49456-3207,Proprietary  ,9,15,24,9,15,24
04158400,L'ESPRIT ACADEMY                        ,MI,48150-0000,Proprietary  ,12,16,28,12,16,28
04159300,MARKETTI ACADEMY OF COSMETOLOGY         ,MI,48329-3506,Proprietary  ,7,24,31,7,24,31
00233200,ANOKA-RAMSEY CC-CAMBRIDGE/COONRAPID     ,MN,55433-3499,Public       ,751,1013,1764,751,1013,1764
00233400,AUGSBURG COLLEGE                        ,MN,55454-1351,Private      ,2060,750,2810,2060,750,2810
00233500,RIVERLAND COMMUNITY COLLEGE             ,MN,55912-1473,Public       ,270,424,694,270,424,694
00233600,BEMIDJI STATE UNIVERSITY                ,MN,56601-2699,Public       ,1754,584,2338,1754,584,2338
00233700,BETHANY LUTHERAN COLLEGE INC            ,MN,56001-6163,Private      ,432,28,460,432,28,460
00233900,CENTRAL LAKES COLG-BRAINERD/STAPLES     ,MN,56401-3900,Public       ,350,440,790,350,440,790
00234000,CARLETON COLLEGE                        ,MN,55057-4001,Private      ,2781,36,2817,2781,36,2817
00234100,COLLEGE OF ST BENEDICT                  ,MN,56374-2099,Private      ,1484,31,1515,1484,31,1515
00234200,ST. CATHERINE UNIVERSITY                ,MN,55105-1789,Private      ,1639,1159,2798,1639,1159,2798
00234300,COLLEGE OF ST SCHOLASTICA               ,MN,55811-4199,Private      ,1527,473,2000,1527,473,2000
00234500,UNIVERSITY OF ST THOMAS                 ,MN,55105-1096,Private      ,5079,1488,6567,5079,1488,6567
00234600,CONCORDIA COLLEGE-MOORHEAD              ,MN,56562-0001,Private      ,2015,82,2097,2015,82,2097
00234700,"CONCORDIA UNIVERSITY, ST PAUL, MN       ",MN,55104-5494,Private      ,701,482,1183,701,482,1183
00235000,VERMILION COMMUNITY COLLEGE             ,MN,55731-1996,Public       ,255,56,311,255,56,311
00235300,GUSTAVUS ADOLPHUS COLLEGE               ,MN,56082-1498,Private      ,2168,35,2203,2168,35,2203
00235400,HAMLINE UNIVERSITY                      ,MN,55104-1284,Private      ,1612,1125,2737,1612,1125,2737
00235500,HIBBING COMMUNITY COLLEGE               ,MN,55746-3300,Public       ,199,208,407,199,208,407
00235600,ITASCA COMMUNITY COLLEGE                ,MN,55744-3397,Public       ,314,163,477,314,163,477
00235700,LUTHER SEMINARY                         ,MN,55108-0000,Private      ,1,249,250,1,249,250
00235800,MACALESTER COLLEGE                      ,MN,55105-1899,Private      ,2653,63,2716,2653,63,2716
00236000,"MINNESOTA STATE UNIVERSITY, MANKATO     ",MN,56002-0000,Public       ,6301,1579,7880,6301,1579,7880
00236100,MARTIN LUTHER COLLEGE                   ,MN,56073-3965,Private      ,369,24,393,369,24,393
00236200,MINNEAPOLIS COMM AND TECH COLLEGE       ,MN,55403-1779,Public       ,1056,2174,3230,1056,2174,3230
00236500,MINNEAPOLIS COLLEGE OF ART & DESIGN     ,MN,55404-4343,Private      ,797,254,1051,797,254,1051
00236600,CROSSROADS COLLEGE                      ,MN,55902-2382,Private      ,37,22,59,37,22,59
00236700,MINNESOTA STATE UNIVERSITY MOORHEAD     ,MN,56563-0001,Public       ,2808,800,3608,2808,800,3608
00236900,NORTH CENTRAL UNIVERSITY                ,MN,55404-1391,Private      ,649,132,781,649,132,781
00237000,NORTH HENNEPIN COMMUNITY COLLEGE        ,MN,55445-2299,Public       ,673,1057,1730,673,1057,1730
00237100,NORTHWESTERN COLLEGE                    ,MN,55113-1598,Private      ,1446,248,1694,1446,248,1694
00237300,ROCHESTER COMMUNITY/TECH COLLEGE        ,MN,55904-4999,Public       ,891,879,1770,891,879,1770
00237500,SOUTHWEST MINNESOTA STATE UNIVERSITY    ,MN,56258-1598,Public       ,1493,363,1856,1493,363,1856
00237700,ST CLOUD STATE UNIVERSITY               ,MN,56301-4498,Public       ,5031,1526,6557,5031,1526,6557
00237900,SAINT JOHNS UNIVERSITY                  ,MN,56321-0000,Private      ,1326,51,1377,1326,51,1377
00238000,SAINT MARY'S UNIVERSITY                 ,MN,55987-1399,Private      ,1376,796,2172,1376,796,2172
00238200,ST OLAF COLLEGE                         ,MN,55057-1098,Private      ,3007,47,3054,3007,47,3054
00238300,CROWN COLLEGE                           ,MN,55375-9001,Private      ,435,152,587,435,152,587
00238500,NORTHLAND COMMUNITY & TECHNICAL CLG     ,MN,56701-2598,Public       ,443,446,889,443,446,889
00238600,UNITED THEOLGCL SEMINRY TWIN CITIES     ,MN,55112-0000,Private      ,1,33,34,1,33,34
00238800,"UNIVERSITY OF MINNESOTA, DULUTH         ",MN,55812-2496,Public       ,5614,744,6358,5614,744,6358
00238900,"UNIVERSITY OF MINNESOTA, MORRIS         ",MN,56267-2113,Public       ,1588,141,1729,1588,141,1729
00239100,WILLIAM MITCHELL COLLEGE OF LAW         ,MN,55105-0000,Private      ,1,772,773,1,772,773
00239300,MINNESOTA STATE COLLEGE-SE TECH         ,MN,55987-0409,Public       ,208,333,541,208,333,541
00239400,WINONA STATE UNIVERSITY                 ,MN,55987-5838,Public       ,3814,434,4248,3814,434,4248
00396900,UNIVERSITY OF MINNESOTA-TWIN CITIES     ,MN,55455-0422,Public       ,21347,9390,30737,21347,9390,30737
00400900,MESABI RANGE CMNTY & TECH COLLEGE       ,MN,55792-0000,Public       ,140,134,274,140,134,274
00405708,NATIONAL AMERICAN UNIVERSITY            ,MN,55113-0000,Proprietary  ,18,100,118,18,100,118
00405715,NATIONAL AMERICAN UNIVERSITY - BLOOMINGT,MN,55425-5550,Proprietary  ,13,106,119,13,106,119
00406900,UNIVERSITY OF MINNESOTA-CROOKSTON       ,MN,56716-5001,Public       ,626,158,784,626,158,784
00438600,VETERAN'S MEDICAL CTR- SCH RAD TECH     ,MN,55417-2399,Public       ,2,8,10,2,8,10
00464100,DUNWOODY COLLEGE OF TECHNOLOGY          ,MN,55403-1192,Private      ,285,431,716,285,431,716
00464200,GLOBE UNIVERSITY                        ,MN,55125-5408,Proprietary  ,366,1114,1480,366,1114,1480
00464500,MINNEAPOLIS BUSINESS COLLEGE            ,MN,55113-4036,Proprietary  ,245,96,341,245,96,341
00464600,MINNESOTA SCHOOL OF BUSINESS            ,MN,55423-0000,Proprietary  ,457,1773,2230,457,1773,2230
00525200,RIDGEWATER COLLEGE                      ,MN,56201-2098,Public       ,653,502,1155,653,502,1155
00526300,MINNESOTA WEST CMNTY & TECH COLG        ,MN,56241-1096,Public       ,298,379,677,298,379,677
00553300,"SAINT PAUL COLLEGE, COMMUNITY/TECHNICAL ",MN,55102-1800,Public       ,678,1346,2024,678,1346,2024
00553400,ST CLOUD TECHNICAL COLLEGE              ,MN,56303-1240,Public       ,627,628,1255,627,628,1255
00553500,PINE TECHNICAL COLLEGE                  ,MN,55063-2198,Public       ,79,182,261,79,182,261
00553700,SOUTH CENTRAL COLLEGE                   ,MN,56003-0000,Public       ,497,462,959,497,462,959
00554100,MINNESOTA STATE COMMUNITY AND TECHNICAL ,MN,56573-1405,Public       ,650,875,1525,650,875,1525
00554400,ALEXANDRIA TECHNICAL COLLEGE            ,MN,56308-3799,Public       ,483,227,710,483,227,710
00575700,LAKE SUPERIOR COLLEGE                   ,MN,55811-3399,Public       ,519,552,1071,519,552,1071
00575900,NORTHWEST TECHNICAL COLLEGE - BEMIDJI   ,MN,56601-4907,Public       ,124,215,339,124,215,339
00677500,RAINY RIVER COMMUNITY COLLEGE           ,MN,56649-2187,Public       ,35,20,55,35,20,55
00735000,ANOKA-HENNEPIN TECHNICAL COLLEGE        ,MN,55303-1590,Public       ,182,569,751,182,569,751
00735100,BROWN COLLEGE                           ,MN,55120-1004,Proprietary  ,381,471,852,381,471,852
00746200,COLLEGE OF VISUAL ARTS                  ,MN,55102-2199,Private      ,128,30,158,128,30,158
00795400,NORMANDALE COMMUNITY COLLEGE            ,MN,55431-4399,Public       ,1314,1308,2622,1314,1308,2622
00826700,NORTHWEST TECHNICAL INSTITUTE           ,MN,55121-5001,Proprietary  ,40,23,63,40,23,63
00869400,RASMUSSEN COLLEGE - ST. CLOUD           ,MN,56301-3713,Proprietary  ,68,408,476,68,408,476
00869401,RASMUSSEN COLLEGE - BROOKLYN PARK       ,MN,55445-1512,Proprietary  ,111,583,694,111,583,694
00869406,RASMUSSEN COLLEGE - EAGAN               ,MN,55122-1346,Proprietary  ,102,514,616,102,514,616
00869407,RASMUSSEN COLLEGE - EDEN PRAIRIE        ,MN,55344-7220,Proprietary  ,119,1185,1304,119,1185,1304
00869409,RASMUSSEN COLLEGE - MANKATO             ,MN,56001-8658,Proprietary  ,125,465,590,125,465,590
00869412,RASMUSSEN COLLEGE - LAKE ELMO           ,MN,55042-8624,Proprietary  ,61,309,370,61,309,370
00869416,RASMUSSEN COLLEGE - MOORHEAD            ,MN,56560-4513,Proprietary  ,2,9,11,2,9,11
00905800,BETHEL UNIVERSITY                       ,MN,55112-6999,Private      ,1967,521,2488,1967,521,2488
00960000,COSMETOLOGY CAREERS UNLTD-DULUTH        ,MN,55802-2031,Proprietary  ,5,8,13,5,8,13
00972200,EMPIRE BEAUTY SCHOOL                    ,MN,55119-7003,Proprietary  ,16,46,62,16,46,62
00974000,INVER HILLS COMMUNITY COLLEGE           ,MN,55076-3224,Public       ,597,740,1337,597,740,1337
00983100,MODEL COLLEGE OF HAIR DESIGN            ,MN,56301-4280,Proprietary  ,46,20,66,46,20,66
00987000,EMPIRE BEAUTY SCHOOL                    ,MN,55420-2919,Proprietary  ,19,71,90,19,71,90
00989200,"DULUTH BUSINESS UNIV, INC.              ",MN,55807-0000,Proprietary  ,22,75,97,22,75,97
00999200,OAK HILLS CHRISTIAN COLLEGE             ,MN,56601-0000,Private      ,53,9,62,53,9,62
01024800,ART INSTITUTES INTL MINNESOTA           ,MN,55402-3137,Proprietary  ,698,405,1103,698,405,1103
01035602,EVEREST INSTITUTE - EAGAN               ,MN,55121-1696,Proprietary  ,36,168,204,36,168,204
01037400,METROPOLITAN STATE UNIVERSITY           ,MN,55106-5000,Public       ,533,1951,2484,533,1951,2484
01040200,DAKOTA COUNTY TECHNICAL COLLEGE         ,MN,55068-2999,Public       ,282,489,771,282,489,771
01049000,REGENCY BEAUTY INSTITUTE                ,MN,55428-0000,Proprietary  ,655,1298,1953,655,1298,1953
01049100,HENNEPIN TECHNICAL COLLEGE              ,MN,55445-2399,Public       ,425,1011,1436,425,1011,1436
01054600,CENTURY COMMUNITY AND TECHNICAL CLG     ,MN,55110-1894,Public       ,1216,1535,2751,1216,1535,2751
01101700,HERZING COLLEGE                         ,MN,55428-3548,Proprietary  ,52,169,221,52,169,221
01173200,"MAYO CLINIC, COLLEGE OF MEDICINE        ",MN,55905-0000,Private      ,18,198,216,18,198,216
01173201,MAYO SCHOOL OF HEALTH-RELATED SCIEN     ,MN,55905-0000,Private      ,30,71,101,30,71,101
01173206,MAYO GRAD SCHOOL                        ,MN,55901-0000,Private      ,2,19,21,2,19,21
01173207,MAYO MEDICAL SCHOOL                     ,MN,55901-0000,Private      ,4,114,118,4,114,118
01232800,NORTHWESTERN HEALTH SCIENCES UNIV       ,MN,55431-1599,Private      ,25,247,272,25,247,272
02050300,ACADEMY COLLEGE                         ,MN,55420-1554,Proprietary  ,7,36,43,7,36,43
02097300,HASTINGS BEAUTY SCHOOL                  ,MN,55033-1205,Proprietary  ,5,2,7,5,2,7
02123200,AVEDA INSTITUTE                         ,MN,55414-0000,Proprietary  ,109,106,215,109,106,215
02159800,COSMETOLOGY CAREERS UNLTD - HIBBING     ,MN,55746-0000,Proprietary  ,1,7,8,1,7,8
02160901,"SALON PROFESSIONAL ACADEMY, THE - THE SA",MN,55428-4928,Proprietary  ,10,14,24,10,14,24
02238100,MINNESOTA SCHOOL OF COSMETOLOGY         ,MN,55125-0000,Proprietary  ,28,37,65,28,37,65
02260500,SUMMIT ACAD OPPORTUNITIES IND CTR       ,MN,55405-0000,Private      ,10,34,44,10,34,44
02263102,ANTHEM COLLEGE - HIGH-TECH INSTITUTE-ST.,MN,55416-2467,Proprietary  ,6,22,28,6,22,28
02504200,WALDEN UNIVERSITY                       ,MN,55401-2511,Proprietary  ,47,10743,10790,47,10743,10790
02514100,AMERICAN INDIAN OPPORTUNITIES CTR       ,MN,55404-0000,Private      ,1,17,18,1,17,18
02543600,INGENUE                                 ,MN,56560-0000,Proprietary  ,5,5,10,5,5,10
02551200,EAST METRO OIC                          ,MN,55104-3435,Private      ,2,3,5,2,3,5
03001200,MCNALLY SMITH COLLEGE OF MUSIC          ,MN,55101-2220,Proprietary  ,363,78,441,363,78,441
03051900,ALFRED ADLER GRADUATE SCHOOL            ,MN,55305-0000,Private      ,1,69,70,1,69,70
03096400,LEECH LAKE TRIBAL COLLEGE               ,MN,56633-0000,Public       ,3,58,61,3,58,61
03129100,FOND DU LAC TRIBAL & COMMUNITY CLG      ,MN,55720-2984,Public       ,110,146,256,110,146,256
03267300,CAPELLA UNIVERSITY                      ,MN,55402-3389,Proprietary  ,37,11130,11167,37,11130,11167
03833300,AMERICAN ACADEMY OF ACUPUNCTURE AND ORIE,MN,55113-0000,Proprietary  ,0,20,20,0,20,20
03921400,WHITE EARTH TRIBAL AND COMMUNITY COLLEGE,MN,56557-0478,Private      ,4,6,10,4,6,10
04044300,HAZELDEN GRADUATE SCHOOL OF ADDICTION ST,MN,55012-0000,Private      ,1,50,51,1,50,51
04130200,INST. OF PRODUCTION AND RECORDING       ,MN,55401-1315,Proprietary  ,158,89,247,158,89,247
04148800,CENTERPOINT MASSAGE & SHIATSU THERAPY SC,MN,55414-4525,Proprietary  ,6,20,26,6,20,26
04160000,ALLURE SCHOOL OF COSMETOLOGY            ,MN,55066-2086,Proprietary  ,3,10,13,3,10,13
04160500,AVALON SCHOOL OF COSMETOLOGY            ,MN,56187-1930,Proprietary  ,8,3,11,8,3,11
00239600,ALCORN STATE UNIVERSITY                 ,MS,39096-7500,Public       ,1825,964,2789,1825,964,2789
00239700,BELHAVEN COLLEGE                        ,MS,39202-1789,Private      ,935,1251,2186,935,1251,2186
00239800,BLUE MOUNTAIN COLLEGE                   ,MS,38610-9370,Private      ,241,129,370,241,129,370
00240100,COAHOMA COMMUNITY COLLEGE               ,MS,38614-9799,Public       ,448,405,853,448,405,853
00240200,COPIAH-LINCOLN COMMUNITY COLLEGE        ,MS,39191-0649,Public       ,709,650,1359,709,650,1359
00240300,DELTA STATE UNIVERSITY                  ,MS,38733-0000,Public       ,1531,925,2456,1531,925,2456
00240400,EAST CENTRAL COMMUNITY COLLEGE          ,MS,39327-0129,Public       ,641,542,1183,641,542,1183
00240500,EAST MISSISSIPPI COMM COLLEGE           ,MS,39358-0000,Public       ,798,800,1598,798,800,1598
00240700,HINDS COMMUNITY COLLEGE                 ,MS,39154-9799,Public       ,2362,2782,5144,2362,2782,5144
00240800,HOLMES COMMUNITY COLLEGE                ,MS,39079-0000,Public       ,1288,1474,2762,1288,1474,2762
00240900,ITAWAMBA COMMUNITY COLLEGE              ,MS,38843-1099,Public       ,1386,1573,2959,1386,1573,2959
00241000,JACKSON STATE UNIVERSITY                ,MS,39217-0001,Public       ,4263,2697,6960,4263,2697,6960
00241100,JONES COUNTY JUNIOR COLLEGE             ,MS,39437-3999,Public       ,1240,799,2039,1240,799,2039
00241300,MERIDIAN COMMUNITY COLLEGE              ,MS,39307-5890,Public       ,658,605,1263,658,605,1263
00241400,MILLSAPS COLLEGE                        ,MS,39201-0000,Private      ,951,202,1153,951,202,1153
00241500,MISSISSIPPI COLLEGE                     ,MS,39058-0001,Private      ,1376,949,2325,1376,949,2325
00241501,MISSISSIPPI COLLEGE - SCHOOL OF LAW     ,MS,39201-1391,Private      ,38,420,458,38,420,458
00241502,MISSISSIPPI COLLEGE - RANKIN CAMPUS     ,MS,39042-0000,Private      ,28,68,96,28,68,96
00241600,MISSISSIPPI DELTA CMTY COLLEGE          ,MS,38761-0000,Public       ,642,538,1180,642,538,1180
00241700,MISSISSIPPI GULF CST CLG-PERKINSTON     ,MS,39573-0000,Public       ,667,297,964,667,297,964
00241701,MISSISSIPPI GULF CST CLG-JEFF DAVIS     ,MS,39507-0000,Public       ,474,802,1276,474,802,1276
00241702,MISSISSIPPI GULF CST CLG-JACKSON CN     ,MS,39553-0000,Public       ,451,616,1067,451,616,1067
00242200,MISSISSIPPI UNIV FOR WOMEN              ,MS,39701-5818,Public       ,808,693,1501,808,693,1501
00242300,MISSISSIPPI STATE UNIVERSITY            ,MS,39762-9698,Public       ,7809,2588,10397,7809,2588,10397
00242400,MISSISSIPPI VALLEY STATE UNIVERSITY     ,MS,38941-1400,Public       ,1454,779,2233,1454,779,2233
00242600,NORTHEAST MS CMNTY COLLEGE              ,MS,38829-1731,Public       ,1066,695,1761,1066,695,1761
00242700,NORTHWEST MISSISSIPPI COMMUNITY CLG     ,MS,38668-1703,Public       ,1941,1491,3432,1941,1491,3432
00243000,PEARL RIVER COMMUNITY COLLEGE           ,MS,39470-2201,Public       ,1024,968,1992,1024,968,1992
00243300,RUST COLLEGE                            ,MS,38635-2328,Private      ,615,208,823,615,208,823
00243500,SOUTHEASTERN BAPTIST COLLEGE            ,MS,39440-0000,Private      ,11,16,27,11,16,27
00243600,SOUTHWEST MISSISSIPPI CMNTY CLG         ,MS,39666-8099,Public       ,417,305,722,417,305,722
00243900,TOUGALOO COLLEGE                        ,MS,39174-9799,Private      ,912,245,1157,912,245,1157
00244000,UNIVERSITY OF MISSISSIPPI               ,MS,38677-1848,Public       ,7009,2643,9652,7009,2643,9652
00244001,UNIVERSITY OF MISSISSIPPI - MED CTR     ,MS,39216-0000,Public       ,337,1174,1511,337,1174,1511
00244100,UNIVERSITY OF SOUTHERN MISSISSIPPI      ,MS,39406-0001,Public       ,5884,3512,9396,5884,3512,9396
00244700,WILLIAM CAREY UNIVERSITY                ,MS,39401-5499,Private      ,629,1118,1747,629,1118,1747
01146100,WESLEY COLLEGE                          ,MS,39073-1070,Private      ,13,23,36,13,23,36
01289101,ANTONELLI COLLEGE - JACKSON             ,MS,39208-4526,Proprietary  ,42,283,325,42,283,325
01289102,ANTONELLI COLLEGE - HATTIESBURG         ,MS,39401-3056,Proprietary  ,27,173,200,27,173,200
02074900,CHRIS' BEAUTY COLLEGE                   ,MS,39501-0000,Proprietary  ,7,24,31,7,24,31
02160500,NORTH MISSISSIPPI MED CTR MED TECH      ,MS,38801-0000,Private      ,14,40,54,14,40,54
02235900,ACADEMY OF HAIR DESIGN #4               ,MS,39208-0000,Proprietary  ,6,26,32,6,26,32
02244300,ACADEMY OF HAIR DESIGN #1               ,MS,38901-0000,Proprietary  ,17,36,53,17,36,53
02249900,DELTA BEAUTY COLLEGE                    ,MS,38701-0000,Proprietary  ,7,11,18,7,11,18
02251600,ACADEMY OF HAIR DESIGN #6               ,MS,39401-7581,Proprietary  ,10,44,54,10,44,54
02251700,FOSTER'S COSMETOLOGY COLLEGE            ,MS,38663-0000,Proprietary  ,1,6,7,1,6,7
02302800,MISSISSIPPI COLLEGE OF BEAUTY CULT      ,MS,39440-0000,Proprietary  ,4,17,21,4,17,21
02320800,MAGNOLIA COLLEGE OF COSMETOLOGY         ,MS,39206-0000,Proprietary  ,23,30,53,23,30,53
02361200,MAGNOLIA BIBLE COLLEGE                  ,MS,39090-0000,Private      ,2,4,6,2,4,6
02502100,CREATIONS COLLEGE OF COSMETOLOGY        ,MS,38803-0000,Proprietary  ,7,23,30,7,23,30
02516200,WESLEY BIBLICAL SEMINARY                ,MS,39206-0000,Private      ,3,32,35,3,32,35
02586000,J & J HAIR DESIGN COLLEGE               ,MS,39051-3716,Proprietary  ,4,15,19,4,15,19
03004000,FINAL TOUCH BEAUTY SCHOOL               ,MS,39307-2934,Proprietary  ,4,14,18,4,14,18
03010401,CRESCENT CITY BARTENDING SCHOOL         ,MS,39501-0000,Proprietary  ,2,14,16,2,14,16
03010404,CRESCENT CITY SCHOOL OF GAMING & BARTEND,MS,38664-1903,Proprietary  ,2,13,15,2,13,15
03010603,VIRGINIA COLLEGE - JACKSON              ,MS,39206-5602,Proprietary  ,48,266,314,48,266,314
03010610,VIRGINIA COLLEGE - BILOXI               ,MS,39532-2124,Proprietary  ,25,215,240,25,215,240
03263300,TRAXLER'S SCHOOL OF HAIR                ,MS,39212-2529,Proprietary  ,4,15,19,4,15,19
03464300,ACADEMY OF HAIR DESIGN                  ,MS,39562-0000,Proprietary  ,5,9,14,5,9,14
03525300,BLUE CLIFF COLLEGE                      ,MS,39507-0000,Proprietary  ,31,114,145,31,114,145
03848300,DAY SPA CAREER COLLEGE                  ,MS,39564-0000,Proprietary  ,6,26,32,6,26,32
03963300,HEALING TOUCH SCHOOL OF MASSAGE THERAPY ,MS,39402-1300,Proprietary  ,5,21,26,5,21,26
04131300,CORINTH ACADEMY OF COSMETOLOGY          ,MS,38834-4813,Proprietary  ,7,14,21,7,14,21
04137400,MISSISSIPPI SCHOOL OF THERAPEUTIC MASSAG,MS,39216-5023,Proprietary  ,12,22,34,12,22,34
04140200,"MISSISSIPPI INSTITUTE OF AESTHETICS, NAI",MS,39056-5628,Proprietary  ,9,19,28,9,19,28
00252600,CARROLL COLLEGE                         ,MT,59625-0002,Private      ,1466,152,1618,1466,152,1618
00252700,UNIVERSITY OF GREAT FALLS               ,MT,59405-4996,Private      ,413,281,694,413,281,694
00252800,MILES COMMUNITY COLLEGE                 ,MT,59301-4799,Public       ,202,101,303,202,101,303
00252900,DAWSON COMMUNITY COLLEGE                ,MT,59330-1405,Public       ,189,56,245,189,56,245
00253000,MONTANA STATE UNIVERSITY - BILLINGS     ,MT,59101-0298,Public       ,1666,1565,3231,1666,1565,3231
00253100,MONTANA TECH OF THE UNIV OF MONTANA     ,MT,59701-8997,Public       ,1124,689,1813,1124,689,1813
00253200,MONTANA STATE UNIVERSITY - BOZEMAN      ,MT,59717-0001,Public       ,7720,2372,10092,7720,2372,10092
00253300,MONTANA STATE UNIVERSITY-NORTHERN       ,MT,59501-3148,Public       ,550,322,872,550,322,872
00253400,ROCKY MOUNTAIN COLLEGE                  ,MT,59102-1796,Private      ,934,182,1116,934,182,1116
00253600,UNIVERSITY OF MONTANA (THE)             ,MT,59812-0001,Public       ,6513,4577,11090,6513,4577,11090
00253700,UNIVERSITY OF MONTANA WESTERN (THE)     ,MT,59725-3598,Public       ,859,322,1181,859,322,1181
00677700,FLATHEAD VALLEY COMMUNITY COLLEGE       ,MT,59901-2699,Public       ,522,798,1320,522,798,1320
00757000,HELENA COLLEGE OF TECHNOLOGY            ,MT,59601-3098,Public       ,257,490,747,257,490,747
00790000,BUTTE ACADEMY OF BEAUTY CULTURE         ,MT,59701-9197,Proprietary  ,7,7,14,7,7,14
00894700,"DAHL'S COLLEGE OF BEAUTY,INC            ",MT,59401-3731,Proprietary  ,2,8,10,2,8,10
00931400,MSU COLLEGE OF TECH-GREAT FALLS         ,MT,59405-4907,Public       ,353,587,940,353,587,940
02143400,SALISH KOOTENAI COLLEGE                 ,MT,59855-0000,Public       ,148,323,471,148,323,471
02286600,LITTLE BIG HORN COLLEGE                 ,MT,59022-0000,Public       ,29,59,88,29,59,88
02343000,FT PECK COMMUNITY COLLEGE               ,MT,59255-0000,Public       ,20,60,80,20,60,80
02510600,BLACKFEET COMMUNITY COLLEGE             ,MT,59417-0000,Private      ,68,122,190,68,122,190
02517500,FORT BELKNAP COLLEGE                    ,MT,59526-0000,Public       ,19,29,48,19,29,48
02545200,CHIEF DULL KNIFE COLLEGE                ,MT,59043-0098,Public       ,29,46,75,29,46,75
02610900,STONE CHILD COLLEGE                     ,MT,59521-9796,Public       ,26,30,56,26,30,56
02621300,ACADEMY OF COSMETOLOGY                  ,MT,59715-3544,Proprietary  ,12,19,31,12,19,31
03205300,MODERN BEAUTY SCHOOL                    ,MT,59801-8386,Proprietary  ,14,24,38,14,24,38
03763400,"ACADEMY OF NAIL, SKIN & HAIR            ",MT,59101-0000,Proprietary  ,25,33,58,25,33,58
03778300,HEALTH WORKS INSTITUTE                  ,MT,59715-0000,Proprietary  ,13,29,42,13,29,42
04163700,BITTERROOT SCHOOL OF COSMETOLOGY        ,MT,59840-3118,Proprietary  ,2,8,10,2,8,10
04164100,SALON PROFESSIONAL ACADEMY (THE)        ,MT,59405-0000,Proprietary  ,14,23,37,14,23,37
00253900,CHADRON STATE COLLEGE                   ,NE,69337-2690,Public       ,932,368,1300,932,368,1300
00254000,COLLEGE OF ST MARY                      ,NE,68106-2606,Private      ,307,490,797,307,490,797
00254100,CONCORDIA UNIVERSITY                    ,NE,68434-1594,Private      ,807,135,942,807,135,942
00254200,CREIGHTON UNIVERSITY                    ,NE,68178-0001,Private      ,4019,2971,6990,4019,2971,6990
00254300,DANA COLLEGE                            ,NE,68008-9905,Private      ,603,48,651,603,48,651
00254400,DOANE COLLEGE                           ,NE,68333-2421,Private      ,1237,315,1552,1237,315,1552
00254700,GRACE UNIVERSITY                        ,NE,68108-3629,Private      ,201,105,306,201,105,306
00254800,HASTINGS COLLEGE                        ,NE,68901-7621,Private      ,982,69,1051,982,69,1051
00255100,UNIVERSITY OF NEBRASKA AT KEARNEY       ,NE,68849-0001,Public       ,2741,710,3451,2741,710,3451
00255300,MIDLAND LUTHERAN COLLEGE                ,NE,68025-4254,Private      ,373,90,463,373,90,463
00255400,UNIVERSITY OF NEBRASKA-OMAHA            ,NE,68182-0001,Public       ,5715,3222,8937,5715,3222,8937
00255500,NEBRASKA WESLEYAN UNIVERSITY            ,NE,68504-2796,Private      ,1236,206,1442,1236,206,1442
00255700,MID-PLAINS COMM COLLEGE - NORTH PLATTE  ,NE,69101-9420,Public       ,221,179,400,221,179,400
00255701,MID-PLAINS COMMUNITY COLLEGE - MCCOOK   ,NE,69001-2631,Public       ,103,82,185,103,82,185
00255900,PERU STATE COLLEGE                      ,NE,68421-0010,Public       ,611,418,1029,611,418,1029
00256000,WESTERN NEBRASKA COMMUNITY COLLEGE      ,NE,69361-1815,Public       ,411,407,818,411,407,818
00256300,UNION COLLEGE                           ,NE,68506-4387,Private      ,347,129,476,347,129,476
00256500,UNIVERSITY OF NEBRASKA-LINCOLN          ,NE,68588-0419,Public       ,10360,2823,13183,10360,2823,13183
00256596,UNIVERSITY OF NEBRASKA - CURTIS         ,NE,69025-9522,Public       ,117,24,141,117,24,141
00256600,WAYNE STATE COLLEGE                     ,NE,68787-1172,Public       ,1936,301,2237,1936,301,2237
00256700,YORK COLLEGE                            ,NE,68467-2699,Private      ,245,26,271,245,26,271
00443100,MARY LANNING MEM HOSP SCH RAD TECH      ,NE,68901-4497,Private      ,6,5,11,6,5,11
00443600,REGNL WST MEDCL CTR SCHL RAD            ,NE,69361-0000,Private      ,9,3,12,9,3,12
00458608,KAPLAN UNIVERSITY - OMAHA               ,NE,68134-1002,Proprietary  ,48,398,446,48,398,446
00458609,KAPLAN UNIVERSITY - LINCOLN             ,NE,68508-2668,Proprietary  ,57,408,465,57,408,465
00639900,BRYANLGH COLLEGE OF HEALTH SCIENCES     ,NE,68506-1398,Private      ,206,141,347,206,141,347
00640400,NEBR METHODIST CLG OF NURS ALLD HLTH    ,NE,68114-2852,Private      ,236,277,513,236,277,513
00689500,UNIVERSITY OF NEBRASKA-MED CTR          ,NE,68198-4265,Public       ,318,1331,1649,318,1331,1649
00750100,VATTEROTT COLLEGE                       ,NE,68137-1237,Proprietary  ,61,304,365,61,304,365
00849200,ALEGENT HEALTH SCHOOLS                  ,NE,68114-2767,Private      ,20,68,88,20,68,88
00952300,BAHNER COLLEGE OF HAIRSTYLING           ,NE,68025-3297,Proprietary  ,10,5,15,10,5,15
00961700,CAPITOL BEAUTY SCHOOL                   ,NE,68144-3873,Proprietary  ,15,26,41,15,26,41
00974300,BELLEVUE UNIVERSITY                     ,NE,68005-0000,Private      ,293,1860,2153,293,1860,2153
00986200,CLARKSON COLLEGE                        ,NE,68131-2739,Private      ,353,517,870,353,517,870
01151900,JOSEPH'S COLLEGE OF BEAUTY/ALL CAMPUSES ,NE,68510-2226,Proprietary  ,33,80,113,33,80,113
01151909,JOSEPH'S COLLEGE OF BEAUTY - OMAHA      ,NE,68131-0000,Proprietary  ,5,10,15,5,10,15
01166700,NORTHEAST COMMUNITY COLLEGE             ,NE,68702-0000,Public       ,872,372,1244,872,372,1244
01258600,METROPOLITAN COMMUNITY COLLEGE          ,NE,68103-0000,Public       ,1913,4427,6340,1913,4427,6340
01297600,NEBRASKA CHRISTIAN COLLEGE              ,NE,68046-4256,Private      ,70,18,88,70,18,88
02079700,COLLEGE OF HAIR DESIGN                  ,NE,68508-0000,Proprietary  ,60,49,109,60,49,109
02099500,CENTRAL COMMUNITY COLLEGE- GI           ,NE,68801-0000,Public       ,300,431,731,300,431,731
02099501,CENTRAL COMMUNITY COLLEGE - HASTINGS    ,NE,68902-0000,Public       ,551,285,836,551,285,836
02099502,CENTRAL COMMUNITY COLLEGE - COLUMBUS    ,NE,68602-0000,Public       ,246,128,374,246,128,374
02508300,SOUTHEAST COMM. COLLEGE-ALL CAMPUSES    ,NE,68520-0000,Public       ,2269,2442,4711,2269,2442,4711
02550800,NEBRASKA INDIAN COMMUNITY COLLEGE       ,NE,68039-0000,Public       ,2,4,6,2,4,6
02610500,XENON INTERNATIONAL ACADEMY II          ,NE,68127-3522,Proprietary  ,71,57,128,71,57,128
03127300,OMAHA SCHOOL OF MASSAGE THERAPY         ,NE,68127-5002,Proprietary  ,31,42,73,31,42,73
03164300,THE CREATIVE CENTER                     ,NE,68164-2911,Proprietary  ,84,22,106,84,22,106
03279300,MYOTHERAPY INSTITUTE                    ,NE,68516-3641,Proprietary  ,11,18,29,11,18,29
03323300,LITTLE PRIEST TRIBAL COLLEGE            ,NE,68071-0000,Private      ,7,7,14,7,7,14
03821400,UNIVERSAL COLLEGE OF HEALING ARTS       ,NE,68112-1810,Proprietary  ,4,22,26,4,22,26
00256800,UNIVERSITY OF NEVADA RENO               ,NV,89557-0002,Public       ,6515,2823,9338,6515,2823,9338
00256900,UNIVERSITY OF NEVADA-LAS VEGAS          ,NV,89154-1001,Public       ,9367,7696,17063,9367,7696,17063
00697700,GREAT BASIN COLLEGE                     ,NV,89801-3348,Public       ,253,382,635,253,382,635
00736700,MARINELLO SCHOOLS OF BEAUTY             ,NV,89110-3563,Proprietary  ,34,62,96,34,62,96
00737100,MARINELLO SCHOOL OF BEAUTY              ,NV,89502-5982,Proprietary  ,19,53,72,19,53,72
00844103,ANTHEM INSTITUTE - MORRISON UNIVERSITY  ,NV,89521-4826,Proprietary  ,7,51,58,7,51,58
00919200,SIERRA NEVADA COLLEGE                   ,NV,89451-0000,Private      ,266,143,409,266,143,409
01036200,COLLEGE OF SOUTHERN NEVADA              ,NV,89146-1139,Public       ,4490,7536,12026,4490,7536,12026
01036300,WESTERN NEVADA COLLEGE                  ,NV,89703-0000,Public       ,461,968,1429,461,968,1429
01323200,ACADEMY OF HAIR DESIGN                  ,NV,89146-1617,Proprietary  ,34,54,88,34,54,88
02107700,TRUCKEE MEADOWS COMMUNITY CLG           ,NV,89512-0000,Public       ,1368,2356,3724,1368,2356,3724
02237500,EVEREST COLLEGE                         ,NV,89103-0000,Proprietary  ,114,219,333,114,219,333
02338509,NEVADA CAREER INSTITUTE                 ,NV,89121-0000,Proprietary  ,12,48,60,12,48,60
02338512,GLENDALE CAREER COLLEGE - NEVADA CAREER ,NV,89131-3268,Proprietary  ,1,10,11,1,10,11
02361001,ITT TECHNICAL INSTITUTE                 ,NV,89014-0000,Proprietary  ,71,126,197,71,126,197
02616703,SCOTTSDALE CULINARY INSTITUTE - LE CORDO,NV,89144-7047,Proprietary  ,91,122,213,91,122,213
02621500,CAREER COLLEGE OF NORTHERN NEVADA       ,NV,89434-7905,Proprietary  ,34,166,200,34,166,200
03030603,UTAH CLG OF MASSAGE THERAPY-NSMT        ,NV,89123-0000,Proprietary  ,28,50,78,28,50,78
03031405,INTERNATIONAL ACADEMY OF DESIGN AND TECH,NV,89074-7750,Proprietary  ,130,236,366,130,236,366
03043200,KAPLAN COLLEGE                          ,NV,89102-8618,Proprietary  ,113,404,517,113,404,517
03076404,HIGH-TECH INSTITUTE - LAS VEGAS         ,NV,89102-4514,Proprietary  ,32,133,165,32,133,165
03084600,THE ART INSTITUTE OF LAS VEGAS          ,NV,89074-7737,Proprietary  ,614,679,1293,614,679,1293
03088200,CARSON CITY BEAUTY ACADEMY              ,NV,89706-0000,Proprietary  ,5,22,27,5,22,27
03110000,ACADEMY OF HEALING ARTS                 ,NV,89106-4031,Proprietary  ,51,133,184,51,133,184
03232306,EUPHORIA INSTITUTE - SUMMERLIN          ,NV,89117-8803,Proprietary  ,25,94,119,25,94,119
03232307,EUPHORIA INSTITUTE - GREEN VALLEY       ,NV,89052-4964,Proprietary  ,32,62,94,32,62,94
03232308,EUPHORIA INSTITUTE - ALIANTE            ,NV,89131-1036,Proprietary  ,43,114,157,43,114,157
03787300,EXPERTISE SCHOOL OF BEAUTY              ,NV,89106-2516,Private      ,11,33,44,11,33,44
03838500,NORTHWEST HEALTH CAREERS                ,NV,89128-0000,Proprietary  ,30,81,111,30,81,111
03975300,INSTITUTE OF PROFESSIONAL CAREERS       ,NV,89119-7825,Proprietary  ,24,85,109,24,85,109
04065300,UNIVERSITY OF SOUTHERN NEVADA           ,NV,89014-2333,Private      ,194,845,1039,194,845,1039
04114300,NEVADA STATE COLLEGE                    ,NV,89002-9455,Public       ,714,881,1595,714,881,1595
04144800,INTERNATIONAL ACADEMY OF STYLE          ,NV,89509-3450,Proprietary  ,9,34,43,9,34,43
04147600,AVEDA INSTITUTE LAS VEGAS               ,NV,89119-6103,Proprietary  ,33,66,99,33,66,99
00257200,COLBY-SAWYER COLLEGE                    ,NH,03257-4648,Private      ,2429,66,2495,2429,66,2495
00257300,DARTMOUTH COLLEGE                       ,NH,03755-3529,Private      ,10083,1232,11315,10083,1232,11315
00257500,FRANKLIN PIERCE UNIVERSITY              ,NH,03461-0060,Private      ,2052,496,2548,2052,496,2548
00257900,NEW ENGLAND COLLEGE                     ,NH,03242-3293,Private      ,1173,305,1478,1173,305,1478
00258000,SOUTHERN NEW HAMPSHIRE UNIVERSITY       ,NH,03106-1045,Private      ,3897,2192,6089,3897,2192,6089
00258100,NHTI  - CONCORD'S COMMUNITY COLLEGE     ,NH,03301-7412,Public       ,1450,691,2141,1450,691,2141
00258200,MANCHESTER COMMUNITY COLLEGE            ,NH,03102-8518,Public       ,634,594,1228,634,594,1228
00258202,NEW HAMPSHIRE COMMUNITY TECHNICAL COLLEG,NH,03038-0000,Public       ,21,15,36,21,15,36
00258300,GREAT BAY COMMUNITY COLLEGE             ,NH,03885-0000,Public       ,393,480,873,393,480,873
00258600,RIVIER COLLEGE                          ,NH,03060-5086,Private      ,1111,501,1612,1111,501,1612
00258700,SAINT ANSELM COLLEGE                    ,NH,03102-1310,Private      ,3400,78,3478,3400,78,3478
00258900,UNIVERSITY OF NEW HAMPSHIRE             ,NH,03824-2511,Public       ,18355,2566,20921,18355,2566,20921
00259000,KEENE STATE COLLEGE                     ,NH,03431-0000,Public       ,7293,436,7729,7293,436,7729
00259100,PLYMOUTH STATE UNIVERSITY               ,NH,03264-1595,Public       ,6010,812,6822,6010,812,6822
00301004,ANTIOCH UNIVERSITY                      ,NH,03431-0000,Private      ,2,559,561,2,559,561
00472900,HESSER COLLEGE                          ,NH,03103-7230,Proprietary  ,266,495,761,266,495,761
00472901,HESSER COLLEGE - NASHUA CAMPUS          ,NH,03063-1286,Proprietary  ,70,287,357,70,287,357
00472904,HESSER COLLEGE - PORTSMOUTH CAMPUS      ,NH,03801-3245,Proprietary  ,49,246,295,49,246,295
00472905,HESSER COLLEGE - SALEM CAMPUS           ,NH,03079-2842,Proprietary  ,84,241,325,84,241,325
00472906,HESSER COLLEGE - CONCORD CAMPUS         ,NH,03301-3415,Proprietary  ,47,281,328,47,281,328
00473100,DANIEL WEBSTER COLLEGE                  ,NH,03063-1300,Proprietary  ,697,101,798,697,101,798
00473300,CHESTER COLLEGE OF NEW ENGLAND          ,NH,03036-4331,Private      ,174,27,201,174,27,201
00529100,WHITE MOUNTAINS COMMUNITY COLLEGE       ,NH,03570-3799,Public       ,187,258,445,187,258,445
00702500,LEBANON COLLEGE                         ,NH,03766-0000,Private      ,14,23,37,14,23,37
00755500,LAKES REGION COMMUNITY COLLEGE          ,NH,03246-1326,Public       ,301,281,582,301,281,582
00756000,RIVER VALLEY COMMUNITY COLLEGE          ,NH,03743-9707,Public       ,143,311,454,143,311,454
00849300,CONTINENTAL ACADEMIE OF HAIR DESIGN     ,NH,03103-4901,Proprietary  ,2,11,13,2,11,13
00864500,EMPIRE BEAUTY SCHOOL                    ,NH,03220-0000,Proprietary  ,27,17,44,27,17,44
00923600,NASHUA COMMUNITY COLLEGE                ,NH,03063-2052,Public       ,365,346,711,365,346,711
01318900,CONTINENTAL ACADEMIE OF HAIR DESIGN     ,NH,03051-3754,Proprietary  ,11,5,16,11,5,16
02097900,FRANKLIN PIERCE LAW CENTER              ,NH,03301-0000,Private      ,14,641,655,14,641,655
02140400,ST JOSEPH SCH OF PRAC NRSG              ,NH,03060-0000,Private      ,31,61,92,31,61,92
02174800,MICHAEL'S SCHOOL OF HAIR DESIGN & ESTHET,NH,03110-0000,Proprietary  ,27,27,54,27,27,54
02179600,EMPIRE BEAUTY SCHOOL                    ,NH,03878-0000,Proprietary  ,15,32,47,15,32,47
02211600,PORTSMOUTH BTY SCH OF HAIR DESIGN       ,NH,03801-4084,Proprietary  ,4,4,8,4,4,8
02223300,MAGDALEN COLLEGE                        ,NH,03278-4012,Private      ,20,1,21,20,1,21
02245400,KEENE BEAUTY ACADEMY                    ,NH,03431-0000,Proprietary  ,14,9,23,14,9,23
02247000,NEW ENGLAND SCHOOL OF HAIR DESIGN       ,NH,03784-0000,Proprietary  ,14,15,29,14,15,29
03043100,THOMAS MORE COLLEGE OF LIBERAL ARTS     ,NH,03054-4818,Private      ,56,4,60,56,4,60
03101300,GRANITE STATE COLLEGE                   ,NH,03301-6400,Public       ,123,463,586,123,463,586
03182300,NEW HAMPSHIRE INSTITUTE OF ART          ,NH,03104-4858,Private      ,449,58,507,449,58,507
03437300,UPPER VALLEY TEACHER TRANING PROGRAM    ,NH,03766-1358,Private      ,1,15,16,1,15,16
03729300,NH INSTITUTE FOR THERAPEUTIC ARTS       ,NH,03051-4906,Proprietary  ,7,14,21,7,14,21
00267000,BAPTIST BIBLE COLG OF PENNSYLVANIA      ,PA,18411-1297,Private      ,284,74,358,284,74,358
00322800,BRYN ATHYN COLLEGE OF THE NEW CHURCH    ,PA,19009-0717,Private      ,180,13,193,180,13,193
00322900,ALBRIGHT COLLEGE                        ,PA,19612-5234,Private      ,2940,467,3407,2940,467,3407
00323000,ALLEGHENY COLLEGE                       ,PA,16335-3902,Private      ,3158,56,3214,3158,56,3214
00323100,COMM CLG OF ALLEGHENY-ALLEGHENY CMP     ,PA,15212-0000,Public       ,839,1435,2274,839,1435,2274
00323101,"COMM CLG OF ALLEGHENY, BOYCE CAMPUS     ",PA,15146-0000,Public       ,450,674,1124,450,674,1124
00323102,"COMM CLG OF ALLEGHENY, NORTH CAMPUS     ",PA,15237-0000,Public       ,407,452,859,407,452,859
00323103,"COMM CLG OF ALLEGHENY, SOUTH CAMPUS     ",PA,15122-0000,Public       ,584,693,1277,584,693,1277
00323300,ALVERNIA UNIVERSITY                     ,PA,19607-1799,Private      ,1444,670,2114,1444,670,2114
00323500,ARCADIA UNIVERSITY                      ,PA,19038-3295,Private      ,3638,1145,4783,3638,1145,4783
00323700,BRYN MAWR COLLEGE                       ,PA,19010-2899,Private      ,1443,407,1850,1443,407,1850
00323800,BUCKNELL UNIVERSITY                     ,PA,17837-2122,Private      ,4166,113,4279,4166,113,4279
00323900,BUCKS COUNTY COMMUNITY COLLEGE          ,PA,18940-1320,Public       ,1437,1152,2589,1437,1152,2589
00324000,BUTLER COUNTY COMMUNITY COLLEGE         ,PA,16001-0000,Public       ,631,669,1300,631,669,1300
00324100,CABRINI COLLEGE                         ,PA,19087-3698,Private      ,1502,330,1832,1502,330,1832
00324200,CARNEGIE MELLON UNIVERSITY              ,PA,15213-3890,Private      ,9876,1095,10971,9876,1095,10971
00324201,CARNEGIE MELLON UNIV- THE HEINZ COLLEGE ,PA,15213-0000,Private      ,171,424,595,171,424,595
00324202,CARNEGIE MELLON- TEPPER SCHOOL OF BUSINE,PA,15213-0000,Private      ,194,245,439,194,245,439
00324300,CEDAR CREST COLLEGE                     ,PA,18104-6196,Private      ,630,443,1073,630,443,1073
00324400,CHATHAM UNIVERSITY                      ,PA,15232-2826,Private      ,607,784,1391,607,784,1391
00324500,CHESTNUT HILL COLLEGE                   ,PA,19118-2693,Private      ,1448,754,2202,1448,754,2202
00324700,MISERICORDIA  UNIVERSITY                ,PA,18612-1008,Private      ,1391,462,1853,1391,462,1853
00324900,COMMUNITY COLLEGE OF PHILADELPHIA       ,PA,19130-3991,Public       ,4335,6260,10595,4335,6260,10595
00325100,CURTIS INSTITUTE OF MUSIC               ,PA,19103-6187,Private      ,244,96,340,244,96,340
00325200,DELAWARE VALLEY COLLEGE                 ,PA,18901-2697,Private      ,1616,175,1791,1616,175,1791
00325300,DICKINSON COLLEGE                       ,PA,17013-2896,Private      ,2632,107,2739,2632,107,2739
00325600,DREXEL UNIVERSITY                       ,PA,19104-2875,Private      ,22301,7953,30254,22301,7953,30254
00325800,DUQUESNE UNIVERSITY                     ,PA,15282-0001,Private      ,5345,1982,7327,5345,1982,7327
00325900,EASTERN UNIVERSITY                      ,PA,19087-3696,Private      ,1454,962,2416,1454,962,2416
00326200,ELIZABETHTOWN COLLEGE                   ,PA,17022-2298,Private      ,2583,244,2827,2583,244,2827
00326300,EVANGELICAL SCHOOL OF THEOLOGY          ,PA,17067-0000,Private      ,0,33,33,0,33,33
00326500,FRANKLIN & MARSHALL COLLEGE             ,PA,17604-0000,Private      ,2663,56,2719,2663,56,2719
00326600,GANNON UNIVERSITY                       ,PA,16541-0001,Private      ,2912,792,3704,2912,792,3704
00326700,GENEVA COLLEGE                          ,PA,15010-3599,Private      ,1638,423,2061,1638,423,2061
00326800,GETTYSBURG COLLEGE                      ,PA,17325-1486,Private      ,3388,69,3457,3388,69,3457
00326900,GROVE CITY COLLEGE                      ,PA,16127-0000,Private      ,1485,23,1508,1485,23,1508
00327000,GWYNEDD-MERCY COLLEGE                   ,PA,19437-0901,Private      ,1234,536,1770,1234,536,1770
00327200,HARCUM COLLEGE                          ,PA,19010-3476,Private      ,272,518,790,272,518,790
00327300,HARRISBURG AREA COMMUNITY COLLEGE       ,PA,17110-2999,Public       ,3660,5506,9166,3660,5506,9166
00327400,HAVERFORD COLLEGE                       ,PA,19041-1392,Private      ,1786,30,1816,1786,30,1816
00327500,HOLY FAMILY UNIVERSITY                  ,PA,19114-2094,Private      ,1471,944,2415,1471,944,2415
00327600,IMMACULATA UNIVERSITY                   ,PA,19345-0647,Private      ,1058,562,1620,1058,562,1620
00327700,INDIANA UNIVERSITY OF PENNSYLVANIA      ,PA,15705-1097,Public       ,9028,1628,10656,9028,1628,10656
00327900,JUNIATA COLLEGE                         ,PA,16652-2196,Private      ,2085,51,2136,2085,51,2136
00328000,KEYSTONE COLLEGE                        ,PA,18440-0200,Private      ,890,317,1207,890,317,1207
00328200,KINGS COLLEGE                           ,PA,18711-0801,Private      ,2377,272,2649,2377,272,2649
00328300,LACKAWANNA COLLEGE                      ,PA,18509-9961,Private      ,591,348,939,591,348,939
00328400,LAFAYETTE COLLEGE                       ,PA,18042-1768,Private      ,3288,57,3345,3288,57,3345
00328500,LANCASTER BIBLE COLLEGE                 ,PA,17601-5036,Private      ,340,143,483,340,143,483
00328600,LANCASTER THEOLOGICAL SEMINARY          ,PA,17603-0000,Private      ,0,50,50,0,50,50
00328700,LASALLE UNIVERSITY                      ,PA,19141-1199,Private      ,4252,1611,5863,4252,1611,5863
00328800,LEBANON VALLEY COLLEGE                  ,PA,17003-1400,Private      ,2264,177,2441,2264,177,2441
00328900,LEHIGH UNIVERSITY                       ,PA,18015-1588,Private      ,6657,499,7156,6657,499,7156
00329000,LINCOLN UNIVERSITY                      ,PA,19352-0999,Public       ,2661,597,3258,2661,597,3258
00329100,LUTHERAN THEOLOG SEMINARY-GETTYSBRG     ,PA,17325-0000,Private      ,2,67,69,2,67,69
00329200,LUTHERAN THEOLOGICAL SEMINARY           ,PA,19119-0000,Private      ,1,92,93,1,92,93
00329300,LYCOMING COLLEGE                        ,PA,17701-5192,Private      ,1727,91,1818,1727,91,1818
00329400,MANOR COLLEGE                           ,PA,19046-3399,Private      ,338,273,611,338,273,611
00329600,MARYWOOD UNIVERSITY                     ,PA,18509-1598,Private      ,2073,766,2839,2073,766,2839
00329700,MERCYHURST COLLEGE                      ,PA,16546-0001,Private      ,2734,814,3548,2734,814,3548
00329800,MESSIAH COLLEGE                         ,PA,17027-0800,Private      ,2792,118,2910,2792,118,2910
00330000,MOORE COLLEGE OF ART & DESIGN           ,PA,19103-1179,Private      ,583,176,759,583,176,759
00330100,MORAVIAN COLLEGE                        ,PA,18018-6650,Private      ,1825,135,1960,1825,135,1960
00330101,MORAVIAN THEOLOGICAL SEMINARY           ,PA,18018-0000,Private      ,15,18,33,15,18,33
00330200,MOUNT ALOYSIUS COLLEGE                  ,PA,16630-1999,Private      ,975,414,1389,975,414,1389
00330300,CARLOW COLLEGE                          ,PA,15213-3165,Private      ,865,863,1728,865,863,1728
00330400,MUHLENBERG COLLEGE                      ,PA,18104-5586,Private      ,2986,144,3130,2986,144,3130
00330600,VALLEY FORGE CHRISTIAN COLLEGE          ,PA,19460-2399,Private      ,487,111,598,487,111,598
00330900,PEIRCE COLLEGE                          ,PA,19102-4699,Private      ,99,673,772,99,673,772
00331100,PENNSYLVANIA COLLEGE OF OPTOMETRY       ,PA,19027-1598,Private      ,6,523,529,6,523,529
00331300,WIDENER UNIVERSITY                      ,PA,19013-5792,Private      ,3298,1240,4538,3298,1240,4538
00331302,WIDENER UNIV SCH OF LAW- HARRISBURG     ,PA,17106-9381,Private      ,8,486,494,8,486,494
00331500,BLOOMSBURG UNIVERSITY OF PA             ,PA,17815-1301,Public       ,8942,1047,9989,8942,1047,9989
00331600,CALIFORNIA UNIV OF PENNSYLVANIA         ,PA,15419-1394,Public       ,3912,1495,5407,3912,1495,5407
00331700,CHEYNEY UNIVERSITY OF PENNSYLVANIA      ,PA,19319-0200,Public       ,1306,422,1728,1306,422,1728
00331800,CLARION UNIVERSITY OF PENNSYLVANIA      ,PA,16214-1232,Public       ,3097,922,4019,3097,922,4019
00332000,EAST STROUDSBURG UNIVERSITY             ,PA,18301-2999,Public       ,5645,831,6476,5645,831,6476
00332100,EDINBORO UNIVERSITY OF PENNSYLVANIA     ,PA,16444-0001,Public       ,4732,1798,6530,4732,1798,6530
00332200,KUTZTOWN UNIVERSITY OF PENNSYLVANIA     ,PA,19530-9339,Public       ,9038,1171,10209,9038,1171,10209
00332300,LOCK HAVEN UNIV OF PENNSYLVANIA         ,PA,17745-2439,Public       ,4654,848,5502,4654,848,5502
00332400,MANSFIELD UNIVERSITY                    ,PA,16933-1123,Public       ,2063,498,2561,2063,498,2561
00332500,MILLERSVILLE UNIVERSITY OF PA           ,PA,17551-1800,Public       ,6403,1239,7642,6403,1239,7642
00332600,SHIPPENSBURG UNIVERSITY                 ,PA,17257-2299,Public       ,5853,753,6606,5853,753,6606
00332700,SLIPPERY ROCK UNIVERSITY                ,PA,16057-1326,Public       ,5441,849,6290,5441,849,6290
00332800,WEST CHESTER UNIVERSITY                 ,PA,19383-0001,Public       ,12502,2202,14704,12502,2202,14704
00332900,PENN STATE UNIVERSITY                   ,PA,16802-1503,Public       ,51548,12870,64418,51548,12870,64418
00335000,UNIVERSITY OF THE ARTS (THE)            ,PA,19102-9493,Private      ,2562,411,2973,2562,411,2973
00335100,PHILADELPHIA BIBLICAL UNIVERSITY        ,PA,19047-2942,Private      ,500,128,628,500,128,628
00335200,PHILADELPHIA CLG OSTEOPATHIC MED        ,PA,19131-0000,Private      ,11,1592,1603,11,1592,1603
00335300,UNIVERSITY OF THE SCIENCES IN PHILADELPH,PA,19104-4495,Private      ,3126,649,3775,3126,649,3775
00335400,PHILADELPHIA UNIVERSITY                 ,PA,19144-5497,Private      ,3170,671,3841,3170,671,3841
00335600,PITTSBURGH THEOLOGICAL SEMINARY         ,PA,15206-0000,Private      ,0,171,171,0,171,171
00335700,POINT PARK UNIVERSITY                   ,PA,15222-1912,Private      ,2111,805,2916,2111,805,2916
00335800,REFORMED PRESBYTERIAN THEOL SEMINAR     ,PA,15208-0000,Private      ,0,11,11,0,11,11
00335900,ROBERT MORRIS UNIVERSITY                ,PA,15108-1189,Private      ,3116,765,3881,3116,765,3881
00336000,ROSEMONT COLLEGE                        ,PA,19010-1699,Private      ,499,164,663,499,164,663
00336200,SETON HILL UNIVERSITY                   ,PA,15601-1599,Private      ,1313,366,1679,1313,366,1679
00336400,ST. CHARLES BORROMEO SEMINARY           ,PA,19096-0000,Private      ,22,13,35,22,13,35
00336600,SAINT FRANCIS UNIVERSITY                ,PA,15940-0600,Private      ,1298,282,1580,1298,282,1580
00336700,SAINT JOSEPH'S UNIVERSITY               ,PA,19131-1395,Private      ,4926,897,5823,4926,897,5823
00336800,ST VINCENT COLLEGE                      ,PA,15650-2690,Private      ,1420,126,1546,1420,126,1546
00336900,SUSQUEHANNA UNIVERSITY                  ,PA,17870-1001,Private      ,2785,82,2867,2785,82,2867
00337000,SWARTHMORE COLLEGE                      ,PA,19081-1397,Private      ,3393,66,3459,3393,66,3459
00337100,TEMPLE UNIV - MAIN CAMPUS               ,PA,19122-6003,Private      ,22178,4934,27112,22178,4934,27112
00337101,TEMPLE UNIV - SCHOOL OF LAW             ,PA,19122-0000,Private      ,51,2366,2417,51,2366,2417
00337102,TEMPLE UNIV - SCHOOL OF MEDICINE        ,PA,19140-0000,Private      ,117,1252,1369,117,1252,1369
00337103,TEMPLE UNIV - SCHOOL OF DENTISTRY       ,PA,19140-0000,Private      ,22,474,496,22,474,496
00337104,TEMPLE UNIV - AMBLER CAMPUS             ,PA,19002-0000,Private      ,524,374,898,524,374,898
00337105,TEMPLE UNIV - SCH OF ALLIED HEALTH      ,PA,19140-0000,Private      ,377,306,683,377,306,683
00337106,TEMPLE UNIV - SCHOOL OF PHARMACY        ,PA,19140-0000,Private      ,186,468,654,186,468,654
00337107,TEMPLE UNIV - TYLER SCHOOL OF ART       ,PA,19122-0000,Private      ,1144,420,1564,1144,420,1564
00337108,TEMPLE UNIV - GRAD DIV HEALTH SCI       ,PA,19140-0000,Private      ,113,459,572,113,459,572
00337109,TEMPLE UNIV - GRADUATE DIVISION         ,PA,19122-0000,Private      ,107,1735,1842,107,1735,1842
00337111,TEMPLE UNIV-SCH OF PODIATRIC MED        ,PA,19107-0000,Private      ,4,225,229,4,225,229
00337600,THIEL COLLEGE                           ,PA,16125-2181,Private      ,1111,83,1194,1111,83,1194
00337800,UNIVERSITY OF PENNSYLVANIA              ,PA,19104-6216,Private      ,15675,8725,24400,15675,8725,24400
00337900,UNIVERSITY OF PITTSBURGH                ,PA,15260-0000,Public       ,21005,6105,27110,21005,6105,27110
00337906,UNIVERSITY OF PITTSBURGH - SCHOOL OF MED,PA,15261-0001,Public       ,167,828,995,167,828,995
00337907,UNIVERSITY OF PITTSBURGH - SCHOOL OF DEN,PA,15261-2523,Public       ,185,431,616,185,431,616
00338400,UNIVERSITY OF SCRANTON                  ,PA,18510-4622,Private      ,5444,576,6020,5444,576,6020
00338500,URSINUS COLLEGE                         ,PA,19426-2562,Private      ,2995,64,3059,2995,64,3059
00338600,VALLEY FORGE MILITARY COLLEGE           ,PA,19087-3695,Private      ,218,20,238,218,20,238
00338800,VILLANOVA UNIVERSITY                    ,PA,19085-1699,Private      ,10330,1213,11543,10330,1213,11543
00338801,VILLANOVA UNIV SCH OF LAW               ,PA,19085-0000,Private      ,32,1492,1524,32,1492,1524
00338900,WASHINGTON & JEFFERSON COLLEGE          ,PA,15301-4801,Private      ,2199,39,2238,2199,39,2238
00339100,WAYNESBURG UNIVERSITY                   ,PA,15370-1222,Private      ,1392,269,1661,1392,269,1661
00339200,WESTMINSTER COLLEGE                     ,PA,16172-0002,Private      ,1980,58,2038,1980,58,2038
00339300,WESTMINSTER THEOLOGICAL SEMINARY        ,PA,19038-0000,Private      ,1,156,157,1,156,157
00339400,WILKES UNIVERSITY                       ,PA,18766-0998,Private      ,2056,411,2467,2056,411,2467
00339500,PENNSYLVANIA COLLEGE OF TECHNOLOGY      ,PA,17701-5779,Public       ,3159,1240,4399,3159,1240,4399
00339600,WILSON COLLEGE                          ,PA,17201-1285,Private      ,316,220,536,316,220,536
00339900,YORK COLLEGE OF PENNSYLVANIA            ,PA,17405-7199,Private      ,6648,594,7242,6648,594,7242
00398600,DESALES UNIVERSITY                      ,PA,18034-9568,Private      ,1707,473,2180,1707,473,2180
00398700,LA ROCHE COLLEGE                        ,PA,15237-5898,Private      ,559,172,731,559,172,731
00398800,NEUMANN UNIVERSITY                      ,PA,19014-1298,Private      ,2072,474,2546,2072,474,2546
00405800,GRATZ COLLEGE                           ,PA,19027-3097,Private      ,4,37,41,4,37,41
00445200,MONTGOMERY COUNTY COMMUNITY COLLEGE     ,PA,19422-6300,Public       ,1665,1707,3372,1665,1707,3372
00488700,BRANDYWINE SCHOOL OF NURSING            ,PA,19320-1536,Proprietary  ,10,18,28,10,18,28
00488900,CAMBRIA-ROWE BUSINESS COLLEGE           ,PA,15902-2494,Proprietary  ,49,114,163,49,114,163
00489000,CENTRAL PENNSYLVANIA COLLEGE            ,PA,17093-0309,Proprietary  ,880,646,1526,880,646,1526
00489300,DU BOIS BUSINESS COLLEGE                ,PA,15801-2401,Proprietary  ,85,163,248,85,163,248
00489400,ERIE BUSINESS CENTER                    ,PA,16501-1305,Proprietary  ,22,102,124,22,102,124
00489401,ERIE BUSINESS CENTER SOUTH              ,PA,16101-0000,Proprietary  ,4,39,43,4,39,43
00489800,MCCANN SCHOOL OF BUSINESS & TECHNOL     ,PA,17901-1335,Proprietary  ,279,967,1246,279,967,1246
00489807,MCCANN SCHOOL OF BUSINESS & TECHNOLOGY -,PA,17013-3180,Proprietary  ,7,17,24,7,17,24
00489900,MERCY HOSP SCH OF NURSING               ,PA,15219-5166,Private      ,45,86,131,45,86,131
00490100,NEWPORT BUSINESS INSTITUTE              ,PA,15068-3929,Proprietary  ,9,29,38,9,29,38
00490200,PENN COMMERCIAL BUSINESS/TECHNICAL SCHL ,PA,15301-2871,Proprietary  ,65,140,205,65,140,205
00491000,KAPLAN CAREER INSTITUTE                 ,PA,17111-3571,Proprietary  ,103,333,436,103,333,436
00491001,THOMPSON INSTITUTE-PHILADEPHIA CAMPUS   ,PA,19104-3386,Proprietary  ,57,256,313,57,256,313
00491400,NEWPORT BUSINESS INSTITUTE              ,PA,17701-5855,Proprietary  ,4,63,67,4,63,67
00500701,WEST VIRGINIA CAREER INSTITUTE          ,PA,15456-0000,Proprietary  ,14,52,66,14,52,66
00531000,PITTSBURGH INST OF AERONAUTICS          ,PA,15236-0000,Private      ,94,53,147,94,53,147
00533000,FAYETTE CNTY AREA VOC TECH PRC NRSG     ,PA,15401-0000,Public       ,5,17,22,5,17,22
00533500,CENTRAL PENN INST OF SCI & TECH PNP     ,PA,16823-0000,Public       ,21,49,70,21,49,70
00536500,YORK CO AREA VOC-TECH SCH-PRAC NSG      ,PA,17402-0000,Public       ,13,60,73,13,60,73
00594600,SCHOOL OF RADIOLOGIC TECHNOLOGY AT ST. C,PA,19134-1995,Proprietary  ,7,20,27,7,20,27
00653400,CITIZENS SCHOOL OF NURSING              ,PA,15068-6591,Private      ,52,68,120,52,68,120
00653700,CONEMAUGH VLY MEM HOSP SCH NRSNG        ,PA,15905-4398,Private      ,43,38,81,43,38,81
00653702,CONEMAUGH HOSP- SCH HISTOTECHNOLOGY     ,PA,15905-0000,Private      ,3,0,3,3,0,3
00653704,CONEMAUGH VLY MEM HOSP SCH RAD TECH     ,PA,15905-0000,Private      ,12,7,19,12,7,19
00653706,CONEMAUGH VLY MEM HOSP SCH  MED TECH    ,PA,15905-4398,Private      ,3,6,9,3,6,9
00653900,EPISCOPAL HOSPITAL SCHL OF NURSING      ,PA,19125-1000,Private      ,12,14,26,12,14,26
00655100,ST MARGARET SCHL OF NURSING             ,PA,15238-3205,Private      ,32,101,133,32,101,133
00656000,OHIO VALLEY HOSP SCH OF NURSING         ,PA,15136-1694,Private      ,13,19,32,13,19,32
00656500,READING HOSPITAL SCHOOL OF HEALTH SCIENC,PA,19611-1744,Private      ,107,150,257,107,150,257
00657400,"ST LUKE'S HOSPITAL OF BETHLEHEM, PA     ",PA,18015-1065,Private      ,29,72,101,29,72,101
00657600,SEWICKLEY VALLEY HOSP SCH NRSNG         ,PA,15143-1498,Private      ,15,18,33,15,18,33
00657700,UPMC SHADYSIDE SCHOOL OF NURSING        ,PA,15232-1381,Private      ,65,124,189,65,124,189
00657800,SHARON REGIONAL SCHOOL OF NURSING       ,PA,16146-3395,Private      ,8,31,39,8,31,39
00658200,WASHINGTON HOSP SCH OF NURSING          ,PA,15301-3398,Private      ,21,47,68,21,47,68
00658202,WASHINGTON HOSP SCH OF RAD TECH         ,PA,15301-3398,Private      ,10,7,17,10,7,17
00658300,WESTERN PENN HOSP-SCH OF NURSING        ,PA,15224-1790,Private      ,39,46,85,39,46,85
00680700,COMMUNITY COLLEGE OF BEAVER COUNTY      ,PA,15061-2588,Public       ,441,442,883,441,442,883
00681000,LEHIGH CARBON COMMUNITY COLLEGE         ,PA,18078-2598,Public       ,1181,1352,2533,1181,1352,2533
00681100,LUZERNE COUNTY COMMUNITY COLLEGE        ,PA,18634-3899,Public       ,1249,1328,2577,1249,1328,2577
00708700,ABINGTON MEM HOSP SCHL OF NURSING       ,PA,19090-1284,Private      ,74,199,273,74,199,273
00709100,EVEREST INSTITUTE                       ,PA,15222-1320,Proprietary  ,35,186,221,35,186,221
00711000,DELAWARE COUNTY COMMUNITY COLLEGE       ,PA,19063-1094,Public       ,1791,2132,3923,1791,2132,3923
00719100,NORTHAMPTON COMMUNITY COLLEGE           ,PA,18020-7599,Public       ,3246,2745,5991,3246,2745,5991
00739802,KATHERINE GIBBS-PHILADELPHIA            ,PA,19403-2422,Proprietary  ,0,1,1,0,1,1
00743000,ANTONELLI INST OF ART & PHOTOGRAPHY     ,PA,19038-8242,Proprietary  ,53,6,59,53,6,59
00743600,KAPLAN CAREER INSTITUTE - ICM CAMPUS    ,PA,15222-1977,Proprietary  ,184,640,824,184,640,824
00743700,PITTSBURGH TECHNICAL INSTITUTE          ,PA,15071-3205,Proprietary  ,1366,567,1933,1366,567,1933
00746900,"HUSSIAN SCHOOL OF ART, INC.             ",PA,19106-0000,Proprietary  ,63,8,71,63,8,71
00747000,"ART INSTITUTE OF PITTSBURGH, THE        ",PA,15219-1328,Proprietary  ,2384,6380,8764,2384,6380,8764
00752900,CTR ART TCH BRDYWN CMPS PRC NRS PRG     ,PA,19320-2459,Public       ,9,36,45,9,36,45
00775900,LINCOLN TECHNICAL INSTITUTE             ,PA,18104-3298,Proprietary  ,99,138,237,99,138,237
00777900,LANSDALE SCHOOL OF BUSINESS             ,PA,19454-0000,Proprietary  ,7,59,66,7,59,66
00778000,NEW CASTLE SCHOOL OF TRADES             ,PA,16143-9721,Proprietary  ,81,149,230,81,149,230
00778100,CHI INSTITUTE/RETS CAMPUS               ,PA,19008-3516,Proprietary  ,40,149,189,40,149,189
00783200,LINCOLN TECH INSTITUTE                  ,PA,19136-1595,Proprietary  ,170,141,311,170,141,311
00783900,TRIANGLE TECH                           ,PA,15214-3897,Proprietary  ,34,82,116,34,82,116
00791200,THADDEUS STEVENS CLG OF TECHNOLOGY      ,PA,17602-0000,Public       ,599,222,821,599,222,821
00791600,FRANKLIN CNTY CAREER & TECH CTR-PNP     ,PA,17201-0000,Public       ,12,14,26,12,14,26
00820000,JAMESON MEMORIAL HOSP SCH NURSING       ,PA,16105-2595,Private      ,18,42,60,18,42,60
00826301,AWARD BEAUTY SCHOOL - CHAMBERSBURG BEAUT,PA,17201-2435,Proprietary  ,3,1,4,3,1,4
00835000,ART INSTITUTE OF PHILADELPHIA           ,PA,19103-5198,Proprietary  ,1992,1011,3003,1992,1011,3003
00844100,ANTHEM INSTITUTE                        ,PA,19064-1243,Proprietary  ,39,135,174,39,135,174
00856800,VET TECH INSTITUTE                      ,PA,15222-3400,Proprietary  ,139,74,213,139,74,213
00865300,JEFFERSON CO DUBOIS VOC TECH-PR NSG     ,PA,15851-0000,Public       ,12,18,30,12,18,30
00888900,LEHIGH VALLEY COLLEGE                   ,PA,18034-8447,Proprietary  ,30,10,40,30,10,40
00895500,PRUONTOS HAIR DESIGN INSTITUTE          ,PA,16602-0000,Proprietary  ,4,13,17,4,13,17
00915705,WYOMING TECHNICAL INSTITUTE - BLAIRSVILL,PA,15717-8060,Proprietary  ,641,369,1010,641,369,1010
00918600,DEAN INSTITUTE OF TECHNOLOGY            ,PA,15226-1197,Proprietary  ,8,33,41,8,33,41
00944900,PENNCO TECH                             ,PA,19007-0000,Proprietary  ,50,86,136,50,86,136
00966400,EMPIRE BEAUTY SCHOOL                    ,PA,18052-5730,Proprietary  ,23,51,74,23,51,74
00966500,EMPIRE BEAUTY SCHOOL                    ,PA,17109-2210,Proprietary  ,16,38,54,16,38,54
00966600,EMPIRE BEAUTY SCHOOL                    ,PA,19605-2803,Proprietary  ,19,62,81,19,62,81
00972100,BRADFORD SCHOOL                         ,PA,15219-2602,Proprietary  ,416,62,478,416,62,478
00972300,ARIA HEALTH SCHOOL OF NURSING           ,PA,19124-2696,Private      ,84,147,231,84,147,231
00978300,GORDON PHILLIPS SCH OF BEAUTY CULT      ,PA,19135-0000,Proprietary  ,48,125,173,48,125,173
00986300,LANCASTER GENERAL COLLEGE OF NURSING AND,PA,17602-4955,Private      ,320,355,675,320,355,675
01000600,GREATER JOHNSTOWN AREA VOC TECH SCH     ,PA,15904-0000,Public       ,18,93,111,18,93,111
01005500,CRAWFORD CNTY AREA VO-TECH PRAC NUR     ,PA,16335-0000,Public       ,7,4,11,7,4,11
01017600,WESTMORELAND COUNTY COMMUNITY CLG       ,PA,15697-1895,Public       ,918,1174,2092,918,1174,2092
01038800,READING AREA COMMUNITY COLLEGE          ,PA,19603-1706,Public       ,678,1247,1925,678,1247,1925
01054100,EMPIRE BEAUTY SCHOOL                    ,PA,15146-2229,Proprietary  ,18,56,74,18,56,74
01054200,EMPIRE BEAUTY SCHOOL                    ,PA,18701-0000,Proprietary  ,26,54,80,26,54,80
01054300,EMPIRE BEAUTY SCHOOL                    ,PA,17701-3914,Proprietary  ,10,43,53,10,43,53
01081400,PITTSBURGH INST MORTUARY SCIENCE        ,PA,15206-3706,Private      ,52,80,132,52,80,132
01086000,GREATER ALTOONA CAREER/TECH CENTER      ,PA,16602-0000,Public       ,16,69,85,16,69,85
01096300,GREENE COUNTY VOC-TECH SCHOOL           ,PA,15370-0000,Public       ,3,5,8,3,5,8
01097000,EMPIRE BEAUTY SCHOOL                    ,PA,17042-5209,Proprietary  ,13,16,29,13,16,29
01099800,PENNSYLVANIA INSTITUTE OF TECH          ,PA,19063-4098,Private      ,159,212,371,159,212,371
01102000,EMPIRE BEAUTY SCHOOL                    ,PA,17604-4335,Proprietary  ,15,21,36,15,21,36
01102100,EMPIRE BEAUTY SCHOOL                    ,PA,17402-2862,Proprietary  ,21,52,73,21,52,73
01162100,AUTOMOTIVE TRAINING CENTER              ,PA,19341-1310,Proprietary  ,197,80,277,197,80,277
01162200,WELDER TRAINING & TESTING INST          ,PA,18109-3253,Proprietary  ,5,26,31,5,26,31
01163800,EMPIRE BEAUTY SCHOOL                    ,PA,17876-0000,Proprietary  ,4,6,10,4,6,10
01171500,SCHUYLKILL HEALTH SCHOOL OF NURSING     ,PA,17901-3692,Private      ,31,18,49,31,18,49
01191900,BEAVER FALLS BEAUTY ACADEMY             ,PA,15010-4208,Proprietary  ,6,6,12,6,6,12
01205000,ROSEDALE TECHNICAL INSTITUTE            ,PA,15205-9791,Private      ,50,109,159,50,109,159
01239300,THOMAS JEFF UNIV-CLG ALLIED HEALTH      ,PA,19107-0000,Private      ,229,790,1019,229,790,1019
01239301,JEFFERSON MED CLG-T. JEFFERSON UNIV     ,PA,19107-5587,Private      ,121,1119,1240,121,1119,1240
01239303,THOMAS JEFFERSON UNIV-GRADUATE COLG     ,PA,19107-0000,Private      ,117,690,807,117,690,807
01246104,LINCOLN TECHNICAL INSTITUTE             ,PA,19104-0202,Proprietary  ,86,125,211,86,125,211
01246105,LINCOLN TECHNICAL INSTITUTE             ,PA,19116-4202,Proprietary  ,69,103,172,69,103,172
01252300,TALMUDICAL YESHIVA OF PHILA             ,PA,19131-1296,Private      ,2,0,2,2,0,2
01260500,EMPIRE BEAUTY SCHOOL                    ,PA,17331-2405,Proprietary  ,12,21,33,12,21,33
01260600,EMPIRE BEAUTY SCHOOL                    ,PA,17901-2505,Proprietary  ,44,154,198,44,154,198
01260700,EMPIRE BEAUTY SCHOOL                    ,PA,16801-5218,Proprietary  ,5,9,14,5,9,14
01292900,SOUTH HILLS BEAUTY ACADEMY              ,PA,15216-2335,Proprietary  ,5,8,13,5,8,13
01301500,GORDON PHILLIPS SCH BEAUTY CULTURE      ,PA,19102-2701,Proprietary  ,37,148,185,37,148,185
01321400,ROXBOROUGH MEM HOSP SCH OF NURSING      ,PA,19128-0000,Proprietary  ,37,99,136,37,99,136
01326300,SOUTH HILLS SCHOOL OF BUSINESS & TECHNOL,PA,16801-4516,Proprietary  ,192,204,396,192,204,396
01326304,SOUTH HILLS SCHOOL OF BUSINESS & TECHNOL,PA,16602-1188,Proprietary  ,10,16,26,10,16,26
02061000,VENUS BEAUTY ACADEMY                    ,PA,19079-0000,Proprietary  ,6,10,16,6,10,16
02068300,DOUGLAS SCHOOL OF BUSINESS              ,PA,15062-0000,Proprietary  ,131,129,260,131,129,260
02090200,TRIANGLE TECH                           ,PA,16502-0000,Proprietary  ,38,53,91,38,53,91
02092500,LAUREL TECHNICAL INSTITUTE              ,PA,16146-0000,Proprietary  ,22,77,99,22,77,99
02092502,BUSINESS INSTITUTE OF PENNSYLVANIA      ,PA,16335-0000,Proprietary  ,9,8,17,9,8,17
02107300,PENNSYLVANIA ACADEMY OF FINE ARTS       ,PA,19102-1424,Private      ,203,189,392,203,189,392
02112200,GREAT LAKES INSTITUTE OF TECHNOLOGY     ,PA,16509-0000,Proprietary  ,80,114,194,80,114,194
02114200,JOHNSON COLLEGE                         ,PA,18508-0000,Private      ,197,95,292,197,95,292
02116001,SANFORD-BROWN INSTITUTE - TREVOSE       ,PA,19053-4700,Proprietary  ,120,539,659,120,539,659
02118000,LEVITTOWN BEAUTY ACADEMY LLC            ,PA,19054-1713,Proprietary  ,1,1,2,1,1,2
02119300,PA ACAD OF COSMETOLOGY ARTS & SCI       ,PA,15904-0000,Proprietary  ,13,12,25,13,12,25
02119301,PA ACAD OF COSMTLGY ARTS & SCI          ,PA,15801-0000,Proprietary  ,2,2,4,2,2,4
02120800,"YORKTOWNE BUSINESS INSTITUTE, INC.      ",PA,17404-0000,Proprietary  ,41,90,131,41,90,131
02127400,YORK TECHNICAL INSTITUTE                ,PA,17402-0000,Proprietary  ,483,915,1398,483,915,1398
02129000,TRIANGLE TECH                           ,PA,15601-0000,Proprietary  ,53,54,107,53,54,107
02129001,TRIANGLE TECH - BUSINESS CAREERS INSTITU,PA,15601-3304,Proprietary  ,2,0,2,2,0,2
02144000,"VISION ACADEMY, THE                     ",PA,18103-0000,Proprietary  ,6,10,16,6,10,16
02149000,EMPIRE BEAUTY SCHOOL                    ,PA,19341-2804,Proprietary  ,13,25,38,13,25,38
02151500,CENTRAL SUSQUEHANNA LPN CENTER          ,PA,17837-8818,Public       ,20,85,105,20,85,105
02152105,ACADEMY OF COURT REPORTING AND TECHNOLOG,PA,15222-1710,Proprietary  ,5,15,20,5,15,20
02153500,OAKBRIDGE ACADEMY OF ARTS               ,PA,15068-0000,Proprietary  ,30,14,44,30,14,44
02158300,JUNIATA-MIFFLIN CO AREA VOC TECH        ,PA,17044-0000,Public       ,9,27,36,9,27,36
02161400,NORTHEASTERN HOSP SCH OF NRSG           ,PA,19134-0000,Private      ,25,71,96,25,71,96
02169600,CLEARFIELD CTY CAREER AND TECH CNTR     ,PA,16830-0000,Public       ,22,45,67,22,45,67
02174400,TRIANGLE TECH                           ,PA,15801-0000,Proprietary  ,53,55,108,53,55,108
02178900,ACADEMY OF HAIR DESIGN                  ,PA,18202-1465,Proprietary  ,4,7,11,4,7,11
02183000,ORLEANS TECHNICAL INSTITUTE             ,PA,19111-0000,Private      ,31,69,100,31,69,100
02192800,WALNUT HILL COLLEGE                     ,PA,19104-0000,Proprietary  ,206,119,325,206,119,325
02202300,SANFORD-BROWN INSTITUTE                 ,PA,15219-1907,Proprietary  ,66,429,495,66,429,495
02202301,SANFORD-BROWN INSTITUTE                 ,PA,15146-2141,Proprietary  ,34,199,233,34,199,233
02203900,ERIE INSTITUTE OF TECHNOLOGY            ,PA,16565-1002,Proprietary  ,48,172,220,48,172,220
02206200,AMBLER BEAUTY ACADEMY                   ,PA,19002-0000,Proprietary  ,8,4,12,8,4,12
02206300,STROUDSBURG SCHOOL OF COSMETOLOGY       ,PA,18360-0000,Proprietary  ,2,5,7,2,5,7
02212700,LANCASTER SCHOOL OF COSMETOLOGY         ,PA,17602-0000,Proprietary  ,8,16,24,8,16,24
02234200,ACADEMY OF MEDICAL ARTS & BUSINESS      ,PA,17112-0000,Proprietary  ,26,47,73,26,47,73
02251200,SCHUYLKILL COUNTY AREA VOC TECH SCH     ,PA,17931-0000,Public       ,13,30,43,13,30,43
02251202,SCHUYLKILL COUNTY AREA VOC TECH SCH     ,PA,17931-0000,Public       ,5,5,10,5,5,10
02253900,BERKS TECHNICAL INSTITUTE               ,PA,19610-0000,Proprietary  ,212,330,542,212,330,542
02255200,PENNSYLVANIA SCHOOL OF BUSINESS         ,PA,18101-1604,Proprietary  ,57,307,364,57,307,364
02269900,PENNSYLVANIA COLLEGE OF ART & DESIGN    ,PA,17603-3528,Private      ,256,46,302,256,46,302
02270500,BUCKS COUNTY SCHOOL OF BEAUTY CULT      ,PA,19053-0000,Proprietary  ,9,7,16,9,7,16
02273400,RECONSTRUCTIONIST RABBINICAL COLLEG     ,PA,19095-0000,Private      ,0,5,5,0,5,5
02276600,HANOVER PUBLIC SCH DIST PRAC NURSG      ,PA,17331-0000,Public       ,2,15,17,2,15,17
02282500,LENAPE SCHOOL OF PRACTICAL NURSING      ,PA,16226-0000,Public       ,13,88,101,13,88,101
02288800,EMPIRE BEAUTY SCHOOL                    ,PA,18974-4508,Proprietary  ,7,7,14,7,7,14
02289500,PACE INSTITUTE                          ,PA,19601-0000,Proprietary  ,14,71,85,14,71,85
02289600,CONSOLIDATED SCHOOL OF BUSINESS         ,PA,17404-0000,Proprietary  ,14,58,72,14,58,72
02289700,ACADEMY OF CREATIVE HAIR DESIGN         ,PA,18702-0000,Proprietary  ,12,23,35,12,23,35
02289800,CHI INSTITUTE - FRANKLIN MILLS          ,PA,19154-0000,Proprietary  ,149,435,584,149,435,584
02290400,"ALTOONA BEAUTY SCHOOL, INC              ",PA,16602-0000,Proprietary  ,9,12,21,9,12,21
02292700,LANSDALE SCHOOL OF COSMETOLOGY          ,PA,19446-0000,Proprietary  ,7,7,14,7,7,14
02299300,TRINITY EPISCOPAL SCHOOL MINISTRY       ,PA,15003-0000,Private      ,1,15,16,1,15,16
02301300,PJA SCHOOL (THE)                        ,PA,19082-1917,Proprietary  ,11,80,91,11,80,91
02304400,YTI CAREER INSTITUTE - MECHANICSBURG    ,PA,17055-0000,Proprietary  ,37,97,134,37,97,134
02306200,VENANGO COUNTY AREA VOC TECH SCHOOL     ,PA,16301-0000,Public       ,7,12,19,7,12,19
02310800,LANCASTER COUNTY CAREER & TECH CTR      ,PA,17584-0000,Public       ,41,146,187,41,146,187
02330300,LEBANON CO CAREER & TECHNOLOGY CTR      ,PA,17042-0000,Public       ,13,55,68,13,55,68
02330600,PENNSYLVANIA GUNSMITH SCHOOL            ,PA,15202-0000,Proprietary  ,26,24,50,26,24,50
02350100,WESTERN AREA CAREER & TECHNOLOGY CT     ,PA,15317-0000,Public       ,6,29,35,6,29,35
02350200,INDIANA COUNTY TECH CTR SCH PR NSG      ,PA,15701-1465,Public       ,13,33,46,13,33,46
02353100,NORTHERN TIER CAREER CENTER             ,PA,18848-0000,Public       ,9,38,47,9,38,47
02361002,ITT TECHNICAL INSTITUTE                 ,PA,19406-0000,Proprietary  ,95,92,187,95,92,187
02362300,MERCER COUNTY AREA VOC TECH SCHOOL      ,PA,16137-0000,Public       ,3,31,34,3,31,34
02492500,DELAWARE VLY ACAD MED DNTL ASSTS        ,PA,19114-0000,Proprietary  ,7,7,14,7,7,14
02492600,EASTERN CTR ARTS AND TECH PR NSG        ,PA,19090-0000,Public       ,8,33,41,8,33,41
02495500,ALL-STATE CAREER SCHOOL                 ,PA,19029-0000,Proprietary  ,26,67,93,26,67,93
02529800,WILKES BARRE AREA CAREER AND TECHNICAL C,PA,18705-0000,Public       ,12,74,86,12,74,86
02536600,COMMONWEALTH TECH INSTIT @ HIRAM G      ,PA,15905-0000,Public       ,70,28,98,70,28,98
02544300,BUTLER BEAUTY SCHOOL                    ,PA,16001-0000,Proprietary  ,10,25,35,10,25,35
02545000,LAWRENCE COUNTY CAREER AND TECHNICAL CEN,PA,16101-0000,Public       ,2,22,24,2,22,24
02546200,LAUREL BUSINESS INSTITUTE               ,PA,15401-0877,Proprietary  ,37,88,125,37,88,125
02550000,CLARION CO AREA VOC-TECH PRAC NRSG      ,PA,16254-0000,Public       ,5,26,31,5,26,31
02554500,HAZLETON AREA CAREER CENTER PRACTICAL NU,PA,18201-0000,Public       ,8,18,26,8,18,26
02557800,ART INSTITUTE OF YORK (THE) - PENNSYLVAN,PA,17402-9012,Proprietary  ,417,144,561,417,144,561
02566400,ALBERT EINSTEIN MED CTR DEPT DNTL       ,PA,19141-3098,Private      ,4,22,26,4,22,26
02574800,PENNSYLVANIA INSTITUTE OF TAXIDERMY     ,PA,15931-0000,Proprietary  ,5,8,13,5,8,13
02609500,CAREER TRAINING ACADEMY                 ,PA,15068-6308,Proprietary  ,13,84,97,13,84,97
02609501,CAREER TRAINING ACADEMY                 ,PA,15146-0000,Proprietary  ,5,7,12,5,7,12
02616100,JEAN MADELINE ED CTR FOR COSM           ,PA,19147-1542,Proprietary  ,105,92,197,105,92,197
03006800,PENNSYLVANIA CULINARY INSTITUTE         ,PA,15222-3511,Proprietary  ,257,208,465,257,208,465
03010800,TRI-STATE BUSINESS INSTITUTE            ,PA,16506-1013,Proprietary  ,329,1019,1348,329,1019,1348
03011500,ALLIED MEDICAL AND TECHNICAL INSTITUTE  ,PA,18702-0000,Proprietary  ,44,50,94,44,50,94
03011600,ALLIED MEDICAL AND TECHNICAL INSTITUTE  ,PA,18509-2903,Proprietary  ,45,59,104,45,59,104
03029900,CONSOLIDATED SCHOOL OF BUSINESS         ,PA,17603-2389,Proprietary  ,10,44,54,10,44,54
03031600,DPT BUSINESS SCHOOL                     ,PA,19116-3961,Proprietary  ,11,16,27,11,16,27
03031601,DPT BUSINESS SCHOOL                     ,PA,19106-0000,Proprietary  ,5,19,24,5,19,24
03067000,ANTONELLI MEDICAL & PROF INST           ,PA,19464-9244,Proprietary  ,11,11,22,11,11,22
03072400,ALL-STATE CAREER SCHOOL                 ,PA,15122-1000,Proprietary  ,10,8,18,10,8,18
03072600,DCI CAREER INSTITUTE                    ,PA,15061-2307,Proprietary  ,9,39,48,9,39,48
03081900,YTI CAREER INSTITUTE - ALTOONA          ,PA,16602-4457,Proprietary  ,83,165,248,83,165,248
03090800,LAKE ERIE COLL OF OSTEOPATHIC MED       ,PA,16509-0000,Private      ,57,2097,2154,57,2097,2154
03098600,CAREER TECH CTR OF LACKAWANNA CNTY      ,PA,18508-0000,Public       ,22,27,49,22,27,49
03101400,FORBES ROAD CAREER & TECHNOLOGY CTR     ,PA,15146-1550,Public       ,0,1,1,0,1,1
03101500,BIDWELL TRAINING CENTER                 ,PA,15233-2233,Private      ,9,8,17,9,8,17
03103300,JNA INSTITUTE OF CULINARY ARTS          ,PA,19146-3119,Proprietary  ,35,31,66,35,31,66
03109100,METROPOLITAN CAREER CENTER              ,PA,19144-0000,Private      ,15,64,79,15,64,79
03110700,AVIATION INSTITUTE OF MAINTENANCE       ,PA,19114-1017,Proprietary  ,27,107,134,27,107,134
03120400,REGIONAL CAREER & TECHNICAL CENTER      ,PA,16509-4699,Public       ,3,5,8,3,5,8
03128400,DELAWARE COUNTY TECHNICAL SCHOOL        ,PA,19032-1998,Public       ,11,44,55,11,44,55
03180400,PENNSYLVANIA HIGHLANDS COMMUNITY COLLEGE,PA,15904-2927,Public       ,343,320,663,343,320,663
03236400,LT INTERNATIONAL BEAUTY SCHOOL          ,PA,19130-2235,Proprietary  ,5,7,12,5,7,12
03353300,ACADEMY OF VOCAL ARTS                   ,PA,19103-6685,Private      ,8,34,42,8,34,42
03380301,CULINARY ACADEMY OF LONG ISLAND - STAR P,PA,19114-2204,Proprietary  ,32,117,149,32,117,149
03439400,NAWCC SCHOOL OF HOROLOGY                ,PA,17512-2130,Private      ,0,8,8,0,8,8
03535300,HUNTINGDON COUNTY CAREER AND TECHNO     ,PA,17060-0905,Public       ,1,8,9,1,8,9
03561400,SUSQUEHANNA COUNTY CAREER & TECHNOL     ,PA,18816-0100,Public       ,6,2,8,6,2,8
03766300,PENNSYLVANIA SCHOOL OF MUSCLE THERAPY   ,PA,19406-3101,Proprietary  ,9,27,36,9,27,36
03899300,CALVARY BAPTIST THEOLOGICAL SEMINARY    ,PA,19446-4718,Private      ,1,4,5,1,4,5
03923300,PRECISION MANUFACTURING INSTITUTE       ,PA,16335-8380,Private      ,3,10,13,3,10,13
03948300,HARRISBURG UNIVERSITY OF SCIENCE AND TEC,PA,17101-2116,Private      ,197,61,258,197,61,258
03949300,WON INSTITUTE OF GRADUATE STUDIES       ,PA,19038-4535,Private      ,0,9,9,0,9,9
03950500,NORTHWEST REGIONAL TECHNOLOGY INSTITUTE ,PA,16508-2820,Proprietary  ,2,8,10,2,8,10
03952300,NATIONAL MASSAGE THERAPY INSTITUTE      ,PA,19116-3965,Proprietary  ,19,80,99,19,80,99
04024300,EDUCATION AND TECHNOLOGY INSTITUTE      ,PA,15601-9214,Private      ,5,7,12,5,7,12
04118000,BYZANTINE CATHOLIC SEMINARY OF SAINTS CY,PA,15214-2229,Private      ,0,1,1,0,1,1
04119900,PENNSYLVANIA MYOTHERAPY INSTITUTE       ,PA,17350-8426,Proprietary  ,0,6,6,0,6,6
04127500,CAREER DEVELOPMENT & EMPLOYMENT         ,PA,18702-5253,Proprietary  ,4,7,11,4,7,11
04137100,KIMBERLY'S BEAUTY SCHOOL                ,PA,19134-0000,Proprietary  ,6,16,22,6,16,22
04138300,INTERNATIONAL BEAUTY ACADEMY            ,PA,19149-2710,Proprietary  ,9,7,16,9,7,16
04145800,PULSE BEAUTY ACADEMY A PAUL MITCHELL PAR,PA,19335-0000,Proprietary  ,20,16,36,20,16,36
04158000,METRO BEAUTY ACADEMY                    ,PA,18106-9693,Proprietary  ,8,15,23,8,15,23
04164900,BARONE BEAUTY ACADEMY                   ,PA,17701-5316,Proprietary  ,2,2,4,2,2,4
00267813,BRYANT & STRATTON COLLEGE - MIL DOWNTOWN,WI,53203-2608,Proprietary  ,271,1232,1503,271,1232,1503
00383200,ALVERNO COLLEGE                         ,WI,53234-3922,Private      ,1057,1340,2397,1057,1340,2397
00383500,BELOIT COLLEGE                          ,WI,53511-5595,Private      ,1727,75,1802,1727,75,1802
00383700,CARDINAL STRITCH UNIVERSITY             ,WI,53217-9884,Private      ,644,1301,1945,644,1301,1945
00383800,CARROLL UNIVERSITY                      ,WI,53186-5593,Private      ,2602,383,2985,2602,383,2985
00383900,CARTHAGE COLLEGE                        ,WI,53141-0000,Private      ,3832,342,4174,3832,342,4174
00384000,WESTERN TECHNICAL COLLEGE               ,WI,54601-0908,Public       ,725,686,1411,725,686,1411
00384200,CONCORDIA UNIVERSITY WISCONSIN          ,WI,53097-2402,Private      ,1834,1235,3069,1834,1235,3069
00384800,EDGEWOOD COLLEGE                        ,WI,53711-1958,Private      ,1196,442,1638,1196,442,1638
00385000,SILVER LAKE COLLEGE                     ,WI,54220-9319,Private      ,97,151,248,97,151,248
00385400,LAKELAND COLLEGE                        ,WI,53082-0000,Private      ,841,682,1523,841,682,1523
00385600,LAWRENCE UNIVERSITY                     ,WI,54912-0599,Private      ,2165,56,2221,2165,56,2221
00386100,MARIAN UNIVERSITY                       ,WI,54935-4699,Private      ,946,529,1475,946,529,1475
00386300,MARQUETTE UNIVERSITY                    ,WI,53201-0000,Private      ,12858,3344,16202,12858,3344,16202
00386600,MILWAUKEE AREA TECH COLLEGE             ,WI,53233-1443,Public       ,2073,5213,7286,2073,5213,7286
00386800,MILWAUKEE SCHOOL OF ENGINEERING         ,WI,53202-3109,Private      ,2360,473,2833,2360,473,2833
00386900,MOUNT MARY COLLEGE                      ,WI,53222-4597,Private      ,591,800,1391,591,800,1391
00387400,NASHOTAH HOUSE                          ,WI,53058-0000,Private      ,0,15,15,0,15,15
00387500,NORTHLAND COLLEGE                       ,WI,54806-3999,Private      ,483,47,530,483,47,530
00388400,RIPON COLLEGE                           ,WI,54971-0248,Private      ,1037,40,1077,1037,40,1077
00389200,ST. NORBERT COLLEGE                     ,WI,54115-2002,Private      ,1985,54,2039,1985,54,2039
00389500,UNIVERSITY OF WISCONSIN-MADISON         ,WI,53715-1382,Public       ,16327,6877,23204,16327,6877,23204
00389600,UNIVERSITY OF WISCONSIN-MILWAUKEE       ,WI,53201-3165,Public       ,11273,6320,17593,11273,6320,17593
00389700,UNIVERSITY OF WISCONSIN COLLEGES        ,WI,53708-8680,Public       ,1730,896,2626,1730,896,2626
00389701,UNIVERSITY OF WISCONSIN-BARABOO         ,WI,53913-1098,Public       ,164,57,221,164,57,221
00389702,UNIVERSITY OF WISCONSIN-BARRON          ,WI,54868-2497,Public       ,145,69,214,145,69,214
00389703,UNIVERSITY OF WISCONSIN-FOND DU LAC     ,WI,54935-2998,Public       ,222,85,307,222,85,307
00389704,UNIVERSITY OF WISCONSIN-FOX VALLEY      ,WI,54952-1297,Public       ,441,179,620,441,179,620
00389705,UNIVERSITY OF WISCONSIN-MANITOWOC       ,WI,54220-6699,Public       ,118,65,183,118,65,183
00389706,UNIVERSITY OF WISCONSIN-MARATHON        ,WI,54401-5396,Public       ,440,162,602,440,162,602
00389707,UNIVERSITY OF WISCONSIN-MARINETTE       ,WI,54143-4299,Public       ,129,45,174,129,45,174
00389708,UNIVERSITY OF WISCONSIN-MARSHFIELD      ,WI,54449-3310,Public       ,164,60,224,164,60,224
00389709,UNIVERSITY OF WISCONSIN-RICHLAND        ,WI,53581-1399,Public       ,126,39,165,126,39,165
00389710,UNIVERSITY OF WISCONSIN COLLEGES - ROCK ,WI,53546-5699,Public       ,320,200,520,320,200,520
00389711,UNIVERSITY OF WISCONSIN-SHEBOYGAN       ,WI,53081-4789,Public       ,223,90,313,223,90,313
00389712,UNIVERSITY OF WISCONSIN-WASHINGTON      ,WI,53095-3699,Public       ,248,94,342,248,94,342
00389713,UNIVERSITY OF WISCONSIN-WAUKESHA        ,WI,53188-2799,Public       ,488,173,661,488,173,661
00389900,UNIVERSITY OF WISCONSIN-GREEN BAY       ,WI,54311-7001,Public       ,2786,820,3606,2786,820,3606
00391100,VITERBO UNIVERSITY                      ,WI,54601-4777,Private      ,1493,617,2110,1493,617,2110
00391500,UNIVERSITY OF WISCONSIN-STOUT           ,WI,54751-0790,Public       ,3463,780,4243,3463,780,4243
00391700,UNIVERSITY OF WISCONSIN-EAU CLAIRE      ,WI,54702-4004,Public       ,5384,795,6179,5384,795,6179
00391900,UNIVERSITY OF WISCONSIN-LA CROSSE       ,WI,54601-3742,Public       ,5435,745,6180,5435,745,6180
00392000,UNIVERSITY OF WISCONSIN-OSHKOSH         ,WI,54901-8604,Public       ,5022,1383,6405,5022,1383,6405
00392100,UNIVERSITY OF WISCONSIN-PLATTEVILLE     ,WI,53818-3099,Public       ,3910,648,4558,3910,648,4558
00392300,UNIVERSITY OF WISCONSIN-RIVER FALLS     ,WI,54022-5013,Public       ,2733,449,3182,2733,449,3182
00392400,UNIVERSITY OF WISCONSIN-STEVENS POINT   ,WI,54481-3871,Public       ,4738,902,5640,4738,902,5640
00392500,UNIVERSITY OF WISCONSIN-SUPERIOR        ,WI,54880-2898,Public       ,877,438,1315,877,438,1315
00392600,UNIVERSITY OF WISCONSIN-WHITEWATER      ,WI,53190-1792,Public       ,5944,1183,7127,5944,1183,7127
00400700,MADISON AREA TECHNICAL COLLEGE          ,WI,53704-2599,Public       ,1576,2203,3779,1576,2203,3779
00501500,UNIVERSITY OF WISCONSIN-PARKSIDE        ,WI,53141-2000,Public       ,1955,851,2806,1955,851,2806
00529400,WAUKESHA COUNTY TECHNICAL COLLEGE       ,WI,53072-4696,Public       ,578,954,1532,578,954,1532
00530100,NORTHEAST WISCONSIN TECHNICAL COLLEGE   ,WI,54307-9042,Public       ,983,1593,2576,983,1593,2576
00530400,CHIPPEWA VALLEY TECHNICAL COLLEGE       ,WI,54701-6162,Public       ,824,1170,1994,824,1170,1994
00538000,MID-STATE TECHNICAL COLLEGE             ,WI,54494-5512,Public       ,291,703,994,291,703,994
00538400,NICOLET AREA TECHNICAL COLLEGE          ,WI,54501-0000,Public       ,215,291,506,215,291,506
00538700,NORTHCENTRAL TECHNICAL COLLEGE          ,WI,54401-1899,Public       ,385,816,1201,385,816,1201
00538900,GATEWAY TECHNICAL COLLEGE               ,WI,53144-1690,Public       ,754,2928,3682,754,2928,3682
00539000,BLACKHAWK TECHNICAL COLLEGE             ,WI,53547-5009,Public       ,334,1072,1406,334,1072,1406
00610800,BELLIN HOSP SCH OF RAD TECH             ,WI,54305-3505,Private      ,18,9,27,18,9,27
00611500,MERCY MED CTR SCH OF RAD TECH           ,WI,54904-3370,Private      ,8,13,21,8,13,21
00612601,ST LUKE'S MEDCL CTR SCHL RAD TECH       ,WI,53215-4330,Private      ,9,25,34,9,25,34
00612603,ST LUKE'S MED CTR SCH OF SONOGRAPHY     ,WI,53215-0000,Private      ,6,22,28,6,22,28
00613100,THEDA CLARK REG MED CTR SCH RAD TEC     ,WI,54957-0000,Private      ,10,4,14,10,4,14
00663900,BELLIN COLLEGE                          ,WI,54305-0000,Private      ,140,78,218,140,78,218
00766900,SOUTHWEST WISCONSIN TECH COLLEGE        ,WI,53809-0000,Public       ,309,287,596,309,287,596
00821700,WISCONSIN COLLEGE OF COSMETOLOGY        ,WI,54304-0000,Proprietary  ,21,11,32,21,11,32
00869405,RASMUSSEN COLLEGE - WAUSAU              ,WI,54401-7804,Proprietary  ,3,22,25,3,22,25
00869414,RASMUSSEN COLLEGE - GREEN BAY           ,WI,54303-2349,Proprietary  ,73,345,418,73,345,418
00919400,LAKESHORE TECHNICAL COLLEGE             ,WI,53015-1412,Public       ,260,746,1006,260,746,1006
00925600,MORAINE PARK TECHNICAL COLLEGE          ,WI,54936-0000,Public       ,381,958,1339,381,958,1339
00941900,STATE CLG OF BEAUTY CULT-WAUSAU         ,WI,54403-4667,Proprietary  ,11,27,38,11,27,38
00962100,HERZING COLLEGE                         ,WI,53718-4236,Proprietary  ,311,2713,3024,311,2713,3024
00974400,FOX VALLEY TECHNICAL COLLEGE            ,WI,54913-0000,Public       ,1073,1873,2946,1073,1873,2946
01091300,MADISON MEDIA INSTITUTE                 ,WI,53718-6787,Proprietary  ,163,115,278,163,115,278
01148400,ADVANCED INSTITUTE OF HAIR DESIGN       ,WI,53225-0000,Proprietary  ,76,68,144,76,68,144
01182400,WISCONSIN INDIANHEAD TECH CLG WITC      ,WI,54871-9300,Public       ,369,723,1092,369,723,1092
02077100,MILWAUKEE INST OF ART & DESIGN          ,WI,53202-0000,Private      ,712,132,844,712,132,844
02078000,SACRED HEART SCHOOL OF THEOLOGY         ,WI,53130-0000,Private      ,0,2,2,0,2,2
02136600,WISCONSIN LUTHERAN COLLEGE              ,WI,53226-0000,Private      ,779,75,854,779,75,854
02201803,KAPLAN COLLEGE - MILWAUKEE              ,WI,53212-3939,Proprietary  ,66,356,422,66,356,422
02239204,HIGH-TECH INSTITUTE - MILWAUKEE         ,WI,53005-4207,Proprietary  ,7,12,19,7,12,19
02271300,WI SCH OF PROFESSIONAL PSYCHOLOGY       ,WI,53225-0000,Private      ,14,50,64,14,50,64
02317200,MARANATHA BAPTIST BIBLE COLLEGE         ,WI,53094-0000,Private      ,334,30,364,334,30,364
02324700,EMPIRE BEAUTY SCHOOL                    ,WI,53717-0000,Proprietary  ,14,61,75,14,61,75
02332100,EMPIRE BEAUTY SCHOOL                    ,WI,54220-0000,Proprietary  ,18,51,69,18,51,69
02332101,EMPIRE BEAUTY SCHOOL - APPLETON         ,WI,54914-4644,Proprietary  ,5,8,13,5,8,13
02453500,MEDICAL COLLEGE OF WISCONSIN            ,WI,53226-0000,Private      ,35,1033,1068,35,1033,1068
02494300,GILL-TECH ACADEMY OF HAIR DESIGN        ,WI,54911-0000,Proprietary  ,24,10,34,24,10,34
02532200,LAC COURTE OREILLES OJIBWA CMTY CLG     ,WI,54843-0000,Public       ,9,96,105,9,96,105
03007400,LAKESIDE SCHOOL OF MASSAGE THERAPY      ,WI,53719-1103,Private      ,9,40,49,9,40,49
03061200,MIDWEST COLLEGE OF ORIENTAL MEDICINE    ,WI,53403-9747,Proprietary  ,1,23,24,1,23,24
03077600,EMPIRE BEAUTY SCHOOL                    ,WI,54304-4838,Proprietary  ,31,103,134,31,103,134
03087500,ITT TECHNICAL INSTITUTE                 ,WI,53220-4612,Proprietary  ,85,184,269,85,184,269
03125100,COLLEGE OF MENOMINEE NATION             ,WI,54135-0000,Private      ,36,127,163,36,127,163
03125102,COLLEGE OF  THE MENOMINEE NATION - GREEN,WI,54304-4964,Private      ,9,20,29,9,20,29
03220300,"SALON PROFESSIONAL ACADEMY, THE         ",WI,54701-7633,Proprietary  ,14,19,33,14,19,33
03309300,MONTESSORI INSTITUTE OF MILWAUKEE       ,WI,53207-0000,Private      ,2,6,8,2,6,8
03808300,INSTITUTE OF BEAUTY AND WELLNESS (THE)  ,WI,53202-5715,Proprietary  ,36,61,97,36,61,97
03822300,FOUR SEASONS SALON AND COSMETOLOGY SCHOO,WI,53566-0000,Proprietary  ,3,6,9,3,6,9
03872500,NORTHLAND INTERNATIONAL UNIVERSITY      ,WI,54119-9285,Private      ,250,35,285,250,35,285
03925300,BLUE SKY SCHOOL OF PROFESSIONAL MASSAGE ,WI,53024-9699,Private      ,13,33,46,13,33,46
04117400,MILWAUKEE CAREER COLLEGE                ,WI,53222-4305,Proprietary  ,56,191,247,56,191,247
04118600,ACADEMY OF COSMETOLOGY                  ,WI,53548-3307,Proprietary  ,7,17,24,7,17,24
04124800,VISIONS IN HAIR DESIGN INSTITUTE OF COSM,WI,53210-1120,Proprietary  ,9,20,29,9,20,29
04132600,WISCONSIN ACADEMY (THE)                 ,WI,54157-1726,Proprietary  ,6,18,24,6,18,24
04137900,PC PROSCHOOLS                           ,WI,53005-6003,Proprietary  ,7,14,21,7,14,21
04138200,SALON PROFESSIONAL ACADEMY (THE)        ,WI,54914-3921,Proprietary  ,14,22,36,14,22,36
04157700,SALON PROFESSIONAL ACADEMY (THE)        ,WI,54650-8699,Proprietary  ,21,18,39,21,18,39
00290500,NORTH CAROLINA A&T STATE UNIV           ,NC,27411-0001,Public       ,9737,2975,12712,9737,2975,12712
00290600,APPALACHIAN STATE UNIVERSITY            ,NC,28608-2059,Public       ,12405,2520,14925,12405,2520,14925
00290700,UNIVERSITY OF NC AT ASHEVILLE           ,NC,28804-3299,Public       ,2815,955,3770,2815,955,3770
00290800,BARTON COLLEGE                          ,NC,27893-3104,Private      ,1074,346,1420,1074,346,1420
00291000,BELMONT ABBEY COLLEGE                   ,NC,28012-1802,Private      ,884,508,1392,884,508,1392
00291100,BENNETT COLLEGE                         ,NC,27401-3239,Private      ,950,256,1206,950,256,1206
00291200,BREVARD COLLEGE                         ,NC,28712-3306,Private      ,717,88,805,717,88,805
00291300,CAMPBELL UNIVERSITY                     ,NC,27506-0036,Private      ,3139,1691,4830,3139,1691,4830
00291400,CATAWBA COLLEGE                         ,NC,28144-2488,Private      ,1179,322,1501,1179,322,1501
00291500,CENTRAL PIEDMONT COMMUNITY COLLEGE      ,NC,28204-2297,Public       ,2868,5533,8401,2868,5533,8401
00291600,CHOWAN UNIVERSITY                       ,NC,27855-1850,Private      ,1204,192,1396,1204,192,1396
00291700,COLLEGE OF THE ALBEMARLE                ,NC,27909-2327,Public       ,357,672,1029,357,672,1029
00291800,DAVIDSON COLLEGE                        ,NC,28035-7157,Private      ,2435,79,2514,2435,79,2514
00291900,DAVIDSON COUNTY COMMUNITY COLLEGE       ,NC,27293-0000,Public       ,737,1761,2498,737,1761,2498
00292000,DUKE UNIVERSITY                         ,NC,27708-0397,Private      ,14182,1283,15465,14182,1283,15465
00292001,DUKE UNIV - SCHOOL OF MEDICINE          ,NC,27710-0000,Private      ,94,931,1025,94,931,1025
00292002,DUKE UNIV - SCHOOL OF LAW               ,NC,27708-0000,Private      ,36,3225,3261,36,3225,3261
00292003,DUKE UNIV - GRAD SCH ARTS & SCIENCE     ,NC,27708-0000,Private      ,109,430,539,109,430,539
00292004,DUKE UNIV - FUQUA SCH OF BUSINESS       ,NC,27708-0000,Private      ,64,733,797,64,733,797
00292005,DUKE UNIV/NICHOLAS SCH OF ENVIRON.      ,NC,27708-0000,Private      ,18,288,306,18,288,306
00292006,DUKE UNIV - DIVINITY SCHOOL             ,NC,27708-0000,Private      ,127,437,564,127,437,564
00292007,DUKE UNIV - SCHOOL OF NURSING           ,NC,27710-0000,Private      ,82,367,449,82,367,449
00292010,DUKE UNIVERSITY - SCHOOL OF PUBLIC POLIC,NC,27708-0239,Private      ,62,256,318,62,256,318
00292300,EAST CAROLINA UNIVERSITY                ,NC,27858-1818,Public       ,15109,5954,21063,15109,5954,21063
00292600,ELIZABETH CITY STATE UNIVERSITY         ,NC,27909-7806,Public       ,2835,937,3772,2835,937,3772
00292700,ELON UNIVERSITY                         ,NC,27244-2010,Private      ,6051,748,6799,6051,748,6799
00292800,FAYETTEVILLE STATE UNIVERSITY           ,NC,28301-4298,Public       ,3132,2687,5819,3132,2687,5819
00292900,GARDNER-WEBB UNIVERSITY                 ,NC,28017-0000,Private      ,1965,1043,3008,1965,1043,3008
00293000,GREENSBORO COLLEGE                      ,NC,27401-1875,Private      ,1175,440,1615,1175,440,1615
00293100,GUILFORD COLLEGE                        ,NC,27410-4171,Private      ,2256,1122,3378,2256,1122,3378
00293300,HIGH POINT UNIVERSITY                   ,NC,27262-4221,Private      ,3935,590,4525,3935,590,4525
00293400,ISOTHERMAL COMMUNITY COLLEGE            ,NC,28160-0804,Public       ,400,710,1110,400,710,1110
00293500,JOHN WESLEY COLLEGE                     ,NC,27265-0000,Private      ,27,76,103,27,76,103
00293600,JOHNSON C SMITH UNIVERSITY              ,NC,28216-5398,Private      ,1916,611,2527,1916,611,2527
00293700,KING'S COLLEGE-CHARLOTTE                ,NC,28204-2435,Proprietary  ,384,289,673,384,289,673
00293900,LEES MCRAE COLLEGE                      ,NC,28604-0000,Private      ,711,140,851,711,140,851
00294000,LENOIR COMMUNITY COLLEGE                ,NC,28502-0188,Public       ,293,707,1000,293,707,1000
00294100,LENOIR-RHYNE UNIVERSITY                 ,NC,28603-0000,Private      ,1829,345,2174,1829,345,2174
00294200,LIVINGSTONE COLLEGE                     ,NC,28144-5298,Private      ,916,198,1114,916,198,1114
00294300,LOUISBURG COLLEGE                       ,NC,27549-2398,Private      ,596,50,646,596,50,646
00294400,MARS HILL COLLEGE                       ,NC,28754-0000,Private      ,1127,211,1338,1127,211,1338
00294500,MEREDITH COLLEGE                        ,NC,27607-5298,Private      ,1513,506,2019,1513,506,2019
00294600,METHODIST UNIVERSITY                    ,NC,28311-1420,Private      ,1778,603,2381,1778,603,2381
00294700,MITCHELL COMMUNITY COLLEGE              ,NC,28677-5264,Public       ,462,931,1393,462,931,1393
00294800,MONTREAT COLLEGE                        ,NC,28757-1267,Private      ,422,276,698,422,276,698
00294900,MOUNT OLIVE COLLEGE                     ,NC,28365-1299,Private      ,772,1624,2396,772,1624,2396
00295000,NORTH CAROLINA CENTRAL UNIVERSITY       ,NC,27707-3198,Public       ,7534,4191,11725,7534,4191,11725
00295100,NORTH CAROLINA WESLEYAN COLLEGE         ,NC,27804-8699,Private      ,719,403,1122,719,403,1122
00295300,PEACE COLLEGE                           ,NC,27604-1194,Private      ,723,231,954,723,231,954
00295400,UNIV OF NORTH CAROLINA AT PEMBROKE      ,NC,28372-1510,Public       ,3691,1824,5515,3691,1824,5515
00295500,PFEIFFER UNIVERSITY                     ,NC,28109-0000,Private      ,661,395,1056,661,395,1056
00295600,PIEDMONT BAPTIST COLLEGE AND GRADUATE SC,NC,27101-5025,Private      ,102,79,181,102,79,181
00295700,QUEENS UNIVERSITY OF CHARLOTTE          ,NC,28274-0001,Private      ,1550,938,2488,1550,938,2488
00295800,ROCKINGHAM COMMUNITY COLLEGE            ,NC,27375-0000,Public       ,419,730,1149,419,730,1149
00296000,SALEM COLLEGE                           ,NC,27108-0000,Private      ,465,313,778,465,313,778
00296100,SANDHILLS COMMUNITY COLLEGE             ,NC,28374-8283,Public       ,539,1043,1582,539,1043,1582
00296200,SHAW UNIVERSITY                         ,NC,27601-2393,Private      ,1877,1154,3031,1877,1154,3031
00296300,SOUTHEASTERN BAPTIST THEOL SEMINARY     ,NC,27588-0000,Private      ,25,67,92,25,67,92
00296400,SOUTHEASTERN COMMUNITY COLLEGE          ,NC,28472-5422,Public       ,243,538,781,243,538,781
00296700,ST ANDREWS PRESBYTERIAN COLLEGE         ,NC,28352-9979,Private      ,368,50,418,368,50,418
00296800,ST AUGUSTINES COLLEGE                   ,NC,27610-2298,Private      ,1398,368,1766,1398,368,1766
00297000,SURRY COMMUNITY COLLEGE                 ,NC,27017-0304,Public       ,535,728,1263,535,728,1263
00297200,NORTH CAROLINA STATE UNIV-RALEIGH       ,NC,27695-1751,Public       ,19920,5840,25760,19920,5840,25760
00297300,GASTON COLLEGE                          ,NC,28034-1499,Public       ,840,1757,2597,840,1757,2597
00297400,UNIVERSITY OF N C-CHAPEL HILL           ,NC,27514-0000,Public       ,19244,9975,29219,19244,9975,29219
00297500,UNIVERSITY OF NC AT CHARLOTTE           ,NC,28223-0001,Public       ,13006,6108,19114,13006,6108,19114
00297600,UNIVERSITY OF N C - GREENSBORO          ,NC,27412-0001,Public       ,11916,5444,17360,11916,5444,17360
00297800,WAKE FOREST UNIV - UNDERGRADUATE        ,NC,27109-7246,Private      ,5840,280,6120,5840,280,6120
00297801,WAKE FOREST UNIV - SCH OF MEDICINE      ,NC,27157-1090,Private      ,65,655,720,65,655,720
00297803,WAKE FOREST GRAD SCHOOLS OF BUSINESS    ,NC,27109-7659,Private      ,614,454,1068,614,454,1068
00297805,WAKE FOREST UNIV - SCH OF LAW           ,NC,27109-7206,Private      ,28,1156,1184,28,1156,1184
00297806,WAKE FOREST UNIV - GRAD A&S/DIVINITY    ,NC,27109-7246,Private      ,60,353,413,60,353,413
00297900,WARREN WILSON COLLEGE                   ,NC,28815-0000,Private      ,1022,258,1280,1022,258,1280
00298000,WAYNE COMMUNITY COLLEGE                 ,NC,27533-0000,Public       ,397,808,1205,397,808,1205
00298100,WESTERN CAROLINA UNIVERSITY             ,NC,28723-9731,Public       ,6623,2063,8686,6623,2063,8686
00298200,WESTERN PIEDMONT COMMUNITY COLLEGE      ,NC,28655-4504,Public       ,446,998,1444,446,998,1444
00298300,WILKES COMMUNITY COLLEGE                ,NC,28697-2100,Public       ,394,581,975,394,581,975
00298400,UNIVERSITY OF N C-WILMINGTON            ,NC,28403-3297,Public       ,8807,2473,11280,8807,2473,11280
00298500,WINGATE UNIVERSITY                      ,NC,28174-0159,Private      ,2125,514,2639,2125,514,2639
00298600,WINSTON-SALEM STATE UNIVERSITY          ,NC,27102-0000,Public       ,5355,2464,7819,5355,2464,7819
00398100,UNC SCHOOL OF THE ARTS                  ,NC,27127-2188,Public       ,939,234,1173,939,234,1173
00403300,ASHEVILLE BUNCOMBE TECH CMTY CLG        ,NC,28801-4897,Public       ,776,1568,2344,776,1568,2344
00406200,PITT COMMUNITY COLLEGE                  ,NC,28590-0000,Public       ,1500,2023,3523,1500,2023,3523
00483500,CALDWELL COMMUNITY CLG & TECH INST      ,NC,28638-2626,Public       ,631,1140,1771,631,1140,1771
00483800,GUILFORD TECHNICAL COMMUNITY CLG        ,NC,27282-0309,Public       ,2703,5702,8405,2703,5702,8405
00484400,WAKE TECHNICAL COMMUNITY COLLEGE        ,NC,27603-5696,Public       ,2601,4365,6966,2601,4365,6966
00484500,WILSON COMMUNITY COLLEGE                ,NC,27893-3310,Public       ,185,572,757,185,572,757
00499201,MILLER-MOTTE TECHNICAL COLLEGE - MILLER-,NC,27511-9209,Proprietary  ,44,296,340,44,296,340
00499202,MILLER-MOTTE TECHNICAL COLLEGE - MILLER-,NC,27604-6072,Proprietary  ,47,246,293,47,246,293
00499203,MILLER-MOTTE TECHNICAL COLLEGE - FAYETTE,NC,28311-7651,Proprietary  ,32,204,236,32,204,236
00531600,COASTAL CAROLINA COMMUNITY COLLEGE      ,NC,28546-6816,Public       ,517,1372,1889,517,1372,1889
00531700,FORSYTH TECHNICAL COMMUNITY COLLEGE     ,NC,27103-5197,Public       ,1349,3266,4615,1349,3266,4615
00531800,CATAWBA VALLEY COMMUNITY COLLEGE        ,NC,28602-8302,Public       ,1102,1702,2804,1102,1702,2804
00532000,CAPE FEAR COMMUNITY COLLEGE             ,NC,28401-3910,Public       ,1312,1862,3174,1312,1862,3174
00544700,RANDOLPH COMMUNITY COLLEGE              ,NC,27204-1009,Public       ,381,917,1298,381,917,1298
00544800,DURHAM TECHNICAL CMNTY COLLEGE          ,NC,27703-5023,Public       ,521,1754,2275,521,1754,2275
00544900,CENTRAL CAROLINA COMMUNITY COLLEGE      ,NC,27330-9000,Public       ,463,1270,1733,463,1270,1733
00546300,ALAMANCE COMMUNITY COLLEGE              ,NC,27253-0000,Public       ,562,1486,2048,562,1486,2048
00546400,RICHMOND COMMUNITY COLLEGE              ,NC,28345-4522,Public       ,196,533,729,196,533,729
00575400,ROWAN-CABARRUS COMMUNITY COLLEGE        ,NC,28145-1595,Public       ,607,1600,2207,607,1600,2207
00647700,CABARRUS COLLEGE OF HEALTH SCIENCES     ,NC,28025-0000,Private      ,150,323,473,150,323,473
00647800,MERCY HOSP SCH OF NURSING               ,NC,28207-0000,Public       ,101,286,387,101,286,387
00648300,WATTS SCHOOL OF NURSING                 ,NC,27704-0000,Private      ,51,162,213,51,162,213
00679900,CRAVEN COMMUNITY COLLEGE                ,NC,28562-0000,Public       ,276,1129,1405,276,1129,1405
00703100,PAMLICO COMMUNITY COLLEGE               ,NC,28529-0000,Public       ,24,88,112,24,88,112
00764000,FAYETTEVILLE TECHNICAL CMTY COLLEGE     ,NC,28303-0236,Public       ,1094,4368,5462,1094,4368,5462
00768700,JAMES SPRUNT COMMUNITY COLLEGE          ,NC,28349-0398,Public       ,149,377,526,149,377,526
00781400,BROOKSTONE COLLEGE OF BUSINESS          ,NC,28262-0000,Proprietary  ,30,132,162,30,132,162
00781401,BROOKSTONE COLLEGE OF BUSINESS          ,NC,27409-0000,Proprietary  ,20,88,108,20,88,108
00789200,SAMPSON COMMUNITY COLLEGE               ,NC,28328-0000,Public       ,215,570,785,215,570,785
00798500,SOUTH PIEDMONT COMMUNITY COLLEGE        ,NC,28135-9703,Public       ,265,714,979,265,714,979
00798600,HALIFAX COMMUNITY COLLEGE               ,NC,27890-0089,Public       ,217,450,667,217,450,667
00798700,BLADEN COMMUNITY COLLEGE                ,NC,28332-0266,Public       ,190,651,841,190,651,841
00798800,MARTIN COMMUNITY COLLEGE                ,NC,27892-8307,Public       ,80,247,327,80,247,327
00808100,CARTERET COMMUNITY COLLEGE              ,NC,28557-2989,Public       ,198,574,772,198,574,772
00808200,CLEVELAND COMMUNITY COLLEGE             ,NC,28150-0000,Public       ,349,835,1184,349,835,1184
00808300,HAYWOOD COMMUNITY COLLEGE               ,NC,28721-0000,Public       ,222,348,570,222,348,570
00808500,MCDOWELL TECHNICAL COMMUNITY CLG        ,NC,28752-8728,Public       ,105,300,405,105,300,405
00808700,MONTGOMERY COMMUNITY COLLEGE            ,NC,27371-0787,Public       ,120,254,374,120,254,374
00846600,SOUTHWESTERN COMMUNITY COLLEGE          ,NC,28779-8581,Public       ,372,665,1037,372,665,1037
00855700,NASH COMMUNITY COLLEGE                  ,NC,27804-0488,Public       ,373,679,1052,373,679,1052
00855800,BEAUFORT COUNTY COMMUNITY COLLEGE       ,NC,27889-7889,Public       ,219,513,732,219,513,732
00861200,ROBESON COMMUNITY COLLEGE               ,NC,28359-2151,Public       ,301,967,1268,301,967,1268
00861300,ROANOKE-CHOWAN COMMUNITY COLLEGE        ,NC,27910-9522,Public       ,95,249,344,95,249,344
00885500,EDGECOMBE COMMUNITY COLLEGE             ,NC,27886-9399,Public       ,182,795,977,182,795,977
00902500,SOUTH EASTERN CLG OF BEAUTY CULTURE     ,NC,28204-0000,Proprietary  ,17,102,119,17,102,119
00933600,JOHNSTON COMMUNITY COLLEGE              ,NC,27577-0000,Public       ,545,1166,1711,545,1166,1711
00943000,TRI-COUNTY COMMUNITY COLLEGE            ,NC,28906-7919,Public       ,106,295,401,106,295,401
00964600,PIEDMONT COMMUNITY COLLEGE              ,NC,27573-1197,Public       ,136,339,475,136,339,475
00968400,BLUE RIDGE COMMUNITY COLLEGE            ,NC,28731-9624,Public       ,298,521,819,298,521,819
00974701,GORDON-CONWELL THEO SEM - CHARLOTTE     ,NC,28273-0000,Private      ,2,59,61,2,59,61
00990300,VANCE-GRANVILLE CMTY COLLEGE            ,NC,27536-0917,Public       ,386,831,1217,386,831,1217
01026400,SOUTH COLLEGE                           ,NC,28803-3152,Proprietary  ,18,109,127,18,109,127
01119400,STANLY COMMUNITY COLLEGE                ,NC,28001-7458,Public       ,284,723,1007,284,723,1007
01119700,MAYLAND COMMUNITY COLLEGE               ,NC,28777-2777,Public       ,136,209,345,136,209,345
01179900,PAUL MITCHELL THE SCHOOL FAYETTEVILLE   ,NC,28303-5364,Proprietary  ,19,72,91,19,72,91
01192600,LEON'S BEAUTY SCHOOL                    ,NC,27403-2812,Proprietary  ,35,89,124,35,89,124
02056500,MITCHELL'S HAIR STYLING ACADEMY         ,NC,27893-0000,Proprietary  ,13,26,39,13,26,39
02056501,MITCHELL'S HAIR STYLING ACADEMY - MITCHE,NC,27606-3326,Proprietary  ,16,34,50,16,34,50
02110500,ART INSTITUTE OF CHARLOTTE (THE)        ,NC,28217-0000,Proprietary  ,1000,795,1795,1000,795,1795
02170700,BRUNSWICK COMMUNITY COLLEGE             ,NC,28422-0000,Public       ,186,361,547,186,361,547
02205000,COLLEGE OF WILMINGTON                   ,NC,28403-0000,Proprietary  ,68,71,139,68,71,139
02210400,FAYETTEVILLE BEAUTY COLLEGE             ,NC,28303-0000,Proprietary  ,23,77,100,23,77,100
02227800,MITCHELL'S HAIR STYLING ACADEMY         ,NC,27534-0000,Proprietary  ,4,8,12,4,8,12
02227900,MITCHELL'S HAIR STYLING ACADEMY         ,NC,27858-0000,Proprietary  ,6,19,25,6,19,25
02238700,HAIRSTYLING INSTITUTE OF CHARLOTTE      ,NC,28204-0000,Proprietary  ,30,92,122,30,92,122
02280900,ROANOKE BIBLE COLLEGE                   ,NC,27909-0000,Private      ,61,32,93,61,32,93
02560600,PINNACLE INSTITUTE OF COSMETOLOGY       ,NC,28115-8020,Proprietary  ,13,29,42,13,29,42
02614201,MILLER-MOTTE BUSINESS COLLEGE           ,NC,28403-0000,Proprietary  ,86,569,655,86,569,655
02614205,MILLER - MOTTE TECHNICAL COLLEGE - MILLE,NC,27834-5052,Proprietary  ,32,213,245,32,213,245
03009500,WINSTON-SALEM BARBER SCHOOL             ,NC,27107-0000,Proprietary  ,34,41,75,34,41,75
03064400,REGENCY BEAUTY INSTITUTE                ,NC,27127-0000,Proprietary  ,57,89,146,57,89,146
03089300,HERITAGE BIBLE COLLEGE                  ,NC,28335-0000,Private      ,10,28,38,10,28,38
03104200,CAROLINAS COLLEGE OF HEALTH SCIENCE     ,NC,28232-2861,Public       ,166,421,587,166,421,587
03109000,SCHOOL OF COMMUNICATION ARTS OF NORTH CA,NC,27614-7076,Proprietary  ,152,112,264,152,112,264
03109001,SCHOOL OF COMMUNICATION ARTS OF NORTH CA,NC,27107-3217,Proprietary  ,29,33,62,29,33,62
03361300,MEDICAL ARTS MASSAGE SCHOOL             ,NC,27616-6453,Proprietary  ,8,34,42,8,34,42
03513400,APEX SCHOOL OF THEOLOGY                 ,NC,27703-8024,Private      ,5,104,109,5,104,109
03555300,SOUTHEASTERN INSTITUTE                  ,NC,28217-0000,Proprietary  ,17,96,113,17,96,113
03555400,SOUTHEASTERN SCHOOL OF NEUROMUSCULAR  MA,NC,29406-0000,Proprietary  ,6,26,32,6,26,32
03570300,CAROLINA CHRISTIAN COLLEGE              ,NC,27105-3241,Private      ,6,40,46,6,40,46
03663300,HOOD THEOLOGICAL SEMINARY               ,NC,28144-5768,Private      ,2,61,63,2,61,63
03748500,LA SHE'S BEAUTY ACADEMY                 ,NC,27707-3569,Proprietary  ,11,11,22,11,11,22
03777300,CAROLINA ACAD OF COSMETIC ART & SCI     ,NC,28054-0460,Proprietary  ,20,37,57,20,37,57
03827300,NEW LIFE THEOLOGICAL SEMINARY           ,NC,28205-1648,Private      ,4,58,62,4,58,62
04098300,TECHSKILLS - CHARLOTTE                  ,NC,28217-0000,Proprietary  ,23,107,130,23,107,130
04101300,CAROLINA SCHOOL OF BROADCASTING         ,NC,28214-8085,Proprietary  ,31,87,118,31,87,118
04115700,REGINA'S COLLEGE OF BEAUTY              ,NC,28110-2831,Proprietary  ,5,21,26,5,21,26
04120300,"FILA ACADEMY, THE                       ",NC,27265-3114,Proprietary  ,4,37,41,4,37,41
04129400,CENTER FOR MASSAGE & NATURAL HEALTH     ,NC,28787-8331,Proprietary  ,8,36,44,8,36,44
04140700,AVEDA INSTITUTE CHAPEL HILL             ,NC,27516-2559,Proprietary  ,30,64,94,30,64,94
04143500,CHARLOTTE SCHOOL OF LAW                 ,NC,28208-2816,Proprietary  ,28,1035,1063,28,1035,1063
04146400,DAOIST TRADITIONS COLLEGE OF CHINESE MED,NC,28801-1060,Proprietary  ,0,29,29,0,29,29
04149300,PARK WEST BARBER SCHOOL                 ,NC,27701-4022,Proprietary  ,9,27,36,9,27,36
00298800,BISMARCK STATE COLLEGE                  ,ND,58501-1299,Public       ,1365,734,2099,1365,734,2099
00298900,DICKINSON STATE UNIVERSITY              ,ND,58601-4896,Public       ,817,347,1164,817,347,1164
00299000,JAMESTOWN COLLEGE                       ,ND,58405-3401,Private      ,647,53,700,647,53,700
00299100,LAKE REGION STATE COLLEGE               ,ND,58301-1598,Public       ,245,162,407,245,162,407
00299200,UNIVERSITY OF MARY                      ,ND,58504-9652,Private      ,1123,626,1749,1123,626,1749
00299300,MAYVILLE STATE UNIVERSITY               ,ND,58257-1299,Public       ,335,119,454,335,119,454
00299400,MINOT STATE UNIVERSITY                  ,ND,58707-0002,Public       ,1003,655,1658,1003,655,1658
00299500,DAKOTA COLLEGE AT BOTTINEAU             ,ND,58318-1159,Public       ,171,96,267,171,96,267
00299600,NORTH DAKOTA STATE CLG OF SCIENCE       ,ND,58076-0002,Public       ,755,197,952,755,197,952
00299700,NORTH DAKOTA STATE UNIVERSITY           ,ND,58108-6050,Public       ,5973,1198,7171,5973,1198,7171
00300500,UNIVERSITY OF NORTH DAKOTA              ,ND,58202-8193,Public       ,4896,2134,7030,4896,2134,7030
00300700,WILLISTON STATE COLLEGE                 ,ND,58802-1326,Public       ,175,142,317,175,142,317
00300800,VALLEY CITY STATE UNIVERSITY            ,ND,58072-0000,Public       ,478,136,614,478,136,614
00775600,JOSEF'S SCHOOL OF HAIR DESIGN INC       ,ND,58102-4977,Proprietary  ,27,27,54,27,27,54
00869408,RASMUSSEN COLLEGE - FARGO               ,ND,58103-7196,Proprietary  ,115,539,654,115,539,654
00869415,RASMUSSEN COLLEGE - BISMARCK            ,ND,58503-0000,Proprietary  ,45,243,288,45,243,288
00935400,MEDCENTER ONE COLLEGE OF NURSING        ,ND,58501-4494,Private      ,52,39,91,52,39,91
01040600,JOSEF'S SCHOOL OF HAIR DESIGN           ,ND,58201-6394,Proprietary  ,15,18,33,15,18,33
01205900,TRINITY BIBLE COLLEGE                   ,ND,58436-7150,Private      ,94,48,142,94,48,142
01229500,R D HAIRSTYLING COLLEGE                 ,ND,58501-4001,Proprietary  ,17,15,32,17,15,32
02188200,SITTING BULL COLLEGE                    ,ND,58538-9721,Public       ,21,75,96,21,75,96
02236500,LITTLE HOOP COMMUNITY COLLEGE           ,ND,58335-0000,Public       ,3,29,32,3,29,32
02242900,UNITED TRIBES TECHNICAL COLLEGE         ,ND,58504-0000,Private      ,77,212,289,77,212,289
02298200,HEADQUARTERS ACADEMY OF HAIR DESIGN     ,ND,58701-0000,Proprietary  ,3,11,14,3,11,14
02301100,TURTLE MTN CMNTY COLG-FIN AID OFC       ,ND,58316-0000,Private      ,81,161,242,81,161,242
02553700,FORT BERTHOLD COMMUNITY COLLEGE         ,ND,58763-0000,Public       ,11,39,50,11,39,50
03087200,MOLER BARBER CLG OF HAIRSTYLING         ,ND,58103-0000,Proprietary  ,0,9,9,0,9,9
04031300,SALON PROFESSIONAL ACADEMY (THE)        ,ND,58103-3337,Proprietary  ,19,16,35,19,16,35
04139400,HAIR ACADEMY (THE)                      ,ND,58501-4929,Proprietary  ,21,23,44,21,23,44
00301005,ANTIOCH UNIV/SEATTLE                    ,WA,98121-0000,Private      ,41,639,680,41,639,680
00376900,BELLEVUE COMMUNITY COLLEGE              ,WA,98007-6484,Public       ,2371,3356,5727,2371,3356,5727
00377000,BIG BEND COMMUNITY COLLEGE              ,WA,98837-3299,Public       ,567,728,1295,567,728,1295
00377100,"CENTRAL WASHINGTON UNIV., FIN AID       ",WA,98926-7495,Public       ,7405,2808,10213,7405,2808,10213
00377200,CENTRALIA COLLEGE                       ,WA,98531-4099,Public       ,658,844,1502,658,844,1502
00377300,CLARK COLLEGE                           ,WA,98663-3598,Public       ,2458,4744,7202,2458,4744,7202
00377400,COLUMBIA BASIN COLLEGE                  ,WA,99301-3379,Public       ,1485,1847,3332,1485,1847,3332
00377500,EASTERN WASHINGTON UNIVERSITY           ,WA,99004-2447,Public       ,7346,4143,11489,7346,4143,11489
00377600,EVERETT COMMUNITY COLLEGE               ,WA,98201-1352,Public       ,1246,2425,3671,1246,2425,3671
00377700,HERITAGE UNIVERSITY                     ,WA,98948-9562,Private      ,289,773,1062,289,773,1062
00377800,GONZAGA UNIVERSITY                      ,WA,99258-0083,Private      ,7044,2583,9627,7044,2583,9627
00377900,GRAYS HARBOR COLLEGE                    ,WA,98520-7599,Public       ,377,715,1092,377,715,1092
00378000,GREEN RIVER COMMUNITY COLLEGE           ,WA,98092-3622,Public       ,1327,2121,3448,1327,2121,3448
00378100,HIGHLINE COMMUNITY COLLEGE              ,WA,98198-9800,Public       ,1416,2251,3667,1416,2251,3667
00378200,LOWER COLUMBIA COLLEGE                  ,WA,98632-0310,Public       ,504,1150,1654,504,1150,1654
00378300,NORTHWEST UNIVERSITY                    ,WA,98083-0000,Private      ,886,402,1288,886,402,1288
00378400,OLYMPIC COLLEGE                         ,WA,98337-1600,Public       ,995,2388,3383,995,2388,3383
00378500,PACIFIC LUTHERAN UNIVERSITY             ,WA,98447-0003,Private      ,3627,1065,4692,3627,1065,4692
00378600,PENINSULA COLLEGE                       ,WA,98362-6660,Public       ,227,596,823,227,596,823
00378700,SEATTLE CENTRAL COMMUNITY COLLEGE       ,WA,98122-2413,Public       ,1553,3117,4670,1553,3117,4670
00378703,SEATTLE VOCATIONAL INSTITUTE            ,WA,98144-0000,Public       ,21,146,167,21,146,167
00378800,SEATTLE PACIFIC UNIVERSITY              ,WA,98119-1997,Private      ,4841,1388,6229,4841,1388,6229
00379000,SEATTLE UNIVERSITY                      ,WA,98122-1090,Private      ,7142,5084,12226,7142,5084,12226
00379100,SHORELINE COMMUNITY COLLEGE             ,WA,98133-5696,Public       ,1177,2152,3329,1177,2152,3329
00379200,SKAGIT VALLEY COLLEGE                   ,WA,98273-5899,Public       ,817,1561,2378,817,1561,2378
00379300,SPOKANE COMMUNITY COLLEGE               ,WA,99207-5399,Public       ,2212,4503,6715,2212,4503,6715
00379400,ST MARTIN'S UNIVERSITY                  ,WA,98503-7500,Private      ,1091,651,1742,1091,651,1742
00379600,TACOMA COMMUNITY COLLEGE                ,WA,98466-6100,Public       ,1808,4168,5976,1808,4168,5976
00379700,UNIVERSITY OF PUGET SOUND               ,WA,98416-1039,Private      ,4404,946,5350,4404,946,5350
00379800,UNIVERSITY OF WASHINGTON                ,WA,98195-5880,Public       ,26626,20321,46947,26626,20321,46947
00379900,WALLA WALLA UNIVERSITY                  ,WA,99324-1198,Private      ,866,342,1208,866,342,1208
00380000,WASHINGTON STATE UNIVERSITY             ,WA,99164-1035,Public       ,17752,8175,25927,17752,8175,25927
00380100,WENATCHEE VALLEY COLLEGE                ,WA,98801-1799,Public       ,823,1273,2096,823,1273,2096
00380200,WESTERN WASHINGTON UNIVERSITY           ,WA,98225-5946,Public       ,13395,3281,16676,13395,3281,16676
00380300,WHITMAN COLLEGE                         ,WA,99362-2067,Private      ,2503,56,2559,2503,56,2559
00380400,WHITWORTH UNIVERSITY                    ,WA,99251-0001,Private      ,3570,693,4263,3570,693,4263
00380500,YAKIMA VALLEY COMMUNITY COLLEGE         ,WA,98907-2520,Public       ,1822,2370,4192,1822,2370,4192
00499900,BELLINGHAM TECHNICAL COLLEGE            ,WA,98225-0000,Public       ,408,1110,1518,408,1110,1518
00500000,PIERCE COLLEGE                          ,WA,98498-1919,Public       ,1727,3256,4983,1727,3256,4983
00500100,EDMONDS COMMUNITY COLLEGE               ,WA,98036-5999,Public       ,1106,2056,3162,1106,2056,3162
00500600,WALLA WALLA COMMUNITY COLLEGE           ,WA,99362-9267,Public       ,1068,1432,2500,1068,1432,2500
00530600,BATES TECHNICAL COLLEGE                 ,WA,98405-0000,Public       ,346,1191,1537,346,1191,1537
00537200,SOUTH PUGET SOUND COMMUNITY COLLEGE     ,WA,98512-6292,Public       ,1061,2129,3190,1061,2129,3190
00537300,LAKE WASHINGTON TECHNICAL COLLEGE       ,WA,98034-8505,Public       ,339,1093,1432,339,1093,1432
00575200,CLOVER PARK TECHNICAL COLLEGE           ,WA,98499-0000,Public       ,608,2250,2858,608,2250,2858
00815500,EVERGREEN STATE COLLEGE (THE)           ,WA,98505-0002,Public       ,3026,2545,5571,3026,2545,5571
00844300,ITT TECHNICAL INSTITUTE                 ,WA,98168-3334,Proprietary  ,137,237,374,137,237,374
00907901,EVEREST COLLEGE                         ,WA,98684-6950,Proprietary  ,39,185,224,39,185,224
00938700,PERRY TECHNICAL INSTITUTE               ,WA,98903-1239,Private      ,293,448,741,293,448,741
00954400,SPOKANE FALLS COMMUNITY COLLEGE         ,WA,99224-5204,Public       ,2346,3101,5447,2346,3101,5447
00970400,NORTH SEATTLE COMMUNITY COLLEGE         ,WA,98103-3599,Public       ,855,2074,2929,855,2074,2929
00970600,SOUTH SEATTLE COMMUNITY COLLEGE         ,WA,98106-1499,Public       ,941,1699,2640,941,1699,2640
00973900,GLEN DOW ACAD OF HAIR DESIGN            ,WA,99201-0209,Proprietary  ,36,56,92,36,56,92
01036400,WHATCOM COMMUNITY COLLEGE               ,WA,98226-8003,Public       ,1232,1475,2707,1232,1475,2707
01043400,RENTON TECHNICAL COLLEGE                ,WA,98056-0000,Public       ,366,1151,1517,366,1151,1517
01148100,DIVERS INSTITUTE OF TECHNOLOGY          ,WA,98107-0667,Proprietary  ,61,172,233,61,172,233
01231500,CORNISH COLLEGE OF THE ARTS             ,WA,98121-4604,Private      ,1348,292,1640,1348,292,1640
01249600,GREENWOOD BEAUTY SCHOOL                 ,WA,98103-0000,Proprietary  ,16,34,50,16,34,50
01260100,NORTHWEST BAPTIST SEMINARY              ,WA,98402-6699,Private      ,5,16,21,5,16,21
01302200,CITY UNIVERSITY OF SEATTLE              ,WA,98005-3030,Private      ,105,1006,1111,105,1006,1111
01309400,BELLINGHAM BEAUTY SCHOOL                ,WA,98225-0000,Proprietary  ,22,18,40,22,18,40
02091701,KAPLAN COLLEGE - SEATTLE                ,WA,98055-4910,Proprietary  ,8,57,65,8,57,65
02105300,BELLEVUE BEAUTY SCHOOL                  ,WA,98007-0000,Proprietary  ,22,37,59,22,37,59
02106700,TRINITY LUTHERAN COLLEGE                ,WA,98201-3569,Private      ,83,45,128,83,45,128
02180000,NORTHWEST INDIAN COLLEGE                ,WA,98226-9278,Public       ,50,166,216,50,166,216
02184200,PAROBA COLLEGE OF COSMETOLOGY           ,WA,98208-0000,Proprietary  ,14,19,33,14,19,33
02202200,STYLEMASTERS COLLEGE OF HAIR DESIGN     ,WA,98632-0000,Proprietary  ,12,13,25,12,13,25
02203300,GENE JUAREZ ACADEMY OF BEAUTY           ,WA,98125-0000,Proprietary  ,80,185,265,80,185,265
02203301,GENE JUAREZ ACADEMY OF BEAUTY           ,WA,98003-0000,Proprietary  ,34,58,92,34,58,92
02222900,INTERNATIONAL AIR & HOSPITALITY ACADEMY ,WA,98661-4835,Proprietary  ,63,97,160,63,97,160
02222906,INTERNATIONAL AIR & HOSPITALITY ACADEMY ,WA,98661-3805,Proprietary  ,9,6,15,9,6,15
02236800,PROFESSIONAL BEAUTY SCHOOL              ,WA,98902-0000,Proprietary  ,17,20,37,17,20,37
02242500,BASTYR UNIVERSITY                       ,WA,98028-0000,Private      ,75,633,708,75,633,708
02291300,ART INSTITUTE OF SEATTLE                ,WA,98121-1622,Proprietary  ,1651,1221,2872,1651,1221,2872
02300100,EVEREST COLLEGE                         ,WA,98367-1835,Proprietary  ,37,148,185,37,148,185
02300103,EVEREST COLLEGE - EVERETT               ,WA,98208-2610,Proprietary  ,60,164,224,60,164,224
02300104,EVEREST COLLEGE - TACOMA                ,WA,98402-3004,Proprietary  ,84,266,350,84,266,350
02326500,INTERFACE COLLEGE                       ,WA,99201-4326,Proprietary  ,6,43,49,6,43,49
02331400,NORTHWEST HAIR ACADEMY                  ,WA,98273-0000,Proprietary  ,11,38,49,11,38,49
02331402,NORTHWEST HAIR ACADEMY - EVERETT        ,WA,98204-0000,Proprietary  ,14,14,28,14,14,28
02504900,ACADEMY OF HAIR DESIGN (THE)            ,WA,98801-0000,Proprietary  ,18,29,47,18,29,47
02541900,BJ'S BEAUTY AND BARBER COLLEGE          ,WA,98409-0000,Proprietary  ,12,47,59,12,47,59
02602100,NORTHWEST COLLEGE OF ART                ,WA,98370-8625,Proprietary  ,129,28,157,129,28,157
02606200,EVEREST COLLEGE                         ,WA,98055-2990,Proprietary  ,52,260,312,52,260,312
02617500,EVEREST COLLEGE                         ,WA,98133-9018,Proprietary  ,63,119,182,63,119,182
02617501,EVEREST COLLEGE - FIFE                  ,WA,98424-2647,Proprietary  ,16,78,94,16,78,94
02617503,EVEREST COLLEGE - VANCOUVER             ,WA,98684-6951,Proprietary  ,31,103,134,31,103,134
03031406,INTERNATIONAL ACADEMY OF DESIGN AND TECH,WA,98188-3319,Proprietary  ,66,129,195,66,129,195
03065000,CLARE'S BEAUTY COLLEGE                  ,WA,99301-5505,Proprietary  ,17,56,73,17,56,73
03071800,ITT TECHNICAL INSTITUTE                 ,WA,99216-1589,Proprietary  ,89,177,266,89,177,266
03099000,CORTIVA INSTITUTE - SEATTLE             ,WA,98109-5474,Proprietary  ,23,93,116,23,93,116
03110800,BAKKE GRADUATE UNIVERSITY               ,WA,98104-1222,Private      ,1,14,15,1,14,15
03139500,MONTESSORI SCHOOLS OF WASHINGTON        ,WA,98203-6600,Private      ,2,8,10,2,8,10
03280300,SEATTLE INST OF ORIENTAL MEDICINE       ,WA,98115-0000,Proprietary  ,15,39,54,15,39,54
03283300,NORTHWEST HVAC/R ASSOCIATION & TRAINING ,WA,99202-2125,Private      ,8,24,32,8,24,32
03361600,SEATTLE MIDWIFERY SCHOOL                ,WA,98144-0000,Private      ,6,67,73,6,67,73
03466400,MARS HILL GRADUATE SCHOOL               ,WA,98121-0000,Private      ,0,96,96,0,96,96
03483500,CASCADIA COMMUNITY COLLEGE              ,WA,98011-9510,Public       ,470,596,1066,470,596,1066
03490400,EMIL FRIES PIANO HOSPITAL & TRAININ     ,WA,98661-4323,Private      ,2,9,11,2,9,11
03670301,TONI&GUY HAIRDRESSING ACADEMY -         ,WA,98225-4526,Proprietary  ,0,1,1,0,1,1
03689400,FAITH EVANGELICAL SEMINARY              ,WA,98407-2607,Private      ,9,66,75,9,66,75
03724300,DIGIPEN INSTITUTE OF TECHNOLOGY         ,WA,98052-5170,Proprietary  ,471,200,671,471,200,671
03917300,EVERGREEN BEAUTY AND BARBER COLLEGE     ,WA,98208-3759,Proprietary  ,30,51,81,30,51,81
03932500,TOTAL COSMETOLOGY TRAINING CENTER       ,WA,99217-6231,Proprietary  ,19,45,64,19,45,64
03953300,YAKIMA BEAUTY SCHOOL;BEAUTYWORKS        ,WA,98901-2202,Proprietary  ,16,16,32,16,16,32
04043400,ALPINE COLLEGE                          ,WA,99206-5097,Proprietary  ,25,93,118,25,93,118
04120000,SUNNYSIDE BEAUTY ACADEMY                ,WA,98944-8711,Proprietary  ,4,13,17,4,13,17
04127200,VICTORIA'S ACADEMY OF COSMETOLOGY       ,WA,99336-3826,Proprietary  ,13,50,63,13,50,63
04130500,PACIFIC NORTHWEST UNIV OF HEALTH SCIENCE,WA,98901-1471,Private      ,19,200,219,19,200,219
04130800,CASCADE BEAUTY COLLEGE                  ,WA,98002-5504,Proprietary  ,10,18,28,10,18,28
04132800,INLAND MASSAGE INSTITUTE                ,WA,99208-5923,Proprietary  ,18,46,64,18,46,64
04149400,GARY MANUEL AVEDA INSTITUTE             ,WA,98122-3807,Proprietary  ,49,120,169,49,120,169
04155000,NORTHWEST SCHOOL OF WOODEN BOAT BUILDING,WA,98339-8706,Private      ,4,19,23,4,19,23
00340100,BROWN UNIVERSITY                        ,RI,02912-9127,Private      ,18838,607,19445,18838,607,19445
00340101,BROWN UNIVERSITY - GRADUATE SCHOOL      ,RI,02912-1827,Private      ,77,1351,1428,77,1351,1428
00340102,BROWN MEDICAL SCHOOL                    ,RI,02912-0000,Private      ,21,324,345,21,324,345
00340200,BRYANT UNIVERSITY                       ,RI,02917-1284,Private      ,4490,316,4806,4490,316,4806
00340400,JOHNSON & WALES UNIVERSITY              ,RI,02903-3703,Private      ,15590,2855,18445,15590,2855,18445
00340600,PROVIDENCE COLLEGE                      ,RI,02918-0001,Private      ,6819,479,7298,6819,479,7298
00340700,RHODE ISLAND COLLEGE                    ,RI,02908-1991,Public       ,6671,2837,9508,6671,2837,9508
00340800,COMMUNITY COLLEGE OF RI - WARWICK       ,RI,02906-0000,Public       ,3747,4035,7782,3747,4035,7782
00340801,COMMUNITY COLLEGE OF RI - LINCOLN       ,RI,02865-4585,Public       ,1354,1424,2778,1354,1424,2778
00340802,COMMUNITY COLLEGE OF RI- PROVIDENCE     ,RI,02905-2313,Public       ,1180,1467,2647,1180,1467,2647
00340900,RHODE ISLAND SCHOOL OF DESIGN           ,RI,02903-2784,Private      ,2472,1293,3765,2472,1293,3765
00341000,ROGER WILLIAMS UNIVERSITY               ,RI,02809-2921,Private      ,7659,1370,9029,7659,1370,9029
00341100,SALVE REGINA UNIVERSITY                 ,RI,02840-4192,Private      ,4112,287,4399,4112,287,4399
00341400,UNIVERSITY OF RHODE ISLAND              ,RI,02881-0000,Public       ,18940,2860,21800,18940,2860,21800
00659100,ST. JOSEPH HOSP SCH OF NURSING          ,RI,02904-5199,Private      ,44,105,149,44,105,149
00784400,GIBBS COLLEGE                           ,RI,02920-7807,Proprietary  ,24,121,145,24,121,145
00784500,NEW ENGLAND INSTITUTE OF TECHNOLOGY     ,RI,02886-2266,Private      ,1564,1311,2875,1564,1311,2875
01115900,"SAWYER SCHOOL,THE                       ",RI,02860-4117,Proprietary  ,98,483,581,98,483,581
02071900,ARTHUR ANGELO SCH COSMET&HAIR DSGN      ,RI,02903-0000,Proprietary  ,51,115,166,51,115,166
02176900,WARWICK ACADEMY OF BEAUTY CULTURE       ,RI,02886-1534,Proprietary  ,39,63,102,39,63,102
02584400,NEW ENGLAND TRACTOR TRAILER TRAINING SCH,RI,02860-1752,Proprietary  ,11,13,24,11,13,24
03080000,NEWPORT SCHOOL OF HAIRDRESSING          ,RI,02860-4038,Proprietary  ,8,45,53,8,45,53
03232300,LINCOLN TECHNICAL INSTITUTE             ,RI,02865-4211,Proprietary  ,237,447,684,237,447,684
03570500,ZION BIBLE COLLEGE                      ,RI,02806-1246,Private      ,83,46,129,83,46,129
03732300,INTERNATIONAL YACHT RESTORATION SCH     ,RI,02840-6720,Private      ,13,15,28,13,15,28
04141200,TONI & GUY HAIRDRESSING ACADEMY         ,RI,02920-0000,Proprietary  ,38,24,62,38,24,62
00341700,ALLEN UNIVERSITY                        ,SC,29204-1085,Private      ,550,186,736,550,186,736
00341800,ANDERSON UNIVERSITY                     ,SC,29621-4035,Private      ,1478,393,1871,1478,393,1871
00341900,CHARLESTON SOUTHERN UNIVERSITY          ,SC,29406-2160,Private      ,2370,751,3121,2370,751,3121
00342000,BENEDICT COLLEGE                        ,SC,29204-1086,Private      ,2192,596,2788,2192,596,2788
00342100,BOB JONES UNIVERSITY                    ,SC,29614-1000,Proprietary  ,1715,184,1899,1715,184,1899
00342200,SOUTHERN WESLEYAN UNIVERSITY            ,SC,29630-1020,Private      ,650,718,1368,650,718,1368
00342300,THE CITADEL                             ,SC,29409-0002,Public       ,1634,390,2024,1634,390,2024
00342400,CLAFLIN UNIVERSITY                      ,SC,29115-4498,Private      ,1451,355,1806,1451,355,1806
00342500,CLEMSON UNIVERSITY                      ,SC,29634-0001,Public       ,12700,1765,14465,12700,1765,14465
00342600,UNIV OF SC AT SUMTER                    ,SC,29150-2498,Public       ,351,237,588,351,237,588
00342700,COKER COLLEGE                           ,SC,29550-3797,Private      ,665,316,981,665,316,981
00342800,COLLEGE OF CHARLESTON                   ,SC,29424-0100,Public       ,7235,1190,8425,7235,1190,8425
00342900,COLUMBIA INTERNATIONAL UNIVERSITY       ,SC,29203-1599,Private      ,342,296,638,342,296,638
00343000,COLUMBIA COLLEGE                        ,SC,29203-5998,Private      ,783,469,1252,783,469,1252
00343100,CONVERSE COLLEGE                        ,SC,29302-0006,Private      ,552,318,870,552,318,870
00343200,ERSKINE COLLEGE                         ,SC,29639-0000,Private      ,392,23,415,392,23,415
00343201,ERSKINE THEOLOGICAL SEMINARY            ,SC,29639-0000,Private      ,2,32,34,2,32,34
00343400,FURMAN UNIVERSITY                       ,SC,29613-5253,Private      ,2684,170,2854,2684,170,2854
00343500,LANDER UNIVERSITY                       ,SC,29649-2099,Public       ,2624,433,3057,2624,433,3057
00343600,LIMESTONE COLLEGE                       ,SC,29340-3799,Private      ,736,1134,1870,736,1134,1870
00343700,LUTHERAN THEOLOGICAL SOUTHERN SEM       ,SC,29203-5898,Private      ,2,48,50,2,48,50
00343800,MEDICAL UNIV OF SOUTH CAROLINA - FA     ,SC,29425-1760,Public       ,158,1951,2109,158,1951,2109
00343900,MORRIS COLLEGE                          ,SC,29150-3599,Private      ,691,191,882,691,191,882
00344000,NEWBERRY COLLEGE                        ,SC,29108-2197,Private      ,1246,144,1390,1246,144,1390
00344100,NORTH GREENVILLE COLLEGE                ,SC,29688-1892,Private      ,1226,158,1384,1226,158,1384
00344500,PRESBYTERIAN COLLEGE                    ,SC,29325-2503,Private      ,1048,183,1231,1048,183,1231
00344600,SOUTH CAROLINA STATE UNIVERSITY         ,SC,29117-4427,Public       ,3404,981,4385,3404,981,4385
00344700,SPARTANBURG METHODIST COLLEGE           ,SC,29301-5899,Private      ,638,73,711,638,73,711
00344800,UNIVERSITY OF SOUTH CAROLINA            ,SC,29208-3999,Public       ,14600,5740,20340,14600,5740,20340
00344900,UNIVERSITY OF SOUTH CAROLINA AIKEN      ,SC,29801-6399,Public       ,2026,626,2652,2026,626,2652
00345000,UNIV OF SC AT BEAUFORT                  ,SC,29902-4602,Public       ,743,405,1148,743,405,1148
00345100,COASTAL CAROLINA UNIVERSITY             ,SC,29528-0000,Public       ,7881,1199,9080,7881,1199,9080
00345300,UNIV OF SC AT LANCASTER                 ,SC,29721-0889,Public       ,389,274,663,389,274,663
00345400,UNIV OF SC SYSTEM SALKEHATCHIE          ,SC,29810-0617,Public       ,180,217,397,180,217,397
00345500,VOORHEES COLLEGE                        ,SC,29042-0000,Private      ,466,112,578,466,112,578
00345600,WINTHROP UNIVERSITY                     ,SC,29733-0001,Public       ,3847,900,4747,3847,900,4747
00345700,WOFFORD COLLEGE                         ,SC,29303-3663,Private      ,1789,85,1874,1789,85,1874
00399000,FLORENCE-DARLINGTON TECH COLLEGE        ,SC,29501-0548,Public       ,939,1839,2778,939,1839,2778
00399100,GREENVILLE TECHNICAL COLLEGE            ,SC,29607-2439,Public       ,2302,3976,6278,2302,3976,6278
00399200,PIEDMONT TECHNICAL COLLEGE              ,SC,29648-1467,Public       ,573,1148,1721,573,1148,1721
00399300,MIDLANDS TECHNICAL COLLEGE              ,SC,29202-0000,Public       ,2028,3722,5750,2028,3722,5750
00399400,SPARTANBURG COMMUNITY COLLEGE           ,SC,29305-4386,Public       ,1063,1838,2901,1063,1838,2901
00399500,CENTRAL CAROLINA TECHNICAL COLLEGE      ,SC,29150-2499,Public       ,412,1131,1543,412,1131,1543
00399600,YORK TECHNICAL COLLEGE                  ,SC,29730-3395,Public       ,791,1940,2731,791,1940,2731
00492000,TRIDENT TECHNICAL COLLEGE               ,SC,29423-8067,Public       ,1684,3637,5321,1684,3637,5321
00492300,CLINTON JR COLLEGE                      ,SC,29730-5152,Private      ,35,30,65,35,30,65
00492400,FORREST JUNIOR COLLEGE                  ,SC,29624-2405,Proprietary  ,7,50,57,7,50,57
00492500,HORRY-GEORGETOWN TECH COLLEGE           ,SC,29526-9521,Public       ,1287,3037,4324,1287,3037,4324
00492600,TRI-COUNTY TECHNICAL COLLEGE            ,SC,29670-9133,Public       ,1611,1630,3241,1611,1630,3241
00492700,UNIV OF SC AT UNION                     ,SC,29379-0729,Public       ,133,105,238,133,105,238
00536300,DENMARK TECHNICAL COLLEGE               ,SC,29042-0000,Public       ,192,225,417,192,225,417
00681500,ORANGEBURG-CALHOUN TECHNICAL COLG       ,SC,29118-8299,Public       ,350,642,992,350,642,992
00695100,UNIVERSITY OF SOUTH CAROLINA UPSTATE    ,SC,29303-9972,Public       ,3446,1222,4668,3446,1222,4668
00760200,NORTHEASTERN TECHNICAL COLLEGE          ,SC,29520-7015,Public       ,143,378,521,143,378,521
00922600,FRANCIS MARION UNIVERSITY               ,SC,29501-0000,Public       ,2929,856,3785,2929,856,3785
00932200,WILLIAMSBURG TECHNICAL COLLEGE          ,SC,29556-4197,Public       ,101,219,320,101,219,320
00991000,TECHNICAL COLLEGE OF THE LOWCOUNTRY     ,SC,29902-5441,Public       ,220,723,943,220,723,943
00991100,UNIV OF SC-REGIONAL CAMPUSES ADMIN      ,SC,29208-0001,Public       ,78,39,117,78,39,117
01005600,AIKEN TECHNICAL COLLEGE                 ,SC,29802-0696,Public       ,596,1153,1749,596,1153,1749
01209200,KENNETH SHULER SCHOOL OF COSMETOLOGY    ,SC,29732-2169,Proprietary  ,13,31,44,13,31,44
01303907,SOUTH UNIVERSITY                        ,SC,29203-6400,Proprietary  ,176,854,1030,176,854,1030
02063700,SHERMAN CLG STRAIGHT CHIROPRACTIC       ,SC,29316-0000,Private      ,8,72,80,8,72,80
02189800,NO AMER INST OF AVIATION OF SO CAR      ,SC,29527-0000,Proprietary  ,5,9,14,5,9,14
02338600,CHARZANNE BEAUTY COLLEGE                ,SC,29649-0000,Proprietary  ,4,10,14,4,10,14
02341100,KENNETH SHULER SCHOOL OF COSMETOLOGY & N,SC,29210-0000,Proprietary  ,26,86,112,26,86,112
02356600,CHARLESTON COSMETOLOGY INSTITUTE        ,SC,29420-0000,Proprietary  ,24,17,41,24,17,41
02552400,ACADEMY OF HAIR TECHNOLOGY              ,SC,29615-2363,Proprietary  ,12,23,35,12,23,35
02567600,SUMTER BEAUTY COLLEGE                   ,SC,29150-0000,Proprietary  ,6,18,24,6,18,24
02614202,MILLER - MOTTE TECHNICAL COLLEGE - NORTH,SC,29406-9239,Proprietary  ,56,270,326,56,270,326
03010614,VIRGINIA COLLEGE - GOLF ACADEMY OF AMERI,SC,29579-0000,Proprietary  ,80,120,200,80,120,200
03010617,VIRGINIA COLLEGE - GREENVILLE           ,SC,29607-7200,Proprietary  ,36,157,193,36,157,193
03010620,VIRGINIA COLLEGE - CHARLESTON           ,SC,29406-4999,Proprietary  ,17,86,103,17,86,103
03052300,KENNETH SHULER SCH COSM & HAIR DESG     ,SC,29841-2013,Proprietary  ,13,28,41,13,28,41
03088300,ACADEMY OF COSMETOLOGY                  ,SC,29418-5667,Proprietary  ,16,24,40,16,24,40
03293300,STRAND COLLEGE OF HAIR DESIGN           ,SC,29572-4310,Proprietary  ,4,32,36,4,32,36
03304300,CENTURA COLLEGE                         ,SC,29406-9235,Proprietary  ,36,284,320,36,284,320
03513300,LACY COSMETOLOGY SCHOOL                 ,SC,29803-9084,Proprietary  ,4,8,12,4,8,12
03513301,LACY COSMETOLOGY SCHOOL -               ,SC,29072-0000,Proprietary  ,3,11,14,3,11,14
03513302,LACY COSMETOLOGY SCHOOL -               ,SC,29445-0000,Proprietary  ,0,6,6,0,6,6
03595300,CHARLESTON SCHOOL OF MASSAGE            ,SC,29412-8270,Proprietary  ,9,17,26,9,17,26
03746300,LEGRAND INSTITUTE OF COSMETOLOGY        ,SC,29020-0000,Proprietary  ,3,18,21,3,18,21
03746400,SOUTHEASTERN INSTITUTE                  ,SC,29210-0000,Proprietary  ,15,90,105,15,90,105
03768400,STYLETRENDS BARBER AND HAIRSTYLING ACADE,SC,29730-4511,Proprietary  ,4,16,20,4,16,20
03856400,W. L. BONNER COLLEGE                    ,SC,29203-0000,Private      ,1,18,19,1,18,19
03892300,HARLEY'S BEAUTY & BARBER CAREER INST.   ,SC,29204-1919,Proprietary  ,4,27,31,4,27,31
04083300,MARION COUNTY TECHNICAL EDUCATION CENTER,SC,29571-0000,Public       ,4,60,64,4,60,64
04096300,CHARLESTON SCHOOL OF LAW                ,SC,29402-0535,Proprietary  ,8,732,740,8,732,740
04158100,AIKEN SCHOOL OF COSMETOLOGY             ,SC,29801-4026,Proprietary  ,9,11,20,9,11,20
00345800,AUGUSTANA COLLEGE                       ,SD,57197-0001,Private      ,1229,88,1317,1229,88,1317
00345900,BLACK HILLS STATE UNIVERSITY            ,SD,57799-9670,Public       ,1346,697,2043,1346,697,2043
00346100,DAKOTA WESLEYAN UNIVERSITY              ,SD,57301-4398,Private      ,417,155,572,417,155,572
00346300,DAKOTA STATE UNIVERSITY                 ,SD,57042-1799,Public       ,752,299,1051,752,299,1051
00346500,MOUNT MARTY COLLEGE                     ,SD,57078-3724,Private      ,341,210,551,341,210,551
00346600,NORTHERN STATE UNIVERSITY               ,SD,57401-7198,Public       ,1218,364,1582,1218,364,1582
00346700,PRESENTATION COLLEGE                    ,SD,57401-1299,Private      ,232,228,460,232,228,460
00346900,UNIVERSITY OF SIOUX FALLS               ,SD,57105-1699,Private      ,1023,250,1273,1023,250,1273
00347000,SOUTH DAKOTA SCH OF MINES & TECH        ,SD,57701-3995,Public       ,1014,236,1250,1014,236,1250
00347100,SOUTH DAKOTA STATE UNIVERSITY           ,SD,57007-2298,Public       ,4870,1169,6039,4870,1169,6039
00347400,UNIVERSITY OF SOUTH DAKOTA              ,SD,57069-2390,Public       ,2785,1921,4706,2785,1921,4706
00405600,SIOUX FALLS SEMINARY                    ,SD,57105-2729,Private      ,1,30,31,1,30,31
00405700,NATIONAL AMERICAN UNIVERSITY            ,SD,57701-3692,Proprietary  ,83,1524,1607,83,1524,1607
00405707,NATIONAL AMERICAN UNIVERSITY            ,SD,57105-0000,Proprietary  ,23,159,182,23,159,182
00492900,MCKENNAN HOSP-RADOLOGICAL TECH          ,SD,57101-0000,Private      ,11,11,22,11,11,22
00530900,LAKE AREA TECHNICAL INSTITUTE           ,SD,57201-2869,Public       ,451,229,680,451,229,680
00598700,AVERA SACRED HEART HOSPITAL SCHOOL OF RA,SD,57078-3899,Private      ,2,7,9,2,7,9
00776400,SOUTHEAST TECHNICAL INST                ,SD,57107-0000,Public       ,577,456,1033,577,456,1033
00828400,MITCHELL TECHNICAL INSTITUTE            ,SD,57301-2002,Public       ,324,165,489,324,165,489
01013800,STEWART SCHOOL                          ,SD,57104-0000,Proprietary  ,29,19,48,29,19,48
01014804,COLORADO TECHNICAL UNIVERSITY           ,SD,57108-2272,Proprietary  ,143,619,762,143,619,762
01017000,WESTERN DAKOTA TECHNICAL INSTITUTE      ,SD,57701-4018,Public       ,164,308,472,164,308,472
01147701,SIOUX VALLEY HOSP-MEDICAL TECH          ,SD,57117-5039,Private      ,7,8,15,7,8,15
01465900,OGLALA LAKOTA COLLEGE                   ,SD,57752-0490,Public       ,47,202,249,47,202,249
02137100,BLACK HILLS BEAUTY COLLEGE              ,SD,57701-0000,Proprietary  ,24,27,51,24,27,51
02143700,SINTE GLESKA UNIVERSITY                 ,SD,57570-0000,Public       ,25,108,133,25,108,133
02144600,KILIAN COMMUNITY COLLEGE                ,SD,57103-7020,Private      ,26,134,160,26,134,160
02277300,SISSETON WAHPETON COLLEGE               ,SD,57262-0000,Public       ,8,22,30,8,22,30
02297800,HEADLINES ACADEMY                       ,SD,57701-0000,Proprietary  ,15,30,45,15,30,45
00347700,AQUINAS COLLEGE                         ,TN,37205-2086,Private      ,188,485,673,188,485,673
00347701,AQUINAS COLLEGE -  PRIMETIME PROGRAM    ,TN,37214-3644,Private      ,6,76,82,6,76,82
00347800,AUSTIN PEAY STATE UNIVERSITY            ,TN,37044-0002,Public       ,5246,3756,9002,5246,3756,9002
00347900,BELMONT UNIVERSITY                      ,TN,37212-3757,Private      ,4859,1832,6691,4859,1832,6691
00348000,BETHEL UNIVERSITY                       ,TN,38201-1705,Private      ,1238,1670,2908,1238,1670,2908
00348100,CARSON-NEWMAN COLLEGE                   ,TN,37760-2204,Private      ,2485,379,2864,2485,379,2864
00348200,CHRISTIAN BROTHERS UNIVERSITY           ,TN,38104-5581,Private      ,1803,870,2673,1803,870,2673
00348300,COLUMBIA STATE COMMUNITY COLLEGE        ,TN,38401-5653,Public       ,1730,1524,3254,1730,1524,3254
00348500,CUMBERLAND UNIVERSITY                   ,TN,37087-3554,Private      ,1164,587,1751,1164,587,1751
00348600,LIPSCOMB UNIVERSITY                     ,TN,37204-3951,Private      ,2357,853,3210,2357,853,3210
00348700,EAST TENNESSEE STATE UNIV - MAIN CAMPUS ,TN,37614-2857,Public       ,8041,4264,12305,8041,4264,12305
00348701,EAST TENNESSEE STATE UNIV - MEDICINE    ,TN,37614-1708,Public       ,220,322,542,220,322,542
00348709,EAST TENNESSEE STATE UNIV - PHARMACY    ,TN,37614-1704,Public       ,93,259,352,93,259,352
00349000,FISK UNIVERSITY                         ,TN,37208-3045,Private      ,1018,281,1299,1018,281,1299
00349200,FREED-HARDEMAN UNIVERSITY               ,TN,38340-2399,Private      ,1392,368,1760,1392,368,1760
00349500,JOHNSON BIBLE COLLEGE                   ,TN,37998-9775,Private      ,458,212,670,458,212,670
00349600,KING COLLEGE                            ,TN,37620-2699,Private      ,939,555,1494,939,555,1494
00349800,LAMBUTH UNIVERSITY                      ,TN,38301-5296,Private      ,754,234,988,754,234,988
00349900,LANE COLLEGE                            ,TN,38301-4598,Private      ,2376,843,3219,2376,843,3219
00350000,LEE UNIVERSITY                          ,TN,37320-0000,Private      ,2674,724,3398,2674,724,3398
00350100,LEMOYNE-OWEN COLLEGE                    ,TN,38126-6510,Private      ,865,887,1752,865,887,1752
00350200,LINCOLN MEMORIAL UNIVERSITY             ,TN,37752-7920,Private      ,1534,1906,3440,1534,1906,3440
00350400,MARTIN METHODIST COLLEGE                ,TN,38478-2799,Private      ,659,326,985,659,326,985
00350500,MARYVILLE COLLEGE                       ,TN,37804-5907,Private      ,1505,169,1674,1505,169,1674
00350600,MEHARRY MEDICAL COLLEGE                 ,TN,37208-0000,Private      ,51,920,971,51,920,971
00350700,MEMPHIS COLLEGE OF ART                  ,TN,38104-2764,Private      ,493,160,653,493,160,653
00350900,UNIVERSITY OF MEMPHIS (THE)             ,TN,38152-4611,Public       ,11444,9034,20478,11444,9034,20478
00351000,MIDDLE TENNESSEE STATE UNIV             ,TN,37130-0000,Public       ,14345,5718,20063,14345,5718,20063
00351100,MILLIGAN COLLEGE                        ,TN,37682-4001,Private      ,941,320,1261,941,320,1261
00351700,SOUTHERN COLLEGE OF OPTOMETRY           ,TN,38104-2222,Private      ,24,499,523,24,499,523
00351800,SOUTHERN ADVENTIST UNIVERSITY           ,TN,37315-0370,Private      ,1622,437,2059,1622,437,2059
00351900,RHODES COLLEGE                          ,TN,38112-1690,Private      ,2381,257,2638,2381,257,2638
00352200,TENNESSEE STATE UNIVERSITY              ,TN,37209-1561,Public       ,8425,4671,13096,8425,4671,13096
00352300,TENNESSEE TECHNOLOGICAL UNIV            ,TN,38505-0001,Public       ,6823,1825,8648,6823,1825,8648
00352400,TENNESSEE TEMPLE UNIVERSITY             ,TN,37404-3587,Private      ,206,181,387,206,181,387
00352500,TENNESSEE WESLEYAN COLLEGE              ,TN,37371-0040,Private      ,928,347,1275,928,347,1275
00352600,TREVECCA NAZARENE UNIVERSITY            ,TN,37210-2877,Private      ,995,884,1879,995,884,1879
00352700,TUSCULUM COLLEGE                        ,TN,37743-0001,Private      ,2013,1134,3147,2013,1134,3147
00352800,UNION UNIVERSITY                        ,TN,38305-3697,Private      ,2270,1188,3458,2270,1188,3458
00352900,UNIVERSITY OF TENNESSEE-CHATTANOOGA     ,TN,37403-2598,Public       ,9213,2543,11756,9213,2543,11756
00353000,UNIVERSITY OF TENNESSEE-KNOXVILLE       ,TN,37996-0150,Public       ,19110,5971,25081,19110,5971,25081
00353006,UNIVERSITY OF TENNESSEE-HEALTH SCI CTR  ,TN,38103-0000,Public       ,314,1833,2147,314,1833,2147
00353100,UNIVERSITY OF TENNESSEE-MARTIN          ,TN,38238-0002,Public       ,5637,1829,7466,5637,1829,7466
00353400,UNIVERSITY OF THE SOUTH                 ,TN,37383-1000,Private      ,1650,66,1716,1650,66,1716
00353500,VANDERBILT UNIVERSITY                   ,TN,37240-0001,Private      ,12644,4787,17431,12644,4787,17431
00353501,VANDERBILT UNIV MED CTR ALLIEDHEAL      ,TN,37232-5510,Private      ,55,198,253,55,198,253
00353502,VANDERBILT UNIV - SCH OF MED            ,TN,37232-0000,Private      ,131,830,961,131,830,961
00353600,BRYAN COLLEGE                           ,TN,37321-7000,Private      ,946,244,1190,946,244,1190
00399800,CHATTANOOGA STATE COMMUNITY COLLEGE     ,TN,37406-1097,Public       ,2651,3513,6164,2651,3513,6164
00399900,CLEVELAND STATE COMMUNITY COLLEGE       ,TN,37312-2858,Public       ,1082,1257,2339,1082,1257,2339
00402500,TN TECHNOLOGY CTR AT KNOXVILLE          ,TN,37919-2327,Public       ,276,579,855,276,579,855
00402600,TENNESSEE TECH. CNTR AT CROSSVILLE      ,TN,38555-4142,Public       ,210,233,443,210,233,443
00461700,NATIONAL COLLEGE OF BUSINESS & TECH     ,TN,37211-6605,Proprietary  ,222,1554,1776,222,1554,1776
00493400,DRAUGHONS JR CLG OF BUSINESS            ,TN,37217-1056,Proprietary  ,114,903,1017,114,903,1017
00493700,JACKSON STATE COMMUNITY COLLEGE         ,TN,38301-3797,Public       ,2082,2492,4574,2082,2492,4574
00493800,SOUTH COLLEGE                           ,TN,37909-3323,Proprietary  ,244,840,1084,244,840,1084
00494700,WEST TENNESSEE BUSINESS COLLEGE         ,TN,38301-3256,Proprietary  ,68,296,364,68,296,364
00528000,TN TECHNOLOGY CTR AT COVINGTON          ,TN,38019-0249,Public       ,68,213,281,68,213,281
00528100,TN TECHNOLOGY CTR AT ELIZABETHTON       ,TN,37643-0789,Public       ,135,448,583,135,448,583
00528200,TN TECHNOLOGY CTR AT HARTSVILLE         ,TN,37074-0000,Public       ,106,211,317,106,211,317
00528300,TN TECHNOLOGY CTR AT NEWBERN            ,TN,38059-1198,Public       ,94,235,329,94,235,329
00530700,TN TECHNOLOGY CTR AT MCMINNVILLE        ,TN,37110-1322,Public       ,102,307,409,102,307,409
00535100,TENNESSEE TECHNOLOGY CENTER AT MORRISTOW,TN,37813-2094,Public       ,228,554,782,228,554,782
00535200,TN TECHNOLOGY CENTER AT MCKENZIE        ,TN,38201-1620,Public       ,85,235,320,85,235,320
00535300,TN TECHNOLOGY CENTER AT LIVINGSTON      ,TN,38570-0219,Public       ,192,242,434,192,242,434
00535400,TN TECHNOLOGY CTR AT JACKSON            ,TN,38301-0000,Public       ,245,778,1023,245,778,1023
00535600,TENNESSEE TECHNOLOGY CENTER AT HOHENWALD,TN,38462-0000,Public       ,149,242,391,149,242,391
00535700,TENNESSEE TECHNOLOGY CENTER AT CRUMP    ,TN,38327-3402,Public       ,154,304,458,154,304,458
00535800,TN TECHNOLOGY CENTER AT ATHENS          ,TN,37371-0848,Public       ,165,277,442,165,277,442
00535900,TENNESSEE TECHNOLOGY CENTER AT NASHVILLE,TN,37209-0000,Public       ,276,725,1001,276,725,1001
00536000,TENNESSEE TECHNOLOGY CENTER AT MEMPHIS  ,TN,38105-3604,Public       ,350,763,1113,350,763,1113
00537800,NORTHEAST STATE COMMUNITY COLLEGE       ,TN,37617-0246,Public       ,2176,2701,4877,2176,2701,4877
00537900,TN TECHNOLOGY CTR AT SHELBYVILLE        ,TN,37160-3697,Public       ,161,441,602,161,441,602
00683500,DYERSBURG STATE COMMUNITY COLLEGE       ,TN,38024-0000,Public       ,1260,1739,2999,1260,1739,2999
00683600,MOTLOW STATE COMMUNITY COLLEGE          ,TN,37388-7972,Public       ,1525,1362,2887,1525,1362,2887
00743900,FOUNTAINHEAD COLLEGE OF TECHNOLOGY      ,TN,37918-2583,Proprietary  ,73,253,326,73,253,326
00744000,NASHVILLE AUTO DIESEL COLLEGE           ,TN,37206-3298,Proprietary  ,1617,527,2144,1617,527,2144
00778200,TENNESSEE TECHNOLOGY CENTER AT DICKSON  ,TN,37055-0000,Public       ,154,334,488,154,334,488
00778300,MIDDLE TENNESSEE SCH OF ANESTHESIA      ,TN,37116-0417,Private      ,30,134,164,30,134,164
00814500,NASHVILLE STATE TECH CMNTY COLLEGE      ,TN,37209-0000,Public       ,1745,3678,5423,1745,3678,5423
00865500,GENESIS CAREER COLLEGE OF COOKEVILLE    ,TN,38501-1959,Proprietary  ,8,25,33,8,25,33
00885900,JOHN A GUPTON COLLEGE                   ,TN,37203-2934,Private      ,62,83,145,62,83,145
00886300,WALTERS STATE COMMUNITY COLLEGE         ,TN,37813-6899,Public       ,2608,2292,4900,2608,2292,4900
00946400,TN TECHNOLOGY CTR AT PULASKI            ,TN,38478-4541,Public       ,63,218,281,63,218,281
00956700,TENNESSEE SCHOOL OF BEAUTY              ,TN,37921-3303,Proprietary  ,120,146,266,120,146,266
00971000,TENNESSEE TECHNOLOGY CENTER AT ONEIDA/HU,TN,37756-4149,Public       ,46,148,194,46,148,194
00991200,VOLUNTEER STATE COMMUNITY COLLEGE       ,TN,37066-3188,Public       ,1998,2199,4197,1998,2199,4197
00991400,ROANE STATE COMMUNITY COLLEGE           ,TN,37748-8664,Public       ,2329,2284,4613,2329,2284,4613
00998200,CRICHTON COLLEGE                        ,TN,38111-4745,Private      ,135,685,820,135,685,820
01021700,INTERNATIONAL ACADEMY OF DESIGN & TECH  ,TN,37212-0000,Proprietary  ,259,339,598,259,339,598
01032600,TN TECHNOLOGY CTR AT HARRIMAN           ,TN,37748-1109,Public       ,77,155,232,77,155,232
01043900,SOUTHWEST TENNESSEE COMMUNITY COLLG     ,TN,38104-3322,Public       ,3915,6249,10164,3915,6249,10164
01044700,"PLAZA BEAUTY SCHOOL, INC.               ",TN,38117-4822,Proprietary  ,37,59,96,37,59,96
01046000,AMERICAN BAPTIST THEOLOGICAL SEMINA     ,TN,37207-4994,Private      ,10,68,78,10,68,78
01052900,MEMPHIS THEOLOGICAL SEMINARY            ,TN,38104-0000,Private      ,3,104,107,3,104,107
01070000,TN TECHNOLOGY CENTER AT JACKSBORO       ,TN,37757-2461,Public       ,68,163,231,68,163,231
01155300,WM R MOORE COLLEGE OF TECHNOLOGY        ,TN,38104-0000,Private      ,44,99,143,44,99,143
01216400,TENNESSEE TECHNICAL CNTR AT RIPLEY      ,TN,38063-7359,Public       ,67,195,262,67,195,262
01254700,EMMANUEL SCHOOL OF RELIGION             ,TN,37601-0000,Private      ,2,31,33,2,31,33
01269300,PELLISSIPPI STATE COMMUNITY COLLEGE     ,TN,37933-0990,Public       ,2825,2464,5289,2825,2464,5289
02069303,VATTEROTT COLLEGE -                     ,TN,38016-5877,Proprietary  ,51,226,277,51,226,277
02092800,TENNESSEE TECHNOLOGY CENTER AT WHITEVILL,TN,38075-0000,Public       ,56,162,218,56,162,218
02103500,TN TECHNOLOGY CTR AT MURFREESBORO       ,TN,37129-0000,Public       ,153,297,450,153,297,450
02106400,O'MORE COLLEGE OF DESIGN                ,TN,37064-0000,Private      ,121,39,160,121,39,160
02125300,NASHVILLE CLG OF MEDICAL CAREERS        ,TN,37115-0000,Proprietary  ,22,90,112,22,90,112
02153100,JON NAVE UNIVERSITY OF COSMETOLOGY      ,TN,37013-3347,Proprietary  ,49,88,137,49,88,137
02157100,CONCORDE CAREER COLLEGE                 ,TN,38137-0000,Proprietary  ,156,648,804,156,648,804
02188300,PENTECOSTAL THEOLOGICAL SEMINARY        ,TN,37320-0000,Private      ,3,53,56,3,53,56
02204200,"CHATTANOOGA COLLEGE - MEDICAL, DENTAL AN",TN,37411-0000,Proprietary  ,73,220,293,73,220,293
02237900,TN TECHNOLOGY CENTER AT PARIS           ,TN,38242-0000,Public       ,83,284,367,83,284,367
02257400,ARNOLD'S BEAUTY SCHOOL                  ,TN,38358-0000,Proprietary  ,23,18,41,23,18,41
02263104,HIGH-TECH INSTITUTE - NASHVILLE         ,TN,37214-2531,Proprietary  ,35,93,128,35,93,128
02275500,REUBEN-ALLEN COLLEGE                    ,TN,37922-0000,Proprietary  ,33,48,81,33,48,81
02278700,MR WAYNES SCH OF UNISEX HAIR DESIGN     ,TN,38501-0000,Proprietary  ,6,11,17,6,11,17
02293900,VOLUNTEER BEAUTY ACADEMY-NASHVILLE      ,TN,37115-2112,Proprietary  ,6,20,26,6,20,26
02294000,VOLUNTEER BEAUTY ACADEMY-DYERSBURG      ,TN,38024-1622,Proprietary  ,7,11,18,7,11,18
02326200,KAPLAN CAREER INSTITUTE                 ,TN,37217-1342,Proprietary  ,103,691,794,103,691,794
02326300,MEDVANCE INSTITUTE                      ,TN,38501-4305,Proprietary  ,37,113,150,37,113,150
02335900,VOLUNTEER BEAUTY ACADEMY-NASHVILLE      ,TN,37209-3033,Proprietary  ,17,37,54,17,37,54
02359800,ITT TECHNICAL INSTITUTE                 ,TN,37214-3717,Proprietary  ,231,344,575,231,344,575
02539800,QUEEN CITY COLLEGE                      ,TN,37042-0000,Proprietary  ,16,96,112,16,96,112
02540000,TENNESSEE ACADEMY OF COSMETOLOGY        ,TN,38133-0000,Proprietary  ,34,62,96,34,62,96
02578200,NOSSI COLLEGE OF ART                    ,TN,37072-0000,Proprietary  ,145,129,274,145,129,274
02595000,FAYETTEVILLE BEAUTY SCHOOL              ,TN,37334-2909,Proprietary  ,7,7,14,7,7,14
02599710,VATTEROTT COLLEGE - MEMPHIS             ,TN,38132-1714,Proprietary  ,76,363,439,76,363,439
02605501,REMINGTON COLLEGE - MEMPHIS CAMPUS      ,TN,38132-0000,Proprietary  ,192,565,757,192,565,757
02609204,VATTEROTT COLLEGE - VATTEROTT CAREER COL,TN,38133-4727,Proprietary  ,36,171,207,36,171,207
02614200,MILLER MOTTE BUSINESS COLLEGE           ,TN,37040-6023,Proprietary  ,78,331,409,78,331,409
02614203,MILLER - MOTTE TECHNICAL COLLEGE - CHATT,TN,37421-7220,Proprietary  ,121,394,515,121,394,515
02614204,MILLER - MOTTE TECHNICAL COLLEGE - GOODL,TN,37072-1870,Proprietary  ,28,141,169,28,141,169
03001800,FREE WILL BAPTIST BIBLE COLLEGE         ,TN,37205-2498,Private      ,114,50,164,114,50,164
03008800,FRANKLIN ACADEMY                        ,TN,37312-3939,Private      ,5,14,19,5,14,19
03010606,VIRGINIA COLLEGE - SCH OF BUSNSS & HLTH ,TN,37411-5600,Proprietary  ,37,167,204,37,167,204
03024900,TENNESSEE ACADEMY OF COSMETOLOGY        ,TN,38125-3442,Proprietary  ,36,76,112,36,76,112
03061100,GENESIS CAREER COLLEGE OF LEBANON       ,TN,37087-2718,Proprietary  ,4,15,19,4,15,19
03073400,ITT TECHNICAL INSTITUTE                 ,TN,37932-3343,Proprietary  ,234,562,796,234,562,796
03076405,HIGH-TECH INSTITUTE - MEMPHIS           ,TN,38134-7345,Proprietary  ,75,179,254,75,179,254
03079100,NORTH CENTRAL INSTITUTE                 ,TN,37042-3116,Proprietary  ,15,33,48,15,33,48
03088800,WATKINS INSTITUTE COLLEGE OF ART & DESIG,TN,37228-1306,Private      ,367,157,524,367,157,524
03126900,STYLES & PROFILES BEAUTY COLLEGE        ,TN,38375-2109,Proprietary  ,5,9,14,5,9,14
03355400,RICHMONT GRADUATE UNIVERSITY            ,TN,37404-0000,Private      ,2,72,74,2,72,74
03440300,BAPTIST MEMORIAL COLLEGE OF HEALTH      ,TN,38104-3104,Private      ,608,1114,1722,608,1114,1722
03480303,MEDVANCE INSTITUTE - NASHVILLE          ,TN,37203-1536,Proprietary  ,53,184,237,53,184,237
03513500,WILLIAMSON CHRISTIAN COLLEGE            ,TN,37067-8237,Private      ,11,29,40,11,29,40
03647300,NEW CONCEPTS SCHOOL OF COSMETOLOGY      ,TN,37311-7373,Proprietary  ,3,12,15,3,12,15
03683300,INTERNATIONAL BARBER & STYLE COLLEGE    ,TN,37209-0000,Proprietary  ,19,36,55,19,36,55
03701300,MEMPHIS INSTITUTE OF BARBERING          ,TN,38107-4334,Proprietary  ,39,77,116,39,77,116
03774400,SHEAR ACADEMY                           ,TN,38555-4177,Proprietary  ,14,16,30,14,16,30
03830300,SAE INSTITUTE OF TECHNOLOGY             ,TN,37203-4310,Proprietary  ,75,117,192,75,117,192
03841300,CAREER BEAUTY COLLEGE                   ,TN,38464-3634,Proprietary  ,8,17,25,8,17,25
03920300,INSTITUTE OF HAIR DESIGN                ,TN,38310-1801,Proprietary  ,10,8,18,10,8,18
03930300,BUCHANAN BEAUTY COLLEGE                 ,TN,37160-2741,Proprietary  ,4,15,19,4,15,19
03982300,VISIBLE SCHOOL - MUSIC AND WORSHIPS ARTS,TN,38104-5814,Private      ,43,25,68,43,25,68
04035300,NAVE COSMETOLOGY ACADEMY                ,TN,38401-6335,Proprietary  ,10,32,42,10,32,42
04124100,ELITE COLLEGE OF COSMETOLOGY            ,TN,38351-1431,Proprietary  ,10,11,21,10,11,21
04157200,LOVE BEAUTY SCHOOL                      ,TN,37355-2950,Proprietary  ,6,13,19,6,13,19
00353700,ABILENE CHRISTIAN UNIVERSITY            ,TX,79699-3701,Private      ,2682,569,3251,2682,569,3251
00353900,ALVIN COMMUNITY COLLEGE                 ,TX,77511-4807,Public       ,403,825,1228,403,825,1228
00354000,AMARILLO COLLEGE                        ,TX,79109-2446,Public       ,1106,1911,3017,1106,1911,3017
00354100,ANGELO STATE UNIVERSITY                 ,TX,76909-5069,Public       ,3983,1154,5137,3983,1154,5137
00354300,AUSTIN COLLEGE                          ,TX,75090-4440,Private      ,1420,96,1516,1420,96,1516
00354400,AUSTIN PRESBYTERIAN THEOLOGICAL SEM     ,TX,78705-5797,Private      ,1,43,44,1,43,44
00354500,BAYLOR UNIVERSITY                       ,TX,76798-1458,Private      ,16105,3077,19182,16105,3077,19182
00354600,COASTAL BEND COLLEGE                    ,TX,78102-2197,Public       ,550,839,1389,550,839,1389
00354900,BLINN COLLEGE                           ,TX,77833-4098,Public       ,4073,1392,5465,4073,1392,5465
00355300,CISCO JUNIOR COLLEGE                    ,TX,76437-9803,Public       ,676,727,1403,676,727,1403
00355400,CLARENDON COLLEGE                       ,TX,79226-0000,Public       ,168,115,283,168,115,283
00355600,COMMONWEALTH INST OF FUNERAL SVC        ,TX,77090-5918,Private      ,24,52,76,24,52,76
00355700,CONCORDIA UNIVERSITY TEXAS              ,TX,78726-4141,Private      ,753,626,1379,753,626,1379
00355800,NORTH CENTRAL TEXAS COLLEGE             ,TX,76240-4699,Public       ,866,1401,2267,866,1401,2267
00356000,DALLAS BAPTIST UNIVERSITY               ,TX,75211-9299,Private      ,1486,1331,2817,1486,1331,2817
00356100,CEDAR VALLEY COLLEGE                    ,TX,75134-0000,Public       ,647,1165,1812,647,1165,1812
00356200,DALLAS THEOLOGICAL SEM                  ,TX,75204-0000,Private      ,7,208,215,7,208,215
00356300,DEL MAR COLLEGE                         ,TX,78404-3897,Public       ,1790,2269,4059,1790,2269,4059
00356400,EAST TEXAS BAPTIST UNIVERSITY           ,TX,75670-1423,Private      ,769,104,873,769,104,873
00356500,TEXAS A&M UNIVERSITY - COMMERCE         ,TX,75429-3011,Public       ,2565,2392,4957,2565,2392,4957
00356600,EPISCOPAL THEOL SEM OF THE STHWST       ,TX,78768-0000,Private      ,2,13,15,2,13,15
00356800,FRANK PHILLIPS COLLEGE                  ,TX,79008-0000,Public       ,123,123,246,123,123,246
00357000,GRAYSON COUNTY COLLEGE                  ,TX,75020-8299,Public       ,590,1065,1655,590,1065,1655
00357100,HARDIN-SIMMONS UNIVERSITY               ,TX,79698-6050,Private      ,1379,363,1742,1379,363,1742
00357200,TRINITY VALLEY COMMUNITY COLLEGE        ,TX,75751-2734,Public       ,769,1270,2039,769,1270,2039
00357300,HILL COLLEGE                            ,TX,76645-2711,Public       ,305,292,597,305,292,597
00357301,HILL COLLEGE                            ,TX,76031-0000,Public       ,213,569,782,213,569,782
00357400,HOWARD COLLEGE                          ,TX,79720-0213,Public       ,484,762,1246,484,762,1246
00357500,HOWARD PAYNE UNIVERSITY                 ,TX,76801-2715,Private      ,917,141,1058,917,141,1058
00357600,HOUSTON BAPTIST UNIVERSITY              ,TX,77074-3298,Private      ,2968,930,3898,2968,930,3898
00357700,HUSTON - TILLOTSON UNIVERSITY           ,TX,78702-2795,Private      ,623,282,905,623,282,905
00357800,UNIVERSITY OF THE INCARNATE WORD        ,TX,78209-6398,Private      ,2933,1944,4877,2933,1944,4877
00357900,JACKSONVILLE COLLEGE                    ,TX,75766-4759,Private      ,86,52,138,86,52,138
00358000,KILGORE COLLEGE                         ,TX,75662-3299,Public       ,1108,1136,2244,1108,1136,2244
00358100,LAMAR UNIVERSITY-BEAUMONT               ,TX,77710-0042,Public       ,4331,2385,6716,4331,2385,6716
00358200,LAREDO COMMUNITY COLLEGE                ,TX,78040-4395,Public       ,2577,1432,4009,2577,1432,4009
00358300,LEE COLLEGE                             ,TX,77520-4796,Public       ,481,1130,1611,481,1130,1611
00358400,LETOURNEAU UNIVERSITY                   ,TX,75607-0000,Private      ,1176,1107,2283,1176,1107,2283
00358500,LON MORRIS COLLEGE                      ,TX,75766-2900,Private      ,373,74,447,373,74,447
00358600,LUBBOCK CHRISTIAN UNIVERSITY            ,TX,79407-2099,Private      ,748,426,1174,748,426,1174
00358800,UNIVERSITY OF MARY HARDIN-BAYLOR        ,TX,76513-2599,Private      ,2660,666,3326,2660,666,3326
00359000,MCLENNAN COMMUNITY COLLEGE              ,TX,76708-1498,Public       ,1486,1931,3417,1486,1931,3417
00359100,MCMURRY UNIVERSITY                      ,TX,79697-0001,Private      ,964,277,1241,964,277,1241
00359200,MIDWESTERN STATE UNIVERSITY             ,TX,76308-2099,Public       ,2333,1149,3482,2333,1149,3482
00359300,NAVARRO COLLEGE                         ,TX,75110-4818,Public       ,1489,1551,3040,1489,1551,3040
00359400,UNIVERSITY OF NORTH TEXAS               ,TX,76203-1370,Public       ,15582,8256,23838,15582,8256,23838
00359500,OBLATE SCHOOL OF THEOLOGY               ,TX,78216-0000,Private      ,6,9,15,6,9,15
00359600,ODESSA COLLEGE                          ,TX,79764-7127,Public       ,508,877,1385,508,877,1385
00359800,OUR LADY OF THE LAKE UNIVERSITY         ,TX,78207-4689,Private      ,1489,1019,2508,1489,1019,2508
00359900,UNIVERSITY OF TEXAS - PAN AMERICAN      ,TX,78541-2999,Public       ,10236,4205,14441,10236,4205,14441
00360000,PANOLA COLLEGE                          ,TX,75633-2397,Public       ,278,377,655,278,377,655
00360100,PARIS JR COLLEGE                        ,TX,75460-6298,Public       ,589,852,1441,589,852,1441
00360200,PAUL QUINN COLLEGE                      ,TX,75241-4398,Private      ,122,138,260,122,138,260
00360300,RANGER COLLEGE                          ,TX,76470-3298,Public       ,168,137,305,168,137,305
00360400,RICE UNIVERSITY                         ,TX,77251-1892,Private      ,7555,1396,8951,7555,1396,8951
00360600,SAM HOUSTON STATE UNIVERSITY            ,TX,77340-0000,Public       ,9285,2986,12271,9285,2986,12271
00360700,ALAMO CMTY CLG DISTRICT PROGRAM         ,TX,78207-0000,Public       ,349,376,725,349,376,725
00360800,ST PHILLIPS COLLEGE                     ,TX,78203-2098,Public       ,1563,2898,4461,1563,2898,4461
00360900,SAN JACINTO CLG-CENTRAL-NORTH-SOUTH     ,TX,77501-0000,Public       ,2415,3000,5415,2415,3000,5415
00361000,SCHREINER UNIVERSITY                    ,TX,78028-5697,Private      ,904,177,1081,904,177,1081
00361100,SOUTH PLAINS COLLEGE                    ,TX,79336-6504,Public       ,1673,1427,3100,1673,1427,3100
00361200,UNIV OF HOUSTON-DOWNTOWN                ,TX,77002-1001,Public       ,3261,3712,6973,3261,3712,6973
00361300,SOUTHERN METHODIST UNIVERSITY           ,TX,75275-0181,Private      ,5162,2755,7917,5162,2755,7917
00361400,SOUTHWEST TEXAS JR COLLEGE              ,TX,78801-6221,Public       ,976,863,1839,976,863,1839
00361500,TEXAS STATE UNIVERSITY--SAN MARCOS      ,TX,78666-4602,Public       ,17111,7088,24199,17111,7088,24199
00361600,SOUTHWESTERN ASSEMBLIES OF GOD UNIV     ,TX,75165-2397,Private      ,713,395,1108,713,395,1108
00361700,SOUTHWESTERN BAPTIST THEOL SEMINARY     ,TX,76122-0000,Private      ,16,65,81,16,65,81
00361800,SOUTHWESTERN CHRISTIAN COLLEGE          ,TX,75160-3400,Private      ,61,25,86,61,25,86
00361900,SOUTHWESTERN ADVENTIST UNIVERSITY       ,TX,76059-1922,Private      ,252,127,379,252,127,379
00362000,SOUTHWESTERN UNIVERSITY                 ,TX,78626-6111,Private      ,2068,127,2195,2068,127,2195
00362100,ST EDWARDS UNIVERSITY                   ,TX,78704-0000,Private      ,3703,1315,5018,3703,1315,5018
00362300,ST MARY'S UNIV OF SAN ANTONIO           ,TX,78228-8500,Private      ,3183,1867,5050,3183,1867,5050
00362400,STEPHEN F AUSTIN STATE UNIVERSITY       ,TX,75962-0001,Public       ,7797,1612,9409,7797,1612,9409
00362500,SUL ROSS STATE UNIVERSITY               ,TX,79832-0113,Public       ,801,564,1365,801,564,1365
00362600,TARRANT COUNTY COLLEGE                  ,TX,76102-6599,Public       ,5095,7745,12840,5095,7745,12840
00362700,TEMPLE COLLEGE                          ,TX,76504-7435,Public       ,796,1678,2474,796,1678,2474
00362800,TEXARKANA COLLEGE                       ,TX,75599-0001,Public       ,671,886,1557,671,886,1557
00363000,PRAIRIE VIEW A&M UNIVERSITY             ,TX,77446-2967,Public       ,6191,2098,8289,6191,2098,8289
00363100,TARLETON STATE UNIVERSITY               ,TX,76402-0000,Public       ,3341,2013,5354,3341,2013,5354
00363200,TEXAS A&M UNIVERSITY                    ,TX,77842-0000,Public       ,25820,4423,30243,25820,4423,30243
00363400,TEXAS STATE TECHNICAL CLG AT WACO       ,TX,76705-1695,Public       ,976,1008,1984,976,1008,1984
00363500,TEXAS CHIROPRACTIC COLLEGE              ,TX,77505-1699,Private      ,5,138,143,5,138,143
00363600,TEXAS CHRISTIAN UNIVERSITY              ,TX,76129-0001,Private      ,8129,1656,9785,8129,1656,9785
00363700,JARVIS CHRISTIAN COLLEGE                ,TX,75765-1470,Private      ,251,85,336,251,85,336
00363800,TEXAS COLLEGE                           ,TX,75702-4500,Private      ,328,195,523,328,195,523
00363900,TEXAS A&M UNIVERSITY-KINGSVILLE         ,TX,78363-8203,Public       ,4162,1936,6098,4162,1936,6098
00364100,TEXAS LUTHERAN UNIVERSITY               ,TX,78155-5999,Private      ,1293,127,1420,1293,127,1420
00364200,TEXAS SOUTHERN UNIVERSITY               ,TX,77004-4598,Public       ,4995,4659,9654,4995,4659,9654
00364300,TEXAS SOUTHMOST COLLEGE                 ,TX,78520-4992,Public       ,258,237,495,258,237,495
00364400,TEXAS TECH UNIVERSITY                   ,TX,79409-0000,Public       ,14307,4301,18608,14307,4301,18608
00364500,TEXAS WESLEYAN UNIVERSITY               ,TX,76105-1536,Private      ,708,1915,2623,708,1915,2623
00364600,TEXAS WOMAN'S UNIVERSITY                ,TX,76204-5587,Public       ,3859,5373,9232,3859,5373,9232
00364700,TRINITY UNIVERSITY                      ,TX,78212-7200,Private      ,2709,309,3018,2709,309,3018
00364800,TYLER JUNIOR COLLEGE                    ,TX,75701-3436,Public       ,2857,2203,5060,2857,2203,5060
00365100,UNIVERSITY OF DALLAS                    ,TX,75062-4799,Private      ,1393,511,1904,1393,511,1904
00365200,UNIVERSITY OF HOUSTON                   ,TX,77204-2010,Public       ,17983,11531,29514,17983,11531,29514
00365400,UNIVERSITY OF ST THOMAS                 ,TX,77006-4626,Private      ,944,612,1556,944,612,1556
00365600,UNIVERSITY OF TEXAS-ARLINGTON           ,TX,76019-0000,Public       ,11956,9666,21622,11956,9666,21622
00365800,UNIVERSITY OF TEXAS-AUSTIN              ,TX,78713-7758,Public       ,32486,13778,46264,32486,13778,46264
00365900,UT HEALTH CENTER-SAN ANTONIO            ,TX,78229-3900,Public       ,517,1740,2257,517,1740,2257
00366100,UNIVERSITY OF TEXAS-EL PASO             ,TX,79968-0629,Public       ,8147,4842,12989,8147,4842,12989
00366200,VICTORIA COLLEGE (THE)                  ,TX,77901-4494,Public       ,567,843,1410,567,843,1410
00366300,WAYLAND BAPTIST UNIVERSITY              ,TX,79072-6998,Private      ,477,880,1357,477,880,1357
00366400,WEATHERFORD COLLEGE                     ,TX,76086-5699,Public       ,777,967,1744,777,967,1744
00366500,WEST TEXAS A&M UNIVERSITY               ,TX,79016-0000,Public       ,2777,1231,4008,2777,1231,4008
00366800,WHARTON COUNTY JR COLLEGE               ,TX,77488-3298,Public       ,803,790,1593,803,790,1593
00366900,WILEY COLLEGE                           ,TX,75670-5199,Private      ,404,221,625,404,221,625
00400300,CENTRAL TEXAS COLLEGE                   ,TX,76540-4199,Public       ,939,3675,4614,939,3675,4614
00407221,NORTHWOOD UNIVERSITY                    ,TX,75104-0000,Private      ,266,227,493,266,227,493
00445300,EL CENTRO COLLEGE                       ,TX,75202-0000,Public       ,1355,2882,4237,1355,2882,4237
00481102,EVEREST INSTITUTE - EVEREST COLLEGE     ,TX,76011-6750,Proprietary  ,43,242,285,43,242,285
00494800,TEXAS A&M UNIV SYSTEM HEALTH SCI CT     ,TX,77840-7896,Public       ,510,921,1431,510,921,1431
00494900,BAYLOR COLLEGE OF MEDICINE              ,TX,77030-0000,Private      ,322,980,1302,322,980,1302
00495100,UNIV OF TEXAS HEALTH SCIENCE CENTER     ,TX,77225-0000,Public       ,263,1769,2032,263,1769,2032
00495200,UNIV OF TEXAS MEDICAL BRANCH            ,TX,77550-0000,Public       ,148,1072,1220,148,1072,1220
00497200,GALVESTON COLLEGE                       ,TX,77550-7447,Public       ,329,527,856,329,527,856
00497700,SOUTH TEXAS COLLEGE OF LAW              ,TX,77002-0000,Private      ,42,1262,1304,42,1262,1304
00520307,REMINGTON COLLEGE - DALLAS CAMPUS       ,TX,75041-9935,Proprietary  ,36,102,138,36,102,138
00660600,BAPTIST HS SCHOOL OF HEALTH PROFESSIONS ,TX,78229-3234,Proprietary  ,67,436,503,67,436,503
00661200,COVENANT SCH OF NSG & ALLIED HEALTH     ,TX,79410-0000,Private      ,43,113,156,43,113,156
00666100,ANGELINA COLLEGE                        ,TX,75902-0000,Public       ,874,1002,1876,874,1002,1876
00694100,DALLAS CHRISTIAN COLLEGE                ,TX,75234-7229,Private      ,110,137,247,110,137,247
00709600,COLLEGE OF THE MAINLAND                 ,TX,77591-2499,Public       ,291,666,957,291,666,957
00728700,BRAZOSPORT COLLEGE                      ,TX,77566-3199,Public       ,343,474,817,343,474,817
00732907,ITT TECHNICAL INSTITUTE                 ,TX,77063-3751,Proprietary  ,118,187,305,118,187,305
00754805,WESTWOOD COLLEGE OF TECHNOLOGY          ,TX,77074-0000,Proprietary  ,136,210,346,136,210,346
00758602,REMINGTON COLLEGE - FORT WORTH CAMPUS   ,TX,76112-1280,Proprietary  ,47,138,185,47,138,185
00835300,LINCOLN COLLEGE OF TECHNOLOGY           ,TX,75052-0000,Proprietary  ,224,253,477,224,253,477
00849800,MIMS CLASSIC BEAUTY COLLEGE             ,TX,78216-0000,Proprietary  ,12,10,22,12,10,22
00850300,MOUNTAIN VIEW COLLEGE                   ,TX,75211-6599,Public       ,1142,1694,2836,1142,1694,2836
00850400,RICHLAND COLLEGE                        ,TX,75243-2199,Public       ,1459,2218,3677,1459,2218,3677
00851000,EASTFIELD COLLEGE                       ,TX,75150-2099,Public       ,1244,1993,3237,1244,1993,3237
00907905,EVEREST COLLEGE                         ,TX,75206-5209,Proprietary  ,101,395,496,101,395,496
00908200,INTERNATIONAL BUSINESS COLLEGE          ,TX,79903-0000,Proprietary  ,29,62,91,29,62,91
00916300,SAN ANTONIO COLLEGE                     ,TX,78212-4299,Public       ,4132,5830,9962,4132,5830,9962
00922500,TEXAS STATE TECHNICAL COLLEGE  HARLINGEN,TX,78550-3697,Public       ,1263,1117,2380,1263,1117,2380
00946600,KAPLAN CAREER INSTITUTE                 ,TX,78216-1899,Proprietary  ,118,543,661,118,543,661
00946607,SAN ANT COL OF MED & DENTAL - MCALLEN   ,TX,78503-1622,Proprietary  ,92,237,329,92,237,329
00946609,CAREER CENTERS OF TX - CORPUS CHRISTI   ,TX,78416-9900,Proprietary  ,60,275,335,60,275,335
00946610,KAPLAN CAREER INSTITUTE - CAREER CENTERS,TX,76103-2310,Proprietary  ,82,365,447,82,365,447
00954900,WESTERN TEXAS COLLEGE                   ,TX,79549-9501,Public       ,221,117,338,221,117,338
00965100,TEXAS A&M INTERNATIONAL UNIVERSITY      ,TX,78041-1900,Public       ,3306,1247,4553,3306,1247,4553
00974100,UNIVERSITY OF TEXAS AT DALLAS           ,TX,75083-0000,Public       ,4792,3424,8216,4792,3424,8216
00976800,UNIVERSITY OF NORTH TEXAS HEALTH SCIENCE,TX,76107-2699,Public       ,138,1090,1228,138,1090,1228
00979700,MIDLAND COLLEGE                         ,TX,79705-6397,Public       ,568,792,1360,568,792,1360
00982802,EVEREST INSTITUTE- AUSTIN               ,TX,78754-0000,Proprietary  ,54,191,245,54,191,245
00993000,UNIVERSITY OF TEXAS-PERMIAN BASIN       ,TX,79762-0001,Public       ,797,685,1482,797,685,1482
00993200,TEXAS STATE TECH CLG-WEST TEXAS         ,TX,79556-4108,Public       ,168,258,426,168,258,426
00993201,TEXAS STATE TECH COLLEGE-ABILENE        ,TX,79601-0000,Public       ,55,161,216,55,161,216
00993204,TEXAS STATE TECH CLG-BRECKENRIDGE       ,TX,76424-0000,Public       ,15,51,66,15,51,66
00993205,TEXAS STATE TECH COLLEGE-BROWNWOOD      ,TX,76801-0000,Public       ,31,102,133,31,102,133
01001900,UNIV OF TEXAS SOUTHWESTERN MED CTR      ,TX,75390-9096,Public       ,133,1208,1341,133,1208,1341
01005700,AMERICAN COMMERCIAL COLLEGE             ,TX,79602-1399,Proprietary  ,8,46,54,8,46,54
01005900,AMERICAN COMMERCIAL COLLEGE             ,TX,79761-0000,Proprietary  ,6,36,42,6,36,42
01005901,AMERICAN COMMERCIAL COLLEGE - AMERICAN C,TX,76310-2303,Proprietary  ,7,36,43,7,36,43
01006000,VERNON COLLEGE                          ,TX,76384-4092,Public       ,420,901,1321,420,901,1321
01011500,UNIVERSITY OF TEXAS-SAN ANTONIO         ,TX,78249-0600,Public       ,18091,7737,25828,18091,7737,25828
01013000,WADE COLLEGE                            ,TX,75207-3199,Proprietary  ,66,51,117,66,51,117
01038700,EL PASO COMMUNITY COLLEGE               ,TX,79998-0000,Public       ,5995,5583,11578,5995,5583,11578
01050900,HALLMARK COLLEGE OF AERONAUTICS         ,TX,78214-0000,Proprietary  ,29,152,181,29,152,181
01062400,CENTRAL TEXAS COMMERCIAL COLLEGE        ,TX,75231-5033,Proprietary  ,19,46,65,19,46,65
01063300,HOUSTON COMMUNITY COLLEGE               ,TX,77002-0000,Public       ,6268,11958,18226,6268,11958,18226
01067400,TEXAS TECH U HEALTH SCIENCES CENTER     ,TX,79430-0000,Public       ,523,1508,2031,523,1508,2031
01076100,DALLAS INSTITUTE OF FUNERAL SERVICE     ,TX,75227-4314,Private      ,30,89,119,30,89,119
01114500,LONE STAR COLLEGE SYSTEM                ,TX,77073-3499,Public       ,4621,7325,11946,4621,7325,11946
01114501,LONE STAR COLLEGE-KINGWOOD              ,TX,77339-0000,Public       ,100,293,393,100,293,393
01114502,LONE STAR COLLEGE-TOMBALL               ,TX,77375-0000,Public       ,102,205,307,102,205,307
01114503,LONE STAR COLLEGE-MONTGOMERY            ,TX,77384-0000,Public       ,172,339,511,172,339,511
01114504,LONE STAR COLLEGE-CY-FAIR               ,TX,77433-1383,Public       ,178,305,483,178,305,483
01116100,TEXAS A&M UNIV CORPUS CHRISTI           ,TX,78412-5599,Public       ,5199,1945,7144,5199,1945,7144
01116300,UNIVERSITY OF TEXAS AT TYLER            ,TX,75799-6699,Public       ,2258,1496,3754,2258,1496,3754
01171100,UNIVERSITY OF HOUSTON-CLEAR LAKE        ,TX,77058-1002,Public       ,881,2555,3436,881,2555,3436
01201500,AUSTIN COMMUNITY COLLEGE                ,TX,78752-4390,Public       ,5960,8785,14745,5960,8785,14745
01202000,VICTORIA BEAUTY COLLEGE                 ,TX,77901-6233,Proprietary  ,3,16,19,3,16,19
01226800,BALDWIN BEAUTY SCHOOL #5                ,TX,78704-4785,Proprietary  ,29,71,100,29,71,100
01229700,LAREDO BEAUTY COLLEGE                   ,TX,78040-1051,Proprietary  ,23,9,32,23,9,32
01248200,ATI TECHNICAL TRAINING CENTER           ,TX,75235-4622,Proprietary  ,115,633,748,115,633,748
01248209,ATI CAREER TRAINING CENTER - GARLAND    ,TX,75041-2497,Proprietary  ,12,39,51,12,39,51
01248210,ATI CAREER TRAINING CENTER - WACO       ,TX,76711-1682,Proprietary  ,26,78,104,26,78,104
01248300,COSMETOLOGY CAREER CENTER-A PAUL MITCHEL,TX,75006-2567,Proprietary  ,30,61,91,30,61,91
01248800,INTERNATIONAL BEAUTY COLLEGE NO 3       ,TX,75040-0000,Proprietary  ,5,28,33,5,28,33
01276400,METROPLEX BEAUTY SCHOOL                 ,TX,75149-0000,Proprietary  ,5,18,23,5,18,23
01293000,CHARLES & SUE'S SCH OF HAIR DESIGN      ,TX,77801-0000,Proprietary  ,8,23,31,8,23,31
01293200,TINT SCHOOL OF MAKEUP & COSMETOLOGY     ,TX,75061-4235,Proprietary  ,5,12,17,5,12,17
01300300,NEILSON BEAUTY COLLEGE                  ,TX,75208-4637,Proprietary  ,9,35,44,9,35,44
01301600,OGLE SCHOOL HAIR SKIN NAILS             ,TX,76013-7400,Proprietary  ,33,79,112,33,79,112
01323100,UNIVERSITY OF HOUSTON-VICTORIA          ,TX,77901-5731,Public       ,448,1052,1500,448,1052,1500
02058600,CONLEE'S COLLEGE OF COSMETOLOGY         ,TX,78028-0000,Proprietary  ,2,7,9,2,7,9
02069302,VATTEROTT COLLEGE - VATTEROTT EDUCATION ,TX,75220-5441,Proprietary  ,16,87,103,16,87,103
02074100,CAPITOL CITY TRADE & TECHNICAL SCH      ,TX,78704-0000,Proprietary  ,48,63,111,48,63,111
02077400,NORTH LAKE COLLEGE                      ,TX,75038-0000,Public       ,856,1335,2191,856,1335,2191
02078100,STEPHENVILLE BEAUTY COLLEGE             ,TX,76401-0000,Proprietary  ,1,8,9,1,8,9
02081400,ARLINGTON BAPTIST COLLEGE               ,TX,76012-0000,Private      ,72,67,139,72,67,139
02093600,SOUTHWEST SCHOOL OF ELECTRONIC          ,TX,78735-0000,Proprietary  ,15,16,31,15,16,31
02098300,WESTERN TECHNICAL COLLEGE               ,TX,79927-2105,Proprietary  ,266,216,482,266,216,482
02100200,BROOKHAVEN COLLEGE                      ,TX,75244-0000,Public       ,826,1689,2515,826,1689,2515
02113610,AMERICAN INTERCONTINENTAL UNIV - HOUSTON,TX,77042-4516,Proprietary  ,57,309,366,57,309,366
02116008,SANFORD-BROWN COLLEGE - HOUSTON         ,TX,77036-8507,Proprietary  ,81,477,558,81,477,558
02116012,SANFORD-BROWN INSTITUTE - HOUSTON NORTH ,TX,77008-1058,Proprietary  ,34,195,229,34,195,229
02117100,ART INSTITUTE OF HOUSTON                ,TX,77056-0000,Proprietary  ,1593,1147,2740,1593,1147,2740
02119200,COURT REPORTING INSTITUTE OF DALLAS     ,TX,75247-6913,Proprietary  ,28,323,351,28,323,351
02119202,COURT REPORTING INSTIUTE OF DALLAS - COU,TX,77040-6315,Proprietary  ,11,145,156,11,145,156
02128302,INSTITUTE FOR BUSINESS & TECHNOLOGY - LA,TX,78230-2520,Proprietary  ,26,56,82,26,56,82
02136800,AMERICAN COMMERCIAL COLLEGE             ,TX,76904-0000,Proprietary  ,12,39,51,12,39,51
02144800,VET TECH INSTITUTE OF HOUSTON           ,TX,77027-9881,Proprietary  ,54,62,116,54,62,116
02176100,PIPO ACADEMY OF HAIR DESIGN             ,TX,79903-0000,Proprietary  ,11,9,20,11,9,20
02200800,AMERICAN COMMERCIAL COLLEGE             ,TX,79411-0000,Proprietary  ,12,30,42,12,30,42
02218300,SOUTHWEST SCHOOL OF BUSINESS & TECHNICAL,TX,78221-0000,Proprietary  ,25,73,98,25,73,98
02218305,SOUTHWEST SCHOOL OF BUSINESS AND TECHNIC,TX,78501-6053,Proprietary  ,19,28,47,19,28,47
02218306,SOUTHWEST SCHOOL OF BUSINESS AND TECHNIC,TX,78413-2045,Proprietary  ,6,18,24,6,18,24
02224600,TRI-STATE BEAUTY SCHOOL #1              ,TX,79915-0000,Proprietary  ,22,30,52,22,30,52
02230500,OGLE SCHOOL HAIR SKIN NAILS             ,TX,76132-3638,Proprietary  ,19,71,90,19,71,90
02230600,OGLE SCHOOL HAIR SKIN NAILS             ,TX,76053-4650,Proprietary  ,13,27,40,13,27,40
02239100,CENTRAL TEXAS BEAUTY COLLEGE #2         ,TX,78664-4204,Proprietary  ,7,24,31,7,24,31
02248200,MILAN INSTITUTE OF COSMETOLOGY          ,TX,79103-0000,Proprietary  ,153,370,523,153,370,523
02254800,TEXAS VOCATIONAL SCHOOLS                ,TX,77901-0000,Proprietary  ,8,14,22,8,14,22
02259400,AMBERTON UNIVERSITY                     ,TX,75041-0000,Private      ,22,87,109,22,87,109
02261300,EVEREST INSTITUTE                       ,TX,78213-3841,Proprietary  ,26,84,110,26,84,110
02261302,EVEREST INSTITUTE - HOUSTON GREENSPOINT ,TX,77060-3249,Proprietary  ,51,291,342,51,291,342
02261303,EVEREST INSTITUTE - HOUSTON HOBBY       ,TX,77087-2737,Proprietary  ,42,181,223,42,181,223
02267100,EXPOSITO SCHOOL OF HAIR DESIGN          ,TX,79109-0000,Proprietary  ,7,9,16,7,9,16
02276000,FRANKLIN BEAUTY SCHOOL #2               ,TX,77021-0000,Proprietary  ,14,46,60,14,46,60
02285900,UNIVERSITY OF COSMETOLOGY ARTS&SCI      ,TX,78504-0000,Proprietary  ,23,51,74,23,51,74
02294800,CAPITOL CITY CAREERS                    ,TX,78745-0000,Proprietary  ,11,46,57,11,46,57
02298501,EVEREST COLLEGE- FORT WORTH             ,TX,76137-2472,Proprietary  ,55,209,264,55,209,264
02305300,PARKER COLLEGE OF CHIROPRACTIC          ,TX,75229-0000,Private      ,26,769,795,26,769,795
02306700,FORT WORTH BEAUTY SCHOOL                ,TX,76116-3299,Proprietary  ,15,31,46,15,31,46
02312200,TEXAS SCHOOL OF BUSINESS                ,TX,77073-6032,Proprietary  ,74,249,323,74,249,323
02312201,TEXAS SCHOOL OF BUSINESS - SOUTHWEST CAM,TX,77057-0000,Proprietary  ,37,187,224,37,187,224
02312202,TEXAS SCHOOL OF BUSINESS - FRIENDSWOOD C,TX,77546-8938,Proprietary  ,12,130,142,12,130,142
02312203,TEXAS SCHOOL OF BUSINESS - EAST CAMPUS  ,TX,77029-1916,Proprietary  ,32,143,175,32,143,175
02313901,WESTWOOD COLLEGE - DALLAS               ,TX,75243-0000,Proprietary  ,150,423,573,150,423,573
02315400,NORTHEAST TEXAS COMMUNITY COLLEGE       ,TX,75456-0000,Public       ,499,500,999,499,500,999
02318200,"KD STUDIO, ACTOR'S CONSERVATORY         ",TX,75207-2111,Proprietary  ,45,61,106,45,61,106
02320200,HOUSTON GRADUATE SCHOOL OF THEOLOGY     ,TX,77004-0000,Private      ,11,67,78,11,67,78
02326000,SAN ANTONIO BEAUTY COLLEGE NO 3         ,TX,78217-0000,Proprietary  ,16,18,34,16,18,34
02328600,ITT TECHNICAL INSTITUTE                 ,TX,76011-0000,Proprietary  ,76,143,219,76,143,219
02331200,BAPTIST MISSIONARY ASSN THEOL SEM       ,TX,75766-0000,Private      ,3,10,13,3,10,13
02331300,INTERACTIVE LEARNING SYSTEMS            ,TX,77502-1201,Proprietary  ,1,9,10,1,9,10
02331301,INTERACTIVE LEARNING SYSTEMS            ,TX,77081-0000,Proprietary  ,11,63,74,11,63,74
02331304,INTERACTIVE LEARNING SYSTEMS            ,TX,77060-0000,Proprietary  ,1,23,24,1,23,24
02341300,PALO ALTO COLLEGE                       ,TX,78224-0000,Public       ,1580,1823,3403,1580,1823,3403
02348500,LAMAR STATE COLLEGE-PORT ARTHUR         ,TX,77640-0000,Public       ,332,517,849,332,517,849
02357700,ACADEMY OF HAIR DESIGN                  ,TX,77090-0000,Proprietary  ,24,42,66,24,42,66
02358200,LAMAR STATE COLLEGE-ORANGE              ,TX,77630-0000,Public       ,230,488,718,230,488,718
02361400,COLLIN COUNTY COMMUNITY COLLEGE         ,TX,75071-0000,Public       ,2105,2839,4944,2105,2839,4944
02362000,UNIVERSAL TECHNICAL INSTITUTE           ,TX,77073-0000,Proprietary  ,2101,1256,3357,2101,1256,3357
02362800,AUSTIN GRADUATE SCHOOL OF THEOLOGY      ,TX,78752-1333,Private      ,8,31,39,8,31,39
02521200,ARLINGTON CAREER INSTITUTE              ,TX,75050-0000,Proprietary  ,15,89,104,15,89,104
02521800,SEGUIN BEAUTY SCHOOL                    ,TX,78155-0000,Proprietary  ,8,7,15,8,7,15
02521801,SEGUIN BEAUTY SCHOOL-NEW BRAUNFELS      ,TX,78130-7937,Proprietary  ,1,3,4,1,3,4
02527500,HOUSTON TRAINING SCHOOLS                ,TX,77020-0000,Proprietary  ,14,43,57,14,43,57
02530700,SEBRING CAREER SCHOOLS                  ,TX,77083-1510,Proprietary  ,1,6,7,1,6,7
02539600,ART INSTITUTE OF DALLAS                 ,TX,75231-5993,Proprietary  ,992,784,1776,992,784,1776
02548800,SOUTH TEXAS VO-TECH INSTITUTE           ,TX,78596-0000,Proprietary  ,58,176,234,58,176,234
02548802,SOUTH TEXAS VOCATIONAL TECHNICAL INSTITU,TX,78520-8710,Proprietary  ,32,29,61,32,29,61
02549400,SOUTH TEXAS VO-TECH INSTITUTE           ,TX,78501-0000,Proprietary  ,80,182,262,80,182,262
02549402,SOUTH TEXAS VOCATIONAL TECHNICAL INSTITU,TX,78416-1141,Proprietary  ,23,36,59,23,36,59
02555400,UNIV OF TX MD ANDERSON CANCER CTR       ,TX,77030-0000,Public       ,51,160,211,51,160,211
02568100,TEXAS BARBER COLLEGES & HAIRSTYLING     ,TX,75208-0000,Proprietary  ,49,242,291,49,242,291
02569300,TEXAS CULINARY ACADEMY                  ,TX,78758-3403,Proprietary  ,557,1654,2211,557,1654,2211
02572000,COMPUTER CAREER CENTER                  ,TX,79925-2021,Proprietary  ,44,158,202,44,158,202
02572004,COMPUTER CAREER CENTER - AMARILLO CAMPUS,TX,79101-2404,Proprietary  ,13,76,89,13,76,89
02572005,COMPUTER CAREER CENTER - LUBBOCK CAMPUS ,TX,79414-3517,Proprietary  ,8,23,31,8,23,31
02580100,IVERSON BUSINESS SCH & COURT REPORT     ,TX,76011-1344,Proprietary  ,14,81,95,14,81,95
02591100,CAREER POINT INSTITUTE                  ,TX,78201-2027,Proprietary  ,74,421,495,74,421,495
02591900,CAREER CENTERS OF TEXAS - EL PASO       ,TX,79907-1525,Proprietary  ,83,310,393,83,310,393
02591905,CAREER CENTERS OF TEXAS-BROWNSVILLE     ,TX,78521-9905,Proprietary  ,54,137,191,54,137,191
02596400,REDSTONE COLLEGE - LOS ANGELES          ,TX,77061-0000,Proprietary  ,45,83,128,45,83,128
02596500,ATI CAREER TRAINING CENTER              ,TX,76180-1599,Proprietary  ,75,465,540,75,465,540
02596503,ATI- CAREER TRAINING CENTER - HOUSTON (#,TX,77029-1978,Proprietary  ,16,36,52,16,36,52
02596600,ATI-CAREER TRAINING CENTER              ,TX,75220-4443,Proprietary  ,89,413,502,89,413,502
02596601,ATI CAREER TRAINING CENTER - RICHARDSON ,TX,75081-6745,Proprietary  ,15,37,52,15,37,52
02596602,ATI CAREER TRAINING CENTER - DALLAS (STE,TX,75247-6103,Proprietary  ,39,121,160,39,121,160
02600200,OCEAN CORPORATION (THE)                 ,TX,77099-3479,Proprietary  ,39,217,256,39,217,256
02604700,CENTER FOR ADVANCED LEGAL STUDIES       ,TX,77098-4151,Proprietary  ,6,97,103,6,97,103
02606202,EVEREST COLLEGE - EVEREST INSTITUTE - BI,TX,77036-8014,Proprietary  ,83,397,480,83,397,480
02615000,SANFORD-BROWN INSTITUTE                 ,TX,75247-6931,Proprietary  ,114,698,812,114,698,812
03009400,SW SCH BUS & TECH CAREERS               ,TX,78212-2840,Proprietary  ,9,11,20,9,11,20
03010604,VIRGINIA COLLEGE - VIRGINIA COLLEGE AT A,TX,78723-0000,Proprietary  ,46,243,289,46,243,289
03011800,UNIVERSITY OF COSMETOLOGY ARTS & SCIENCE,TX,78226-1160,Proprietary  ,18,32,50,18,32,50
03019800,PCI HEALTH TRAINING CENTER              ,TX,75247-4720,Proprietary  ,63,239,302,63,239,302
03021500,SW SCH BUS & TECH CAREERS               ,TX,78852-4859,Proprietary  ,40,20,60,40,20,60
03025000,TEXAS COLLEGE OF COSMETOLOGY            ,TX,79605-2001,Proprietary  ,8,33,41,8,33,41
03026500,REMINGTON COLLEGE - HOUSTON CAMPUS      ,TX,77082-1849,Proprietary  ,57,220,277,57,220,277
03026501,REMINGTON COLLEGE - NORTH HOUSTON CAMPUS,TX,77067-1849,Proprietary  ,47,96,143,47,96,143
03028800,CIRCLE J BEAUTY SCHOOL                  ,TX,77587-3714,Proprietary  ,1,8,9,1,8,9
03031408,INTERNATIONAL ACADEMY OF DESIGN AND TECH,TX,78229-2263,Proprietary  ,101,252,353,101,252,353
03032300,SCHOOL OF AUTOMOTIVE MACHINISTS         ,TX,77055-1803,Proprietary  ,50,55,105,50,55,105
03035200,TINT SCHOOL OF MAKEUP & COSMETOLOGY     ,TX,75229-3734,Proprietary  ,18,38,56,18,38,56
03035300,SOUTHERN CAREERS INSTITUTE              ,TX,78704-5252,Proprietary  ,44,229,273,44,229,273
03035301,SOUTHERN CAREERS INSTITUTE              ,TX,78577-0000,Proprietary  ,38,96,134,38,96,134
03035302,SOUTHERN CAREERS INSTITUTE - CORPUS CHRI,TX,78414-2904,Proprietary  ,21,104,125,21,104,125
03035303,SOUTHERN CAREERS INSTITUTE - #1         ,TX,78221-4351,Proprietary  ,13,55,68,13,55,68
03035305,SOUTHERN CAREERS INSTITUTE - BROWNSVILLE,TX,78520-8680,Proprietary  ,11,15,26,11,15,26
03035306,SOUTHERN CAREERS INSTITUTE - HARLINGEN  ,TX,78550-7911,Proprietary  ,13,20,33,13,20,33
03035307,SOUTHERN CAREERS INSTITUTE - CORPUS CHRI,TX,78410-1609,Proprietary  ,8,20,28,8,20,28
03061800,STAR COLLEGE OF COSMETOLOGY             ,TX,75702-8214,Proprietary  ,19,44,63,19,44,63
03064600,UNIVERSITY OF TEXAS AT BROWNSVILLE      ,TX,78520-4993,Public       ,4921,3552,8473,4921,3552,8473
03071400,ITT TECHNICAL INSTITUTE                 ,TX,78249-3303,Proprietary  ,94,124,218,94,124,218
03075400,ICC TECHNICAL INSTITUTE                 ,TX,77004-2930,Private      ,17,27,44,17,27,44
03076403,HIGH-TECH INSTITUTE - DALLAS            ,TX,75038-4201,Proprietary  ,19,53,72,19,53,72
03079201,WESTWOOD COLLEGE OF TECHNOLOGY          ,TX,76180-0000,Proprietary  ,64,252,316,64,252,316
03083701,GALEN HEALTH INSTITUTES - TEXAS CAMPUS  ,TX,78229-6041,Proprietary  ,48,188,236,48,188,236
03103400,SOUTH TEXAS COLLEGE                     ,TX,78501-6699,Public       ,5541,3912,9453,5541,3912,9453
03104700,TEXAS COLLEGE OF COSMETOLOGY            ,TX,76903-4708,Proprietary  ,6,27,33,6,27,33
03108700,ROYAL BEAUTY CAREERS                    ,TX,77069-4611,Proprietary  ,11,54,65,11,54,65
03111000,MID-CITIES BARBER COLLEGE               ,TX,75051-4810,Proprietary  ,6,14,20,6,14,20
03115800,TEXAS CAREERS                           ,TX,78238-4203,Proprietary  ,37,265,302,37,265,302
03115802,TEXAS CAREERS - LAREDO                  ,TX,78041-6181,Proprietary  ,53,119,172,53,119,172
03115803,TEXAS CAREERS - BEAUMONT                ,TX,77701-3706,Proprietary  ,48,187,235,48,187,235
03115804,TEXAS CAREERS - LUBBOCK                 ,TX,79401-2601,Proprietary  ,31,177,208,31,177,208
03128100,ACADEMY OF HEALTH CARE PROFESSIONS      ,TX,77092-8108,Proprietary  ,57,140,197,57,140,197
03144300,NATIONAL BEAUTY COLLEGE                 ,TX,75043-4046,Proprietary  ,2,6,8,2,6,8
03153300,AMER COLL OF ACUPUNCTURE & O.M.         ,TX,77063-4104,Proprietary  ,2,28,30,2,28,30
03156400,ACADEMY OF ORIENTAL MEDICINE AT AUSTIN  ,TX,78757-1132,Proprietary  ,15,69,84,15,69,84
03159300,ARLINGTON MEDICAL INSTITUTE             ,TX,76011-2645,Proprietary  ,61,126,187,61,126,187
03170300,TEXAS A&M UNIVERSITY-TEXARKANA          ,TX,75501-0000,Public       ,375,547,922,375,547,922
03179500,TEXAS COLG TRADITIONAL CHINESE MED      ,TX,78704-6748,Proprietary  ,2,32,34,2,32,34
03189400,COLLEGE OF SAINT THOMAS MORE            ,TX,76109-2323,Private      ,16,21,37,16,21,37
03237400,FARIS COMPUTER SCHOOL                   ,TX,77627-3829,Proprietary  ,0,1,1,0,1,1
03272300,KAPLAN COLLEGE                          ,TX,75234-7288,Proprietary  ,64,407,471,64,407,471
03272301,KAPLAN COLLEGE - MIDLAND                ,TX,79703-5531,Proprietary  ,31,153,184,31,153,184
03272303,KAPLAN COLLEGE - ARLINGTON              ,TX,76010-8121,Proprietary  ,15,67,82,15,67,82
03275300,TOUCH OF CLASS SCHOOL OF COSM           ,TX,75402-6314,Proprietary  ,6,10,16,6,10,16
03276300,ACADEMY OF HAIR DESIGN                  ,TX,75901-4900,Proprietary  ,12,19,31,12,19,31
03277300,ACADEMY OF HAIR DESIGN                  ,TX,77701-4650,Proprietary  ,11,25,36,11,25,36
03303300,NORTHWEST EDUCATIONAL CENTER            ,TX,77092-7055,Proprietary  ,3,60,63,3,60,63
03371300,TONI&GUY HAIRDRESSING ACADEMY           ,TX,75006-2351,Proprietary  ,16,35,51,16,35,51
03372300,NORTHWEST VISTA COLLEGE                 ,TX,78251-4217,Public       ,2598,2593,5191,2598,2593,5191
03396500,TEXAS STATE TECHNICAL COLG/MARSHALL     ,TX,75672-7402,Public       ,136,131,267,136,131,267
03400300,CAREER QUEST                            ,TX,78229-3539,Proprietary  ,14,118,132,14,118,132
03412300,ADVANCED BARBER COLLEGE & HAIR DESI     ,TX,78596-0000,Proprietary  ,4,1,5,4,1,5
03416500,DALLAS NURSING INSTITUTE                ,TX,75243-5502,Proprietary  ,114,595,709,114,595,709
03422300,MILAN INSTITUTE                         ,TX,78238-3327,Proprietary  ,147,303,450,147,303,450
03422400,COLLEGE OF BIBLICAL STUDIES-HOUSTON     ,TX,77036-3211,Private      ,27,171,198,27,171,198
03424400,MEDVANCE INSTITUTE                      ,TX,77057-7386,Proprietary  ,30,166,196,30,166,196
03424401,MEDVANCE INSTITUTE -                    ,TX,77060-3551,Proprietary  ,20,78,98,20,78,98
03426300,CAREER ADVANCEMENT CENTER               ,TX,78752-1470,Proprietary  ,11,64,75,11,64,75
03480304,MEDVANCE INSTITUTE OF BATON ROUGE - GRAN,TX,75050-2342,Proprietary  ,12,114,126,12,114,126
03509400,CORYELL COSMETOLOGY COLLEGE             ,TX,76528-2036,Proprietary  ,1,0,1,1,0,1
03520300,LUBBOCK HAIR ACADEMY                    ,TX,79410-3524,Proprietary  ,6,20,26,6,20,26
03542300,CONCORDE CAREER INSTITUTE               ,TX,76011-4016,Proprietary  ,55,398,453,55,398,453
03551400,STATE BEAUTY ACADEMY                    ,TX,75116-3501,Proprietary  ,0,6,6,0,6,6
03556400,KUSSAD INSTITUTE OF COURT REPORTING     ,TX,78704-5712,Proprietary  ,3,12,15,3,12,15
03573300,AVIATION INSTITUTE OF MAINTENANCE       ,TX,75209-3017,Proprietary  ,39,219,258,39,219,258
03610300,MJ'S BEAUTY ACADEMY INC                 ,TX,75224-4409,Proprietary  ,7,16,23,7,16,23
03612400,VALLEY GRANDE INSTITUTE FOR ACADEMI     ,TX,78596-0000,Private      ,29,61,90,29,61,90
03627300,LAMAR INSTITUTE OF TECHNOLOGY           ,TX,77705-4142,Public       ,596,779,1375,596,779,1375
03676400,HEALTHY HAIR ACADEMY                    ,TX,75227-0000,Proprietary  ,4,12,16,4,12,16
03680300,JAY'S TECHNICAL INSTITUTE               ,TX,77031-3509,Proprietary  ,7,37,44,7,37,44
03682400,DALLAS BARBER & STYLIST COLLEGE         ,TX,75231-0000,Proprietary  ,27,60,87,27,60,87
03714300,TREND BARBER COLLEGE                    ,TX,77071-2104,Proprietary  ,18,96,114,18,96,114
03723300,CULINARY INST ALAIN & MARIE LENOTRE     ,TX,77022-4322,Proprietary  ,34,83,117,34,83,117
03727600,CULINARY ACADEMY OF AUSTIN              ,TX,78752-0000,Proprietary  ,85,84,169,85,84,169
03733300,BAPTIST UNIVERSITY OF THE AMERICAS      ,TX,78224-1336,Private      ,24,48,72,24,48,72
03756300,ANAMARC EDUCATIONAL INSTITUTE           ,TX,79930-6230,Proprietary  ,39,154,193,39,154,193
03885700,HOUSTON'S TRAINING AND EDUCATION CENTER ,TX,77036-2021,Proprietary  ,9,28,37,9,28,37
03922300,SOUTH TEXAS BARBER COLLEGE              ,TX,78415-3463,Proprietary  ,8,9,17,8,9,17
03944400,PROFESSIONAL CAREERS INSTITUTE          ,TX,77036-2252,Proprietary  ,5,23,28,5,23,28
03970300,HANDS ON THERAPY                        ,TX,75149-2294,Proprietary  ,5,28,33,5,28,33
03987300,TEXAS HEALTH SCHOOL                     ,TX,77079-2106,Proprietary  ,42,66,108,42,66,108
04036300,SOUTHEAST TEXAS CAREER INSTITUTE        ,TX,77656-8601,Proprietary  ,1,22,23,1,22,23
04045300,NORTHWEST BEAUTY SCHOOL                 ,TX,77091-1208,Proprietary  ,4,30,34,4,30,34
04045400,MAI-TRIX BEAUTY COLLEGE                 ,TX,77040-0000,Proprietary  ,4,21,25,4,21,25
04082300,PROFESSIONAL CAREER TRAINING INSTITUTE  ,TX,77090-0000,Proprietary  ,2,30,32,2,30,32
04089400,CCI TRAINING CENTER                     ,TX,76011-4857,Proprietary  ,17,54,71,17,54,71
04117900,CHAMPION BEAUTY COLLEGE                 ,TX,77069-4611,Proprietary  ,8,45,53,8,45,53
04125400,ACADEMY AT AUSTIN (THE)                 ,TX,78660-3287,Proprietary  ,28,53,81,28,53,81
04125500,MANUEL AND THERESA'S SCHOOL OF HAIR DESI,TX,77803-3236,Proprietary  ,1,4,5,1,4,5
04129800,MEDIATECH INSTITUTE DALLAS              ,TX,75039-3105,Proprietary  ,55,87,142,55,87,142
04129801,MEDIATECH INSTITUTE AUSTIN              ,TX,78704-8933,Proprietary  ,35,39,74,35,39,74
04129802,MEDIATECH INSTITUTE HOUSTON             ,TX,77042-4712,Proprietary  ,32,63,95,32,63,95
04131700,SOUTHWEST CAREER COLLEGE                ,TX,79925-6230,Proprietary  ,29,68,97,29,68,97
04135600,CANNON INSTITUTE OF HIGHER LEARNING     ,TX,75247-9998,Proprietary  ,1,8,9,1,8,9
04136500,PCCENTER                                ,TX,75115-4214,Proprietary  ,2,13,15,2,13,15
04138500,CARDIOTECH ULTRASOUND SCHOOL            ,TX,77099-1440,Proprietary  ,12,41,53,12,41,53
04142300,AVEDA INSTITUTE SAN ANTONIO             ,TX,78215-1260,Proprietary  ,45,77,122,45,77,122
04146600,360 DEGREES BEAUTY ACADEMY              ,TX,77084-2714,Proprietary  ,5,28,33,5,28,33
04146800,SOUTH TEXAS TRAINING CENTER             ,TX,78586-7721,Proprietary  ,5,5,10,5,5,10
04152700,ASTRODOME CAREER CENTERS                ,TX,77054-2678,Proprietary  ,4,22,26,4,22,26
04154800,DUVALL'S SCHOOL OF COSMETOLOGY          ,TX,76021-4159,Proprietary  ,5,10,15,5,10,15
04155800,ADVANCED BEAUTY COLLEGE                 ,TX,75061-1918,Proprietary  ,1,17,18,1,17,18
04158500,TEXAS BEAUTY COLLEGE                    ,TX,76117-3201,Proprietary  ,3,5,8,3,5,8
04160700,AVENUE FIVE INSTITUTE                   ,TX,78757-7000,Proprietary  ,21,67,88,21,67,88
04161100,CORPUS CHRISTI BEAUTY ACADEMY           ,TX,78412-3900,Proprietary  ,12,11,23,12,11,23
04165800,SALON PROFESSIONAL ACADEMY (THE)        ,TX,75067-5390,Proprietary  ,13,39,52,13,39,52
00367000,BRIGHAM YOUNG UNIVERSITY                ,UT,84602-8406,Private      ,5795,3994,9789,5795,3994,9789
00367100,DIXIE STATE COLLEGE OF UTAH             ,UT,84770-3876,Public       ,1286,1305,2591,1286,1305,2591
00367200,LDS BUSINESS COLLEGE                    ,UT,84101-3500,Private      ,283,195,478,283,195,478
00367400,STEVENS HENAGER COLLEGE                 ,UT,84401-1420,Proprietary  ,173,2110,2283,173,2110,2283
00367500,UNIVERSITY OF UTAH                      ,UT,84112-9055,Public       ,6017,7323,13340,6017,7323,13340
00367600,COLLEGE OF EASTERN UTAH                 ,UT,84501-2699,Public       ,299,212,511,299,212,511
00367700,UTAH STATE UNIVERSITY                   ,UT,84322-1400,Public       ,4117,3728,7845,4117,3728,7845
00367800,SOUTHERN UTAH UNIVERSITY                ,UT,84720-2470,Public       ,2229,1055,3284,2229,1055,3284
00367900,SNOW COLLEGE                            ,UT,84627-1299,Public       ,944,251,1195,944,251,1195
00368000,WEBER STATE UNIVERSITY                  ,UT,84408-1136,Public       ,2747,4410,7157,2747,4410,7157
00368100,WESTMINSTER COLLEGE                     ,UT,84105-3697,Private      ,1362,648,2010,1362,648,2010
00402700,UTAH VALLEY UNIVERSITY                  ,UT,84058-5999,Public       ,2732,4486,7218,2732,4486,7218
00522000,SALT LAKE COMMUNITY COLLEGE             ,UT,84123-0000,Public       ,2122,4334,6456,2122,4334,6456
00943300,SHERMAN KENDALL'S ACADEMY OF BEAUTY     ,UT,84106-1836,Proprietary  ,2,29,31,2,29,31
01009800,NEUMONT UNIVERSITY                      ,UT,84095-0000,Proprietary  ,325,45,370,325,45,370
01116500,UINTAH BASIN APPLIED TECHNOLOGY CLG     ,UT,84066-0000,Public       ,8,34,42,8,34,42
01116600,UTAH CAREER COLLEGE                     ,UT,84088-4021,Proprietary  ,62,348,410,62,348,410
02078800,SHERMAN KENDALL'S ACADEMY OF BEAUTY     ,UT,84047-0000,Proprietary  ,5,17,22,5,17,22
02115400,BRIDGERLAND APPLIED TECHNOLOGY COLLEGE  ,UT,84321-0000,Public       ,78,237,315,78,237,315
02156600,DAVIS APPLIED TECHNOLOGY COLLEGE        ,UT,84037-0000,Public       ,104,459,563,104,459,563
02178500,EAGLE GATE COLLEGE                      ,UT,84123-0000,Proprietary  ,31,267,298,31,267,298
02178501,EAGLE GATE COLLEGE - LAYTON CAMPUS      ,UT,84041-2383,Proprietary  ,2,22,24,2,22,24
02178502,EAGLE GATE COLLEGE - SLC DOWNTOWN LEARNI,UT,84111-3407,Proprietary  ,4,19,23,4,19,23
02270800,AMERITECH COLLEGE                       ,UT,84604-6927,Proprietary  ,14,110,124,14,110,124
02270802,AMERITECH COLLEGE - DRAPER              ,UT,84020-6545,Proprietary  ,10,66,76,10,66,76
02298500,EVEREST COLLEGE                         ,UT,84119-2668,Proprietary  ,27,170,197,27,170,197
02346500,OGDEN-WEBER APPLIED TECHNOLOGY COLG     ,UT,84404-0000,Public       ,93,404,497,93,404,497
02360800,PROVO COLLEGE                           ,UT,84601-0000,Proprietary  ,70,191,261,70,191,261
02360802,PROVO COLLEGE - AMERICAN FORK CAMPUS    ,UT,84003-3395,Proprietary  ,2,6,8,2,6,8
02361000,ITT TECHNICAL INSTITUTE                 ,UT,84123-0000,Proprietary  ,25,99,124,25,99,124
02504000,MARINELLO SCHOOL OF BEAUTY              ,UT,84041-0000,Proprietary  ,5,25,30,5,25,30
02516100,MARINELLO SCHOOL OF BEAUTY              ,UT,84405-1501,Proprietary  ,8,17,25,8,17,25
02531800,VON CURTIS ACADEMY OF HAIR DESIGN       ,UT,84606-0000,Proprietary  ,132,129,261,132,129,261
02556800,HAIRITAGE COLLEGE OF BEAUTY             ,UT,84117-7204,Proprietary  ,18,23,41,18,23,41
02557700,PREMIER HAIR ACADEMY                    ,UT,84120-3603,Proprietary  ,3,10,13,3,10,13
02572700,EVANS HAIRSTYLING COLLEGE               ,UT,84770-0000,Proprietary  ,10,15,25,10,15,25
02572800,VISTA COLLEGE                           ,UT,84015-0000,Proprietary  ,6,34,40,6,34,40
02572802,VISTA COLLEGE - SALT LAKE CITY          ,UT,84119-1458,Proprietary  ,7,22,29,7,22,29
02573100,EVANS HAIRSTYLING COLLEGE               ,UT,84720-0000,Proprietary  ,13,14,27,13,14,27
02612200,MARINELLO SCHOOL OF BEAUTY              ,UT,84604-1585,Proprietary  ,19,37,56,19,37,56
03030600,UTAH COLLEGE OF MASSAGE THERAPY         ,UT,84111-1606,Proprietary  ,43,105,148,43,105,148
03030601,UTAH CLG OF MASSAGE THER-PROVO CMPS     ,UT,84042-0000,Proprietary  ,15,13,28,15,13,28
03082100,MYOTHERAPY COLLEGE OF UTAH              ,UT,84115-2522,Proprietary  ,3,28,31,3,28,31
03108200,ECHELON EDGE ACADEMY OF HAIR SKIN & NAIL,UT,84070-2004,Proprietary  ,3,15,18,3,15,18
03110400,HAIRITAGE HAIR ACADEMY                  ,UT,84770-5233,Proprietary  ,3,13,16,3,13,16
03339400,WESTERN GOVERNORS UNIVERSITY            ,UT,84107-2533,Private      ,159,5232,5391,159,5232,5391
03413300,MOUNTAINLAND APPLIED TECHNOLOGY COLLEGE ,UT,84058-5857,Public       ,46,145,191,46,145,191
03463300,CAREERS UNLIMITED                       ,UT,84058-0000,Proprietary  ,13,65,78,13,65,78
03617300,HEALING MOUNTAIN MASSAGE SCHOOL         ,UT,84111-3232,Proprietary  ,9,27,36,9,27,36
03829500,SKINWORKS SCHOOL OF ADVANCED SKINCARE   ,UT,84115-0000,Proprietary  ,3,17,20,3,17,20
03838300,OGDEN INSTITUTE OF MASSAGE THERAPY      ,UT,84403-0000,Proprietary  ,2,13,15,2,13,15
03902300,RENAISSANCE SCHOOL OF THERAPEUTIC MASSAG,UT,84010-2835,Proprietary  ,2,6,8,2,6,8
03909300,MAXIMUM STYLE TEC SCHOOL OF COSMETOLOGY ,UT,84323-4679,Proprietary  ,14,19,33,14,19,33
03921300,CAMEO COLLEGE OF ESSENTIAL BEAUTY       ,UT,84115-0000,Proprietary  ,27,75,102,27,75,102
04054300,SOUTHWEST APPLIED TECHNOLOGY COLLEGE    ,UT,84720-6608,Public       ,27,65,92,27,65,92
04072300,DALLAS ROBERTS ACADEMY OF HAIR DESIGN & ,UT,84604-1008,Proprietary  ,5,15,20,5,15,20
04118100,IMAGEWORKS ACADEMY OF HAIR DESIGN       ,UT,84660-1210,Proprietary  ,7,11,18,7,11,18
04121700,DIXIE APPLIED TECHNOLOGY COLLEGE        ,UT,84770-3025,Public       ,98,109,207,98,109,207
04142100,SKIN INSTITUTE (THE)                    ,UT,84770-6452,Proprietary  ,2,11,13,2,11,13
04145500,SKIN SCIENCE INSTITUTE (THE)            ,UT,84115-0000,Proprietary  ,9,24,33,9,24,33
04153000,RENAISSANCE ACADEMIE                    ,UT,84604-0000,Proprietary  ,6,5,11,6,5,11
00368200,BENNINGTON COLLEGE                      ,VT,05201-6001,Private      ,983,205,1188,983,205,1188
00368300,CASTLETON STATE COLLEGE                 ,VT,05735-0000,Public       ,2378,246,2624,2378,246,2624
00368400,CHAMPLAIN COLLEGE                       ,VT,05401-3950,Private      ,2906,430,3336,2906,430,3336
00368402,WOODBURY COLLEGE                        ,VT,05602-0000,Private      ,1,13,14,1,13,14
00368500,COLLEGE OF ST JOSEPH                    ,VT,05701-3899,Private      ,117,113,230,117,113,230
00368600,GODDARD COLLEGE                         ,VT,05667-0000,Private      ,36,365,401,36,365,401
00368700,GREEN MOUNTAIN COLLEGE                  ,VT,05764-1199,Private      ,836,80,916,836,80,916
00368800,JOHNSON STATE COLLEGE                   ,VT,05656-9898,Public       ,1079,416,1495,1079,416,1495
00368900,LYNDON STATE COLLEGE                    ,VT,05851-0919,Public       ,1387,198,1585,1387,198,1585
00369000,MARLBORO COLLEGE                        ,VT,05344-0300,Private      ,363,30,393,363,30,393
00369100,MIDDLEBURY COLLEGE                      ,VT,05753-0000,Private      ,3405,337,3742,3405,337,3742
00369200,NORWICH UNIVERSITY                      ,VT,05663-1035,Private      ,2456,566,3022,2456,566,3022
00369300,SOUTHERN VERMONT COLLEGE                ,VT,05201-6002,Private      ,477,119,596,477,119,596
00369400,ST MICHAELS COLLEGE                     ,VT,05439-0001,Private      ,2751,106,2857,2751,106,2857
00369600,UNIVERSITY OF VERMONT                   ,VT,05405-0160,Public       ,17298,2483,19781,17298,2483,19781
00369700,VERMONT COLLEGE OF FINE ARTS            ,VT,05602-3128,Private      ,7,183,190,7,183,190
00369800,VERMONT TECHNICAL COLLEGE               ,VT,05061-0000,Public       ,957,528,1485,957,528,1485
00857500,SALON PROFESSIONAL ACADEMY (THE)        ,VT,05495-4001,Proprietary  ,27,24,51,27,24,51
00865800,O'BRIENS AVEDA INSTITUTE                ,VT,05403-7747,Proprietary  ,20,13,33,20,13,33
00886000,SIT                                     ,VT,05301-4801,Private      ,3,290,293,3,290,293
01116700,COMMUNITY COLLEGE OF VERMONT            ,VT,05676-1552,Public       ,586,1132,1718,586,1132,1718
01193400,VERMONT LAW SCHOOL                      ,VT,05068-0000,Private      ,3,952,955,3,952,955
01218300,BURLINGTON COLLEGE                      ,VT,05401-8477,Private      ,123,58,181,123,58,181
02143500,STERLING COLLEGE                        ,VT,05827-0000,Private      ,106,21,127,106,21,127
02254000,NEW ENGLAND CULINARY INSTITUTE          ,VT,05602-0000,Proprietary  ,257,165,422,257,165,422
02532600,LANDMARK COLLEGE                        ,VT,05346-0000,Private      ,239,26,265,239,26,265
03708300,BURLINGTON TECHNICAL CENTER             ,VT,05401-2721,Public       ,2,9,11,2,9,11
04146900,ADVANCED WELDING INSTITUTE              ,VT,05403-0000,Proprietary  ,7,7,14,7,7,14
00392800,CASPER COLLEGE                          ,WY,82601-4612,Public       ,573,544,1117,573,544,1117
00392900,EASTERN WYOMING COLLEGE                 ,WY,82240-1603,Public       ,224,127,351,224,127,351
00393000,SHERIDAN COLLEGE                        ,WY,82801-9133,Public       ,450,351,801,450,351,801
00393100,NORTHWEST COLLEGE                       ,WY,82435-1895,Public       ,496,231,727,496,231,727
00393200,UNIVERSITY OF WYOMING                   ,WY,82071-3663,Public       ,4084,2269,6353,4084,2269,6353
00393300,WESTERN WYOMING COMMUNITY COLLEGE       ,WY,82902-0000,Public       ,371,403,774,371,403,774
00728900,CENTRAL WYOMING COLLEGE                 ,WY,82501-0000,Public       ,245,281,526,245,281,526
00915700,WYOMING TECHNICAL INSTITUTE             ,WY,82072-9519,Proprietary  ,826,302,1128,826,302,1128
00925900,LARAMIE COUNTY COMMUNITY CLG            ,WY,82007-3299,Public       ,649,785,1434,649,785,1434
02211900,CHEEKS INTERNATIONAL ACDMY              ,WY,82001-0000,Proprietary  ,15,27,42,15,27,42
00393500,UNIV OF GUAM                            ,GU,96923-0000,Public       ,531,400,931,531,400,931
01536100,GUAM COMMUNITY COLLEGE                  ,GU,96921-0000,Public       ,178,296,474,178,296,474
03438300,PACIFIC ISLANDS BIBLE COLLEGE           ,GU,96913-2619,Private      ,19,15,34,19,15,34
00393600,PONTIFICAL CATHOLIC UNIV OF PR          ,PR,00717-0777,Private      ,1690,968,2658,1690,968,2658
00393700,UNIVERSITY OF THE SACRED HEART          ,PR,00914-0383,Private      ,562,284,846,562,284,846
00393800,INTER-AMER UNIV PR-CNTRL ADMN           ,PR,00936-0000,Private      ,190,481,671,190,481,671
00393801,INTER-AMER UNIV PR SCHL LAW             ,PR,00936-8351,Private      ,3,88,91,3,88,91
00393802,INTER AMERICAN UNIVERSITY OF PUERTO RICO,PR,00926-0000,Private      ,233,223,456,233,223,456
00393803,INTER AMERICAN UNIVERSITY OF PR         ,PR,00683-0000,Private      ,401,225,626,401,225,626
00393804,INTER-AMER UNIV PR-RECINTO AGUADILA     ,PR,00605-2000,Private      ,146,180,326,146,180,326
00393805,INTER-AMER UNIV PR-ARECIBO CAMPUS       ,PR,00614-4050,Private      ,291,286,577,291,286,577
00393806,INTER-AMER UNIV PR-BARRANQUITAS REG     ,PR,00794-0517,Private      ,240,124,364,240,124,364
00393807,INTER-AMER UNIV PR-FAJARDO REGIONAL     ,PR,00738-0000,Private      ,95,76,171,95,76,171
00393808,INTER-AMER UNIV PR - GUAYAMA CAMPUS     ,PR,00785-4004,Private      ,93,133,226,93,133,226
00393809,INTER-AMER UNIV PR-PONCE REGIONAL       ,PR,00715-0000,Private      ,288,407,695,288,407,695
00393811,INTER-AMER UNIV PR-BAYAMON REG CLG      ,PR,00959-0000,Private      ,349,160,509,349,160,509
00394100,COLEGIO UNIVERSITARIO DEL ESTE          ,PR,00983-0000,Private      ,370,521,891,370,521,891
00394200,UNIVERSITY OF PR-CENTRAL ADMINISTRATION ,PR,00936-4984,Public       ,52,30,82,52,30,82
00394201,UNIVERSITY OF PR-RIO PIEDRAS CAMPUS     ,PR,00931-3300,Public       ,1513,611,2124,1513,611,2124
00394202,UNIV OF PUERTO RICO-MAYAGUEZ CAMPUS     ,PR,00681-5000,Public       ,2058,655,2713,2058,655,2713
00394203,"UNIVERSITY OF PR, MED. SCIENCES CAMPUS  ",PR,00936-5067,Public       ,108,142,250,108,142,250
00394204,"UNIVERSITY OF PUERTO RICO, CAYEY CAMPUS ",PR,00736-0000,Public       ,1020,272,1292,1020,272,1292
00394205,"UNIVERSITY OF PR, HUMACAO CAMPUS        ",PR,00791-4057,Public       ,501,95,596,501,95,596
00394206,UNIVERSITY OF PR-AGUADILLA CAMPUS       ,PR,00604-6150,Public       ,282,105,387,282,105,387
00394207,UNIVERSITY OF PUERTO RICO-ARECIBO CAMPUS,PR,00614-0000,Public       ,1272,253,1525,1272,253,1525
00394208,UNIVERSITY OF PUERTO RICO-BAYAMON CAMPUS,PR,00959-0000,Public       ,808,148,956,808,148,956
00394209,UNIVERSITY OF PUERTO RICO-CAROLINA      ,PR,00984-4800,Public       ,629,143,772,629,143,772
00394210,UNIVERSITY OF PUERTO RICO-PONCE         ,PR,00732-0000,Public       ,951,154,1105,951,154,1105
00394211,"UNIVERSITY OF PR, UTUADO CAMPUS         ",PR,00641-0000,Public       ,235,78,313,235,78,313
00501900,UNIV ADVENTISTA DE LAS ANTILLAS         ,PR,00681-0118,Private      ,83,52,135,83,52,135
00502200,BAYAMON CENTRAL UNIVERSITY              ,PR,00960-0000,Private      ,129,117,246,129,117,246
00890200,COLUMBIA CENTRO UNIVERSITARIO           ,PR,00726-0000,Proprietary  ,40,61,101,40,61,101
01056700,COLEGIO TECNOLOGICO DE SAN JUAN         ,PR,00918-2973,Public       ,46,78,124,46,78,124
01072400,CARLOS ALBIZU UNIVERSITY                ,PR,00902-3711,Private      ,23,164,187,23,164,187
01081900,CONSERVATORIO DE MUSICA DE PUERTO RICO  ,PR,00907-3373,Public       ,29,14,43,29,14,43
01120300,RYDER MEMORIAL HOSP SCH OF NURSING      ,PR,00792-0000,Private      ,2,2,4,2,2,4
01171900,UNIVERSIDAD DEL TURABO                  ,PR,00778-0000,Private      ,928,1308,2236,928,1308,2236
01194000,ICPR JUNIOR COLLEGE                     ,PR,00919-0000,Proprietary  ,63,122,185,63,122,185
01194100,AMERICAN UNIVERSITY OF PUERTO RICO      ,PR,00960-2037,Private      ,45,41,86,45,41,86
01194101,AMERICAN UNIVERSITY OF PUERTO RICO      ,PR,00674-0000,Private      ,74,78,152,74,78,152
01252500,CARIBBEAN UNIVERSITY                    ,PR,00960-0493,Private      ,166,249,415,166,249,415
01314800,RAMIREZ COLLEGE OF BUS & TECH           ,PR,00918-0000,Proprietary  ,0,3,3,0,3,3
02063100,MBTI BUSINESS TRNG INSTITUTE            ,PR,00907-3917,Proprietary  ,7,22,29,7,22,29
02100000,POLYTECHNIC UNIVERSITY OF PR            ,PR,00917-0000,Private      ,380,279,659,380,279,659
02163300,UNIVERSIDAD CENTRAL DEL CARIBE          ,PR,00960-0000,Private      ,33,68,101,33,68,101
02165100,EDP COLLEGE OF PUERTO RICO              ,PR,00919-0000,Private      ,32,124,156,32,124,156
02166400,INSTITUTO DE BANCA Y COMERCIO           ,PR,00925-0000,Proprietary  ,247,522,769,247,522,769
02170300,INST EDUC TECNIA OCUP LA REINA          ,PR,00674-0000,Proprietary  ,4,0,4,4,0,4
02170301,INST EDUC TECNICA OCUPLA LA REINA       ,PR,00603-0000,Proprietary  ,0,1,1,0,1,1
02189100,CENTRO DE ESTUDIOS MULTIDISCIPLIN       ,PR,00926-0000,Private      ,32,37,69,32,37,69
02189300,EMMA'S BEAUTY ACADEMY                   ,PR,00680-0000,Proprietary  ,3,2,5,3,2,5
02195400,MODERN HAIRSTYLING INSTITUTE            ,PR,00960-0000,Proprietary  ,3,3,6,3,3,6
02195500,MODERN HAIRSTYLING INSTITUTE            ,PR,00612-0000,Proprietary  ,2,3,5,2,3,5
02195800,LICEO E ARTE Y TECNOLGIA                ,PR,00919-0000,Private      ,108,106,214,108,106,214
02195900,MODERN HAIRSTYLING INSTITUTE            ,PR,00980-0000,Proprietary  ,3,2,5,3,2,5
02234900,ANTILLES SCHOOL OF TECH CAREERS         ,PR,00909-0000,Proprietary  ,4,0,4,4,0,4
02241901,COMMONWEALTH OF PR DEPT OF EDUC - CARLOS,PR,00986-0000,Public       ,2,2,4,2,2,4
02241902,COMMONWEALTH OF PR DEPT OF EDUC - TOMAS ,PR,00613-0000,Public       ,0,1,1,0,1,1
02241904,COMMONWEALTH OF PR DEPT OF EDUC - ITPR R,PR,00655-0000,Public       ,12,9,21,12,9,21
02241905,COMMONWEALTH OF PR DEPT OF EDUC - JOSE A,PR,00674-0000,Public       ,17,0,17,17,0,17
02241907,COMMONWEALTH OF PR DEPT OF EDUC - ITPR R,PR,00928-0000,Public       ,10,11,21,10,11,21
02241908,COMMONWEALTH OF PR DEPT OF EDUC - ITPR R,PR,00732-0000,Public       ,46,23,69,46,23,69
02241909,COMMONWEALTH OF PR DEPT OF EDUC - TROQUE,PR,00959-0000,Public       ,1,0,1,1,0,1
02241910,COMMONWEALTH OF PR DEPT OF EDUC - ITPR R,PR,00701-1091,Public       ,71,28,99,71,28,99
02260600,NATIONAL COLLEGE OF BUSINESS & TECH     ,PR,00960-2036,Proprietary  ,621,1099,1720,621,1099,1720
02260601,NATIONAL COLLEGE OF BUSINESS & TECHNOLOG,PR,00612-0000,Proprietary  ,12,12,24,12,12,24
02260602,NATIONAL COLLEGE OF BUSINESS & TECHNOLOG,PR,00745-9903,Proprietary  ,10,14,24,10,14,24
02260800,HUERTAS JUNIOR COLLEGE                  ,PR,00726-0000,Proprietary  ,34,54,88,34,54,88
02297700,AUTOMECA TECHNICAL COLLEGE              ,PR,00957-0000,Proprietary  ,36,34,70,36,34,70
02303800,AMERICAN EDUCATIONAL COLLEGE            ,PR,00961-0000,Proprietary  ,1,5,6,1,5,6
02335500,COLEGIO BIBLICO PENTECOSTAL DE PR       ,PR,00978-0000,Private      ,2,12,14,2,12,14
02340600,HUMACAO COMMUNITY COLLEGE               ,PR,00792-0000,Private      ,7,4,11,7,4,11
02343600,INSTITUTE OF BEAUTY CAREERS             ,PR,00613-0000,Proprietary  ,3,10,13,3,10,13
02482400,PONCE SCHOOL OF MEDICINE                ,PR,00716-2347,Private      ,22,130,152,22,130,152
02502400,SERBIA'S SCHOOL OF BEAUTY CULTURE       ,PR,00785-0000,Proprietary  ,16,40,56,16,40,56
02504500,INSTITUCION CHAVIANO DE MAYAGUEZ        ,PR,00708-0000,Proprietary  ,1,0,1,1,0,1
02505400,ATLANTIC COLLEGE                        ,PR,00970-0000,Private      ,38,16,54,38,16,54
02534900,PONCE PARAMEDICAL COLLEGE (POPAC)       ,PR,00731-0000,Proprietary  ,76,66,142,76,66,142
02552300,COLEGIO MAYOR DE TECHNOLOGIA            ,PR,00714-0000,Proprietary  ,34,67,101,34,67,101
02562500,INTERNATIONAL TECHNICAL COLLEGE         ,PR,00918-0000,Proprietary  ,0,4,4,0,4,4
02563500,ROGIES SCHOOL OF BEAUTY CULTURE         ,PR,00910-0000,Proprietary  ,9,18,27,9,18,27
02569400,ESCUELA DE ARTES PLASTICAS              ,PR,00902-1112,Public       ,98,48,146,98,48,146
02570400,EDUCATIONAL TECHNICAL COLLEGE           ,PR,00925-3404,Proprietary  ,34,115,149,34,115,149
02576100,ESCUELA TECNICA DE ELECTRICIDAD         ,PR,00731-0000,Proprietary  ,19,23,42,19,23,42
02587500,UNIVERSIDAD METROPOLITANA               ,PR,00928-0000,Private      ,467,583,1050,467,583,1050
02588600,SEMINARIO EVANGELICO DE PUERTO RICO     ,PR,00925-0000,Private      ,0,7,7,0,7,7
02593700,HISPANIC AMERICAN COLLEGE               ,PR,00725-0000,Proprietary  ,1,4,5,1,4,5
03021900,EDIC COLLEGE                            ,PR,00726-0000,Proprietary  ,17,19,36,17,19,36
03025500,MECH TECH COLLEGE                       ,PR,00725-6118,Proprietary  ,334,250,584,334,250,584
03025900,"LICEO DE ARTE, DISENOS Y COMERCIO       ",PR,00726-0000,Proprietary  ,7,6,13,7,6,13
03029700,"UNIVERSAL TECHNOLOGY CLG OF PR, INC     ",PR,00605-1955,Private      ,5,2,7,5,2,7
03061900,COLEGIO TECHNOLOGICO Y COMERCIAL        ,PR,00602-0000,Proprietary  ,0,1,1,0,1,1
03070500,D'MART INSTITUTE                        ,PR,00794-3517,Proprietary  ,104,211,315,104,211,315
03075600,EMMA'S BEAUTY ACADEMY                   ,PR,00795-0000,Proprietary  ,6,4,10,6,4,10
03085700,PROFESSIONAL TECHNICAL INSTITUTION      ,PR,00960-7061,Proprietary  ,1,2,3,1,2,3
03106900,ESCUELA DE PERITOS ELECTRICITAS         ,PR,00662-0457,Proprietary  ,9,10,19,9,10,19
03112100,JOHN DEWEY COLLEGE                      ,PR,00915-9538,Private      ,16,45,61,16,45,61
03112101,JOHN DEWEY COLLEGE                      ,PR,00986-0000,Private      ,9,2,11,9,2,11
03112102,JOHN DEWEY COLLEGE-BAYAMON CAMPUS       ,PR,00959-0000,Private      ,5,5,10,5,5,10
03112104,JOHN DEWEY COLLEGE - YABUCOA LRNING SITE,PR,00767-0767,Private      ,3,16,19,3,16,19
03112105,JOHN DEWEY COLLEGE - FAJARDO BRANCH     ,PR,00738-0738,Private      ,8,21,29,8,21,29
03112106,JOHN DEWEY COLLEGE - ARROYO BRANCH      ,PR,00714-0714,Private      ,2,7,9,2,7,9
03112107,JOHN DEWEY COLLEGE - JUANA DIAZ BRANCH  ,PR,00795-0000,Private      ,3,0,3,3,0,3
03112108,JOHN DEWEY COLLEGE - HATILLO CAMPUS     ,PR,00659-0000,Private      ,3,2,5,3,2,5
03112109,JOHN DEWEY COLLEGE - MANATI             ,PR,00674-0000,Private      ,0,2,2,0,2,2
03115900,TRINITY COLLEGE OF PUERTO RICO          ,PR,00734-0000,Private      ,4,1,5,4,1,5
03122500,ACADEMIA SERRANT INC.                   ,PR,00717-1568,Proprietary  ,8,9,17,8,9,17
03123100,GLOBELLE TECHNICAL INSTITUTE            ,PR,00693-4218,Proprietary  ,2,1,3,2,1,3
03124200,NOVA COLLEGE DE PUERTO RICO             ,PR,00960-4016,Proprietary  ,2,5,7,2,5,7
03157600,"COLEGIO DE CINEMATOGRAFIA, ARTES Y TELEV",PR,00961-6345,Proprietary  ,9,11,20,9,11,20
03177300,SAN JUAN BAUTISTA SCH OF MEDICINE       ,PR,00726-0000,Private      ,5,124,129,5,124,129
03326300,UNIVERSAL CAREER COMMUNITY COLLEGE      ,PR,00907-0000,Proprietary  ,8,9,17,8,9,17
03336300,CENTURY COLLEGE                         ,PR,00603-4802,Proprietary  ,3,2,5,3,2,5
03452300,INSTITUTO PRE-VOCACIONAL E INDUSTRI     ,PR,00613-1800,Private      ,2,2,4,2,2,4
03469300,IVAEM COLLEGE                           ,PR,00725-0000,Proprietary  ,13,7,20,13,7,20
03531300,COLEGIO PENTECOSTAL MIZPA               ,PR,00928-0966,Private      ,3,6,9,3,6,9
03544300,ATENAS COLLEGE                          ,PR,00674-0000,Private      ,69,148,217,69,148,217
03552300,LESTON COLLEGE                          ,PR,00961-6309,Proprietary  ,0,1,1,0,1,1
03608300,CARIBBEAN FORENSIC & TECHNICAL COLL     ,PR,00926-0000,Proprietary  ,7,4,11,7,4,11
03638300,ROSSLYN TRAINING ACADEMY OF COSMETOLOGY ,PR,00602-3225,Proprietary  ,0,1,1,0,1,1
03735400,"CHARLIES GUARD,DETECTIVE BUREAU&ACA     ",PR,00605-0000,Proprietary  ,0,2,2,0,2,2
03751300,ESCUELA HOTELERA DE SAN JUAN            ,PR,00917-0091,Proprietary  ,15,15,30,15,15,30
03758300,BAYAMON COMMUNITY COLLEGE               ,PR,00960-0000,Proprietary  ,3,1,4,3,1,4
03781400,INDUSTRIAL TECHNICAL COLLEGE            ,PR,00792-0000,Proprietary  ,0,3,3,0,3,3
03785300,J.G. GUAYNABO TECHNICAL COLLEGE         ,PR,00960-0000,Proprietary  ,1,2,3,1,2,3
03800400,INSTITUTE OF BEAUTY OCCUPATIONS AND TECH,PR,00676-5071,Proprietary  ,0,2,2,0,2,2
03843300,ADVANCED TECH COLLEGE                   ,PR,00961-6321,Proprietary  ,2,2,4,2,2,4
03849300,AGUADILLA TECHNICAL COLLEGE             ,PR,00603-0000,Proprietary  ,4,1,5,4,1,5
04030300,ASPIRA  DE PUERTO RICO                  ,PR,00987-0000,Private      ,1,2,3,1,2,3
04107300,CARIB TECHNOLOGICAL INSTITUTE           ,PR,00960-0000,Proprietary  ,3,0,3,3,0,3
04117200,INSTITUTO EDUCATIVO PREMIER             ,PR,00731-0000,Proprietary  ,11,16,27,11,16,27
04131600,LIBERTY TECHNICAL COLLEGE               ,PR,00737-1298,Proprietary  ,0,2,2,0,2,2
00394600,UNIVERSITY OF THE VIRGIN ISLANDS        ,VI,00802-6000,Public       ,655,401,1056,655,401,1056
00394601,UNIV OF THE VIRGIN ISLANDS-ST CROIX     ,VI,00850-0000,Public       ,273,262,535,273,262,535
00667700,MCGILL UNIVERSITY                       ,CN,00000-0000,Public       ,1411,265,1676,1411,265,1676
00667900,QUEEN'S UNIVERSITY AT KINGSTON          ,CN,00000-0000,Public       ,67,26,93,67,26,93
00668100,ST FRANCIS XAVIER UNIVERSITY            ,CN,00000-0000,Public       ,15,3,18,15,3,18
00668200,ST THOMAS UNIVERSITY                    ,CN,00000-0000,Public       ,10,2,12,10,2,12
00668300,UNIVERSITY OF GUELPH                    ,CN,00000-0000,Public       ,30,35,65,30,35,65
00668400,UNIVERSITY OF MANITOBA                  ,CN,00000-0000,Public       ,18,12,30,18,12,30
00668500,UNIVERSITY OF NEW BRUNSWICK (THE)       ,CN,00000-0000,Public       ,8,2,10,8,2,10
00668600,UNIVERSITY OF OTTAWA                    ,CN,00000-0000,Public       ,30,22,52,30,22,52
00668800,UNIVERSITY OF TORONTO                   ,CN,00000-0000,Public       ,224,215,439,224,215,439
00668900,UNIVERSITY OF WINDSOR                   ,CN,00000-0000,Public       ,8,26,34,8,26,34
00683700,UNIVERSITE LAVAL                        ,CN,00000-0000,Public       ,5,7,12,5,7,12
00683800,DALHOUSIE UNIVERSITY                    ,CN,00000-0000,Public       ,78,37,115,78,37,115
00685200,BISHOP'S UNIVERSITY                     ,CN,00000-0000,Private      ,32,1,33,32,1,33
00685300,MCMASTER UNIVERSITY                     ,CN,00000-0000,Public       ,21,19,40,21,19,40
00767900,YORK UNIVERSITY                         ,CN,00000-0000,Public       ,73,55,128,73,55,128
00787400,UNIVERSITY AT CALGARY (THE)             ,CN,00000-0000,Public       ,30,25,55,30,25,55
00814800,UNIVERSITY OF WINNIPEG                  ,CN,00000-0000,Public       ,7,0,7,7,0,7
00836200,UNIVERSITY OF ALBERTA (THE)             ,CN,00000-0000,Public       ,23,21,44,23,21,44
00836300,MOUNT SAINT VINCENT UNIVERSITY          ,CN,00000-0000,Private      ,2,2,4,2,2,4
00836400,SAINT MARY'S UNIVERSITY                 ,CN,00000-0000,Public       ,15,3,18,15,3,18
00836500,CONCORDIA UNIVERSITY - SIR GEORGE W     ,CN,00000-0000,Public       ,136,73,209,136,73,209
00836600,UNIVERSITE DE MONTREAL                  ,CN,00000-0000,Public       ,6,16,22,6,16,22
00836800,CARLETON UNIVERSITY                     ,CN,00000-0000,Public       ,31,18,49,31,18,49
00836900,UNIVERSITY OF BRITISH COLUMBIA          ,CN,00000-0000,Public       ,557,331,888,557,331,888
00837000,"SAFA, UNIVERSITY OF VICTORIA            ",CN,00000-0000,Public       ,78,42,120,78,42,120
00844400,SIMON FRASER UNIVERSITY                 ,CN,00000-0000,Public       ,79,62,141,79,62,141
00844600,UNIVERSITY OF WESTERN ONTARIO (THE)     ,CN,00000-0000,Public       ,25,18,43,25,18,43
00844800,UNIVERSITY OF REGINA                    ,CN,00000-0000,Public       ,3,4,7,3,4,7
00844900,ACADIA UNIVERSITY                       ,CN,00000-0000,Public       ,37,6,43,37,6,43
00852600,UNIVERSITY OF WATERLOO                  ,CN,00000-0000,Public       ,30,15,45,30,15,45
00858200,WILFRID LAURIER UNIVERSITY              ,CN,00000-0000,Public       ,7,5,12,7,5,12
00891300,LAKEHEAD UNIVERSITY                     ,CN,00000-0000,Public       ,6,0,6,6,0,6
00911900,UNIVERSITE DE MONCTON                   ,CN,00000-0000,Public       ,0,1,1,0,1,1
00925200,BROCK UNIVERSITY                        ,CN,00000-0000,Public       ,12,3,15,12,3,15
00936700,UNIVERSITY OF PRINCE EDWARD ISLAND      ,CN,00000-0000,Public       ,14,57,71,14,57,71
00942100,BRANDON UNIVERSITY                      ,CN,00000-0000,Public       ,4,0,4,4,0,4
00948600,TRINITY WESTERN UNIVERSITY              ,CN,00000-0000,Private      ,110,22,132,110,22,132
00950000,MEMORIAL UNIVERSITY OF NEWFOUNDLAND     ,CN,00000-0000,Public       ,9,13,22,9,13,22
00950100,UNIVERSITY OF KING'S COLLEGE            ,CN,00000-0000,Public       ,14,1,15,14,1,15
00950300,MOUNT ALLISON UNIVERSITY                ,CN,00000-0000,Public       ,36,1,37,36,1,37
00950400,NOVA SCOTIA AGRICULTURAL COLLEGE        ,CN,00000-0000,Public       ,2,0,2,2,0,2
00950500,TRENT UNIVERSITY                        ,CN,00000-0000,Public       ,4,0,4,4,0,4
00969700,LETHBRIDGE COLLEGE                      ,CN,00000-0000,Public       ,0,1,1,0,1,1
00969800,MEDICINE HAT COLLEGE                    ,CN,00000-0000,Public       ,1,0,1,1,0,1
00970100,SENECA COLG OF APPLIED ARTS & TECH      ,CN,00000-0000,Public       ,10,13,23,10,13,23
01012300,NOVA SCOTIA COLLEGE OF ART & DESIGN     ,CN,00000-0000,Public       ,15,10,25,15,10,25
01022100,SAINT PAUL UNIVERSITY                   ,CN,00000-0000,Public       ,0,4,4,0,4,4
01045800,SHERIDAN COLLEGE OF APPLIED ARTS AN     ,CN,00000-0000,Public       ,13,2,15,13,2,15
01067500,REGENT COLLEGE                          ,CN,00000-0000,Private      ,3,35,38,3,35,38
01070300,UNIVERSITY OF LETHBRIDGE                ,CN,00000-0000,Public       ,8,4,12,8,4,12
01072000,RYERSON UNIVERSITY                      ,CN,00000-0000,Public       ,36,26,62,36,26,62
01172200,BRIERCREST BIBLE COLLEGE                ,CN,00000-0000,Private      ,7,0,7,7,0,7
01221100,ALGONQUIN CLG OF APPLIED ARTS &TECH     ,CN,00000-0000,Public       ,4,4,8,4,4,8
01222800,HUMBER COLLEGE                          ,CN,00000-0000,Public       ,15,9,24,15,9,24
01227400,PROVIDENCE COLLEGE                      ,CN,00000-0000,Private      ,5,1,6,5,1,6
02102100,BETHANY BIBLE COLLEGE                   ,CN,00000-0000,Private      ,18,6,24,18,6,24
02116600,CANADIAN MEMORIAL CHIROPRACTIC COLL     ,CN,00000-0000,Private      ,2,2,4,2,2,4
02167000,PRAIRIE BIBLE INST                      ,CN,00000-0000,Private      ,15,1,16,15,1,16
02184600,INSTITUTE FOR CHRISTIAN STUDIES         ,CN,00000-0000,Private      ,0,1,1,0,1,1
02195600,LASALLE COLLEGE                         ,CN,00000-0000,Private      ,12,7,19,12,7,19
02201100,COLUMBIA BIBLE COLLEGE                  ,CN,00000-0000,Private      ,5,2,7,5,2,7
02216400,TYNDALE COLLEGE & SEMINARY              ,CN,00000-0000,Private      ,4,2,6,4,2,6
02219000,ST. LAWRENCE COLLEGE                    ,CN,00000-0000,Public       ,2,3,5,2,3,5
02219200,UNIVERSITY OF SASKATCHEWAN              ,CN,00000-0000,Public       ,1,7,8,1,7,8
02338800,EMILY CARR UNIVERSITY OF ART AND DESIGN ,CN,00000-0000,Public       ,56,28,84,56,28,84
02354700,RED DEER COLLEGE                        ,CN,00000-0000,Public       ,1,0,1,1,0,1
02593800,CONCORDIA UNIVERSITY COLLEGE            ,CN,00000-0000,Private      ,6,1,7,6,1,7
02611900,THE KING'S UNIVERSITY COLLEGE           ,CN,00000-0000,Private      ,2,1,3,2,1,3
03018300,ROCKY MOUNTAIN COLLEGE: CENTRE FOR      ,CN,00000-0000,Private      ,1,1,2,1,1,2
03033800,UNIVERSITY COLLEGE OF CAPE BRETON       ,CN,00000-0000,Public       ,1,2,3,1,2,3
03078300,VANCOUVER SCHOOL OF THEOLOGY            ,CN,00000-0000,Private      ,1,3,4,1,3,4
03273300,CANADIAN COLLEGE OF NATUROPATHIC ME     ,CN,00000-0000,Private      ,1,4,5,1,4,5
03298300,ALBERTA COLLEGE OF ART & DESIGN         ,CN,00000-0000,Public       ,8,5,13,8,5,13
03332500,KWANTLEN UNIVERSITY COLLEGE             ,CN,00000-0000,Public       ,3,3,6,3,3,6
03335400,CANADIAN UNIVERSITY COLLEGE             ,CN,00000-0000,Private      ,13,7,20,13,7,20
03339300,ST. STEPHENS UNIVERSITY                 ,CN,00000-0000,Private      ,0,1,1,0,1,1
03348500,REDEEMER UNIVERSITY COLLEGE             ,CN,00000-0000,Private      ,8,0,8,8,0,8
03408300,CANDIAN NAZARENE UNIVERSITY COLLEGE     ,CN,00000-0000,Private      ,1,1,2,1,1,2
03420300,HOLLAND COLLEGE                         ,CN,00000-0000,Public       ,2,2,4,2,2,4
03511300,CN CLG ACUPUNCTURE & ORIENTAL MED       ,CN,00000-0000,Private      ,0,3,3,0,3,3
03560400,NIAGARA COLLEGE-WELLAND CAMPUS          ,CN,00000-0000,Public       ,1,3,4,1,3,4
03613300,UNIV OF NORTHERN BRITISH COLUMBIA       ,CN,00000-0000,Public       ,4,2,6,4,2,6
03644400,CANADIAN MENNONITE UNIVERSITY           ,CN,00000-0000,Private      ,4,2,6,4,2,6
03674400,CANADIAN SOUTHERN BAPTIST SEMINARY      ,CN,00000-0000,Private      ,0,1,1,0,1,1
03711300,CAPILANO UNIVERSITY                     ,CN,00000-0000,Public       ,10,4,14,10,4,14
03745300,BRITISH COLUMBIA INSTITUTE OF TECHNOLOGY,CN,00000-0000,Public       ,1,8,9,1,8,9
03846300,PACIFIC LIFE BIBLE COLLEGE              ,CN,00000-0000,Private      ,1,4,5,1,4,5
03847300,ATLANTIC BAPTIST UNIVERSITY             ,CN,00000-0000,Private      ,2,0,2,2,0,2
04122700,MCMASTER DIVINITY COLLEGE               ,CN,00000-0000,Private      ,0,2,2,0,2,2
04156700,AMBROSE UNIVERSITY COLLEGE              ,CN,00000-0000,Private      ,5,3,8,5,3,8
00814700,UNIVERSIDAD AUTONOMA DE GUADALAJARA     ,MX,00000-0000,Private      ,45,443,488,45,443,488
01041800,INST TEC Y DE ESTSUPER DE MONTERRE      ,MX,00000-0000,Private      ,40,27,67,40,27,67
01067600,UNIVERSIDAD DE MONTERREY                ,MX,00000-0000,Private      ,10,15,25,10,15,25
01093800,UNIVERSIDAD DE GUANAJUATO               ,MX,00000-0000,Public       ,10,8,18,10,8,18
01097600,INSTITUTO ALLENDE                       ,MX,00000-0000,Private      ,4,7,11,4,7,11
02053300,CENTRO DE ESTUDIOS UNIVERSITARIOS D     ,MX,00000-0000,Private      ,14,38,52,14,38,52
01001000,AMERICAN SAMOA CMNTY COLLEGE            ,AS,96799-2609,Public       ,117,55,172,117,55,172
01034300,COLLEGE OF MICRONESIA - FSM             ,FM,96941-0159,Public       ,318,120,438,318,120,438
01100900,PALAU COMMUNITY COLLEGE                 ,PW,96940-0009,Public       ,237,12,249,237,12,249
03022400,COLLEGE OF THE MARSHALL ISLANDS         ,MH,96960-1258,Public       ,9,10,19,9,10,19
03033000,NORTHERN MARIANAS COLLEGE               ,MP,96950-0000,Public       ,75,40,115,75,40,115
