OPE ID,School,State,Zip Code,School Type,20112012Qtr1_Dependent Students,20112012Qtr1_Independent Students,Quarterly Total,YTD_20112012Qtr1_Dependent Students,YTD_20112012Qtr1_Independent Students,Award Year To Date Total
00100200,ALABAMA AGRCLTL & MECHL UNIV            ,AL,35762-1357,Public       ,3253,1264,4517,3253,1264,4517
00100300,FAULKNER UNIVERSITY                     ,AL,36109-3398,Private      ,756,1297,2053,756,1297,2053
00100400,UNIVERSITY OF MONTEVALLO                ,AL,35115-6000,Public       ,1286,663,1949,1286,663,1949
00100500,ALABAMA STATE UNIVERSITY                ,AL,36101-0000,Public       ,4299,1871,6170,4299,1871,6170
00100700,CENTRAL ALABAMA COMMUNITY COLLEGE       ,AL,35011-0000,Public       ,699,827,1526,699,827,1526
00100800,ATHENS STATE UNIVERSITY                 ,AL,35611-1999,Public       ,330,1004,1334,330,1004,1334
00100900,AUBURN UNIVERSITY                       ,AL,36849-5113,Public       ,13095,3120,16215,13095,3120,16215
00101200,BIRMINGHAM SOUTHERN COLLEGE             ,AL,35254-0002,Private      ,1139,237,1376,1139,237,1376
00101300,CALHOUN COMMUNITY COLLEGE               ,AL,35609-2216,Public       ,1876,2647,4523,1876,2647,4523
00101500,ENTERPRISE STATE COMMUNITY COLLEGE      ,AL,36331-1300,Public       ,534,665,1199,534,665,1199
00101600,UNIVERSITY OF NORTH ALABAMA             ,AL,35632-0001,Public       ,2312,1041,3353,2312,1041,3353
00101700,GADSDEN STATE COMMUNITY COLLEGE         ,AL,35903-2269,Public       ,1314,2096,3410,1314,2096,3410
00101800,GEORGE C WALLACE COMMUNITY COLLEGE      ,AL,36303-0943,Public       ,837,1274,2111,837,1274,2111
00101900,HUNTINGDON COLLEGE                      ,AL,36106-2148,Private      ,795,236,1031,795,236,1031
00102000,JACKSONVILLE STATE UNIVERSITY           ,AL,36265-1602,Public       ,3782,2073,5855,3782,2073,5855
00102100,JEFFERSON DAVIS COMMUNITY COLLEGE       ,AL,36427-2790,Public       ,197,294,491,197,294,491
00102200,JEFFERSON STATE COMMUNITY COLLEGE       ,AL,35215-3098,Public       ,1500,2799,4299,1500,2799,4299
00102300,JUDSON COLLEGE                          ,AL,36756-2504,Private      ,187,56,243,187,56,243
00102400,UNIVERSITY OF WEST ALABAMA              ,AL,35470-0000,Public       ,1107,1425,2532,1107,1425,2532
00102600,MARION MILITARY INSTITUTE               ,AL,36756-3214,Public       ,175,28,203,175,28,203
00102800,MILES COLLEGE                           ,AL,35064-2697,Private      ,934,461,1395,934,461,1395
00102900,UNIVERSITY OF MOBILE                    ,AL,36613-0000,Private      ,732,568,1300,732,568,1300
00103000,BISHOP STATE COMMUNITY COLLEGE          ,AL,36603-5898,Public       ,634,1555,2189,634,1555,2189
00103100,NORTHEAST ALABAMA STATE CMNTY COLG      ,AL,35986-0159,Public       ,359,557,916,359,557,916
00103300,OAKWOOD COLLEGE                         ,AL,35896-0001,Private      ,889,345,1234,889,345,1234
00103400,ALABAMA SOUTHERN COMMUNITY COLLEGE      ,AL,36460-5698,Public       ,373,321,694,373,321,694
00103600,SAMFORD UNIVERSITY                      ,AL,35229-7000,Private      ,2445,1390,3835,2445,1390,3835
00103800,SNEAD STATE COMMUNITY COLLEGE           ,AL,35957-0734,Public       ,625,725,1350,625,725,1350
00104000,SOUTHERN UNION STATE COMMUNITY CLG      ,AL,36276-0000,Public       ,1527,1141,2668,1527,1141,2668
00104100,SPRING HILL COLLEGE                     ,AL,36608-1791,Private      ,1759,340,2099,1759,340,2099
00104400,STILLMAN COLLEGE                        ,AL,35403-1430,Private      ,893,256,1149,893,256,1149
00104600,TALLADEGA COLLEGE                       ,AL,35160-2354,Private      ,311,140,451,311,140,451
00104700,TROY UNIVERSITY                         ,AL,36082-0001,Public       ,4214,7607,11821,4214,7607,11821
00105000,TUSKEGEE UNIVERSITY                     ,AL,36088-1645,Private      ,3876,834,4710,3876,834,4710
00105100,UNIVERSITY OF ALABAMA (THE)             ,AL,35487-0120,Public       ,15114,5003,20117,15114,5003,20117
00105200,UNIVERSITY OF ALABAMA AT BIRMINGHAM     ,AL,35294-1150,Public       ,5526,4760,10286,5526,4760,10286
00105500,UNIVERSITY OF ALABAMA IN HUNTSVILLE     ,AL,35899-0001,Public       ,2256,1495,3751,2256,1495,3751
00105700,UNIVERSITY OF SOUTH ALABAMA             ,AL,36688-0002,Public       ,4209,3253,7462,4209,3253,7462
00105900,LAWSON STATE COMMUNITY COLLEGE          ,AL,35221-1798,Public       ,783,1335,2118,783,1335,2118
00105901,LAWSON STATE COMMUNITY COLLEGE - BESSEME,AL,35021-0308,Public       ,209,417,626,209,417,626
00106000,FAULKNER STATE COMMUNITY COLLEGE        ,AL,36507-2698,Public       ,1091,1114,2205,1091,1114,2205
00526000,J.F. DRAKE STATE TECH COLLEGE           ,AL,35811-1584,Public       ,139,568,707,139,568,707
00569100,SHELTON STATE COMMUNITY CLG             ,AL,35405-4017,Public       ,1719,1465,3184,1719,1465,3184
00569200,REID STATE TECHNICAL COLLEGE            ,AL,36401-0000,Public       ,80,229,309,80,229,309
00569700,NORTHWEST- SHOALS COMMUNITY COLLEGE     ,AL,35661-0000,Public       ,695,696,1391,695,696,1391
00569900,GEORGE C WALLACE STATE CMTY COLLEGE     ,AL,36703-0000,Public       ,309,509,818,309,509,818
00573300,BEVILL STATE CMTY COLLEGE-WALKER        ,AL,35148-0000,Public       ,959,1279,2238,959,1279,2238
00573400,H. COUNCILL TRENHOLM STATE TECH COLLEGE ,AL,36108-0020,Public       ,253,746,999,253,746,999
00573401,H. C. TRENHOLM ST TECH COL-PATTERSON CAM,AL,36116-2612,Public       ,116,286,402,116,286,402
00787100,GEORGE C WALLACE STATE CMTY CLG         ,AL,35077-2000,Public       ,1131,1451,2582,1131,1451,2582
00831000,AUBURN UNIVERSITY-MONTGOMERY            ,AL,36124-0000,Public       ,2213,2097,4310,2213,2097,4310
00898800,LURLEEN B WALLACE COMMUNITY COLLEGE     ,AL,36420-0418,Public       ,612,603,1215,612,603,1215
01055400,CONCORDIA COLLEGE                       ,AL,36701-3323,Private      ,238,140,378,238,140,378
01218200,CHATTAHOOCHEE VALLEY CMTY CLG           ,AL,36869-7917,Public       ,313,522,835,313,522,835
01303906,SOUTH UNIVERSITY - MONTGOMERY           ,AL,36116-1120,Proprietary  ,153,561,714,153,561,714
02170600,UNITED STATES SPORTS ACADEMY            ,AL,36526-7055,Private      ,14,193,207,14,193,207
02199700,HERITAGE CHRISTIAN UNIVERSITY           ,AL,35630-0000,Private      ,6,24,30,6,24,30
02270400,SOUTHEASTERN BIBLE COLLEGE              ,AL,35244-2083,Private      ,29,55,84,29,55,84
02285000,PAUL MITCHELL THE SCHOOL HUNTSVILLE     ,AL,35758-0000,Proprietary  ,18,39,57,18,39,57
02296000,PRINCE INSTITUTE OF PROFESSIONAL STUDIES,AL,36117-0000,Proprietary  ,2,65,67,2,65,67
02341000,FORTIS COLLEGE                          ,AL,36609-0000,Proprietary  ,107,414,521,107,414,521
02503400,AMRIDGE UNIVERSITY                      ,AL,36124-0000,Private      ,14,261,275,14,261,275
02605500,REMINGTON COLLEGE - MOBILE CAMPUS       ,AL,36609-5593,Proprietary  ,154,454,608,154,454,608
03010600,VIRGINIA COLLEGE                        ,AL,35209-5154,Proprietary  ,366,6134,6500,366,6134,6500
03010602,VIRGINIA COLLEGE - HUNTSVILLE           ,AL,35805-0000,Proprietary  ,78,432,510,78,432,510
03010607,VIRGINIA COLLEGE - MOBILE               ,AL,36608-1626,Proprietary  ,70,419,489,70,419,489
03010616,VIRGINIA COLLEGE - MONTGOMERY           ,AL,36117-2802,Proprietary  ,133,677,810,133,677,810
03032500,ALABAMA STATE CLG BARBER STYLING        ,AL,35215-8308,Proprietary  ,23,45,68,23,45,68
03361400,FORTIS COLLEGE                          ,AL,36535-3547,Proprietary  ,25,111,136,25,111,136
03459300,SOUTHEASTERN SCHOOL OF COSMETOLOGY      ,AL,35228-0000,Private      ,11,42,53,11,42,53
03783300,BLUE CLIFF CAREER COLLEGE               ,AL,63306-4749,Proprietary  ,18,59,77,18,59,77
03894300,HUNTSVILLE BIBLE COLLEGE                ,AL,35811-0000,Private      ,8,31,39,8,31,39
04066300,CARDIAC AND VASCULAR INSTITUTE OF ULTRAS,AL,36604-1411,Proprietary  ,9,52,61,9,52,61
04067300,SELMA UNIVERSITY                        ,AL,36701-0000,Private      ,55,125,180,55,125,180
04121500,COLUMBIA SOUTHERN UNIVERSITY            ,AL,36561-3815,Proprietary  ,129,3425,3554,129,3425,3554
04149200,XCELL ACADEMY-A PAUL MITCHELL PARTNER SC,AL,35216-4990,Proprietary  ,27,58,85,27,58,85
00111100,ALLAN HANCOCK COLLEGE                   ,CA,93454-6399,Public       ,2301,1942,4243,2301,1942,4243
00111300,ANTELOPE VALLEY COLLEGE                 ,CA,93536-5426,Public       ,3704,4424,8128,3704,4424,8128
00111600,ART CENTER COLLEGE OF DESIGN            ,CA,91103-1999,Private      ,1354,1072,2426,1354,1072,2426
00111700,AZUSA PACIFIC UNIVERSITY                ,CA,91702-7000,Private      ,8220,3834,12054,8220,3834,12054
00111800,BAKERSFIELD COLLEGE                     ,CA,93305-1299,Public       ,7060,6166,13226,7060,6166,13226
00111900,BARSTOW COMMUNITY COLLEGE               ,CA,92311-6608,Public       ,409,1192,1601,409,1192,1601
00112000,AMER BAPT SEM OF THE WEST-BERKELEY      ,CA,94704-0000,Private      ,8,31,39,8,31,39
00112100,BETHANY UNIVERSITY /  ASSEMBLIES OF GOD ,CA,95066-2896,Private      ,296,176,472,296,176,472
00112200,BIOLA UNIVERSITY                        ,CA,90639-0001,Private      ,5439,1365,6804,5439,1365,6804
00112300,BROOKS INSTITUTE                        ,CA,93103-1809,Proprietary  ,478,321,799,478,321,799
00112400,CABRILLO COLLEGE                        ,CA,95003-3194,Public       ,3035,2654,5689,3035,2654,5689
00112500,CALIFORNIA BAPTIST UNIVERSITY           ,CA,92504-3297,Private      ,4447,2080,6527,4447,2080,6527
00112700,CALIFORNIA COLLEGE OF THE ARTS          ,CA,94107-2206,Private      ,1712,1438,3150,1712,1438,3150
00113100,CALIFORNIA INSTITUTE OF TECHNOLOGY      ,CA,91125-0001,Private      ,3153,496,3649,3153,496,3649
00113200,CALIFORNIA INSTITUTE OF THE ARTS        ,CA,91355-2397,Private      ,1917,1401,3318,1917,1401,3318
00113300,CALIFORNIA LUTHERAN UNIVERSITY          ,CA,91360-2787,Private      ,4641,1018,5659,4641,1018,5659
00113400,CALIFORNIA MARITIME ACADEMY             ,CA,94590-8181,Public       ,720,277,997,720,277,997
00113700,CALIF STATE UNIV-FULLERTON              ,CA,92831-3599,Public       ,38779,16450,55229,38779,16450,55229
00113800,"CALIFORNIA STATE UNIVERSITY, EAST BAY   ",CA,94542-3000,Public       ,10957,8399,19356,10957,8399,19356
00113900,CALIF STATE UNIV-LONG BEACH             ,CA,90840-0006,Public       ,49472,18804,68276,49472,18804,68276
00114000,CALIF STATE UNIV-LOS ANGELES            ,CA,90032-4226,Public       ,26352,15846,42198,26352,15846,42198
00114100,"CALIF STATE UNIV, DOMINGUEZ HILLS       ",CA,90747-0001,Public       ,13931,10336,24267,13931,10336,24267
00114200,CALIF STATE UNIV SAN BERNARDINO         ,CA,92407-2397,Public       ,15926,9339,25265,15926,9339,25265
00114300,CAL POLY STATE UNIVERSITY               ,CA,93407-0001,Public       ,29332,3726,33058,29332,3726,33058
00114400,CALIF STATE POLYTECHNIC UNIV POMONA     ,CA,91768-2500,Public       ,24073,8306,32379,24073,8306,32379
00114600,CALIF STATE UNIV - CHICO                ,CA,95929-0001,Public       ,14929,4463,19392,14929,4463,19392
00114700,CALIF STATE UNIV - FRESNO               ,CA,93740-8026,Public       ,19456,8426,27882,19456,8426,27882
00114900,HUMBOLDT STATE UNIVERSITY               ,CA,95521-8299,Public       ,9832,3186,13018,9832,3186,13018
00115000,CALIF STATE UNIV-SACRAMENTO             ,CA,95819-6044,Public       ,24066,14354,38420,24066,14354,38420
00115100,SAN DIEGO STATE UNIVERSITY              ,CA,92182-1690,Public       ,42467,14346,56813,42467,14346,56813
00115300,CALIF STATE UNIV-NORTHRIDGE             ,CA,91330-8307,Public       ,32402,15117,47519,32402,15117,47519
00115400,SAN FRANCISCO STATE UNIVERSITY          ,CA,94132-1740,Public       ,30526,15532,46058,30526,15532,46058
00115500,SAN JOSE STATE UNIVERSITY               ,CA,95192-0036,Public       ,24502,12611,37113,24502,12611,37113
00115600,SONOMA STATE UNIVERSITY                 ,CA,94928-3609,Public       ,9969,2710,12679,9969,2710,12679
00115700,CALIF STATE UNIV-STANISLAUS             ,CA,95382-0299,Public       ,7811,4533,12344,7811,4533,12344
00116100,CERRITOS COLLEGE                        ,CA,90650-6296,Public       ,10669,6145,16814,10669,6145,16814
00116200,CHABOT COLLEGE                          ,CA,94545-2400,Public       ,3805,3454,7259,3805,3454,7259
00116300,CHAFFEY COLLEGE                         ,CA,91737-9400,Public       ,8035,6499,14534,8035,6499,14534
00116400,CHAPMAN UNIVERSITY                      ,CA,92866-1099,Private      ,8893,2616,11509,8893,2616,11509
00116453,CHAPMAN UNIVERSITY SCHOOL OF LAW        ,CA,92866-0000,Private      ,55,1703,1758,55,1703,1758
00116500,CHURCH DIV SCH OF THE PACIFIC           ,CA,94709-0000,Private      ,0,44,44,0,44,44
00116600,CITRUS COLLEGE                          ,CA,91741-1899,Public       ,6075,3409,9484,6075,3409,9484
00116900,CLAREMONT GRADUATE UNIVERSITY           ,CA,91711-0000,Private      ,13,1161,1174,13,1161,1174
00117000,CLAREMONT MCKENNA COLLEGE               ,CA,91711-6400,Private      ,3096,151,3247,3096,151,3247
00117100,HARVEY MUDD COLLEGE                     ,CA,91711-5990,Private      ,2303,68,2371,2303,68,2371
00117200,PITZER COLLEGE                          ,CA,91711-6101,Private      ,2769,149,2918,2769,149,2918
00117300,POMONA COLLEGE                          ,CA,91711-6301,Private      ,4470,160,4630,4470,160,4630
00117400,SCRIPPS COLLEGE                         ,CA,91711-3948,Private      ,1611,157,1768,1611,157,1768
00117600,WEST HILLS COMMUNITY COLLEGE            ,CA,93210-1399,Public       ,883,493,1376,883,493,1376
00117700,COGSWELL POLYTECHNICAL COLLEGE          ,CA,94089-1210,Private      ,164,83,247,164,83,247
00117800,COLLEGE OF MARIN                        ,CA,94904-2590,Public       ,640,1226,1866,640,1226,1866
00117801,COLG OF MARIN-INDIAN VALLEY CMPS        ,CA,94949-0000,Public       ,39,71,110,39,71,110
00117900,NOTRE DAME DE NAMUR UNIVERSITY          ,CA,94002-1997,Private      ,1237,656,1893,1237,656,1893
00118100,COLLEGE OF SAN MATEO                    ,CA,94402-3784,Public       ,1802,1317,3119,1802,1317,3119
00118200,COLLEGE OF THE DESERT                   ,CA,92260-9305,Public       ,3226,2135,5361,3226,2135,5361
00118300,HOLY NAMES UNIVERSITY                   ,CA,94619-1699,Private      ,750,558,1308,750,558,1308
00118500,COLLEGE OF THE REDWOODS                 ,CA,95501-9300,Public       ,1590,1889,3479,1590,1889,3479
00118600,COLLEGE OF THE SEQUOIAS                 ,CA,93277-2234,Public       ,4579,3933,8512,4579,3933,8512
00118700,COLLEGE OF THE SISKIYOUS                ,CA,96094-2899,Public       ,677,640,1317,677,640,1317
00118701,COLLEGE OF THE SISKIYOUS - YREKA CENTER ,CA,96097-9538,Public       ,50,94,144,50,94,144
00119000,CONTRA COSTA COLLEGE                    ,CA,94806-3195,Public       ,1320,1830,3150,1320,1830,3150
00119100,DIABLO VALLEY COLLEGE                   ,CA,94523-1544,Public       ,3182,2441,5623,3182,2441,5623
00119200,CUESTA COLLEGE                          ,CA,93403-8106,Public       ,2803,1751,4554,2803,1751,4554
00119300,CYPRESS COLLEGE                         ,CA,90630-5897,Public       ,6254,4091,10345,6254,4091,10345
00119600,DOMINICAN UNIVERSITY OF CALIFORNIA      ,CA,94901-2298,Private      ,2823,894,3717,2823,894,3717
00119700,EL CAMINO COLLEGE                       ,CA,90506-0002,Public       ,8208,5836,14044,8208,5836,14044
00119701,COMPTON COMMUNITY COLLEGE               ,CA,90221-5393,Public       ,1606,2274,3880,1606,2274,3880
00119900,FOOTHILL COLLEGE                        ,CA,94022-4597,Public       ,1844,1792,3636,1844,1792,3636
00120000,FULLER THEOLOGICAL SEMINARY             ,CA,91182-0000,Private      ,7,1683,1690,7,1683,1690
00120100,FULLERTON COLLEGE                       ,CA,92832-2095,Public       ,8175,4041,12216,8175,4041,12216
00120200,GAVILAN COLLEGE                         ,CA,95020-9599,Public       ,869,831,1700,869,831,1700
00120300,GLENDALE COMMUNITY COLLEGE              ,CA,91208-2894,Public       ,6047,4479,10526,6047,4479,10526
00120500,GOLDEN GATE UNIVERSITY                  ,CA,94105-2967,Private      ,85,2477,2562,85,2477,2562
00120600,GOLDEN WEST COLLEGE                     ,CA,92647-2748,Public       ,5393,3647,9040,5393,3647,9040
00120700,GRADUATE THEOLOGICAL UNION              ,CA,94709-0000,Private      ,0,278,278,0,278,278
00120800,GROSSMONT COLLEGE                       ,CA,92020-1798,Public       ,4998,4670,9668,4998,4670,9668
00120900,HARTNELL COMMUNITY COLLEGE              ,CA,93901-1697,Public       ,1910,1344,3254,1910,1344,3254
00121200,HUMPHREYS COLLEGE                       ,CA,95207-3896,Private      ,221,676,897,221,676,897
00121400,IMPERIAL VALLEY COLLEGE                 ,CA,92251-9787,Public       ,2206,1205,3411,2206,1205,3411
00121500,LA SIERRA UNIVERSITY                    ,CA,92515-3332,Private      ,2181,697,2878,2181,697,2878
00121600,UNIVERSITY OF LA VERNE                  ,CA,91750-4443,Private      ,4345,4147,8492,4345,4147,8492
00121700,LASSEN COLLEGE                          ,CA,96130-3000,Public       ,221,259,480,221,259,480
00121800,LOMA LINDA UNIVERSITY                   ,CA,92350-0001,Private      ,826,4237,5063,826,4237,5063
00121900,LONG BEACH CITY COLLEGE                 ,CA,90808-1780,Public       ,10950,8464,19414,10950,8464,19414
00122000,MASTER'S COLLEGE & SEMINARY (THE)       ,CA,91321-1200,Private      ,1253,265,1518,1253,265,1518
00122300,LOS ANGELES CITY COLLEGE                ,CA,90029-3588,Public       ,5807,7108,12915,5807,7108,12915
00122400,LOS ANGELES HARBOR COLLEGE              ,CA,90744-2397,Public       ,2611,2523,5134,2611,2523,5134
00122600,LOS ANGELES PIERCE COLLEGE              ,CA,91371-0001,Public       ,7649,4949,12598,7649,4949,12598
00122700,LOS ANGELES TRADE TECH COLLEGE          ,CA,90015-4181,Public       ,3577,5306,8883,3577,5306,8883
00122800,LOS ANGELES VALLEY COLLEGE              ,CA,91401-4096,Public       ,5384,5130,10514,5384,5130,10514
00122900,SO CA UNIV  HEALTH SCIENCES             ,CA,90604-4051,Private      ,21,372,393,21,372,393
00123000,SOUTHERN CA COLLEGE OF OPTOMETRY        ,CA,92831-1699,Private      ,9,282,291,9,282,291
00123200,AMERICAN RIVER COLLEGE                  ,CA,95841-4286,Public       ,8092,11050,19142,8092,11050,19142
00123300,SACRAMENTO CITY COLLEGE                 ,CA,95822-1386,Public       ,9000,8886,17886,9000,8886,17886
00123600,MENLO COLLEGE                           ,CA,94027-4301,Private      ,1346,136,1482,1346,136,1482
00123700,MERCED COMMUNITY COLLEGE                ,CA,95348-2898,Public       ,4442,3147,7589,4442,3147,7589
00123800,MILLS COLLEGE                           ,CA,94613-1301,Private      ,1838,1425,3263,1838,1425,3263
00123900,MIRACOSTA COLLEGE                       ,CA,92056-3899,Public       ,2261,2496,4757,2261,2496,4757
00124000,MODESTO JUNIOR COLLEGE                  ,CA,95350-5800,Public       ,6641,6234,12875,6641,6234,12875
00124200,MONTEREY PENINSULA COLLEGE              ,CA,93940-4799,Public       ,1615,1258,2873,1615,1258,2873
00124300,MOUNT ST MARYS COLLEGE                  ,CA,90049-1599,Private      ,2583,1588,4171,2583,1588,4171
00124500,MT. SAN ANTONIO COLLEGE                 ,CA,91789-1399,Public       ,11665,7111,18776,11665,7111,18776
00124600,MT SAN JACINTO COLLEGE                  ,CA,92583-2399,Public       ,4414,5154,9568,4414,5154,9568
00124700,NAPA VALLEY COLLEGE                     ,CA,94558-6236,Public       ,1687,1385,3072,1687,1385,3072
00124900,OCCIDENTAL COLLEGE                      ,CA,90041-3314,Private      ,5147,297,5444,5147,297,5444
00125000,ORANGE COAST COLLEGE - FIN AID OFF      ,CA,92628-5005,Public       ,9373,4837,14210,9373,4837,14210
00125100,OTIS COLLEGE OF ART AND DESIGN          ,CA,90045-3505,Private      ,1385,538,1923,1385,538,1923
00125200,HOPE INTERNATIONAL UNIVERSITY           ,CA,92631-0000,Private      ,501,486,987,501,486,987
00125300,FRESNO PACIFIC UNIVERSITY               ,CA,93702-4798,Private      ,1817,2115,3932,1817,2115,3932
00125400,PACIFIC LUTHERAN THEOLOGICAL SEM        ,CA,94708-0000,Private      ,3,62,65,3,62,65
00125500,PACIFIC OAKS COLLEGE                    ,CA,91103-3592,Private      ,25,290,315,25,290,315
00125600,PACIFIC SCHOOL OF RELIGION              ,CA,94709-0000,Private      ,1,157,158,1,157,158
00125800,PACIFIC UNION COLLEGE                   ,CA,94508-9797,Private      ,1394,268,1662,1394,268,1662
00125900,PALO VERDE COLLEGE                      ,CA,92225-0000,Public       ,88,155,243,88,155,243
00126000,PALOMAR COLLEGE                         ,CA,92069-1486,Public       ,5342,3646,8988,5342,3646,8988
00126100,PASADENA CITY COLLEGE                   ,CA,91106-2003,Public       ,12388,6002,18390,12388,6002,18390
00126200,POINT LOMA NAZARENE UNIVERSITY          ,CA,92106-2899,Private      ,4026,746,4772,4026,746,4772
00126600,LANEY COLLEGE                           ,CA,94607-4893,Public       ,2309,3533,5842,2309,3533,5842
00126700,MERRITT COLLEGE                         ,CA,94619-3196,Public       ,1232,1887,3119,1232,1887,3119
00126800,PORTERVILLE COLLEGE                     ,CA,93257-6059,Public       ,1404,1141,2545,1404,1141,2545
00126900,RIO HONDO COLLEGE                       ,CA,90601-1699,Public       ,7477,4063,11540,7477,4063,11540
00127000,RIVERSIDE CITY COLLEGE                  ,CA,92506-1299,Public       ,12746,10622,23368,12746,10622,23368
00127001,MORENO VALLEY COLLEGE                   ,CA,92551-2045,Public       ,1489,1435,2924,1489,1435,2924
00127002,NORCO COLLEGE                           ,CA,91760-2600,Public       ,1255,905,2160,1255,905,2160
00127200,SAN BERNARDINO VALLEY COLLEGE           ,CA,92410-2798,Public       ,5328,5724,11052,5328,5724,11052
00127300,SAN DIEGO CITY COLLEGE                  ,CA,92101-4787,Public       ,5988,6255,12243,5988,6255,12243
00127500,SAN DIEGO MESA COLLEGE                  ,CA,92111-4996,Public       ,5914,4946,10860,5914,4946,10860
00127800,SAN FRANCISCO CONSERVATORY OF MUSIC     ,CA,94122-4498,Private      ,250,370,620,250,370,620
00127900,SAN FRANCISCO THEOLOGICAL SEMINARY      ,CA,94960-0000,Private      ,0,55,55,0,55,55
00128000,SAN JOAQUIN DELTA COLLEGE               ,CA,95207-6370,Public       ,6164,5776,11940,6164,5776,11940
00128100,WILLIAM JESSUP UNIVERSITY               ,CA,95765-3707,Private      ,708,307,1015,708,307,1015
00128200,SAN JOSE CITY COLLEGE                   ,CA,95128-2797,Public       ,2623,2928,5551,2623,2928,5551
00128400,SANTA ANA COLLEGE                       ,CA,92706-3398,Public       ,5109,3486,8595,5109,3486,8595
00128500,SANTA BARBARA CITY COLLEGE              ,CA,93109-2394,Public       ,4905,2580,7485,4905,2580,7485
00128600,SANTA MONICA COLLEGE                    ,CA,90405-1644,Public       ,13212,5762,18974,13212,5762,18974
00128700,SANTA ROSA JUNIOR COLLEGE               ,CA,95401-4395,Public       ,3669,3530,7199,3669,3530,7199
00128800,CLAREMONT SCHOOL OF THEOLOGY            ,CA,91711-0000,Private      ,3,140,143,3,140,143
00128900,SHASTA COLLEGE                          ,CA,96049-7692,Public       ,2606,2756,5362,2606,2756,5362
00129000,SIERRA COLLEGE                          ,CA,95677-3397,Public       ,4693,4472,9165,4693,4472,9165
00129100,SIMPSON UNIVERSITY                      ,CA,96003-8606,Private      ,1004,646,1650,1004,646,1650
00129200,SOLANO COMMUNITY COLLEGE                ,CA,94534-3197,Public       ,2299,2811,5110,2299,2811,5110
00129300,VANGUARD UNIVERSITY OF SOUTHERN CA      ,CA,92626-6597,Private      ,1922,673,2595,1922,673,2595
00129400,SOUTHWESTERN COLLEGE                    ,CA,91910-7299,Public       ,5584,3828,9412,5584,3828,9412
00129500,SOUTHWESTERN LAW SCHOOL                 ,CA,90010-1106,Private      ,30,2293,2323,30,2293,2323
00129600,DOMINICAN SCH PHILOSOPHY & THEOLOGY     ,CA,94709-0000,Private      ,6,36,42,6,36,42
00129900,ST JOHN'S SEMINARY COLLEGE              ,CA,93010-0000,Private      ,6,3,9,6,3,9
00130200,SAINT MARY'S COLLEGE OF CALIFORNIA      ,CA,94556-2744,Private      ,5289,1053,6342,5289,1053,6342
00130500,STANFORD UNIVERSITY                     ,CA,94305-6106,Private      ,20622,2693,23315,20622,2693,23315
00130501,STANFORD UNIVERSITY - GRADUATE SCHOOL OF,CA,94305-5301,Private      ,22,1217,1239,22,1217,1239
00130502,STANFORD UNIVERSITY - GRADUATE SCHOOL OF,CA,94305-5015,Private      ,27,940,967,27,940,967
00130503,STANFORD UNIVERSITY - STANFORD LAW SCHOO,CA,94305-3096,Private      ,43,1786,1829,43,1786,1829
00130700,FRESNO CITY COLLEGE                     ,CA,93741-0002,Public       ,12171,9109,21280,12171,9109,21280
00130800,REEDLEY COLLEGE                         ,CA,93654-2099,Public       ,5046,2817,7863,5046,2817,7863
00130900,TAFT COLLEGE                            ,CA,93268-2317,Public       ,1079,660,1739,1079,660,1739
00131200,UNIVERSITY OF CALIFORNIA-BERKELEY       ,CA,94720-1520,Public       ,46722,16912,63634,46722,16912,63634
00131300,UNIVERSITY OF CALIFORNIA-DAVIS          ,CA,95616-8558,Public       ,47051,13937,60988,47051,13937,60988
00131400,UNIVERSITY OF CALIFORNIA-IRVINE         ,CA,92697-2825,Public       ,49757,11744,61501,49757,11744,61501
00131500,UNIVERSITY OF CALIFORNIA (UCLA)         ,CA,90095-9000,Public       ,59709,22710,82419,59709,22710,82419
00131502,UNIV OF CALIFORNIA LOS ANG SCH MED      ,CA,90095-0000,Public       ,116,849,965,116,849,965
00131503,UNIV OF CALIFORNIA LOS ANG DENTAL       ,CA,90095-0000,Public       ,46,120,166,46,120,166
00131600,UNIVERSITY OF CALIFORNIA-RIVERSIDE      ,CA,92521-0209,Public       ,33425,6882,40307,33425,6882,40307
00131700,UNIVERSITY OF CALIFORNIA-SAN DIEGO      ,CA,92093-0013,Public       ,46470,9881,56351,46470,9881,56351
00131900,UNIVERSITY OF CALIFORNIA-SFRANCISCO     ,CA,94143-0246,Public       ,1105,3482,4587,1105,3482,4587
00132000,UNIVERSITY OF CALIFORNIA-SANTA BARB     ,CA,93106-3180,Public       ,45332,7341,52673,45332,7341,52673
00132100,UNIVERSITY OF CALIFORNIA-SANTA CRUZ     ,CA,95064-0001,Public       ,28746,4633,33379,28746,4633,33379
00132200,UNIVERSITY OF REDLANDS                  ,CA,92373-0999,Private      ,4639,1577,6216,4639,1577,6216
00132500,UNIVERSITY OF SAN FRANCISCO             ,CA,94117-1080,Private      ,10378,6288,16666,10378,6288,16666
00132600,SANTA CLARA UNIVERSITY                  ,CA,95053-4956,Private      ,10093,3451,13544,10093,3451,13544
00132604,JESUIT SCHOOL OF THEOLOGY - BERKELEY    ,CA,94709-1193,Private      ,0,39,39,0,39,39
00132800,UNIVERSITY OF SOUTHERN CALIFORNIA       ,CA,90089-0914,Private      ,31141,19413,50554,31141,19413,50554
00132900,UNIVERSITY OF THE PACIFIC               ,CA,95211-0197,Private      ,11046,2813,13859,11046,2813,13859
00132901,UNIVERSITY OF THE PACIFIC - MCGEORGE SCH,CA,95817-2799,Private      ,119,2257,2376,119,2257,2376
00132902,UNIV OF THE PACIFIC SCH OF DENT         ,CA,94115-0000,Private      ,30,414,444,30,414,444
00133400,VENTURA COLLEGE                         ,CA,93003-3899,Public       ,3220,2258,5478,3220,2258,5478
00133500,VICTOR VALLEY COLLEGE                   ,CA,92395-5849,Public       ,3271,4456,7727,3271,4456,7727
00133800,WEST VALLEY COLLEGE                     ,CA,95070-5697,Public       ,1517,1276,2793,1517,1276,2793
00134100,WESTMONT COLLEGE                        ,CA,93108-1099,Private      ,2371,95,2466,2371,95,2466
00134200,WHITTIER COLLEGE                        ,CA,90601-4413,Private      ,2964,364,3328,2964,364,3328
00134201,WHITTIER COLLEGE - COLLEGE OF LAW       ,CA,92626-1501,Private      ,16,1126,1142,16,1126,1142
00134300,WOODBURY UNIVERSITY                     ,CA,91510-7846,Private      ,827,601,1428,827,601,1428
00134400,YUBA COLLEGE                            ,CA,95901-7699,Public       ,1758,1951,3709,1758,1951,3709
00177212,TRINITY INTERNATIONAL UNIV-CA           ,CA,92705-0000,Private      ,7,121,128,7,121,128
00274100,AMERICAN JEWISH UNIVERSITY              ,CA,90077-1599,Private      ,73,106,179,73,106,179
00301002,ANTIOCH UNIV/LOS ANGELES                ,CA,90230-7615,Private      ,31,583,614,31,583,614
00301003,ANTIOCH  UNIV/SANTA BARBARA             ,CA,93101-0000,Private      ,256,270,526,256,270,526
00369110,MIDDLEBURY COLLEGE - MONTEREY INSTITUTE ,CA,93940-2691,Private      ,28,609,637,28,609,637
00394700,UC-HASTINGS COLLEGE OF THE LAW          ,CA,94102-0000,Public       ,9,3444,3453,9,3444,3453
00394800,SAN FRANCISCO ART INSTITUTE             ,CA,94133-2299,Private      ,1170,740,1910,1170,740,1910
00405500,HEBREW UNION COLLEGE - JEWISH INSTITUTE ,CA,90007-3796,Private      ,0,26,26,0,26,26
00408000,STARR KING SCHOOL FOR THE MINISTRY      ,CA,94709-1299,Private      ,0,34,34,0,34,34
00448000,DE ANZA COLLEGE                         ,CA,95014-5793,Public       ,4573,3038,7611,4573,3038,7611
00448100,OHLONE COLLEGE                          ,CA,94539-5847,Public       ,1941,1429,3370,1941,1429,3370
00448400,JOHN F. KENNEDY UNIVERSITY              ,CA,94523-4817,Private      ,27,824,851,27,824,851
00449000,PATTEN UNIVERSITY                       ,CA,94601-2699,Private      ,99,162,261,99,162,261
00449400,EVEREST COLLEGE                         ,CA,92408-3752,Proprietary  ,244,376,620,244,376,620
00450200,CITY COLLEGE OF SAN FRANCISCO           ,CA,94112-0000,Public       ,6086,6385,12471,6086,6385,12471
00450302,EVEREST COLLEGE - SANTA ANA             ,CA,92701-4559,Proprietary  ,124,60,184,124,60,184
00563800,DOWNEY ADULT SCHOOL                     ,CA,90241-5610,Public       ,77,190,267,77,190,267
00565500,HACIENDA LA PUENTE ADULT EDUC CTR       ,CA,91746-0000,Public       ,57,142,199,57,142,199
00616500,LA CNTY CLG OF NURSING & ALLD HLTH      ,CA,90033-1018,Public       ,77,301,378,77,301,378
00672000,COLLEGE OF ALAMEDA                      ,CA,94501-2109,Public       ,1423,1358,2781,1423,1358,2781
00673100,CASA LOMA COLLEGE                       ,CA,91405-4523,Private      ,58,175,233,58,175,233
00697300,CANADA COLLEGE                          ,CA,94061-1099,Public       ,714,774,1488,714,774,1488
00697500,LINCOLN UNIVERSITY                      ,CA,94612-2801,Private      ,30,50,80,30,50,80
00701200,SAMUEL MERRITT COLLEGE                  ,CA,94609-3108,Private      ,282,1669,1951,282,1669,1951
00704700,LOS ANGELES SOUTHWEST COLLEGE           ,CA,90047-4810,Public       ,1618,2966,4584,1618,2966,4584
00705000,BAY VISTA COLLEGE OF BEAUTY             ,CA,91950-3616,Proprietary  ,29,76,105,29,76,105
00711500,MOORPARK COLLEGE                        ,CA,93021-1695,Public       ,2972,1759,4731,2972,1759,4731
00713000,NEWBERRY SCHOOLS OF BEAUTY              ,CA,91344-7404,Proprietary  ,11,12,23,11,12,23
00714200,LYLE'S COLLEGE OF BEAUTY                ,CA,93710-3948,Proprietary  ,57,37,94,57,37,94
00716400,BRYAN COLLEGE                           ,CA,90057-0000,Proprietary  ,86,473,559,86,473,559
00718700,NORTH ADRIAN'S COLLEGE OF BEAUTY        ,CA,95350-2381,Proprietary  ,46,34,80,46,34,80
00719000,WYOTECH                                 ,CA,94539-7663,Proprietary  ,395,747,1142,395,747,1142
00720300,SALON SUCCESS ACADEMY                   ,CA,91786-4060,Proprietary  ,33,33,66,33,33,66
00720400,MODERN BEAUTY ACADEMY                   ,CA,93030-7016,Proprietary  ,12,10,22,12,10,22
00722900,WESTERN BEAUTY INSTITUTE                ,CA,91402-3104,Proprietary  ,34,19,53,34,19,53
00723400,HEALD COLLEGE                           ,CA,94105-2206,Proprietary  ,314,1026,1340,314,1026,1340
00723600,ART INST OF CALIFORNIA-LOS ANGELES      ,CA,90405-3035,Proprietary  ,5015,3489,8504,5015,3489,8504
00725300,FEDERICO BEAUTY INSTITUTE               ,CA,95834-1905,Proprietary  ,121,126,247,121,126,247
00729600,COLEMAN COLLEGE                         ,CA,92123-0000,Private      ,95,319,414,95,319,414
00732909,ITT TECHNICAL INSTITUTE                 ,CA,92868-3506,Proprietary  ,193,398,591,193,398,591
00732971,ITT TECHNICAL INSTITUTE                 ,CA,95670-6047,Proprietary  ,196,448,644,196,448,644
00732976,ITT TECHNICAL INSTITUTE                 ,CA,92408-3519,Proprietary  ,638,1139,1777,638,1139,1777
00732981,ITT TECHNICAL INSTITUTE                 ,CA,92123-2662,Proprietary  ,378,898,1276,378,898,1276
00732985,ITT TECHNICAL INSTITUTE                 ,CA,91773-2933,Proprietary  ,259,547,806,259,547,806
00732989,ITT TECHNICAL INSTITUTE                 ,CA,90502-1356,Proprietary  ,177,393,570,177,393,570
00732994,ITT TECHNICAL INSTITUTE                 ,CA,91342-3664,Proprietary  ,224,493,717,224,493,717
00746501,AMERICAN ACADEMY OF DRAMATIC ARTS - HOLL,CA,90028-7504,Private      ,331,130,461,331,130,461
00747600,MARINELLO SCHOOLS OF BEAUTY             ,CA,90023-2666,Proprietary  ,243,371,614,243,371,614
00747602,MARINELLO SCHOOLS OF BEAUTY - SPA ACADEM,CA,90048-5101,Proprietary  ,34,26,60,34,26,60
00747603,MARINELLO SCHOOLS OF BEAUTY - INGLEWOOD ,CA,90301-2306,Proprietary  ,11,9,20,11,9,20
00747604,MARINELLO SCHOOLS OF BEAUTY - RESEDA    ,CA,91335-4218,Proprietary  ,13,10,23,13,10,23
00747605,MARINELLO SCHOOLS OF BEAUTY - NORTH HOLL,CA,91606-3210,Proprietary  ,20,17,37,20,17,37
00747606,MARINELLO SCHOOLS OF BEAUTY - WEST COVIN,CA,91790-2805,Proprietary  ,27,20,47,27,20,47
00747607,MARINELLO SCHOOLS OF BEAUTY - SAN BERNAR,CA,92410-3261,Proprietary  ,87,48,135,87,48,135
00747608,MARINELLO SCHOOLS OF BEAUTY - ONTARIO   ,CA,91762-2113,Proprietary  ,61,54,115,61,54,115
00747609,MARINELLO SCHOOLS OF BEAUTY - WHITTIER  ,CA,90601-4107,Proprietary  ,32,24,56,32,24,56
00747611,MARINELLO SCHOOLS OF BEAUTY - SAN DIEGO ,CA,92126-4217,Proprietary  ,97,88,185,97,88,185
00747700,"HEALD COLLEGE,SCHOOLS OF BUS & TECH     ",CA,95670-6005,Proprietary  ,274,1003,1277,274,1003,1277
00753100,ACADEMY OF ART UNIVERSITY               ,CA,94105-3410,Proprietary  ,5557,6636,12193,5557,6636,12193
00753600,COSUMNES RIVER COLLEGE                  ,CA,95823-5799,Public       ,5307,4994,10301,5307,4994,10301
00754802,WESTWOOD COLLEGE OF TECHNOLOGY          ,CA,92801-0000,Proprietary  ,722,403,1125,722,403,1125
00754803,WESTWOOD COLLEGE OF TECHNOLOGY          ,CA,91786-0000,Proprietary  ,766,549,1315,766,549,1315
00760600,EVEREST COLLEGE                         ,CA,90010-2221,Proprietary  ,208,235,443,208,235,443
00760700,CONCORDE CAREER INSTITUTE               ,CA,91606-3134,Proprietary  ,119,230,349,119,230,349
00770700,COLUMBIA COLLEGE                        ,CA,95370-8580,Public       ,700,641,1341,700,641,1341
00771300,SKYLINE COLLEGE                         ,CA,94066-1698,Public       ,1846,1391,3237,1846,1391,3237
00793000,CONCORDE CAREER INSTITUTE               ,CA,92108-0000,Proprietary  ,101,282,383,101,282,383
00799300,CALIF STATE UNIV BAKERSFIELD            ,CA,93311-1022,Public       ,7192,4715,11907,7192,4715,11907
00807100,CONCORDE CAREER INSTITUTE               ,CA,92840-9201,Proprietary  ,126,278,404,126,278,404
00807300,BUTTE COMMUNITY COLLEGE                 ,CA,95965-0000,Public       ,4378,4047,8425,4378,4047,8425
00809000,EVEREST COLLEGE                         ,CA,91803-1310,Proprietary  ,115,243,358,115,243,358
00809300,HEALD COLLEGE                           ,CA,93704-1706,Proprietary  ,846,1536,2382,846,1536,2382
00853200,HEALD COLLEGE                           ,CA,94545-2352,Proprietary  ,412,1191,1603,412,1191,1603
00853202,HEALD COLLEGE - MODESTO                 ,CA,95368-9095,Proprietary  ,212,409,621,212,409,621
00853700,CONCORDE CAREER INSTITUTE               ,CA,92401-0000,Proprietary  ,153,479,632,153,479,632
00859600,WEST LOS ANGELES COLLEGE                ,CA,90230-3500,Public       ,2242,3205,5447,2242,3205,5447
00859700,FEATHER RIVER COLLEGE                   ,CA,95971-9124,Public       ,400,233,633,400,233,633
00884400,CALIFORNIA CHRISTIAN COLLEGE            ,CA,93703-3599,Private      ,45,48,93,45,48,93
00884600,WRIGHT INSTITUTE                        ,CA,94704-0000,Private      ,1,262,263,1,262,263
00890300,COLLEGE OF THE CANYONS                  ,CA,91355-1899,Public       ,3513,2067,5580,3513,2067,5580
00891800,SADDLEBACK COLLEGE                      ,CA,92692-3699,Public       ,2712,2325,5037,2712,2325,5037
00902200,ASSOCIATED TECHNICAL COLLEGE            ,CA,90017-0000,Proprietary  ,44,55,99,44,55,99
00903200,EMPIRE COLLEGE                          ,CA,95403-2122,Proprietary  ,54,159,213,54,159,213
00915706,WYOMING TECHNICAL INSTITUTE - WEST SACRA,CA,95605-1507,Proprietary  ,333,391,724,333,391,724
00927200,CRAFTON HILLS COLLEGE                   ,CA,92399-1799,Public       ,2163,1666,3829,2163,1666,3829
00932500,ABRAM FRIEDMAN OCCUP CTR                ,CA,90015-3507,Public       ,37,105,142,37,105,142
00950900,SKILLS & BUSINESS EDUCATION CENTER      ,CA,95824-1529,Public       ,153,502,655,153,502,655
00974800,CARRINGTON COLLEGE CALIFORNIA           ,CA,95826-3203,Proprietary  ,407,972,1379,407,972,1379
00974801,CARRINGTON COLLEGE CALIFORNIA - SAN LEAN,CA,94578-3711,Proprietary  ,179,338,517,179,338,517
00974802,CARRINGTON COLLEGE CALIFORNIA - PLEASANT,CA,94523-1984,Proprietary  ,92,210,302,92,210,302
00974803,CARRINGTON COLLEGE CALIFORNIA - STOCKTON,CA,95207-5509,Proprietary  ,177,283,460,177,283,460
00974804,CARRINGTON COLLEGE CALIFORNIA - CITRUS H,CA,95621-5577,Proprietary  ,98,258,356,98,258,356
00974806,CARRINGTON COLLEGE CALIFORNIA -  ANTIOCH,CA,94531-1604,Proprietary  ,74,181,255,74,181,255
00974807,CARRINGTON COLLEGE CALIFORNIA - SAN JOSE,CA,95119-1325,Proprietary  ,233,509,742,233,509,742
00974808,CARRINGTON COLLEGE CALIFORNIA - EMERYVIL,CA,94608-3006,Proprietary  ,76,156,232,76,156,232
00974809,WESTERN CAREER COLLEGE -  EMERYVILLE SHE,CA,94608-3006,Proprietary  ,11,35,46,11,35,46
00998900,SANTA BARBARA BUSINESS COLLEGE          ,CA,93111-0000,Proprietary  ,126,199,325,126,199,325
01011100,CERRO-COSO COMMUNITY COLLEGE            ,CA,93555-9571,Public       ,378,790,1168,378,790,1168
01014900,PEPPERDINE UNIVERSITY                   ,CA,90263-0000,Private      ,7691,4439,12130,7691,4439,12130
01034000,LOS MEDANOS COLLEGE                     ,CA,94565-5197,Public       ,1833,2111,3944,1833,2111,3944
01036500,CHARLES R DREW UNIV OF MED & SCI        ,CA,90059-0000,Private      ,70,348,418,70,348,418
01036800,MENNONITE BRETHREN BIBLICAL SEM         ,CA,93727-0000,Private      ,1,12,13,1,12,13
01039500,UNIVERSITY OF SAN DIEGO                 ,CA,92110-2492,Private      ,15049,4207,19256,15049,4207,19256
01039501,UNIVERSITY OF SAN DIEGO - SCHOOL OF LAW ,CA,92110-2492,Private      ,711,2811,3522,711,2811,3522
01044100,PARDEE RAND GRADUATE SCHOOL             ,CA,90407-2138,Private      ,0,13,13,0,13,13
01047400,MARYMOUNT COLLEGE OF PALOS VERDES       ,CA,90275-0000,Private      ,1265,127,1392,1265,127,1392
01083200,WESTERN STATE UNIV COLLEGE OF LAW       ,CA,92831-3014,Proprietary  ,17,911,928,17,911,928
01085400,THOMAS JEFFERSON SCHOOL OF LAW          ,CA,92110-0000,Private      ,17,1354,1371,17,1354,1371
01102400,EVEREST COLLEGE                         ,CA,94103-2091,Proprietary  ,88,162,250,88,162,250
01110700,EVEREST  COLLEGE                        ,CA,92801-5231,Proprietary  ,274,356,630,274,356,630
01110900,EVEREST COLLEGE                         ,CA,91335-4631,Proprietary  ,202,280,482,202,280,482
01111200,FIDM-FASHION INSTITUTE OF DESIGN        ,CA,90015-1421,Proprietary  ,4632,1518,6150,4632,1518,6150
01111700,ALLIANT INTERNATIONAL UNIVERSITY        ,CA,92131-1799,Private      ,94,1605,1699,94,1605,1699
01111705,ALLIANT INTERNATIONAL UNIVERSITY - LOS A,CA,91803-1360,Private      ,6,428,434,6,428,434
01111706,ALLIANT INTERNATIONAL UNIVERSITY - SAN F,CA,94133-1221,Private      ,26,579,605,26,579,605
01111707,ALLIANT INTERNATIONAL UNIVERSITY - FRESN,CA,93727-2014,Private      ,48,405,453,48,405,453
01112100,EVEREST COLLEGE                         ,CA,94541-4007,Proprietary  ,47,128,175,47,128,175
01112300,EVEREST COLLEGE                         ,CA,90247-4163,Proprietary  ,136,258,394,136,258,394
01146000,NATIONAL UNIVERSITY                     ,CA,92037-1011,Private      ,335,6410,6745,335,6410,6745
01162600,PRACTICAL SCHOOLS                       ,CA,92805-0000,Proprietary  ,314,579,893,314,579,893
01164900,LOYOLA MARYMOUNT UNIVERSITY             ,CA,90045-0000,Private      ,11266,2411,13677,11266,2411,13677
01164901,LMU  - LOYOLA LAW SCHOOL                ,CA,90015-0019,Private      ,232,3142,3374,232,3142,3374
01167200,MENDOCINO COLLEGE                       ,CA,95482-3000,Public       ,655,847,1502,655,847,1502
01170700,NORTH-WEST COLLEGE                      ,CA,91790-2097,Proprietary  ,50,69,119,50,69,119
01179200,FRANCISCAN SCHOOL OF THEOLOGY           ,CA,94709-0000,Private      ,0,12,12,0,12,12
01182000,SAN DIEGO MIRAMAR COLLEGE               ,CA,92126-0000,Public       ,2347,2363,4710,2347,2363,4710
01186500,CALIFORNIA HAIR DESIGN ACADEMY          ,CA,92115-0000,Proprietary  ,44,56,100,44,56,100
01186600,LU ROSS ACADEMY                         ,CA,93001-2927,Proprietary  ,34,31,65,34,31,65
01202600,JE BOUTIQUE COLLEGE OF BEAUTY           ,CA,92021-6247,Proprietary  ,22,50,72,22,50,72
01202700,GALEN COLLEGE OF CALIFORNIA             ,CA,93728-2381,Proprietary  ,20,44,64,20,44,64
01203100,SAN DIEGO CHRISTIAN COLLEGE             ,CA,92019-1157,Private      ,596,282,878,596,282,878
01206100,EVEREST COLLEGE                         ,CA,95128-3908,Proprietary  ,135,214,349,135,214,349
01215400,CALIFORNIA INSTITUTE OF INTEGRAL STUDIES,CA,94103-2557,Private      ,18,888,906,18,888,906
01231600,MANCHESTER BEAUTY COLLEGE               ,CA,93726-5306,Proprietary  ,77,67,144,77,67,144
01231700,TULARE BEAUTY COLLEGE                   ,CA,93274-3432,Proprietary  ,15,20,35,15,20,35
01244600,UNIVERSAL COLLEGE OF BEAUTY             ,CA,90044-0044,Proprietary  ,35,26,61,35,26,61
01245200,EVERGREEN VALLEY COLLEGE                ,CA,95135-1598,Public       ,2773,2296,5069,2773,2296,5069
01255000,LOS ANGELES MISSION COLLEGE             ,CA,91342-3200,Public       ,3238,2560,5798,3238,2560,5798
01265000,MARINELLO SCHOOL OF BEAUTY              ,CA,91502-2828,Proprietary  ,28,30,58,28,30,58
01265100,MARINELLO SCHOOL OF BEAUTY              ,CA,91748-1674,Proprietary  ,19,24,43,19,24,43
01284200,OXNARD COLLEGE                          ,CA,93030-0000,Public       ,1745,1534,3279,1745,1534,3279
01287200,NORTH-WEST COLLEGE                      ,CA,91768-3199,Proprietary  ,48,63,111,48,63,111
01287300,WYOTECH                                 ,CA,90810-3800,Proprietary  ,457,496,953,457,496,953
01287301,WYOTECH - EVEREST  COLLEGE              ,CA,90034-3158,Proprietary  ,120,260,380,120,260,380
01287302,WYOTECH - EVEREST  COLLEGE              ,CA,91746-3412,Proprietary  ,238,340,578,238,340,578
01290700,LAKE TAHOE COMMUNITY COLLEGE            ,CA,96150-4524,Public       ,346,365,711,346,365,711
01291100,MARINELLO SCHOOL OF BEAUTY              ,CA,92646-2552,Proprietary  ,30,32,62,30,32,62
01291200,MTI COLLEGE                             ,CA,95841-0000,Proprietary  ,273,808,1081,273,808,1081
01294200,ROSEMEAD BEAUTY SCHOOL                  ,CA,91770-1639,Proprietary  ,11,35,46,11,35,46
01298400,PROFESSIONAL INSTITUTE OF BEAUTY        ,CA,91731-2613,Proprietary  ,5,5,10,5,5,10
01298500,HAIR CALIFORNIA BEAUTY ACADEMY          ,CA,92867-7127,Proprietary  ,15,18,33,15,18,33
01298900,OCEANSIDE COLLEGE OF BEAUTY             ,CA,92054-5393,Proprietary  ,45,53,98,45,53,98
01301000,LANCASTER BEAUTY SCHOOL                 ,CA,93534-3098,Proprietary  ,24,38,62,24,38,62
01307400,AMERICAN BEAUTY COLLEGE                 ,CA,91790-2906,Proprietary  ,35,22,57,35,22,57
01309500,SALON SUCCESS ACADEMY                   ,CA,92879-6561,Proprietary  ,39,46,85,39,46,85
01310300,CALIFORNIA WESTERN SCHOOL OF LAW        ,CA,92101-0000,Private      ,47,1538,1585,47,1538,1585
01324000,LYTLE'S REDWOOD EMPIRE BEAUTY CLG       ,CA,95403-0000,Proprietary  ,54,83,137,54,83,137
02054900,MARINELLO SCHOOL OF BEAUTY              ,CA,92630-0000,Proprietary  ,19,10,29,19,10,29
02059800,PARIS BEAUTY COLLEGE                    ,CA,94520-2611,Proprietary  ,18,35,53,18,35,53
02063500,COASTLINE COMMUNITY COLLEGE             ,CA,92708-0000,Public       ,1009,2446,3455,1009,2446,3455
02064300,SIERRA COLLEGE OF BEAUTY                ,CA,95340-0000,Proprietary  ,43,56,99,43,56,99
02065700,CALIFORNIA BEAUTY COLLEGE               ,CA,95354-0000,Proprietary  ,91,69,160,91,69,160
02070500,CONCORDIA UNIVERSITY                    ,CA,92612-0000,Private      ,1885,959,2844,1885,959,2844
02075800,SOUTHERN CA INST OF ARCHITECTURE        ,CA,90013-0000,Private      ,153,375,528,153,375,528
02086400,MARINELLO SCHOOL OF BEAUTY              ,CA,95050-0000,Proprietary  ,41,74,115,41,74,115
02091200,ELEGANCE INTERNATIONAL                  ,CA,90028-0000,Proprietary  ,61,64,125,61,64,125
02091700,KAPLAN COLLEGE                          ,CA,92123-1509,Proprietary  ,280,884,1164,280,884,1164
02091702,KAPLAN COLLEGE - CHULA VISTA            ,CA,91910-5342,Proprietary  ,55,85,140,55,85,140
02096100,FIELDING GRADUATE UNIVERSITY            ,CA,93105-0000,Private      ,2,338,340,2,338,340
02099200,AMERICAN CONSERVATORY THEATER           ,CA,94108-0000,Private      ,37,192,229,37,192,229
02110200,COLUMBIA COLLEGE                        ,CA,91356-0000,Private      ,231,99,330,231,99,330
02110800,CALIFORNIA COLLEGE SAN DIEGO            ,CA,92108-3821,Proprietary  ,1009,1220,2229,1009,1220,2229
02111300,CUYAMACA COLLEGE                        ,CA,92019-0000,Public       ,2217,2893,5110,2217,2893,5110
02113601,AMERICAN INTERCONTINENTAL UNIV - LOS ANG,CA,90066-7008,Proprietary  ,3,2,5,3,2,5
02119100,MISSION COLLEGE                         ,CA,95054-1897,Public       ,1791,2260,4051,1791,2260,4051
02120600,SAYBROOK GRADUATE SCHOOL                ,CA,94111-1920,Private      ,1,246,247,1,246,247
02120700,SAN JOAQUIN VALLEY COLLEGE              ,CA,93291-0000,Proprietary  ,1343,2499,3842,1343,2499,3842
02125000,CAREER ACADEMY OF BEAUTY                ,CA,92845-0000,Proprietary  ,16,13,29,16,13,29
02128200,"VICTOR VALLEY BEAUTY COLLEGE, INC       ",CA,92392-0000,Proprietary  ,34,58,92,34,58,92
02128300,INSTITUTE FOR BUSINESS & TECHNOLOGY     ,CA,95050-0000,Proprietary  ,35,157,192,35,157,192
02128301,INSTITUTE FOR BUSINESS & TECHNOLOGY - NA,CA,95670-6351,Proprietary  ,9,71,80,9,71,80
02138300,PALO ALTO UNIVERSITY                    ,CA,94304-1337,Private      ,34,471,505,34,471,505
02147400,CLEVELAND CHIROPRACTIC COLLEGE          ,CA,90004-0000,Private      ,30,123,153,30,123,153
02161800,MUSICIANS INSTITUTE                     ,CA,90028-6157,Proprietary  ,934,543,1477,934,543,1477
02167800,ESTES INSTITUTE OF COSMETOLOGY          ,CA,93291-0000,Proprietary  ,66,39,105,66,39,105
02174600,MARINELLO SCHOOL OF BEAUTY              ,CA,90201-0000,Proprietary  ,26,33,59,26,33,59
02180600,BRIDGES  ACADEMY OF BEAUTY              ,CA,92311-2327,Proprietary  ,5,8,13,5,8,13
02184900,PALMER COLLEGE OF CHIROPRACTIC WEST     ,CA,95134-0000,Private      ,15,203,218,15,203,218
02185800,MOLER BARBER COLLEGE                    ,CA,94611-0000,Proprietary  ,20,36,56,20,36,56
02187500,"HEALD COLLEGE, SCH OF BUS & TECH        ",CA,94520-0000,Proprietary  ,499,1199,1698,499,1199,1698
02188400,SIERRA VALLEY COLLEGE OF COURT REPORTING,CA,93726-0000,Proprietary  ,24,81,105,24,81,105
02208600,MADERA BEAUTY COLLEGE                   ,CA,93637-3519,Proprietary  ,34,32,66,34,32,66
02211000,SALON SUCCESS ACADEMY                   ,CA,92405-0000,Proprietary  ,45,22,67,45,22,67
02220000,COLLEEN O'HARA BEAUTY ACADEMY           ,CA,92701-0000,Proprietary  ,21,21,42,21,21,42
02220200,CALIFORNIA CULINARY ACADEMY             ,CA,94102-3336,Proprietary  ,386,410,796,386,410,796
02221300,MARINELLO SCHOOL OF BEAUTY              ,CA,92553-0000,Proprietary  ,66,113,179,66,113,179
02222000,AMERICAN FILM INSTITUTE                 ,CA,90027-0000,Private      ,200,427,627,200,427,627
02226000,EAST LOS ANGELES COLLEGE                ,CA,91754-0000,Public       ,10044,6686,16730,10044,6686,16730
02228500,LIFE CHIROPRACTIC COLLEGE WEST          ,CA,94545-0000,Private      ,11,170,181,11,170,181
02230900,FREDRICK & CHARLES BEAUTY COLLEGE       ,CA,95501-0000,Proprietary  ,23,28,51,23,28,51
02231900,GEMOLOGICAL INSTITUTE OF AMERICA        ,CA,92008-4698,Private      ,28,81,109,28,81,109
02234300,FASHION CAREERS OF CALIFORNIA           ,CA,92110-0000,Proprietary  ,108,76,184,108,76,184
02236400,"THANH LE COLG, SCH OF COSMETOLOGY       ",CA,92840-0000,Proprietary  ,3,2,5,3,2,5
02237200,PHILLIPS GRADUATE INSTITUTE             ,CA,91316-0000,Private      ,2,101,103,2,101,103
02241600,SAN DIEGO CONTINUING EDUCATION          ,CA,92113-0000,Public       ,52,259,311,52,259,311
02241800,AMERICAN CAREER COLLEGE                 ,CA,90004-0000,Proprietary  ,586,1014,1600,586,1014,1600
02242700,BERKELEY CITY COLLEGE                   ,CA,94704-0000,Public       ,1679,1769,3448,1679,1769,3448
02250602,EVEREST COLLEGE                         ,CA,91761-8525,Proprietary  ,246,819,1065,246,819,1065
02255400,INTERNATIONAL SCHOOL OF COSMETOLOGY     ,CA,90250-0000,Proprietary  ,30,58,88,30,58,88
02255600,MARINELLO SCHOOL OF BEAUTY              ,CA,90723-0000,Proprietary  ,30,44,74,30,44,74
02258600,ALAMEDA BEAUTY COLLEGE                  ,CA,94501-0000,Proprietary  ,55,82,137,55,82,137
02262400,YESHIVA OHR ELCHONON CHABAD             ,CA,90046-0000,Private      ,31,1,32,31,1,32
02263101,ANTHEM COLLEGE - SACRAMENTO             ,CA,95827-3378,Proprietary  ,27,63,90,27,63,90
02267600,INSTITUTE OF TRANSPERSONAL PSYCHLGY     ,CA,94303-4624,Private      ,1,235,236,1,235,236
02270600,LIFE PACIFIC COLLEGE                    ,CA,91773-0000,Private      ,190,100,290,190,100,290
02276800,WESTMINSTER SEMINARY CALIFORNIA         ,CA,92027-0000,Private      ,0,110,110,0,110,110
02277400,SOUTH COAST COLLEGE                     ,CA,92868-2616,Proprietary  ,112,263,375,112,263,375
02282300,ALHAMBRA BEAUTY COLLEGE                 ,CA,91802-0000,Proprietary  ,11,10,21,11,10,21
02285100,HILLTOP BEAUTY SCHOOL                   ,CA,94014-0000,Proprietary  ,2,19,21,2,19,21
02298000,DESIGN INSTITUTE OF SAN DIEGO           ,CA,92121-0000,Proprietary  ,122,143,265,122,143,265
02304300,"PLATT COLLEGE, SAN DIEGO                ",CA,92115-0000,Proprietary  ,130,157,287,130,157,287
02306300,KAPLAN COLLEGE                          ,CA,95368-0000,Proprietary  ,185,324,509,185,324,509
02306302,KAPLAN COLLEGE - FRESNO                 ,CA,93612-3802,Proprietary  ,167,266,433,167,266,433
02309500,CLOVIS ADULT EDUC                       ,CA,93611-0000,Public       ,23,130,153,23,130,153
02312400,LA COLLEGE INTERNATIONAL                ,CA,90010-0000,Proprietary  ,28,387,415,28,387,415
02327600,ART INSTITUTE OF CALIFORNIA - SAN DIEGO ,CA,92108-4401,Proprietary  ,2422,2133,4555,2422,2133,4555
02330500,LAGUNA COLLEGE OF ART AND DESIGN        ,CA,92651-0000,Private      ,428,165,593,428,165,593
02332800,CENTER FOR EMPLOYMENT TRAINING          ,CA,95110-0000,Private      ,36,110,146,36,110,146
02338500,GLENDALE CAREER COLLEGE                 ,CA,91203-1207,Proprietary  ,80,113,193,80,113,193
02338700,MARINELLO SCHOOL OF BEAUTY              ,CA,94103-0000,Proprietary  ,96,84,180,96,84,180
02342400,ACADEMY OF RADIO BROADCASTING           ,CA,92647-3809,Proprietary  ,45,91,136,45,91,136
02343400,"BELLUS ACADEMY, THE ACADEMY OF BEAUTY AN",CA,92064-4633,Proprietary  ,77,118,195,77,118,195
02345800,MONTEBELLO BEAUTY COLLEGE               ,CA,90640-0000,Proprietary  ,10,8,18,10,8,18
02351900,KAPLAN COLLEGE                          ,CA,95660-5512,Proprietary  ,235,572,807,235,572,807
02351901,KAPLAN COLLEGE - BAKERSFIELD            ,CA,93304-0000,Proprietary  ,389,593,982,389,593,982
02358000,THOMAS AQUINAS COLLEGE                  ,CA,93060-9622,Private      ,329,12,341,329,12,341
02359300,SHASTA BIBLE COLLEGE                    ,CA,96002-0000,Private      ,28,31,59,28,31,59
02482700,WESTERN UNIVERSITY OF HEALTH S          ,CA,91766-1854,Private      ,100,4278,4378,100,4278,4378
02494800,LOLA BEAUTY COLLEGE                     ,CA,92641-0000,Proprietary  ,7,6,13,7,6,13
02497300,TRINITY COLLEGE                         ,CA,93277-8109,Proprietary  ,60,202,262,60,202,262
02500000,SAN JOAQUIN COLLEGE OF LAW              ,CA,93612-0000,Private      ,13,180,193,13,180,193
02518400,THE NATIONAL HISPANIC UNIVERSITY        ,CA,95127-0000,Proprietary  ,241,300,541,241,300,541
02519800,AVANCE BEAUTY COLLEGE                   ,CA,92154-0000,Proprietary  ,48,38,86,48,38,86
02520200,CALIFORNIA CAREER SCHOOLS               ,CA,92805-0000,Proprietary  ,42,67,109,42,67,109
02520300,INTERIOR DESIGNERS INSTITUTE            ,CA,92660-0000,Proprietary  ,19,47,66,19,47,66
02520400,ADRIAN'S BEAUTY COLLEGE OF TURLOCK      ,CA,95382-0000,Proprietary  ,70,57,127,70,57,127
02537200,PALOMAR INSTITUTE OF COSMETOLOGY        ,CA,92069-0000,Proprietary  ,61,82,143,61,82,143
02539100,KAPLAN COLLEGE                          ,CA,91606-3231,Proprietary  ,308,678,986,308,678,986
02539102,KAPLAN COLLEGE -  RIVERSIDE             ,CA,92507-4223,Proprietary  ,184,324,508,184,324,508
02539500,IRVINE VALLEY COLLEGE                   ,CA,92620-0000,Public       ,3234,1890,5124,3234,1890,5124
02542300,NATIONAL HOLISTIC INSTITUTE             ,CA,94608-0000,Proprietary  ,80,245,325,80,245,325
02543400,BROWNSON TECHNICAL SCHOOL               ,CA,92805-0000,Proprietary  ,18,34,52,18,34,52
02545900,HYPNOSIS MOTIVATION INSTITUTE           ,CA,91356-0000,Private      ,0,21,21,0,21,21
02546400,MTI BUSINESS COLLEGE INC                ,CA,95207-0000,Proprietary  ,24,51,75,24,51,75
02549000,KAPLAN COLLEGE                          ,CA,92083-7736,Proprietary  ,192,500,692,192,500,692
02549005,KAPLAN COLLEGE -  PALM SPRINGS          ,CA,92262-7011,Proprietary  ,145,266,411,145,266,411
02553500,ASSOCIATED TECHNICAL COLLEGE            ,CA,92101-0000,Proprietary  ,51,69,120,51,69,120
02553600,DIVERSIFIED LANGUAGE INSTITUTE          ,CA,90017-0000,Proprietary  ,10,80,90,10,80,90
02559300,UNITED EDUCATION INSTITUTE              ,CA,90020-0000,Proprietary  ,386,1078,1464,386,1078,1464
02559400,INTERCOAST COLLEGES                     ,CA,92868-1656,Proprietary  ,53,488,541,53,488,541
02565400,KAPLAN COLLEGE                          ,CA,95207-6216,Proprietary  ,183,363,546,183,363,546
02570300,LOS ANGELES ORT COLLEGE                 ,CA,90048-0000,Private      ,42,100,142,42,100,142
02577900,SANTA BARBARA BUSINESS COLLEGE          ,CA,93309-1664,Proprietary  ,276,471,747,276,471,747
02578000,SANTA BARBARA BUSINESS COLLEGE          ,CA,93454-6943,Proprietary  ,112,226,338,112,226,338
02584200,NEWBRIDGE COLLEGE                       ,CA,92701-0000,Proprietary  ,83,186,269,83,186,269
02591600,NORTH-WEST COLLEGE                      ,CA,91101-1744,Proprietary  ,23,52,75,23,52,75
02593100,HEALD COLLEGE                           ,CA,95678-5303,Proprietary  ,377,1203,1580,377,1203,1580
02593200,HEALD COLLEGE                           ,CA,95035-8008,Proprietary  ,337,908,1245,337,908,1245
02593300,HEALD COLLEGE                           ,CA,95210-5667,Proprietary  ,702,1546,2248,702,1546,2248
02595600,ASIAN AMERICAN INTERNATIONAL BTY CG     ,CA,92683-4043,Proprietary  ,3,4,7,3,4,7
02597300,SOUTH BAYLO UNIVERSITY                  ,CA,92801-1701,Private      ,5,105,110,5,105,110
02602300,CENTRAL COAST COLLEGE                   ,CA,93901-3301,Proprietary  ,130,125,255,130,125,255
02608900,PINNACLE COLLEGE                        ,CA,91803-8842,Proprietary  ,28,18,46,28,18,46
02608901,PINNACLE COLLEGE - SACRAMENTO           ,CA,95670-6386,Proprietary  ,22,39,61,22,39,61
02609000,EMPERORS COLG OF TRAD ORIENTAL MED      ,CA,90403-5609,Proprietary  ,11,65,76,11,65,76
02612800,LOS ANGELES RECORDING SCHOOL            ,CA,90028-3112,Proprietary  ,239,155,394,239,155,394
03010611,VIRGINIA COLLEGE - GOLF ACADEMY OF AMERI,CA,92008-6512,Proprietary  ,33,94,127,33,94,127
03011300,"CALIF STATE UNIV, SAN MARCOS            ",CA,92096-0001,Public       ,10732,4617,15349,10732,4617,15349
03019900,CAPSTONE COLLEGE                        ,CA,91402-4924,Proprietary  ,5,16,21,5,16,21
03025600,DELL'ARTE SCH OF PHYSICAL THEATRE       ,CA,95525-0816,Private      ,2,19,21,2,19,21
03027700,PACIFIC COLLEGE OF ORIENTAL MED         ,CA,92108-4408,Proprietary  ,20,262,282,20,262,282
03029600,POMONA ADULT SCHOOL                     ,CA,91766-0000,Public       ,28,52,80,28,52,80
03031409,INTERNATIONAL ACADEMY OF DESIGN AND TECH,CA,95834-9664,Proprietary  ,199,339,538,199,339,538
03034000,HEALD COLLEGE                           ,CA,93906-5100,Proprietary  ,567,1056,1623,567,1056,1623
03035700,LAS POSITAS COLLEGE                     ,CA,94551-6750,Public       ,1574,975,2549,1574,975,2549
03039900,FREMONT COLLEGE                         ,CA,90703-5342,Proprietary  ,140,199,339,140,199,339
03043900,NEWSCHOOL OF ARCHITECTURE & DESIGN      ,CA,92101-6634,Proprietary  ,270,341,611,270,341,611
03044500,KAPLAN COLLEGE                          ,CA,91402-4222,Proprietary  ,58,116,174,58,116,174
03054100,ROYALE COLLEGE OF BEAUTY                ,CA,92590-2525,Proprietary  ,20,15,35,20,15,35
03062300,WESTECH COLLEGE                         ,CA,91764-4988,Proprietary  ,34,122,156,34,122,156
03062400,MT DIABLO ADULT EDUC LOMA VISTA CTR     ,CA,94518-1122,Public       ,43,84,127,43,84,127
03062700,PLATT COLLEGE                           ,CA,90041-0000,Proprietary  ,126,149,275,126,149,275
03062701,PLATT COLLEGE                           ,CA,91764-0000,Proprietary  ,180,251,431,180,251,431
03063400,MODERN TECHNOLOGY SCHOOL                ,CA,92708-9821,Proprietary  ,19,66,85,19,66,85
03067400,BALDWIN PARK ADULT SCHOOL               ,CA,91706-4897,Public       ,44,77,121,44,77,121
03067500,INSTITUTE OF TECHNOLOGY                 ,CA,93612-3217,Proprietary  ,377,1107,1484,377,1107,1484
03069500,SAGE COLLEGE                            ,CA,92557-6720,Proprietary  ,62,281,343,62,281,343
03072300,EVEREST COLLEGE                         ,CA,91761-3222,Proprietary  ,211,345,556,211,345,556
03072700,WESTWOOD COLLEGE - LOS ANGELES          ,CA,90010-1577,Proprietary  ,1091,1892,2983,1091,1892,2983
03074900,MARTINEZ ADULT CENTER                   ,CA,94553-3298,Public       ,3,21,24,3,21,24
03078200,AMERICAN CLG TRADITIONAL CHINESE MD     ,CA,94107-2813,Private      ,5,120,125,5,120,125
03084700,VENTURA ADULT\CONTINUING EDUCATION      ,CA,93003-7313,Public       ,15,46,61,15,46,61
03094400,ELITE PROGRESSIVE SCHOOL OF COSM        ,CA,95841-2909,Proprietary  ,46,71,117,46,71,117
03097700,CENTRAL CALIF SCH CONTINUING EDUC       ,CA,93401-6739,Proprietary  ,29,75,104,29,75,104
03098200,YO SAN UNIV TRADITIONAL CHINESE MED     ,CA,90066-1103,Private      ,6,55,61,6,55,61
03108100,SUMMIT CAREER COLLEGE                   ,CA,92324-3956,Proprietary  ,92,290,382,92,290,382
03109500,DONGGUK  UNIVERSITY LOS ANGELES         ,CA,90020-1765,Private      ,6,33,39,6,33,39
03113300,UEI COLLEGE                             ,CA,93727-1620,Proprietary  ,78,126,204,78,126,204
03113600,SOUTHERN CALIFORNIA INST OF TECHNOL     ,CA,92805-3758,Proprietary  ,53,301,354,53,301,354
03116600,EAST SAN GABRIEL VLY REG OCCUP PROG     ,CA,91790-2105,Public       ,39,151,190,39,151,190
03125300,JOHN WESLEY INTER. BARBER & BTY CLG     ,CA,90813-4321,Proprietary  ,21,46,67,21,46,67
03125400,ART INSTITUTE OF CALIFORNIA-HOLLYWOOD (T,CA,91601-3112,Proprietary  ,2041,1385,3426,2041,1385,3426
03125800,PREMIERE CAREER COLLEGE                 ,CA,91706-3746,Proprietary  ,23,74,97,23,74,97
03126800,PACIFICA GRADUATE INSTITUTE             ,CA,93013-0000,Proprietary  ,2,297,299,2,297,299
03128700,MT SIERRA COLLEGE                       ,CA,91016-3414,Proprietary  ,233,184,417,233,184,417
03131300,FIVE BRANCHES UNIVERSITY                ,CA,95062-4669,Private      ,41,188,229,41,188,229
03144400,AMERICAN CLG OF HEALTH PROFESSIONS      ,CA,92505-3038,Proprietary  ,81,184,265,81,184,265
03150500,VIRGINIA SEWING MACHINES & SCH CTR      ,CA,90015-3535,Proprietary  ,1,1,2,1,1,2
03162300,FOUR-D SUCCESS ACADEMY                  ,CA,92324-4218,Proprietary  ,51,225,276,51,225,276
03163300,PACIFIC STATES UNIVERSITY               ,CA,90006-4298,Private      ,22,19,41,22,19,41
03195400,EVEREST COLLEGE                         ,CA,90501-2867,Proprietary  ,54,84,138,54,84,138
03210300,LE CORDON BLEU COLLEGE OF CULINARY ARTS ,CA,91101-5221,Proprietary  ,1283,2482,3765,1283,2482,3765
03225300,AMERICAN UNIVERSITY OF HEALTH SCIENCES  ,CA,90755-3612,Proprietary  ,55,119,174,55,119,174
03242300,CAREER NETWORK INSTITUTE                ,CA,92868-4710,Proprietary  ,13,75,88,13,75,88
03250300,COMMUNITY BASED EDUCATION AND DEVEL     ,CA,90036-1137,Private      ,27,53,80,27,53,80
03260300,CALIFORNIA STATE U-MONTEREY BAY         ,CA,93955-8001,Public       ,8558,2269,10827,8558,2269,10827
03266300,BETHESDA UNIVERSITY OF CALIFORNIA       ,CA,92801-4132,Private      ,42,33,75,42,33,75
03278300,CLARITA CAREER COLLEGE                  ,CA,91351-5432,Proprietary  ,78,275,353,78,275,353
03288300,ACAD CHINESE CULTURE & HEALTH SCIS      ,CA,94512-0000,Private      ,8,43,51,8,43,51
03299300,PACIFIC COLLEGE                         ,CA,92626-3160,Proprietary  ,35,141,176,35,141,176
03308300,KENSINGTON COLLEGE                      ,CA,92705-8708,Proprietary  ,4,12,16,4,12,16
03327400,ACUPUNCTURE AND INTEGRATIVE MEDICINE COL,CA,94704-2724,Private      ,18,108,126,18,108,126
03332300,SOUTHERN CA BIBLE CLG & SEMINARY        ,CA,92019-1109,Private      ,6,78,84,6,78,84
03359300,ST. FRANCIS CAREER COLLEGE              ,CA,90262-2659,Private      ,49,115,164,49,115,164
03367300,PROFESSIONAL GOLFERS CAREER COLLEGE     ,CA,92591-6013,Proprietary  ,96,129,225,96,129,225
03395300,INTERNATIONAL CAREER DEVELOPMENT        ,CA,90027-5794,Proprietary  ,124,901,1025,124,901,1025
03399300,NORTHWESTERN TECHNICAL COLLEGE          ,CA,95670-4443,Proprietary  ,51,262,313,51,262,313
03403300,TRINITY LIFE BIBLE COLLEGE              ,CA,95842-3546,Private      ,58,235,293,58,235,293
03413400,ENGLISH CENTER  (THE)                   ,CA,94607-3734,Private      ,13,41,54,13,41,54
03427400,CAREER COLLEGES OF AMERICA              ,CA,90280-7420,Proprietary  ,87,312,399,87,312,399
03427500,ANTELOPE VALLEY MEDICAL COLLEGE         ,CA,93534-3324,Proprietary  ,208,408,616,208,408,616
03440400,MARIAN HEALTH CAREERS CENTER            ,CA,90010-1728,Proprietary  ,19,45,64,19,45,64
03441400,VALLEY CAREER COLLEGE                   ,CA,92020-3057,Proprietary  ,41,83,124,41,83,124
03458300,MY LE'S BEAUTY COLLEGE                  ,CA,95824-3039,Proprietary  ,44,52,96,44,52,96
03467300,MARINELLO SCHOOL OF BEAUTY              ,CA,92545-3661,Proprietary  ,38,74,112,38,74,112
03467301,CALIFORNIA BEAUTY COLLEGE - DESERT HOT S,CA,92240-1307,Proprietary  ,5,8,13,5,8,13
03479300,PROFESSIONAL CAREER INSTITUTE           ,CA,90703-2522,Proprietary  ,34,30,64,34,30,64
03485400,JAMES ALBERT SCHOOL OF COSMETOLOGY      ,CA,92627-3831,Proprietary  ,25,37,62,25,37,62
03516300,KING'S UNIVERSITY (THE)                 ,CA,91405-2233,Private      ,29,106,135,29,106,135
03532400,ADVANCED TRAINING ASSOCIATES            ,CA,92020-1236,Proprietary  ,11,28,39,11,28,39
03542400,COPPER MOUNTAIN COLLEGE                 ,CA,92252-6102,Public       ,276,670,946,276,670,946
03577300,COBA ACADEMY                            ,CA,92866-1407,Proprietary  ,18,15,33,18,15,33
03590400,NTMA TRAINING CENTERS OF SOUTHERN C     ,CA,90650-6099,Private      ,10,39,49,10,39,49
03592400,IRELL & MANELLA GRADUATE SCHOOL OF BIOLO,CA,91010-0000,Private      ,2,7,9,2,7,9
03598300,AVALON BEAUTY COLLEGE                   ,CA,93103-3137,Proprietary  ,43,32,75,43,32,75
03614300,UNITED BEAUTY COLLEGE                   ,CA,91733-0000,Proprietary  ,2,4,6,2,4,6
03639300,WEST COAST ULTRASOUND INSTITUTE         ,CA,90211-3312,Proprietary  ,139,442,581,139,442,581
03646300,DESIGN'S SCHOOL OF COSMETOLOGY          ,CA,93446-1471,Proprietary  ,13,30,43,13,30,43
03681300,CALIFORNIA HEALING ARTS COLLEGE         ,CA,90025-2589,Proprietary  ,35,69,104,35,69,104
03695300,COMMUNITY ENHANCEMENT SERVICES          ,CA,91502-2750,Private      ,3,16,19,3,16,19
03695700,SANTIAGO CANYON COLLEGE                 ,CA,92869-4512,Public       ,1773,972,2745,1773,972,2745
03696300,UNIVERSITY OF THE WEST                  ,CA,91770-3709,Private      ,8,27,35,8,27,35
03698300,WEST COAST UNIVERSITY                   ,CA,91606-3206,Proprietary  ,739,1378,2117,739,1378,2117
03698400,CA COLLEGE OF VOCATIONAL CAREER         ,CA,93301-1800,Proprietary  ,76,136,212,76,136,212
03736300,ADVANCE BEAUTY COLLEGE                  ,CA,92843-4752,Proprietary  ,30,48,78,30,48,78
03740400,ATI COLLEGE                             ,CA,90650-0000,Proprietary  ,35,66,101,35,66,101
03759300,COMPUTER TUTOR BUSINESS & TECH INST     ,CA,95356-0000,Proprietary  ,30,52,82,30,52,82
03786300,ADVANCED COLLEGE                        ,CA,90280-5255,Proprietary  ,39,116,155,39,116,155
03797400,CAREER CARE INSTITUTE                   ,CA,93534-4766,Proprietary  ,93,261,354,93,261,354
03797401,CAREER CARE INSTITUTE - VENTURA         ,CA,93003-0000,Proprietary  ,19,45,64,19,45,64
03797402,CAREER CARE INSTITUTE - MORENO VALLEY   ,CA,92553-7519,Proprietary  ,18,33,51,18,33,51
03814400,SOKA UNIVERSITY OF AMERICA              ,CA,92656-8081,Private      ,485,45,530,485,45,530
03852500,CIT COLLEGE OF INFOMEDICAL TECHNOLOGY   ,CA,92831-3703,Proprietary  ,42,135,177,42,135,177
03853300,KECK GRADUATE INSTITUTE OF APPLIED LIFE ,CA,91711-4817,Private      ,5,61,66,5,61,66
03853400,LADERA CAREER PATHS TRAINING CENTERS    ,CA,90045-1931,Proprietary  ,3,19,22,3,19,22
03868300,WORLD MISSION UNIVERSITY                ,CA,90020-1789,Private      ,2,26,28,2,26,28
03868400,LOS ANGELES MUSIC ACADEMY               ,CA,91105-2540,Proprietary  ,97,61,158,97,61,158
03871300,FOLSOM LAKE COLLEGE                     ,CA,95630-6798,Public       ,1821,1784,3605,1821,1784,3605
03874300,CAMBRIDGE JUNIOR COLLEGE                ,CA,95993-0000,Proprietary  ,53,87,140,53,87,140
03874400,COMMMUNITY CHRISTIAN COLLEGE            ,CA,92373-4465,Private      ,108,76,184,108,76,184
03889300,STANBRIDGE COLLEGE                      ,CA,92612-0000,Proprietary  ,61,340,401,61,340,401
03901300,PACIFIC COAST TRADE SCHOOL              ,CA,93033-2441,Proprietary  ,9,16,25,9,16,25
03910400,NATIONAL POLYTECHNIC COLLEGE            ,CA,90040-3066,Proprietary  ,8,12,20,8,12,20
03933300,MUELLER COLLEGE OF HOLISTIC STUDIES     ,CA,92116-2630,Proprietary  ,21,88,109,21,88,109
03935300,CALIFORNIA NURSES EDUCATIONAL INSTITUTE ,CA,92234-7248,Proprietary  ,23,43,66,23,43,66
03962300,AMERICAN INSTITUTE OF MASSAGE THERAPY   ,CA,92705-5463,Proprietary  ,27,32,59,27,32,59
03964400,INTERNATIONAL SCHOOL OF BEAUTY          ,CA,92260-2740,Proprietary  ,39,47,86,39,47,86
03969600,AMERICAN AUTO INSTITUTE                 ,CA,90703-2637,Proprietary  ,86,152,238,86,152,238
03971300,AMERICAN CAREER COLLEGE                 ,CA,91764-4906,Proprietary  ,296,544,840,296,544,840
03973300,EX'PRESSION COLLEGE FOR DIGTAL ARTS     ,CA,94608-1021,Proprietary  ,439,333,772,439,333,772
03974500,CALIFORNIA CAREER COLLEGE               ,CA,91303-2006,Proprietary  ,23,48,71,23,48,71
03980300,CALIFORNIA STATE UNIVERSITY CHANNEL ISLA,CA,93012-8599,Public       ,5271,1707,6978,5271,1707,6978
03995300,UNIVERSITY OF EAST-WEST MEDICINE        ,CA,94087-6106,Proprietary  ,9,21,30,9,21,30
03999300,BEAUMONT ADULT SCHOOL                   ,CA,92223-1927,Public       ,10,55,65,10,55,65
04001300,PALACE BEAUTY COLLEGE                   ,CA,90006-4233,Proprietary  ,33,26,59,33,26,59
04001400,MOJAVE BARBER COLLEGE                   ,CA,92395-3201,Proprietary  ,6,14,20,6,14,20
04003300,CSI CAREER COLLEGE                      ,CA,95687-3100,Proprietary  ,50,154,204,50,154,204
04004300,THUY PRINCESS BEAUTY COLLEGE            ,CA,91766-0000,Proprietary  ,7,4,11,7,4,11
04005300,INTERAMERICAN COLLEGE                   ,CA,91950-4437,Proprietary  ,10,114,124,10,114,124
04014400,PALLADIUM TECHNICAL ACADEMY             ,CA,91731-2429,Proprietary  ,3,7,10,3,7,10
04023400,PROTEUS                                 ,CA,93291-3014,Private      ,6,28,34,6,28,34
04037300,LOS ANGELES FILM SCHOOL (THE)           ,CA,90028-7300,Proprietary  ,596,664,1260,596,664,1260
04049300,MAXINE WATERS EMPLOYMENT PREPARATION CEN,CA,90059-1023,Public       ,25,53,78,25,53,78
04056300,CAREER COLLEGE OF CALIFORNIA            ,CA,92705-5805,Proprietary  ,24,53,77,24,53,77
04057300,TECHSKILLS OF CALIFORNIA                ,CA,95815-4025,Proprietary  ,52,99,151,52,99,151
04076400,GNOMON SCHOOL OF VISUAL EFFECTS         ,CA,90038-2616,Proprietary  ,45,66,111,45,66,111
04092300,COASTLINE BEAUTY COLLEGE                ,CA,92708-3847,Proprietary  ,16,20,36,16,20,36
04092400,MAKE-UP DESIGNORY                       ,CA,91502-1322,Proprietary  ,132,154,286,132,154,286
04100400,TAFT UNIVERSITY SYSTEM (THE)            ,CA,92704-6954,Proprietary  ,1,170,171,1,170,171
04109300,ACADEMY OF BARBERING ARTS (THE)         ,CA,91324-3406,Proprietary  ,35,35,70,35,35,70
04111300,WEST HILLS COLLEGE LEMOORE              ,CA,93245-9248,Public       ,1202,1231,2433,1202,1231,2433
04114500,VALLEY COLLEGE OF MEDICAL CAREERS       ,CA,91304-2354,Proprietary  ,35,59,94,35,59,94
04115300,COACHELLA VALLEY BEAUTY COLLEGE         ,CA,92253-2051,Proprietary  ,24,19,43,24,19,43
04115600,MAYFIELD COLLEGE                        ,CA,92234-7014,Proprietary  ,28,78,106,28,78,106
04116000,VIDEO SYMPHONY ENTERTRAINING            ,CA,91502-3253,Proprietary  ,45,106,151,45,106,151
04118800,NEW YORK FILM ACADEMY                   ,CA,91608-1002,Proprietary  ,388,418,806,388,418,806
04119200,CAREER COLLEGE CONSULTANTS              ,CA,90041-2088,Proprietary  ,8,22,30,8,22,30
04126400,CHAMPION INSTITUTE OF COSMETOLOGY       ,CA,92264-7458,Proprietary  ,14,13,27,14,13,27
04126500,COAST CAREER INSTITUTE                  ,CA,90015-3040,Proprietary  ,12,31,43,12,31,43
04127100,"UNIVERSITY OF CALIFORNIA, MERCED        ",CA,95343-5001,Public       ,11146,1696,12842,11146,1696,12842
04127800,HEALTHY HAIR ACADEMY                    ,CA,90303-3137,Proprietary  ,7,33,40,7,33,40
04127900,TUI UNIVERSITY                          ,CA,90630-5023,Proprietary  ,11,868,879,11,868,879
04129700,INTERNATIONAL POLYTECHNIC INSTITUTE     ,CA,92231-1737,Private      ,3,2,5,3,2,5
04132300,INSTITUTE OF MEDICAL EDUCATION          ,CA,95113-2207,Proprietary  ,99,342,441,99,342,441
04132400,ACADEMY OF ESTHETICS AND COSMETOLOGY    ,CA,91342-3373,Proprietary  ,26,30,56,26,30,56
04132700,INFOTECH CAREER COLLEGE                 ,CA,90706-5579,Proprietary  ,10,33,43,10,33,43
04133000,BIOHEALTH COLLEGE                       ,CA,95134-2033,Proprietary  ,23,51,74,23,51,74
04134500,CAREER COLLEGE OF SAN DIEGO             ,CA,92102-3348,Proprietary  ,58,105,163,58,105,163
04134700,INTERNATL PROFESSIONAL SCHL OF BODYWORK ,CA,92123-1520,Proprietary  ,13,109,122,13,109,122
04137200,BORNER'S BARBER COLLEGE                 ,CA,90047-3856,Proprietary  ,15,19,34,15,19,34
04138700,CAO INSTITUTE OF AESTHETICS (THE)       ,CA,91801-3903,Proprietary  ,24,22,46,24,22,46
04140500,HORIZON COLLEGE SAN DIEGO               ,CA,92131-9906,Private      ,20,30,50,20,30,50
04140600,MODERN INSTITUTE OF TECHNOLOGY          ,CA,93036-1387,Proprietary  ,9,14,23,9,14,23
04141300,SAN FRANCISCO INSTITUTE OF ESTHETICS    ,CA,94103-4083,Proprietary  ,52,83,135,52,83,135
04141400,LAURUS COLLEGE                          ,CA,93401-5405,Proprietary  ,14,29,43,14,29,43
04141700,HEALING HANDS SCHOOL OF HOLISTIC HEALTH ,CA,92025-1722,Proprietary  ,7,48,55,7,48,55
04142500,TOURO COLLEGE LOS ANGELES               ,CA,90046-4506,Private      ,44,12,56,44,12,56
04142600,TOURO UNIVERSITY                        ,CA,94592-1118,Private      ,22,1465,1487,22,1465,1487
04143800,WOODLAND COMMUNITY COLLEGE              ,CA,95776-5156,Public       ,820,809,1629,820,809,1629
04144200,CAREER DEVELOPMENT INSTITUTE            ,CA,90035-4364,Proprietary  ,8,33,41,8,33,41
04145000,SAN DIEGO CULINARY INSTITUTE            ,CA,91941-6435,Proprietary  ,156,153,309,156,153,309
04145600,INTERNATIONAL COLLEGE OF COSMETOLOGY    ,CA,94601-3525,Proprietary  ,17,37,54,17,37,54
04146000,NATIONAL CAREER COLLEGE                 ,CA,91605-1400,Proprietary  ,9,11,20,9,11,20
04148200,BEYOND 21ST CENTURY BEAUTY ACADEMY      ,CA,90670-6316,Proprietary  ,6,14,20,6,14,20
04148900,N CALIF INSTITUTE OF COSMETOLOGY        ,CA,94577-2820,Proprietary  ,1,15,16,1,15,16
04149700,HOMESTEAD SCHOOLS                       ,CA,90505-5945,Private      ,8,34,42,8,34,42
04150000,CENTRAL NURSING COLLEGE                 ,CA,90010-2444,Proprietary  ,82,87,169,82,87,169
04150100,GOLDEN STATE COLLEGE OF COURT REPORTING ,CA,94568-2948,Proprietary  ,3,22,25,3,22,25
04150300,RWM FIBER OPTICS                        ,CA,90746-1051,Proprietary  ,3,8,11,3,8,11
04150500,"PREFERRED COLLEGE OF NURSING, LOS ANGELE",CA,90010-2202,Proprietary  ,59,101,160,59,101,160
04152800,CALIFORNIA ACADEMY (THE) - A PAUL MITCHE,CA,95825-2276,Proprietary  ,134,155,289,134,155,289
04153900,PROVIDENCE CHRISTIAN COLLEGE            ,CA,91104-2635,Private      ,51,14,65,51,14,65
04154300,AMERICANA COLLEGE                       ,CA,90029-3765,Proprietary  ,16,17,33,16,17,33
04154400,FRANKLIN CAREER COLLEGE                 ,CA,91761-1522,Proprietary  ,2,9,11,2,9,11
04155500,"ACADEMY FOR JEWISH RELIGION, CALIFORNIA ",CA,90024-3234,Private      ,6,23,29,6,23,29
04156100,DIOR SCHOOL OF COSMETOLOGY              ,CA,95355-9695,Proprietary  ,61,49,110,61,49,110
04158200,PAUL MITCHELL THE SCHOOL SHERMAN OAKS   ,CA,91403-5882,Proprietary  ,83,78,161,83,78,161
04158700,HOLLYWOOD BEAUTY COLLEGE                ,CA,95210-3514,Proprietary  ,47,49,96,47,49,96
04159700,AMERICAN MEDICAL SCIENCES CENTER        ,CA,91204-5108,Proprietary  ,27,33,60,27,33,60
04160100,TRINITY VOCATIONAL CENTER               ,CA,90248-4334,Proprietary  ,7,16,23,7,16,23
04160400,ANGELES COLLEGE OF NURSING              ,CA,90010-2100,Proprietary  ,214,187,401,214,187,401
04161700,SHASTA SCHOOL OF COSMETOLOGY            ,CA,96003-0000,Proprietary  ,29,40,69,29,40,69
04161800,BRANDMAN UNIVERSITY                     ,CA,92618-3801,Private      ,182,2482,2664,182,2482,2664
04162800,S.I.C.E PAUL MITCHELL PARTNER SCHOOL    ,CA,95350-1440,Proprietary  ,109,91,200,109,91,200
04163400,COSMO BEAUTY ACADEMY                    ,CA,95605-1904,Proprietary  ,94,103,197,94,103,197
04163900,L.A. BARBER COLLEGE                     ,CA,90013-1121,Proprietary  ,24,24,48,24,24,48
04164400,ANGELES INSTITUTE                       ,CA,90712-2903,Proprietary  ,19,27,46,19,27,46
04165900,PAUL MITCHELL THE SCHOOL FRESNO         ,CA,93710-7617,Proprietary  ,121,88,209,121,88,209
04167000,ESTHETIQUES COSMETOLOGY INSTITUTE       ,CA,92591-4663,Proprietary  ,52,44,96,52,44,96
04169200,TRAMY BEAUTY SCHOOL                     ,CA,92115-6347,Proprietary  ,22,21,43,22,21,43
04169700,UNITEK COLLEGE                          ,CA,94538-3185,Proprietary  ,51,222,273,51,222,273
04169800,GURNICK ACADEMY OF MEDICAL ARTS         ,CA,94403-1849,Proprietary  ,89,365,454,89,365,454
04172000,SOUTHERN CALIFORNIA UNIVERSITY SOMA     ,CA,90017-2211,Proprietary  ,57,67,124,57,67,124
04173400,SANTA ANA BEAUTY ACADEMY                ,CA,92705-7820,Proprietary  ,22,10,32,22,10,32
04175200,PAUL MITCHELL THE SCHOOL EAST BAY       ,CA,94523-5515,Proprietary  ,62,59,121,62,59,121
04175400,ELITE COSMETOLOGY SCHOOL                ,CA,92284-2860,Proprietary  ,12,26,38,12,26,38
04176200,TWIN RIVERS ADULT SCHOOL                ,CA,95660-5523,Public       ,5,52,57,5,52,57
04176300,BERGIN UNIVERSITY OF CANINE STUDIES     ,CA,95407-6834,Private      ,18,28,46,18,28,46
04177200,REAL BARBERS COLLEGE (THE)              ,CA,92805-2533,Proprietary  ,7,12,19,7,12,19
04178900,HANDS-ON MEDICAL MASSAGE SCHOOL         ,CA,92373-6271,Proprietary  ,12,28,40,12,28,40
04180000,CINTA AVEDA INSTITUTE                   ,CA,94108-3204,Proprietary  ,33,67,100,33,67,100
04181200,IPPT CAREER SCHOOL                      ,CA,91601-2028,Proprietary  ,3,9,12,3,9,12
04185200,SALINAS BEAUTY COLLEGE                  ,CA,93901-2405,Proprietary  ,11,4,15,11,4,15
04185700,ACADEMY FOR SALON PROFESSIONALS (THE)   ,CA,95050-4057,Proprietary  ,0,1,1,0,1,1
04189800,ACADEMY FOR SALON PROFESSIONALS         ,CA,91304-2305,Proprietary  ,2,2,4,2,2,4
00184600,BRIAR CLIFF UNIVERSITY                  ,IA,51104-2100,Private      ,954,240,1194,954,240,1194
00184700,BUENA VISTA UNIVERSITY                  ,IA,50588-9987,Private      ,1014,690,1704,1014,690,1704
00184800,SOUTHEASTERN COMMUNITY COLLEGE          ,IA,52655-0000,Public       ,524,728,1252,524,728,1252
00185000,CENTRAL COLLEGE                         ,IA,50219-1999,Private      ,1864,85,1949,1864,85,1949
00185200,CLARKE UNIVERSITY                       ,IA,52001-3198,Private      ,765,245,1010,765,245,1010
00185400,COE COLLEGE                             ,IA,52402-5092,Private      ,1836,152,1988,1836,152,1988
00185500,DES MOINES UNIV-OSTEOPATHIC MED CTR     ,IA,50312-0000,Private      ,13,876,889,13,876,889
00185600,CORNELL COLLEGE                         ,IA,52314-1098,Private      ,1781,81,1862,1781,81,1862
00185700,SOUTHWESTERN COMMUNITY COLLEGE          ,IA,50801-1098,Public       ,336,253,589,336,253,589
00185800,DIVINE WORD COLLEGE                     ,IA,52045-0380,Private      ,6,4,10,6,4,10
00185900,DORDT COLLEGE                           ,IA,51250-1697,Private      ,1197,50,1247,1197,50,1247
00186000,DRAKE UNIVERSITY                        ,IA,50311-4505,Private      ,4233,1447,5680,4233,1447,5680
00186200,ELLSWORTH COMMUNITY COLLEGE             ,IA,50126-1199,Public       ,390,116,506,390,116,506
00186400,IOWA LAKES COMMUNITY COLLEGE            ,IA,51334-2234,Public       ,698,449,1147,698,449,1147
00186500,IOWA CENTRAL COMMUNITY COLLEGE          ,IA,50501-0000,Public       ,1317,1135,2452,1317,1135,2452
00186600,GRACELAND UNIVERSITY                    ,IA,50140-1699,Private      ,640,494,1134,640,494,1134
00186700,GRAND VIEW UNIVERSITY                   ,IA,50316-1599,Private      ,1436,721,2157,1436,721,2157
00186800,GRINNELL COLLEGE                        ,IA,50112-1690,Private      ,2034,46,2080,2034,46,2080
00186900,IOWA STATE UNIV SCIENCE & TECHNOLOG     ,IA,50011-2028,Public       ,19907,4116,24023,19907,4116,24023
00187100,IOWA WESLEYAN COLLEGE                   ,IA,52641-1398,Private      ,509,177,686,509,177,686
00187300,LORAS COLLEGE                           ,IA,52004-0178,Private      ,1444,75,1519,1444,75,1519
00187400,LUTHER COLLEGE                          ,IA,52101-1045,Private      ,2812,69,2881,2812,69,2881
00187500,MARSHALLTOWN COMMUNITY COLLEGE          ,IA,50158-4760,Public       ,356,416,772,356,416,772
00187700,NORTH IOWA AREA COMMUNITY COLLEGE       ,IA,50401-7299,Public       ,742,460,1202,742,460,1202
00187900,MORNINGSIDE COLLEGE                     ,IA,51106-1751,Private      ,1605,220,1825,1605,220,1825
00188000,MOUNT MERCY UNIVERSITY                  ,IA,52402-4797,Private      ,637,350,987,637,350,987
00188100,ASHFORD UNIVERSITY                      ,IA,52732-3910,Proprietary  ,1398,32500,33898,1398,32500,33898
00188300,NORTHWESTERN COLLEGE                    ,IA,51041-1996,Private      ,1148,61,1209,1148,61,1209
00188700,SIMPSON COLLEGE                         ,IA,50125-1297,Private      ,1538,231,1769,1538,231,1769
00188900,ST AMBROSE UNIVERSITY                   ,IA,52803-2898,Private      ,2191,626,2817,2191,626,2817
00189000,UNIVERSITY OF NORTHERN IOWA             ,IA,50614-0002,Public       ,7288,1387,8675,7288,1387,8675
00189100,UNIVERSITY OF DUBUQUE                   ,IA,52001-5099,Private      ,1307,317,1624,1307,317,1624
00189200,UNIVERSITY OF IOWA                      ,IA,52242-1316,Public       ,15988,6280,22268,15988,6280,22268
00189300,UPPER IOWA UNIVERSITY                   ,IA,52142-9206,Private      ,882,1622,2504,882,1622,2504
00189500,WALDORF COLLEGE                         ,IA,50436-1700,Proprietary  ,509,117,626,509,117,626
00189600,WARTBURG COLLEGE                        ,IA,50677-2200,Private      ,2031,74,2105,2031,74,2105
00189700,WARTBURG THEOLOGICAL SEMINARY           ,IA,52004-5004,Private      ,1,51,52,1,51,52
00190000,WILLIAM PENN UNIVERSITY                 ,IA,52577-1799,Private      ,674,469,1143,674,469,1143
00396300,AIB COLLEGE OF BUSINESS                 ,IA,50321-1799,Private      ,371,374,745,371,374,745
00407500,ESTRN IOWA COMMUNITY COLLEGE DIST       ,IA,52801-1221,Public       ,62,172,234,62,172,234
00407501,CLINTON COMMUNITY COLLEGE               ,IA,52732-0000,Public       ,178,336,514,178,336,514
00407502,MUSCATINE COMMUNITY COLLEGE             ,IA,52761-0000,Public       ,258,256,514,258,256,514
00407503,SCOTT COMMUNITY COLLEGE                 ,IA,52722-0000,Public       ,536,1094,1630,536,1094,1630
00407600,KIRKWOOD COMMUNITY COLLEGE              ,IA,52406-2068,Public       ,3420,2903,6323,3420,2903,6323
00423300,MERCY/ST. LUKE'S SCH RAD TECH           ,IA,52402-0000,Private      ,15,10,25,15,10,25
00458600,KAPLAN UNIVERSITY                       ,IA,52807-2095,Proprietary  ,850,21912,22762,850,21912,22762
00458604,KAPLAN UNIVERSITY - CEDAR RAPIDS        ,IA,52404-2998,Proprietary  ,46,621,667,46,621,667
00458605,KAPLAN UNIVERSITY - DES MOINES          ,IA,50323-5702,Proprietary  ,62,650,712,62,650,712
00458606,KAPLAN UNIVERSITY - MASON CITY          ,IA,50401-4665,Proprietary  ,8,198,206,8,198,206
00458607,KAPLAN UNIVERSITY - CEDAR FALLS         ,IA,50613-6309,Proprietary  ,55,512,567,55,512,567
00458610,KAPLAN UNIVERSITY - COUNCIL BLUFFS      ,IA,51503-5289,Proprietary  ,24,299,323,24,299,323
00458700,NORTHEAST IOWA COMMUNITY COLLEGE        ,IA,52132-0400,Public       ,330,324,654,330,324,654
00458701,NORTHEAST IOWA COMMUNITY COLLEGE        ,IA,52068-0000,Public       ,461,510,971,461,510,971
00459500,HAWKEYE COMMUNITY COLLEGE               ,IA,50701-0000,Public       ,1489,1105,2594,1489,1105,2594
00459800,IOWA WESTERN CMTY CLG-COUNCIL BLUFF     ,IA,51502-0000,Public       ,1541,1268,2809,1541,1268,2809
00460000,NORTHWEST IOWA COMMUNITY COLLEGE        ,IA,51201-1046,Public       ,315,202,517,315,202,517
00626700,IOWA METHODIST MEDICAL CENTER SCHOOLS   ,IA,50309-1499,Private      ,13,29,42,13,29,42
00627300,MERCY COLLEGE OF HEALTH SCIENCES        ,IA,50309-1239,Private      ,260,372,632,260,372,632
00712000,DES MOINES AREA CMTY COLLEGE            ,IA,50021-0000,Public       ,3077,4237,7314,3077,4237,7314
00712100,FAITH BAPTIST BIBLE CLG & THEOL SEM     ,IA,50021-0000,Private      ,174,26,200,174,26,200
00729100,ST LUKE'S COLLEGE                       ,IA,51104-0263,Private      ,69,66,135,69,66,135
00731600,WESTERN IOWA TECH COMMUNITY COLLEGE     ,IA,51106-0000,Public       ,845,1236,2081,845,1236,2081
00758800,CAPRI COLLEGE                           ,IA,52004-0873,Proprietary  ,44,43,87,44,43,87
00761100,EQ SCHOOL OF HAIR DESIGN                ,IA,51503-0813,Proprietary  ,12,17,29,12,17,29
00765600,AMERICAN COLLEGE OF HARISTYLING -CR     ,IA,52402-0000,Proprietary  ,2,10,12,2,10,12
00765800,AMER COLL OF HAIRSTYLING-DES MOINES     ,IA,50309-5446,Proprietary  ,4,13,17,4,13,17
00765900,LA JAMES COLLEGE OF HAIRSTYLING         ,IA,50401-3308,Proprietary  ,30,22,52,30,22,52
00771700,CAPRI COLLEGE                           ,IA,52807-2622,Proprietary  ,45,64,109,45,64,109
00794100,COLLEGE OF HAIR DESIGN                  ,IA,50703-1834,Proprietary  ,4,9,13,4,9,13
00826000,IOWA SCHOOL OF BEAUTY INC               ,IA,50322-0000,Proprietary  ,31,90,121,31,90,121
00840300,INDIAN HILLS COMMUNITY COLLEGE          ,IA,52501-1398,Public       ,771,934,1705,771,934,1705
00840301,INDIAN HILLS COMMUNITY COLLEGE          ,IA,52544-0000,Public       ,114,122,236,114,122,236
00842400,LA JAMES INTERNATIONAL COLLEGE          ,IA,50501-5577,Proprietary  ,41,42,83,41,42,83
00959300,LA'JAMES COLLEGE OF HAIRSTYLING         ,IA,52240-0000,Proprietary  ,26,26,52,26,26,52
01111300,MAHARISHI UNIV OF MANAGEMENT            ,IA,52557-0001,Private      ,89,173,262,89,173,262
01206400,HAMILTON TECHNICAL COLLEGE              ,IA,52807-2653,Proprietary  ,29,69,98,29,69,98
01230000,PALMER COLLEGE OF CHIROPRACTIC          ,IA,52803-5287,Private      ,52,1120,1172,52,1120,1172
01300600,LA' JAMES INTERNATIONAL COLLEGE-CF      ,IA,50613-5242,Proprietary  ,22,25,47,22,25,47
02090300,CAPRI COLLEGE                           ,IA,52404-0000,Proprietary  ,48,62,110,48,62,110
02134500,LA JAMES INTERNATIONAL COLLEGE - DAV    ,IA,52806-3952,Proprietary  ,13,42,55,13,42,55
02160900,"SALON PROFESSIONAL ACADEMY, THE         ",IA,50010-0000,Proprietary  ,45,27,72,45,27,72
02262500,FAUST INSTITUTE OF COSMETOLOGY          ,IA,50588-0000,Proprietary  ,5,9,14,5,9,14
02274100,LA' JAMES INTERNATIONAL COLLEGE - DM    ,IA,50131-0000,Proprietary  ,31,41,72,31,41,72
02289000,AMERICAN HAIR ACADEMY                   ,IA,52627-4530,Proprietary  ,11,19,30,11,19,30
02306900,IOWA SCHOOL OF BEAUTY                   ,IA,52501-0000,Proprietary  ,5,9,14,5,9,14
02328900,EMMAUS BIBLE COLLEGE                    ,IA,52001-0000,Private      ,139,10,149,139,10,149
02330900,IOWA SCHOOL OF BEAUTY                   ,IA,50158-0000,Proprietary  ,3,11,14,3,11,14
02609200,VATTEROTT COLLEGE                       ,IA,50321-4704,Proprietary  ,43,375,418,43,375,418
03069100,ALLEN COLLEGE                           ,IA,50703-1916,Private      ,233,215,448,233,215,448
03441300,IOWA SCHOOL OF BEAUTY                   ,IA,51106-5111,Proprietary  ,14,32,46,14,32,46
03607400,TOTAL LOOK SCHOOL OF COSMETOLOGY AND MAS,IA,52136-1053,Proprietary  ,4,1,5,4,1,5
03720300,CARLSON COLLEGE OF MASSAGE THERAPY      ,IA,52205-7519,Proprietary  ,4,6,10,4,6,10
04051313,ART INSTITUTE OF PHOENIX (THE) - BROWN M,IA,52722-3628,Proprietary  ,17,78,95,17,78,95
04089300,BIO-CHI INSTITUTE OF MASSAGE THERAPY    ,IA,51103-2138,Proprietary  ,4,9,13,4,9,13
00259600,ATLANTIC COMMUNITY COLLEGE              ,NJ,08330-2699,Public       ,1229,1337,2566,1229,1337,2566
00259700,BLOOMFIELD COLLEGE                      ,NJ,07003-3425,Private      ,2179,832,3011,2179,832,3011
00259800,CALDWELL COLLEGE                        ,NJ,07006-6195,Private      ,1227,469,1696,1227,469,1696
00259900,CENTENARY COLLEGE                       ,NJ,07840-2184,Private      ,1223,332,1555,1223,332,1555
00260000,COLLEGE OF SAINT ELIZABETH              ,NJ,07960-6989,Private      ,551,283,834,551,283,834
00260100,CUMBERLAND COUNTY COLLEGE               ,NJ,08362-0517,Public       ,667,969,1636,667,969,1636
00260300,DREW UNIVERSITY                         ,NJ,07940-4063,Private      ,3345,476,3821,3345,476,3821
00260700,FAIRLEIGH DICKINSON UNIV-TEANECK        ,NJ,07666-1996,Private      ,3455,1133,4588,3455,1133,4588
00260701,FAIRLEIGH DICKINSON UNIV-FLORHAM        ,NJ,07940-0000,Private      ,2533,336,2869,2533,336,2869
00260702,FAIRLEIGH DICKINSON UNIV-ED WMS CLG     ,NJ,07601-0000,Private      ,174,94,268,174,94,268
00260703,FAIRLEIGH DICKINSON UNIVERSITY          ,NJ,07940-0000,Private      ,1820,468,2288,1820,468,2288
00260800,GEORGIAN COURT UNIVERSITY               ,NJ,08701-2697,Private      ,890,529,1419,890,529,1419
00260900,ROWAN UNIVERSITY                        ,NJ,08028-1702,Public       ,9493,1935,11428,9493,1935,11428
00261000,FELICIAN COLLEGE                        ,NJ,07644-2198,Private      ,1384,543,1927,1384,543,1927
00261300,NEW JERSEY CITY UNIVERSITY              ,NJ,07305-1597,Public       ,2560,2076,4636,2560,2076,4636
00261500,MIDDLESEX COUNTY COLLEGE                ,NJ,08818-3050,Public       ,2426,1791,4217,2426,1791,4217
00261600,MONMOUTH UNIVERSITY                     ,NJ,07764-1898,Private      ,5915,1149,7064,5915,1149,7064
00261700,MONTCLAIR STATE UNIVERSITY              ,NJ,07043-9987,Public       ,12516,3459,15975,12516,3459,15975
00261900,NEW BRUNSWICK THEOLOGICAL SEMINARY      ,NJ,08901-0000,Private      ,18,51,69,18,51,69
00262100,NEW JERSEY INST OF TECHNOLOGY           ,NJ,07102-1982,Public       ,3919,1308,5227,3919,1308,5227
00262200,KEAN UNIVERSITY                         ,NJ,07083-7131,Public       ,7937,3925,11862,7937,3925,11862
00262400,OCEAN COUNTY COLLEGE                    ,NJ,08754-2001,Public       ,1824,1269,3093,1824,1269,3093
00262500,WILLIAM PATERSON UNIVERSITY             ,NJ,07470-2152,Public       ,6893,2022,8915,6893,2022,8915
00262600,PRINCETON THEOLOGICAL SEMINARY          ,NJ,08542-0000,Private      ,19,359,378,19,359,378
00262700,PRINCETON UNIVERSITY                    ,NJ,08544-0001,Private      ,15304,1459,16763,15304,1459,16763
00262800,RIDER UNIVERSITY                        ,NJ,08648-3099,Private      ,6538,960,7498,6538,960,7498
00262900,"RUTGERS, THE STATE UNIVERSITY OF NJ     ",NJ,08901-1281,Public       ,33931,13221,47152,33931,13221,47152
00263200,SETON HALL UNIVERSITY                   ,NJ,07079-2697,Private      ,6898,2370,9268,6898,2370,9268
00263201,SETON HALL UNIVERSITY - SCHOOL OF LAW   ,NJ,07079-5210,Private      ,146,1626,1772,146,1626,1772
00263800,ST PETER'S COLLEGE                      ,NJ,07306-5997,Private      ,1719,480,2199,1719,480,2199
00263900,STEVENS INSTITUTE OF TECHNOLOGY         ,NJ,07030-5370,Private      ,2983,291,3274,2983,291,3274
00264200,COLLEGE OF NEW JERSEY (THE)             ,NJ,08628-0718,Public       ,9550,739,10289,9550,739,10289
00264300,UNION COUNTY COLLEGE                    ,NJ,07016-1598,Public       ,1413,2207,3620,1413,2207,3620
00473600,BERGEN COMMUNITY COLLEGE                ,NJ,07652-1595,Public       ,3035,1922,4957,3035,1922,4957
00474000,MERCER COUNTY COMMUNITY COLLEGE         ,NJ,08690-0000,Public       ,1060,1418,2478,1060,1418,2478
00539900,MONMOUTH COUNTY VOCATIONAL SCH DIST     ,NJ,07728-5033,Public       ,54,30,84,54,30,84
00545200,TETERBORO SCH OF AERONAUTICS            ,NJ,07608-1083,Proprietary  ,12,8,20,12,8,20
00546000,SOMERSET COUNTY TECHNICAL INSTITUTE     ,NJ,08807-0350,Public       ,5,11,16,5,11,16
00546100,SALEM COMMUNITY COLLEGE                 ,NJ,08069-2799,Public       ,202,225,427,202,225,427
00641700,HOLY NAME HOSPITAL SCH OF NURSING       ,NJ,07666-4254,Private      ,43,90,133,43,90,133
00642000,MOUNTAINSIDE HOSP SCH NRSG              ,NJ,07042-4898,Proprietary  ,8,19,27,8,19,27
00642100,MUHLENBERG SNYDER SCHOOLS               ,NJ,07061-3399,Private      ,48,158,206,48,158,206
00642900,ST FRANCIS MEDICAL CTR SCH NURSING      ,NJ,08629-1986,Private      ,17,25,42,17,25,42
00642902,ST FRANCIS MED CTR RAD TECH             ,NJ,08629-0000,Private      ,3,9,12,3,9,12
00686500,CAMDEN COUNTY COLLEGE                   ,NJ,08012-3240,Public       ,2362,3096,5458,2362,3096,5458
00690100,GLOUCESTER COUNTY COLLEGE               ,NJ,08080-4249,Public       ,1275,960,2235,1275,960,2235
00710700,ESSEX COUNTY COLLEGE                    ,NJ,07102-1798,Public       ,2019,3343,5362,2019,3343,5362
00750200,BERKELEY COLLEGE                        ,NJ,07424-3367,Proprietary  ,704,684,1388,704,684,1388
00750201,BERKELEY COLLEGE                        ,NJ,07095-0000,Proprietary  ,366,405,771,366,405,771
00750202,BERKELEY COLLEGE - PARAMUS              ,NJ,07652-2931,Proprietary  ,270,302,572,270,302,572
00750600,LINCOLN TECHNICAL INSTITUTE             ,NJ,07083-5032,Proprietary  ,135,92,227,135,92,227
00750601,LINCOLN TECHNICAL INSTITUTE             ,NJ,07430-0000,Proprietary  ,93,56,149,93,56,149
00759300,PARISIAN BEAUTY ACADEMY                 ,NJ,07601-5509,Proprietary  ,19,20,39,19,20,39
00772900,COUNTY COLLEGE OF MORRIS                ,NJ,07869-0000,Public       ,1561,663,2224,1561,663,2224
00773000,BURLINGTON COUNTY COLLEGE               ,NJ,08068-1599,Public       ,1625,1712,3337,1625,1712,3337
00773100,RARITAN VALLEY COMMUNITY COLLEGE        ,NJ,08876-1265,Public       ,970,651,1621,970,651,1621
00780401,STAR CAREER ACADEMY - STAR LAKEWOOD     ,NJ,08701-5900,Proprietary  ,13,77,90,13,77,90
00780402,STAR CAREER ACADEMY - STAR EGG HARBOR   ,NJ,08234-4863,Proprietary  ,11,42,53,11,42,53
00794700,BETH MEDRASH GOVOHA OF AMERICA          ,NJ,08701-0000,Private      ,4,9,13,4,9,13
00840400,BROOKDALE COMMUNITY COLLEGE             ,NJ,07738-1597,Public       ,2150,1252,3402,2150,1252,3402
00844101,ANTHEM INSTITUTE                        ,NJ,08002-0000,Proprietary  ,18,68,86,18,68,86
00849400,HO HO KUS SCHL OF TRADE & TECH SCIENCES ,NJ,07513-1402,Proprietary  ,23,42,65,23,42,65
00860900,RABBINICAL COLLEGE OF AMERICA           ,NJ,07960-3600,Private      ,4,3,7,4,3,7
00907800,CAPRI INSTITUTE OF HAIR DESIGN          ,NJ,07011-2111,Proprietary  ,12,16,28,12,16,28
00934400,RAMAPO COLLEGE OF NEW JERSEY            ,NJ,07430-1680,Public       ,4968,582,5550,4968,582,5550
00934500,RICHARD STOCKTON COLLEGE OF NJ          ,NJ,08240-0195,Public       ,6272,1526,7798,6272,1526,7798
00982804,EVEREST INSTITUTE - SOUTH PLAINFIELD    ,NJ,07080-1125,Proprietary  ,26,101,127,26,101,127
00999400,PASSAIC COUNTY COMMUNITY COLLEGE        ,NJ,07505-1179,Public       ,942,1160,2102,942,1160,2102
01039400,UNIV OF MEDICINE & DENTISTRY OF NJ      ,NJ,07107-0000,Public       ,135,2179,2314,135,2179,2314
01062900,P B COSMETOLOGY EDUCATION CENTRE        ,NJ,08030-1750,Proprietary  ,12,11,23,12,11,23
01085100,ANTHEM INSTITUTE                        ,NJ,07054-3409,Proprietary  ,84,165,249,84,165,249
01085101,ANTHEM INSTITUTE                        ,NJ,07306-0000,Proprietary  ,15,48,63,15,48,63
01085102,ANTHEM INSTITUTE                        ,NJ,08902-0000,Proprietary  ,7,34,41,7,34,41
01090300,RIZZIERI INSTITUTE                      ,NJ,08043-4600,Proprietary  ,29,38,67,29,38,67
01152300,MORRIS COUNTY SCHOOL OF TECHNOLOGY      ,NJ,07834-0000,Public       ,13,18,31,13,18,31
01170800,NATURAL MOTION INST OF HAIR DESIGN      ,NJ,07306-5496,Proprietary  ,10,15,25,10,15,25
01198900,TALMUDICAL ACADEMY                      ,NJ,07710-0000,Private      ,0,2,2,0,2,2
01209000,REIGNBOW BEAUTY ACADEMY                 ,NJ,08861-4118,Proprietary  ,2,5,7,2,5,7
01234600,DOVER BUSINESS COLLEGE                  ,NJ,07011-2161,Proprietary  ,87,230,317,87,230,317
01234602,DOVER BUSINESS COLLEGE                  ,NJ,07801-4643,Proprietary  ,15,70,85,15,70,85
01246100,LINCOLN TECHNICAL INSTITUTE             ,NJ,08820-2896,Proprietary  ,110,288,398,110,288,398
01246102,LINCOLN TECHNICAL INSTITUTE             ,NJ,08057-3212,Proprietary  ,53,240,293,53,240,293
01246103,LINCOLN TECHNICAL INSTITUTE             ,NJ,07652-2106,Proprietary  ,96,258,354,96,258,354
01246200,HOHOKUS - HACKENSACK SCHOOL OF BUSINESS ,NJ,07601-7197,Proprietary  ,27,92,119,27,92,119
01295400,HUDSON COUNTY COMMUNITY COLLEGE         ,NJ,07306-4012,Public       ,1200,1595,2795,1200,1595,2795
02053700,EASTWICK COLLEGE                        ,NJ,07446-0000,Proprietary  ,78,313,391,78,313,391
02061800,ROMAN ACADEMY OF BEAUTY CULTURE         ,NJ,07506-0000,Proprietary  ,2,2,4,2,2,4
02092300,HOHOKUS SCHOOL - RETS/NUTLEY            ,NJ,07110-0000,Proprietary  ,32,84,116,32,84,116
02103700,CAPRI INSTITUTE OF HAIR DESIGN          ,NJ,07652-0000,Proprietary  ,12,13,25,12,13,25
02104000,HARRIS SCHOOL OF BUSINESS               ,NJ,08002-2983,Proprietary  ,25,143,168,25,143,168
02106601,AMERICAN INSTITUTE - CLIFTON            ,NJ,07011-2345,Proprietary  ,24,70,94,24,70,94
02131100,DU CRET SCHOOL OF THE ARTS              ,NJ,07060-0000,Private      ,8,13,21,8,13,21
02131600,PENNCO TECH                             ,NJ,08012-0000,Proprietary  ,27,63,90,27,63,90
02132300,BERDAN INSTITUTE                        ,NJ,07512-0000,Proprietary  ,22,43,65,22,43,65
02146800,JOE KUBERT SCH OF CARTOON & GRAPHIC     ,NJ,07801-0000,Proprietary  ,21,21,42,21,21,42
02149800,EMPIRE BEAUTY SCHOOL                    ,NJ,08021-0000,Proprietary  ,15,46,61,15,46,61
02149801,EMPIRE BEAUTY SCHOOL - BORDENTOWN       ,NJ,08505-1513,Proprietary  ,6,12,18,6,12,18
02154000,DIVERS ACAD OF EASTERN SEABOARD         ,NJ,08081-1139,Proprietary  ,16,44,60,16,44,60
02183600,CAPRI INSTITUTE OF HAIR DESIGN          ,NJ,07033-0000,Proprietary  ,11,14,25,11,14,25
02192200,THOMAS EDISON STATE COLLEGE             ,NJ,08608-0000,Public       ,197,2072,2269,197,2072,2269
02219600,OMEGA INSTITUTE                         ,NJ,08109-0000,Proprietary  ,1,28,29,1,28,29
02223700,NEW HORIZON INST OF COSMETOLOGY         ,NJ,07093-0000,Proprietary  ,2,10,12,2,10,12
02223900,DRAKE COLLEGE OF BUSINESS               ,NJ,07201-0000,Proprietary  ,21,140,161,21,140,161
02223902,DRAKE COLLEGE OF BUSINESS - NEWARK CAMPU,NJ,07112-2760,Proprietary  ,40,234,274,40,234,274
02232500,UNION COUNTY VOCATIONAL TECH INST       ,NJ,07076-0000,Public       ,12,20,32,12,20,32
02234600,SHORE BEAUTY SCHOOL                     ,NJ,08232-0000,Proprietary  ,7,28,35,7,28,35
02246000,ROSS UNIVERSITY - MEDICAL SCHOOL        ,NJ,08837-0000,Proprietary  ,9,2173,2182,9,2173,2182
02248600,COOPER HEALTH SYS-CTR ALLIED HEALTH     ,NJ,08103-0000,Private      ,25,72,97,25,72,97
02252700,CONCORDE SCHOOL OF HAIR DESIGN          ,NJ,07712-0000,Proprietary  ,16,36,52,16,36,52
02252701,CONCORDE SCHOOL OF HAIR DESIGN - BLOOMFI,NJ,07003-2517,Proprietary  ,11,14,25,11,14,25
02261800,EUROPEAN ACADEMY OF COSMETOLOGY         ,NJ,07083-0000,Proprietary  ,14,29,43,14,29,43
02265500,CAPRI INSTITUTE OF HAIR DESIGN          ,NJ,08724-0000,Proprietary  ,3,16,19,3,16,19
02277900,ROSS UNIV - SCH OF VETERINARY MED       ,NJ,08837-0000,Proprietary  ,5,935,940,5,935,940
02291000,LINCOLN TECHNICAL INSTITUTE             ,NJ,07080-2424,Proprietary  ,27,46,73,27,46,73
02312000,BERGEN COUNTY TECHNICAL SCHOOLS         ,NJ,07601-6110,Public       ,32,58,90,32,58,90
02344200,EMPIRE BEAUTY SCHOOL                    ,NJ,08002-0000,Proprietary  ,23,74,97,23,74,97
02503900,WARREN COUNTY COMMUNITY COLLEGE         ,NJ,07882-0000,Public       ,248,202,450,248,202,450
02523700,OCEAN COUNTY VOCATIONAL-TECH SCHOOL     ,NJ,08753-0000,Public       ,39,119,158,39,119,158
02525900,ARTISTIC ACADEMY OF HAIR DESIGN         ,NJ,07950-1409,Proprietary  ,28,28,56,28,28,56
02528200,REIGNBOW BEAUTY ACADEMY                 ,NJ,07060-0000,Proprietary  ,2,5,7,2,5,7
02558700,PRISM CAREER INSTITUTE                  ,NJ,08037-0000,Proprietary  ,19,206,225,19,206,225
02568800,SUSSEX COUNTY COMMUNITY COLLEGE         ,NJ,07860-1149,Public       ,512,287,799,512,287,799
02586900,HARRIS SCHOOL OF BUSINESS               ,NJ,08043-2604,Proprietary  ,10,84,94,10,84,94
02616402,SANFORD-BROWN INSTITUTE - ISELIN        ,NJ,08830-0000,Proprietary  ,57,190,247,57,190,247
03122600,EASTERN INTERNATIONAL COLLEGE           ,NJ,07306-3906,Proprietary  ,26,73,99,26,73,99
03187300,STENOTECH CAREER INSTITUTE              ,NJ,07004-3490,Proprietary  ,11,10,21,11,10,21
03197300,INSTITUTE FOR HEALTH EDUCATION(THE)     ,NJ,07306-2929,Proprietary  ,6,15,21,6,15,21
03324300,CENTRAL CAREER SCHOOL                   ,NJ,07080-2408,Proprietary  ,2,15,17,2,15,17
03380302,STAR CAREER ACADEMY - STAR NEWARK       ,NJ,07102-4510,Proprietary  ,6,72,78,6,72,78
03380303,STAR CAREER ACADEMY - STAR CLIFTON      ,NJ,07011-2248,Proprietary  ,18,68,86,18,68,86
03389300,ACADEMY OF MASSAGE THERAPY              ,NJ,07631-0000,Proprietary  ,11,20,31,11,20,31
03424500,NEW COMMUNITY WORKFORCE DEVELOPMENT     ,NJ,07103-2402,Private      ,5,69,74,5,69,74
03530300,"KEY SKILLS LEARNING, INC.               ",NJ,07013-1900,Proprietary  ,1,3,4,1,3,4
03536300,INSTITUTE FOR THERAPEUTIC MASSAGE       ,NJ,07420-1452,Proprietary  ,6,23,29,6,23,29
03625300,PERFORMANCE TRAINING INSTITUTE          ,NJ,08753-0000,Proprietary  ,10,243,253,10,243,253
03637300,METRO AUTO ELECTRONICS TRAINING INSTITUT,NJ,07033-1798,Proprietary  ,4,8,12,4,8,12
03650600,PC AGE                                  ,NJ,07306-3936,Proprietary  ,7,22,29,7,22,29
03650603,PC AGE                                  ,NJ,08817-2842,Proprietary  ,1,20,21,1,20,21
03666300,SOMERSET CHRISTIAN COLLEGE              ,NJ,08890-9035,Private      ,17,133,150,17,133,150
03803300,HEALTHCARE TRAINING INSTITUTE           ,NJ,07083-3504,Proprietary  ,13,87,100,13,87,100
03811300,EASTERN SCHOOL OF ACUPUNCTURE AND TRADIT,NJ,07042-3562,Proprietary  ,1,14,15,1,14,15
04081300,BAIS MEDRASH TORAS CHESED               ,NJ,08701-0000,Private      ,3,4,7,3,4,7
04123400,YESHIVAS BE'ER YITZCHOK                 ,NJ,07208-2380,Private      ,0,1,1,0,1,1
04125000,GENTLE HEALING SCHOOL OF MASSAGE        ,NJ,08512-3600,Proprietary  ,2,4,6,2,4,6
04131200,TOTAL IMAGE BEAUTY ACADEMY              ,NJ,07307-2943,Proprietary  ,3,4,7,3,4,7
04134100,CENTER FOR ALLIED HEALTH & NURSING EDUCA,NJ,07601-5801,Proprietary  ,29,421,450,29,421,450
04136400,AMERICAN INSTITUTE OF MEDICAL SCIENCES &,NJ,07080-1183,Proprietary  ,4,32,36,4,32,36
04154500,STARTING POINTS FOR CHILDREN            ,NJ,07306-0001,Private      ,1,6,7,1,6,7
04154900,NATIONAL CAREER INSTITUTE               ,NJ,07018-2011,Proprietary  ,2,11,13,2,11,13
04173100,LAB PAUL MITCHELL PARTNER SCHOOL (THE)  ,NJ,08628-2500,Proprietary  ,11,20,31,11,20,31
04180300,MESIVTA KESER TORAH                     ,NJ,07719-2409,Private      ,0,2,2,0,2,2
00266500,VAUGHN COLLEGE OF AERONAUTICS AND TECHNO,NY,11369-9997,Private      ,521,276,797,521,276,797
00266600,ADELPHI UNIVERSITY                      ,NY,11530-4299,Private      ,6871,2395,9266,6871,2395,9266
00266700,DOWLING COLLEGE                         ,NY,11769-1999,Private      ,1711,696,2407,1711,696,2407
00266800,ALFRED UNIVERSITY                       ,NY,14802-1205,Private      ,3014,428,3442,3014,428,3442
00266900,BANK STREET COLLEGE OF EDUCATION        ,NY,10025-0000,Private      ,2,395,397,2,395,397
00267100,BARD COLLEGE                            ,NY,12504-5000,Private      ,2622,591,3213,2622,591,3213
00267400,NEW YORK THEOLOGICAL SEMINARY           ,NY,10115-0002,Private      ,1,50,51,1,50,51
00267700,BROOKLYN LAW SCHOOL                     ,NY,11201-0000,Private      ,30,2406,2436,30,2406,2436
00267800,BRYANT & STRATTON COLLEGE               ,NY,14203-1713,Proprietary  ,863,5704,6567,863,5704,6567
00267803,BRYANT & STRATTON COLLEGE - GREECE      ,NY,14606-4227,Proprietary  ,113,520,633,113,520,633
00267805,BRYANT & STRATTON COLLEGE - SYRACUSE    ,NY,13203-2502,Proprietary  ,256,709,965,256,709,965
00267807,BRYANT & STRATTON COLLEGE - ALBANY      ,NY,12205-5230,Proprietary  ,99,442,541,99,442,541
00268100,CANISIUS COLLEGE                        ,NY,14208-1098,Private      ,3559,915,4474,3559,915,4474
00268500,CAZENOVIA COLLEGE                       ,NY,13035-1085,Private      ,1633,134,1767,1633,134,1767
00268700,CUNY-BROOKLYN COLLEGE                   ,NY,11210-2814,Public       ,11421,5159,16580,11421,5159,16580
00268800,CITY COLLEGE-CUNY                       ,NY,10031-9198,Public       ,13997,5006,19003,13997,5006,19003
00268900,CUNY-HUNTER COLLEGE                     ,NY,10021-0000,Public       ,20250,9247,29497,20250,9247,29497
00269000,QUEENS COLLEGE-CUNY                     ,NY,11367-1597,Public       ,11112,3596,14708,11112,3596,14708
00269100,CUNY- BOROUGH OF MANHATTAN CMTY CLG     ,NY,10007-1047,Public       ,11368,5560,16928,11368,5560,16928
00269200,CUNY BRONX COMMUNITY COLLEGE            ,NY,10453-3102,Public       ,4802,3172,7974,4802,3172,7974
00269300,CUNY-JOHN JAY CLG CRIMINAL JUSTICE      ,NY,10019-1093,Public       ,9792,3689,13481,9792,3689,13481
00269400,KINGSBOROUGH COMMUNITY COLLEGE          ,NY,11235-2398,Public       ,5724,2569,8293,5724,2569,8293
00269600,NY CITY COLLEGE OF TECHNOLOGY-CUNY      ,NY,11201-2983,Public       ,8780,3266,12046,8780,3266,12046
00269700,QUEENSBOROUGH COMMUNITY COLLEGE         ,NY,11364-1497,Public       ,5480,2113,7593,5480,2113,7593
00269800,CUNY THE COLLEGE OF STATEN ISLAND       ,NY,10314-6600,Public       ,6314,2108,8422,6314,2108,8422
00269900,CLARKSON UNIVERSITY                     ,NY,13699-5615,Private      ,4115,295,4410,4115,295,4410
00270000,COLGATE ROCHESTER CROZER DIVINITY S     ,NY,14620-0000,Private      ,14,32,46,14,32,46
00270100,COLGATE UNIVERSITY                      ,NY,13346-1386,Private      ,3852,87,3939,3852,87,3939
00270300,COLLEGE OF MOUNT SAINT VINCENT          ,NY,10471-1093,Private      ,1911,241,2152,1911,241,2152
00270400,COLLEGE OF NEW ROCHELLE                 ,NY,10805-2339,Private      ,705,563,1268,705,563,1268
00270500,COLLEGE OF SAINT ROSE                   ,NY,12203-1490,Private      ,3890,939,4829,3890,939,4829
00270700,COLUMBIA UNIVERSITY                     ,NY,10027-0000,Private      ,20218,17577,37795,20218,17577,37795
00270800,BARNARD COLLEGE-COLUMBIA UNIV           ,NY,10027-6598,Private      ,3490,210,3700,3490,210,3700
00270900,CONCORDIA COLLEGE                       ,NY,10708-1998,Private      ,576,164,740,576,164,740
00271000,COOPER UNION                            ,NY,10003-7120,Private      ,1515,187,1702,1515,187,1702
00271100,CORNELL UNIVERSITY                      ,NY,14853-2801,Private      ,23131,5212,28343,23131,5212,28343
00271101,WEILL CORNELL MEDICAL COLLEGE AND GRADUA,NY,10021-0000,Private      ,18,471,489,18,471,489
00271200,D'YOUVILLE COLLEGE                      ,NY,14201-1084,Private      ,1260,988,2248,1260,988,2248
00271300,DOMINICAN COLLEGE                       ,NY,10962-1299,Private      ,1068,295,1363,1068,295,1363
00271800,ELMIRA COLLEGE                          ,NY,14901-2099,Private      ,1864,201,2065,1864,201,2065
00272200,FORDHAM UNIVERSITY                      ,NY,10458-5157,Private      ,19965,5730,25695,19965,5730,25695
00272600,GENERAL THEOLOGICAL SEMINARY            ,NY,10011-0000,Private      ,0,45,45,0,45,45
00272800,HAMILTON COLLEGE                        ,NY,13323-1218,Private      ,2584,46,2630,2584,46,2630
00272900,HARTWICK COLLEGE                        ,NY,13820-4020,Private      ,3348,148,3496,3348,148,3496
00273100,HOBART & WILLIAM SMITH COLLEGES         ,NY,14456-3397,Private      ,2713,70,2783,2713,70,2783
00273200,HOFSTRA UNIVERSITY                      ,NY,11549-1010,Private      ,12852,3805,16657,12852,3805,16657
00273400,HOUGHTON COLLEGE                        ,NY,14744-0128,Private      ,1128,87,1215,1128,87,1215
00273500,HILBERT COLLEGE                         ,NY,14075-1597,Private      ,744,140,884,744,140,884
00273700,IONA COLLEGE                            ,NY,10801-1890,Private      ,5605,616,6221,5605,616,6221
00273900,ITHACA COLLEGE                          ,NY,14850-7130,Private      ,12121,715,12836,12121,715,12836
00274000,JEWISH THEOLOGICAL SEMINARY OF AMER     ,NY,10027-4649,Private      ,130,144,274,130,144,274
00274200,THE JUILLIARD SCHOOL                    ,NY,10023-6588,Private      ,1140,560,1700,1140,560,1700
00274400,KEUKA COLLEGE                           ,NY,14478-0000,Private      ,1013,482,1495,1013,482,1495
00274800,LEMOYNE COLLEGE                         ,NY,13214-1399,Private      ,3747,472,4219,3747,472,4219
00274900,NEW YORK COLLEGE OF PODIATRIC MED       ,NY,10035-1940,Private      ,28,235,263,28,235,263
00275100,LONG ISLAND UNIVERSITY                  ,NY,11548-1326,Private      ,8938,4278,13216,8938,4278,13216
00275800,MANHATTAN COLLEGE                       ,NY,10471-4098,Private      ,4818,333,5151,4818,333,5151
00275900,MANHATTAN SCHOOL OF MUSIC               ,NY,10027-4689,Private      ,530,640,1170,530,640,1170
00276000,MANHATTANVILLE COLLEGE                  ,NY,10577-2132,Private      ,2679,436,3115,2679,436,3115
00276300,MARIA COLLEGE                           ,NY,12208-1798,Private      ,84,368,452,84,368,452
00276500,MARIST COLLEGE                          ,NY,12601-1387,Private      ,9252,589,9841,9252,589,9841
00276900,MARYMOUNT MANHATTAN COLLEGE             ,NY,10021-4597,Private      ,3138,233,3371,3138,233,3371
00277200,MERCY COLLEGE                           ,NY,10522-1189,Private      ,3523,3313,6836,3523,3313,6836
00277500,MOLLOY COLLEGE                          ,NY,11570-1100,Private      ,2112,806,2918,2112,806,2918
00277700,MEDAILLE COLLEGE                        ,NY,14214-2695,Private      ,1071,537,1608,1071,537,1608
00277800,MOUNT SAINT MARY COLLEGE                ,NY,12550-3494,Private      ,2878,449,3327,2878,449,3327
00277900,NAZARETH COLLEGE OF ROCHESTER           ,NY,14618-3790,Private      ,2695,715,3410,2695,715,3410
00278200,NEW YORK INSTITUTE OF TECHNOLOGY        ,NY,11568-8000,Private      ,3569,1220,4789,3569,1220,4789
00278202,NY INSTITUTE OF TECHNOLOGY-OSTEOPATHIC M,NY,11568-0000,Private      ,58,421,479,58,421,479
00278300,NEW YORK LAW SCHOOL                     ,NY,10013-0000,Private      ,16,2163,2179,16,2163,2179
00278400,NEW YORK MEDICAL COLLEGE                ,NY,10595-0000,Private      ,27,967,994,27,967,994
00278500,NEW YORK UNIVERSITY                     ,NY,10012-1091,Private      ,33343,22057,55400,33343,22057,55400
00278800,NIAGARA UNIVERSITY                      ,NY,14109-2010,Private      ,3178,550,3728,3178,550,3728
00279000,NYACK COLLEGE                           ,NY,10960-3698,Private      ,883,535,1418,883,535,1418
00279100,PACE UNIVERSITY - NEW YORK              ,NY,10038-1598,Private      ,7875,1909,9784,7875,1909,9784
00279101,PACE UNIVERSITY-PLEASANTVILLE           ,NY,10570-0000,Private      ,2986,653,3639,2986,653,3639
00279102,PACE UNIVERSITY - WHITE PLAINS          ,NY,10603-0000,Private      ,465,1305,1770,465,1305,1770
00279500,PAUL SMITHS CLG OF ARTS & SCIENCES      ,NY,12970-0000,Private      ,855,92,947,855,92,947
00279600,POLYTECHNIC INTSTITUTE OF NEW YORK UNIV ,NY,11201-3840,Private      ,2515,511,3026,2515,511,3026
00279800,PRATT INSTITUTE                         ,NY,11205-3899,Private      ,4205,1915,6120,4205,1915,6120
00280300,RENSSELAER POLYTECHNIC INSTITUTE        ,NY,12180-3590,Private      ,9496,574,10070,9496,574,10070
00280500,ROBERTS WESLEYAN COLLEGE                ,NY,14624-1997,Private      ,1097,441,1538,1097,441,1538
00280600,ROCHESTER INSTITUTE OF TECHNOLOGY       ,NY,14623-5608,Private      ,12329,1643,13972,12329,1643,13972
00280700,ROCKEFELLER UNIVERSITY                  ,NY,10021-0000,Private      ,4,23,27,4,23,27
00280800,DAEMEN COLLEGE                          ,NY,14226-3592,Private      ,1730,429,2159,1730,429,2159
00281000,THE SAGE COLLEGES                       ,NY,12180-4199,Private      ,1185,796,1981,1185,796,1981
00281200,TROCAIRE COLLEGE                        ,NY,14220-2094,Private      ,289,471,760,289,471,760
00281300,SARAH LAWRENCE COLLEGE                  ,NY,10708-5999,Private      ,1725,591,2316,1725,591,2316
00281400,SKIDMORE COLLEGE                        ,NY,12866-1632,Private      ,3142,82,3224,3142,82,3224
00281401,SKIDMORE COLL-UNIV WITHOUT WALLS        ,NY,12866-0000,Private      ,102,13,115,102,13,115
00281500,ST BERNARDS SCH THEOLOGY & MINISTRY     ,NY,14618-3822,Private      ,0,13,13,0,13,13
00281600,SIENA COLLEGE                           ,NY,12211-1462,Private      ,5555,235,5790,5555,235,5790
00281700,ST BONAVENTURE UNIVERSITY               ,NY,14778-2284,Private      ,2317,261,2578,2317,261,2578
00282000,ST FRANCIS COLLEGE                      ,NY,11201-4398,Private      ,1532,242,1774,1532,242,1774
00282100,ST JOHN FISHER COLLEGE                  ,NY,14618-3597,Private      ,3711,892,4603,3711,892,4603
00282200,CHRIST THE KING SEMINARY                ,NY,14052-0607,Private      ,0,2,2,0,2,2
00282300,ST JOHN'S UNIVERSITY                    ,NY,11439-1343,Private      ,20820,4644,25464,20820,4644,25464
00282500,ST JOSEPH'S COLLEGE                     ,NY,11205-3688,Private      ,777,219,996,777,219,996
00282501,ST JOSEPH'S COLLEGE-SUFFOLK CAMPUS      ,NY,11772-0000,Private      ,1669,436,2105,1669,436,2105
00282900,ST LAWRENCE UNIVERSITY                  ,NY,13617-1455,Private      ,2271,69,2340,2271,69,2340
00283200,ST THOMAS AQUINAS COLLEGE               ,NY,10976-1050,Private      ,1294,120,1414,1294,120,1414
00283300,ST VLADIMIR ORTHODOX THEOL SEM          ,NY,10707-0000,Private      ,0,27,27,0,27,27
00283400,EXCELSIOR COLLEGE                       ,NY,12203-5159,Private      ,56,2135,2191,56,2135,2191
00283500,SUNY AT ALBANY                          ,NY,12222-0001,Public       ,15624,2887,18511,15624,2887,18511
00283600,BINGHAMTON UNIVERSITY (SUNY)            ,NY,13902-6000,Public       ,21060,2088,23148,21060,2088,23148
00283700,SUNY AT BUFFALO                         ,NY,14260-0001,Public       ,18545,6298,24843,18545,6298,24843
00283800,SUNY AT STONY BROOK                     ,NY,11794-0001,Public       ,20903,4669,25572,20903,4669,25572
00283900,SUNY-DOWNSTATE MEDICAL CENTER           ,NY,11203-2098,Public       ,100,1404,1504,100,1404,1504
00284000,SUNY UPSTATE MEDICAL UNIVERSITY         ,NY,13210-2375,Public       ,167,1082,1249,167,1082,1249
00284100,SUNY BROCKPORT - FIN AID OFF            ,NY,14420-2914,Public       ,7165,1391,8556,7165,1391,8556
00284200,BUFFALO STATE COLLEGE - SUNY            ,NY,14222-1095,Public       ,8344,2207,10551,8344,2207,10551
00284300,SUNY COLLEGE-CORTLAND                   ,NY,13045-0900,Public       ,9853,928,10781,9853,928,10781
00284400,SUNY AT FREDONIA                        ,NY,14063-1145,Public       ,5813,580,6393,5813,580,6393
00284500,SUNY GENESEO                            ,NY,14454-1401,Public       ,7920,410,8330,7920,410,8330
00284600,SUNY COLLEGE-NEW PALTZ                  ,NY,12561-2499,Public       ,9715,1470,11185,9715,1470,11185
00284700,SUNY COLLEGE-ONEONTA                    ,NY,13820-4015,Public       ,8970,561,9531,8970,561,9531
00284800,SUNY OSWEGO                             ,NY,13126-3599,Public       ,8637,1270,9907,8637,1270,9907
00284900,SUNY COLLEGE AT PLATTSBURGH             ,NY,12901-2681,Public       ,5565,778,6343,5565,778,6343
00285000,SUNY COLLEGE-POTSDAM                    ,NY,13676-2294,Public       ,4241,508,4749,4241,508,4749
00285100,SUNY COLLEGE OF ENVIRONMENT SCIENCE AND ,NY,13210-2778,Public       ,2005,430,2435,2005,430,2435
00285300,SUNY MARITIME COLLEGE                   ,NY,10465-4198,Public       ,1083,163,1246,1083,163,1246
00285400,SUNY COLLEGE OF TECHNOLOGY-ALFRED       ,NY,14802-9951,Public       ,2730,452,3182,2730,452,3182
00285500,SUNY CANTON COLG OF TECHNOLOGY          ,NY,13617-1098,Public       ,2366,808,3174,2366,808,3174
00285600,SUNY AG & TECH COLLEGE-COBLESKILL       ,NY,12043-9986,Public       ,1742,219,1961,1742,219,1961
00285700,SUNY DELHI                              ,NY,13753-1190,Public       ,2507,464,2971,2507,464,2971
00285800,SUNY FARMINGDALE                        ,NY,11735-1021,Public       ,3796,889,4685,3796,889,4685
00285900,SUNY COLLEGE OF AG & TECH AT MORRISVILLE,NY,13408-0901,Public       ,2231,479,2710,2231,479,2710
00286000,ADIRONDACK COMMUNITY COLLEGE            ,NY,12804-2004,Public       ,651,553,1204,651,553,1204
00286100,CAYUGA COMMUNITY COLLEGE                ,NY,13021-3099,Public       ,616,723,1339,616,723,1339
00286200,BROOME COMMUNITY COLLEGE                ,NY,13902-0000,Public       ,1474,863,2337,1474,863,2337
00286300,CORNING COMMUNITY COLLEGE               ,NY,14830-3297,Public       ,653,639,1292,653,639,1292
00286400,DUTCHESS COMMUNITY COLLEGE              ,NY,12601-1595,Public       ,1288,773,2061,1288,773,2061
00286600,FASHION INSTITUTE OF TECHNOLOGY         ,NY,10001-5992,Public       ,6362,1963,8325,6362,1963,8325
00286700,SUNY FULTON MONTGOMERY COMM CLG         ,NY,12095-3790,Public       ,644,426,1070,644,426,1070
00286800,HUDSON VALLEY COMMUNITY COLLEGE         ,NY,12180-6096,Public       ,2689,1494,4183,2689,1494,4183
00286900,JAMESTOWN COMMUNITY COLLEGE             ,NY,14702-0020,Public       ,1328,867,2195,1328,867,2195
00287000,JEFFERSON COMMUNITY COLLEGE             ,NY,13601-1897,Public       ,562,665,1227,562,665,1227
00287100,"SUNY, MOHAWK VALLEY COMMUNITY CLG       ",NY,13501-5394,Public       ,1857,1120,2977,1857,1120,2977
00287200,MONROE COMMUNITY COLLEGE                ,NY,14623-5780,Public       ,4068,3075,7143,4068,3075,7143
00287300,NASSAU COMMUNITY COLLEGE                ,NY,11530-6793,Public       ,4498,1931,6429,4498,1931,6429
00287400,NIAGARA COUNTY COMMUNITY COLLEGE        ,NY,14132-9460,Public       ,1877,1229,3106,1877,1229,3106
00287500,ONONDAGA COMMUNITY COLLEGE              ,NY,13215-4585,Public       ,3202,1483,4685,3202,1483,4685
00287600,ORANGE COUNTY COMMUNITY COLLEGE         ,NY,10940-6441,Public       ,1080,771,1851,1080,771,1851
00287700,ROCKLAND COMMUNITY COLLEGE              ,NY,10901-3611,Public       ,805,507,1312,805,507,1312
00287800,SUFFOLK COMMUNITY COLLEGE               ,NY,11784-2899,Public       ,3258,1399,4657,3258,1399,4657
00287801,SUFFOLK COMMUNITY CLG-W. CAMPUS         ,NY,11717-0000,Public       ,1299,830,2129,1299,830,2129
00287803,SUFFOLK COMMUNITY CLG-EASTRN CAMPUS     ,NY,11901-0000,Public       ,466,256,722,466,256,722
00287900,SULLIVAN COUNTY COMMUNITY COLLEGE       ,NY,12759-5151,Public       ,636,296,932,636,296,932
00288000,ULSTER COUNTY COMMUNITY COLLEGE         ,NY,12484-0557,Public       ,445,324,769,445,324,769
00288100,SUNY WESTCHESTER COMMUNITY COLLEGE      ,NY,10595-1698,Public       ,1973,1292,3265,1973,1292,3265
00288200,SYRACUSE UNIVERSITY                     ,NY,13244-2130,Private      ,20226,4755,24981,20226,4755,24981
00288300,UTICA COLLEGE- UTICA                    ,NY,13502-4892,Private      ,2928,847,3775,2928,847,3775
00288500,ALBANY COLLEGE OF PHARMACY AND HEALTH SC,NY,12208-3492,Private      ,1592,699,2291,1592,699,2291
00288600,ALBANY LAW SCHOOL                       ,NY,12208-0000,Private      ,34,924,958,34,924,958
00288700,ALBANY MEDICAL COLLEGE                  ,NY,12208-0000,Private      ,63,848,911,63,848,911
00288900,UNION COLLEGE                           ,NY,12308-2311,Private      ,3306,114,3420,3306,114,3420
00289000,UNION THEOLOGICAL SEMINARY              ,NY,10027-0000,Private      ,1,294,295,1,294,295
00289200,UNITED STATES MERCHANT MARINE ACADEMY   ,NY,11024-1699,Public       ,288,9,297,288,9,297
00289400,UNIVERSITY OF ROCHESTER                 ,NY,14627-9000,Private      ,7645,1139,8784,7645,1139,8784
00289401,EASTMAN SCH OF MUSIC/UNIV ROCHESTER     ,NY,14604-0000,Private      ,639,257,896,639,257,896
00289402,UNIV OF ROCHESTER SCHL OF MEDICINE      ,NY,14642-0000,Private      ,39,399,438,39,399,438
00289500,VASSAR COLLEGE                          ,NY,12604-0008,Private      ,4369,126,4495,4369,126,4495
00289600,VILLA MARIA COLLEGE-BUFFALO             ,NY,14225-3999,Private      ,239,125,364,239,125,364
00289900,WAGNER COLLEGE                          ,NY,10301-4495,Private      ,2308,250,2558,2308,250,2558
00290000,WEBB INSTITUTE                          ,NY,11542-1398,Private      ,60,4,64,60,4,64
00290100,WELLS COLLEGE                           ,NY,13026-0500,Private      ,1055,63,1118,1055,63,1118
00290300,YESHIVA UNIVERSITY                      ,NY,10033-3201,Private      ,1434,2012,3446,1434,2012,3446
00290302,YESHIVA UNIVERSITY - BRONX CAMPUS       ,NY,10461-1975,Private      ,19,652,671,19,652,671
00397400,MESIVTHA TIFERETH JERUSALEM OF AMER     ,NY,10002-6382,Private      ,2,0,2,2,0,2
00397600,RABBINICAL ACAD MESIVTA RABBI CHAIM     ,NY,11230-4715,Private      ,0,2,2,0,2,2
00397800,RABBINICAL SEMINARY OF AMERICA          ,NY,11375-0000,Private      ,3,2,5,3,2,5
00397900,COLUMBIA UNIV TEACHERS COLLEGE          ,NY,10027-0000,Private      ,38,3576,3614,38,3576,3614
00405400,HEBREW UNION COL-JEWISH INST OF REL     ,NY,10012-0000,Private      ,0,18,18,0,18,18
00475900,"CUNY, YORK COLLEGE                      ",NY,11451-0001,Public       ,6618,2287,8905,6618,2287,8905
00476500,CUNY GRADUATE SCH & UNIV CTR            ,NY,10016-4309,Public       ,92,1545,1637,92,1545,1637
00477600,CENTRAL YESHIVA TOMCHEI TMIMIM LUBA     ,NY,11230-2798,Private      ,3,1,4,3,1,4
00478800,HERKIMER COUNTY COMMUNITY COLLEGE       ,NY,13350-1598,Public       ,1364,491,1855,1364,491,1855
00479800,MIRRER YESHIVA CENTRAL INST             ,NY,11223-2010,Private      ,3,0,3,3,0,3
00479900,MONROE COLLEGE                          ,NY,10468-4305,Proprietary  ,1350,1443,2793,1350,1443,2793
00481100,EVEREST INSTITUTE                       ,NY,14621-3007,Proprietary  ,23,302,325,23,302,325
00506400,SAINT JAMES MERCY HOSPITAL SCHOOL OF RAD,NY,14843-2197,Private      ,8,9,17,8,9,17
00506600,FAXTON ST. LUKE'S SCHOOL OF RADIOGRAPHY ,NY,13502-4856,Private      ,12,10,22,12,10,22
00520800,THE COLLEGE OF WESTCHESTER              ,NY,10602-0000,Proprietary  ,293,141,434,293,141,434
00587700,ROBERT J HOCHSTIM SCHOOL OF RADIOG      ,NY,11572-1151,Private      ,1,1,2,1,1,2
00643501,ARNOT OGDEN MEDICAL CENTER              ,NY,14905-1676,Private      ,23,21,44,23,21,44
00643800,PHILLIPS BETH ISRAEL SCH OF NURSING     ,NY,10001-6354,Private      ,50,118,168,50,118,168
00644300,COCHRAN SCH NSG-ST JOHN RVSDE HOSP      ,NY,10701-1399,Private      ,13,69,82,13,69,82
00644500,CROUSE HOSP SCH OF NURSING              ,NY,13210-1690,Private      ,93,105,198,93,105,198
00644800,ELLIS HOSPITAL SCHOOL OF NURSING        ,NY,12308-0000,Private      ,30,56,86,30,56,86
00646101,ST ELIZABETH COLLEGE OF NURSING         ,NY,13501-2998,Private      ,67,96,163,67,96,163
00646102,ST ELIZABETH SCH OF RADIOGRAPHY         ,NY,13501-0000,Private      ,6,7,13,6,7,13
00646700,SAINT JOSEPH'S COLLEGE OF NURSING       ,NY,13203-1806,Private      ,150,156,306,150,156,306
00678200,GENESEE COMMUNITY COLLEGE               ,NY,14020-9704,Public       ,1363,857,2220,1363,857,2220
00678500,SCHENECTADY COUNTY COMMUNITY CLG        ,NY,12305-2294,Public       ,691,703,1394,691,703,1394
00678700,CLINTON COMMUNITY COLLEGE               ,NY,12901-5690,Public       ,542,276,818,542,276,818
00678800,TOMPKINS CORTLAND COMMUNITY COLLEGE     ,NY,13053-8504,Public       ,1448,590,2038,1448,590,2038
00678900,COLUMBIA-GREENE COMMUNITY COLLEGE       ,NY,12534-9543,Public       ,317,262,579,317,262,579
00679100,SUNY AT PURCHASE                        ,NY,10577-1400,Public       ,6011,648,6659,6011,648,6659
00702200,CUNY-LEHMAN COLLEGE                     ,NY,10468-1589,Public       ,8491,4368,12859,8491,4368,12859
00702600,MOUNT SINAI SCHOOL OF MEDICINE          ,NY,10029-0000,Private      ,11,633,644,11,633,644
00710900,SUNY COLLEGE-OLD WESTBURY               ,NY,11568-0210,Public       ,3695,961,4656,3695,961,4656
00711100,NORTH COUNTRY COMMUNITY COLLEGE         ,NY,12983-2046,Public       ,352,276,628,352,276,628
00726400,MESIFTA TORAH VODAATH RABBINCAL SEM     ,NY,11218-5209,Private      ,1,0,1,1,0,1
00727300,CUNY-BERNARD BARUCH COLLEGE             ,NY,10010-5518,Public       ,12159,3999,16158,12159,3999,16158
00730400,CULINARY INSTITUTE OF AMERICA           ,NY,12538-1499,Private      ,1975,736,2711,1975,736,2711
00732916,ITT TECHNICAL INSTITUTE                 ,NY,12205-1003,Proprietary  ,52,118,170,52,118,170
00737200,AUSTIN'S SCHOOL OF SPA TECHNOLOGY       ,NY,12206-1513,Proprietary  ,17,55,72,17,55,72
00737500,ISLAND DRAFTING & TECHNICAL INST        ,NY,11701-2704,Proprietary  ,13,15,28,13,15,28
00738700,LONG ISLAND BEAUTY SCHOOL               ,NY,11788-4346,Proprietary  ,12,27,39,12,27,39
00738800,LONG ISLAND BEAUTY SCHOOL               ,NY,11550-3704,Proprietary  ,8,22,30,8,22,30
00739100,BEAUTY SCHOOL OF MIDDLETOWN             ,NY,10940-6574,Proprietary  ,4,11,15,4,11,15
00739400,BERKELEY COLLEGE                        ,NY,10017-0000,Proprietary  ,1180,1288,2468,1180,1288,2468
00739402,BERKELEY COLLEGE-WESTCHESTER CAMPUS     ,NY,10601-1533,Proprietary  ,393,174,567,393,174,567
00740100,MANDL SCHOOL                            ,NY,10019-5516,Proprietary  ,31,194,225,31,194,225
00740500,WOOD TOBE-COBURN SCHOOL                 ,NY,10016-0102,Proprietary  ,231,61,292,231,61,292
00746500,AMERICAN ACADEMY OF DRAMATIC ARTS       ,NY,10016-7089,Private      ,376,144,520,376,144,520
00746600,LIM COLLEGE                             ,NY,10022-5268,Proprietary  ,1641,216,1857,1641,216,1857
00746800,SCHOOL OF VISUAL ARTS                   ,NY,10010-3994,Proprietary  ,3333,1141,4474,3333,1141,4474
00750602,LINCOLN TECHNICAL INSTITUTE             ,NY,11357-6092,Proprietary  ,134,70,204,134,70,204
00751800,APEX TECHNICAL SCHOOL                   ,NY,10011-2008,Proprietary  ,100,317,417,100,317,417
00752200,CONTINENTAL SCH OF BEAUTY CULTURE       ,NY,14623-3231,Proprietary  ,23,31,54,23,31,54
00752205,CONTINENTAL SCHOOL OF BEAUTY CULTURE - M,NY,13211-1003,Proprietary  ,8,3,11,8,3,11
00753200,FINGER LAKES COMMUNITY COLLEGE          ,NY,14424-8395,Public       ,1776,1060,2836,1776,1060,2836
00757200,AMERICAN MUSICAL AND DRAMATIC ACAD      ,NY,10023-2106,Private      ,1705,279,1984,1705,279,1984
00757300,EMPIRE BEAUTY SCHOOL                    ,NY,11103-4028,Proprietary  ,23,43,66,23,43,66
00780400,STAR CAREER ACADEMY                     ,NY,10011-7307,Proprietary  ,47,180,227,47,180,227
00818900,CONTINENTAL SCHOOL OF BEAUTY CULTURE - B,NY,14224-3402,Proprietary  ,7,5,12,7,5,12
00818903,CONTINENTAL SCHOOL OF BEAUTY CULTURE - B,NY,14223-2911,Proprietary  ,13,21,34,13,21,34
00843700,CHAMPLAIN VALLEY - TEC/PRN              ,NY,12901-0000,Public       ,4,9,13,4,9,13
00849500,JAMESTOWN BUSINESS COLLEGE              ,NY,14702-0429,Proprietary  ,94,126,220,94,126,220
00861100,"CUNY, HOSTOS CMTY COLLEGE               ",NY,10451-1499,Public       ,3329,2164,5493,3329,2164,5493
00878800,STATE UNIVERSITY OF NEW YORK STUDENT LOA,NY,12246-0000,Public       ,569,203,772,569,203,772
00900300,OLEAN BUSINESS INSTITUTE INC            ,NY,14760-2691,Proprietary  ,6,25,31,6,25,31
00902900,NEIGHBORHOOD PLAYHOUSE                  ,NY,10022-5017,Private      ,12,22,34,12,22,34
00904300,ELMIRA BUSINESS INSTITUTE               ,NY,14901-2731,Proprietary  ,32,227,259,32,227,259
00907700,UTICA SCHOOL OF COMMERCE                ,NY,13501-2280,Proprietary  ,30,102,132,30,102,132
00924800,SAMARITAN HOSPITAL SCH NURSING          ,NY,12180-2475,Private      ,21,94,115,21,94,115
00928300,MIDWAY-PARIS BEAUTY SCHOOL              ,NY,11385-3453,Proprietary  ,3,1,4,3,1,4
00928400,LEARNING INST FOR BEAUTY SCIENCES       ,NY,11756-1345,Proprietary  ,7,13,20,7,13,20
00933500,MESIVTA EASTERN PKWY RABBINICAL CLG     ,NY,11218-5559,Private      ,1,0,1,1,0,1
00947900,SAINT VINCENTS CMC SI NURSING SCHOOL    ,NY,10304-3850,Proprietary  ,31,108,139,31,108,139
00976900,METROPOLITAN COLLEGE OF NEW YORK        ,NY,10013-1919,Private      ,124,607,731,124,607,731
00992900,SUNY COLLEGE OF OPTOMETRY               ,NY,10036-8003,Public       ,18,197,215,18,197,215
01005100,LA GUARDIA CMTY COLLEGE - CUNY          ,NY,11101-3083,Public       ,6877,3655,10532,6877,3655,10532
01005200,JEFFERSON-LEWIS BOCES PRAC NRSGPRG      ,NY,13601-9509,Public       ,5,25,30,5,25,30
01009700,CUNY-MEDGAR W EVERS COLLEGE             ,NY,11225-2010,Public       ,3061,1886,4947,3061,1886,4947
01014200,TOURO COLLEGE                           ,NY,10010-4202,Private      ,790,2805,3595,790,2805,3595
01014700,WESTERN SUFFOLK BOCES                   ,NY,11768-3499,Public       ,30,116,146,30,116,146
01015300,HELENE FULD COL OF NRSNG/N GEN HOSP     ,NY,10035-0000,Private      ,7,150,157,7,150,157
01028600,EMPIRE STATE COLLEGE                    ,NY,12866-4391,Public       ,352,5372,5724,352,5372,5724
01037800,RABBINICAL COLLEGE OF LONG ISLAND       ,NY,11561-3244,Private      ,2,2,4,2,2,4
01055100,NEW YORK SCH MED & DENTAL ASSISTANT     ,NY,11101-2327,Proprietary  ,26,55,81,26,55,81
01064100,SOUTHERN WESTCHESTER BOCES              ,NY,10543-0000,Public       ,6,26,32,6,26,32
01068400,ERIE COMMUNITY COLLEGE-ALL CAMPUSES     ,NY,14203-2698,Public       ,2885,2258,5143,2885,2258,5143
01081300,AMERICAN ACAD MCALLISTER INST           ,NY,10019-3604,Private      ,32,170,202,32,170,202
01083700,SIMMONS INST OF FUNERAL SERVICE         ,NY,13207-2098,Proprietary  ,8,21,29,8,21,29
01093000,SUBURBAN TECHNICAL SCHOOL               ,NY,11550-3771,Proprietary  ,0,4,4,0,4,4
01095200,PNW BOCES LPN PROGRAM                   ,NY,10598-0000,Public       ,2,10,12,2,10,12
01103100,TECHNICAL CAREER INSTITUTE              ,NY,10001-2789,Proprietary  ,132,496,628,132,496,628
01118900,UNITED TALMUDICAL SEMINARY              ,NY,11211-7984,Private      ,0,1,1,0,1,1
01119200,BETH HAMEDRASH SHAAREI YOSHER INST      ,NY,11204-1052,Private      ,1,0,1,1,0,1
01161400,CHAMPLAIN VALLEY HOSP SCH RAD TECH      ,NY,12901-1490,Private      ,8,4,12,8,4,12
01161700,NEW YORK METHODIST HOSPITAL             ,NY,11229-9023,Private      ,32,72,104,32,72,104
01164700,SBI CAMPUS - AN AFFILIATE OF SANFORD-BRO,NY,11747-3785,Proprietary  ,130,432,562,130,432,562
01167700,MEMORIAL SLOAN KETTERING CANCER CTR     ,NY,10021-6094,Private      ,4,9,13,4,9,13
01167800,SUNY INST OF TECHNOLOGY UTICA ROME      ,NY,13504-3050,Public       ,1071,409,1480,1071,409,1480
01183000,BERK TRADE AND BUSINESS SCHOOL          ,NY,11101-0000,Proprietary  ,8,16,24,8,16,24
01185900,WORD OF LIFE BIBLE INSTITUTE            ,NY,12860-0129,Private      ,250,35,285,250,35,285
01186000,MERCY MED CNTR SCHL OF RADIOGRAPHY      ,NY,11570-1098,Private      ,1,2,3,1,2,3
01192100,WESTCHESTER SCH OF BEAUTY CULTURE       ,NY,10550-2295,Proprietary  ,0,4,4,0,4,4
01192200,BETH HATALMUD RABBINICAL CLG            ,NY,11214-2594,Private      ,0,1,1,0,1,1
01198400,OHR HAMEIR THEOLOGICAL SEMINARY         ,NY,10566-0990,Private      ,3,0,3,3,0,3
01201100,TALMUDICAL SEM OHOLEI TORAH             ,NY,11213-3310,Private      ,8,2,10,8,2,10
01207200,PHILLIPS HAIRSTYLING INSTITUTE          ,NY,13210-1509,Proprietary  ,6,26,32,6,26,32
01210700,INSTITUTE OF DESIGN & CONSTRUCTION      ,NY,11201-5380,Private      ,13,23,36,13,23,36
01220300,MEMORIAL HOSPITAL SCH OF NURSING        ,NY,12204-1083,Private      ,23,64,87,23,64,87
01227700,NEW YORK CHIROPRACTIC COLLEGE           ,NY,13148-0800,Private      ,7,405,412,7,405,412
01229300,VEEB NASSAU CNTY SCHL OF PRACT NURS     ,NY,11553-3037,Public       ,12,34,46,12,34,46
01235800,PLAZA COLLEGE                           ,NY,11372-6300,Proprietary  ,3,22,25,3,22,25
01236400,SAINT VINCENTS CATHOLIC MEDICAL CENTERS ,NY,11354-0000,Proprietary  ,29,206,235,29,206,235
01240700,SCHUYLER-CHEMUNG-TIOGA BOCES            ,NY,14903-1089,Public       ,13,67,80,13,67,80
01240701,STEUBEN SCHUYLER CHEMUNG TIOGA ALLEGANY ,NY,14870-9518,Public       ,0,2,2,0,2,2
01256100,FIVE TOWNS COLLEGE                      ,NY,11746-5871,Proprietary  ,679,118,797,679,118,797
01258900,ERIE 1 BOCES                            ,NY,14224-0000,Public       ,22,88,110,22,88,110
01265200,ONONDAGA CORTLAND MADISON BOCES         ,NY,13090-4500,Public       ,51,149,200,51,149,200
01278300,OSWEGO COUNTY BOCES ADULT CAREERS       ,NY,13114-4498,Public       ,23,20,43,23,20,43
01292700,CENTRAL TECH NURSING PROGRAM            ,NY,13202-3092,Public       ,8,24,32,8,24,32
01302900,BORICUA COLLEGE                         ,NY,10032-1599,Private      ,111,316,427,111,316,427
02056400,CAPRI COSMETOLOGY LEARNING CENTER       ,NY,10954-0000,Proprietary  ,17,21,38,17,21,38
02066200,THE NEW SCHOOL                          ,NY,10011-0000,Private      ,4215,3929,8144,4215,3929,8144
02069000,NEW YORK SCHOOL OF INTERIOR DESIGN      ,NY,10021-0000,Private      ,116,165,281,116,165,281
02075700,BRIARCLIFFE COLLEGE                     ,NY,11714-0000,Proprietary  ,511,566,1077,511,566,1077
02075702,BRIARCLIFFE COLLEGE - PATCHOGUE         ,NY,11772-3019,Proprietary  ,403,451,854,403,451,854
02092400,RIDLEY-LOWELL SCHOOL OF BUSINESS        ,NY,13905-0000,Proprietary  ,7,33,40,7,33,40
02093700,LONG ISLAND BUSINESS INSTITUTE          ,NY,11725-0000,Proprietary  ,43,120,163,43,120,163
02093701,LONG ISLAND BUSINESS INSTITUTE - FLUSHIN,NY,11354-4429,Proprietary  ,6,10,16,6,10,16
02098400,HERKIMER COUNTY BOCES                   ,NY,13350-0000,Public       ,39,35,74,39,35,74
02104300,OTSEGO AREA SCHOOL OF PRAC NURSING      ,NY,12167-0000,Public       ,0,3,3,0,3,3
02105900,HAIR DESIGN INSTITUTE AT FIFTH AVE      ,NY,11220-0000,Proprietary  ,21,45,66,21,45,66
02106800,BRAMSON ORT COLLEGE                     ,NY,11375-0000,Private      ,11,31,42,11,31,42
02110900,CATTARAUGUS/ALLEGANY BOCES              ,NY,14760-0000,Public       ,8,19,27,8,19,27
02112301,RIDLEY - LOWELL BUSINESS & TECHNICAL INS,NY,12601-3328,Proprietary  ,16,96,112,16,96,112
02116011,SANFORD-BROWN INSTITUTE - NEW YORK      ,NY,10003-2103,Proprietary  ,157,616,773,157,616,773
02118700,LONG ISLAND COLLEGE HOSPITAL - SCHOOL OF,NY,11201-6001,Private      ,53,115,168,53,115,168
02118702,LONG ISLAND COLLEGE HOSPITAL - SCHOOL OF,NY,11201-6001,Private      ,60,103,163,60,103,163
02124000,ORANGE ULSTER BOCES SCH OF PRAC NRS     ,NY,10924-9401,Public       ,4,23,27,4,23,27
02125500,CIRCLE IN THE SQUARE THEATRE SCHOOL     ,NY,10019-0000,Private      ,27,33,60,27,33,60
02126300,MADISON-ONEIDA BOCES PRAC NRS           ,NY,13478-0000,Public       ,4,21,25,4,21,25
02138500,BOCES RENSSELAER SCHOOL OF PN           ,NY,12033-3221,Public       ,3,17,20,3,17,20
02145800,CAYUGA ONONDAGA BOCES                   ,NY,13021-9430,Public       ,7,19,26,7,19,26
02146000,WAYNE-FINGER LAKES BOCES                ,NY,14513-0000,Public       ,4,19,23,4,19,23
02152000,YESHIVA SHAAR HATORAH ITRI TORAH        ,NY,11418-0000,Private      ,3,1,4,3,1,4
02153600,BROOME-TIOGA BOCES PN PROG              ,NY,13905-0000,Public       ,12,40,52,12,40,52
02157900,ROCHESTER GENERAL HOSPITAL              ,NY,14621-3001,Private      ,13,37,50,13,37,50
02158200,WSHNGTN-SARTGA-WARN-HMLTN-ESX BOCES     ,NY,12839-1051,Public       ,7,16,23,7,16,23
02160100,GENEVA GENERAL HOSPITAL                 ,NY,14456-0000,Private      ,17,36,53,17,36,53
02163400,NEW YORK CAREER INSTITUTE               ,NY,10007-2801,Proprietary  ,46,154,200,46,154,200
02169100,DAVIS COLLEGE                           ,NY,13790-0000,Private      ,61,28,89,61,28,89
02170000,SWEDISH INSTITUTE                       ,NY,10001-0000,Proprietary  ,36,298,334,36,298,334
02170200,ALBANY SCHOHARIE SCHENECTADY            ,NY,12205-0000,Public       ,20,29,49,20,29,49
02171900,AILEY SCHOOL (THE)                      ,NY,10019-4402,Private      ,69,32,101,69,32,101
02172100,HAMILTON-FULTON-MONTGOMERY BOCES        ,NY,12095-0665,Public       ,47,23,70,47,23,70
02172800,DUTCHESS COUNTY BOCES SCH PRAC NURS     ,NY,12601-0000,Public       ,10,35,45,10,35,45
02173200,EMPIRE BEAUTY SCHOOL                    ,NY,10001-0000,Proprietary  ,92,172,264,92,172,264
02173900,ULSTER COUNTY BOCES PRACTICAL NRSG      ,NY,12466-0000,Public       ,8,37,45,8,37,45
02176000,CHERYL FELL'S SCHOOL OF BUSINESS        ,NY,14304-0000,Proprietary  ,1,6,7,1,6,7
02179400,EASTERN SUFFOLK BOCES                   ,NY,11713-0000,Public       ,37,80,117,37,80,117
02182200,NEW SCHOOL OF RADIO & TELEVISION        ,NY,12206-1106,Proprietary  ,15,13,28,15,13,28
02187300,DARKEI NOAM RABBINICAL COLLEGE          ,NY,11210-0000,Private      ,0,1,1,0,1,1
02191600,TORAH TEMIMAH TALMUDICAL SEMINARY       ,NY,11218-0000,Private      ,2,0,2,2,0,2
02192500,BELLEVUE HOSP CTR SCH RAD TECH          ,NY,10016-0000,Public       ,8,20,28,8,20,28
02199300,ORLEANS-NIAGARA BOCES                   ,NY,14132-0000,Public       ,6,21,27,6,21,27
02206000,HUNTER BUSINESS SCHOOL                  ,NY,11756-0000,Proprietary  ,48,119,167,48,119,167
02217800,D.HOPFER SCH NURSING AT MT.VRN HOSP     ,NY,10550-0000,Private      ,21,43,64,21,43,64
02219500,MILDRED ELLEY                           ,NY,12206-1513,Proprietary  ,48,424,472,48,424,472
02235600,ERIE 2-CHAUTAUQUA-CATTARAUGUS BOCES     ,NY,14006-0000,Public       ,2,9,11,2,9,11
02265100,YESHIVA DERECH CHAIM                    ,NY,11218-0000,Private      ,2,0,2,2,0,2
02265200,GLOBAL BUSINESS INSTITUTE               ,NY,11691-0000,Private      ,3,0,3,3,0,3
02272900,ROCKLAND COUNTY BOCES PRAC NRSG SCH     ,NY,10994-0000,Public       ,5,11,16,5,11,16
02275900,"MODERN WELDING SCHOOL, INC.             ",NY,12304-0000,Proprietary  ,5,2,7,5,2,7
02287800,NATIONAL TRACTOR TRAILER SCHOOL         ,NY,13088-2505,Proprietary  ,1,14,15,1,14,15
02294900,INSTITUTE OF AUDIO RESEARCH             ,NY,10003-0000,Proprietary  ,66,92,158,66,92,158
02306500,PROFESSIONAL BUSINESS INSTITUTE         ,NY,10002-0000,Private      ,24,63,87,24,63,87
02314200,NORTHERN WESTCHESTER SCH COSMETOL       ,NY,10566-0000,Proprietary  ,5,7,12,5,7,12
02325600,NEW YORK INSTITUTE OF ENGLISH & BUS     ,NY,10001-0000,Private      ,14,29,43,14,29,43
02491400,SPANISH AMERICAN INSTITUTE              ,NY,10036-0000,Private      ,2,1,3,2,1,3
02505900,SH-OR YOSHUV RABBINICAL COLLEGE         ,NY,11691-0000,Private      ,3,1,4,3,1,4
02506000,ASSOCIATED BETH RIVKAH SCHOOLS          ,NY,11225-0000,Private      ,7,1,8,7,1,8
02506100,CITY UNIV OF NEW YORK-CENTRAL           ,NY,10021-0000,Public       ,634,320,954,634,320,954
02506200,MERCE CUNNINGHAM STUDIO                 ,NY,10014-0000,Private      ,0,1,1,0,1,1
02506800,YESHIVAT MIKDASH MELECH                 ,NY,11230-0000,Private      ,4,0,4,4,0,4
02511500,JOFFREY BALLET SCHOOL                   ,NY,10011-0000,Proprietary  ,31,5,36,31,5,36
02513500,MAR JON SCHOOL OF BEAUTY CULTURE        ,NY,14150-0000,Proprietary  ,2,6,8,2,6,8
02525600,ART INSTITUTE OF NEW YORK CITY (THE)    ,NY,10013-2429,Proprietary  ,1036,528,1564,1036,528,1564
02540800,"GLOBE INSTITUTE OF TECHNOLOGY, INC.     ",NY,10007-0000,Proprietary  ,65,48,113,65,48,113
02546000,TRI-STATE COLLEGE OF ACUPUNCTURE        ,NY,10011-0000,Proprietary  ,1,31,32,1,31,32
02550600,TALMUDICAL INST OF UPSTATE NY           ,NY,14607-0000,Private      ,2,1,3,2,1,3
02572900,BUSINESS INFORMATICS CENTER             ,NY,11580-0000,Proprietary  ,3,6,9,3,6,9
02575400,FRENCH CULINARY INSTITUTE               ,NY,10013-2618,Proprietary  ,187,271,458,187,271,458
02587600,ORLO SCH HAIR DESIGN & COSMETOLOGY      ,NY,12206-1723,Proprietary  ,9,18,27,9,18,27
02599400,NEW YORK COLLEGE OF HEALTH PROFESSIONS  ,NY,11791-4413,Private      ,80,367,447,80,367,447
02600100,NEW YORK ACADEMY OF ART (THE)           ,NY,10013-2911,Private      ,61,133,194,61,133,194
02614900,SANFORD-BROWN INSTITUTE                 ,NY,10604-2910,Proprietary  ,50,187,237,50,187,237
02615001,SANFORD-BROWN COLLEGE - SANFORD-BROWN IN,NY,11530-4734,Proprietary  ,21,63,84,21,63,84
02616600,SHEAR EGO INTERNATIONAL SCHOOL OF HAIR D,NY,14617-3501,Proprietary  ,13,25,38,13,25,38
02617000,CONTINENTAL SCH OF BEAUTY CULTURE       ,NY,14020-1908,Proprietary  ,3,3,6,3,3,6
02617001,CONTINENTAL SCHOOL OF BEAUTY CULTURE - O,NY,14760-2618,Proprietary  ,6,0,6,6,0,6
03007200,DANCE THEATRE OF HARLEM                 ,NY,10031-0000,Private      ,14,6,20,14,6,20
03027701,PACIFIC COLLEGE OF ORIENTAL MEDICINE - N,NY,10010-7108,Proprietary  ,15,253,268,15,253,268
03081600,DELAWARE CHENANGO MADISON OT. BOCES     ,NY,13815-9554,Public       ,3,16,19,3,16,19
03089700,COMPUTER CAREER CENTER                  ,NY,11530-3334,Proprietary  ,17,48,65,17,48,65
03095500,ASA INST BUSINESS & COMPUTER TECH       ,NY,11201-5208,Proprietary  ,147,307,454,147,307,454
03096200,CHARLES STUART SCHOOL                   ,NY,11229-2004,Proprietary  ,1,7,8,1,7,8
03103700,ADIRONDACK BEAUTY SCHOOL                ,NY,12801-3158,Proprietary  ,4,14,18,4,14,18
03104900,SULLIVAN COUNTY BOCES                   ,NY,12754-2116,Public       ,22,19,41,22,19,41
03115300,GENESEE VALLEY BOCES                    ,NY,14020-1099,Public       ,9,34,43,9,34,43
03120700,NEW YORK CONSERVATORY FOR DRAMATIC ARTS ,NY,10011-4225,Proprietary  ,313,92,405,313,92,405
03169300,STUDIO JEWELERS                         ,NY,10016-4112,Proprietary  ,3,14,17,3,14,17
03191300,CUNY SCHOOL OF LAW @ QUEENS COLLEGE     ,NY,11367-0000,Public       ,319,1008,1327,319,1008,1327
03193300,MANHATTAN SCHOOL OF COMPUTER TECH       ,NY,11230-1617,Private      ,22,50,72,22,50,72
03203300,NEW YORK INSTITUTE OF MASSAGE           ,NY,14221-6021,Proprietary  ,11,39,50,11,39,50
03216300,UNIFICATION THEOLOGICAL SEMINARY        ,NY,12507-5021,Private      ,0,6,6,0,6,6
03328300,FRANKLIN CAREER INSTITUTE               ,NY,11550-3003,Private      ,13,41,54,13,41,54
03328301,FRANKLIN CAREER INSTITUTE - BROOKLYN    ,NY,11220-3110,Private      ,30,74,104,30,74,104
03342400,AMERICAN BARBER INSTITUTE               ,NY,10001-5271,Proprietary  ,10,33,43,10,33,43
03358300,ALLEN SCHOOL                            ,NY,11432-4901,Proprietary  ,35,192,227,35,192,227
03358301,ALLEN SCHOOL - BROOKLYN                 ,NY,11201-0000,Proprietary  ,47,191,238,47,191,238
03380300,STAR CAREER ACADEMY                     ,NY,11791-5311,Proprietary  ,20,60,80,20,60,80
03419400,NORTHEASTERN SEMINARY                   ,NY,14624-1997,Private      ,13,39,52,13,39,52
03426400,ANTHEM INSTITUTE                        ,NY,10018-0000,Proprietary  ,81,203,284,81,203,284
03433500,LIA SCHORR INSTITUTE OF COSMETIC SK     ,NY,10022-2614,Proprietary  ,1,15,16,1,15,16
03443300,NEW YORK COLLEGE OF TRADITIONAL CHINESE ,NY,11501-0000,Private      ,2,25,27,2,25,27
03537300,NEW YORK AUTOMOTIVE & DIESEL INSTIT     ,NY,11101-0000,Proprietary  ,18,47,65,18,47,65
03568300,LEON STUDIO ONE SCHOOL OF HAIR DESI     ,NY,14221-5323,Proprietary  ,6,13,19,6,13,19
03651300,SAINT JOSEPH'S MEDICAL CENTER SCHOO     ,NY,10701-4080,Private      ,5,13,18,5,13,18
03652300,METROPOLITAN LEARNING INSTITUTE         ,NY,11374-2101,Private      ,7,76,83,7,76,83
03691300,USA BEAUTY SCHOOL INTERNATIONAL         ,NY,10013-3530,Proprietary  ,4,20,24,4,20,24
03773300,CENTER FOR NATURAL WELLNESS SCHOOL OF MA,NY,12205-1601,Proprietary  ,7,41,48,7,41,48
03802300,UTA MESIVTA OF KIRYAS JOEL              ,NY,10950-2169,Private      ,0,2,2,0,2,2
03809400,MICROPOWER CAREER INSTITUTE             ,NY,10001-2812,Proprietary  ,0,24,24,0,24,24
03819400,HUDSON VALLEY SCHOOL OF ADVANCED AESTHET,NY,12493-0000,Proprietary  ,1,5,6,1,5,6
03839300,AVEDA INSTITUTE NEW YORK                ,NY,10013-1522,Proprietary  ,38,94,132,38,94,132
03881300,UNION GRADUATE COLLEGE                  ,NY,12308-3131,Private      ,5,76,81,5,76,81
03903400,AMERICAN BEAUTY SCHOOL                  ,NY,10462-8003,Proprietary  ,26,107,133,26,107,133
03941400,ELITE ACADEMY OF BEAUTY ARTS            ,NY,11223-1630,Proprietary  ,7,12,19,7,12,19
03983300,"SCHOOL OF PROFESSIONAL HORTICULTURE, AT ",NY,10458-5126,Private      ,2,3,5,2,3,5
03988300,"SAE INSTITUTE OF TECHNOLOGY, NEW YORK   ",NY,10001-2915,Proprietary  ,80,81,161,80,81,161
04043300,ACE COMPUTER TRAINING CENTER            ,NY,11375-5337,Proprietary  ,6,51,57,6,51,57
04092401,MAKE-UP DESIGNORY -                     ,NY,10012-0041,Proprietary  ,92,121,213,92,121,213
04095300,KING'S COLLEGE (THE)                    ,NY,10018-0110,Private      ,763,48,811,763,48,811
04102300,NEW AGE TRAINING                        ,NY,10001-4006,Proprietary  ,3,8,11,3,8,11
04115500,TALMUDICAL SEMINARY OF BOBOV            ,NY,11219-3826,Private      ,0,1,1,0,1,1
04117100,EDP SCHOOL OF COMPUTER PROGRAMMING      ,NY,11235-0000,Private      ,2,11,13,2,11,13
04117700,"MONROE 2-ORLEANS BOCES, CENTER FOR WORK ",NY,14624-1119,Public       ,10,17,27,10,17,27
04123200,INSTITUTE OF ALLIED MEDICAL PROFESSIONS ,NY,11373-5541,Private      ,8,71,79,8,71,79
04123300,HUDSON VALLEY SCHOOL OF MASSAGE THERAPY ,NY,12493-0000,Proprietary  ,2,10,12,2,10,12
04125600,CAREER SCHOOL OF NY                     ,NY,10301-2416,Private      ,5,6,11,5,6,11
04133700,NEW YORK MEDICAL CAREER TRAINING CENTER ,NY,11354-6504,Proprietary  ,13,27,40,13,27,40
04134000,"JOHN PAOLO'S XTREME BEAUTY INSTITUTE, GO",NY,12020-1245,Proprietary  ,1,11,12,1,11,12
04137700,ANN MARIE'S WORLD OF BEAUTY SCHOOL      ,NY,13901-2308,Proprietary  ,2,3,5,2,3,5
04144300,INSTITUTE OF CULINARY EDUCATION         ,NY,10010-5205,Proprietary  ,174,220,394,174,220,394
04148000,NEW LIFE BUSINESS INSTITUTE             ,NY,11432-6149,Proprietary  ,1,3,4,1,3,4
04151200,SALON PROFESSIONAL ACADEMY (THE)        ,NY,14150-9200,Proprietary  ,8,14,22,8,14,22
04155300,ONONDAGA SCHOOL OF THERAPEUTIC MASSAGE  ,NY,13210-1533,Proprietary  ,16,53,69,16,53,69
04156000,ACADEMY OF COSMETOLOGY & ESTHETICS NYC (,NY,10306-3003,Proprietary  ,31,38,69,31,38,69
04165700,"JOHN PAOLO'S XTREME BEAUTY INSTITUTE, GO",NY,12110-3053,Proprietary  ,2,7,9,2,7,9
04166000,MANHATTAN INSTITUTE (THE)               ,NY,10016-6516,Proprietary  ,19,21,40,19,21,40
04167600,FINGER LAKES SCHOOL OF MASSAGE (THE)    ,NY,14850-1384,Proprietary  ,22,41,63,22,41,63
04167601,FINGER LAKES SCHOOL OF MASSAGE (THE) -  ,NY,10549-1103,Proprietary  ,8,11,19,8,11,19
04178700,ATELIER ESTHETIQUE INSTITUTE OF ESTHETIC,NY,10016-8804,Proprietary  ,4,50,54,4,50,54
04180200,LONG ISLAND NAIL & SKIN CARE INSTITUTE  ,NY,11756-1316,Proprietary  ,1,11,12,1,11,12
00267808,BRYANT & STRATTON COLLEGE - PARMA       ,OH,44130-0000,Proprietary  ,212,1589,1801,212,1589,1801
00301000,ANTIOCH UNIVERSITY                      ,OH,45387-1608,Private      ,58,311,369,58,311,369
00301100,ART ACADEMY OF CINCINNATI               ,OH,45202-7106,Private      ,259,71,330,259,71,330
00301200,ASHLAND UNIVERSITY                      ,OH,44805-3799,Private      ,3132,1370,4502,3132,1370,4502
00301300,ATHENAEUM OF OHIO                       ,OH,45230-2000,Private      ,4,4,8,4,4,8
00301400,BALDWIN-WALLACE COLLEGE                 ,OH,44017-2088,Private      ,3390,695,4085,3390,695,4085
00301600,BLUFFTON UNIVERSITY                     ,OH,45817-2104,Private      ,1291,190,1481,1291,190,1481
00301800,BOWLING GREEN STATE UNIVERSITY          ,OH,43403-0001,Public       ,14921,3553,18474,14921,3553,18474
00302300,CAPITAL UNIVERSITY                      ,OH,43209-2394,Private      ,3267,1596,4863,3267,1596,4863
00302400,CASE WESTERN RESERVE UNIV               ,OH,44106-0000,Private      ,6683,759,7442,6683,759,7442
00302401,CASE WESTERN RESERVE UNIV - MED         ,OH,44106-0000,Private      ,71,765,836,71,765,836
00302402,CASE WESTERN RESERVE UNIV - DENTAL      ,OH,44106-0000,Private      ,26,155,181,26,155,181
00302403,CASE WESTERN RESERVE UNIV - LAW         ,OH,44106-0000,Private      ,11,619,630,11,619,630
00302404,CASE WESTERN RESERVE UNIV - UG          ,OH,44106-0000,Private      ,197,22,219,197,22,219
00302405,CASE WESTERN RESERVE UNIV - MSASS       ,OH,44106-0000,Private      ,39,334,373,39,334,373
00302406,CASE WESTERN RESERVE UNIV - NURS UG     ,OH,44106-0000,Private      ,172,101,273,172,101,273
00302407,CASE WESTERN RESERVE UNIV - WSOM        ,OH,44106-0000,Private      ,6,85,91,6,85,91
00302408,CASE WESTERN RESERVE UNIV -A&S GRAD     ,OH,44106-0000,Private      ,7,178,185,7,178,185
00302409,CASE WESTERN RESERVE UNIV -ENG GRAD     ,OH,44106-0000,Private      ,19,57,76,19,57,76
00302410,CASE WESTERN RESERVE UNIV -NURS GRD     ,OH,44106-0000,Private      ,11,208,219,11,208,219
00302500,CEDARVILLE UNIVERSITY                   ,OH,45314-8564,Private      ,3135,136,3271,3135,136,3271
00302600,CENTRAL STATE UNIVERSITY                ,OH,45384-1004,Public       ,2485,944,3429,2485,944,3429
00302900,CINCINNATI CHRISTIAN UNIVERSITY         ,OH,45204-3200,Private      ,293,258,551,293,258,551
00303000,OHIO CHRISTIAN UNIVERSITY               ,OH,43113-9487,Private      ,306,797,1103,306,797,1103
00303100,CLEVELAND INSTITUTE OF MUSIC            ,OH,44106-1776,Private      ,449,399,848,449,399,848
00303200,CLEVELAND STATE UNIVERSITY              ,OH,44115-2214,Public       ,5693,6718,12411,5693,6718,12411
00303300,COLLEGE OF MT ST JOSEPH                 ,OH,45233-1670,Private      ,1408,774,2182,1408,774,2182
00303500,OHIO DOMINICAN UNIVERSITY               ,OH,43219-2099,Private      ,1611,1065,2676,1611,1065,2676
00303600,FRANCISCAN UNIV OF STEUBENVILLE         ,OH,43952-1763,Private      ,1520,271,1791,1520,271,1791
00303700,COLLEGE OF WOOSTER                      ,OH,44691-2363,Private      ,2624,85,2709,2624,85,2709
00303900,COLUMBUS COLLEGE OF ART AND DESIGN      ,OH,43215-1758,Private      ,1483,384,1867,1483,384,1867
00304000,CUYAHOGA COMMUNITY COLLEGE              ,OH,44115-2878,Public       ,4464,9995,14459,4464,9995,14459
00304100,"DEFIANCE COLLEGE, THE                   ",OH,43512-1695,Private      ,1141,272,1413,1141,272,1413
00304200,DENISON UNIVERSITY                      ,OH,43023-1329,Private      ,2583,80,2663,2583,80,2663
00304300,CHANCELLOR UNIVERSITY                   ,OH,44114-1096,Proprietary  ,9,232,241,9,232,241
00304400,TRINITY LUTHERAN SEMINARY               ,OH,43209-0000,Private      ,0,65,65,0,65,65
00304500,UNIVERSITY OF FINDLAY                   ,OH,45840-3695,Private      ,2376,736,3112,2376,736,3112
00304600,FRANKLIN UNIVERSITY                     ,OH,43215-5399,Private      ,525,5636,6161,525,5636,6161
00304700,HEBREW UNION COLLEGE MAIN CAMPUS        ,OH,45220-0000,Private      ,1,40,41,1,40,41
00304800,HEIDELBERG UNIVERSITY                   ,OH,44883-2462,Private      ,1359,179,1538,1359,179,1538
00304900,HIRAM COLLEGE                           ,OH,44234-1808,Private      ,1268,186,1454,1268,186,1454
00305000,JOHN CARROLL UNIVERSITY                 ,OH,44118-4581,Private      ,3478,509,3987,3478,509,3987
00305100,KENT STATE UNIV - KENT CAMPUS           ,OH,44242-0001,Public       ,17114,6688,23802,17114,6688,23802
00305101,KENT STATE UNIV - GEAUGA CAMPUS         ,OH,44021-0000,Public       ,291,430,721,291,430,721
00305102,KENT STATE UNIV - STARK CAMPUS          ,OH,44720-0000,Public       ,1496,1493,2989,1496,1493,2989
00305103,KENT STATE UNIV - TUSCARAWAS CAMPUS     ,OH,44663-0000,Public       ,589,844,1433,589,844,1433
00305104,KENT STATE UNIV - TRUMBULL CAMPUS       ,OH,44483-0000,Public       ,502,1130,1632,502,1130,1632
00305105,KENT STATE UNIV - ASHTABULA CAMPUS      ,OH,44004-0000,Public       ,473,1068,1541,473,1068,1541
00305106,KENT STATE UNIV -E.LIVERPOOL CAMPUS     ,OH,43920-0000,Public       ,245,498,743,245,498,743
00305107,KENT STATE UNIV - SALEM CAMPUS          ,OH,44460-0000,Public       ,569,732,1301,569,732,1301
00306500,KENYON COLLEGE                          ,OH,43022-9623,Private      ,2550,35,2585,2550,35,2585
00306600,LAKE ERIE COLLEGE                       ,OH,44077-3389,Private      ,1043,193,1236,1043,193,1236
00306800,LORAIN COUNTY COMMUNITY COLLEGE         ,OH,44035-1691,Public       ,1464,3001,4465,1464,3001,4465
00306900,LOURDES COLLEGE                         ,OH,43560-2898,Private      ,604,1013,1617,604,1013,1617
00307200,MALONE UNIVERSITY                       ,OH,44709-3897,Private      ,1766,616,2382,1766,616,2382
00307300,MARIETTA COLLEGE                        ,OH,45750-4033,Private      ,2253,218,2471,2253,218,2471
00307500,METHODIST THEOLOGICAL SCH IN OHIO       ,OH,43015-0000,Private      ,0,89,89,0,89,89
00307600,MIAMI-JACOBS COLLEGE                    ,OH,45401-0000,Proprietary  ,52,208,260,52,208,260
00307602,MIAMI - JACOBS CAREER COLLEGE - SPRINGBO,OH,45066-1115,Proprietary  ,23,104,127,23,104,127
00307603,MIAMI - JACOBS CAREER COLLEGE - TROY    ,OH,45373-3837,Proprietary  ,61,216,277,61,216,277
00307700,MIAMI UNIVERSITY                        ,OH,45056-1831,Public       ,17282,3575,20857,17282,3575,20857
00307800,WRIGHT STATE UNIVERSITY                 ,OH,45435-0002,Public       ,10935,6488,17423,10935,6488,17423
00308300,UNIVERSITY OF MOUNT UNION               ,OH,44601-3993,Private      ,2549,191,2740,2549,191,2740
00308400,MUSKINGUM UNIVERSITY                    ,OH,43762-1199,Private      ,1713,261,1974,1713,261,1974
00308500,NOTRE DAME COLLEGE OF OHIO              ,OH,44121-4293,Private      ,1487,552,2039,1487,552,2039
00308600,OBERLIN COLLEGE                         ,OH,44074-1090,Private      ,4261,150,4411,4261,150,4411
00308800,OHIO COLLEGE OF PODIATRIC MEDICINE      ,OH,44131-7304,Private      ,1,250,251,1,250,251
00308900,OHIO NORTHERN UNIVERSITY                ,OH,45810-1555,Private      ,2862,669,3531,2862,669,3531
00309000,OHIO STATE UNIVERSITY-ALL CAMPUSES      ,OH,43210-1358,Public       ,42022,18050,60072,42022,18050,60072
00310000,OHIO UNIVERSITY                         ,OH,45701-2979,Public       ,16280,4979,21259,16280,4979,21259
00310002,"OHIO UNIVERSITY, ZANESVILLE CAMPUS      ",OH,43701-0000,Public       ,797,827,1624,797,827,1624
00310003,"OHIO UNIVERSITY, LANCASTER CAMPUS       ",OH,43130-0000,Public       ,818,956,1774,818,956,1774
00310004,"OHIO UNIVERSITY, SOUTHERN CAMPUS        ",OH,45638-0000,Public       ,563,955,1518,563,955,1518
00310005,"OHIO UNIVERSITY, CHILLICOTHE CAMPUS     ",OH,45601-0000,Public       ,613,1098,1711,613,1098,1711
00310006,"OHIO UNIVERSITY, EASTERN CAMPUS         ",OH,43950-0000,Public       ,336,158,494,336,158,494
00310008,OHIO UNIV COLL OF OSTEOPATHIC MED       ,OH,45701-0000,Public       ,12,172,184,12,172,184
00310900,OHIO WESLEYAN UNIVERSITY                ,OH,43015-2398,Private      ,2670,129,2799,2670,129,2799
00311000,OTTERBEIN UNIVERSITY                    ,OH,43081-2006,Private      ,3256,597,3853,3256,597,3853
00311300,PONTIFICAL COLLEGE JOSEPHINUM           ,OH,43235-1498,Private      ,14,8,22,14,8,22
00311400,FIRELANDS REGIONAL MEDICAL CENTER - SOUT,OH,44870-4788,Private      ,43,90,133,43,90,133
00311500,RABBINICAL COLLEGE OF TELSHE            ,OH,44092-2584,Private      ,0,1,1,0,1,1
00311600,UNIV OF RIO GRANDE                      ,OH,45674-3131,Private      ,1000,826,1826,1000,826,1826
00311900,SINCLAIR COMMUNITY COLLEGE              ,OH,45402-1460,Public       ,3688,7834,11522,3688,7834,11522
00312100,TIFFIN UNIVERSITY                       ,OH,44883-2161,Private      ,1798,2431,4229,1798,2431,4229
00312200,UNITED THEOLOGICAL SEMINARY             ,OH,45406-0000,Private      ,0,151,151,0,151,151
00312300,UNIVERSITY OF AKRON                     ,OH,44325-6211,Public       ,14562,8086,22648,14562,8086,22648
00312500,UNIVERSITY OF CINCINNATI                ,OH,45221-0125,Public       ,18055,10783,28838,18055,10783,28838
00312504,UNIVERSITY OF CINCINNATI - MEDICINE     ,OH,45267-0553,Public       ,241,791,1032,241,791,1032
00312700,UNIVERSITY OF DAYTON                    ,OH,45469-0002,Private      ,9864,2050,11914,9864,2050,11914
00313100,UNIVERSITY OF TOLEDO                    ,OH,43606-3390,Public       ,12290,5770,18060,12290,5770,18060
00313300,URBANA UNIVERSITY                       ,OH,43078-2091,Private      ,699,359,1058,699,359,1058
00313400,URSULINE COLLEGE                        ,OH,44124-4398,Private      ,441,623,1064,441,623,1064
00313500,WALSH UNIVERSITY                        ,OH,44720-3396,Private      ,2171,647,2818,2171,647,2818
00314100,WILBERFORCE UNIVERSITY                  ,OH,45384-1001,Private      ,683,288,971,683,288,971
00314200,WILMINGTON COLLEGE                      ,OH,45177-2499,Private      ,1441,354,1795,1441,354,1795
00314300,WITTENBERG UNIVERSITY                   ,OH,45501-2199,Private      ,3346,187,3533,3346,187,3533
00314400,XAVIER UNIVERSITY                       ,OH,45207-1035,Private      ,6373,1866,8239,6373,1866,8239
00314500,YOUNGSTOWN STATE UNIVERSITY             ,OH,44555-0001,Public       ,6397,4030,10427,6397,4030,10427
00398200,CLEVELAND INSTITUTE OF ART              ,OH,44106-1700,Private      ,778,149,927,778,149,927
00406000,WINEBRENNER THEOLOGICAL SEMINARY        ,OH,45840-0000,Private      ,0,16,16,0,16,16
00485200,CLARK STATE COMMUNITY COLLEGE           ,OH,45505-4795,Public       ,790,2217,3007,790,2217,3007
00485300,BRADFORD SCHOOL                         ,OH,43219-0000,Proprietary  ,259,207,466,259,207,466
00485500,DAVIS COLLEGE                           ,OH,43623-4307,Proprietary  ,46,191,237,46,191,237
00486100,UNIVERSITY OF NORTHWESTERN OHIO         ,OH,45805-1498,Private      ,2782,933,3715,2782,933,3715
00486600,STAUTZENBERGER COLLEGE                  ,OH,43537-4007,Proprietary  ,133,406,539,133,406,539
00510200,SCH OF DIAGNOSTIC IMAGING-CLEVELAND     ,OH,44119-0000,Private      ,1,22,23,1,22,23
00531300,NORTH CENTRAL STATE COLLEGE             ,OH,44901-0000,Public       ,619,1200,1819,619,1200,1819
00575300,OWENS STATE COMMUNITY COLLEGE           ,OH,43699-0000,Public       ,2146,4504,6650,2146,4504,6650
00648700,AULTMAN COLLEGE OF NURSING AND HEALTH SC,OH,44710-1799,Private      ,78,219,297,78,219,297
00648900,CHRIST COLLEGE OF NURSING AND HEALTH SCI,OH,45219-2906,Private      ,118,254,372,118,254,372
00649400,GOOD SAMARITAN COLG-NURSING/HEALTH      ,OH,45220-2489,Private      ,96,208,304,96,208,304
00649800,MERIDIA HURON SCHOOL OF NURSING         ,OH,44112-4308,Private      ,8,47,55,8,47,55
00650700,TRINIT HEALTH SYSTEM SCH OF NURSING     ,OH,43952-2667,Private      ,21,59,80,21,59,80
00680400,LAKELAND COMMUNITY COLLEGE              ,OH,44094-5198,Public       ,1263,2291,3554,1263,2291,3554
00686700,COLUMBUS STATE COMMUNITY COLLEGE        ,OH,43215-1786,Public       ,5861,11604,17465,5861,11604,17465
00703500,KETTERING COLLEGE OF MEDICAL ARTS       ,OH,45429-1299,Private      ,404,537,941,404,537,941
00708500,MOUNT VERNON NAZARENE UNIVERSITY        ,OH,43050-9500,Private      ,1158,352,1510,1158,352,1510
00708501,MOUNT VERNON NAZARENE UNIV - AGS        ,OH,43050-0000,Private      ,123,323,446,123,323,446
00727500,EASTERN GATEWAY COMMUNITY COLLEGE       ,OH,43952-3598,Public       ,375,706,1081,375,706,1081
00732920,ITT TECHNICAL INSTITUTE                 ,OH,45414-3456,Proprietary  ,95,275,370,95,275,370
00732992,ITT TECHNICAL INSTITUTE                 ,OH,44509-4098,Proprietary  ,144,531,675,144,531,675
00747300,CHOFFIN CAREER & TECHNICAL CENTER       ,OH,44503-1628,Public       ,24,136,160,24,136,160
00759800,HOCKING TECHNICAL COLLEGE               ,OH,45764-9582,Public       ,1829,1630,3459,1829,1630,3459
00777700,REMINGTON COLLEGE - CLEVELAND CAMPUS    ,OH,44125-1957,Proprietary  ,67,381,448,67,381,448
00777704,REMINGTON COLLEGE-CLEVELAND WEST CAMPUS ,OH,44070-3129,Proprietary  ,31,148,179,31,148,179
00812900,ADULT AND COMMUNITY EDUCATION @ HUDSON  ,OH,43211-2017,Public       ,12,149,161,12,149,161
00813200,TOLEDO SCHOOL OF PRACTICAL NURSING      ,OH,43613-5110,Public       ,52,118,170,52,118,170
00813300,ZANE STATE COLLEGE                      ,OH,43701-2626,Public       ,665,1387,2052,665,1387,2052
00819400,AKRON SCHOOL OF PRACTICAL NRSG          ,OH,44311-0000,Public       ,75,128,203,75,128,203
00827800,TERRA COMMUNITY COLLEGE                 ,OH,43420-9670,Public       ,348,839,1187,348,839,1187
00867700,NORTHWEST STATE COMMUNITY COLLEGE       ,OH,43502-9542,Public       ,487,1234,1721,487,1234,1721
00888600,PORTAGE LAKES CAREER CENTER             ,OH,44685-9554,Public       ,5,36,41,5,36,41
00915600,WAYNE COUNTY SCHOOLS CAREER CENTER      ,OH,44677-9672,Public       ,11,72,83,11,72,83
00917200,SPRINGFIELD REGIONAL SCHOOL OF NURSING  ,OH,45501-0000,Private      ,5,29,34,5,29,34
00941200,FORTIS COLLEGE                          ,OH,44221-2998,Proprietary  ,79,330,409,79,330,409
00953000,GERBER AKRON BEAUTY SCHOOL              ,OH,44313-6995,Proprietary  ,10,35,45,10,35,45
00953100,SPA SCHOOL (THE)                        ,OH,43214-1524,Proprietary  ,19,76,95,19,76,95
00966000,TIFFIN ACADEMY OF HAIR DESIGN           ,OH,44883-2833,Proprietary  ,16,38,54,16,38,54
00994100,BELMONT TECHNICAL COLLEGE               ,OH,43950-9766,Public       ,407,639,1046,407,639,1046
00994200,SHAWNEE STATE UNIVERSITY                ,OH,45662-4344,Public       ,2945,1191,4136,2945,1191,4136
01001700,PAYNE THEOLOGICAL SEMINARY              ,OH,45384-0474,Private      ,0,41,41,0,41,41
01002700,JAMES A. RHODES STATE COLLEGE           ,OH,45804-3597,Public       ,903,1366,2269,903,1366,2269
01016800,NATIONWIDE BEAUTY ACADEMY               ,OH,43228-1000,Proprietary  ,27,87,114,27,87,114
01028000,OHIO STATE BEAUTY ACADEMY               ,OH,45801-4950,Proprietary  ,41,41,82,41,41,82
01032300,HANNAH E MULLINS SCH-PRAC NRSG          ,OH,44460-2906,Public       ,7,48,55,7,48,55
01034500,CINCINNATI STATE TECH & COMM CLG        ,OH,45223-2690,Public       ,2696,5993,8689,2696,5993,8689
01045300,WASHINGTON STATE CMTY COLLEGE           ,OH,45750-9225,Public       ,532,587,1119,532,587,1119
01063000,NORTHERN INSTITUTE OF COSMETOLOGY       ,OH,44052-1803,Proprietary  ,0,13,13,0,13,13
01073600,MARION TECHNICAL COLLEGE                ,OH,43302-5694,Public       ,427,889,1316,427,889,1316
01088000,CHATFIELD COLLEGE                       ,OH,45118-9705,Private      ,25,105,130,25,105,130
01088100,STARK STATE COLLEGE OF TECHNOLOGY       ,OH,44720-7299,Public       ,1544,4688,6232,1544,4688,6232
01090600,CINCINNATI CLG OF MORTUARY SCIENCE      ,OH,45224-1428,Private      ,55,83,138,55,83,138
01092300,UNION INSTITUTE & UNIVERSITY            ,OH,45206-1925,Private      ,16,617,633,16,617,633
01099300,HOBART INSTITUTE OF WELDING TECHNOLOGY  ,OH,45373-2400,Private      ,129,91,220,129,91,220
01100500,KAPLAN COLLEGE                          ,OH,43232-4827,Proprietary  ,48,395,443,48,395,443
01104600,CENTRAL OHIO TECHNICAL COLLEGE          ,OH,43055-1767,Public       ,930,2750,3680,930,2750,3680
01170300,PENTA COUNTY JOINT VOCATIONAL SCH       ,OH,43551-0000,Public       ,4,20,24,4,20,24
01174400,NATIONAL BEAUTY COLLEGE                 ,OH,44720-0000,Proprietary  ,10,52,62,10,52,62
01174500,OHIO TECHNICAL COLLEGE                  ,OH,44103-1228,Proprietary  ,936,438,1374,936,438,1374
01182500,OHIO STATE SCHOOL OF COSMETOLOGY        ,OH,43224-1107,Proprietary  ,29,60,89,29,60,89
01212800,SOUTHWESTERN COLLEGE                    ,OH,45402-3003,Proprietary  ,20,217,237,20,217,237
01212802,SOUTHWESTERN COLLEGE                    ,OH,45005-2267,Proprietary  ,5,78,83,5,78,83
01212803,SOUTHWESTERN COLLEGE                    ,OH,45202-4304,Proprietary  ,14,173,187,14,173,187
01212804,SOUTHWESTERN COLLEGE                    ,OH,45246-3121,Proprietary  ,40,323,363,40,323,363
01212806,SOUTHWESTERN COLLEGE - TOLEDO           ,OH,43615-6800,Proprietary  ,24,221,245,24,221,245
01216600,CAROUSEL BEAUTY COLLEGE                 ,OH,45402-8935,Proprietary  ,17,33,50,17,33,50
01224800,CENTRAL SCHOOL OF PRACTICAL NURSING     ,OH,44103-4371,Private      ,29,147,176,29,147,176
01267200,CAROUSEL BEAUTY COLLEGE                 ,OH,45044-5113,Proprietary  ,3,6,9,3,6,9
01267400,CAROUSEL OF MIAMI VALLEY BEAUTY CLG     ,OH,45424-2063,Proprietary  ,1,3,4,1,3,4
01275000,EDISON COMMUNITY COLLEGE                ,OH,45356-9239,Public       ,633,1342,1975,633,1342,1975
01283800,LAURA AND ALVIN SIEGAL COLLEGE OF JUDAIC,OH,44122-7197,Private      ,1,2,3,1,2,3
01284800,MOLER-HOLLYWOOD BEAUTY COLLEGE          ,OH,45202-2577,Proprietary  ,4,21,25,4,21,25
01287000,SOUTHERN STATE COMMUNITY COLLEGE        ,OH,45133-9406,Public       ,549,1287,1836,549,1287,1836
01289100,ANTONELLI COLLEGE                       ,OH,45202-2592,Proprietary  ,73,150,223,73,150,223
01289600,VIRGINIA MARTI COLLEGE OF ART AND DESIGN,OH,44107-0778,Proprietary  ,78,84,162,78,84,162
01313200,INTERNATIONAL CLG OF BROADCASTING       ,OH,45431-1898,Proprietary  ,19,28,47,19,28,47
02052000,KAPLAN COLLEGE                          ,OH,45439-1984,Proprietary  ,65,275,340,65,275,340
02054300,TRUMBULL BUSINESS COLLEGE               ,OH,44484-0000,Proprietary  ,6,91,97,6,91,97
02056800,DAYMAR COLLEGE                          ,OH,45601-1038,Proprietary  ,18,184,202,18,184,202
02056802,DAYMAR COLLEGE - LANCASTER              ,OH,43130-0000,Proprietary  ,6,82,88,6,82,88
02056803,DAYMAR COLLEGE - NEW BOSTON             ,OH,45662-4900,Proprietary  ,8,23,31,8,23,31
02056804,DAYMAR COLLEGE - JACKSON                ,OH,45640-1728,Proprietary  ,9,56,65,9,56,65
02066100,OHIO STATE COLLEGE/BARBER STYLING       ,OH,43213-0000,Proprietary  ,33,52,85,33,52,85
02073300,GALLIA-JACKSON-VINTON SCH ADULT ED      ,OH,45674-0000,Public       ,20,74,94,20,74,94
02110700,CLEVELAND INST OF DENTAL-MED ASST       ,OH,44115-2285,Proprietary  ,18,123,141,18,123,141
02116009,SANFORD-BROWN COLLEGE - MIDDLEBURG HEIGH,OH,44130-8362,Proprietary  ,67,464,531,67,464,531
02116900,UPPER VALLEY JVS                        ,OH,45356-0000,Public       ,8,72,80,8,72,80
02117300,GREAT OAKS INSTITUTE OF TECHNOLOGY      ,OH,45241-1581,Public       ,71,247,318,71,247,318
02128600,THE ART INSTITUTE OF CINCINNATI         ,OH,45246-0000,Proprietary  ,255,125,380,255,125,380
02140700,COMMUNITY EDUCATIONAL SERVICES          ,OH,44702-1710,Public       ,9,72,81,9,72,81
02152100,ACADEMY OF COURT REPORTING AND TECHNOLOG,OH,44115-0000,Proprietary  ,9,153,162,9,153,162
02152101,ACADEMY OF COURT REPORTING & TECHNOLOGY ,OH,43215-3902,Proprietary  ,21,170,191,21,170,191
02152106,ACADEMY OF COURT REPORTING AND TECHNOLOG,OH,45241-5428,Proprietary  ,7,72,79,7,72,79
02158500,OHIO BUSINESS COLLEGE                   ,OH,44035-0701,Proprietary  ,20,219,239,20,219,239
02158501,OHIO BUSINESS COLLEGE                   ,OH,44870-9953,Proprietary  ,19,204,223,19,204,223
02168100,TRI-COUNTY JOINT VOCATIONAL SCHOOL      ,OH,45764-0000,Public       ,13,35,48,13,35,48
02187900,ASHTABULA CO JOINT VOC SCH ADULT ED     ,OH,44047-0000,Public       ,3,52,55,3,52,55
02189000,ADULT CENTER FOR EDUCATION              ,OH,43701-0000,Public       ,26,122,148,26,122,148
02190700,FORTIS COLLEGE                          ,OH,45459-0000,Proprietary  ,89,914,1003,89,914,1003
02192100,BUTLER TECHNOLOGY AND CAREER DEVELOPMENT,OH,45011-0000,Public       ,82,215,297,82,215,297
02196300,COLLINS CAREER CENTER                   ,OH,45619-0000,Public       ,87,232,319,87,232,319
02210800,MEDINA COUNTY CAREER CENTER             ,OH,44256-0000,Public       ,8,39,47,8,39,47
02215400,OHIO STATE SCHOOL OF COSMETOLOGY        ,OH,43207-0000,Proprietary  ,45,85,130,45,85,130
02220500,GOD'S BIBLE SCHOOL & COLLEGE            ,OH,45210-0000,Private      ,51,19,70,51,19,70
02220800,CAREER & TECHNOLOGY EDUCATION CENTERS OF,OH,43055-0000,Public       ,21,99,120,21,99,120
02239800,PIONEER CAREER & TECHNOLOGY CENTER      ,OH,44875-0000,Public       ,0,18,18,0,18,18
02245600,WARREN COUNTY CAREER CENTER             ,OH,45036-0000,Public       ,30,112,142,30,112,142
02246300,INSTITUTE OF MEDICAL-DENTAL TECH        ,OH,45246-3317,Proprietary  ,4,46,50,4,46,50
02263700,MIAMI VALLEY CAREER TECHNOLOGY CTR      ,OH,45315-0000,Public       ,34,123,157,34,123,157
02269400,EASTERN HILLS ACAD OF HAIR DESIGN       ,OH,45255-0000,Proprietary  ,8,20,28,8,20,28
02269500,WESTERN HILLS SCHOOL OF BEAUTY & HAIR DE,OH,45211-0000,Proprietary  ,14,43,57,14,43,57
02270100,OHIO HI-POINT CAREER CENTER             ,OH,43311-0000,Public       ,16,98,114,16,98,114
02272700,COLUMBIANA COUNTY CAREER CENTER         ,OH,44432-0000,Public       ,5,45,50,5,45,50
02287900,RAPHAEL'S SCHOOL OF BEAUTY CULTURE      ,OH,44446-0000,Proprietary  ,11,23,34,11,23,34
02289802,KAPLAN COLLEGE                          ,OH,45203-0000,Proprietary  ,30,220,250,30,220,250
02301400,OHIO VALLEY COLLEGE OF TECHNOLOGY       ,OH,43920-9139,Proprietary  ,42,91,133,42,91,133
02303600,FORTIS COLLEGE - RAVENNA CAMPUS         ,OH,44266-0000,Proprietary  ,43,225,268,43,225,268
02304700,TRI-RIVERS CAREER CENTER                ,OH,43302-0000,Public       ,12,91,103,12,91,103
02311200,AMERICAN SCHOOL OF TECHNOLOGY           ,OH,43229-0000,Proprietary  ,20,128,148,20,128,148
02315500,TOLEDO ACADEMY OF BEAUTY CULTURE - EAST ,OH,43616-0000,Proprietary  ,7,28,35,7,28,35
02324400,ALLSTATE HAIRSTYLING & BARBER CLG       ,OH,44113-0000,Proprietary  ,27,95,122,27,95,122
02328500,MOLER-PICKENS BEAUTY COLLEGE            ,OH,45014-0000,Proprietary  ,2,9,11,2,9,11
02334300,INTERNATIONAL ACAD OF HAIR DESIGN       ,OH,45239-0000,Proprietary  ,21,54,75,21,54,75
02336300,KNOX COUNTY CAREER CENTER               ,OH,43050-4298,Public       ,22,152,174,22,152,174
02336700,CUYAHOGA VALLEY CAREER CENTER           ,OH,44141-1296,Public       ,20,76,96,20,76,96
02337700,PROFESSIONAL SKILLS INSTITUTE           ,OH,43607-0000,Proprietary  ,49,303,352,49,303,352
02351500,WILLOUGHBY EASTLAKE SCH OF PRAC NSG     ,OH,44094-0000,Public       ,4,35,39,4,35,39
02352800,POLARIS CAREER CENTER-ADULT ED DEPT     ,OH,44130-0000,Public       ,22,96,118,22,96,118
02354200,SCIOTO COUNTY JOINT VOCATIONAL SCH      ,OH,45648-0000,Public       ,22,90,112,22,90,112
02454400,NORTHEASTERN OHIO UNIVS COL OF MED      ,OH,44272-0000,Public       ,116,682,798,116,682,798
02497800,GREENE COUNTY CAREER CENTER             ,OH,45385-0000,Public       ,9,47,56,9,47,56
02512600,ADULT VOCATIONAL SERVICES               ,OH,44308-0000,Public       ,6,28,34,6,28,34
02519300,OHIO STATE SCH COSMETOLOGY              ,OH,43110-2754,Proprietary  ,22,66,88,22,66,88
02522700,EASTLAND-FAIRFIELD CAREER AND TECHNICAL ,OH,43125-0000,Public       ,10,84,94,10,84,94
02528300,TDDS TECHNICAL INSTITUTE                ,OH,44429-0000,Proprietary  ,22,127,149,22,127,149
02529500,HAMRICK SCHOOL                          ,OH,44256-0000,Proprietary  ,1,19,20,1,19,20
02541400,TOLEDO ACADEMY OF BEAUTY CULTURE-SO     ,OH,43614-0000,Proprietary  ,20,72,92,20,72,92
02545800,INNER STATE BEAUTY SCHOOLS              ,OH,44124-0000,Proprietary  ,10,53,63,10,53,63
02553000,SCHOOL OF ADVERTISING ART               ,OH,45440-0000,Proprietary  ,106,9,115,106,9,115
02560000,CASAL AVEDA INSTITUTE                   ,OH,44515-0000,Proprietary  ,24,48,72,24,48,72
02560700,PICKAWAY ROSS CO JOINT VOC TECH SCH     ,OH,45601-0000,Public       ,21,105,126,21,105,126
02560701,PICKAWAY ROSS COUNTY JOINT VOCATIONAL SC,OH,45601-9010,Public       ,9,39,48,9,39,48
02562300,APOLLO CAREER CENTER-ADULT EDUC         ,OH,45806-0000,Public       ,30,177,207,30,177,207
02563000,RAPHAELS SCHOOL OF BEAUTY CULTURE       ,OH,44601-2847,Proprietary  ,7,23,30,7,23,30
02568600,MAHONING COUNTY CAREER & TECH CENTR     ,OH,44406-0000,Public       ,4,14,18,4,14,18
02582900,KAPLAN CAREER INSTITUTE                 ,OH,44129-6810,Proprietary  ,9,132,141,9,132,141
02586400,TRUMBULL CAREER & TECH CENTER-ADULT     ,OH,44483-1997,Public       ,18,87,105,18,87,105
02588500,OHIO STATE SCHOOL OF COSMETOLOGY        ,OH,43081-0000,Proprietary  ,28,77,105,28,77,105
02599711,VATTEROTT COLLEGE - CLEVELAND           ,OH,44147-3502,Proprietary  ,10,178,188,10,178,188
02603800,LORAIN COUNTY JVS ADULT CAREER CTR      ,OH,44074-9799,Public       ,15,59,74,15,59,74
02620000,SANDUSKY CAREER CENTER                  ,OH,44870-4786,Public       ,10,39,49,10,39,49
03007900,GALLIPOLIS CAREER COLLEGE               ,OH,45631-2600,Proprietary  ,3,24,27,3,24,27
03009702,"HARRISON COLLEGE - MUNCIE - COLUMBUS, OH",OH,43123-0000,Proprietary  ,16,59,75,16,59,75
03015100,ALLIANCE HIGH SCH-CMTY SERVICES DIV     ,OH,44601-2899,Public       ,1,17,18,1,17,18
03015300,EHOVE CAREER CENTER                     ,OH,44846-9500,Public       ,28,173,201,28,173,201
03023700,MADISON ADULT CAREER CENTER             ,OH,44905-2718,Public       ,7,85,92,7,85,92
03024300,VALLEY BEAUTY SCHOOL                    ,OH,43725-2332,Proprietary  ,12,34,46,12,34,46
03027100,FAIRVIEW ACADEMY                        ,OH,44126-2214,Proprietary  ,2,23,25,2,23,25
03034200,WASHINGTON COUNTY CAREER CENTER ADULT TE,OH,45750-9290,Public       ,23,126,149,23,126,149
03051400,AUBURN CAREER CENTER                    ,OH,44077-9723,Public       ,9,47,56,9,47,56
03051500,US GRANT JOINT VOCATIONAL SCHOOL        ,OH,45106-9502,Public       ,2,4,6,2,4,6
03065900,BUCKEYE CAREER CENTER                   ,OH,44663-9437,Public       ,28,89,117,28,89,117
03067600,RAPHAEL'S SCHOOL OF BEAUTY CULTURE      ,OH,44512-2222,Proprietary  ,5,15,20,5,15,20
03068200,OHIO CENTER FOR BROADCASTING            ,OH,44125-6273,Proprietary  ,26,63,89,26,63,89
03068202,OHIO CENTER FOR BROADCASTING - COLUMBUS ,OH,43213-2571,Proprietary  ,24,62,86,24,62,86
03071900,MOUNT CARMEL COLLEGE OF NURSING         ,OH,43222-1598,Private      ,504,396,900,504,396,900
03072303,EVEREST INSTITUTE - COLUMBUS            ,OH,43230-6653,Proprietary  ,36,230,266,36,230,266
03078000,OHIO CENTER FOR BROADCASTING            ,OH,45227-1509,Proprietary  ,11,42,53,11,42,53
03079000,ETI TECHNICAL COLLEGE                   ,OH,44446-4398,Proprietary  ,24,93,117,24,93,117
03084800,DELAWARE AREA CAREER CENTER             ,OH,43015-8969,Public       ,3,17,20,3,17,20
03084801,DELAWARE AREA CAREER CENTER -           ,OH,43015-9001,Public       ,1,11,12,1,11,12
03095600,VANTAGE CAREER CENTER                   ,OH,45891-1378,Public       ,9,40,49,9,40,49
03097000,MERCY COLLEGE OF NORTHWEST OHIO         ,OH,43604-1132,Private      ,320,591,911,320,591,911
03100100,PARAMOUNT BEAUTY ACADEMY                ,OH,45662-4136,Proprietary  ,9,26,35,9,26,35
03116200,DAYTON BARBER COLLEGE                   ,OH,45342-0000,Proprietary  ,9,24,33,9,24,33
03116300,OHIO COLLEGE OF MASSOTHERAPY            ,OH,44321-1363,Private      ,13,52,65,13,52,65
03116400,VANGUARD-SENTINELL VOC SCH DISTRICT     ,OH,43420-1197,Public       ,3,18,21,3,18,21
03117000,ASHLAND COUNTY-W HOLMES CAREER CTR      ,OH,44805-0000,Public       ,16,45,61,16,45,61
03319300,CREATIVE IMAGES-A CERTIFIED MATRIX      ,OH,45414-2557,Proprietary  ,17,29,46,17,29,46
03319301,CREATIVE IMAGES-A CERTIFIED MATRIX      ,OH,45459-0000,Proprietary  ,16,36,52,16,36,52
03416400,VALLEY BEAUTY SCHOOL                    ,OH,43701-3624,Proprietary  ,5,27,32,5,27,32
03425300,ROSEDALE BIBLE COLLEGE                  ,OH,43029-9517,Private      ,29,4,33,29,4,33
03457300,ALLEGHENY WESLEYAN COLLEGE              ,OH,44460-9598,Private      ,12,9,21,12,9,21
03468400,NATIONAL INSTITUTE OF MASSOTHERAPY      ,OH,44319-2100,Proprietary  ,6,23,29,6,23,29
03468500,ATS INSTITUTE OF TECHNOLOGY             ,OH,44143-2216,Proprietary  ,17,239,256,17,239,256
03475400,TRI-STATE BIBLE COLLEGE                 ,OH,45680-8402,Private      ,5,18,23,5,18,23
03534400,AMERICAN INST OF ALTERNATIVE MEDICI     ,OH,43229-1113,Proprietary  ,19,167,186,19,167,186
03626300,BROWN AVEDA INSTITUTE                   ,OH,44060-6212,Proprietary  ,59,91,150,59,91,150
03693300,CARNEGIE CAREER COLLEGE                 ,OH,44260-9608,Private      ,9,169,178,9,169,178
03700300,REGENCY BEAUTY INSTITUTE - CLEVELAND    ,OH,44094-0000,Proprietary  ,26,88,114,26,88,114
03726300,TEMPLE BAPTIST COLLEGE                  ,OH,45240-0000,Private      ,4,14,18,4,14,18
03747300,BEXLEY HALL SEMINARY                    ,OH,43209-2325,Private      ,0,10,10,0,10,10
03776400,HEALING ARTS INSTITUTE                  ,OH,43551-3138,Proprietary  ,6,23,29,6,23,29
03837300,AVEDA FREDRIC'S INSTITUTE               ,OH,45208-1304,Proprietary  ,54,86,140,54,86,140
03882300,OREGON CAREER CENTER                    ,OH,43616-2631,Public       ,3,12,15,3,12,15
04050400,DESIGNER'S BEAUTY ACADEMY               ,OH,43920-0000,Proprietary  ,5,7,12,5,7,12
04051307,ART INSTITUTE OF PHOENIX (THE) - BROWN M,OH,45215-1107,Proprietary  ,195,996,1191,195,996,1191
04051317,ART INSTITUTE OF PHOENIX (THE) - BROWN M,OH,45840-6848,Proprietary  ,105,634,739,105,634,739
04051326,ART INSTITUTE OF PHOENIX (THE) - BROWN M,OH,44718-3674,Proprietary  ,24,135,159,24,135,159
04068300,FOUR COUNTY CAREER CENTER               ,OH,43512-9541,Public       ,3,26,29,3,26,29
04074300,HONDROS COLLEGE                         ,OH,43081-3855,Proprietary  ,83,627,710,83,627,710
04116700,NEWLIFE TECHNICAL INSTITUTE             ,OH,43920-2920,Private      ,2,7,9,2,7,9
04117300,DAYTON SCHOOL OF MEDICAL MASSAGE        ,OH,45429-1111,Proprietary  ,44,143,187,44,143,187
04118300,NORTHCOAST MEDICAL TRAINING ACADEMY     ,OH,44240-4174,Proprietary  ,18,54,72,18,54,72
04124500,TECHSKILLS                              ,OH,43231-0000,Proprietary  ,6,42,48,6,42,48
04125700,CUT BEAUTY SCHOOL (THE)                 ,OH,44118-2918,Proprietary  ,21,68,89,21,68,89
04126000,OHIO ACADEMY PAUL MITCHELL PARTNER SCHOO,OH,44087-3107,Proprietary  ,27,47,74,27,47,74
04137800,AVEDA INSTITUTE COLUMBUS                ,OH,43201-2333,Proprietary  ,57,94,151,57,94,151
04138000,INSTITUTE OF THERAPEUTIC MASSAGE        ,OH,45875-0350,Proprietary  ,7,14,21,7,14,21
04140100,CISORIA ACADEMY OF COSMETOLOGY          ,OH,44137-2915,Proprietary  ,8,32,40,8,32,40
04149100,CINCINNATI ACADEMY A PAUL MITCHELL PARTN,OH,45241-1702,Proprietary  ,28,55,83,28,55,83
04151400,VANITY SCHOOL OF COSMETOLOGY            ,OH,44035-0000,Proprietary  ,3,10,13,3,10,13
04152100,TOLEDO RESTAURANT TRAINING CENTER       ,OH,43604-6508,Private      ,2,22,24,2,22,24
04152600,PIKE COUNTY CAREER TECHNOLOGY CENTER    ,OH,45661-9114,Public       ,4,31,35,4,31,35
04153300,OHIO ACADEMY COLUMBUS (THE)             ,OH,43231-6038,Proprietary  ,29,41,70,29,41,70
04154000,TOLLES CAREER & TECHNICAL CENTER        ,OH,43064-8854,Public       ,3,8,11,3,8,11
04166800,SALON PROFESSIONAL ACADEMY (THE)        ,OH,45551-0000,Proprietary  ,16,27,43,16,27,43
04167700,ARTISAN COLLEGE OF COSMETOLOGY (THE)    ,OH,45840-6848,Proprietary  ,12,9,21,12,9,21
        ,INVALID SCHOOL CODE                     ,  ,00000-0000,,1205,1837,3042,1205,1837,3042
00134500,ADAMS STATE COLLEGE                     ,CO,81102-2373,Public       ,1664,789,2453,1664,789,2453
00134600,ARAPAHOE COMMUNITY COLLEGE              ,CO,80160-9002,Public       ,1102,2180,3282,1102,2180,3282
00134700,COLORADO COLLEGE                        ,CO,80903-3294,Private      ,2676,346,3022,2676,346,3022
00134800,COLORADO SCHOOL OF MINES                ,CO,80401-1887,Public       ,5116,834,5950,5116,834,5950
00134900,UNIVERSITY OF NORTHERN COLORADO         ,CO,80639-0001,Public       ,8418,2981,11399,8418,2981,11399
00135000,COLORADO STATE UNIVERSITY               ,CO,80523-0100,Public       ,18430,6528,24958,18430,6528,24958
00135200,DENVER  SEMINARY                        ,CO,80120-2192,Private      ,2,311,313,2,311,313
00135300,FORT LEWIS COLLEGE                      ,CO,81301-3999,Public       ,2698,736,3434,2698,736,3434
00135400,ILIFF SCHOOL OF THEOLOGY                ,CO,80210-0000,Private      ,2,192,194,2,192,194
00135500,LAMAR COMMUNITY COLLEGE                 ,CO,81052-3999,Public       ,170,77,247,170,77,247
00135800,MESA STATE COLLEGE                      ,CO,81501-7682,Public       ,4066,1707,5773,4066,1707,5773
00135900,COLORADO NORTHWESTERN COMMUNITY COLLEGE ,CO,81648-3598,Public       ,167,171,338,167,171,338
00136000,METROPOLITAN STATE CLG OF DENVER        ,CO,80204-0000,Public       ,6200,7719,13919,6200,7719,13919
00136100,NORTHEASTERN JUNIOR COLLEGE             ,CO,80751-2399,Public       ,811,222,1033,811,222,1033
00136200,OTERO JUNIOR COLLEGE                    ,CO,81050-3346,Public       ,303,192,495,303,192,495
00136300,REGIS UNIVERSITY                        ,CO,80221-1099,Private      ,2689,5062,7751,2689,5062,7751
00136500,COLORADO STATE UNIVERSITY-PUEBLO        ,CO,81001-4901,Public       ,3882,2264,6146,3882,2264,6146
00136800,TRINIDAD STATE JR COLLEGE               ,CO,81082-2396,Public       ,231,301,532,231,301,532
00137000,UNIVERSITY OF COLORADO-BOULDER          ,CO,80309-0077,Public       ,18013,6089,24102,18013,6089,24102
00137100,UNIVERSITY OF DENVER                    ,CO,80208-2000,Private      ,6713,6310,13023,6713,6310,13023
00137200,WESTERN STATE COLLEGE                   ,CO,81231-0000,Public       ,1453,292,1745,1453,292,1745
00405702,NATIONAL AMERICAN UNIVERSITY - COLORADO ,CO,80920-4001,Proprietary  ,8,107,115,8,107,115
00405703,NATIONAL AMERICAN UNIVERSITY            ,CO,80222-0000,Proprietary  ,12,102,114,12,102,114
00450300,EVEREST COLLEGE                         ,CO,80916-3548,Proprietary  ,43,279,322,43,279,322
00450600,COLORADO MOUNTAIN COLLEGE               ,CO,81602-0000,Public       ,808,638,1446,808,638,1446
00450700,EVEREST COLLEGE                         ,CO,80229-4339,Proprietary  ,17,189,206,17,189,206
00450701,"EVEREST COLLEGE- EVEREST COLLEGE, AURORA",CO,80012-5692,Proprietary  ,26,138,164,26,138,164
00450800,UNIVERSITY OF COLORADO DENVER           ,CO,80204-2029,Public       ,4613,7165,11778,4613,7165,11778
00450900,UNIV OF COLORADO AT COLO SPRINGS        ,CO,80918-3735,Public       ,4478,2705,7183,4478,2705,7183
00559600,EMILY GRIFFITH OPPORTUNITY SCH          ,CO,80204-2197,Public       ,214,638,852,214,638,852
00729700,REDSTONE COLLEGE                        ,CO,80020-9988,Proprietary  ,118,412,530,118,412,530
00732912,ITT TECHNICAL INSTITUTE                 ,CO,80229-5338,Proprietary  ,48,226,274,48,226,274
00754700,LINCOLN COLLEGE OF TECHNOLOGY           ,CO,80223-2013,Proprietary  ,314,280,594,314,280,594
00754800,WESTWOOD COLLEGE - DENVER NORTH         ,CO,80221-3653,Proprietary  ,153,618,771,153,618,771
00754801,WESTWOOD COLLEGE - DENVER SOUTH         ,CO,80227-3653,Proprietary  ,49,269,318,49,269,318
00758200,AIMS COMMUNITY COLLEGE                  ,CO,80632-0000,Public       ,1235,1822,3057,1235,1822,3057
00764900,ROCKY MOUNTAIN COLG OF ART & DESIGN     ,CO,80214-0000,Proprietary  ,625,247,872,625,247,872
00793300,FRONT RANGE COMMUNITY COLLEGE           ,CO,80031-2199,Public       ,3252,5906,9158,3252,5906,9158
00863500,INTELLITEC MEDICAL INSTITUTE            ,CO,80909-1570,Proprietary  ,32,156,188,32,156,188
00887100,CONCORDE CAREER INSTITUTE               ,CO,80203-0000,Proprietary  ,59,334,393,59,334,393
00889600,PIKES PEAK COMMUNITY COLLEGE            ,CO,80906-5498,Public       ,1740,4086,5826,1740,4086,5826
00940100,COLORADO CHRISTIAN UNIVERSITY           ,CO,80226-7449,Private      ,1246,1071,2317,1246,1071,2317
00954200,COMMUNITY COLLEGE OF DENVER             ,CO,80217-2026,Public       ,2393,4651,7044,2393,4651,7044
00954300,RED ROCKS COMMUNITY COLLEGE             ,CO,80228-1255,Public       ,1285,2284,3569,1285,2284,3569
00998100,MORGAN COMMUNITY COLLEGE                ,CO,80701-4399,Public       ,159,292,451,159,292,451
01014800,COLORADO TECHNICAL UNIVERSITY           ,CO,80907-3896,Proprietary  ,174,2934,3108,174,2934,3108
01014802,COLORADO TECHNICAL UNIV - DENVER        ,CO,80111-3201,Proprietary  ,26,419,445,26,419,445
01014805,COLORADO TECH UNIV - ON LINE            ,CO,80907-0000,Proprietary  ,363,10704,11067,363,10704,11067
01014806,COLORADO TECH UNIV - FED EXPRESS        ,CO,80921-3800,Proprietary  ,3,34,37,3,34,37
01014808,COLORADO TECH UNIV - USAA               ,CO,80920-1005,Proprietary  ,5,29,34,5,29,34
01014811,COLORADO TECH UNIV-HEWLETT PACKARD      ,CO,80919-2303,Proprietary  ,1,12,13,1,12,13
01014812,COLORADO TECHNICAL UNIVERSITY - WESTMINS,CO,80021-3498,Proprietary  ,39,495,534,39,495,534
01014813,COLORADO TECH UNIV - ORACLE             ,CO,80921-3660,Proprietary  ,0,26,26,0,26,26
01014815,COLORADO TECHNCL UNIV PUEBLO            ,CO,81003-2315,Proprietary  ,23,210,233,23,210,233
01070900,EMPIRE BEAUTY SCHOOL-LAKEWOOD           ,CO,80215-0000,Proprietary  ,19,55,74,19,55,74
01073200,SAN JUAN BASIN TECHNICAL COLLEGE        ,CO,81328-9196,Public       ,2,8,10,2,8,10
01157200,COLORADO SCHOOL OF TRADES               ,CO,80215-2996,Proprietary  ,27,132,159,27,132,159
01267000,BEL-REA INST OF ANIMAL TECH             ,CO,80247-3048,Proprietary  ,169,354,523,169,354,523
01285000,INTERNATIONAL SALON AND SPA ACADEMY     ,CO,80918-3684,Proprietary  ,19,39,58,19,39,58
01287500,PICKENS TECHNICAL COLLEGE               ,CO,80011-9307,Public       ,113,250,363,113,250,363
01300700,NAZARENE BIBLE COLLEGE                  ,CO,80910-3717,Private      ,22,249,271,22,249,271
02072200,EMPIRE BEAUTY SCHOOL -ARVADA            ,CO,80212-0000,Proprietary  ,16,54,70,16,54,70
02078900,ART INSTITUTE OF COLORADO (THE)         ,CO,80203-2983,Proprietary  ,711,747,1458,711,747,1458
02116300,PUEBLO COMMUNITY COLLEGE                ,CO,81004-0000,Public       ,752,2042,2794,752,2042,2794
02117500,NAROPA UNIVERSITY                       ,CO,80302-0000,Private      ,258,1018,1276,258,1018,1276
02133100,COLORADO CENTER FOR MEDICAL LABORATORY S,CO,80218-0000,Private      ,5,32,37,5,32,37
02141100,EMPIRE BEAUTY SCHOOL-LITTLETON          ,CO,80030-0000,Proprietary  ,23,68,91,23,68,91
02156200,DELTA - MONTROSE TECHNICAL COLLEGE      ,CO,81416-0000,Public       ,36,83,119,36,83,119
02160600,EMPIRE BEAUTY SCHOOL -THORNTON          ,CO,80241-1659,Proprietary  ,13,45,58,13,45,58
02165200,SALON PROFESSIONAL ACADEMY (THE)        ,CO,81504-5309,Proprietary  ,10,26,36,10,26,36
02167600,KAPLAN COLLEGE                          ,CO,80229-5309,Proprietary  ,42,211,253,42,211,253
02188700,DENVER ACAD OF COURT REPORTING          ,CO,80030-0000,Proprietary  ,3,47,50,3,47,50
02211901,CHEEKS INTERNATIONAL ACADEMY OF BEAUTY C,CO,80525-3053,Proprietary  ,12,20,32,12,20,32
02211902,CHEEKS INTERNATIONAL ACDMY BTY CULT     ,CO,80631-0000,Proprietary  ,8,15,23,8,15,23
02253700,INTELLITEC COLLEGE                      ,CO,80909-0000,Proprietary  ,17,85,102,17,85,102
02267500,GLENWOOD BEAUTY ACADEMY                 ,CO,81601-0000,Proprietary  ,2,3,5,2,3,5
02276900,COMMUNITY COLLEGE OF AURORA             ,CO,80011-9036,Public       ,968,2029,2997,968,2029,2997
02518500,HAIR DYNAMICS EDUCATION CENTER          ,CO,80525-0000,Proprietary  ,26,44,70,26,44,70
02594300,COLLEGE AMERICA - DENVER                ,CO,80222-3380,Proprietary  ,85,723,808,85,723,808
02611000,HERITAGE COLLEGE                        ,CO,80212-7413,Proprietary  ,62,243,305,62,243,305
03006300,INST OF BUSINESS & MEDICAL CAREERS      ,CO,80525-3044,Proprietary  ,92,438,530,92,438,530
03010622,VIRGINIA COLLEGE - ECOTECH INSTITUTE - A,CO,80014-1405,Proprietary  ,32,188,220,32,188,220
03012100,REMINGTON COLLEGE - COLORADO SPRINGS CAM,CO,80215-0000,Proprietary  ,12,84,96,12,84,96
03013100,BOULDER COLLEGE OF MASSAGE THERAPY      ,CO,80301-3295,Private      ,41,68,109,41,68,109
03014900,PLATT COLLEGE                           ,CO,80014-3141,Proprietary  ,13,73,86,13,73,86
03027400,XENON INTERNATIONAL ACADEMY III         ,CO,80014-1193,Proprietary  ,17,36,53,17,36,53
03030606,UTAH COLLEGE OF MASSAGE THERAPY - DENVER,CO,80031-2921,Proprietary  ,17,56,73,17,56,73
03030607,UTAH COLLEGE OF MASSAGE THERAPY - DENVER,CO,80012-2523,Proprietary  ,23,68,91,23,68,91
03066900,INTELLITEC COLLEGE                      ,CO,81506-3994,Proprietary  ,23,64,87,23,64,87
03068201,OHIO CENTER FOR BROADCASTING - COLORADO ,CO,80214-4129,Proprietary  ,17,46,63,17,46,63
03076401,BRYMAN SCHOOL OF ARIZONA (THE) - ANTHEM ,CO,80014-2622,Proprietary  ,2,16,18,2,16,18
03289300,COLORADO HEIGHTS UNIVERSITY             ,CO,80236-2711,Private      ,18,57,75,18,57,75
03306300,MONTESSORI EDUC CRT OF THE ROCKIES      ,CO,80301-2587,Private      ,2,19,21,2,19,21
03534300,JONES INTERNATIONAL UNIVERSITY          ,CO,80112-3446,Proprietary  ,97,2104,2201,97,2104,2201
03545300,UNIVERSITY OF THE ROCKIES               ,CO,80903-3612,Proprietary  ,15,736,751,15,736,751
03584400,COLORADO SCHOOL OF HEALING ARTS         ,CO,80226-4332,Proprietary  ,15,56,71,15,56,71
03670300,TONI & GUY HAIRDRESSING ACADEMY         ,CO,80911-1713,Proprietary  ,25,47,72,25,47,72
03686300,COLORADO SCHOOL OF TRADITIONAL CHINESE M,CO,80206-2127,Proprietary  ,6,47,53,6,47,53
03776300,CULINARY SCHOOL OF THE ROCKIES          ,CO,80305-5961,Proprietary  ,64,95,159,64,95,159
03972300,CUTTIN' UP BEAUTY ACADEMY               ,CO,80220-0000,Proprietary  ,9,32,41,9,32,41
03976300,MASSAGE THERAPY INSTITUTE OF COLORADO   ,CO,80206-2127,Proprietary  ,21,45,66,21,45,66
04080300,ASPEN UNIVERSITY                        ,CO,80246-1930,Proprietary  ,21,108,129,21,108,129
04093300,ACADEMY OF NATURAL THERAPY              ,CO,80631-3425,Proprietary  ,14,35,49,14,35,49
04121200,INSTITUTE OF TAOIST EDUCATION AND ACUPUN,CO,80027-1028,Private      ,0,12,12,0,12,12
04125100,MONTESSORI CASA INTERNATIONAL           ,CO,80111-5263,Private      ,0,2,2,0,2,2
04127700,AMERICAN SENTINEL UNIVERSITY            ,CO,80014-6510,Proprietary  ,7,183,190,7,183,190
04139300,NATIONAL BEAUTY COLLEGE                 ,CO,80221-0000,Proprietary  ,18,37,55,18,37,55
04140400,ACADEMY OF MEDICAL & HEALTH SCIENCE     ,CO,81005-2195,Proprietary  ,25,54,79,25,54,79
04148300,DENVER SCHOOL OF NURSING                ,CO,80202-1213,Proprietary  ,100,407,507,100,407,507
04151100,SUMMIT SALON & BEAUTY SCHOOL            ,CO,80866-4569,Proprietary  ,3,2,5,3,2,5
04167100,AVEDA INSTITUTE DENVER                  ,CO,80202-0000,Proprietary  ,70,113,183,70,113,183
04170200,PAUL MITCHELL THE SCHOOL COLORADO SPRING,CO,80903-0000,Proprietary  ,39,84,123,39,84,123
04172500,ROLF INSTITUTE OF STRUCTURAL INTEGRATION,CO,80301-0000,Private      ,2,38,40,2,38,40
04173800,SALON PROFESSIONAL ACADEMY (THE)        ,CO,80918-2932,Proprietary  ,21,40,61,21,40,61
04177100,PIMA MEDICAL INSTITUTE-SOUTH DENVER     ,CO,80231-0000,Proprietary  ,50,156,206,50,156,206
04185000,COLORADO ACADEMY OF VETERINARY TECHNOLOG,CO,80906-4944,Proprietary  ,10,13,23,10,13,23
00267811,BRYANT & STRATTON COLLEGE - VIRGINIA BEA,VA,23462-4417,Proprietary  ,225,1205,1430,225,1205,1430
00370200,AVERETT UNIVERSITY                      ,VA,24541-3692,Private      ,1056,626,1682,1056,626,1682
00370300,BLUEFIELD COLLEGE                       ,VA,24605-1799,Private      ,585,217,802,585,217,802
00370400,BRIDGEWATER COLLEGE                     ,VA,22812-1599,Private      ,3229,169,3398,3229,169,3398
00370500,COLLEGE OF WILLIAM & MARY               ,VA,23187-8795,Public       ,9831,3780,13611,9831,3780,13611
00370600,CHRISTOPHER NEWPORT UNIVERSITY          ,VA,23606-2998,Public       ,6358,699,7057,6358,699,7057
00370700,RICHARD BLAND COLLEGE                   ,VA,23805-7100,Public       ,727,283,1010,727,283,1010
00370800,EASTERN MENNONITE UNIVERSITY            ,VA,22802-2462,Private      ,830,275,1105,830,275,1105
00370900,EMORY & HENRY COLLEGE                   ,VA,24327-0010,Private      ,1166,96,1262,1166,96,1262
00371100,FERRUM COLLEGE                          ,VA,24088-2612,Private      ,2318,226,2544,2318,226,2544
00371200,TIDEWATER COMMUNITY COLLEGE             ,VA,23510-1910,Public       ,4758,9433,14191,4758,9433,14191
00371300,HAMPDEN-SYDNEY COLLEGE                  ,VA,23943-0128,Private      ,1101,34,1135,1101,34,1135
00371400,HAMPTON UNIVERSITY                      ,VA,23668-0099,Private      ,7353,2282,9635,7353,2282,9635
00371500,HOLLINS UNIVERSITY                      ,VA,24020-0000,Private      ,823,400,1223,823,400,1223
00371900,LONGWOOD UNIVERSITY                     ,VA,23909-1899,Public       ,4689,495,5184,4689,495,5184
00372000,LYNCHBURG COLLEGE                       ,VA,24501-3199,Private      ,2761,473,3234,2761,473,3234
00372100,JAMES MADISON UNIVERSITY                ,VA,22807-3780,Public       ,20256,1946,22202,20256,1946,22202
00372300,MARY BALDWIN COLLEGE                    ,VA,24401-3610,Private      ,1147,489,1636,1147,489,1636
00372400,MARYMOUNT UNIVERSITY                    ,VA,22207-4224,Private      ,1943,1290,3233,1943,1290,3233
00372600,NATIONAL COLLEGE                        ,VA,24153-4524,Proprietary  ,316,3472,3788,316,3472,3788
00372700,NORTHERN VA CMTY CLG                    ,VA,22003-3743,Public       ,5897,6928,12825,5897,6928,12825
00372800,OLD DOMINION UNIVERSITY                 ,VA,23529-0052,Public       ,14300,7415,21715,14300,7415,21715
00373200,RADFORD UNIVERSITY                      ,VA,24142-6905,Public       ,7883,1669,9552,7883,1669,9552
00373300,RANDOLPH-MACON COLLEGE                  ,VA,23005-5505,Private      ,2211,118,2329,2211,118,2329
00373400,RANDOLPH COLLEGE                        ,VA,24503-1526,Private      ,645,69,714,645,69,714
00373500,VIRGINIA COMMONWEALTH UNIVERSITY        ,VA,23284-9004,Public       ,16546,7386,23932,16546,7386,23932
00373600,ROANOKE COLLEGE                         ,VA,24153-3794,Private      ,2861,190,3051,2861,190,3051
00373700,SHENANDOAH UNIVERSITY                   ,VA,22601-5195,Private      ,1970,1188,3158,1970,1188,3158
00373800,SOUTHERN VIRGINIA UNIVERSITY            ,VA,24416-3038,Private      ,716,161,877,716,161,877
00373900,ST PAULS COLLEGE                        ,VA,23868-1299,Private      ,313,170,483,313,170,483
00374200,SWEET BRIAR COLLEGE                     ,VA,24595-9998,Private      ,608,47,655,608,47,655
00374300,UNION PRESBYTERIAN SEMINARY             ,VA,23227-0000,Private      ,3,37,40,3,37,40
00374400,UNIVERSITY OF RICHMOND                  ,VA,23173-0001,Private      ,5458,1767,7225,5458,1767,7225
00374500,UNIVERSITY OF VIRGINIA - SFS            ,VA,22903-0000,Public       ,17628,6286,23914,17628,6286,23914
00374600,UNIVERSITY OF MARY WASHINGTON           ,VA,22401-5358,Public       ,4415,701,5116,4415,701,5116
00374700,UNIV OF VIRGINIA'S COLLEGE AT WISE      ,VA,24293-4412,Public       ,1449,279,1728,1449,279,1728
00374800,EASTERN SHORE COMMUNITY COLLEGE         ,VA,23410-3000,Public       ,181,273,454,181,273,454
00374900,GEORGE MASON UNIVERSITY                 ,VA,22030-4444,Public       ,15354,8844,24198,15354,8844,24198
00375100,PATRICK HENRY COMMUNITY COLLEGE         ,VA,24112-5311,Public       ,495,845,1340,495,845,1340
00375200,VIRGINIA INTERMONT COLLEGE              ,VA,24201-4298,Private      ,359,134,493,359,134,493
00375300,VIRGINIA MILITARY INSTITUTE             ,VA,24450-2138,Public       ,1746,72,1818,1746,72,1818
00375400,VIRGINIA POLYTECH INST & STATE UNIV     ,VA,24061-2000,Public       ,23318,3957,27275,23318,3957,27275
00375800,DANVILLE COMMUNITY COLLEGE              ,VA,24541-4004,Public       ,540,946,1486,540,946,1486
00375900,J. SARGEANT REYNOLDS COMMUNITY CLG      ,VA,23285-0000,Public       ,2169,4402,6571,2169,4402,6571
00376000,VIRGINIA WESTERN CMTY COLLEGE           ,VA,24038-0000,Public       ,1286,1716,3002,1286,1716,3002
00376100,WYTHEVILLE COMMUNITY COLLEGE            ,VA,24382-3308,Public       ,792,1012,1804,792,1012,1804
00376200,VIRGINIA UNIVERSITY OF LYNCHBURG        ,VA,24501-6400,Private      ,118,221,339,118,221,339
00376400,VIRGINIA STATE UNIVERSITY               ,VA,23806-0001,Public       ,7375,1930,9305,7375,1930,9305
00376500,NORFOLK STATE UNIVERSITY                ,VA,23504-8000,Public       ,5863,3509,9372,5863,3509,9372
00376600,VIRGINIA UNION UNIVERSITY               ,VA,23220-1711,Private      ,3365,774,4139,3365,774,4139
00376700,VIRGINIA WESLEYAN COLLEGE               ,VA,23502-5599,Private      ,2152,392,2544,2152,392,2544
00376800,WASHINGTON & LEE UNIVERSITY             ,VA,24450-0303,Private      ,1886,1103,2989,1886,1103,2989
00400400,JOHN TYLER COMMUNITY COLLEGE            ,VA,23831-5316,Public       ,1475,2476,3951,1475,2476,3951
00450301,"EVEREST COLLEGE- EVEREST COLLEGE, MCLEAN",VA,22102-3000,Proprietary  ,16,112,128,16,112,128
00450702,"EVEREST COLLEGE- EVEREST COLLEGE, ARLING",VA,22203-1905,Proprietary  ,43,163,206,43,163,206
00498800,CENTRAL VIRGINIA COMMUNITY COLLEGE      ,VA,24502-2498,Public       ,768,954,1722,768,954,1722
00499200,MILLER-MOTTE TECHNICAL COLLEGE          ,VA,24505-0000,Proprietary  ,25,126,151,25,126,151
00499600,DABNEY S LANCASTER COMMUNITY CLG        ,VA,24422-1000,Public       ,322,271,593,322,271,593
00522300,NEW RIVER COMMUNITY COLLEGE             ,VA,24084-1127,Public       ,786,1158,1944,786,1158,1944
00662200,COLLEGE OF HEALTH SCIENCES - CHRV       ,VA,24031-0000,Private      ,358,534,892,358,534,892
00681900,BLUE RIDGE COMMUNITY COLLEGE            ,VA,24486-0080,Public       ,1346,1288,2634,1346,1288,2634
00687100,THOMAS NELSON COMMUNITY COLLEGE         ,VA,23670-0000,Public       ,1581,3199,4780,1581,3199,4780
00709900,VIRGINIA HIGHLANDS COMMUNITY CLG        ,VA,24210-4210,Public       ,518,703,1221,518,703,1221
00726000,SOUTHWEST VIRGINIA COMMUNITY CLG        ,VA,24641-1510,Public       ,464,526,990,464,526,990
00859200,LOUISE OBICI SCHOOL OF NURSING          ,VA,23434-8038,Private      ,6,35,41,6,35,41
00865900,LORD FAIRFAX COMMUNITY COLLEGE          ,VA,22645-0047,Public       ,901,1091,1992,901,1091,1992
00866000,GERMANNA COMMUNITY COLLEGE              ,VA,22508-0339,Public       ,1053,1543,2596,1053,1543,2596
00866100,SOUTHSIDE VIRGINIA CMTY CLG             ,VA,23821-2930,Public       ,423,730,1153,423,730,1153
00915900,PAUL D CAMP COMMUNITY COLLEGE           ,VA,23851-0737,Public       ,198,424,622,198,424,622
00916000,RAPPAHANNOCK COMMUNITY COLLEGE          ,VA,23149-2616,Public       ,378,509,887,378,509,887
00926700,EVEREST COLLEGE                         ,VA,23606-4203,Proprietary  ,39,191,230,39,191,230
00926701,EVEREST COLLEGE - CHESAPEAKE            ,VA,23320-2637,Proprietary  ,41,158,199,41,158,199
00942000,SANFORD-BROWN COLLEGE                   ,VA,22182-3913,Proprietary  ,25,187,212,25,187,212
00953500,STAUNTON SCHOOL OF COSMETOLOGY          ,VA,24401-4323,Proprietary  ,8,18,26,8,18,26
00953700,VIRGINIA SCH OF HAIR DESIGN             ,VA,23669-0000,Proprietary  ,15,44,59,15,44,59
00962900,MOUNTAIN EMPIRE COMMUNITY COLLEGE       ,VA,24219-0700,Public       ,478,471,949,478,471,949
00992800,PIEDMONT VIRGINIA COMMUNITY COLLEGE     ,VA,22902-7589,Public       ,717,1029,1746,717,1029,1746
01004300,BON SECOURS MEMORIAL COLLEGE OF NURSING ,VA,23227-4612,Private      ,155,313,468,155,313,468
01019800,ECPI COLLEGE OF TECHNOLOGY              ,VA,23462-6542,Proprietary  ,706,3072,3778,706,3072,3778
01033800,EASTERN VIRGINIA MEDICAL SCHOOL         ,VA,23501-1980,Private      ,47,1032,1079,47,1032,1079
01159600,RALPH'S VIRGINIA SCH OF COSMETOLOGY     ,VA,24501-2652,Proprietary  ,4,11,15,4,11,15
01162601,WESTWOOD COLLEGE - SOUTH BAY - ARLINGTON,VA,22203-4167,Proprietary  ,126,194,320,126,194,320
01162602,WESTWOOD COLLEGE - SOUTH BAY - ANNANDALE,VA,22003-2602,Proprietary  ,103,261,364,103,261,364
01274400,SOUTHSIDE REGIONAL MED CTR PROF SCHOOLS ,VA,23803-5133,Proprietary  ,35,98,133,35,98,133
02053000,LIBERTY UNIVERSITY                      ,VA,24502-0000,Private      ,12354,16720,29074,12354,16720,29074
02108800,WARDS CORNER BEAUTY ACADEMY             ,VA,23505-0000,Proprietary  ,15,33,48,15,33,48
02111600,DANVILLE REGIONAL MEDICAL CENTER SCHOOL ,VA,24541-0000,Proprietary  ,21,51,72,21,51,72
02128700,CENTRAL SCHOOL OF PRACTICAL NURSING     ,VA,23502-2230,Public       ,38,91,129,38,91,129
02140000,RIVERSIDE SCHOOL OF HEALTH CAREERS      ,VA,23608-3802,Private      ,81,265,346,81,265,346
02175800,LYNCHBURG GENERAL HOSP SCH OF NURSG     ,VA,24501-0000,Private      ,40,86,126,40,86,126
02197600,WOODROW WILSON REHABILITATION CTR       ,VA,22939-0000,Public       ,3,4,7,3,4,7
02242400,HENRICO CTY ST MARYS HOSP PRAC NRSG     ,VA,23075-0000,Public       ,5,26,31,5,26,31
02247200,MEDSPA CAREERS INSTITUTE                ,VA,23606-0000,Proprietary  ,5,32,37,5,32,37
02247206,MEDICAL CAREERS COLLEGE - NEWPORT NEWS  ,VA,23606-4215,Proprietary  ,0,1,1,0,1,1
02304500,HERITAGE INSTITUTE                      ,VA,20111-0000,Proprietary  ,12,54,66,12,54,66
02320900,TIDEWATER TECH                          ,VA,23502-1747,Proprietary  ,33,166,199,33,166,199
02334400,CENTURA COLLEGE                         ,VA,23452-0000,Proprietary  ,192,2153,2345,192,2153,2345
02342700,FORTIS COLLEGE                          ,VA,23502-4101,Proprietary  ,32,175,207,32,175,207
02342701,FORTIS COLLEGE - RICHMOND CAMPUS        ,VA,23236-3472,Proprietary  ,78,282,360,78,282,360
02358500,BON SECOURS SAINT MARY'S HOSPITAL SCHOOL,VA,23227-4612,Private      ,39,124,163,39,124,163
02535400,SKYLINE COLLEGE - RICHMOND              ,VA,23236-0000,Proprietary  ,9,24,33,9,24,33
02538800,SUFFOLK BEAUTY ACADEMY                  ,VA,23434-0000,Proprietary  ,7,25,32,7,25,32
02541200,STRATFORD UNIVERSITY                    ,VA,22043-0000,Proprietary  ,68,256,324,68,256,324
02541201,STRATFORD UNIVERSITY-WOODBRIDGE         ,VA,22192-0000,Proprietary  ,26,138,164,26,138,164
02610100,WASHINGTON COUNTY ADULT SKILL CTR       ,VA,24210-2346,Public       ,15,29,44,15,29,44
03002400,GRAHAM WEBB INTERNATIONAL ACAD HAIR     ,VA,22209-2129,Proprietary  ,10,29,39,10,29,39
03010700,BAR PALMA BEAUTY CAREERS  ACADEMY       ,VA,24014-2255,Proprietary  ,2,18,20,2,18,20
03042800,"VIRGINIA BEACH CITY SCHOOLS, SCH.-PR.NSG",VA,23456-0038,Public       ,16,59,75,16,59,75
03091100,ACT COLLEGE                             ,VA,22209-2297,Proprietary  ,19,76,95,19,76,95
03091300,REGENT UNIVERSITY                       ,VA,23464-9800,Private      ,1019,2929,3948,1019,2929,3948
03092700,SKYLINE COLLEGE                         ,VA,24012-1603,Proprietary  ,37,132,169,37,132,169
03096500,SPRINGFIELD BEAUTY ACADEMY              ,VA,22003-3016,Proprietary  ,3,8,11,3,8,11
03106500,SENTARA NORFOLK GENERAL HOSPITAL        ,VA,23320-2843,Private      ,75,258,333,75,258,333
03116900,BAPTIST THEOLOGICAL SEM.-RICHMOND       ,VA,23227-0000,Private      ,6,51,57,6,51,57
03126300,AVIATION INSTITUTE OF MAINTENANCE       ,VA,23320-5987,Proprietary  ,36,159,195,36,159,195
03126400,CENTURA COLLEGE                         ,VA,23235-5230,Proprietary  ,50,382,432,50,382,432
03127500,ADVANCED TECHNOLOGY INSTITUTE           ,VA,23462-2409,Proprietary  ,168,205,373,168,205,373
03280400,VIRGINIA SCHOOL OF MASSAGE              ,VA,22903-0000,Proprietary  ,17,21,38,17,21,38
03409500,RICHMOND SCHOOL OF HEALTH AND TECH      ,VA,23227-0000,Proprietary  ,40,218,258,40,218,258
03455300,CRESCENT COSMETOLOGY UNIVERSITY         ,VA,23666-3115,Proprietary  ,2,23,25,2,23,25
03559300,APPALACHIAN SCHOOL OF LAW               ,VA,24614-0000,Private      ,7,407,414,7,407,414
03645400,RUDY & KELLY ACADEMY OF HAIR AND NA     ,VA,23464-6857,Proprietary  ,26,113,139,26,113,139
03654300,CAREER TRAINING SOLUTIONS               ,VA,22406-1014,Proprietary  ,24,162,186,24,162,186
03709300,EDWARD VIA VIRGINIA CLG OSTEOPATHIC MED ,VA,24060-6360,Private      ,11,400,411,11,400,411
03872400,INSTITUTE FOR THE PSYCHOLOGICAL SCIENCES,VA,22202-3609,Private      ,6,84,90,6,84,90
03876300,CULPEPER COSMETOLOGY TRAINING CENTER    ,VA,22701-3155,Public       ,7,11,18,7,11,18
03883400,AVIATION INSTITUTE OF MAINTENANCE       ,VA,20110-4156,Proprietary  ,38,166,204,38,166,204
04038400,AVI CAREER INSTITUTE                    ,VA,22066-1839,Proprietary  ,6,17,23,6,17,23
04110300,UNIVERSITY OF MANAGEMENT AND TECHNOLOGY ,VA,22209-1609,Proprietary  ,1,29,30,1,29,30
04124000,DOMINION SCHOOL OF HAIR DESIGN          ,VA,23062-2221,Proprietary  ,6,21,27,6,21,27
04127300,COLUMBIA COLLEGE                        ,VA,22031-4413,Proprietary  ,19,72,91,19,72,91
04133400,CENTURA COLLEGE                         ,VA,22312-2670,Proprietary  ,15,83,98,15,83,98
04133800,SOUTHEAST CULINARY & HOSPITALITY COLLEGE,VA,24201-4159,Proprietary  ,30,44,74,30,44,74
04137300,CAYCE/REILLY SCHOOL OF MASSOTHERAPY     ,VA,23451-2061,Private      ,3,21,24,3,21,24
04140000,GLOBAL HEALTH NURSE TRAINING SERVICES   ,VA,22314-4585,Proprietary  ,10,119,129,10,119,129
04153800,BETHEL COLLEGE                          ,VA,23666-3122,Private      ,16,43,59,16,43,59
04156200,INSTITUTE OF ADVANCED MEDICAL ESTHETICS ,VA,23294-4701,Proprietary  ,7,36,43,7,36,43
04171500,COSMOPOLITAN BEAUTY & TECH SCHOOL       ,VA,22003-3204,Proprietary  ,5,18,23,5,18,23
00107000,THUNDERBIRD SCHOOL OF GLOBAL MANAGEMENT ,AZ,85306-6000,Private      ,6,296,302,6,296,302
00107100,ARIZONA WESTERN COLLEGE                 ,AZ,85366-0000,Public       ,1741,1534,3275,1741,1534,3275
00107200,COCHISE COLLEGE                         ,AZ,85607-6190,Public       ,629,934,1563,629,934,1563
00107300,EASTERN ARIZONA COLLEGE                 ,AZ,85552-0769,Public       ,766,598,1364,766,598,1364
00107400,GRAND CANYON UNIVERSITY                 ,AZ,85017-3030,Proprietary  ,3468,14323,17791,3468,14323,17791
00107600,GLENDALE COMMUNITY COLLEGE              ,AZ,85302-3090,Public       ,4062,5020,9082,4062,5020,9082
00107700,MESA COMMUNITY COLLEGE                  ,AZ,85202-4866,Public       ,4090,6170,10260,4090,6170,10260
00107800,PHOENIX COLLEGE                         ,AZ,85013-4234,Public       ,2246,4758,7004,2246,4758,7004
00107900,YAVAPAI COLLEGE                         ,AZ,86301-3297,Public       ,1016,1783,2799,1016,1783,2799
00108100,ARIZONA STATE UNIV (ALL CAMPUSES)       ,AZ,85287-0412,Public       ,35684,18793,54477,35684,18793,54477
00108200,NORTHERN ARIZONA UNIVERSITY             ,AZ,86011-0001,Public       ,19158,6832,25990,19158,6832,25990
00108300,UNIVERSITY OF ARIZONA                   ,AZ,85721-0066,Public       ,22996,9662,32658,22996,9662,32658
00165701,MIDWESTERN UNIVERSITY                   ,AZ,85308-0000,Private      ,87,2496,2583,87,2496,2583
00446700,TUCSON COLLEGE                          ,AZ,85711-3781,Proprietary  ,72,140,212,72,140,212
00711300,SOUTHWESTERN COLLEGE                    ,AZ,85032-7097,Private      ,294,114,408,294,114,408
00726600,PIMA COUNTY COMMUNITY COLLEGE           ,AZ,85709-1110,Public       ,4460,6990,11450,4460,6990,11450
00728300,CENTRAL ARIZONA COLLEGE                 ,AZ,85228-9779,Public       ,870,1486,2356,870,1486,2356
00732911,ITT TECHNICAL INSTITUTE                 ,AZ,85282-9272,Proprietary  ,129,285,414,129,285,414
00732990,ITT TECHNICAL INSTITUTE                 ,AZ,85704-5829,Proprietary  ,105,246,351,105,246,351
00822100,UNIVERSAL TECHNICAL INSTITUTE           ,AZ,85323-7946,Proprietary  ,5033,3755,8788,5033,3755,8788
00824600,DINè COLLEGE                            ,AZ,86556-0126,Public       ,191,362,553,191,362,553
00830300,GATEWAY COMMUNITY COLLEGE               ,AZ,85034-1795,Public       ,1102,2688,3790,1102,2688,3790
00830302,MARICOPA SKILL CENTER                   ,AZ,85034-0000,Public       ,138,566,704,138,566,704
00830400,SCOTTSDALE COMMUNITY COLLEGE            ,AZ,85250-0000,Public       ,1665,1763,3428,1665,1763,3428
00886400,ARIZONA ACADEMY OF BEAUTY               ,AZ,85712-5021,Proprietary  ,18,33,51,18,33,51
00886500,ARTISTIC BEAUTY COLLEGES-TUCSON         ,AZ,85716-3999,Proprietary  ,33,87,120,33,87,120
01084700,ARIZONA AUTOMOTIVE INSTITUTE            ,AZ,85301-3503,Proprietary  ,125,454,579,125,454,579
01085800,AVALON SCHOOL OF COSMETOLOGY            ,AZ,85210-4010,Proprietary  ,62,136,198,62,136,198
01168900,REFRIGERATION SCHOOL                    ,AZ,85034-0000,Proprietary  ,33,212,245,33,212,245
01180200,ARIZONA ACADEMY OF BEAUTY-NORTH         ,AZ,85705-2720,Proprietary  ,12,11,23,12,11,23
01180800,ARTISTIC BEAUTY COLLEGES-FLAGSTAFF      ,AZ,86004-5119,Proprietary  ,28,65,93,28,65,93
01186200,NORTHLAND PIONEER COLLEGE               ,AZ,86025-2996,Public       ,224,576,800,224,576,800
01186400,MOHAVE COMMUNITY COLLEGE                ,AZ,86409-1238,Public       ,433,1734,2167,433,1734,2167
01218400,INTERNATIONAL ACAD OF HAIR DESIGN       ,AZ,85225-7198,Proprietary  ,14,45,59,14,45,59
01234300,ARTISTIC BEAUTY COLLEGES-PHOENIX        ,AZ,85304-0000,Proprietary  ,35,76,111,35,76,111
01293700,ARTISTIC BEAUTY COLLEGES - PARADISE VALL,AZ,85257-0000,Proprietary  ,6,34,40,6,34,40
02065300,PRESCOTT COLLEGE                        ,AZ,86301-0000,Private      ,450,511,961,450,511,961
02071200,KAPLAN COLLEGE                          ,AZ,85029-4349,Proprietary  ,96,562,658,96,562,658
02098800,UNIVERSITY OF PHOENIX                   ,AZ,85040-0000,Proprietary  ,4632,92746,97378,4632,92746,97378
02100500,UNIVERSAL TECHNICAL INSTITUTE           ,AZ,85027-0000,Proprietary  ,3260,3823,7083,3260,3823,7083
02100600,CARRINGTON COLLEGE                      ,AZ,85015-4096,Proprietary  ,364,1265,1629,364,1265,1629
02113800,ROBERTO-VENN SCH OF LUTHIERY            ,AZ,85040-0000,Proprietary  ,8,18,26,8,18,26
02146600,SOUTH MOUNTAIN COMMUNITY COLLEGE        ,AZ,85040-0000,Public       ,825,1214,2039,825,1214,2039
02160305,COLLINS COLLEGE                         ,AZ,85040-4000,Proprietary  ,306,387,693,306,387,693
02160306,INTERNATIONAL ACADEMY OF DESIGN AND TECH,AZ,85281-6705,Proprietary  ,8,22,30,8,22,30
02171500,WESTERN INTERNATIONAL UNIVERSITY        ,AZ,85021-0000,Proprietary  ,12,661,673,12,661,673
02177500,RIO SALADO COMMUNITY COLLEGE            ,AZ,85281-6948,Public       ,823,5982,6805,823,5982,6805
02192300,MARICOPA BEAUTY COLLEGE                 ,AZ,85323-0000,Proprietary  ,20,37,57,20,37,57
02199900,AMERICAN INDIAN CLG-ASSEMBLIES GOD      ,AZ,85021-0000,Private      ,19,39,58,19,39,58
02217100,PIMA MEDICAL INSTITUTE                  ,AZ,85716-0000,Proprietary  ,706,2235,2941,706,2235,2941
02218800,BROOKLINE COLLEGE                       ,AZ,85021-5815,Proprietary  ,76,695,771,76,695,771
02218804,BROOKLINE COLLEGE - MESA                ,AZ,85204-4448,Proprietary  ,34,176,210,34,176,210
02218805,BROOKLINE COLLEGE - TUCSON              ,AZ,85711-5444,Proprietary  ,54,216,270,54,216,270
02220300,ARTISTIC BEAUTY COLLEGES-GLENDALE       ,AZ,85051-0000,Proprietary  ,33,107,140,33,107,140
02263100,ANTHEM COLLEGE                          ,AZ,85014-0000,Proprietary  ,197,1135,1332,197,1135,1332
02280500,CHARLES OF ITALY BEAUTY COLLEGE         ,AZ,86403-0000,Proprietary  ,1,18,19,1,18,19
02295000,EVEREST COLLEGE                         ,AZ,85021-1610,Proprietary  ,136,1073,1209,136,1073,1209
02295002,EVEREST COLLEGE - MESA                  ,AZ,85206-4704,Proprietary  ,50,223,273,50,223,273
02317800,AMERICAN INSTITUTE OF TECHNOLOGY        ,AZ,85043-0000,Proprietary  ,41,148,189,41,148,189
02491500,THE ART CENTER DESIGN COLLEGE           ,AZ,85716-0000,Proprietary  ,75,121,196,75,121,196
02521500,LAMSON COLLEGE                          ,AZ,85284-1141,Proprietary  ,17,56,73,17,56,73
02533200,FRANK LLOYD WRIGHT SCHOOL OF ARCHITECTUR,AZ,85261-4430,Private      ,8,24,32,8,24,32
02559000,UNIVERSITY OF ADVANCING TECHNOLOGY      ,AZ,85283-0000,Proprietary  ,603,295,898,603,295,898
02561900,BRILLARE HAIRDRESSING ACADEMY           ,AZ,85254-3301,Proprietary  ,8,20,28,8,20,28
02582700,CORTIVA INSTITUTE - TUCSON              ,AZ,85710-3503,Proprietary  ,19,81,100,19,81,100
02616700,LE CORDON BLEU COLLEGE OF CULINARY ARTS ,AZ,85251-2729,Proprietary  ,318,895,1213,318,895,1213
02623600,PARADISE VALLEY COMMUNITY COLLEGE       ,AZ,85032-1210,Public       ,1172,1644,2816,1172,1644,2816
02623800,CORTIVA INSTITUTE - SCOTTSDALE          ,AZ,85257-4218,Proprietary  ,11,30,41,11,30,41
03005000,SAFFORD COLLEGE OF BEAUTY CULTURE       ,AZ,85546-3309,Proprietary  ,3,7,10,3,7,10
03010613,VIRGINIA COLLEGE - GOLF ACADEMY OF ARIZO,AZ,85225-6742,Proprietary  ,25,92,117,25,92,117
03030604,UTAH COLLEGE OF MASSAGE THERAPY - ARIZON,AZ,85282-0000,Proprietary  ,23,70,93,23,70,93
03030605,UTAH COLLEGE OF MASSAGE THERAPY - ARIZON,AZ,85051-3470,Proprietary  ,29,81,110,29,81,110
03034400,CONSERVATORY RECORDING ARTS & SCIS      ,AZ,85282-1707,Proprietary  ,248,334,582,248,334,582
03072200,CHANDLER-GILBERT COMMUNITY COLLEGE      ,AZ,85225-2499,Public       ,2051,2226,4277,2051,2226,4277
03076400,BRYMAN SCHOOL OF ARIZONA                ,AZ,85029-4919,Proprietary  ,228,776,1004,228,776,1004
03097800,CARSTEN INSTITUTE OF HAIR & BEAUTY      ,AZ,85282-5404,Proprietary  ,24,48,72,24,48,72
03100400,COCONINO COUNTY COMMUNITY COLLEGE       ,AZ,86001-2701,Public       ,610,847,1457,610,847,1457
03107000,SOUTHWEST CLG OF NATUROPATHIC MED       ,AZ,85282-0000,Private      ,8,165,173,8,165,173
03115000,ARIZONA COLLEGE OF ALLIED HEALTH        ,AZ,85302-3843,Proprietary  ,61,260,321,61,260,321
03120300,COLLEGE AMERICA                         ,AZ,86004-3936,Proprietary  ,25,103,128,25,103,128
03156300,ESTRELLA MOUNTAIN COMMUNITY COLLEGE     ,AZ,85392-1010,Public       ,1587,2321,3908,1587,2321,3908
03347300,INTERNATIONAL BAPTIST COLLEGE           ,AZ,85282-6799,Private      ,8,6,14,8,6,14
03445300,HDS TRUCK DRIVING INSTITUTE             ,AZ,85731-0000,Proprietary  ,5,27,32,5,27,32
03478400,PHOENIX SEMINARY                        ,AZ,85018-7611,Private      ,4,29,33,4,29,33
03572300,EAST VALLEY INSTITUTE OF TECHNOLOGY     ,AZ,85201-6910,Public       ,82,122,204,82,122,204
03593300,SOUTHWEST INSTITUTE OF HEALING ARTS     ,AZ,85281-3658,Proprietary  ,51,416,467,51,416,467
03617500,PHOENIX INSTITUTE OF HERBAL MEDICINE & A,AZ,85012-0000,Proprietary  ,15,78,93,15,78,93
03695500,ARIZONA SCHOOL OF ACUPUNCTURE AND ORIENT,AZ,85712-1100,Proprietary  ,7,42,49,7,42,49
03784400,TOHONO O'ODHAM COMMUNITY COLLEGE        ,AZ,85634-3129,Public       ,6,16,22,6,16,22
03813300,NORTHCENTRAL UNIVERSITY                 ,AZ,86314-2336,Proprietary  ,32,1509,1541,32,1509,1541
03814300,TURNING POINT BEAUTY COLLEGE            ,AZ,85222-4229,Proprietary  ,0,10,10,0,10,10
04051300,ART INSTITUTE OF PHOENIX (THE)          ,AZ,85021-2859,Proprietary  ,2630,8872,11502,2630,8872,11502
04051306,ART INSTITUTE OF PHOENIX (THE) - ART INS,AZ,85712-2732,Proprietary  ,208,213,421,208,213,421
04051325,ART INSTITUTE OF PHOENIX (THE) - BROWN M,AZ,85712-5300,Proprietary  ,123,415,538,123,415,538
04051327,ART INSTITUTE OF PHOENIX (THE) - BROWN M,AZ,85029-1348,Proprietary  ,48,50,98,48,50,98
04059300,TUCSON COLLEGE OF BEAUTY                ,AZ,85705-2451,Proprietary  ,16,37,53,16,37,53
04120900,ARIZONA CULINARY INSTITUTE              ,AZ,85259-4939,Proprietary  ,142,178,320,142,178,320
04131400,PHOENIX SCHOOL OF LAW                   ,AZ,85012-3330,Proprietary  ,29,719,748,29,719,748
04139200,UNIVERSAL BARBER COLLEGE                ,AZ,85007-3914,Proprietary  ,17,59,76,17,59,76
04148700,AMERICAN INSTITUTE OF INTERIOR DESIGN   ,AZ,85268-3827,Proprietary  ,5,24,29,5,24,29
04152900,STUDIO ACADEMY OF BEAUTY (THE)          ,AZ,85224-3600,Proprietary  ,8,40,48,8,40,48
04157400,NATIONAL PARALEGAL COLLEGE              ,AZ,85014-1262,Proprietary  ,20,344,364,20,344,364
04172100,CCIC BEAUTY COLLEGE                     ,AZ,85345-2410,Proprietary  ,4,18,22,4,18,22
04174100,PAUL MITCHELL THE SCHOOL PHOENIX        ,AZ,85017-1919,Proprietary  ,55,75,130,55,75,130
04174200,ALL BEAUTY COLLEGE                      ,AZ,86426-8326,Proprietary  ,9,28,37,9,28,37
04175300,KOHLER ACADEMY                          ,AZ,85254-4065,Proprietary  ,27,34,61,27,34,61
00142800,DELAWARE STATE UNIVERSITY               ,DE,19901-2277,Public       ,6514,1464,7978,6514,1464,7978
00142900,GOLDEY BEACOM COLLEGE                   ,DE,19808-1993,Private      ,329,219,548,329,219,548
00143100,UNIVERSITY OF DELAWARE                  ,DE,19716-0099,Public       ,19816,1817,21633,19816,1817,21633
00143300,WESLEY COLLEGE                          ,DE,19901-3875,Private      ,1726,344,2070,1726,344,2070
00143301,WESLEY COLLEGE-CTR FOR ADULT STUDIE     ,DE,19720-0000,Private      ,23,92,115,23,92,115
00145948,STRAYER UNIVERSITY - CHRISTIANA         ,DE,19713-4316,Proprietary  ,0,1,1,0,1,1
00331301,WIDENER UNIV SCHOOL OF LAW - DE         ,DE,19803-0000,Private      ,35,956,991,35,956,991
00705300,DELAWARE TECH & CMTY COLLEGE-OWENS      ,DE,19947-0000,Public       ,919,1123,2042,919,1123,2042
00794800,WILMINGTON UNIVERSITY                   ,DE,19720-6491,Private      ,1060,2614,3674,1060,2614,3674
01172700,DELAWARE TECH & CMTY CLG-TERRY          ,DE,19901-8736,Public       ,757,856,1613,757,856,1613
02125200,BEEBE SCHOOL OF NURSING                 ,DE,19958-1462,Private      ,37,49,86,37,49,86
02144900,DELAWARE TECH & CMTY CLG-STANTN/WLM     ,DE,19801-0000,Public       ,1503,1466,2969,1503,1466,2969
02190400,SCHILLING DOUGLAS SCH OF HAIR DSGN      ,DE,19711-0000,Proprietary  ,8,37,45,8,37,45
02586902,STAR TECHNICAL INSTITUTE -              ,DE,19901-4615,Proprietary  ,7,25,32,7,25,32
03025800,DAWN TRAINING CENTRE                    ,DE,19805-1511,Proprietary  ,29,213,242,29,213,242
03543300,HARRIS SCHOOL OF BUSINESS               ,DE,19803-5341,Proprietary  ,12,59,71,12,59,71
03702300,DELAWARE LEARNING INSTITUTE OF COSMETOLO,DE,19939-9759,Proprietary  ,13,52,65,13,52,65
04130700,ACADEMY OF MASSAGE AND BODYWORK         ,DE,19701-1321,Proprietary  ,5,19,24,5,19,24
04139800,DELAWARE COLLEGE OF ART & DESIGN        ,DE,19801-3007,Private      ,312,60,372,312,60,372
04171100,DELAWARE ACADEMY PAUL MITCHELL PARTNER S,DE,19702-5108,Proprietary  ,25,35,60,25,35,60
        ,OFFICIAL USE ONLY                       ,DC,20202-0000,,1,1,2,1,1,2
00143400,AMERICAN UNIVERSITY                     ,DC,20016-8020,Private      ,13367,8552,21919,13367,8552,21919
00143700,CATHOLIC UNIVERSITY OF AMERICA          ,DC,20064-0002,Private      ,4888,1587,6475,4888,1587,6475
00143711,"CATHOLIC UNIV AMERICA, LAW SCHOOL       ",DC,20064-0000,Private      ,88,1118,1206,88,1118,1206
00144100,UNIV OF THE DISTRICT OF COLUMBIA        ,DC,20008-0000,Public       ,1270,2563,3833,1270,2563,3833
00144102,UNIV OF THE DIST OF COLU -SCHOOL OF LAW ,DC,20008-1173,Public       ,148,980,1128,148,980,1128
00144300,GALLAUDET UNIVERSITY                    ,DC,20002-3695,Private      ,470,518,988,470,518,988
00144400,GEORGE WASHINGTON UNIVERSITY            ,DC,20052-2353,Private      ,11422,7377,18799,11422,7377,18799
00144402,GEORGE WASHINGTON UNIV LAW SCHL         ,DC,20052-0000,Private      ,31,2894,2925,31,2894,2925
00144403,GEORGE WASHINGTON UNIV SCH MED          ,DC,20052-0000,Private      ,50,798,848,50,798,848
00144500,GEORGETOWN UNIVERSITY                   ,DC,20057-1252,Private      ,11120,2891,14011,11120,2891,14011
00144501,"GEORGETOWN UNIV, SCH OF MEDICINE        ",DC,20007-0000,Private      ,42,962,1004,42,962,1004
00144502,GEORGETOWN UNIVERSITY - GRADUATE SCHOOL ,DC,20057-0004,Private      ,29,2080,2109,29,2080,2109
00144503,GEORGETOWN UNIV LAW CENTER              ,DC,20001-0000,Private      ,28,4079,4107,28,4079,4107
00144800,HOWARD UNIVERSITY                       ,DC,20059-0001,Private      ,12195,6560,18755,12195,6560,18755
00145900,STRAYER UNIVERSITY                      ,DC,20005-2603,Proprietary  ,323,10792,11115,323,10792,11115
00146000,TRINITY UNIVERSITY                      ,DC,20017-1004,Private      ,1016,1258,2274,1016,1258,2274
00146400,WESLEY THEOLOGICAL SEMINARY             ,DC,20016-0000,Private      ,1,122,123,1,122,123
00207701,JOHNS HOPKINS UNIV SCH ADV INTL STU     ,DC,20036-0000,Private      ,31,1249,1280,31,1249,1280
01006500,WASHINGTON THEOLOGICAL UNION            ,DC,20012-0000,Private      ,2,20,22,2,20,22
01195000,THE CORCORAN COLLEGE OF ART & DESIG     ,DC,20006-4804,Private      ,356,283,639,356,283,639
01280300,DOMINICAN HOUSE OF STUDIES              ,DC,20017-1584,Private      ,0,8,8,0,8,8
02132800,NAT'L CONSERVATORY DRAMATIC ARTS        ,DC,20007-2758,Private      ,8,17,25,8,17,25
02279200,DUDLEY BEAUTY COLG-WASHINGTON           ,DC,20018-0000,Proprietary  ,27,58,85,27,58,85
02588900,SANZ SCHOOL                             ,DC,20006-0000,Proprietary  ,13,79,92,13,79,92
03104300,CAREER BLAZERS LEARNING CENTER OF WASHIN,DC,20037-1881,Proprietary  ,5,24,29,5,24,29
03218300,POTOMAC COLLEGE                         ,DC,20016-1860,Proprietary  ,14,123,137,14,123,137
03409600,BENNETT CAREER INSTITUTE                ,DC,20017-1754,Proprietary  ,34,78,112,34,78,112
03750300,TECHNICAL LEARNING CENTERS              ,DC,20006-3749,Proprietary  ,9,39,48,9,39,48
04114400,INSTITUTE OF WORLD POLITICS (THE)       ,DC,20036-1464,Private      ,4,109,113,4,109,113
04142700,PONTIFICAL JOHN PAUL II INSTITUTE FOR ST,DC,20064-0001,Private      ,2,11,13,2,11,13
00154100,ABRAHAM BALDWIN AGRICULTURAL CLG        ,GA,31794-0000,Public       ,1096,638,1734,1096,638,1734
00154200,AGNES SCOTT COLLEGE                     ,GA,30030-3797,Private      ,1072,240,1312,1072,240,1312
00154300,DARTON COLLEGE                          ,GA,31707-3098,Public       ,1158,1736,2894,1158,1736,2894
00154400,ALBANY STATE UNIVERSITY                 ,GA,31705-2796,Public       ,4122,1937,6059,4122,1937,6059
00154500,ANDREW COLLEGE                          ,GA,39840-1395,Private      ,234,46,280,234,46,280
00154600,ARMSTRONG ATLANTIC STATE UNIVERSITY     ,GA,31419-1997,Public       ,3463,2746,6209,3463,2746,6209
00154700,ATLANTA CHRISTIAN COLLEGE               ,GA,30344-1999,Private      ,230,574,804,230,574,804
00155200,AUGUSTA STATE UNIVERSITY                ,GA,30904-2200,Public       ,3584,2937,6521,3584,2937,6521
00155400,BERRY COLLEGE                           ,GA,30149-5007,Private      ,2333,159,2492,2333,159,2492
00155500,THOMAS UNIVERSITY                       ,GA,31792-7499,Private      ,109,337,446,109,337,446
00155600,BRENAU UNIVERSITY                       ,GA,30501-3668,Private      ,861,1296,2157,861,1296,2157
00155700,BREWTON PARKER COLLEGE                  ,GA,30445-0000,Private      ,203,112,315,203,112,315
00155800,COASTAL GEORGIA COMMUNITY COLLEGE       ,GA,31520-3644,Public       ,703,1095,1798,703,1095,1798
00155900,CLARK ATLANTA UNIVERSITY                ,GA,30314-4385,Private      ,8884,3121,12005,8884,3121,12005
00156000,COLUMBIA THEOLOGICAL SEMINARY           ,GA,30031-0000,Private      ,1,87,88,1,87,88
00156100,COLUMBUS STATE UNIVERSITY               ,GA,31907-5645,Public       ,3344,2288,5632,3344,2288,5632
00156200,GEORGIA PERIMETER COLLEGE               ,GA,30021-0000,Public       ,6157,9684,15841,6157,9684,15841
00156300,EMMANUEL COLLEGE                        ,GA,30639-0000,Private      ,426,99,525,426,99,525
00156400,EMORY UNIVERSITY                        ,GA,30322-1960,Private      ,11231,7196,18427,11231,7196,18427
00156600,FORT VALLEY STATE UNIVERSITY            ,GA,31030-3298,Public       ,3354,1291,4645,3354,1291,4645
00156700,GAINESVILLE STATE COLLEGE               ,GA,30503-0000,Public       ,2214,1496,3710,2214,1496,3710
00156800,INTERDENOMINATIONAL THEOLOGY CENTER     ,GA,30314-0000,Private      ,1,139,140,1,139,140
00156900,GEORGIA INSTITUTE OF TECHNOLOGY         ,GA,30332-0002,Public       ,11767,2799,14566,11767,2799,14566
00157000,SOUTHERN POLYTECHNIC STATE UNIV         ,GA,30060-2896,Public       ,2350,1856,4206,2350,1856,4206
00157100,GEORGIA MILITARY COLLEGE                ,GA,31061-3398,Public       ,1268,1700,2968,1268,1700,2968
00157200,GEORGIA SOUTHERN UNIVERSITY             ,GA,30460-8065,Public       ,12393,3366,15759,12393,3366,15759
00157300,GEORGIA SOUTHWESTERN STATE UNIV         ,GA,31709-4693,Public       ,1220,818,2038,1220,818,2038
00157400,GEORGIA STATE UNIVERSITY                ,GA,30303-3010,Public       ,16916,13877,30793,16916,13877,30793
00157500,GORDON COLLEGE                          ,GA,30204-1762,Public       ,2269,1356,3625,2269,1356,3625
00157700,KENNESAW STATE UNIVERSITY               ,GA,30144-5591,Public       ,10343,7020,17363,10343,7020,17363
00157800,LAGRANGE COLLEGE                        ,GA,30240-2999,Private      ,1041,313,1354,1041,313,1354
00157900,MEDICAL COLLEGE OF GEORGIA              ,GA,30912-0004,Public       ,269,1227,1496,269,1227,1496
00158000,MERCER UNIVERSITY                       ,GA,31207-0003,Private      ,2791,3595,6386,2791,3595,6386
00158100,MIDDLE GEORGIA COLLEGE                  ,GA,31014-1599,Public       ,1578,1037,2615,1578,1037,2615
00158200,MOREHOUSE COLLEGE                       ,GA,30314-3773,Private      ,2925,611,3536,2925,611,3536
00158500,NORTH GEORGIA COLLEGE & STATE UNIV      ,GA,30597-0001,Public       ,3534,1133,4667,3534,1133,4667
00158600,OGLETHORPE UNIVERSITY                   ,GA,30319-2737,Private      ,1319,293,1612,1319,293,1612
00158700,PAINE COLLEGE                           ,GA,30901-3182,Private      ,968,308,1276,968,308,1276
00158800,PIEDMONT COLLEGE                        ,GA,30535-5644,Private      ,479,618,1097,479,618,1097
00158900,REINHARDT UNIVERSITY                    ,GA,30183-2981,Private      ,465,175,640,465,175,640
00159000,SAVANNAH STATE UNIVERSITY               ,GA,31404-5298,Public       ,3395,1353,4748,3395,1353,4748
00159100,SHORTER UNIVERSITY                      ,GA,30165-4298,Private      ,1230,1156,2386,1230,1156,2386
00159200,SOUTH GEORGIA COLLEGE                   ,GA,31533-8104,Public       ,582,433,1015,582,433,1015
00159400,SPELMAN COLLEGE                         ,GA,30314-4399,Private      ,5230,892,6122,5230,892,6122
00159600,TOCCOA FALLS COLLEGE                    ,GA,30598-0001,Private      ,404,89,493,404,89,493
00159700,TRUETT MCCONNELL COLLEGE                ,GA,30528-1264,Private      ,248,52,300,248,52,300
00159800,UNIVERSITY OF GEORGIA                   ,GA,30602-6114,Public       ,16205,6019,22224,16205,6019,22224
00159900,VALDOSTA STATE UNIVERSITY               ,GA,31698-0001,Public       ,6741,2324,9065,6741,2324,9065
00160000,WESLEYAN COLLEGE                        ,GA,31210-4407,Private      ,266,193,459,266,193,459
00160100,UNIV OF WEST GEORGIA                    ,GA,30118-0002,Public       ,5272,2222,7494,5272,2222,7494
00160200,GEORGIA COLLEGE & STATE UNIVERSITY      ,GA,31061-0490,Public       ,3787,969,4756,3787,969,4756
00160400,YOUNG HARRIS COLLEGE                    ,GA,30582-4137,Private      ,713,59,772,713,59,772
00348400,COVENANT COLLEGE                        ,GA,30750-4164,Private      ,997,76,1073,997,76,1073
00395600,DALTON STATE COLLEGE                    ,GA,30720-3797,Public       ,1680,1591,3271,1680,1591,3271
00402400,GEORGIA NORTHWESTERN TECHNICAL COLLEGE  ,GA,30161-6757,Public       ,663,2125,2788,663,2125,2788
00411700,GRADY HEALTH SYSTEM                     ,GA,30303-3050,Public       ,50,245,295,50,245,295
00525400,LANIER TECHNICAL COLLEGE                ,GA,30566-3499,Public       ,360,1655,2015,360,1655,2015
00525500,MOULTRIE TECHNICAL COLLEGE              ,GA,31768-0000,Public       ,87,440,527,87,440,527
00525600,WIREGRASS GEORGIA TECHNICAL COLLEGE     ,GA,31602-0929,Public       ,360,1646,2006,360,1646,2006
00551100,OKEFENOKEE TECHNICAL COLLEGE            ,GA,31501-4016,Public       ,81,340,421,81,340,421
00559900,AUGUSTA TECHNICAL COLLEGE               ,GA,30906-3399,Public       ,666,1885,2551,666,1885,2551
00560000,ATHENS TECHNICAL COLLEGE                ,GA,30601-1579,Public       ,824,2047,2871,824,2047,2871
00560100,ALBANY TECHNICAL COLLEGE                ,GA,31701-2648,Public       ,430,1995,2425,430,1995,2425
00561500,SOUTHWEST GEORGIA TECHNICAL COLLEGE     ,GA,31792-2622,Public       ,191,688,879,191,688,879
00561600,SWAINSBORO TECHNICAL COLLEGE (FORMERLY S,GA,30401-5700,Public       ,21,61,82,21,61,82
00561700,SOUTH GEORGIA TECHNICAL COLLEGE         ,GA,31709-8167,Public       ,201,415,616,201,415,616
00561800,SAVANNAH TECHNICAL COLLEGE              ,GA,31405-5594,Public       ,619,2596,3215,619,2596,3215
00561900,NORTH GEORGIA TECHNICAL COLLEGE         ,GA,30523-0000,Public       ,500,1028,1528,500,1028,1528
00562000,CHATTAHOOCHEE TECHNICAL COLLEGE         ,GA,30060-3398,Public       ,1629,4730,6359,1629,4730,6359
00562100,GRIFFIN TECHNICAL COLLEGE               ,GA,30223-2097,Public       ,519,2111,2630,519,2111,2630
00562101,FLINT RIVER TECHNICAL INSTITUTE         ,GA,30286-0014,Public       ,46,167,213,46,167,213
00562200,DEKALB TECHNICAL COLLEGE                ,GA,30021-0000,Public       ,657,3009,3666,657,3009,3666
00562400,COLUMBUS TECHNICAL COLLEGE              ,GA,31904-6572,Public       ,547,1473,2020,547,1473,2020
00576300,CENTRAL GEORGIA TECHNICAL COLLEGE       ,GA,31206-3628,Public       ,739,3583,4322,739,3583,4322
00772800,MACON STATE COLLEGE                     ,GA,31206-5145,Public       ,1392,2208,3600,1392,2208,3600
00854300,ATLANTA TECHNICAL COLLEGE               ,GA,30310-4499,Public       ,816,3218,4034,816,3218,4034
00897600,CLAYTON STATE UNIVERSITY                ,GA,30260-0285,Public       ,2705,3917,6622,2705,3917,6622
00927000,ART INSTITUTE OF ATLANTA (THE)          ,GA,30328-1649,Proprietary  ,3848,2845,6693,3848,2845,6693
00950700,GEORGIA HIGHLANDS COLLEGE               ,GA,30162-0000,Public       ,1410,1464,2874,1410,1464,2874
01031903,MEDIX SCHOOL                            ,GA,30080-7630,Proprietary  ,62,227,289,62,227,289
01035601,EVEREST INSTITUTE - DEKALB              ,GA,30035-3420,Proprietary  ,54,288,342,54,288,342
01048700,WEST GEORGIA TECHNICAL COLLEGE          ,GA,30182-6476,Public       ,790,2392,3182,790,2392,3182
01077100,GUPTON JONES COLLEGE                    ,GA,30035-4022,Private      ,51,128,179,51,128,179
01099700,EAST GEORGIA COLLEGE                    ,GA,30401-2699,Public       ,1093,488,1581,1093,488,1581
01107400,BAINBRIDGE COLLEGE                      ,GA,39819-8400,Public       ,327,1412,1739,327,1412,1739
01110901,EVEREST COLLEGE - EVEREST INSTITUTE     ,GA,30067-8340,Proprietary  ,39,141,180,39,141,180
01110902,EVEREST COLLEGE - ATLANTA               ,GA,30331-2620,Proprietary  ,66,199,265,66,199,265
01112301,EVEREST COLLEGE - EVEREST INSTITUTE- NOR,GA,30093-2813,Proprietary  ,42,247,289,42,247,289
01157400,BAUDER COLLEGE                          ,GA,30313-2439,Proprietary  ,195,364,559,195,364,559
01205100,PRO WAY HAIR SCHOOL                     ,GA,30083-2884,Proprietary  ,14,49,63,14,49,63
01216500,ATLANTA METROPOLITAN COLLEGE            ,GA,30310-4498,Public       ,1113,2060,3173,1113,2060,3173
01303900,SOUTH UNIVERSITY                        ,GA,31406-4881,Proprietary  ,1122,10911,12033,1122,10911,12033
02055000,WAYCROSS COLLEGE                        ,GA,31503-0000,Public       ,195,263,458,195,263,458
02060900,BROWN CLG OF COURT REPORTING & M.T.     ,GA,30318-2570,Proprietary  ,8,142,150,8,142,150
02074800,LIFE UNIVERSITY                         ,GA,30060-0000,Private      ,263,1990,2253,263,1990,2253
02113613,AMERICAN INTERCONTINENTAL UNIVERSITY    ,GA,30328-1649,Proprietary  ,573,1501,2074,573,1501,2074
02116000,SANFORD-BROWN COLLEGE                   ,GA,30328-4803,Proprietary  ,72,462,534,72,462,534
02141500,SAVANNAH COLLEGE OF ART & DESIGN        ,GA,31402-3146,Private      ,6470,2361,8831,6470,2361,8831
02202800,AUGUSTA AREA DIET INTERN UNIV HOSP      ,GA,30901-0000,Private      ,5,18,23,5,18,23
02217200,PORTFOLIO CENTER                        ,GA,30309-0000,Proprietary  ,5,36,41,5,36,41
02266200,AMERICAN PROFESSIONAL INSTITUTE         ,GA,31201-3185,Proprietary  ,49,262,311,49,262,311
02279500,HEART OF GEORGIA TECHNICAL COLLEGE      ,GA,31021-0000,Public       ,141,470,611,141,470,611
02284300,INTERACTIVE COLLEGE OF TECHNOLOGY       ,GA,30341-0000,Proprietary  ,32,197,229,32,197,229
02284308,INTERACTIVE LEARNING SYSTEMS            ,GA,30260-0000,Proprietary  ,16,64,80,16,64,80
02284309,INTERACTIVE COLLEGE OF TECHNOLOGY       ,GA,30501-0000,Proprietary  ,9,57,66,9,57,66
02285500,"CREATIVE CIRCUS, THE                    ",GA,30324-0000,Proprietary  ,30,127,157,30,127,157
02288400,GWINNETT TECHNICAL INSTITUTE            ,GA,30043-5702,Public       ,1035,3782,4817,1035,3782,4817
02313902,WESTWOOD COLLEGE - O'HARE AIRPORT - ATLA,GA,30345-2807,Proprietary  ,91,275,366,91,275,366
02321400,ROFFLER-MOLER HAIRSTYLING COLLEGE       ,GA,30062-0000,Proprietary  ,10,19,29,10,19,29
02354500,SOUTHEASTERN BEAUTY SCHOOLS             ,GA,31906-0000,Proprietary  ,1,12,13,1,12,13
02482100,MOREHOUSE SCHOOL OF MEDICINE            ,GA,30310-0000,Private      ,44,480,524,44,480,524
02502700,ADVANCED CAREER TRAINING                ,GA,30329-0000,Proprietary  ,36,189,225,36,189,225
02502701,ADVANCED CAREER TRAINING-RIVERDALE      ,GA,30274-0000,Proprietary  ,18,90,108,18,90,108
02508600,MIDDLE GEORGIA TECHNICAL COLLEGE        ,GA,31088-0000,Public       ,271,967,1238,271,967,1238
02520000,INTERNATIONAL SCH SKIN & NAILCARE       ,GA,30342-1119,Proprietary  ,10,95,105,10,95,105
02577000,ESANI INSTITUTE                         ,GA,30297-0000,Proprietary  ,14,60,74,14,60,74
02577700,BEAUTY COLLEGE OF AMERICA               ,GA,30297-0000,Proprietary  ,17,36,53,17,36,53
02580200,ATLANTA SCHOOL OF MASSAGE               ,GA,30338-0000,Proprietary  ,36,167,203,36,167,203
02583000,GWINNETT COLLEGE OF BUSINESS            ,GA,30047-3447,Proprietary  ,38,115,153,38,115,153
02607600,CAPELLI LEARNING CTR FOR COSM           ,GA,30324-0000,Proprietary  ,22,74,96,22,74,96
02614206,MILLER - MOTTE TECHNICAL COLLEGE - COLUM,GA,31907-3222,Proprietary  ,13,167,180,13,167,180
02614207,MILLER - MOTTE TECHNICAL COLLEGE - AUGUS,GA,30907-0921,Proprietary  ,16,77,93,16,77,93
03005400,ARTISTIC BEAUTY COLLEGE                 ,GA,30013-2076,Proprietary  ,51,111,162,51,111,162
03010619,VIRGINIA COLLEGE - AUGUSTA              ,GA,30909-5515,Proprietary  ,59,441,500,59,441,500
03010623,VIRGINIA COLLEGE - MACON                ,GA,31206-3180,Proprietary  ,27,233,260,27,233,260
03022601,WESTERN CULINARY INSTITUTE - LE CORDON B,GA,30084-5893,Proprietary  ,81,163,244,81,163,244
03030000,OGEECHEE TECHNICAL COLLEGE              ,GA,30458-8049,Public       ,327,1000,1327,327,1000,1327
03032100,ALTAMAHA TECHNICAL COLLEGE              ,GA,31545-4465,Public       ,112,485,597,112,485,597
03042700,LAURUSTECHNICAL INSTITUTE               ,GA,30030-1506,Proprietary  ,14,94,108,14,94,108
03066500,SOUTHEASTERN TECHNICAL COLLEGE          ,GA,30474-8817,Public       ,119,428,547,119,428,547
03072304,EVEREST COLLEGE - EVEREST INSTITUTE     ,GA,30236-0000,Proprietary  ,27,165,192,27,165,192
03076300,BEULAH HEIGHTS BIBLE COLLEGE            ,GA,30316-1873,Private      ,13,205,218,13,205,218
03079202,WESTWOOD COLLEGE - ATLANTA MIDTOWN      ,GA,30309-2848,Proprietary  ,217,420,637,217,420,637
03081500,SOUTHEASTERN BEAUTY SCHOOL              ,GA,31917-0000,Proprietary  ,6,31,37,6,31,37
03089100,GEORGIA INSTITUTE OF COSMETOLOGY        ,GA,30606-3152,Proprietary  ,48,95,143,48,95,143
03090600,COBB BEAUTY COLLEGE                     ,GA,30144-2828,Proprietary  ,14,38,52,14,38,52
03100900,LUTHER RICE UNIVERSITY                  ,GA,30038-2454,Private      ,12,392,404,12,392,404
03102000,RIVERTOWN SCHOOL OF BEAUTY              ,GA,31904-4747,Proprietary  ,17,42,59,17,42,59
03104500,ATLANTA INSTITUTE OF MUSIC              ,GA,30096-4988,Proprietary  ,92,102,194,92,102,194
03116100,VOGUE BEAUTY AND BARBER SCHOOL          ,GA,30141-2226,Proprietary  ,9,25,34,9,25,34
03155500,SANDERSVILLE REGIONAL TECH INST         ,GA,31082-6179,Public       ,83,367,450,83,367,450
03173300,ATLANTA'S JOHN MARSHALL LAW SCHOOL      ,GA,30309-0000,Proprietary  ,26,728,754,26,728,754
03232304,LINCOLN COLLEGE OF TECHNOLOGY           ,GA,30067-8638,Proprietary  ,24,182,206,24,182,206
03418300,GWINNETT COLLEGE-SANDY SPRINGS          ,GA,30328-3161,Proprietary  ,25,70,95,25,70,95
03445500,FAYETTE BEAUTY ACADEMY                  ,GA,30214-1191,Proprietary  ,8,30,38,8,30,38
03523300,AVIATION INSTITUTE OF MAINTENANCE       ,GA,30045-6716,Proprietary  ,74,332,406,74,332,406
03635300,CARVER BIBLE COLLEGE                    ,GA,30331-1300,Private      ,11,53,64,11,53,64
03748300,KEVOSNIK SCHOOL OF HAIR DESIGN          ,GA,31021-0000,Proprietary  ,6,11,17,6,11,17
03753400,MICHAEL'S SCHOOL OF BEAUTY              ,GA,31211-1493,Proprietary  ,4,22,26,4,22,26
03804400,JAVELIN TECHNICAL TRAINING CENTER       ,GA,30339-6040,Proprietary  ,34,205,239,34,205,239
03812300,OMNITECH INSTITUTE                      ,GA,30035-1206,Proprietary  ,20,93,113,20,93,113
04021300,AUGUSTA SCHOOL OF MASSAGE               ,GA,30809-0000,Proprietary  ,8,24,32,8,24,32
04051331,ART INSTITUTE OF PHOENIX (THE) - BROWN M,GA,30319-3054,Proprietary  ,63,148,211,63,148,211
04091300,SAVANNAH SCHOOL OF MASSAGE THERAPY      ,GA,31406-2711,Private      ,14,58,72,14,58,72
04126800,ACADEMY OF SOMATIC HEALING ARTS (ASHA)  ,GA,30071-1024,Proprietary  ,3,59,62,3,59,62
04142900,GEORGIA GWINNETT COLLEGE                ,GA,30043-7409,Public       ,2622,1941,4563,2622,1941,4563
04147000,PAUL MITCHELL THE SCHOOL ATLANTA        ,GA,30318-5241,Proprietary  ,63,117,180,63,117,180
04147700,LAKE LANIER SCHOOL OF MASSAGE           ,GA,30501-4546,Proprietary  ,10,32,42,10,32,42
04149900,PROFILE INSTITUTE OF BARBER-STYLING     ,GA,30315-8459,Proprietary  ,14,28,42,14,28,42
04150900,PROCESS INSTITUTE OF COSMETOLOGY (THE)  ,GA,30043-7344,Proprietary  ,14,23,37,14,23,37
04152300,GEORGIA BEAUTY ACADEMY                  ,GA,30721-3952,Proprietary  ,13,39,52,13,39,52
04160200,ATLANTA BEAUTY ACADEMY                  ,GA,30340-1334,Proprietary  ,21,71,92,21,71,92
00162800,AMERICAN ACADEMY OF ART                 ,IL,60604-4302,Proprietary  ,646,154,800,646,154,800
00163300,AUGUSTANA COLLEGE                       ,IL,61201-2296,Private      ,4082,191,4273,4082,191,4273
00163400,AURORA UNIVERSITY                       ,IL,60506-4892,Private      ,2704,1768,4472,2704,1768,4472
00163600,SOUTHWESTERN ILLINOIS COLLEGE           ,IL,62221-5899,Public       ,1766,2433,4199,1766,2433,4199
00163800,BLACK HAWK COLLEGE                      ,IL,61265-5899,Public       ,1319,1418,2737,1319,1418,2737
00163900,BLACKBURN COLLEGE                       ,IL,62626-1498,Private      ,671,103,774,671,103,774
00164000,PRAIRIE STATE COLLEGE                   ,IL,60411-8226,Public       ,1710,2657,4367,1710,2657,4367
00164100,BRADLEY UNIVERSITY                      ,IL,61625-0002,Private      ,6620,911,7531,6620,911,7531
00164300,SPOON RIVER COLLEGE                     ,IL,61520-8907,Public       ,478,455,933,478,455,933
00164700,CITY COLLEGES OF CHICAGO                ,IL,60606-6998,Public       ,1623,1683,3306,1623,1683,3306
00164800,TRUMAN COLLEGE                          ,IL,60640-5691,Public       ,2581,3352,5933,2581,3352,5933
00164900,RICHARD J DALEY COLLEGE                 ,IL,60652-1299,Public       ,2110,2833,4943,2110,2833,4943
00165000,CITY COLLEGES OF CHICAGO-MALCOLM X      ,IL,60612-3197,Public       ,2493,4398,6891,2493,4398,6891
00165200,HAROLD WASHINGTON COLLEGE               ,IL,60601-2403,Public       ,4638,4655,9293,4638,4655,9293
00165400,KENNEDY KING COLLEGE                    ,IL,60621-3798,Public       ,2021,4387,6408,2021,4387,6408
00165500,WRIGHT COLLEGE                          ,IL,60634-1591,Public       ,3705,3399,7104,3705,3399,7104
00165700,MIDWESTERN UNIVERSITY                   ,IL,60515-1200,Private      ,124,2374,2498,124,2374,2498
00165900,ROSALIND FRANKLIN UNIVERSITY OF MEDICINE,IL,60064-3095,Private      ,29,1842,1871,29,1842,1871
00166100,CHICAGO THEOLOGICAL SEMINARY            ,IL,60637-0000,Private      ,14,106,120,14,106,120
00166300,SPERTUS COLLEGE                         ,IL,60605-1995,Private      ,1,36,37,1,36,37
00166400,UNIVERSITY OF ST FRANCIS                ,IL,60435-6188,Private      ,1485,1135,2620,1485,1135,2620
00166500,COLUMBIA COLLEGE                        ,IL,60605-1996,Private      ,11316,3997,15313,11316,3997,15313
00166600,CONCORDIA UNIVERSITY                    ,IL,60305-1499,Private      ,2323,1565,3888,2323,1565,3888
00166900,DANVILLE AREA COMMUNITY COLLEGE         ,IL,61832-5199,Public       ,571,792,1363,571,792,1363
00167100,DEPAUL UNIVERSITY                       ,IL,60604-2287,Private      ,18848,12032,30880,18848,12032,30880
00167400,EASTERN ILLINOIS UNIVERSITY             ,IL,61920-3099,Public       ,9312,2656,11968,9312,2656,11968
00167500,ELGIN COMMUNITY COLLEGE                 ,IL,60123-7193,Public       ,2031,2245,4276,2031,2245,4276
00167600,ELMHURST COLLEGE                        ,IL,60126-3296,Private      ,3514,825,4339,3514,825,4339
00167800,EUREKA COLLEGE                          ,IL,61530-9976,Private      ,971,176,1147,971,176,1147
00168100,HIGHLAND COMMUNITY COLLEGE              ,IL,61032-9341,Public       ,501,526,1027,501,526,1027
00168200,GARRETT-EVANGELICAL THEOLOGICAL SEM     ,IL,60201-0000,Private      ,0,119,119,0,119,119
00168400,GREENVILLE COLLEGE                      ,IL,62246-1199,Private      ,1312,380,1692,1312,380,1692
00168500,HEBREW THEOLOGICAL COLLEGE              ,IL,60077-3263,Private      ,248,16,264,248,16,264
00168800,ILLINOIS COLLEGE                        ,IL,62650-2299,Private      ,1408,127,1535,1408,127,1535
00168900,ILLINOIS COLLEGE OF OPTOMETRY           ,IL,60616-3878,Private      ,22,619,641,22,619,641
00169100,ILLINOIS INSTITUTE OF TECHNOLOGY        ,IL,60616-0000,Private      ,2629,1542,4171,2629,1542,4171
00169103,CHICAGO KENT COLLEGE OF LAW             ,IL,60661-0000,Private      ,50,1520,1570,50,1520,1570
00169200,ILLINOIS STATE UNIVERSITY               ,IL,61790-1000,Public       ,18685,3894,22579,18685,3894,22579
00169300,NORTHEASTERN ILLINOIS UNIV              ,IL,60625-4699,Public       ,5905,5035,10940,5905,5035,10940
00169400,CHICAGO STATE UNIVERSITY                ,IL,60628-1598,Public       ,5371,8063,13434,5371,8063,13434
00169600,ILLINOIS WESLEYAN UNIVERSITY            ,IL,61701-0000,Private      ,3150,132,3282,3150,132,3282
00169800,JOHN MARSHALL LAW SCHOOL                ,IL,60604-0000,Private      ,29,1906,1935,29,1906,1935
00169900,JOLIET JUNIOR COLLEGE                   ,IL,60431-8938,Public       ,4273,3503,7776,4273,3503,7776
00170000,JUDSON UNIVERSITY                       ,IL,60123-1498,Private      ,830,455,1285,830,455,1285
00170100,KASKASKIA COLLEGE                       ,IL,62801-7878,Public       ,810,923,1733,810,923,1733
00170300,KENDALL COLLEGE                         ,IL,60622-4278,Proprietary  ,840,1237,2077,840,1237,2077
00170400,KNOX COLLEGE                            ,IL,61401-4999,Private      ,2111,112,2223,2111,112,2223
00170500,ILLINOIS VALLEY COMMUNITY COLLEGE       ,IL,61348-9692,Public       ,1076,1189,2265,1076,1189,2265
00170600,LAKE FOREST COLLEGE                     ,IL,60045-2399,Private      ,2066,147,2213,2066,147,2213
00170700,LEWIS UNIVERSITY                        ,IL,60446-2200,Private      ,4512,1980,6492,4512,1980,6492
00170800,LINCOLN CHRISTIAN UNIVERSITY            ,IL,62656-2167,Private      ,364,376,740,364,376,740
00170900,LINCOLN COLLEGE                         ,IL,62656-1699,Private      ,1013,440,1453,1013,440,1453
00171000,LOYOLA UNIVERSITY CHICAGO               ,IL,60626-0000,Private      ,14079,8587,22666,14079,8587,22666
00171200,LUTHERAN SCHOOL OF THEOL AT CHICAGO     ,IL,60615-0000,Private      ,1,57,58,1,57,58
00171600,MACCORMAC COLLEGE                       ,IL,60602-4405,Private      ,33,113,146,33,113,146
00171700,MACMURRAY COLLEGE                       ,IL,62650-2590,Private      ,528,220,748,528,220,748
00172100,MCCORMICK THEOLOGICAL SEMINARY          ,IL,60615-5108,Private      ,1,80,81,1,80,81
00172200,MCKENDREE UNIVERSITY                    ,IL,62254-1299,Private      ,1480,828,2308,1480,828,2308
00172300,MEADVILLE LOMBARD THEOLOGICAL SCHOOL    ,IL,60637-1602,Private      ,3,69,72,3,69,72
00172400,MILLIKIN UNIVERSITY                     ,IL,62522-2084,Private      ,2649,641,3290,2649,641,3290
00172500,MONMOUTH COLLEGE                        ,IL,61462-1963,Private      ,2041,142,2183,2041,142,2183
00172700,MOODY BIBLE INSTITUTE                   ,IL,60610-3214,Private      ,995,531,1526,995,531,1526
00172800,MORTON COLLEGE                          ,IL,60804-4398,Public       ,1288,958,2246,1288,958,2246
00173200,NATIONAL UNIV OF HEALTH SCIENCES        ,IL,60148-4583,Private      ,36,398,434,36,398,434
00173300,NATIONAL-LOUIS UNIVERSITY               ,IL,60603-3032,Private      ,255,2852,3107,255,2852,3107
00173400,NORTH CENTRAL COLLEGE                   ,IL,60540-4690,Private      ,3144,563,3707,3144,563,3707
00173500,NORTH PARK UNIVERSITY                   ,IL,60625-4895,Private      ,2584,1073,3657,2584,1073,3657
00173600,NORTHERN BAPTIST THEOL SEMINARY         ,IL,60148-0000,Private      ,2,39,41,2,39,41
00173700,NORTHERN ILLINOIS UNIVERSITY            ,IL,60115-2854,Public       ,18371,7336,25707,18371,7336,25707
00173900,NORTHWESTERN UNIV                       ,IL,60208-0001,Private      ,17434,7122,24556,17434,7122,24556
00174100,OLIVET NAZARENE UNIVERSITY              ,IL,60914-2271,Private      ,3105,988,4093,3105,988,4093
00174200,IL EASTERN COMM COLGS-OLNEY CENTRAL     ,IL,62450-1099,Public       ,418,382,800,418,382,800
00174500,QUINCY UNIVERSITY                       ,IL,62301-2699,Private      ,1422,638,2060,1422,638,2060
00174600,ROBERT MORRIS UNIVERSITY ILLINOIS       ,IL,60605-1225,Private      ,4350,3617,7967,4350,3617,7967
00174700,ROCK VALLEY COLLEGE                     ,IL,61114-5699,Public       ,1896,2861,4757,1896,2861,4757
00174800,ROCKFORD COLLEGE                        ,IL,61108-2393,Private      ,981,843,1824,981,843,1824
00174900,ROOSEVELT UNIVERSITY                    ,IL,60605-1394,Private      ,4706,4764,9470,4706,4764,9470
00175000,DOMINICAN UNIVERSITY                    ,IL,60305-1066,Private      ,2661,1096,3757,2661,1096,3757
00175200,SAUK VALLEY COMMUNITY COLLEGE           ,IL,61021-9112,Public       ,625,691,1316,625,691,1316
00175300,SCHOOL OF ART INSTITUTE OF CHICAGO      ,IL,60603-3013,Private      ,3230,1988,5218,3230,1988,5218
00175400,SEABURY-WESTERN THEO SEMINARY           ,IL,60201-0000,Private      ,0,2,2,0,2,2
00175600,SHIMER COLLEGE                          ,IL,60616-3893,Private      ,111,43,154,111,43,154
00175700,SOUTHEASTERN ILLINOIS COLLEGE           ,IL,62946-4925,Public       ,418,396,814,418,396,814
00175800,SOUTHERN ILL UNIV-CARBONDALE            ,IL,62901-0000,Public       ,13057,5485,18542,13057,5485,18542
00175900,SOUTHERN ILL UNIV-EDWARDSVILLE          ,IL,62026-1060,Public       ,9754,3962,13716,9754,3962,13716
00175924,SO IL UNIV-SCHL OF DENTAL MEDICINE      ,IL,62002-0000,Public       ,13,97,110,13,97,110
00176100,SPRINGFIELD COLLEGE IN ILLINOIS         ,IL,62702-2694,Private      ,209,200,409,209,200,409
00176500,UNIVERSITY OF ST MARY OF THE LAKE       ,IL,60060-0000,Private      ,2,7,9,2,7,9
00176700,BENEDICTINE UNIVERSITY                  ,IL,60532-0900,Private      ,2662,2534,5196,2662,2534,5196
00176800,ST XAVIER UNIVERSITY                    ,IL,60655-3199,Private      ,4601,2299,6900,4601,2299,6900
00176900,SOUTH SUBURBAN COLLEGE                  ,IL,60473-9978,Public       ,1636,3679,5315,1636,3679,5315
00177100,TRINITY CHRISTIAN COLLEGE               ,IL,60463-0929,Private      ,1293,659,1952,1293,659,1952
00177200,TRINITY INTERNATIONAL UNIVERSITY        ,IL,60015-1283,Private      ,683,546,1229,683,546,1229
00177300,TRITON COLLEGE                          ,IL,60171-1995,Public       ,2480,2767,5247,2480,2767,5247
00177400,UNIVERSITY OF CHICAGO                   ,IL,60637-1476,Private      ,13422,2502,15924,13422,2502,15924
00177401,UNIV OF CHICAGO PRITZKER SCH OF MED     ,IL,60637-0000,Private      ,41,400,441,41,400,441
00177403,"UNIV OF CHICAGO, BOOTH SCH OF BUS       ",IL,60637-0000,Private      ,30,414,444,30,414,444
00177405,UNIVERSITY OF CHICAGO GRADUATE          ,IL,60637-0000,Private      ,65,4013,4078,65,4013,4078
00177500,UNIV OF ILLINOIS @ URBANA-CHAMPAIGN     ,IL,61820-5796,Public       ,26641,7293,33934,26641,7293,33934
00177600,UNIV OF ILLINOIS AT CHICAGO             ,IL,60607-0000,Public       ,20204,12746,32950,20204,12746,32950
00177800,VANDERCOOK COLLEGE OF MUSIC             ,IL,60616-3731,Private      ,170,67,237,170,67,237
00177900,IL EASTERN COMM COLGS-WABASH VALLEY     ,IL,62863-2699,Public       ,280,197,477,280,197,477
00178000,WESTERN ILLINOIS UNIVERSITY             ,IL,61455-1390,Public       ,9703,2789,12492,9703,2789,12492
00178100,WHEATON COLLEGE                         ,IL,60187-5535,Private      ,2394,368,2762,2394,368,2762
00178300,WORSHAM COLLEGE OF MORTUARY SCIENCE     ,IL,60090-2646,Proprietary  ,33,89,122,33,89,122
00396100,HARPER COLLEGE                          ,IL,60067-7398,Public       ,3423,2865,6288,3423,2865,6288
00418100,ADVOCATE TRINITY HOSPITAL SCHOOL OF RADI,IL,60617-3982,Private      ,33,95,128,33,95,128
00456000,GEM CITY COLLEGE                        ,IL,62301-4949,Proprietary  ,4,15,19,4,15,19
00456800,MIDSTATE COLLEGE                        ,IL,61614-3558,Proprietary  ,65,561,626,65,561,626
00621400,BLESSING RIEMAN COLLEGE OF NURSING      ,IL,62301-0000,Private      ,91,114,205,91,114,205
00621401,BLESSING HOSPITAL - SCHOOL OF MEDICAL LA,IL,62305-7005,Private      ,12,9,21,12,9,21
00621402,BLESSING HOSPITAL - SCHOOL OF RADIOLOGIC,IL,62305-7005,Private      ,17,9,26,17,9,26
00622500,TRINITY COLLEGE OF NURSING AND HEALTH SC,IL,61201-5317,Private      ,56,110,166,56,110,166
00622800,METHODIST MED CTR OF ILL SCH NRSNG      ,IL,61636-0000,Private      ,224,378,602,224,378,602
00624000,ST FRANCIS MED CLG OF NRSG              ,IL,61603-3783,Private      ,175,292,467,175,292,467
00665600,COLLEGE OF DUPAGE                       ,IL,60137-6599,Public       ,5177,4579,9756,5177,4579,9756
00675300,ILLINOIS CENTRAL COLLEGE                ,IL,61635-0001,Public       ,2558,3041,5599,2558,3041,5599
00693100,WAUBONSEE COMMUNITY COLLEGE             ,IL,60554-0000,Public       ,1626,2025,3651,1626,2025,3651
00711800,PARKLAND COLLEGE                        ,IL,61821-1899,Public       ,2699,1905,4604,2699,1905,4604
00711900,REND LAKE COLLEGE                       ,IL,62846-9801,Public       ,672,720,1392,672,720,1392
00717000,LINCOLN LAND COMMUNITY COLLEGE          ,IL,62794-9256,Public       ,1510,1876,3386,1510,1876,3386
00726500,CARL SANDBURG COLLEGE                   ,IL,61401-9576,Public       ,717,968,1685,717,968,1685
00754900,COYNE AMERICAN INSTITUTE                ,IL,60607-1300,Proprietary  ,108,376,484,108,376,484
00764400,LAKE LAND COLLEGE                       ,IL,61938-9366,Public       ,1594,1408,3002,1594,1408,3002
00768400,KISHWAUKEE COLLEGE                      ,IL,60150-9699,Public       ,1385,1230,2615,1385,1230,2615
00769000,KANKAKEE COMMUNITY COLLEGE              ,IL,60901-6505,Public       ,944,1465,2409,944,1465,2409
00769100,MCHENRY COUNTY COLLEGE                  ,IL,60012-2761,Public       ,1185,987,2172,1185,987,2172
00769200,MORAINE VALLEY COMMUNITY COLLEGE        ,IL,60465-0937,Public       ,4192,3221,7413,4192,3221,7413
00769300,SHAWNEE COMMUNITY COLLEGE               ,IL,62992-9725,Public       ,495,427,922,495,427,922
00769400,COLLEGE OF LAKE COUNTY                  ,IL,60030-1198,Public       ,2271,2284,4555,2271,2284,4555
00793700,MS ROBERTS ACADEMY OF BEAUTY CULT       ,IL,60181-2930,Proprietary  ,6,22,28,6,22,28
00807600,JOHN A LOGAN COLLEGE                    ,IL,62918-2500,Public       ,1098,1137,2235,1098,1137,2235
00814604,EVEREST UNIVERSITY - EVEREST  COLLEGE   ,IL,60803-4517,Proprietary  ,46,157,203,46,157,203
00825900,EDUCATORS OF BEAUTY                     ,IL,61081-3611,Proprietary  ,7,16,23,7,16,23
00825901,EDUCATORS OF BEAUTY                     ,IL,61104-0000,Proprietary  ,13,40,53,13,40,53
00832800,ALVAREITA'S COLLEGE OF COSMETOLOGY      ,IL,62025-2041,Proprietary  ,14,32,46,14,32,46
00854500,ROCKFORD BUSINESS COLLEGE               ,IL,61103-0000,Proprietary  ,70,303,373,70,303,373
00869402,RASMUSSEN COLLEGE - ROCKFORD            ,IL,61108-2513,Proprietary  ,98,631,729,98,631,729
00869403,RASMUSSEN COLLEGE - AURORA              ,IL,60506-6219,Proprietary  ,75,249,324,75,249,324
00869404,RASMUSSEN COLLEGE - ROMEOVILLE          ,IL,60446-0000,Proprietary  ,52,225,277,52,225,277
00869418,RASMUSSEN COLLEGE -  MOKENA             ,IL,60448-0000,Proprietary  ,18,76,94,18,76,94
00888000,MORRISON INSTITUTE OF TECHNOLOGY        ,IL,61270-2959,Private      ,81,21,102,81,21,102
00893800,GRAHAM HOSPITAL SCH OF NURSING          ,IL,61520-2497,Private      ,23,75,98,23,75,98
00893900,CANNELLA SCHOOL OF HAIR DESIGN          ,IL,60406-2130,Proprietary  ,13,27,40,13,27,40
00914500,GOVERNORS STATE UNIVERSITY              ,IL,60466-0975,Public       ,766,3840,4606,766,3840,4606
00923200,CATHOLIC THEOLOGICAL UNION              ,IL,60615-0000,Private      ,4,29,33,4,29,33
00933300,UNIV OF ILLINOIS AT SPRINGFIELD         ,IL,62703-5407,Public       ,1786,1869,3655,1786,1869,3655
00947500,EDUCATORS OF BEAUTY                     ,IL,61301-2404,Proprietary  ,6,14,20,6,14,20
00959500,CANNELLA SCHOOL OF HAIR DESIGN          ,IL,60617-4303,Proprietary  ,20,33,53,20,33,53
00976700,OLIVE-HARVEY COLLEGE                    ,IL,60628-1696,Public       ,1026,2392,3418,1026,2392,3418
00978600,IL EASTERN COMM COLGS-LINCOLN TRAIL     ,IL,62454-5708,Public       ,237,216,453,237,216,453
00980000,RUSH UNIVERSITY                         ,IL,60612-3806,Private      ,186,1865,2051,186,1865,2051
00989600,OAKTON COMMUNITY COLLEGE                ,IL,60016-1268,Public       ,2195,1717,3912,2195,1717,3912
00998700,SAINT ANTHONY COLLEGE OF NURSING        ,IL,61108-2468,Private      ,105,220,325,105,220,325
01002000,LEWIS AND CLARK COMMUNITY COLLEGE       ,IL,62035-2466,Public       ,1006,1160,2166,1006,1160,2166
01031600,LINCOLN COLLEGE OF TECHNOLOGY           ,IL,60160-1605,Proprietary  ,366,230,596,366,230,596
01050100,LAKEVIEW  COLLEGE OF NURSING            ,IL,61832-3781,Private      ,120,176,296,120,176,296
01069500,TRI-COUNTY BEAUTY ACADEMY               ,IL,62056-2036,Proprietary  ,2,18,20,2,18,20
01071000,CAPITAL AREA SCH OF PRAC NRSG           ,IL,62707-0000,Public       ,50,249,299,50,249,299
01072700,DEVRY UNIVERSITY                        ,IL,60618-5994,Proprietary  ,10302,41746,52048,10302,41746,52048
01083600,PIVOT POINT INTNL CSMTLGY RSRCH CTR     ,IL,60626-0000,Proprietary  ,178,206,384,178,206,384
01087900,RICHLAND COMMUNITY COLLEGE              ,IL,62521-8513,Public       ,458,828,1286,458,828,1286
01102401,EVEREST COLLEGE - CHICAGO               ,IL,60604-2052,Proprietary  ,341,638,979,341,638,979
01151002,EVEREST INSTITUTE - EVEREST COLLEGE     ,IL,60542-1610,Proprietary  ,34,132,166,34,132,166
01181000,TAYLOR BUSINESS INSTITUTE               ,IL,60606-5111,Proprietary  ,11,30,41,11,30,41
01185204,ITT TECHNICAL INSTITUTE - ORLAND PARK CA,IL,60467-4900,Proprietary  ,1,0,1,1,0,1
01185800,EVEREST COLLEGE                         ,IL,60077-1074,Proprietary  ,96,240,336,96,240,336
01185802,EVEREST COLLEGE - BURR RIDGE            ,IL,60527-7826,Proprietary  ,33,95,128,33,95,128
01236200,NORTHWESTERN COLLEGE                    ,IL,60630-2298,Proprietary  ,1473,2779,4252,1473,2779,4252
01238500,BLOOMINGTON-NORMAL SCH RADIOGRAPHY      ,IL,61761-4604,Private      ,9,23,32,9,23,32
01258400,ILLINOIS INSTITUTE OF ART (THE)         ,IL,60654-1593,Proprietary  ,3621,2392,6013,3621,2392,6013
01281300,JOHN WOOD COMMUNITY COLLEGE             ,IL,62305-0401,Public       ,746,697,1443,746,697,1443
01308700,CAPRI GARFIELD RIDGE SCH OF BTY CLR     ,IL,60629-1613,Proprietary  ,28,59,87,28,59,87
01308800,CAPRI OAK FOREST COLLEGE OF BEAUTY      ,IL,60452-2798,Proprietary  ,47,67,114,47,67,114
02055200,HARRINGTON COLLEGE OF DESIGN            ,IL,60606-3433,Proprietary  ,314,364,678,314,364,678
02068100,ADLER SCH OF PROFESSIONAL PSYCHLGY      ,IL,60601-0000,Private      ,43,699,742,43,699,742
02069300,VATTEROTT COLLEGE                       ,IL,62305-5938,Proprietary  ,41,178,219,41,178,219
02073200,TELSHE YESHIVA-CHICAGO                  ,IL,60625-0000,Private      ,27,2,29,27,2,29
02074400,IL EASTERN COMM COLGS-FRONTIER          ,IL,62837-0000,Public       ,128,221,349,128,221,349
02075400,KELLER GRADUATE SCHOOL OF MGMT.         ,IL,60515-5683,Proprietary  ,37,7039,7076,37,7039,7076
02113600,AMERICAN INTERCONTINENTAL UNIVERSITY    ,IL,60192-3713,Proprietary  ,458,7649,8107,458,7649,8107
02117400,BECK AREA CAREER CENTER                 ,IL,62278-0000,Public       ,11,71,82,11,71,82
02124400,UNIVERSITY OF SPA & COSMETOLOGY ART     ,IL,62704-0000,Proprietary  ,39,47,86,39,47,86
02150600,COSMETOLOGY AND SPA INSTITUTE (THE)     ,IL,60014-4003,Proprietary  ,22,55,77,22,55,77
02155300,THE CHICAGO SCHOOL OF PROF PSYCHOLOGY   ,IL,60610-4705,Private      ,33,2607,2640,33,2607,2640
02160300,INTERNATIONAL ACAD OF DESIGN & TECH     ,IL,60602-3319,Proprietary  ,349,422,771,349,422,771
02160304,INTERNATIONAL ACADEMY OF DESIGN AND TECH,IL,60173-5160,Proprietary  ,98,74,172,98,74,172
02168600,EAST WEST UNIVERSITY                    ,IL,60605-0000,Private      ,794,1320,2114,794,1320,2114
02179900,ARGOSY UNIVERSITY                       ,IL,60601-7757,Proprietary  ,5052,17347,22399,5052,17347,22399
02185400,ST AUGUSTINE COLLEGE                    ,IL,60640-0000,Private      ,491,1558,2049,491,1558,2049
02192400,MR JOHNS SCHOOL OF COSMETOLOGY          ,IL,62521-0000,Proprietary  ,2,13,15,2,13,15
02202600,CANNELLA SCHOOL OF HAIR DESIGN          ,IL,60181-1321,Proprietary  ,4,7,11,4,7,11
02214100,RESURRECTION UNIVERSITY                 ,IL,60302-2519,Private      ,91,336,427,91,336,427
02228100,MAC DANIEL'S BEAUTY SCHOOL              ,IL,60640-0000,Proprietary  ,19,38,57,19,38,57
02261200,HAIR PROFESSIONALS ACAD COSMETOLOGY     ,IL,60118-0000,Proprietary  ,10,45,55,10,45,55
02261201,HAIR PROFESSIONALS ACADEMY OF COSMETOLOG,IL,60118-9333,Proprietary  ,5,6,11,5,6,11
02262100,HAIR PROFESSIONALS SCH COSMETOLOGY      ,IL,60543-0000,Proprietary  ,15,18,33,15,18,33
02291200,CANNELLA SCHOOL OF HAIR DESIGN          ,IL,60639-0000,Proprietary  ,46,73,119,46,73,119
02295500,CANNELLA SCHOOL OF HAIR DESIGN          ,IL,60120-0000,Proprietary  ,4,6,10,4,6,10
02297500,OEHRLEIN SCHOOL OF COSMETOLOGY          ,IL,61611-0000,Proprietary  ,16,29,45,16,29,45
02312300,LA' JAMES COLLEGE HAIRSTYLING           ,IL,61244-0000,Proprietary  ,5,16,21,5,16,21
02313900,WESTWOOD COLLEGE - O'HARE AIRPORT       ,IL,60631-2801,Proprietary  ,255,510,765,255,510,765
02317300,CONCEPT COLLEGE OF COSMETOLOGY          ,IL,61832-0000,Proprietary  ,19,27,46,19,27,46
02319200,LAKE FOREST GRAD SCHL OF MGMT           ,IL,60045-4824,Private      ,2,55,57,2,55,57
02323300,PROFESSIONAL'S CHOICE HAIR DSN ACAD     ,IL,60435-0000,Proprietary  ,7,16,23,7,16,23
02332200,HAIR PROFESSIONALS CAREER COLLEGE       ,IL,60178-0000,Proprietary  ,8,12,20,8,12,20
02337800,THE COLLEGE OF OFFICE TECHNOLOGY        ,IL,60622-0000,Proprietary  ,23,62,85,23,62,85
02349400,ALVAREITA'S COLLEGE OF COSMETOLOGY      ,IL,62035-0000,Proprietary  ,7,14,21,7,14,21
02349500,CANNELLA SCHOOL OF HAIR DESIGN          ,IL,60632-0000,Proprietary  ,37,31,68,37,31,68
02352200,LE CORDON BLEU COLLEGE OF CULINARY ARTS ,IL,60610-3050,Proprietary  ,664,777,1441,664,777,1441
02498200,G SKIN & BEAUTY INSTITUTE               ,IL,60523-1805,Proprietary  ,23,48,71,23,48,71
02498201,HAIR PROFESSIONALS ACADEMY OF COSMETOLOG,IL,60563-0000,Proprietary  ,10,10,20,10,10,20
02522800,FOX COLLEGE                             ,IL,60453-0000,Proprietary  ,363,292,655,363,292,655
02527600,LEXINGTON COLLEGE                       ,IL,60607-0000,Private      ,73,34,107,73,34,107
02536700,BELL MAR BEAUTY COLLEGE                 ,IL,60650-0000,Proprietary  ,13,28,41,13,28,41
02556100,ENVIRONMENTAL TECHNICAL INSTITUTE       ,IL,60143-0000,Proprietary  ,11,32,43,11,32,43
02556600,NILES SCHOOL OF COSMETOLOGY             ,IL,60714-0000,Proprietary  ,6,18,24,6,18,24
02573700,INSTITUTE FOR CLINICAL SOCIAL WORK      ,IL,60605-1229,Private      ,14,77,91,14,77,91
02579200,INGALLS MEMORIAL HOSPITAL               ,IL,60426-0000,Private      ,10,38,48,10,38,48
02584900,"FIRST INSTITUTE, INC.                   ",IL,60014-7489,Proprietary  ,12,33,45,12,33,45
02587700,HAIR PROFESSIONALS CAREER COLLEGE       ,IL,60465-1929,Proprietary  ,14,20,34,14,20,34
02599500,HANOVER PARK COLLEGE OF BEAUTY CULT     ,IL,60133-5421,Proprietary  ,10,17,27,10,17,27
02622700,KNOWLEDGE SYSTEMS INSTITUTE             ,IL,60076-0000,Private      ,0,4,4,0,4,4
03002000,HAIRMASTERS INST OF COSMETOLOGY         ,IL,61701-5547,Proprietary  ,14,24,38,14,24,38
03027702,PACIFIC COLLEGE OF ORIENTAL MEDICINE - C,IL,60613-4418,Proprietary  ,6,125,131,6,125,131
03065300,TREND SETTERS COLL OF COSMETOLOGY       ,IL,60915-2101,Proprietary  ,40,43,83,40,43,83
03072701,WESTWOOD COLLEGE OF TECHNOLOGY          ,IL,60409-0000,Proprietary  ,108,499,607,108,499,607
03072702,WESTWOOD COLLEGE OF TECHNOLOGY          ,IL,60602-0000,Proprietary  ,279,697,976,279,697,976
03078400,CAMEO BEAUTY ACADEMY                    ,IL,60453-3196,Proprietary  ,21,29,50,21,29,50
03079200,WESTWOOD COLLEGE - DUPAGE               ,IL,60517-2321,Proprietary  ,170,273,443,170,273,443
03082900,ROSEL SCHOOL OF COSMETOLOGY             ,IL,60659-1913,Proprietary  ,26,20,46,26,20,46
03083800,HEARTLAND COMMUNITY COLLEGE             ,IL,61761-9446,Public       ,1563,1410,2973,1563,1410,2973
03098000,ST JOHN'S COLLEGE OF NURSING            ,IL,62702-5321,Private      ,121,103,224,121,103,224
03098002,ST JOHN'S HOSP SCH MED TECH             ,IL,62769-5324,Private      ,3,18,21,3,18,21
03099700,CAIN'S BARBER COLLEGE                   ,IL,60615-3510,Proprietary  ,58,129,187,58,129,187
03099800,ILLINOIS SCHOOL OF HEALTH CAREERS       ,IL,60604-0000,Proprietary  ,136,322,458,136,322,458
03101800,ILLINOIS CENTER FOR BROADCASTING        ,IL,60148-7015,Proprietary  ,48,113,161,48,113,161
03128300,PYRAMID CAREER INSTITUTE                ,IL,60657-4207,Proprietary  ,0,4,4,0,4,4
03128500,NATIONAL LATINO EDUCATION INSTITUTE     ,IL,60609-2205,Private      ,11,22,33,11,22,33
03199300,CHRISTIAN LIFE COLLEGE                  ,IL,60056-2522,Private      ,8,16,24,8,16,24
03368300,MIDWEST TECHNICAL INSTITUTE             ,IL,62707-8805,Proprietary  ,129,455,584,129,455,584
03416300,COMPUTER SYSTEMS INSTITUTE              ,IL,60077-0000,Proprietary  ,81,292,373,81,292,373
03448300,BUSINESS INDUSTRIAL RESOURCES           ,IL,60659-1298,Proprietary  ,41,162,203,41,162,203
03455700,CORTIVA INSTITUTE - CHICAGO             ,IL,60602-3315,Proprietary  ,37,103,140,37,103,140
03455701,CORTIVA INSTITUTE - CHICAGO             ,IL,60014-6285,Proprietary  ,7,17,24,7,17,24
03510300,ERIKSON INSTITUTE                       ,IL,60654-4510,Private      ,3,235,238,3,235,238
03623300,VEE'S SCHOOL OF BEAUTY CULTURE          ,IL,62205-2326,Proprietary  ,1,6,7,1,6,7
03643300,"MR. JOHN'S SCHOOL OF JACKSONVILLE,  INC,",IL,62650-3488,Proprietary  ,1,6,7,1,6,7
03684300,NORTHSHORE UNIVERSITY HEALTHSYSTEM SCHOO,IL,60201-9872,Private      ,4,39,43,4,39,43
03721400,AMERICAN CAREER COLLEGE                 ,IL,60402-0000,Proprietary  ,14,32,46,14,32,46
03881400,EUROPEAN MASSAGE THERAPY SCHOOL         ,IL,60077-2269,Proprietary  ,10,19,29,10,19,29
03891300,SOMA INSTITUTE - THE NATIONAL SCHOOL OF ,IL,60604-4466,Proprietary  ,28,46,74,28,46,74
03914300,"CALC, INSTITUTE OF TECHNOLOGY           ",IL,62002-5931,Proprietary  ,21,74,95,21,74,95
04117500,SOLEX MEDICAL ACADEMY                   ,IL,60090-3104,Proprietary  ,2,12,14,2,12,14
04118400,ZAREM /GOLDE ORT TECHNICAL INSTITUTE    ,IL,60077-3210,Private      ,5,74,79,5,74,79
04124700,AMERICARE INSTITUTE                     ,IL,60133-5456,Proprietary  ,42,301,343,42,301,343
04136900,UNIVERSITY OF AESTHETICS (THE)          ,IL,60622-2151,Proprietary  ,3,21,24,3,21,24
04137000,UNIVERSITY OF AESTHETICS (THE)          ,IL,60515-5602,Proprietary  ,1,9,10,1,9,10
04137500,TRICOCI UNIVERSITY OF BEAUTY CULTURE    ,IL,60656-1805,Proprietary  ,72,102,174,72,102,174
04139000,CITI COLLEGE OF ALLIED HEALTH           ,IL,60602-1032,Proprietary  ,44,215,259,44,215,259
04141000,AVEDA INSTITUTE CHICAGO                 ,IL,60647-0000,Proprietary  ,70,116,186,70,116,186
04147100,TRICOCI UNIVERSITY OF BEAUTY CULTURE    ,IL,60048-2906,Proprietary  ,38,56,94,38,56,94
04147200,TRICOCI UNIVERSITY OF BEAUTY CULTURE    ,IL,60455-1824,Proprietary  ,33,64,97,33,64,97
04147300,TRICOCI UNIVERSITY OF BEAUTY CULTURE    ,IL,60139-3119,Proprietary  ,23,41,64,23,41,64
04147400,TRICOCI UNIVERSITY OF BEAUTY CULTURE    ,IL,61614-4831,Proprietary  ,17,39,56,17,39,56
04147500,TRICOCI UNIVERSITY OF BEAUTY CULTURE    ,IL,61108-2337,Proprietary  ,20,74,94,20,74,94
04160600,PAUL MITCHELL THE SCHOOL NORMAL         ,IL,61761-0000,Proprietary  ,70,71,141,70,71,141
04167800,INNOVATIONS DESIGN ACADEMY              ,IL,61520-2625,Proprietary  ,8,7,15,8,7,15
04168500,SOLEX COLLEGE                           ,IL,60090-3192,Proprietary  ,1,12,13,1,12,13
04170800,UNITY COSMETOLOGY COLLEGE               ,IL,61764-9652,Proprietary  ,5,10,15,5,10,15
04171600,SALON PROFESSIONAL ACADEMY OF ELGIN (THE,IL,60123-2319,Proprietary  ,5,11,16,5,11,16
04174900,SKIN CARE AND SPA INSTITUTE             ,IL,60077-2200,Proprietary  ,5,20,25,5,20,25
04175000,UNIVERSAL SPA TRAINING ACADEMY          ,IL,60515-0000,Proprietary  ,5,32,37,5,32,37
00195100,ALICE LLOYD COLLEGE                     ,KY,41844-9703,Private      ,871,135,1006,871,135,1006
00195200,ASBURY COLLEGE                          ,KY,40390-1198,Private      ,1346,293,1639,1346,293,1639
00195300,ASBURY THEOLOGICAL SEMINARY             ,KY,40390-0000,Private      ,15,1064,1079,15,1064,1079
00195400,BELLARMINE UNIVERSITY                   ,KY,40205-1877,Private      ,3765,1014,4779,3765,1014,4779
00195500,BEREA COLLEGE                           ,KY,40403-0000,Private      ,2615,640,3255,2615,640,3255
00195800,BRESCIA UNIVERSITY                      ,KY,42301-3023,Private      ,711,374,1085,711,374,1085
00195900,CAMPBELLSVILLE UNIVERSITY               ,KY,42718-2799,Private      ,2157,1036,3193,2157,1036,3193
00196000,SPALDING UNIVERSITY                     ,KY,40203-2188,Private      ,756,1797,2553,756,1797,2553
00196100,CENTRE COLLEGE                          ,KY,40422-1394,Private      ,2305,121,2426,2305,121,2426
00196200,UNIVERSITY OF THE CUMBERLANDS           ,KY,40769-1372,Private      ,2155,826,2981,2155,826,2981
00196300,EASTERN KENTUCKY UNIVERSITY             ,KY,40475-3102,Public       ,9832,5693,15525,9832,5693,15525
00196400,GEORGETOWN COLLEGE                      ,KY,40324-1628,Private      ,2119,432,2551,2119,432,2551
00196500,KENTUCKY CHRISTIAN UNIVERSITY           ,KY,41143-2205,Private      ,620,120,740,620,120,740
00196800,KENTUCKY STATE UNIVERSITY               ,KY,40601-2355,Public       ,2973,1310,4283,2973,1310,4283
00196900,KENTUCKY WESLEYAN COLLEGE               ,KY,42301-6057,Private      ,1098,220,1318,1098,220,1318
00197100,LEXINGTON THEOLOGICAL SEMINARY          ,KY,40508-0000,Private      ,2,22,24,2,22,24
00197200,LINDSEY WILSON COLLEGE                  ,KY,42728-1223,Private      ,2591,1276,3867,2591,1276,3867
00197400,LOUISVILLE PRESBYTERIAN THEOL SEM       ,KY,40205-0000,Private      ,7,67,74,7,67,74
00197500,MIDWAY COLLEGE                          ,KY,40347-1120,Private      ,561,1307,1868,561,1307,1868
00197600,MOREHEAD STATE UNIVERSITY               ,KY,40351-1689,Public       ,5028,2736,7764,5028,2736,7764
00197700,MURRAY STATE UNIVERSITY                 ,KY,42071-0009,Public       ,5347,2204,7551,5347,2204,7551
00197900,WEST KENTUCKY CMNTY & TECHNICAL COLG    ,KY,42002-7380,Public       ,1138,1837,2975,1138,1837,2975
00198000,PIKEVILLE COLLEGE                       ,KY,41501-1194,Private      ,1662,419,2081,1662,419,2081
00198001,PIKEVILLE CLG-SCH OSTEOPATHIC MEDIC     ,KY,41501-0000,Private      ,16,251,267,16,251,267
00198300,ST. CATHARINE COLLEGE                   ,KY,40061-9499,Private      ,655,347,1002,655,347,1002
00198700,TRANSYLVANIA UNIVERSITY                 ,KY,40508-1797,Private      ,1627,165,1792,1627,165,1792
00198800,UNION COLLEGE                           ,KY,40906-1499,Private      ,1097,488,1585,1097,488,1585
00198900,UNIVERSITY OF KENTUCKY                  ,KY,40506-0054,Public       ,16502,6321,22823,16502,6321,22823
00198901,UNIV OF KY-COLLEGE OF DENTISTRY         ,KY,40536-0000,Public       ,11,118,129,11,118,129
00198902,UNIV OF KY-COLLEGE OF MEDICINE          ,KY,40536-0000,Public       ,50,365,415,50,365,415
00199000,ASHLAND COMMUNITY AND TECHNICAL COLLEGE ,KY,41101-3683,Public       ,919,1230,2149,919,1230,2149
00199100,ELIZABETHTOWN COMMUNITY  AND TECHNICAL C,KY,42701-3081,Public       ,1532,2906,4438,1532,2906,4438
00199300,HENDERSON COMMUNITY COLLEGE             ,KY,42420-4699,Public       ,335,846,1181,335,846,1181
00199400,HOPKINSVILLE COMMUNITY COLLEGE          ,KY,42241-2621,Public       ,623,1860,2483,623,1860,2483
00199600,BIG SANDY COMMUNITY AND TECHNICAL COLG  ,KY,41653-1815,Public       ,1226,1300,2526,1226,1300,2526
00199700,SOMERSET COMMUNITY COLLEGE              ,KY,42501-2973,Public       ,2171,4315,6486,2171,4315,6486
00199800,SOUTHEAST KENTUCKY COMMUNITY AND TECHNIC,KY,40823-1099,Public       ,701,825,1526,701,825,1526
00199900,UNIVERSITY OF LOUISVILLE                ,KY,40292-0000,Public       ,11441,7950,19391,11441,7950,19391
00200100,THOMAS MORE COLLEGE                     ,KY,41017-3495,Private      ,1265,424,1689,1265,424,1689
00200200,WESTERN KENTUCKY UNIVERSITY             ,KY,42101-3576,Public       ,11246,5864,17110,11246,5864,17110
00461800,SPENCERIAN COLLEGE                      ,KY,40216-2605,Proprietary  ,406,976,1382,406,976,1382
00461900,SULLIVAN UNIVERSITY                     ,KY,40205-3000,Proprietary  ,1564,3391,4955,1564,3391,4955
00524400,BLUEGRASS COMMUNITY & TECHNICAL COLLEGE ,KY,40506-0235,Public       ,3292,5727,9019,3292,5727,9019
00527100,BOWLING GREEN TECHNICAL COLLEGE         ,KY,42101-3601,Public       ,697,1662,2359,697,1662,2359
00527300,GATEWAY COMMUNITY & TECHNOLOGY COLL     ,KY,41011-0000,Public       ,689,1874,2563,689,1874,2563
00696000,MAYSVILLE CMNTY & TECHNCL COLG          ,KY,41056-8910,Public       ,712,1680,2392,712,1680,2392
00696100,JEFFERSON COMMUNITY AND TECHNICAL COLLEG,KY,40202-2005,Public       ,3949,7577,11526,3949,7577,11526
00696200,HAZARD COMMUNITY COLLEGE                ,KY,41701-2402,Public       ,857,1081,1938,857,1081,1938
00696203,KY TECH-KNOTT CO. TECHNOLOGY CTR        ,KY,41822-0000,Public       ,5,2,7,5,2,7
00696204,KY TECH-LESLIE COUNTY AREA TECH CTR     ,KY,41749-0000,Public       ,1,3,4,1,3,4
00696205,KY TECH-LEE COUNTY AREA TECH CTR        ,KY,41311-0000,Public       ,1,1,2,1,1,2
00696206,KY TECH-LETCHER CNTY AREA TECH CTR      ,KY,41858-0000,Public       ,8,15,23,8,15,23
00696207,KY TECH-BREATHITT COUNTY VOC ED CTR     ,KY,41339-0000,Public       ,5,9,14,5,9,14
00736205,MEDTECH COLLEGE - LEXINGTON             ,KY,40511-1200,Proprietary  ,31,246,277,31,246,277
00842500,DAYMAR COLLEGE                          ,KY,42001-0000,Proprietary  ,21,220,241,21,220,241
00901000,MADISONVILLE COMMUNITY COLLEGE          ,KY,42431-9199,Public       ,681,1254,1935,681,1254,1935
00927500,NORTHERN KENTUCKY UNIVERSITY            ,KY,41099-0001,Public       ,6999,3913,10912,6999,3913,10912
00931300,DAYMAR COLLEGE                          ,KY,42301-5830,Proprietary  ,113,1162,1275,113,1162,1275
01042400,SALON PROFESSIONAL ACADEMY THE          ,KY,40502-1776,Proprietary  ,30,84,114,30,84,114
01048901,NATIONAL COLLEGE - FLORENCE CAMPUS      ,KY,41042-1812,Proprietary  ,20,158,178,20,158,178
01048902,NATIONAL COLLEGE - PIKEVILLE CAMPUS     ,KY,41501-1518,Proprietary  ,65,202,267,65,202,267
01048903,NATIONAL COLLEGE - DANVILLE CAMPUS      ,KY,40422-1517,Proprietary  ,26,246,272,26,246,272
01048904,NATIONAL COLLEGE - RICHMOND CAMPUS      ,KY,40475-2309,Proprietary  ,34,152,186,34,152,186
01048906,NATIONAL COLLEGE - LOUISVILLE CAMPUS    ,KY,40216-4147,Proprietary  ,88,624,712,88,624,712
01048907,NATIONAL COLLEGE - LEXINGTON CAMPUS     ,KY,40509-2256,Proprietary  ,41,467,508,41,467,508
01172500,COLLINS SCHOOL OF COSMETOLOGY           ,KY,40965-2809,Proprietary  ,10,23,33,10,23,33
01208800,SULLIVAN COLLEGE OF TECHNOLOGY AND DESIG,KY,40218-4528,Proprietary  ,347,536,883,347,536,883
01212801,SOUTHWESTERN COLLEGE                    ,KY,41042-1466,Proprietary  ,38,239,277,38,239,277
01272300,KY TECH-WAYNE COUNTY AREA TECH CTR      ,KY,42633-1088,Public       ,0,5,5,0,5,5
01291400,EMPIRE BEAUTY SCHOOL                    ,KY,40218-0000,Proprietary  ,37,135,172,37,135,172
01291500,EMPIRE BEAUTY SCHOOL                    ,KY,41042-5113,Proprietary  ,33,91,124,33,91,124
01291600,EMPIRE BEAUTY SCHOOL                    ,KY,40216-4212,Proprietary  ,11,75,86,11,75,86
01291700,EMPIRE BEAUTY SCHOOL                    ,KY,40160-0000,Proprietary  ,34,73,107,34,73,107
01296800,EMPIRE BEAUTY SCHOOL                    ,KY,40207-2695,Proprietary  ,21,47,68,21,47,68
02159100,"APPALACHIAN BEAUTY SCHOOL, INC.         ",KY,41503-0000,Proprietary  ,12,16,28,12,16,28
02177100,EMPIRE BEAUTY SCHOOL                    ,KY,40204-0000,Proprietary  ,38,134,172,38,134,172
02251500,TREND SETTERS ACAD OF BEAUTY CULT       ,KY,40258-0000,Proprietary  ,13,42,55,13,42,55
02275000,JENNY LEA ACADEMY OF COSMETOLOGY        ,KY,40831-0000,Proprietary  ,41,95,136,41,95,136
02284306,INTERACTIVE LEARNING SYSTEMS            ,KY,41042-0000,Proprietary  ,1,14,15,1,14,15
02323700,PAT WILSON'S BEAUTY COLLEGE             ,KY,42420-0000,Proprietary  ,2,7,9,2,7,9
02337200,PJ'S COLLEGE OF COSMETOLOGY             ,KY,42101-0000,Proprietary  ,46,211,257,46,211,257
02340800,PAUL MITCHELL THE SCHOOL LEXINGTON      ,KY,40514-1545,Proprietary  ,40,54,94,40,54,94
02351700,PAUL MITCHELL THE SCHOOL - LOUISVILLE   ,KY,40222-0000,Proprietary  ,67,122,189,67,122,189
02491100,BECKFIELD COLLEGE                       ,KY,41042-0000,Proprietary  ,115,890,1005,115,890,1005
02518900,BARRETT & COMPANY SCH HAIR DESIGN       ,KY,40356-0000,Proprietary  ,7,45,52,7,45,52
02526100,JENNY LEA ACADEMY OF COSMETOLOGY        ,KY,41858-0000,Proprietary  ,9,10,19,9,10,19
02535600,CLEAR CREEK BAPTIST BIBLE COLLEGE       ,KY,40977-0000,Private      ,21,60,81,21,60,81
02551100,PJ'S COLLEGE OF COSMETOLOGY             ,KY,42141-2434,Proprietary  ,11,39,50,11,39,50
02560800,SOUTHEAST SCHOOL OF COSMETOLOGY         ,KY,40962-0000,Proprietary  ,7,21,28,7,21,28
02576200,MID-CONTINENT UNIVERSITY                ,KY,42066-9007,Private      ,246,2415,2661,246,2415,2661
03002100,KENTUCKY MOUNTAIN BIBLE COLLEGE         ,KY,41385-0010,Private      ,18,14,32,18,14,32
03007000,FRONTIER SCH OF MIDWIFERY&FAMILY NU     ,KY,41749-0000,Private      ,3,507,510,3,507,510
03026200,HEAD'S WEST KENTUCKY BEAUTY COLLEGE     ,KY,42431-0000,Proprietary  ,10,14,24,10,14,24
03029200,NU-TEK ACADEMY OF BEAUTY                ,KY,40353-9767,Proprietary  ,6,24,30,6,24,30
03034500,OWENSBORO COMMUNITY & TECHNICAL COLLEGE ,KY,42303-1899,Public       ,941,1440,2381,941,1440,2381
03083700,GALEN HEALTH INSTITUTES                 ,KY,40207-1047,Proprietary  ,362,1917,2279,362,1917,2279
03103500,MR JIM'S BEAUTY COLLEGE                 ,KY,42301-2646,Proprietary  ,9,21,30,9,21,30
03516500,EZELL'S COSMETOLOGY SCHOOL              ,KY,42071-2530,Proprietary  ,9,28,37,9,28,37
03611300,BRIGHTON CENTER'S CENTER FOR EMPLOY     ,KY,41071-1968,Private      ,1,6,7,1,6,7
03804300,BELLEFONTE ACADEMY OF BEAUTY            ,KY,41169-2015,Proprietary  ,11,14,25,11,14,25
03885300,EMPLOYMENT SOLUTIONS                    ,KY,40517-3260,Private      ,5,67,72,5,67,72
03886300,REGENCY SCHOOL OF HAIR DESIGN           ,KY,41653-1278,Proprietary  ,9,23,32,9,23,32
04038300,ATA CAREER EDUCATION                    ,KY,40223-3832,Proprietary  ,82,444,526,82,444,526
04051316,ART INSTITUTE OF PHOENIX (THE) - ATS - (,KY,41017-2136,Proprietary  ,9,54,63,9,54,63
04051319,ART INSTITUTE OF PHOENIX (THE) - BROWN M,KY,40219-1916,Proprietary  ,77,248,325,77,248,325
04051320,ART INSTITUTE OF PHOENIX (THE) - BROWN M,KY,42240-3579,Proprietary  ,20,94,114,20,94,114
04123900,LEXINGTON HEALING ARTS ACADEMY          ,KY,40503-1932,Proprietary  ,16,64,80,16,64,80
04177600,LINDSEY INSTITUTE OF COSMETOLOGY        ,KY,42103-8036,Proprietary  ,23,44,67,23,44,67
04178000,SIMMONS COLLEGE OF KENTUCKY             ,KY,40203-3322,Private      ,12,52,64,12,52,64
00200300,CENTENARY COLLEGE OF LOUISIANA          ,LA,71104-3396,Private      ,623,128,751,623,128,751
00200400,DILLARD UNIVERSITY                      ,LA,70122-3097,Private      ,1554,475,2029,1554,475,2029
00200500,NICHOLLS STATE UNIVERSITY               ,LA,70310-0001,Public       ,2421,1092,3513,2421,1092,3513
00200600,GRAMBLING STATE UNIVERSITY              ,LA,71245-2215,Public       ,3518,1554,5072,3518,1554,5072
00200700,LOUISIANA COLLEGE                       ,LA,71359-0000,Private      ,475,231,706,475,231,706
00200800,LOUISIANA TECH UNIVERSITY               ,LA,71272-0001,Public       ,2870,1073,3943,2870,1073,3943
00201000,LOUISIANA STATE UNIV & A&M COLG         ,LA,70803-5710,Public       ,11247,3659,14906,11247,3659,14906
00201100,LOUISIANA STATE UNIV-ALEXANDRIA         ,LA,71302-9121,Public       ,621,772,1393,621,772,1393
00201200,LOUISIANA STATE UNIV-EUNICE             ,LA,70535-6726,Public       ,813,735,1548,813,735,1548
00201300,LOUISIANA STATE UNIV-SHREVEPORT         ,LA,71115-2399,Public       ,824,967,1791,824,967,1791
00201400,LA STATE UNIV HEALTH SCIENCES CTR       ,LA,70112-2223,Public       ,164,984,1148,164,984,1148
00201500,(THE) UNIVERSITY OF NEW ORLEANS         ,LA,70148-0001,Public       ,2614,2554,5168,2614,2554,5168
00201600,LOYOLA UNIVERSITY NEW ORLEANS           ,LA,70118-6195,Private      ,3208,1345,4553,3208,1345,4553
00201700,MCNEESE STATE UNIVERSITY                ,LA,70609-4510,Public       ,2319,1488,3807,2319,1488,3807
00201900,NEW ORLEANS BAPTIST THEOL SEMINARY      ,LA,70126-0000,Private      ,15,38,53,15,38,53
00202000,UNIVERSITY OF LOUISIANA AT MONROE       ,LA,71209-9001,Public       ,2236,1463,3699,2236,1463,3699
00202100,NORTHWESTERN STATE UNIVERSITY           ,LA,71497-0001,Public       ,2272,1814,4086,2272,1814,4086
00202200,NOTRE DAME SEMINARY                     ,LA,70118-0000,Private      ,4,6,10,4,6,10
00202300,OUR LADY OF HOLY CROSS COLLEGE          ,LA,70131-7399,Private      ,231,378,609,231,378,609
00202400,SOUTHEASTERN LOUISIANA UNIV             ,LA,70402-0001,Public       ,4102,2012,6114,4102,2012,6114
00202500,SOUTHERN UNIVERSITY A & M COLLEGE       ,LA,70813-9374,Public       ,3231,2635,5866,3231,2635,5866
00202600,SOUTHERN UNIV NEW ORLEANS               ,LA,70126-0002,Public       ,564,1090,1654,564,1090,1654
00202700,ST JOSEPH SEMINARY COLLEGE              ,LA,70457-9990,Private      ,7,2,9,7,2,9
00202900,TULANE UNIVERSITY                       ,LA,70118-5698,Private      ,10514,4493,15007,10514,4493,15007
00203100,UNIV OF LOUISIANA AT LAFAYETTE          ,LA,70504-0001,Public       ,5426,2101,7527,5426,2101,7527
00203200,XAVIER UNIVERSITY OF LOUISIANA          ,LA,70125-1098,Private      ,3315,816,4131,3315,816,4131
00462100,AYERS CAREER COLLEGE                    ,LA,71108-5845,Proprietary  ,6,88,94,6,88,94
00462500,DELGADO COMMUNITY COLLEGE               ,LA,70119-0000,Public       ,2191,5127,7318,2191,5127,7318
00546700,SOWELA TECHNICAL COMMUNITY COLLEGE      ,LA,70616-6950,Public       ,264,410,674,264,410,674
00548800,LOUISIANA TECH COLG-BATON ROUGE         ,LA,70807-0000,Public       ,139,409,548,139,409,548
00548802,LOUISIANA TECH COLG-ACADIAN CMPS        ,LA,70526-0000,Public       ,34,91,125,34,91,125
00548803,LOUISIANA TECH COLG-ALEXANDRIA CMPS     ,LA,71302-3137,Public       ,67,192,259,67,192,259
00548804,LOUISIANA TECHNICAL COLLEGE - ASCENSION ,LA,70778-3007,Public       ,17,29,46,17,29,46
00548805,LA TECH COLLEGE-AVOYELLES CAMPUS        ,LA,71327-0000,Public       ,13,28,41,13,28,41
00548806,LA TECHNICAL COLG-BASTROP CMPS          ,LA,71221-0000,Public       ,21,53,74,21,53,74
00548808,LA TECH COLG CHARLES B COREILCMPS       ,LA,70586-0000,Public       ,33,65,98,33,65,98
00548809,LA TECHNICAL COLG-DELTA-OUACHITA        ,LA,71292-9064,Public       ,64,192,256,64,192,256
00548810,EVANGELINE TECHNICAL INST               ,LA,70582-3104,Public       ,19,43,62,19,43,62
00548811,LA TECHN COLLEGE - FLORIDA PARISHES     ,LA,70441-0000,Public       ,26,92,118,26,92,118
00548812,LOUISIANA TECH COLG-FOLKES CAMPUS       ,LA,70748-0000,Public       ,3,17,20,3,17,20
00548813,LA TECHNICAL INST-GULF AREA CMPS        ,LA,70510-0878,Public       ,31,115,146,31,115,146
00548814,LOUISIANA TECH COLG-HAMMOND CMPS        ,LA,70404-0000,Public       ,82,139,221,82,139,221
00548815,LA TECH COLG-HUEY P. LONG CAMPUS        ,LA,71483-0000,Public       ,18,52,70,18,52,70
00548817,LOUISIANA TEC CLG-JUMONVILLE MEM CP     ,LA,70760-0000,Public       ,5,25,30,5,25,30
00548818,LA TECH COLLEGE-LAFAYETTE CAMPUS        ,LA,70506-0000,Public       ,237,460,697,237,460,697
00548819,LOUISIANA TECHNICAL COLLEGE-LAFOURC     ,LA,70301-4336,Public       ,38,95,133,38,95,133
00548820,LOUISIANA TEC CLG-LAMAR SALTER CMPS     ,LA,71446-0000,Public       ,22,68,90,22,68,90
00548822,LOUISIANA TECHNICAL CLG-MANSFIELD       ,LA,71052-1236,Public       ,14,57,71,14,57,71
00548823,LA. TECH COLG.-MORGAN SMITH CAMPUS      ,LA,70546-0000,Public       ,10,40,50,10,40,50
00548824,LOUISIANA TEC CLG-NATCHITOCHES CMPS     ,LA,71458-0000,Public       ,47,84,131,47,84,131
00548825,LOUISIANA TECH COLG-NORTH CTRL CMPS     ,LA,71241-0000,Public       ,3,28,31,3,28,31
00548826,LOUISIANA TECH CLG-NORTHEAST LA CMP     ,LA,71295-2999,Public       ,28,96,124,28,96,124
00548827,LOUISIANA TEC CLG-NW LOUISIANA CMPS     ,LA,71058-0000,Public       ,56,122,178,56,122,178
00548828,LA TECHNICAL COLG-OAKDALE CMPS          ,LA,71463-0000,Public       ,29,38,67,29,38,67
00548829,LTC-RIVER PARISHES CAMPUS               ,LA,70084-0000,Public       ,66,120,186,66,120,186
00548830,LOUISIANA TECHNICAL COLLEGE-RUSTON      ,LA,71273-0000,Public       ,145,141,286,145,141,286
00548831,LTC - SABINE VALLEY CAMPUS              ,LA,71449-3839,Public       ,7,43,50,7,43,50
00548832,LOUISIANA TECH COLG-SHELBY JACKSON      ,LA,71334-0000,Public       ,12,64,76,12,64,76
00548833,LA TECH COLG SHREVEPORT-BOSSIER         ,LA,71137-0000,Public       ,79,364,443,79,364,443
00548837,LOUISIANA TECH COLG-SULLIVAN CAMPUS     ,LA,70427-5866,Public       ,57,191,248,57,191,248
00548839,LA TECH COLG-TECHE AREA CAMPUS          ,LA,70562-0000,Public       ,66,132,198,66,132,198
00548840,LOUISIANA TECH COLG-T.H.HARRIS CMPS     ,LA,70570-6113,Public       ,81,151,232,81,151,232
00548842,LOUISIANA TECHNICAL COLLEGE - WESTSIDE C,LA,70765-0733,Public       ,9,21,30,9,21,30
00548843,LTC-YOUNG MEMORIAL CAMPUS               ,LA,70381-0000,Public       ,34,127,161,34,127,161
00576100,L. E. FLETCHER TECHNICAL COMMUNITY COLLE,LA,70360-2863,Public       ,278,489,767,278,489,767
00768600,SOUTHERN UNIV AT SHREVEPORT/BOSSIER     ,LA,71107-4795,Public       ,299,684,983,299,684,983
00777707,REMINGTON COLLEGE - CLEVELAND CAMPUS - L,LA,70508-5760,Proprietary  ,21,67,88,21,67,88
00777708,REMINGTON COLLEGE - CLEVELAND CAMPUS - B,LA,70816-4040,Proprietary  ,17,52,69,17,52,69
00806700,LSU HEALTH SCIENCES CENTR-SHREVEPOR     ,LA,71130-3932,Public       ,171,386,557,171,386,557
00989800,DEMMON SCHOOL OF BEAUTY                 ,LA,70607-2128,Proprietary  ,3,14,17,3,14,17
01005701,AMERICAN COMMERCIAL COLLEGE             ,LA,71105-2502,Proprietary  ,9,74,83,9,74,83
01109700,CLOYD'S BEAUTY SCHOOL #1                ,LA,71291-3131,Proprietary  ,7,11,18,7,11,18
01163100,"D-JAY'S SCHL OF BEAUTY, ARTS & SCI      ",LA,70806-0000,Proprietary  ,11,27,38,11,27,38
01184100,JOHN JAY BEAUTY COLLEGE                 ,LA,70124-2592,Proprietary  ,18,41,59,18,41,59
01282300,PAT GOINS RUSTON BEAUTY SCHOOL          ,LA,71270-4301,Proprietary  ,3,6,9,3,6,9
01287900,PAT GOINS BENTON ROAD BEAUTY SCHOOL     ,LA,71111-4838,Proprietary  ,3,9,12,3,9,12
01288000,PAT GOINS BEAUTY SCHOOL                 ,LA,71201-5167,Proprietary  ,8,13,21,8,13,21
02055400,BOSSIER PARISH COMMUNITY COLLEGE        ,LA,71111-0000,Public       ,702,1402,2104,702,1402,2104
02055500,DELTA SCH OF BUSINESS & TECHNOLOGY      ,LA,70601-0000,Proprietary  ,31,130,161,31,130,161
02117800,AVEDA INSTITUTE LAFAYETTE               ,LA,70503-3246,Proprietary  ,34,69,103,34,69,103
02166100,NUNEZ COMMUNITY COLLEGE                 ,LA,70043-0000,Public       ,125,332,457,125,332,457
02166200,ITI TECHNICAL COLLEGE                   ,LA,70817-0000,Proprietary  ,79,103,182,79,103,182
02197500,BATON ROUGE SCHOOL OF COMPUTERS         ,LA,70809-8188,Proprietary  ,9,20,29,9,20,29
02234000,CAMERON COLLEGE                         ,LA,70119-0000,Proprietary  ,17,45,62,17,45,62
02258400,AVEDA INSTITUTE BATON ROUGE             ,LA,70816-2246,Proprietary  ,35,68,103,35,68,103
02260200,DIESEL DRIVING ACADEMY                  ,LA,71109-5617,Proprietary  ,3,35,38,3,35,38
02265600,JOHN JAY KENNER ACADEMY                 ,LA,70062-0000,Proprietary  ,5,15,20,5,15,20
02269300,STEVENSON'S ACADEMY OF HAIR DESIGN      ,LA,70116-0000,Proprietary  ,13,34,47,13,34,47
02327800,PINEVILLE BEAUTY SCHOOL                 ,LA,71360-0000,Proprietary  ,9,28,37,9,28,37
02335700,BATON ROUGE GENERAL MEDICAL CENTER      ,LA,70806-3889,Private      ,24,62,86,24,62,86
02335701,BATON ROUGE GEN MED CTR SCH NSG         ,LA,70821-0000,Private      ,20,62,82,20,62,82
02335702,BATON ROUGE GEN MED CTR-RAD TECH        ,LA,70806-0000,Private      ,11,25,36,11,25,36
02338000,"CLOYD'S BEAUTY SCHOOL #2, INC           ",LA,71202-3539,Proprietary  ,6,15,21,6,15,21
02352500,"CLOYD'S BEAUTY SCHOOL #3, INC           ",LA,71201-3211,Proprietary  ,7,14,21,7,14,21
02358600,"STAGE ONE THE HAIR SCHOOL, INC.         ",LA,70605-0000,Proprietary  ,13,34,47,13,34,47
02518300,SOUTH LOUISIANA BEAUTY COLLEGE          ,LA,70363-0000,Proprietary  ,6,10,16,6,10,16
02536400,LOUISIANA ACADEMY OF BEAUTY             ,LA,70535-0000,Proprietary  ,3,19,22,3,19,22
02538300,DELTA COLLEGE OF ARTS & TECH INC        ,LA,70806-1529,Proprietary  ,35,159,194,35,159,194
02538301,DELTA COLLEGE OF ARTS & TECHNOLOGY - LAF,LA,70508-6831,Proprietary  ,25,75,100,25,75,100
02548500,COSMETOLOGY TRAINING CENTER             ,LA,70503-0000,Proprietary  ,19,23,42,19,23,42
02554800,VANGUARD COLLEGE OF COSMETOLOGY         ,LA,70458-8823,Proprietary  ,18,43,61,18,43,61
02582200,"GUY'S ACADEMY HAIR, SKIN & NAILS        ",LA,71105-2404,Proprietary  ,10,43,53,10,43,53
02600900,AVEDA INSTITUTE                         ,LA,70433-2922,Proprietary  ,145,325,470,145,325,470
02601000,AMERICAN SCHOOL OF BUSINESS             ,LA,71105-5646,Proprietary  ,6,39,45,6,39,45
02601100,OPELOUSAS SCHOOL OF COSMETOLOGY         ,LA,70570-6156,Proprietary  ,1,10,11,1,10,11
02606800,CAREER TRAINING SPECIALISTS             ,LA,71201-6046,Proprietary  ,76,214,290,76,214,290
02606801,CAREER TECHNICAL COLLEGE - SHREVEPORT   ,LA,71105-2405,Proprietary  ,42,132,174,42,132,174
02617100,BATON ROUGE COLLEGE                     ,LA,70816-0000,Proprietary  ,50,83,133,50,83,133
02619200,DENHAM SPRINGS BEAUTY COLLEGE           ,LA,70726-3829,Proprietary  ,11,33,44,11,33,44
03010400,CRESCENT CITY SCH GAMING & BARTENDG     ,LA,70119-5507,Proprietary  ,11,59,70,11,59,70
03010624,VIRGINIA COLLEGE - BATON ROUGE          ,LA,70815-8604,Proprietary  ,28,167,195,28,167,195
03023500,CAMELOT CAREER COLLEGE                  ,LA,70805-7539,Proprietary  ,33,44,77,33,44,77
03030900,DIESEL DRIVING ACADEMY                  ,LA,70815-8109,Proprietary  ,7,21,28,7,21,28
03095100,GRETNA CAREER COLLEGE                   ,LA,70053-2436,Proprietary  ,18,84,102,18,84,102
03106200,OUR LADY OF THE LAKE COLLEGE            ,LA,70808-4345,Private      ,372,776,1148,372,776,1148
03253300,JONESVILLE BEAUTY SCHOOL                ,LA,71343-0000,Proprietary  ,24,37,61,24,37,61
03294300,BLUE CLIFF SCH THERAPEUTIC MASSAGE      ,LA,70002-3458,Proprietary  ,41,264,305,41,264,305
03332600,DELTA COLLEGE                           ,LA,70433-9042,Proprietary  ,35,89,124,35,89,124
03332601,DELTA COLLEGE - SLIDELL                 ,LA,70460-2624,Proprietary  ,21,84,105,21,84,105
03356300,MEDICAL TRAINING COLLEGE                ,LA,70816-5820,Proprietary  ,28,84,112,28,84,112
03422500,BLUE CLIFF COLLEGE                      ,LA,71107-6520,Proprietary  ,50,345,395,50,345,395
03422600,BLUE CLIFF COLLEGE                      ,LA,70508-3858,Proprietary  ,73,291,364,73,291,364
03480300,MEDVANCE INSTITUTE                      ,LA,70809-1908,Proprietary  ,40,127,167,40,127,167
03498400,OMEGA INSTITUTE OF COSMETOLOGY          ,LA,70360-0000,Proprietary  ,3,11,14,3,11,14
03727500,MOORE CAREER COLLEGE                    ,LA,70808-4191,Proprietary  ,2,14,16,2,14,16
03730300,BATON ROUGE COMMUNITY COLLEGE           ,LA,78806-4129,Public       ,1501,2061,3562,1501,2061,3562
03752400,SCHOOL OF URBAN MISSIONS                ,LA,70053-0000,Private      ,32,39,71,32,39,71
03789300,UNITECH TRAINING ACADEMY                ,LA,70503-5132,Proprietary  ,19,28,47,19,28,47
03789301,UNITECH TRAINING ACADEMY - WEST MONROE  ,LA,71291-2913,Proprietary  ,14,32,46,14,32,46
03789302,UNITECH TRAINING ACADEMY - HOUMA        ,LA,70363-5556,Proprietary  ,4,23,27,4,23,27
03789303,UNITECH TRAINING ACADEMY -  ALEXANDRIA  ,LA,71303-3625,Proprietary  ,3,36,39,3,36,39
03789304,UNITECH TRAINING ACADEMY - LAKE CHARLES ,LA,70601-7887,Proprietary  ,6,31,37,6,31,37
03789400,RIVER PARISHES COMMUNITY COLLEGE        ,LA,70778-0310,Public       ,182,274,456,182,274,456
03810500,COURT REPORTING INSTITUTE OF LOUISI     ,LA,70816-0000,Proprietary  ,3,23,26,3,23,26
03956300,SOUTH LOUISIANA COMMUNITY COLLEGE       ,LA,70506-0000,Public       ,544,640,1184,544,640,1184
04040300,COMPASS CAREER COLLEGE                  ,LA,70403-0653,Proprietary  ,21,68,89,21,68,89
04112300,LOUISIANA CULINARY INSTITUTE            ,LA,70816-4109,Proprietary  ,84,102,186,84,102,186
04120700,ALDEN'S SCHOOL OF COSMETOLOGY           ,LA,70714-1502,Proprietary  ,5,20,25,5,20,25
04130100,LOUISIANA DELTA COMMUNITY COLLEGE       ,LA,71203-3618,Public       ,526,954,1480,526,954,1480
04130101,LOUISIANA TECHNICAL COLG - TALLULAH     ,LA,71284-0000,Public       ,8,44,52,8,44,52
04149500,A & W HEALTHCARE EDUCATORS              ,LA,70122-3146,Proprietary  ,14,61,75,14,61,75
04151600,MY-LE'S BEAUTY COLLEGE                  ,LA,70056-3150,Proprietary  ,0,9,9,0,9,9
00143600,CAPITOL COLLEGE                         ,MD,20708-9759,Private      ,359,225,584,359,225,584
00146200,WASHINGTON BIBLE COLLEGE                ,MD,20706-3599,Private      ,46,163,209,46,163,209
00205700,ALLEGANY COLLEGE OF MARYLAND            ,MD,21502-2596,Public       ,1649,1065,2714,1649,1065,2714
00205800,ANNE ARUNDEL COMMUNITY COLLEGE          ,MD,21012-1895,Public       ,2865,4416,7281,2865,4416,7281
00206100,BALTIMORE CITY COMMUNITY COLLEGE        ,MD,21215-7893,Public       ,2098,5008,7106,2098,5008,7106
00206200,BOWIE STATE UNIVERSITY                  ,MD,20715-9465,Public       ,5797,3472,9269,5797,3472,9269
00206300,COMMUNITY COLLEGE OF BALTIMORE COUNTY   ,MD,21228-5381,Public       ,5466,8424,13890,5466,8424,13890
00206400,COLLEGE OF SOUTHERN MARYLAND            ,MD,20646-0910,Public       ,2039,2433,4472,2039,2433,4472
00206500,CLG NOTRE DAME OF MARYLAND              ,MD,21210-2476,Private      ,762,1194,1956,762,1194,1956
00206700,WASHINGTON ADVENTIST UNIVERSITY         ,MD,20912-7796,Private      ,522,689,1211,522,689,1211
00206800,COPPIN STATE UNIVERSITY                 ,MD,21216-3698,Public       ,2953,3048,6001,2953,3048,6001
00207100,FREDERICK COMMUNITY COLLEGE             ,MD,21702-9745,Public       ,1244,1391,2635,1244,1391,2635
00207200,FROSTBURG STATE UNIVERSITY              ,MD,21532-1099,Public       ,5811,1178,6989,5811,1178,6989
00207300,GOUCHER COLLEGE                         ,MD,21204-2794,Private      ,2942,516,3458,2942,516,3458
00207400,HAGERSTOWN COMMUNITY COLLEGE            ,MD,21742-6590,Public       ,1167,1666,2833,1167,1666,2833
00207500,HARFORD COMMUNITY COLLEGE               ,MD,21015-1696,Public       ,1274,1337,2611,1274,1337,2611
00207600,HOOD COLLEGE                            ,MD,21701-8575,Private      ,1982,537,2519,1982,537,2519
00207700,JOHNS HOPKINS UNIVERSITY                ,MD,21218-2693,Private      ,8556,1903,10459,8556,1903,10459
00207702,JOHNS HOPKINS UNIV SCH ARTS/SCI/ENG     ,MD,21218-0000,Private      ,2926,1045,3971,2926,1045,3971
00207703,JOHNS HOPKINS UNIV SCH OF BUS/ED        ,MD,21046-0000,Private      ,46,880,926,46,880,926
00207705,JOHNS HOPKINS BLOOMBERG SCH OF PH       ,MD,21205-0000,Private      ,18,1071,1089,18,1071,1089
00207706,JOHNS HOPKINS UNIV SCH OF MEDICINE      ,MD,21205-0000,Private      ,133,842,975,133,842,975
00207707,JOHNS HOPKINS UNIV SCH OF NURSING       ,MD,21205-0000,Private      ,222,750,972,222,750,972
00207708,JOHNS HOPKINS UNIV PEABODY CONSERV      ,MD,21202-2397,Private      ,533,388,921,533,388,921
00207800,LOYOLA UNIVERSITY MARYLAND              ,MD,21210-2699,Private      ,8228,1530,9758,8228,1530,9758
00208000,MARYLAND INST COLLEGE OF ART            ,MD,21217-4191,Private      ,2640,800,3440,2640,800,3440
00208300,MORGAN STATE UNIVERSITY                 ,MD,21251-0002,Public       ,8885,4289,13174,8885,4289,13174
00208600,MOUNT SAINT MARY'S UNIVERSITY           ,MD,21727-7799,Private      ,3097,304,3401,3097,304,3401
00208700,NER ISRAEL RABBINICAL COLLEGE           ,MD,21208-1198,Private      ,72,25,97,72,25,97
00208900,PRINCE GEORGES COMMUNITY COLLEGE        ,MD,20774-2199,Public       ,3705,5677,9382,3705,5677,9382
00209100,SALISBURY UNIVERSITY                    ,MD,21801-6862,Public       ,9683,1606,11289,9683,1606,11289
00209200,ST JOHN'S COLLEGE                       ,MD,21404-0000,Private      ,601,127,728,601,127,728
00209500,ST. MARY'S COLLEGE OF MARYLAND          ,MD,20686-3001,Public       ,2540,213,2753,2540,213,2753
00209600,ST MARY'S SEMINARY & UNIV               ,MD,21210-1994,Private      ,22,29,51,22,29,51
00209900,TOWSON UNIVERSITY                       ,MD,21252-0002,Public       ,20655,6145,26800,20655,6145,26800
00210200,UNIVERSITY OF BALTIMORE                 ,MD,21201-5779,Public       ,1312,4603,5915,1312,4603,5915
00210300,"UNIVERSITY OF MARYLAND, COLLEGE PARK    ",MD,20742-5145,Public       ,27779,9387,37166,27779,9387,37166
00210400,"UNIVERSITY OF MARYLAND, BALTIMORE       ",MD,21201-1691,Public       ,3163,8025,11188,3163,8025,11188
00210500,UMBC                                    ,MD,21250-0002,Public       ,8600,3471,12071,8600,3471,12071
00210600,UNIVERSITY MARYLAND EASTERN SHORE       ,MD,21853-4053,Public       ,4378,1600,5978,4378,1600,5978
00210700,STEVENSON UNIVERSITY                    ,MD,21153-0641,Private      ,5605,1344,6949,5605,1344,6949
00210800,WASHINGTON COLLEGE                      ,MD,21620-1197,Private      ,2615,96,2711,2615,96,2711
00210900,MCDANIEL COLLEGE                        ,MD,21157-4390,Private      ,2668,423,3091,2668,423,3091
00458612,KAPLAN COLLEGE                          ,MD,21742-2797,Proprietary  ,92,387,479,92,387,479
00458614,KAPLAN COLLEGE - FREDERICK              ,MD,21704-8307,Proprietary  ,11,63,74,11,63,74
00465000,CHESAPEAKE COLLEGE                      ,MD,21679-0008,Public       ,838,805,1643,838,805,1643
00691100,MONTGOMERY COLLEGE                      ,MD,20850-1195,Public       ,6618,5920,12538,6618,5920,12538
00734100,INTERNATIONAL BEAUTY SCHOOL             ,MD,21502-2370,Proprietary  ,8,22,30,8,22,30
00744700,DEL-MAR-VA BEAUTY ACADEMY               ,MD,21804-0000,Proprietary  ,14,31,45,14,31,45
00749100,TESST COLLEGE OF TECHNOLOGY             ,MD,21227-1063,Proprietary  ,149,525,674,149,525,674
00793600,LINCOLN TECHNICAL INSTITUTE             ,MD,21046-1544,Proprietary  ,188,223,411,188,223,411
00817500,HOWARD COMMUNITY COLLEGE                ,MD,21044-3197,Public       ,2046,2185,4231,2046,2185,4231
00826300,AWARD BEAUTY SCHOOL                     ,MD,21740-5624,Proprietary  ,14,20,34,14,20,34
00830800,CECIL COLLEGE                           ,MD,21901-1999,Public       ,586,615,1201,586,615,1201
00907906,EVEREST COLLEGE- EVEREST INSTITUTE      ,MD,20910-3737,Proprietary  ,65,160,225,65,160,225
01001400,GARRETT COMMUNITY COLLEGE               ,MD,21541-1265,Public       ,674,253,927,674,253,927
01031900,MEDIX SCHOOL                            ,MD,21204-2538,Proprietary  ,160,563,723,160,563,723
01041000,TESST COLLEGE OF TECHNOLOGY             ,MD,21286-2201,Proprietary  ,56,211,267,56,211,267
01164400,UNIV OF MARYLAND UNIVERSITY COLLEGE     ,MD,20783-8078,Public       ,1670,14745,16415,1670,14745,16415
01164402,U OF MD UNIVERSITY COLLEGE - EUROPE     ,MD,20832-0000,Public       ,340,440,780,340,440,780
01164404,U OF MD UNIVERSITY COLLEGE - ASIA       ,MD,31207-0000,Public       ,32,268,300,32,268,300
02073900,WOR-WIC COMMUNITY COLLEGE               ,MD,21804-0000,Public       ,941,1484,2425,941,1484,2425
02083600,TESST COLLEGE OF TECHNOLOGY             ,MD,20705-2698,Proprietary  ,113,357,470,113,357,470
02116005,SANFORD-BROWN INSTITUTE - LANDOVER      ,MD,20785-2287,Proprietary  ,67,374,441,67,374,441
02127900,SOJOURNER DOUGLASS COLLEGE              ,MD,21205-0000,Private      ,136,1666,1802,136,1666,1802
02155100,MARYLAND COLLEGE OF ART AND DESIGN      ,MD,20902-0000,Private      ,110,71,181,110,71,181
02269700,INTERNATIONAL BEAUTY SCHOOL             ,MD,21014-0000,Proprietary  ,6,13,19,6,13,19
02314800,BALTIMORE INTERNATIONAL COLLEGE         ,MD,21202-0000,Private      ,409,383,792,409,383,792
02331000,MARYLAND BEAUTY ACADEMY OF ESSEX        ,MD,21221-0000,Proprietary  ,20,47,67,20,47,67
02333000,HAIR ACADEMY                            ,MD,20784-0000,Proprietary  ,52,112,164,52,112,164
02343800,MONTGOMERY BEAUTY SCHOOL                ,MD,20901-0000,Proprietary  ,23,44,67,23,44,67
02494700,BALTIMORE STUDIO OF HAIR DESIGN         ,MD,21201-0000,Proprietary  ,46,70,116,46,70,116
02495000,ROBERT PAUL ACAD COSMTGY ARTS & SCI     ,MD,21093-0000,Proprietary  ,21,30,51,21,30,51
02495100,MARYLAND BEAUTY ACADEMY                 ,MD,21136-0000,Proprietary  ,17,24,41,17,24,41
02545400,NORTH AMERICAN TRADE SCHOOLS            ,MD,21244-0069,Proprietary  ,50,151,201,50,151,201
02573800,"L' ACADEMIE DE CUISINE, INC.            ",MD,20877-0000,Proprietary  ,34,80,114,34,80,114
02578400,TAI SOPHIA INSTITUTE                    ,MD,20723-6010,Private      ,2,102,104,2,102,104
03027200,BLADES SCHOOL OF HAIR DESIGN            ,MD,20619-0226,Proprietary  ,7,28,35,7,28,35
03064900,AARON'S ACADEMY OF BEAUTY               ,MD,20602-2715,Proprietary  ,16,23,39,16,23,39
03097200,AESTHETICS INSTITUTE OF COSMETOLOGY     ,MD,20877-1305,Proprietary  ,10,13,23,10,13,23
03100700,CARROLL COMMUNITY COLLEGE               ,MD,21157-6913,Public       ,732,706,1438,732,706,1438
03148300,AMERICAN BEAUTY ACADEMY                 ,MD,20902-1911,Proprietary  ,32,65,97,32,65,97
03296300,BALTIMORE SCHOOL OF MASSAGE             ,MD,21090-2261,Proprietary  ,53,135,188,53,135,188
03327300,NEW CREATIONS ACADEMY OF HAIR DSN       ,MD,20746-2960,Proprietary  ,9,21,30,9,21,30
03455500,NATIONAL LABOR COLLEGE                  ,MD,20903-1790,Private      ,4,61,65,4,61,65
03493300,ALL-STATE CAREER SCHOOL                 ,MD,21224-6658,Proprietary  ,104,425,529,104,425,529
03771300,AMERICAN CAREER INSTITUTE               ,MD,20902-4637,Proprietary  ,56,302,358,56,302,358
03822400,MAPLE SPRINGS BAPTIST BIBLE COLLEGE & SE,MD,20743-5711,Private      ,2,29,31,2,29,31
03937300,YESHIVA COLLEGE OF THE NATION'S CAPITAL ,MD,20902-1700,Private      ,7,3,10,7,3,10
03965500,HAIR EXPRESSIONS ACADEMY                ,MD,20852-1729,Proprietary  ,14,17,31,14,17,31
04121600,FILA ACADEMY (THE)                      ,MD,21061-1634,Proprietary  ,9,43,52,9,43,52
04139700,FREDERICK SCHOOL OF COSMETOLOGY         ,MD,21701-0000,Proprietary  ,12,16,28,12,16,28
04141600,OMEGA STUDIOS' SCHOOL OF APPLIED RECORDI,MD,20852-1731,Proprietary  ,15,40,55,15,40,55
04151800,TEMPLE (THE): A PAUL MITCHELL PARTNER SC,MD,21701-5409,Proprietary  ,3,1,4,3,1,4
04168900,HOLISTIC MASSAGE TRAINING INSTITUTE     ,MD,21218-2407,Proprietary  ,1,1,2,1,1,2
00211400,AMERICAN INTERNATIONAL COLLEGE          ,MA,01109-3189,Private      ,1404,928,2332,1404,928,2332
00211500,AMHERST COLLEGE                         ,MA,01002-5000,Private      ,4491,255,4746,4491,255,4746
00211600,ANDOVER NEWTON THEOLOGICAL SCHOOL       ,MA,02459-0000,Private      ,1,95,96,1,95,96
00211700,ANNA MARIA COLLEGE                      ,MA,01612-1198,Private      ,1470,298,1768,1470,298,1768
00211800,ASSUMPTION COLLEGE                      ,MA,01615-1294,Private      ,4093,434,4527,4093,434,4527
00211900,ATLANTIC UNION COLLEGE                  ,MA,01561-1000,Private      ,138,106,244,138,106,244
00212000,MERRIMACK COLLEGE                       ,MA,01845-5800,Private      ,3422,195,3617,3422,195,3617
00212100,BABSON COLLEGE                          ,MA,02457-0310,Private      ,2133,408,2541,2133,408,2541
00212200,BAY PATH COLLEGE                        ,MA,01106-2212,Private      ,819,867,1686,819,867,1686
00212300,BECKER COLLEGE-WORCESTER                ,MA,01615-0071,Private      ,2024,553,2577,2024,553,2577
00212400,BENTLEY UNIVERSITY                      ,MA,02452-4705,Private      ,4819,476,5295,4819,476,5295
00212600,BERKLEE COLLEGE OF MUSIC                ,MA,02215-3693,Private      ,3672,862,4534,3672,862,4534
00212800,BOSTON COLLEGE                          ,MA,02467-3800,Private      ,18934,5548,24482,18934,5548,24482
00212900,BOSTON CONSERVATORY OF MUSIC            ,MA,02215-9830,Private      ,952,290,1242,952,290,1242
00213000,BOSTON UNIVERSITY                       ,MA,02215-1789,Private      ,29620,12713,42333,29620,12713,42333
00213300,BRANDEIS UNIVERSITY                     ,MA,02453-2700,Private      ,4591,1079,5670,4591,1079,5670
00213900,CLARK UNIVERSITY                        ,MA,01610-1473,Private      ,3072,486,3558,3072,486,3558
00214000,ELMS COLLEGE                            ,MA,01013-2839,Private      ,875,371,1246,875,371,1246
00214100,COLLEGE OF THE HOLY CROSS               ,MA,01610-2395,Private      ,5239,110,5349,5239,110,5349
00214300,CURRY COLLEGE                           ,MA,02186-2395,Private      ,4002,619,4621,4002,619,4621
00214400,DEAN COLLEGE                            ,MA,02038-1994,Private      ,1490,156,1646,1490,156,1646
00214500,EASTERN NAZARENE COLLEGE                ,MA,02170-2999,Private      ,594,187,781,594,187,781
00214507,EASTERN NAZARENE CLG - LEAD PROGRAM     ,MA,02170-0000,Private      ,34,47,81,34,47,81
00214600,EMERSON COLLEGE                         ,MA,02116-4624,Private      ,6427,1390,7817,6427,1390,7817
00214700,EMMANUEL COLLEGE                        ,MA,02115-5798,Private      ,4700,336,5036,4700,336,5036
00214800,ENDICOTT COLLEGE                        ,MA,01915-2098,Private      ,3922,245,4167,3922,245,4167
00214900,EPISCOPAL DIVINITY SCHOOL               ,MA,02138-0000,Private      ,0,34,34,0,34,34
00215000,FISHER COLLEGE                          ,MA,02116-1500,Private      ,979,472,1451,979,472,1451
00215100,BENJAMIN FRANKLIN INSTITUTE OF TECH     ,MA,02116-6296,Public       ,385,136,521,385,136,521
00215300,GORDON COLLEGE                          ,MA,01984-1899,Private      ,1854,87,1941,1854,87,1941
00215400,HELLENIC COLLEGE                        ,MA,02445-7496,Private      ,48,66,114,48,66,114
00215500,HARVARD UNIVERSITY                      ,MA,02138-3800,Private      ,8877,1172,10049,8877,1172,10049
00215501,AMRCN REPERTORY THTR INST ADV THTR      ,MA,02138-0000,Private      ,1,109,110,1,109,110
00215502,HARVARD BUSINESS SCHOOL                 ,MA,02163-0000,Private      ,195,1000,1195,195,1000,1195
00215503,HARVARD EXTENSION SCHOOL                ,MA,02138-0000,Private      ,66,486,552,66,486,552
00215504,HARVARD SCH OF DENTAL MEDICINE          ,MA,02115-0000,Private      ,19,131,150,19,131,150
00215505,HARVARD UNIV GRAD SCH DESIGN            ,MA,02138-0000,Private      ,12,896,908,12,896,908
00215506,HARVARD DIVINITY SCHOOL                 ,MA,02138-0000,Private      ,12,379,391,12,379,391
00215507,HARVARD UNIV GRAD SCH ED                ,MA,02138-0000,Private      ,6,1282,1288,6,1282,1288
00215508,HARVARD UNIV GRAD S OF ARTS & SCIEN     ,MA,02138-0000,Private      ,76,715,791,76,715,791
00215509,HARVARD KENNEDY SCHOOL                  ,MA,02138-0000,Private      ,5,1234,1239,5,1234,1239
00215510,HARVARD LAW SCHOOL                      ,MA,02138-0000,Private      ,90,2393,2483,90,2393,2483
00215511,HARVARD UNIV MEDICAL SCHOOL             ,MA,02115-0000,Private      ,123,578,701,123,578,701
00215512,HARVARD UNIV SCH PUBLIC HEALTH          ,MA,02115-0000,Private      ,39,711,750,39,711,750
00215513,HARVARD UNIVERSITY-HARVARD COLLEGE      ,MA,02138-0000,Private      ,13549,578,14127,13549,578,14127
00215700,HEBREW COLLEGE                          ,MA,02459-2237,Private      ,0,74,74,0,74,74
00215800,LASELL COLLEGE                          ,MA,02466-2716,Private      ,2463,189,2652,2463,189,2652
00216000,LESLEY UNIVERSITY                       ,MA,02138-2790,Private      ,2381,1718,4099,2381,1718,4099
00216100,UMASS LOWELL                            ,MA,01854-3089,Public       ,9747,2923,12670,9747,2923,12670
00216400,NEW ENGLAND COLLEGE OF OPTOMETRY        ,MA,02115-1129,Private      ,8,323,331,8,323,331
00216500,MASS. COLLEGE OF PHARMACY  & HEALTH SCIE,MA,02115-5804,Private      ,4640,2645,7285,4640,2645,7285
00216700,BERKSHIRE COMMUNITY COLLEGE             ,MA,01201-5786,Public       ,354,456,810,354,456,810
00216800,CAPE COD COMMUNITY COLLEGE              ,MA,02668-1599,Public       ,816,901,1717,816,901,1717
00216900,GREENFIELD COMMUNITY COLLEGE            ,MA,01301-9739,Public       ,394,556,950,394,556,950
00217000,HOLYOKE COMMUNITY COLLEGE               ,MA,01040-1099,Public       ,1677,1775,3452,1677,1775,3452
00217100,MASSACHUSETTS BAY COMMUNITY COLLEGE     ,MA,02181-0000,Public       ,1031,838,1869,1031,838,1869
00217200,MOUNT WACHUSETT COMMUNITY COLLEGE       ,MA,01440-1000,Public       ,888,1221,2109,888,1221,2109
00217300,NORTH SHORE COMMUNITY COLLEGE           ,MA,01923-4093,Public       ,1222,1442,2664,1222,1442,2664
00217400,NORTHERN ESSEX COMMUNITY COLLEGE        ,MA,01830-2399,Public       ,1042,1298,2340,1042,1298,2340
00217500,QUINSIGAMOND COMMUNITY COLLEGE          ,MA,01606-2092,Public       ,1985,2471,4456,1985,2471,4456
00217600,BRISTOL COMMUNITY COLLEGE               ,MA,02720-7399,Public       ,1861,1892,3753,1861,1892,3753
00217700,MASSASOIT COMMUNITY COLLEGE             ,MA,02302-3996,Public       ,1572,1650,3222,1572,1650,3222
00217800,MASSACHUSETTS INST OF TECHNOLOGY        ,MA,02139-4307,Private      ,9926,2110,12036,9926,2110,12036
00218000,MASSACHUSETTS COLLEGE OF ART AND DESIGN ,MA,02115-5803,Public       ,2121,674,2795,2121,674,2795
00218100,MASSACHUSETTS MARITIME ACADEMY          ,MA,02532-3400,Public       ,960,62,1022,960,62,1022
00218300,BRIDGEWATER STATE COLLEGE               ,MA,02325-0001,Public       ,9834,2122,11956,9834,2122,11956
00218400,FITCHBURG STATE COLLEGE                 ,MA,01420-2697,Public       ,4862,975,5837,4862,975,5837
00218500,FRAMINGHAM STATE COLLEGE                ,MA,01702-2471,Public       ,5232,851,6083,5232,851,6083
00218700,MASSACHUSETTS CLG OF LIBERAL ARTS       ,MA,01247-4100,Public       ,1833,336,2169,1833,336,2169
00218800,SALEM STATE UNIVERSITY                  ,MA,01970-5353,Public       ,6426,2173,8599,6426,2173,8599
00218900,WESTFIELD STATE COLLEGE                 ,MA,01086-1630,Public       ,6910,1120,8030,6910,1120,8030
00219000,WORCESTER STATE COLLEGE                 ,MA,01602-2597,Public       ,5160,1452,6612,5160,1452,6612
00219200,MOUNT HOLYOKE COLLEGE                   ,MA,01075-1492,Private      ,2089,236,2325,2089,236,2325
00219300,MOUNT IDA COLLEGE                       ,MA,02459-3323,Private      ,1626,243,1869,1626,243,1869
00219400,NEW ENGLAND CONSERVATORY OF MUSIC       ,MA,02115-5018,Private      ,710,550,1260,710,550,1260
00219700,NICHOLS COLLEGE                         ,MA,01571-6346,Private      ,1606,239,1845,1606,239,1845
00219900,NORTHEASTERN UNIVERSITY                 ,MA,02115-5000,Private      ,32088,7885,39973,32088,7885,39973
00220100,PINE MANOR COLLEGE                      ,MA,02167-0000,Private      ,292,84,376,292,84,376
00220200,BLESSED JOHN XXIII NATIONAL SEMINARY    ,MA,02493-0000,Private      ,0,1,1,0,1,1
00220500,QUINCY COLLEGE                          ,MA,02169-4501,Public       ,681,1296,1977,681,1296,1977
00220600,REGIS COLLEGE                           ,MA,02193-0000,Private      ,1656,464,2120,1656,464,2120
00220800,SIMMONS COLLEGE                         ,MA,02115-5898,Private      ,2988,2817,5805,2988,2817,5805
00220900,SMITH COLLEGE                           ,MA,01063-2936,Private      ,3133,427,3560,3133,427,3560
00220901,"SMITH COLLEGE, SCH FOR SOCIAL WORK      ",MA,01063-0000,Private      ,3,433,436,3,433,436
00221000,UNIV OF MASSACHUSETTS-DARTMOUTH         ,MA,02747-2300,Public       ,10251,2229,12480,10251,2229,12480
00221100,SPRINGFIELD COLLEGE                     ,MA,01109-3797,Private      ,3440,1869,5309,3440,1869,5309
00221400,ST JOHN'S SEMINARY                      ,MA,02135-8839,Private      ,2,7,9,2,7,9
00221700,STONEHILL COLLEGE                       ,MA,02357-6110,Private      ,6211,123,6334,6211,123,6334
00221800,SUFFOLK UNIVERSITY                      ,MA,02108-2770,Private      ,8695,3746,12441,8695,3746,12441
00221900,TUFTS UNIVERSITY                        ,MA,02155-5808,Private      ,9602,2094,11696,9602,2094,11696
00221901,TUFTS UNIV SCH OF DENTAL MEDICINE       ,MA,02111-0000,Private      ,13,556,569,13,556,569
00221902,TUFTS UNIVERSITY - CUMMINGS SCHOOL OF VE,MA,01536-0000,Private      ,23,355,378,23,355,378
00221904,TUFTS UNIV SCHOOL OF MEDICINE           ,MA,02111-0000,Private      ,44,1406,1450,44,1406,1450
00222100,UNIV OF MASSACHUSETTS-AMHERST           ,MA,01003-0000,Public       ,33293,5347,38640,33293,5347,38640
00222200,UNIV OF MASSACHUSETTS-BOSTON            ,MA,02125-3393,Public       ,8565,5487,14052,8565,5487,14052
00222400,WELLESLEY COLLEGE                       ,MA,02481-8203,Private      ,2967,150,3117,2967,150,3117
00222500,WENTWORTH INSTITUTE OF TECHNOLOGY       ,MA,02115-5998,Private      ,4013,460,4473,4013,460,4473
00222600,WESTERN NEW ENGLAND COLLEGE             ,MA,01119-2654,Private      ,5154,1131,6285,5154,1131,6285
00222700,WHEATON COLLEGE                         ,MA,02766-2322,Private      ,2298,75,2373,2298,75,2373
00222800,WHEELOCK COLLEGE                        ,MA,02215-4176,Private      ,1409,450,1859,1409,450,1859
00222900,WILLIAMS COLLEGE                        ,MA,01267-2600,Private      ,3516,134,3650,3516,134,3650
00223300,WORCESTER POLYTECHNIC INSTITUTE         ,MA,01609-2280,Private      ,5748,358,6106,5748,358,6106
00396500,BAY STATE COLLEGE                       ,MA,02116-2901,Proprietary  ,1021,521,1542,1021,521,1542
00396600,BOSTON ARCHITECTURAL COLLEGE            ,MA,02115-2795,Private      ,248,359,607,248,359,607
00466100,HAMPSHIRE COLLEGE                       ,MA,01002-3359,Private      ,1971,131,2102,1971,131,2102
00466600,SALTER COLLEGE                          ,MA,01583-1700,Proprietary  ,86,538,624,86,538,624
00466700,SCHOOL OF MUSEUM OF FINE ARTS           ,MA,02115-5534,Private      ,613,239,852,613,239,852
00466900,UPPER CAPE COD REGIONAL VOC TECH        ,MA,02532-3310,Public       ,9,64,73,9,64,73
00527900,GREATER LOWELL REGNL VOC TECH SCH       ,MA,01879-0000,Public       ,6,45,51,6,45,51
00551900,DIMAN REGIONAL VOC TECH INST            ,MA,02723-3519,Public       ,20,45,65,20,45,65
00552300,BLUE HILLS REGIONAL VOC TECH            ,MA,02021-1398,Public       ,8,56,64,8,56,64
00555700,MCCANN TECHNICAL SCHOOL                 ,MA,01247-0000,Public       ,4,14,18,4,14,18
00613600,NATIONAL AVIATION ACADEMY - NEW ENGLAND ,MA,01730-2620,Proprietary  ,53,96,149,53,96,149
00632200,BROCKTON HOSPITAL SCH OF NURSING        ,MA,02302-0000,Private      ,96,346,442,96,346,442
00632400,LABOURE COLLEGE                         ,MA,02124-5698,Private      ,111,299,410,111,299,410
00633100,LAWRENCE MEM HOSPITAL SCH OF NRSNG      ,MA,02155-1643,Private      ,43,178,221,43,178,221
00635200,BAYSTATE MEDICAL CENTER                 ,MA,01199-0001,Private      ,8,31,39,8,31,39
00687300,MARIAN COURT COLLEGE                    ,MA,01907-2896,Private      ,85,31,116,85,31,116
00748100,GIBBS COLLEGE                           ,MA,02116-2904,Proprietary  ,39,178,217,39,178,217
00748400,NEWBURY COLLEGE                         ,MA,02445-5796,Private      ,2148,279,2427,2148,279,2427
00748600,THE NEW ENGLAND INSTITUTE OF ART        ,MA,02445-7295,Proprietary  ,1092,375,1467,1092,375,1467
00748800,KAPLAN CAREER INSTITUTE                 ,MA,02129-1644,Proprietary  ,14,94,108,14,94,108
00748801,KAPLAN CAREER INSTITUTE -               ,MA,02215-2606,Proprietary  ,25,99,124,25,99,124
00807800,SPRINGFIELD TECHNICAL COMMUNITY CLG     ,MA,01105-0000,Public       ,1364,2042,3406,1364,2042,3406
00809002,EVEREST COLLEGE - EVEREST INSTITUTE     ,MA,02150-2333,Proprietary  ,24,81,105,24,81,105
00891600,NEW ENGLAND SCHOOL OF LAW               ,MA,02116-0000,Private      ,12,1596,1608,12,1596,1608
00964500,BARD COLLEGE AT SIMON'S ROCK            ,MA,01230-9702,Private      ,306,23,329,306,23,329
00974700,GORDON-CONWELL THEOLOGICAL SEMINARY     ,MA,01982-0000,Private      ,3,214,217,3,214,217
00975600,UNIVERSITY OF MASS MEDICAL CENTER       ,MA,01655-0000,Public       ,31,454,485,31,454,485
00987700,HENRI'S SCHOOL OF HAIR DESIGN           ,MA,01420-5675,Proprietary  ,9,11,20,9,11,20
00993600,MIDDLESEX COMMUNITY COLLEGE             ,MA,01730-1197,Public       ,699,460,1159,699,460,1159
00993602,"MIDDLESEX COMMUNITY COLLEGE, LOWELL     ",MA,01852-0000,Public       ,1061,812,1873,1061,812,1873
01121000,BUNKER HILL COMMUNITY COLLEGE           ,MA,02129-2991,Public       ,2569,3475,6044,2569,3475,6044
01151000,EVEREST INSTITUTE                       ,MA,02135-7638,Proprietary  ,21,81,102,21,81,102
01193000,ROXBURY COMMUNITY COLLEGE               ,MA,02120-3400,Public       ,500,1002,1502,500,1002,1502
01204200,MANSFIELD BEAUTY SCHOOLS                ,MA,02169-5061,Proprietary  ,4,18,22,4,18,22
01206800,MANSFIELD BEAUTY SCHOOL                 ,MA,01103-1410,Proprietary  ,1,5,6,1,5,6
01218700,BLACKSTONE VALLEY VOCATIONAL REGIONAL SC,MA,01568-1499,Public       ,2,16,18,2,16,18
01238600,SOUTHEASTERN TECHNICAL INSTITUTE        ,MA,02375-1780,Public       ,11,55,66,11,55,66
01288100,MONTACHUSETT REG VOC TECH SCH           ,MA,01420-4649,Public       ,5,32,37,5,32,37
01292100,EMPIRE BEAUTY SCHOOL                    ,MA,02215-0000,Proprietary  ,46,105,151,46,105,151
01294800,ROB ROY ACADEMY                         ,MA,02721-5330,Proprietary  ,5,16,21,5,16,21
02063000,MONTSERRAT COLLEGE OF ART               ,MA,01915-0000,Private      ,542,43,585,542,43,585
02076700,EMPIRE BEAUTY SCHOOL                    ,MA,02148-0000,Proprietary  ,8,31,39,8,31,39
02079400,EMPIRE BEAUTY SCHOOL                    ,MA,01702-5232,Proprietary  ,20,36,56,20,36,56
02092100,MASSACHUSETTS SCHOOL OF BARBERING       ,MA,02169-5058,Proprietary  ,5,10,15,5,10,15
02092200,EMPIRE BEAUTY SCHOOL                    ,MA,01852-0000,Proprietary  ,13,31,44,13,31,44
02122000,NEW ENGLAND HAIR ACADEMY                ,MA,02148-0000,Proprietary  ,10,15,25,10,15,25
02137000,ROB ROY ACADEMY                         ,MA,02780-0000,Proprietary  ,5,6,11,5,6,11
02137200,MASS GEN HOSP DIETETIC INTERNSHIP       ,MA,02114-0000,Private      ,1,13,14,1,13,14
02143000,LONGY SCHOOL OF MUSIC                   ,MA,02138-3599,Private      ,37,106,143,37,106,143
02163500,NEW ENGLAND SCHOOL OF PHOTOGRAPHY       ,MA,02215-0000,Proprietary  ,66,53,119,66,53,119
02163600,MASS SCH OF PROFESSIONAL PSYCHOLOGY     ,MA,02132-0000,Private      ,13,486,499,13,486,499
02169900,ASSABET VALLEY REGIONAL VOC SCHOOL      ,MA,01752-0000,Public       ,8,34,42,8,34,42
02181600,ROB ROY ACADEMY                         ,MA,01609-0000,Proprietary  ,9,21,30,9,21,30
02182900,CAMBRIDGE COLLEGE                       ,MA,02138-5304,Private      ,125,1054,1179,125,1054,1179
02197900,NORTH BENNET STREET SCHOOL              ,MA,02113-0000,Private      ,22,86,108,22,86,108
02215100,HALLMARK INSTITUTE OF PHOTOGRAPHY       ,MA,01376-0000,Proprietary  ,91,50,141,91,50,141
02219501,MILDRED ELLEY - PITTSFIELD              ,MA,01201-5300,Proprietary  ,2,11,13,2,11,13
02220400,CATHERINE HINDS INST OF ESTHETICS       ,MA,01801-0000,Proprietary  ,16,28,44,16,28,44
02231600,MGH INSTITUTE OF HEALTH PROFESSION      ,MA,02129-0000,Private      ,26,1015,1041,26,1015,1041
02274300,CONWAY SCHOOL OF LANDSCAPE DESIGN       ,MA,01341-0179,Private      ,0,8,8,0,8,8
02325700,LABARON HAIRDRESSING ACADEMY            ,MA,02740-0000,Proprietary  ,3,15,18,3,15,18
02325800,LABARON HAIRDRESSING ACAD-BROCKTON      ,MA,02301-0000,Proprietary  ,4,18,22,4,18,22
02337400,BANCROFT SCHOOL OF MASSAGE THERAPY      ,MA,01604-4614,Proprietary  ,5,28,33,5,28,33
02338200,BAY STATE SCHOOL OF TECHNOLOGY          ,MA,02021-0000,Proprietary  ,17,57,74,17,57,74
02339400,ROB ROY ACADEMY                         ,MA,02746-0000,Proprietary  ,1,3,4,1,3,4
02491700,CORTIVA INSTITUTE -  BOSTON             ,MA,02472-2577,Proprietary  ,8,44,52,8,44,52
02523900,ELIZABETH GRADY SCHOOL OF ESTHETICS     ,MA,02155-0000,Proprietary  ,11,40,51,11,40,51
02579800,NEW ENGLAND SCHOOL OF ACUPUNCTURE       ,MA,02458-0000,Private      ,0,51,51,0,51,51
03006802,PENNSYLVANIA CULINARY INSTITUTE - LE COR,MA,02142-1221,Proprietary  ,106,232,338,106,232,338
03066700,AILANO SCHOOL OF COSMETOLOGY            ,MA,02303-4740,Proprietary  ,3,14,17,3,14,17
03104000,SHAWSHEEN ADULT TECHNICAL INSTITUTE     ,MA,01821-5499,Public       ,4,21,25,4,21,25
03115200,MOTORING TECHNICAL TRAINING INST        ,MA,02771-5933,Proprietary  ,19,43,62,19,43,62
03120800,KAY HARVEY HAIRDRESSING ACADEMY         ,MA,01089-2701,Proprietary  ,4,6,10,4,6,10
03130500,URBAN COLLEGE OF BOSTON                 ,MA,02111-1093,Private      ,26,179,205,26,179,205
03194300,BOSTON GRAD SCH OF PSYCHOANALYSIS       ,MA,02446-4602,Private      ,2,31,33,2,31,33
03196300,LINCOLN TECHNICAL INSTITUTE             ,MA,02145-1102,Proprietary  ,41,130,171,41,130,171
03196302,LINCOLN TECHNICAL INSTITUTE             ,MA,01852-5119,Proprietary  ,36,112,148,36,112,148
03205400,JOLIE HAIR & BEAUTY ACADEMY             ,MA,01056-2769,Proprietary  ,5,20,25,5,20,25
03232302,LINCOLN TECHNICAL INSTITUTE             ,MA,02401-1818,Proprietary  ,17,40,57,17,40,57
03235300,MASSACHUSETTS SCHOOL OF LAW             ,MA,01810-1094,Private      ,3,223,226,3,223,226
03240300,TONI & GUY HAIRDRESSING ACADEMY         ,MA,01605-2213,Proprietary  ,10,9,19,10,9,19
03248300,BOSTON BAPTIST COLLEGE                  ,MA,02136-4000,Private      ,43,22,65,43,22,65
03316400,FUNERAL INSTITUTE OF THE NORTHEAST      ,MA,02062-4766,Proprietary  ,7,49,56,7,49,56
03504300,NATL GRAD SCH OF QUALITY SYSTM MGMT     ,MA,02540-0000,Private      ,0,16,16,0,16,16
03570500,ZION BIBLE COLLEGE                      ,MA,01835-0000,Private      ,86,54,140,86,54,140
03763300,MEDICAL PROFESSIONAL INSTITUTE          ,MA,02148-8143,Proprietary  ,11,50,61,11,50,61
03859300,E.I.N.E.                                ,MA,01876-4709,Proprietary  ,0,12,12,0,12,12
03946300,FRANKLIN W. OLIN COLLEGE OF ENGINEERING ,MA,02492-1200,Private      ,485,7,492,485,7,492
03965300,NEW ENGLAND COLLEGE OF FINANCE          ,MA,02110-1605,Proprietary  ,26,336,362,26,336,362
04039300,SULLIVAN AND COGLIANO TRAINING CENTER   ,MA,02301-4921,Proprietary  ,6,109,115,6,109,115
04116900,DIGRIGOLI SCHOOL OF COSMETOLOGY         ,MA,01089-4623,Proprietary  ,13,16,29,13,16,29
04122000,TRI COUNTY REGIONAL VOCATIONAL TECHNICAL,MA,02038-0000,Public       ,6,18,24,6,18,24
04128000,MILLENNIUM TRAINING INSTITUTE           ,MA,01801-6386,Proprietary  ,1,17,18,1,17,18
04128900,CENTRAL MASS SCHOOL OF MASSAGE AND THERA,MA,01562-1712,Proprietary  ,0,8,8,0,8,8
04153200,SOUTHERN WORCESTER COUNTY REGIONAL VOC S,MA,01507-1331,Public       ,1,13,14,1,13,14
00324204,CARNEGIE MELLON UNIVERSITY - QATAR      ,FC,00000-0000,Private      ,2,3,5,2,3,5
00401000,INSTITUT INTERNAT'L D'ETUDES FRANCA     ,FC,00000-0000,Public       ,0,2,2,0,2,2
00401200,HEBREW UNIVERSITY OF JERUSALEM (THE)    ,FC,00000-0000,Public       ,17,51,68,17,51,68
00403000,UNIVERSITY OF CAMBRIDGE                 ,FC,00000-0000,Public       ,0,39,39,0,39,39
00503400,AMERICAN UNIVERSITY OF CAIRO            ,FC,00000-0000,Private      ,40,81,121,40,81,121
00667100,KATHOLIEKE UNIVERSITEIT LEUVEN          ,FC,00000-0000,Private      ,1,14,15,1,14,15
00669100,UNIVERSITY OF CAMBRIDGE - PEMBROKE      ,FC,00000-0000,Public       ,3,9,12,3,9,12
00669200,UNIVERSITY OF LEEDS                     ,FC,00000-0000,Public       ,8,61,69,8,61,69
00669300,UNIV OF LONDON-LONDON SCHOOL ECON       ,FC,00000-0000,Public       ,10,265,275,10,265,275
00669400,SCH OF ORIENTAL & AFRICAN STUDIES       ,FC,00000-0000,Public       ,3,77,80,3,77,80
00669500,UNIV OF LONDON-UNIVERSITY COLLEGE       ,FC,00000-0000,Public       ,36,218,254,36,218,254
00669600,UNIV OF LONDON-SCH ADVANCED STUDY       ,FC,00000-0000,Public       ,0,10,10,0,10,10
00669700,"QUEEN MARY, UNIVERSITY OF LONDON        ",FC,00000-0000,Public       ,21,87,108,21,87,108
00669900,UNIVERSITY OF SUSSEX                    ,FC,00000-0000,Public       ,13,55,68,13,55,68
00670000,"UNIVERSITY OF YORK, THE                 ",FC,00000-0000,Public       ,12,77,89,12,77,89
00670400,UNIVERSITY COLLEGE CORK                 ,FC,00000-0000,Public       ,8,28,36,8,28,36
00671300,UPPSALA UNIVERSITY                      ,FC,00000-0000,Public       ,2,26,28,2,26,28
00671500,UNIVERSITY OF GENEVA                    ,FC,00000-0000,Public       ,1,41,42,1,41,42
00683900,UNIVERSITY OF EDINBURGH                 ,FC,00000-0000,Public       ,95,361,456,95,361,456
00684200,UNIVERSITY OF DUBLIN TRINITY COLLEG     ,FC,00000-0000,Public       ,25,78,103,25,78,103
00685000,UNIVERSITY OF CAMBRIDGE - DOWNING C     ,FC,00000-0000,Public       ,0,4,4,0,4,4
00763200,UNIVERSITY OF BRISTOL                   ,FC,00000-0000,Public       ,12,48,60,12,48,60
00768100,COLLEGE OF EUROPE                       ,FC,00000-0000,Private      ,2,3,5,2,3,5
00770500,ROYAL COLLEGE OF SURGEONS IN IRELAN     ,FC,00000-0000,Private      ,4,24,28,4,24,28
00788100,AMERICAN UNIVERSITY OF PARIS            ,FC,00000-0000,Private      ,133,155,288,133,155,288
00837100,AMERICAN UNIVERSITY OF BEIRUT           ,FC,00000-0000,Private      ,54,59,113,54,59,113
00837300,TEL-AVIV UNIVERSITY                     ,FC,00000-0000,Public       ,4,43,47,4,43,47
00837600,VRIJE UNIVERSITEIT AMSTERDAM            ,FC,00000-0000,Public       ,1,20,21,1,20,21
00837700,UNIVERSITEIT VAN AMSTERDAM(UNIVERSI     ,FC,00000-0000,Public       ,11,59,70,11,59,70
00838000,UNIVERSITY OF WARWICK                   ,FC,00000-0000,Public       ,6,37,43,6,37,43
00838300,UNIVERSITY OF GLASGOW                   ,FC,00000-0000,Public       ,20,164,184,20,164,184
00839300,UNIVERSITY OF OSLO                      ,FC,00000-0000,Public       ,3,15,18,3,15,18
00839400,UNIVERSITY OF OXFORD                    ,FC,00000-0000,Public       ,11,202,213,11,202,213
00839800,UNIVERSITY OF SHEFFIELD (THE)           ,FC,00000-0000,Public       ,9,44,53,9,44,53
00839900,UNIVERSITY OF SOUTHAMPTON               ,FC,00000-0000,Public       ,6,26,32,6,26,32
00845200,ABERYSTWYTH UNIVERSITY                  ,FC,00000-0000,Public       ,9,28,37,9,28,37
00845800,LOUGHBOROUGH UNIVERSITY                 ,FC,00000-0000,Public       ,5,1,6,5,1,6
00846000,UNIVERSITY OF NEWCASTLE UPON TYNE       ,FC,00000-0000,Public       ,5,50,55,5,50,55
00846100,UNIVERSITY OF SAINT ANDREWS             ,FC,00000-0000,Public       ,146,101,247,146,101,247
00850500,UNIVERSITY OF MELBOURNE                 ,FC,00000-0000,Public       ,8,73,81,8,73,81
00858600,SWANSEA UNIVERSITY                      ,FC,00000-0000,Public       ,5,23,28,5,23,28
00858700,UNIVERSITY OF DURHAM                    ,FC,00000-0000,Public       ,19,90,109,19,90,109
00866500,UNIVERSITY OF KENT AT CANTERBURY (THE)  ,FC,00000-0000,Public       ,15,62,77,15,62,77
00867000,UNIVERSITY OF NEW SOUTH WALES           ,FC,00000-0000,Public       ,8,43,51,8,43,51
00868700,UNIVERSITY OF ESSEX                     ,FC,00000-0000,Public       ,9,57,66,9,57,66
00869300,CITY UNIVERSITY                         ,FC,00000-0000,Public       ,10,87,97,10,87,97
00890800,THE UNIVERSITY OF BIRMINGHAM            ,FC,00000-0000,Public       ,9,31,40,9,31,40
00891000,UNIVERSITY OF HULL                      ,FC,00000-0000,Public       ,5,3,8,5,3,8
00892000,UNIVERSITY OF NOTTINGHAM                ,FC,00000-0000,Public       ,8,45,53,8,45,53
00900600,UNIVERSITY OF SALFORD (THE)             ,FC,00000-0000,Public       ,1,6,7,1,6,7
00908400,"UNIV OF LONDON, BIRKBECK                ",FC,00000-0000,Public       ,0,46,46,0,46,46
00908500,UNIV OF LONDON KING'S COLLEGE           ,FC,00000-0000,Public       ,28,187,215,28,187,215
00908600,UNIVERSITY OF LONDON - ROYAL HOLLOWAY   ,FC,00000-0000,Public       ,9,43,52,9,43,52
00914300,BAR-ILAN UNIVERSITY                     ,FC,00000-0000,Private      ,4,8,12,4,8,12
00924900,UNIVERSITY OF LIVERPOOL                 ,FC,00000-0000,Public       ,12,37,49,12,37,49
00936800,UNIVERSITY OF ABERDEEN                  ,FC,00000-0000,Public       ,27,67,94,27,67,94
00942300,ROYAL COLLEGE OF ART                    ,FC,00000-0000,Public       ,3,22,25,3,22,25
00942800,TECHNION-ISRAEL INST OF TECHLGY         ,FC,00000-0000,Public       ,1,18,19,1,18,19
00944200,UNIVERSITY OF EXETER                    ,FC,00000-0000,Public       ,10,53,63,10,53,63
00944400,UNIVERSITY OF LANCASTER                 ,FC,00000-0000,Public       ,8,20,28,8,20,28
00980800,UNIVERSITY OF STRATHCLYDE               ,FC,00000-0000,Public       ,1,29,30,1,29,30
00986000,UNIVERSITY OF SURREY                    ,FC,00000-0000,Public       ,4,26,30,4,26,30
00990600,PONTIFICAL NORTH AMERICAN COLLEGE       ,FC,00000-0000,Private      ,0,5,5,0,5,5
00992700,UNIVERSITY OF CAMBRIDGE - FITZWILLI     ,FC,00000-0000,Public       ,0,5,5,0,5,5
01006700,LUND UNIVERSITY                         ,FC,00000-0000,Public       ,4,62,66,4,62,66
01008400,UNIVERSITY OF CAPE TOWN                 ,FC,00000-0000,Private      ,2,32,34,2,32,34
01008700,UNIVERSITY OF OXFORD ST PETER'S COL     ,FC,00000-0000,Public       ,0,1,1,0,1,1
01008800,UNIVERSITY OF OXFORD - CORPUS CHRIS     ,FC,00000-0000,Public       ,0,1,1,0,1,1
01008900,CENTRAL SCHOOL OF SPEECH AND DRAMA      ,FC,00000-0000,Private      ,13,30,43,13,30,43
01009000,UNIVERSITY OF OXFORD - BALLIOL COLL     ,FC,00000-0000,Public       ,0,2,2,0,2,2
01014300,UNIVERSITY OF READING                   ,FC,00000-0000,Public       ,4,12,16,4,12,16
01015700,CARDIFF UNIVERSITY                      ,FC,00000-0000,Public       ,8,42,50,8,42,50
01015900,PONTIFICIA UNIVERSITA GREGORIANA        ,FC,00000-0000,Private      ,0,2,2,0,2,2
01016000,CG JUNG INST                            ,FC,00000-0000,Private      ,0,2,2,0,2,2
01018800,UNIVERSITY COLLEGE DUBLIN               ,FC,00000-0000,Public       ,18,121,139,18,121,139
01019000,UNIVERSITY OF CAMBRIDGE CHURCHILL C     ,FC,00000-0000,Public       ,0,5,5,0,5,5
01022800,UNIVERSITY OF STIRLING                  ,FC,00000-0000,Public       ,6,29,35,6,29,35
01033200,UNIVERSITY OF CAMBRIDGE - CLARE COL     ,FC,00000-0000,Public       ,1,8,9,1,8,9
01045600,UNIVERSITY OF HAIFA                     ,FC,00000-0000,Public       ,3,14,17,3,14,17
01047200,INST EUROPEEN OPEEN D'ADMINISTRATIO     ,FC,00000-0000,Private      ,0,13,13,0,13,13
01049300,CRANFIELD UNIVERSITY                    ,FC,00000-0000,Public       ,0,11,11,0,11,11
01052000,TRINITY LABAN CONSERVATOIRE OF MUSIC AND,FC,00000-0000,Public       ,2,9,11,2,9,11
01052500,UNIVERSITY OF HERTFORDSHIRE             ,FC,00000-0000,Public       ,12,6,18,12,6,18
01057400,LONDON INTRNTL FILM SCHOOL              ,FC,00000-0000,Private      ,1,11,12,1,11,12
01058800,AUSTRALIAN NATIONAL UNIVERSITY          ,FC,00000-0000,Public       ,5,23,28,5,23,28
01058900,BANGOR UNIVERSITY                       ,FC,00000-0000,Public       ,1,14,15,1,14,15
01059400,"RICHMOND, THE AMERICAN INT UNI IN LONDON",FC,00000-0000,Private      ,222,74,296,222,74,296
01059900,INST D'ETUDES POLITIQUES DE PARIS       ,FC,00000-0000,Public       ,2,44,46,2,44,46
01068100,MACQUARIE UNIVERSITY                    ,FC,00000-0000,Public       ,7,28,35,7,28,35
01069200,UNIVERSITY OF QUEENSLAND (THE)          ,FC,00000-0000,Public       ,8,94,102,8,94,102
01078900,UNIVERSITY OF OXFORD - WORCESTER CO     ,FC,00000-0000,Public       ,0,2,2,0,2,2
01079200,CITY AND GUILDS OF LONDON INSTITUTE     ,FC,00000-0000,Private      ,1,1,2,1,1,2
01079700,"NATIONAL UNIVERSITY OF IRELAND, MAY     ",FC,00000-0000,Public       ,5,8,13,5,8,13
01080300,SEMMELWEIS UNIVERSITY OF BUDAPEST       ,FC,00000-0000,Public       ,3,5,8,3,5,8
01081600,KINGSTON UNIVERSITY                     ,FC,00000-0000,Public       ,38,92,130,38,92,130
01083800,UNIVERSITITY OF BERGEN (UOB)            ,FC,00000-0000,Public       ,3,1,4,3,1,4
01086400,UNIV OF DUNDEE                          ,FC,00000-0000,Public       ,4,9,13,4,9,13
01086600,UNIVERSITY OF OXFORD - MAGDALEN COLLEGE ,FC,00000-0000,Public       ,2,8,10,2,8,10
01086700,UNIVERSITY OF OXFORD ST JOHN'S COLL     ,FC,00000-0000,Public       ,1,6,7,1,6,7
01091400,MONASH UNIVERSITY                       ,FC,00000-0000,Public       ,4,13,17,4,13,17
01091500,UNIV OF EAST ANGLIA                     ,FC,00000-0000,Public       ,8,48,56,8,48,56
01094200,UNIVERSITY OF OXFORD - ST HUGH'S CO     ,FC,00000-0000,Public       ,1,1,2,1,1,2
01097700,UNIVERSIDAD CENTRAL DEL ESTE            ,FC,00000-0000,Private      ,44,388,432,44,388,432
01098000,SOMERVILLE COLLEGE                      ,FC,00000-0000,Public       ,0,2,2,0,2,2
01099900,UNIV OF OXFORD - WADHAM COLLEGE         ,FC,00000-0000,Public       ,0,3,3,0,3,3
01104400,PONTIFICIA UNIVERSITA SAN TOMMASO       ,FC,00000-0000,Private      ,0,4,4,0,4,4
01105300,UNIVERSITY OF OXFORD - ST HILDA'S C     ,FC,00000-0000,Public       ,0,2,2,0,2,2
01105400,UNIVERSITY OF OXFORD - ST ANNE'S CO     ,FC,00000-0000,Public       ,1,2,3,1,2,3
01105500,UNIV OF OXFORD - LADY MARGARET HALL     ,FC,00000-0000,Public       ,0,5,5,0,5,5
01105600,UNIVERSITY OF OXFORD - UNIVERSITY C     ,FC,00000-0000,Public       ,1,7,8,1,7,8
01105700,UNIVERSITY OF OXFORD - TRINITY COLL     ,FC,00000-0000,Public       ,1,2,3,1,2,3
01105800,UNIVERSITY OF OXFORD-ST EDMUND HALL     ,FC,00000-0000,Public       ,0,4,4,0,4,4
01105900,UNIVERSITY OF OXFORD ST ANTONY'S CO     ,FC,00000-0000,Public       ,0,11,11,0,11,11
01106000,UNIVERSITY OF OXFORD - QUEEN'S COLL     ,FC,00000-0000,Public       ,1,5,6,1,5,6
01106100,UNIVERSITY OF OXFORD - PEMBROKE COL     ,FC,00000-0000,Public       ,0,2,2,0,2,2
01106200,UNIVERSITY OF OXFORD - ORIEL COLLEG     ,FC,00000-0000,Public       ,0,3,3,0,3,3
01106300,UNIVERSITY OF OXFORD - NUFFIELD COL     ,FC,00000-0000,Public       ,0,1,1,0,1,1
01106400,UNIVERSITY OF OXFORD - NEW COLLEGE      ,FC,00000-0000,Public       ,0,3,3,0,3,3
01106500,UNIVERSITY OF OXFORD MERTON COLLEGE     ,FC,00000-0000,Public       ,1,6,7,1,6,7
01106600,UNIVERSITY OF OXFORD - LINCOLN COLL     ,FC,00000-0000,Public       ,0,7,7,0,7,7
01106700,UNIVERSITY OF OXFORD - KEBLE COLLEG     ,FC,00000-0000,Public       ,0,1,1,0,1,1
01106800,UNIVERSITY OF OXFORD - JESUS COLLEG     ,FC,00000-0000,Public       ,0,2,2,0,2,2
01106900,UNIVERSITY OF OXFORD - HERTFORD COL     ,FC,00000-0000,Public       ,0,3,3,0,3,3
01107000,UNIVERSITY OF OXFORD EXETER COLLEGE     ,FC,00000-0000,Public       ,0,7,7,0,7,7
01107100,UNIV OF OXFORD - CHRIST CHURCH          ,FC,00000-0000,Public       ,0,10,10,0,10,10
01109100,FLINDERS UNIVERSITY OF S AUSTRALIA      ,FC,00000-0000,Public       ,3,12,15,3,12,15
01109400,UNIVERSITY OF WESTERN AUSTRALIA (THE)   ,FC,00000-0000,Public       ,4,11,15,4,11,15
01122600,AARHUS UNIVERSITY                       ,FC,00000-0000,Public       ,2,14,16,2,14,16
01156700,"IMPERIAL COLLEGE OF SCIENCE, TECHNOLOGY ",FC,00000-0000,Public       ,6,28,34,6,28,34
01167900,UNIVERSITY OF BATH                      ,FC,00000-0000,Public       ,4,12,16,4,12,16
01168300,FRANKLIN COLLEGE  SWITZERLAND           ,FC,00000-0000,Private      ,253,12,265,253,12,265
01175800,UNIV OF CAMBRIDGE - PETERHOUSE          ,FC,00000-0000,Public       ,0,4,4,0,4,4
01176400,ROYAL ACADEMY OF MUSIC                  ,FC,00000-0000,Public       ,5,19,24,5,19,24
01176500,GOLDSMITHS' COLLEGE-UNIV OF LONDON      ,FC,00000-0000,Public       ,8,69,77,8,69,77
01176600,UNIV OF LONDON - INST OF EDUC           ,FC,00000-0000,Public       ,0,11,11,0,11,11
01178000,BRUNEL UNIVERSITY                       ,FC,00000-0000,Public       ,1,15,16,1,15,16
01207500,UNIVERSITY CAMBRIDGE - TRINITY COLL     ,FC,00000-0000,Public       ,2,13,15,2,13,15
01207800,VICTORIA UNIV OF WELLINGTON             ,FC,00000-0000,Public       ,6,18,24,6,18,24
01209600,ECOLE HåTELIERE DE LAUSANNE             ,FC,00000-0000,Private      ,0,1,1,0,1,1
01210100,UNIVERSITY OF CAMBRIDGE - GIRTON CO     ,FC,00000-0000,Public       ,0,2,2,0,2,2
01213600,VICTORIA UNIV OF MANCHESTER (THE)       ,FC,00000-0000,Public       ,14,63,77,14,63,77
01219800,UNIVERSITY OF BRADFORD                  ,FC,00000-0000,Public       ,3,5,8,3,5,8
01220100,UNIVERSITY OF OXFORD - REGENT'S PAR     ,FC,00000-0000,Public       ,1,3,4,1,3,4
01220600,JAMES COOK UNIVERSITY                   ,FC,00000-0000,Public       ,13,41,54,13,41,54
01221500,BIRMINGHAM CITY UNIVERSITY              ,FC,00000-0000,Public       ,2,14,16,2,14,16
01222300,JAGIELLONIAN UNIVERSITY COLLEGIUM M     ,FC,00000-0000,Public       ,2,13,15,2,13,15
01225800,ASTON UNIVERSITY                        ,FC,00000-0000,Public       ,2,7,9,2,7,9
01227500,UNIVERSITY OF OXFORD - WOLFSON COLL     ,FC,00000-0000,Public       ,0,5,5,0,5,5
01230200,GONVILLE & CAIUS COLLEGE                ,FC,00000-0000,Public       ,0,2,2,0,2,2
01233300,UNIV OF THE ARTS LONDON- CAMBERWELL COLL,FC,00000-0000,Public       ,10,7,17,10,7,17
01233500,ROYAL COLLEGE OF MUSIC                  ,FC,00000-0000,Public       ,3,11,14,3,11,14
01234100,UNIVERSITY OF WALES - ST DAVID'S UN     ,FC,00000-0000,Public       ,1,10,11,1,10,11
01236000,EDINBURGH COLLEGE OF ART                ,FC,00000-0000,Public       ,5,15,20,5,15,20
01242100,UNIV OF AUCKLAND                        ,FC,00000-0000,Public       ,12,42,54,12,42,54
01253900,UNIVERSITY OF THE ARTS LONDON IDO - CENT,FC,00000-0000,Public       ,31,25,56,31,25,56
01254000,UNIVERSIDAD DE NAVARRA                  ,FC,00000-0000,Private      ,3,8,11,3,8,11
01276500,UNIVERSITY OF OXFORD - LINACRE COLL     ,FC,00000-0000,Public       ,0,4,4,0,4,4
01276600,"NATIONAL UNIVERSITY IRELAND, GALWAY     ",FC,00000-0000,Public       ,18,44,62,18,44,62
01280200,PONTIFICIA UNIV CATOLICA MAD Y MAES     ,FC,00000-0000,Private      ,38,47,85,38,47,85
01281100,INST TECNOLOGICO DE SANTO DOMINGO       ,FC,00000-0000,Private      ,7,54,61,7,54,61
01283900,UNIVERSITY OF CAMBRIDGE - SAINT JOH     ,FC,00000-0000,Public       ,0,6,6,0,6,6
01286200,MOUNTVIEW ACADEMY OF THEATRE ARTS       ,FC,00000-0000,Private      ,0,3,3,0,3,3
01297800,UNIVERSITY OF HUDDERSFIELD (THE)        ,FC,00000-0000,Public       ,0,1,1,0,1,1
01315300,MASSEY UNIVERSITY                       ,FC,00000-0000,Public       ,6,32,38,6,32,38
01322500,COLLEGE OF LAW                          ,FC,00000-0000,Private      ,1,20,21,1,20,21
02052400,DARWIN COLLEGE                          ,FC,00000-0000,Public       ,0,6,6,0,6,6
02082400,UNIVERSITY OF CAMBRIDGE - QUEEN'S C     ,FC,00000-0000,Public       ,0,4,4,0,4,4
02083400,UNIVERSITY OF CAMBRIDGE - WOLFSON C     ,FC,00000-0000,Public       ,0,7,7,0,7,7
02087400,UNIVERSITY OF CAMBRIDGE - NEWNHAM C     ,FC,00000-0000,Public       ,1,4,5,1,4,5
02087900,OXFORD BROOKES UNIVERSITY               ,FC,00000-0000,Public       ,15,33,48,15,33,48
02094100,BEN-GURION UNIV                         ,FC,00000-0000,Public       ,3,89,92,3,89,92
02094400,UNIV OF CAMBRIDGE - ST EDMUND'S HOU     ,FC,00000-0000,Public       ,1,5,6,1,5,6
02095500,LONDON BUS SCHOOL                       ,FC,00000-0000,Private      ,2,43,45,2,43,45
02098700,FATIMA COLLEGE OF MEDICINE              ,FC,00000-0000,Private      ,1,23,24,1,23,24
02101900,ROEHAMPTON UNIVERSITY                   ,FC,00000-0000,Public       ,5,37,42,5,37,42
02108600,LONDON ACADEMY OF MUSIC & DRAMATIC      ,FC,00000-0000,Private      ,11,8,19,11,8,19
02115900,UNIVERSITY OF PORTSMOUTH                ,FC,00000-0000,Public       ,2,11,13,2,11,13
02116700,UNIVERSITY OF CAMBRIDGE - LUCY CAVE     ,FC,00000-0000,Public       ,0,2,2,0,2,2
02120000,UNIV OF LONDON - COURTALD INST OF A     ,FC,00000-0000,Public       ,0,22,22,0,22,22
02142000,UNIVERSITY OF CAMBRIDGE - HOMERTON      ,FC,00000-0000,Public       ,0,5,5,0,5,5
02149700,UNIVERSITY OF WINCHESTER (THE)          ,FC,00000-0000,Public       ,0,2,2,0,2,2
02156800,UNIV OF OTAGO                           ,FC,00000-0000,Public       ,4,12,16,4,12,16
02162300,"IESE BUSINESS SCH, UNIV OF NAVARRA      ",FC,00000-0000,Private      ,1,21,22,1,21,22
02167400,UNIVERSITY OF CAMBRIDGE - CORPUS CH     ,FC,00000-0000,Public       ,0,4,4,0,4,4
02177700,KING'S COLLEGE- UNIV OF CAMBRIDGE       ,FC,00000-0000,Public       ,2,16,18,2,16,18
02180500,MIDDLESEX UNIVERSITY                    ,FC,00000-0000,Public       ,7,40,47,7,40,47
02181000,UNIVERSITY OF SOUTH AUSTRALIA           ,FC,00000-0000,Public       ,2,4,6,2,4,6
02183500,UNIV OF OXFORD - WYCLIFFE HALL          ,FC,00000-0000,Public       ,2,4,6,2,4,6
02186000,UNIVERSITY OF CAMBRIDGE - MAGDALENE     ,FC,00000-0000,Public       ,0,1,1,0,1,1
02186100,UNIVERSITY OF CAMBRIDGE - EMMANUEL      ,FC,00000-0000,Public       ,0,3,3,0,3,3
02189600,UNIVERSITY OF GRONINGEN                 ,FC,00000-0000,Public       ,10,16,26,10,16,26
02194800,UNIVERSITY OF THE WEST OF ENGLAND -     ,FC,00000-0000,Public       ,3,9,12,3,9,12
02195100,UNIV OF WESTMINSTER                     ,FC,00000-0000,Public       ,13,52,65,13,52,65
02196700,GUILDHALL SCHOOL OF MUSIC & DRAMA       ,FC,00000-0000,Public       ,5,9,14,5,9,14
02207300,UNIVERSITY OF CAMBRIDGE - CHRIST'S      ,FC,00000-0000,Public       ,0,6,6,0,6,6
02207400,CHINESE UNIVERSITY OF HONG KONG (THE)   ,FC,00000-0000,Public       ,14,22,36,14,22,36
02209500,UNIVERSITEIT UTRECHT                    ,FC,00000-0000,Public       ,6,30,36,6,30,36
02210000,UNIV OF LONDON - LONDON SCHOOL OF H     ,FC,00000-0000,Public       ,0,31,31,0,31,31
02212300,UNIVERSITY OF CAMBRIDGE - ROBINSON      ,FC,00000-0000,Public       ,0,1,1,0,1,1
02225300,UNIV OF CANTERBURY                      ,FC,00000-0000,Public       ,9,11,20,9,11,20
02229100,UNIVERSITY OF LEICESTER                 ,FC,00000-0000,Public       ,1,36,37,1,36,37
02229600,SACKLER SCHOOL OF MEDICINE              ,FC,00000-0000,Public       ,0,39,39,0,39,39
02232100,UNIVERSITY OF CAMBRIDGE                 ,FC,00000-0000,Public       ,1,29,30,1,29,30
02233300,"ST GEORGE'S UNIVERSITY, SCHOOL OF MEDICI",FC,00000-0000,Proprietary  ,9,896,905,9,896,905
02235300,LONDON METROPOLITAN UNIVERSITY          ,FC,00000-0000,Public       ,21,65,86,21,65,86
02240900,AISH HATORAH CLG OF JEWISH STUDIES      ,FC,00000-0000,Private      ,2,2,4,2,2,4
02244400,AMERICAN UNIV OF THE CARIBBEAN          ,FC,00000-0000,Proprietary  ,5,672,677,5,672,677
02266600,UNIVERSITY OF LONDON - SAINT GEORGE     ,FC,00000-0000,Public       ,1,7,8,1,7,8
02271700,UNIVERSITY OF CAMBRIDGE - CLARE HAL     ,FC,00000-0000,Public       ,0,5,5,0,5,5
02271900,UNIVERSITY OF OXFORD - BLACKFRIARS      ,FC,00000-0000,Public       ,0,1,1,0,1,1
02272100,UNIV OF OXFORD - GREYFRIARS             ,FC,00000-0000,Public       ,0,2,2,0,2,2
02272200,UNIV OF CAMBRIDGE - NEW HALL            ,FC,00000-0000,Public       ,0,2,2,0,2,2
02273600,QUEEN'S UNIV OF BELFAST (THE)           ,FC,00000-0000,Public       ,8,39,47,8,39,47
02273900,HERIOT WATT UNIVERSITY                  ,FC,00000-0000,Public       ,1,13,14,1,13,14
02276700,NYENRODE BUSINESS UNIVERSITEIT          ,FC,00000-0000,Private      ,0,1,1,0,1,1
02293400,ECOLE DES HAUTES ETUDES COMERCIALS      ,FC,00000-0000,Public       ,0,17,17,0,17,17
02296300,UNIVERSITY OF CAMBRIDGE - JESUS COL     ,FC,00000-0000,Public       ,0,3,3,0,3,3
02310500,DE MONTFORT UNIVERSITY                  ,FC,00000-0000,Public       ,0,8,8,0,8,8
02320500,ROYAL NORTHERN COLLEGE OF MUSIC         ,FC,00000-0000,Public       ,1,2,3,1,2,3
02335100,UNIV OF CAMBRIDGE - TRINITY HALL        ,FC,00000-0000,Public       ,0,6,6,0,6,6
02338900,UNIVERSITY  FOR THE CREATIVE ARTS       ,FC,00000-0000,Public       ,4,2,6,4,2,6
02351800,UNIVERSIDAD IBEROAMERICANA (UNIBE       ,FC,00000-0000,Private      ,51,409,460,51,409,460
02355200,ECOLE SUPERIEURE DE CUISINE FRANCAISE-FE,FC,00000-0000,Public       ,2,7,9,2,7,9
02363000,GSA CONSERVATOIRE                       ,FC,00000-0000,Private      ,1,0,1,1,0,1
02496700,NATIONAL FILM & TV SCHOOL               ,FC,00000-0000,Public       ,0,2,2,0,2,2
02502600,PECSI ORVOSTUDOMANYI EGYETEM (PECS      ,FC,00000-0000,Public       ,0,3,3,0,3,3
02545700,GLASGOW SCHOOL OF ART                   ,FC,00000-0000,Public       ,4,17,21,4,17,21
02561600,SOUTHAMPTON SOLENT UNIVERSITY           ,FC,00000-0000,Public       ,1,3,4,1,3,4
02579600,MURDOCH UNIVERSITY                      ,FC,00000-0000,Public       ,1,29,30,1,29,30
02588000,UNIVERSITY OF ULSTER                    ,FC,00000-0000,Public       ,1,12,13,1,12,13
02591800,CURTIN UNIVERSITY OF TECHNOLOGY         ,FC,00000-0000,Public       ,3,8,11,3,8,11
02604300,AALBORG UNIVERSITY                      ,FC,00000-0000,Public       ,1,12,13,1,12,13
02611600,ECOL NATIONAL DES PONTS ET CHAUSSEE     ,FC,00000-0000,Public       ,2,1,3,2,1,3
02611700,DUBLIN CITY UNIVERSITY                  ,FC,00000-0000,Public       ,3,11,14,3,11,14
02622500,DENMARKS TEKNISKE UNIVERSITET           ,FC,00000-0000,Public       ,0,5,5,0,5,5
02623200,UNIVERSITY OF NEWCASTLE (THE)           ,FC,00000-0000,Public       ,6,8,14,6,8,14
03012700,UNIVERSITY OF BUCKINGHAM                ,FC,00000-0000,Private      ,3,8,11,3,8,11
03029400,KEELE UNIVERSITY                        ,FC,00000-0000,Public       ,2,4,6,2,4,6
03029500,NORTHUMBRIA UNIVERSITY                  ,FC,00000-0000,Public       ,8,9,17,8,9,17
03029800,NORGES HANDELSHOYSKOLE                  ,FC,00000-0000,Public       ,0,3,3,0,3,3
03033300,MANCHESTER METROPOLITAN UNIV            ,FC,00000-0000,Public       ,6,26,32,6,26,32
03045000,UNIVERSITY OF EAST LONDON               ,FC,00000-0000,Public       ,10,20,30,10,20,30
03050100,STUDIO ART CENTERS INTERNATIONAL        ,FC,00000-0000,Private      ,27,39,66,27,39,66
03061000,CHALMERS TEKNISKA HOGSKOLA AB           ,FC,00000-0000,Private      ,0,7,7,0,7,7
03066800,PONTIFICIO ATENEO DELLA SANTA CROCE     ,FC,00000-0000,Private      ,0,4,4,0,4,4
03067200,UNIVERSITY OF SYDNEY                    ,FC,00000-0000,Public       ,16,88,104,16,88,104
03073800,UNIV OF DEBRECEN MED & HEALTH SCI       ,FC,00000-0000,Public       ,2,9,11,2,9,11
03080300,SHEFFIELD HALLAM UNIVERSITY             ,FC,00000-0000,Public       ,1,6,7,1,6,7
03084300,UNIVERSITY OF LIMERICK                  ,FC,00000-0000,Public       ,8,25,33,8,25,33
03088700,ROYAL SCOTTISH ACAD MUSIC & DRAMA       ,FC,00000-0000,Public       ,6,14,20,6,14,20
03091400,UNIVERSITY OF WOLLONGONG                ,FC,00000-0000,Public       ,1,10,11,1,10,11
03091500,UNIVERSITY OF CANBERRA                  ,FC,00000-0000,Public       ,0,7,7,0,7,7
03091700,KAROL MARCINKOWSKI UNIV OF MED SCI      ,FC,00000-0000,Public       ,7,54,61,7,54,61
03092500,NOTTINGHAM TRENT UNIVERSITY             ,FC,00000-0000,Public       ,2,11,13,2,11,13
03095000,RMIT UNIVERSITY                         ,FC,00000-0000,Public       ,1,15,16,1,15,16
03095400,BOND UNIVERSITY                         ,FC,00000-0000,Private      ,16,26,42,16,26,42
03095900,ESSEC BUSINESS SCHOOL                   ,FC,00000-0000,Private      ,1,6,7,1,6,7
03096100,LA TROBE UNIVERSITY                     ,FC,00000-0000,Public       ,1,16,17,1,16,17
03096900,DEAKIN UNIVERSITY                       ,FC,00000-0000,Public       ,1,5,6,1,5,6
03097100,UNIVERSITY OF WESTERN SYDNEY            ,FC,00000-0000,Public       ,0,10,10,0,10,10
03097300,VICTORIA UNIVERSITY OF TECHNOLOGY       ,FC,00000-0000,Public       ,0,6,6,0,6,6
03097500,CENTRAL QUEENSLAND UNIVERSITY           ,FC,00000-0000,Public       ,0,2,2,0,2,2
03100000,UNIVERSITY OF ADELAIDE (THE)            ,FC,00000-0000,Public       ,4,13,17,4,13,17
03101600,ASIAN INSTITUTE OF MANAGEMENT           ,FC,00000-0000,Private      ,0,4,4,0,4,4
03102500,AMERICAN UNIVERSITY OF ROME             ,FC,00000-0000,Private      ,126,41,167,126,41,167
03102800,ROBERT GORDON UNIVERSITY (THE)          ,FC,00000-0000,Public       ,1,5,6,1,5,6
03104800,GRIFFITH UNIVERSITY                     ,FC,00000-0000,Public       ,6,33,39,6,33,39
03136300,AUSTRALIAN CATHOLIC UNIVERSITY          ,FC,00000-0000,Public       ,3,7,10,3,7,10
03140300,EDITH COWAN UNIVERSITY                  ,FC,00000-0000,Public       ,3,9,12,3,9,12
03140400,NORTHERN TERRITORY UNIVERSITY           ,FC,00000-0000,Public       ,1,0,1,1,0,1
03140500,QUEENSLAND UNIVERSITY OF TECHNOLOGY     ,FC,00000-0000,Public       ,2,14,16,2,14,16
03140600,SOUTHERN CROSS UNIVERSITY               ,FC,00000-0000,Public       ,2,3,5,2,3,5
03140700,SWINBURNE UNIVERSITY OF TECHNOLOGY      ,FC,00000-0000,Public       ,2,9,11,2,9,11
03150300,UNIVERSITY OF TASMANIA                  ,FC,00000-0000,Public       ,0,4,4,0,4,4
03150400,"UNIVERSITY OF TECHNOLOGY, SYDNEY        ",FC,00000-0000,Public       ,1,10,11,1,10,11
03274300,"KUNGLIGA TEKNISKA HOGSKOLAN, KTH        ",FC,00000-0000,Public       ,0,3,3,0,3,3
03287300,LIVERPOOL INSTITUTE FOR PERFORMING ARTS ,FC,00000-0000,Public       ,10,1,11,10,1,11
03300400,"FIRST FACULTY OF MEDICINE, CHARLES UNIV.",FC,00000-0000,Public       ,2,11,13,2,11,13
03329300,JOHN CABOT UNIVERSITY                   ,FC,00000-0000,Private      ,98,20,118,98,20,118
03332400,AGRICULTURE UNIVERSITY OF WROCLAW       ,FC,00000-0000,Public       ,0,2,2,0,2,2
03333300,MEDICAL UNIVERSITY SCHOOL OF LUBLIN     ,FC,00000-0000,Public       ,5,64,69,5,64,69
03334300,UNIVERSIDAD NORDESTANA                  ,FC,00000-0000,Private      ,7,97,104,7,97,104
03335300,MEDICAL UNIVERSITY OF SILESIA           ,FC,00000-0000,Public       ,1,26,27,1,26,27
03349400,"QUEEN MARGARET UNIVERSITY COLLEGE, EDINB",FC,00000-0000,Public       ,2,16,18,2,16,18
03350300,BOURNEMOUTH UNIVERSITY                  ,FC,00000-0000,Public       ,1,10,11,1,10,11
03352300,LONDON SOUTH BANK UNIVERSITY            ,FC,00000-0000,Private      ,5,15,20,5,15,20
03363300,THE ARTS EDUCATIONAL SCHOOLS LONDON     ,FC,00000-0000,Private      ,1,1,2,1,1,2
03364300,"FACULTY OF MEDICINE, PALACKY UNIVER     ",FC,00000-0000,Public       ,1,3,4,1,3,4
03365400,AUCKLAND INSTITUTE OF TECHNOLOGY        ,FC,00000-0000,Public       ,5,9,14,5,9,14
03377300,"UNIVERSITY OF WALES INSTITUTE, CARD     ",FC,00000-0000,Public       ,0,3,3,0,3,3
03378300,"THE 3RD FACULTY OF MEDICINE, CHARLE     ",FC,00000-0000,Public       ,0,5,5,0,5,5
03406300,"THE SCHOOL OF PHARMACY, UNIVERSITY      ",FC,00000-0000,Public       ,1,1,2,1,1,2
03418400,NAPIER UNIVERSITY                       ,FC,00000-0000,Public       ,5,8,13,5,8,13
03435300,ANGLIA POLYTECHNIC UNIVERSITY HIGHE     ,FC,00000-0000,Public       ,1,5,6,1,5,6
03460300,INTERNATIONALES THEOLOGISCHES INSTI     ,FC,00000-0000,Private      ,1,5,6,1,5,6
03462400,UNIV OF ARTS LONDON - LON COLL OF COMMUN,FC,00000-0000,Public       ,9,16,25,9,16,25
03466300,INSTITUTO CENTROAMERICANO DE ADMINI     ,FC,00000-0000,Private      ,2,5,7,2,5,7
03473300,UNIV OF ARTS LONDON - LON COLL FASHION  ,FC,00000-0000,Public       ,26,30,56,26,30,56
03475300,UNIV OF THE ARTS  LONDON - CHELSEA COLL ,FC,00000-0000,Public       ,5,9,14,5,9,14
03478300,ROYAL WELSH COLLEGE OF MUSIC AND DRAMA  ,FC,00000-0000,Public       ,3,9,12,3,9,12
03492300,UNIVERSITY OF OXFORD - GREEN TEMPLETON C,FC,00000-0000,Public       ,0,4,4,0,4,4
03492400,UNIV OF CAMBRIDGE-ST CATHERINE'S CG     ,FC,00000-0000,Public       ,1,2,3,1,2,3
03494400,UNIV OF CAMBRIDGE-SELWYN COLLEGE        ,FC,00000-0000,Public       ,0,3,3,0,3,3
03494600,UNIV OF OXFORD-HARRIS MANCHESTER        ,FC,00000-0000,Public       ,1,2,3,1,2,3
03500300,WIMBLEDON COLLEGE OF ART                ,FC,00000-0000,Public       ,2,2,4,2,2,4
03501400,LEEDS METROPOLITAN UNIVERSITY           ,FC,00000-0000,Public       ,4,12,16,4,12,16
03507300,UNIVERSITY OF SUNDERLAND                ,FC,00000-0000,Public       ,0,3,3,0,3,3
03515300,UNIVERSITY OF CENTRAL LANCASHIRE        ,FC,00000-0000,Public       ,6,12,18,6,12,18
03517300,UNIVERSITY OF BRIGHTON                  ,FC,00000-0000,Public       ,5,14,19,5,14,19
03518300,EUROPEAN GRADUATE SCHOOL                ,FC,00000-0000,Private      ,0,57,57,0,57,57
03526300,INST CENTROAMERICANO DE ADM DE EMP      ,FC,00000-0000,Private      ,0,7,7,0,7,7
03527300,SOFIA UNIVERSITY ST. KLIMENT OHRIDSKI   ,FC,00000-0000,Public       ,0,5,5,0,5,5
03533300,BATH SPA UNIVERSITY                     ,FC,00000-0000,Public       ,1,4,5,1,4,5
03547300,UNIVERSITY OF GLAMORGAN                 ,FC,00000-0000,Public       ,2,1,3,2,1,3
03580300,LIVERPOOL JOHN MOORES UNIVERSITY        ,FC,00000-0000,Public       ,7,5,12,7,5,12
03589400,ARTS INSTITUTE AT BOURNEMOUTH (THE)     ,FC,00000-0000,Public       ,6,3,9,6,3,9
03590300,AVONDALE COLLEGE LIMITED                ,FC,00000-0000,Private      ,7,0,7,7,0,7
03594300,GROUP ESC GRENOBLE GRAD SCH OF BUS.     ,FC,00000-0000,Private      ,2,8,10,2,8,10
03597300,JAGIELLONIAN UNIVERSITY                 ,FC,00000-0000,Public       ,4,11,15,4,11,15
03601300,UNIVERSITAT JAUME I DE CASTELLO/UJI     ,FC,00000-0000,Public       ,1,2,3,1,2,3
03619300,UNIVERSITY OF GREENWICH                 ,FC,00000-0000,Public       ,11,23,34,11,23,34
03653400,UNIVERSIDAD DE IBEROAMERICA - UNIBE     ,FC,00000-0000,Private      ,1,10,11,1,10,11
03674300,UNIVERSITY OF ABERTAY DUNDEE            ,FC,00000-0000,Public       ,0,1,1,0,1,1
03684400,UNIVERSITY OF LINCOLN                   ,FC,00000-0000,Public       ,0,7,7,0,7,7
03684500,MEDICAL UNIVERSITY OF GDANSK            ,FC,00000-0000,Public       ,1,13,14,1,13,14
03685300,UNIVERSITAT POMPEU FABRA                ,FC,00000-0000,Public       ,4,21,25,4,21,25
03716300,"UNIVERSITY OF WALES, NEWPORT            ",FC,00000-0000,Public       ,1,4,5,1,4,5
03721300,WRITTLE COLLEGE                         ,FC,00000-0000,Public       ,1,0,1,1,0,1
03727400,UNIVERSITY OF WAIKATO (THE)             ,FC,00000-0000,Public       ,2,5,7,2,5,7
03738300,LONDON SCHOOL OF THEOLOGY               ,FC,00000-0000,Private      ,0,3,3,0,3,3
03741300,ALRA (ACADEMY OF LIVE AND RECORDED ARTS),FC,00000-0000,Private      ,2,2,4,2,2,4
03770300,NAZARENE THEOLOGICAL COLLEGE            ,FC,00000-0000,Private      ,0,5,5,0,5,5
03794400,ANGLO EUROPEAN COLLEGE OF CHIROPRACTIC  ,FC,00000-0000,Private      ,0,1,1,0,1,1
03807300,ROSE BRUFORD COLLEGE                    ,FC,00000-0000,Public       ,1,2,3,1,2,3
03816400,AMERICAN GRAD SCH OF INTERNTL REL & DIPL,FC,00000-0000,Private      ,4,27,31,4,27,31
03818300,LEIPZIG GRADUATE SCHOOL OF MANAGEMENT   ,FC,00000-0000,Private      ,0,3,3,0,3,3
03824300,"ROYAL VETERINARY COLLEGE (THE), UNIVERSI",FC,00000-0000,Public       ,1,67,68,1,67,68
03850500,MEDICAL UNIVERSITY OF LODZ              ,FC,00000-0000,Public       ,3,13,16,3,13,16
03859400,UNIVERSITY COLLEGE FALMOUTH             ,FC,00000-0000,Public       ,3,3,6,3,3,6
03880300,UNIVERSITY OF GLOUCESTERSHIRE (THE)     ,FC,00000-0000,Public       ,5,3,8,5,3,8
03897400,INTERNATIONAL SPACE UNIVERSITY          ,FC,00000-0000,Private      ,0,2,2,0,2,2
03926400,NATIONAL COLLEGE OF ART AND DESIGN      ,FC,00000-0000,Public       ,0,3,3,0,3,3
03941301,AVE MARIA UNIVERSITY - LATIN AMERICA    ,FC,00000-0000,Private      ,51,11,62,51,11,62
03974300,"ST. GEORGE'S UNIVERSITY, SCHOOL OF VETER",FC,00000-0000,Proprietary  ,1,117,118,1,117,118
03978300,SPURGEON'S COLLEGE                      ,FC,00000-0000,Private      ,0,2,2,0,2,2
03993400,TRINITY UNIVERSITY COLLEGE CARMARTHEN   ,FC,00000-0000,Public       ,0,1,1,0,1,1
04021400,"AMERICAN COLLEGE, DUBLIN LIMITED (THE)  ",FC,00000-0000,Private      ,3,4,7,3,4,7
04021500,CENTRAL EUROPEAN UNIVERSITY             ,FC,00000-0000,Private      ,3,53,56,3,53,56
04032300,YORK ST JOHN UNIVERSITY                 ,FC,00000-0000,Public       ,4,3,7,4,3,7
04046300,HK UNIVERSITY OF SCI & TECH (HKUST)     ,FC,00000-0000,Public       ,0,10,10,0,10,10
04070300,"RAPHAEL RECANATI INTERNATIONAL SCHOOL, T",FC,00000-0000,Private      ,18,27,45,18,27,45
04113300,LEBANESE AMERICAN UNIVERSITY            ,FC,00000-0000,Private      ,11,10,21,11,10,21
04115900,LIVERPOOL HOPE UNIVERSITY               ,FC,00000-0000,Public       ,4,9,13,4,9,13
04116300,EDHEC BUSINESS SCHOOL                   ,FC,00000-0000,Private      ,0,9,9,0,9,9
04121400,ISAPZURICH (INTERNATIONAL SCHOOL OF ANAL,FC,00000-0000,Private      ,1,3,4,1,3,4
04128600,UNIVERSITY OF WORCESTER                 ,FC,00000-0000,Public       ,1,2,3,1,2,3
04139100,UNIVERSITA DEGLI STUDI DI SCIENZE GASTRO,FC,00000-0000,Private      ,3,9,12,3,9,12
04143700,ST MARY'S UNIVERSITY COLLEGE TWICKENHAM ,FC,00000-0000,Public       ,2,18,20,2,18,20
00380600,ALDERSON-BROADDUS COLLEGE               ,WV,26416-1051,Private      ,729,229,958,729,229,958
00380700,MOUNTAIN STATE UNIVERSITY               ,WV,25801-5624,Private      ,812,2948,3760,812,2948,3760
00380800,BETHANY COLLEGE                         ,WV,26032-0417,Private      ,945,90,1035,945,90,1035
00380900,BLUEFIELD STATE COLLEGE                 ,WV,24701-2198,Public       ,888,924,1812,888,924,1812
00381000,CONCORD UNIVERSITY                      ,WV,24712-0000,Public       ,2377,796,3173,2377,796,3173
00381100,DAVIS & ELKINS COLLEGE                  ,WV,26241-3996,Private      ,729,201,930,729,201,930
00381200,FAIRMONT STATE UNIVERSITY               ,WV,26554-2470,Public       ,4014,2183,6197,4014,2183,6197
00381300,GLENVILLE STATE COLLEGE                 ,WV,26351-1292,Public       ,1067,389,1456,1067,389,1456
00381500,MARSHALL UNIVERSITY                     ,WV,25755-3300,Public       ,7771,4102,11873,7771,4102,11873
00381600,SOUTHERN WV COMMUNITY COLLEGE           ,WV,25637-2900,Public       ,673,557,1230,673,557,1230
00381800,UNIVERSITY OF CHARLESTON                ,WV,25304-1099,Private      ,1152,573,1725,1152,573,1725
00381900,OHIO VALLEY COLLEGE                     ,WV,26105-8000,Private      ,346,89,435,346,89,435
00382000,SALEM INTERNATIONAL UNIVERSITY          ,WV,26426-0500,Proprietary  ,189,317,506,189,317,506
00382200,SHEPHERD UNIVERSITY                     ,WV,25443-3210,Public       ,3386,1130,4516,3386,1130,4516
00382300,WEST LIBERTY UNIVERSITY                 ,WV,26074-0295,Public       ,2355,556,2911,2355,556,2911
00382600,WEST VIRGINIA STATE UNIVERSITY          ,WV,25112-0000,Public       ,1838,1302,3140,1838,1302,3140
00382700,WEST VIRGINIA UNIVERSITY                ,WV,26506-6201,Public       ,22235,7275,29510,22235,7275,29510
00382711,WEST VIRGINIA UNIVERSITY - POTOMAC STATE,WV,26726-3000,Public       ,1340,359,1699,1340,359,1699
00382721,WEST VIRGINIA UNIV INST OF TECH         ,WV,25136-2436,Public       ,911,313,1224,911,313,1224
00382800,WEST VIRGINIA UNIV AT PARKERSBURG       ,WV,26101-9577,Public       ,1064,1501,2565,1064,1501,2565
00383000,WEST VIRGINIA WESLEYAN COLLEGE          ,WV,26201-2600,Private      ,1634,196,1830,1634,196,1830
00383100,WHEELING JESUIT UNIVERSITY              ,WV,26003-6243,Private      ,881,337,1218,881,337,1218
00500700,WEST VIRGINIA JUNIOR COLLEGE            ,WV,26505-5596,Proprietary  ,109,142,251,109,142,251
00500800,MOUNTAIN STATE COLLEGE                  ,WV,26101-3993,Proprietary  ,40,163,203,40,163,203
00754400,APPALACHIAN BIBLE COLLEGE               ,WV,25818-1353,Private      ,176,33,209,176,33,209
00757800,HUNTINGTON SCHOOL OF BEAUTY CULTURE     ,WV,25705-2030,Proprietary  ,33,49,82,33,49,82
00760000,INTERNATIONAL BEAUTY SCHOOL             ,WV,25401-3231,Proprietary  ,8,17,25,8,17,25
00835500,JAMES RUMSEY TECHNICAL INSTITUTE        ,WV,25403-0259,Public       ,42,150,192,42,150,192
00895900,CLARKSBURG BEAUTY ACADEMY               ,WV,26301-2903,Proprietary  ,13,22,35,13,22,35
00904700,HUNTINGTON JUNIOR COLLEGE               ,WV,25701-2004,Proprietary  ,91,619,710,91,619,710
00905400,WEST VIRGINIA NORTHERN CMTY COLLEGE     ,WV,26003-0000,Public       ,631,946,1577,631,946,1577
01014000,MINERAL COUNTY VOCATIONAL TECH CTR      ,WV,26726-0000,Public       ,11,17,28,11,17,28
01035600,EVEREST INSTITUTE                       ,WV,25313-1304,Proprietary  ,53,139,192,53,139,192
01057300,WEST VIRGINIA JUNIOR COLLEGE            ,WV,25322-0000,Proprietary  ,87,139,226,87,139,226
01057302,WEST VIRGINIA JUNIOR COLLEGE            ,WV,26330-0000,Proprietary  ,117,236,353,117,236,353
01086100,WEST VIRGINIA BUSINESS COLLEGE          ,WV,26301-0000,Proprietary  ,18,50,68,18,50,68
01124500,WEST VIRGINIA SCH OSTEOPATHIC MED       ,WV,24901-1128,Public       ,6,663,669,6,663,669
01174900,WOOD COUNTY SCH OF PRAC NURSING         ,WV,26101-6424,Public       ,15,33,48,15,33,48
01235900,B M SPURR SCHOOL OF PRAC NURSING        ,WV,26038-1660,Private      ,7,9,16,7,9,16
01257300,WEST VIRGINIA UNIV-HOSP-RAD TECH        ,WV,26506-8062,Private      ,68,44,112,68,44,112
01274300,BENJAMIN FRANKLIN CAREER&TECH           ,WV,25064-0000,Public       ,39,60,99,39,60,99
01290400,MONONGALIA CNTY TECH ED CTR             ,WV,26501-6841,Public       ,51,57,108,51,57,108
01290500,ACADEMY OF CAREERS AND TECHNOLOGY       ,WV,25801-0000,Public       ,33,125,158,33,125,158
02057400,ROANE-JACKSON TECHNICAL CENTER          ,WV,25252-0000,Public       ,13,23,36,13,23,36
02068000,UNITED TECHNICAL CENTER                 ,WV,26301-0000,Public       ,27,68,95,27,68,95
02070100,BECKLEY BEAUTY ACADEMY                  ,WV,25801-0000,Proprietary  ,21,31,52,21,31,52
02073400,CARVER CAREER TECH ED CTR               ,WV,25306-6397,Public       ,97,133,230,97,133,230
02145100,SCOTT COLLEGE OF COSMETOLOGY            ,WV,26003-0000,Proprietary  ,24,18,42,24,18,42
02178200,CHARLESTON SCHOOL OF BEAUTY CULTURE     ,WV,25301-0000,Proprietary  ,29,29,58,29,29,58
02218200,GARNET CAREER CENTER                    ,WV,25301-0000,Public       ,54,130,184,54,130,184
02275300,CABELL COUNTY CAREER TECHNOLOGY CTR     ,WV,25705-0000,Public       ,38,89,127,38,89,127
02524500,RALPH R WILLIS VOCATIONAL CENTER        ,WV,25601-0000,Public       ,16,25,41,16,25,41
02534800,FRED W EBERLE TECHNICAL CENTER          ,WV,26201-0000,Public       ,27,45,72,27,45,72
02535500,MERCER COUNTY TECH EDUC CNTR            ,WV,24740-0000,Public       ,36,73,109,36,73,109
02579900,NORTH CENTRAL OPPORTUNITIES INDUSTRIALIZ,WV,26554-2936,Private      ,6,23,29,6,23,29
02609400,VALLEY COLLEGE                          ,WV,25404-5711,Proprietary  ,10,78,88,10,78,88
03052000,MEREDITH MANOR EQUESTRIAN CENTRE        ,WV,26184-9707,Proprietary  ,117,54,171,117,54,171
03076500,FAYETTE INSTITUTE OF TECHNOLOGY         ,WV,25901-2174,Public       ,12,34,46,12,34,46
03084200,VALLEY COLLEGE                          ,WV,24740-3141,Proprietary  ,11,36,47,11,36,47
03084400,VALLEY COLLEGE                          ,WV,25801-2643,Proprietary  ,16,63,79,16,63,79
03098300,PUTNAM CAREER & TECHNICAL CENTER        ,WV,25070-0000,Public       ,24,34,58,24,34,58
03099200,"MOUNTAINEER BEAUTY COLLEGE, INC         ",WV,25177-2917,Proprietary  ,25,29,54,25,29,54
03102100,MORGANTOWN BEAUTY COLLEGE               ,WV,26505-5430,Proprietary  ,32,35,67,32,35,67
03123200,STANLEY TECHNICAL INSTITUTE             ,WV,26505-3751,Private      ,5,7,12,5,7,12
03327500,SOUTH BRANCH VOCATIONAL TECH CENTER     ,WV,26847-1698,Public       ,2,1,3,2,1,3
03734300,JOHN D. ROCKEFELLER IV CAREER CENTER    ,WV,26047-9424,Public       ,3,5,8,3,5,8
03819300,AMERICAN PUBLIC UNIVERSITY SYSTEM       ,WV,25414-1621,Proprietary  ,397,10262,10659,397,10262,10659
03957300,BLUE RIDGE COMMUNITY AND TECHNICAL COLLE,WV,25401-3244,Public       ,379,941,1320,379,941,1320
03960300,NEW RIVER COMMUNITY AND TECHNICAL COLLEG,WV,25801-2636,Public       ,619,1220,1839,619,1220,1839
04028300,MOUNTAIN STATE SCHOOL OF MASSAGE        ,WV,25304-2025,Proprietary  ,9,18,27,9,18,27
04038500,PIERPONT COMMUNITY & TECHNICAL COLLEGE  ,WV,26554-2451,Public       ,1092,864,1956,1092,864,1956
04038600,KANAWHA VALLEY COMMUNITY & TECH COLLEGE ,WV,25112-1000,Public       ,344,713,1057,344,713,1057
04041400,MOUNTWEST COMMUNITY AND TECHNICAL COLLEG,WV,25755-3300,Public       ,425,746,1171,425,746,1171
04047300,BRIDGEMONT COMMUNITY & TECHNICAL COLLEGE,WV,25136-2435,Public       ,244,195,439,244,195,439
04119000,EASTERN WEST VIRGINIA COMMUNITY & TECHNI,WV,26836-0000,Public       ,89,148,237,89,148,237
00106100,ALASKA PACIFIC UNIVERSITY               ,AK,99508-4672,Private      ,329,346,675,329,346,675
00106300,UNIVERSITY OF ALASKA FAIRBANKS          ,AK,99775-7500,Public       ,1808,1806,3614,1808,1806,3614
00106500,UNIVERSITY OF ALASKA SOUTHEAST          ,AK,99801-8680,Public       ,477,728,1205,477,728,1205
00884300,ALASKA BIBLE COLLEGE                    ,AK,99588-0000,Private      ,11,7,18,11,7,18
01146200,UNIVERSITY OF ALASKA ANCHORAGE          ,AK,99514-1608,Public       ,3304,4349,7653,3304,4349,7653
02541000,CAREER ACADEMY                          ,AK,99507-0000,Proprietary  ,58,146,204,58,146,204
02576900,CHARTER COLLEGE                         ,AK,99508-0000,Proprietary  ,141,718,859,141,718,859
03160300,AVTEC                                   ,AK,99664-0889,Public       ,109,158,267,109,158,267
03461300,ILISAGVIK COLLEGE                       ,AK,99723-0749,Public       ,9,6,15,9,6,15
04138600,ALASKA CHRISTIAN COLLEGE                ,AK,99669-9755,Private      ,14,10,24,14,10,24
00108500,UNIV ARKANSAS MONTICELLO                ,AR,71656-0000,Public       ,933,661,1594,933,661,1594
00108600,UNIV OF ARKANSAS AT PINE BLUFF          ,AR,71601-2790,Public       ,2042,726,2768,2042,726,2768
00108700,ARKANSAS BAPTIST COLLEGE                ,AR,72202-6099,Private      ,269,390,659,269,390,659
00108800,LYON COLLEGE                            ,AR,72501-3699,Private      ,499,80,579,499,80,579
00108900,ARKANSAS TECH UNIVERSITY                ,AR,72801-2222,Public       ,3030,1559,4589,3030,1559,4589
00109000,ARKANSAS STATE UNIVERSITY               ,AR,72467-0000,Public       ,4232,3513,7745,4232,3513,7745
00109006,DELTA TECHNICAL INSTITUTE               ,AR,72365-9558,Public       ,22,44,66,22,44,66
00109100,ARKANSAS STATE UNIVERSITY - BEEBE       ,AR,72012-1000,Public       ,770,1113,1883,770,1113,1883
00109200,UNIVERSITY OF CENTRAL ARKANSAS          ,AR,72035-0001,Public       ,4330,1715,6045,4330,1715,6045
00109300,CENTRAL BAPTIST COLLEGE                 ,AR,72034-6470,Private      ,249,137,386,249,137,386
00109400,UNIVERSITY OF THE OZARKS                ,AR,72830-2880,Private      ,468,86,554,468,86,554
00109500,CROWLEYS RIDGE COLLEGE                  ,AR,72450-9775,Private      ,81,42,123,81,42,123
00109700,HARDING UNIVERSITY                      ,AR,72149-0001,Private      ,2073,648,2721,2073,648,2721
00109800,HENDERSON STATE UNIVERSITY              ,AR,71999-0001,Public       ,1749,712,2461,1749,712,2461
00109900,HENDRIX COLLEGE                         ,AR,72032-3080,Private      ,1882,115,1997,1882,115,1997
00110000,JOHN BROWN UNIVERSITY                   ,AR,72761-2747,Private      ,1176,477,1653,1176,477,1653
00110100,UNIV ARKANSAS LITTLE ROCK               ,AR,72204-1099,Public       ,2478,4105,6583,2478,4105,6583
00110200,OUACHITA BAPTIST UNIVERSITY             ,AR,71998-0001,Private      ,1049,96,1145,1049,96,1145
00110300,PHILANDER SMITH COLLEGE                 ,AR,72202-3718,Private      ,609,309,918,609,309,918
00110400,PHILLIPS COUNTY COMMUNITY COLLEGE       ,AR,72342-0000,Public       ,164,207,371,164,207,371
00110600,WILLIAMS BAPTIST COLLEGE                ,AR,72476-4661,Private      ,347,85,432,347,85,432
00110700,SOUTHERN ARKANSAS UNIVERSITY            ,AR,71754-0000,Public       ,1148,576,1724,1148,576,1724
00110800,UNIV ARKANSAS FAYETTEVILLE              ,AR,72701-0000,Public       ,9131,3008,12139,9131,3008,12139
00110900,UNIV OF ARKANSAS FOR MEDCL SCIENCES     ,AR,72205-7102,Public       ,295,942,1237,295,942,1237
00110901,UNIV OF ARKANSAS COLG OF MEDICINE       ,AR,72205-0000,Public       ,59,174,233,59,174,233
00111000,UNIVERSITY OF ARKANSAS-FORT SMITH       ,AR,72904-7397,Public       ,1992,1811,3803,1992,1811,3803
00524500,U OF A COMM COLLEGE AT MORRILTON        ,AR,72110-9601,Public       ,418,671,1089,418,671,1089
00570700,SEARK COLLEGE                           ,AR,71603-0000,Public       ,201,601,802,201,601,802
00573200,UNIV AR COMMUNITY COLLEGE AT HOPE       ,AR,71801-0000,Public       ,161,351,512,161,351,512
00704400,CROWLEYS RIDGE TECHNICAL INSTITUTE      ,AR,72336-0000,Public       ,27,75,102,27,75,102
00732967,ITT TECHNICAL INSTITUTE                 ,AR,72204-7739,Proprietary  ,87,193,280,87,193,280
00773800,SOUTHERN ARKANSAS UNIVERSITY TECH       ,AR,71701-1900,Public       ,187,291,478,187,291,478
00792100,PAUL MITCHELL THE SCHOOL ARKANSAS       ,AR,72701-0000,Proprietary  ,19,35,54,19,35,54
00997600,OUACHITA TECHNICAL COLLEGE              ,AR,72104-0816,Public       ,95,336,431,95,336,431
01074100,MELLIE'S BEAUTY COLLEGE                 ,AR,72901-3886,Proprietary  ,8,58,66,8,58,66
01210500,NATIONAL PARK COMMUNITY COLLEGE         ,AR,71913-9174,Public       ,344,870,1214,344,870,1214
01226000,EAST ARKANSAS COMMUNITY COLLEGE         ,AR,72335-2204,Public       ,150,263,413,150,263,413
01226100,NORTH ARKANSAS COLLEGE                  ,AR,72601-5508,Public       ,417,649,1066,417,649,1066
01286000,ARKANSAS NORTHEASTERN COLLEGE           ,AR,72316-1109,Public       ,308,498,806,308,498,806
02052200,BLACK RIVER TECHNICAL COLLEGE           ,AR,72455-0000,Public       ,263,734,997,263,734,997
02073500,UNIVERSITY OF ARKANSAS COMMUNITY COLLEGE,AR,72503-0000,Public       ,264,452,716,264,452,716
02073700,NORTHWEST TECHNICAL INSTITUTE           ,AR,72765-0000,Public       ,61,188,249,61,188,249
02074600,SOUTH ARKANSAS COMMUNITY COLLEGE        ,AR,71731-0000,Public       ,177,467,644,177,467,644
02075300,PULASKI TECHNICAL COLLEGE               ,AR,72118-0000,Public       ,1061,4008,5069,1061,4008,5069
02087000,OZARKA COLLEGE                          ,AR,72556-0000,Public       ,121,382,503,121,382,503
02111100,RICH MOUNTAIN COMMUNITY COLLEGE         ,AR,71953-0000,Public       ,150,151,301,150,151,301
02202400,PROFESSIONAL COSMETOLOGY EDUC CTR       ,AR,71730-5828,Proprietary  ,4,16,20,4,16,20
02220900,COSSATOT COMMUNITY COLLEGE              ,AR,71832-0000,Public       ,152,355,507,152,355,507
02260400,BEE JAY'S HAIRSTYLING ACADEMY           ,AR,72212-0000,Proprietary  ,3,18,21,3,18,21
02260401,BEE JAY'S HAIRSTYLING ACADEMY - BATESVIL,AR,72501-6709,Proprietary  ,0,6,6,0,6,6
02272400,EASTERN COLLEGE OF HEALTH VOCATIONS     ,AR,72205-3535,Proprietary  ,32,161,193,32,161,193
02284200,NEW TYLER BARBER COLLEGE INC            ,AR,72114-0000,Proprietary  ,9,43,52,9,43,52
02287400,MARSHA KAY BEAUTY COLLEGE               ,AR,72653-0000,Proprietary  ,3,4,7,3,4,7
02330800,JEFFERSON SCHOOL OF NURSING             ,AR,71603-0000,Private      ,21,67,88,21,67,88
02339800,SOUTHERN INSTITUTE OF COSMETOLOGY       ,AR,72301-0000,Proprietary  ,5,8,13,5,8,13
02341700,CAREER ACADEMY OF HAIR DESIGN           ,AR,72764-4304,Proprietary  ,7,28,35,7,28,35
02341701,CAREER ACADEMY OF HAIR DESIGN - ROGERS  ,AR,72756-2102,Proprietary  ,7,33,40,7,33,40
02341702,CAREER ACADEMY OF HAIR DESIGN - SILOAM  ,AR,72761-4217,Proprietary  ,6,8,14,6,8,14
02348200,MID-SOUTH COMMUNITY COLLEGE             ,AR,72301-0000,Public       ,230,570,800,230,570,800
02363500,ARTHUR'S BEAUTY COLLEGE                 ,AR,72901-0000,Proprietary  ,6,43,49,6,43,49
02525800,LEE'S SCHOOL OF COSMETOLOGY             ,AR,72114-0000,Proprietary  ,12,41,53,12,41,53
02538500,ARTHUR'S BEAUTY COLLEGE                 ,AR,72076-0000,Proprietary  ,12,44,56,12,44,56
02569600,SEARCY BEAUTY COLLEGE                   ,AR,72143-0000,Proprietary  ,2,23,25,2,23,25
03005100,ARKANSAS BEAUTY SCHOOL                  ,AR,72209-5116,Proprietary  ,18,43,61,18,43,61
03007100,HOT SPRINGS BEAUTY COLLEGE              ,AR,71901-5432,Proprietary  ,13,30,43,13,30,43
03007600,ARKANSAS BEAUTY SCHOOL-CONWAY           ,AR,72032-4354,Proprietary  ,15,28,43,15,28,43
03023400,ARKANSAS COLLEGE OF BARBERING           ,AR,72114-5615,Proprietary  ,10,21,31,10,21,31
03063300,NORTHWEST ARKANSAS COMMUNITY COLLEG     ,AR,72712-5190,Public       ,1103,1958,3061,1103,1958,3061
03065100,ABC BEAUTY COLLEGE                      ,AR,71923-4206,Proprietary  ,8,10,18,8,10,18
03066302,BRYAN COLLEGE -                         ,AR,72756-1825,Proprietary  ,20,112,132,20,112,132
03105200,BAPTIST HEALTH SCHOOLS LITTLE ROCK      ,AR,72210-2820,Private      ,187,549,736,187,549,736
03115102,HERITAGE COLLEGE - LITTLE ROCK          ,AR,72227-5544,Proprietary  ,46,215,261,46,215,261
03124900,IMAGINE -  PAUL MITCHELL PARTNER SCHOOL ,AR,72117-2516,Proprietary  ,44,73,117,44,73,117
03127200,ASKINS VO-TECH                          ,AR,72908-8028,Proprietary  ,5,22,27,5,22,27
03214300,VELVATEX COLLEGE OF BEAUTY CULTURE      ,AR,72202-5452,Proprietary  ,1,16,17,1,16,17
03254300,MARGARET'S HAIR ACADEMY                 ,AR,71655-4905,Proprietary  ,6,12,18,6,12,18
03519400,LYNNDALE FUNDAMENTALS OF BEAUTY SCH     ,AR,71730-4804,Proprietary  ,3,6,9,3,6,9
03855300,ECCLESIA COLLEGE                        ,AR,72762-8159,Private      ,35,27,62,35,27,62
03912300,CROSSETT SCHOOL OF COSMETOLOGY          ,AR,71635-0000,Proprietary  ,5,7,12,5,7,12
03997300,ARKANSAS BEAUTY COLLEGE                 ,AR,72801-3741,Proprietary  ,8,22,30,8,22,30
04183400,SALON PROFESSIONAL ACADEMY (THE)        ,AR,72116-7310,Proprietary  ,7,14,21,7,14,21
00133900,CORBAN UNIVERSITY                       ,OR,97301-9392,Private      ,1675,466,2141,1675,466,2141
00318600,BLUE MOUNTAIN COMMUNITY COLLEGE         ,OR,97801-0000,Public       ,748,1171,1919,748,1171,1919
00318800,CENTRAL OREGON COMMUNITY COLLEGE        ,OR,97701-5998,Public       ,1606,3622,5228,1606,3622,5228
00318900,CLATSOP COMMUNITY COLLEGE               ,OR,97103-3698,Public       ,371,804,1175,371,804,1175
00319100,CONCORDIA UNIVERSITY                    ,OR,97211-6099,Private      ,1380,1349,2729,1380,1349,2729
00319300,EASTERN OREGON UNIVERSITY               ,OR,97850-2899,Public       ,2118,2042,4160,2118,2042,4160
00319400,GEORGE FOX UNIVERSITY                   ,OR,97132-2697,Private      ,3002,1166,4168,3002,1166,4168
00319600,LANE COMMUNITY COLLEGE                  ,OR,97405-0640,Public       ,4530,9367,13897,4530,9367,13897
00319700,LEWIS & CLARK COLLEGE                   ,OR,97219-7899,Private      ,4874,2930,7804,4874,2930,7804
00319800,LINFIELD COLLEGE                        ,OR,97128-6894,Private      ,3216,817,4033,3216,817,4033
00319801,LINFIELD COLLEGE - PORTLAND CAMPUS      ,OR,97210-0000,Private      ,363,745,1108,363,745,1108
00319900,MARYLHURST UNIVERSITY                   ,OR,97036-7036,Private      ,107,1079,1186,107,1079,1186
00320300,MOUNT ANGEL SEMINARY                    ,OR,97373-0505,Private      ,6,8,14,6,8,14
00320400,MOUNT HOOD COMMUNITY COLLEGE            ,OR,97030-3300,Public       ,2982,4936,7918,2982,4936,7918
00320600,MULTNOMAH BIBLE COLLEGE/SEMINARY        ,OR,97220-5898,Private      ,427,411,838,427,411,838
00320700,PACIFIC NORTHWEST COLLEGE OF ART        ,OR,97209-3023,Private      ,564,448,1012,564,448,1012
00320800,NORTHWEST CHRISTIAN UNIVERSITY          ,OR,97401-3727,Private      ,491,442,933,491,442,933
00320900,WESTERN OREGON UNIVERSITY               ,OR,97361-1394,Public       ,6067,2206,8273,6067,2206,8273
00321000,OREGON STATE UNIVERSITY                 ,OR,97331-8507,Public       ,19399,8457,27856,19399,8457,27856
00321100,OREGON INSTITUTE OF TECHNOLOGY          ,OR,97601-8801,Public       ,2072,1653,3725,2072,1653,3725
00321200,PACIFIC UNIVERSITY                      ,OR,97116-1797,Private      ,3193,2413,5606,3193,2413,5606
00321300,PORTLAND COMMUNITY COLLEGE              ,OR,97219-7198,Public       ,7631,17979,25610,7631,17979,25610
00321312,PORTLAND COMMUNITY COLLEGE - COLUMBIA GO,OR,97058-3447,Public       ,262,549,811,262,549,811
00321600,PORTLAND STATE UNIVERSITY               ,OR,97207-0000,Public       ,11028,14947,25975,11028,14947,25975
00321700,REED COLLEGE                            ,OR,97202-8199,Private      ,2463,364,2827,2463,364,2827
00321800,CHEMEKETA COMMUNITY COLLEGE             ,OR,97309-1500,Public       ,3833,7775,11608,3833,7775,11608
00321900,SOUTHERN OREGON UNIVERSITY              ,OR,97520-5010,Public       ,4457,2638,7095,4457,2638,7095
00322000,SOUTHWESTERN OREGON COMMUNITY CLG       ,OR,97420-2956,Public       ,1155,1138,2293,1155,1138,2293
00322100,TREASURE VALLEY COMMUNITY COLLEGE       ,OR,97914-3423,Public       ,987,1265,2252,987,1265,2252
00322200,UMPQUA COMMUNITY COLLEGE                ,OR,97470-0226,Public       ,898,2308,3206,898,2308,3206
00322300,UNIVERSITY OF OREGON                    ,OR,97403-1226,Public       ,24351,9670,34021,24351,9670,34021
00322400,UNIVERSITY OF PORTLAND                  ,OR,97203-5798,Private      ,8549,1837,10386,8549,1837,10386
00322500,WARNER PACIFIC COLLEGE                  ,OR,97215-4099,Private      ,693,1016,1709,693,1016,1709
00322700,WILLAMETTE UNIVERSITY                   ,OR,97301-3930,Private      ,4808,1368,6176,4808,1368,6176
00487800,CLACKAMAS COMMUNITY COLLEGE             ,OR,97045-7998,Public       ,2319,3427,5746,2319,3427,5746
00488200,OREGON HEALTH & SCIENCE UNIVERSITY      ,OR,97239-0000,Public       ,501,2864,3365,501,2864,3365
00693800,LINN BENTON COMMUNITY COLLEGE           ,OR,97321-3774,Public       ,2519,3500,6019,2519,3500,6019
00717800,WESTERN SEMINARY                        ,OR,97215-0000,Private      ,10,194,204,10,194,204
00723402,HEALD COLLEGE - PORTLAND                ,OR,97205-3432,Proprietary  ,108,676,784,108,676,784
00732969,ITT TECHNICAL INSTITUTE                 ,OR,97220-6819,Proprietary  ,211,492,703,211,492,703
00781900,ART INSTITUTE OF PORTLAND (THE)         ,OR,97209-2911,Proprietary  ,1265,1267,2532,1265,1267,2532
00888700,CONCORDE CAREER INSTITUTE               ,OR,97232-2242,Proprietary  ,114,458,572,114,458,572
00907900,EVEREST COLLEGE                         ,OR,97204-2296,Proprietary  ,120,415,535,120,415,535
00958100,SPRINGFIELD COLLEGE OF BEAUTY           ,OR,97477-5474,Proprietary  ,44,85,129,44,85,129
01012200,PHAGANS' MEDFORD BEAUTY SCHOOL          ,OR,97504-5297,Proprietary  ,26,77,103,26,77,103
01018200,ROGUE COMMUNITY COLLEGE                 ,OR,97527-0000,Public       ,1837,4610,6447,1837,4610,6447
01050700,ACADEMY OF HAIR DESIGN                  ,OR,97301-3526,Proprietary  ,26,58,84,26,58,84
01230900,UNIVERSITY OF WESTERN STATES            ,OR,97230-3099,Private      ,39,407,446,39,407,446
01234700,PHAGANS CENTRAL OREGON BEAUTY CLG       ,OR,97701-5175,Proprietary  ,43,105,148,43,105,148
01234800,PHAGANS BEAUTY COLLEGE                  ,OR,97333-4716,Proprietary  ,31,43,74,31,43,74
01235000,PHAGANS SCHOOL OF HAIR DESIGN           ,OR,97267-4808,Proprietary  ,26,66,92,26,66,92
01235100,PHAGANS SCHOOL OF BEAUTY                ,OR,97301-4732,Proprietary  ,25,81,106,25,81,106
01300800,PHAGANS TIGARD BEAUTY SCHOOL            ,OR,97223-0000,Proprietary  ,20,37,57,20,37,57
02101000,NORTHWEST COLLEGE OF HAIR DESIGN        ,OR,97086-7702,Proprietary  ,82,192,274,82,192,274
02101002,NORTHWEST COLLEGE                       ,OR,97007-3954,Proprietary  ,24,32,56,24,32,56
02104900,COLLEGE OF LEGAL ARTS                   ,OR,97219-9998,Proprietary  ,44,158,202,44,158,202
02106100,COLLEGE OF COSMETOLOGY                  ,OR,97601-0000,Proprietary  ,17,30,47,17,30,47
02154400,BEAU MONDE CLG OF HAIR DESIGN           ,OR,97205-0000,Proprietary  ,63,113,176,63,113,176
02159700,NEW HOPE CHRISTIAN COLLEGE              ,OR,97405-1194,Private      ,95,72,167,95,72,167
02201900,PHAGANS' SCHOOL OF HAIR DESIGN          ,OR,97232-0000,Proprietary  ,54,149,203,54,149,203
02239203,ANTHEM COLLEGE - BEAVERTON              ,OR,97005-0000,Proprietary  ,39,82,121,39,82,121
02330100,PIONEER PACIFIC COLLEGE                 ,OR,97070-0000,Proprietary  ,154,578,732,154,578,732
02330102,PIONEER PACIFIC COLLEGE                 ,OR,97403-0000,Proprietary  ,101,429,530,101,429,530
02337900,COLLEGE OF HAIR DESIGN CAREERS          ,OR,97301-0000,Proprietary  ,37,57,94,37,57,94
02344100,ROSEBURG BEAUTY COLLEGE                 ,OR,97470-0000,Proprietary  ,21,61,82,21,61,82
02534000,NATIONAL COLLEGE OF NATURAL MEDICINE    ,OR,97201-0000,Private      ,24,444,468,24,444,468
02578800,NORTHWEST NANNIES INSTITUTE             ,OR,97035-0000,Proprietary  ,11,8,19,11,8,19
02603700,OREGON COL OF ORIENTAL MEDICINE         ,OR,97216-0000,Private      ,16,277,293,16,277,293
02617506,EVEREST COLLEGE - EVEREST INSTITUTE     ,OR,97223-6581,Proprietary  ,28,88,116,28,88,116
03007300,OREGON COLLEGE OF ART & CRAFT           ,OR,97225-6399,Private      ,147,247,394,147,247,394
03022600,LE CORDON BLEU COLLEGE OF CULINARY ARTS ,OR,97205-2793,Proprietary  ,602,1105,1707,602,1105,1707
03042500,CARRINGTON COLLEGE                      ,OR,97232-1302,Proprietary  ,144,441,585,144,441,585
03074400,PHAGANS NEWPORT ACAD CSMTLGY CAREER     ,OR,97365-4963,Proprietary  ,6,23,29,6,23,29
03074500,EAST-WEST COLLEGE OF THE HEALING ARTS   ,OR,97232-2765,Proprietary  ,53,175,228,53,175,228
03185300,PHAGANS GRANTS PASS COLLEGE OF BTY      ,OR,97527-3039,Proprietary  ,18,39,57,18,39,57
03428300,KLAMATH COMMUNITY COLLEGE               ,OR,97603-7121,Public       ,367,981,1348,367,981,1348
03642300,VALLEY MEDICAL COLLEGE                  ,OR,97305-1373,Proprietary  ,75,257,332,75,257,332
03668300,BIRTHINGWAY COLLEGE OF MIDWIFERY        ,OR,97266-4042,Private      ,12,113,125,12,113,125
03783400,ABDILL CAREER COLLEGE                   ,OR,97504-7137,Proprietary  ,26,140,166,26,140,166
04146500,PORTLAND ACTORS CONSERVATORY            ,OR,97201-2557,Private      ,21,38,59,21,38,59
04167400,SAGE SCHOOL OF MASSAGE & HEALING ARTS   ,OR,97701-4082,Proprietary  ,18,39,57,18,39,57
04171400,AVEDA INSTITUTE PORTLAND                ,OR,97209-3144,Proprietary  ,116,176,292,116,176,292
00137400,ALBERTUS MAGNUS COLLEGE                 ,CT,06511-1189,Private      ,812,646,1458,812,646,1458
00137403,ALBERTUS MAGNUS CLG-NEW DIMENSIONS      ,CT,06511-0000,Private      ,60,304,364,60,304,364
00137800,CENTRAL CONNECTICUT STATE UNIV          ,CT,06050-2490,Public       ,7835,2591,10426,7835,2591,10426
00137900,CONNECTICUT COLLEGE                     ,CT,06320-4196,Private      ,2906,127,3033,2906,127,3033
00138000,WESTERN CONNECTICUT STATE UNIV          ,CT,06810-6826,Public       ,5246,1123,6369,5246,1123,6369
00138500,FAIRFIELD UNIVERSITY                    ,CT,06430-0000,Private      ,6444,749,7193,6444,749,7193
00138700,HARTFORD SEMINARY                       ,CT,06105-0000,Private      ,10,37,47,10,37,47
00138900,HOLY APOSTLES COLLEGE & SEMINARY        ,CT,06416-2005,Private      ,9,26,35,9,26,35
00139200,MANCHESTER COMMUNITY COLLEGE            ,CT,06045-1046,Public       ,1722,1414,3136,1722,1414,3136
00139300,MITCHELL COLLEGE                        ,CT,06320-4498,Private      ,839,157,996,839,157,996
00139700,UNIVERSITY OF NEW HAVEN                 ,CT,06516-1999,Private      ,9152,1400,10552,9152,1400,10552
00139800,NORTHWESTERN CT COMMUNITY COLLEGE       ,CT,06098-1747,Public       ,303,307,610,303,307,610
00139900,NORWALK COMMUNITY TECHNICAL COLLEGE     ,CT,06854-1655,Public       ,846,977,1823,846,977,1823
00140100,POST UNIVERSITY                         ,CT,06723-3240,Proprietary  ,1100,1808,2908,1100,1808,2908
00140200,QUINNIPIAC UNIVERSITY                   ,CT,06518-1908,Private      ,13789,1478,15267,13789,1478,15267
00140201,QUINNIPIAC UNIVERSITY SCHOOL OF LAW     ,CT,06518-0000,Private      ,63,845,908,63,845,908
00140300,SACRED HEART UNIVERSITY                 ,CT,06825-1000,Private      ,7565,1060,8625,7565,1060,8625
00140600,SOUTHERN CONNECTICUT STATE UNIV         ,CT,06515-1355,Public       ,7777,3238,11015,7777,3238,11015
00140900,SAINT JOSEPH COLLEGE                    ,CT,06117-2791,Private      ,1142,800,1942,1142,800,1942
00141400,TRINITY COLLEGE                         ,CT,06106-3100,Private      ,3157,199,3356,3157,199,3356
00141600,UNIVERSITY OF BRIDGEPORT                ,CT,06601-5650,Private      ,2551,1656,4207,2551,1656,4207
00141700,UNIVERSITY OF CONNECTICUT-STORRS        ,CT,06269-2151,Public       ,27727,4655,32382,27727,4655,32382
00141702,UNIV CONN STAMFORD                      ,CT,06901-0000,Public       ,506,231,737,506,231,737
00141703,UNIV OF CONNECTICUT - TORINGTON         ,CT,06790-0000,Public       ,137,43,180,137,43,180
00141706,UNIV OF CONNECTICUT SCH LAW             ,CT,06105-0000,Public       ,17,988,1005,17,988,1005
00141707,UNIV OF CT - SCH OF SOCIAL WORK         ,CT,06117-0000,Public       ,76,534,610,76,534,610
00141708,UNIVERSITY OF CONNECTICUT - SCHOOL OF ME,CT,06030-1920,Public       ,279,429,708,279,429,708
00141709,UNIVERSITY OF CONNECTICUT - SCHOOL OF DE,CT,06030-1920,Public       ,486,377,863,486,377,863
00142200,UNIVERSITY OF HARTFORD                  ,CT,06117-1599,Private      ,8667,1365,10032,8667,1365,10032
00142400,WESLEYAN UNIVERSITY                     ,CT,06459-3208,Private      ,4886,227,5113,4886,227,5113
00142500,EASTERN CONNECTICUT STATE UNIV          ,CT,06226-2295,Public       ,4584,779,5363,4584,779,5363
00142600,YALE UNIVERSITY                         ,CT,06520-8288,Private      ,15517,7266,22783,15517,7266,22783
00280301,RENSSELAER POLYTECHNIC INSTITUTE-RENSSEL,CT,06120-2991,Private      ,6,15,21,6,15,21
00451300,HOUSATONIC COMMUNITY COLLEGE            ,CT,06604-4704,Public       ,1196,1524,2720,1196,1524,2720
00618100,BRIDGEPORT HOSP SCHL OF NURSING         ,CT,06610-2896,Private      ,98,223,321,98,223,321
00619100,ST. VINCENT'S COLLEGE                   ,CT,06606-9966,Private      ,202,416,618,202,416,618
00698200,NAUGATUCK VALLEY COMM-TECH COLG         ,CT,06708-3089,Public       ,1433,1460,2893,1433,1460,2893
00730000,ELI WHITNEY TECHNICAL HIGH SCHOOL       ,CT,06514-0000,Public       ,9,27,36,9,27,36
00730300,LINCOLN TECHNICAL INSTITUTE             ,CT,06051-0000,Proprietary  ,175,427,602,175,427,602
00730500,PORTER AND CHESTER INSTITUTE OF BRANFORD,CT,06405-4022,Proprietary  ,65,146,211,65,146,211
00731100,WINDHAM TECHNICAL HIGH SCHOOL           ,CT,06226-2100,Public       ,2,4,6,2,4,6
00745900,PAIER COLLEGE OF ART                    ,CT,06514-3902,Proprietary  ,81,29,110,81,29,110
00763500,CAPITAL COMMUNITY COLLEGE               ,CT,06103-1207,Public       ,660,1382,2042,660,1382,2042
00803700,GATEWAY COMMUNITY-TECHNICAL COLLEGE     ,CT,06511-0000,Public       ,1326,1731,3057,1326,1731,3057
00803800,MIDDLESEX COMMUNITY CLG                 ,CT,06457-4889,Public       ,502,499,1001,502,499,1001
00887300,PAUL MITCHELL THE SCHOOL                ,CT,06810-6716,Proprietary  ,38,35,73,38,35,73
00887400,BRIO ACADEMY OF COSMETOLOGY             ,CT,06450-4836,Proprietary  ,32,43,75,32,43,75
00906500,THE HARTFORD CONSERVATORY               ,CT,06105-2891,Private      ,27,7,34,27,7,34
00927700,E C GOODWIN TECHNICAL HIGH SCHOOL       ,CT,06053-0000,Public       ,9,14,23,9,14,23
00940700,LINCOLN COLLEGE OF NEW ENGLAND          ,CT,06489-1057,Proprietary  ,381,308,689,381,308,689
00940701,CLEMENS COLLEGE                         ,CT,06078-0000,Proprietary  ,13,6,19,13,6,19
00976400,TUNXIS COMMUNITY COLLEGE                ,CT,06032-3187,Public       ,863,867,1730,863,867,1730
00976500,THREE RIVERS COMMUNITY TECH COLLEGE     ,CT,06360-0000,Public       ,822,1056,1878,822,1056,1878
00982200,ALBERT I PRINCE TECHNICAL HIGH SCHOOL   ,CT,06106-3799,Public       ,3,21,24,3,21,24
01041700,BRIO ACADEMY OF EAST HARTFORD           ,CT,06108-2220,Proprietary  ,11,19,30,11,19,30
01053000,QUINEBAUG VALLEY COMMUNITY COLLEGE      ,CT,06239-1440,Public       ,329,429,758,329,429,758
01077900,PORTER AND CHESTER INSTITUTE-ALLCAMPUSES,CT,06615-7158,Proprietary  ,293,897,1190,293,897,1190
01115000,ASNUNTUCK COMMUNITY COLLEGE             ,CT,06082-3800,Public       ,221,247,468,221,247,468
01149600,BULLARD HAVENS VOC TECH SCHOOL          ,CT,06610-3499,Public       ,5,30,35,5,30,35
01169700,VINAL REGIONAL VOC TECH SCHOOL          ,CT,06457-4918,Public       ,4,27,31,4,27,31
01184300,NORWICH TECHNICAL HIGH SCHOOL           ,CT,06360-7097,Public       ,4,15,19,4,15,19
01242500,STONE ACADEMY                           ,CT,06514-4125,Proprietary  ,36,172,208,36,172,208
01242503,STONE ACADEMY -WATERBURY                ,CT,06705-3823,Proprietary  ,10,51,61,10,51,61
01242504,STONE ACADEMY -  EAST HARTFORD          ,CT,06118-0000,Proprietary  ,3,46,49,3,46,49
01287700,SANFORD-BROWN COLLEGE                   ,CT,06855-1436,Proprietary  ,30,117,147,30,117,147
01291300,LEON INSTITUTE OF HAIR DESIGN           ,CT,06604-4226,Proprietary  ,2,9,11,2,9,11
01326400,HENRY ABBOTT TECHNICAL HIGH SCHOOL      ,CT,06811-4881,Public       ,3,5,8,3,5,8
02074000,BRANFORD HALL CAREER INSTITUTE          ,CT,06405-0000,Proprietary  ,65,363,428,65,363,428
02106600,AMERICAN INSTITUTE                      ,CT,06110-1922,Proprietary  ,11,111,122,11,111,122
02112300,RIDLEY LOWELL BUSINESS & TECH INST      ,CT,06320-0000,Proprietary  ,33,227,260,33,227,260
02112700,NORTH HAVEN ACADEMY                     ,CT,06473-3108,Proprietary  ,32,45,77,32,45,77
02115100,BUTLER BUSINESS SCHOOL                  ,CT,06604-0000,Proprietary  ,33,154,187,33,154,187
02148700,CONNECTICUT INST OF HAIR DESIGN         ,CT,06716-0000,Proprietary  ,2,14,16,2,14,16
02202500,NEW ENGLAND TRACTOR TRAILER SCH         ,CT,06071-2036,Proprietary  ,2,37,39,2,37,39
02228800,LINCOLN TECHNICAL INSTITUTE - EAST WINDS,CT,06088-9631,Proprietary  ,426,214,640,426,214,640
02244900,GOODWIN COLLEGE                         ,CT,06118-9980,Private      ,483,1869,2352,483,1869,2352
02245300,HOWELL CHENEY TECHNICAL HIGH SCHOOL     ,CT,06040-0000,Public       ,4,8,12,4,8,12
02265900,WINDHAM COMMUNITY MEM HOSP-RAD TECH     ,CT,06226-0000,Private      ,11,8,19,11,8,19
02296100,YALE-NEW HAVEN HOSP DIETETIC INTERN     ,CT,06510-8900,Private      ,11,20,31,11,20,31
02300000,W F KAYNOR TECHNICAL HIGH SCHOOL        ,CT,06708-0000,Public       ,5,23,28,5,23,28
02316600,CONNECTICUT CTR FOR MASSAGE THERAPY     ,CT,06111-3975,Proprietary  ,8,72,80,8,72,80
02316601,CONNECTICUT CENTER FOR MASSAGE THERAPY -,CT,06880-4619,Proprietary  ,10,65,75,10,65,75
02316603,CONNECTICUT CENTER FOR MASSAGE THERAPY -,CT,06340-4619,Proprietary  ,9,42,51,9,42,51
02565000,PLATT TECHNICAL HIGH SCHOOL             ,CT,06460-2105,Public       ,4,5,9,4,5,9
03079400,LYME ACADEMY COLLEGE OF FINE ARTS       ,CT,06371-2333,Private      ,53,14,67,53,14,67
03094800,INDUSTRIAL MANAGEMENT & TRAINING        ,CT,06706-1211,Proprietary  ,5,55,60,5,55,60
03234300,CHARTER OAK STATE COLLEGE               ,CT,06053-2150,Public       ,41,553,594,41,553,594
03316300,LINCOLN TECHNICAL INSTITUTE - HARTFORD  ,CT,06105-3630,Proprietary  ,282,255,537,282,255,537
03381300,CONNECTICUT TRAINING CENTER             ,CT,06108-2705,Private      ,1,17,18,1,17,18
03927300,ALBERT SCHOOL (THE)                     ,CT,06357-2447,Proprietary  ,12,9,21,12,9,21
04104300,ACADEMY DI CAPELLI - SCHOOL OF COSMETOLO,CT,06492-0000,Proprietary  ,3,11,14,3,11,14
04128800,BRANFORD ACADEMY OF HAIR & COSMETOLOGY  ,CT,06405-0000,Proprietary  ,4,16,20,4,16,20
04145400,OXFORD ACADEMY OF HAIR DESIGN           ,CT,06483-2911,Proprietary  ,6,3,9,6,3,9
04148400,EUROPEAN ACADEMY OF COSMETOLOGY AND HAIR,CT,06437-0000,Proprietary  ,5,6,11,5,6,11
04152400,INTERNATIONAL INSTITUTE OF COSMETOLOGY  ,CT,06109-0000,Proprietary  ,13,11,24,13,11,24
04162900,TONSORIAL ACADEMY OF COSMETOLOGY AND BAR,CT,06516-0000,Proprietary  ,0,1,1,0,1,1
00146600,BARRY UNIVERSITY                        ,FL,33161-6695,Private      ,3937,3815,7752,3937,3815,7752
00146601,BARRY UNIVERSITY - ORLANDO              ,FL,32807-3673,Private      ,162,884,1046,162,884,1046
00146700,BETHUNE COOKMAN UNIVERSITY              ,FL,32114-3099,Private      ,4956,1138,6094,4956,1138,6094
00146800,ST THOMAS UNIVERSITY                    ,FL,33054-0000,Private      ,855,1190,2045,855,1190,2045
00146900,FLORIDA INSTITUTE OF TECHNOLOGY         ,FL,32901-6988,Private      ,3077,3277,6354,3077,3277,6354
00147000,BREVARD COMMUNITY COLLEGE               ,FL,32922-6503,Public       ,1778,3248,5026,1778,3248,5026
00147100,CENTRAL FLORIDA COMMUNITY COLLEGE       ,FL,34478-1388,Public       ,1877,3404,5281,1877,3404,5281
00147200,CHIPOLA  COLLEGE                        ,FL,32446-2053,Public       ,373,498,871,373,498,871
00147300,CLEARWATER CHRISTIAN COLLEGE            ,FL,33759-0000,Private      ,469,88,557,469,88,557
00147500,DAYTONA STATE COLLEGE                   ,FL,32114-2800,Public       ,3035,5973,9008,3035,5973,9008
00147700,EDISON STATE COLLEGE                    ,FL,33906-6210,Public       ,3045,4040,7085,3045,4040,7085
00147800,EDWARD WATERS COLLEGE                   ,FL,32209-6199,Private      ,605,383,988,605,383,988
00147900,EMBRY-RIDDLE AERONAUTICAL UNIV          ,FL,32114-3900,Private      ,5355,2765,8120,5355,2765,8120
00148000,FLORIDA A & M UNIVERSITY                ,FL,32307-3100,Public       ,12971,5044,18015,12971,5044,18015
00148100,FLORIDA ATLANTIC UNIVERSITY             ,FL,33431-6498,Public       ,15032,7535,22567,15032,7535,22567
00148101,FLORIDA ATLANTIC UNIVERSITY/DAVIE       ,FL,33314-0000,Public       ,848,1455,2303,848,1455,2303
00148103,FLORIDA ATLANTIC UNIV-JUPITER/PSL       ,FL,33458-0000,Public       ,438,278,716,438,278,716
00148200,FLORIDA COLLEGE                         ,FL,33617-5578,Private      ,204,35,239,204,35,239
00148400,FLORIDA STATE COLLEGE AT JACKSONVILLE   ,FL,32202-4030,Public       ,4811,10772,15583,4811,10772,15583
00148500,FLORIDA KEYS COMMUNITY COLLEGE          ,FL,33040-4397,Public       ,179,301,480,179,301,480
00148600,FLORIDA MEMORIAL UNIVERSITY             ,FL,33054-6199,Private      ,1621,654,2275,1621,654,2275
00148700,ECKERD COLLEGE                          ,FL,33711-4744,Private      ,2498,477,2975,2498,477,2975
00148800,FLORIDA SOUTHERN COLLEGE                ,FL,33801-5698,Private      ,2406,441,2847,2406,441,2847
00148900,FLORIDA STATE UNIVERSITY                ,FL,32306-2430,Public       ,29028,10915,39943,29028,10915,39943
00149000,GULF COAST COMMUNITY COLLEGE            ,FL,32401-1058,Public       ,835,1637,2472,835,1637,2472
00149300,INDIAN RIVER STATE COLLEGE              ,FL,34981-5596,Public       ,2299,3802,6101,2299,3802,6101
00149500,JACKSONVILLE UNIVERSITY                 ,FL,32211-3394,Private      ,3283,1806,5089,3283,1806,5089
00149700,JONES COLLEGE                           ,FL,32211-5588,Private      ,51,392,443,51,392,443
00149900,EVEREST UNIVERSITY                      ,FL,32810-5601,Proprietary  ,152,991,1143,152,991,1143
00149901,EVEREST UNIVERSITY - ORLANDO SOUTH      ,FL,32819-7666,Proprietary  ,459,6485,6944,459,6485,6944
00149902,EVEREST UNIVERSITY - MELBOURNE          ,FL,32905-6609,Proprietary  ,29,267,296,29,267,296
00150000,BROWARD COLLEGE- DOWNTOWN CTR           ,FL,33301-2298,Public       ,2091,3992,6083,2091,3992,6083
00150001,BROWARD COLLEGE - DAVIE CAMPUS          ,FL,33314-0000,Public       ,3254,3549,6803,3254,3549,6803
00150002,BROWARD COLLEGE- NORTH CAMPUS           ,FL,33066-0000,Public       ,2177,3158,5335,2177,3158,5335
00150003,BROWARD COLLEGE- SOUTH CAMPUS           ,FL,33024-0000,Public       ,2276,2882,5158,2276,2882,5158
00150100,LAKE CITY COMMUNITY COLLEGE             ,FL,32025-2007,Public       ,369,934,1303,369,934,1303
00150200,LAKE SUMTER COMMUNITY COLLEGE           ,FL,34788-8751,Public       ,996,1347,2343,996,1347,2343
00150400,MANATEE COMMUNITY COLLEGE               ,FL,34207-3596,Public       ,1755,2904,4659,1755,2904,4659
00150500,LYNN UNIVERSITY                         ,FL,33431-5598,Private      ,1367,392,1759,1367,392,1759
00150600,MIAMI DADE COLLEGE ADMINISTRATION ONLY  ,FL,33176-3393,Public       ,531,568,1099,531,568,1099
00150601,MIAMI DADE COLLEGE - NORTH CAMPUS       ,FL,33167-3495,Public       ,4904,6100,11004,4904,6100,11004
00150602,MIAMI DADE COLLEGE - KENDALL CAMPUS     ,FL,33176-3393,Public       ,6445,5471,11916,6445,5471,11916
00150603,MIAMI DADE COLLEGE - WOLFSON CAMPUS     ,FL,33132-2297,Public       ,3620,3827,7447,3620,3827,7447
00150604,MIAMI DADE COLLEGE - MEDICAL CAMPUS     ,FL,33127-4693,Public       ,1113,2280,3393,1113,2280,3393
00150605,MIAMI DADE COLLEGE - HOMESTEAD CAMPUS   ,FL,33030-6009,Public       ,849,1025,1874,849,1025,1874
00150606,MIAMI DADE COLLEGE -INTERAMERICAN CAMPUS,FL,33135-0000,Public       ,1324,2601,3925,1324,2601,3925
00150607,MIAMI DADE COLLEGE - HIALEAH CAMPUS     ,FL,33012-2918,Public       ,1044,1302,2346,1044,1302,2346
00150800,NORTH FLORIDA COMMUNITY COLLEGE         ,FL,32340-1699,Public       ,196,319,515,196,319,515
00150900,NOVA SOUTHEASTERN UNIVERSITY            ,FL,33314-7796,Private      ,3923,14912,18835,3923,14912,18835
00151000,NORTHWEST FLORIDA STATE COLLEGE         ,FL,32578-1295,Public       ,813,1928,2741,813,1928,2741
00151200,PALM BEACH COMMUNITY COLLEGE            ,FL,33461-4796,Public       ,4421,5339,9760,4421,5339,9760
00151300,PENSACOLA STATE COLLEGE                 ,FL,32504-8998,Public       ,1573,3541,5114,1573,3541,5114
00151400,POLK STATE COLLEGE                      ,FL,33881-4299,Public       ,1831,2957,4788,1831,2957,4788
00151500,ROLLINS COLLEGE                         ,FL,32789-4499,Private      ,2119,637,2756,2119,637,2756
00151900,SANTA FE COLLEGE                        ,FL,32606-6200,Public       ,4299,4180,8479,4299,4180,8479
00152000,SEMINOLE STATE COLLEGE OF FLORIDA       ,FL,32773-6199,Public       ,3096,5340,8436,3096,5340,8436
00152100,SOUTHEASTERN UNIVERSITY                 ,FL,33801-6099,Private      ,1493,459,1952,1493,459,1952
00152200,SOUTH FLORIDA COMMUNITY COLLEGE         ,FL,33825-9399,Public       ,563,623,1186,563,623,1186
00152300,SAINT JOHNS RIVER STATE COLLEGE         ,FL,32177-3897,Public       ,927,1734,2661,927,1734,2661
00152600,SAINT LEO UNIVERSITY                    ,FL,33574-6665,Private      ,2054,5943,7997,2054,5943,7997
00152800,ST. PETERSBURG COLLEGE                  ,FL,33760-3768,Public       ,3217,8783,12000,3217,8783,12000
00153100,STETSON UNIVERSITY                      ,FL,32723-3761,Private      ,2622,512,3134,2622,512,3134
00153101,STETSON UNIVERSITY - COLLEGE OF LAW     ,FL,33707-3299,Private      ,39,1078,1117,39,1078,1117
00153300,TALLAHASSEE COMMUNITY COLLEGE           ,FL,32304-2895,Public       ,4625,4100,8725,4625,4100,8725
00153400,EVEREST UNIVERSITY                      ,FL,33614-5801,Proprietary  ,172,1561,1733,172,1561,1733
00153408,EVEREST UNIVERSITY - TAMPA BRANDON CAMPU,FL,33619-1354,Proprietary  ,284,4738,5022,284,4738,5022
00153409,EVEREST UNIVERSITY - ORANGE PARK        ,FL,32073-1111,Proprietary  ,55,434,489,55,434,489
00153500,UNIVERSITY OF FLORIDA                   ,FL,32611-3150,Public       ,28404,12064,40468,28404,12064,40468
00153600,UNIVERSITY OF MIAMI                     ,FL,33146-6531,Private      ,17511,4754,22265,17511,4754,22265
00153601,UNIV OF MIAMI SCHOOL OF LAW             ,FL,33124-0000,Private      ,84,1591,1675,84,1591,1675
00153602,UNIV OF MIAMI-SCH OF MEDICINE           ,FL,33136-0000,Private      ,572,818,1390,572,818,1390
00153700,UNIVERSITY OF SOUTH FLORIDA             ,FL,33620-6960,Public       ,25762,13795,39557,25762,13795,39557
00153701,UNIV OF SOUTH FLORIDA-ST PETERSBURG     ,FL,33701-0000,Public       ,730,557,1287,730,557,1287
00153702,UNIV OF SOUTH FLORIDA-SARASOTA          ,FL,34243-2025,Public       ,273,479,752,273,479,752
00153705,UNIV OF SOUTH FLORIDA                   ,FL,33803-0000,Public       ,904,561,1465,904,561,1465
00153706,UNIV OF SOUTH FLORIDA- MEDICINE         ,FL,33612-0000,Public       ,823,915,1738,823,915,1738
00153800,UNIVERSITY OF TAMPA                     ,FL,33606-1490,Private      ,7823,1574,9397,7823,1574,9397
00154000,WEBBER INTERNATIONAL UNIVERSITY         ,FL,33827-0096,Private      ,461,113,574,461,113,574
00173308,NATIONAL-LOUIS UNIVERSITY               ,FL,33609-0000,Private      ,1,21,22,1,21,22
00177201,TRINITY INTERNATIONAL UNIVERSITY - SOUTH,FL,33324-4611,Private      ,19,147,166,19,147,166
00395400,UNIV OF CENTRAL FLORIDA                 ,FL,32816-0001,Public       ,36255,14665,50920,36255,14665,50920
00395500,UNIVERSITY OF WEST FLORIDA              ,FL,32514-5750,Public       ,4310,2960,7270,4310,2960,7270
00407215,NORTHWOOD UNIVERSITY                    ,FL,33409-0000,Private      ,318,149,467,318,149,467
00491004,KAPLAN CAREER INSTITUTE - KAPLAN COLLEGE,FL,33026-3978,Proprietary  ,24,486,510,24,486,510
00491005,KAPLAN COLLEGE JACKSONVILLE             ,FL,32216-3216,Proprietary  ,46,649,695,46,649,695
00558500,LIVELY TECHNICAL CENTER                 ,FL,32304-0000,Public       ,151,583,734,151,583,734
00558600,LINDSEY HOPKINS TECHNICAL ED CENTER     ,FL,33127-4692,Public       ,56,240,296,56,240,296
00559400,D G ERWIN TECHNICAL CENTER              ,FL,33610-8255,Public       ,173,842,1015,173,842,1015
00560500,PINELLAS TECH ED CTR-CLEARWATER         ,FL,33760-2194,Public       ,87,464,551,87,464,551
00560700,SARASOTA COUNTY TECHNICAL INSTITUTE     ,FL,34233-0000,Public       ,100,336,436,100,336,436
00560800,TRAVISS TECHNICAL CENTER                ,FL,33803-0000,Public       ,102,441,543,102,441,543
00561200,MANATEE TECHNICAL INSTITUTE             ,FL,34210-0000,Public       ,110,450,560,110,450,560
00561201,MANATEE TECHNICAL INSTITUTE-EAST        ,FL,34211-0000,Public       ,53,259,312,53,259,312
00675000,VALENCIA COMMUNITY COLLEGE              ,FL,32802-3028,Public       ,11342,11897,23239,11342,11897,23239
00732910,ITT TECHNICAL INSTITUTE                 ,FL,33634-7515,Proprietary  ,157,525,682,157,525,682
00732947,ITT TECHNICAL INSTITUTE                 ,FL,32746-1607,Proprietary  ,81,366,447,81,366,447
00752500,SUWANNEE-HAMILTON AREA VOC TECH CTR     ,FL,32060-0000,Public       ,32,116,148,32,116,148
00752600,WASHINGTON HOLMES TECHNICAL CENTER      ,FL,32428-1699,Public       ,32,111,143,32,111,143
00755800,LEE COUNTY HIGH TECH CENTER CENTRAL     ,FL,33916-2299,Public       ,114,331,445,114,331,445
00758600,REMINGTON COLLEGE - TAMPA CAMPUS        ,FL,33612-8410,Proprietary  ,51,209,260,51,209,260
00787000,HILLSBOROUGH COMMUNITY COLLEGE          ,FL,33606-3572,Public       ,5426,8285,13711,5426,8285,13711
00789300,FLAGLER COLLEGE                         ,FL,32085-1027,Private      ,2754,343,3097,2754,343,3097
00789301,FLAGLER COLLEGE - TALLAHASSEE COMMUNITY ,FL,32304-2895,Private      ,165,294,459,165,294,459
00807500,ST JOHN VIANNEY COLLEGE SEMINARY        ,FL,33165-3244,Private      ,7,4,11,7,4,11
00814600,EVEREST UNIVERSITY - POMPANO BEACH      ,FL,33062-2522,Proprietary  ,58,796,854,58,796,854
00822300,ST VINCENT DE PAUL REGIONL SEMINARY     ,FL,33436-0000,Private      ,1,4,5,1,4,5
00841700,STENOTYPE INST OF JACKSONVILLE          ,FL,32207-0000,Proprietary  ,7,43,50,7,43,50
00869410,RASMUSSEN COLLEGE - OCALA               ,FL,34471-7051,Proprietary  ,256,2246,2502,256,2246,2502
00869411,RASMUSSEN COLLEGE - NEW PORT RICHEY     ,FL,34690-4554,Proprietary  ,103,545,648,103,545,648
00869413,RASMUSSEN COLLEGE - FORT MYERS          ,FL,33905-7805,Proprietary  ,114,492,606,114,492,606
00869420,RASMUSSEN COLLEGE - TAMPA               ,FL,33610-9558,Proprietary  ,24,144,168,24,144,168
00884800,WARNER UNIVERSITY                       ,FL,33859-8725,Private      ,314,278,592,314,278,592
00884900,PALM BEACH ATLANTIC UNIVERSITY          ,FL,33401-6505,Private      ,1771,870,2641,1771,870,2641
00887800,MIAMI INTERNATIONAL UNIV ART&DESIGN     ,FL,33132-1418,Proprietary  ,1459,1171,2630,1459,1171,2630
00910400,RIVERSIDE HAIRSTYLING ACADEMY           ,FL,32207-3810,Proprietary  ,16,24,40,16,24,40
00963500,FLORIDA INTERNATIONAL UNIVERSITY        ,FL,33199-0001,Public       ,21027,15752,36779,21027,15752,36779
00984100,UNIVERSITY OF NORTH FLORIDA             ,FL,32224-2645,Public       ,8066,4285,12351,8066,4285,12351
00990200,SHERIDAN TECHNICAL CENTER               ,FL,33021-3399,Public       ,128,618,746,128,618,746
01016100,"LORAINE'S ACADEMY, INC                  ",FL,33710-0000,Proprietary  ,2,20,22,2,20,22
01019500,ART INSTITUTE OF FT LAUDERDALE          ,FL,33316-3000,Proprietary  ,809,765,1574,809,765,1574
01065200,PASCO-HERNANDO COMMUNITY CLG            ,FL,34654-5199,Public       ,1578,2698,4276,1578,2698,4276
01072401,CARLOS ALBIZU UNIVERSITY                ,FL,33172-0000,Private      ,48,398,446,48,398,446
01082600,TOM P. HANEY TECHNICAL CENTER           ,FL,32405-5099,Public       ,43,274,317,43,274,317
01112700,GOODING INST OF NUR ANES BAY MED CT     ,FL,32401-0000,Public       ,9,42,51,9,42,51
01226300,ATLANTIC TECHNICAL CENTER               ,FL,33063-3902,Public       ,133,426,559,133,426,559
01254400,FIRST COAST TECHNICAL COLLEGE           ,FL,32084-1921,Public       ,94,296,390,94,296,390
01257400,RINGLING SCHOOL OF ART AND DESIGN       ,FL,34234-5895,Private      ,1649,301,1950,1649,301,1950
01303904,SOUTH UNIVERSITY - WEST PALM BEACH CAMPU,FL,33409-5149,Proprietary  ,158,617,775,158,617,775
01323400,LORENZO WALKER INST OF TECHNOLOGY       ,FL,34104-4405,Public       ,62,196,258,62,196,258
02089600,CONCORDE CAREER INSTITUTE               ,FL,32211-0000,Proprietary  ,60,373,433,60,373,433
02106602,AMERICAN INSTITUTE - AMERICAN INSTITUTE ,FL,34747-5161,Proprietary  ,1,1,2,1,1,2
02113609,AMERICAN INTERCONTINENTAL UNIV - WESTON ,FL,33326-3233,Proprietary  ,133,406,539,133,406,539
02115300,PINELLAS TECHNICAL EDUCATION CENTERS - S,FL,33711-0000,Public       ,82,506,588,82,506,588
02116006,SANFORD-BROWN INSTITUTE - FT. LAUDERDALE,FL,33309-1906,Proprietary  ,59,241,300,59,241,300
02121800,EVEREST INSTITUTE                       ,FL,33169-4759,Proprietary  ,69,254,323,69,254,323
02121801,EVEREST INSTITUTE  - HIALEAH            ,FL,33012-7193,Proprietary  ,24,43,67,24,43,67
02148200,FASHION FOCUS HAIR ACADEMY              ,FL,34231-0000,Proprietary  ,12,15,27,12,15,27
02148300,MANHATTAN BEAUTY SCHOOL                 ,FL,33611-0000,Proprietary  ,18,56,74,18,56,74
02149900,PAUL MITCHELL THE SCHOOL-JACKSONVILLE   ,FL,32205-0000,Proprietary  ,71,162,233,71,162,233
02151900,KEISER  UNIVERSITY                      ,FL,33309-0000,Proprietary  ,997,4826,5823,997,4826,5823
02156300,MARGATE SCHOOL OF BEAUTY                ,FL,33063-0000,Proprietary  ,36,134,170,36,134,170
02156700,FLORIDA CHRISTIAN COLLEGE               ,FL,34744-0000,Private      ,162,120,282,162,120,282
02159600,BAPTIST COLLEGE OF FLORIDA (THE)        ,FL,32440-0000,Private      ,142,100,242,142,100,242
02172700,CONCORDE CAREER INSTITUTE               ,FL,33607-0000,Proprietary  ,51,227,278,51,227,278
02188900,HOBE SOUND BIBLE COLLEGE                ,FL,33475-0000,Private      ,19,24,43,19,24,43
02200100,BRADENTON BEAUTY & BARBER ACADEMY       ,FL,34209-0000,Proprietary  ,8,33,41,8,33,41
02215900,ATI CAREER TRAINING CENTER              ,FL,33309-1785,Proprietary  ,76,304,380,76,304,380
02218700,FLORIDA TECHNICAL COLLEGE               ,FL,32826-2707,Proprietary  ,143,586,729,143,586,729
02218707,FLORIDA TECHNICAL COLLEGE - LAKELAND    ,FL,33813-2101,Proprietary  ,27,114,141,27,114,141
02218709,FLORIDA TECHNICAL COLLEGE - DELAND      ,FL,32720-7415,Proprietary  ,26,130,156,26,130,156
02228300,LAKE TECHNICAL CENTER                   ,FL,32726-0000,Public       ,92,319,411,92,319,411
02245500,FORTIS COLLEGE                          ,FL,32789-4679,Proprietary  ,30,165,195,30,165,195
02257900,INTERNATIONAL ACADEMY                   ,FL,32119-3541,Proprietary  ,11,34,45,11,34,45
02275100,CONCORDE CAREER INSTITUTE               ,FL,33025-0000,Proprietary  ,33,167,200,33,167,200
02278800,SOUTHWEST FLORIDA COLLEGE               ,FL,33907-0000,Proprietary  ,124,586,710,124,586,710
02278801,SOUTHWEST FLORIDA COLLEGE - TAMPA       ,FL,33619-1344,Proprietary  ,142,269,411,142,269,411
02278802,SOUTHWEST FLORIDA COLLEGE - INSTITUTUE O,FL,33928-9469,Proprietary  ,6,12,18,6,12,18
02278803,SOUTHWEST FLORIDA COLLEGE - PORT CHARLOT,FL,33953-3100,Proprietary  ,38,175,213,38,175,213
02279600,CORTIVA INSTITUTE - FLORIDA             ,FL,33781-0000,Proprietary  ,12,44,56,12,44,56
02280800,NEW ENGLAND INST TECH-PALM BEACH        ,FL,33407-0000,Proprietary  ,91,549,640,91,549,640
02283800,BEAUTY SCHOOLS OF AMERICA               ,FL,33012-3322,Proprietary  ,27,92,119,27,92,119
02286502,ITT TECHNICAL INSTITUTE                 ,FL,32244-6630,Proprietary  ,0,1,1,0,1,1
02287100,LA BELLE BEAUTY SCHOOL                  ,FL,33012-3224,Proprietary  ,5,6,11,5,6,11
02293200,ATI CAREER TRAINING CENTER              ,FL,33309-5916,Proprietary  ,107,594,701,107,594,701
02293201,ATI CAREER TRAINING CENTER - MIAMI      ,FL,33122-1707,Proprietary  ,29,118,147,29,118,147
02293202,ATI CAREER TAINING CENTER - ATI COLLEGE ,FL,87109-2016,Proprietary  ,31,173,204,31,173,204
02293600,ADVANCED TECHNICAL CENTERS              ,FL,33266-1597,Private      ,8,26,34,8,26,34
02297000,CHARLOTTE TECHNICAL CENTER              ,FL,33948-0000,Public       ,53,196,249,53,196,249
02300900,WITHLACOOCHEE TECHNICAL INSTITUTE       ,FL,34450-0000,Public       ,58,248,306,58,248,306
02305700,FORTIS COLLEGE                          ,FL,33619-1283,Proprietary  ,18,218,236,18,218,236
02305800,FLORIDA CAREER COLLEGE                  ,FL,33012-7028,Proprietary  ,321,1483,1804,321,1483,1804
02307400,GEORGE STONE AREA VOCATIONAL TECHNICAL  ,FL,32526-0000,Public       ,62,310,372,62,310,372
02314100,SCHILLER INTERNATIONAL UNIVERSITY       ,FL,33770-0000,Proprietary  ,23,72,95,23,72,95
02316200,MIAMI LAKES TECHNICAL EDUCATION CTR     ,FL,33014-0000,Public       ,90,311,401,90,311,401
02321200,ORANGE TECH EDUC CTR- WESTSIDE TECH     ,FL,34787-0000,Public       ,56,211,267,56,211,267
02325100,KEY COLLEGE                             ,FL,33004-3046,Proprietary  ,5,24,29,5,24,29
02326303,MEDVANCE INSTITUTE - WEST PALM          ,FL,33461-2171,Proprietary  ,34,227,261,34,227,261
02326306,MEDVANCE INSTITUTE - MIAMI              ,FL,33173-3431,Proprietary  ,15,63,78,15,63,78
02326800,MERIDIAN COLLEGE                        ,FL,34240-8478,Proprietary  ,13,70,83,13,70,83
02326801,MERIDIAN CAREER INSTITUTE -             ,FL,33619-1378,Proprietary  ,7,46,53,7,46,53
02326900,SUNSTATE ACADEMY OF HAIR DESIGN         ,FL,33907-1415,Proprietary  ,25,72,97,25,72,97
02329900,FLORIDA INSTITUTE OF ULTRASOUND         ,FL,32514-0000,Proprietary  ,33,91,124,33,91,124
02338400,FT PIERCE BEAUTY ACADEMY                ,FL,34982-0000,Proprietary  ,15,51,66,15,51,66
02346200,WYOTECH                                 ,FL,32174-1010,Proprietary  ,173,193,366,173,193,366
02362100,FULL SAIL UNIVERSITY                    ,FL,32792-0000,Proprietary  ,5538,7227,12765,5538,7227,12765
02499000,ACADEMY OF COSMETOLOGY                  ,FL,32953-3311,Proprietary  ,6,33,39,6,33,39
02501500,"O*TEC, MID-FLORIDA TECH                 ",FL,32809-0000,Public       ,134,427,561,134,427,561
02504600,WINTER PARK TECH                        ,FL,32789-0000,Public       ,45,247,292,45,247,292
02508900,TALMUDIC COLLEGE OF FLORIDA             ,FL,33139-0000,Private      ,9,5,14,9,5,14
02511700,RIDGE TECHNICAL CENTER                  ,FL,33881-0000,Public       ,78,323,401,78,323,401
02513200,ORLANDO TECHNICAL CENTER                ,FL,32801-0000,Public       ,136,473,609,136,473,609
02515400,CITY COLLEGE                            ,FL,33309-3073,Private      ,121,705,826,121,705,826
02517100,SARASOTA SCHOOL OF MASSAGE THERAPY      ,FL,34243-6130,Proprietary  ,13,43,56,13,43,56
02524000,SUNSTATE ACADEMY OF HAIR DESIGN         ,FL,34624-0000,Proprietary  ,11,30,41,11,30,41
02524200,ROBERT MORGAN EDUCATIONAL CENTER        ,FL,33177-0000,Public       ,106,300,406,106,300,406
02547600,FLORIDA NATIONAL COLLEGE                ,FL,33012-0000,Proprietary  ,70,238,308,70,238,308
02554200,RADFORD LOCKLIN TECH CENTER             ,FL,32570-0000,Public       ,14,59,73,14,59,73
02573200,LA BELLE BEAUTY ACADEMY                 ,FL,33135-0000,Proprietary  ,11,23,34,11,23,34
02586200,FLORIDA CAREER COLLEGE                  ,FL,33759-3924,Proprietary  ,37,176,213,37,176,213
02597100,HERITAGE INSTITUTE                      ,FL,33912-7132,Proprietary  ,65,243,308,65,243,308
02598200,SOUTHERN CAREER COLLEGE                 ,FL,32211-5123,Proprietary  ,19,55,74,19,55,74
02599800,EVEREST UNIVERSITY                      ,FL,33770-2556,Proprietary  ,22,269,291,22,269,291
02599801,EVEREST UNIVERSITY - TAMPA LAKELAND CAMP,FL,33801-3801,Proprietary  ,38,291,329,38,291,329
02599805,EVEREST UNIVERSITY - JACKSONVILLE       ,FL,32256-0000,Proprietary  ,77,457,534,77,457,534
02601600,HENRY W BREWSTER TECHNICAL CENTER       ,FL,33602-0000,Public       ,35,168,203,35,168,203
02612700,ACADEMY OF COSMETOLOGY-PALM BAY         ,FL,32905-2805,Proprietary  ,11,37,48,11,37,48
02616400,SANFORD-BROWN INSTITUTE                 ,FL,32256-3520,Proprietary  ,93,700,793,93,700,793
02616401,SANFORD-BROWN INSTITUTE - TAMPA         ,FL,33610-8304,Proprietary  ,67,408,475,67,408,475
03003200,EVEREST INSTITUTE                       ,FL,33186-1410,Proprietary  ,29,104,133,29,104,133
03003201,EVEREST INSTITUTE - FT. LAUDERDALE      ,FL,33304-2522,Proprietary  ,42,141,183,42,141,183
03003600,MCFATTER TECHNICAL CENTER               ,FL,33317-7499,Public       ,111,364,475,111,364,475
03006801,PENNSYLVANIA CULINARY INSTITUTE - LE COR,FL,33025-3929,Proprietary  ,132,597,729,132,597,729
03008600,FLORIDA COLLEGE OF NATURAL HEALTH       ,FL,33064-1342,Proprietary  ,51,300,351,51,300,351
03010608,VIRGINIA COLLEGE - PENSACOLA            ,FL,32501-5650,Proprietary  ,41,429,470,41,429,470
03010612,VIRGINIA COLLEGE - GOLF ACADEMY OF AMERI,FL,32701-0000,Proprietary  ,33,103,136,33,103,136
03010618,VIRGINIA COLLEGE - JACKSONVILLE         ,FL,32207-5167,Proprietary  ,45,237,282,45,237,282
03012300,ASM BEAUTY WORLD ACADEMY                ,FL,33021-0000,Proprietary  ,5,21,26,5,21,26
03018500,BENE'S INTERNATIONAL SCHOOL OF BEAUTY   ,FL,34652-1637,Proprietary  ,21,77,98,21,77,98
03028200,TRINITY COLLEGE OF FLORIDA              ,FL,34655-4401,Private      ,69,52,121,69,52,121
03031400,INTERNATIONAL ACADEMY OF DESIGN AND TECH,FL,33634-6313,Proprietary  ,651,1718,2369,651,1718,2369
03031402,INTERNATIONAL ACADEMY OF DESIGN AND TECH,FL,32809-4613,Proprietary  ,283,367,650,283,367,650
03031403,IADT - ORLANDO CULINARY ACADEMY         ,FL,32819-0000,Proprietary  ,104,182,286,104,182,286
03035800,HERITAGE INSTITUTE                      ,FL,32216-0948,Proprietary  ,18,118,136,18,118,136
03035900,NATIONAL AVIATION ACADEMY               ,FL,33760-3931,Proprietary  ,77,257,334,77,257,334
03037500,HODGES UNIVERSITY                       ,FL,34119-7932,Private      ,196,1670,1866,196,1670,1866
03054200,FORTIS COLLEGE                          ,FL,33144-2373,Proprietary  ,55,57,112,55,57,112
03071600,COLLEGE OF BUSINESS & TECHNOLOGY        ,FL,33176-0000,Proprietary  ,72,205,277,72,205,277
03076402,BRYMAN SCHOOL OF ARIZONA (THE) - ANTHEM ,FL,32803-3509,Proprietary  ,7,23,30,7,23,30
03079800,GEORGE T BAKER AVIATION                 ,FL,33142-5687,Public       ,72,127,199,72,127,199
03079900,CITY COLLEGE                            ,FL,32707-5342,Private      ,42,91,133,42,91,133
03087601,ITT TECHNICAL INSTITUTE                 ,FL,33126-1823,Proprietary  ,0,1,1,0,1,1
03089200,NOUVELLE INSTITUTE                      ,FL,33125-4141,Proprietary  ,0,5,5,0,5,5
03096300,FORTIS INSTITUTE                        ,FL,33860-0000,Proprietary  ,5,26,31,5,26,31
03099600,MERCY HOSPITAL SCHOOL OF PRACTICAL NSG  ,FL,33133-4237,Private      ,26,89,115,26,89,115
03100800,TAYLOR TECHNICAL INSTITUTE              ,FL,32348-0894,Public       ,8,45,53,8,45,53
03101900,TRINITY BAPTIST COLLEGE                 ,FL,32221-1398,Private      ,67,46,113,67,46,113
03103900,MARION COUNTY COMMUNITY TECH & ADUL     ,FL,34474-3172,Public       ,151,505,656,151,505,656
03108500,EVERGLADES UNIVERSITY                   ,FL,33431-0000,Private      ,68,523,591,68,523,591
03108600,COM-PU-MED VOCATIONAL CAREERS           ,FL,33012-4861,Proprietary  ,7,21,28,7,21,28
03113400,ACADEMY OF HEALING ARTS                 ,FL,33463-2113,Proprietary  ,7,27,34,7,27,34
03114700,PRAXIS INSTITUTE                        ,FL,33135-2657,Proprietary  ,2,32,34,2,32,34
03115500,FLORIDA HOSPITAL COLG OF HEALTH SCI     ,FL,32803-1237,Private      ,570,1152,1722,570,1152,1722
03123900,KEISER CAREER COLLEGE                   ,FL,33413-0000,Proprietary  ,63,343,406,63,343,406
03125600,MIAMI AD SCHOOL                         ,FL,33139-5203,Proprietary  ,21,126,147,21,126,147
03127900,TECHNICAL EDUCATION CTR OSCEOLA         ,FL,34744-4459,Public       ,93,338,431,93,338,431
03158300,LEE COUNTY HIGH TECH CENTER NORTH       ,FL,33993-2479,Public       ,36,178,214,36,178,214
03171300,UNIVERSITY OF ST. AUGUSTINE FOR HEALTH S,FL,32084-4215,Proprietary  ,36,675,711,36,675,711
03178400,CORAL RIDGE NURSES ASST TRAINING        ,FL,33306-0000,Proprietary  ,11,37,48,11,37,48
03224300,NEW PROFESSIONS TECHNICAL INSTITUTE     ,FL,33134-1640,Proprietary  ,3,20,23,3,20,23
03230300,CHOICE HIGH SCHOOL AND TECHNICAL CENTER ,FL,32547-1299,Public       ,20,183,203,20,183,203
03238300,FLORIDA COLLEGE OF INTEGRATIVE MED      ,FL,32809-5721,Proprietary  ,35,114,149,35,114,149
03255300,FLORIDA GULF COAST UNIVERSITY           ,FL,33965-6565,Public       ,8092,2681,10773,8092,2681,10773
03256300,YESHIVA GEDOLAH RABBINICAL COLLEGE      ,FL,33139-4708,Private      ,1,1,2,1,1,2
03264300,SOUTH FLORIDA BIBLE COLLEGE AND THEOLOGI,FL,33441-5768,Private      ,3,28,31,3,28,31
03346300,ACAD FOR PRAC NURSING & HEALTH OCCP     ,FL,33417-4574,Private      ,76,182,258,76,182,258
03348400,PROFESSIONAL TRAINING CENTERS           ,FL,33184-0000,Proprietary  ,37,257,294,37,257,294
03373300,BEACON COLLEGE                          ,FL,34748-5224,Private      ,71,39,110,71,39,110
03374300,FLORIDA COASTAL SCHOOL OF LAW           ,FL,32256-0000,Proprietary  ,20,1572,1592,20,1572,1592
03382300,BRADFORD-UNION AREA CAREERTECHNICAL CENT,FL,32091-2434,Public       ,22,114,136,22,114,136
03390300,LINCOLN TECHNICAL INSTITUTE             ,FL,32730-2351,Proprietary  ,40,158,198,40,158,198
03411400,INTERNATIONAL TRAINING CAREERS          ,FL,33155-1462,Private      ,10,29,39,10,29,39
03414500,ACUPUNCTURE AND MASSAGE COLLEGE         ,FL,33176-1509,Proprietary  ,23,78,101,23,78,101
03425400,CENTRAL FLORIDA INSTITUTE               ,FL,34684-4436,Proprietary  ,62,205,267,62,205,267
03429600,ATLANTIC INST OF ORIENTAL MEDICINE      ,FL,33316-0000,Private      ,8,51,59,8,51,59
03429700,EAST WEST COLLG OF NATURAL MEDICINE     ,FL,34236-4959,Proprietary  ,14,72,86,14,72,86
03433400,NEW CONCEPT MASSAGE AND BEAUTY SCHO     ,FL,33135-0000,Proprietary  ,4,11,15,4,11,15
03434300,FORTIS COLLEGE                          ,FL,32073-2999,Proprietary  ,35,186,221,35,186,221
03480301,MEDVANCE INSTITUTE - FORT LAUDERDALE    ,FL,33313-7261,Proprietary  ,16,76,92,16,76,92
03480302,MEDVANCE INSTITUTE - STUART             ,FL,34994-3000,Proprietary  ,14,141,155,14,141,155
03491400,AMERICAN ADVANCED TECHNICIANS INST      ,FL,33014-4430,Proprietary  ,4,18,22,4,18,22
03549300,ULTIMATE MEDICAL ACADEMY                ,FL,33756-5802,Proprietary  ,80,1310,1390,80,1310,1390
03553300,KEISER CAREER COLLEGE                   ,FL,32216-0000,Proprietary  ,66,310,376,66,310,376
03557300,NORTH FLORIDA COSMETOLOGY INSTITUTE     ,FL,32312-0000,Proprietary  ,39,109,148,39,109,148
03564300,"INTERNATIONAL SCHOOL OF HEALTH, BEAUTY &",FL,33311-1141,Proprietary  ,7,31,38,7,31,38
03570400,ENGLISH CENTER (THE)                    ,FL,33133-2703,Public       ,4,49,53,4,49,53
03595400,ANGLEY COLLEGE                          ,FL,32720-4257,Proprietary  ,12,58,70,12,58,70
03611400,FLORIDA BARBER ACADEMY                  ,FL,33441-0000,Proprietary  ,5,9,14,5,9,14
03618300,FLORIDA INSTITUTE OF ANIMAL ARTS        ,FL,32792-1740,Proprietary  ,28,46,74,28,46,74
03627400,JACKSONVILLE BEAUTY INSTITUTE           ,FL,32208-1885,Proprietary  ,20,50,70,20,50,70
03627600,FLORIDA EDUCATION INSTITUTE             ,FL,33144-5036,Proprietary  ,26,95,121,26,95,121
03661400,SOUTH FLORIDA INSTITUTE OF TECHNOLO     ,FL,33135-0000,Proprietary  ,22,22,44,22,22,44
03691400,AVE MARIA SCHOOL OF LAW                 ,FL,34119-1376,Private      ,41,511,552,41,511,552
03696400,SABER                                   ,FL,33134-1604,Private      ,5,102,107,5,102,107
03706300,AMERICAN INSTITUTE                      ,FL,33319-5613,Proprietary  ,20,72,92,20,72,92
03757300,ADVANCE SCIENCE INSTITUTE               ,FL,33012-0000,Proprietary  ,5,9,14,5,9,14
03801400,BEAUTY INSTITUTE (THE)                  ,FL,33409-2972,Proprietary  ,21,43,64,21,43,64
03801401,BEAUTY INSTITUTE (THE) - MARGATE        ,FL,33068-5704,Proprietary  ,6,15,21,6,15,21
03816300,ARTISTIC NAILS & BEAUTY ACADEMY         ,FL,33605-5919,Proprietary  ,26,55,81,26,55,81
03823300,FLORIDA ACADEMY OF HEALTH & BEAUTY      ,FL,33311-0000,Proprietary  ,8,15,23,8,15,23
03832300,DADE MEDICAL COLLEGE                    ,FL,33126-5534,Proprietary  ,173,536,709,173,536,709
03842500,CAMBRIDGE INSTITUTE OF ALLIED HEALTH    ,FL,32750-0000,Proprietary  ,11,75,86,11,75,86
03856300,UNIVERSAL BEAUTY SCHOOL                 ,FL,33174-4406,Proprietary  ,2,0,2,2,0,2
03856500,FLORIDA SCHOOL OF TRADITIONAL MIDWIFERY ,FL,32601-5507,Private      ,3,40,43,3,40,43
03875300,MCI INSTITUTE OF TECHNOLOGY             ,FL,33409-4937,Proprietary  ,15,47,62,15,47,62
03888300,DRAGON RISES COLLEGE OF ORIENTAL MEDICIN,FL,32601-5089,Proprietary  ,2,32,34,2,32,34
03903500,SOUTHERN TECHNICAL COLLEGE              ,FL,32809-0000,Proprietary  ,45,356,401,45,356,401
03906300,CAREER INSTITUTE OF FLORIDA             ,FL,33773-3434,Proprietary  ,10,62,72,10,62,72
03911300,TOTAL INTERNATIONAL CAREER INSTITUTE    ,FL,33012-0000,Proprietary  ,2,3,5,2,3,5
03939300,WOLFORD COLLEGE                         ,FL,34108-1931,Proprietary  ,5,48,53,5,48,53
03939400,CENTURA INSTITUTE                       ,FL,32807-3566,Proprietary  ,19,244,263,19,244,263
03939600,DAYTONA COLLEGE                         ,FL,32174-8445,Proprietary  ,38,112,150,38,112,150
03941300,AVE MARIA UNIVERSITY                    ,FL,34142-9505,Private      ,665,105,770,665,105,770
03957400,NEW COLLEGE OF FLORIDA                  ,FL,34243-2109,Public       ,1253,188,1441,1253,188,1441
03985300,COMMERCIAL DIVING ACADEMY               ,FL,32208-0000,Proprietary  ,78,286,364,78,286,364
03986300,AVIATOR COLLEGE OF AERONAUTICAL SCIENCE ,FL,34946-9022,Proprietary  ,42,44,86,42,44,86
04016500,AMERICAN INSTITUTE OF BEAUTY            ,FL,33773-0000,Proprietary  ,11,24,35,11,24,35
04029300,TRENDSETTERS OF FLORIDA SCHOOL OF BEAUTY,FL,32205-4737,Proprietary  ,2,21,23,2,21,23
04058300,HEALTH OPPORTUNITY TECHNICAL CENTER     ,FL,33169-4517,Proprietary  ,2,19,21,2,19,21
04083400,INSTITUTE OF ALLIED MEDICAL PROFESSIONS ,FL,33484-6543,Proprietary  ,9,88,97,9,88,97
04105400,PENSACOLA SCHOOL OF MASSAGE THERAPY & HE,FL,32504-7337,Proprietary  ,11,55,66,11,55,66
04106300,PALM BEACH ACADEMY OF HEALTH & BEAUTY   ,FL,33403-2130,Proprietary  ,10,23,33,10,23,33
04116400,FUTURE-TECH INSTITUTE                   ,FL,33135-4142,Proprietary  ,5,6,11,5,6,11
04116600,TAYLOR COLLEGE                          ,FL,34420-8714,Proprietary  ,20,147,167,20,147,167
04119400,AVEDA INSTITUTE - SAINT PETERSBURG      ,FL,33701-4242,Proprietary  ,114,236,350,114,236,350
04120400,HI-TECH SCHOOL OF COSMETOLOGY           ,FL,33174-0000,Proprietary  ,18,28,46,18,28,46
04126900,ACADEMY OF CAREER TRAINING              ,FL,34741-4644,Proprietary  ,20,105,125,20,105,125
04127400,DIGITAL MEDIA ARTS COLLEGE              ,FL,33431-5919,Proprietary  ,149,90,239,149,90,239
04128400,MANAGEMENT RESOURCES INSTITUTE          ,FL,33126-5473,Proprietary  ,4,84,88,4,84,88
04129300,INTERNATIONAL B NATURALE BEAUTY SCHOOL  ,FL,33311-1152,Proprietary  ,0,8,8,0,8,8
04129900,FLORIDA SCHOOL OF MASSAGE               ,FL,32608-5419,Proprietary  ,25,65,90,25,65,90
04131900,FASTTRAIN OF MIAMI                      ,FL,33134-1065,Proprietary  ,23,42,65,23,42,65
04132000,FASTTRAIN OF FORT LAUDERDALE            ,FL,33317-3127,Proprietary  ,7,44,51,7,44,51
04132100,FASTTRAIN OF TAMPA                      ,FL,33607-4153,Proprietary  ,9,40,49,9,40,49
04132200,FASTTRAIN OF JACKSONVILLE               ,FL,32256-4849,Proprietary  ,4,29,33,4,29,33
04133500,ACADEMY FOR FIVE ELEMENT ACUPUNCTURE    ,FL,32601-6811,Private      ,7,34,41,7,34,41
04134800,AVEDA INSTITUTE - TALLAHASSEE           ,FL,32304-3186,Proprietary  ,68,116,184,68,116,184
04134900,ORANGE PARK BEAUTY ACADEMY              ,FL,32073-5524,Proprietary  ,6,20,26,6,20,26
04135000,COZMO THE SCHOOL                        ,FL,34135-4810,Proprietary  ,1,10,11,1,10,11
04135900,ALLIED HEALTH INSTITUTE                 ,FL,33068-0000,Proprietary  ,19,302,321,19,302,321
04140800,NORTH FLORIDA ACADEMY                   ,FL,32065-7758,Proprietary  ,6,20,26,6,20,26
04143100,PROFESSIONAL HANDS INSTITUTE            ,FL,33135-1939,Proprietary  ,8,60,68,8,60,68
04145900,CELEBRITY SCHOOL OF BEAUTY              ,FL,33144-4153,Proprietary  ,22,42,64,22,42,64
04146200,WALTON CAREER DEVELOPMENT CENTER        ,FL,32433-1557,Public       ,7,43,50,7,43,50
04146300,MARCHMAN TECHNICAL EDUCATION CENTER     ,FL,34653-1211,Public       ,33,84,117,33,84,117
04147800,ROSE TRAINING INSTITUTE                 ,FL,33881-4094,Proprietary  ,5,47,52,5,47,52
04148500,MEDICAL INSTITUTE OF PALM BEACH         ,FL,33460-5042,Proprietary  ,18,39,57,18,39,57
04150800,IMMOKALEE TECHNICAL CENTER              ,FL,34142-3146,Public       ,24,42,66,24,42,66
04151500,AMERICAN ACADEMY OF COSMETOLOGY         ,FL,32065-8026,Proprietary  ,15,27,42,15,27,42
04156300,UNIVERSITY OF FORT LAUDERDALE           ,FL,33313-5809,Private      ,11,31,42,11,31,42
04156400,AVIATION INSTITUTE OF MAINTENANCE       ,FL,32803-6487,Proprietary  ,66,181,247,66,181,247
04157100,AEROSIM FLIGHT ACADEMY                  ,FL,32773-9683,Proprietary  ,15,63,78,15,63,78
04158300,FLAGLER TECHNICAL INSTITUTE             ,FL,32137-4714,Public       ,15,77,92,15,77,92
04162500,HOLLYWOOD INSTITUTE OF BEAUTY CAREERS   ,FL,33020-4807,Proprietary  ,7,18,25,7,18,25
04163000,SALON PROFESSIONAL ACADEMY (THE)        ,FL,33624-6321,Proprietary  ,16,47,63,16,47,63
04163100,SALON PROFESSIONAL ACADEMY (THE)        ,FL,32607-1672,Proprietary  ,13,40,53,13,40,53
04163200,SALON PROFESSIONAL ACADEMY (THE)        ,FL,32162-9311,Proprietary  ,11,42,53,11,42,53
04164500,EUREKA INSTITUTE OF HEALTH AND BEAUTY   ,FL,33174-4205,Proprietary  ,3,12,15,3,12,15
04167300,SALON PROFESSIONAL ACADEMY (THE)        ,FL,33904-4824,Proprietary  ,13,30,43,13,30,43
04170300,BEAUTY ACADEMY OF SOUTH FLORIDA         ,FL,33012-3221,Proprietary  ,4,12,16,4,12,16
04173600,NOTTER SCHOOL OF PASTRY ARTS            ,FL,32809-7755,Proprietary  ,24,60,84,24,60,84
04176900,AMERICAN HEALTH INSTITUTE               ,FL,34654-3743,Proprietary  ,14,47,61,14,47,61
00160500,CHAMINADE UNIV OF HONOLULU              ,HI,96816-1578,Private      ,1360,959,2319,1360,959,2319
00160600,BRIGHAM YOUNG UNIV-HAWAII CAMPUS        ,HI,96762-1294,Private      ,1040,473,1513,1040,473,1513
00161000,UNIVERSITY OF HAWAII AT MANOA           ,HI,96822-2399,Public       ,10127,6387,16514,10127,6387,16514
00161100,UNIVERSITY OF HAWAII AT HILO            ,HI,96720-4091,Public       ,2668,1854,4522,2668,1854,4522
00161200,HONOLULU COMMUNITY COLLEGE              ,HI,96817-4598,Public       ,1059,1096,2155,1059,1096,2155
00161300,KAPIOLANI COMMUNITY COLLEGE             ,HI,96816-4421,Public       ,1849,1854,3703,1849,1854,3703
00161400,KAUAI COMMUNITY COLLEGE                 ,HI,96766-9591,Public       ,230,296,526,230,296,526
00161500,UNIVERSITY OF HAWAII MAUI COLLEGE       ,HI,96732-1644,Public       ,914,1480,2394,914,1480,2394
00454900,LEEWARD COMMUNITY COLLEGE               ,HI,96782-3393,Public       ,1225,1310,2535,1225,1310,2535
00525800,HAWAII COMMUNITY COLLEGE                ,HI,96720-4075,Public       ,998,1454,2452,998,1454,2452
00723401,HEALD COLLEGE - HONOLULU                ,HI,96814-0000,Proprietary  ,360,856,1216,360,856,1216
00727900,HAWAII PACIFIC UNIVERSITY               ,HI,96813-2882,Private      ,3941,2153,6094,3941,2153,6094
01122000,WINDWARD COMMUNITY COLLEGE              ,HI,96744-0000,Public       ,495,784,1279,495,784,1279
02100300,MED-ASSIST SCHOOL OF HAWAII             ,HI,96813-0000,Proprietary  ,17,75,92,17,75,92
02107800,UNIVERSITY OF HAWAII - WEST OAHU        ,HI,96782-0000,Public       ,730,852,1582,730,852,1582
02139500,HAWAII INSTITUTE OF HAIR DESIGN         ,HI,96817-5195,Proprietary  ,14,31,45,14,31,45
03017800,TRAVEL INSTITUTE OF THE PACIFIC         ,HI,96814-1946,Proprietary  ,17,23,40,17,23,40
03072500,WORLD MEDICINE INSTITUTE                ,HI,96826-0000,Private      ,10,38,48,10,38,48
03649300,HAWAII TECHNOLOGY INSTITUTE             ,HI,96813-3036,Private      ,21,47,68,21,47,68
03735300,INST OF CLINICAL ACUPUNCTURE & ORIENT MD,HI,96813-2307,Proprietary  ,3,23,26,3,23,26
03999400,TRADITIONAL CHINESE MEDICAL COLLEGE OF H,HI,96743-8324,Private      ,2,16,18,2,16,18
04154100,PACIFIC RIM CHRISTIAN COLLEGE           ,HI,96819-2228,Private      ,28,27,55,28,27,55
04169600,HEISEI INTERNATIONAL INSTITUTE OF MASSAG,HI,96814-2254,Proprietary  ,2,6,8,2,6,8
04175100,PAUL MITCHELL THE SCHOOL HONOLULU       ,HI,96816-2433,Proprietary  ,41,62,103,41,62,103
04182200,HAWAII MEDICAL INSTITUTE                ,HI,96814-3518,Proprietary  ,46,95,141,46,95,141
00161600,BOISE STATE UNIVERSITY                  ,ID,83725-1000,Public       ,11335,8731,20066,11335,8731,20066
00161700,"COLLEGE OF IDAHO, THE                   ",ID,83605-4432,Private      ,1283,255,1538,1283,255,1538
00161900,COLLEGE OF SOUTHERN IDAHO               ,ID,83301-0000,Public       ,2128,2204,4332,2128,2204,4332
00161908,COLLEGE OF WESTERN IDAHO                ,ID,83687-1515,Public       ,2182,3363,5545,2182,3363,5545
00162000,IDAHO STATE UNIVERSITY                  ,ID,83209-5377,Public       ,3702,4375,8077,3702,4375,8077
00162100,LEWIS-CLARK STATE COLLEGE               ,ID,83501-2698,Public       ,2034,1734,3768,2034,1734,3768
00162300,NORTH IDAHO COLLEGE                     ,ID,83814-2199,Public       ,2082,2692,4774,2082,2692,4774
00162400,NORTHWEST NAZARENE UNIVERSITY           ,ID,83686-5897,Private      ,1239,659,1898,1239,659,1898
00162500,BRIGHAM YOUNG UNIVERSITY-IDAHO          ,ID,83460-1650,Private      ,5416,2929,8345,5416,2929,8345
00162600,UNIVERSITY OF IDAHO                     ,ID,83844-4291,Public       ,9266,3436,12702,9266,3436,12702
00732915,ITT TECHNICAL INSTITUTE                 ,ID,83713-1529,Proprietary  ,149,509,658,149,509,658
00987300,MR JUAN'S CLG OF HAIR DESIGN            ,ID,83301-4154,Proprietary  ,2,20,22,2,20,22
01113300,EASTERN IDAHO TECHNICAL COLLEGE         ,ID,83404-5788,Public       ,216,596,812,216,596,812
02218000,CARRINGTON COLLEGE                      ,ID,83704-0000,Proprietary  ,115,464,579,115,464,579
02234500,BOISE BIBLE COLLEGE                     ,ID,83714-1220,Private      ,131,50,181,131,50,181
02275800,MR LEONS SCHOOL OF HAIR DESIGN          ,ID,83843-8384,Proprietary  ,10,18,28,10,18,28
02275801,MR. LEON'S SCHOOL OF HAIR DESIGN        ,ID,83501-1910,Proprietary  ,6,5,11,6,5,11
02314000,SCHOOL OF HAIRSTYLING (THE)             ,ID,83202-0000,Proprietary  ,14,46,60,14,46,60
02319800,HEADMASTERS SCHOOL OF HAIR DESIGN       ,ID,83814-0000,Proprietary  ,40,64,104,40,64,104
02349200,HEADMASTERS SCHOOL OF HAIR DESIGN       ,ID,83501-0000,Proprietary  ,12,13,25,12,13,25
02559500,RAZZLE DAZZLE CLG OF HAIR DESIGN        ,ID,83686-5104,Proprietary  ,37,57,94,37,57,94
02607100,SCOT LEWIS SCHOOLS                      ,ID,83709-1662,Proprietary  ,58,84,142,58,84,142
03098700,ACADEMY OF COURT REPORTING              ,ID,83704-8320,Proprietary  ,45,180,225,45,180,225
03832400,COSMETOLOGY SCHOOL OF ARTS & SCIENCES   ,ID,83318-1327,Proprietary  ,8,20,28,8,20,28
04051323,ART INSTITUTE OF PHOENIX (THE) - BROWN M,ID,83709-2746,Proprietary  ,32,116,148,32,116,148
04134300,EVANS HAIRSTYLING COLLEGE               ,ID,83440-5277,Proprietary  ,27,17,44,27,17,44
04144500,HAIR ACDMY PAUL MITCHELL PARTNER SCHOOL ,ID,83440-2600,Proprietary  ,41,46,87,41,46,87
04150600,D & L ACADEMY OF HAIR DESIGN            ,ID,83301-6229,Proprietary  ,7,20,27,7,20,27
04155200,OLIVER FINLEY ACADEMY OF COSMETOLOGY    ,ID,83704-8011,Proprietary  ,43,45,88,43,45,88
04163800,MASTER EDUCATORS BEAUTY SCHOOL          ,ID,83301-4118,Proprietary  ,7,13,20,7,13,20
04168600,COLLEGE OF MASSAGE THERAPY              ,ID,83221-1758,Proprietary  ,11,19,30,11,19,30
04176700,D'SHAW INSTITUTE OF COSMETOLOGY         ,ID,83704-4406,Proprietary  ,24,29,53,24,29,53
00163200,AQUINAS INSTITUTE OF THEOLOGY           ,MO,63108-3323,Private      ,3,51,54,3,51,54
00244900,AVILA COLLEGE                           ,MO,64145-1698,Private      ,865,765,1630,865,765,1630
00245000,CALVARY BIBLE COLLEGE                   ,MO,64147-1341,Private      ,89,74,163,89,74,163
00245200,CENTRAL BIBLE COLLEGE                   ,MO,65803-1096,Private      ,257,134,391,257,134,391
00245300,CENTRAL METHODIST UNIVERSITY            ,MO,65248-1198,Private      ,1291,746,2037,1291,746,2037
00245400,UNIVERSITY OF CENTRAL MISSOURI          ,MO,64093-5178,Public       ,6203,2549,8752,6203,2549,8752
00245600,COLUMBIA COLLEGE                        ,MO,65216-4581,Private      ,1830,10552,12382,1830,10552,12382
00245700,CONCORDIA SEMINARY                      ,MO,63105-3199,Private      ,3,383,386,3,383,386
00245800,COTTEY COLLEGE                          ,MO,64772-2790,Private      ,314,40,354,314,40,354
00245900,CROWDER COLLEGE                         ,MO,64850-9165,Public       ,1195,1318,2513,1195,1318,2513
00246000,CULVER STOCKTON COLLEGE                 ,MO,63435-1299,Private      ,834,114,948,834,114,948
00246100,DRURY UNIVERSITY                        ,MO,65802-3791,Private      ,1833,1930,3763,1833,1930,3763
00246200,EDEN THEOLOGICAL SEMINARY               ,MO,63119-0000,Private      ,1,43,44,1,43,44
00246300,EVANGEL UNIVERSITY                      ,MO,65802-2125,Private      ,1522,435,1957,1522,435,1957
00246400,FONTBONNE UNIVERSITY                    ,MO,63105-3098,Private      ,871,1270,2141,871,1270,2141
00246600,HARRIS-STOWE STATE COLLEGE              ,MO,63103-2199,Public       ,795,874,1669,795,874,1669
00246700,CONCEPTION SEMINARY COLLEGE             ,MO,64433-0502,Private      ,29,6,35,29,6,35
00246800,JEFFERSON COLLEGE                       ,MO,63050-2441,Public       ,1353,1222,2575,1353,1222,2575
00247100,ST LOUIS COMMUNITY COLLEGE              ,MO,63102-0000,Public       ,4785,6205,10990,4785,6205,10990
00247300,KANSAS CITY ART INSTITUTE               ,MO,64111-1874,Private      ,1068,250,1318,1068,250,1318
00247400,KANSAS CITY UNIV OF MED AND BIOSCIENCES ,MO,64106-0000,Private      ,40,529,569,40,529,569
00247600,KENRICK-GLENNON SEMINARY                ,MO,63119-4330,Private      ,8,6,14,8,6,14
00247700,A.T. STILL UNIV OF HEALTH SCIENCES      ,MO,63501-0000,Private      ,9,1393,1402,9,1393,1402
00247900,LINCOLN UNIVERSITY                      ,MO,65101-3500,Public       ,1733,932,2665,1733,932,2665
00248000,LINDENWOOD UNIVERSITY                   ,MO,63301-1695,Private      ,4213,3771,7984,4213,3771,7984
00248200,MARYVILLE UNIVERSITY                    ,MO,63141-7299,Private      ,1825,1358,3183,1825,1358,3183
00248400,METROPOLITAN COMMUNITY COLLEGE          ,MO,64111-2408,Public       ,4791,6685,11476,4791,6685,11476
00248500,MIDWESTERN BAPTIST THEOL SEMINARY       ,MO,64118-4697,Private      ,50,96,146,50,96,146
00248600,MINERAL AREA COLLEGE                    ,MO,63601-1000,Public       ,1038,1104,2142,1038,1104,2142
00248800,MISSOURI SOUTHERN STATE UNIVERSITY      ,MO,64801-1595,Public       ,2712,2121,4833,2712,2121,4833
00248900,MISSOURI VALLEY COLLEGE                 ,MO,65340-3197,Private      ,1237,258,1495,1237,258,1495
00249000,MISSOURI WESTERN STATE UNIVERSITY       ,MO,64507-2294,Public       ,3493,1708,5201,3493,1708,5201
00249100,MOBERLY AREA COMMUNITY COLLEGE          ,MO,65270-1304,Public       ,1577,1701,3278,1577,1701,3278
00249400,NAZARENE THEOLOGICAL SEMINARY           ,MO,64131-1246,Private      ,2,82,84,2,82,84
00249500,TRUMAN STATE UNIVERSITY                 ,MO,63501-4221,Public       ,4870,408,5278,4870,408,5278
00249600,NORTHWEST MISSOURI STATE UNIV           ,MO,64468-6001,Public       ,5215,798,6013,5215,798,6013
00249800,PARK UNIVERSITY                         ,MO,64152-3795,Private      ,821,3290,4111,821,3290,4111
00249900,ROCKHURST UNIVERSITY                    ,MO,64110-2561,Private      ,1516,687,2203,1516,687,2203
00250000,COLLEGE OF THE OZARKS                   ,MO,65726-2502,Private      ,2769,328,3097,2769,328,3097
00250100,SOUTHEAST MISSOURI STATE UNIV           ,MO,63701-4799,Public       ,6693,2510,9203,6693,2510,9203
00250200,SOUTHWEST BAPTIST UNIVERSITY            ,MO,65613-2597,Private      ,1642,787,2429,1642,787,2429
00250300,MISSOURI STATE UNIVERSITY               ,MO,65897-0094,Public       ,11041,4328,15369,11041,4328,15369
00250400,ST LOUIS COLLEGE OF PHARMACY            ,MO,63110-1088,Private      ,674,383,1057,674,383,1057
00250600,SAINT LOUIS UNIVERSITY                  ,MO,63103-2097,Private      ,8415,5142,13557,8415,5142,13557
00250900,SAINT PAUL SCHOOL OF THEOLOGY           ,MO,64127-2499,Private      ,2,73,75,2,73,75
00251200,STEPHENS COLLEGE                        ,MO,65215-0001,Private      ,862,357,1219,862,357,1219
00251400,NORTH CENTRAL MISSOURI COLLEGE          ,MO,64683-1824,Public       ,600,505,1105,600,505,1105
00251600,UNIVERSITY OF MISSOURI-COLUMBIA         ,MO,65211-1600,Public       ,21380,6292,27672,21380,6292,27672
00251700,MISSOURI UNIVERSITY OF SCIENCE & TECHNOL,MO,65409-0250,Public       ,4545,865,5410,4545,865,5410
00251800,UNIVERSITY OF MISSOURI-KANSAS CITY      ,MO,64110-2497,Public       ,5315,5099,10414,5315,5099,10414
00251900,UNIVERSITY OF MISSOURI-ST LOUIS         ,MO,63121-4499,Public       ,3714,4538,8252,3714,4538,8252
00252000,WASHINGTON UNIVERSITY                   ,MO,63130-4899,Private      ,13355,4151,17506,13355,4151,17506
00252001,WASHINGTON UNIV-SCHOOL OF MEDICINE      ,MO,63110-0000,Private      ,54,810,864,54,810,864
00252100,WEBSTER UNIVERSITY                      ,MO,63119-3194,Private      ,2560,5906,8466,2560,5906,8466
00252200,WENTWORTH MILITARY ACADEMY              ,MO,64067-1799,Private      ,128,107,235,128,107,235
00252300,WESTMINSTER COLLEGE                     ,MO,65251-1299,Private      ,1174,91,1265,1174,91,1265
00252400,WILLIAM JEWELL COLLEGE                  ,MO,64068-1896,Private      ,1291,194,1485,1291,194,1485
00252500,WILLIAM WOODS UNIVERSITY                ,MO,65251-2388,Private      ,730,513,1243,730,513,1243
00405704,NATIONAL AMERICAN UNIVERSITY            ,MO,64057-1791,Proprietary  ,12,277,289,12,277,289
00441300,ST JOHNS HOSP SCH RAD TECH              ,MO,65802-0000,Private      ,35,49,84,35,49,84
00470300,LOGAN COLLEGE OF CHIROPRACTIC           ,MO,63006-1065,Private      ,38,738,776,38,738,776
00470700,COVENANT THEOLOGICAL SEMINARY           ,MO,63141-8697,Private      ,2,259,261,2,259,261
00471100,LINN STATE TECHNICAL COLLEGE            ,MO,65051-9607,Public       ,941,263,1204,941,263,1204
00471300,THREE RIVERS COMMUNITY COLLEGE          ,MO,63901-2393,Public       ,973,1248,2221,973,1248,2221
00528800,KIRKSVILLE AREA TECHNICAL CENTER        ,MO,63501-0000,Public       ,26,41,67,26,41,67
00528900,WAYNESVILLE CAREER CENTER               ,MO,65583-2131,Public       ,28,52,80,28,52,80
00542400,SOUTH CENTRAL CAREER CENTER             ,MO,65775-3334,Public       ,23,38,61,23,38,61
00542600,SIKESTON CAREER AND TECHNOLOGY CTR      ,MO,63801-0000,Public       ,26,66,92,26,66,92
00542900,ROLLA TECHNICAL INSTITUTE               ,MO,65401-3601,Public       ,175,161,336,175,161,336
00543000,POPLAR BLUFF TECHNICAL CAREER CNTR      ,MO,63901-0000,Public       ,26,91,117,26,91,117
00543800,SALINE COUNTY CAREER CENTER             ,MO,65340-0000,Public       ,7,40,47,7,40,47
00544500,TRUMAN MEDICAL CENTER SCHOOL OF NURSE AN,MO,64108-2677,Private      ,30,73,103,30,73,103
00553100,GRAND RIVER TECHNICAL SCHOOL            ,MO,64601-1299,Public       ,56,33,89,56,33,89
00553200,CAPE GIRARDEAU CAREER & TECHNOLOGY CENTE,MO,63703-7511,Public       ,107,233,340,107,233,340
00638500,CHAMBERLAIN COLLEGE OF NURSING          ,MO,63146-0000,Proprietary  ,797,4385,5182,797,4385,5182
00638900,BARNES JEWISH COLLEGE OF NURSING AND ALL,MO,63110-1091,Private      ,252,564,816,252,564,816
00639200,RESEARCH COLLEGE OF NURSING             ,MO,64132-1199,Proprietary  ,72,180,252,72,180,252
00639201,RESEARCH MEDICAL CENTER - COLLEGE OF NUR,MO,64132-1199,Proprietary  ,6,21,27,6,21,27
00639202,RESEARCH MED CTR SCHL OF RAD TECH       ,MO,64132-0000,Proprietary  ,12,21,33,12,21,33
00666600,LUTHERAN  SCHOOL OF NURSING             ,MO,63118-3909,Proprietary  ,56,223,279,56,223,279
00732923,ITT TECHNICAL INSTITUTE                 ,MO,63045-1122,Proprietary  ,214,625,839,214,625,839
00754000,MISSOURI BAPTIST UNIVERSITY             ,MO,63141-8698,Private      ,1040,1028,2068,1040,1028,2068
00808000,STATE FAIR COMMUNITY COLLEGE            ,MO,65301-0000,Public       ,1217,1282,2499,1217,1282,2499
00826900,HILLYARD TECHNICAL CENTER               ,MO,64506-0000,Public       ,63,118,181,63,118,181
00855200,STEVENS INSTITUTE OF BUSINESS & ARTS    ,MO,63103-0000,Proprietary  ,25,77,102,25,77,102
00860600,TRI-COUNTY TECHNICAL SCHOOL             ,MO,65026-0000,Public       ,8,27,35,8,27,35
00886200,EAST CENTRAL COLLEGE                    ,MO,63084-0529,Public       ,1255,1167,2422,1255,1167,2422
00908900,HANNIBAL-LAGRANGE COLLEGE               ,MO,63401-1999,Private      ,584,276,860,584,276,860
00952000,NATIONAL ACADEMY OF BEAUTY ARTS         ,MO,63128-1307,Proprietary  ,33,92,125,33,92,125
00959000,INDEPENDENCE COLLEGE OF COSMETOLOGY     ,MO,64055-1105,Proprietary  ,14,43,57,14,43,57
00960700,HOUSE OF HEAVILIN BEAUTY COLLEGE        ,MO,64110-2826,Proprietary  ,17,52,69,17,52,69
00978200,SAINT LUKE'S COLLEGE OF HEALTH SCIENCES ,MO,64114-3237,Private      ,64,101,165,64,101,165
00979500,MISSOURI COLLEGE                        ,MO,63144-2901,Proprietary  ,84,247,331,84,247,331
01014814,COLORADO TECHNL UNIV NORTH KANSAS CITY  ,MO,64116-3614,Proprietary  ,102,703,805,102,703,805
01027900,HICKEY COLLEGE                          ,MO,63146-0000,Proprietary  ,164,100,264,164,100,264
01040500,PINNACLE CAREER INSTITUTE               ,MO,64131-3367,Proprietary  ,98,1003,1101,98,1003,1101
01040501,PINNACLE CAREER INSTITUTE - NORTH KANSAS,MO,64153-1151,Proprietary  ,19,139,158,19,139,158
01050303,WICHITA TECHNICAL INSTITUTE - WTI JOPLIN,MO,64801-2970,Proprietary  ,8,74,82,8,74,82
01102600,WARRENSBURG AREA VOC TECH SCH           ,MO,64093-0000,Public       ,22,48,70,22,48,70
01173500,PIKE/LINCOLN TECHNICAL CENTER           ,MO,63344-0000,Public       ,51,52,103,51,52,103
01212000,ASSEMBLIES OF GOD THEO. SEMINARY        ,MO,65802-0000,Private      ,3,88,91,3,88,91
01250000,RANKEN TECHNICAL COLLEGE                ,MO,63113-2811,Private      ,696,584,1280,696,584,1280
01258000,ST LOUIS CHRISTIAN COLLEGE              ,MO,63033-6499,Private      ,60,83,143,60,83,143
01320800,BAPTIST BIBLE COLLEGE                   ,MO,65803-3498,Private      ,145,75,220,145,75,220
02056100,FOUR RIVERS CAREER CENTER               ,MO,63090-0000,Public       ,16,22,38,16,22,38
02066900,NICHOLS CAREER CENTER                   ,MO,65101-2814,Public       ,52,86,138,52,86,138
02068200,COX HEALTH - COX COLLEGE                ,MO,65802-0000,Private      ,181,425,606,181,425,606
02068202,COX HEALTH - RADIOLOGIC TECHNOLOGY      ,MO,65802-0000,Private      ,31,46,77,31,46,77
02068204,COX HEALTH - MEDICAL TECHNOLOGY         ,MO,65807-0000,Private      ,21,43,64,21,43,64
02073600,KENNETT CAREER & TECHNOLOGY CENTER      ,MO,63857-0000,Public       ,4,37,41,4,37,41
02090400,BOONSLICK TECHNICAL EDUCATION CTR       ,MO,65233-0000,Public       ,8,41,49,8,41,49
02121100,MIDWEST INSTITUTE                       ,MO,63122-0000,Proprietary  ,15,50,65,15,50,65
02124500,FRANKLIN TECHNOLOGY CENTER              ,MO,64801-0000,Public       ,46,185,231,46,185,231
02142200,LEX LA RAY TECHNICAL CENTER             ,MO,64067-0000,Public       ,13,71,84,13,71,84
02151000,HANNIBAL CAREER AND TECHNICAL CENTE     ,MO,63401-2285,Public       ,16,75,91,16,75,91
02154900,MISSOURI SCH OF BARB & HAIR             ,MO,63031-0000,Proprietary  ,8,28,36,8,28,36
02164200,FOREST INST PROFESSIONAL PSYCHOLOGY     ,MO,65807-0000,Private      ,8,186,194,8,186,194
02165900,CHILLICOTHE BEAUTY ACADEMY              ,MO,64601-0000,Proprietary  ,2,7,9,2,7,9
02180200,METRO BUSINESS COLLEGE                  ,MO,63701-0000,Proprietary  ,43,220,263,43,220,263
02188000,NORTHWEST TECHNICAL SCHOOL              ,MO,64468-0000,Public       ,21,15,36,21,15,36
02188100,NORTHLAND CAREER CENTER                 ,MO,64079-8333,Public       ,8,52,60,8,52,60
02202700,OZARK CHRISTIAN COLLEGE                 ,MO,64801-0000,Private      ,351,77,428,351,77,428
02203400,NEVADA REGIONAL TECHNICAL CENTER        ,MO,64772-0000,Public       ,15,38,53,15,38,53
02205200,SANFORD-BROWN COLLEGE                   ,MO,63026-7305,Proprietary  ,78,435,513,78,435,513
02205203,SANFORD BROWN COLLEGE-ST. PETERS        ,MO,63301-4042,Proprietary  ,54,294,348,54,294,348
02214500,SALEM COLLEGE OF HAIRSTYLING            ,MO,65401-0000,Proprietary  ,4,10,14,4,10,14
02239200,ANTHEM COLLEGE                          ,MO,63043-0000,Proprietary  ,101,303,404,101,303,404
02239202,ANTHEM COLLEGE - METRO SOUTH            ,MO,63026-0000,Proprietary  ,15,40,55,15,40,55
02250600,EVEREST COLLEGE                         ,MO,65807-2446,Proprietary  ,52,205,257,52,205,257
02263106,ANTHEM COLLEGE - ANTHEM COLLEGE - KANSAS,MO,64114-3232,Proprietary  ,13,58,71,13,58,71
02263400,LAKE CAREER AND TECHNICAL CENTER        ,MO,65020-0000,Public       ,8,20,28,8,20,28
02266400,CENTRAL CHRISTIAN CLG OF THE BIBLE      ,MO,65270-0000,Private      ,96,52,148,96,52,148
02277500,HOUSE OF HEAVILIN OF BLUE SPRINGS       ,MO,64014-3953,Proprietary  ,19,34,53,19,34,53
02289200,COLUMBIA AREA CAREER CENTER             ,MO,65203-0000,Public       ,51,158,209,51,158,209
02295700,MISSOURI BEAUTY ACADEMY                 ,MO,63640-1827,Proprietary  ,25,38,63,25,38,63
02300105,EVEREST COLLEGE - EARTH CITY            ,MO,63045-1100,Proprietary  ,64,237,301,64,237,301
02304000,MISSOURI TECH                           ,MO,63303-3887,Proprietary  ,30,40,70,30,40,70
02309100,AMERICAN COLLEGE OF HAIR DESIGN         ,MO,65301-2144,Proprietary  ,16,20,36,16,20,36
02313000,CASS CAREER CENTER                      ,MO,64701-0000,Public       ,12,31,43,12,31,43
02340500,ST LOUIS COLLEGE OF HEALTH CAREERS      ,MO,63110-0000,Proprietary  ,56,272,328,56,272,328
02342100,CAREER & TECHNOLOGY CTR AT FT OSAGE     ,MO,64058-0000,Public       ,6,20,26,6,20,26
02361600,CONCORDE CAREER COLLEGE                 ,MO,64111-0000,Proprietary  ,74,408,482,74,408,482
02497500,CLINTON TECHNICAL SCHOOL                ,MO,64735-2966,Public       ,13,27,40,13,27,40
02520800,MERRELL UNIV OF BTY ARTS & SCIENCES     ,MO,65109-0000,Proprietary  ,40,47,87,40,47,87
02530600,SAINT CHARLES COMMUNITY COLLEGE         ,MO,63376-0975,Public       ,1798,1333,3131,1798,1333,3131
02543800,PARIS II EDUCATIONAL CENTER (THE)       ,MO,64118-0000,Proprietary  ,12,66,78,12,66,78
02555300,PATSY AND ROB'S ACADEMY OF BEAUTY       ,MO,63074-0000,Proprietary  ,5,23,28,5,23,28
02564700,ELAINE STEVEN BEAUTY COLLEGE            ,MO,63136-0000,Proprietary  ,15,36,51,15,36,51
02564701,ELAINE STEVEN BEAUTY COLLEGE - ADVANCE B,MO,63383-2006,Proprietary  ,4,4,8,4,4,8
02564702,ELAINE STEVEN BEAUTY COLLEGE - ADVANCE B,MO,63401-2269,Proprietary  ,1,3,4,1,3,4
02568500,GRABBER SCHOOL OF HAIR DESIGN           ,MO,63011-0000,Proprietary  ,13,45,58,13,45,58
02599700,VATTEROTT COLLEGE                       ,MO,63134-2900,Proprietary  ,90,645,735,90,645,735
02599701,VATTEROTT COLLEGE - KANSAS CITY         ,MO,64129-1692,Proprietary  ,47,465,512,47,465,512
02599702,VATTEROTT COLLEGE - SPRINGFIELD LOCATION,MO,65807-5340,Proprietary  ,39,247,286,39,247,286
02599703,VATTEROTT COLLEGE - JOPLIN              ,MO,64801-5033,Proprietary  ,52,314,366,52,314,366
02599705,VATTEROTT COLLEGE - SUNSET HILLS        ,MO,63127-1516,Proprietary  ,36,359,395,36,359,395
02599712,VATTEROTT COLLEGE - O'FALLON            ,MO,63366-2748,Proprietary  ,28,201,229,28,201,229
02608000,NEOSHO BEAUTY COLLEGE                   ,MO,64850-1525,Proprietary  ,7,14,21,7,14,21
02609202,VATTEROTT COLLEGE-ST JOSEPH             ,MO,64501-2911,Proprietary  ,32,212,244,32,212,244
02609203,VATTEROTT COLLEGE - L'ECOLE CULINAIRE   ,MO,63124-1103,Proprietary  ,77,287,364,77,287,364
02611004,HERITAGE COLLEGE-KANSAS CITY            ,MO,64131-4203,Proprietary  ,70,339,409,70,339,409
03042400,LEBANON TECHNOLOGY & CAREER CENTER      ,MO,65536-3296,Public       ,14,52,66,14,52,66
03066300,BRYAN CAREER COLLEGE                    ,MO,65806-2507,Proprietary  ,27,234,261,27,234,261
03066303,BRYAN COLLEGE - COLUMBIA                ,MO,65201-8248,Proprietary  ,5,23,28,5,23,28
03068600,SPECIAL SCHOOL DISTRICT OF ST. LOUIS CO.,MO,63127-0000,Public       ,19,169,188,19,169,188
03070200,CENTRAL COLLEGE OF COSMETOLOGY          ,MO,65583-0000,Proprietary  ,7,18,25,7,18,25
03070900,SE MO HOSP CLG NURSING & HEALTH SCI     ,MO,63703-4507,Private      ,90,171,261,90,171,261
03077200,COSMETOLOGY CONCEPTS INSTITUTE          ,MO,65202-1972,Proprietary  ,23,42,65,23,42,65
03083000,OZARKS TECHNICAL COMMUNITY COLLEGE      ,MO,65802-3601,Public       ,3316,4452,7768,3316,4452,7768
03092600,MESSENGER COLLEGE                       ,MO,64804-4909,Private      ,10,29,39,10,29,39
03097600,ST LOUIS HAIR ACADEMY                   ,MO,63107-1737,Proprietary  ,4,21,25,4,21,25
03101000,NEW DIMENSION SCHOOL OF HAIR DESIGN     ,MO,64801-5017,Proprietary  ,7,21,28,7,21,28
03106000,MISSOURI STATE UNIVERSITY - WEST PLAINS ,MO,65775-2715,Public       ,646,544,1190,646,544,1190
03110900,HOUSE OF HEAVILIN BEAUTY COLLEGE        ,MO,64083-9195,Proprietary  ,11,16,27,11,16,27
03166300,MOBERLY AREA TECHNICAL CENTER           ,MO,65270-1904,Public       ,23,20,43,23,20,43
03174300,HERNDON CAREER CENTER                   ,MO,64138-2695,Public       ,6,13,19,6,13,19
03519300,MISSOURI COLLEGE OF COSMETOLOGY NORTH   ,MO,65803-1235,Proprietary  ,34,83,117,34,83,117
03579300,TEXAS COUNTY TECHNICAL INSTITUTE        ,MO,65483-2700,Private      ,17,105,122,17,105,122
03616300,AVIATION INSTITUTE OF MAINTENANCE       ,MO,64129-1811,Proprietary  ,24,176,200,24,176,200
03663400,UNIVERSITY OF COSMETOLOGY               ,MO,63080-1910,Proprietary  ,1,3,4,1,3,4
03878300,PROFESSIONAL MASSAGE TRAINING CENTER    ,MO,65803-2939,Proprietary  ,14,28,42,14,28,42
03916300,ECLIPS SCHOOL OF COSMETOLOGY AND BARBERI,MO,63703-5809,Proprietary  ,12,47,59,12,47,59
03924300,HAIR ACADEMY 110 (THE)                  ,MO,63501-2915,Proprietary  ,6,12,18,6,12,18
03970400,WELLSPRING SCHOOL OF ALLIED HEALTH      ,MO,64114-3313,Proprietary  ,11,23,34,11,23,34
04037500,ACADEMY OF HAIR DESIGN                  ,MO,65804-2303,Proprietary  ,31,62,93,31,62,93
04051329,ART INSTITUTE OF PHOENIX (THE) - BROWN M,MO,63026-2564,Proprietary  ,19,29,48,19,29,48
04118700,AMERICAN COLLEGE OF TECHNOLOGY          ,MO,64506-2006,Proprietary  ,7,67,74,7,67,74
04119100,CITY VISION COLLEGE                     ,MO,64141-3188,Private      ,1,49,50,1,49,50
04122300,GRANTHAM UNIVERSITY                     ,MO,64153-2262,Proprietary  ,16,218,234,16,218,234
04127000,PEMISCOT COUNTY SPECIAL SCHOOL DISTRICT ,MO,63851-1666,Public       ,4,17,21,4,17,21
04130300,VICTORY TRADE SCHOOL                    ,MO,65803-2754,Private      ,5,24,29,5,24,29
04130600,"CENTER FOR HEALING ARTS (THE), LLC      ",MO,63143-2103,Proprietary  ,11,58,69,11,58,69
04133300,TREND SETTERS SCHOOL OF COSMETOLOGY     ,MO,63702-7607,Proprietary  ,14,35,49,14,35,49
04145200,TRANSFORMED BARBER AND COSMETOLOGY ACADE,MO,64137-1207,Proprietary  ,21,81,102,21,81,102
04145700,THE SYSTEM A PAUL MITCHELL PARTNER SCHL ,MO,65807-5969,Proprietary  ,40,70,110,40,70,110
04146100,URSHAN GRADUATE SCHOOL OF THEOLOGY      ,MO,63031-7526,Private      ,1,14,15,1,14,15
04170600,SALON PROFESSIONAL ACADEMY (THE)        ,MO,63301-1021,Proprietary  ,11,17,28,11,17,28
04170700,PAUL MITCHELL THE SCHOOL ST LOUIS       ,MO,63108-1554,Proprietary  ,58,79,137,58,79,137
04173900,COSMETOLOGY COLLEGE OF FRANKLIN COUNTY  ,MO,63077-3448,Proprietary  ,8,9,17,8,9,17
04174000,SKIN INSTITUTE                          ,MO,63128-1307,Proprietary  ,3,28,31,3,28,31
04174800,AMERICAN TRADE SCHOOL                   ,MO,63074-1807,Proprietary  ,9,33,42,9,33,42
04184400,SEYMOUR BEAUTY ACADEMY                  ,MO,65746-8743,Proprietary  ,1,4,5,1,4,5
00314600,WESTERN OKLAHOMA STATE COLLEGE          ,OK,73521-1397,Public       ,223,315,538,223,315,538
00314700,BACONE COLLEGE                          ,OK,74403-1597,Private      ,475,465,940,475,465,940
00314900,SOUTHERN NAZARENE UNIVERSITY            ,OK,73008-2694,Private      ,644,566,1210,644,566,1210
00315000,CAMERON UNIVERSITY                      ,OK,73505-6377,Public       ,1070,1533,2603,1070,1533,2603
00315100,OKLAHOMA WESLEYAN UNIVERSITY            ,OK,74006-6299,Private      ,477,447,924,477,447,924
00315200,UNIV OF CENTRAL OKLAHOMA                ,OK,73034-5209,Public       ,4341,2824,7165,4341,2824,7165
00315300,CONNORS STATE COLLEGE                   ,OK,74469-9700,Public       ,552,739,1291,552,739,1291
00315400,EAST CENTRAL UNIVERSITY                 ,OK,74820-6999,Public       ,1445,1199,2644,1445,1199,2644
00315500,EASTERN OKLAHOMA STATE COLLEGE          ,OK,74578-4999,Public       ,402,503,905,402,503,905
00315600,REDLANDS COMMUNITY COLLEGE              ,OK,73036-5304,Public       ,355,457,812,355,457,812
00315700,LANGSTON UNIVERSITY                     ,OK,73050-0000,Public       ,1113,1032,2145,1113,1032,2145
00315800,MURRAY STATE COLLEGE                    ,OK,73460-3137,Public       ,559,787,1346,559,787,1346
00316000,NORTHEASTERN OKLAHOMA A & M COLLEGE     ,OK,74354-6497,Public       ,811,471,1282,811,471,1282
00316100,NORTHEASTERN STATE UNIVERSITY           ,OK,74464-2399,Public       ,2951,2987,5938,2951,2987,5938
00316200,NORTHERN OKLAHOMA COLLEGE               ,OK,74653-0310,Public       ,858,1020,1878,858,1020,1878
00316300,NORTHWESTERN OKLAHOMA STATE UNIV        ,OK,73717-2799,Public       ,708,389,1097,708,389,1097
00316400,OKLAHOMA BAPTIST UNIVERSITY             ,OK,74801-2590,Private      ,1583,242,1825,1583,242,1825
00316500,OKLAHOMA CHRISTIAN UNIVERSITY           ,OK,73131-0000,Private      ,1248,336,1584,1248,336,1584
00316600,OKLAHOMA CITY UNIVERSITY                ,OK,73106-1493,Private      ,1670,1441,3111,1670,1441,3111
00316700,UNIV OF SCIENCE & ARTS OF OKLAHOMA      ,OK,73018-5322,Public       ,406,219,625,406,219,625
00316800,ROGERS STATE UNIVERSITY                 ,OK,74017-3252,Public       ,1596,1682,3278,1596,1682,3278
00317000,OKLAHOMA STATE UNIVERSITY               ,OK,74078-1026,Public       ,10466,3762,14228,10466,3762,14228
00317200,OKLAHOMA STATE UNIVERSITY-OKMULGEE      ,OK,74447-3901,Public       ,896,869,1765,896,869,1765
00317400,OKLAHOMA PANHANDLE STATE UNIVERSITY     ,OK,73939-0000,Public       ,426,162,588,426,162,588
00317600,CARL ALBERT STATE COLLEGE               ,OK,74953-5208,Public       ,696,901,1597,696,901,1597
00317800,SEMINOLE STATE COLLEGE                  ,OK,74818-1902,Public       ,469,531,1000,469,531,1000
00317900,SOUTHEASTERN OKLAHOMA STATE UNIV        ,OK,74701-0609,Public       ,1199,957,2156,1199,957,2156
00318000,SOUTHWESTERN CHRISTIAN UNIVERSITY       ,OK,73008-2335,Private      ,207,158,365,207,158,365
00318100,SOUTHWESTERN OKLAHOMA STATE UNIV        ,OK,73096-3098,Public       ,1774,814,2588,1774,814,2588
00318101,SOUTHWESTERN OK STATE UNIV AT SAYRE     ,OK,73662-0000,Public       ,81,98,179,81,98,179
00318300,ST GREGORY'S UNIVERSITY                 ,OK,74804-2499,Private      ,196,117,313,196,117,313
00318308,SAINT GREGORY'S UNIVERSITY - IPD TULSA  ,OK,74135-2499,Private      ,38,75,113,38,75,113
00318400,UNIVERSITY OF OKLAHOMA                  ,OK,73019-4078,Public       ,12352,5298,17650,12352,5298,17650
00318401,UNIVERSITY OF OKLAHOMA-HLTH SCI CTR     ,OK,73190-0000,Public       ,287,1656,1943,287,1656,1943
00318500,UNIVERSITY OF TULSA                     ,OK,74104-3189,Private      ,2392,1029,3421,2392,1029,3421
00398500,ORAL ROBERTS UNIVERSITY                 ,OK,74171-0001,Private      ,1936,837,2773,1936,837,2773
00531100,TULSA COUNTY AREA VOC TECH SCHOOL       ,OK,74145-0000,Public       ,156,525,681,156,525,681
00531200,RED RIVER TECHNOLOGY CENTER             ,OK,73533-2700,Public       ,7,35,42,7,35,42
00533900,METRO TECHNOLOGY CENTERS SCH DIST22     ,OK,73111-0000,Public       ,61,495,556,61,495,556
00533903,METRO TECHNOLOGY CENTERS SCH DIST22     ,OK,73129-0000,Public       ,26,156,182,26,156,182
00694200,MID-AMERICA CHRISTIAN UNIVERSITY        ,OK,73170-4504,Private      ,197,758,955,197,758,955
00767800,SPARTAN COLLEGE OF AERONAUTICS AND TECHN,OK,74115-5800,Proprietary  ,430,319,749,430,319,749
00791100,VIRGILS BEAUTY COLLEGE                  ,OK,74401-6802,Proprietary  ,6,9,15,6,9,15
00834300,AUTRY TECHNOLOGY CENTER                 ,OK,73703-2598,Public       ,39,106,145,39,106,145
00861900,TRI COUNTY TECHNOLOGY CENTER            ,OK,74006-6029,Public       ,25,73,98,25,73,98
00918500,ROSE STATE COLLEGE                      ,OK,73110-2799,Public       ,1062,2048,3110,1062,2048,3110
00920400,KIAMICHI AREA VOC TECH SCHOOL           ,OK,74578-0548,Public       ,103,399,502,103,399,502
00920408,KIAMICHI AREA VOC TECH SCHOOL           ,OK,74953-0000,Public       ,24,71,95,24,71,95
00961800,TULSA WELDING SCHOOL                    ,OK,74104-0000,Proprietary  ,383,394,777,383,394,777
00964700,"OKLAHOMA STATE UNIV, OKLA CITY          ",OK,73107-6159,Public       ,1046,2320,3366,1046,2320,3366
00970800,EVES COLLEGE OF HAIRSTYLING             ,OK,73501-4359,Proprietary  ,15,22,37,15,22,37
00976300,TULSA COMMUNITY COLLEGE                 ,OK,74135-6198,Public       ,3311,5241,8552,3311,5241,8552
00996300,CADDO KIOWA VOC TECH CENTER             ,OK,73038-0000,Public       ,21,124,145,21,124,145
00996400,CENTRAL OKLAHOMA AREA VOC TECH SCH      ,OK,74030-9613,Public       ,35,110,145,35,110,145
00996500,CANADIAN VALLEY TECHNOLOGY CENTER       ,OK,73036-9117,Public       ,33,145,178,33,145,178
00996800,GORDON COOPER TECHNOLOGY CENTER         ,OK,74804-9913,Public       ,36,189,225,36,189,225
01005300,INDIAN CAPITAL TECHNOLGY CENTER #4      ,OK,74403-9907,Public       ,71,310,381,71,310,381
01026600,HILLSDALE FREE WILL BAPTIST COLLEGE     ,OK,73153-0000,Private      ,79,33,112,79,33,112
01034200,SOUTHERN OKLAHOMA TECHNOLOGY CENTER     ,OK,73401-2100,Public       ,27,134,161,27,134,161
01039100,OKLAHOMA CITY COMMUNITY COLLEGE         ,OK,73159-4444,Public       ,1775,3586,5361,1775,3586,5361
01050304,WTI TULSA CAMPUS                        ,OK,74112-3140,Proprietary  ,7,50,57,7,50,57
01071700,GREAT PLAINS TECHNOLOGY CENTER SCHOOL DI,OK,73505-8399,Public       ,39,228,267,39,228,267
01076200,WESTERN OK AREA VOC TECH SCH DIST12     ,OK,73624-1469,Public       ,16,29,45,16,29,45
01120600,PIONEER TECHNOLOGY CENTER               ,OK,74601-1106,Public       ,10,79,89,10,79,89
01128200,OKLAHOMA STATE UNV CLG OSTEOPTHC MD     ,OK,74107-0000,Public       ,39,283,322,39,283,322
01153700,MID-AMERICA TECHNOLOGY CENTER           ,OK,73095-0210,Public       ,12,50,62,12,50,62
01227200,MOORE-NORMAN TECHNOLOGY CENTER          ,OK,73069-8399,Public       ,70,305,375,70,305,375
02052700,NORTHEAST TECHNOLOGY CENTER             ,OK,74361-0487,Public       ,53,220,273,53,220,273
02060800,MERIDIAN TECHNOLOGY CENTER              ,OK,74074-0000,Public       ,46,165,211,46,165,211
02126500,ENID BEAUTY COLLEGE                     ,OK,73701-0000,Proprietary  ,0,14,14,0,14,14
02184400,SAND SPRINGS BEAUTY COLLEGE             ,OK,74063-0000,Proprietary  ,10,42,52,10,42,52
02197300,HOLLYWOOD COSMETOLOGY CENTER            ,OK,73189-0000,Proprietary  ,11,24,35,11,24,35
02222700,FRANCIS TUTTLE TECHNOLOGY CENTER        ,OK,73142-0000,Public       ,106,580,686,106,580,686
02238500,CENTRAL STATE BEAUTY ACADEMY            ,OK,73162-6007,Proprietary  ,15,83,98,15,83,98
02250900,E OK COUNTY AREA VO-TECH                ,OK,73020-0000,Public       ,8,25,33,8,25,33
02256200,"BROKEN ARROW BEAUTY COLLEGE, INC        ",OK,74012-0000,Proprietary  ,22,74,96,22,74,96
02282100,HIGH PLAINS AREA VOC-TECH               ,OK,73801-0000,Public       ,9,28,37,9,28,37
02306800,PLATT COLLEGE                           ,OK,74145-0000,Proprietary  ,68,345,413,68,345,413
02510300,BEAUTY TECHNICAL COLLEGE                ,OK,74465-0000,Proprietary  ,8,12,20,8,12,20
02531200,WOODWARD BEAUTY COLLEGE                 ,OK,73801-0000,Proprietary  ,1,6,7,1,6,7
02554300,AMERICAN BEAUTY INSTITUTE               ,OK,74501-0000,Proprietary  ,6,26,32,6,26,32
02556500,YUKON BEAUTY COLLEGE                    ,OK,73099-4108,Proprietary  ,2,4,6,2,4,6
02560200,PHILLIPS THEOLOGICAL SEMINARY -         ,OK,74116-5612,Private      ,1,30,31,1,30,31
02581100,CLAREMORE BEAUTY COLLEGE                ,OK,74017-7034,Proprietary  ,5,16,21,5,16,21
02581200,CC'S COSMETOLOGY COLLEGE                ,OK,74129-0000,Proprietary  ,26,45,71,26,45,71
02591101,CAREER POINT INSTITUTE                  ,OK,74146-0000,Proprietary  ,23,83,106,23,83,106
02596501,ATI-CAREER TRAINING CENTER - OKLAHOMA CI,OK,73107-2442,Proprietary  ,24,124,148,24,124,148
02596502,ATI- CAREER TRAINING CENTER - OKLAHOMA C,OK,76101-2740,Proprietary  ,18,64,82,18,64,82
02597400,PONTOTOC TECHNOLOGY CENTER SCHOOL       ,OK,74820-8621,Public       ,21,61,82,21,61,82
02599706,VATTEROTT COLLEGE - TULSA               ,OK,74146-2205,Proprietary  ,15,164,179,15,164,179
02600000,NORTHWEST TECHNOLOG CTR SCH DIST 10     ,OK,73717-9600,Public       ,14,15,29,14,15,29
02600500,WES WATKINS TECHNOLOGY CENTER           ,OK,74883-9660,Public       ,16,69,85,16,69,85
02609205,VATTEROTT COLLEGE - OKLAHOMA CITY       ,OK,73127-2103,Proprietary  ,19,332,351,19,332,351
03008700,SOUTHWEST TECHNOLOGY CENTER             ,OK,73521-1527,Public       ,17,31,48,17,31,48
03024700,STILLWATER BEAUTY ACADEMY               ,OK,74075-3467,Proprietary  ,5,5,10,5,5,10
03030700,OKLAHOMA SCHOOL OF PHOTOGRAPHY          ,OK,73160-3320,Proprietary  ,13,30,43,13,30,43
03030800,AMERICAN BROADCASTING SCHOOL            ,OK,73115-3334,Proprietary  ,20,111,131,20,111,131
03051100,CHISHOLM TRAIL TECHNOLOGY CENTER        ,OK,73764-9720,Public       ,1,30,31,1,30,31
03078500,TECH INST OF COSMETOLOGY ARTS & SCI     ,OK,74120-3610,Proprietary  ,13,25,38,13,25,38
03103800,SOUTHERN SCHOOL OF BEAUTY               ,OK,74701-5008,Proprietary  ,5,18,23,5,18,23
03109800,PONCA CITY BEAUTY COLLEGE               ,OK,74601-4201,Proprietary  ,0,5,5,0,5,5
03109801,BARTLESVILLE BEAUTY COLLEGE             ,OK,74003-2835,Proprietary  ,0,7,7,0,7,7
03115100,HERITAGE COLLEGE                        ,OK,73119-0000,Proprietary  ,61,299,360,61,299,360
03124800,PLATT COLLEGE                           ,OK,73501-3808,Proprietary  ,19,83,102,19,83,102
03124901,IMAGINE -  PAUL MITCHELL PARTNER SCHOOL ,OK,73072-4831,Proprietary  ,24,66,90,24,66,90
03126200,GREEN COUNTRY AREA VOC TECH SCHOOL      ,OK,74447-1217,Public       ,19,45,64,19,45,64
03198400,MID-DEL AREA VOCATIONAL & TECH SCH      ,OK,73110-4825,Public       ,11,56,67,11,56,67
03329400,PRYOR BEAUTY COLLEGE                    ,OK,74361-0000,Proprietary  ,2,8,10,2,8,10
03329401,PRYOR BEAUTY COLLEGE - GROVE BEAUTY COLL,OK,74345-0009,Proprietary  ,0,1,1,0,1,1
03329402,PRYOR BEAUTY COLLEGE - NORTH EAST OKLAHO,OK,74338-0000,Proprietary  ,0,3,3,0,3,3
03367400,COMMUNITY CARE COLLEGE                  ,OK,74145-6420,Proprietary  ,72,325,397,72,325,397
03396300,OKLAHOMA HEALTH ACADEMY                 ,OK,74105-6220,Proprietary  ,27,74,101,27,74,101
03396400,OKLAHOMA HEALTH ACADEMY                 ,OK,73160-3667,Proprietary  ,11,56,67,11,56,67
03453400,SHAWNEE BEAUTY COLLEGE                  ,OK,74801-7014,Proprietary  ,3,12,15,3,12,15
03676300,FAMILY OF FAITH COLLEGE                 ,OK,74802-1805,Private      ,6,3,9,6,3,9
03831300,INSTITUTE OF HAIR DESIGN                ,OK,74804-0000,Proprietary  ,0,10,10,0,10,10
03928300,CENTRAL STATE MASSAGE ACADEMY           ,OK,73162-6007,Proprietary  ,10,14,24,10,14,24
04027300,4-STATES ACADEMY OF COSMETOLOGY         ,OK,74354-0000,Proprietary  ,2,3,5,2,3,5
04051324,ART INSTITUTE OF PHOENIX (THE) - BROWN M,OK,74146-5234,Proprietary  ,33,177,210,33,177,210
04060300,AMERICAN INSTITUTE OF MEDICAL TECHNOLOGY,OK,74146-5201,Proprietary  ,22,88,110,22,88,110
04062300,BROOKLINE COLLEGE                       ,OK,73114-6318,Proprietary  ,8,47,55,8,47,55
04121300,4-STATES OKMULGEE ACADEMY OF COSMETOLOGY,OK,74447-0000,Proprietary  ,6,9,15,6,9,15
04133600,CUTTER'S EDGE SCHOOL OF COSMETOLOGY     ,OK,74023-2905,Proprietary  ,2,8,10,2,8,10
04144400,ACADEMY OF HAIR DESIGN (THE)            ,OK,73120-6808,Proprietary  ,18,50,68,18,50,68
00163700,BETHANY THEOLOGICAL SEMINARY            ,IN,47374-0000,Private      ,1,25,26,1,25,26
00178400,ANCILLA COLLEGE-FINANCIAL AID OFFC      ,IN,46513-0001,Private      ,405,417,822,405,417,822
00178500,ANDERSON UNIVERSITY                     ,IN,46012-3495,Private      ,2602,824,3426,2602,824,3426
00178600,BALL STATE UNIVERSITY                   ,IN,47306-0880,Public       ,20310,8443,28753,20310,8443,28753
00178700,BETHEL COLLEGE INC                      ,IN,46545-5591,Private      ,1641,1246,2887,1641,1246,2887
00178800,BUTLER UNIVERSITY                       ,IN,46208-3487,Private      ,7468,1593,9061,7468,1593,9061
00178900,CHRISTIAN THEOLOGICAL SEMINARY          ,IN,46208-0000,Private      ,7,199,206,7,199,206
00179200,DEPAUW UNIVERSITY                       ,IN,46135-0037,Private      ,3033,138,3171,3033,138,3171
00179300,EARLHAM COLLEGE                         ,IN,47374-4095,Private      ,1207,134,1341,1207,134,1341
00179301,EARLHAM SCHOOL OF RELIGION              ,IN,47374-0000,Private      ,7,32,39,7,32,39
00179500,UNIVERSITY OF EVANSVILLE                ,IN,47722-0002,Private      ,3648,677,4325,3648,677,4325
00179800,FRANKLIN COLLEGE OF INDIANA             ,IN,46131-2623,Private      ,1861,232,2093,1861,232,2093
00179900,GOSHEN COLLEGE                          ,IN,46526-4794,Private      ,899,330,1229,899,330,1229
00180000,GRACE COLLEGE & THEO SEMINARY           ,IN,46590-1224,Private      ,1520,847,2367,1520,847,2367
00180100,HANOVER COLLEGE                         ,IN,47243-0108,Private      ,2218,94,2312,2218,94,2312
00180300,HUNTINGTON UNIVERSITY                   ,IN,46750-1299,Private      ,1308,288,1596,1308,288,1596
00180400,UNIVERSITY OF INDIANAPOLIS              ,IN,46227-3697,Private      ,5438,3709,9147,5438,3709,9147
00180500,INDIANA INSTITUTE OF TECHNOLOGY         ,IN,46803-1297,Private      ,1873,2989,4862,1873,2989,4862
00180700,INDIANA STATE UNIVERSITY                ,IN,47809-2501,Public       ,11120,5913,17033,11120,5913,17033
00180800,UNIVERSITY OF SOUTHERN INDIANA          ,IN,47712-3596,Public       ,8440,2995,11435,8440,2995,11435
00180900,INDIANA UNIVERSITY-BLOOMINGTON          ,IN,47405-1223,Public       ,30602,10049,40651,30602,10049,40651
00181100,INDIANA UNIV-EAST                       ,IN,47374-1289,Public       ,1445,1764,3209,1445,1764,3209
00181300,INDIANA UNIV-PURDUE UNIV INDPLS         ,IN,46202-5145,Public       ,16766,17922,34688,16766,17922,34688
00181301,INDIANA UNIVERSITY - PURDUE UNIVERSITY I,IN,47203-1769,Public       ,1678,1569,3247,1678,1569,3247
00181400,INDIANA UNIV KOKOMO                     ,IN,46902-3557,Public       ,1688,1966,3654,1688,1966,3654
00181500,INDIANA UNIV-NORTHWEST                  ,IN,46408-1197,Public       ,2856,3706,6562,2856,3706,6562
00181600,INDIANA UNIVERSITY - SOUTH BEND         ,IN,46615-0000,Public       ,4523,4815,9338,4523,4815,9338
00181700,INDIANA UNIVERSITY-SOUTHEAST            ,IN,47150-6405,Public       ,3749,2942,6691,3749,2942,6691
00182000,MANCHESTER COLLEGE                      ,IN,46962-1276,Private      ,2484,243,2727,2484,243,2727
00182100,MARIAN UNIVERSITY                       ,IN,46222-1997,Private      ,1931,1713,3644,1931,1713,3644
00182200,INDIANA WESLEYAN UNIVERSITY             ,IN,46953-4974,Private      ,4049,8822,12871,4049,8822,12871
00182300,ASSOCIATED MENNONITE BIBLICAL SEM       ,IN,46517-1999,Private      ,1,53,54,1,53,54
00182400,OAKLAND CITY UNIVERSITY                 ,IN,47660-1099,Private      ,528,1669,2197,528,1669,2197
00182500,PURDUE UNIVERSITY                       ,IN,47907-2050,Public       ,29843,6732,36575,29843,6732,36575
00182600,PURDUE UNIV NORTH CENTRAL CAMPUS        ,IN,46391-9542,Public       ,2308,2304,4612,2308,2304,4612
00182700,PURDUE UNIV CALUMET                     ,IN,46323-2094,Public       ,4257,4126,8383,4257,4126,8383
00182800,INDIANA UNIV-PURDUE UNIV FORT WAYNE     ,IN,46805-1499,Public       ,8529,6533,15062,8529,6533,15062
00183000,ROSE HULMAN INSTITUTE OF TECHNOLOGY     ,IN,47803-3999,Private      ,3039,104,3143,3039,104,3143
00183200,UNIVERSITY OF SAINT FRANCIS             ,IN,46808-3994,Private      ,2127,1646,3773,2127,1646,3773
00183300,ST JOSEPH'S COLLEGE                     ,IN,47978-0000,Private      ,1243,153,1396,1243,153,1396
00183400,CALUMET COLLEGE OF SAINT JOSEPH         ,IN,46394-2195,Private      ,429,553,982,429,553,982
00183500,SAINT MARY-OF-THE-WOODS COLLEGE         ,IN,47876-0067,Private      ,388,826,1214,388,826,1214
00183600,ST MARY'S COLLEGE                       ,IN,46556-5007,Private      ,1703,75,1778,1703,75,1778
00183800,TAYLOR UNIVERSITY                       ,IN,46989-1001,Private      ,2310,201,2511,2310,201,2511
00183900,TRINE UNIVERSITY                        ,IN,46703-1764,Private      ,2649,794,3443,2649,794,3443
00184000,UNIVERSITY OF NOTRE DAME                ,IN,46556-5602,Private      ,12049,2839,14888,12049,2839,14888
00184200,VALPARAISO UNIVERSITY                   ,IN,46383-6493,Private      ,4177,1482,5659,4177,1482,5659
00184300,VINCENNES UNIVERSITY                    ,IN,47591-1523,Public       ,5864,3258,9122,5864,3258,9122
00184400,WABASH COLLEGE                          ,IN,47933-0352,Private      ,1265,57,1322,1265,57,1322
00457900,INTERNATIONAL BUSINESS COLLEGE          ,IN,46804-0000,Proprietary  ,660,319,979,660,319,979
00457901,INTERNATIONAL BUSINESS COLLEGE          ,IN,46256-0000,Proprietary  ,579,322,901,579,322,901
00625700,SAINT ELIZABETH SCHOOL OF NURSING       ,IN,47904-2198,Private      ,149,307,456,149,307,456
00726300,HOLY CROSS COLLEGE                      ,IN,46556-0308,Private      ,576,100,676,576,100,676
00727600,SAINT MEINRAD SCHOOL OF THEOLOGY        ,IN,47577-1002,Private      ,1,39,40,1,39,40
00732900,ITT TECHNICAL INSTITUTE                 ,IN,46268-1119,Proprietary  ,675,2449,3124,675,2449,3124
00732908,ITT TECHNICAL INSTITUTE                 ,IN,46143-1067,Proprietary  ,54,80,134,54,80,134
00732933,ITT TECHNICAL INSTITUTE                 ,IN,46635-1512,Proprietary  ,160,355,515,160,355,515
00732962,ITT TECHNICAL INSTITUTE                 ,IN,47630-7430,Proprietary  ,312,1092,1404,312,1092,1404
00732968,ITT TECHNICAL INSTITUTE                 ,IN,46410-0000,Proprietary  ,113,288,401,113,288,401
00732993,ITT TECHNICAL INSTITUTE                 ,IN,46825-2393,Proprietary  ,435,1154,1589,435,1154,1589
00736200,MEDTECH COLLEGE                         ,IN,46250-3970,Proprietary  ,197,1289,1486,197,1289,1486
00736202,MEDTECH COLLEGE - GREENWOOD             ,IN,46143-6478,Proprietary  ,92,593,685,92,593,685
00736204,MEDTECH COLLEGE - FORT WAYNE            ,IN,46804-2209,Proprietary  ,115,624,739,115,624,739
00793800,LINCOLN COLLEGE OF TECHNOLOGY           ,IN,46202-0000,Proprietary  ,1261,789,2050,1261,789,2050
00842300,IVY TECH COMMUNITY COLLEGE OF INDIANA - ,IN,46601-3892,Public       ,2154,6478,8632,2154,6478,8632
00854600,NOT FOR STUDENT USE                     ,IN,46208-4700,Public       ,5,17,22,5,17,22
00854700,IVY TECH COMMUNITY COLLEGE OF INDIANA - ,IN,47802-4898,Public       ,1786,3747,5533,1786,3747,5533
00951500,J MICHAEL HARROLD BEAUTY ACADEMY        ,IN,47807-3390,Proprietary  ,23,48,71,23,48,71
00961200,"APEX SCHOOL OF BEAUTY CULTURE, INC      ",IN,46016-0000,Proprietary  ,11,31,42,11,31,42
00961300,MERRILLVILLE BEAUTY COLLEGE             ,IN,46410-3401,Proprietary  ,16,48,64,16,48,64
00967300,RUDAE'S SCHOOL OF BEAUTY CULTURE        ,IN,46825-5444,Proprietary  ,79,90,169,79,90,169
00977700,KAPLAN COLLEGE                          ,IN,46278-1736,Proprietary  ,271,939,1210,271,939,1210
00977702,KAPLAN COLLEGE - TEMPORARY FACILITY EXPA,IN,46268-4111,Proprietary  ,12,67,79,12,67,79
00977703,KAPLAN COLLEGE -  SE INDY               ,IN,46227-0000,Proprietary  ,107,404,511,107,404,511
00991700,IVY TECH COMMUNITY COLLEGE OF INDIANA   ,IN,46208-1763,Public       ,9828,21765,31593,9828,21765,31593
00992300,IVY TECH COMMUNITY COLLEGE OF INDIANA - ,IN,47250-1881,Public       ,792,1686,2478,792,1686,2478
00992400,IVY TECH COMMUNITY COLLEGE OF INDIANA - ,IN,47302-9448,Public       ,3116,6198,9314,3116,6198,9314
00992500,IVY TECH COMMUNITY COLLEGE OF INDIANA - ,IN,47710-3398,Public       ,1654,3445,5099,1654,3445,5099
00992600,IVY TECH COMMUNITY COLLEGE OF INDIANA- R,IN,46805-1489,Public       ,4121,8564,12685,4121,8564,12685
01003700,IVY TECH STATE COLLEGE - REGION 9       ,IN,47374-1220,Public       ,997,2777,3774,997,2777,3774
01003800,IVY TECH COMMUNITY COLLEGE OF INDIANA - ,IN,47203-1868,Public       ,1514,3103,4617,1514,3103,4617
01003900,IVY TECH COMMUNITY COLLEGE OF INDIANA - ,IN,47903-6299,Public       ,2921,4652,7573,2921,4652,7573
01004000,IVY TECH COMMUNITY COLLEGE OF INDIANA - ,IN,46409-1303,Public       ,2482,6083,8565,2482,6083,8565
01004100,IVY TECH STATE COLLEGE - REGION 5       ,IN,46903-1373,Public       ,1370,3863,5233,1370,3863,5233
01010900,IVY TECH COMMUNITY COLLEGE OF INDIANA - ,IN,47172-1897,Public       ,1266,2821,4087,1266,2821,4087
01015100,VINCENNES BEAUTY COLLEGE                ,IN,47591-1297,Proprietary  ,20,35,55,20,35,55
01040900,LAFAYETTE BEAUTY ACADEMY                ,IN,47901-1149,Proprietary  ,51,80,131,51,80,131
01048900,NATIONAL COLLEGE                        ,IN,46250-1930,Proprietary  ,83,901,984,83,901,984
01048910,NATIONAL COLLEGE - SOUTH BEND           ,IN,46617-3123,Proprietary  ,21,99,120,21,99,120
01048911,NATIONAL COLLEGE - FORT WAYNE           ,IN,46826-4905,Proprietary  ,21,92,113,21,92,113
01061800,MID-AMERICA CLG FUNERAL SERVICE         ,IN,47130-9990,Private      ,32,57,89,32,57,89
01150500,CREATIVE HAIR STYLING ACADEMY           ,IN,46322-1554,Proprietary  ,31,50,81,31,50,81
02084800,RAVENSCROFT BEAUTY COLLEGE              ,IN,46815-0000,Proprietary  ,57,69,126,57,69,126
02087600,CONCORDIA THEOLOGICAL SEMINARY          ,IN,46825-0000,Private      ,3,101,104,3,101,104
02100402,EVEREST INSTITUTE - EVEREST COLLEGE     ,IN,46410-7064,Proprietary  ,137,435,572,137,435,572
02140800,MARTIN UNIVERSITY                       ,IN,46218-0000,Private      ,137,993,1130,137,993,1130
02158400,HARRISON COLLEGE                        ,IN,46204-2611,Proprietary  ,478,2731,3209,478,2731,3209
02158401,HARRISON COLLEGE - COLUMBUS             ,IN,47203-1843,Proprietary  ,83,348,431,83,348,431
02158402,HARRISON COLLEGE - LAFAYETTE            ,IN,47905-4859,Proprietary  ,113,365,478,113,365,478
02158404,HARRISON COLLEGE - MARION               ,IN,46952-0000,Proprietary  ,0,1,1,0,1,1
02158405,HARRISON COLLEGE - TERRE HAUTE          ,IN,47802-0000,Proprietary  ,64,421,485,64,421,485
02158407,HARRISON COLLEGE - ANDERSON             ,IN,46013-0000,Proprietary  ,95,401,496,95,401,496
02158409,HARRISON COLLEGE - EVANSVILLE           ,IN,47715-3901,Proprietary  ,115,319,434,115,319,434
02158410,HARRISON COLLEGE - EAST                 ,IN,46239-8903,Proprietary  ,153,721,874,153,721,874
02158412,HARRISON COLLEGE - FORT WAYNE           ,IN,46825-0000,Proprietary  ,169,699,868,169,699,868
02158413,HARRISON COLLEGE - NORTHWEST            ,IN,46278-0000,Proprietary  ,177,313,490,177,313,490
02158800,DON ROBERTS BEAUTY SCHOOLS              ,IN,46383-0000,Proprietary  ,17,41,58,17,41,58
02164300,DON ROBERTS SCHOOL OF HAIR DESIGN       ,IN,46375-9999,Proprietary  ,21,35,56,21,35,56
02180108,ROSS MEDICAL EDUCATION CENTER -         ,IN,46530-4479,Proprietary  ,15,37,52,15,37,52
02201800,KAPLAN COLLEGE                          ,IN,46410-0000,Proprietary  ,87,369,456,87,369,456
02201802,KAPLAN COLLEGE - HAMMOND                ,IN,46324-3347,Proprietary  ,84,403,487,84,403,487
02241700,PJ'S COLLEGE OF COSMETOLOGY             ,IN,47129-0000,Proprietary  ,17,57,74,17,57,74
02245505,FORTIS COLLEGE - INDIANAPOLIS CAMPUS    ,IN,46268-0000,Proprietary  ,38,195,233,38,195,233
02302700,J EVERETT LIGHT CAREER CENTER           ,IN,46240-0000,Public       ,45,239,284,45,239,284
02304800,PJ'S COLLEGE OF COSMETOLOGY             ,IN,47374-0000,Proprietary  ,10,59,69,10,59,69
02308900,MASTER'S OF COSMETOLOGY COLLEGE         ,IN,46809-0000,Proprietary  ,76,68,144,76,68,144
02339600,ROGER'S ACADEMY OF HAIR DESIGN          ,IN,47712-0000,Proprietary  ,26,43,69,26,43,69
02345200,EMPIRE BEAUTY SCHOOL                    ,IN,46237-0000,Proprietary  ,115,294,409,115,294,409
02351300,KNOX BEAUTY COLLEGE                     ,IN,46534-0000,Proprietary  ,14,12,26,14,12,26
02490500,HAIR FASHIONS BY KAYE BEAUTY CLG        ,IN,46250-0000,Proprietary  ,44,122,166,44,122,166
02490800,HAIR FASHIONS BY KAYE BEAUTY CLG        ,IN,46060-0000,Proprietary  ,23,35,58,23,35,58
02607000,HAIR ARTS ACADEMY                       ,IN,47404-3581,Proprietary  ,22,47,69,22,47,69
02615800,COLLEGE OF COURT REPORTING              ,IN,46342-5969,Proprietary  ,13,130,143,13,130,143
03009700,HARRISON COLLEGE                        ,IN,47303-6413,Proprietary  ,82,278,360,82,278,360
03009701,HARRISON COLLEGE - MUNCIE - ELKHART     ,IN,46516-9795,Proprietary  ,74,371,445,74,371,445
03100600,MARION COMM TUCKER AREA VOC SCHOOL      ,IN,46952-3831,Public       ,30,103,133,30,103,133
03176300,AVIATION INSTITUTE OF MAINTENANCE       ,IN,46241-1445,Proprietary  ,62,265,327,62,265,327
03262300,DAVID DEMUTH INSTITUTE OF COSM          ,IN,47374-4101,Proprietary  ,5,32,37,5,32,37
03456700,CROSSROADS BIBLE COLLEGE                ,IN,46219-4912,Private      ,65,240,305,65,240,305
03521300,IVY TECH COMMUNITY COLLEGE OF INDIANA - ,IN,47404-9772,Public       ,2609,3537,6146,2609,3537,6146
03538300,ALEXANDRIA SCH OF SCIENTIFIC THERAP     ,IN,46001-0287,Proprietary  ,21,48,69,21,48,69
04038700,IDEAL BEAUTY ACADEMY                    ,IN,47130-4215,Proprietary  ,10,27,37,10,27,37
04051304,ART INSTITUTE OF PHOENIX (THE) - ART  IN,IN,46268-1170,Proprietary  ,892,682,1574,892,682,1574
04051311,ART INSTITUTE OF PHOENIX (THE) - BROWN M,IN,46410-5608,Proprietary  ,99,437,536,99,437,536
04051312,ART INSTITUTE OF PHOENIX (THE) - BROWN M,IN,46360-7362,Proprietary  ,62,307,369,62,307,369
04051318,ART INSTITUTE OF PHOENIX (THE) - BROWN M,IN,46204-1017,Proprietary  ,262,951,1213,262,951,1213
04051321,ART INSTITUTE OF PHOENIX (THE) - BROWN M,IN,46635-1176,Proprietary  ,211,821,1032,211,821,1032
04051322,ART INSTITUTE OF PHOENIX (THE) - BROWN M,IN,46805-0000,Proprietary  ,206,1022,1228,206,1022,1228
04100300,SUCCESS SCHOOLS                         ,IN,46410-5310,Proprietary  ,18,68,86,18,68,86
04121000,TECHSKILLS - INDIANAPOLIS               ,IN,46240-4302,Proprietary  ,12,89,101,12,89,101
04130900,HONORS BEAUTY COLLEGE                   ,IN,46256-3317,Proprietary  ,52,119,171,52,119,171
04155900,AVEDA FREDRIC'S INSTITUTE               ,IN,46250-4746,Proprietary  ,86,102,188,86,102,188
04166700,REM SPA INC                             ,IN,46013-3136,Proprietary  ,28,57,85,28,57,85
04171700,AVANT GARD THE SCHOOL                   ,IN,46214-6500,Proprietary  ,15,31,46,15,31,46
04172700,SALON PROFESSIONAL ACADEMY (THE)        ,IN,47715-7822,Proprietary  ,34,68,102,34,68,102
04184000,PAUL MITCHELL THE SCHOOL INDIANAPOLIS   ,IN,46227-6252,Proprietary  ,94,99,193,94,99,193
00190100,ALLEN COUNTY COMMUNITY COLLEGE          ,KS,66749-1607,Public       ,451,460,911,451,460,911
00190200,COWLEY COUNTY COMMUNITY COLLEGE & AREA V,KS,67005-2662,Public       ,775,901,1676,775,901,1676
00190300,BAKER UNIVERSITY                        ,KS,66006-0065,Private      ,1112,848,1960,1112,848,1960
00190400,BETHANY COLLEGE                         ,KS,67456-1897,Private      ,643,69,712,643,69,712
00190500,BETHEL COLLEGE                          ,KS,67117-0531,Private      ,469,79,548,469,79,548
00190600,BUTLER COUNTY COMMUNITY COLLEGE         ,KS,67042-3280,Public       ,2012,1788,3800,2012,1788,3800
00190700,CENTRAL BAPTIST THEOLOGY SEMINARY       ,KS,66226-3513,Private      ,0,16,16,0,16,16
00190800,CENTRAL CHRISTIAN COLLEGE OF KANSAS     ,KS,67460-5799,Private      ,313,49,362,313,49,362
00190900,CLOUD COUNTY COMMUNITY COLLEGE          ,KS,66901-1002,Public       ,470,363,833,470,363,833
00191000,COFFEYVILLE COMMUNITY COLLEGE           ,KS,67337-5064,Public       ,489,155,644,489,155,644
00191100,COLBY COMMUNITY COLLEGE                 ,KS,67701-4099,Public       ,310,145,455,310,145,455
00191300,DODGE CITY COMMUNITY COLLEGE            ,KS,67801-2399,Public       ,340,194,534,340,194,534
00191400,DONNELLY COLLEGE                        ,KS,66102-4298,Private      ,88,204,292,88,204,292
00191500,FORT HAYS STATE UNIVERSITY              ,KS,67601-4099,Public       ,2612,2200,4812,2612,2200,4812
00191600,FORT SCOTT COMMUNITY COLLEGE            ,KS,66701-3199,Public       ,587,364,951,587,364,951
00191700,BARCLAY COLLEGE                         ,KS,67059-0288,Private      ,71,42,113,71,42,113
00191800,FRIENDS UNIVERSITY                      ,KS,67213-3397,Private      ,1044,1128,2172,1044,1128,2172
00191900,GARDEN CITY COMMUNITY COLLEGE           ,KS,67846-6398,Public       ,459,240,699,459,240,699
00192000,HESSTON COLLEGE                         ,KS,67062-2093,Private      ,363,120,483,363,120,483
00192100,HIGHLAND COMMUNITY COLLEGE              ,KS,66035-4062,Public       ,646,596,1242,646,596,1242
00192300,HUTCHINSON COMMUNITY COLLEGE            ,KS,67501-5894,Public       ,1297,965,2262,1297,965,2262
00192400,INDEPENDENCE COMMUNITY COLLEGE          ,KS,67301-0000,Public       ,231,142,373,231,142,373
00192500,KANSAS CITY KANSAS COMMUNITY CLG        ,KS,66112-9978,Public       ,834,1954,2788,834,1954,2788
00192502,"KANSAS CITY KS AREA TECH SCHOOL, KS     ",KS,66104-0000,Public       ,59,140,199,59,140,199
00192600,PITTSBURG STATE UNIVERSITY              ,KS,66762-7500,Public       ,3152,1182,4334,3152,1182,4334
00192700,EMPORIA STATE UNIVERSITY                ,KS,66801-5087,Public       ,2093,1392,3485,2093,1392,3485
00192800,KANSAS STATE UNIVERSITY                 ,KS,66506-1104,Public       ,11742,3827,15569,11742,3827,15569
00192900,KANSAS WESLEYAN UNIVERSITY              ,KS,67401-6196,Private      ,843,212,1055,843,212,1055
00193000,LABETTE COMMUNITY COLLEGE               ,KS,67357-4299,Public       ,284,280,564,284,280,564
00193100,MANHATTAN CHRISTIAN COLLEGE             ,KS,66502-4081,Private      ,234,55,289,234,55,289
00193300,MCPHERSON COLLEGE                       ,KS,67460-3899,Private      ,681,99,780,681,99,780
00193600,NEOSHO COUNTY COMMUNITY COLLEGE         ,KS,66720-2699,Public       ,351,523,874,351,523,874
00193700,OTTAWA UNIVERSITY                       ,KS,66067-3399,Private      ,638,832,1470,638,832,1470
00193800,PRATT COMMUNITY COLLEGE                 ,KS,67124-8432,Public       ,298,256,554,298,256,554
00193900,NEWMAN UNIVERSITY                       ,KS,67213-2084,Private      ,986,831,1817,986,831,1817
00194000,SOUTHWESTERN COLLEGE                    ,KS,67156-2499,Private      ,652,484,1136,652,484,1136
00194300,UNIVERSITY OF ST MARY                   ,KS,66048-5023,Private      ,434,235,669,434,235,669
00194500,STERLING COLLEGE                        ,KS,67579-1533,Private      ,519,71,590,519,71,590
00194600,TABOR COLLEGE                           ,KS,67063-1799,Private      ,580,104,684,580,104,684
00194800,UNIVERSITY OF KANSAS                    ,KS,66045-7535,Public       ,12974,7286,20260,12974,7286,20260
00194900,WASHBURN UNIVERSITY                     ,KS,66621-1110,Public       ,2340,2409,4749,2340,2409,4749
00194901,WASHBURN UNIVERSITY -TOPEKA - WASHBURN I,KS,66604-2199,Public       ,335,448,783,335,448,783
00195000,WICHITA STATE UNIVERSITY                ,KS,67208-0001,Public       ,4601,4259,8860,4601,4259,8860
00460800,BARTON COUNTY COMMUNITY COLLEGE         ,KS,67530-9283,Public       ,495,587,1082,495,587,1082
00526400,FLINT HILLS TECHNICAL COLLEGE           ,KS,66801-5999,Public       ,106,180,286,106,180,286
00526500,NORTH CENTRAL KANSAS TECH COLG          ,KS,67420-0000,Public       ,181,112,293,181,112,293
00526700,NORTHWEST KANSAS TECHNICAL SCHOOL       ,KS,67735-3441,Public       ,100,62,162,100,62,162
00549800,WICHITA AREA TECHNICAL COLLEGE          ,KS,67211-2099,Public       ,172,747,919,172,747,919
00549900,SALINA AREA TECHNICAL COLLEGE           ,KS,67401-8195,Public       ,99,92,191,99,92,191
00550000,MANHATTAN AREA TECHNICAL COLLEGE        ,KS,66503-2499,Public       ,180,279,459,180,279,459
00675500,BROWN MACKIE COLLEGE (THE)              ,KS,67401-7307,Proprietary  ,152,465,617,152,465,617
00703200,MID AMERICA NAZARENE UNIVERSITY         ,KS,66062-1899,Private      ,749,412,1161,749,412,1161
00822800,SEWARD CO COMM CO/AREA TECHNICAL SCHOOL ,KS,67905-0000,Public       ,209,170,379,209,170,379
00824400,JOHNSON COUNTY COMMUNITY COLLEGE        ,KS,66210-1299,Public       ,3279,3717,6996,3279,3717,6996
00833200,B-STREET DESIGN SCHOOL OF INTERNATIONAL ,KS,66502-6082,Proprietary  ,16,35,51,16,35,51
00868200,ACADEMY OF HAIR DESIGN                  ,KS,67401-2803,Proprietary  ,9,13,22,9,13,22
01025600,BENEDICTINE COLLEGE                     ,KS,66002-1499,Private      ,1845,107,1952,1845,107,1952
01043800,HASKELL INDIAN NATIONS UNIVERSITY       ,KS,66046-4800,Public       ,421,297,718,421,297,718
01050300,WICHITA TECHNICAL INSTITUTE             ,KS,67213-1927,Proprietary  ,60,250,310,60,250,310
01050302,WICHITA TECHNICAL INSTITUTE - WTI TOPEKA,KS,66609-1217,Proprietary  ,15,117,132,15,117,132
01050305,WICHITA TECHNICAL INSTITUTE - EAST CAMPU,KS,67208-4243,Proprietary  ,26,105,131,26,105,131
02090700,CLEVELAND CHIROPRACTIC COLLEGE          ,KS,66210-1613,Private      ,22,253,275,22,253,275
02134800,OLD TOWN BARBER AND BEAUTY COLLEGE      ,KS,67211-0000,Proprietary  ,13,20,33,13,20,33
02196400,CAPITOL CITY HAIR DESIGN COLLEGE        ,KS,66102-0000,Proprietary  ,6,9,15,6,9,15
02257700,HAYS ACADEMY OF HAIR DESIGN             ,KS,67601-0000,Proprietary  ,25,28,53,25,28,53
02303500,AMERICAN INSTITUTE OF BAKING            ,KS,66502-0000,Private      ,12,14,26,12,14,26
02340700,LABARON HAIRDRESSING ACADEMY            ,KS,66204-0000,Proprietary  ,5,16,21,5,16,21
02590900,WRIGHT CAREER COLLEGE                   ,KS,66212-0000,Private      ,58,466,524,58,466,524
02599709,VATTEROTT COLLEGE - WICHITA             ,KS,67226-1304,Proprietary  ,38,259,297,38,259,297
02603100,XENON INTERNATIONAL ACADEMY             ,KS,67203-5428,Proprietary  ,32,68,100,32,68,100
02606300,PAUL MITCHELL THE SCHOOL WICHITA        ,KS,67226-2803,Proprietary  ,29,42,71,29,42,71
02611005,HERITAGE COLLEGE - WICHITA              ,KS,67210-1879,Proprietary  ,59,250,309,59,250,309
02613000,PINNACLE CAREER INSTITUTE               ,KS,66046-2703,Proprietary  ,34,150,184,34,150,184
03031300,XENON INTERNATIONAL ACADEMY IV          ,KS,66061-3765,Proprietary  ,26,44,70,26,44,70
03066200,BRYAN COLLEGE                           ,KS,66604-2496,Proprietary  ,9,139,148,9,139,148
03450300,B-STREET DESIGN SCHOOL OF INTERNATIONAL ,KS,66611-2373,Proprietary  ,12,40,52,12,40,52
03450301,B-STREET DESIGN SCHOOL OF INTERNATIONAL ,KS,67207-5148,Proprietary  ,9,27,36,9,27,36
03450302,B-STREET DESIGN SCHOOL OF INTERNATIONAL ,KS,66212-5451,Proprietary  ,22,51,73,22,51,73
03529300,SIDNEY'S HAIRDRESSING COLLEGE           ,KS,67501-7094,Proprietary  ,16,15,31,16,15,31
04132900,Z HAIR ACADEMY                          ,KS,66046-4040,Proprietary  ,18,24,42,18,24,42
04162700,ERIC FISHER ACADEMY                     ,KS,67212-3376,Proprietary  ,48,55,103,48,55,103
04175700,ACADEMY OF AESTHETIC ARTS               ,KS,66203-3502,Proprietary  ,6,14,20,6,14,20
04179600,ENTOURAGE INSTITUTE OF BEAUTY AND ESTHET,KS,66215-3803,Proprietary  ,3,4,7,3,4,7
00203300,UNIVERSITY OF MAINE-PRESQUE ISLE        ,ME,04769-2888,Public       ,607,317,924,607,317,924
00203500,BANGOR THEOLOGICAL SEMINARY             ,ME,04402-0411,Private      ,1,30,31,1,30,31
00203600,BATES COLLEGE                           ,ME,04240-6028,Private      ,2613,95,2708,2613,95,2708
00203800,BOWDOIN COLLEGE                         ,ME,04011-8451,Private      ,3570,82,3652,3570,82,3652
00203900,COLBY COLLEGE                           ,ME,04901-8841,Private      ,2828,56,2884,2828,56,2884
00204000,UNIVERSITY OF MAINE-FARMINGTON          ,ME,04938-1990,Public       ,2471,388,2859,2471,388,2859
00204100,UNIVERSITY OF MAINE-FORT KENT           ,ME,04743-1292,Public       ,500,224,724,500,224,724
00204300,HUSSON UNIVERSITY                       ,ME,04401-2999,Private      ,2206,898,3104,2206,898,3104
00204400,MAINE MARITIME ACADEMY                  ,ME,04420-0001,Public       ,897,113,1010,897,113,1010
00205000,UNIVERSITY OF NEW ENGLAND               ,ME,04005-9599,Private      ,3836,2121,5957,3836,2121,5957
00205100,SAINT JOSEPH'S COLLEGE                  ,ME,04084-5263,Private      ,1521,459,1980,1521,459,1980
00205200,THOMAS COLLEGE                          ,ME,04901-5097,Private      ,818,168,986,818,168,986
00205300,UNIVERSITY OF MAINE                     ,ME,04469-0001,Public       ,10044,2358,12402,10044,2358,12402
00205400,UNIVERSITY OF SOUTHERN MAINE            ,ME,04104-0000,Public       ,5736,4222,9958,5736,4222,9958
00205500,UNIVERSITY OF MAINE-MACHIAS             ,ME,04654-1397,Public       ,434,223,657,434,223,657
00520400,BEAL COLLEGE                            ,ME,04401-6896,Proprietary  ,130,325,455,130,325,455
00527600,CENTRAL MAINE COMMUNITY COLLEGE         ,ME,04210-6498,Public       ,918,1015,1933,918,1015,1933
00527700,EASTERN MAINE COMMUNITY COLLEGE         ,ME,04401-4280,Public       ,1062,867,1929,1062,867,1929
00552500,SOUTHERN MAINE COMMUNITY  COLLEGE       ,ME,04106-1698,Public       ,2332,2123,4455,2332,2123,4455
00576000,NORTHERN MAINE COMMUNITY COLLEGE        ,ME,04769-2016,Public       ,248,301,549,248,301,549
00630501,CENTRAL MAINE MEDICAL CENTER - COLLEGE O,ME,04240-4500,Private      ,77,197,274,77,197,274
00676000,UNIVERSITY OF MAINE-AUGUSTA             ,ME,04330-9410,Public       ,1086,3173,4259,1086,3173,4259
00685800,UNITY COLLEGE                           ,ME,04988-9502,Private      ,767,75,842,767,75,842
00903800,MR BERNARD'S SCH HAIR FASHION INC       ,ME,04243-1163,Proprietary  ,11,23,34,11,23,34
00923100,WASHINGTON COUNTY COMMUNITY COLLEGE     ,ME,04619-9704,Public       ,160,149,309,160,149,309
00929200,ANDOVER COLLEGE                         ,ME,04106-2415,Proprietary  ,45,299,344,45,299,344
00929201,ANDOVER COLLEGE -                       ,ME,04240-0000,Proprietary  ,40,317,357,40,317,357
00945900,EMPIRE BEAUTY SCHOOL                    ,ME,04101-3348,Proprietary  ,66,91,157,66,91,157
00982600,KENNEBEC VALLEY  COMMUNITY  COLLEGE     ,ME,04937-1367,Public       ,501,897,1398,501,897,1398
01138500,COLLEGE OF THE ATLANTIC                 ,ME,04609-1105,Private      ,472,71,543,472,71,543
01167300,MAINE COLLEGE OF ART                    ,ME,04101-3987,Private      ,536,156,692,536,156,692
02104400,SPA TECH INSTITUTE                      ,ME,04102-0000,Proprietary  ,51,110,161,51,110,161
02347100,NEW ENGLAND SCHOOL OF COMMUNICATIONS    ,ME,04401-0000,Private      ,463,92,555,463,92,555
02361300,LANDING SCHOOL OF BOATBUILDING & DESIGN ,ME,04046-1490,Private      ,7,19,26,7,19,26
03122900,YORK COUNTY COMMUNITY COLLEGE           ,ME,04090-0529,Public       ,313,453,766,313,453,766
03429300,SEACOAST CAREER SCHOOLS                 ,ME,04073-0000,Proprietary  ,17,60,77,17,60,77
03612300,BIRTHWISE MIDWIFERY SCHOOL              ,ME,04009-1110,Proprietary  ,7,33,40,7,33,40
04177400,CAPILO SCHOOL OF HAIR DESIGN            ,ME,04330-0000,Proprietary  ,23,18,41,23,18,41
00209300,ST JOHN'S COLLEGE                       ,NM,87505-4599,Private      ,370,121,491,370,121,491
00264900,SANTA FE UNIVERSITY OF ART AND DESIGN   ,NM,87505-7634,Proprietary  ,461,113,574,461,113,574
00265000,UNIVERSITY OF THE SOUTHWEST             ,NM,88240-9129,Private      ,105,79,184,105,79,184
00265100,EASTERN NEW MEXICO UNIV PORTALES        ,NM,88130-6000,Public       ,1428,884,2312,1428,884,2312
00265101,EASTERN NEW MEXICO UNIV-ROSWELL CAM     ,NM,88202-0000,Public       ,430,531,961,430,531,961
00265102,EASTERN NEW MEXICO UNIVERSITY - RUIDOSO ,NM,88345-0001,Public       ,3,3,6,3,3,6
00265300,NEW MEXICO HIGHLANDS UNIVERSITY         ,NM,87701-4436,Public       ,1176,977,2153,1176,977,2153
00265400,NEW MEXICO INST OF MINING & TECH        ,NM,87801-4796,Public       ,758,192,950,758,192,950
00265500,NEW MEXICO JUNIOR COLLEGE               ,NM,88240-9123,Public       ,243,278,521,243,278,521
00265600,NEW MEXICO MILITARY INSTITUTE           ,NM,88201-5173,Public       ,208,27,235,208,27,235
00265700,NEW MEXICO STATE UNIVERSITY             ,NM,88003-8001,Public       ,8624,4774,13398,8624,4774,13398
00265701,NEW MEXICO STATE UNIV-ALAMOGORDO        ,NM,88311-0000,Public       ,166,505,671,166,505,671
00265702,NEW MEXICO STATE UNIV.-DONA ANA CLG     ,NM,88003-0000,Public       ,1631,2064,3695,1631,2064,3695
00265703,NEW MEXICO STATE UNIV-CARLSBAD          ,NM,88220-0000,Public       ,119,213,332,119,213,332
00265704,NEW MEXICO STATE UNIV-GRANTS            ,NM,87020-0000,Public       ,92,184,276,92,184,276
00266000,SAN JUAN COLLEGE                        ,NM,87402-4699,Public       ,519,1309,1828,519,1309,1828
00266300,THE UNIVERSITY OF NEW MEXICO            ,NM,87131-0001,Public       ,10403,9038,19441,10403,9038,19441
00266301,UNIV OF NEW MEXICO - GALLUP BRANCH      ,NM,87301-5697,Public       ,248,365,613,248,365,613
00266302,UNIV OF NEW MEXICO - VALENCIA BRANCH    ,NM,87031-0000,Public       ,226,324,550,226,324,550
00266303,UNIV OF NEW MEXICO - LOS ALAMOS         ,NM,87544-0000,Public       ,77,62,139,77,62,139
00266304,UNIVERSITY OF NEW MEXICO                ,NM,87571-6401,Public       ,194,240,434,194,240,434
00266400,WESTERN NEW MEXICO UNIVERSITY           ,NM,88061-5417,Public       ,606,683,1289,606,683,1289
00405701,NATIONAL AMERICAN UNIVERSITY            ,NM,87110-0000,Proprietary  ,26,195,221,26,195,221
00474200,CENTRAL NEW MEXICO COMMUNITY COLLEGE    ,NM,87106-4096,Public       ,2713,5823,8536,2713,5823,8536
00474300,CLOVIS COMMUNITY COLLEGE                ,NM,88101-8381,Public       ,191,414,605,191,414,605
00996200,LUNA COMMUNITY COLLEGE                  ,NM,87701-0000,Public       ,169,178,347,169,178,347
01063200,DEWOLFF CLG HAIRSTYLING/COSMETOLOGY     ,NM,87112-4113,Proprietary  ,22,34,56,22,34,56
01300500,OLYMPIAN UNIVERSITY OF COSMETOLOGY      ,NM,88310-5051,Proprietary  ,73,297,370,73,297,370
02083900,NORTHERN NEW MEXICO COLLEGE             ,NM,87530-0000,Public       ,264,319,583,264,319,583
02146400,INSTITUTE OF AMERICAN INDIAN ARTS       ,NM,87508-0000,Public       ,61,102,163,61,102,163
02218808,BROOKLINE COLLEGE - ALBUQUERQUE         ,NM,87105-1649,Proprietary  ,43,163,206,43,163,206
02278100,SANTA FE COMMUNITY COLLEGE              ,NM,87507-0000,Public       ,309,701,1010,309,701,1010
02293203,ATI CAREER TRAINING CENTER - ALBUQUERQUE,NM,87109-2016,Proprietary  ,24,69,93,24,69,93
02357600,NAVAJO TECHNICAL COLLEGE                ,NM,87313-0000,Public       ,85,226,311,85,226,311
02511000,SOUTHWESTERN INDIAN POLYTECH INST       ,NM,87184-0000,Public       ,82,106,188,82,106,188
02572003,COMPUTER CAREER CENTER - LAS CRUCES CAMP,NM,88011-8220,Proprietary  ,48,251,299,48,251,299
02622000,SOUTHWEST ACUPUNCTURE COLLEGE           ,NM,87505-0000,Proprietary  ,2,119,121,2,119,121
03076100,SOUTHWESTERN COLLEGE                    ,NM,87507-0000,Private      ,14,69,83,14,69,83
03206300,MESALANDS COMMUNITY COLLEGE             ,NM,88401-3352,Public       ,62,70,132,62,70,132
03430300,UNIVERSAL THERAPEUTIC MASSAGE INSTITUTE ,NM,87107-4403,Proprietary  ,13,36,49,13,36,49
03678300,PIMA MEDICAL INSTITUTE                  ,NM,87110-4127,Proprietary  ,62,102,164,62,102,164
03944300,MASSAGE THERAPY TRAINING INSTITUTE      ,NM,88007-0000,Proprietary  ,21,30,51,21,30,51
04162400,URBAN ACADEMY                           ,NM,87106-4404,Proprietary  ,26,41,67,26,41,67
04174500,AVEDA INSTITUTE OF NEW MEXICO (THE)     ,NM,87110-3640,Proprietary  ,11,28,39,11,28,39
00223400,ADRIAN COLLEGE                          ,MI,49221-2575,Private      ,2116,209,2325,2116,209,2325
00223500,ALBION COLLEGE                          ,MI,49224-1831,Private      ,2018,86,2104,2018,86,2104
00223600,ALMA COLLEGE                            ,MI,48801-1599,Private      ,2117,123,2240,2117,123,2240
00223700,ALPENA COMMUNITY COLLEGE                ,MI,49707-1495,Public       ,578,462,1040,578,462,1040
00223800,ANDREWS UNIVERSITY                      ,MI,49104-0750,Private      ,1343,755,2098,1343,755,2098
00223900,AQUINAS COLLEGE                         ,MI,49506-1799,Private      ,2150,465,2615,2150,465,2615
00224000,BAY DE NOC COMMUNITY COLLEGE            ,MI,49829-2524,Public       ,756,597,1353,756,597,1353
00224100,CALVIN COLLEGE                          ,MI,49546-4388,Private      ,3853,278,4131,3853,278,4131
00224200,CALVIN THEOLOGICAL SEMINARY             ,MI,49546-4387,Private      ,10,144,154,10,144,154
00224300,CENTRAL MICHIGAN UNIVERSITY             ,MI,48859-0001,Public       ,19464,5772,25236,19464,5772,25236
00224600,CLEARY UNIVERSITY                       ,MI,48105-2659,Private      ,86,409,495,86,409,495
00224700,CONCORDIA UNIVERSITY-ANN ARBOR          ,MI,48105-2797,Private      ,531,136,667,531,136,667
00224800,CRANBROOK ACADEMY OF ART                ,MI,48303-0000,Private      ,19,271,290,19,271,290
00224900,DAVENPORT UNIVERSITY                    ,MI,49503-0000,Private      ,2211,6727,8938,2211,6727,8938
00225100,DELTA COLLEGE                           ,MI,48710-0001,Public       ,4188,4647,8835,4188,4647,8835
00225400,MICHIGAN STATE UNIVERSITY COLLEGE OF LAW,MI,48824-1300,Private      ,487,1679,2166,487,1679,2166
00225900,EASTERN MICHIGAN UNIVERSITY             ,MI,48197-2214,Public       ,12291,7933,20224,12291,7933,20224
00226000,FERRIS STATE UNIVERSITY                 ,MI,49307-2251,Public       ,11469,4979,16448,11469,4979,16448
00226100,CHARLES STEWART MOTT COMMUNITY CLG      ,MI,48503-2089,Public       ,2947,4685,7632,2947,4685,7632
00226200,KETTERING UNIVERSITY                    ,MI,48504-4898,Private      ,1637,218,1855,1637,218,1855
00226300,GLEN OAKS COMMUNITY COLLEGE             ,MI,49032-9784,Public       ,428,494,922,428,494,922
00226400,GOGEBIC COMMUNITY COLLEGE               ,MI,49938-1365,Public       ,419,296,715,419,296,715
00226500,GRACE BIBLE COLLEGE                     ,MI,49509-1998,Private      ,277,87,364,277,87,364
00226600,CORNERSTONE UNIVERSITY                  ,MI,49525-5897,Private      ,1659,849,2508,1659,849,2508
00226700,GRAND RAPIDS COMMUNITY COLLEGE          ,MI,49503-3295,Public       ,7371,5981,13352,7371,5981,13352
00226800,GRAND VALLEY STATE UNIVERSITY           ,MI,49401-9403,Public       ,21077,5439,26516,21077,5439,26516
00226900,GREAT LAKES CHRISTIAN COLLEGE           ,MI,48917-1299,Private      ,126,62,188,126,62,188
00227000,HENRY FORD COMMUNITY COLLEGE            ,MI,48128-1495,Public       ,4834,7639,12473,4834,7639,12473
00227300,HOPE COLLEGE                            ,MI,49423-3607,Private      ,4095,152,4247,4095,152,4247
00227400,JACKSON COMMUNITY COLLEGE               ,MI,49201-8399,Public       ,2326,2726,5052,2326,2726,5052
00227500,KALAMAZOO COLLEGE                       ,MI,49006-3295,Private      ,1844,133,1977,1844,133,1977
00227600,KELLOGG COMMUNITY COLLEGE               ,MI,49017-3397,Public       ,1542,2463,4005,1542,2463,4005
00227700,LAKE MICHIGAN COLLEGE                   ,MI,49022-1899,Public       ,1097,1625,2722,1097,1625,2722
00227800,LANSING COMMUNITY COLLEGE               ,MI,48933-1293,Public       ,5595,5460,11055,5595,5460,11055
00227900,LAWRENCE TECHNOLOGICAL UNIVERSITY       ,MI,48075-1058,Private      ,1392,770,2162,1392,770,2162
00228200,MADONNA UNIVERSITY                      ,MI,48150-1173,Private      ,1153,1613,2766,1153,1613,2766
00228400,MARYGROVE COLLEGE                       ,MI,48221-2599,Private      ,502,1316,1818,502,1316,1818
00228800,ROCHESTER COLLEGE                       ,MI,48307-2764,Private      ,432,361,793,432,361,793
00229000,MICHIGAN STATE UNIVERSITY               ,MI,48824-1113,Public       ,31163,9037,40200,31163,9037,40200
00229200,MICHIGAN TECHNOLOGICAL UNIV             ,MI,49931-1295,Public       ,5105,744,5849,5105,744,5849
00229300,LAKE SUPERIOR STATE UNIVERSITY          ,MI,49783-1691,Public       ,2277,624,2901,2277,624,2901
00229400,MONROE COUNTY COMMUNITY CLG             ,MI,48161-9746,Public       ,859,1000,1859,859,1000,1859
00229500,MONTCALM COMMUNITY COLLEGE              ,MI,48885-9723,Public       ,611,707,1318,611,707,1318
00229700,MUSKEGON COMMUNITY COLLEGE              ,MI,49442-1432,Public       ,1890,1757,3647,1890,1757,3647
00229900,NORTH CENTRAL MICHIGAN COLLEGE          ,MI,49770-8740,Public       ,729,810,1539,729,810,1539
00230100,NORTHERN MICHIGAN UNIVERSITY            ,MI,49855-5316,Public       ,6249,1784,8033,6249,1784,8033
00230200,NORTHWESTERN MICHIGAN COLLEGE           ,MI,49686-3061,Public       ,1781,1616,3397,1781,1616,3397
00230301,OAKLAND COMMUNITY COLLEGE - ORCHARD RIDG,MI,48334-4579,Public       ,1705,2150,3855,1705,2150,3855
00230302,OAKLAND COMMUNITY COLLEGE - ROYAL OAK CA,MI,48067-3898,Public       ,1907,3024,4931,1907,3024,4931
00230303,OAKLAND COMMUNITY COLLEGE - SOUTHFIELD C,MI,48075-4793,Public       ,1356,2937,4293,1356,2937,4293
00230304,OAKLAND COMMUNITY COLLEGE - AUBURN HILLS,MI,48323-2845,Public       ,2258,2867,5125,2258,2867,5125
00230305,OAKLAND COMMUNITY COLLEGE - HIGHLAND LAK,MI,48327-4187,Public       ,1258,1717,2975,1258,1717,2975
00230700,OAKLAND UNIVERSITY                      ,MI,48309-4401,Public       ,10738,5395,16133,10738,5395,16133
00230800,OLIVET COLLEGE                          ,MI,49076-9902,Private      ,1211,195,1406,1211,195,1406
00231000,ST. CLAIR COUNTY COMMUNITY COLLEGE      ,MI,48061-0000,Public       ,1347,1409,2756,1347,1409,2756
00231100,KUYPER COLLEGE                          ,MI,49525-9749,Private      ,328,107,435,328,107,435
00231300,SACRED HEART MAJOR SEMINARY             ,MI,48206-1799,Private      ,22,77,99,22,77,99
00231400,SAGINAW VALLEY STATE UNIV               ,MI,48710-0001,Public       ,8122,2524,10646,8122,2524,10646
00231500,SCHOOLCRAFT COLLEGE                     ,MI,48152-2696,Public       ,3204,3962,7166,3204,3962,7166
00231600,SIENA HEIGHTS UNIVERSITY                ,MI,49221-1796,Private      ,1280,995,2275,1280,995,2275
00231700,SOUTHWESTERN MICHIGAN COLLEGE           ,MI,49047-9793,Public       ,1233,1091,2324,1233,1091,2324
00231800,SPRING ARBOR UNIVERSITY                 ,MI,49283-9984,Private      ,2222,1540,3762,2222,1540,3762
00232200,FINLANDIA UNIVERSITY                    ,MI,49930-1882,Private      ,510,179,689,510,179,689
00232300,UNIVERSITY OF DETROIT MERCY             ,MI,48221-3038,Private      ,2613,2001,4614,2613,2001,4614
00232303,UNIV OF DETROIT MERCY - LAW SCHOOL      ,MI,48226-0000,Private      ,14,489,503,14,489,503
00232330,UNIV OF DETROIT MERCY - DENTAL SCHOOL   ,MI,48208-2576,Private      ,46,268,314,46,268,314
00232500,UNIVERSITY OF MICHIGAN - ANN ARBOR      ,MI,48109-1316,Public       ,28002,9465,37467,28002,9465,37467
00232501,UNIVERSITY OF MICHIGAN-MEDICAL SCH      ,MI,48109-0000,Public       ,174,941,1115,174,941,1115
00232503,UNIVERSITY OF MICHIGAN LAW SCHOOL       ,MI,48109-0000,Public       ,61,2304,2365,61,2304,2365
00232600,UNIVERSITY OF MICHIGAN-DEARBORN         ,MI,48128-2406,Public       ,4437,2847,7284,4437,2847,7284
00232700,UNIVERSITY OF MICHIGAN-FLINT            ,MI,48502-1950,Public       ,3731,3695,7426,3731,3695,7426
00232800,WASHTENAW COMMUNITY COLLEGE             ,MI,48106-0000,Public       ,2446,3146,5592,2446,3146,5592
00232900,WAYNE STATE UNIVERSITY                  ,MI,48202-0000,Public       ,13212,12434,25646,13212,12434,25646
00232901,WAYNE STATE UNIV SCH OF MEDICINE        ,MI,48201-3359,Public       ,294,1095,1389,294,1095,1389
00232902,WAYNE STATE UNIVERSITY - LAW SCHOOL     ,MI,48202-3424,Public       ,96,839,935,96,839,935
00233000,WESTERN MICHIGAN UNIVERSITY             ,MI,49008-3899,Public       ,16586,5917,22503,16586,5917,22503
00233100,WESTERN THEOLOGICAL SEMINARY            ,MI,49423-0000,Private      ,4,74,78,4,74,78
00407100,WALSH COLLEGE OF ACCT & BUS ADMN        ,MI,48007-7006,Private      ,190,1039,1229,190,1039,1229
00407200,NORTHWOOD UNIVERSITY                    ,MI,48640-2398,Private      ,1626,970,2596,1626,970,2596
00467300,BAKER COLLEGE - FLINT                   ,MI,48507-5508,Private      ,1538,3489,5027,1538,3489,5027
00467301,BAKER COLLEGE OF CADILLAC               ,MI,49601-0000,Private      ,303,771,1074,303,771,1074
00467302,BAKER COLLEGE OF CLINTON TOWNSHIP       ,MI,48035-0000,Private      ,1036,2489,3525,1036,2489,3525
00467303,BAKER COLLEGE OF MUSKEGON               ,MI,49442-0000,Private      ,1849,2444,4293,1849,2444,4293
00467304,BAKER COLLEGE OF OWOSSO                 ,MI,48867-0000,Private      ,1156,1381,2537,1156,1381,2537
00467305,BAKER COLLEGE OF AUBURN HILLS           ,MI,48326-0000,Private      ,516,1558,2074,516,1558,2074
00467306,BAKER COLLEGE OF PORT HURON             ,MI,48060-0000,Private      ,343,740,1083,343,740,1083
00467309,BAKER COLLEGE OF JACKSON                ,MI,49202-0000,Private      ,506,1502,2008,506,1502,2008
00467311,BAKER COLLEGE-CASS CITY                 ,MI,48726-0000,Private      ,121,225,346,121,225,346
00467313,BAKER COLLEGE - GRADUATE ON-LINE        ,MI,48507-0000,Private      ,212,2989,3201,212,2989,3201
00467317,BAKER COLLEGE-ALLEN PARK                ,MI,48101-0000,Private      ,574,1907,2481,574,1907,2481
00469200,DORSEY SCHOOL OF BUSINESS               ,MI,48195-2334,Proprietary  ,19,116,135,19,116,135
00469201,DORSEY SCHOOL OF BUSINESS               ,MI,48184-0000,Proprietary  ,19,102,121,19,102,121
00469202,DORSEY SCHOOL OF BUSINESS               ,MI,48071-0000,Proprietary  ,20,57,77,20,57,77
00469204,DORSEY SCHOOL OF BUSINESS               ,MI,48066-0000,Proprietary  ,26,151,177,26,151,177
00469205,DORSEY BUSINESS SCHOOL - FARMINGTON HILL,MI,48334-3385,Proprietary  ,12,80,92,12,80,92
00469206,DORSEY BUSINESS SCHOOL - ROSEVILLE CULIN,MI,48066-4555,Proprietary  ,32,129,161,32,129,161
00469207,DORSEY BUSINESS SCHOOL - WATERFORD/PONTI,MI,48341-1037,Proprietary  ,12,89,101,12,89,101
00469208,DORSEY BUSINESS SCHOOL - SAGINAW CAMPUS ,MI,48603-5201,Proprietary  ,22,86,108,22,86,108
00491003,KAPLAN CAREER INSTITUTE - DEARBORN      ,MI,48228-0000,Proprietary  ,33,219,252,33,219,252
00676800,MID MICHIGAN COMMUNITY COLLEGE          ,MI,48625-9447,Public       ,1419,1207,2626,1419,1207,2626
00677100,COLLEGE FOR CREATIVE STUDIES            ,MI,48202-4034,Private      ,1141,403,1544,1141,403,1544
00694900,KALAMAZOO VALLEY COMMUNITY COLLEGE      ,MI,49003-4070,Public       ,3148,3298,6446,3148,3298,6446
00717100,KIRTLAND COMMUNITY COLLEGE              ,MI,48653-0000,Public       ,538,723,1261,538,723,1261
00732991,ITT TECHNICAL INSTITUTE                 ,MI,49519-1851,Proprietary  ,239,577,816,239,577,816
00761700,CARNEGIE INSTITUTE                      ,MI,48083-1159,Proprietary  ,26,145,171,26,145,171
00795000,WEST SHORE COMMUNITY COLLEGE            ,MI,49454-0000,Public       ,348,415,763,348,415,763
00817800,EMPIRE BEAUTY SCHOOL                    ,MI,49525-2440,Proprietary  ,55,131,186,55,131,186
00832903,ITT TECHNICAL INSTITUTE                 ,MI,48083-2008,Proprietary  ,0,1,1,0,1,1
00890600,MACOMB COMMUNITY COLLEGE                ,MI,48088-3896,Public       ,6074,6380,12454,6074,6380,12454
00894600,PORT HURON COSMETOLOGY COLLEGE          ,MI,48329-1618,Proprietary  ,2,14,16,2,14,16
00923000,WAYNE COUNTY COMMUNITY CLG-DISTRICT     ,MI,48226-3095,Public       ,4339,12779,17118,4339,12779,17118
00973200,VIRGINIA FARRELL BEAUTY SCHOOL          ,MI,48080-1448,Proprietary  ,8,15,23,8,15,23
00973400,VIRGINIA FARRELL BEAUTY SCHOOL          ,MI,48220-1739,Proprietary  ,9,45,54,9,45,54
00982800,EVEREST INSTITUTE                       ,MI,48033-4400,Proprietary  ,81,355,436,81,355,436
00982801,EVEREST INSTITUTE- DEARBORN             ,MI,48124-1927,Proprietary  ,45,270,315,45,270,315
00982803,EVEREST INSTITUTE - DETROIT             ,MI,48207-4291,Proprietary  ,64,255,319,64,255,319
01047000,KALAMAZOO BEAUTY ACADEMY                ,MI,49002-5220,Proprietary  ,5,16,21,5,16,21
01082700,DAVID PRESSLEY PROF SCH OF COSMTLGY     ,MI,48067-3219,Proprietary  ,43,83,126,43,83,126
01109800,FLINT INSTITUTE OF BARBERING            ,MI,48504-4395,Proprietary  ,9,41,50,9,41,50
01164600,VIRGINIA FARRELL BEAUTY SCHOOL          ,MI,48185-3091,Proprietary  ,8,30,38,8,30,38
01229100,WRIGHT BEAUTY ACADEMY                   ,MI,49015-2696,Proprietary  ,8,19,27,8,19,27
01262700,THOMAS M. COOLEY LAW SCHOOL             ,MI,48901-1586,Private      ,12,2557,2569,12,2557,2569
01321800,M J MURPHY BTY CLG MT PLEASANT          ,MI,48858-2502,Proprietary  ,26,27,53,26,27,53
02060300,MICHIGAN INSTITUTE OF AERONAUTICS       ,MI,48188-2533,Proprietary  ,134,211,345,134,211,345
02068700,FISER'S COLLEGE OF COSMETOLOGY          ,MI,49221-0000,Proprietary  ,10,30,40,10,30,40
02099700,ROSS MEDICAL EDUCATION CENTER           ,MI,48532-0000,Proprietary  ,72,280,352,72,280,352
02099701,ROSS MEDICAL EDUCATION CENTER-SAGINAW   ,MI,48603-5227,Proprietary  ,15,56,71,15,56,71
02099702,ROSS MEDICAL EDUCATION CENTER-PORT HURON,MI,48060-1958,Proprietary  ,6,29,35,6,29,35
02099703,ROSS MEDICAL EDUCATION CENTER-ROOSEVELT ,MI,49441-4156,Proprietary  ,4,11,15,4,11,15
02100400,EVEREST INSTITUTE                       ,MI,49525-2301,Proprietary  ,84,303,387,84,303,387
02100401,EVEREST INSTITUTE - KALAMAZOO           ,MI,49009-3307,Proprietary  ,62,203,265,62,203,265
02125600,MICHIGAN COLLEGE OF BEAUTY              ,MI,48083-0000,Proprietary  ,40,70,110,40,70,110
02152103,ACADEMY OF COURT REPORTING & TECHNOLOGY ,MI,48017-1495,Proprietary  ,7,63,70,7,63,70
02158600,MR BELA'S SCHOOL OF COSMETOLOGY         ,MI,48092-4637,Proprietary  ,5,12,17,5,12,17
02160303,INTERNATIONAL ACADEMY OF DESIGN AND TECH,MI,48083-2160,Proprietary  ,280,341,621,280,341,621
02180100,ROSS MEDICAL EDUCATION CENTER           ,MI,48092-0000,Proprietary  ,19,123,142,19,123,142
02180105,ROSS MEDICAL EDUCATION CENTER-REDFORD   ,MI,48239-1260,Proprietary  ,6,37,43,6,37,43
02198900,MICHIGAN SCHOOL OF PROFESSIONAL PSYCHOLO,MI,48334-4512,Private      ,5,63,68,5,63,68
02209200,TAYLORTOWN SCHOOL OF BEAUTY             ,MI,48180-0000,Proprietary  ,3,14,17,3,14,17
02237800,SPECS HOWARD SCHOOL OF MEDIA ARTS       ,MI,48075-0000,Proprietary  ,214,227,441,214,227,441
02285700,BAYSHIRE BEAUTY ACADEMY                 ,MI,48708-5614,Proprietary  ,15,52,67,15,52,67
02289801,KAPLAN INSTITUTE - DETROIT CAMPUS       ,MI,48202-0000,Proprietary  ,52,241,293,52,241,293
02324500,MICHIGAN COLLEGE OF BEAUTY              ,MI,48161-3901,Proprietary  ,21,36,57,21,36,57
02339700,ROSS MEDICAL EDUCATION CENTER           ,MI,48116-0000,Proprietary  ,21,135,156,21,135,156
02339701,ROSS MEDICAL EDUCATION CENTER-ANN ARBOR ,MI,48108-1411,Proprietary  ,7,38,45,7,38,45
02339703,ROSS MEDICAL EDUCATION CENTER - DAVISON ,MI,48423-1751,Proprietary  ,9,15,24,9,15,24
02361500,MICHIGAN BARBER COLLEGE                 ,MI,48204-2244,Private      ,36,122,158,36,122,158
02363800,YESHIVA GEDOLAH OF GREATER DETROIT      ,MI,48237-0000,Private      ,1,2,3,1,2,3
02491000,WEST MI COLG OF BARBERING & BEAUTY      ,MI,49008-0000,Proprietary  ,4,19,23,4,19,23
02498300,VIRGINIA FARRELL BEAUTY SCHOOL          ,MI,48154-0000,Proprietary  ,6,26,32,6,26,32
02533600,ROSS MEDICAL EDUCATION CENTER           ,MI,48917-2108,Proprietary  ,39,177,216,39,177,216
02533601,ROSS MEDICAL EDUCATION CENTER - GRAND RA,MI,49546-2430,Proprietary  ,28,71,99,28,71,99
02588200,DOUGLAS J AVEDA INSTITUTE               ,MI,48823-4351,Proprietary  ,229,225,454,229,225,454
02588201,DOUGLAS J AVEDA INSTITUTE - ANN ARBOR   ,MI,48104-2211,Proprietary  ,41,53,94,41,53,94
02595700,HILLSDALE BEAUTY COLLEGE                ,MI,49242-0000,Proprietary  ,26,11,37,26,11,37
02618400,MICHIGAN CAREER & TECHNICAL INST        ,MI,49080-9254,Public       ,77,29,106,77,29,106
03005700,DETROIT BUSINESS INST. DOWNRIVER        ,MI,48193-6761,Proprietary  ,10,62,72,10,62,72
03028500,LAWTON SCHOOL                           ,MI,48075-0000,Proprietary  ,8,49,57,8,49,57
03066600,BAY MILLS COMMUNITY COLLEGE             ,MI,49715-9750,Public       ,87,189,276,87,189,276
03075200,TWIN CITY BEAUTY COLLEGE                ,MI,49085-3305,Proprietary  ,9,29,38,9,29,38
03075201,TWIN CITY BEAUTY COLLEGE - TRAVERSE CITY,MI,49686-5119,Proprietary  ,4,21,25,4,21,25
03090000,SHARP'S ACADEMY OF HAIRSTYLING INC.     ,MI,48433-0000,Proprietary  ,2,18,20,2,18,20
03109700,HOUGHTON LAKE INST OF COSMETOLOGY       ,MI,48629-0669,Proprietary  ,3,9,12,3,9,12
03110300,THE SCHOOL OF CREATIVE HAIR DESIGN      ,MI,49036-1139,Proprietary  ,4,6,10,4,6,10
03124000,NORTHWESTERN TECHNOLOGICAL INST         ,MI,48075-2412,Proprietary  ,24,86,110,24,86,110
03284300,MICHIGAN JEWISH INSTITUTE               ,MI,48237-0000,Private      ,128,43,171,128,43,171
03490300,PAUL MITCHELL THE SCHOOL ESCANABA       ,MI,49829-0000,Proprietary  ,101,116,217,101,116,217
03588300,IRENE'S MYOMASSOLOGY INSTITUTE          ,MI,48033-2404,Proprietary  ,27,139,166,27,139,166
03704300,BLUE WATER COLLEGE OF COSMETOLOGY       ,MI,48040-0000,Proprietary  ,10,18,28,10,18,28
03772300,SAGINAW CHIPPEWA TRIBAL COLLEGE         ,MI,48858-0000,Public       ,9,20,29,9,20,29
03815300,IN SESSION-ARTS OF COSMETOLOGY BEAU     ,MI,48609-0000,Proprietary  ,12,39,51,12,39,51
03907300,PAUL MITCHELL THE SCHOOL GREAT LAKES    ,MI,48060-0000,Proprietary  ,26,31,57,26,31,57
03915300,CAREER QUEST LEARNING CENTER            ,MI,48910-4732,Proprietary  ,39,304,343,39,304,343
03968300,LAKEWOOD SCHOOL OF THERAPEUTIC MASSAGE  ,MI,48060-0000,Proprietary  ,10,21,31,10,21,31
03976500,ANN ARBOR INSTITUTE OF MASSAGE THERAPY  ,MI,48103-0000,Proprietary  ,13,46,59,13,46,59
04002400,ECUMENICAL THEOLOGICAL SEMINARY         ,MI,48201-3035,Private      ,0,56,56,0,56,56
04006300,NUVO COLLEGE OF COSMETOLOGY             ,MI,49441-3822,Proprietary  ,11,25,36,11,25,36
04014300,P&A SCHOLARS BEAUTY SCHOOL              ,MI,48204-0000,Proprietary  ,38,113,151,38,113,151
04094300,ROBERT B. MILLER COLLEGE (THE)          ,MI,49017-3306,Private      ,45,193,238,45,193,238
04121100,GALLERY COLLEGE OF BEAUTY (THE)         ,MI,48036-3591,Proprietary  ,26,82,108,26,82,108
04136300,FOCUS:  HOPE INFORMATION TECHNOLOGIES CE,MI,48238-2949,Private      ,0,4,4,0,4,4
04138400,SCHOOL OF DESIGNING ARTS                ,MI,49015-2853,Proprietary  ,14,22,36,14,22,36
04140900,INTERNATIONAL COSMETOLOGY ACADEMY       ,MI,49508-1308,Proprietary  ,15,34,49,15,34,49
04141100,FRENCH ACADEMY OF COSMETOLOGY           ,MI,49456-3207,Proprietary  ,9,26,35,9,26,35
04158400,L'ESPRIT ACADEMY                        ,MI,48150-0000,Proprietary  ,13,42,55,13,42,55
04159300,MARKETTI ACADEMY OF COSMETOLOGY         ,MI,48329-3506,Proprietary  ,12,28,40,12,28,40
04163300,COMPASS FILM ACADEMY                    ,MI,49504-5296,Private      ,49,26,75,49,26,75
04164700,KEWEENAW BAY OJIBWA COMMUNITY COLLEGE   ,MI,49908-0000,Public       ,1,7,8,1,7,8
04169300,SCHOLARS COSMETOLOGY UNIVERSITY         ,MI,48108-0000,Proprietary  ,7,10,17,7,10,17
04183300,ABCOTT INSTITUTE                        ,MI,48075-5227,Proprietary  ,1,28,29,1,28,29
04184700,PROTEGE ACADEMY                         ,MI,48823-8660,Proprietary  ,13,23,36,13,23,36
00233200,ANOKA-RAMSEY CC-CAMBRIDGE/COONRAPID     ,MN,55433-3499,Public       ,797,1204,2001,797,1204,2001
00233400,AUGSBURG COLLEGE                        ,MN,55454-1351,Private      ,2149,819,2968,2149,819,2968
00233500,RIVERLAND COMMUNITY COLLEGE             ,MN,55912-1473,Public       ,321,519,840,321,519,840
00233600,BEMIDJI STATE UNIVERSITY                ,MN,56601-2699,Public       ,1942,707,2649,1942,707,2649
00233700,BETHANY LUTHERAN COLLEGE INC            ,MN,56001-6163,Private      ,397,37,434,397,37,434
00233900,CENTRAL LAKES COLG-BRAINERD/STAPLES     ,MN,56401-3900,Public       ,399,570,969,399,570,969
00234000,CARLETON COLLEGE                        ,MN,55057-4001,Private      ,2889,45,2934,2889,45,2934
00234100,COLLEGE OF ST BENEDICT                  ,MN,56374-2099,Private      ,1526,37,1563,1526,37,1563
00234200,ST. CATHERINE UNIVERSITY                ,MN,55105-1789,Private      ,1697,1379,3076,1697,1379,3076
00234300,COLLEGE OF ST SCHOLASTICA               ,MN,55811-4199,Private      ,1473,603,2076,1473,603,2076
00234500,UNIVERSITY OF ST THOMAS                 ,MN,55105-1096,Private      ,5244,1464,6708,5244,1464,6708
00234600,CONCORDIA COLLEGE-MOORHEAD              ,MN,56562-0001,Private      ,2152,120,2272,2152,120,2272
00234700,"CONCORDIA UNIVERSITY, ST PAUL, MN       ",MN,55104-5494,Private      ,767,521,1288,767,521,1288
00235000,VERMILION COMMUNITY COLLEGE             ,MN,55731-1996,Public       ,242,74,316,242,74,316
00235300,GUSTAVUS ADOLPHUS COLLEGE               ,MN,56082-1498,Private      ,2793,81,2874,2793,81,2874
00235400,HAMLINE UNIVERSITY                      ,MN,55104-1284,Private      ,2027,1182,3209,2027,1182,3209
00235500,HIBBING COMMUNITY COLLEGE               ,MN,55746-3300,Public       ,186,209,395,186,209,395
00235600,ITASCA COMMUNITY COLLEGE                ,MN,55744-3397,Public       ,336,204,540,336,204,540
00235700,LUTHER SEMINARY                         ,MN,55108-0000,Private      ,2,273,275,2,273,275
00235800,MACALESTER COLLEGE                      ,MN,55105-1899,Private      ,2926,75,3001,2926,75,3001
00236000,"MINNESOTA STATE UNIVERSITY, MANKATO     ",MN,56002-0000,Public       ,7118,2095,9213,7118,2095,9213
00236100,MARTIN LUTHER COLLEGE                   ,MN,56073-3965,Private      ,376,15,391,376,15,391
00236200,MINNEAPOLIS COMM AND TECH COLLEGE       ,MN,55403-1779,Public       ,1022,2589,3611,1022,2589,3611
00236500,MINNEAPOLIS COLLEGE OF ART & DESIGN     ,MN,55404-4343,Private      ,737,293,1030,737,293,1030
00236600,CROSSROADS COLLEGE                      ,MN,55902-2382,Private      ,30,27,57,30,27,57
00236700,MINNESOTA STATE UNIVERSITY MOORHEAD     ,MN,56563-0001,Public       ,3039,959,3998,3039,959,3998
00236900,NORTH CENTRAL UNIVERSITY                ,MN,55404-1391,Private      ,695,136,831,695,136,831
00237000,NORTH HENNEPIN COMMUNITY COLLEGE        ,MN,55445-2299,Public       ,735,1303,2038,735,1303,2038
00237100,NORTHWESTERN COLLEGE                    ,MN,55113-1598,Private      ,1322,225,1547,1322,225,1547
00237300,ROCHESTER COMMUNITY/TECH COLLEGE        ,MN,55904-4999,Public       ,982,1081,2063,982,1081,2063
00237500,SOUTHWEST MINNESOTA STATE UNIVERSITY    ,MN,56258-1598,Public       ,1379,376,1755,1379,376,1755
00237700,ST CLOUD STATE UNIVERSITY               ,MN,56301-4498,Public       ,5034,1773,6807,5034,1773,6807
00237900,SAINT JOHNS UNIVERSITY                  ,MN,56321-0000,Private      ,1409,60,1469,1409,60,1469
00238000,SAINT MARY'S UNIVERSITY                 ,MN,55987-1399,Private      ,1470,909,2379,1470,909,2379
00238200,ST OLAF COLLEGE                         ,MN,55057-1098,Private      ,3197,60,3257,3197,60,3257
00238300,CROWN COLLEGE                           ,MN,55375-9001,Private      ,448,163,611,448,163,611
00238500,NORTHLAND COMMUNITY & TECHNICAL CLG     ,MN,56701-2598,Public       ,425,533,958,425,533,958
00238600,UNITED THEOLGCL SEMINRY TWIN CITIES     ,MN,55112-0000,Private      ,4,40,44,4,40,44
00238800,"UNIVERSITY OF MINNESOTA, DULUTH         ",MN,55812-2496,Public       ,5956,831,6787,5956,831,6787
00238900,"UNIVERSITY OF MINNESOTA, MORRIS         ",MN,56267-2113,Public       ,1626,148,1774,1626,148,1774
00239100,WILLIAM MITCHELL COLLEGE OF LAW         ,MN,55105-0000,Private      ,2,732,734,2,732,734
00239300,MINNESOTA STATE COLLEGE-SE TECH         ,MN,55987-0409,Public       ,279,364,643,279,364,643
00239400,WINONA STATE UNIVERSITY                 ,MN,55987-5838,Public       ,4064,494,4558,4064,494,4558
00396900,UNIVERSITY OF MINNESOTA-TWIN CITIES     ,MN,55455-0422,Public       ,22309,8914,31223,22309,8914,31223
00400900,MESABI RANGE CMNTY & TECH COLLEGE       ,MN,55792-0000,Public       ,138,126,264,138,126,264
00405708,NATIONAL AMERICAN UNIVERSITY            ,MN,55113-0000,Proprietary  ,8,102,110,8,102,110
00405715,NATIONAL AMERICAN UNIVERSITY - BLOOMINGT,MN,55425-5550,Proprietary  ,10,121,131,10,121,131
00406900,UNIVERSITY OF MINNESOTA-CROOKSTON       ,MN,56716-5001,Public       ,710,209,919,710,209,919
00438600,VETERAN'S MEDICAL CTR- SCH RAD TECH     ,MN,55417-2399,Public       ,1,6,7,1,6,7
00464100,DUNWOODY COLLEGE OF TECHNOLOGY          ,MN,55403-1192,Private      ,222,368,590,222,368,590
00464200,GLOBE UNIVERSITY                        ,MN,55125-5408,Proprietary  ,366,1364,1730,366,1364,1730
00464500,MINNEAPOLIS BUSINESS COLLEGE            ,MN,55113-4036,Proprietary  ,195,69,264,195,69,264
00464600,MINNESOTA SCHOOL OF BUSINESS            ,MN,55423-0000,Proprietary  ,358,1649,2007,358,1649,2007
00525200,RIDGEWATER COLLEGE                      ,MN,56201-2098,Public       ,636,525,1161,636,525,1161
00526300,MINNESOTA WEST CMNTY & TECH COLG        ,MN,56241-1096,Public       ,293,414,707,293,414,707
00553300,"SAINT PAUL COLLEGE, COMMUNITY/TECHNICAL ",MN,55102-1800,Public       ,805,1742,2547,805,1742,2547
00553400,SAINT CLOUD TECHNICAL COLLEGE AND COMMUN,MN,56303-1240,Public       ,775,788,1563,775,788,1563
00553500,PINE TECHNICAL COLLEGE                  ,MN,55063-2198,Public       ,57,179,236,57,179,236
00553700,SOUTH CENTRAL COLLEGE                   ,MN,56003-0000,Public       ,513,557,1070,513,557,1070
00554100,MINNESOTA STATE COMMUNITY AND TECHNICAL ,MN,56573-1405,Public       ,720,1122,1842,720,1122,1842
00554400,ALEXANDRIA TECHNICAL COLLEGE            ,MN,56308-3799,Public       ,500,300,800,500,300,800
00575700,LAKE SUPERIOR COLLEGE                   ,MN,55811-3399,Public       ,575,763,1338,575,763,1338
00575900,NORTHWEST TECHNICAL COLLEGE - BEMIDJI   ,MN,56601-4907,Public       ,123,328,451,123,328,451
00677500,RAINY RIVER COMMUNITY COLLEGE           ,MN,56649-2187,Public       ,41,29,70,41,29,70
00735000,ANOKA-HENNEPIN TECHNICAL COLLEGE        ,MN,55303-1590,Public       ,194,644,838,194,644,838
00735100,BROWN COLLEGE                           ,MN,55120-1004,Proprietary  ,268,479,747,268,479,747
00746200,COLLEGE OF VISUAL ARTS                  ,MN,55102-2199,Private      ,122,26,148,122,26,148
00795400,NORMANDALE COMMUNITY COLLEGE            ,MN,55431-4399,Public       ,1446,1543,2989,1446,1543,2989
00826700,NORTHWEST TECHNICAL INSTITUTE           ,MN,55121-5001,Proprietary  ,22,17,39,22,17,39
00869400,RASMUSSEN COLLEGE - ST. CLOUD           ,MN,56301-3713,Proprietary  ,87,443,530,87,443,530
00869401,RASMUSSEN COLLEGE - BROOKLYN PARK       ,MN,55445-1512,Proprietary  ,81,437,518,81,437,518
00869406,RASMUSSEN COLLEGE - EAGAN               ,MN,55122-1346,Proprietary  ,76,571,647,76,571,647
00869407,RASMUSSEN COLLEGE - EDEN PRAIRIE        ,MN,55344-7220,Proprietary  ,136,1615,1751,136,1615,1751
00869409,RASMUSSEN COLLEGE - MANKATO             ,MN,56001-8658,Proprietary  ,123,535,658,123,535,658
00869412,RASMUSSEN COLLEGE - LAKE ELMO           ,MN,55042-8624,Proprietary  ,37,319,356,37,319,356
00869416,RASMUSSEN COLLEGE - MOORHEAD            ,MN,56560-4513,Proprietary  ,67,372,439,67,372,439
00869417,RASMUSSEN COLLEGE - BLAINE              ,MN,55014-0000,Proprietary  ,26,178,204,26,178,204
00905800,BETHEL UNIVERSITY                       ,MN,55112-6999,Private      ,2079,600,2679,2079,600,2679
00960000,COSMETOLOGY CAREERS UNLTD-DULUTH        ,MN,55802-2031,Proprietary  ,7,11,18,7,11,18
00972200,EMPIRE BEAUTY SCHOOL                    ,MN,55119-7003,Proprietary  ,15,70,85,15,70,85
00974000,INVER HILLS COMMUNITY COLLEGE           ,MN,55076-3224,Public       ,729,1170,1899,729,1170,1899
00983100,MODEL COLLEGE OF HAIR DESIGN            ,MN,56301-4280,Proprietary  ,33,30,63,33,30,63
00987000,EMPIRE BEAUTY SCHOOL                    ,MN,55420-2919,Proprietary  ,36,77,113,36,77,113
00989200,"DULUTH BUSINESS UNIV, INC.              ",MN,55807-0000,Proprietary  ,38,136,174,38,136,174
00999200,OAK HILLS CHRISTIAN COLLEGE             ,MN,56601-0000,Private      ,43,14,57,43,14,57
01024800,ART INSTITUTES INTL MINNESOTA           ,MN,55402-3137,Proprietary  ,633,421,1054,633,421,1054
01035602,EVEREST INSTITUTE - EAGAN               ,MN,55121-1696,Proprietary  ,30,156,186,30,156,186
01037400,METROPOLITAN STATE UNIVERSITY           ,MN,55106-5000,Public       ,687,2294,2981,687,2294,2981
01040200,DAKOTA COUNTY TECHNICAL COLLEGE         ,MN,55068-2999,Public       ,319,588,907,319,588,907
01049000,REGENCY BEAUTY INSTITUTE                ,MN,55428-0000,Proprietary  ,757,1830,2587,757,1830,2587
01049100,HENNEPIN TECHNICAL COLLEGE              ,MN,55445-2399,Public       ,497,1334,1831,497,1334,1831
01054600,CENTURY COLLEGE                         ,MN,55110-1894,Public       ,1480,1949,3429,1480,1949,3429
01173200,"MAYO CLINIC, COLLEGE OF MEDICINE        ",MN,55905-0000,Private      ,17,203,220,17,203,220
01173201,MAYO SCHOOL OF HEALTH-RELATED SCIEN     ,MN,55905-0000,Private      ,44,111,155,44,111,155
01173206,MAYO GRAD SCHOOL                        ,MN,55901-0000,Private      ,1,24,25,1,24,25
01173207,MAYO MEDICAL SCHOOL                     ,MN,55901-0000,Private      ,7,154,161,7,154,161
01232800,NORTHWESTERN HEALTH SCIENCES UNIV       ,MN,55431-1599,Private      ,26,282,308,26,282,308
02050300,ACADEMY COLLEGE                         ,MN,55420-1554,Proprietary  ,12,41,53,12,41,53
02097300,HASTINGS BEAUTY SCHOOL                  ,MN,55033-1205,Proprietary  ,9,13,22,9,13,22
02123200,AVEDA INSTITUTE                         ,MN,55414-0000,Proprietary  ,131,122,253,131,122,253
02159800,COSMETOLOGY CAREERS UNLTD - HIBBING     ,MN,55746-0000,Proprietary  ,4,16,20,4,16,20
02160901,"SALON PROFESSIONAL ACADEMY, THE - THE SA",MN,55428-4928,Proprietary  ,10,26,36,10,26,36
02238100,MINNESOTA SCHOOL OF COSMETOLOGY         ,MN,55125-0000,Proprietary  ,32,45,77,32,45,77
02260500,SUMMIT ACAD OPPORTUNITIES IND CTR       ,MN,55405-0000,Private      ,3,52,55,3,52,55
02263102,ANTHEM COLLEGE - ST. LOUIS PARK         ,MN,55416-2467,Proprietary  ,9,24,33,9,24,33
02504200,WALDEN UNIVERSITY                       ,MN,55401-2511,Proprietary  ,67,15035,15102,67,15035,15102
02514100,AMERICAN INDIAN OPPORTUNITIES CTR       ,MN,55404-0000,Private      ,5,59,64,5,59,64
03001200,MCNALLY SMITH COLLEGE OF MUSIC          ,MN,55101-2220,Proprietary  ,424,92,516,424,92,516
03051900,ALFRED ADLER GRADUATE SCHOOL            ,MN,55305-0000,Private      ,0,76,76,0,76,76
03096400,LEECH LAKE TRIBAL COLLEGE               ,MN,56633-0000,Public       ,9,63,72,9,63,72
03129100,FOND DU LAC TRIBAL & COMMUNITY CLG      ,MN,55720-2984,Public       ,122,208,330,122,208,330
03267300,CAPELLA UNIVERSITY                      ,MN,55402-3389,Proprietary  ,61,14949,15010,61,14949,15010
03833300,AMERICAN ACADEMY OF ACUPUNCTURE AND ORIE,MN,55113-0000,Proprietary  ,3,22,25,3,22,25
03921400,WHITE EARTH TRIBAL AND COMMUNITY COLLEGE,MN,56557-0478,Private      ,6,12,18,6,12,18
04044300,HAZELDEN GRADUATE SCHOOL OF ADDICTION ST,MN,55012-0000,Private      ,3,46,49,3,46,49
04130200,INST. OF PRODUCTION AND RECORDING       ,MN,55401-1315,Proprietary  ,133,104,237,133,104,237
04148800,CENTERPOINT MASSAGE & SHIATSU THERAPY SC,MN,55414-4525,Proprietary  ,10,32,42,10,32,42
04157600,NOVA ACADEMY OF COSMETOLOGY             ,MN,55906-4103,Proprietary  ,10,18,28,10,18,28
04160000,ALLURE SCHOOL OF COSMETOLOGY            ,MN,55066-2086,Proprietary  ,10,10,20,10,10,20
04160500,AVALON SCHOOL OF COSMETOLOGY            ,MN,56187-1930,Proprietary  ,6,8,14,6,8,14
04175600,PARK AVENUE SCHOOL OF COSMETOLOGY       ,MN,56470-3361,Proprietary  ,1,4,5,1,4,5
00239600,ALCORN STATE UNIVERSITY                 ,MS,39096-7500,Public       ,2096,1324,3420,2096,1324,3420
00239700,BELHAVEN UNIVERSITY                     ,MS,39202-1789,Private      ,940,1357,2297,940,1357,2297
00239800,BLUE MOUNTAIN COLLEGE                   ,MS,38610-9370,Private      ,252,115,367,252,115,367
00240100,COAHOMA COMMUNITY COLLEGE               ,MS,38614-9799,Public       ,524,648,1172,524,648,1172
00240200,COPIAH-LINCOLN COMMUNITY COLLEGE        ,MS,39191-0649,Public       ,835,814,1649,835,814,1649
00240300,DELTA STATE UNIVERSITY                  ,MS,38733-0000,Public       ,1675,1092,2767,1675,1092,2767
00240400,EAST CENTRAL COMMUNITY COLLEGE          ,MS,39327-0129,Public       ,828,652,1480,828,652,1480
00240500,EAST MISSISSIPPI COMM COLLEGE           ,MS,39358-0000,Public       ,950,1076,2026,950,1076,2026
00240700,HINDS COMMUNITY COLLEGE                 ,MS,39154-9799,Public       ,2800,3765,6565,2800,3765,6565
00240800,HOLMES COMMUNITY COLLEGE                ,MS,39079-0000,Public       ,1570,1918,3488,1570,1918,3488
00240900,ITAWAMBA COMMUNITY COLLEGE              ,MS,38843-1099,Public       ,1562,1835,3397,1562,1835,3397
00241000,JACKSON STATE UNIVERSITY                ,MS,39217-0001,Public       ,4616,3320,7936,4616,3320,7936
00241100,JONES COUNTY JUNIOR COLLEGE             ,MS,39437-3999,Public       ,1581,1072,2653,1581,1072,2653
00241300,MERIDIAN COMMUNITY COLLEGE              ,MS,39307-5890,Public       ,798,861,1659,798,861,1659
00241400,MILLSAPS COLLEGE                        ,MS,39201-0000,Private      ,1105,208,1313,1105,208,1313
00241500,MISSISSIPPI COLLEGE                     ,MS,39058-0001,Private      ,1509,1244,2753,1509,1244,2753
00241501,MISSISSIPPI COLLEGE - SCHOOL OF LAW     ,MS,39201-1391,Private      ,38,502,540,38,502,540
00241600,MISSISSIPPI DELTA CMTY COLLEGE          ,MS,38761-0000,Public       ,750,727,1477,750,727,1477
00241700,MISSISSIPPI GULF CST CLG-PERKINSTON     ,MS,39573-0000,Public       ,822,371,1193,822,371,1193
00241701,MISSISSIPPI GULF CST CLG-JEFF DAVIS     ,MS,39507-0000,Public       ,628,1079,1707,628,1079,1707
00241702,MISSISSIPPI GULF CST CLG-JACKSON CN     ,MS,39553-0000,Public       ,592,754,1346,592,754,1346
00242200,MISSISSIPPI UNIV FOR WOMEN              ,MS,39701-5818,Public       ,888,938,1826,888,938,1826
00242300,MISSISSIPPI STATE UNIVERSITY            ,MS,39762-9698,Public       ,9726,3276,13002,9726,3276,13002
00242400,MISSISSIPPI VALLEY STATE UNIVERSITY     ,MS,38941-1400,Public       ,1569,1015,2584,1569,1015,2584
00242600,NORTHEAST MS CMNTY COLLEGE              ,MS,38829-1731,Public       ,1224,924,2148,1224,924,2148
00242700,NORTHWEST MISSISSIPPI COMMUNITY CLG     ,MS,38668-1703,Public       ,2277,1823,4100,2277,1823,4100
00243000,PEARL RIVER COMMUNITY COLLEGE           ,MS,39470-2201,Public       ,1104,1257,2361,1104,1257,2361
00243300,RUST COLLEGE                            ,MS,38635-2328,Private      ,573,242,815,573,242,815
00243500,SOUTHEASTERN BAPTIST COLLEGE            ,MS,39440-0000,Private      ,7,13,20,7,13,20
00243600,SOUTHWEST MISSISSIPPI CMNTY CLG         ,MS,39666-8099,Public       ,497,433,930,497,433,930
00243900,TOUGALOO COLLEGE                        ,MS,39174-9799,Private      ,933,281,1214,933,281,1214
00244000,UNIVERSITY OF MISSISSIPPI               ,MS,38677-1848,Public       ,8727,3054,11781,8727,3054,11781
00244001,UNIVERSITY OF MISSISSIPPI - MED CTR     ,MS,39216-0000,Public       ,376,1214,1590,376,1214,1590
00244100,UNIVERSITY OF SOUTHERN MISSISSIPPI      ,MS,39406-0001,Public       ,6758,4334,11092,6758,4334,11092
00244700,WILLIAM CAREY UNIVERSITY                ,MS,39401-5499,Private      ,648,1331,1979,648,1331,1979
01289101,ANTONELLI COLLEGE - JACKSON             ,MS,39232-9514,Proprietary  ,55,329,384,55,329,384
01289102,ANTONELLI COLLEGE - HATTIESBURG         ,MS,39401-3056,Proprietary  ,48,190,238,48,190,238
02074900,CHRIS' BEAUTY COLLEGE                   ,MS,39501-0000,Proprietary  ,8,28,36,8,28,36
02160500,NORTH MISSISSIPPI MED CTR MED TECH      ,MS,38801-0000,Private      ,19,47,66,19,47,66
02235900,ACADEMY OF HAIR DESIGN #4               ,MS,39208-0000,Proprietary  ,18,48,66,18,48,66
02244300,ACADEMY OF HAIR DESIGN #1               ,MS,38901-0000,Proprietary  ,10,44,54,10,44,54
02249900,DELTA BEAUTY COLLEGE                    ,MS,38701-0000,Proprietary  ,12,28,40,12,28,40
02251600,ACADEMY OF HAIR DESIGN #6               ,MS,39401-7581,Proprietary  ,22,53,75,22,53,75
02251700,FOSTER'S COSMETOLOGY COLLEGE            ,MS,38663-0000,Proprietary  ,0,3,3,0,3,3
02302800,MISSISSIPPI COLLEGE OF BEAUTY CULT      ,MS,39440-0000,Proprietary  ,12,20,32,12,20,32
02320800,MAGNOLIA COLLEGE OF COSMETOLOGY         ,MS,39206-0000,Proprietary  ,21,66,87,21,66,87
02502100,CREATIONS COLLEGE OF COSMETOLOGY        ,MS,38803-0000,Proprietary  ,14,32,46,14,32,46
02516200,WESLEY BIBLICAL SEMINARY                ,MS,39206-0000,Private      ,3,38,41,3,38,41
02586000,J & J HAIR DESIGN COLLEGE               ,MS,39051-3716,Proprietary  ,12,22,34,12,22,34
03004000,FINAL TOUCH BEAUTY SCHOOL               ,MS,39307-2934,Proprietary  ,6,17,23,6,17,23
03010603,VIRGINIA COLLEGE - JACKSON              ,MS,39206-5602,Proprietary  ,52,245,297,52,245,297
03010610,VIRGINIA COLLEGE - BILOXI               ,MS,39532-2124,Proprietary  ,35,326,361,35,326,361
03263300,TRAXLER'S SCHOOL OF HAIR                ,MS,39212-2529,Proprietary  ,6,21,27,6,21,27
03464300,ACADEMY OF HAIR DESIGN                  ,MS,39562-0000,Proprietary  ,9,10,19,9,10,19
03525300,BLUE CLIFF COLLEGE                      ,MS,39507-0000,Proprietary  ,41,247,288,41,247,288
03848300,DAY SPA CAREER COLLEGE                  ,MS,39564-0000,Proprietary  ,9,18,27,9,18,27
03963300,HEALING TOUCH SCHOOL OF MASSAGE THERAPY ,MS,39402-1300,Proprietary  ,8,20,28,8,20,28
04131300,CORINTH ACADEMY OF COSMETOLOGY          ,MS,38834-4813,Proprietary  ,7,20,27,7,20,27
04137400,MISSISSIPPI SCHOOL OF THERAPEUTIC MASSAG,MS,39216-5023,Proprietary  ,5,24,29,5,24,29
04140200,"MISSISSIPPI INSTITUTE OF AESTHETICS, NAI",MS,39056-5628,Proprietary  ,7,19,26,7,19,26
00252600,CARROLL COLLEGE                         ,MT,59625-0002,Private      ,1626,228,1854,1626,228,1854
00252700,UNIVERSITY OF GREAT FALLS               ,MT,59405-4996,Private      ,470,328,798,470,328,798
00252800,MILES COMMUNITY COLLEGE                 ,MT,59301-4799,Public       ,177,126,303,177,126,303
00252900,DAWSON COMMUNITY COLLEGE                ,MT,59330-1405,Public       ,166,62,228,166,62,228
00253000,MONTANA STATE UNIVERSITY - BILLINGS     ,MT,59101-0298,Public       ,1942,1961,3903,1942,1961,3903
00253100,MONTANA TECH OF THE UNIV OF MONTANA     ,MT,59701-8997,Public       ,1150,755,1905,1150,755,1905
00253200,MONTANA STATE UNIVERSITY - BOZEMAN      ,MT,59717-0001,Public       ,8540,3003,11543,8540,3003,11543
00253300,MONTANA STATE UNIVERSITY-NORTHERN       ,MT,59501-3148,Public       ,508,367,875,508,367,875
00253400,ROCKY MOUNTAIN COLLEGE                  ,MT,59102-1796,Private      ,879,239,1118,879,239,1118
00253600,UNIVERSITY OF MONTANA (THE)             ,MT,59812-0001,Public       ,6624,5038,11662,6624,5038,11662
00253700,UNIVERSITY OF MONTANA WESTERN (THE)     ,MT,59725-3598,Public       ,938,333,1271,938,333,1271
00677700,FLATHEAD VALLEY COMMUNITY COLLEGE       ,MT,59901-2699,Public       ,511,909,1420,511,909,1420
00757000,HELENA COLLEGE OF TECHNOLOGY            ,MT,59601-3098,Public       ,247,549,796,247,549,796
00790000,BUTTE ACADEMY OF BEAUTY CULTURE         ,MT,59701-9197,Proprietary  ,10,14,24,10,14,24
00894700,"DAHL'S COLLEGE OF BEAUTY,INC            ",MT,59401-3731,Proprietary  ,12,23,35,12,23,35
00931400,MSU COLLEGE OF TECH-GREAT FALLS         ,MT,59405-4907,Public       ,311,628,939,311,628,939
02143400,SALISH KOOTENAI COLLEGE                 ,MT,59855-0000,Public       ,121,398,519,121,398,519
02286600,LITTLE BIG HORN COLLEGE                 ,MT,59022-0000,Public       ,38,62,100,38,62,100
02343000,FT PECK COMMUNITY COLLEGE               ,MT,59255-0000,Public       ,19,59,78,19,59,78
02510600,BLACKFEET COMMUNITY COLLEGE             ,MT,59417-0000,Private      ,50,109,159,50,109,159
02517500,FORT BELKNAP COLLEGE                    ,MT,59526-0000,Public       ,15,42,57,15,42,57
02545200,CHIEF DULL KNIFE COLLEGE                ,MT,59043-0098,Public       ,36,40,76,36,40,76
02610900,STONE CHILD COLLEGE                     ,MT,59521-9796,Public       ,26,65,91,26,65,91
02621300,ACADEMY OF COSMETOLOGY                  ,MT,59715-3544,Proprietary  ,25,27,52,25,27,52
03205300,MODERN BEAUTY SCHOOL                    ,MT,59801-8386,Proprietary  ,29,39,68,29,39,68
03763400,"ACADEMY OF NAIL, SKIN & HAIR            ",MT,59101-0000,Proprietary  ,42,47,89,42,47,89
03778300,HEALTH WORKS INSTITUTE                  ,MT,59715-0000,Proprietary  ,15,22,37,15,22,37
04163700,BITTERROOT SCHOOL OF COSMETOLOGY        ,MT,59840-3118,Proprietary  ,5,7,12,5,7,12
04164100,SALON PROFESSIONAL ACADEMY (THE)        ,MT,59405-0000,Proprietary  ,28,36,64,28,36,64
04187700,CREVIER'S SCHOOL OF COSMETOLOGY         ,MT,59901-4402,Proprietary  ,10,14,24,10,14,24
00253900,CHADRON STATE COLLEGE                   ,NE,69337-2690,Public       ,1147,418,1565,1147,418,1565
00254000,COLLEGE OF ST MARY                      ,NE,68106-2606,Private      ,300,492,792,300,492,792
00254100,CONCORDIA UNIVERSITY                    ,NE,68434-1594,Private      ,921,164,1085,921,164,1085
00254200,CREIGHTON UNIVERSITY                    ,NE,68178-0001,Private      ,4173,3028,7201,4173,3028,7201
00254400,DOANE COLLEGE                           ,NE,68333-2421,Private      ,1183,390,1573,1183,390,1573
00254700,GRACE UNIVERSITY                        ,NE,68108-3629,Private      ,209,120,329,209,120,329
00254800,HASTINGS COLLEGE                        ,NE,68901-7621,Private      ,1044,80,1124,1044,80,1124
00255100,UNIVERSITY OF NEBRASKA AT KEARNEY       ,NE,68849-0001,Public       ,2988,807,3795,2988,807,3795
00255300,MIDLAND UNIVERSITY                      ,NE,68025-4254,Private      ,714,138,852,714,138,852
00255400,UNIVERSITY OF NEBRASKA-OMAHA            ,NE,68182-0001,Public       ,6015,3618,9633,6015,3618,9633
00255500,NEBRASKA WESLEYAN UNIVERSITY            ,NE,68504-2796,Private      ,1245,228,1473,1245,228,1473
00255700,MID-PLAINS COMM COLLEGE - NORTH PLATTE  ,NE,69101-9420,Public       ,237,232,469,237,232,469
00255701,MID-PLAINS COMMUNITY COLLEGE - MCCOOK   ,NE,69001-2631,Public       ,139,71,210,139,71,210
00255900,PERU STATE COLLEGE                      ,NE,68421-0010,Public       ,597,457,1054,597,457,1054
00256000,WESTERN NEBRASKA COMMUNITY COLLEGE      ,NE,69361-1815,Public       ,399,436,835,399,436,835
00256300,UNION COLLEGE                           ,NE,68506-4387,Private      ,435,172,607,435,172,607
00256500,UNIVERSITY OF NEBRASKA-LINCOLN          ,NE,68588-0419,Public       ,10818,2946,13764,10818,2946,13764
00256596,UNIVERSITY OF NEBRASKA - CURTIS         ,NE,69025-9522,Public       ,137,18,155,137,18,155
00256600,WAYNE STATE COLLEGE                     ,NE,68787-1172,Public       ,2009,425,2434,2009,425,2434
00256700,YORK COLLEGE                            ,NE,68467-2699,Private      ,296,55,351,296,55,351
00443600,REGNL WST MEDCL CTR SCHL RAD            ,NE,69361-0000,Private      ,9,6,15,9,6,15
00458608,KAPLAN UNIVERSITY - OMAHA               ,NE,68134-1002,Proprietary  ,45,435,480,45,435,480
00458609,KAPLAN UNIVERSITY - LINCOLN             ,NE,68508-2668,Proprietary  ,42,306,348,42,306,348
00639900,BRYANLGH COLLEGE OF HEALTH SCIENCES     ,NE,68506-1398,Private      ,260,157,417,260,157,417
00640400,NEBR METHODIST CLG OF NURS ALLD HLTH    ,NE,68114-2852,Private      ,234,339,573,234,339,573
00689500,UNIVERSITY OF NEBRASKA-MED CTR          ,NE,68198-4265,Public       ,415,1440,1855,415,1440,1855
00750100,VATTEROTT COLLEGE                       ,NE,68137-1237,Proprietary  ,77,409,486,77,409,486
00849200,ALEGENT HEALTH SCHOOLS                  ,NE,68114-2767,Private      ,28,73,101,28,73,101
00952300,BAHNER COLLEGE OF HAIRSTYLING           ,NE,68025-3297,Proprietary  ,6,15,21,6,15,21
00961700,CAPITOL BEAUTY SCHOOL                   ,NE,68144-0000,Proprietary  ,49,59,108,49,59,108
00974300,BELLEVUE UNIVERSITY                     ,NE,68005-0000,Private      ,285,2738,3023,285,2738,3023
00986200,CLARKSON COLLEGE                        ,NE,68131-2739,Private      ,370,646,1016,370,646,1016
01151900,JOSEPH'S COLLEGE OF BEAUTY/ALL CAMPUSES ,NE,68510-2226,Proprietary  ,41,76,117,41,76,117
01166700,NORTHEAST COMMUNITY COLLEGE             ,NE,68702-0000,Public       ,1000,484,1484,1000,484,1484
01258600,METROPOLITAN COMMUNITY COLLEGE          ,NE,68103-0000,Public       ,2168,5854,8022,2168,5854,8022
01297600,NEBRASKA CHRISTIAN COLLEGE              ,NE,68046-4256,Private      ,59,19,78,59,19,78
02079700,COLLEGE OF HAIR DESIGN                  ,NE,68508-0000,Proprietary  ,73,60,133,73,60,133
02099500,CENTRAL COMMUNITY COLLEGE- GI           ,NE,68801-0000,Public       ,376,537,913,376,537,913
02099501,CENTRAL COMMUNITY COLLEGE - HASTINGS    ,NE,68902-0000,Public       ,573,320,893,573,320,893
02099502,CENTRAL COMMUNITY COLLEGE - COLUMBUS    ,NE,68602-0000,Public       ,272,184,456,272,184,456
02508300,SOUTHEAST COMM. COLLEGE-ALL CAMPUSES    ,NE,68520-0000,Public       ,2464,2968,5432,2464,2968,5432
02550800,NEBRASKA INDIAN COMMUNITY COLLEGE       ,NE,68039-0000,Public       ,6,22,28,6,22,28
02610500,XENON INTERNATIONAL ACADEMY II          ,NE,68127-3522,Proprietary  ,68,80,148,68,80,148
03164300,THE CREATIVE CENTER                     ,NE,68164-2911,Proprietary  ,70,23,93,70,23,93
03279300,MYOTHERAPY INSTITUTE                    ,NE,68516-3641,Proprietary  ,5,17,22,5,17,22
03323300,LITTLE PRIEST TRIBAL COLLEGE            ,NE,68071-0000,Private      ,3,19,22,3,19,22
03821400,UNIVERSAL COLLEGE OF HEALING ARTS       ,NE,68112-1810,Proprietary  ,5,30,35,5,30,35
00256800,UNIVERSITY OF NEVADA RENO               ,NV,89557-0002,Public       ,8539,3545,12084,8539,3545,12084
00256900,UNIVERSITY OF NEVADA-LAS VEGAS          ,NV,89154-1001,Public       ,10437,8581,19018,10437,8581,19018
00697700,GREAT BASIN COLLEGE                     ,NV,89801-3348,Public       ,286,434,720,286,434,720
00732954,ITT TECHNICAL INSTITUTE                 ,NV,89014-6712,Proprietary  ,73,180,253,73,180,253
00736700,MARINELLO SCHOOLS OF BEAUTY             ,NV,89110-3563,Proprietary  ,59,134,193,59,134,193
00737100,MARINELLO SCHOOL OF BEAUTY              ,NV,89502-5982,Proprietary  ,29,67,96,29,67,96
00844103,ANTHEM INSTITUTE - MORRISON UNIVERSITY  ,NV,89521-4826,Proprietary  ,12,94,106,12,94,106
00919200,SIERRA NEVADA COLLEGE                   ,NV,89451-0000,Private      ,346,184,530,346,184,530
01036200,COLLEGE OF SOUTHERN NEVADA              ,NV,89146-1139,Public       ,5904,9919,15823,5904,9919,15823
01036300,WESTERN NEVADA COLLEGE                  ,NV,89703-0000,Public       ,517,1217,1734,517,1217,1734
01323200,ACADEMY OF HAIR DESIGN                  ,NV,89146-1617,Proprietary  ,43,95,138,43,95,138
02107700,TRUCKEE MEADOWS COMMUNITY CLG           ,NV,89512-0000,Public       ,1862,3199,5061,1862,3199,5061
02237500,EVEREST COLLEGE                         ,NV,89103-0000,Proprietary  ,174,414,588,174,414,588
02338512,GLENDALE CAREER COLLEGE - NEVADA CAREER ,NV,89131-3268,Proprietary  ,18,42,60,18,42,60
02616703,SCOTTSDALE CULINARY INSTITUTE - LE CORDO,NV,89144-7047,Proprietary  ,60,120,180,60,120,180
02621500,CAREER COLLEGE OF NORTHERN NEVADA       ,NV,89434-7905,Proprietary  ,36,170,206,36,170,206
03030603,UTAH CLG OF MASSAGE THERAPY-NSMT        ,NV,89123-0000,Proprietary  ,26,52,78,26,52,78
03031405,INTERNATIONAL ACADEMY OF DESIGN AND TECH,NV,89074-7750,Proprietary  ,150,270,420,150,270,420
03043200,KAPLAN COLLEGE                          ,NV,89102-8618,Proprietary  ,164,665,829,164,665,829
03076404,BRYMAN SCHOOL OF ARIZONA (THE) - ANTHEM ,NV,89102-4514,Proprietary  ,11,34,45,11,34,45
03088200,CARSON CITY BEAUTY ACADEMY              ,NV,89706-0000,Proprietary  ,7,27,34,7,27,34
03110000,ACADEMY OF HEALING ARTS                 ,NV,89106-4031,Proprietary  ,62,176,238,62,176,238
03232306,EUPHORIA INSTITUTE - SUMMERLIN          ,NV,89117-8803,Proprietary  ,44,104,148,44,104,148
03232307,EUPHORIA INSTITUTE - GREEN VALLEY       ,NV,89052-4964,Proprietary  ,24,78,102,24,78,102
03232308,EUPHORIA INSTITUTE - ALIANTE            ,NV,89131-1036,Proprietary  ,37,92,129,37,92,129
03787300,EXPERTISE SCHOOL OF BEAUTY              ,NV,89106-2516,Private      ,22,73,95,22,73,95
03838500,NORTHWEST HEALTH CAREERS                ,NV,89128-0255,Proprietary  ,52,109,161,52,109,161
03975300,INSTITUTE OF PROFESSIONAL CAREERS       ,NV,89119-7825,Proprietary  ,36,97,133,36,97,133
04051303,ART INSTITUTE OF PHOENIX (THE) - ART INS,NV,89074-7737,Proprietary  ,642,651,1293,642,651,1293
04065300,UNIVERSITY OF SOUTHERN NEVADA           ,NV,89014-2333,Private      ,229,1094,1323,229,1094,1323
04114300,NEVADA STATE COLLEGE                    ,NV,89002-9455,Public       ,919,1356,2275,919,1356,2275
04142601,TOURO UNIVERSITY - NEVADA               ,NV,89014-8800,Private      ,33,476,509,33,476,509
04144800,INTERNATIONAL ACADEMY OF STYLE          ,NV,89509-3450,Proprietary  ,14,52,66,14,52,66
04147600,AVEDA INSTITUTE LAS VEGAS               ,NV,89119-6103,Proprietary  ,36,79,115,36,79,115
04171000,ADVANCED TRAINING INSTITUTE             ,NV,89115-7504,Proprietary  ,13,58,71,13,58,71
00257200,COLBY-SAWYER COLLEGE                    ,NH,03257-4648,Private      ,2660,95,2755,2660,95,2755
00257300,DARTMOUTH COLLEGE                       ,NH,03755-3529,Private      ,11526,1318,12844,11526,1318,12844
00257500,FRANKLIN PIERCE UNIVERSITY              ,NH,03461-0060,Private      ,2365,602,2967,2365,602,2967
00257900,NEW ENGLAND COLLEGE                     ,NH,03242-3293,Private      ,1249,394,1643,1249,394,1643
00258000,SOUTHERN NEW HAMPSHIRE UNIVERSITY       ,NH,03106-1045,Private      ,4414,2785,7199,4414,2785,7199
00258100,NHTI  - CONCORD'S COMMUNITY COLLEGE     ,NH,03301-7412,Public       ,1449,748,2197,1449,748,2197
00258200,MANCHESTER COMMUNITY COLLEGE            ,NH,03102-8518,Public       ,656,696,1352,656,696,1352
00258300,GREAT BAY COMMUNITY COLLEGE             ,NH,03801-0000,Public       ,457,575,1032,457,575,1032
00258600,RIVIER COLLEGE                          ,NH,03060-5086,Private      ,1115,577,1692,1115,577,1692
00258700,SAINT ANSELM COLLEGE                    ,NH,03102-1310,Private      ,3782,88,3870,3782,88,3870
00258900,UNIVERSITY OF NEW HAMPSHIRE             ,NH,03824-2511,Public       ,19599,2917,22516,19599,2917,22516
00259000,KEENE STATE COLLEGE                     ,NH,03431-0000,Public       ,7515,492,8007,7515,492,8007
00259100,PLYMOUTH STATE UNIVERSITY               ,NH,03264-1595,Public       ,6456,970,7426,6456,970,7426
00301004,ANTIOCH UNIVERSITY                      ,NH,03431-0000,Private      ,6,580,586,6,580,586
00472900,HESSER COLLEGE                          ,NH,03103-7230,Proprietary  ,238,433,671,238,433,671
00472901,HESSER COLLEGE - NASHUA CAMPUS          ,NH,03063-1286,Proprietary  ,70,289,359,70,289,359
00472904,HESSER COLLEGE - PORTSMOUTH CAMPUS      ,NH,03801-3245,Proprietary  ,61,237,298,61,237,298
00472905,HESSER COLLEGE - SALEM CAMPUS           ,NH,03079-2842,Proprietary  ,65,194,259,65,194,259
00472906,HESSER COLLEGE - CONCORD CAMPUS         ,NH,03301-3415,Proprietary  ,45,231,276,45,231,276
00473100,DANIEL WEBSTER COLLEGE                  ,NH,03063-1300,Proprietary  ,566,84,650,566,84,650
00473300,CHESTER COLLEGE OF NEW ENGLAND          ,NH,03036-4331,Private      ,173,31,204,173,31,204
00529100,WHITE MOUNTAINS COMMUNITY COLLEGE       ,NH,03570-3799,Public       ,223,275,498,223,275,498
00702500,LEBANON COLLEGE                         ,NH,03766-0000,Private      ,16,40,56,16,40,56
00755500,LAKES REGION COMMUNITY COLLEGE          ,NH,03246-1326,Public       ,292,263,555,292,263,555
00756000,RIVER VALLEY COMMUNITY COLLEGE          ,NH,03743-9707,Public       ,170,345,515,170,345,515
00849300,CONTINENTAL ACADEMIE OF HAIR DESIGN     ,NH,03103-4901,Proprietary  ,10,9,19,10,9,19
00864500,EMPIRE BEAUTY SCHOOL                    ,NH,03220-0000,Proprietary  ,14,18,32,14,18,32
00923600,NASHUA COMMUNITY COLLEGE                ,NH,03063-2052,Public       ,439,434,873,439,434,873
01318900,CONTINENTAL ACADEMIE OF HAIR DESIGN     ,NH,03051-3754,Proprietary  ,15,8,23,15,8,23
02097900,UNIVERSITY NEW HAMPSHIRE SCHOOL OF LAW  ,NH,03301-0000,Private      ,56,570,626,56,570,626
02140400,ST JOSEPH SCH OF PRAC NRSG              ,NH,03060-0000,Private      ,26,71,97,26,71,97
02174800,MICHAEL'S SCHOOL OF HAIR DESIGN & ESTHET,NH,03110-0000,Proprietary  ,28,19,47,28,19,47
02179600,EMPIRE BEAUTY SCHOOL                    ,NH,03878-0000,Proprietary  ,15,18,33,15,18,33
02211600,PORTSMOUTH BTY SCH OF HAIR DESIGN       ,NH,03801-4084,Proprietary  ,9,2,11,9,2,11
02223300,MAGDALEN COLLEGE                        ,NH,03278-4012,Private      ,32,2,34,32,2,34
02245400,KEENE BEAUTY ACADEMY                    ,NH,03431-0000,Proprietary  ,7,8,15,7,8,15
02247000,NEW ENGLAND SCHOOL OF HAIR DESIGN       ,NH,03784-0000,Proprietary  ,12,17,29,12,17,29
03043100,THOMAS MORE COLLEGE OF LIBERAL ARTS     ,NH,03054-4818,Private      ,49,6,55,49,6,55
03101300,GRANITE STATE COLLEGE                   ,NH,03301-6400,Public       ,153,625,778,153,625,778
03182300,NEW HAMPSHIRE INSTITUTE OF ART          ,NH,03104-4858,Private      ,555,69,624,555,69,624
03437300,UPPER VALLEY TEACHER TRANING PROGRAM    ,NH,03766-1358,Private      ,0,9,9,0,9,9
03729300,NH INSTITUTE FOR THERAPEUTIC ARTS       ,NH,03051-4906,Proprietary  ,3,12,15,3,12,15
04162200,LAIRD INSTITUTE OF SPA THERAPY          ,NH,03102-5263,Proprietary  ,6,10,16,6,10,16
00267000,BAPTIST BIBLE COLG OF PENNSYLVANIA      ,PA,18411-1297,Private      ,351,110,461,351,110,461
00322800,BRYN ATHYN COLLEGE OF THE NEW CHURCH    ,PA,19009-0717,Private      ,212,19,231,212,19,231
00322900,ALBRIGHT COLLEGE                        ,PA,19612-5234,Private      ,3230,609,3839,3230,609,3839
00323000,ALLEGHENY COLLEGE                       ,PA,16335-3902,Private      ,3269,84,3353,3269,84,3353
00323100,COMM CLG OF ALLEGHENY-ALLEGHENY CMP     ,PA,15212-0000,Public       ,1008,1861,2869,1008,1861,2869
00323101,"COMM CLG OF ALLEGHENY, BOYCE CAMPUS     ",PA,15146-0000,Public       ,455,814,1269,455,814,1269
00323102,"COMM CLG OF ALLEGHENY, NORTH CAMPUS     ",PA,15237-0000,Public       ,450,533,983,450,533,983
00323103,"COMM CLG OF ALLEGHENY, SOUTH CAMPUS     ",PA,15122-0000,Public       ,582,780,1362,582,780,1362
00323300,ALVERNIA UNIVERSITY                     ,PA,19607-1799,Private      ,1696,731,2427,1696,731,2427
00323500,ARCADIA UNIVERSITY                      ,PA,19038-3295,Private      ,4621,1346,5967,4621,1346,5967
00323700,BRYN MAWR COLLEGE                       ,PA,19010-2899,Private      ,1491,433,1924,1491,433,1924
00323800,BUCKNELL UNIVERSITY                     ,PA,17837-2122,Private      ,4605,150,4755,4605,150,4755
00323900,BUCKS COUNTY COMMUNITY COLLEGE          ,PA,18940-1320,Public       ,1673,1445,3118,1673,1445,3118
00324000,BUTLER COUNTY COMMUNITY COLLEGE         ,PA,16001-0000,Public       ,742,830,1572,742,830,1572
00324100,CABRINI COLLEGE                         ,PA,19087-3698,Private      ,1544,453,1997,1544,453,1997
00324200,CARNEGIE MELLON UNIVERSITY              ,PA,15213-3890,Private      ,10623,1265,11888,10623,1265,11888
00324201,CARNEGIE MELLON UNIV- THE HEINZ COLLEGE ,PA,15213-0000,Private      ,76,416,492,76,416,492
00324202,CARNEGIE MELLON- TEPPER SCHOOL OF BUSINE,PA,15213-0000,Private      ,198,178,376,198,178,376
00324300,CEDAR CREST COLLEGE                     ,PA,18104-6196,Private      ,662,510,1172,662,510,1172
00324400,CHATHAM UNIVERSITY                      ,PA,15232-2826,Private      ,636,921,1557,636,921,1557
00324500,CHESTNUT HILL COLLEGE                   ,PA,19118-2693,Private      ,1316,917,2233,1316,917,2233
00324700,MISERICORDIA  UNIVERSITY                ,PA,18612-1008,Private      ,1589,590,2179,1589,590,2179
00324900,COMMUNITY COLLEGE OF PHILADELPHIA       ,PA,19130-3991,Public       ,5254,8095,13349,5254,8095,13349
00325100,CURTIS INSTITUTE OF MUSIC               ,PA,19103-6187,Private      ,250,101,351,250,101,351
00325200,DELAWARE VALLEY COLLEGE                 ,PA,18901-2697,Private      ,1679,225,1904,1679,225,1904
00325300,DICKINSON COLLEGE                       ,PA,17013-2896,Private      ,3258,133,3391,3258,133,3391
00325600,DREXEL UNIVERSITY                       ,PA,19104-2875,Private      ,24987,9324,34311,24987,9324,34311
00325800,DUQUESNE UNIVERSITY                     ,PA,15282-0001,Private      ,5190,2008,7198,5190,2008,7198
00325900,EASTERN UNIVERSITY                      ,PA,19087-3696,Private      ,1654,1349,3003,1654,1349,3003
00326200,ELIZABETHTOWN COLLEGE                   ,PA,17022-2298,Private      ,2799,323,3122,2799,323,3122
00326300,EVANGELICAL SCHOOL OF THEOLOGY          ,PA,17067-0000,Private      ,1,28,29,1,28,29
00326500,FRANKLIN & MARSHALL COLLEGE             ,PA,17604-0000,Private      ,2736,102,2838,2736,102,2838
00326600,GANNON UNIVERSITY                       ,PA,16541-0001,Private      ,3229,919,4148,3229,919,4148
00326700,GENEVA COLLEGE                          ,PA,15010-3599,Private      ,1669,440,2109,1669,440,2109
00326800,GETTYSBURG COLLEGE                      ,PA,17325-1486,Private      ,3717,88,3805,3717,88,3805
00327000,GWYNEDD-MERCY COLLEGE                   ,PA,19437-0901,Private      ,1372,743,2115,1372,743,2115
00327200,HARCUM COLLEGE                          ,PA,19010-3476,Private      ,435,614,1049,435,614,1049
00327300,HARRISBURG AREA COMMUNITY COLLEGE       ,PA,17110-2999,Public       ,4676,7914,12590,4676,7914,12590
00327400,HAVERFORD COLLEGE                       ,PA,19041-1392,Private      ,1863,41,1904,1863,41,1904
00327500,HOLY FAMILY UNIVERSITY                  ,PA,19114-2094,Private      ,1564,1047,2611,1564,1047,2611
00327600,IMMACULATA UNIVERSITY                   ,PA,19345-0647,Private      ,1150,692,1842,1150,692,1842
00327700,INDIANA UNIVERSITY OF PENNSYLVANIA      ,PA,15705-1097,Public       ,10034,1982,12016,10034,1982,12016
00327900,JUNIATA COLLEGE                         ,PA,16652-2196,Private      ,2066,68,2134,2066,68,2134
00328000,KEYSTONE COLLEGE                        ,PA,18440-0200,Private      ,1017,430,1447,1017,430,1447
00328200,KINGS COLLEGE                           ,PA,18711-0801,Private      ,2523,323,2846,2523,323,2846
00328300,LACKAWANNA COLLEGE                      ,PA,18509-9961,Private      ,716,423,1139,716,423,1139
00328400,LAFAYETTE COLLEGE                       ,PA,18042-1768,Private      ,3455,103,3558,3455,103,3558
00328500,LANCASTER BIBLE COLLEGE                 ,PA,17601-5036,Private      ,376,226,602,376,226,602
00328600,LANCASTER THEOLOGICAL SEMINARY          ,PA,17603-0000,Private      ,1,51,52,1,51,52
00328700,LASALLE UNIVERSITY                      ,PA,19141-1199,Private      ,4377,1913,6290,4377,1913,6290
00328800,LEBANON VALLEY COLLEGE                  ,PA,17003-1400,Private      ,2630,198,2828,2630,198,2828
00328900,LEHIGH UNIVERSITY                       ,PA,18015-1588,Private      ,7590,559,8149,7590,559,8149
00329000,LINCOLN UNIVERSITY                      ,PA,19352-0999,Public       ,2618,659,3277,2618,659,3277
00329100,LUTHERAN THEOLOG SEMINARY-GETTYSBRG     ,PA,17325-0000,Private      ,0,61,61,0,61,61
00329200,LUTHERAN THEOLOGICAL SEMINARY           ,PA,19119-0000,Private      ,0,65,65,0,65,65
00329300,LYCOMING COLLEGE                        ,PA,17701-5192,Private      ,1604,101,1705,1604,101,1705
00329400,MANOR COLLEGE                           ,PA,19046-3399,Private      ,454,377,831,454,377,831
00329600,MARYWOOD UNIVERSITY                     ,PA,18509-1598,Private      ,2266,772,3038,2266,772,3038
00329700,MERCYHURST COLLEGE                      ,PA,16546-0001,Private      ,2984,873,3857,2984,873,3857
00329800,MESSIAH COLLEGE                         ,PA,17027-0800,Private      ,2940,179,3119,2940,179,3119
00330000,MOORE COLLEGE OF ART & DESIGN           ,PA,19103-1179,Private      ,605,188,793,605,188,793
00330100,MORAVIAN COLLEGE                        ,PA,18018-6650,Private      ,1930,175,2105,1930,175,2105
00330101,MORAVIAN THEOLOGICAL SEMINARY           ,PA,18018-0000,Private      ,6,23,29,6,23,29
00330200,MOUNT ALOYSIUS COLLEGE                  ,PA,16630-1999,Private      ,1016,480,1496,1016,480,1496
00330300,CARLOW UNIVERSITY                       ,PA,15213-3165,Private      ,859,1014,1873,859,1014,1873
00330400,MUHLENBERG COLLEGE                      ,PA,18104-5586,Private      ,3268,155,3423,3268,155,3423
00330600,VALLEY FORGE CHRISTIAN COLLEGE          ,PA,19460-2399,Private      ,548,120,668,548,120,668
00330900,PEIRCE COLLEGE                          ,PA,19102-4699,Private      ,110,885,995,110,885,995
00331100,PENNSYLVANIA COLLEGE OF OPTOMETRY       ,PA,19027-1598,Private      ,7,563,570,7,563,570
00331300,WIDENER UNIVERSITY                      ,PA,19013-5792,Private      ,3795,1572,5367,3795,1572,5367
00331302,WIDENER UNIV SCH OF LAW- HARRISBURG     ,PA,17106-9381,Private      ,27,433,460,27,433,460
00331500,BLOOMSBURG UNIVERSITY OF PA             ,PA,17815-1301,Public       ,8900,1280,10180,8900,1280,10180
00331600,CALIFORNIA UNIV OF PENNSYLVANIA         ,PA,15419-1394,Public       ,4098,1706,5804,4098,1706,5804
00331700,CHEYNEY UNIVERSITY OF PENNSYLVANIA      ,PA,19319-0200,Public       ,1441,526,1967,1441,526,1967
00331800,CLARION UNIVERSITY OF PENNSYLVANIA      ,PA,16214-1232,Public       ,3239,1131,4370,3239,1131,4370
00332000,EAST STROUDSBURG UNIVERSITY             ,PA,18301-2999,Public       ,5567,993,6560,5567,993,6560
00332100,EDINBORO UNIVERSITY OF PENNSYLVANIA     ,PA,16444-0001,Public       ,4808,1737,6545,4808,1737,6545
00332200,KUTZTOWN UNIVERSITY OF PENNSYLVANIA     ,PA,19530-9339,Public       ,8837,1271,10108,8837,1271,10108
00332300,LOCK HAVEN UNIV OF PENNSYLVANIA         ,PA,17745-2439,Public       ,4826,991,5817,4826,991,5817
00332400,MANSFIELD UNIVERSITY                    ,PA,16933-1123,Public       ,1972,477,2449,1972,477,2449
00332500,MILLERSVILLE UNIVERSITY OF PA           ,PA,17551-1800,Public       ,7025,1524,8549,7025,1524,8549
00332600,SHIPPENSBURG UNIVERSITY                 ,PA,17257-2299,Public       ,6175,948,7123,6175,948,7123
00332700,SLIPPERY ROCK UNIVERSITY                ,PA,16057-1326,Public       ,5685,944,6629,5685,944,6629
00332800,WEST CHESTER UNIVERSITY                 ,PA,19383-0001,Public       ,13439,2701,16140,13439,2701,16140
00332900,PENN STATE UNIVERSITY                   ,PA,16802-1503,Public       ,54201,14776,68977,54201,14776,68977
00335000,UNIVERSITY OF THE ARTS (THE)            ,PA,19102-9493,Private      ,2565,493,3058,2565,493,3058
00335100,PHILADELPHIA BIBLICAL UNIVERSITY        ,PA,19047-2942,Private      ,504,178,682,504,178,682
00335200,PHILADELPHIA CLG OSTEOPATHIC MED        ,PA,19131-0000,Private      ,22,2010,2032,22,2010,2032
00335300,UNIVERSITY OF THE SCIENCES IN PHILADELPH,PA,19104-4495,Private      ,2968,797,3765,2968,797,3765
00335400,PHILADELPHIA UNIVERSITY                 ,PA,19144-5497,Private      ,3490,804,4294,3490,804,4294
00335600,PITTSBURGH THEOLOGICAL SEMINARY         ,PA,15206-0000,Private      ,4,164,168,4,164,168
00335700,POINT PARK UNIVERSITY                   ,PA,15222-1912,Private      ,2273,922,3195,2273,922,3195
00335800,REFORMED PRESBYTERIAN THEOL SEMINAR     ,PA,15208-0000,Private      ,0,12,12,0,12,12
00335900,ROBERT MORRIS UNIVERSITY                ,PA,15108-1189,Private      ,3254,805,4059,3254,805,4059
00336000,ROSEMONT COLLEGE                        ,PA,19010-1699,Private      ,555,237,792,555,237,792
00336200,SETON HILL UNIVERSITY                   ,PA,15601-1599,Private      ,1384,445,1829,1384,445,1829
00336400,ST. CHARLES BORROMEO SEMINARY           ,PA,19096-0000,Private      ,22,16,38,22,16,38
00336600,SAINT FRANCIS UNIVERSITY                ,PA,15940-0600,Private      ,1424,392,1816,1424,392,1816
00336700,SAINT JOSEPH'S UNIVERSITY               ,PA,19131-1395,Private      ,5685,1128,6813,5685,1128,6813
00336800,ST VINCENT COLLEGE                      ,PA,15650-2690,Private      ,1391,140,1531,1391,140,1531
00336900,SUSQUEHANNA UNIVERSITY                  ,PA,17870-1001,Private      ,2935,92,3027,2935,92,3027
00337000,SWARTHMORE COLLEGE                      ,PA,19081-1397,Private      ,3549,101,3650,3549,101,3650
00337100,TEMPLE UNIVERSITY                       ,PA,19122-6003,Private      ,28572,13671,42243,28572,13671,42243
00337600,THIEL COLLEGE                           ,PA,16125-2181,Private      ,1363,117,1480,1363,117,1480
00337800,UNIVERSITY OF PENNSYLVANIA              ,PA,19104-6216,Private      ,18284,8503,26787,18284,8503,26787
00337900,UNIVERSITY OF PITTSBURGH                ,PA,15260-0000,Public       ,22389,6431,28820,22389,6431,28820
00337906,UNIVERSITY OF PITTSBURGH - SCHOOL OF MED,PA,15261-0001,Public       ,143,734,877,143,734,877
00337907,UNIVERSITY OF PITTSBURGH - SCHOOL OF DEN,PA,15261-2523,Public       ,179,389,568,179,389,568
00338400,UNIVERSITY OF SCRANTON                  ,PA,18510-4622,Private      ,6417,774,7191,6417,774,7191
00338500,URSINUS COLLEGE                         ,PA,19426-2562,Private      ,2618,87,2705,2618,87,2705
00338600,VALLEY FORGE MILITARY COLLEGE           ,PA,19087-3695,Private      ,232,24,256,232,24,256
00338800,VILLANOVA UNIVERSITY                    ,PA,19085-1699,Private      ,10786,1403,12189,10786,1403,12189
00338801,VILLANOVA UNIV SCH OF LAW               ,PA,19085-0000,Private      ,99,1264,1363,99,1264,1363
00338900,WASHINGTON & JEFFERSON COLLEGE          ,PA,15301-4801,Private      ,2271,64,2335,2271,64,2335
00339100,WAYNESBURG UNIVERSITY                   ,PA,15370-1222,Private      ,1518,305,1823,1518,305,1823
00339200,WESTMINSTER COLLEGE                     ,PA,16172-0002,Private      ,1845,68,1913,1845,68,1913
00339300,WESTMINSTER THEOLOGICAL SEMINARY        ,PA,19038-0000,Private      ,4,123,127,4,123,127
00339400,WILKES UNIVERSITY                       ,PA,18766-0998,Private      ,2293,504,2797,2293,504,2797
00339500,PENNSYLVANIA COLLEGE OF TECHNOLOGY      ,PA,17701-5779,Public       ,3473,1371,4844,3473,1371,4844
00339600,WILSON COLLEGE                          ,PA,17201-1285,Private      ,326,215,541,326,215,541
00339900,YORK COLLEGE OF PENNSYLVANIA            ,PA,17405-7199,Private      ,7202,778,7980,7202,778,7980
00398600,DESALES UNIVERSITY                      ,PA,18034-9568,Private      ,1885,611,2496,1885,611,2496
00398700,LA ROCHE COLLEGE                        ,PA,15237-5898,Private      ,651,228,879,651,228,879
00398800,NEUMANN UNIVERSITY                      ,PA,19014-1298,Private      ,2337,639,2976,2337,639,2976
00405800,GRATZ COLLEGE                           ,PA,19027-3097,Private      ,2,42,44,2,42,44
00445200,MONTGOMERY COUNTY COMMUNITY COLLEGE     ,PA,19422-6300,Public       ,1906,2223,4129,1906,2223,4129
00488900,CAMBRIA-ROWE BUSINESS COLLEGE           ,PA,15902-2494,Proprietary  ,65,136,201,65,136,201
00489000,CENTRAL PENNSYLVANIA COLLEGE            ,PA,17093-0309,Proprietary  ,733,879,1612,733,879,1612
00489300,DU BOIS BUSINESS COLLEGE                ,PA,15801-2401,Proprietary  ,73,148,221,73,148,221
00489400,ERIE BUSINESS CENTER                    ,PA,16501-1305,Proprietary  ,24,63,87,24,63,87
00489401,ERIE BUSINESS CENTER - NEW CASTLE CAMPUS,PA,16101-3950,Proprietary  ,4,24,28,4,24,28
00489800,MCCANN SCHOOL OF BUSINESS & TECHNOL     ,PA,17901-1335,Proprietary  ,370,1182,1552,370,1182,1552
00489807,MCCANN SCHOOL OF BUSINESS & TECHNOLOGY -,PA,17013-3180,Proprietary  ,7,21,28,7,21,28
00489900,MERCY HOSP SCH OF NURSING               ,PA,15219-5166,Private      ,52,90,142,52,90,142
00490100,NEWPORT BUSINESS INSTITUTE              ,PA,15068-3929,Proprietary  ,5,38,43,5,38,43
00490200,PENN COMMERCIAL BUSINESS/TECHNICAL SCHL ,PA,15301-2871,Proprietary  ,62,115,177,62,115,177
00491000,KAPLAN CAREER INSTITUTE                 ,PA,17111-3571,Proprietary  ,100,305,405,100,305,405
00491001,THOMPSON INSTITUTE-PHILADEPHIA CAMPUS   ,PA,19104-3386,Proprietary  ,80,252,332,80,252,332
00491400,NEWPORT BUSINESS INSTITUTE              ,PA,17701-5855,Proprietary  ,9,47,56,9,47,56
00500701,WEST VIRGINIA CAREER INSTITUTE          ,PA,15456-0000,Proprietary  ,24,42,66,24,42,66
00531000,PITTSBURGH INST OF AERONAUTICS          ,PA,15236-0000,Private      ,112,80,192,112,80,192
00533000,FAYETTE CNTY AREA VOC TECH PRC NRSG     ,PA,15401-0000,Public       ,9,21,30,9,21,30
00533500,CENTRAL PENN INST OF SCI & TECH PNP     ,PA,16823-0000,Public       ,31,78,109,31,78,109
00536500,YORK CO AREA VOC-TECH SCH-PRAC NSG      ,PA,17402-0000,Public       ,13,56,69,13,56,69
00594600,SCHOOL OF RADIOLOGIC TECHNOLOGY AT ST. C,PA,19134-1995,Proprietary  ,7,23,30,7,23,30
00653400,CITIZENS SCHOOL OF NURSING              ,PA,15068-6591,Private      ,41,92,133,41,92,133
00653700,CONEMAUGH VLY MEM HOSP SCH NRSNG        ,PA,15905-4398,Private      ,40,38,78,40,38,78
00653702,CONEMAUGH HOSP- SCH HISTOTECHNOLOGY     ,PA,15905-0000,Private      ,1,2,3,1,2,3
00653704,CONEMAUGH VLY MEM HOSP SCH RAD TECH     ,PA,15905-0000,Private      ,12,8,20,12,8,20
00653706,CONEMAUGH VLY MEM HOSP SCH  MED TECH    ,PA,15905-4398,Private      ,3,2,5,3,2,5
00655100,ST MARGARET SCHL OF NURSING             ,PA,15238-3205,Private      ,31,111,142,31,111,142
00656000,OHIO VALLEY HOSP SCH OF NURSING         ,PA,15136-1694,Private      ,5,14,19,5,14,19
00656500,READING HOSPITAL SCHOOL OF HEALTH SCIENC,PA,19611-1744,Private      ,131,153,284,131,153,284
00657400,"ST LUKE'S HOSPITAL OF BETHLEHEM, PA     ",PA,18015-1065,Private      ,25,103,128,25,103,128
00657600,SEWICKLEY VALLEY HOSP SCH NRSNG         ,PA,15143-1498,Private      ,10,27,37,10,27,37
00657700,UPMC SHADYSIDE SCHOOL OF NURSING        ,PA,15232-1381,Private      ,54,141,195,54,141,195
00657800,SHARON REGIONAL SCHOOL OF NURSING       ,PA,16146-3395,Private      ,9,43,52,9,43,52
00658200,WASHINGTON HOSP SCH OF NURSING          ,PA,15301-3398,Private      ,30,51,81,30,51,81
00658202,WASHINGTON HOSP SCH OF RAD TECH         ,PA,15301-3398,Private      ,12,9,21,12,9,21
00658300,WESTERN PENN HOSP-SCH OF NURSING        ,PA,15224-1790,Private      ,26,40,66,26,40,66
00680700,COMMUNITY COLLEGE OF BEAVER COUNTY      ,PA,15061-2588,Public       ,491,546,1037,491,546,1037
00681000,LEHIGH CARBON COMMUNITY COLLEGE         ,PA,18078-2598,Public       ,1212,1502,2714,1212,1502,2714
00681100,LUZERNE COUNTY COMMUNITY COLLEGE        ,PA,18634-3899,Public       ,1412,1530,2942,1412,1530,2942
00708700,ABINGTON MEM HOSP SCHL OF NURSING       ,PA,19090-1284,Private      ,80,236,316,80,236,316
00709100,EVEREST INSTITUTE                       ,PA,15222-1320,Proprietary  ,31,156,187,31,156,187
00711000,DELAWARE COUNTY COMMUNITY COLLEGE       ,PA,19063-1094,Public       ,2331,2926,5257,2331,2926,5257
00719100,NORTHAMPTON COMMUNITY COLLEGE           ,PA,18020-7599,Public       ,3801,3364,7165,3801,3364,7165
00732955,ITT TECHNICAL INSTITUTE                 ,PA,19406-1212,Proprietary  ,103,125,228,103,125,228
00743000,ANTONELLI INST OF ART & PHOTOGRAPHY     ,PA,19038-8242,Proprietary  ,129,16,145,129,16,145
00743600,KAPLAN CAREER INSTITUTE - ICM CAMPUS    ,PA,15222-1977,Proprietary  ,76,318,394,76,318,394
00743700,PITTSBURGH TECHNICAL INSTITUTE          ,PA,15071-3205,Proprietary  ,1224,598,1822,1224,598,1822
00746900,"HUSSIAN SCHOOL OF ART, INC.             ",PA,19106-0000,Proprietary  ,72,13,85,72,13,85
00747000,"ART INSTITUTE OF PITTSBURGH, THE        ",PA,15219-1328,Proprietary  ,2337,8516,10853,2337,8516,10853
00752900,CTR ART TCH BRDYWN CMPS PRC NRS PRG     ,PA,19320-2459,Public       ,7,62,69,7,62,69
00775900,LINCOLN TECHNICAL INSTITUTE             ,PA,18104-3298,Proprietary  ,94,127,221,94,127,221
00777900,LANSDALE SCHOOL OF BUSINESS             ,PA,19454-4114,Proprietary  ,21,123,144,21,123,144
00778000,NEW CASTLE SCHOOL OF TRADES             ,PA,16143-9721,Proprietary  ,69,145,214,69,145,214
00778100,CHI INSTITUTE/RETS CAMPUS               ,PA,19008-3516,Proprietary  ,55,179,234,55,179,234
00783200,LINCOLN TECH INSTITUTE                  ,PA,19136-1595,Proprietary  ,207,204,411,207,204,411
00783900,TRIANGLE TECH                           ,PA,15214-3897,Proprietary  ,47,44,91,47,44,91
00791200,THADDEUS STEVENS CLG OF TECHNOLOGY      ,PA,17602-0000,Public       ,695,292,987,695,292,987
00791600,FRANKLIN CNTY CAREER & TECH CTR-PNP     ,PA,17201-0000,Public       ,7,21,28,7,21,28
00820000,JAMESON MEMORIAL HOSP SCH NURSING       ,PA,16105-2595,Private      ,19,52,71,19,52,71
00835000,ART INSTITUTE OF PHILADELPHIA           ,PA,19103-5198,Proprietary  ,1987,1280,3267,1987,1280,3267
00844100,ANTHEM INSTITUTE                        ,PA,19064-1243,Proprietary  ,69,194,263,69,194,263
00856800,VET TECH INSTITUTE                      ,PA,15222-3400,Proprietary  ,142,91,233,142,91,233
00865300,JEFFERSON CO DUBOIS VOC TECH-PR NSG     ,PA,15851-0000,Public       ,6,10,16,6,10,16
00895500,PRUONTOS HAIR DESIGN INSTITUTE          ,PA,16602-0000,Proprietary  ,5,7,12,5,7,12
00915705,WYOMING TECHNICAL INSTITUTE - BLAIRSVILL,PA,15717-8060,Proprietary  ,469,248,717,469,248,717
00918600,DEAN INSTITUTE OF TECHNOLOGY            ,PA,15226-1197,Proprietary  ,15,21,36,15,21,36
00944900,PENNCO TECH                             ,PA,19007-0000,Proprietary  ,54,94,148,54,94,148
00966400,EMPIRE BEAUTY SCHOOL                    ,PA,18052-5730,Proprietary  ,27,74,101,27,74,101
00966500,EMPIRE BEAUTY SCHOOL                    ,PA,17109-2210,Proprietary  ,28,69,97,28,69,97
00966600,EMPIRE BEAUTY SCHOOL                    ,PA,19605-2803,Proprietary  ,15,60,75,15,60,75
00972100,BRADFORD SCHOOL                         ,PA,15219-2602,Proprietary  ,345,71,416,345,71,416
00972300,ARIA HEALTH SCHOOL OF NURSING           ,PA,19124-2696,Private      ,102,186,288,102,186,288
00978300,GORDON PHILLIPS SCH OF BEAUTY CULT      ,PA,19135-0000,Proprietary  ,52,111,163,52,111,163
00986300,LANCASTER GENERAL COLLEGE OF NURSING AND,PA,17602-4955,Private      ,322,404,726,322,404,726
01000600,GREATER JOHNSTOWN AREA VOC TECH SCH     ,PA,15904-0000,Public       ,23,79,102,23,79,102
01005500,CRAWFORD CNTY AREA VO-TECH PRAC NUR     ,PA,16335-0000,Public       ,1,7,8,1,7,8
01017600,WESTMORELAND COUNTY COMMUNITY CLG       ,PA,15697-1895,Public       ,1033,1502,2535,1033,1502,2535
01038800,READING AREA COMMUNITY COLLEGE          ,PA,19603-1706,Public       ,777,1460,2237,777,1460,2237
01054100,EMPIRE BEAUTY SCHOOL                    ,PA,15146-2229,Proprietary  ,20,62,82,20,62,82
01054200,EMPIRE BEAUTY SCHOOL                    ,PA,18701-0000,Proprietary  ,42,52,94,42,52,94
01054300,EMPIRE BEAUTY SCHOOL                    ,PA,17701-3914,Proprietary  ,11,37,48,11,37,48
01081400,PITTSBURGH INST MORTUARY SCIENCE        ,PA,15206-3706,Private      ,57,110,167,57,110,167
01086000,GREATER ALTOONA CAREER/TECH CENTER      ,PA,16602-0000,Public       ,27,96,123,27,96,123
01096300,GREENE COUNTY VOC-TECH SCHOOL           ,PA,15370-0000,Public       ,1,17,18,1,17,18
01097000,EMPIRE BEAUTY SCHOOL                    ,PA,17042-5209,Proprietary  ,8,16,24,8,16,24
01099800,PENNSYLVANIA INSTITUTE OF TECH          ,PA,19063-4098,Private      ,148,231,379,148,231,379
01102000,EMPIRE BEAUTY SCHOOL                    ,PA,17604-4335,Proprietary  ,29,55,84,29,55,84
01102100,EMPIRE BEAUTY SCHOOL                    ,PA,17402-2862,Proprietary  ,20,72,92,20,72,92
01162100,AUTOMOTIVE TRAINING CENTER              ,PA,19341-1310,Proprietary  ,213,109,322,213,109,322
01162200,WELDER TRAINING & TESTING INST          ,PA,18109-3253,Proprietary  ,7,21,28,7,21,28
01163800,EMPIRE BEAUTY SCHOOL                    ,PA,17876-0000,Proprietary  ,7,12,19,7,12,19
01171500,SCHUYLKILL HEALTH SCHOOL OF NURSING     ,PA,17901-3692,Private      ,28,36,64,28,36,64
01191900,BEAVER FALLS BEAUTY ACADEMY             ,PA,15010-4208,Proprietary  ,3,11,14,3,11,14
01205000,ROSEDALE TECHNICAL INSTITUTE            ,PA,15205-9791,Private      ,87,91,178,87,91,178
01239300,THOMAS JEFF UNIV-CLG ALLIED HEALTH      ,PA,19107-0000,Private      ,194,786,980,194,786,980
01239301,THOMAS JEFFERSON UNIVERSITY - JEFFERSON ,PA,19107-5001,Private      ,195,1556,1751,195,1556,1751
01239303,THOMAS JEFFERSON UNIVERSITY - COLLEGE OF,PA,19107-6731,Private      ,202,789,991,202,789,991
01246104,LINCOLN TECHNICAL INSTITUTE             ,PA,19104-0202,Proprietary  ,56,120,176,56,120,176
01246105,LINCOLN TECHNICAL INSTITUTE             ,PA,19116-4202,Proprietary  ,88,111,199,88,111,199
01252300,TALMUDICAL YESHIVA OF PHILA             ,PA,19131-1296,Private      ,2,1,3,2,1,3
01260500,EMPIRE BEAUTY SCHOOL                    ,PA,17331-2405,Proprietary  ,27,88,115,27,88,115
01260600,EMPIRE BEAUTY SCHOOL                    ,PA,17901-2505,Proprietary  ,16,88,104,16,88,104
01260700,EMPIRE BEAUTY SCHOOL                    ,PA,16801-5218,Proprietary  ,13,14,27,13,14,27
01292900,SOUTH HILLS BEAUTY ACADEMY              ,PA,15216-2335,Proprietary  ,8,18,26,8,18,26
01301500,GORDON PHILLIPS SCH BEAUTY CULTURE      ,PA,19102-2701,Proprietary  ,54,118,172,54,118,172
01313400,YESHIVATH BETH MOSHE                    ,PA,18505-2196,Private      ,1,2,3,1,2,3
01321400,ROXBOROUGH MEM HOSP SCH OF NURSING      ,PA,19128-0000,Proprietary  ,29,118,147,29,118,147
01326300,SOUTH HILLS SCHOOL OF BUSINESS & TECHNOL,PA,16801-4516,Proprietary  ,230,293,523,230,293,523
02061000,VENUS BEAUTY ACADEMY                    ,PA,19079-0000,Proprietary  ,3,13,16,3,13,16
02068300,DOUGLAS SCHOOL OF BUSINESS              ,PA,15062-0000,Proprietary  ,108,114,222,108,114,222
02090200,TRIANGLE TECH                           ,PA,16502-0000,Proprietary  ,19,34,53,19,34,53
02092500,LAUREL TECHNICAL INSTITUTE              ,PA,16146-0000,Proprietary  ,45,138,183,45,138,183
02092502,BUSINESS INSTITUTE OF PENNSYLVANIA      ,PA,16335-0000,Proprietary  ,4,6,10,4,6,10
02107300,PENNSYLVANIA ACADEMY OF FINE ARTS       ,PA,19102-1424,Private      ,173,205,378,173,205,378
02112200,GREAT LAKES INSTITUTE OF TECHNOLOGY     ,PA,16509-0000,Proprietary  ,73,121,194,73,121,194
02114200,JOHNSON COLLEGE                         ,PA,18508-0000,Private      ,203,129,332,203,129,332
02116001,SANFORD-BROWN INSTITUTE - TREVOSE       ,PA,19053-4700,Proprietary  ,153,609,762,153,609,762
02118000,LEVITTOWN BEAUTY ACADEMY LLC            ,PA,19054-1713,Proprietary  ,0,4,4,0,4,4
02119300,PA ACAD OF COSMETOLOGY ARTS & SCI       ,PA,15904-0000,Proprietary  ,12,10,22,12,10,22
02120800,"YORKTOWNE BUSINESS INSTITUTE, INC.      ",PA,17404-0000,Proprietary  ,34,128,162,34,128,162
02127400,YORK TECHNICAL INSTITUTE                ,PA,17402-0000,Proprietary  ,437,961,1398,437,961,1398
02129000,TRIANGLE TECH                           ,PA,15601-0000,Proprietary  ,47,48,95,47,48,95
02129001,TRIANGLE TECH - BUSINESS CAREERS INSTITU,PA,15601-3304,Proprietary  ,2,2,4,2,2,4
02144000,"VISION ACADEMY, THE                     ",PA,18103-0000,Proprietary  ,3,9,12,3,9,12
02149000,EMPIRE BEAUTY SCHOOL                    ,PA,19341-2804,Proprietary  ,34,53,87,34,53,87
02151500,CENTRAL SUSQUEHANNA LPN CENTER          ,PA,17837-8818,Public       ,20,59,79,20,59,79
02152105,ACADEMY OF COURT REPORTING AND TECHNOLOG,PA,15222-1710,Proprietary  ,4,13,17,4,13,17
02153500,OAKBRIDGE ACADEMY OF ARTS               ,PA,15068-0000,Proprietary  ,33,9,42,33,9,42
02158300,JUNIATA-MIFFLIN CO AREA VOC TECH        ,PA,17044-0000,Public       ,9,34,43,9,34,43
02161400,NORTHEASTERN HOSP SCH OF NRSG           ,PA,19134-0000,Private      ,29,81,110,29,81,110
02169600,CLEARFIELD CTY CAREER AND TECH CNTR     ,PA,16830-0000,Public       ,19,41,60,19,41,60
02174400,TRIANGLE TECH                           ,PA,15801-0000,Proprietary  ,44,87,131,44,87,131
02178900,ACADEMY OF HAIR DESIGN                  ,PA,18202-1465,Proprietary  ,8,13,21,8,13,21
02183000,ORLEANS TECHNICAL INSTITUTE             ,PA,19111-0000,Private      ,45,138,183,45,138,183
02192800,WALNUT HILL COLLEGE                     ,PA,19104-0000,Proprietary  ,248,140,388,248,140,388
02202300,SANFORD-BROWN INSTITUTE                 ,PA,15219-1907,Proprietary  ,75,364,439,75,364,439
02202301,SANFORD-BROWN INSTITUTE                 ,PA,15146-2141,Proprietary  ,35,181,216,35,181,216
02203900,ERIE INSTITUTE OF TECHNOLOGY            ,PA,16565-1002,Proprietary  ,52,85,137,52,85,137
02206200,"VISION ACADEMY, THE                     ",PA,19002-0000,Proprietary  ,4,7,11,4,7,11
02206300,STROUDSBURG SCHOOL OF COSMETOLOGY       ,PA,18360-0000,Proprietary  ,3,8,11,3,8,11
02212700,LANCASTER SCHOOL OF COSMETOLOGY         ,PA,17602-0000,Proprietary  ,12,27,39,12,27,39
02234200,ACADEMY OF MEDICAL ARTS & BUSINESS      ,PA,17112-0000,Proprietary  ,32,77,109,32,77,109
02251200,SCHUYLKILL COUNTY AREA VOC TECH SCH     ,PA,17931-0000,Public       ,4,24,28,4,24,28
02251202,SCHUYLKILL COUNTY AREA VOC TECH SCH     ,PA,17931-0000,Public       ,0,7,7,0,7,7
02253900,BERKS TECHNICAL INSTITUTE               ,PA,19610-0000,Proprietary  ,303,372,675,303,372,675
02255200,PENNSYLVANIA SCHOOL OF BUSINESS         ,PA,18101-1604,Proprietary  ,31,219,250,31,219,250
02269900,PENNSYLVANIA COLLEGE OF ART & DESIGN    ,PA,17603-3528,Private      ,277,45,322,277,45,322
02270500,BUCKS COUNTY SCHOOL OF BEAUTY CULT      ,PA,19053-0000,Proprietary  ,8,11,19,8,11,19
02273400,RECONSTRUCTIONIST RABBINICAL COLLEG     ,PA,19095-0000,Private      ,0,7,7,0,7,7
02276600,HANOVER PUBLIC SCH DIST PRAC NURSG      ,PA,17331-0000,Public       ,4,15,19,4,15,19
02282500,LENAPE SCHOOL OF PRACTICAL NURSING      ,PA,16226-0000,Public       ,14,76,90,14,76,90
02288800,EMPIRE BEAUTY SCHOOL                    ,PA,18974-4508,Proprietary  ,28,76,104,28,76,104
02289500,PACE INSTITUTE                          ,PA,19601-0000,Proprietary  ,20,60,80,20,60,80
02289600,CONSOLIDATED SCHOOL OF BUSINESS         ,PA,17404-0000,Proprietary  ,11,53,64,11,53,64
02289700,ACADEMY OF CREATIVE HAIR DESIGN         ,PA,18702-0000,Proprietary  ,13,37,50,13,37,50
02289800,CHI INSTITUTE - FRANKLIN MILLS          ,PA,19154-0000,Proprietary  ,133,306,439,133,306,439
02290400,"ALTOONA BEAUTY SCHOOL, INC              ",PA,16602-0000,Proprietary  ,9,15,24,9,15,24
02292700,LANSDALE SCHOOL OF COSMETOLOGY          ,PA,19446-0000,Proprietary  ,6,12,18,6,12,18
02299300,TRINITY EPISCOPAL SCHOOL MINISTRY       ,PA,15003-0000,Private      ,0,22,22,0,22,22
02301300,PRISM CAREER INSTITUTE                  ,PA,19082-2448,Proprietary  ,65,434,499,65,434,499
02304400,YTI CAREER INSTITUTE - MECHANICSBURG    ,PA,17055-0000,Proprietary  ,52,101,153,52,101,153
02306200,VENANGO COUNTY AREA VOC TECH SCHOOL     ,PA,16301-0000,Public       ,6,13,19,6,13,19
02310800,LANCASTER COUNTY CAREER & TECH CTR      ,PA,17584-0000,Public       ,45,153,198,45,153,198
02323000,BIBLICAL THEOLOGICAL SEMINARY           ,PA,19440-2421,Private      ,1,29,30,1,29,30
02330300,LEBANON CO CAREER & TECHNOLOGY CTR      ,PA,17042-0000,Public       ,13,75,88,13,75,88
02330600,PENNSYLVANIA GUNSMITH SCHOOL            ,PA,15202-0000,Proprietary  ,36,29,65,36,29,65
02350100,WESTERN AREA CAREER & TECHNOLOGY CT     ,PA,15317-0000,Public       ,3,25,28,3,25,28
02350200,INDIANA COUNTY TECH CTR SCH PR NSG      ,PA,15701-1465,Public       ,28,38,66,28,38,66
02353100,NORTHERN TIER CAREER CENTER             ,PA,18848-0000,Public       ,3,16,19,3,16,19
02362300,MERCER COUNTY AREA VOC TECH SCHOOL      ,PA,16137-0000,Public       ,4,23,27,4,23,27
02492500,DELAWARE VLY ACAD MED DNTL ASSTS        ,PA,19114-0000,Proprietary  ,7,19,26,7,19,26
02492600,EASTERN CTR ARTS AND TECH PR NSG        ,PA,19090-0000,Public       ,8,48,56,8,48,56
02495500,ALL-STATE CAREER SCHOOL                 ,PA,19029-0000,Proprietary  ,37,121,158,37,121,158
02529800,WILKES BARRE AREA CAREER AND TECHNICAL C,PA,18705-0000,Public       ,40,79,119,40,79,119
02536600,COMMONWEALTH TECH INSTIT @ HIRAM G      ,PA,15905-0000,Public       ,56,36,92,56,36,92
02544300,BUTLER BEAUTY SCHOOL                    ,PA,16001-0000,Proprietary  ,13,21,34,13,21,34
02545000,LAWRENCE COUNTY CAREER AND TECHNICAL CEN,PA,16101-0000,Public       ,6,24,30,6,24,30
02546200,LAUREL BUSINESS INSTITUTE               ,PA,15401-0877,Proprietary  ,37,76,113,37,76,113
02550000,CLARION CO AREA VOC-TECH PRAC NRSG      ,PA,16254-4637,Public       ,13,37,50,13,37,50
02554500,HAZLETON AREA CAREER CENTER PRACTICAL NU,PA,18201-0000,Public       ,10,18,28,10,18,28
02557800,ART INSTITUTE OF YORK (THE) - PENNSYLVAN,PA,17402-9012,Proprietary  ,366,110,476,366,110,476
02566400,ALBERT EINSTEIN MED CTR DEPT DNTL       ,PA,19141-3098,Private      ,14,41,55,14,41,55
02574800,PENNSYLVANIA INSTITUTE OF TAXIDERMY     ,PA,15931-0000,Proprietary  ,4,14,18,4,14,18
02609500,CAREER TRAINING ACADEMY                 ,PA,15068-6308,Proprietary  ,13,80,93,13,80,93
02609501,CAREER TRAINING ACADEMY                 ,PA,15146-0000,Proprietary  ,3,4,7,3,4,7
02616100,JEAN MADELINE ED CTR FOR COSM           ,PA,19147-1542,Proprietary  ,116,131,247,116,131,247
03006800,LE CORDON BLEU INSTITUTE OF CULINARY ART,PA,15222-3511,Proprietary  ,181,177,358,181,177,358
03010800,TRI-STATE BUSINESS INSTITUTE            ,PA,16506-1013,Proprietary  ,246,988,1234,246,988,1234
03011500,FORTIS INSTITUTE                        ,PA,18702-0000,Proprietary  ,20,35,55,20,35,55
03011600,FORTIS INSTITUTE                        ,PA,18509-2903,Proprietary  ,41,68,109,41,68,109
03029900,CONSOLIDATED SCHOOL OF BUSINESS         ,PA,17603-2389,Proprietary  ,19,56,75,19,56,75
03031600,DPT BUSINESS SCHOOL                     ,PA,19116-3961,Proprietary  ,9,32,41,9,32,41
03031601,DPT BUSINESS SCHOOL                     ,PA,19106-0000,Proprietary  ,1,7,8,1,7,8
03067000,ANTONELLI MEDICAL & PROF INST           ,PA,19464-9244,Proprietary  ,9,16,25,9,16,25
03072400,ALL-STATE CAREER SCHOOL                 ,PA,15122-0000,Proprietary  ,8,27,35,8,27,35
03072600,DCI CAREER INSTITUTE                    ,PA,15061-2307,Proprietary  ,7,18,25,7,18,25
03081900,YTI CAREER INSTITUTE - ALTOONA          ,PA,16602-4457,Proprietary  ,63,157,220,63,157,220
03090800,LAKE ERIE COLL OF OSTEOPATHIC MED       ,PA,16509-0000,Private      ,58,2291,2349,58,2291,2349
03098600,CAREER TECH CTR OF LACKAWANNA CNTY      ,PA,18508-0000,Public       ,24,64,88,24,64,88
03101400,FORBES ROAD CAREER & TECHNOLOGY CTR     ,PA,15146-1550,Public       ,4,4,8,4,4,8
03101500,BIDWELL TRAINING CENTER                 ,PA,15233-2233,Private      ,7,13,20,7,13,20
03103300,JNA INSTITUTE OF CULINARY ARTS          ,PA,19146-3119,Proprietary  ,18,53,71,18,53,71
03109100,METROPOLITAN CAREER CENTER              ,PA,19144-0000,Private      ,16,58,74,16,58,74
03110700,AVIATION INSTITUTE OF MAINTENANCE       ,PA,19114-1017,Proprietary  ,45,185,230,45,185,230
03120400,REGIONAL CAREER & TECHNICAL CENTER      ,PA,16509-4699,Public       ,2,10,12,2,10,12
03128400,DELAWARE COUNTY TECHNICAL SCHOOL        ,PA,19008-1928,Public       ,11,48,59,11,48,59
03180400,PENNSYLVANIA HIGHLANDS COMMUNITY COLLEGE,PA,15904-2927,Public       ,399,294,693,399,294,693
03236400,LT INTERNATIONAL BEAUTY SCHOOL          ,PA,19130-2235,Proprietary  ,4,9,13,4,9,13
03353300,ACADEMY OF VOCAL ARTS                   ,PA,19103-6685,Private      ,12,35,47,12,35,47
03380301,STAR CAREER ACADEMY - STAR PHILADELPHIA ,PA,19114-2204,Proprietary  ,18,83,101,18,83,101
03380304,STAR CAREER ACADEMY - STAR NORRISTOWN   ,PA,19403-2422,Proprietary  ,1,7,8,1,7,8
03439400,NAWCC SCHOOL OF HOROLOGY                ,PA,17512-2130,Private      ,2,4,6,2,4,6
03535300,HUNTINGDON COUNTY CAREER AND TECHNO     ,PA,17060-0905,Public       ,5,14,19,5,14,19
03561400,SUSQUEHANNA COUNTY CAREER & TECHNOL     ,PA,18816-0100,Public       ,1,4,5,1,4,5
03766300,PENNSYLVANIA SCHOOL OF MUSCLE THERAPY   ,PA,19406-3101,Proprietary  ,6,26,32,6,26,32
03781300,PRINCETON INFORMATION TECHNOLOGY CENTER ,PA,19038-4535,Proprietary  ,11,101,112,11,101,112
03899300,CALVARY BAPTIST THEOLOGICAL SEMINARY    ,PA,19446-4718,Private      ,0,6,6,0,6,6
03923300,PRECISION MANUFACTURING INSTITUTE       ,PA,16335-8380,Private      ,5,9,14,5,9,14
03948300,HARRISBURG UNIVERSITY OF SCIENCE AND TEC,PA,17101-2116,Private      ,320,104,424,320,104,424
03949300,WON INSTITUTE OF GRADUATE STUDIES       ,PA,19038-4535,Private      ,0,8,8,0,8,8
03950500,NORTHWEST REGIONAL TECHNOLOGY INSTITUTE ,PA,16508-2820,Proprietary  ,1,6,7,1,6,7
03952300,NATIONAL MASSAGE THERAPY INSTITUTE      ,PA,19116-3965,Proprietary  ,28,104,132,28,104,132
04024300,EDUCATION AND TECHNOLOGY INSTITUTE      ,PA,15601-9214,Private      ,2,8,10,2,8,10
04118000,BYZANTINE CATHOLIC SEMINARY OF SAINTS CY,PA,15214-2229,Private      ,0,3,3,0,3,3
04127500,CAREER DEVELOPMENT & EMPLOYMENT         ,PA,18702-5253,Proprietary  ,4,16,20,4,16,20
04137100,KIMBERLY'S BEAUTY SCHOOL                ,PA,19134-0000,Proprietary  ,5,9,14,5,9,14
04138300,INTERNATIONAL BEAUTY ACADEMY            ,PA,19149-2710,Proprietary  ,8,8,16,8,8,16
04145800,PULSE BEAUTY ACADEMY A PAUL MITCHELL PAR,PA,19335-0000,Proprietary  ,23,19,42,23,19,42
04149800,SOMERSET COUNTY TECHNOLOGY CENTER       ,PA,15501-1444,Public       ,3,14,17,3,14,17
04151700,BELLA CAPELLI ACADEMY                   ,PA,15146-2388,Proprietary  ,15,16,31,15,16,31
04155100,INSTITUTE OF MEDICAL CAREERS            ,PA,15235-3718,Proprietary  ,6,24,30,6,24,30
04158000,METRO BEAUTY ACADEMY                    ,PA,18106-9693,Proprietary  ,17,22,39,17,22,39
04164900,BARONE BEAUTY ACADEMY                   ,PA,17701-5316,Proprietary  ,3,12,15,3,12,15
04167200,COMMONWEALTH MEDICAL COLLEGE (THE)      ,PA,18503-3251,Private      ,5,288,293,5,288,293
00267813,BRYANT & STRATTON COLLEGE - MIL DOWNTOWN,WI,53203-2608,Proprietary  ,285,1402,1687,285,1402,1687
00383200,ALVERNO COLLEGE                         ,WI,53234-3922,Private      ,1089,1443,2532,1089,1443,2532
00383500,BELOIT COLLEGE                          ,WI,53511-5595,Private      ,1764,84,1848,1764,84,1848
00383700,CARDINAL STRITCH UNIVERSITY             ,WI,53217-9884,Private      ,677,1649,2326,677,1649,2326
00383800,CARROLL UNIVERSITY                      ,WI,53186-5593,Private      ,2920,513,3433,2920,513,3433
00383900,CARTHAGE COLLEGE                        ,WI,53141-0000,Private      ,3960,434,4394,3960,434,4394
00384000,WESTERN TECHNICAL COLLEGE               ,WI,54601-0908,Public       ,815,787,1602,815,787,1602
00384200,CONCORDIA UNIVERSITY WISCONSIN          ,WI,53097-2402,Private      ,2235,1878,4113,2235,1878,4113
00384800,EDGEWOOD COLLEGE                        ,WI,53711-1958,Private      ,1258,490,1748,1258,490,1748
00385000,SILVER LAKE COLLEGE                     ,WI,54220-9319,Private      ,128,159,287,128,159,287
00385400,LAKELAND COLLEGE                        ,WI,53082-0000,Private      ,847,743,1590,847,743,1590
00385600,LAWRENCE UNIVERSITY                     ,WI,54912-0599,Private      ,2143,100,2243,2143,100,2243
00386100,MARIAN UNIVERSITY                       ,WI,54935-4699,Private      ,1044,580,1624,1044,580,1624
00386300,MARQUETTE UNIVERSITY                    ,WI,53201-1881,Private      ,14201,3495,17696,14201,3495,17696
00386600,MILWAUKEE AREA TECH COLLEGE             ,WI,53233-1443,Public       ,2409,6170,8579,2409,6170,8579
00386800,MILWAUKEE SCHOOL OF ENGINEERING         ,WI,53202-3109,Private      ,2410,463,2873,2410,463,2873
00386900,MOUNT MARY COLLEGE                      ,WI,53222-4597,Private      ,633,869,1502,633,869,1502
00387400,NASHOTAH HOUSE                          ,WI,53058-0000,Private      ,0,15,15,0,15,15
00387500,NORTHLAND COLLEGE                       ,WI,54806-3999,Private      ,508,65,573,508,65,573
00388400,RIPON COLLEGE                           ,WI,54971-0248,Private      ,1251,47,1298,1251,47,1298
00389200,ST. NORBERT COLLEGE                     ,WI,54115-2002,Private      ,2238,76,2314,2238,76,2314
00389500,UNIVERSITY OF WISCONSIN-MADISON         ,WI,53715-1382,Public       ,18532,7242,25774,18532,7242,25774
00389600,UNIVERSITY OF WISCONSIN-MILWAUKEE       ,WI,53201-3165,Public       ,11913,6777,18690,11913,6777,18690
00389700,UNIVERSITY OF WISCONSIN COLLEGES        ,WI,53708-8680,Public       ,2548,1091,3639,2548,1091,3639
00389701,UNIVERSITY OF WISCONSIN-BARABOO         ,WI,53913-1098,Public       ,182,91,273,182,91,273
00389702,UNIVERSITY OF WISCONSIN-BARRON          ,WI,54868-2497,Public       ,177,77,254,177,77,254
00389703,UNIVERSITY OF WISCONSIN-FOND DU LAC     ,WI,54935-2998,Public       ,236,109,345,236,109,345
00389704,UNIVERSITY OF WISCONSIN-FOX VALLEY      ,WI,54952-1297,Public       ,472,212,684,472,212,684
00389705,UNIVERSITY OF WISCONSIN-MANITOWOC       ,WI,54220-6699,Public       ,148,43,191,148,43,191
00389706,UNIVERSITY OF WISCONSIN-MARATHON        ,WI,54401-5396,Public       ,403,168,571,403,168,571
00389707,UNIVERSITY OF WISCONSIN-MARINETTE       ,WI,54143-4299,Public       ,124,46,170,124,46,170
00389708,UNIVERSITY OF WISCONSIN-MARSHFIELD      ,WI,54449-3310,Public       ,157,71,228,157,71,228
00389709,UNIVERSITY OF WISCONSIN-RICHLAND        ,WI,53581-1399,Public       ,151,49,200,151,49,200
00389710,UNIVERSITY OF WISCONSIN COLLEGES - ROCK ,WI,53546-5699,Public       ,330,228,558,330,228,558
00389711,UNIVERSITY OF WISCONSIN-SHEBOYGAN       ,WI,53081-4789,Public       ,262,111,373,262,111,373
00389712,UNIVERSITY OF WISCONSIN-WASHINGTON      ,WI,53095-3699,Public       ,231,108,339,231,108,339
00389713,UNIVERSITY OF WISCONSIN-WAUKESHA        ,WI,53188-2799,Public       ,554,228,782,554,228,782
00389900,UNIVERSITY OF WISCONSIN-GREEN BAY       ,WI,54311-7001,Public       ,2930,1021,3951,2930,1021,3951
00391100,VITERBO UNIVERSITY                      ,WI,54601-4777,Private      ,1507,713,2220,1507,713,2220
00391500,UNIVERSITY OF WISCONSIN-STOUT           ,WI,54751-0790,Public       ,3617,884,4501,3617,884,4501
00391700,UNIVERSITY OF WISCONSIN-EAU CLAIRE      ,WI,54702-4004,Public       ,5763,900,6663,5763,900,6663
00391900,UNIVERSITY OF WISCONSIN-LA CROSSE       ,WI,54601-3742,Public       ,6106,930,7036,6106,930,7036
00392000,UNIVERSITY OF WISCONSIN-OSHKOSH         ,WI,54901-8604,Public       ,5528,1587,7115,5528,1587,7115
00392100,UNIVERSITY OF WISCONSIN-PLATTEVILLE     ,WI,53818-3099,Public       ,4315,712,5027,4315,712,5027
00392300,UNIVERSITY OF WISCONSIN-RIVER FALLS     ,WI,54022-5013,Public       ,2865,550,3415,2865,550,3415
00392400,UNIVERSITY OF WISCONSIN-STEVENS POINT   ,WI,54481-3871,Public       ,5256,970,6226,5256,970,6226
00392500,UNIVERSITY OF WISCONSIN-SUPERIOR        ,WI,54880-2898,Public       ,883,476,1359,883,476,1359
00392600,UNIVERSITY OF WISCONSIN-WHITEWATER      ,WI,53190-1792,Public       ,6714,1523,8237,6714,1523,8237
00400700,MADISON AREA TECHNICAL COLLEGE          ,WI,53704-2599,Public       ,1825,2561,4386,1825,2561,4386
00501500,UNIVERSITY OF WISCONSIN-PARKSIDE        ,WI,53141-2000,Public       ,2070,987,3057,2070,987,3057
00529400,WAUKESHA COUNTY TECHNICAL COLLEGE       ,WI,53072-4696,Public       ,601,1089,1690,601,1089,1690
00530100,NORTHEAST WISCONSIN TECHNICAL COLLEGE   ,WI,54307-9042,Public       ,1050,1701,2751,1050,1701,2751
00530400,CHIPPEWA VALLEY TECHNICAL COLLEGE       ,WI,54701-6162,Public       ,1019,1460,2479,1019,1460,2479
00538000,MID-STATE TECHNICAL COLLEGE             ,WI,54494-5512,Public       ,310,779,1089,310,779,1089
00538400,NICOLET AREA TECHNICAL COLLEGE          ,WI,54501-0000,Public       ,284,379,663,284,379,663
00538700,NORTHCENTRAL TECHNICAL COLLEGE          ,WI,54401-1899,Public       ,377,924,1301,377,924,1301
00538900,GATEWAY TECHNICAL COLLEGE               ,WI,53144-1690,Public       ,923,3790,4713,923,3790,4713
00539000,BLACKHAWK TECHNICAL COLLEGE             ,WI,53547-5009,Public       ,434,1383,1817,434,1383,1817
00612601,ST LUKE'S MEDCL CTR SCHL RAD TECH       ,WI,53215-4330,Private      ,10,32,42,10,32,42
00663900,BELLIN COLLEGE                          ,WI,54305-0000,Private      ,171,92,263,171,92,263
00732934,ITT TECHNICAL INSTITUTE                 ,WI,53220-4612,Proprietary  ,106,352,458,106,352,458
00766900,SOUTHWEST WISCONSIN TECH COLLEGE        ,WI,53809-0000,Public       ,320,322,642,320,322,642
00821700,WISCONSIN COLLEGE OF COSMETOLOGY        ,WI,54324-0257,Proprietary  ,26,34,60,26,34,60
00869405,RASMUSSEN COLLEGE - WAUSAU              ,WI,54401-7804,Proprietary  ,40,280,320,40,280,320
00869414,RASMUSSEN COLLEGE - GREEN BAY           ,WI,54303-2349,Proprietary  ,73,368,441,73,368,441
00869419,RASMUSSEN COLLEGE - APPLETON            ,WI,54915-7305,Proprietary  ,16,106,122,16,106,122
00919400,LAKESHORE TECHNICAL COLLEGE             ,WI,53015-1412,Public       ,275,678,953,275,678,953
00925600,MORAINE PARK TECHNICAL COLLEGE          ,WI,54936-0000,Public       ,424,1237,1661,424,1237,1661
00941900,STATE CLG OF BEAUTY CULT-WAUSAU         ,WI,54403-4667,Proprietary  ,10,20,30,10,20,30
00962100,HERZING UNIVERSITY                      ,WI,53718-4236,Proprietary  ,561,4347,4908,561,4347,4908
00974400,FOX VALLEY TECHNICAL COLLEGE            ,WI,54913-0000,Public       ,1205,2057,3262,1205,2057,3262
01091300,MADISON MEDIA INSTITUTE                 ,WI,53718-6787,Proprietary  ,224,147,371,224,147,371
01148400,ADVANCED INSTITUTE OF HAIR DESIGN       ,WI,53225-0000,Proprietary  ,68,68,136,68,68,136
01182400,WISCONSIN INDIANHEAD TECH CLG WITC      ,WI,54871-9300,Public       ,341,836,1177,341,836,1177
02077100,MILWAUKEE INST OF ART & DESIGN          ,WI,53202-0000,Private      ,687,134,821,687,134,821
02078000,SACRED HEART SCHOOL OF THEOLOGY         ,WI,53130-0000,Private      ,0,4,4,0,4,4
02136600,WISCONSIN LUTHERAN COLLEGE              ,WI,53226-0000,Private      ,754,99,853,754,99,853
02201803,KAPLAN COLLEGE - MILWAUKEE              ,WI,53212-3939,Proprietary  ,55,292,347,55,292,347
02239204,ANTHEM COLLEGE - BROOKFIELD             ,WI,53005-4207,Proprietary  ,11,26,37,11,26,37
02271300,WI SCH OF PROFESSIONAL PSYCHOLOGY       ,WI,53225-0000,Private      ,6,43,49,6,43,49
02317200,MARANATHA BAPTIST BIBLE COLLEGE         ,WI,53094-0000,Private      ,395,40,435,395,40,435
02324700,EMPIRE BEAUTY SCHOOL                    ,WI,53717-0000,Proprietary  ,20,41,61,20,41,61
02332100,EMPIRE BEAUTY SCHOOL                    ,WI,54220-0000,Proprietary  ,14,84,98,14,84,98
02332101,EMPIRE BEAUTY SCHOOL - APPLETON         ,WI,54914-4644,Proprietary  ,5,19,24,5,19,24
02453500,MEDICAL COLLEGE OF WISCONSIN            ,WI,53226-0000,Private      ,30,1010,1040,30,1010,1040
02494300,GILL-TECH ACADEMY OF HAIR DESIGN        ,WI,54911-0000,Proprietary  ,30,20,50,30,20,50
02532200,LAC COURTE OREILLES OJIBWA CMTY CLG     ,WI,54843-0000,Public       ,9,91,100,9,91,100
03007400,LAKESIDE SCHOOL OF MASSAGE THERAPY      ,WI,53212-3969,Private      ,14,27,41,14,27,41
03061200,MIDWEST COLLEGE OF ORIENTAL MEDICINE    ,WI,53403-9747,Proprietary  ,3,79,82,3,79,82
03077600,EMPIRE BEAUTY SCHOOL                    ,WI,54304-4838,Proprietary  ,44,78,122,44,78,122
03125100,COLLEGE OF MENOMINEE NATION             ,WI,54135-0000,Private      ,41,155,196,41,155,196
03125102,COLLEGE OF  THE MENOMINEE NATION - GREEN,WI,54304-4964,Private      ,4,24,28,4,24,28
03220300,"SALON PROFESSIONAL ACADEMY, THE         ",WI,54701-7633,Proprietary  ,26,34,60,26,34,60
03309300,MONTESSORI INSTITUTE OF MILWAUKEE       ,WI,53207-0000,Private      ,2,8,10,2,8,10
03808300,INSTITUTE OF BEAUTY AND WELLNESS (THE)  ,WI,53202-5715,Proprietary  ,34,68,102,34,68,102
03822300,FOUR SEASONS SALON AND COSMETOLOGY SCHOO,WI,53566-0000,Proprietary  ,7,12,19,7,12,19
03872500,NORTHLAND INTERNATIONAL UNIVERSITY      ,WI,54119-9285,Private      ,204,25,229,204,25,229
03925300,BLUE SKY SCHOOL OF PROFESSIONAL MASSAGE ,WI,53024-9699,Private      ,15,41,56,15,41,56
04117400,MILWAUKEE CAREER COLLEGE                ,WI,53222-4305,Proprietary  ,58,219,277,58,219,277
04118600,ACADEMY OF COSMETOLOGY                  ,WI,53548-3307,Proprietary  ,4,27,31,4,27,31
04124800,VISIONS IN HAIR DESIGN INSTITUTE OF COSM,WI,53210-1120,Proprietary  ,6,19,25,6,19,25
04132600,WISCONSIN ACADEMY (THE)                 ,WI,54157-1726,Proprietary  ,5,10,15,5,10,15
04137900,PC PROSCHOOLS                           ,WI,53005-6003,Proprietary  ,9,34,43,9,34,43
04138200,SALON PROFESSIONAL ACADEMY (THE)        ,WI,54914-3921,Proprietary  ,17,21,38,17,21,38
04157700,SALON PROFESSIONAL ACADEMY (THE)        ,WI,54650-8699,Proprietary  ,28,19,47,28,19,47
04165300,ACADEMY WAUKESHA (THE)                  ,WI,53072-5524,Proprietary  ,29,39,68,29,39,68
04179200,ADVANCED COLLEGE OF COSMETOLOGY         ,WI,53963-0000,Proprietary  ,10,12,22,10,12,22
04182100,FIRST CLASS COSMETOLOGY SCHOOL          ,WI,52511-0000,Proprietary  ,2,9,11,2,9,11
04183600,SALON PROFESSIONAL ACADEMY OF KENOSHA (T,WI,53142-4950,Proprietary  ,29,50,79,29,50,79
00290500,NORTH CAROLINA A&T STATE UNIV           ,NC,27411-0001,Public       ,10141,3502,13643,10141,3502,13643
00290600,APPALACHIAN STATE UNIVERSITY            ,NC,28608-2059,Public       ,13484,2821,16305,13484,2821,16305
00290700,UNIVERSITY OF NC AT ASHEVILLE           ,NC,28804-3299,Public       ,3111,965,4076,3111,965,4076
00290800,BARTON COLLEGE                          ,NC,27893-3104,Private      ,1136,422,1558,1136,422,1558
00291000,BELMONT ABBEY COLLEGE                   ,NC,28012-1802,Private      ,906,640,1546,906,640,1546
00291100,BENNETT COLLEGE                         ,NC,27401-3239,Private      ,876,307,1183,876,307,1183
00291200,BREVARD COLLEGE                         ,NC,28712-3306,Private      ,665,91,756,665,91,756
00291300,CAMPBELL UNIVERSITY                     ,NC,27506-0036,Private      ,3757,1876,5633,3757,1876,5633
00291400,CATAWBA COLLEGE                         ,NC,28144-2488,Private      ,1283,359,1642,1283,359,1642
00291500,CENTRAL PIEDMONT COMMUNITY COLLEGE      ,NC,28204-2297,Public       ,3267,6418,9685,3267,6418,9685
00291600,CHOWAN UNIVERSITY                       ,NC,27855-1850,Private      ,1583,250,1833,1583,250,1833
00291700,COLLEGE OF THE ALBEMARLE                ,NC,27909-2327,Public       ,387,793,1180,387,793,1180
00291800,DAVIDSON COLLEGE                        ,NC,28035-7157,Private      ,2767,99,2866,2767,99,2866
00291900,DAVIDSON COUNTY COMMUNITY COLLEGE       ,NC,27293-0000,Public       ,672,1789,2461,672,1789,2461
00292000,DUKE UNIVERSITY                         ,NC,27708-0397,Private      ,16040,1655,17695,16040,1655,17695
00292001,DUKE UNIV - SCHOOL OF MEDICINE          ,NC,27710-0000,Private      ,114,961,1075,114,961,1075
00292002,DUKE UNIV - SCHOOL OF LAW               ,NC,27708-0000,Private      ,31,2402,2433,31,2402,2433
00292003,DUKE UNIV - GRAD SCH ARTS & SCIENCE     ,NC,27708-0000,Private      ,59,483,542,59,483,542
00292004,DUKE UNIV - FUQUA SCH OF BUSINESS       ,NC,27708-0000,Private      ,51,690,741,51,690,741
00292005,DUKE UNIV/NICHOLAS SCH OF ENVIRON.      ,NC,27708-0000,Private      ,29,236,265,29,236,265
00292006,DUKE UNIV - DIVINITY SCHOOL             ,NC,27708-0000,Private      ,95,422,517,95,422,517
00292007,DUKE UNIV - SCHOOL OF NURSING           ,NC,27710-0000,Private      ,93,550,643,93,550,643
00292010,DUKE UNIVERSITY - SCHOOL OF PUBLIC POLIC,NC,27708-0239,Private      ,41,243,284,41,243,284
00292300,EAST CAROLINA UNIVERSITY                ,NC,27858-1818,Public       ,16539,6550,23089,16539,6550,23089
00292600,ELIZABETH CITY STATE UNIVERSITY         ,NC,27909-7806,Public       ,3041,1102,4143,3041,1102,4143
00292700,ELON UNIVERSITY                         ,NC,27244-2010,Private      ,6006,864,6870,6006,864,6870
00292800,FAYETTEVILLE STATE UNIVERSITY           ,NC,28301-4298,Public       ,3145,3027,6172,3145,3027,6172
00292900,GARDNER-WEBB UNIVERSITY                 ,NC,28017-0000,Private      ,2280,1162,3442,2280,1162,3442
00293000,GREENSBORO COLLEGE                      ,NC,27401-1875,Private      ,1205,606,1811,1205,606,1811
00293100,GUILFORD COLLEGE                        ,NC,27410-4171,Private      ,2152,1327,3479,2152,1327,3479
00293300,HIGH POINT UNIVERSITY                   ,NC,27262-4221,Private      ,4339,579,4918,4339,579,4918
00293400,ISOTHERMAL COMMUNITY COLLEGE            ,NC,28160-0804,Public       ,397,653,1050,397,653,1050
00293500,JOHN WESLEY COLLEGE                     ,NC,27265-0000,Private      ,20,83,103,20,83,103
00293600,JOHNSON C SMITH UNIVERSITY              ,NC,28216-5398,Private      ,2005,747,2752,2005,747,2752
00293700,KING'S COLLEGE-CHARLOTTE                ,NC,28204-2435,Proprietary  ,315,284,599,315,284,599
00293900,LEES MCRAE COLLEGE                      ,NC,28604-0000,Private      ,732,135,867,732,135,867
00294000,LENOIR COMMUNITY COLLEGE                ,NC,28502-0188,Public       ,377,802,1179,377,802,1179
00294100,LENOIR-RHYNE UNIVERSITY                 ,NC,28603-0000,Private      ,2086,449,2535,2086,449,2535
00294200,LIVINGSTONE COLLEGE                     ,NC,28144-5298,Private      ,936,251,1187,936,251,1187
00294300,LOUISBURG COLLEGE                       ,NC,27549-2398,Private      ,645,106,751,645,106,751
00294400,MARS HILL COLLEGE                       ,NC,28754-0000,Private      ,1461,290,1751,1461,290,1751
00294500,MEREDITH COLLEGE                        ,NC,27607-5298,Private      ,1607,557,2164,1607,557,2164
00294600,METHODIST UNIVERSITY                    ,NC,28311-1420,Private      ,1838,758,2596,1838,758,2596
00294700,MITCHELL COMMUNITY COLLEGE              ,NC,28677-5264,Public       ,506,1103,1609,506,1103,1609
00294800,MONTREAT COLLEGE                        ,NC,28757-1267,Private      ,358,250,608,358,250,608
00294900,MOUNT OLIVE COLLEGE                     ,NC,28365-1299,Private      ,740,1572,2312,740,1572,2312
00295000,NORTH CAROLINA CENTRAL UNIVERSITY       ,NC,27707-3198,Public       ,7792,4434,12226,7792,4434,12226
00295100,NORTH CAROLINA WESLEYAN COLLEGE         ,NC,27804-8699,Private      ,648,418,1066,648,418,1066
00295300,PEACE COLLEGE                           ,NC,27604-1194,Private      ,613,237,850,613,237,850
00295400,UNIV OF NORTH CAROLINA AT PEMBROKE      ,NC,28372-1510,Public       ,4170,2236,6406,4170,2236,6406
00295500,PFEIFFER UNIVERSITY                     ,NC,28109-0000,Private      ,625,446,1071,625,446,1071
00295600,PIEDMONT BAPTIST COLLEGE AND GRADUATE SC,NC,27101-5025,Private      ,94,82,176,94,82,176
00295700,QUEENS UNIVERSITY OF CHARLOTTE          ,NC,28274-0001,Private      ,1666,946,2612,1666,946,2612
00295800,ROCKINGHAM COMMUNITY COLLEGE            ,NC,27375-0000,Public       ,429,815,1244,429,815,1244
00296000,SALEM COLLEGE                           ,NC,27108-0000,Private      ,532,415,947,532,415,947
00296100,SANDHILLS COMMUNITY COLLEGE             ,NC,28374-8283,Public       ,650,1304,1954,650,1304,1954
00296200,SHAW UNIVERSITY                         ,NC,27601-2393,Private      ,1814,1111,2925,1814,1111,2925
00296400,SOUTHEASTERN COMMUNITY COLLEGE          ,NC,28472-5422,Public       ,242,488,730,242,488,730
00296700,ST ANDREWS PRESBYTERIAN COLLEGE         ,NC,28352-9979,Private      ,325,42,367,325,42,367
00296800,ST AUGUSTINES COLLEGE                   ,NC,27610-2298,Private      ,1478,439,1917,1478,439,1917
00297000,SURRY COMMUNITY COLLEGE                 ,NC,27017-0304,Public       ,641,813,1454,641,813,1454
00297200,NORTH CAROLINA STATE UNIV-RALEIGH       ,NC,27695-7001,Public       ,21758,6577,28335,21758,6577,28335
00297300,GASTON COLLEGE                          ,NC,28034-1499,Public       ,940,2032,2972,940,2032,2972
00297400,UNIVERSITY OF N C-CHAPEL HILL           ,NC,27514-0000,Public       ,19303,9794,29097,19303,9794,29097
00297500,UNIVERSITY OF NC AT CHARLOTTE           ,NC,28223-0001,Public       ,13998,6422,20420,13998,6422,20420
00297600,UNIVERSITY OF N C - GREENSBORO          ,NC,27412-0001,Public       ,12141,5998,18139,12141,5998,18139
00297800,WAKE FOREST UNIV - UNDERGRADUATE        ,NC,27109-7246,Private      ,6171,303,6474,6171,303,6474
00297801,WAKE FOREST UNIV - SCH OF MEDICINE      ,NC,27157-1090,Private      ,49,692,741,49,692,741
00297803,WAKE FOREST GRAD SCHOOLS OF BUSINESS    ,NC,27109-7659,Private      ,34,335,369,34,335,369
00297805,WAKE FOREST UNIV - SCH OF LAW           ,NC,27109-7206,Private      ,37,1134,1171,37,1134,1171
00297806,WAKE FOREST UNIV - GRAD A&S/DIVINITY    ,NC,27109-7246,Private      ,17,261,278,17,261,278
00297900,WARREN WILSON COLLEGE                   ,NC,28815-0000,Private      ,996,285,1281,996,285,1281
00298000,WAYNE COMMUNITY COLLEGE                 ,NC,27533-0000,Public       ,466,1017,1483,466,1017,1483
00298100,WESTERN CAROLINA UNIVERSITY             ,NC,28723-9731,Public       ,6973,2341,9314,6973,2341,9314
00298200,WESTERN PIEDMONT COMMUNITY COLLEGE      ,NC,28655-4504,Public       ,451,953,1404,451,953,1404
00298300,WILKES COMMUNITY COLLEGE                ,NC,28697-2100,Public       ,429,587,1016,429,587,1016
00298400,UNIVERSITY OF N C-WILMINGTON            ,NC,28403-3297,Public       ,9501,2588,12089,9501,2588,12089
00298500,WINGATE UNIVERSITY                      ,NC,28174-0159,Private      ,2267,559,2826,2267,559,2826
00298600,WINSTON-SALEM STATE UNIVERSITY          ,NC,27102-0000,Public       ,5285,2757,8042,5285,2757,8042
00398100,UNC SCHOOL OF THE ARTS                  ,NC,27127-2188,Public       ,995,234,1229,995,234,1229
00403300,ASHEVILLE BUNCOMBE TECH CMTY CLG        ,NC,28801-4897,Public       ,1044,2331,3375,1044,2331,3375
00406200,PITT COMMUNITY COLLEGE                  ,NC,28590-0000,Public       ,1779,2609,4388,1779,2609,4388
00483500,CALDWELL COMMUNITY CLG & TECH INST      ,NC,28638-2626,Public       ,746,1369,2115,746,1369,2115
00483800,GUILFORD TECHNICAL COMMUNITY CLG        ,NC,27282-0309,Public       ,3248,7329,10577,3248,7329,10577
00484400,WAKE TECHNICAL COMMUNITY COLLEGE        ,NC,27603-5696,Public       ,3106,5743,8849,3106,5743,8849
00484500,WILSON COMMUNITY COLLEGE                ,NC,27893-3310,Public       ,188,648,836,188,648,836
00499201,MILLER-MOTTE TECHNICAL COLLEGE - MILLER-,NC,27511-9209,Proprietary  ,23,203,226,23,203,226
00499202,MILLER-MOTTE TECHNICAL COLLEGE - MILLER-,NC,27604-6072,Proprietary  ,69,307,376,69,307,376
00499203,MILLER-MOTTE TECHNICAL COLLEGE - FAYETTE,NC,28311-7651,Proprietary  ,40,279,319,40,279,319
00499205,MILLER-MOTTE TECHNICAL COLLEGE - MILLER-,NC,28540-5901,Proprietary  ,18,168,186,18,168,186
00531600,COASTAL CAROLINA COMMUNITY COLLEGE      ,NC,28546-6816,Public       ,536,1442,1978,536,1442,1978
00531700,FORSYTH TECHNICAL COMMUNITY COLLEGE     ,NC,27103-5197,Public       ,1612,3953,5565,1612,3953,5565
00531800,CATAWBA VALLEY COMMUNITY COLLEGE        ,NC,28602-8302,Public       ,1147,1909,3056,1147,1909,3056
00532000,CAPE FEAR COMMUNITY COLLEGE             ,NC,28401-3910,Public       ,1542,2355,3897,1542,2355,3897
00544700,RANDOLPH COMMUNITY COLLEGE              ,NC,27204-1009,Public       ,418,1035,1453,418,1035,1453
00544800,DURHAM TECHNICAL CMNTY COLLEGE          ,NC,27703-5023,Public       ,729,2299,3028,729,2299,3028
00544900,CENTRAL CAROLINA COMMUNITY COLLEGE      ,NC,27330-9000,Public       ,570,1387,1957,570,1387,1957
00546300,ALAMANCE COMMUNITY COLLEGE              ,NC,27253-0000,Public       ,654,1600,2254,654,1600,2254
00546400,RICHMOND COMMUNITY COLLEGE              ,NC,28345-4522,Public       ,224,715,939,224,715,939
00575400,ROWAN-CABARRUS COMMUNITY COLLEGE        ,NC,28146-8357,Public       ,701,1620,2321,701,1620,2321
00647700,CABARRUS COLLEGE OF HEALTH SCIENCES     ,NC,28025-0000,Private      ,131,356,487,131,356,487
00647800,MERCY HOSP SCH OF NURSING               ,NC,28207-0000,Public       ,105,373,478,105,373,478
00648300,WATTS SCHOOL OF NURSING                 ,NC,27704-0000,Private      ,26,126,152,26,126,152
00679900,CRAVEN COMMUNITY COLLEGE                ,NC,28562-0000,Public       ,328,1347,1675,328,1347,1675
00703100,PAMLICO COMMUNITY COLLEGE               ,NC,28529-0000,Public       ,23,106,129,23,106,129
00764000,FAYETTEVILLE TECHNICAL CMTY COLLEGE     ,NC,28303-0236,Public       ,1196,4849,6045,1196,4849,6045
00768700,JAMES SPRUNT COMMUNITY COLLEGE          ,NC,28349-0398,Public       ,145,460,605,145,460,605
00781400,BROOKSTONE COLLEGE OF BUSINESS          ,NC,28262-1294,Proprietary  ,31,138,169,31,138,169
00781401,BROOKSTONE COLLEGE OF BUSINESS          ,NC,27409-0000,Proprietary  ,23,111,134,23,111,134
00789200,SAMPSON COMMUNITY COLLEGE               ,NC,28328-0000,Public       ,254,597,851,254,597,851
00798500,SOUTH PIEDMONT COMMUNITY COLLEGE        ,NC,28135-9703,Public       ,310,835,1145,310,835,1145
00798600,HALIFAX COMMUNITY COLLEGE               ,NC,27890-0089,Public       ,216,454,670,216,454,670
00798700,BLADEN COMMUNITY COLLEGE                ,NC,28332-0266,Public       ,183,602,785,183,602,785
00798800,MARTIN COMMUNITY COLLEGE                ,NC,27892-8307,Public       ,110,261,371,110,261,371
00808100,CARTERET COMMUNITY COLLEGE              ,NC,28557-2989,Public       ,197,625,822,197,625,822
00808200,CLEVELAND COMMUNITY COLLEGE             ,NC,28150-0000,Public       ,404,894,1298,404,894,1298
00808300,HAYWOOD COMMUNITY COLLEGE               ,NC,28721-0000,Public       ,277,460,737,277,460,737
00808500,MCDOWELL TECHNICAL COMMUNITY CLG        ,NC,28752-8728,Public       ,92,268,360,92,268,360
00808700,MONTGOMERY COMMUNITY COLLEGE            ,NC,27371-0787,Public       ,147,345,492,147,345,492
00846600,SOUTHWESTERN COMMUNITY COLLEGE          ,NC,28779-8581,Public       ,362,725,1087,362,725,1087
00855700,NASH COMMUNITY COLLEGE                  ,NC,27804-0488,Public       ,398,866,1264,398,866,1264
00855800,BEAUFORT COUNTY COMMUNITY COLLEGE       ,NC,27889-7889,Public       ,209,594,803,209,594,803
00861200,ROBESON COMMUNITY COLLEGE               ,NC,28359-2151,Public       ,357,1008,1365,357,1008,1365
00861300,ROANOKE-CHOWAN COMMUNITY COLLEGE        ,NC,27910-9522,Public       ,107,265,372,107,265,372
00885500,EDGECOMBE COMMUNITY COLLEGE             ,NC,27886-9399,Public       ,234,1024,1258,234,1024,1258
00902500,EMPIRE BEAUTY SCHOOL                    ,NC,28105-2508,Proprietary  ,42,151,193,42,151,193
00933600,JOHNSTON COMMUNITY COLLEGE              ,NC,27577-0000,Public       ,599,1418,2017,599,1418,2017
00943000,TRI-COUNTY COMMUNITY COLLEGE            ,NC,28906-7919,Public       ,146,288,434,146,288,434
00964600,PIEDMONT COMMUNITY COLLEGE              ,NC,27573-1197,Public       ,148,416,564,148,416,564
00968400,BLUE RIDGE COMMUNITY COLLEGE            ,NC,28731-9624,Public       ,297,663,960,297,663,960
00974701,GORDON-CONWELL THEO SEM - CHARLOTTE     ,NC,28273-0000,Private      ,0,75,75,0,75,75
00990300,VANCE-GRANVILLE CMTY COLLEGE            ,NC,27536-0917,Public       ,434,987,1421,434,987,1421
01026400,SOUTH COLLEGE                           ,NC,28803-3152,Proprietary  ,38,161,199,38,161,199
01119400,STANLY COMMUNITY COLLEGE                ,NC,28001-7458,Public       ,321,871,1192,321,871,1192
01119700,MAYLAND COMMUNITY COLLEGE               ,NC,28777-2777,Public       ,152,263,415,152,263,415
01179900,PAUL MITCHELL THE SCHOOL FAYETTEVILLE   ,NC,28303-5364,Proprietary  ,56,174,230,56,174,230
01192600,LEON'S BEAUTY SCHOOL                    ,NC,27403-2812,Proprietary  ,50,139,189,50,139,189
02056500,MITCHELL'S HAIR STYLING ACADEMY         ,NC,27893-0000,Proprietary  ,10,23,33,10,23,33
02056501,MITCHELL'S HAIR STYLING ACADEMY - MITCHE,NC,27606-3326,Proprietary  ,13,36,49,13,36,49
02110500,ART INSTITUTE OF CHARLOTTE (THE)        ,NC,28217-0000,Proprietary  ,1199,955,2154,1199,955,2154
02170700,BRUNSWICK COMMUNITY COLLEGE             ,NC,28422-0000,Public       ,260,446,706,260,446,706
02205000,COLLEGE OF WILMINGTON                   ,NC,28403-0000,Proprietary  ,134,100,234,134,100,234
02210400,FAYETTEVILLE BEAUTY COLLEGE             ,NC,28303-0000,Proprietary  ,39,105,144,39,105,144
02227800,MITCHELL'S HAIR STYLING ACADEMY         ,NC,27534-0000,Proprietary  ,1,9,10,1,9,10
02227900,MITCHELL'S HAIR STYLING ACADEMY         ,NC,27858-0000,Proprietary  ,5,18,23,5,18,23
02238700,HAIRSTYLING INSTITUTE OF CHARLOTTE      ,NC,28204-0000,Proprietary  ,24,109,133,24,109,133
02280900,MID-ATLANTIC CHRISTIAN UNIVERSITY       ,NC,27909-0000,Private      ,65,44,109,65,44,109
02326203,KAPLAN CAREER INSTITUTE - KAPLAN COLLEGE,NC,28212-6830,Proprietary  ,110,624,734,110,624,734
02560600,PINNACLE INSTITUTE OF COSMETOLOGY       ,NC,28115-8020,Proprietary  ,12,26,38,12,26,38
02614201,MILLER-MOTTE BUSINESS COLLEGE           ,NC,28403-0000,Proprietary  ,56,490,546,56,490,546
02614205,MILLER - MOTTE TECHNICAL COLLEGE - MILLE,NC,27834-5052,Proprietary  ,74,423,497,74,423,497
03009500,WINSTON-SALEM BARBER SCHOOL             ,NC,27107-0000,Proprietary  ,34,49,83,34,49,83
03064400,REGENCY BEAUTY INSTITUTE                ,NC,27127-0000,Proprietary  ,31,81,112,31,81,112
03089300,HERITAGE BIBLE COLLEGE                  ,NC,28335-0000,Private      ,9,37,46,9,37,46
03104200,CAROLINAS COLLEGE OF HEALTH SCIENCE     ,NC,28232-2861,Public       ,187,510,697,187,510,697
03109000,LIVING ARTS COLLEGE                     ,NC,27614-7076,Proprietary  ,197,159,356,197,159,356
03361300,MEDICAL ARTS MASSAGE SCHOOL             ,NC,27616-6453,Proprietary  ,12,70,82,12,70,82
03513400,APEX SCHOOL OF THEOLOGY                 ,NC,27703-8024,Private      ,12,247,259,12,247,259
03555300,SOUTHEASTERN INSTITUTE                  ,NC,28217-0000,Proprietary  ,20,144,164,20,144,164
03555400,SOUTHEASTERN SCHOOL OF NEUROMUSCULAR  MA,NC,29406-0000,Proprietary  ,10,44,54,10,44,54
03570300,CAROLINA CHRISTIAN COLLEGE              ,NC,27105-3241,Private      ,14,52,66,14,52,66
03663300,HOOD THEOLOGICAL SEMINARY               ,NC,28144-5768,Private      ,0,65,65,0,65,65
03748500,LA SHE'S BEAUTY ACADEMY                 ,NC,27707-3569,Proprietary  ,13,17,30,13,17,30
03777300,CAROLINA ACAD OF COSMETIC ART & SCI     ,NC,28054-0460,Proprietary  ,22,63,85,22,63,85
03827300,NEW LIFE THEOLOGICAL SEMINARY           ,NC,28205-1648,Private      ,1,67,68,1,67,68
04098300,TECHSKILLS - CHARLOTTE                  ,NC,28217-0000,Proprietary  ,17,83,100,17,83,100
04101300,CAROLINA SCHOOL OF BROADCASTING         ,NC,28214-8085,Proprietary  ,40,101,141,40,101,141
04115700,REGINA'S COLLEGE OF BEAUTY              ,NC,28110-2831,Proprietary  ,6,33,39,6,33,39
04120300,"FILA ACADEMY, THE                       ",NC,27265-3114,Proprietary  ,6,26,32,6,26,32
04129400,CENTER FOR MASSAGE & NATURAL HEALTH     ,NC,28787-8331,Proprietary  ,10,41,51,10,41,51
04140700,AVEDA INSTITUTE CHAPEL HILL             ,NC,27516-2559,Proprietary  ,50,88,138,50,88,138
04143500,CHARLOTTE SCHOOL OF LAW                 ,NC,28208-2816,Proprietary  ,28,1186,1214,28,1186,1214
04146400,DAOIST TRADITIONS COLLEGE OF CHINESE MED,NC,28801-1060,Proprietary  ,1,18,19,1,18,19
04149300,PARK WEST BARBER SCHOOL                 ,NC,27701-4022,Proprietary  ,8,67,75,8,67,75
04154200,CAROLINA BIBLE COLLEGE                  ,NC,29303-5157,Private      ,10,88,98,10,88,98
04172800,BODY THERAPY INSTITUTE                  ,NC,27344-6728,Proprietary  ,11,40,51,11,40,51
04173700,GRACE COLLEGE OF DIVINITY               ,NC,28314-2343,Private      ,3,22,25,3,22,25
04178100,CAROLINA COLLEGE OF HAIR DESIGN         ,NC,28802-1232,Proprietary  ,13,39,52,13,39,52
00298800,BISMARCK STATE COLLEGE                  ,ND,58501-1299,Public       ,1325,780,2105,1325,780,2105
00298900,DICKINSON STATE UNIVERSITY              ,ND,58601-4896,Public       ,794,345,1139,794,345,1139
00299000,JAMESTOWN COLLEGE                       ,ND,58405-3401,Private      ,562,63,625,562,63,625
00299100,LAKE REGION STATE COLLEGE               ,ND,58301-1598,Public       ,237,163,400,237,163,400
00299200,UNIVERSITY OF MARY                      ,ND,58504-9652,Private      ,1174,665,1839,1174,665,1839
00299300,MAYVILLE STATE UNIVERSITY               ,ND,58257-1299,Public       ,336,139,475,336,139,475
00299400,MINOT STATE UNIVERSITY                  ,ND,58707-0002,Public       ,1145,706,1851,1145,706,1851
00299500,DAKOTA COLLEGE AT BOTTINEAU             ,ND,58318-1159,Public       ,174,149,323,174,149,323
00299600,NORTH DAKOTA STATE CLG OF SCIENCE       ,ND,58076-0002,Public       ,822,273,1095,822,273,1095
00299700,NORTH DAKOTA STATE UNIVERSITY           ,ND,58108-6050,Public       ,6248,1344,7592,6248,1344,7592
00300500,UNIVERSITY OF NORTH DAKOTA              ,ND,58202-8193,Public       ,5506,2571,8077,5506,2571,8077
00300700,WILLISTON STATE COLLEGE                 ,ND,58802-1326,Public       ,172,158,330,172,158,330
00300800,VALLEY CITY STATE UNIVERSITY            ,ND,58072-0000,Public       ,486,165,651,486,165,651
00775600,JOSEF'S SCHOOL OF HAIR DESIGN INC       ,ND,58102-4977,Proprietary  ,19,30,49,19,30,49
00869408,RASMUSSEN COLLEGE - FARGO               ,ND,58103-7196,Proprietary  ,69,402,471,69,402,471
00869415,RASMUSSEN COLLEGE - BISMARCK            ,ND,58503-0000,Proprietary  ,37,230,267,37,230,267
00935400,MEDCENTER ONE COLLEGE OF NURSING        ,ND,58501-4494,Private      ,45,46,91,45,46,91
01040600,JOSEF'S SCHOOL OF HAIR DESIGN           ,ND,58201-6394,Proprietary  ,17,24,41,17,24,41
01205900,TRINITY BIBLE COLLEGE                   ,ND,58436-7150,Private      ,88,46,134,88,46,134
01229500,JZ TREND ACADEMY PAUL MITCHELL PARTNER S,ND,58501-0000,Proprietary  ,39,26,65,39,26,65
02188200,SITTING BULL COLLEGE                    ,ND,58538-9701,Public       ,27,77,104,27,77,104
02236500,LITTLE HOOP COMMUNITY COLLEGE           ,ND,58335-0000,Public       ,8,34,42,8,34,42
02242900,UNITED TRIBES TECHNICAL COLLEGE         ,ND,58504-0000,Private      ,92,256,348,92,256,348
02298200,HEADQUARTERS ACADEMY OF HAIR DESIGN     ,ND,58701-0000,Proprietary  ,9,15,24,9,15,24
02301100,TURTLE MTN CMNTY COLG-FIN AID OFC       ,ND,58316-0000,Private      ,99,174,273,99,174,273
02553700,FORT BERTHOLD COMMUNITY COLLEGE         ,ND,58763-0000,Public       ,14,52,66,14,52,66
03087200,MOLER BARBER CLG OF HAIRSTYLING         ,ND,58103-0000,Proprietary  ,1,2,3,1,2,3
04031300,SALON PROFESSIONAL ACADEMY (THE)        ,ND,58103-3337,Proprietary  ,33,32,65,33,32,65
04139400,HAIR ACADEMY (THE)                      ,ND,58501-4929,Proprietary  ,32,22,54,32,22,54
00301005,ANTIOCH UNIV/SEATTLE                    ,WA,98121-0000,Private      ,52,667,719,52,667,719
00376900,BELLEVUE COLLEGE                        ,WA,98007-6484,Public       ,2962,3983,6945,2962,3983,6945
00377000,BIG BEND COMMUNITY COLLEGE              ,WA,98837-3299,Public       ,662,953,1615,662,953,1615
00377100,"CENTRAL WASHINGTON UNIV., FIN AID       ",WA,98926-7495,Public       ,8280,3544,11824,8280,3544,11824
00377200,CENTRALIA COLLEGE                       ,WA,98531-4099,Public       ,794,1095,1889,794,1095,1889
00377300,CLARK COLLEGE                           ,WA,98663-3598,Public       ,2862,5623,8485,2862,5623,8485
00377400,COLUMBIA BASIN COLLEGE                  ,WA,99301-3379,Public       ,2015,2416,4431,2015,2416,4431
00377500,EASTERN WASHINGTON UNIVERSITY           ,WA,99004-2447,Public       ,9071,5081,14152,9071,5081,14152
00377600,EVERETT COMMUNITY COLLEGE               ,WA,98201-1352,Public       ,1576,3184,4760,1576,3184,4760
00377700,HERITAGE UNIVERSITY                     ,WA,98948-9562,Private      ,397,900,1297,397,900,1297
00377800,GONZAGA UNIVERSITY                      ,WA,99258-0083,Private      ,7554,2695,10249,7554,2695,10249
00377900,GRAYS HARBOR COLLEGE                    ,WA,98520-7599,Public       ,452,956,1408,452,956,1408
00378000,GREEN RIVER COMMUNITY COLLEGE           ,WA,98092-3622,Public       ,1616,2667,4283,1616,2667,4283
00378100,HIGHLINE COMMUNITY COLLEGE              ,WA,98198-9800,Public       ,1721,2853,4574,1721,2853,4574
00378200,LOWER COLUMBIA COLLEGE                  ,WA,98632-0310,Public       ,610,1523,2133,610,1523,2133
00378300,NORTHWEST UNIVERSITY                    ,WA,98083-0000,Private      ,991,484,1475,991,484,1475
00378400,OLYMPIC COLLEGE                         ,WA,98337-1600,Public       ,1260,3198,4458,1260,3198,4458
00378500,PACIFIC LUTHERAN UNIVERSITY             ,WA,98447-0003,Private      ,4018,1288,5306,4018,1288,5306
00378600,PENINSULA COLLEGE                       ,WA,98362-6660,Public       ,322,871,1193,322,871,1193
00378700,SEATTLE CENTRAL COMMUNITY COLLEGE       ,WA,98122-2413,Public       ,1836,3726,5562,1836,3726,5562
00378703,SEATTLE VOCATIONAL INSTITUTE            ,WA,98144-0000,Public       ,45,198,243,45,198,243
00378800,SEATTLE PACIFIC UNIVERSITY              ,WA,98119-1997,Private      ,5800,1683,7483,5800,1683,7483
00379000,SEATTLE UNIVERSITY                      ,WA,98122-1090,Private      ,7778,5124,12902,7778,5124,12902
00379100,SHORELINE COMMUNITY COLLEGE             ,WA,98133-5696,Public       ,1274,2587,3861,1274,2587,3861
00379200,SKAGIT VALLEY COLLEGE                   ,WA,98273-5899,Public       ,1079,1982,3061,1079,1982,3061
00379300,SPOKANE COMMUNITY COLLEGE               ,WA,99207-5399,Public       ,2541,5427,7968,2541,5427,7968
00379400,ST MARTIN'S UNIVERSITY                  ,WA,98503-7500,Private      ,1061,761,1822,1061,761,1822
00379600,TACOMA COMMUNITY COLLEGE                ,WA,98466-6100,Public       ,2253,5180,7433,2253,5180,7433
00379700,UNIVERSITY OF PUGET SOUND               ,WA,98416-1039,Private      ,4865,949,5814,4865,949,5814
00379800,UNIVERSITY OF WASHINGTON                ,WA,98195-5880,Public       ,28921,22316,51237,28921,22316,51237
00379900,WALLA WALLA UNIVERSITY                  ,WA,99324-1198,Private      ,1012,426,1438,1012,426,1438
00380000,WASHINGTON STATE UNIVERSITY             ,WA,99164-1035,Public       ,19911,9311,29222,19911,9311,29222
00380100,WENATCHEE VALLEY COLLEGE                ,WA,98801-1799,Public       ,1107,1667,2774,1107,1667,2774
00380200,WESTERN WASHINGTON UNIVERSITY           ,WA,98225-5946,Public       ,14221,3629,17850,14221,3629,17850
00380300,WHITMAN COLLEGE                         ,WA,99362-2067,Private      ,2539,109,2648,2539,109,2648
00380400,WHITWORTH UNIVERSITY                    ,WA,99251-0001,Private      ,3819,789,4608,3819,789,4608
00380500,YAKIMA VALLEY COMMUNITY COLLEGE         ,WA,98907-2520,Public       ,2060,2785,4845,2060,2785,4845
00499900,BELLINGHAM TECHNICAL COLLEGE            ,WA,98225-0000,Public       ,491,1426,1917,491,1426,1917
00500000,PIERCE COLLEGE                          ,WA,98498-1919,Public       ,1943,4108,6051,1943,4108,6051
00500100,EDMONDS COMMUNITY COLLEGE               ,WA,98036-5999,Public       ,1398,2833,4231,1398,2833,4231
00500600,WALLA WALLA COMMUNITY COLLEGE           ,WA,99362-9267,Public       ,1220,1680,2900,1220,1680,2900
00530600,BATES TECHNICAL COLLEGE                 ,WA,98405-0000,Public       ,433,1463,1896,433,1463,1896
00537200,SOUTH PUGET SOUND COMMUNITY COLLEGE     ,WA,98512-6292,Public       ,1271,2813,4084,1271,2813,4084
00537300,LAKE WASHINGTON TECHNICAL COLLEGE       ,WA,98034-8505,Public       ,378,1453,1831,378,1453,1831
00575200,CLOVER PARK TECHNICAL COLLEGE           ,WA,98499-0000,Public       ,735,2908,3643,735,2908,3643
00815500,EVERGREEN STATE COLLEGE (THE)           ,WA,98505-0002,Public       ,3112,2984,6096,3112,2984,6096
00907901,EVEREST COLLEGE                         ,WA,98684-6950,Proprietary  ,60,195,255,60,195,255
00938700,PERRY TECHNICAL INSTITUTE               ,WA,98903-1239,Private      ,316,496,812,316,496,812
00954400,SPOKANE FALLS COMMUNITY COLLEGE         ,WA,99224-5204,Public       ,2842,3839,6681,2842,3839,6681
00970400,NORTH SEATTLE COMMUNITY COLLEGE         ,WA,98103-3599,Public       ,938,2532,3470,938,2532,3470
00970600,SOUTH SEATTLE COMMUNITY COLLEGE         ,WA,98106-1499,Public       ,1147,2131,3278,1147,2131,3278
00973900,GLEN DOW ACAD OF HAIR DESIGN            ,WA,99201-0209,Proprietary  ,53,82,135,53,82,135
01036400,WHATCOM COMMUNITY COLLEGE               ,WA,98226-8003,Public       ,1441,2067,3508,1441,2067,3508
01043400,RENTON TECHNICAL COLLEGE                ,WA,98056-0000,Public       ,431,1375,1806,431,1375,1806
01148100,DIVERS INSTITUTE OF TECHNOLOGY          ,WA,98107-0000,Proprietary  ,55,170,225,55,170,225
01231500,CORNISH COLLEGE OF THE ARTS             ,WA,98121-4604,Private      ,1402,339,1741,1402,339,1741
01249600,"BEAUTIWORKS SEATTLE, LLC                ",WA,98133-5615,Proprietary  ,9,29,38,9,29,38
01260100,NORTHWEST BAPTIST SEMINARY              ,WA,98402-6699,Private      ,3,13,16,3,13,16
01302200,CITY UNIVERSITY OF SEATTLE              ,WA,98005-3030,Private      ,126,1037,1163,126,1037,1163
01309400,BELLINGHAM BEAUTY SCHOOL                ,WA,98225-0000,Proprietary  ,11,40,51,11,40,51
02105300,BELLEVUE BEAUTY SCHOOL                  ,WA,98007-0000,Proprietary  ,27,51,78,27,51,78
02106700,TRINITY LUTHERAN COLLEGE                ,WA,98201-3569,Private      ,117,65,182,117,65,182
02180000,NORTHWEST INDIAN COLLEGE                ,WA,98226-9278,Public       ,59,273,332,59,273,332
02184200,PAROBA COLLEGE OF COSMETOLOGY           ,WA,98208-0000,Proprietary  ,23,38,61,23,38,61
02202200,STYLEMASTERS COLLEGE OF HAIR DESIGN     ,WA,98632-0000,Proprietary  ,7,18,25,7,18,25
02203300,GENE JUAREZ ACADEMY OF BEAUTY           ,WA,98125-0000,Proprietary  ,171,330,501,171,330,501
02222900,INTERNATIONAL AIR & HOSPITALITY ACADEMY ,WA,98661-4835,Proprietary  ,75,139,214,75,139,214
02236800,PROFESSIONAL BEAUTY SCHOOL              ,WA,98902-0000,Proprietary  ,20,33,53,20,33,53
02242500,BASTYR UNIVERSITY                       ,WA,98028-0000,Private      ,95,728,823,95,728,823
02242504,SEATTLE MIDWIFERY SCHOOL                ,WA,98144-0000,Private      ,2,2,4,2,2,4
02291300,ART INSTITUTE OF SEATTLE                ,WA,98121-1622,Proprietary  ,1623,1386,3009,1623,1386,3009
02300100,EVEREST COLLEGE                         ,WA,98367-1835,Proprietary  ,36,148,184,36,148,184
02300103,EVEREST COLLEGE - EVERETT               ,WA,98208-2610,Proprietary  ,80,265,345,80,265,345
02300104,EVEREST COLLEGE - TACOMA                ,WA,98402-3004,Proprietary  ,142,433,575,142,433,575
02326500,INTERFACE COLLEGE                       ,WA,99201-4326,Proprietary  ,12,84,96,12,84,96
02331400,NORTHWEST HAIR ACADEMY                  ,WA,98273-0000,Proprietary  ,17,35,52,17,35,52
02331402,NORTHWEST HAIR ACADEMY - EVERETT        ,WA,98204-0000,Proprietary  ,15,29,44,15,29,44
02504900,ACADEMY OF HAIR DESIGN (THE)            ,WA,98801-0000,Proprietary  ,18,43,61,18,43,61
02541900,BJ'S BEAUTY AND BARBER COLLEGE          ,WA,98409-0000,Proprietary  ,14,90,104,14,90,104
02602100,NORTHWEST COLLEGE OF ART                ,WA,98370-8625,Proprietary  ,126,56,182,126,56,182
02606200,EVEREST COLLEGE                         ,WA,98055-2990,Proprietary  ,63,218,281,63,218,281
02617500,EVEREST COLLEGE                         ,WA,98133-9018,Proprietary  ,95,186,281,95,186,281
02617501,EVEREST COLLEGE - FIFE                  ,WA,98424-2649,Proprietary  ,12,39,51,12,39,51
02617503,EVEREST COLLEGE - VANCOUVER             ,WA,98684-6951,Proprietary  ,29,107,136,29,107,136
03031406,INTERNATIONAL ACADEMY OF DESIGN & TECH  ,WA,98188-3319,Proprietary  ,58,158,216,58,158,216
03065000,CLARE'S BEAUTY COLLEGE                  ,WA,99301-0000,Proprietary  ,25,45,70,25,45,70
03071800,ITT TECHNICAL INSTITUTE                 ,WA,99216-1589,Proprietary  ,134,473,607,134,473,607
03071805,ITT TECHNICAL INSTITUTE - SEATTLE       ,WA,98168-3346,Proprietary  ,149,396,545,149,396,545
03099000,CORTIVA INSTITUTE - SEATTLE             ,WA,98109-5474,Proprietary  ,32,117,149,32,117,149
03110800,BAKKE GRADUATE UNIVERSITY               ,WA,98104-1222,Private      ,6,18,24,6,18,24
03139500,MONTESSORI SCHOOLS OF WASHINGTON        ,WA,98203-6600,Private      ,2,8,10,2,8,10
03280300,SEATTLE INST OF ORIENTAL MEDICINE       ,WA,98115-0000,Proprietary  ,9,40,49,9,40,49
03283300,NORTHWEST HVAC/R ASSOCIATION & TRAINING ,WA,99202-2125,Private      ,6,39,45,6,39,45
03466400,MARS HILL GRADUATE SCHOOL               ,WA,98121-0000,Private      ,2,108,110,2,108,110
03483500,CASCADIA COMMUNITY COLLEGE              ,WA,98011-9510,Public       ,639,741,1380,639,741,1380
03490400,EMIL FRIES PIANO HOSPITAL & TRAININ     ,WA,98661-4323,Private      ,3,7,10,3,7,10
03689400,FAITH EVANGELICAL COLLEGE & SEMINARY    ,WA,98407-2607,Private      ,6,130,136,6,130,136
03724300,DIGIPEN INSTITUTE OF TECHNOLOGY         ,WA,98052-5170,Proprietary  ,552,260,812,552,260,812
03917300,EVERGREEN BEAUTY AND BARBER COLLEGE     ,WA,98208-3759,Proprietary  ,27,87,114,27,87,114
03932500,TOTAL COSMETOLOGY TRAINING CENTER       ,WA,99217-6231,Proprietary  ,24,81,105,24,81,105
03953300,YAKIMA BEAUTY SCHOOL                    ,WA,98901-2202,Proprietary  ,19,36,55,19,36,55
04043400,ALPINE COLLEGE                          ,WA,99206-5097,Proprietary  ,40,182,222,40,182,222
04120000,SUNNYSIDE BEAUTY ACADEMY                ,WA,98944-8711,Proprietary  ,5,18,23,5,18,23
04127200,VICTORIA'S ACADEMY OF COSMETOLOGY       ,WA,99336-3826,Proprietary  ,28,62,90,28,62,90
04130500,PACIFIC NORTHWEST UNIV OF HEALTH SCIENCE,WA,98901-1471,Private      ,22,274,296,22,274,296
04130800,CASCADE BEAUTY COLLEGE                  ,WA,98002-5504,Proprietary  ,12,26,38,12,26,38
04132800,INLAND MASSAGE INSTITUTE                ,WA,99218-5016,Proprietary  ,22,45,67,22,45,67
04135200,NORTHWEST AVIATION COLLEGE              ,WA,98002-1609,Proprietary  ,12,42,54,12,42,54
04149400,GARY MANUEL AVEDA INSTITUTE             ,WA,98122-3807,Proprietary  ,55,120,175,55,120,175
04149600,GP INSTITUTE OF COSMETOLOGY             ,WA,98118-2353,Proprietary  ,6,31,37,6,31,37
04155000,NORTHWEST SCHOOL OF WOODEN BOAT BUILDING,WA,98339-8706,Private      ,10,34,44,10,34,44
04161200,BAINBRIDGE GRADUATE INSTITUTE           ,WA,98110-2870,Private      ,1,49,50,1,49,50
04170100,SALON PROFESSIONAL ACADEMY (THE)        ,WA,98409-7360,Proprietary  ,36,96,132,36,96,132
04172900,ACADEMY OF COSMETOLOGY                  ,WA,99354-2651,Proprietary  ,18,43,61,18,43,61
00340100,BROWN UNIVERSITY                        ,RI,02912-9127,Private      ,19091,874,19965,19091,874,19965
00340101,BROWN UNIVERSITY - GRADUATE SCHOOL      ,RI,02912-1827,Private      ,37,1217,1254,37,1217,1254
00340102,BROWN MEDICAL SCHOOL                    ,RI,02912-0000,Private      ,34,438,472,34,438,472
00340200,BRYANT UNIVERSITY                       ,RI,02917-1284,Private      ,4450,386,4836,4450,386,4836
00340400,JOHNSON & WALES UNIVERSITY              ,RI,02903-3703,Private      ,16483,3466,19949,16483,3466,19949
00340600,PROVIDENCE COLLEGE                      ,RI,02918-0001,Private      ,7678,516,8194,7678,516,8194
00340700,RHODE ISLAND COLLEGE                    ,RI,02908-1991,Public       ,6596,3062,9658,6596,3062,9658
00340800,COMMUNITY COLLEGE OF RI - WARWICK       ,RI,02906-0000,Public       ,4154,4909,9063,4154,4909,9063
00340801,COMMUNITY COLLEGE OF RI - LINCOLN       ,RI,02865-4585,Public       ,1752,1763,3515,1752,1763,3515
00340802,COMMUNITY COLLEGE OF RI- PROVIDENCE     ,RI,02905-2313,Public       ,1298,1662,2960,1298,1662,2960
00340900,RHODE ISLAND SCHOOL OF DESIGN           ,RI,02903-2784,Private      ,2350,1285,3635,2350,1285,3635
00341000,ROGER WILLIAMS UNIVERSITY               ,RI,02809-2921,Private      ,7923,1396,9319,7923,1396,9319
00341100,SALVE REGINA UNIVERSITY                 ,RI,02840-4192,Private      ,4011,329,4340,4011,329,4340
00341400,UNIVERSITY OF RHODE ISLAND              ,RI,02881-0000,Public       ,19913,3151,23064,19913,3151,23064
00659100,ST. JOSEPH HOSP SCH OF NURSING          ,RI,02904-5199,Private      ,53,131,184,53,131,184
00784500,NEW ENGLAND INSTITUTE OF TECHNOLOGY     ,RI,02886-2266,Private      ,1668,1524,3192,1668,1524,3192
01115900,"SAWYER SCHOOL,THE                       ",RI,02860-4117,Proprietary  ,86,437,523,86,437,523
01164702,SBI CAMPUS - AN AFFILIATE OF SANFORD-BRO,RI,02920-7807,Proprietary  ,125,431,556,125,431,556
02071900,ARTHUR ANGELO SCH COSMET&HAIR DSGN      ,RI,02903-0000,Proprietary  ,32,81,113,32,81,113
02176900,WARWICK ACADEMY OF BEAUTY CULTURE       ,RI,02886-1534,Proprietary  ,24,55,79,24,55,79
02584400,NEW ENGLAND TRACTOR TRAILER TRAINING SCH,RI,02860-1752,Proprietary  ,9,42,51,9,42,51
03080000,NEWPORT SCHOOL OF HAIRDRESSING          ,RI,02860-4038,Proprietary  ,6,29,35,6,29,35
03232300,LINCOLN TECHNICAL INSTITUTE             ,RI,02865-4211,Proprietary  ,198,377,575,198,377,575
03732300,INTERNATIONAL YACHT RESTORATION SCH     ,RI,02840-6720,Private      ,16,16,32,16,16,32
04141200,TONI & GUY HAIRDRESSING ACADEMY         ,RI,02920-0000,Proprietary  ,35,37,72,35,37,72
00341700,ALLEN UNIVERSITY                        ,SC,29204-1085,Private      ,459,236,695,459,236,695
00341800,ANDERSON UNIVERSITY                     ,SC,29621-4035,Private      ,1544,459,2003,1544,459,2003
00341900,CHARLESTON SOUTHERN UNIVERSITY          ,SC,29406-2160,Private      ,2534,891,3425,2534,891,3425
00342000,BENEDICT COLLEGE                        ,SC,29204-1086,Private      ,2449,814,3263,2449,814,3263
00342100,BOB JONES UNIVERSITY                    ,SC,29614-1000,Proprietary  ,1371,176,1547,1371,176,1547
00342200,SOUTHERN WESLEYAN UNIVERSITY            ,SC,29630-1020,Private      ,551,632,1183,551,632,1183
00342300,THE CITADEL                             ,SC,29409-0002,Public       ,1813,448,2261,1813,448,2261
00342400,CLAFLIN UNIVERSITY                      ,SC,29115-4498,Private      ,1452,442,1894,1452,442,1894
00342500,CLEMSON UNIVERSITY                      ,SC,29634-0001,Public       ,13517,1957,15474,13517,1957,15474
00342600,UNIV OF SC AT SUMTER                    ,SC,29150-2498,Public       ,320,239,559,320,239,559
00342700,COKER COLLEGE                           ,SC,29550-3797,Private      ,654,330,984,654,330,984
00342800,COLLEGE OF CHARLESTON                   ,SC,29424-0100,Public       ,8107,1478,9585,8107,1478,9585
00342900,COLUMBIA INTERNATIONAL UNIVERSITY       ,SC,29203-1599,Private      ,357,316,673,357,316,673
00343000,COLUMBIA COLLEGE                        ,SC,29203-5998,Private      ,747,531,1278,747,531,1278
00343100,CONVERSE COLLEGE                        ,SC,29302-0006,Private      ,620,291,911,620,291,911
00343200,ERSKINE COLLEGE                         ,SC,29639-0000,Private      ,422,26,448,422,26,448
00343201,ERSKINE THEOLOGICAL SEMINARY            ,SC,29639-0000,Private      ,1,29,30,1,29,30
00343400,FURMAN UNIVERSITY                       ,SC,29613-5253,Private      ,2820,212,3032,2820,212,3032
00343500,LANDER UNIVERSITY                       ,SC,29649-2099,Public       ,2961,556,3517,2961,556,3517
00343600,LIMESTONE COLLEGE                       ,SC,29340-3799,Private      ,804,1095,1899,804,1095,1899
00343700,LUTHERAN THEOLOGICAL SOUTHERN SEM       ,SC,29203-5898,Private      ,3,40,43,3,40,43
00343800,MEDICAL UNIV OF SOUTH CAROLINA - FA     ,SC,29425-1760,Public       ,154,1888,2042,154,1888,2042
00343900,MORRIS COLLEGE                          ,SC,29150-3599,Private      ,686,245,931,686,245,931
00344000,NEWBERRY COLLEGE                        ,SC,29108-2197,Private      ,1191,176,1367,1191,176,1367
00344100,NORTH GREENVILLE COLLEGE                ,SC,29688-1892,Private      ,1292,165,1457,1292,165,1457
00344500,PRESBYTERIAN COLLEGE                    ,SC,29325-2503,Private      ,1158,173,1331,1158,173,1331
00344600,SOUTH CAROLINA STATE UNIVERSITY         ,SC,29117-4427,Public       ,3723,1245,4968,3723,1245,4968
00344700,SPARTANBURG METHODIST COLLEGE           ,SC,29301-5899,Private      ,654,107,761,654,107,761
00344800,UNIVERSITY OF SOUTH CAROLINA            ,SC,29208-3999,Public       ,17090,5932,23022,17090,5932,23022
00344900,UNIVERSITY OF SOUTH CAROLINA AIKEN      ,SC,29801-6399,Public       ,2078,671,2749,2078,671,2749
00345000,UNIV OF SC AT BEAUFORT                  ,SC,29902-4602,Public       ,865,488,1353,865,488,1353
00345100,COASTAL CAROLINA UNIVERSITY             ,SC,29528-0000,Public       ,9068,1499,10567,9068,1499,10567
00345300,UNIV OF SC AT LANCASTER                 ,SC,29721-0889,Public       ,437,268,705,437,268,705
00345400,UNIV OF SC SYSTEM SALKEHATCHIE          ,SC,29810-0617,Public       ,226,259,485,226,259,485
00345500,VOORHEES COLLEGE                        ,SC,29042-0000,Private      ,465,160,625,465,160,625
00345600,WINTHROP UNIVERSITY                     ,SC,29733-0001,Public       ,3980,1021,5001,3980,1021,5001
00345700,WOFFORD COLLEGE                         ,SC,29303-3663,Private      ,2104,116,2220,2104,116,2220
00399000,FLORENCE-DARLINGTON TECH COLLEGE        ,SC,29501-0548,Public       ,941,1963,2904,941,1963,2904
00399100,GREENVILLE TECHNICAL COLLEGE            ,SC,29607-2439,Public       ,2491,4182,6673,2491,4182,6673
00399200,PIEDMONT TECHNICAL COLLEGE              ,SC,29648-1467,Public       ,604,1373,1977,604,1373,1977
00399300,MIDLANDS TECHNICAL COLLEGE              ,SC,29202-0000,Public       ,2196,4348,6544,2196,4348,6544
00399400,SPARTANBURG COMMUNITY COLLEGE           ,SC,29305-4386,Public       ,1136,1841,2977,1136,1841,2977
00399500,CENTRAL CAROLINA TECHNICAL COLLEGE      ,SC,29150-2499,Public       ,447,1234,1681,447,1234,1681
00399600,YORK TECHNICAL COLLEGE                  ,SC,29730-3395,Public       ,873,1939,2812,873,1939,2812
00492000,TRIDENT TECHNICAL COLLEGE               ,SC,29423-8067,Public       ,1928,4457,6385,1928,4457,6385
00492300,CLINTON JR COLLEGE                      ,SC,29730-5152,Private      ,55,34,89,55,34,89
00492400,FORREST JUNIOR COLLEGE                  ,SC,29624-2405,Proprietary  ,12,72,84,12,72,84
00492500,HORRY-GEORGETOWN TECH COLLEGE           ,SC,29526-9521,Public       ,1454,3155,4609,1454,3155,4609
00492600,TRI-COUNTY TECHNICAL COLLEGE            ,SC,29670-9133,Public       ,1823,1952,3775,1823,1952,3775
00492700,UNIV OF SC AT UNION                     ,SC,29379-0729,Public       ,133,116,249,133,116,249
00499204,MILLER-MOTTE TECHNICAL COLLEGE - CONWAY ,SC,29526-9508,Proprietary  ,48,252,300,48,252,300
00536300,DENMARK TECHNICAL COLLEGE               ,SC,29042-0000,Public       ,154,217,371,154,217,371
00681500,ORANGEBURG-CALHOUN TECHNICAL COLG       ,SC,29118-8299,Public       ,460,827,1287,460,827,1287
00695100,UNIVERSITY OF SOUTH CAROLINA UPSTATE    ,SC,29303-9972,Public       ,3657,1381,5038,3657,1381,5038
00760200,NORTHEASTERN TECHNICAL COLLEGE          ,SC,29520-7015,Public       ,198,409,607,198,409,607
00922600,FRANCIS MARION UNIVERSITY               ,SC,29501-0000,Public       ,2711,870,3581,2711,870,3581
00932200,WILLIAMSBURG TECHNICAL COLLEGE          ,SC,29556-4197,Public       ,89,273,362,89,273,362
00991000,TECHNICAL COLLEGE OF THE LOWCOUNTRY     ,SC,29902-5441,Public       ,294,936,1230,294,936,1230
00991100,UNIV OF SC-REGIONAL CAMPUSES ADMIN      ,SC,29208-0001,Public       ,50,36,86,50,36,86
01005600,AIKEN TECHNICAL COLLEGE                 ,SC,29802-0696,Public       ,632,1160,1792,632,1160,1792
01209200,KENNETH SHULER SCHOOL OF COSMETOLOGY    ,SC,29732-2169,Proprietary  ,27,76,103,27,76,103
01303907,SOUTH UNIVERSITY                        ,SC,29203-6400,Proprietary  ,177,868,1045,177,868,1045
02063700,SHERMAN CLG STRAIGHT CHIROPRACTIC       ,SC,29316-0000,Private      ,8,74,82,8,74,82
02338600,CHARZANNE BEAUTY COLLEGE                ,SC,29649-0000,Proprietary  ,4,8,12,4,8,12
02341100,KENNETH SHULER SCHOOL OF COSMETOLOGY & N,SC,29210-0000,Proprietary  ,45,164,209,45,164,209
02356600,CHARLESTON COSMETOLOGY INSTITUTE        ,SC,29420-0000,Proprietary  ,11,31,42,11,31,42
02552400,ACADEMY OF HAIR TECHNOLOGY              ,SC,29615-2363,Proprietary  ,12,32,44,12,32,44
02567600,SUMTER BEAUTY COLLEGE                   ,SC,29150-0000,Proprietary  ,9,30,39,9,30,39
02614202,MILLER - MOTTE TECHNICAL COLLEGE - NORTH,SC,29406-9239,Proprietary  ,53,280,333,53,280,333
03010614,VIRGINIA COLLEGE - GOLF ACADEMY OF AMERI,SC,29579-0000,Proprietary  ,75,123,198,75,123,198
03010617,VIRGINIA COLLEGE - GREENVILLE           ,SC,29607-7200,Proprietary  ,78,346,424,78,346,424
03010620,VIRGINIA COLLEGE - CHARLESTON           ,SC,29406-4999,Proprietary  ,48,299,347,48,299,347
03010621,VIRGINIA COLLEGE - COLUMBIA             ,SC,29223-7527,Proprietary  ,76,332,408,76,332,408
03052300,KENNETH SHULER SCH COSM & HAIR DESG     ,SC,29841-2013,Proprietary  ,22,68,90,22,68,90
03088300,ACADEMY OF COSMETOLOGY                  ,SC,29418-5667,Proprietary  ,22,56,78,22,56,78
03293300,STRAND COLLEGE OF HAIR DESIGN           ,SC,29572-4310,Proprietary  ,9,36,45,9,36,45
03304300,CENTURA COLLEGE                         ,SC,29406-9235,Proprietary  ,29,239,268,29,239,268
03513300,LACY COSMETOLOGY SCHOOL                 ,SC,29803-9084,Proprietary  ,4,17,21,4,17,21
03513301,LACY COSMETOLOGY SCHOOL -               ,SC,29072-0000,Proprietary  ,3,13,16,3,13,16
03513302,LACY COSMETOLOGY SCHOOL -               ,SC,29445-0000,Proprietary  ,2,15,17,2,15,17
03595300,CHARLESTON SCHOOL OF MASSAGE            ,SC,29412-8270,Proprietary  ,12,25,37,12,25,37
03709301,EDWARD VIA VIRGINIA COLLEGE OF OSTEOPATH,SC,29303-3639,Private      ,17,157,174,17,157,174
03746300,LEGRAND INSTITUTE OF COSMETOLOGY        ,SC,29020-0000,Proprietary  ,6,14,20,6,14,20
03746400,SOUTHEASTERN INSTITUTE                  ,SC,29210-0000,Proprietary  ,21,76,97,21,76,97
03768400,STYLETRENDS BARBER AND HAIRSTYLING ACADE,SC,29730-4511,Proprietary  ,2,24,26,2,24,26
03856400,W. L. BONNER COLLEGE                    ,SC,29203-0000,Private      ,3,31,34,3,31,34
03892300,HARLEY'S BEAUTY & BARBER CAREER INST.   ,SC,29204-1919,Proprietary  ,7,36,43,7,36,43
04083300,MARION COUNTY TECHNICAL EDUCATION CENTER,SC,29571-0000,Public       ,10,46,56,10,46,56
04096300,CHARLESTON SCHOOL OF LAW                ,SC,29402-0535,Proprietary  ,14,640,654,14,640,654
04158100,AIKEN SCHOOL OF COSMETOLOGY             ,SC,29801-4026,Proprietary  ,5,19,24,5,19,24
04166900,COSMETIC ARTS INSTITUTE                 ,SC,29488-2753,Proprietary  ,2,11,13,2,11,13
04172600,SALON 496 BARBER ACADEMY                ,SC,29607-2548,Proprietary  ,4,17,21,4,17,21
00345800,AUGUSTANA COLLEGE                       ,SD,57197-0001,Private      ,1348,106,1454,1348,106,1454
00345900,BLACK HILLS STATE UNIVERSITY            ,SD,57799-9670,Public       ,1543,854,2397,1543,854,2397
00346100,DAKOTA WESLEYAN UNIVERSITY              ,SD,57301-4398,Private      ,459,156,615,459,156,615
00346300,DAKOTA STATE UNIVERSITY                 ,SD,57042-1799,Public       ,769,365,1134,769,365,1134
00346500,MOUNT MARTY COLLEGE                     ,SD,57078-3724,Private      ,346,179,525,346,179,525
00346600,NORTHERN STATE UNIVERSITY               ,SD,57401-7198,Public       ,1279,408,1687,1279,408,1687
00346700,PRESENTATION COLLEGE                    ,SD,57401-1299,Private      ,304,211,515,304,211,515
00346900,UNIVERSITY OF SIOUX FALLS               ,SD,57105-1699,Private      ,940,236,1176,940,236,1176
00347000,SOUTH DAKOTA SCH OF MINES & TECH        ,SD,57701-3995,Public       ,1036,272,1308,1036,272,1308
00347100,SOUTH DAKOTA STATE UNIVERSITY           ,SD,57007-2298,Public       ,5269,1278,6547,5269,1278,6547
00347400,UNIVERSITY OF SOUTH DAKOTA              ,SD,57069-2390,Public       ,3113,2121,5234,3113,2121,5234
00405600,SIOUX FALLS SEMINARY                    ,SD,57105-2729,Private      ,0,25,25,0,25,25
00405700,NATIONAL AMERICAN UNIVERSITY            ,SD,57701-3692,Proprietary  ,147,2603,2750,147,2603,2750
00405707,NATIONAL AMERICAN UNIVERSITY            ,SD,57105-0000,Proprietary  ,28,329,357,28,329,357
00492900,MCKENNAN HOSP-RADOLOGICAL TECH          ,SD,57101-0000,Private      ,17,22,39,17,22,39
00530900,LAKE AREA TECHNICAL INSTITUTE           ,SD,57201-2869,Public       ,480,262,742,480,262,742
00598700,AVERA SACRED HEART HOSPITAL SCHOOL OF RA,SD,57078-3899,Private      ,2,5,7,2,5,7
00776400,SOUTHEAST TECHNICAL INST                ,SD,57107-0000,Public       ,565,501,1066,565,501,1066
00828400,MITCHELL TECHNICAL INSTITUTE            ,SD,57301-2002,Public       ,346,145,491,346,145,491
01013800,STEWART SCHOOL                          ,SD,57104-0000,Proprietary  ,47,49,96,47,49,96
01014804,COLORADO TECHNICAL UNIVERSITY           ,SD,57108-2272,Proprietary  ,141,756,897,141,756,897
01017000,WESTERN DAKOTA TECHNICAL INSTITUTE      ,SD,57701-4018,Public       ,190,328,518,190,328,518
01147701,SIOUX VALLEY HOSP-MEDICAL TECH          ,SD,57117-5039,Private      ,14,17,31,14,17,31
01465900,OGLALA LAKOTA COLLEGE                   ,SD,57752-0490,Public       ,48,258,306,48,258,306
02137100,BLACK HILLS BEAUTY COLLEGE              ,SD,57701-0000,Proprietary  ,30,36,66,30,36,66
02143700,SINTE GLESKA UNIVERSITY                 ,SD,57570-0000,Public       ,24,154,178,24,154,178
02144600,KILIAN COMMUNITY COLLEGE                ,SD,57103-7020,Private      ,34,139,173,34,139,173
02277300,SISSETON WAHPETON COLLEGE               ,SD,57262-0000,Public       ,6,37,43,6,37,43
02297800,HEADLINES ACADEMY                       ,SD,57701-0000,Proprietary  ,16,37,53,16,37,53
00347700,AQUINAS COLLEGE                         ,TN,37205-2086,Private      ,167,473,640,167,473,640
00347701,AQUINAS COLLEGE -  PRIMETIME PROGRAM    ,TN,37214-3644,Private      ,3,31,34,3,31,34
00347800,AUSTIN PEAY STATE UNIVERSITY            ,TN,37044-0002,Public       ,5338,3943,9281,5338,3943,9281
00347900,BELMONT UNIVERSITY                      ,TN,37212-3757,Private      ,5615,2090,7705,5615,2090,7705
00348000,BETHEL UNIVERSITY                       ,TN,38201-1705,Private      ,1405,2372,3777,1405,2372,3777
00348100,CARSON-NEWMAN COLLEGE                   ,TN,37760-2204,Private      ,2532,454,2986,2532,454,2986
00348200,CHRISTIAN BROTHERS UNIVERSITY           ,TN,38104-5581,Private      ,1862,904,2766,1862,904,2766
00348300,COLUMBIA STATE COMMUNITY COLLEGE        ,TN,38401-5653,Public       ,1720,1583,3303,1720,1583,3303
00348500,CUMBERLAND UNIVERSITY                   ,TN,37087-3554,Private      ,1099,558,1657,1099,558,1657
00348600,LIPSCOMB UNIVERSITY                     ,TN,37204-3951,Private      ,2605,993,3598,2605,993,3598
00348700,EAST TENNESSEE STATE UNIV - MAIN CAMPUS ,TN,37614-2857,Public       ,8415,4613,13028,8415,4613,13028
00348701,EAST TENNESSEE STATE UNIV - MEDICINE    ,TN,37614-1708,Public       ,256,371,627,256,371,627
00348709,EAST TENNESSEE STATE UNIV - PHARMACY    ,TN,37614-1704,Public       ,104,240,344,104,240,344
00349000,FISK UNIVERSITY                         ,TN,37208-3045,Private      ,1127,357,1484,1127,357,1484
00349200,FREED-HARDEMAN UNIVERSITY               ,TN,38340-2399,Private      ,1279,357,1636,1279,357,1636
00349400,HIWASSEE COLLEGE                        ,TN,37354-4001,Private      ,194,70,264,194,70,264
00349500,JOHNSON BIBLE COLLEGE                   ,TN,37998-9775,Private      ,488,219,707,488,219,707
00349600,KING COLLEGE                            ,TN,37620-2699,Private      ,991,751,1742,991,751,1742
00349800,LAMBUTH UNIVERSITY                      ,TN,38301-5296,Private      ,496,176,672,496,176,672
00349900,LANE COLLEGE                            ,TN,38301-4598,Private      ,2518,940,3458,2518,940,3458
00350000,LEE UNIVERSITY                          ,TN,37320-0000,Private      ,2638,739,3377,2638,739,3377
00350100,LEMOYNE-OWEN COLLEGE                    ,TN,38126-6510,Private      ,989,1113,2102,989,1113,2102
00350200,LINCOLN MEMORIAL UNIVERSITY             ,TN,37752-7920,Private      ,1628,2133,3761,1628,2133,3761
00350400,MARTIN METHODIST COLLEGE                ,TN,38478-2799,Private      ,689,319,1008,689,319,1008
00350500,MARYVILLE COLLEGE                       ,TN,37804-5907,Private      ,1609,215,1824,1609,215,1824
00350600,MEHARRY MEDICAL COLLEGE                 ,TN,37208-0000,Private      ,61,876,937,61,876,937
00350700,MEMPHIS COLLEGE OF ART                  ,TN,38104-2764,Private      ,523,187,710,523,187,710
00350900,UNIVERSITY OF MEMPHIS (THE)             ,TN,38152-4611,Public       ,11272,9576,20848,11272,9576,20848
00351000,MIDDLE TENNESSEE STATE UNIV             ,TN,37130-0000,Public       ,15148,6395,21543,15148,6395,21543
00351100,MILLIGAN COLLEGE                        ,TN,37682-4001,Private      ,931,371,1302,931,371,1302
00351700,SOUTHERN COLLEGE OF OPTOMETRY           ,TN,38104-2222,Private      ,17,493,510,17,493,510
00351800,SOUTHERN ADVENTIST UNIVERSITY           ,TN,37315-0370,Private      ,1922,517,2439,1922,517,2439
00351900,RHODES COLLEGE                          ,TN,38112-1690,Private      ,2668,298,2966,2668,298,2966
00352200,TENNESSEE STATE UNIVERSITY              ,TN,37209-1561,Public       ,7437,4583,12020,7437,4583,12020
00352300,TENNESSEE TECHNOLOGICAL UNIV            ,TN,38505-0001,Public       ,7185,2125,9310,7185,2125,9310
00352400,TENNESSEE TEMPLE UNIVERSITY             ,TN,37404-3587,Private      ,208,370,578,208,370,578
00352500,TENNESSEE WESLEYAN COLLEGE              ,TN,37371-0040,Private      ,932,359,1291,932,359,1291
00352600,TREVECCA NAZARENE UNIVERSITY            ,TN,37210-2877,Private      ,1024,889,1913,1024,889,1913
00352700,TUSCULUM COLLEGE                        ,TN,37743-0001,Private      ,1930,1220,3150,1930,1220,3150
00352800,UNION UNIVERSITY                        ,TN,38305-3697,Private      ,2191,1265,3456,2191,1265,3456
00352900,UNIVERSITY OF TENNESSEE-CHATTANOOGA     ,TN,37403-2598,Public       ,9047,2546,11593,9047,2546,11593
00353000,UNIVERSITY OF TENNESSEE-KNOXVILLE       ,TN,37996-0150,Public       ,19948,6057,26005,19948,6057,26005
00353006,UNIVERSITY OF TENNESSEE-HEALTH SCI CTR  ,TN,38103-0000,Public       ,273,1703,1976,273,1703,1976
00353100,UNIVERSITY OF TENNESSEE-MARTIN          ,TN,38238-0002,Public       ,5349,2074,7423,5349,2074,7423
00353400,UNIVERSITY OF THE SOUTH                 ,TN,37383-1000,Private      ,1827,84,1911,1827,84,1911
00353500,VANDERBILT UNIVERSITY                   ,TN,37240-0001,Private      ,13854,4561,18415,13854,4561,18415
00353501,VANDERBILT UNIV MED CTR ALLIEDHEAL      ,TN,37232-5510,Private      ,36,112,148,36,112,148
00353502,VANDERBILT UNIV - SCH OF MED            ,TN,37232-0000,Private      ,212,750,962,212,750,962
00353600,BRYAN COLLEGE                           ,TN,37321-7000,Private      ,989,336,1325,989,336,1325
00399800,CHATTANOOGA STATE COMMUNITY COLLEGE     ,TN,37406-1097,Public       ,2598,3859,6457,2598,3859,6457
00399900,CLEVELAND STATE COMMUNITY COLLEGE       ,TN,37312-2858,Public       ,1097,1239,2336,1097,1239,2336
00402500,TN TECHNOLOGY CTR AT KNOXVILLE          ,TN,37919-2327,Public       ,305,712,1017,305,712,1017
00402600,TENNESSEE TECH. CNTR AT CROSSVILLE      ,TN,38555-4142,Public       ,192,265,457,192,265,457
00461700,NATIONAL COLLEGE OF BUSINESS & TECH     ,TN,37211-6605,Proprietary  ,183,1485,1668,183,1485,1668
00493400,DAYMAR INSTITUTE                        ,TN,37217-1056,Proprietary  ,167,925,1092,167,925,1092
00493700,JACKSON STATE COMMUNITY COLLEGE         ,TN,38301-3797,Public       ,2129,2478,4607,2129,2478,4607
00493800,SOUTH COLLEGE                           ,TN,37909-3323,Proprietary  ,259,897,1156,259,897,1156
00494700,WEST TENNESSEE BUSINESS COLLEGE         ,TN,38301-3256,Proprietary  ,63,217,280,63,217,280
00528000,TN TECHNOLOGY CTR AT COVINGTON          ,TN,38019-0249,Public       ,43,127,170,43,127,170
00528100,TN TECHNOLOGY CTR AT ELIZABETHTON       ,TN,37643-0789,Public       ,154,374,528,154,374,528
00528200,TN TECHNOLOGY CTR AT HARTSVILLE         ,TN,37074-0000,Public       ,115,190,305,115,190,305
00528300,TN TECHNOLOGY CTR AT NEWBERN            ,TN,38059-1198,Public       ,57,227,284,57,227,284
00530700,TN TECHNOLOGY CTR AT MCMINNVILLE        ,TN,37110-1322,Public       ,98,164,262,98,164,262
00535100,TENNESSEE TECHNOLOGY CENTER AT MORRISTOW,TN,37813-2094,Public       ,243,495,738,243,495,738
00535200,TN TECHNOLOGY CENTER AT MCKENZIE        ,TN,38201-1620,Public       ,78,145,223,78,145,223
00535300,TN TECHNOLOGY CENTER AT LIVINGSTON      ,TN,38570-0219,Public       ,147,202,349,147,202,349
00535400,TN TECHNOLOGY CTR AT JACKSON            ,TN,38301-0000,Public       ,301,564,865,301,564,865
00535600,TENNESSEE TECHNOLOGY CENTER AT HOHENWALD,TN,38462-0000,Public       ,119,224,343,119,224,343
00535700,TENNESSEE TECHNOLOGY CENTER AT CRUMP    ,TN,38327-3402,Public       ,116,223,339,116,223,339
00535800,TN TECHNOLOGY CENTER AT ATHENS          ,TN,37371-0848,Public       ,109,220,329,109,220,329
00535900,TENNESSEE TECHNOLOGY CENTER AT NASHVILLE,TN,37209-0000,Public       ,237,742,979,237,742,979
00536000,TENNESSEE TECHNOLOGY CENTER AT MEMPHIS  ,TN,38105-3604,Public       ,306,784,1090,306,784,1090
00537800,NORTHEAST STATE COMMUNITY COLLEGE       ,TN,37617-0246,Public       ,2038,2768,4806,2038,2768,4806
00537900,TN TECHNOLOGY CTR AT SHELBYVILLE        ,TN,37160-3697,Public       ,161,349,510,161,349,510
00683500,DYERSBURG STATE COMMUNITY COLLEGE       ,TN,38024-0000,Public       ,1053,1656,2709,1053,1656,2709
00683600,MOTLOW STATE COMMUNITY COLLEGE          ,TN,37388-7972,Public       ,1586,1488,3074,1586,1488,3074
00732941,ITT TECHNICAL INSTITUTE                 ,TN,37932-3343,Proprietary  ,242,512,754,242,512,754
00732958,ITT TECHNICAL INSTITUTE                 ,TN,37214-3717,Proprietary  ,251,467,718,251,467,718
00743900,FOUNTAINHEAD COLLEGE OF TECHNOLOGY      ,TN,37918-2583,Proprietary  ,76,277,353,76,277,353
00744000,NASHVILLE AUTO DIESEL COLLEGE           ,TN,37206-3298,Proprietary  ,1399,554,1953,1399,554,1953
00778200,TENNESSEE TECHNOLOGY CENTER AT DICKSON  ,TN,37055-0000,Public       ,142,390,532,142,390,532
00778300,MIDDLE TENNESSEE SCH OF ANESTHESIA      ,TN,37116-0000,Private      ,35,95,130,35,95,130
00814500,NASHVILLE STATE TECH CMNTY COLLEGE      ,TN,37209-0000,Public       ,1947,4207,6154,1947,4207,6154
00865500,GENESIS CAREER COLLEGE OF COOKEVILLE    ,TN,38501-1959,Proprietary  ,31,91,122,31,91,122
00885900,JOHN A GUPTON COLLEGE                   ,TN,37203-2934,Private      ,61,92,153,61,92,153
00886300,WALTERS STATE COMMUNITY COLLEGE         ,TN,37813-6899,Public       ,2709,2398,5107,2709,2398,5107
00946400,TN TECHNOLOGY CTR AT PULASKI            ,TN,38478-4541,Public       ,50,105,155,50,105,155
00956700,TENNESSEE SCHOOL OF BEAUTY              ,TN,37921-3303,Proprietary  ,92,195,287,92,195,287
00971000,TENNESSEE TECHNOLOGY CENTER AT ONEIDA/HU,TN,37756-4149,Public       ,56,88,144,56,88,144
00991200,VOLUNTEER STATE COMMUNITY COLLEGE       ,TN,37066-3188,Public       ,2106,2517,4623,2106,2517,4623
00991400,ROANE STATE COMMUNITY COLLEGE           ,TN,37748-8664,Public       ,2312,2545,4857,2312,2545,4857
00998200,CRICHTON COLLEGE                        ,TN,38111-4745,Proprietary  ,127,719,846,127,719,846
01032600,TN TECHNOLOGY CTR AT HARRIMAN           ,TN,37748-1109,Public       ,83,145,228,83,145,228
01043900,SOUTHWEST TENNESSEE COMMUNITY COLLG     ,TN,38104-3322,Public       ,4075,6967,11042,4075,6967,11042
01044700,"PLAZA BEAUTY SCHOOL, INC.               ",TN,38117-4822,Proprietary  ,46,101,147,46,101,147
01046000,AMERICAN BAPTIST THEOLOGICAL SEMINA     ,TN,37207-4994,Private      ,16,88,104,16,88,104
01052900,MEMPHIS THEOLOGICAL SEMINARY            ,TN,38104-0000,Private      ,3,97,100,3,97,100
01070000,TN TECHNOLOGY CENTER AT JACKSBORO       ,TN,37757-2461,Public       ,89,160,249,89,160,249
01155300,WM R MOORE COLLEGE OF TECHNOLOGY        ,TN,38104-0000,Private      ,52,90,142,52,90,142
01216400,TENNESSEE TECHNICAL CNTR AT RIPLEY      ,TN,38063-7359,Public       ,29,163,192,29,163,192
01254700,EMMANUEL SCHOOL OF RELIGION             ,TN,37601-0000,Private      ,3,32,35,3,32,35
01269300,PELLISSIPPI STATE COMMUNITY COLLEGE     ,TN,37933-0990,Public       ,3195,3029,6224,3195,3029,6224
02069303,VATTEROTT COLLEGE -                     ,TN,38016-5877,Proprietary  ,77,293,370,77,293,370
02092800,TENNESSEE TECHNOLOGY CENTER AT WHITEVILL,TN,38075-0000,Public       ,54,135,189,54,135,189
02103500,TN TECHNOLOGY CTR AT MURFREESBORO       ,TN,37129-0000,Public       ,129,245,374,129,245,374
02106400,O'MORE COLLEGE OF DESIGN                ,TN,37064-0000,Private      ,115,37,152,115,37,152
02125300,NASHVILLE CLG OF MEDICAL CAREERS        ,TN,37115-0000,Proprietary  ,22,79,101,22,79,101
02153100,JON NAVE UNIVERSITY OF COSMETOLOGY      ,TN,37013-3347,Proprietary  ,82,137,219,82,137,219
02157100,CONCORDE CAREER COLLEGE                 ,TN,38137-0000,Proprietary  ,205,686,891,205,686,891
02160307,INTERNATIONAL ACADEMY OF DESIGN & TECH  ,TN,37212-0000,Proprietary  ,222,347,569,222,347,569
02188300,PENTECOSTAL THEOLOGICAL SEMINARY        ,TN,37320-0000,Private      ,0,46,46,0,46,46
02204200,"CHATTANOOGA COLLEGE - MEDICAL, DENTAL AN",TN,37411-0000,Proprietary  ,65,196,261,65,196,261
02237900,TN TECHNOLOGY CENTER AT PARIS           ,TN,38242-0000,Public       ,78,275,353,78,275,353
02255000,KNOXVILLE INSTITUTE OF HAIR DESIGN      ,TN,37917-0000,Proprietary  ,33,95,128,33,95,128
02257400,ARNOLD'S BEAUTY SCHOOL                  ,TN,38358-0000,Proprietary  ,14,24,38,14,24,38
02263104,ANTHEM COLLEGE - ANTHEM CAREER COLLEGE -,TN,37214-2531,Proprietary  ,32,57,89,32,57,89
02275500,REUBEN-ALLEN COLLEGE                    ,TN,37922-0000,Proprietary  ,31,52,83,31,52,83
02278700,MR WAYNES SCH OF UNISEX HAIR DESIGN     ,TN,38501-0000,Proprietary  ,11,21,32,11,21,32
02293900,VOLUNTEER BEAUTY ACADEMY-NASHVILLE      ,TN,37115-2112,Proprietary  ,6,15,21,6,15,21
02294000,VOLUNTEER BEAUTY ACADEMY-DYERSBURG      ,TN,38024-1622,Proprietary  ,8,35,43,8,35,43
02326200,KAPLAN CAREER INSTITUTE                 ,TN,37212-5318,Proprietary  ,107,473,580,107,473,580
02326300,MEDVANCE INSTITUTE                      ,TN,38501-4305,Proprietary  ,44,114,158,44,114,158
02335900,VOLUNTEER BEAUTY ACADEMY-NASHVILLE      ,TN,37209-3033,Proprietary  ,17,31,48,17,31,48
02539800,QUEEN CITY COLLEGE                      ,TN,37042-0000,Proprietary  ,26,87,113,26,87,113
02540000,TENNESSEE ACADEMY OF COSMETOLOGY        ,TN,38133-0000,Proprietary  ,31,71,102,31,71,102
02578200,NOSSI COLLEGE OF ART                    ,TN,37115-5138,Proprietary  ,141,133,274,141,133,274
02595000,FAYETTEVILLE BEAUTY SCHOOL              ,TN,37334-2909,Proprietary  ,6,10,16,6,10,16
02599710,VATTEROTT COLLEGE - MEMPHIS             ,TN,38132-1714,Proprietary  ,117,579,696,117,579,696
02605501,REMINGTON COLLEGE - MEMPHIS CAMPUS      ,TN,38132-0000,Proprietary  ,212,615,827,212,615,827
02609204,VATTEROTT COLLEGE - VATTEROTT CAREER COL,TN,38133-4727,Proprietary  ,56,298,354,56,298,354
02614200,MILLER MOTTE BUSINESS COLLEGE           ,TN,37040-6023,Proprietary  ,95,371,466,95,371,466
02614203,MILLER - MOTTE TECHNICAL COLLEGE - CHATT,TN,37421-7220,Proprietary  ,93,340,433,93,340,433
02614204,MILLER - MOTTE TECHNICAL COLLEGE - MADIS,TN,37072-1870,Proprietary  ,39,194,233,39,194,233
03001800,FREE WILL BAPTIST BIBLE COLLEGE         ,TN,37205-2498,Private      ,131,58,189,131,58,189
03008800,FRANKLIN ACADEMY                        ,TN,37312-3939,Private      ,11,28,39,11,28,39
03010606,VIRGINIA COLLEGE - SCH OF BUSNSS & HLTH ,TN,37411-5600,Proprietary  ,29,216,245,29,216,245
03024900,TENNESSEE ACADEMY OF COSMETOLOGY        ,TN,38125-3442,Proprietary  ,47,100,147,47,100,147
03061100,GENESIS CAREER COLLEGE OF LEBANON       ,TN,37087-2718,Proprietary  ,16,44,60,16,44,60
03076405,BRYMAN SCHOOL OF ARIZONA (THE) - ANTHEM ,TN,38134-7345,Proprietary  ,10,42,52,10,42,52
03079100,NORTH CENTRAL INSTITUTE                 ,TN,37042-3116,Proprietary  ,10,46,56,10,46,56
03088800,"WATKINS COLLEGE OF ART, DESIGN & FILM   ",TN,37228-1306,Private      ,373,170,543,373,170,543
03126900,STYLES & PROFILES BEAUTY COLLEGE        ,TN,38375-2109,Proprietary  ,4,5,9,4,5,9
03355400,RICHMONT GRADUATE UNIVERSITY            ,TN,37404-0000,Private      ,1,67,68,1,67,68
03440300,BAPTIST MEMORIAL COLLEGE OF HEALTH      ,TN,38104-3104,Private      ,599,1173,1772,599,1173,1772
03480303,MEDVANCE INSTITUTE - NASHVILLE          ,TN,37203-1536,Proprietary  ,51,239,290,51,239,290
03513500,WILLIAMSON CHRISTIAN COLLEGE            ,TN,37067-8237,Private      ,8,17,25,8,17,25
03647300,NEW CONCEPTS SCHOOL OF COSMETOLOGY      ,TN,37311-7373,Proprietary  ,6,19,25,6,19,25
03683300,INTERNATIONAL BARBER & STYLE COLLEGE    ,TN,37209-0000,Proprietary  ,12,35,47,12,35,47
03701300,MEMPHIS INSTITUTE OF BARBERING          ,TN,38107-4334,Proprietary  ,43,81,124,43,81,124
03774400,SHEAR ACADEMY                           ,TN,38555-4177,Proprietary  ,1,23,24,1,23,24
03830300,SAE INSTITUTE OF TECHNOLOGY             ,TN,37203-4310,Proprietary  ,95,110,205,95,110,205
03840300,OXFORD GRADUATE SCHOOL                  ,TN,37321-6736,Private      ,3,9,12,3,9,12
03841300,CAREER BEAUTY COLLEGE                   ,TN,38464-3634,Proprietary  ,7,18,25,7,18,25
03920300,INSTITUTE OF HAIR DESIGN                ,TN,38310-1801,Proprietary  ,7,6,13,7,6,13
03930300,BUCHANAN BEAUTY COLLEGE                 ,TN,37160-2741,Proprietary  ,4,24,28,4,24,28
03982300,VISIBLE SCHOOL - MUSIC AND WORSHIPS ARTS,TN,38104-5814,Private      ,48,19,67,48,19,67
04035300,NAVE COSMETOLOGY ACADEMY                ,TN,38401-6335,Proprietary  ,17,33,50,17,33,50
04124100,ELITE COLLEGE OF COSMETOLOGY            ,TN,38351-1431,Proprietary  ,7,25,32,7,25,32
04157200,LOVE BEAUTY SCHOOL                      ,TN,37355-2950,Proprietary  ,8,13,21,8,13,21
04165000,MERIDIAN INSTITUTE OF SURGICAL ASSISTING,TN,37080-0758,Proprietary  ,1,35,36,1,35,36
00353700,ABILENE CHRISTIAN UNIVERSITY            ,TX,79699-3701,Private      ,2816,627,3443,2816,627,3443
00353900,ALVIN COMMUNITY COLLEGE                 ,TX,77511-4807,Public       ,532,1152,1684,532,1152,1684
00354000,AMARILLO COLLEGE                        ,TX,79109-2446,Public       ,1145,2164,3309,1145,2164,3309
00354100,ANGELO STATE UNIVERSITY                 ,TX,76909-5069,Public       ,4419,1516,5935,4419,1516,5935
00354300,AUSTIN COLLEGE                          ,TX,75090-4440,Private      ,1753,149,1902,1753,149,1902
00354400,AUSTIN PRESBYTERIAN THEOLOGICAL SEM     ,TX,78705-5797,Private      ,0,34,34,0,34,34
00354500,BAYLOR UNIVERSITY                       ,TX,76798-1458,Private      ,18510,3542,22052,18510,3542,22052
00354600,COASTAL BEND COLLEGE                    ,TX,78102-2197,Public       ,565,771,1336,565,771,1336
00354900,BLINN COLLEGE                           ,TX,77833-4098,Public       ,5393,1913,7306,5393,1913,7306
00355300,CISCO JUNIOR COLLEGE                    ,TX,76437-9803,Public       ,768,865,1633,768,865,1633
00355400,CLARENDON COLLEGE                       ,TX,79226-0000,Public       ,177,131,308,177,131,308
00355600,COMMONWEALTH INST OF FUNERAL SVC        ,TX,77090-5918,Private      ,30,99,129,30,99,129
00355700,CONCORDIA UNIVERSITY TEXAS              ,TX,78726-4141,Private      ,963,800,1763,963,800,1763
00355800,NORTH CENTRAL TEXAS COLLEGE             ,TX,76240-4699,Public       ,1076,1692,2768,1076,1692,2768
00356000,DALLAS BAPTIST UNIVERSITY               ,TX,75211-9299,Private      ,1736,1426,3162,1736,1426,3162
00356100,CEDAR VALLEY COLLEGE                    ,TX,75134-0000,Public       ,821,1438,2259,821,1438,2259
00356200,DALLAS THEOLOGICAL SEM                  ,TX,75204-0000,Private      ,12,258,270,12,258,270
00356300,DEL MAR COLLEGE                         ,TX,78404-3897,Public       ,2116,3123,5239,2116,3123,5239
00356400,EAST TEXAS BAPTIST UNIVERSITY           ,TX,75670-1423,Private      ,913,198,1111,913,198,1111
00356500,TEXAS A&M UNIVERSITY - COMMERCE         ,TX,75429-3011,Public       ,3023,2947,5970,3023,2947,5970
00356800,FRANK PHILLIPS COLLEGE                  ,TX,79008-0000,Public       ,128,136,264,128,136,264
00357000,GRAYSON COUNTY COLLEGE                  ,TX,75020-8299,Public       ,630,1387,2017,630,1387,2017
00357100,HARDIN-SIMMONS UNIVERSITY               ,TX,79698-6050,Private      ,1363,366,1729,1363,366,1729
00357200,TRINITY VALLEY COMMUNITY COLLEGE        ,TX,75751-2734,Public       ,845,1613,2458,845,1613,2458
00357300,HILL COLLEGE                            ,TX,76645-2711,Public       ,317,408,725,317,408,725
00357301,HILL COLLEGE                            ,TX,76031-0000,Public       ,243,645,888,243,645,888
00357400,HOWARD COLLEGE                          ,TX,79720-0213,Public       ,552,957,1509,552,957,1509
00357500,HOWARD PAYNE UNIVERSITY                 ,TX,76801-2715,Private      ,929,157,1086,929,157,1086
00357600,HOUSTON BAPTIST UNIVERSITY              ,TX,77074-3298,Private      ,3127,1163,4290,3127,1163,4290
00357700,HUSTON - TILLOTSON UNIVERSITY           ,TX,78702-2795,Private      ,630,328,958,630,328,958
00357800,UNIVERSITY OF THE INCARNATE WORD        ,TX,78209-6398,Private      ,4176,2314,6490,4176,2314,6490
00357900,JACKSONVILLE COLLEGE                    ,TX,75766-4759,Private      ,70,60,130,70,60,130
00358000,KILGORE COLLEGE                         ,TX,75662-3299,Public       ,1134,1508,2642,1134,1508,2642
00358100,LAMAR UNIVERSITY-BEAUMONT               ,TX,77710-0042,Public       ,4357,2978,7335,4357,2978,7335
00358200,LAREDO COMMUNITY COLLEGE                ,TX,78040-4395,Public       ,3280,1768,5048,3280,1768,5048
00358300,LEE COLLEGE                             ,TX,77520-4796,Public       ,602,1468,2070,602,1468,2070
00358400,LETOURNEAU UNIVERSITY                   ,TX,75607-0000,Private      ,1180,1082,2262,1180,1082,2262
00358500,LON MORRIS COLLEGE                      ,TX,75766-2900,Private      ,371,88,459,371,88,459
00358600,LUBBOCK CHRISTIAN UNIVERSITY            ,TX,79407-2099,Private      ,794,519,1313,794,519,1313
00358800,UNIVERSITY OF MARY HARDIN-BAYLOR        ,TX,76513-2599,Private      ,3080,799,3879,3080,799,3879
00359000,MCLENNAN COMMUNITY COLLEGE              ,TX,76708-1498,Public       ,1611,2402,4013,1611,2402,4013
00359100,MCMURRY UNIVERSITY                      ,TX,79697-0001,Private      ,990,319,1309,990,319,1309
00359200,MIDWESTERN STATE UNIVERSITY             ,TX,76308-2099,Public       ,2497,1342,3839,2497,1342,3839
00359300,NAVARRO COLLEGE                         ,TX,75110-4818,Public       ,1689,2079,3768,1689,2079,3768
00359400,UNIVERSITY OF NORTH TEXAS               ,TX,76203-5017,Public       ,18063,9760,27823,18063,9760,27823
00359500,OBLATE SCHOOL OF THEOLOGY               ,TX,78216-0000,Private      ,1,14,15,1,14,15
00359600,ODESSA COLLEGE                          ,TX,79764-7127,Public       ,547,848,1395,547,848,1395
00359800,OUR LADY OF THE LAKE UNIVERSITY         ,TX,78207-4689,Private      ,1674,1359,3033,1674,1359,3033
00359900,UNIVERSITY OF TEXAS - PAN AMERICAN      ,TX,78541-2999,Public       ,11889,4978,16867,11889,4978,16867
00360000,PANOLA COLLEGE                          ,TX,75633-2397,Public       ,328,562,890,328,562,890
00360100,PARIS JR COLLEGE                        ,TX,75460-6298,Public       ,668,1099,1767,668,1099,1767
00360200,PAUL QUINN COLLEGE                      ,TX,75241-4398,Private      ,162,181,343,162,181,343
00360300,RANGER COLLEGE                          ,TX,76470-3298,Public       ,180,210,390,180,210,390
00360305,RANGER COLLEGE-STEPHENVILE BEAUTY COLLEG,TX,76401-5136,Public       ,15,22,37,15,22,37
00360400,RICE UNIVERSITY                         ,TX,77251-1892,Private      ,8448,1546,9994,8448,1546,9994
00360600,SAM HOUSTON STATE UNIVERSITY            ,TX,77340-0000,Public       ,10042,3585,13627,10042,3585,13627
00360700,ALAMO CMTY CLG DISTRICT PROGRAM         ,TX,78207-0000,Public       ,587,896,1483,587,896,1483
00360800,ST PHILLIPS COLLEGE                     ,TX,78203-2098,Public       ,1879,3817,5696,1879,3817,5696
00360900,SAN JACINTO CLG-CENTRAL-NORTH-SOUTH     ,TX,77501-0000,Public       ,3123,4580,7703,3123,4580,7703
00361000,SCHREINER UNIVERSITY                    ,TX,78028-5697,Private      ,940,241,1181,940,241,1181
00361100,SOUTH PLAINS COLLEGE                    ,TX,79336-6504,Public       ,1889,1741,3630,1889,1741,3630
00361200,UNIV OF HOUSTON-DOWNTOWN                ,TX,77002-1001,Public       ,3458,4430,7888,3458,4430,7888
00361300,SOUTHERN METHODIST UNIVERSITY           ,TX,75275-0181,Private      ,6195,2962,9157,6195,2962,9157
00361400,SOUTHWEST TEXAS JR COLLEGE              ,TX,78801-6221,Public       ,1040,949,1989,1040,949,1989
00361500,TEXAS STATE UNIVERSITY--SAN MARCOS      ,TX,78666-4602,Public       ,21084,8566,29650,21084,8566,29650
00361600,SOUTHWESTERN ASSEMBLIES OF GOD UNIV     ,TX,75165-2397,Private      ,722,415,1137,722,415,1137
00361800,SOUTHWESTERN CHRISTIAN COLLEGE          ,TX,75160-3400,Private      ,80,41,121,80,41,121
00361900,SOUTHWESTERN ADVENTIST UNIVERSITY       ,TX,76059-1922,Private      ,353,174,527,353,174,527
00362000,SOUTHWESTERN UNIVERSITY                 ,TX,78626-6111,Private      ,2068,179,2247,2068,179,2247
00362100,ST EDWARDS UNIVERSITY                   ,TX,78704-0000,Private      ,3969,1386,5355,3969,1386,5355
00362300,ST MARY'S UNIV OF SAN ANTONIO           ,TX,78228-8500,Private      ,3695,1900,5595,3695,1900,5595
00362400,STEPHEN F AUSTIN STATE UNIVERSITY       ,TX,75962-0001,Public       ,9480,2143,11623,9480,2143,11623
00362500,SUL ROSS STATE UNIVERSITY               ,TX,79832-0113,Public       ,975,679,1654,975,679,1654
00362600,TARRANT COUNTY COLLEGE                  ,TX,76102-6599,Public       ,6706,11342,18048,6706,11342,18048
00362700,TEMPLE COLLEGE                          ,TX,76504-7435,Public       ,795,1916,2711,795,1916,2711
00362800,TEXARKANA COLLEGE                       ,TX,75599-0001,Public       ,716,960,1676,716,960,1676
00363000,PRAIRIE VIEW A&M UNIVERSITY             ,TX,77446-2967,Public       ,6710,2537,9247,6710,2537,9247
00363100,TARLETON STATE UNIVERSITY               ,TX,76402-0000,Public       ,4290,2598,6888,4290,2598,6888
00363200,TEXAS A&M UNIVERSITY                    ,TX,77842-0000,Public       ,30808,5610,36418,30808,5610,36418
00363400,TEXAS STATE TECHNICAL CLG AT WACO       ,TX,76705-1695,Public       ,1007,1361,2368,1007,1361,2368
00363500,TEXAS CHIROPRACTIC COLLEGE              ,TX,77505-1699,Private      ,11,123,134,11,123,134
00363600,TEXAS CHRISTIAN UNIVERSITY              ,TX,76129-0001,Private      ,10884,2230,13114,10884,2230,13114
00363700,JARVIS CHRISTIAN COLLEGE                ,TX,75765-1470,Private      ,215,88,303,215,88,303
00363800,TEXAS COLLEGE                           ,TX,75702-4500,Private      ,488,296,784,488,296,784
00363900,TEXAS A&M UNIVERSITY-KINGSVILLE         ,TX,78363-8203,Public       ,5205,2936,8141,5205,2936,8141
00364100,TEXAS LUTHERAN UNIVERSITY               ,TX,78155-5999,Private      ,1370,191,1561,1370,191,1561
00364200,TEXAS SOUTHERN UNIVERSITY               ,TX,77004-4598,Public       ,5546,5301,10847,5546,5301,10847
00364400,TEXAS TECH UNIVERSITY                   ,TX,79409-0000,Public       ,16497,5413,21910,16497,5413,21910
00364500,TEXAS WESLEYAN UNIVERSITY               ,TX,76105-1536,Private      ,732,1921,2653,732,1921,2653
00364600,TEXAS WOMAN'S UNIVERSITY                ,TX,76204-5587,Public       ,4694,6437,11131,4694,6437,11131
00364700,TRINITY UNIVERSITY                      ,TX,78212-7200,Private      ,2908,392,3300,2908,392,3300
00364800,TYLER JUNIOR COLLEGE                    ,TX,75701-3436,Public       ,3388,2799,6187,3388,2799,6187
00365100,UNIVERSITY OF DALLAS                    ,TX,75062-4799,Private      ,1490,601,2091,1490,601,2091
00365200,UNIVERSITY OF HOUSTON                   ,TX,77204-2010,Public       ,21006,13636,34642,21006,13636,34642
00365400,UNIVERSITY OF ST THOMAS                 ,TX,77006-4626,Private      ,993,817,1810,993,817,1810
00365600,UNIVERSITY OF TEXAS-ARLINGTON           ,TX,76019-0000,Public       ,13844,12550,26394,13844,12550,26394
00365800,UNIVERSITY OF TEXAS-AUSTIN              ,TX,78713-7758,Public       ,34372,13946,48318,34372,13946,48318
00365900,UT HEALTH CENTER-SAN ANTONIO            ,TX,78229-3900,Public       ,605,2127,2732,605,2127,2732
00366100,UNIVERSITY OF TEXAS-EL PASO             ,TX,79968-0629,Public       ,9453,5588,15041,9453,5588,15041
00366200,VICTORIA COLLEGE                        ,TX,77901-4494,Public       ,650,1078,1728,650,1078,1728
00366300,WAYLAND BAPTIST UNIVERSITY              ,TX,79072-6998,Private      ,660,1132,1792,660,1132,1792
00366400,WEATHERFORD COLLEGE                     ,TX,76086-5699,Public       ,889,1290,2179,889,1290,2179
00366500,WEST TEXAS A&M UNIVERSITY               ,TX,79016-0000,Public       ,3014,1371,4385,3014,1371,4385
00366800,WHARTON COUNTY JR COLLEGE               ,TX,77488-3298,Public       ,1006,1116,2122,1006,1116,2122
00366900,WILEY COLLEGE                           ,TX,75670-5199,Private      ,380,242,622,380,242,622
00400300,CENTRAL TEXAS COLLEGE                   ,TX,76540-4199,Public       ,991,5213,6204,991,5213,6204
00407221,NORTHWOOD UNIVERSITY                    ,TX,75104-0000,Private      ,318,280,598,318,280,598
00445300,EL CENTRO COLLEGE                       ,TX,75202-0000,Public       ,1725,3861,5586,1725,3861,5586
00450303,EVEREST COLLEGE - FORT WORTH SOUTH      ,TX,76115-1407,Proprietary  ,39,169,208,39,169,208
00481102,EVEREST INSTITUTE - EVEREST COLLEGE     ,TX,76011-6630,Proprietary  ,30,166,196,30,166,196
00494800,TEXAS A&M UNIV SYSTEM HEALTH SCI CT     ,TX,77840-7896,Public       ,1059,1026,2085,1059,1026,2085
00494900,BAYLOR COLLEGE OF MEDICINE              ,TX,77030-0000,Private      ,346,992,1338,346,992,1338
00495100,UNIV OF TEXAS HEALTH SCIENCE CENTER     ,TX,77225-0000,Public       ,313,2021,2334,313,2021,2334
00495200,UNIV OF TEXAS MEDICAL BRANCH            ,TX,77550-0000,Public       ,268,1236,1504,268,1236,1504
00497200,GALVESTON COLLEGE                       ,TX,77550-7447,Public       ,359,623,982,359,623,982
00497700,SOUTH TEXAS COLLEGE OF LAW              ,TX,77002-0000,Private      ,24,1300,1324,24,1300,1324
00660600,BAPTIST HS SCHOOL OF HEALTH PROFESSIONS ,TX,78229-3234,Proprietary  ,81,536,617,81,536,617
00661200,COVENANT SCH OF NSG & ALLIED HEALTH     ,TX,79410-0000,Private      ,52,148,200,52,148,200
00666100,ANGELINA COLLEGE                        ,TX,75902-0000,Public       ,877,1189,2066,877,1189,2066
00694100,DALLAS CHRISTIAN COLLEGE                ,TX,75234-7229,Private      ,145,169,314,145,169,314
00709600,COLLEGE OF THE MAINLAND                 ,TX,77591-2499,Public       ,345,915,1260,345,915,1260
00728700,BRAZOSPORT COLLEGE                      ,TX,77566-3199,Public       ,491,646,1137,491,646,1137
00732907,ITT TECHNICAL INSTITUTE                 ,TX,77063-3751,Proprietary  ,101,205,306,101,205,306
00732913,ITT TECHNICAL INSTITUTE                 ,TX,76011-3919,Proprietary  ,65,158,223,65,158,223
00732975,ITT TECHNICAL INSTITUTE                 ,TX,78249-3303,Proprietary  ,90,175,265,90,175,265
00754805,WESTWOOD COLLEGE OF TECHNOLOGY          ,TX,77074-0000,Proprietary  ,81,200,281,81,200,281
00835300,LINCOLN COLLEGE OF TECHNOLOGY           ,TX,75052-0000,Proprietary  ,230,160,390,230,160,390
00849800,MIMS CLASSIC BEAUTY COLLEGE             ,TX,78216-0000,Proprietary  ,16,19,35,16,19,35
00850300,MOUNTAIN VIEW COLLEGE                   ,TX,75211-6599,Public       ,1531,2104,3635,1531,2104,3635
00850400,RICHLAND COLLEGE                        ,TX,75243-2199,Public       ,1818,2810,4628,1818,2810,4628
00851000,EASTFIELD COLLEGE                       ,TX,75150-2099,Public       ,1510,2683,4193,1510,2683,4193
00907905,EVEREST COLLEGE                         ,TX,75206-5209,Proprietary  ,118,396,514,118,396,514
00908200,INTERNATIONAL BUSINESS COLLEGE          ,TX,79903-0000,Proprietary  ,47,85,132,47,85,132
00916300,SAN ANTONIO COLLEGE                     ,TX,78212-4299,Public       ,4789,7091,11880,4789,7091,11880
00922500,TEXAS STATE TECHNICAL COLLEGE  HARLINGEN,TX,78550-3697,Public       ,1788,1706,3494,1788,1706,3494
00946600,KAPLAN COLLEGE                          ,TX,78216-1899,Proprietary  ,53,304,357,53,304,357
00946607,KAPLAN COLLEGE - MCALLEN                ,TX,78503-1622,Proprietary  ,100,172,272,100,172,272
00946609,KAPLAN COLLEGE - CAREER CENTERS OF TEXAS,TX,78416-9900,Proprietary  ,71,265,336,71,265,336
00946610,KAPLAN COLLEGE - CAREER CENTERS OF TEXAS,TX,76103-2310,Proprietary  ,51,217,268,51,217,268
00954900,WESTERN TEXAS COLLEGE                   ,TX,79549-9501,Public       ,255,171,426,255,171,426
00965100,TEXAS A&M INTERNATIONAL UNIVERSITY      ,TX,78041-1900,Public       ,3598,1492,5090,3598,1492,5090
00974100,UNIVERSITY OF TEXAS AT DALLAS           ,TX,75083-0000,Public       ,5900,4286,10186,5900,4286,10186
00976800,UNIVERSITY OF NORTH TEXAS HEALTH SCIENCE,TX,76107-2699,Public       ,190,1318,1508,190,1318,1508
00979700,MIDLAND COLLEGE                         ,TX,79705-6397,Public       ,636,942,1578,636,942,1578
00982802,EVEREST INSTITUTE- AUSTIN               ,TX,78754-0000,Proprietary  ,74,238,312,74,238,312
00993000,UNIVERSITY OF TEXAS-PERMIAN BASIN       ,TX,79762-0001,Public       ,887,788,1675,887,788,1675
00993200,TEXAS STATE TECH CLG-WEST TEXAS         ,TX,79556-4108,Public       ,107,237,344,107,237,344
00993201,TEXAS STATE TECH COLLEGE-ABILENE        ,TX,79601-0000,Public       ,84,154,238,84,154,238
00993204,TEXAS STATE TECH CLG-BRECKENRIDGE       ,TX,76424-0000,Public       ,12,37,49,12,37,49
00993205,TEXAS STATE TECH COLLEGE-BROWNWOOD      ,TX,76801-0000,Public       ,44,115,159,44,115,159
01001900,UNIV OF TEXAS SOUTHWESTERN MED CTR      ,TX,75390-9096,Public       ,180,1403,1583,180,1403,1583
01005700,AMERICAN COMMERCIAL COLLEGE             ,TX,79602-1399,Proprietary  ,10,62,72,10,62,72
01005900,AMERICAN COMMERCIAL COLLEGE             ,TX,79761-0000,Proprietary  ,6,26,32,6,26,32
01005901,AMERICAN COMMERCIAL COLLEGE - AMERICAN C,TX,76310-2303,Proprietary  ,3,49,52,3,49,52
01006000,VERNON COLLEGE                          ,TX,76384-4092,Public       ,476,986,1462,476,986,1462
01011500,UNIVERSITY OF TEXAS-SAN ANTONIO         ,TX,78249-0600,Public       ,22881,10013,32894,22881,10013,32894
01013000,WADE COLLEGE                            ,TX,75207-3199,Proprietary  ,64,112,176,64,112,176
01038700,EL PASO COMMUNITY COLLEGE               ,TX,79998-0000,Public       ,6860,6619,13479,6860,6619,13479
01050900,HALLMARK COLLEGE OF AERONAUTICS         ,TX,78214-0000,Proprietary  ,38,223,261,38,223,261
01063300,HOUSTON COMMUNITY COLLEGE               ,TX,77002-0000,Public       ,8549,17416,25965,8549,17416,25965
01067400,TEXAS TECH U HEALTH SCIENCES CENTER     ,TX,79430-0000,Public       ,648,1952,2600,648,1952,2600
01076100,DALLAS INSTITUTE OF FUNERAL SERVICE     ,TX,75227-4314,Private      ,26,125,151,26,125,151
01114500,LONE STAR COLLEGE SYSTEM                ,TX,77073-3499,Public       ,6520,11665,18185,6520,11665,18185
01116100,TEXAS A&M UNIV CORPUS CHRISTI           ,TX,78412-5599,Public       ,6220,2607,8827,6220,2607,8827
01116300,UNIVERSITY OF TEXAS AT TYLER            ,TX,75799-6699,Public       ,2492,1899,4391,2492,1899,4391
01171100,UNIVERSITY OF HOUSTON-CLEAR LAKE        ,TX,77058-1002,Public       ,887,2959,3846,887,2959,3846
01201500,AUSTIN COMMUNITY COLLEGE                ,TX,78752-4390,Public       ,7597,11457,19054,7597,11457,19054
01202000,VICTORIA BEAUTY COLLEGE                 ,TX,77901-6233,Proprietary  ,5,20,25,5,20,25
01226800,BALDWIN BEAUTY SCHOOL #5                ,TX,78704-4785,Proprietary  ,41,95,136,41,95,136
01229700,LAREDO BEAUTY COLLEGE                   ,TX,78040-1051,Proprietary  ,35,18,53,35,18,53
01248200,ATI TECHNICAL TRAINING CENTER           ,TX,75235-4622,Proprietary  ,94,593,687,94,593,687
01248209,ATI CAREER TRAINING CENTER - GARLAND    ,TX,75041-2497,Proprietary  ,16,54,70,16,54,70
01248210,ATI CAREER TRAINING CENTER - WACO       ,TX,76711-1682,Proprietary  ,32,97,129,32,97,129
01248300,COSMETOLOGY CAREER CENTER-A PAUL MITCHEL,TX,75006-2567,Proprietary  ,53,98,151,53,98,151
01248800,INTERNATIONAL BEAUTY COLLEGE NO 3       ,TX,75040-0000,Proprietary  ,6,30,36,6,30,36
01276400,METROPLEX BEAUTY SCHOOL                 ,TX,75149-0000,Proprietary  ,3,20,23,3,20,23
01293000,CHARLES & SUE'S SCH OF HAIR DESIGN      ,TX,77801-0000,Proprietary  ,10,18,28,10,18,28
01293200,TINT SCHOOL OF MAKEUP & COSMETOLOGY     ,TX,75061-4235,Proprietary  ,4,22,26,4,22,26
01300300,NEILSON BEAUTY COLLEGE                  ,TX,75208-4637,Proprietary  ,7,25,32,7,25,32
01301600,OGLE SCHOOL HAIR SKIN NAILS             ,TX,76013-7400,Proprietary  ,60,167,227,60,167,227
01303912,SOUTH UNIVERSITY - THE ART INSTITUTE OF ,TX,75231-5993,Proprietary  ,653,587,1240,653,587,1240
01323100,UNIVERSITY OF HOUSTON-VICTORIA          ,TX,77901-5731,Public       ,834,1286,2120,834,1286,2120
02058600,CONLEE'S COLLEGE OF COSMETOLOGY         ,TX,78028-0000,Proprietary  ,4,8,12,4,8,12
02069302,VATTEROTT COLLEGE - VATTEROTT EDUCATION ,TX,75220-5441,Proprietary  ,15,131,146,15,131,146
02074100,CAPITOL CITY TRADE & TECHNICAL SCH      ,TX,78704-0000,Proprietary  ,25,77,102,25,77,102
02077400,NORTH LAKE COLLEGE                      ,TX,75038-0000,Public       ,1005,1786,2791,1005,1786,2791
02081400,ARLINGTON BAPTIST COLLEGE               ,TX,76012-0000,Private      ,47,95,142,47,95,142
02093600,SOUTHWEST SCHOOL OF ELECTRONIC          ,TX,78735-0000,Proprietary  ,12,29,41,12,29,41
02098300,WESTERN TECHNICAL COLLEGE               ,TX,79927-2105,Proprietary  ,233,368,601,233,368,601
02100200,BROOKHAVEN COLLEGE                      ,TX,75244-0000,Public       ,1029,2313,3342,1029,2313,3342
02113610,AMERICAN INTERCONTINENTAL UNIV - HOUSTON,TX,77042-4516,Proprietary  ,86,375,461,86,375,461
02116008,SANFORD-BROWN COLLEGE - HOUSTON         ,TX,77042-8900,Proprietary  ,74,428,502,74,428,502
02116012,SANFORD-BROWN COLLEGE - HOUSTON NORTH LO,TX,77008-1058,Proprietary  ,27,190,217,27,190,217
02117100,ART INSTITUTE OF HOUSTON                ,TX,77056-0000,Proprietary  ,1901,1600,3501,1901,1600,3501
02119200,COURT REPORTING INSTITUTE OF DALLAS     ,TX,75247-6913,Proprietary  ,24,284,308,24,284,308
02119202,COURT REPORTING INSTIUTE OF DALLAS - COU,TX,77040-6315,Proprietary  ,8,85,93,8,85,93
02128302,INSTITUTE FOR BUSINESS & TECHNOLOGY - LA,TX,78230-2520,Proprietary  ,30,127,157,30,127,157
02136800,AMERICAN COMMERCIAL COLLEGE             ,TX,76904-0000,Proprietary  ,12,27,39,12,27,39
02144800,VET TECH INSTITUTE OF HOUSTON           ,TX,77027-9881,Proprietary  ,74,97,171,74,97,171
02176100,PIPO ACADEMY OF HAIR DESIGN             ,TX,79903-0000,Proprietary  ,10,33,43,10,33,43
02200800,AMERICAN COMMERCIAL COLLEGE             ,TX,79411-0000,Proprietary  ,11,37,48,11,37,48
02218300,SOUTHWEST SCHOOL OF BUSINESS & TECHNICAL,TX,78221-0000,Proprietary  ,29,61,90,29,61,90
02218305,SOUTHWEST SCHOOL OF BUSINESS AND TECHNIC,TX,78501-6053,Proprietary  ,21,30,51,21,30,51
02218306,SOUTHWEST SCHOOL OF BUSINESS AND TECHNIC,TX,78413-2045,Proprietary  ,11,26,37,11,26,37
02224600,TRI-STATE BEAUTY SCHOOL #1              ,TX,79915-0000,Proprietary  ,30,77,107,30,77,107
02230500,OGLE SCHOOL HAIR SKIN NAILS             ,TX,76132-3638,Proprietary  ,84,274,358,84,274,358
02230600,OGLE SCHOOL HAIR SKIN NAILS             ,TX,76053-4650,Proprietary  ,20,66,86,20,66,86
02239100,CENTRAL TEXAS BEAUTY COLLEGE #2         ,TX,78664-4204,Proprietary  ,17,53,70,17,53,70
02248200,MILAN INSTITUTE OF COSMETOLOGY          ,TX,79103-0000,Proprietary  ,166,498,664,166,498,664
02254800,TEXAS VOCATIONAL SCHOOLS                ,TX,77901-0000,Proprietary  ,9,39,48,9,39,48
02259400,AMBERTON UNIVERSITY                     ,TX,75041-0000,Private      ,19,120,139,19,120,139
02261300,EVEREST INSTITUTE                       ,TX,78213-3841,Proprietary  ,27,146,173,27,146,173
02261302,EVEREST INSTITUTE - HOUSTON GREENSPOINT ,TX,77060-3249,Proprietary  ,37,185,222,37,185,222
02261303,EVEREST INSTITUTE - HOUSTON HOBBY       ,TX,77087-2737,Proprietary  ,27,109,136,27,109,136
02267100,EXPOSITO SCHOOL OF HAIR DESIGN          ,TX,79109-0000,Proprietary  ,11,16,27,11,16,27
02276000,FRANKLIN BEAUTY SCHOOL #2               ,TX,77021-0000,Proprietary  ,21,59,80,21,59,80
02285900,UNIVERSITY OF COSMETOLOGY ARTS&SCI      ,TX,78504-0000,Proprietary  ,41,45,86,41,45,86
02294800,CAPITOL CITY CAREERS                    ,TX,78745-0000,Proprietary  ,6,51,57,6,51,57
02298501,EVEREST COLLEGE- FORT WORTH             ,TX,76137-2472,Proprietary  ,31,115,146,31,115,146
02305300,PARKER COLLEGE OF CHIROPRACTIC          ,TX,75229-0000,Private      ,28,632,660,28,632,660
02306700,FORT WORTH BEAUTY SCHOOL                ,TX,76116-3299,Proprietary  ,13,48,61,13,48,61
02312200,TEXAS SCHOOL OF BUSINESS                ,TX,77073-6032,Proprietary  ,61,266,327,61,266,327
02312201,TEXAS SCHOOL OF BUSINESS - SOUTHWEST CAM,TX,77057-5914,Proprietary  ,29,117,146,29,117,146
02312202,TEXAS SCHOOL OF BUSINESS - FRIENDSWOOD C,TX,77546-8938,Proprietary  ,12,101,113,12,101,113
02312203,TEXAS SCHOOL OF BUSINESS - EAST CAMPUS  ,TX,77029-1916,Proprietary  ,32,83,115,32,83,115
02313901,WESTWOOD COLLEGE - DALLAS               ,TX,75243-0000,Proprietary  ,129,287,416,129,287,416
02315400,NORTHEAST TEXAS COMMUNITY COLLEGE       ,TX,75456-0000,Public       ,523,650,1173,523,650,1173
02318200,"KD STUDIO, ACTOR'S CONSERVATORY         ",TX,75207-2111,Proprietary  ,40,84,124,40,84,124
02320200,HOUSTON GRADUATE SCHOOL OF THEOLOGY     ,TX,77092-0000,Private      ,2,45,47,2,45,47
02326000,SAN ANTONIO BEAUTY COLLEGE NO 3         ,TX,78217-0000,Proprietary  ,19,31,50,19,31,50
02331200,BAPTIST MISSIONARY ASSN THEOL SEM       ,TX,75766-0000,Private      ,5,18,23,5,18,23
02331300,INTERACTIVE LEARNING SYSTEMS            ,TX,77502-1201,Proprietary  ,1,7,8,1,7,8
02331301,INTERACTIVE LEARNING SYSTEMS            ,TX,77081-0000,Proprietary  ,12,74,86,12,74,86
02331304,INTERACTIVE LEARNING SYSTEMS            ,TX,77060-0000,Proprietary  ,1,33,34,1,33,34
02341300,PALO ALTO COLLEGE                       ,TX,78224-0000,Public       ,1815,2185,4000,1815,2185,4000
02348500,LAMAR STATE COLLEGE-PORT ARTHUR         ,TX,77640-0000,Public       ,353,619,972,353,619,972
02357700,ACADEMY OF HAIR DESIGN                  ,TX,77043-3412,Proprietary  ,55,107,162,55,107,162
02358200,LAMAR STATE COLLEGE-ORANGE              ,TX,77630-0000,Public       ,309,586,895,309,586,895
02361400,COLLIN COUNTY COMMUNITY COLLEGE         ,TX,75071-0000,Public       ,2601,4094,6695,2601,4094,6695
02362000,UNIVERSAL TECHNICAL INSTITUTE           ,TX,77073-0000,Proprietary  ,2534,1429,3963,2534,1429,3963
02362800,AUSTIN GRADUATE SCHOOL OF THEOLOGY      ,TX,78752-1333,Private      ,3,27,30,3,27,30
02521200,ARLINGTON CAREER INSTITUTE              ,TX,75050-0000,Proprietary  ,10,101,111,10,101,111
02521800,SEGUIN BEAUTY SCHOOL                    ,TX,78155-0000,Proprietary  ,13,18,31,13,18,31
02527500,HOUSTON TRAINING SCHOOLS                ,TX,77029-0000,Proprietary  ,11,69,80,11,69,80
02530700,SEBRING CAREER SCHOOLS                  ,TX,77083-1510,Proprietary  ,1,4,5,1,4,5
02548800,SOUTH TEXAS VO-TECH INSTITUTE           ,TX,78596-0000,Proprietary  ,65,193,258,65,193,258
02548802,SOUTH TEXAS VOCATIONAL TECHNICAL INSTITU,TX,78520-8710,Proprietary  ,66,142,208,66,142,208
02549400,SOUTH TEXAS VO-TECH INSTITUTE           ,TX,78501-0000,Proprietary  ,162,344,506,162,344,506
02549402,SOUTH TEXAS VOCATIONAL TECHNICAL INSTITU,TX,78416-1141,Proprietary  ,30,89,119,30,89,119
02555400,UNIV OF TX MD ANDERSON CANCER CTR       ,TX,77030-0000,Public       ,55,226,281,55,226,281
02568100,TEXAS BARBER COLLEGES & HAIRSTYLING     ,TX,75208-0000,Proprietary  ,73,249,322,73,249,322
02569300,LE CORDON BLEU COLLEGE OF CULINARY ARTS ,TX,78758-3647,Proprietary  ,624,1822,2446,624,1822,2446
02572000,COMPUTER CAREER CENTER                  ,TX,79925-2021,Proprietary  ,53,230,283,53,230,283
02572004,COMPUTER CAREER CENTER - AMARILLO CAMPUS,TX,79101-2404,Proprietary  ,10,52,62,10,52,62
02572005,COMPUTER CAREER CENTER - LUBBOCK CAMPUS ,TX,79414-3517,Proprietary  ,6,60,66,6,60,66
02580100,IVERSON BUSINESS SCH & COURT REPORT     ,TX,76011-1344,Proprietary  ,9,54,63,9,54,63
02591100,CAREER POINT COLLEGE                    ,TX,78201-2027,Proprietary  ,55,395,450,55,395,450
02591900,KAPLAN COLLEGE                          ,TX,79907-1525,Proprietary  ,121,406,527,121,406,527
02591905,KAPLAN COLLEGE - BROWNSVILLE            ,TX,78521-9905,Proprietary  ,49,121,170,49,121,170
02596400,REDSTONE COLLEGE - LOS ANGELES          ,TX,77061-0000,Proprietary  ,47,123,170,47,123,170
02596500,ATI CAREER TRAINING CENTER              ,TX,76180-1599,Proprietary  ,71,472,543,71,472,543
02596503,ATI- CAREER TRAINING CENTER - HOUSTON (#,TX,77029-1978,Proprietary  ,33,121,154,33,121,154
02596600,ATI-CAREER TRAINING CENTER              ,TX,75220-4443,Proprietary  ,70,458,528,70,458,528
02596601,ATI CAREER TRAINING CENTER - RICHARDSON ,TX,75081-1948,Proprietary  ,16,72,88,16,72,88
02596602,ATI CAREER TRAINING CENTER - DALLAS (STE,TX,75247-6103,Proprietary  ,56,221,277,56,221,277
02600200,OCEAN CORPORATION (THE)                 ,TX,77099-3479,Proprietary  ,45,193,238,45,193,238
02604700,CENTER FOR ADVANCED LEGAL STUDIES       ,TX,77098-4151,Proprietary  ,12,120,132,12,120,132
02606202,EVEREST COLLEGE - EVEREST INSTITUTE - BI,TX,77036-8014,Proprietary  ,94,321,415,94,321,415
02615000,SANFORD-BROWN COLLEGE                   ,TX,75247-6931,Proprietary  ,102,644,746,102,644,746
03009400,SW SCH BUS & TECH CAREERS               ,TX,78212-2840,Proprietary  ,11,33,44,11,33,44
03010604,VIRGINIA COLLEGE - VIRGINIA COLLEGE AT A,TX,78723-0000,Proprietary  ,57,327,384,57,327,384
03011800,UNIVERSITY OF COSMETOLOGY ARTS & SCIENCE,TX,78226-1160,Proprietary  ,29,38,67,29,38,67
03019800,PCI HEALTH TRAINING CENTER              ,TX,75247-4720,Proprietary  ,69,177,246,69,177,246
03021500,SW SCH BUS & TECH CAREERS               ,TX,78852-4859,Proprietary  ,44,44,88,44,44,88
03025000,TEXAS COLLEGE OF COSMETOLOGY            ,TX,79605-2001,Proprietary  ,17,42,59,17,42,59
03026500,REMINGTON COLLEGE - HOUSTON CAMPUS      ,TX,77082-1849,Proprietary  ,76,345,421,76,345,421
03026501,REMINGTON COLLEGE - NORTH HOUSTON CAMPUS,TX,77067-1849,Proprietary  ,37,125,162,37,125,162
03026505,REMINGTON COLLEGE - HOUSTON CAMPUS - DAL,TX,75041-9935,Proprietary  ,38,95,133,38,95,133
03026506,REMINGTON COLLEGE - FT. WORTH CAMPUS    ,TX,76112-1280,Proprietary  ,34,107,141,34,107,141
03028800,CIRCLE J BEAUTY SCHOOL                  ,TX,77587-3714,Proprietary  ,4,21,25,4,21,25
03031408,INTERNATIONAL ACADEMY OF DESIGN & TECHNO,TX,78229-2263,Proprietary  ,119,268,387,119,268,387
03032300,SCHOOL OF AUTOMOTIVE MACHINISTS         ,TX,77055-1803,Proprietary  ,47,68,115,47,68,115
03035200,TINT SCHOOL OF MAKEUP & COSMETOLOGY     ,TX,75229-3734,Proprietary  ,24,61,85,24,61,85
03035300,SOUTHERN CAREERS INSTITUTE              ,TX,78704-5252,Proprietary  ,14,141,155,14,141,155
03035301,SOUTHERN CAREERS INSTITUTE              ,TX,78577-0000,Proprietary  ,12,11,23,12,11,23
03035302,SOUTHERN CAREERS INSTITUTE - CORPUS CHRI,TX,78414-2904,Proprietary  ,15,39,54,15,39,54
03035303,SOUTHERN CAREERS INSTITUTE - #1         ,TX,78221-4351,Proprietary  ,8,61,69,8,61,69
03035305,SOUTHERN CAREERS INSTITUTE - BROWNSVILLE,TX,78520-8680,Proprietary  ,9,19,28,9,19,28
03035306,SOUTHERN CAREERS INSTITUTE - HARLINGEN  ,TX,78550-7911,Proprietary  ,19,22,41,19,22,41
03035307,SOUTHERN CAREERS INSTITUTE - CORPUS CHRI,TX,78410-1609,Proprietary  ,7,26,33,7,26,33
03061800,STAR COLLEGE OF COSMETOLOGY             ,TX,75702-8214,Proprietary  ,22,60,82,22,60,82
03064600,UNIVERSITY OF TEXAS AT BROWNSVILLE      ,TX,78520-4993,Public       ,6292,4725,11017,6292,4725,11017
03075400,ICC TECHNICAL INSTITUTE                 ,TX,77004-2930,Private      ,14,45,59,14,45,59
03076403,BRYMAN SCHOOL OF ARIZONA (THE) - ANTHEM ,TX,75038-4201,Proprietary  ,4,33,37,4,33,37
03079201,WESTWOOD COLLEGE OF TECHNOLOGY          ,TX,76180-0000,Proprietary  ,33,141,174,33,141,174
03103400,SOUTH TEXAS COLLEGE                     ,TX,78501-6699,Public       ,6817,4771,11588,6817,4771,11588
03104700,TEXAS COLLEGE OF COSMETOLOGY            ,TX,76903-4708,Proprietary  ,10,23,33,10,23,33
03108700,ROYAL BEAUTY CAREERS                    ,TX,77069-4611,Proprietary  ,21,71,92,21,71,92
03111000,MID-CITIES BARBER COLLEGE               ,TX,75051-4810,Proprietary  ,13,29,42,13,29,42
03115800,KAPLAN COLLEGE                          ,TX,78238-4203,Proprietary  ,70,374,444,70,374,444
03115802,KAPLAN COLLEGE - LAREDO                 ,TX,78041-6181,Proprietary  ,30,55,85,30,55,85
03115803,KAPLAN COLLEGE-BEAUMONT                 ,TX,77701-3706,Proprietary  ,32,158,190,32,158,190
03115804,KAPLAN COLLEGE - LUBBOCK                ,TX,79401-2601,Proprietary  ,38,135,173,38,135,173
03128100,ACADEMY OF HEALTH CARE PROFESSIONS      ,TX,77092-8108,Proprietary  ,68,224,292,68,224,292
03144300,NATIONAL BEAUTY COLLEGE                 ,TX,75043-4046,Proprietary  ,1,6,7,1,6,7
03153300,AMER COLL OF ACUPUNCTURE & O.M.         ,TX,77063-4104,Proprietary  ,3,46,49,3,46,49
03156400,ACADEMY OF ORIENTAL MEDICINE AT AUSTIN  ,TX,78757-1132,Proprietary  ,12,86,98,12,86,98
03159300,ARLINGTON MEDICAL INSTITUTE             ,TX,76011-0000,Proprietary  ,48,119,167,48,119,167
03170300,TEXAS A&M UNIVERSITY-TEXARKANA          ,TX,75501-0000,Public       ,502,765,1267,502,765,1267
03179500,TEXAS COLG TRADITIONAL CHINESE MED      ,TX,78704-6748,Proprietary  ,3,38,41,3,38,41
03189400,COLLEGE OF SAINT THOMAS MORE            ,TX,76109-2323,Private      ,21,31,52,21,31,52
03237400,FARIS COMPUTER SCHOOL                   ,TX,77627-3829,Proprietary  ,3,2,5,3,2,5
03272300,KAPLAN COLLEGE                          ,TX,75234-7288,Proprietary  ,46,340,386,46,340,386
03272301,KAPLAN COLLEGE - MIDLAND                ,TX,79703-5531,Proprietary  ,20,104,124,20,104,124
03272303,KAPLAN COLLEGE - ARLINGTON              ,TX,76010-8121,Proprietary  ,47,273,320,47,273,320
03275300,TOUCH OF CLASS SCHOOL OF COSM           ,TX,75402-6314,Proprietary  ,7,20,27,7,20,27
03276300,ACADEMY OF HAIR DESIGN                  ,TX,75901-4900,Proprietary  ,15,30,45,15,30,45
03277300,ACADEMY OF HAIR DESIGN                  ,TX,77701-4650,Proprietary  ,9,27,36,9,27,36
03303300,NORTHWEST EDUCATIONAL CENTER            ,TX,77092-7055,Proprietary  ,4,32,36,4,32,36
03371300,TONI&GUY HAIRDRESSING ACADEMY           ,TX,75006-2351,Proprietary  ,35,75,110,35,75,110
03372300,NORTHWEST VISTA COLLEGE                 ,TX,78251-4217,Public       ,3355,3446,6801,3355,3446,6801
03396500,TEXAS STATE TECHNICAL COLG/MARSHALL     ,TX,75672-7402,Public       ,122,173,295,122,173,295
03400300,CAREER QUEST                            ,TX,78229-3539,Proprietary  ,12,94,106,12,94,106
03412300,ADVANCED BARBER COLLEGE & HAIR DESI     ,TX,78596-0000,Proprietary  ,13,37,50,13,37,50
03416500,DALLAS NURSING INSTITUTE                ,TX,75243-5502,Proprietary  ,133,710,843,133,710,843
03422300,MILAN INSTITUTE                         ,TX,78238-4103,Proprietary  ,217,448,665,217,448,665
03422400,COLLEGE OF BIBLICAL STUDIES-HOUSTON     ,TX,77036-3211,Private      ,25,230,255,25,230,255
03424400,MEDVANCE INSTITUTE                      ,TX,77057-7386,Proprietary  ,71,240,311,71,240,311
03426300,CAREER ADVANCEMENT CENTER               ,TX,78752-1470,Proprietary  ,7,57,64,7,57,64
03480304,MEDVANCE INSTITUTE OF BATON ROUGE - GRAN,TX,75050-2342,Proprietary  ,6,88,94,6,88,94
03509400,CORYELL COSMETOLOGY COLLEGE             ,TX,76528-2036,Proprietary  ,2,5,7,2,5,7
03520300,LUBBOCK HAIR ACADEMY                    ,TX,79410-3524,Proprietary  ,7,25,32,7,25,32
03542300,CONCORDE CAREER INSTITUTE               ,TX,76011-4016,Proprietary  ,59,379,438,59,379,438
03551400,STATE BEAUTY ACADEMY                    ,TX,75116-3501,Proprietary  ,2,7,9,2,7,9
03556400,KUSSAD INSTITUTE OF COURT REPORTING     ,TX,78704-5712,Proprietary  ,1,12,13,1,12,13
03573300,AVIATION INSTITUTE OF MAINTENANCE       ,TX,75209-3017,Proprietary  ,71,232,303,71,232,303
03610300,MJ'S BEAUTY ACADEMY INC                 ,TX,75224-4409,Proprietary  ,7,18,25,7,18,25
03612400,VALLEY GRANDE INSTITUTE FOR ACADEMI     ,TX,78596-0000,Private      ,31,104,135,31,104,135
03627300,LAMAR INSTITUTE OF TECHNOLOGY           ,TX,77705-4142,Public       ,680,988,1668,680,988,1668
03676400,HEALTHY HAIR ACADEMY                    ,TX,75227-0000,Proprietary  ,2,28,30,2,28,30
03680300,JAY'S TECHNICAL INSTITUTE               ,TX,77031-3509,Proprietary  ,8,21,29,8,21,29
03682400,DALLAS BARBER & STYLIST COLLEGE         ,TX,75231-0000,Proprietary  ,35,92,127,35,92,127
03714300,TREND BARBER COLLEGE                    ,TX,77071-2104,Proprietary  ,27,97,124,27,97,124
03723300,CULINARY INST ALAIN & MARIE LENOTRE     ,TX,77022-4322,Proprietary  ,55,129,184,55,129,184
03727600,CULINARY ACADEMY OF AUSTIN              ,TX,78752-0000,Proprietary  ,120,138,258,120,138,258
03731300,INTERNATIONAL RENOWNED BEAUTY ACADE     ,TX,76103-2504,Proprietary  ,2,14,16,2,14,16
03733300,BAPTIST UNIVERSITY OF THE AMERICAS      ,TX,78224-1336,Private      ,19,72,91,19,72,91
03756300,ANAMARC COLLEGE                         ,TX,79930-6230,Proprietary  ,56,237,293,56,237,293
03922300,SOUTH TEXAS BARBER COLLEGE              ,TX,78415-3463,Proprietary  ,6,25,31,6,25,31
03944400,PROFESSIONAL CAREERS INSTITUTE          ,TX,77036-2252,Proprietary  ,8,42,50,8,42,50
03970300,HANDS ON THERAPY                        ,TX,75149-2294,Proprietary  ,6,17,23,6,17,23
03987300,TEXAS HEALTH SCHOOL                     ,TX,77079-2106,Proprietary  ,51,130,181,51,130,181
04036300,SOUTHEAST TEXAS CAREER INSTITUTE        ,TX,77656-8601,Proprietary  ,3,24,27,3,24,27
04045300,NORTHWEST BEAUTY SCHOOL                 ,TX,77091-1208,Proprietary  ,11,24,35,11,24,35
04045400,MAI-TRIX BEAUTY COLLEGE                 ,TX,77040-0000,Proprietary  ,11,34,45,11,34,45
04082300,PROFESSIONAL CAREER TRAINING INSTITUTE  ,TX,77090-0000,Proprietary  ,7,29,36,7,29,36
04089400,CCI TRAINING CENTER                     ,TX,76011-4857,Proprietary  ,8,59,67,8,59,67
04117900,CHAMPION BEAUTY COLLEGE                 ,TX,77069-4611,Proprietary  ,18,63,81,18,63,81
04125400,ACADEMY AT AUSTIN (THE)                 ,TX,78660-3287,Proprietary  ,29,72,101,29,72,101
04125500,MANUEL AND THERESA'S SCHOOL OF HAIR DESI,TX,77803-3236,Proprietary  ,2,7,9,2,7,9
04129800,MEDIATECH INSTITUTE DALLAS              ,TX,75039-3105,Proprietary  ,57,111,168,57,111,168
04129801,MEDIATECH INSTITUTE AUSTIN              ,TX,78704-8933,Proprietary  ,35,56,91,35,56,91
04129802,MEDIATECH INSTITUTE HOUSTON             ,TX,77042-4712,Proprietary  ,29,50,79,29,50,79
04131700,SOUTHWEST CAREER COLLEGE                ,TX,79925-6230,Proprietary  ,99,303,402,99,303,402
04135600,CANNON INSTITUTE OF HIGHER LEARNING     ,TX,75247-9998,Proprietary  ,1,15,16,1,15,16
04136500,PCCENTER                                ,TX,75115-4214,Proprietary  ,4,15,19,4,15,19
04138500,CARDIOTECH ULTRASOUND SCHOOL            ,TX,77099-1440,Proprietary  ,32,108,140,32,108,140
04142300,AVEDA INSTITUTE SAN ANTONIO             ,TX,78215-1260,Proprietary  ,55,102,157,55,102,157
04146600,360 DEGREES BEAUTY ACADEMY              ,TX,77084-2714,Proprietary  ,7,25,32,7,25,32
04146700,AVIATION INSTITUTE OF MAINTENANCE       ,TX,77061-4004,Proprietary  ,19,54,73,19,54,73
04146800,SOUTH TEXAS TRAINING CENTER             ,TX,78586-7721,Proprietary  ,4,12,16,4,12,16
04152700,ASTRODOME CAREER CENTERS                ,TX,77054-2678,Proprietary  ,4,34,38,4,34,38
04154800,DUVALL'S SCHOOL OF COSMETOLOGY          ,TX,76021-4159,Proprietary  ,3,14,17,3,14,17
04155800,ADVANCED BEAUTY COLLEGE                 ,TX,75061-1918,Proprietary  ,7,18,25,7,18,25
04158500,TEXAS BEAUTY COLLEGE                    ,TX,76117-3201,Proprietary  ,5,8,13,5,8,13
04160700,AVENUE FIVE INSTITUTE                   ,TX,78757-7000,Proprietary  ,24,95,119,24,95,119
04161100,CORPUS CHRISTI BEAUTY ACADEMY           ,TX,78412-3900,Proprietary  ,23,24,47,23,24,47
04165800,SALON PROFESSIONAL ACADEMY (THE)        ,TX,75067-5390,Proprietary  ,8,29,37,8,29,37
04168700,LAWYER'S ASSISTANT SCHOOL OF DALLAS     ,TX,75201-2829,Proprietary  ,14,71,85,14,71,85
04168800,ABC BEAUTY ACADEMY                      ,TX,75042-8682,Proprietary  ,8,30,38,8,30,38
04169000,SALON & SPA INSTITUTE                   ,TX,78521-1727,Proprietary  ,5,11,16,5,11,16
04169100,DIAMONDS COSMETOLOGY COLLEGE            ,TX,75090-2657,Proprietary  ,2,20,22,2,20,22
04177900,BUCKNER BARBER SCHOOL                   ,TX,75217-1775,Proprietary  ,10,25,35,10,25,35
04179500,NORTH AMERICAN COLLEGE                  ,TX,77038-0000,Private      ,26,11,37,26,11,37
00367000,BRIGHAM YOUNG UNIVERSITY                ,UT,84602-8406,Private      ,6735,4445,11180,6735,4445,11180
00367100,DIXIE STATE COLLEGE OF UTAH             ,UT,84770-3876,Public       ,1764,1610,3374,1764,1610,3374
00367200,LDS BUSINESS COLLEGE                    ,UT,84101-3500,Private      ,369,366,735,369,366,735
00367400,STEVENS HENAGER COLLEGE                 ,UT,84401-1420,Proprietary  ,252,3221,3473,252,3221,3473
00367500,UNIVERSITY OF UTAH                      ,UT,84112-9055,Public       ,7422,8463,15885,7422,8463,15885
00367600,COLLEGE OF EASTERN UTAH                 ,UT,84501-2699,Public       ,301,247,548,301,247,548
00367700,UTAH STATE UNIVERSITY                   ,UT,84322-1400,Public       ,5180,4366,9546,5180,4366,9546
00367800,SOUTHERN UTAH UNIVERSITY                ,UT,84720-2470,Public       ,2467,1177,3644,2467,1177,3644
00367900,SNOW COLLEGE                            ,UT,84627-1299,Public       ,1196,390,1586,1196,390,1586
00368000,WEBER STATE UNIVERSITY                  ,UT,84408-1136,Public       ,3483,5076,8559,3483,5076,8559
00368100,WESTMINSTER COLLEGE                     ,UT,84105-3697,Private      ,1943,786,2729,1943,786,2729
00402700,UTAH VALLEY UNIVERSITY                  ,UT,84058-5999,Public       ,3561,5339,8900,3561,5339,8900
00522000,SALT LAKE COMMUNITY COLLEGE             ,UT,84123-0000,Public       ,2731,5881,8612,2731,5881,8612
00732953,ITT TECHNICAL INSTITUTE                 ,UT,84123-2500,Proprietary  ,48,251,299,48,251,299
00943300,SHERMAN KENDALL'S ACADEMY OF BEAUTY     ,UT,84106-1836,Proprietary  ,5,18,23,5,18,23
01009800,NEUMONT UNIVERSITY                      ,UT,84095-0000,Proprietary  ,407,81,488,407,81,488
01116500,UINTAH BASIN APPLIED TECHNOLOGY CLG     ,UT,84066-0000,Public       ,9,56,65,9,56,65
01116600,BROADVIEW UNIVERSITY                    ,UT,84088-4021,Proprietary  ,98,346,444,98,346,444
02078800,SHERMAN KENDALL'S ACADEMY OF BEAUTY     ,UT,84047-0000,Proprietary  ,1,12,13,1,12,13
02115400,BRIDGERLAND APPLIED TECHNOLOGY COLLEGE  ,UT,84321-0000,Public       ,116,374,490,116,374,490
02156600,DAVIS APPLIED TECHNOLOGY COLLEGE        ,UT,84037-0000,Public       ,129,540,669,129,540,669
02178500,EAGLE GATE COLLEGE                      ,UT,84123-0000,Proprietary  ,51,459,510,51,459,510
02270800,AMERITECH COLLEGE                       ,UT,84604-6927,Proprietary  ,29,229,258,29,229,258
02270802,AMERITECH COLLEGE - DRAPER              ,UT,84020-6545,Proprietary  ,10,115,125,10,115,125
02298500,EVEREST COLLEGE                         ,UT,84119-2668,Proprietary  ,30,196,226,30,196,226
02346500,OGDEN-WEBER APPLIED TECHNOLOGY COLG     ,UT,84404-0000,Public       ,131,571,702,131,571,702
02360800,PROVO COLLEGE                           ,UT,84601-0000,Proprietary  ,81,206,287,81,206,287
02504000,MARINELLO SCHOOL OF BEAUTY              ,UT,84041-0000,Proprietary  ,7,33,40,7,33,40
02504001,MARINELLO SCHOOL OF BEAUTY - MAIN STREET,UT,84041-3002,Proprietary  ,3,12,15,3,12,15
02516100,MARINELLO SCHOOL OF BEAUTY              ,UT,84405-1501,Proprietary  ,8,29,37,8,29,37
02531800,VON CURTIS ACADEMY OF HAIR DESIGN       ,UT,84606-0000,Proprietary  ,236,229,465,236,229,465
02556800,PAUL MITCHELL THE SCHOOL                ,UT,84117-7204,Proprietary  ,37,56,93,37,56,93
02556801,PAUL MITCHELL THE SCHOOL                ,UT,84780-0000,Proprietary  ,11,18,29,11,18,29
02557700,PREMIER HAIR ACADEMY                    ,UT,84120-3603,Proprietary  ,4,13,17,4,13,17
02572700,EVANS HAIRSTYLING COLLEGE               ,UT,84770-0000,Proprietary  ,11,15,26,11,15,26
02572800,VISTA COLLEGE                           ,UT,84015-0000,Proprietary  ,3,40,43,3,40,43
02573100,EVANS HAIRSTYLING COLLEGE               ,UT,84720-0000,Proprietary  ,13,13,26,13,13,26
02612200,MARINELLO SCHOOL OF BEAUTY              ,UT,84604-1585,Proprietary  ,18,28,46,18,28,46
03030600,UTAH COLLEGE OF MASSAGE THERAPY         ,UT,84111-1606,Proprietary  ,67,144,211,67,144,211
03030601,UTAH CLG OF MASSAGE THER-PROVO CMPS     ,UT,84042-0000,Proprietary  ,25,38,63,25,38,63
03082100,MYOTHERAPY COLLEGE OF UTAH              ,UT,84115-2522,Proprietary  ,4,29,33,4,29,33
03108200,ECHELON EDGE ACADEMY OF HAIR SKIN & NAIL,UT,84070-2004,Proprietary  ,6,21,27,6,21,27
03110400,HAIRITAGE HAIR ACADEMY                  ,UT,84770-5233,Proprietary  ,14,9,23,14,9,23
03339400,WESTERN GOVERNORS UNIVERSITY            ,UT,84107-2533,Private      ,294,9202,9496,294,9202,9496
03413300,MOUNTAINLAND APPLIED TECHNOLOGY COLLEGE ,UT,84058-5857,Public       ,78,179,257,78,179,257
03463300,CAREERS UNLIMITED                       ,UT,84058-0000,Proprietary  ,13,70,83,13,70,83
03617300,HEALING MOUNTAIN MASSAGE SCHOOL         ,UT,84111-0000,Proprietary  ,12,22,34,12,22,34
03829500,SKINWORKS SCHOOL OF ADVANCED SKINCARE   ,UT,84115-0000,Proprietary  ,4,11,15,4,11,15
03838300,OGDEN INSTITUTE OF MASSAGE THERAPY      ,UT,84403-0000,Proprietary  ,6,30,36,6,30,36
03902300,RENAISSANCE SCHOOL OF THERAPEUTIC MASSAG,UT,84010-2835,Proprietary  ,2,6,8,2,6,8
03909300,MAXIMUM STYLE TEC SCHOOL OF COSMETOLOGY ,UT,84323-4679,Proprietary  ,11,28,39,11,28,39
03921300,CAMEO COLLEGE OF ESSENTIAL BEAUTY       ,UT,84115-0000,Proprietary  ,42,86,128,42,86,128
04054300,SOUTHWEST APPLIED TECHNOLOGY COLLEGE    ,UT,84720-6608,Public       ,20,67,87,20,67,87
04072300,AVEDA INSTITUTE PROVO                   ,UT,84604-1008,Proprietary  ,20,36,56,20,36,56
04118100,IMAGEWORKS ACADEMY OF HAIR DESIGN       ,UT,84660-1210,Proprietary  ,6,15,21,6,15,21
04121700,DIXIE APPLIED TECHNOLOGY COLLEGE        ,UT,84770-3025,Public       ,154,160,314,154,160,314
04142100,SKIN INSTITUTE (THE)                    ,UT,84770-6452,Proprietary  ,4,4,8,4,4,8
04145500,SKIN SCIENCE INSTITUTE (THE)            ,UT,84115-0000,Proprietary  ,9,33,42,9,33,42
04153000,RENAISSANCE ACADEMIE                    ,UT,84604-0000,Proprietary  ,8,12,20,8,12,20
04161900,MANDALYN ACADEMY                        ,UT,84003-2161,Proprietary  ,3,8,11,3,8,11
04165500,ACAYDIA SCHOOL OF AESTHETICS            ,UT,84601-0000,Proprietary  ,6,26,32,6,26,32
04169900,AMERICAN BEAUTY ACADEMY                 ,UT,84651-0000,Proprietary  ,8,10,18,8,10,18
04173200,TAYLOR ANDREWS ACADEMY OF HAIR DESIGN   ,UT,84088-6577,Proprietary  ,15,47,62,15,47,62
00368200,BENNINGTON COLLEGE                      ,VT,05201-6001,Private      ,1025,173,1198,1025,173,1198
00368300,CASTLETON STATE COLLEGE                 ,VT,05735-0000,Public       ,2377,262,2639,2377,262,2639
00368400,CHAMPLAIN COLLEGE                       ,VT,05401-3950,Private      ,2596,507,3103,2596,507,3103
00368402,WOODBURY COLLEGE                        ,VT,05602-0000,Private      ,2,9,11,2,9,11
00368500,COLLEGE OF ST JOSEPH                    ,VT,05701-3899,Private      ,102,118,220,102,118,220
00368600,GODDARD COLLEGE                         ,VT,05667-0000,Private      ,35,380,415,35,380,415
00368700,GREEN MOUNTAIN COLLEGE                  ,VT,05764-1199,Private      ,785,99,884,785,99,884
00368800,JOHNSON STATE COLLEGE                   ,VT,05656-9898,Public       ,1086,450,1536,1086,450,1536
00368900,LYNDON STATE COLLEGE                    ,VT,05851-0919,Public       ,1505,212,1717,1505,212,1717
00369000,MARLBORO COLLEGE                        ,VT,05344-0300,Private      ,319,62,381,319,62,381
00369100,MIDDLEBURY COLLEGE                      ,VT,05753-0000,Private      ,3772,345,4117,3772,345,4117
00369200,NORWICH UNIVERSITY                      ,VT,05663-1035,Private      ,2720,580,3300,2720,580,3300
00369300,SOUTHERN VERMONT COLLEGE                ,VT,05201-6002,Private      ,490,111,601,490,111,601
00369400,ST MICHAELS COLLEGE                     ,VT,05439-0001,Private      ,3401,143,3544,3401,143,3544
00369600,UNIVERSITY OF VERMONT                   ,VT,05405-0160,Public       ,18100,2639,20739,18100,2639,20739
00369700,VERMONT COLLEGE OF FINE ARTS            ,VT,05602-3128,Private      ,10,198,208,10,198,208
00369800,VERMONT TECHNICAL COLLEGE               ,VT,05061-0000,Public       ,854,559,1413,854,559,1413
00857500,SALON PROFESSIONAL ACADEMY (THE)        ,VT,05495-4001,Proprietary  ,17,20,37,17,20,37
00865800,O'BRIENS AVEDA INSTITUTE                ,VT,05403-7747,Proprietary  ,12,21,33,12,21,33
00886000,SIT                                     ,VT,05301-4801,Private      ,6,278,284,6,278,284
01116700,COMMUNITY COLLEGE OF VERMONT            ,VT,05676-0000,Public       ,682,1340,2022,682,1340,2022
01193400,VERMONT LAW SCHOOL                      ,VT,05068-0000,Private      ,1,781,782,1,781,782
01218300,BURLINGTON COLLEGE                      ,VT,05401-8477,Private      ,155,68,223,155,68,223
02143500,STERLING COLLEGE                        ,VT,05827-0000,Private      ,98,24,122,98,24,122
02254000,NEW ENGLAND CULINARY INSTITUTE          ,VT,05602-0000,Proprietary  ,311,125,436,311,125,436
02532600,LANDMARK COLLEGE                        ,VT,05346-0000,Private      ,274,41,315,274,41,315
03708300,BURLINGTON TECHNICAL CENTER             ,VT,05401-2721,Public       ,4,13,17,4,13,17
04146900,ADVANCED WELDING INSTITUTE              ,VT,05403-0000,Proprietary  ,7,8,15,7,8,15
00392800,CASPER COLLEGE                          ,WY,82601-4612,Public       ,661,735,1396,661,735,1396
00392900,EASTERN WYOMING COLLEGE                 ,WY,82240-1603,Public       ,285,161,446,285,161,446
00393000,SHERIDAN COLLEGE                        ,WY,82801-9133,Public       ,503,424,927,503,424,927
00393100,NORTHWEST COLLEGE                       ,WY,82435-1895,Public       ,547,240,787,547,240,787
00393200,UNIVERSITY OF WYOMING                   ,WY,82071-3663,Public       ,4635,2674,7309,4635,2674,7309
00393300,WESTERN WYOMING COMMUNITY COLLEGE       ,WY,82902-0000,Public       ,452,423,875,452,423,875
00728900,CENTRAL WYOMING COLLEGE                 ,WY,82501-0000,Public       ,292,355,647,292,355,647
00915700,WYOMING TECHNICAL INSTITUTE             ,WY,82072-9519,Proprietary  ,689,282,971,689,282,971
00925900,LARAMIE COUNTY COMMUNITY CLG            ,WY,82007-3299,Public       ,846,1037,1883,846,1037,1883
02211900,CHEEKS INTERNATIONAL ACDMY              ,WY,82001-0000,Proprietary  ,22,36,58,22,36,58
00393500,UNIV OF GUAM                            ,GU,96923-0000,Public       ,569,485,1054,569,485,1054
01536100,GUAM COMMUNITY COLLEGE                  ,GU,96921-0000,Public       ,243,386,629,243,386,629
03438300,PACIFIC ISLANDS UNIVERSITY              ,GU,96913-2619,Private      ,15,28,43,15,28,43
00393600,PONTIFICAL CATHOLIC UNIV OF PR          ,PR,00717-0777,Private      ,2005,1097,3102,2005,1097,3102
00393700,UNIVERSITY OF THE SACRED HEART          ,PR,00914-0383,Private      ,861,521,1382,861,521,1382
00393800,INTER-AMER UNIV PR-CNTRL ADMN           ,PR,00936-0000,Private      ,462,935,1397,462,935,1397
00393801,INTER-AMER UNIV PR SCHL LAW             ,PR,00936-8351,Private      ,9,88,97,9,88,97
00393802,INTER AMERICAN UNIVERSITY OF PUERTO RICO,PR,00926-0000,Private      ,340,300,640,340,300,640
00393803,INTER AMERICAN UNIVERSITY OF PR         ,PR,00683-0000,Private      ,458,260,718,458,260,718
00393804,INTER-AMER UNIV PR-RECINTO AGUADILA     ,PR,00605-2000,Private      ,498,430,928,498,430,928
00393805,INTER-AMER UNIV PR-ARECIBO CAMPUS       ,PR,00614-4050,Private      ,428,360,788,428,360,788
00393806,INTER-AMER UNIV PR-BARRANQUITAS REG     ,PR,00794-0517,Private      ,312,124,436,312,124,436
00393807,INTER-AMER UNIV PR-FAJARDO REGIONAL     ,PR,00738-0000,Private      ,103,128,231,103,128,231
00393808,INTER-AMER UNIV PR - GUAYAMA CAMPUS     ,PR,00785-4004,Private      ,148,170,318,148,170,318
00393809,INTER-AMER UNIV PR-PONCE REGIONAL       ,PR,00715-0000,Private      ,426,527,953,426,527,953
00393811,INTER-AMER UNIV PR-BAYAMON REG CLG      ,PR,00959-0000,Private      ,506,247,753,506,247,753
00394100,COLEGIO UNIVERSITARIO DEL ESTE          ,PR,00983-0000,Private      ,753,880,1633,753,880,1633
00394200,UNIVERSITY OF PR-CENTRAL ADMINISTRATION ,PR,00936-4984,Public       ,120,59,179,120,59,179
00394300,UNIVERSITY OF PUERTO RICO - HUMACAO UNIV,PR,00791-4300,Public       ,470,114,584,470,114,584
00394400,UNIVERSITY OF PUERTO RICO - MAYAGUEZ    ,PR,00680-0000,Public       ,3224,995,4219,3224,995,4219
00501900,UNIV ADVENTISTA DE LAS ANTILLAS         ,PR,00681-0118,Private      ,143,58,201,143,58,201
00502200,BAYAMON CENTRAL UNIVERSITY              ,PR,00960-0000,Private      ,118,167,285,118,167,285
00710800,UNIVERSITY OF PUERTO RICO - RIO PIEDRAS ,PR,00931-3300,Public       ,1250,678,1928,1250,678,1928
00720600,UNIVERSITY OF PUERTO RICO - CAYEY UNIVER,PR,00736-5534,Public       ,907,228,1135,907,228,1135
00722800,UNIVERSITY OF PUERTO RICO - ARECIBO     ,PR,00614-4010,Public       ,1248,239,1487,1248,239,1487
00890200,COLUMBIA CENTRO UNIVERSITARIO           ,PR,00726-0000,Proprietary  ,91,107,198,91,107,198
00965200,"UNIVERSITY OF PUERTO RICO, PONCE TECH UN",PR,00716-0000,Public       ,858,149,1007,858,149,1007
01056700,COLEGIO TECNOLOGICO DE SAN JUAN         ,PR,00918-2973,Public       ,59,129,188,59,129,188
01072400,CARLOS ALBIZU UNIVERSITY                ,PR,00902-3711,Private      ,37,179,216,37,179,216
01081900,CONSERVATORIO DE MUSICA DE PUERTO RICO  ,PR,00907-3373,Public       ,43,18,61,43,18,61
01092200,UNIVERSITY OF PUERTO RICO - UTUADO      ,PR,00641-2500,Public       ,278,100,378,278,100,378
01097500,UNIVERSITY OF PUERTO RICO BAYAMON TECHNI,PR,00959-1911,Public       ,907,199,1106,907,199,1106
01120300,RYDER MEMORIAL HOSP SCH OF NURSING      ,PR,00792-0000,Private      ,3,2,5,3,2,5
01171900,UNIVERSIDAD DEL TURABO                  ,PR,00778-0000,Private      ,1714,2006,3720,1714,2006,3720
01194000,ICPR JUNIOR COLLEGE                     ,PR,00919-0000,Proprietary  ,53,73,126,53,73,126
01194100,AMERICAN UNIVERSITY OF PUERTO RICO      ,PR,00960-2037,Private      ,88,111,199,88,111,199
01194101,AMERICAN UNIVERSITY OF PUERTO RICO      ,PR,00674-0000,Private      ,113,126,239,113,126,239
01212300,"UNIVERSITY OF PUERTO RICO, AGUADILLA REG",PR,00604-0160,Public       ,351,95,446,351,95,446
01252500,CARIBBEAN UNIVERSITY                    ,PR,00960-0493,Private      ,331,466,797,331,466,797
02063100,MBTI BUSINESS TRNG INSTITUTE            ,PR,00907-3917,Proprietary  ,20,77,97,20,77,97
02100000,POLYTECHNIC UNIVERSITY OF PR            ,PR,00917-0000,Private      ,442,421,863,442,421,863
02163300,UNIVERSIDAD CENTRAL DEL CARIBE          ,PR,00960-0000,Private      ,16,68,84,16,68,84
02165100,EDP COLLEGE OF PUERTO RICO              ,PR,00919-0000,Private      ,45,146,191,45,146,191
02166000,CENTER FOR ADVANCED STUDIES OF PUER     ,PR,00902-0000,Private      ,3,29,32,3,29,32
02166400,INSTITUTO DE BANCA Y COMERCIO           ,PR,00925-0000,Proprietary  ,296,612,908,296,612,908
02170300,INST EDUC TECNIA OCUP LA REINA          ,PR,00674-0000,Proprietary  ,4,0,4,4,0,4
02189100,CENTRO DE ESTUDIOS MULTIDISCIPLIN       ,PR,00926-0000,Private      ,7,14,21,7,14,21
02189300,EMMA'S BEAUTY ACADEMY                   ,PR,00680-0000,Proprietary  ,6,8,14,6,8,14
02195400,MODERN HAIRSTYLING INSTITUTE            ,PR,00961-0000,Proprietary  ,2,2,4,2,2,4
02195800,LICEO E ARTE Y TECNOLGIA                ,PR,00919-0000,Proprietary  ,74,100,174,74,100,174
02195900,MODERN HAIRSTYLING INSTITUTE            ,PR,00980-0000,Proprietary  ,6,2,8,6,2,8
02234900,ANTILLES SCHOOL OF TECH CAREERS         ,PR,00909-3006,Proprietary  ,7,6,13,7,6,13
02241901,COMMONWEALTH OF PR DEPT OF EDUC - CARLOS,PR,00986-0000,Public       ,13,27,40,13,27,40
02241902,COMMONWEALTH OF PR DEPT OF EDUC - TOMAS ,PR,00613-0000,Public       ,5,2,7,5,2,7
02241904,COMMONWEALTH OF PR DEPT OF EDUC - ITPR R,PR,00655-0000,Public       ,56,38,94,56,38,94
02241905,COMMONWEALTH OF PR DEPT OF EDUC - JOSE A,PR,00674-0000,Public       ,15,7,22,15,7,22
02241907,COMMONWEALTH OF PR DEPT OF EDUC - ITPR R,PR,00928-0000,Public       ,34,22,56,34,22,56
02241908,COMMONWEALTH OF PR DEPT OF EDUC - ITPR R,PR,00732-0000,Public       ,35,25,60,35,25,60
02241909,COMMONWEALTH OF PR DEPT OF EDUC - TROQUE,PR,00959-0000,Public       ,5,2,7,5,2,7
02241910,COMMONWEALTH OF PR DEPT OF EDUC - ITPR R,PR,00701-1091,Public       ,115,46,161,115,46,161
02260600,NATIONAL COLLEGE OF BUSINESS & TECH     ,PR,00960-2036,Proprietary  ,693,1326,2019,693,1326,2019
02260800,HUERTAS JUNIOR COLLEGE                  ,PR,00726-0000,Proprietary  ,45,61,106,45,61,106
02297700,AUTOMECA TECHNICAL COLLEGE              ,PR,00957-0000,Proprietary  ,34,38,72,34,38,72
02303800,AMERICAN EDUCATIONAL COLLEGE            ,PR,00961-0000,Proprietary  ,5,3,8,5,3,8
02335500,COLEGIO BIBLICO PENTECOSTAL DE PR       ,PR,00978-0000,Private      ,3,27,30,3,27,30
02340600,HUMACAO COMMUNITY COLLEGE               ,PR,00792-0000,Private      ,3,5,8,3,5,8
02343600,INSTITUTE OF BEAUTY CAREERS             ,PR,00613-0000,Proprietary  ,4,15,19,4,15,19
02460000,UNIVERSITY OF PUERTO RICO - MEDICAL SCIE,PR,00936-0000,Public       ,156,170,326,156,170,326
02482400,PONCE SCHOOL OF MEDICINE AND HEALTH SCIE,PR,00716-2347,Private      ,19,142,161,19,142,161
02502400,SERBIA'S SCHOOL OF BEAUTY CULTURE       ,PR,00785-0000,Proprietary  ,7,15,22,7,15,22
02504500,INSTITUCION CHAVIANO DE MAYAGUEZ        ,PR,00708-0000,Proprietary  ,1,3,4,1,3,4
02505400,ATLANTIC COLLEGE                        ,PR,00970-0000,Private      ,70,31,101,70,31,101
02534900,PONCE PARAMEDICAL COLLEGE (POPAC)       ,PR,00731-0000,Proprietary  ,106,72,178,106,72,178
02552300,COLEGIO MAYOR DE TECHNOLOGIA            ,PR,00714-0000,Proprietary  ,8,16,24,8,16,24
02562500,INTERNATIONAL TECHNICAL COLLEGE         ,PR,00918-0000,Proprietary  ,5,28,33,5,28,33
02569400,ESCUELA DE ARTES PLASTICAS              ,PR,00902-1112,Public       ,94,50,144,94,50,144
02570400,EDUCATIONAL TECHNICAL COLLEGE           ,PR,00925-3404,Proprietary  ,4,13,17,4,13,17
02576100,ESCUELA TECNICA DE ELECTRICIDAD         ,PR,00731-0000,Proprietary  ,15,20,35,15,20,35
02587500,UNIVERSIDAD METROPOLITANA               ,PR,00928-0000,Private      ,1015,1303,2318,1015,1303,2318
02588600,SEMINARIO EVANGELICO DE PUERTO RICO     ,PR,00925-0000,Private      ,0,5,5,0,5,5
02593700,HISPANIC AMERICAN COLLEGE               ,PR,00725-0000,Proprietary  ,4,3,7,4,3,7
03016000,UNIVERSITY OF PUERTO RICO CAROLINA REGIO,PR,00985-0000,Public       ,558,135,693,558,135,693
03021900,EDIC COLLEGE                            ,PR,00726-0000,Proprietary  ,30,22,52,30,22,52
03025500,MECH TECH COLLEGE                       ,PR,00725-6118,Proprietary  ,587,335,922,587,335,922
03025900,"LICEO DE ARTE, DISENOS Y COMERCIO       ",PR,00726-0000,Proprietary  ,5,8,13,5,8,13
03029700,"UNIVERSAL TECHNOLOGY CLG OF PR, INC     ",PR,00605-1955,Private      ,95,201,296,95,201,296
03061900,COLEGIO TECHNOLOGICO Y COMERCIAL        ,PR,00602-0960,Proprietary  ,2,0,2,2,0,2
03068400,STAR BEAUTY ACADEMY                     ,PR,00961-6312,Proprietary  ,1,0,1,1,0,1
03070500,D'MART INSTITUTE                        ,PR,00794-3517,Proprietary  ,82,231,313,82,231,313
03075600,EMMA'S BEAUTY ACADEMY                   ,PR,00795-0000,Proprietary  ,0,2,2,0,2,2
03085700,PROFESSIONAL TECHNICAL INSTITUTION      ,PR,00960-7061,Proprietary  ,1,2,3,1,2,3
03104400,PROFESSIONAL ELECTRIC SCHOOL            ,PR,00674-1797,Proprietary  ,1,1,2,1,1,2
03106900,ESCUELA DE PERITOS ELECTRICITAS         ,PR,00662-0457,Proprietary  ,2,4,6,2,4,6
03112100,JOHN DEWEY COLLEGE                      ,PR,00915-9538,Private      ,37,160,197,37,160,197
03112101,JOHN DEWEY COLLEGE                      ,PR,00986-0000,Private      ,7,10,17,7,10,17
03112102,JOHN DEWEY COLLEGE-BAYAMON CAMPUS       ,PR,00959-0000,Private      ,1,2,3,1,2,3
03112104,JOHN DEWEY COLLEGE - YABUCOA LRNING SITE,PR,00767-0767,Private      ,15,43,58,15,43,58
03112105,JOHN DEWEY COLLEGE - FAJARDO BRANCH     ,PR,00738-0738,Private      ,13,22,35,13,22,35
03112106,JOHN DEWEY COLLEGE - ARROYO BRANCH      ,PR,00714-0714,Private      ,4,17,21,4,17,21
03112107,JOHN DEWEY COLLEGE - JUANA DIAZ BRANCH  ,PR,00795-0000,Private      ,2,3,5,2,3,5
03112108,JOHN DEWEY COLLEGE - HATILLO CAMPUS     ,PR,00659-0000,Private      ,0,1,1,0,1,1
03112109,JOHN DEWEY COLLEGE - MANATI             ,PR,00674-0000,Private      ,2,4,6,2,4,6
03115900,TRINITY COLLEGE OF PUERTO RICO          ,PR,00734-0000,Private      ,5,3,8,5,3,8
03122500,ACADEMIA SERRANT INC.                   ,PR,00717-1568,Proprietary  ,6,5,11,6,5,11
03123100,GLOBELLE TECHNICAL INSTITUTE            ,PR,00693-4218,Proprietary  ,0,1,1,0,1,1
03124200,NOVA COLLEGE DE PUERTO RICO             ,PR,00960-4016,Proprietary  ,4,18,22,4,18,22
03157600,"COLEGIO DE CINEMATOGRAFIA, ARTES Y TELEV",PR,00961-6345,Proprietary  ,24,17,41,24,17,41
03177300,SAN JUAN BAUTISTA SCH OF MEDICINE       ,PR,00726-0000,Private      ,4,122,126,4,122,126
03326300,UNIVERSAL CAREER COMMUNITY COLLEGE      ,PR,00907-0000,Proprietary  ,72,129,201,72,129,201
03336300,CENTURY COLLEGE                         ,PR,00603-0000,Proprietary  ,4,3,7,4,3,7
03414300,MONTECLARO                              ,PR,00745-9612,Private      ,1,1,2,1,1,2
03452300,INSTITUTO PRE-VOCACIONAL E INDUSTRI     ,PR,00613-1800,Private      ,0,3,3,0,3,3
03469300,IVAEM COLLEGE                           ,PR,00725-0000,Proprietary  ,4,3,7,4,3,7
03531300,COLEGIO PENTECOSTAL MIZPA               ,PR,00928-0966,Private      ,3,11,14,3,11,14
03544300,ATENAS COLLEGE                          ,PR,00674-0000,Private      ,327,571,898,327,571,898
03552300,LESTON COLLEGE                          ,PR,00961-6309,Proprietary  ,9,14,23,9,14,23
03608300,CARIBBEAN FORENSIC & TECHNICAL COLL     ,PR,00926-0000,Proprietary  ,6,5,11,6,5,11
03638300,ROSSLYN TRAINING ACADEMY OF COSMETOLOGY ,PR,00602-3225,Proprietary  ,1,14,15,1,14,15
03735400,"CHARLIES GUARD,DETECTIVE BUREAU&ACA     ",PR,00605-0000,Proprietary  ,2,2,4,2,2,4
03751300,ESCUELA HOTELERA DE SAN JUAN            ,PR,00917-0091,Proprietary  ,43,34,77,43,34,77
03758300,BAYAMON COMMUNITY COLLEGE               ,PR,00960-0000,Proprietary  ,4,6,10,4,6,10
03781400,INDUSTRIAL TECHNICAL COLLEGE            ,PR,00792-0000,Proprietary  ,2,11,13,2,11,13
03785300,J.G. GUAYNABO TECHNICAL COLLEGE         ,PR,00960-0000,Proprietary  ,1,5,6,1,5,6
03800300,COLEGIO TECNICO DE ELECTRICIDAD GALLOSA ,PR,00602-0000,Proprietary  ,0,1,1,0,1,1
03800400,INSTITUTE OF BEAUTY OCCUPATIONS AND TECH,PR,00676-5071,Proprietary  ,0,1,1,0,1,1
03843300,ADVANCED TECH COLLEGE                   ,PR,00961-6321,Proprietary  ,2,3,5,2,3,5
03849300,AGUADILLA TECHNICAL COLLEGE             ,PR,00603-0000,Proprietary  ,4,3,7,4,3,7
04030300,"ASPIRA DE PUERTO RICO, ACADEMIA DE TECNO",PR,00987-0000,Private      ,0,1,1,0,1,1
04107300,CARIB TECHNOLOGICAL INSTITUTE           ,PR,00960-0000,Proprietary  ,2,4,6,2,4,6
04117200,INSTITUTO EDUCATIVO PREMIER             ,PR,00731-0000,Proprietary  ,3,4,7,3,4,7
04131600,LIBERTY TECHNICAL COLLEGE               ,PR,00737-1298,Proprietary  ,3,10,13,3,10,13
04176000,AMERICAN TECHNICAL INSTITUTE            ,PR,00957-0000,Proprietary  ,3,1,4,3,1,4
00394600,UNIVERSITY OF THE VIRGIN ISLANDS        ,VI,00802-6000,Public       ,688,441,1129,688,441,1129
00394601,UNIV OF THE VIRGIN ISLANDS-ST CROIX     ,VI,00850-0000,Public       ,306,288,594,306,288,594
00667700,MCGILL UNIVERSITY                       ,CN,00000-0000,Public       ,1301,268,1569,1301,268,1569
00667900,QUEEN'S UNIVERSITY AT KINGSTON          ,CN,00000-0000,Public       ,69,21,90,69,21,90
00668100,ST FRANCIS XAVIER UNIVERSITY            ,CN,00000-0000,Public       ,17,5,22,17,5,22
00668200,ST THOMAS UNIVERSITY                    ,CN,00000-0000,Public       ,34,6,40,34,6,40
00668300,UNIVERSITY OF GUELPH                    ,CN,00000-0000,Public       ,27,45,72,27,45,72
00668400,UNIVERSITY OF MANITOBA                  ,CN,00000-0000,Public       ,21,19,40,21,19,40
00668500,UNIVERSITY OF NEW BRUNSWICK (THE)       ,CN,00000-0000,Public       ,11,10,21,11,10,21
00668600,UNIVERSITY OF OTTAWA                    ,CN,00000-0000,Public       ,35,33,68,35,33,68
00668800,UNIVERSITY OF TORONTO                   ,CN,00000-0000,Public       ,238,238,476,238,238,476
00668900,UNIVERSITY OF WINDSOR                   ,CN,00000-0000,Public       ,15,23,38,15,23,38
00683700,UNIVERSITE LAVAL                        ,CN,00000-0000,Public       ,4,8,12,4,8,12
00683800,DALHOUSIE UNIVERSITY                    ,CN,00000-0000,Public       ,81,36,117,81,36,117
00685200,BISHOP'S UNIVERSITY                     ,CN,00000-0000,Private      ,44,4,48,44,4,48
00685300,MCMASTER UNIVERSITY                     ,CN,00000-0000,Public       ,24,22,46,24,22,46
00767900,YORK UNIVERSITY                         ,CN,00000-0000,Public       ,67,52,119,67,52,119
00787400,UNIVERSITY AT CALGARY (THE)             ,CN,00000-0000,Public       ,38,27,65,38,27,65
00814800,UNIVERSITY OF WINNIPEG                  ,CN,00000-0000,Public       ,8,6,14,8,6,14
00836200,UNIVERSITY OF ALBERTA (THE)             ,CN,00000-0000,Public       ,28,41,69,28,41,69
00836300,MOUNT SAINT VINCENT UNIVERSITY          ,CN,00000-0000,Private      ,2,2,4,2,2,4
00836400,SAINT MARY'S UNIVERSITY                 ,CN,00000-0000,Public       ,23,5,28,23,5,28
00836500,CONCORDIA UNIVERSITY - SIR GEORGE W     ,CN,00000-0000,Public       ,156,81,237,156,81,237
00836600,UNIVERSITE DE MONTREAL                  ,CN,00000-0000,Public       ,9,20,29,9,20,29
00836800,CARLETON UNIVERSITY                     ,CN,00000-0000,Public       ,29,16,45,29,16,45
00836900,UNIVERSITY OF BRITISH COLUMBIA          ,CN,00000-0000,Public       ,629,354,983,629,354,983
00837000,"SAFA, UNIVERSITY OF VICTORIA            ",CN,00000-0000,Public       ,87,44,131,87,44,131
00844400,SIMON FRASER UNIVERSITY                 ,CN,00000-0000,Public       ,77,58,135,77,58,135
00844600,UNIVERSITY OF WESTERN ONTARIO (THE)     ,CN,00000-0000,Public       ,44,41,85,44,41,85
00844800,UNIVERSITY OF REGINA                    ,CN,00000-0000,Public       ,6,4,10,6,4,10
00844900,ACADIA UNIVERSITY                       ,CN,00000-0000,Public       ,33,4,37,33,4,37
00852600,UNIVERSITY OF WATERLOO                  ,CN,00000-0000,Public       ,33,12,45,33,12,45
00858200,WILFRID LAURIER UNIVERSITY              ,CN,00000-0000,Public       ,6,0,6,6,0,6
00891300,LAKEHEAD UNIVERSITY                     ,CN,00000-0000,Public       ,6,5,11,6,5,11
00911900,UNIVERSITE DE MONCTON                   ,CN,00000-0000,Public       ,0,1,1,0,1,1
00925200,BROCK UNIVERSITY                        ,CN,00000-0000,Public       ,5,5,10,5,5,10
00936700,UNIVERSITY OF PRINCE EDWARD ISLAND      ,CN,00000-0000,Public       ,10,51,61,10,51,61
00942100,BRANDON UNIVERSITY                      ,CN,00000-0000,Public       ,7,2,9,7,2,9
00948600,TRINITY WESTERN UNIVERSITY              ,CN,00000-0000,Private      ,127,39,166,127,39,166
00950000,MEMORIAL UNIVERSITY OF NEWFOUNDLAND     ,CN,00000-0000,Public       ,9,16,25,9,16,25
00950100,UNIVERSITY OF KING'S COLLEGE            ,CN,00000-0000,Public       ,19,1,20,19,1,20
00950300,MOUNT ALLISON UNIVERSITY                ,CN,00000-0000,Public       ,26,0,26,26,0,26
00950400,NOVA SCOTIA AGRICULTURAL COLLEGE        ,CN,00000-0000,Public       ,2,0,2,2,0,2
00950500,TRENT UNIVERSITY                        ,CN,00000-0000,Public       ,5,2,7,5,2,7
00969700,LETHBRIDGE COLLEGE                      ,CN,00000-0000,Public       ,2,2,4,2,2,4
00969800,MEDICINE HAT COLLEGE                    ,CN,00000-0000,Public       ,1,1,2,1,1,2
00970100,SENECA COLG OF APPLIED ARTS & TECH      ,CN,00000-0000,Public       ,5,10,15,5,10,15
01012300,NOVA SCOTIA COLLEGE OF ART & DESIGN     ,CN,00000-0000,Public       ,6,12,18,6,12,18
01022100,SAINT PAUL UNIVERSITY                   ,CN,00000-0000,Public       ,0,1,1,0,1,1
01045800,SHERIDAN COLLEGE OF APPLIED ARTS AN     ,CN,00000-0000,Public       ,15,7,22,15,7,22
01067500,REGENT COLLEGE                          ,CN,00000-0000,Private      ,0,44,44,0,44,44
01070300,UNIVERSITY OF LETHBRIDGE                ,CN,00000-0000,Public       ,4,2,6,4,2,6
01072000,RYERSON UNIVERSITY                      ,CN,00000-0000,Public       ,32,35,67,32,35,67
01172200,BRIERCREST BIBLE COLLEGE                ,CN,00000-0000,Private      ,5,3,8,5,3,8
01221100,ALGONQUIN CLG OF APPLIED ARTS &TECH     ,CN,00000-0000,Public       ,6,3,9,6,3,9
01222800,HUMBER COLLEGE                          ,CN,00000-0000,Public       ,14,21,35,14,21,35
01227400,PROVIDENCE COLLEGE                      ,CN,00000-0000,Private      ,39,3,42,39,3,42
02102100,BETHANY BIBLE COLLEGE                   ,CN,00000-0000,Private      ,20,3,23,20,3,23
02116600,CANADIAN MEMORIAL CHIROPRACTIC COLL     ,CN,00000-0000,Private      ,0,1,1,0,1,1
02167000,PRAIRIE BIBLE INST                      ,CN,00000-0000,Private      ,15,2,17,15,2,17
02184600,INSTITUTE FOR CHRISTIAN STUDIES         ,CN,00000-0000,Private      ,1,3,4,1,3,4
02195600,LASALLE COLLEGE                         ,CN,00000-0000,Private      ,5,6,11,5,6,11
02201100,COLUMBIA BIBLE COLLEGE                  ,CN,00000-0000,Private      ,10,1,11,10,1,11
02216400,TYNDALE COLLEGE & SEMINARY              ,CN,00000-0000,Private      ,7,2,9,7,2,9
02219200,UNIVERSITY OF SASKATCHEWAN              ,CN,00000-0000,Public       ,3,6,9,3,6,9
02338800,EMILY CARR UNIVERSITY OF ART AND DESIGN ,CN,00000-0000,Public       ,44,24,68,44,24,68
02593800,CONCORDIA UNIVERSITY COLLEGE            ,CN,00000-0000,Private      ,4,3,7,4,3,7
02611900,THE KING'S UNIVERSITY COLLEGE           ,CN,00000-0000,Private      ,0,2,2,0,2,2
03033800,UNIVERSITY COLLEGE OF CAPE BRETON       ,CN,00000-0000,Public       ,4,2,6,4,2,6
03078300,VANCOUVER SCHOOL OF THEOLOGY            ,CN,00000-0000,Private      ,2,2,4,2,2,4
03273300,CANADIAN COLLEGE OF NATUROPATHIC ME     ,CN,00000-0000,Private      ,0,8,8,0,8,8
03298300,ALBERTA COLLEGE OF ART & DESIGN         ,CN,00000-0000,Public       ,11,5,16,11,5,16
03332500,KWANTLEN UNIVERSITY COLLEGE             ,CN,00000-0000,Public       ,2,6,8,2,6,8
03335400,CANADIAN UNIVERSITY COLLEGE             ,CN,00000-0000,Private      ,25,5,30,25,5,30
03339300,ST. STEPHENS UNIVERSITY                 ,CN,00000-0000,Private      ,5,2,7,5,2,7
03348500,REDEEMER UNIVERSITY COLLEGE             ,CN,00000-0000,Private      ,11,3,14,11,3,14
03408300,CANDIAN NAZARENE UNIVERSITY COLLEGE     ,CN,00000-0000,Private      ,1,1,2,1,1,2
03420300,HOLLAND COLLEGE                         ,CN,00000-0000,Public       ,8,2,10,8,2,10
03421300,LOYALIST COLLEGE OF APPLIED ARTS &      ,CN,00000-0000,Public       ,1,0,1,1,0,1
03511300,CN CLG ACUPUNCTURE & ORIENTAL MED       ,CN,00000-0000,Private      ,0,3,3,0,3,3
03560400,NIAGARA COLLEGE-WELLAND CAMPUS          ,CN,00000-0000,Public       ,1,4,5,1,4,5
03613300,UNIV OF NORTHERN BRITISH COLUMBIA       ,CN,00000-0000,Public       ,5,4,9,5,4,9
03644400,CANADIAN MENNONITE UNIVERSITY           ,CN,00000-0000,Private      ,9,1,10,9,1,10
03674400,CANADIAN SOUTHERN BAPTIST SEMINARY      ,CN,00000-0000,Private      ,0,1,1,0,1,1
03711300,CAPILANO UNIVERSITY                     ,CN,00000-0000,Public       ,14,7,21,14,7,21
03745300,BRITISH COLUMBIA INSTITUTE OF TECHNOLOGY,CN,00000-0000,Public       ,6,4,10,6,4,10
03846300,PACIFIC LIFE BIBLE COLLEGE              ,CN,00000-0000,Private      ,4,2,6,4,2,6
03847300,ATLANTIC BAPTIST UNIVERSITY             ,CN,00000-0000,Private      ,3,0,3,3,0,3
04123100,ATLANTIC SCHOOL OF THEOLOGY             ,CN,00000-0000,Public       ,1,0,1,1,0,1
04156700,AMBROSE UNIVERSITY COLLEGE              ,CN,00000-0000,Private      ,1,2,3,1,2,3
00814700,UNIVERSIDAD AUTONOMA DE GUADALAJARA     ,MX,00000-0000,Private      ,49,338,387,49,338,387
01041800,INST TEC Y DE ESTSUPER DE MONTERRE      ,MX,00000-0000,Private      ,32,28,60,32,28,60
01067600,UNIVERSIDAD DE MONTERREY                ,MX,00000-0000,Private      ,17,18,35,17,18,35
01093800,UNIVERSIDAD DE GUANAJUATO               ,MX,00000-0000,Public       ,7,18,25,7,18,25
01097600,INSTITUTO ALLENDE                       ,MX,00000-0000,Private      ,4,8,12,4,8,12
02053300,CENTRO DE ESTUDIOS UNIVERSITARIOS D     ,MX,00000-0000,Private      ,35,65,100,35,65,100
01001000,AMERICAN SAMOA CMNTY COLLEGE            ,AS,96799-2609,Public       ,172,94,266,172,94,266
01034300,COLLEGE OF MICRONESIA - FSM             ,FM,96941-0159,Public       ,302,146,448,302,146,448
01100900,PALAU COMMUNITY COLLEGE                 ,PW,96940-0009,Public       ,590,196,786,590,196,786
03022400,COLLEGE OF THE MARSHALL ISLANDS         ,MH,96960-1258,Public       ,9,14,23,9,14,23
03033000,NORTHERN MARIANAS COLLEGE               ,MP,96950-0000,Public       ,66,66,132,66,66,132
,,,,,,,,,,
Source:  Central Processing System (CPS),,,,,,,,,,
"Data Run:  April 5, 2011",,,,,,,,,,
