OPE ID,School,State,Zip Code,School Type,20122013Qtr1_Dependent Students,20122013Qtr1_Independent Students,Quarterly Total,YTD_20122013Qtr1_Dependent Students,YTD_20122013Qtr1_Independent Students,Award Year To Date Total
00100200,ALABAMA AGRCLTL & MECHL UNIV            ,AL,35762-1357,Public       ,4188,1411,5599,4188,1411,5599
00100300,FAULKNER UNIVERSITY                     ,AL,36109-3398,Private      ,1165,1555,2720,1165,1555,2720
00100400,UNIVERSITY OF MONTEVALLO                ,AL,35115-6000,Public       ,1383,645,2028,1383,645,2028
00100500,ALABAMA STATE UNIVERSITY                ,AL,36101-0000,Public       ,5628,2273,7901,5628,2273,7901
00100700,CENTRAL ALABAMA COMMUNITY COLLEGE       ,AL,35011-0000,Public       ,770,588,1358,770,588,1358
00100800,ATHENS STATE UNIVERSITY                 ,AL,35611-1999,Public       ,333,1215,1548,333,1215,1548
00100900,AUBURN UNIVERSITY                       ,AL,36849-5113,Public       ,13687,3135,16822,13687,3135,16822
00101200,BIRMINGHAM SOUTHERN COLLEGE             ,AL,35254-0002,Private      ,1419,321,1740,1419,321,1740
00101300,CALHOUN COMMUNITY COLLEGE               ,AL,35609-2216,Public       ,1913,2585,4498,1913,2585,4498
00101500,ENTERPRISE STATE COMMUNITY COLLEGE      ,AL,36331-1300,Public       ,530,522,1052,530,522,1052
00101600,UNIVERSITY OF NORTH ALABAMA             ,AL,35632-0001,Public       ,2821,1096,3917,2821,1096,3917
00101700,GADSDEN STATE COMMUNITY COLLEGE         ,AL,35903-2269,Public       ,1393,1885,3278,1393,1885,3278
00101800,GEORGE C WALLACE COMMUNITY COLLEGE      ,AL,36303-0943,Public       ,866,1217,2083,866,1217,2083
00101900,HUNTINGDON COLLEGE                      ,AL,36106-2148,Private      ,910,289,1199,910,289,1199
00102000,JACKSONVILLE STATE UNIVERSITY           ,AL,36265-1602,Public       ,4239,2101,6340,4239,2101,6340
00102100,JEFFERSON DAVIS COMMUNITY COLLEGE       ,AL,36427-2790,Public       ,218,232,450,218,232,450
00102200,JEFFERSON STATE COMMUNITY COLLEGE       ,AL,35215-3098,Public       ,1707,2834,4541,1707,2834,4541
00102300,JUDSON COLLEGE                          ,AL,36756-2504,Private      ,195,59,254,195,59,254
00102400,UNIVERSITY OF WEST ALABAMA              ,AL,35470-0000,Public       ,1333,1604,2937,1333,1604,2937
00102600,MARION MILITARY INSTITUTE               ,AL,36756-3214,Public       ,253,26,279,253,26,279
00102800,MILES COLLEGE                           ,AL,35064-2697,Private      ,1168,484,1652,1168,484,1652
00102900,UNIVERSITY OF MOBILE                    ,AL,36613-0000,Private      ,984,792,1776,984,792,1776
00103000,BISHOP STATE COMMUNITY COLLEGE          ,AL,36603-5898,Public       ,718,1405,2123,718,1405,2123
00103100,NORTHEAST ALABAMA STATE CMNTY COLG      ,AL,35986-0159,Public       ,483,498,981,483,498,981
00103300,OAKWOOD COLLEGE                         ,AL,35896-0001,Private      ,1029,440,1469,1029,440,1469
00103400,ALABAMA SOUTHERN COMMUNITY COLLEGE      ,AL,36460-5698,Public       ,431,300,731,431,300,731
00103600,SAMFORD UNIVERSITY                      ,AL,35229-7000,Private      ,2904,1597,4501,2904,1597,4501
00103800,SNEAD STATE COMMUNITY COLLEGE           ,AL,35957-0734,Public       ,704,669,1373,704,669,1373
00104000,SOUTHERN UNION STATE COMMUNITY CLG      ,AL,36276-0000,Public       ,1720,1255,2975,1720,1255,2975
00104100,SPRING HILL COLLEGE                     ,AL,36608-1791,Private      ,1339,374,1713,1339,374,1713
00104400,STILLMAN COLLEGE                        ,AL,35403-1430,Private      ,994,271,1265,994,271,1265
00104600,TALLADEGA COLLEGE                       ,AL,35160-2354,Private      ,417,166,583,417,166,583
00104700,TROY UNIVERSITY                         ,AL,36082-0001,Public       ,4598,7007,11605,4598,7007,11605
00105000,TUSKEGEE UNIVERSITY                     ,AL,36088-1645,Private      ,4432,905,5337,4432,905,5337
00105100,UNIVERSITY OF ALABAMA (THE)             ,AL,35487-0120,Public       ,18305,5118,23423,18305,5118,23423
00105200,UNIVERSITY OF ALABAMA AT BIRMINGHAM     ,AL,35294-1150,Public       ,7031,5298,12329,7031,5298,12329
00105500,UNIVERSITY OF ALABAMA IN HUNTSVILLE     ,AL,35899-0001,Public       ,2815,1809,4624,2815,1809,4624
00105700,UNIVERSITY OF SOUTH ALABAMA             ,AL,36688-0002,Public       ,5144,3630,8774,5144,3630,8774
00105900,LAWSON STATE COMMUNITY COLLEGE          ,AL,35221-1798,Public       ,765,1232,1997,765,1232,1997
00105901,LAWSON STATE COMMUNITY COLLEGE - BESSEME,AL,35021-0308,Public       ,264,466,730,264,466,730
00106000,FAULKNER STATE COMMUNITY COLLEGE        ,AL,36507-2698,Public       ,1176,1096,2272,1176,1096,2272
00526000,J.F. DRAKE STATE TECH COLLEGE           ,AL,35811-1584,Public       ,155,539,694,155,539,694
00569100,SHELTON STATE COMMUNITY CLG             ,AL,35405-4017,Public       ,1848,1374,3222,1848,1374,3222
00569200,REID STATE TECHNICAL COLLEGE            ,AL,36401-0000,Public       ,78,182,260,78,182,260
00569700,NORTHWEST- SHOALS COMMUNITY COLLEGE     ,AL,35661-0000,Public       ,659,600,1259,659,600,1259
00569900,GEORGE C WALLACE STATE CMTY COLLEGE     ,AL,36703-0000,Public       ,363,544,907,363,544,907
00573300,BEVILL STATE CMTY COLLEGE-WALKER        ,AL,35148-0000,Public       ,1047,1144,2191,1047,1144,2191
00573400,H. COUNCILL TRENHOLM STATE TECH COLLEGE ,AL,36108-0020,Public       ,274,666,940,274,666,940
00573401,H. C. TRENHOLM ST TECH COL-PATTERSON CAM,AL,36116-2612,Public       ,184,388,572,184,388,572
00787100,GEORGE C WALLACE STATE CMTY CLG         ,AL,35077-2000,Public       ,1357,1442,2799,1357,1442,2799
00831000,AUBURN UNIVERSITY-MONTGOMERY            ,AL,36124-0000,Public       ,2784,2365,5149,2784,2365,5149
00898800,LURLEEN B WALLACE COMMUNITY COLLEGE     ,AL,36420-0418,Public       ,547,451,998,547,451,998
01055400,CONCORDIA COLLEGE                       ,AL,36701-3323,Private      ,294,163,457,294,163,457
01218200,CHATTAHOOCHEE VALLEY CMTY CLG           ,AL,36869-7917,Public       ,397,594,991,397,594,991
01303906,SOUTH UNIVERSITY - MONTGOMERY           ,AL,36116-1120,Proprietary  ,165,490,655,165,490,655
02170600,UNITED STATES SPORTS ACADEMY            ,AL,36526-7055,Private      ,18,202,220,18,202,220
02199700,HERITAGE CHRISTIAN UNIVERSITY           ,AL,35630-0000,Private      ,14,22,36,14,22,36
02270400,SOUTHEASTERN BIBLE COLLEGE              ,AL,35244-2083,Private      ,56,108,164,56,108,164
02285000,PAUL MITCHELL THE SCHOOL HUNTSVILLE     ,AL,35758-0000,Proprietary  ,23,44,67,23,44,67
02296000,PRINCE INSTITUTE OF PROFESSIONAL STUDIES,AL,36117-0000,Proprietary  ,13,102,115,13,102,115
02341000,FORTIS COLLEGE                          ,AL,36609-0000,Proprietary  ,189,776,965,189,776,965
02503400,AMRIDGE UNIVERSITY                      ,AL,36124-0000,Private      ,28,301,329,28,301,329
02605500,REMINGTON COLLEGE - MOBILE CAMPUS       ,AL,36609-5593,Private      ,252,743,995,252,743,995
03010600,VIRGINIA COLLEGE                        ,AL,35209-5154,Proprietary  ,661,7327,7988,661,7327,7988
03010602,VIRGINIA COLLEGE - HUNTSVILLE           ,AL,35805-0000,Proprietary  ,83,477,560,83,477,560
03010607,VIRGINIA COLLEGE - MOBILE               ,AL,36608-1626,Proprietary  ,111,389,500,111,389,500
03010616,VIRGINIA COLLEGE - MONTGOMERY           ,AL,36117-2802,Proprietary  ,171,635,806,171,635,806
03032500,ALABAMA STATE CLG BARBER STYLING        ,AL,35215-8308,Proprietary  ,40,66,106,40,66,106
03361400,FORTIS COLLEGE                          ,AL,36535-0000,Proprietary  ,44,194,238,44,194,238
03459300,SOUTHEASTERN SCHOOL OF COSMETOLOGY      ,AL,35228-0000,Private      ,17,46,63,17,46,63
03783300,BLUE CLIFF CAREER COLLEGE               ,AL,63306-4749,Proprietary  ,26,79,105,26,79,105
03894300,HUNTSVILLE BIBLE COLLEGE                ,AL,35811-0000,Private      ,9,64,73,9,64,73
04066300,CARDIAC AND VASCULAR INSTITUTE OF ULTRAS,AL,36604-1411,Proprietary  ,18,103,121,18,103,121
04067300,SELMA UNIVERSITY                        ,AL,36701-0000,Private      ,59,112,171,59,112,171
04121500,COLUMBIA SOUTHERN UNIVERSITY            ,AL,36561-3815,Proprietary  ,127,4216,4343,127,4216,4343
04149200,XCELL ACADEMY-A PAUL MITCHELL PARTNER SC,AL,35216-4990,Proprietary  ,20,71,91,20,71,91
04187200,NEW BEGINNING COLLEGE OF COSMETOLOGY    ,AL,35950-2415,Proprietary  ,23,55,78,23,55,78
04187300,HAIR ACADEMY (THE)                      ,AL,36111-2201,Proprietary  ,22,69,91,22,69,91
00111100,ALLAN HANCOCK COLLEGE                   ,CA,93454-6399,Public       ,2703,2076,4779,2703,2076,4779
00111300,ANTELOPE VALLEY COLLEGE                 ,CA,93536-5426,Public       ,4306,4906,9212,4306,4906,9212
00111600,ART CENTER COLLEGE OF DESIGN            ,CA,91103-1999,Private      ,1550,1062,2612,1550,1062,2612
00111700,AZUSA PACIFIC UNIVERSITY                ,CA,91702-7000,Private      ,9089,4474,13563,9089,4474,13563
00111800,BAKERSFIELD COLLEGE                     ,CA,93305-1299,Public       ,7284,6165,13449,7284,6165,13449
00111900,BARSTOW COMMUNITY COLLEGE               ,CA,92311-6608,Public       ,592,1398,1990,592,1398,1990
00112000,AMER BAPT SEM OF THE WEST-BERKELEY      ,CA,94704-0000,Private      ,8,17,25,8,17,25
00112100,BETHANY UNIVERSITY /  ASSEMBLIES OF GOD ,CA,95066-2896,Private      ,4,13,17,4,13,17
00112200,BIOLA UNIVERSITY                        ,CA,90639-0001,Private      ,5998,1445,7443,5998,1445,7443
00112300,BROOKS INSTITUTE                        ,CA,93103-1809,Proprietary  ,536,281,817,536,281,817
00112400,CABRILLO COLLEGE                        ,CA,95003-3194,Public       ,3444,2760,6204,3444,2760,6204
00112500,CALIFORNIA BAPTIST UNIVERSITY           ,CA,92504-3297,Private      ,5616,2574,8190,5616,2574,8190
00112700,CALIFORNIA COLLEGE OF THE ARTS          ,CA,94107-2206,Private      ,1944,1447,3391,1944,1447,3391
00113100,CALIFORNIA INSTITUTE OF TECHNOLOGY      ,CA,91125-0001,Private      ,3394,549,3943,3394,549,3943
00113200,CALIFORNIA INSTITUTE OF THE ARTS        ,CA,91355-2397,Private      ,2093,1376,3469,2093,1376,3469
00113300,CALIFORNIA LUTHERAN UNIVERSITY          ,CA,91360-2787,Private      ,4641,975,5616,4641,975,5616
00113400,CALIFORNIA MARITIME ACADEMY             ,CA,94590-8181,Public       ,928,365,1293,928,365,1293
00113700,CALIF STATE UNIV-FULLERTON              ,CA,92831-3599,Public       ,45838,17659,63497,45838,17659,63497
00113800,"CALIFORNIA STATE UNIVERSITY, EAST BAY   ",CA,94542-3000,Public       ,14046,10105,24151,14046,10105,24151
00113900,CALIF STATE UNIV-LONG BEACH             ,CA,90840-0006,Public       ,56031,19661,75692,56031,19661,75692
00114000,CALIF STATE UNIV-LOS ANGELES            ,CA,90032-4226,Public       ,31481,17664,49145,31481,17664,49145
00114100,"CALIF STATE UNIV, DOMINGUEZ HILLS       ",CA,90747-0001,Public       ,16570,12121,28691,16570,12121,28691
00114200,CALIF STATE UNIV SAN BERNARDINO         ,CA,92407-2397,Public       ,19259,10709,29968,19259,10709,29968
00114300,CAL POLY STATE UNIVERSITY               ,CA,93407-0001,Public       ,34604,3726,38330,34604,3726,38330
00114400,CALIF STATE POLYTECHNIC UNIV POMONA     ,CA,91768-2500,Public       ,30773,9192,39965,30773,9192,39965
00114600,CALIF STATE UNIV - CHICO                ,CA,95929-0001,Public       ,18320,5212,23532,18320,5212,23532
00114700,CALIF STATE UNIV - FRESNO               ,CA,93740-8026,Public       ,22826,9465,32291,22826,9465,32291
00114900,HUMBOLDT STATE UNIVERSITY               ,CA,95521-8299,Public       ,10995,3227,14222,10995,3227,14222
00115000,CALIF STATE UNIV-SACRAMENTO             ,CA,95819-6044,Public       ,28323,15328,43651,28323,15328,43651
00115100,SAN DIEGO STATE UNIVERSITY              ,CA,92182-1690,Public       ,51454,15531,66985,51454,15531,66985
00115300,CALIF STATE UNIV-NORTHRIDGE             ,CA,91330-8307,Public       ,39220,17246,56466,39220,17246,56466
00115400,SAN FRANCISCO STATE UNIVERSITY          ,CA,94132-1740,Public       ,34659,15858,50517,34659,15858,50517
00115500,SAN JOSE STATE UNIVERSITY               ,CA,95192-0036,Public       ,28643,13215,41858,28643,13215,41858
00115600,SONOMA STATE UNIVERSITY                 ,CA,94928-3609,Public       ,11517,2824,14341,11517,2824,14341
00115700,CALIF STATE UNIV-STANISLAUS             ,CA,95382-0299,Public       ,9386,5059,14445,9386,5059,14445
00116100,CERRITOS COLLEGE                        ,CA,90650-6296,Public       ,12661,7109,19770,12661,7109,19770
00116200,CHABOT COLLEGE                          ,CA,94545-2400,Public       ,4415,3855,8270,4415,3855,8270
00116300,CHAFFEY COLLEGE                         ,CA,91737-9400,Public       ,9783,7058,16841,9783,7058,16841
00116400,CHAPMAN UNIVERSITY                      ,CA,92866-1099,Private      ,10063,2552,12615,10063,2552,12615
00116453,CHAPMAN UNIVERSITY SCHOOL OF LAW        ,CA,92866-0000,Private      ,69,1442,1511,69,1442,1511
00116500,CHURCH DIV SCH OF THE PACIFIC           ,CA,94709-0000,Private      ,1,48,49,1,48,49
00116600,CITRUS COLLEGE                          ,CA,91741-1899,Public       ,7323,3828,11151,7323,3828,11151
00116900,CLAREMONT GRADUATE UNIVERSITY           ,CA,91711-0000,Private      ,18,1239,1257,18,1239,1257
00117000,CLAREMONT MCKENNA COLLEGE               ,CA,91711-6400,Private      ,3404,152,3556,3404,152,3556
00117100,HARVEY MUDD COLLEGE                     ,CA,91711-5990,Private      ,2598,73,2671,2598,73,2671
00117200,PITZER COLLEGE                          ,CA,91711-6101,Private      ,2963,147,3110,2963,147,3110
00117300,POMONA COLLEGE                          ,CA,91711-6301,Private      ,4763,162,4925,4763,162,4925
00117400,SCRIPPS COLLEGE                         ,CA,91711-3948,Private      ,1786,128,1914,1786,128,1914
00117600,WEST HILLS COMMUNITY COLLEGE            ,CA,93210-1399,Public       ,1004,548,1552,1004,548,1552
00117700,COGSWELL POLYTECHNICAL COLLEGE          ,CA,94089-1210,Proprietary  ,209,80,289,209,80,289
00117800,COLLEGE OF MARIN                        ,CA,94904-2590,Public       ,791,1291,2082,791,1291,2082
00117801,COLG OF MARIN-INDIAN VALLEY CMPS        ,CA,94949-0000,Public       ,167,352,519,167,352,519
00117900,NOTRE DAME DE NAMUR UNIVERSITY          ,CA,94002-1997,Private      ,1578,832,2410,1578,832,2410
00118100,COLLEGE OF SAN MATEO                    ,CA,94402-3784,Public       ,2332,1497,3829,2332,1497,3829
00118200,COLLEGE OF THE DESERT                   ,CA,92260-9305,Public       ,3896,2682,6578,3896,2682,6578
00118300,HOLY NAMES UNIVERSITY                   ,CA,94619-1699,Private      ,911,714,1625,911,714,1625
00118500,COLLEGE OF THE REDWOODS                 ,CA,95501-9300,Public       ,1670,1858,3528,1670,1858,3528
00118600,COLLEGE OF THE SEQUOIAS                 ,CA,93277-2234,Public       ,4935,3432,8367,4935,3432,8367
00118700,COLLEGE OF THE SISKIYOUS                ,CA,96094-2899,Public       ,755,635,1390,755,635,1390
00118701,COLLEGE OF THE SISKIYOUS - YREKA CENTER ,CA,96097-9538,Public       ,100,184,284,100,184,284
00119000,CONTRA COSTA COLLEGE                    ,CA,94806-3195,Public       ,1528,2162,3690,1528,2162,3690
00119100,DIABLO VALLEY COLLEGE                   ,CA,94523-1544,Public       ,4051,2895,6946,4051,2895,6946
00119200,CUESTA COLLEGE                          ,CA,93403-8106,Public       ,3388,1802,5190,3388,1802,5190
00119300,CYPRESS COLLEGE                         ,CA,90630-5897,Public       ,8227,4841,13068,8227,4841,13068
00119600,DOMINICAN UNIVERSITY OF CALIFORNIA      ,CA,94901-2298,Private      ,2941,1008,3949,2941,1008,3949
00119700,EL CAMINO COLLEGE                       ,CA,90506-0002,Public       ,10063,6687,16750,10063,6687,16750
00119701,COMPTON COMMUNITY COLLEGE               ,CA,90221-5393,Public       ,2228,2886,5114,2228,2886,5114
00119900,FOOTHILL COLLEGE                        ,CA,94022-4597,Public       ,2264,1990,4254,2264,1990,4254
00120000,FULLER THEOLOGICAL SEMINARY             ,CA,91182-0000,Private      ,10,1640,1650,10,1640,1650
00120100,FULLERTON COLLEGE                       ,CA,92832-2095,Public       ,10121,4652,14773,10121,4652,14773
00120200,GAVILAN COLLEGE                         ,CA,95020-9599,Public       ,1039,914,1953,1039,914,1953
00120300,GLENDALE COMMUNITY COLLEGE              ,CA,91208-2894,Public       ,7278,4945,12223,7278,4945,12223
00120500,GOLDEN GATE UNIVERSITY                  ,CA,94105-2967,Private      ,148,2360,2508,148,2360,2508
00120600,GOLDEN WEST COLLEGE                     ,CA,92647-2748,Public       ,6926,4259,11185,6926,4259,11185
00120700,GRADUATE THEOLOGICAL UNION              ,CA,94709-0000,Private      ,1,267,268,1,267,268
00120800,GROSSMONT COLLEGE                       ,CA,92020-1798,Public       ,6619,5530,12149,6619,5530,12149
00120900,HARTNELL COMMUNITY COLLEGE              ,CA,93901-1697,Public       ,2437,1608,4045,2437,1608,4045
00121200,HUMPHREYS COLLEGE                       ,CA,95207-3896,Private      ,265,775,1040,265,775,1040
00121400,IMPERIAL VALLEY COLLEGE                 ,CA,92251-9787,Public       ,2369,1303,3672,2369,1303,3672
00121500,LA SIERRA UNIVERSITY                    ,CA,92515-3332,Private      ,2887,908,3795,2887,908,3795
00121600,UNIVERSITY OF LA VERNE                  ,CA,91750-4443,Private      ,5279,3924,9203,5279,3924,9203
00121700,LASSEN COLLEGE                          ,CA,96130-3000,Public       ,295,311,606,295,311,606
00121800,LOMA LINDA UNIVERSITY                   ,CA,92350-0001,Private      ,1088,4638,5726,1088,4638,5726
00121900,LONG BEACH CITY COLLEGE                 ,CA,90808-1780,Public       ,13825,9662,23487,13825,9662,23487
00122000,MASTER'S COLLEGE & SEMINARY (THE)       ,CA,91321-1200,Private      ,1383,322,1705,1383,322,1705
00122300,LOS ANGELES CITY COLLEGE                ,CA,90029-3588,Public       ,7601,8244,15845,7601,8244,15845
00122400,LOS ANGELES HARBOR COLLEGE              ,CA,90744-2397,Public       ,3180,2816,5996,3180,2816,5996
00122600,LOS ANGELES PIERCE COLLEGE              ,CA,91371-0001,Public       ,9675,5960,15635,9675,5960,15635
00122700,LOS ANGELES TRADE TECH COLLEGE          ,CA,90015-4181,Public       ,4618,6383,11001,4618,6383,11001
00122800,LOS ANGELES VALLEY COLLEGE              ,CA,91401-4096,Public       ,7093,6200,13293,7093,6200,13293
00122900,SO CA UNIV  HEALTH SCIENCES             ,CA,90604-4051,Private      ,37,455,492,37,455,492
00123000,SOUTHERN CA COLLEGE OF OPTOMETRY        ,CA,92831-1699,Private      ,19,322,341,19,322,341
00123200,AMERICAN RIVER COLLEGE                  ,CA,95841-4286,Public       ,9923,12398,22321,9923,12398,22321
00123300,SACRAMENTO CITY COLLEGE                 ,CA,95822-1386,Public       ,10947,10372,21319,10947,10372,21319
00123600,MENLO COLLEGE                           ,CA,94027-4301,Private      ,1493,131,1624,1493,131,1624
00123700,MERCED COMMUNITY COLLEGE                ,CA,95348-2898,Public       ,4793,3116,7909,4793,3116,7909
00123800,MILLS COLLEGE                           ,CA,94613-1301,Private      ,1761,1506,3267,1761,1506,3267
00123900,MIRACOSTA COLLEGE                       ,CA,92056-3899,Public       ,3102,2835,5937,3102,2835,5937
00124000,MODESTO JUNIOR COLLEGE                  ,CA,95350-5800,Public       ,7287,6527,13814,7287,6527,13814
00124200,MONTEREY PENINSULA COLLEGE              ,CA,93940-4799,Public       ,1892,1296,3188,1892,1296,3188
00124300,MOUNT ST MARYS COLLEGE                  ,CA,90049-1599,Private      ,3253,1933,5186,3253,1933,5186
00124500,MT. SAN ANTONIO COLLEGE                 ,CA,91789-1399,Public       ,14150,8428,22578,14150,8428,22578
00124600,MT SAN JACINTO COLLEGE                  ,CA,92583-2399,Public       ,5729,6023,11752,5729,6023,11752
00124700,NAPA VALLEY COLLEGE                     ,CA,94558-6236,Public       ,1984,1534,3518,1984,1534,3518
00124900,OCCIDENTAL COLLEGE                      ,CA,90041-3314,Private      ,5355,322,5677,5355,322,5677
00125000,ORANGE COAST COLLEGE - FIN AID OFF      ,CA,92628-5005,Public       ,11440,5845,17285,11440,5845,17285
00125100,OTIS COLLEGE OF ART AND DESIGN          ,CA,90045-3505,Private      ,1450,579,2029,1450,579,2029
00125200,HOPE INTERNATIONAL UNIVERSITY           ,CA,92631-0000,Private      ,689,527,1216,689,527,1216
00125300,FRESNO PACIFIC UNIVERSITY               ,CA,93702-4798,Private      ,2269,2361,4630,2269,2361,4630
00125400,PACIFIC LUTHERAN THEOLOGICAL SEM        ,CA,94708-0000,Private      ,2,64,66,2,64,66
00125500,PACIFIC OAKS COLLEGE                    ,CA,91103-3606,Private      ,40,509,549,40,509,549
00125600,PACIFIC SCHOOL OF RELIGION              ,CA,94709-0000,Private      ,2,146,148,2,146,148
00125800,PACIFIC UNION COLLEGE                   ,CA,94508-9797,Private      ,1586,333,1919,1586,333,1919
00125900,PALO VERDE COLLEGE                      ,CA,92225-0000,Public       ,112,124,236,112,124,236
00126000,PALOMAR COLLEGE                         ,CA,92069-1486,Public       ,6643,4180,10823,6643,4180,10823
00126100,PASADENA CITY COLLEGE                   ,CA,91106-2003,Public       ,14807,7243,22050,14807,7243,22050
00126200,POINT LOMA NAZARENE UNIVERSITY          ,CA,92106-2899,Private      ,4432,816,5248,4432,816,5248
00126600,LANEY COLLEGE                           ,CA,94607-4893,Public       ,2762,3960,6722,2762,3960,6722
00126700,MERRITT COLLEGE                         ,CA,94619-3196,Public       ,1638,2396,4034,1638,2396,4034
00126800,PORTERVILLE COLLEGE                     ,CA,93257-6059,Public       ,1612,1212,2824,1612,1212,2824
00126900,RIO HONDO COLLEGE                       ,CA,90601-1699,Public       ,9308,4704,14012,9308,4704,14012
00127000,RIVERSIDE CITY COLLEGE                  ,CA,92506-1299,Public       ,13951,10158,24109,13951,10158,24109
00127200,SAN BERNARDINO VALLEY COLLEGE           ,CA,92410-2798,Public       ,6726,6586,13312,6726,6586,13312
00127300,SAN DIEGO CITY COLLEGE                  ,CA,92101-4787,Public       ,7488,7161,14649,7488,7161,14649
00127500,SAN DIEGO MESA COLLEGE                  ,CA,92111-4996,Public       ,8046,6168,14214,8046,6168,14214
00127800,SAN FRANCISCO CONSERVATORY OF MUSIC     ,CA,94122-4498,Private      ,310,338,648,310,338,648
00127900,SAN FRANCISCO THEOLOGICAL SEMINARY      ,CA,94960-0000,Private      ,0,33,33,0,33,33
00128000,SAN JOAQUIN DELTA COLLEGE               ,CA,95207-6370,Public       ,7171,6420,13591,7171,6420,13591
00128100,WILLIAM JESSUP UNIVERSITY               ,CA,95765-3707,Private      ,893,435,1328,893,435,1328
00128200,SAN JOSE CITY COLLEGE                   ,CA,95128-2797,Public       ,3521,3421,6942,3521,3421,6942
00128400,SANTA ANA COLLEGE                       ,CA,92706-3398,Public       ,6569,3912,10481,6569,3912,10481
00128500,SANTA BARBARA CITY COLLEGE              ,CA,93109-2394,Public       ,6533,2795,9328,6533,2795,9328
00128600,SANTA MONICA COLLEGE                    ,CA,90405-1644,Public       ,16019,6430,22449,16019,6430,22449
00128700,SANTA ROSA JUNIOR COLLEGE               ,CA,95401-4395,Public       ,4434,3929,8363,4434,3929,8363
00128800,CLAREMONT SCHOOL OF THEOLOGY            ,CA,91711-0000,Private      ,5,221,226,5,221,226
00128900,SHASTA COLLEGE                          ,CA,96049-7692,Public       ,2908,2771,5679,2908,2771,5679
00129000,SIERRA COLLEGE                          ,CA,95677-3397,Public       ,5782,5322,11104,5782,5322,11104
00129100,SIMPSON UNIVERSITY                      ,CA,96003-8606,Private      ,1133,743,1876,1133,743,1876
00129200,SOLANO COMMUNITY COLLEGE                ,CA,94534-3197,Public       ,2824,3092,5916,2824,3092,5916
00129300,VANGUARD UNIVERSITY OF SOUTHERN CA      ,CA,92626-6597,Private      ,2407,780,3187,2407,780,3187
00129400,SOUTHWESTERN COLLEGE                    ,CA,91910-7299,Public       ,7054,4645,11699,7054,4645,11699
00129500,SOUTHWESTERN LAW SCHOOL                 ,CA,90010-1106,Private      ,80,2170,2250,80,2170,2250
00129600,DOMINICAN SCH PHILOSOPHY & THEOLOGY     ,CA,94709-0000,Private      ,7,35,42,7,35,42
00129900,ST JOHN'S SEMINARY COLLEGE              ,CA,93010-0000,Private      ,6,8,14,6,8,14
00130200,SAINT MARY'S COLLEGE OF CALIFORNIA      ,CA,94556-2744,Private      ,5755,1092,6847,5755,1092,6847
00130500,STANFORD UNIVERSITY                     ,CA,94305-6106,Private      ,23176,2908,26084,23176,2908,26084
00130501,STANFORD UNIVERSITY - GRADUATE SCHOOL OF,CA,94305-5301,Private      ,55,1097,1152,55,1097,1152
00130502,STANFORD UNIVERSITY - GRADUATE SCHOOL OF,CA,94305-5015,Private      ,65,1365,1430,65,1365,1430
00130503,STANFORD UNIVERSITY - STANFORD LAW SCHOO,CA,94305-3096,Private      ,165,2000,2165,165,2000,2165
00130700,FRESNO CITY COLLEGE                     ,CA,93741-0002,Public       ,13328,9099,22427,13328,9099,22427
00130800,REEDLEY COLLEGE                         ,CA,93654-2099,Public       ,5715,2910,8625,5715,2910,8625
00130900,TAFT COLLEGE                            ,CA,93268-2317,Public       ,1249,739,1988,1249,739,1988
00131200,UNIVERSITY OF CALIFORNIA-BERKELEY       ,CA,94720-1520,Public       ,53952,17372,71324,53952,17372,71324
00131300,UNIVERSITY OF CALIFORNIA-DAVIS          ,CA,95616-8558,Public       ,50356,13871,64227,50356,13871,64227
00131400,UNIVERSITY OF CALIFORNIA-IRVINE         ,CA,92697-2825,Public       ,57013,12192,69205,57013,12192,69205
00131500,UNIVERSITY OF CALIFORNIA (UCLA)         ,CA,90095-9000,Public       ,68555,23210,91765,68555,23210,91765
00131502,UNIV OF CALIFORNIA LOS ANG SCH MED      ,CA,90095-0000,Public       ,321,1076,1397,321,1076,1397
00131503,UNIV OF CALIFORNIA LOS ANG DENTAL       ,CA,90095-0000,Public       ,104,177,281,104,177,281
00131600,UNIVERSITY OF CALIFORNIA-RIVERSIDE      ,CA,92521-0209,Public       ,37976,7505,45481,37976,7505,45481
00131700,UNIVERSITY OF CALIFORNIA-SAN DIEGO      ,CA,92093-0013,Public       ,51950,9968,61918,51950,9968,61918
00131900,UNIVERSITY OF CALIFORNIA-SFRANCISCO     ,CA,94143-0246,Public       ,1346,3812,5158,1346,3812,5158
00132000,UNIVERSITY OF CALIFORNIA-SANTA BARB     ,CA,93106-3180,Public       ,49249,6872,56121,49249,6872,56121
00132100,UNIVERSITY OF CALIFORNIA-SANTA CRUZ     ,CA,95064-0001,Public       ,33139,4520,37659,33139,4520,37659
00132200,UNIVERSITY OF REDLANDS                  ,CA,92373-0999,Private      ,5445,1886,7331,5445,1886,7331
00132500,UNIVERSITY OF SAN FRANCISCO             ,CA,94117-1080,Private      ,11491,6378,17869,11491,6378,17869
00132600,SANTA CLARA UNIVERSITY                  ,CA,95053-4956,Private      ,11303,2801,14104,11303,2801,14104
00132604,JESUIT SCHOOL OF THEOLOGY - BERKELEY    ,CA,94709-1193,Private      ,4,52,56,4,52,56
00132800,UNIVERSITY OF SOUTHERN CALIFORNIA       ,CA,90089-0914,Private      ,41340,20992,62332,41340,20992,62332
00132900,UNIVERSITY OF THE PACIFIC               ,CA,95211-0197,Private      ,12394,3069,15463,12394,3069,15463
00132901,UNIVERSITY OF THE PACIFIC - MCGEORGE SCH,CA,95817-2799,Private      ,177,1628,1805,177,1628,1805
00132902,UNIV OF THE PACIFIC SCH OF DENT         ,CA,94115-0000,Private      ,85,516,601,85,516,601
00133400,VENTURA COLLEGE                         ,CA,93003-3899,Public       ,3679,2490,6169,3679,2490,6169
00133500,VICTOR VALLEY COLLEGE                   ,CA,92395-5849,Public       ,3899,4917,8816,3899,4917,8816
00133800,WEST VALLEY COLLEGE                     ,CA,95070-5697,Public       ,1796,1372,3168,1796,1372,3168
00134100,WESTMONT COLLEGE                        ,CA,93108-1099,Private      ,2410,112,2522,2410,112,2522
00134200,WHITTIER COLLEGE                        ,CA,90601-4413,Private      ,3812,497,4309,3812,497,4309
00134201,WHITTIER COLLEGE - COLLEGE OF LAW       ,CA,92626-1501,Private      ,37,1061,1098,37,1061,1098
00134300,WOODBURY UNIVERSITY                     ,CA,91510-7846,Private      ,1039,647,1686,1039,647,1686
00134400,YUBA COLLEGE                            ,CA,95901-7699,Public       ,2122,2117,4239,2122,2117,4239
00177212,TRINITY INTERNATIONAL UNIV-CA           ,CA,92705-0000,Private      ,8,160,168,8,160,168
00274100,AMERICAN JEWISH UNIVERSITY              ,CA,90077-1599,Private      ,79,80,159,79,80,159
00301002,ANTIOCH UNIV/LOS ANGELES                ,CA,90230-7615,Private      ,31,561,592,31,561,592
00301003,ANTIOCH  UNIV/SANTA BARBARA             ,CA,93101-0000,Private      ,597,372,969,597,372,969
00369110,MIDDLEBURY COLLEGE - MONTEREY INSTITUTE ,CA,93940-2691,Private      ,34,580,614,34,580,614
00394700,UC-HASTINGS COLLEGE OF THE LAW          ,CA,94102-0000,Public       ,24,3264,3288,24,3264,3288
00394800,SAN FRANCISCO ART INSTITUTE             ,CA,94133-2299,Private      ,1688,940,2628,1688,940,2628
00405402,HEBREW UNION COLLEGE JEWISH INSTITUTE OF,CA,90007-3717,Private      ,0,3,3,0,3,3
00408000,STARR KING SCHOOL FOR THE MINISTRY      ,CA,94709-1299,Private      ,0,43,43,0,43,43
00448000,DE ANZA COLLEGE                         ,CA,95014-5793,Public       ,5511,3183,8694,5511,3183,8694
00448100,OHLONE COLLEGE                          ,CA,94539-5847,Public       ,2334,1690,4024,2334,1690,4024
00448400,JOHN F. KENNEDY UNIVERSITY              ,CA,94523-4817,Private      ,35,814,849,35,814,849
00449000,PATTEN UNIVERSITY                       ,CA,94601-2699,Private      ,99,125,224,99,125,224
00449400,EVEREST COLLEGE                         ,CA,92408-3752,Proprietary  ,270,397,667,270,397,667
00450200,CITY COLLEGE OF SAN FRANCISCO           ,CA,94112-0000,Public       ,7836,7134,14970,7836,7134,14970
00450302,EVEREST COLLEGE - SANTA ANA             ,CA,92701-4559,Proprietary  ,195,205,400,195,205,400
00563800,DOWNEY ADULT SCHOOL                     ,CA,90241-5610,Public       ,118,318,436,118,318,436
00565500,HACIENDA LA PUENTE ADULT EDUC CTR       ,CA,91746-0000,Public       ,99,187,286,99,187,286
00616500,LA CNTY CLG OF NURSING & ALLD HLTH      ,CA,90033-1018,Public       ,205,427,632,205,427,632
00672000,COLLEGE OF ALAMEDA                      ,CA,94501-2109,Public       ,1913,1734,3647,1913,1734,3647
00673100,CASA LOMA COLLEGE                       ,CA,91405-4523,Private      ,96,210,306,96,210,306
00697300,CANADA COLLEGE                          ,CA,94061-1099,Public       ,894,969,1863,894,969,1863
00697500,LINCOLN UNIVERSITY                      ,CA,94612-2801,Private      ,33,85,118,33,85,118
00701200,SAMUEL MERRITT COLLEGE                  ,CA,94609-3108,Private      ,340,1766,2106,340,1766,2106
00704700,LOS ANGELES SOUTHWEST COLLEGE           ,CA,90047-4810,Public       ,2205,3756,5961,2205,3756,5961
00705000,BAY VISTA COLLEGE OF BEAUTY             ,CA,91950-3616,Proprietary  ,24,52,76,24,52,76
00711500,MOORPARK COLLEGE                        ,CA,93021-1695,Public       ,3780,2024,5804,3780,2024,5804
00713000,NEWBERRY SCHOOLS OF BEAUTY              ,CA,91344-7404,Proprietary  ,23,29,52,23,29,52
00714200,LYLE'S COLLEGE OF BEAUTY                ,CA,93710-3948,Proprietary  ,91,65,156,91,65,156
00716400,BRYAN COLLEGE                           ,CA,90057-0000,Proprietary  ,127,697,824,127,697,824
00718700,NORTH ADRIAN'S COLLEGE OF BEAUTY        ,CA,95350-2381,Proprietary  ,68,72,140,68,72,140
00719000,WYOTECH                                 ,CA,94539-7663,Proprietary  ,353,565,918,353,565,918
00720300,SALON SUCCESS ACADEMY                   ,CA,91786-4060,Proprietary  ,47,50,97,47,50,97
00720400,MODERN BEAUTY ACADEMY                   ,CA,93030-7016,Proprietary  ,25,23,48,25,23,48
00722900,WESTERN BEAUTY INSTITUTE                ,CA,91402-3104,Proprietary  ,47,32,79,47,32,79
00723400,HEALD COLLEGE                           ,CA,94105-2206,Proprietary  ,370,1042,1412,370,1042,1412
00723600,ART INST OF CALIFORNIA-LOS ANGELES      ,CA,90405-3035,Proprietary  ,5421,3637,9058,5421,3637,9058
00725300,FEDERICO BEAUTY INSTITUTE               ,CA,95834-1905,Proprietary  ,157,160,317,157,160,317
00729600,COLEMAN COLLEGE                         ,CA,92123-0000,Private      ,196,434,630,196,434,630
00732909,ITT TECHNICAL INSTITUTE                 ,CA,92868-3506,Proprietary  ,215,341,556,215,341,556
00732971,ITT TECHNICAL INSTITUTE                 ,CA,95670-6047,Proprietary  ,136,263,399,136,263,399
00732976,ITT TECHNICAL INSTITUTE                 ,CA,92408-3519,Proprietary  ,446,615,1061,446,615,1061
00732981,ITT TECHNICAL INSTITUTE                 ,CA,92123-2662,Proprietary  ,493,970,1463,493,970,1463
00732985,ITT TECHNICAL INSTITUTE                 ,CA,91773-2933,Proprietary  ,171,357,528,171,357,528
00732989,ITT TECHNICAL INSTITUTE                 ,CA,90502-1356,Proprietary  ,133,253,386,133,253,386
00732994,ITT TECHNICAL INSTITUTE                 ,CA,91342-3664,Proprietary  ,190,376,566,190,376,566
00746501,AMERICAN ACADEMY OF DRAMATIC ARTS - HOLL,CA,90028-7504,Private      ,510,158,668,510,158,668
00747600,MARINELLO SCHOOLS OF BEAUTY             ,CA,90023-2666,Proprietary  ,200,198,398,200,198,398
00747602,MARINELLO SCHOOLS OF BEAUTY - SPA ACADEM,CA,90048-5101,Proprietary  ,61,55,116,61,55,116
00747603,MARINELLO SCHOOLS OF BEAUTY - INGLEWOOD ,CA,90301-2306,Proprietary  ,32,24,56,32,24,56
00747604,MARINELLO SCHOOLS OF BEAUTY - RESEDA    ,CA,91335-4218,Proprietary  ,22,18,40,22,18,40
00747606,MARINELLO SCHOOLS OF BEAUTY - WEST COVIN,CA,91790-2805,Proprietary  ,40,31,71,40,31,71
00747607,MARINELLO SCHOOLS OF BEAUTY - SAN BERNAR,CA,92410-3261,Proprietary  ,129,115,244,129,115,244
00747608,MARINELLO SCHOOLS OF BEAUTY - ONTARIO   ,CA,91762-2113,Proprietary  ,92,77,169,92,77,169
00747609,MARINELLO SCHOOLS OF BEAUTY - WHITTIER  ,CA,90601-4107,Proprietary  ,66,56,122,66,56,122
00747610,MARINELLO SCHOOLS OF BEAUTY - LOMITA    ,CA,90717-1460,Proprietary  ,13,15,28,13,15,28
00747611,MARINELLO SCHOOLS OF BEAUTY - SAN DIEGO ,CA,92126-4217,Proprietary  ,152,123,275,152,123,275
00747612,MARINELLO SCHOOLS OF BEAUTY - EL CAJON  ,CA,92020-2503,Proprietary  ,34,33,67,34,33,67
00747613,MARINELLO SCHOOLS OF BEAUTY - VICTORVILL,CA,92392-5496,Proprietary  ,69,79,148,69,79,148
00747614,MARINELLO SCHOOLS OF BEAUTY - ANAHEIM   ,CA,92801-4622,Proprietary  ,57,40,97,57,40,97
00747615,MARINELLO SCHOOLS OF BEAUTY - SIMI VALLE,CA,93065-2801,Proprietary  ,22,19,41,22,19,41
00747700,"HEALD COLLEGE,SCHOOLS OF BUS & TECH     ",CA,95670-6005,Proprietary  ,303,1068,1371,303,1068,1371
00753100,ACADEMY OF ART UNIVERSITY               ,CA,94105-3410,Proprietary  ,5447,6245,11692,5447,6245,11692
00753600,COSUMNES RIVER COLLEGE                  ,CA,95823-5799,Public       ,6934,5968,12902,6934,5968,12902
00754802,WESTWOOD COLLEGE OF TECHNOLOGY          ,CA,92801-0000,Proprietary  ,654,440,1094,654,440,1094
00754803,WESTWOOD COLLEGE OF TECHNOLOGY          ,CA,91786-0000,Proprietary  ,642,533,1175,642,533,1175
00760600,EVEREST COLLEGE                         ,CA,90010-2221,Proprietary  ,246,278,524,246,278,524
00760700,CONCORDE CAREER INSTITUTE               ,CA,91606-3134,Proprietary  ,134,259,393,134,259,393
00770700,COLUMBIA COLLEGE                        ,CA,95370-8580,Public       ,790,660,1450,790,660,1450
00771300,SKYLINE COLLEGE                         ,CA,94066-1698,Public       ,2152,1613,3765,2152,1613,3765
00793000,CONCORDE CAREER INSTITUTE               ,CA,92108-0000,Proprietary  ,178,541,719,178,541,719
00799300,CALIF STATE UNIV BAKERSFIELD            ,CA,93311-1022,Public       ,8942,5109,14051,8942,5109,14051
00807100,CONCORDE CAREER INSTITUTE               ,CA,92840-9201,Proprietary  ,192,355,547,192,355,547
00807300,BUTTE COMMUNITY COLLEGE                 ,CA,95965-0000,Public       ,5321,4477,9798,5321,4477,9798
00809000,EVEREST COLLEGE                         ,CA,91803-1310,Proprietary  ,152,357,509,152,357,509
00809300,HEALD COLLEGE                           ,CA,93704-1706,Proprietary  ,923,1483,2406,923,1483,2406
00853200,HEALD COLLEGE                           ,CA,94545-2352,Proprietary  ,455,1084,1539,455,1084,1539
00853202,HEALD COLLEGE - MODESTO                 ,CA,95368-9095,Proprietary  ,412,695,1107,412,695,1107
00853700,CONCORDE CAREER INSTITUTE               ,CA,92401-0000,Proprietary  ,227,501,728,227,501,728
00859600,WEST LOS ANGELES COLLEGE                ,CA,90230-3500,Public       ,2710,3626,6336,2710,3626,6336
00859700,FEATHER RIVER COLLEGE                   ,CA,95971-9124,Public       ,503,257,760,503,257,760
00884400,CALIFORNIA CHRISTIAN COLLEGE            ,CA,93703-3599,Private      ,82,85,167,82,85,167
00884600,WRIGHT INSTITUTE                        ,CA,94704-0000,Private      ,2,275,277,2,275,277
00890300,COLLEGE OF THE CANYONS                  ,CA,91355-1899,Public       ,4873,2655,7528,4873,2655,7528
00891800,SADDLEBACK COLLEGE                      ,CA,92692-3699,Public       ,3841,2985,6826,3841,2985,6826
00902200,ASSOCIATED TECHNICAL COLLEGE            ,CA,90017-0000,Proprietary  ,95,134,229,95,134,229
00903200,EMPIRE COLLEGE                          ,CA,95403-2122,Proprietary  ,77,173,250,77,173,250
00915706,WYOMING TECHNICAL INSTITUTE - WEST SACRA,CA,95605-1507,Proprietary  ,366,532,898,366,532,898
00927200,CRAFTON HILLS COLLEGE                   ,CA,92399-1799,Public       ,2621,1842,4463,2621,1842,4463
00932500,ABRAM FRIEDMAN OCCUP CTR                ,CA,90015-3507,Public       ,80,155,235,80,155,235
00950900,SKILLS & BUSINESS EDUCATION CENTER      ,CA,95824-1529,Public       ,164,528,692,164,528,692
00974800,CARRINGTON COLLEGE CALIFORNIA           ,CA,95826-3203,Proprietary  ,489,1046,1535,489,1046,1535
00974801,CARRINGTON COLLEGE CALIFORNIA - SAN LEAN,CA,94578-3711,Proprietary  ,130,238,368,130,238,368
00974802,CARRINGTON COLLEGE CALIFORNIA - PLEASANT,CA,94523-1984,Proprietary  ,82,175,257,82,175,257
00974803,CARRINGTON COLLEGE CALIFORNIA - STOCKTON,CA,95207-5509,Proprietary  ,228,275,503,228,275,503
00974804,CARRINGTON COLLEGE CALIFORNIA - CITRUS H,CA,95621-5577,Proprietary  ,120,197,317,120,197,317
00974806,CARRINGTON COLLEGE CALIFORNIA -  ANTIOCH,CA,94531-1604,Proprietary  ,104,161,265,104,161,265
00974807,CARRINGTON COLLEGE CALIFORNIA - SAN JOSE,CA,95119-1325,Proprietary  ,237,457,694,237,457,694
00974808,CARRINGTON COLLEGE CALIFORNIA - EMERYVIL,CA,94608-3006,Proprietary  ,35,65,100,35,65,100
00974809,WESTERN CAREER COLLEGE -  EMERYVILLE SHE,CA,94608-3006,Proprietary  ,10,28,38,10,28,38
00998900,SANTA BARBARA BUSINESS COLLEGE          ,CA,93111-0000,Proprietary  ,210,197,407,210,197,407
01011100,CERRO-COSO COMMUNITY COLLEGE            ,CA,93555-9571,Public       ,532,1028,1560,532,1028,1560
01014900,PEPPERDINE UNIVERSITY                   ,CA,90263-0000,Private      ,7784,4015,11799,7784,4015,11799
01034000,LOS MEDANOS COLLEGE                     ,CA,94565-5197,Public       ,2142,2394,4536,2142,2394,4536
01036500,CHARLES R DREW UNIV OF MED & SCI        ,CA,90059-0000,Private      ,127,574,701,127,574,701
01039500,UNIVERSITY OF SAN DIEGO                 ,CA,92110-2492,Private      ,18196,4320,22516,18196,4320,22516
01039501,UNIVERSITY OF SAN DIEGO - SCHOOL OF LAW ,CA,92110-2492,Private      ,185,2400,2585,185,2400,2585
01044100,PARDEE RAND GRADUATE SCHOOL             ,CA,90407-2138,Private      ,2,22,24,2,22,24
01047400,MARYMOUNT COLLEGE OF PALOS VERDES       ,CA,90275-0000,Private      ,1419,114,1533,1419,114,1533
01083200,WESTERN STATE UNIV COLLEGE OF LAW       ,CA,92831-3014,Proprietary  ,23,901,924,23,901,924
01085400,THOMAS JEFFERSON SCHOOL OF LAW          ,CA,92110-0000,Private      ,31,1331,1362,31,1331,1362
01102400,EVEREST COLLEGE                         ,CA,94103-2091,Proprietary  ,103,203,306,103,203,306
01110700,EVEREST  COLLEGE                        ,CA,92801-5231,Proprietary  ,270,339,609,270,339,609
01110900,EVEREST COLLEGE                         ,CA,91335-4631,Proprietary  ,92,240,332,92,240,332
01111200,FIDM-FASHION INSTITUTE OF DESIGN        ,CA,90015-1421,Proprietary  ,5047,1537,6584,5047,1537,6584
01111700,ALLIANT INTERNATIONAL UNIVERSITY        ,CA,92131-1799,Private      ,100,1558,1658,100,1558,1658
01111705,ALLIANT INTERNATIONAL UNIVERSITY - LOS A,CA,91803-1360,Private      ,10,577,587,10,577,587
01111706,ALLIANT INTERNATIONAL UNIVERSITY - SAN F,CA,94133-1221,Private      ,26,626,652,26,626,652
01111707,ALLIANT INTERNATIONAL UNIVERSITY - FRESN,CA,93727-2014,Private      ,63,425,488,63,425,488
01112100,EVEREST COLLEGE                         ,CA,94541-4007,Proprietary  ,84,188,272,84,188,272
01112300,EVEREST COLLEGE                         ,CA,90247-4163,Proprietary  ,117,234,351,117,234,351
01146000,NATIONAL UNIVERSITY                     ,CA,92037-1011,Private      ,528,8165,8693,528,8165,8693
01162600,PRACTICAL SCHOOLS                       ,CA,92805-0000,Proprietary  ,265,546,811,265,546,811
01164900,LOYOLA MARYMOUNT UNIVERSITY             ,CA,90045-0000,Private      ,12445,2522,14967,12445,2522,14967
01164901,LMU  - LOYOLA LAW SCHOOL                ,CA,90015-0019,Private      ,181,2927,3108,181,2927,3108
01167200,MENDOCINO COLLEGE                       ,CA,95482-3000,Public       ,839,889,1728,839,889,1728
01170700,NORTH-WEST COLLEGE                      ,CA,91790-2097,Proprietary  ,84,142,226,84,142,226
01179200,FRANCISCAN SCHOOL OF THEOLOGY           ,CA,94709-0000,Private      ,1,19,20,1,19,20
01182000,SAN DIEGO MIRAMAR COLLEGE               ,CA,92126-0000,Public       ,3572,3391,6963,3572,3391,6963
01186500,CALIFORNIA HAIR DESIGN ACADEMY          ,CA,92115-0000,Proprietary  ,93,95,188,93,95,188
01186600,LU ROSS ACADEMY                         ,CA,93001-2927,Proprietary  ,56,73,129,56,73,129
01202600,JE BOUTIQUE COLLEGE OF BEAUTY           ,CA,92021-6247,Proprietary  ,32,41,73,32,41,73
01202700,GALEN COLLEGE OF CALIFORNIA             ,CA,93728-2381,Proprietary  ,45,59,104,45,59,104
01203100,SAN DIEGO CHRISTIAN COLLEGE             ,CA,92019-1157,Private      ,690,541,1231,690,541,1231
01206100,EVEREST COLLEGE                         ,CA,95128-3908,Proprietary  ,195,269,464,195,269,464
01215400,CALIFORNIA INSTITUTE OF INTEGRAL STUDIES,CA,94103-2557,Private      ,45,829,874,45,829,874
01230002,PALMER COLLEGE OF CHIROPRACTIC - WEST CA,CA,95134-1617,Private      ,20,218,238,20,218,238
01231600,MANCHESTER BEAUTY COLLEGE               ,CA,93726-5306,Proprietary  ,111,92,203,111,92,203
01231700,TULARE BEAUTY COLLEGE                   ,CA,93274-3432,Proprietary  ,25,19,44,25,19,44
01244600,UNIVERSAL COLLEGE OF BEAUTY             ,CA,90044-0044,Proprietary  ,61,37,98,61,37,98
01245200,EVERGREEN VALLEY COLLEGE                ,CA,95135-1598,Public       ,3459,2881,6340,3459,2881,6340
01255000,LOS ANGELES MISSION COLLEGE             ,CA,91342-3200,Public       ,4449,3052,7501,4449,3052,7501
01265000,MARINELLO SCHOOL OF BEAUTY              ,CA,91502-2828,Proprietary  ,50,54,104,50,54,104
01265001,MARINELLO SCHOOL OF BEAUTY - PALMDALE   ,CA,93550-4686,Proprietary  ,44,35,79,44,35,79
01265100,MARINELLO SCHOOL OF BEAUTY              ,CA,91748-1674,Proprietary  ,25,29,54,25,29,54
01284200,OXNARD COLLEGE                          ,CA,93030-0000,Public       ,1998,1639,3637,1998,1639,3637
01287200,NORTH-WEST COLLEGE                      ,CA,91768-3199,Proprietary  ,109,88,197,109,88,197
01287300,WYOTECH                                 ,CA,90810-3800,Proprietary  ,575,567,1142,575,567,1142
01287301,WYOTECH - EVEREST  COLLEGE              ,CA,90034-3158,Proprietary  ,186,261,447,186,261,447
01287302,WYOTECH - EVEREST  COLLEGE              ,CA,91746-3412,Proprietary  ,195,293,488,195,293,488
01290700,LAKE TAHOE COMMUNITY COLLEGE            ,CA,96150-4524,Public       ,436,461,897,436,461,897
01291100,MARINELLO SCHOOL OF BEAUTY              ,CA,92646-2552,Proprietary  ,65,59,124,65,59,124
01291200,MTI COLLEGE                             ,CA,95841-0000,Proprietary  ,356,941,1297,356,941,1297
01294200,ROSEMEAD BEAUTY SCHOOL                  ,CA,91770-1639,Proprietary  ,11,50,61,11,50,61
01298400,PROFESSIONAL INSTITUTE OF BEAUTY        ,CA,91731-2613,Proprietary  ,11,14,25,11,14,25
01298500,HAIR CALIFORNIA BEAUTY ACADEMY          ,CA,92867-7127,Proprietary  ,13,36,49,13,36,49
01298900,OCEANSIDE COLLEGE OF BEAUTY             ,CA,92054-5393,Proprietary  ,54,86,140,54,86,140
01301000,LANCASTER BEAUTY SCHOOL                 ,CA,93534-3098,Proprietary  ,36,74,110,36,74,110
01307400,AMERICAN BEAUTY COLLEGE                 ,CA,91790-2906,Proprietary  ,25,28,53,25,28,53
01309500,SALON SUCCESS ACADEMY                   ,CA,92879-6561,Proprietary  ,65,51,116,65,51,116
01310300,CALIFORNIA WESTERN SCHOOL OF LAW        ,CA,92101-0000,Private      ,89,1452,1541,89,1452,1541
01324000,LYTLE'S REDWOOD EMPIRE BEAUTY CLG       ,CA,95403-0000,Proprietary  ,72,90,162,72,90,162
02054900,MARINELLO SCHOOL OF BEAUTY              ,CA,92630-0000,Proprietary  ,21,30,51,21,30,51
02054902,MARINELLO SCHOOL OF BEAUTY - BAKERSFIELD,CA,93309-5001,Proprietary  ,159,108,267,159,108,267
02059800,PARIS BEAUTY COLLEGE                    ,CA,94520-2611,Proprietary  ,33,46,79,33,46,79
02063500,COASTLINE COMMUNITY COLLEGE             ,CA,92708-0000,Public       ,1472,3265,4737,1472,3265,4737
02064300,SIERRA COLLEGE OF BEAUTY                ,CA,95340-0000,Proprietary  ,76,64,140,76,64,140
02065700,CALIFORNIA BEAUTY COLLEGE               ,CA,95354-0000,Proprietary  ,116,104,220,116,104,220
02070500,CONCORDIA UNIVERSITY                    ,CA,92612-0000,Private      ,2398,1212,3610,2398,1212,3610
02075800,SOUTHERN CA INST OF ARCHITECTURE        ,CA,90013-0000,Private      ,212,415,627,212,415,627
02086400,MARINELLO SCHOOL OF BEAUTY              ,CA,95050-0000,Proprietary  ,29,34,63,29,34,63
02086401,MARINELLO SCHOOL OF BEAUTY - SEASIDE    ,CA,93955-3615,Proprietary  ,43,28,71,43,28,71
02086402,MARINELLO SCHOOL OF BEAUTY - SAN MATEO  ,CA,94401-3801,Proprietary  ,18,21,39,18,21,39
02086403,MARINELLO SCHOOL OF BEAUTY - HAYWARD    ,CA,94541-5111,Proprietary  ,33,48,81,33,48,81
02086404,MARINELLO SCHOOL OF BEAUTY - CASTRO VALL,CA,94546-5506,Proprietary  ,15,14,29,15,14,29
02091200,ELEGANCE INTERNATIONAL                  ,CA,90028-0000,Proprietary  ,46,47,93,46,47,93
02091700,KAPLAN COLLEGE                          ,CA,92123-1509,Proprietary  ,460,1199,1659,460,1199,1659
02091702,KAPLAN COLLEGE - CHULA VISTA            ,CA,91910-5342,Proprietary  ,147,227,374,147,227,374
02096100,FIELDING GRADUATE UNIVERSITY            ,CA,93105-0000,Private      ,6,385,391,6,385,391
02099200,AMERICAN CONSERVATORY THEATER           ,CA,94108-0000,Private      ,42,177,219,42,177,219
02110200,COLUMBIA COLLEGE                        ,CA,91356-0000,Private      ,247,114,361,247,114,361
02110800,CALIFORNIA COLLEGE SAN DIEGO            ,CA,92108-3821,Proprietary  ,1524,1303,2827,1524,1303,2827
02111300,CUYAMACA COLLEGE                        ,CA,92019-0000,Public       ,3021,3382,6403,3021,3382,6403
02119100,MISSION COLLEGE                         ,CA,95054-1897,Public       ,2226,2584,4810,2226,2584,4810
02120600,SAYBROOK GRADUATE SCHOOL                ,CA,94111-1920,Private      ,1,265,266,1,265,266
02120700,SAN JOAQUIN VALLEY COLLEGE              ,CA,93291-0000,Proprietary  ,1672,2524,4196,1672,2524,4196
02125000,CAREER ACADEMY OF BEAUTY                ,CA,92845-0000,Proprietary  ,28,38,66,28,38,66
02128200,"VICTOR VALLEY BEAUTY COLLEGE, INC       ",CA,92392-0000,Proprietary  ,73,96,169,73,96,169
02128300,INSTITUTE FOR BUSINESS & TECHNOLOGY     ,CA,95050-0000,Proprietary  ,44,157,201,44,157,201
02128301,INSTITUTE FOR BUSINESS & TECHNOLOGY - NA,CA,95670-6351,Proprietary  ,13,60,73,13,60,73
02138300,PALO ALTO UNIVERSITY                    ,CA,94304-1337,Private      ,59,549,608,59,549,608
02147400,CLEVELAND CHIROPRACTIC COLLEGE          ,CA,90004-0000,Private      ,4,18,22,4,18,22
02161800,MUSICIANS INSTITUTE                     ,CA,90028-6157,Proprietary  ,938,496,1434,938,496,1434
02167800,ESTES INSTITUTE OF COSMETOLOGY          ,CA,93291-0000,Proprietary  ,105,78,183,105,78,183
02174600,MARINELLO SCHOOL OF BEAUTY              ,CA,90201-0000,Proprietary  ,36,21,57,36,21,57
02180600,BRIDGES  ACADEMY OF BEAUTY              ,CA,92311-2327,Proprietary  ,2,9,11,2,9,11
02185800,MOLER BARBER COLLEGE                    ,CA,94611-0000,Proprietary  ,36,60,96,36,60,96
02187500,"HEALD COLLEGE, SCH OF BUS & TECH        ",CA,94520-0000,Proprietary  ,641,1245,1886,641,1245,1886
02188400,SIERRA VALLEY COLLEGE OF COURT REPORTING,CA,93726-0000,Proprietary  ,41,67,108,41,67,108
02208600,MADERA BEAUTY COLLEGE                   ,CA,93637-3519,Proprietary  ,36,28,64,36,28,64
02211000,SALON SUCCESS ACADEMY                   ,CA,92405-0000,Proprietary  ,78,63,141,78,63,141
02220000,COLLEEN O'HARA BEAUTY ACADEMY           ,CA,92701-0000,Proprietary  ,34,29,63,34,29,63
02220200,CALIFORNIA CULINARY ACADEMY             ,CA,94102-3336,Proprietary  ,402,398,800,402,398,800
02221300,MARINELLO SCHOOL OF BEAUTY              ,CA,92553-0000,Proprietary  ,78,58,136,78,58,136
02221303,MARINELLO SCHOOL OF BEAUTY - SAN RAFAEL ,CA,94901-3224,Proprietary  ,10,10,20,10,10,20
02222000,AMERICAN FILM INSTITUTE                 ,CA,90027-0000,Private      ,299,581,880,299,581,880
02226000,EAST LOS ANGELES COLLEGE                ,CA,91754-0000,Public       ,12353,8188,20541,12353,8188,20541
02228500,LIFE CHIROPRACTIC COLLEGE WEST          ,CA,94545-0000,Private      ,14,169,183,14,169,183
02230900,FREDRICK & CHARLES BEAUTY COLLEGE       ,CA,95501-0000,Proprietary  ,28,40,68,28,40,68
02231900,GEMOLOGICAL INSTITUTE OF AMERICA        ,CA,92008-4698,Private      ,29,94,123,29,94,123
02234300,FASHION CAREERS OF CALIFORNIA           ,CA,92110-0000,Proprietary  ,137,100,237,137,100,237
02236400,"THANH LE COLG, SCH OF COSMETOLOGY       ",CA,92840-0000,Proprietary  ,4,10,14,4,10,14
02237200,PHILLIPS GRADUATE INSTITUTE             ,CA,91316-0000,Private      ,4,90,94,4,90,94
02241600,SAN DIEGO CONTINUING EDUCATION          ,CA,92113-0000,Public       ,133,388,521,133,388,521
02241800,AMERICAN CAREER COLLEGE                 ,CA,90004-0000,Proprietary  ,684,1211,1895,684,1211,1895
02242700,BERKELEY CITY COLLEGE                   ,CA,94704-0000,Public       ,2455,2288,4743,2455,2288,4743
02250602,EVEREST COLLEGE                         ,CA,91761-8525,Proprietary  ,271,553,824,271,553,824
02255400,INTERNATIONAL SCHOOL OF COSMETOLOGY     ,CA,90250-0000,Proprietary  ,46,56,102,46,56,102
02255600,MARINELLO SCHOOL OF BEAUTY              ,CA,90723-0000,Proprietary  ,42,24,66,42,24,66
02258600,ALAMEDA BEAUTY COLLEGE                  ,CA,94501-0000,Proprietary  ,88,96,184,88,96,184
02262400,YESHIVA OHR ELCHONON CHABAD             ,CA,90046-0000,Private      ,30,5,35,30,5,35
02263101,ANTHEM COLLEGE - SACRAMENTO             ,CA,95827-3378,Proprietary  ,59,120,179,59,120,179
02267600,INSTITUTE OF TRANSPERSONAL PSYCHLGY     ,CA,94303-4624,Private      ,7,267,274,7,267,274
02270600,LIFE PACIFIC COLLEGE                    ,CA,91773-0000,Private      ,247,119,366,247,119,366
02276800,WESTMINSTER SEMINARY CALIFORNIA         ,CA,92027-0000,Private      ,10,127,137,10,127,137
02277400,SOUTH COAST COLLEGE                     ,CA,92868-2616,Proprietary  ,180,343,523,180,343,523
02282300,ALHAMBRA BEAUTY COLLEGE                 ,CA,91802-0000,Proprietary  ,15,13,28,15,13,28
02285100,HILLTOP BEAUTY SCHOOL                   ,CA,94014-0000,Proprietary  ,5,5,10,5,5,10
02298000,DESIGN INSTITUTE OF SAN DIEGO           ,CA,92121-0000,Proprietary  ,160,159,319,160,159,319
02304300,"PLATT COLLEGE, SAN DIEGO                ",CA,92115-0000,Proprietary  ,186,214,400,186,214,400
02306300,KAPLAN COLLEGE                          ,CA,95368-0000,Proprietary  ,256,470,726,256,470,726
02306302,KAPLAN COLLEGE - FRESNO                 ,CA,93612-3802,Proprietary  ,215,290,505,215,290,505
02309500,CLOVIS ADULT EDUC                       ,CA,93611-0000,Public       ,68,174,242,68,174,242
02312400,LA COLLEGE INTERNATIONAL                ,CA,90010-0000,Proprietary  ,44,155,199,44,155,199
02327600,ART INSTITUTE OF CALIFORNIA - SAN DIEGO ,CA,92108-4401,Proprietary  ,3199,2298,5497,3199,2298,5497
02330500,LAGUNA COLLEGE OF ART AND DESIGN        ,CA,92651-0000,Private      ,549,185,734,549,185,734
02332800,CENTER FOR EMPLOYMENT TRAINING          ,CA,95110-0000,Private      ,59,238,297,59,238,297
02338500,GLENDALE CAREER COLLEGE                 ,CA,91203-1207,Proprietary  ,105,115,220,105,115,220
02338700,MARINELLO SCHOOL OF BEAUTY              ,CA,94103-0000,Proprietary  ,105,109,214,105,109,214
02338701,MARINELLO SCHOOL OF BEAUTY - CHICO      ,CA,95928-7184,Proprietary  ,61,49,110,61,49,110
02338702,MARINELLO SCHOOL OF BEAUTY - REDDING    ,CA,96001-1023,Proprietary  ,50,61,111,50,61,111
02338703,MARINELLO SCHOOL OF BEAUTY - FRESNO     ,CA,93711-3246,Proprietary  ,118,70,188,118,70,188
02342400,ACADEMY OF RADIO BROADCASTING           ,CA,92647-3809,Proprietary  ,53,86,139,53,86,139
02343400,"BELLUS ACADEMY, THE ACADEMY OF BEAUTY AN",CA,92064-4633,Proprietary  ,97,132,229,97,132,229
02345800,MONTEBELLO BEAUTY COLLEGE               ,CA,90640-0000,Proprietary  ,27,17,44,27,17,44
02351900,KAPLAN COLLEGE                          ,CA,95660-5512,Proprietary  ,345,781,1126,345,781,1126
02351901,KAPLAN COLLEGE - BAKERSFIELD            ,CA,93304-0000,Proprietary  ,381,438,819,381,438,819
02358000,THOMAS AQUINAS COLLEGE                  ,CA,93060-9622,Private      ,371,27,398,371,27,398
02359300,SHASTA BIBLE COLLEGE                    ,CA,96002-0000,Private      ,47,43,90,47,43,90
02482700,WESTERN UNIVERSITY OF HEALTH S          ,CA,91766-1854,Private      ,160,4914,5074,160,4914,5074
02494800,LOLA BEAUTY COLLEGE                     ,CA,92641-0000,Proprietary  ,9,19,28,9,19,28
02497300,TRINITY COLLEGE                         ,CA,93277-8109,Proprietary  ,92,231,323,92,231,323
02500000,SAN JOAQUIN COLLEGE OF LAW              ,CA,93612-0000,Private      ,25,169,194,25,169,194
02518400,THE NATIONAL HISPANIC UNIVERSITY        ,CA,95127-0000,Proprietary  ,349,386,735,349,386,735
02519800,AVANCE BEAUTY COLLEGE                   ,CA,92154-0000,Proprietary  ,79,67,146,79,67,146
02520200,CALIFORNIA CAREER SCHOOLS               ,CA,92805-0000,Proprietary  ,64,113,177,64,113,177
02520300,INTERIOR DESIGNERS INSTITUTE            ,CA,92660-0000,Proprietary  ,29,67,96,29,67,96
02520400,ADRIAN'S BEAUTY COLLEGE OF TURLOCK      ,CA,95382-0000,Proprietary  ,80,71,151,80,71,151
02537200,PALOMAR INSTITUTE OF COSMETOLOGY        ,CA,92069-0000,Proprietary  ,111,123,234,111,123,234
02539100,KAPLAN COLLEGE                          ,CA,91606-3231,Proprietary  ,255,526,781,255,526,781
02539102,KAPLAN COLLEGE -  RIVERSIDE             ,CA,92507-4223,Proprietary  ,343,552,895,343,552,895
02539500,IRVINE VALLEY COLLEGE                   ,CA,92620-0000,Public       ,4489,2424,6913,4489,2424,6913
02542300,NATIONAL HOLISTIC INSTITUTE             ,CA,94608-0000,Proprietary  ,87,298,385,87,298,385
02543400,BROWNSON TECHNICAL SCHOOL               ,CA,92805-0000,Proprietary  ,23,32,55,23,32,55
02545900,HYPNOSIS MOTIVATION INSTITUTE           ,CA,91356-0000,Private      ,3,26,29,3,26,29
02546400,MTI BUSINESS COLLEGE INC                ,CA,95207-0000,Proprietary  ,50,113,163,50,113,163
02549000,KAPLAN COLLEGE                          ,CA,92083-7736,Proprietary  ,158,475,633,158,475,633
02549005,KAPLAN COLLEGE -  PALM SPRINGS          ,CA,92262-7011,Proprietary  ,194,283,477,194,283,477
02553500,ASSOCIATED TECHNICAL COLLEGE            ,CA,92101-0000,Proprietary  ,85,116,201,85,116,201
02553600,DIVERSIFIED LANGUAGE INSTITUTE          ,CA,90017-0000,Proprietary  ,16,132,148,16,132,148
02559300,UNITED EDUCATION INSTITUTE              ,CA,90020-0000,Proprietary  ,75,122,197,75,122,197
02559400,INTERCOAST COLLEGES                     ,CA,92868-1656,Proprietary  ,67,460,527,67,460,527
02565400,KAPLAN COLLEGE                          ,CA,95207-6216,Proprietary  ,234,416,650,234,416,650
02570300,LOS ANGELES ORT COLLEGE                 ,CA,90048-0000,Private      ,59,132,191,59,132,191
02577900,SANTA BARBARA BUSINESS COLLEGE          ,CA,93309-1664,Proprietary  ,259,393,652,259,393,652
02578000,SANTA BARBARA BUSINESS COLLEGE          ,CA,93454-6943,Proprietary  ,157,203,360,157,203,360
02584200,NEWBRIDGE COLLEGE                       ,CA,92701-0000,Proprietary  ,80,176,256,80,176,256
02591600,NORTH-WEST COLLEGE                      ,CA,91101-1744,Proprietary  ,54,64,118,54,64,118
02593100,HEALD COLLEGE                           ,CA,95678-5303,Proprietary  ,496,1370,1866,496,1370,1866
02593200,HEALD COLLEGE                           ,CA,95035-8008,Proprietary  ,508,1292,1800,508,1292,1800
02593300,HEALD COLLEGE                           ,CA,95210-5667,Proprietary  ,665,1348,2013,665,1348,2013
02595600,ASIAN AMERICAN INTERNATIONAL BTY CG     ,CA,92683-4043,Proprietary  ,7,13,20,7,13,20
02597300,SOUTH BAYLO UNIVERSITY                  ,CA,92801-1701,Private      ,5,89,94,5,89,94
02602300,CENTRAL COAST COLLEGE                   ,CA,93901-3301,Proprietary  ,143,157,300,143,157,300
02608900,PINNACLE COLLEGE                        ,CA,91803-8842,Proprietary  ,29,24,53,29,24,53
02608901,PINNACLE COLLEGE - SACRAMENTO           ,CA,95670-6386,Proprietary  ,32,52,84,32,52,84
02609000,EMPERORS COLG OF TRAD ORIENTAL MED      ,CA,90403-5609,Proprietary  ,11,80,91,11,80,91
02612800,LOS ANGELES RECORDING SCHOOL            ,CA,90028-3112,Proprietary  ,246,224,470,246,224,470
03010611,VIRGINIA COLLEGE - GOLF ACADEMY OF AMERI,CA,92008-6512,Proprietary  ,39,75,114,39,75,114
03011300,"CALIF STATE UNIV, SAN MARCOS            ",CA,92096-0001,Public       ,12262,5520,17782,12262,5520,17782
03019900,CAPSTONE COLLEGE                        ,CA,91402-4924,Proprietary  ,7,22,29,7,22,29
03025600,DELL'ARTE SCH OF PHYSICAL THEATRE       ,CA,95525-0816,Private      ,2,9,11,2,9,11
03027700,PACIFIC COLLEGE OF ORIENTAL MED         ,CA,92108-4408,Proprietary  ,50,361,411,50,361,411
03029600,POMONA ADULT SCHOOL                     ,CA,91766-0000,Public       ,42,80,122,42,80,122
03031409,INTERNATIONAL ACADEMY OF DESIGN AND TECH,CA,95834-9664,Proprietary  ,219,283,502,219,283,502
03034000,HEALD COLLEGE                           ,CA,93906-5100,Proprietary  ,674,1100,1774,674,1100,1774
03035700,LAS POSITAS COLLEGE                     ,CA,94551-6750,Public       ,1993,1248,3241,1993,1248,3241
03039900,FREMONT COLLEGE                         ,CA,90703-5342,Proprietary  ,270,200,470,270,200,470
03043900,NEWSCHOOL OF ARCHITECTURE & DESIGN      ,CA,92101-6634,Proprietary  ,346,366,712,346,366,712
03044500,KAPLAN COLLEGE                          ,CA,91402-4222,Proprietary  ,26,28,54,26,28,54
03054100,ROYALE COLLEGE OF BEAUTY                ,CA,92590-2525,Proprietary  ,27,29,56,27,29,56
03062300,WESTECH COLLEGE                         ,CA,91764-4988,Proprietary  ,97,204,301,97,204,301
03062400,MT DIABLO ADULT EDUC LOMA VISTA CTR     ,CA,94518-1122,Public       ,74,124,198,74,124,198
03062700,PLATT COLLEGE                           ,CA,90041-0000,Proprietary  ,164,180,344,164,180,344
03062701,PLATT COLLEGE                           ,CA,91764-0000,Proprietary  ,401,457,858,401,457,858
03063400,MODERN TECHNOLOGY SCHOOL                ,CA,92708-9821,Proprietary  ,34,98,132,34,98,132
03067400,BALDWIN PARK ADULT SCHOOL               ,CA,91706-4897,Public       ,54,110,164,54,110,164
03067500,INSTITUTE OF TECHNOLOGY                 ,CA,93612-3217,Proprietary  ,356,810,1166,356,810,1166
03069500,SAGE COLLEGE                            ,CA,92557-6720,Proprietary  ,95,358,453,95,358,453
03072300,EVEREST COLLEGE                         ,CA,91761-3222,Proprietary  ,224,364,588,224,364,588
03072700,WESTWOOD COLLEGE - LOS ANGELES          ,CA,90010-1577,Proprietary  ,1096,2170,3266,1096,2170,3266
03074900,MARTINEZ ADULT CENTER                   ,CA,94553-3298,Public       ,5,23,28,5,23,28
03078200,AMERICAN CLG TRADITIONAL CHINESE MD     ,CA,94107-2813,Private      ,10,121,131,10,121,131
03084700,VENTURA ADULT\CONTINUING EDUCATION      ,CA,93003-7313,Public       ,11,89,100,11,89,100
03094400,ELITE PROGRESSIVE SCHOOL OF COSM        ,CA,95841-2909,Proprietary  ,55,93,148,55,93,148
03094401,MARINELLO SCHOOL OF BEAUTY - CONCORD    ,CA,94520-2581,Proprietary  ,38,35,73,38,35,73
03094402,MARINELLO SCHOOL OF BEAUTY- STOCKTON    ,CA,95203-3149,Proprietary  ,90,75,165,90,75,165
03097700,CENTRAL CALIF SCH CONTINUING EDUC       ,CA,93401-6739,Proprietary  ,32,87,119,32,87,119
03098200,YO SAN UNIV TRADITIONAL CHINESE MED     ,CA,90066-1103,Private      ,4,54,58,4,54,58
03108100,SUMMIT CAREER COLLEGE                   ,CA,92324-3956,Proprietary  ,117,308,425,117,308,425
03109500,DONGGUK  UNIVERSITY LOS ANGELES         ,CA,90020-1765,Private      ,23,32,55,23,32,55
03113300,UEI COLLEGE                             ,CA,93727-1620,Proprietary  ,344,545,889,344,545,889
03113600,SOUTHERN CALIFORNIA INST OF TECHNOL     ,CA,92805-3758,Proprietary  ,74,147,221,74,147,221
03116600,EAST SAN GABRIEL VLY REG OCCUP PROG     ,CA,91790-2105,Public       ,36,49,85,36,49,85
03125300,JOHN WESLEY INTER. BARBER & BTY CLG     ,CA,90813-4321,Proprietary  ,39,69,108,39,69,108
03125400,ART INSTITUTE OF CALIFORNIA-HOLLYWOOD (T,CA,91601-3112,Proprietary  ,2250,1420,3670,2250,1420,3670
03125800,PREMIERE CAREER COLLEGE                 ,CA,91706-3746,Proprietary  ,39,100,139,39,100,139
03126800,PACIFICA GRADUATE INSTITUTE             ,CA,93013-0000,Proprietary  ,0,355,355,0,355,355
03128700,MT SIERRA COLLEGE                       ,CA,91016-3414,Proprietary  ,254,215,469,254,215,469
03131300,FIVE BRANCHES UNIVERSITY                ,CA,95062-4669,Private      ,39,203,242,39,203,242
03144400,AMERICAN CLG OF HEALTH PROFESSIONS      ,CA,92505-3038,Proprietary  ,122,241,363,122,241,363
03150500,VIRGINIA SEWING MACHINES & SCH CTR      ,CA,90015-3535,Proprietary  ,5,15,20,5,15,20
03162300,FOUR-D SUCCESS ACADEMY                  ,CA,92324-4218,Proprietary  ,42,208,250,42,208,250
03163300,PACIFIC STATES UNIVERSITY               ,CA,90006-0000,Private      ,59,56,115,59,56,115
03195400,EVEREST COLLEGE                         ,CA,90501-2867,Proprietary  ,80,106,186,80,106,186
03210300,LE CORDON BLEU COLLEGE OF CULINARY ARTS ,CA,91101-5221,Proprietary  ,1375,2239,3614,1375,2239,3614
03225300,AMERICAN UNIVERSITY OF HEALTH SCIENCES  ,CA,90755-3612,Proprietary  ,110,166,276,110,166,276
03242300,CAREER NETWORK INSTITUTE                ,CA,92868-4710,Proprietary  ,26,86,112,26,86,112
03250300,COMMUNITY BASED EDUCATION AND DEVEL     ,CA,90036-0000,Private      ,39,110,149,39,110,149
03260300,CALIFORNIA STATE U-MONTEREY BAY         ,CA,93955-8001,Public       ,10934,2653,13587,10934,2653,13587
03266300,BETHESDA UNIVERSITY OF CALIFORNIA       ,CA,92801-4132,Private      ,73,97,170,73,97,170
03278300,CLARITA CAREER COLLEGE                  ,CA,91351-5432,Proprietary  ,76,211,287,76,211,287
03288300,ACAD CHINESE CULTURE & HEALTH SCIS      ,CA,94512-0000,Private      ,13,57,70,13,57,70
03299300,PACIFIC COLLEGE                         ,CA,92626-3160,Proprietary  ,92,148,240,92,148,240
03308300,KENSINGTON COLLEGE                      ,CA,92705-8708,Proprietary  ,9,23,32,9,23,32
03327400,ACUPUNCTURE AND INTEGRATIVE MEDICINE COL,CA,94704-2724,Private      ,22,116,138,22,116,138
03332300,SOUTHERN CA BIBLE CLG & SEMINARY        ,CA,92019-1109,Private      ,12,73,85,12,73,85
03359300,ST. FRANCIS CAREER COLLEGE              ,CA,90262-2659,Private      ,53,80,133,53,80,133
03367300,PROFESSIONAL GOLFERS CAREER COLLEGE     ,CA,92591-6013,Proprietary  ,64,107,171,64,107,171
03395300,INTERNATIONAL CAREER DEVELOPMENT        ,CA,90027-5794,Proprietary  ,197,1474,1671,197,1474,1671
03399300,NORTHWESTERN TECHNICAL COLLEGE          ,CA,95670-4443,Proprietary  ,52,231,283,52,231,283
03403300,EPIC BIBLE COLLEGE                      ,CA,95841-3546,Private      ,106,292,398,106,292,398
03413400,ENGLISH CENTER  (THE)                   ,CA,94607-3734,Private      ,11,48,59,11,48,59
03427400,CAREER COLLEGES OF AMERICA              ,CA,90280-7420,Proprietary  ,119,344,463,119,344,463
03427500,ANTELOPE VALLEY MEDICAL COLLEGE         ,CA,93534-3324,Proprietary  ,264,334,598,264,334,598
03440400,MARIAN HEALTH CAREERS CENTER            ,CA,90010-1728,Proprietary  ,38,56,94,38,56,94
03441400,VALLEY CAREER COLLEGE                   ,CA,92020-3057,Proprietary  ,50,83,133,50,83,133
03458300,MY LE'S BEAUTY COLLEGE                  ,CA,95824-3039,Proprietary  ,63,81,144,63,81,144
03467300,MARINELLO SCHOOL OF BEAUTY              ,CA,92545-3661,Proprietary  ,45,46,91,45,46,91
03467301,MARINELLO SCHOOL OF BEAUTY - CATHEDRAL C,CA,92234-6656,Proprietary  ,20,16,36,20,16,36
03467302,MARINELLO SCHOOL OF BEAUTY - MURRIETA   ,CA,92563-5039,Proprietary  ,46,45,91,46,45,91
03467303,MARINELLO SCHOOL OF BEAUTY - NAPA       ,CA,94559-1237,Proprietary  ,32,35,67,32,35,67
03479300,PROFESSIONAL CAREER INSTITUTE           ,CA,90703-2522,Proprietary  ,68,73,141,68,73,141
03485400,JAMES ALBERT SCHOOL OF COSMETOLOGY      ,CA,92627-3831,Proprietary  ,17,20,37,17,20,37
03516300,KING'S UNIVERSITY (THE)                 ,CA,91405-2233,Private      ,34,132,166,34,132,166
03532400,ADVANCED TRAINING ASSOCIATES            ,CA,92020-1236,Proprietary  ,10,33,43,10,33,43
03542400,COPPER MOUNTAIN COLLEGE                 ,CA,92252-6102,Public       ,344,760,1104,344,760,1104
03577300,COBA ACADEMY                            ,CA,92866-1407,Proprietary  ,26,13,39,26,13,39
03590400,NTMA TRAINING CENTERS OF SOUTHERN C     ,CA,90650-6099,Private      ,20,64,84,20,64,84
03592400,IRELL & MANELLA GRADUATE SCHOOL OF BIOLO,CA,91010-0000,Private      ,1,7,8,1,7,8
03598300,AVALON BEAUTY COLLEGE                   ,CA,93103-3137,Proprietary  ,75,48,123,75,48,123
03614300,DAVID'S ACADEMY OF BEAUTY               ,CA,91780-1089,Proprietary  ,2,5,7,2,5,7
03639300,WEST COAST ULTRASOUND INSTITUTE         ,CA,90211-3312,Proprietary  ,117,350,467,117,350,467
03646300,DESIGN'S SCHOOL OF COSMETOLOGY          ,CA,93446-1471,Proprietary  ,30,39,69,30,39,69
03681300,CALIFORNIA HEALING ARTS COLLEGE         ,CA,90025-2589,Proprietary  ,55,112,167,55,112,167
03695300,COMMUNITY ENHANCEMENT SERVICES          ,CA,91502-2750,Private      ,5,6,11,5,6,11
03695700,SANTIAGO CANYON COLLEGE                 ,CA,92869-4512,Public       ,2653,1131,3784,2653,1131,3784
03696300,UNIVERSITY OF THE WEST                  ,CA,91770-3709,Private      ,23,41,64,23,41,64
03698300,WEST COAST UNIVERSITY                   ,CA,91606-3206,Proprietary  ,1140,2029,3169,1140,2029,3169
03698400,CA COLLEGE OF VOCATIONAL CAREER         ,CA,93301-1800,Proprietary  ,127,200,327,127,200,327
03736300,ADVANCE BEAUTY COLLEGE                  ,CA,92843-4752,Proprietary  ,23,33,56,23,33,56
03740400,ATI COLLEGE                             ,CA,90650-0000,Proprietary  ,41,78,119,41,78,119
03759300,COMPUTER TUTOR BUSINESS & TECH INST     ,CA,95356-0000,Proprietary  ,54,99,153,54,99,153
03786300,ADVANCED COLLEGE                        ,CA,90280-5255,Proprietary  ,24,59,83,24,59,83
03797400,CAREER CARE INSTITUTE                   ,CA,93534-4766,Proprietary  ,108,302,410,108,302,410
03797401,CAREER CARE INSTITUTE - VENTURA         ,CA,93003-0000,Proprietary  ,35,84,119,35,84,119
03797402,CAREER CARE INSTITUTE - MORENO VALLEY   ,CA,92553-7519,Proprietary  ,38,60,98,38,60,98
03814400,SOKA UNIVERSITY OF AMERICA              ,CA,92656-8081,Private      ,513,39,552,513,39,552
03853300,KECK GRADUATE INSTITUTE OF APPLIED LIFE ,CA,91711-4817,Private      ,4,84,88,4,84,88
03853400,LADERA CAREER PATHS TRAINING CENTERS    ,CA,90045-1931,Proprietary  ,10,22,32,10,22,32
03868300,WORLD MISSION UNIVERSITY                ,CA,90020-1789,Private      ,10,50,60,10,50,60
03868400,LOS ANGELES MUSIC ACADEMY               ,CA,91105-2540,Proprietary  ,156,86,242,156,86,242
03871300,FOLSOM LAKE COLLEGE                     ,CA,95630-6798,Public       ,2239,1976,4215,2239,1976,4215
03874300,CAMBRIDGE JUNIOR COLLEGE                ,CA,95993-0000,Proprietary  ,100,131,231,100,131,231
03874400,COMMMUNITY CHRISTIAN COLLEGE            ,CA,92373-4465,Private      ,172,96,268,172,96,268
03889300,STANBRIDGE COLLEGE                      ,CA,92612-0000,Proprietary  ,91,343,434,91,343,434
03901300,PACIFIC COAST TRADE SCHOOL              ,CA,93033-2441,Proprietary  ,26,52,78,26,52,78
03910400,NATIONAL POLYTECHNIC COLLEGE            ,CA,90040-3066,Proprietary  ,19,34,53,19,34,53
03933300,MUELLER COLLEGE OF HOLISTIC STUDIES     ,CA,92116-2630,Proprietary  ,19,100,119,19,100,119
03935300,CALIFORNIA NURSES EDUCATIONAL INSTITUTE ,CA,92234-7248,Proprietary  ,40,91,131,40,91,131
03962300,AMERICAN INSTITUTE OF MASSAGE THERAPY   ,CA,92705-5463,Proprietary  ,46,52,98,46,52,98
03964400,INTERNATIONAL SCHOOL OF BEAUTY          ,CA,92260-2740,Proprietary  ,65,73,138,65,73,138
03969600,AMERICAN AUTO INSTITUTE                 ,CA,90703-2637,Proprietary  ,170,388,558,170,388,558
03971300,AMERICAN CAREER COLLEGE                 ,CA,91764-4906,Proprietary  ,391,629,1020,391,629,1020
03973300,EX'PRESSION COLLEGE FOR DIGTAL ARTS     ,CA,94608-1021,Proprietary  ,396,291,687,396,291,687
03974500,CALIFORNIA CAREER COLLEGE               ,CA,91303-2006,Proprietary  ,22,29,51,22,29,51
03980300,CALIFORNIA STATE UNIVERSITY CHANNEL ISLA,CA,93012-8599,Public       ,6407,1956,8363,6407,1956,8363
03995300,UNIVERSITY OF EAST-WEST MEDICINE        ,CA,94087-6106,Proprietary  ,6,37,43,6,37,43
03999300,BEAUMONT ADULT SCHOOL                   ,CA,92223-1927,Public       ,7,38,45,7,38,45
04001300,PALACE BEAUTY COLLEGE                   ,CA,90006-4233,Proprietary  ,61,52,113,61,52,113
04001400,MOJAVE BARBER COLLEGE                   ,CA,92395-3201,Proprietary  ,27,37,64,27,37,64
04003300,CSI CAREER COLLEGE                      ,CA,95687-3100,Proprietary  ,98,245,343,98,245,343
04004300,THUY PRINCESS BEAUTY COLLEGE            ,CA,91766-0000,Proprietary  ,24,15,39,24,15,39
04005300,INTERAMERICAN COLLEGE                   ,CA,91950-4437,Proprietary  ,12,95,107,12,95,107
04014400,PALLADIUM TECHNICAL ACADEMY             ,CA,91731-2429,Proprietary  ,11,12,23,11,12,23
04023400,PROTEUS                                 ,CA,93291-3014,Private      ,24,37,61,24,37,61
04037300,LOS ANGELES FILM SCHOOL (THE)           ,CA,90028-7300,Proprietary  ,753,761,1514,753,761,1514
04049300,MAXINE WATERS EMPLOYMENT PREPARATION CEN,CA,90059-1023,Public       ,35,105,140,35,105,140
04056300,CAREER COLLEGE OF CALIFORNIA            ,CA,92705-5805,Proprietary  ,63,75,138,63,75,138
04057300,TECHSKILLS OF CALIFORNIA                ,CA,95815-4025,Proprietary  ,95,227,322,95,227,322
04076400,GNOMON SCHOOL OF VISUAL EFFECTS         ,CA,90038-2616,Proprietary  ,54,85,139,54,85,139
04088300,WESTMED COLLEGE                         ,CA,95128-2541,Private      ,68,173,241,68,173,241
04088301,WESTMED COLLEGE - MERCED                ,CA,95340-9165,Private      ,82,126,208,82,126,208
04092300,COASTLINE BEAUTY COLLEGE                ,CA,92708-3847,Proprietary  ,28,46,74,28,46,74
04092400,MAKE-UP DESIGNORY                       ,CA,91502-1322,Proprietary  ,151,151,302,151,151,302
04100400,TAFT UNIVERSITY SYSTEM (THE)            ,CA,92704-6954,Proprietary  ,11,235,246,11,235,246
04109300,ACADEMY OF BARBERING ARTS (THE)         ,CA,91324-3406,Proprietary  ,27,24,51,27,24,51
04111300,WEST HILLS COLLEGE LEMOORE              ,CA,93245-9248,Public       ,1586,1344,2930,1586,1344,2930
04114500,VALLEY COLLEGE OF MEDICAL CAREERS       ,CA,91304-2354,Proprietary  ,39,59,98,39,59,98
04115300,COACHELLA VALLEY BEAUTY COLLEGE         ,CA,92253-2051,Proprietary  ,42,21,63,42,21,63
04115600,MAYFIELD COLLEGE                        ,CA,92234-7014,Proprietary  ,42,102,144,42,102,144
04116000,VIDEO SYMPHONY ENTERTRAINING            ,CA,91502-3253,Proprietary  ,24,89,113,24,89,113
04118800,NEW YORK FILM ACADEMY                   ,CA,91608-1002,Proprietary  ,405,400,805,405,400,805
04119200,CAREER COLLEGE CONSULTANTS              ,CA,90041-2088,Proprietary  ,14,27,41,14,27,41
04126400,CHAMPION INSTITUTE OF COSMETOLOGY       ,CA,92264-7458,Proprietary  ,25,24,49,25,24,49
04126500,COAST CAREER INSTITUTE                  ,CA,90015-3040,Proprietary  ,37,79,116,37,79,116
04127100,"UNIVERSITY OF CALIFORNIA, MERCED        ",CA,95343-5001,Public       ,13327,1786,15113,13327,1786,15113
04127800,HEALTHY HAIR ACADEMY                    ,CA,90303-3137,Proprietary  ,8,11,19,8,11,19
04127900,TUI UNIVERSITY                          ,CA,90630-5023,Proprietary  ,18,870,888,18,870,888
04129700,INTERNATIONAL POLYTECHNIC INSTITUTE     ,CA,92231-1737,Private      ,11,12,23,11,12,23
04129803,MEDIATECH INSTITUTE - OCEANSIDE         ,CA,92054-5116,Proprietary  ,24,40,64,24,40,64
04132300,INSTITUTE OF MEDICAL EDUCATION          ,CA,95113-2207,Proprietary  ,64,110,174,64,110,174
04132400,ACADEMY OF ESTHETICS AND COSMETOLOGY    ,CA,91342-3373,Proprietary  ,35,28,63,35,28,63
04132700,INFOTECH CAREER COLLEGE                 ,CA,90706-5579,Proprietary  ,14,50,64,14,50,64
04133000,BIOHEALTH COLLEGE                       ,CA,95134-2033,Proprietary  ,30,86,116,30,86,116
04133100,CALIFORNIA UNIVERSITY OF MANAGEMENT AND ,CA,92801-1702,Private      ,12,38,50,12,38,50
04134500,CAREER COLLEGE OF SAN DIEGO             ,CA,92102-3348,Proprietary  ,145,207,352,145,207,352
04134700,INTERNATL PROFESSIONAL SCHL OF BODYWORK ,CA,92123-1520,Proprietary  ,28,117,145,28,117,145
04137200,BORNER'S BARBER COLLEGE                 ,CA,90047-3856,Proprietary  ,30,40,70,30,40,70
04138700,CAO INSTITUTE OF AESTHETICS (THE)       ,CA,91801-3903,Proprietary  ,21,36,57,21,36,57
04140500,HORIZON COLLEGE SAN DIEGO               ,CA,92131-9906,Private      ,43,69,112,43,69,112
04140600,MODERN INSTITUTE OF TECHNOLOGY          ,CA,93036-1387,Proprietary  ,21,43,64,21,43,64
04141300,SAN FRANCISCO INSTITUTE OF ESTHETICS    ,CA,94103-4083,Proprietary  ,73,86,159,73,86,159
04141400,LAURUS COLLEGE                          ,CA,93401-5405,Proprietary  ,31,84,115,31,84,115
04141700,HEALING HANDS SCHOOL OF HOLISTIC HEALTH ,CA,92025-1722,Proprietary  ,18,56,74,18,56,74
04142500,TOURO COLLEGE LOS ANGELES               ,CA,90046-4506,Private      ,81,56,137,81,56,137
04142600,TOURO UNIVERSITY                        ,CA,94592-1118,Private      ,31,1641,1672,31,1641,1672
04143800,WOODLAND COMMUNITY COLLEGE              ,CA,95776-5156,Public       ,1063,868,1931,1063,868,1931
04144200,CAREER DEVELOPMENT INSTITUTE            ,CA,90035-4364,Proprietary  ,21,46,67,21,46,67
04145000,SAN DIEGO CULINARY INSTITUTE            ,CA,91941-6435,Proprietary  ,281,284,565,281,284,565
04145600,INTERNATIONAL COLLEGE OF COSMETOLOGY    ,CA,94601-3525,Proprietary  ,37,79,116,37,79,116
04146000,NATIONAL CAREER COLLEGE                 ,CA,91605-1400,Proprietary  ,8,25,33,8,25,33
04148200,BEYOND 21ST CENTURY BEAUTY ACADEMY      ,CA,90670-6316,Proprietary  ,7,10,17,7,10,17
04148900,N CALIF INSTITUTE OF COSMETOLOGY        ,CA,94577-2820,Proprietary  ,7,14,21,7,14,21
04149700,HOMESTEAD SCHOOLS                       ,CA,90505-5945,Private      ,16,50,66,16,50,66
04150000,CENTRAL NURSING COLLEGE                 ,CA,90010-2444,Proprietary  ,141,137,278,141,137,278
04150100,GOLDEN STATE COLLEGE OF COURT REPORTING ,CA,94568-2948,Proprietary  ,5,35,40,5,35,40
04150300,RWM FIBER OPTICS                        ,CA,90746-1051,Proprietary  ,2,8,10,2,8,10
04150500,"PREFERRED COLLEGE OF NURSING, LOS ANGELE",CA,90010-2202,Proprietary  ,73,134,207,73,134,207
04152800,CALIFORNIA ACADEMY (THE) - A PAUL MITCHE,CA,95825-2276,Proprietary  ,211,220,431,211,220,431
04153900,PROVIDENCE CHRISTIAN COLLEGE            ,CA,91104-2635,Private      ,83,16,99,83,16,99
04154300,AMERICANA COLLEGE                       ,CA,90029-3765,Proprietary  ,5,9,14,5,9,14
04154400,FRANKLIN CAREER COLLEGE                 ,CA,91761-1522,Proprietary  ,17,44,61,17,44,61
04155500,"ACADEMY FOR JEWISH RELIGION, CALIFORNIA ",CA,90024-3234,Private      ,9,32,41,9,32,41
04156100,DIOR SCHOOL OF COSMETOLOGY              ,CA,95355-9695,Proprietary  ,72,80,152,72,80,152
04158200,PAUL MITCHELL THE SCHOOL SHERMAN OAKS   ,CA,91403-5882,Proprietary  ,122,84,206,122,84,206
04158700,HOLLYWOOD BEAUTY COLLEGE                ,CA,95210-3514,Proprietary  ,72,70,142,72,70,142
04158900,FLAIR BEAUTY COLLEGE                    ,CA,91351-3381,Proprietary  ,19,21,40,19,21,40
04159600,GALAXY MEDICAL COLLEGE                  ,CA,91606-1593,Proprietary  ,16,17,33,16,17,33
04159700,AMERICAN MEDICAL SCIENCES CENTER        ,CA,91204-5108,Proprietary  ,41,39,80,41,39,80
04160100,TRINITY VOCATIONAL CENTER               ,CA,90248-4334,Proprietary  ,6,29,35,6,29,35
04160400,ANGELES COLLEGE OF NURSING              ,CA,90010-2100,Proprietary  ,371,336,707,371,336,707
04161300,PREFERRED COLLEGE OF NURSING            ,CA,91401-1442,Proprietary  ,25,47,72,25,47,72
04161700,SHASTA SCHOOL OF COSMETOLOGY            ,CA,96003-0000,Proprietary  ,58,81,139,58,81,139
04161800,BRANDMAN UNIVERSITY                     ,CA,92618-3801,Private      ,248,3829,4077,248,3829,4077
04162800,S.I.C.E PAUL MITCHELL PARTNER SCHOOL    ,CA,95350-1440,Proprietary  ,131,147,278,131,147,278
04163400,COSMO BEAUTY ACADEMY                    ,CA,95605-1904,Proprietary  ,128,153,281,128,153,281
04163900,L.A. BARBER COLLEGE                     ,CA,90013-1121,Proprietary  ,54,66,120,54,66,120
04164400,ANGELES INSTITUTE                       ,CA,90712-2903,Proprietary  ,27,37,64,27,37,64
04165900,PAUL MITCHELL THE SCHOOL FRESNO         ,CA,93710-7617,Proprietary  ,229,132,361,229,132,361
04167000,ESTHETIQUES COSMETOLOGY INSTITUTE       ,CA,92591-4663,Proprietary  ,62,66,128,62,66,128
04169200,TRAMY BEAUTY SCHOOL                     ,CA,92115-6347,Proprietary  ,58,42,100,58,42,100
04169700,UNITEK COLLEGE                          ,CA,94538-3185,Proprietary  ,122,317,439,122,317,439
04169800,GURNICK ACADEMY OF MEDICAL ARTS         ,CA,94403-1849,Proprietary  ,154,673,827,154,673,827
04172000,SOUTHERN CALIFORNIA UNIVERSITY SOMA     ,CA,90017-2211,Proprietary  ,117,143,260,117,143,260
04173400,SANTA ANA BEAUTY ACADEMY                ,CA,92705-7820,Proprietary  ,56,25,81,56,25,81
04173500,MORENO VALLEY COLLEGE                   ,CA,92551-2204,Public       ,3126,3455,6581,3126,3455,6581
04175200,PAUL MITCHELL THE SCHOOL EAST BAY       ,CA,94523-5515,Proprietary  ,106,80,186,106,80,186
04175400,ELITE COSMETOLOGY SCHOOL                ,CA,92284-2860,Proprietary  ,9,23,32,9,23,32
04176100,NORCO COLLEGE                           ,CA,92860-2600,Public       ,2754,2271,5025,2754,2271,5025
04176200,TWIN RIVERS ADULT SCHOOL                ,CA,95660-5523,Public       ,11,165,176,11,165,176
04176300,BERGIN UNIVERSITY OF CANINE STUDIES     ,CA,95407-6834,Private      ,11,36,47,11,36,47
04177200,REAL BARBERS COLLEGE (THE)              ,CA,92805-2533,Proprietary  ,16,25,41,16,25,41
04178900,HANDS-ON MEDICAL MASSAGE SCHOOL         ,CA,92373-6271,Proprietary  ,21,37,58,21,37,58
04180000,CINTA AVEDA INSTITUTE                   ,CA,94108-3204,Proprietary  ,66,90,156,66,90,156
04181200,IPPT CAREER SCHOOL                      ,CA,91601-2028,Proprietary  ,4,18,22,4,18,22
04185200,SALINAS BEAUTY COLLEGE                  ,CA,93901-2405,Proprietary  ,34,24,58,34,24,58
04185500,ACADEMY OF COUTURE ART                  ,CA,90069-5701,Proprietary  ,69,61,130,69,61,130
04185600,MEDICAL ALLIED CAREER CENTER            ,CA,90670-4710,Proprietary  ,11,21,32,11,21,32
04185700,ACADEMY FOR SALON PROFESSIONALS (THE)   ,CA,95050-4057,Proprietary  ,39,37,76,39,37,76
04186900,"INTERNATIONAL COLLEGE OF BEAUTY, ARTS & ",CA,90039-1012,Proprietary  ,113,74,187,113,74,187
04187900,JOE BLASCO MAKEUP ARTIST TRAINING CENTER,CA,90027-5580,Proprietary  ,88,99,187,88,99,187
04189300,ALLIED AMERICAN UNIVERSITY              ,CA,92653-1337,Proprietary  ,23,194,217,23,194,217
04189800,ACADEMY FOR SALON PROFESSIONALS         ,CA,91304-2305,Proprietary  ,29,37,66,29,37,66
04191300,ANNENBERG SCHOOL OF NURSING             ,CA,91335-5426,Private      ,32,28,60,32,28,60
04193500,LEMELANGE ACADEMY OF HAIR               ,CA,94558-2935,Proprietary  ,20,23,43,20,23,43
04193700,JOHN PAUL THE GREAT CATHOLIC UNIVERSITY ,CA,92131-1652,Private      ,116,61,177,116,61,177
04195400,NCP COLLEGE OF NURSING                  ,CA,94080-1005,Proprietary  ,32,61,93,32,61,93
04195401,NCP COLLEGE OF NURSING - HAYWARD CAMPUS ,CA,94541-7026,Proprietary  ,0,5,5,0,5,5
00184600,BRIAR CLIFF UNIVERSITY                  ,IA,51104-2100,Private      ,1023,274,1297,1023,274,1297
00184700,BUENA VISTA UNIVERSITY                  ,IA,50588-9987,Private      ,1127,674,1801,1127,674,1801
00184800,SOUTHEASTERN COMMUNITY COLLEGE          ,IA,52655-0000,Public       ,536,610,1146,536,610,1146
00185000,CENTRAL COLLEGE                         ,IA,50219-1999,Private      ,1749,77,1826,1749,77,1826
00185200,CLARKE UNIVERSITY                       ,IA,52001-3198,Private      ,826,253,1079,826,253,1079
00185400,COE COLLEGE                             ,IA,52402-5092,Private      ,2025,130,2155,2025,130,2155
00185500,DES MOINES UNIV-OSTEOPATHIC MED CTR     ,IA,50312-0000,Private      ,20,814,834,20,814,834
00185600,CORNELL COLLEGE                         ,IA,52314-1098,Private      ,1676,71,1747,1676,71,1747
00185700,SOUTHWESTERN COMMUNITY COLLEGE          ,IA,50801-1098,Public       ,313,209,522,313,209,522
00185800,DIVINE WORD COLLEGE                     ,IA,52045-0380,Private      ,7,5,12,7,5,12
00185900,DORDT COLLEGE                           ,IA,51250-1697,Private      ,1116,42,1158,1116,42,1158
00186000,DRAKE UNIVERSITY                        ,IA,50311-4505,Private      ,4451,1394,5845,4451,1394,5845
00186200,ELLSWORTH COMMUNITY COLLEGE             ,IA,50126-1199,Public       ,386,144,530,386,144,530
00186400,IOWA LAKES COMMUNITY COLLEGE            ,IA,51334-2234,Public       ,672,345,1017,672,345,1017
00186500,IOWA CENTRAL COMMUNITY COLLEGE          ,IA,50501-0000,Public       ,1460,1075,2535,1460,1075,2535
00186600,GRACELAND UNIVERSITY                    ,IA,50140-1699,Private      ,647,490,1137,647,490,1137
00186700,GRAND VIEW UNIVERSITY                   ,IA,50316-1599,Private      ,1348,675,2023,1348,675,2023
00186800,GRINNELL COLLEGE                        ,IA,50112-1690,Private      ,2523,67,2590,2523,67,2590
00186900,IOWA STATE UNIV SCIENCE & TECHNOLOG     ,IA,50011-2028,Public       ,21953,4208,26161,21953,4208,26161
00187100,IOWA WESLEYAN COLLEGE                   ,IA,52641-1398,Private      ,589,204,793,589,204,793
00187300,LORAS COLLEGE                           ,IA,52004-0178,Private      ,1561,102,1663,1561,102,1663
00187400,LUTHER COLLEGE                          ,IA,52101-1045,Private      ,2868,61,2929,2868,61,2929
00187500,MARSHALLTOWN COMMUNITY COLLEGE          ,IA,50158-4760,Public       ,348,297,645,348,297,645
00187700,NORTH IOWA AREA COMMUNITY COLLEGE       ,IA,50401-7299,Public       ,827,477,1304,827,477,1304
00187900,MORNINGSIDE COLLEGE                     ,IA,51106-1751,Private      ,1551,264,1815,1551,264,1815
00188000,MOUNT MERCY UNIVERSITY                  ,IA,52402-4797,Private      ,649,354,1003,649,354,1003
00188100,ASHFORD UNIVERSITY                      ,IA,52732-3910,Proprietary  ,1558,37079,38637,1558,37079,38637
00188300,NORTHWESTERN COLLEGE                    ,IA,51041-1996,Private      ,1045,50,1095,1045,50,1095
00188700,SIMPSON COLLEGE                         ,IA,50125-1297,Private      ,1644,236,1880,1644,236,1880
00188900,ST AMBROSE UNIVERSITY                   ,IA,52803-2898,Private      ,2543,689,3232,2543,689,3232
00189000,UNIVERSITY OF NORTHERN IOWA             ,IA,50614-0002,Public       ,7204,1351,8555,7204,1351,8555
00189100,UNIVERSITY OF DUBUQUE                   ,IA,52001-5099,Private      ,1580,313,1893,1580,313,1893
00189200,UNIVERSITY OF IOWA                      ,IA,52242-1316,Public       ,17463,6222,23685,17463,6222,23685
00189300,UPPER IOWA UNIVERSITY                   ,IA,52142-9206,Private      ,885,1685,2570,885,1685,2570
00189500,WALDORF COLLEGE                         ,IA,50436-1700,Proprietary  ,428,199,627,428,199,627
00189600,WARTBURG COLLEGE                        ,IA,50677-2200,Private      ,1951,68,2019,1951,68,2019
00189700,WARTBURG THEOLOGICAL SEMINARY           ,IA,52004-5004,Private      ,6,66,72,6,66,72
00190000,WILLIAM PENN UNIVERSITY                 ,IA,52577-1799,Private      ,685,456,1141,685,456,1141
00396300,AIB COLLEGE OF BUSINESS                 ,IA,50321-1799,Private      ,407,391,798,407,391,798
00407500,ESTRN IOWA COMMUNITY COLLEGE DIST       ,IA,52801-1221,Public       ,88,214,302,88,214,302
00407501,CLINTON COMMUNITY COLLEGE               ,IA,52732-0000,Public       ,212,319,531,212,319,531
00407502,MUSCATINE COMMUNITY COLLEGE             ,IA,52761-0000,Public       ,269,228,497,269,228,497
00407503,SCOTT COMMUNITY COLLEGE                 ,IA,52722-0000,Public       ,568,971,1539,568,971,1539
00407600,KIRKWOOD COMMUNITY COLLEGE              ,IA,52406-2068,Public       ,3569,2736,6305,3569,2736,6305
00423300,MERCY/ST. LUKE'S SCH RAD TECH           ,IA,52402-0000,Private      ,27,19,46,27,19,46
00458600,KAPLAN UNIVERSITY                       ,IA,52807-2095,Proprietary  ,1072,22416,23488,1072,22416,23488
00458604,KAPLAN UNIVERSITY - CEDAR RAPIDS        ,IA,52404-2998,Proprietary  ,74,993,1067,74,993,1067
00458605,KAPLAN UNIVERSITY - DES MOINES          ,IA,50323-5702,Proprietary  ,79,688,767,79,688,767
00458606,KAPLAN UNIVERSITY - MASON CITY          ,IA,50401-4665,Proprietary  ,22,277,299,22,277,299
00458607,KAPLAN UNIVERSITY - CEDAR FALLS         ,IA,50613-6309,Proprietary  ,38,448,486,38,448,486
00458610,KAPLAN UNIVERSITY - COUNCIL BLUFFS      ,IA,51503-5289,Proprietary  ,32,310,342,32,310,342
00458700,NORTHEAST IOWA COMMUNITY COLLEGE        ,IA,52132-0400,Public       ,355,278,633,355,278,633
00458701,NORTHEAST IOWA COMMUNITY COLLEGE        ,IA,52068-0000,Public       ,478,488,966,478,488,966
00459500,HAWKEYE COMMUNITY COLLEGE               ,IA,50701-0000,Public       ,1369,939,2308,1369,939,2308
00459800,IOWA WESTERN CMTY CLG-COUNCIL BLUFF     ,IA,51502-0000,Public       ,1872,1333,3205,1872,1333,3205
00460000,NORTHWEST IOWA COMMUNITY COLLEGE        ,IA,51201-1046,Public       ,310,174,484,310,174,484
00626700,IOWA METHODIST MEDICAL CENTER SCHOOLS   ,IA,50309-1499,Private      ,26,55,81,26,55,81
00627300,MERCY COLLEGE OF HEALTH SCIENCES        ,IA,50309-1239,Private      ,308,453,761,308,453,761
00712000,DES MOINES AREA CMTY COLLEGE            ,IA,50021-0000,Public       ,3578,4095,7673,3578,4095,7673
00712100,FAITH BAPTIST BIBLE CLG & THEOL SEM     ,IA,50021-0000,Private      ,183,20,203,183,20,203
00729100,ST LUKE'S COLLEGE                       ,IA,51104-0263,Private      ,75,77,152,75,77,152
00731600,WESTERN IOWA TECH COMMUNITY COLLEGE     ,IA,51106-0000,Public       ,872,993,1865,872,993,1865
00758800,CAPRI COLLEGE                           ,IA,52004-0873,Proprietary  ,23,34,57,23,34,57
00761100,EQ SCHOOL OF HAIR DESIGN                ,IA,51503-0813,Proprietary  ,8,11,19,8,11,19
00765600,AMERICAN COLLEGE OF HARISTYLING -CR     ,IA,52402-0000,Proprietary  ,5,20,25,5,20,25
00765800,AMER COLL OF HAIRSTYLING-DES MOINES     ,IA,50309-5446,Proprietary  ,2,22,24,2,22,24
00765900,LA JAMES COLLEGE OF HAIRSTYLING         ,IA,50401-3308,Proprietary  ,32,30,62,32,30,62
00771700,CAPRI COLLEGE                           ,IA,52807-2622,Proprietary  ,50,68,118,50,68,118
00794100,COLLEGE OF HAIR DESIGN                  ,IA,50703-1834,Proprietary  ,10,13,23,10,13,23
00826000,IOWA SCHOOL OF BEAUTY INC               ,IA,50322-0000,Proprietary  ,26,62,88,26,62,88
00840300,INDIAN HILLS COMMUNITY COLLEGE          ,IA,52501-1398,Public       ,889,880,1769,889,880,1769
00840301,INDIAN HILLS COMMUNITY COLLEGE          ,IA,52544-0000,Public       ,122,153,275,122,153,275
00842400,LA JAMES INTERNATIONAL COLLEGE          ,IA,50501-5577,Proprietary  ,19,25,44,19,25,44
00959300,LA'JAMES COLLEGE OF HAIRSTYLING         ,IA,52240-0000,Proprietary  ,32,27,59,32,27,59
01111300,MAHARISHI UNIV OF MANAGEMENT            ,IA,52557-0001,Private      ,75,194,269,75,194,269
01206400,HAMILTON TECHNICAL COLLEGE              ,IA,52807-2653,Proprietary  ,42,96,138,42,96,138
01230000,PALMER COLLEGE OF CHIROPRACTIC          ,IA,52803-5287,Private      ,49,929,978,49,929,978
01300600,LA' JAMES INTERNATIONAL COLLEGE-CF      ,IA,50613-5242,Proprietary  ,23,32,55,23,32,55
02090300,CAPRI COLLEGE                           ,IA,52404-0000,Proprietary  ,39,59,98,39,59,98
02134500,LA JAMES INTERNATIONAL COLLEGE - DAV    ,IA,52806-3952,Proprietary  ,17,28,45,17,28,45
02160900,"SALON PROFESSIONAL ACADEMY, THE         ",IA,50010-0000,Proprietary  ,38,29,67,38,29,67
02262500,FAUST INSTITUTE OF COSMETOLOGY          ,IA,50588-0000,Proprietary  ,5,14,19,5,14,19
02274100,LA' JAMES INTERNATIONAL COLLEGE - DM    ,IA,50131-0000,Proprietary  ,32,63,95,32,63,95
02289000,AMERICAN HAIR ACADEMY                   ,IA,52627-4530,Proprietary  ,6,11,17,6,11,17
02306900,IOWA SCHOOL OF BEAUTY                   ,IA,52501-0000,Proprietary  ,16,14,30,16,14,30
02328900,EMMAUS BIBLE COLLEGE                    ,IA,52001-0000,Private      ,129,18,147,129,18,147
02330900,IOWA SCHOOL OF BEAUTY                   ,IA,50158-0000,Proprietary  ,3,12,15,3,12,15
02609200,VATTEROTT COLLEGE                       ,IA,50321-4704,Proprietary  ,40,224,264,40,224,264
03069100,ALLEN COLLEGE                           ,IA,50703-1916,Private      ,268,280,548,268,280,548
03441300,IOWA SCHOOL OF BEAUTY                   ,IA,51106-5111,Proprietary  ,15,27,42,15,27,42
03607400,TOTAL LOOK SCHOOL OF COSMETOLOGY AND MAS,IA,52136-1053,Proprietary  ,4,0,4,4,0,4
03720300,CARLSON COLLEGE OF MASSAGE THERAPY      ,IA,52205-7519,Proprietary  ,8,8,16,8,8,16
04051313,ART INSTITUTE OF PHOENIX (THE) - BROWN M,IA,52722-3628,Proprietary  ,12,23,35,12,23,35
04089300,BIO-CHI INSTITUTE OF MASSAGE THERAPY    ,IA,51103-2138,Proprietary  ,4,10,14,4,10,14
04177800,SALON PROFESSIONAL ACADEMY (THE)        ,IA,52240-6083,Proprietary  ,10,13,23,10,13,23
04203300,AVEDA INSTITUTE DES MOINES              ,IA,50266-8137,Proprietary  ,56,53,109,56,53,109
00259600,ATLANTIC COMMUNITY COLLEGE              ,NJ,08330-2699,Public       ,1403,1373,2776,1403,1373,2776
00259700,BLOOMFIELD COLLEGE                      ,NJ,07003-3425,Private      ,2075,754,2829,2075,754,2829
00259800,CALDWELL COLLEGE                        ,NJ,07006-6195,Private      ,1709,523,2232,1709,523,2232
00259900,CENTENARY COLLEGE                       ,NJ,07840-2184,Private      ,1332,371,1703,1332,371,1703
00260000,COLLEGE OF SAINT ELIZABETH              ,NJ,07960-6989,Private      ,609,270,879,609,270,879
00260100,CUMBERLAND COUNTY COLLEGE               ,NJ,08362-0517,Public       ,705,854,1559,705,854,1559
00260300,DREW UNIVERSITY                         ,NJ,07940-4063,Private      ,3143,417,3560,3143,417,3560
00260700,FAIRLEIGH DICKINSON UNIV-TEANECK        ,NJ,07666-1996,Private      ,3926,1358,5284,3926,1358,5284
00260701,FAIRLEIGH DICKINSON UNIV-FLORHAM        ,NJ,07940-0000,Private      ,3316,490,3806,3316,490,3806
00260702,FAIRLEIGH DICKINSON UNIV-ED WMS CLG     ,NJ,07601-0000,Private      ,344,166,510,344,166,510
00260703,FAIRLEIGH DICKINSON UNIVERSITY          ,NJ,07940-0000,Private      ,1460,393,1853,1460,393,1853
00260800,GEORGIAN COURT UNIVERSITY               ,NJ,08701-2697,Private      ,817,540,1357,817,540,1357
00260900,ROWAN UNIVERSITY                        ,NJ,08028-1702,Public       ,10109,2106,12215,10109,2106,12215
00261000,FELICIAN COLLEGE                        ,NJ,07644-2198,Private      ,1572,568,2140,1572,568,2140
00261300,NEW JERSEY CITY UNIVERSITY              ,NJ,07305-1597,Public       ,2958,2229,5187,2958,2229,5187
00261500,MIDDLESEX COUNTY COLLEGE                ,NJ,08818-3050,Public       ,2744,1810,4554,2744,1810,4554
00261600,MONMOUTH UNIVERSITY                     ,NJ,07764-1898,Private      ,6188,1141,7329,6188,1141,7329
00261700,MONTCLAIR STATE UNIVERSITY              ,NJ,07043-9987,Public       ,13489,3670,17159,13489,3670,17159
00261900,NEW BRUNSWICK THEOLOGICAL SEMINARY      ,NJ,08901-0000,Private      ,40,58,98,40,58,98
00262100,NEW JERSEY INST OF TECHNOLOGY           ,NJ,07102-1982,Public       ,4667,1503,6170,4667,1503,6170
00262200,KEAN UNIVERSITY                         ,NJ,07083-7131,Public       ,8347,3774,12121,8347,3774,12121
00262400,OCEAN COUNTY COLLEGE                    ,NJ,08754-2001,Public       ,2027,1365,3392,2027,1365,3392
00262500,WILLIAM PATERSON UNIVERSITY             ,NJ,07470-2152,Public       ,7850,2305,10155,7850,2305,10155
00262600,PRINCETON THEOLOGICAL SEMINARY          ,NJ,08542-0000,Private      ,8,354,362,8,354,362
00262700,PRINCETON UNIVERSITY                    ,NJ,08544-0001,Private      ,14702,1391,16093,14702,1391,16093
00262800,RIDER UNIVERSITY                        ,NJ,08648-3099,Private      ,6981,974,7955,6981,974,7955
00262900,"RUTGERS, THE STATE UNIVERSITY OF NJ     ",NJ,08901-1281,Public       ,36324,13651,49975,36324,13651,49975
00263200,SETON HALL UNIVERSITY                   ,NJ,07079-2697,Private      ,9796,2425,12221,9796,2425,12221
00263201,SETON HALL UNIVERSITY - SCHOOL OF LAW   ,NJ,07079-5210,Private      ,185,1372,1557,185,1372,1557
00263800,ST PETER'S COLLEGE                      ,NJ,07306-5997,Private      ,1808,584,2392,1808,584,2392
00263900,STEVENS INSTITUTE OF TECHNOLOGY         ,NJ,07030-5370,Private      ,3496,277,3773,3496,277,3773
00264200,COLLEGE OF NEW JERSEY (THE)             ,NJ,08628-0718,Public       ,10038,739,10777,10038,739,10777
00264300,UNION COUNTY COLLEGE                    ,NJ,07016-1598,Public       ,1664,2174,3838,1664,2174,3838
00473600,BERGEN COMMUNITY COLLEGE                ,NJ,07652-1595,Public       ,3489,1974,5463,3489,1974,5463
00474000,MERCER COUNTY COMMUNITY COLLEGE         ,NJ,08690-0000,Public       ,1191,1357,2548,1191,1357,2548
00539900,MONMOUTH COUNTY VOCATIONAL SCH DIST     ,NJ,07728-5033,Public       ,28,49,77,28,49,77
00545200,TETERBORO SCH OF AERONAUTICS            ,NJ,07608-1083,Proprietary  ,31,40,71,31,40,71
00546100,SALEM COMMUNITY COLLEGE                 ,NJ,08069-2799,Public       ,187,254,441,187,254,441
00641700,HOLY NAME HOSPITAL SCH OF NURSING       ,NJ,07666-4254,Private      ,55,93,148,55,93,148
00642000,MOUNTAINSIDE HOSP SCH NRSG              ,NJ,07042-4898,Proprietary  ,29,73,102,29,73,102
00642100,MUHLENBERG SNYDER SCHOOLS               ,NJ,07061-3399,Private      ,49,163,212,49,163,212
00642900,ST FRANCIS MEDICAL CTR SCH NURSING      ,NJ,08629-1986,Private      ,13,67,80,13,67,80
00642902,ST FRANCIS MED CTR RAD TECH             ,NJ,08629-0000,Private      ,5,19,24,5,19,24
00686500,CAMDEN COUNTY COLLEGE                   ,NJ,08012-3240,Public       ,2376,2742,5118,2376,2742,5118
00690100,GLOUCESTER COUNTY COLLEGE               ,NJ,08080-4249,Public       ,1404,1017,2421,1404,1017,2421
00710700,ESSEX COUNTY COLLEGE                    ,NJ,07102-1798,Public       ,2341,3662,6003,2341,3662,6003
00750200,BERKELEY COLLEGE                        ,NJ,07424-3367,Proprietary  ,1159,1025,2184,1159,1025,2184
00750201,BERKELEY COLLEGE - WOODBRIDGE           ,NJ,07095-3305,Proprietary  ,58,74,132,58,74,132
00750202,BERKELEY COLLEGE - PARAMUS              ,NJ,07652-2931,Proprietary  ,57,52,109,57,52,109
00750600,LINCOLN TECHNICAL INSTITUTE             ,NJ,07083-5032,Proprietary  ,131,121,252,131,121,252
00750601,LINCOLN TECHNICAL INSTITUTE             ,NJ,07430-0000,Proprietary  ,93,52,145,93,52,145
00759300,PARISIAN BEAUTY ACADEMY                 ,NJ,07601-5509,Proprietary  ,28,23,51,28,23,51
00772900,COUNTY COLLEGE OF MORRIS                ,NJ,07869-0000,Public       ,1639,677,2316,1639,677,2316
00773000,BURLINGTON COUNTY COLLEGE               ,NJ,08068-1599,Public       ,1774,1677,3451,1774,1677,3451
00773100,RARITAN VALLEY COMMUNITY COLLEGE        ,NJ,08876-1265,Public       ,1055,624,1679,1055,624,1679
00780401,STAR CAREER ACADEMY - STAR LAKEWOOD     ,NJ,08701-5900,Proprietary  ,25,121,146,25,121,146
00780402,STAR CAREER ACADEMY - STAR EGG HARBOR   ,NJ,08234-4863,Proprietary  ,18,102,120,18,102,120
00794700,BETH MEDRASH GOVOHA OF AMERICA          ,NJ,08701-0000,Private      ,5,180,185,5,180,185
00840400,BROOKDALE COMMUNITY COLLEGE             ,NJ,07738-1597,Public       ,2272,1310,3582,2272,1310,3582
00844101,ANTHEM INSTITUTE                        ,NJ,08002-0000,Proprietary  ,20,65,85,20,65,85
00849400,HO HO KUS SCHL OF TRADE & TECH SCIENCES ,NJ,07513-1402,Proprietary  ,27,61,88,27,61,88
00860900,RABBINICAL COLLEGE OF AMERICA           ,NJ,07960-3600,Private      ,6,5,11,6,5,11
00907800,CAPRI INSTITUTE OF HAIR DESIGN          ,NJ,07011-2111,Proprietary  ,23,21,44,23,21,44
00934400,RAMAPO COLLEGE OF NEW JERSEY            ,NJ,07430-1680,Public       ,5848,640,6488,5848,640,6488
00934500,RICHARD STOCKTON COLLEGE OF NJ          ,NJ,08240-0000,Public       ,6941,1686,8627,6941,1686,8627
00982804,EVEREST INSTITUTE - SOUTH PLAINFIELD    ,NJ,07080-1125,Proprietary  ,50,128,178,50,128,178
00999400,PASSAIC COUNTY COMMUNITY COLLEGE        ,NJ,07505-1179,Public       ,1198,1344,2542,1198,1344,2542
01039400,UNIV OF MEDICINE & DENTISTRY OF NJ      ,NJ,07107-0000,Public       ,225,2614,2839,225,2614,2839
01062900,P B COSMETOLOGY EDUCATION CENTRE        ,NJ,08030-1750,Proprietary  ,15,19,34,15,19,34
01085100,ANTHEM INSTITUTE                        ,NJ,07054-3409,Proprietary  ,67,173,240,67,173,240
01085101,ANTHEM INSTITUTE                        ,NJ,07306-0000,Proprietary  ,33,57,90,33,57,90
01085102,ANTHEM INSTITUTE                        ,NJ,08902-0000,Proprietary  ,23,55,78,23,55,78
01090300,RIZZIERI INSTITUTE                      ,NJ,08043-4600,Proprietary  ,34,56,90,34,56,90
01152300,MORRIS COUNTY SCHOOL OF TECHNOLOGY      ,NJ,07834-0000,Public       ,18,20,38,18,20,38
01170800,NATURAL MOTION INST OF HAIR DESIGN      ,NJ,07306-5496,Proprietary  ,8,20,28,8,20,28
01209000,REIGNBOW BEAUTY ACADEMY                 ,NJ,08861-4118,Proprietary  ,11,12,23,11,12,23
01234600,DOVER BUSINESS COLLEGE                  ,NJ,07011-2161,Proprietary  ,70,228,298,70,228,298
01234602,DOVER BUSINESS COLLEGE                  ,NJ,07801-4643,Proprietary  ,34,84,118,34,84,118
01246100,LINCOLN TECHNICAL INSTITUTE             ,NJ,08820-2896,Proprietary  ,105,253,358,105,253,358
01246102,LINCOLN TECHNICAL INSTITUTE             ,NJ,08057-3212,Proprietary  ,63,197,260,63,197,260
01246103,LINCOLN TECHNICAL INSTITUTE             ,NJ,07652-2106,Proprietary  ,122,280,402,122,280,402
01246200,HOHOKUS - HACKENSACK SCHOOL OF BUSINESS ,NJ,07601-7197,Proprietary  ,29,110,139,29,110,139
01295400,HUDSON COUNTY COMMUNITY COLLEGE         ,NJ,07306-4012,Public       ,1609,1789,3398,1609,1789,3398
02053700,EASTWICK COLLEGE                        ,NJ,07446-0000,Proprietary  ,90,255,345,90,255,345
02061800,ROMAN ACADEMY OF BEAUTY CULTURE         ,NJ,07506-0000,Proprietary  ,4,2,6,4,2,6
02092300,HOHOKUS SCHOOL - RETS/NUTLEY            ,NJ,07110-0000,Proprietary  ,41,112,153,41,112,153
02103700,CAPRI INSTITUTE OF HAIR DESIGN          ,NJ,07652-0000,Proprietary  ,20,17,37,20,17,37
02104000,HARRIS SCHOOL OF BUSINESS               ,NJ,08002-2983,Proprietary  ,17,62,79,17,62,79
02106601,AMERICAN INSTITUTE - CLIFTON            ,NJ,07011-2345,Proprietary  ,30,82,112,30,82,112
02131100,DU CRET SCHOOL OF THE ARTS              ,NJ,07060-0000,Private      ,9,11,20,9,11,20
02131600,PENNCO TECH                             ,NJ,08012-0000,Proprietary  ,59,60,119,59,60,119
02132300,BERDAN INSTITUTE                        ,NJ,07512-0000,Proprietary  ,40,132,172,40,132,172
02146800,JOE KUBERT SCH OF CARTOON & GRAPHIC     ,NJ,07801-0000,Proprietary  ,36,32,68,36,32,68
02149800,EMPIRE BEAUTY SCHOOL                    ,NJ,08021-0000,Proprietary  ,12,41,53,12,41,53
02149801,EMPIRE BEAUTY SCHOOL - BORDENTOWN       ,NJ,08505-1513,Proprietary  ,10,24,34,10,24,34
02154000,DIVERS ACAD OF EASTERN SEABOARD         ,NJ,08081-1139,Proprietary  ,13,55,68,13,55,68
02183600,CAPRI INSTITUTE OF HAIR DESIGN          ,NJ,07033-0000,Proprietary  ,9,29,38,9,29,38
02192200,THOMAS EDISON STATE COLLEGE             ,NJ,08608-0000,Public       ,205,2390,2595,205,2390,2595
02219600,OMEGA INSTITUTE                         ,NJ,08109-0000,Proprietary  ,14,49,63,14,49,63
02223700,NEW HORIZON INST OF COSMETOLOGY         ,NJ,07093-0000,Proprietary  ,2,10,12,2,10,12
02223900,DRAKE COLLEGE OF BUSINESS               ,NJ,07201-0000,Proprietary  ,29,104,133,29,104,133
02223902,DRAKE COLLEGE OF BUSINESS - NEWARK CAMPU,NJ,07112-2760,Proprietary  ,66,235,301,66,235,301
02232500,UNION COUNTY VOCATIONAL TECH INST       ,NJ,07076-0000,Public       ,33,38,71,33,38,71
02234600,SHORE BEAUTY SCHOOL                     ,NJ,08232-0000,Proprietary  ,12,32,44,12,32,44
02246000,ROSS UNIVERSITY - MEDICAL SCHOOL        ,NJ,08837-0000,Proprietary  ,22,2004,2026,22,2004,2026
02248600,COOPER HEALTH SYS-CTR ALLIED HEALTH     ,NJ,08103-0000,Private      ,58,165,223,58,165,223
02252700,CONCORDE SCHOOL OF HAIR DESIGN          ,NJ,07712-0000,Proprietary  ,17,37,54,17,37,54
02252701,CONCORDE SCHOOL OF HAIR DESIGN - BLOOMFI,NJ,07003-2517,Proprietary  ,7,25,32,7,25,32
02261800,EUROPEAN ACADEMY OF COSMETOLOGY         ,NJ,07083-0000,Proprietary  ,13,21,34,13,21,34
02265500,CAPRI INSTITUTE OF HAIR DESIGN          ,NJ,08724-0000,Proprietary  ,12,26,38,12,26,38
02277900,ROSS UNIV - SCH OF VETERINARY MED       ,NJ,08837-0000,Proprietary  ,6,1040,1046,6,1040,1046
02291000,LINCOLN TECHNICAL INSTITUTE             ,NJ,07080-2424,Proprietary  ,38,38,76,38,38,76
02312000,BERGEN COUNTY TECHNICAL SCHOOLS         ,NJ,07601-6110,Public       ,34,45,79,34,45,79
02344200,EMPIRE BEAUTY SCHOOL                    ,NJ,08002-0000,Proprietary  ,31,83,114,31,83,114
02503900,WARREN COUNTY COMMUNITY COLLEGE         ,NJ,07882-0000,Public       ,239,186,425,239,186,425
02523700,OCEAN COUNTY VOCATIONAL-TECH SCHOOL     ,NJ,08753-0000,Public       ,78,150,228,78,150,228
02525900,ARTISTIC ACADEMY OF HAIR DESIGN         ,NJ,07950-1409,Proprietary  ,37,36,73,37,36,73
02528200,REIGNBOW BEAUTY ACADEMY                 ,NJ,07060-0000,Proprietary  ,2,6,8,2,6,8
02558700,PRISM CAREER INSTITUTE                  ,NJ,08037-0000,Proprietary  ,24,206,230,24,206,230
02568800,SUSSEX COUNTY COMMUNITY COLLEGE         ,NJ,07860-1149,Public       ,580,318,898,580,318,898
02586900,HARRIS SCHOOL OF BUSINESS               ,NJ,08043-2604,Proprietary  ,7,30,37,7,30,37
02616402,SANFORD-BROWN INSTITUTE - ISELIN        ,NJ,08830-0000,Proprietary  ,54,121,175,54,121,175
03077500,RABBI JACOB JOSEPH SCHOOL               ,NJ,08817-4494,Private      ,0,2,2,0,2,2
03122600,EASTERN INTERNATIONAL COLLEGE           ,NJ,07306-3906,Proprietary  ,21,63,84,21,63,84
03187300,STENOTECH CAREER INSTITUTE              ,NJ,07004-3490,Proprietary  ,4,10,14,4,10,14
03197300,INSTITUTE FOR HEALTH EDUCATION(THE)     ,NJ,07306-2929,Proprietary  ,11,42,53,11,42,53
03324300,CENTRAL CAREER SCHOOL                   ,NJ,07080-2408,Proprietary  ,8,26,34,8,26,34
03380302,STAR CAREER ACADEMY - STAR NEWARK       ,NJ,07102-4510,Proprietary  ,52,261,313,52,261,313
03380303,STAR CAREER ACADEMY - STAR CLIFTON      ,NJ,07011-2248,Proprietary  ,13,58,71,13,58,71
03389300,ACADEMY OF MASSAGE THERAPY              ,NJ,07631-0000,Proprietary  ,22,25,47,22,25,47
03424500,NEW COMMUNITY WORKFORCE DEVELOPMENT     ,NJ,07103-2402,Private      ,20,150,170,20,150,170
03536300,INSTITUTE FOR THERAPEUTIC MASSAGE       ,NJ,07420-1452,Proprietary  ,8,17,25,8,17,25
03625300,PERFORMANCE TRAINING INSTITUTE          ,NJ,08753-0000,Proprietary  ,12,278,290,12,278,290
03650600,PC AGE                                  ,NJ,07306-3936,Proprietary  ,6,33,39,6,33,39
03650603,PC AGE                                  ,NJ,08817-2842,Proprietary  ,3,13,16,3,13,16
03666300,SOMERSET CHRISTIAN COLLEGE              ,NJ,08890-9035,Private      ,23,130,153,23,130,153
03803300,HEALTHCARE TRAINING INSTITUTE           ,NJ,07083-3504,Proprietary  ,25,112,137,25,112,137
03811300,EASTERN SCHOOL OF ACUPUNCTURE AND TRADIT,NJ,07042-3562,Proprietary  ,3,37,40,3,37,40
04081300,BAIS MEDRASH TORAS CHESED               ,NJ,08701-0000,Private      ,3,2,5,3,2,5
04123400,YESHIVAS BE'ER YITZCHOK                 ,NJ,07208-2380,Private      ,1,7,8,1,7,8
04125000,GENTLE HEALING SCHOOL OF MASSAGE        ,NJ,08512-3600,Proprietary  ,5,14,19,5,14,19
04131100,YESHIVA TORAS CHAIM                     ,NJ,08701-2120,Private      ,2,1,3,2,1,3
04131200,TOTAL IMAGE BEAUTY ACADEMY              ,NJ,07307-2943,Proprietary  ,3,19,22,3,19,22
04134100,CENTER FOR ALLIED HEALTH & NURSING EDUCA,NJ,07601-5801,Proprietary  ,38,479,517,38,479,517
04136400,AMERICAN INSTITUTE OF MEDICAL SCIENCES &,NJ,07080-1183,Proprietary  ,25,49,74,25,49,74
04154500,STARTING POINTS FOR CHILDREN            ,NJ,07306-0001,Private      ,1,15,16,1,15,16
04154900,NATIONAL CAREER INSTITUTE               ,NJ,07018-2011,Proprietary  ,2,20,22,2,20,22
04173100,LAB PAUL MITCHELL PARTNER SCHOOL (THE)  ,NJ,08628-2500,Proprietary  ,11,14,25,11,14,25
04181400,BEST CARE TRAINING INSTITUTE            ,NJ,07018-1703,Proprietary  ,8,67,75,8,67,75
04184500,CHRISTINE VALMY INTERNATIONAL SCHOOL OF ,NJ,07058-9589,Proprietary  ,6,5,11,6,5,11
04188700,ASI CAREER INSTITUTE                    ,NJ,08012-1043,Proprietary  ,7,49,56,7,49,56
04191400,SCHOOL OF COURT REPORTING (THE)         ,NJ,08053-1533,Proprietary  ,7,22,29,7,22,29
00266500,VAUGHN COLLEGE OF AERONAUTICS AND TECHNO,NY,11369-9997,Private      ,686,289,975,686,289,975
00266600,ADELPHI UNIVERSITY                      ,NY,11530-4299,Private      ,7656,2479,10135,7656,2479,10135
00266700,DOWLING COLLEGE                         ,NY,11769-1999,Private      ,1829,630,2459,1829,630,2459
00266800,ALFRED UNIVERSITY                       ,NY,14802-1205,Private      ,3307,328,3635,3307,328,3635
00266900,BANK STREET COLLEGE OF EDUCATION        ,NY,10025-0000,Private      ,12,371,383,12,371,383
00267100,BARD COLLEGE                            ,NY,12504-5000,Private      ,2697,599,3296,2697,599,3296
00267400,NEW YORK THEOLOGICAL SEMINARY           ,NY,10115-0002,Private      ,2,77,79,2,77,79
00267700,BROOKLYN LAW SCHOOL                     ,NY,11201-0000,Private      ,55,1978,2033,55,1978,2033
00267800,BRYANT & STRATTON COLLEGE               ,NY,14203-1713,Proprietary  ,835,5630,6465,835,5630,6465
00267803,BRYANT & STRATTON COLLEGE - GREECE      ,NY,14606-4227,Proprietary  ,130,507,637,130,507,637
00267805,BRYANT & STRATTON COLLEGE - SYRACUSE    ,NY,13203-2502,Proprietary  ,269,747,1016,269,747,1016
00267807,BRYANT & STRATTON COLLEGE - ALBANY      ,NY,12205-5230,Proprietary  ,94,466,560,94,466,560
00268100,CANISIUS COLLEGE                        ,NY,14208-1098,Private      ,3805,933,4738,3805,933,4738
00268500,CAZENOVIA COLLEGE                       ,NY,13035-1085,Private      ,1767,132,1899,1767,132,1899
00268700,CUNY-BROOKLYN COLLEGE                   ,NY,11210-2814,Public       ,13650,5142,18792,13650,5142,18792
00268800,CITY COLLEGE-CUNY                       ,NY,10031-9198,Public       ,16413,5206,21619,16413,5206,21619
00268900,CUNY-HUNTER COLLEGE                     ,NY,10021-0000,Public       ,22732,8634,31366,22732,8634,31366
00269000,QUEENS COLLEGE-CUNY                     ,NY,11367-1597,Public       ,13348,3818,17166,13348,3818,17166
00269100,CUNY- BOROUGH OF MANHATTAN CMTY CLG     ,NY,10007-1047,Public       ,14971,6590,21561,14971,6590,21561
00269200,CUNY BRONX COMMUNITY COLLEGE            ,NY,10453-3102,Public       ,5703,3386,9089,5703,3386,9089
00269300,CUNY-JOHN JAY CLG CRIMINAL JUSTICE      ,NY,10019-1093,Public       ,11804,3983,15787,11804,3983,15787
00269400,KINGSBOROUGH COMMUNITY COLLEGE          ,NY,11235-2398,Public       ,7274,3222,10496,7274,3222,10496
00269600,NY CITY COLLEGE OF TECHNOLOGY-CUNY      ,NY,11201-2983,Public       ,10697,3732,14429,10697,3732,14429
00269700,QUEENSBOROUGH COMMUNITY COLLEGE         ,NY,11364-1497,Public       ,7783,2600,10383,7783,2600,10383
00269800,CUNY THE COLLEGE OF STATEN ISLAND       ,NY,10314-6600,Public       ,6872,1816,8688,6872,1816,8688
00269900,CLARKSON UNIVERSITY                     ,NY,13699-5615,Private      ,4034,267,4301,4034,267,4301
00270000,COLGATE ROCHESTER CROZER DIVINITY S     ,NY,14620-0000,Private      ,5,32,37,5,32,37
00270100,COLGATE UNIVERSITY                      ,NY,13346-1386,Private      ,3821,66,3887,3821,66,3887
00270300,COLLEGE OF MOUNT SAINT VINCENT          ,NY,10471-1093,Private      ,2143,243,2386,2143,243,2386
00270400,COLLEGE OF NEW ROCHELLE                 ,NY,10805-2339,Private      ,723,621,1344,723,621,1344
00270500,COLLEGE OF SAINT ROSE                   ,NY,12203-1490,Private      ,4297,922,5219,4297,922,5219
00270700,COLUMBIA UNIVERSITY                     ,NY,10027-0000,Private      ,19304,16444,35748,19304,16444,35748
00270800,BARNARD COLLEGE-COLUMBIA UNIV           ,NY,10027-6598,Private      ,3730,254,3984,3730,254,3984
00270900,CONCORDIA COLLEGE                       ,NY,10708-1998,Private      ,682,236,918,682,236,918
00271000,COOPER UNION                            ,NY,10003-7120,Private      ,1677,222,1899,1677,222,1899
00271100,CORNELL UNIVERSITY                      ,NY,14853-2801,Private      ,24575,4986,29561,24575,4986,29561
00271101,WEILL CORNELL MEDICAL COLLEGE AND GRADUA,NY,10021-0000,Private      ,22,468,490,22,468,490
00271200,D'YOUVILLE COLLEGE                      ,NY,14201-1084,Private      ,1439,998,2437,1439,998,2437
00271300,DOMINICAN COLLEGE                       ,NY,10962-1299,Private      ,1227,355,1582,1227,355,1582
00271800,ELMIRA COLLEGE                          ,NY,14901-2099,Private      ,1842,174,2016,1842,174,2016
00272200,FORDHAM UNIVERSITY                      ,NY,10458-5157,Private      ,21648,5674,27322,21648,5674,27322
00272600,GENERAL THEOLOGICAL SEMINARY            ,NY,10011-0000,Private      ,0,49,49,0,49,49
00272800,HAMILTON COLLEGE                        ,NY,13323-1218,Private      ,2589,46,2635,2589,46,2635
00272900,HARTWICK COLLEGE                        ,NY,13820-4020,Private      ,3538,124,3662,3538,124,3662
00273100,HOBART & WILLIAM SMITH COLLEGES         ,NY,14456-3397,Private      ,2857,68,2925,2857,68,2925
00273200,HOFSTRA UNIVERSITY                      ,NY,11549-1010,Private      ,14297,3632,17929,14297,3632,17929
00273400,HOUGHTON COLLEGE                        ,NY,14744-0128,Private      ,944,70,1014,944,70,1014
00273500,HILBERT COLLEGE                         ,NY,14075-1597,Private      ,780,147,927,780,147,927
00273700,IONA COLLEGE                            ,NY,10801-1890,Private      ,7184,613,7797,7184,613,7797
00273900,ITHACA COLLEGE                          ,NY,14850-7130,Private      ,12808,733,13541,12808,733,13541
00274000,JEWISH THEOLOGICAL SEMINARY OF AMER     ,NY,10027-4649,Private      ,122,172,294,122,172,294
00274200,THE JUILLIARD SCHOOL                    ,NY,10023-6588,Private      ,1340,693,2033,1340,693,2033
00274400,KEUKA COLLEGE                           ,NY,14478-0000,Private      ,997,567,1564,997,567,1564
00274800,LEMOYNE COLLEGE                         ,NY,13214-1399,Private      ,3550,422,3972,3550,422,3972
00274900,NEW YORK COLLEGE OF PODIATRIC MED       ,NY,10035-1940,Private      ,20,204,224,20,204,224
00275100,LONG ISLAND UNIVERSITY                  ,NY,11548-1326,Private      ,9810,4343,14153,9810,4343,14153
00275800,MANHATTAN COLLEGE                       ,NY,10471-4098,Private      ,5150,322,5472,5150,322,5472
00275900,MANHATTAN SCHOOL OF MUSIC               ,NY,10027-4689,Private      ,531,614,1145,531,614,1145
00276000,MANHATTANVILLE COLLEGE                  ,NY,10577-2132,Private      ,2618,382,3000,2618,382,3000
00276300,MARIA COLLEGE                           ,NY,12208-1798,Private      ,128,370,498,128,370,498
00276500,MARIST COLLEGE                          ,NY,12601-1387,Private      ,9530,616,10146,9530,616,10146
00276900,MARYMOUNT MANHATTAN COLLEGE             ,NY,10021-4597,Private      ,3241,196,3437,3241,196,3437
00277200,MERCY COLLEGE                           ,NY,10522-1189,Private      ,3884,2841,6725,3884,2841,6725
00277500,MOLLOY COLLEGE                          ,NY,11570-1100,Private      ,2401,973,3374,2401,973,3374
00277700,MEDAILLE COLLEGE                        ,NY,14214-2695,Private      ,1137,608,1745,1137,608,1745
00277800,MOUNT SAINT MARY COLLEGE                ,NY,12550-3494,Private      ,3086,489,3575,3086,489,3575
00277900,NAZARETH COLLEGE OF ROCHESTER           ,NY,14618-3790,Private      ,2796,772,3568,2796,772,3568
00278200,NEW YORK INSTITUTE OF TECHNOLOGY        ,NY,11568-8000,Private      ,4280,1260,5540,4280,1260,5540
00278202,NY INSTITUTE OF TECHNOLOGY-OSTEOPATHIC M,NY,11568-0000,Private      ,52,451,503,52,451,503
00278300,NEW YORK LAW SCHOOL                     ,NY,10013-0000,Private      ,38,1966,2004,38,1966,2004
00278400,NEW YORK MEDICAL COLLEGE                ,NY,10595-0000,Private      ,24,1078,1102,24,1078,1102
00278500,NEW YORK UNIVERSITY                     ,NY,10012-1091,Private      ,36057,20882,56939,36057,20882,56939
00278800,NIAGARA UNIVERSITY                      ,NY,14109-2010,Private      ,2986,445,3431,2986,445,3431
00279000,NYACK COLLEGE                           ,NY,10960-3698,Private      ,923,548,1471,923,548,1471
00279100,PACE UNIVERSITY - NEW YORK              ,NY,10038-1598,Private      ,9566,2250,11816,9566,2250,11816
00279101,PACE UNIVERSITY-PLEASANTVILLE           ,NY,10570-0000,Private      ,3631,731,4362,3631,731,4362
00279102,PACE UNIVERSITY - WHITE PLAINS          ,NY,10603-0000,Private      ,564,1323,1887,564,1323,1887
00279500,PAUL SMITHS CLG OF ARTS & SCIENCES      ,NY,12970-0000,Private      ,1000,110,1110,1000,110,1110
00279600,POLYTECHNIC INTSTITUTE OF NEW YORK UNIV ,NY,11201-3840,Private      ,3159,615,3774,3159,615,3774
00279800,PRATT INSTITUTE                         ,NY,11205-3899,Private      ,4356,1721,6077,4356,1721,6077
00280300,RENSSELAER POLYTECHNIC INSTITUTE        ,NY,12180-3590,Private      ,10390,561,10951,10390,561,10951
00280500,ROBERTS WESLEYAN COLLEGE                ,NY,14624-1997,Private      ,1139,528,1667,1139,528,1667
00280600,ROCHESTER INSTITUTE OF TECHNOLOGY       ,NY,14623-5608,Private      ,13107,1595,14702,13107,1595,14702
00280700,ROCKEFELLER UNIVERSITY                  ,NY,10021-0000,Private      ,26,30,56,26,30,56
00280800,DAEMEN COLLEGE                          ,NY,14226-3592,Private      ,2085,437,2522,2085,437,2522
00281000,THE SAGE COLLEGES                       ,NY,12180-4199,Private      ,1464,967,2431,1464,967,2431
00281200,TROCAIRE COLLEGE                        ,NY,14220-2094,Private      ,367,642,1009,367,642,1009
00281300,SARAH LAWRENCE COLLEGE                  ,NY,10708-5999,Private      ,1824,549,2373,1824,549,2373
00281400,SKIDMORE COLLEGE                        ,NY,12866-1632,Private      ,3277,81,3358,3277,81,3358
00281500,ST BERNARDS SCH THEOLOGY & MINISTRY     ,NY,14618-3822,Private      ,2,15,17,2,15,17
00281600,SIENA COLLEGE                           ,NY,12211-1462,Private      ,5682,200,5882,5682,200,5882
00281700,ST BONAVENTURE UNIVERSITY               ,NY,14778-2284,Private      ,2269,248,2517,2269,248,2517
00282000,ST FRANCIS COLLEGE                      ,NY,11201-4398,Private      ,2006,282,2288,2006,282,2288
00282100,ST JOHN FISHER COLLEGE                  ,NY,14618-3597,Private      ,3959,834,4793,3959,834,4793
00282200,CHRIST THE KING SEMINARY                ,NY,14052-0607,Private      ,0,5,5,0,5,5
00282300,ST JOHN'S UNIVERSITY                    ,NY,11439-1343,Private      ,23680,4228,27908,23680,4228,27908
00282500,ST JOSEPH'S COLLEGE                     ,NY,11205-3688,Private      ,1245,288,1533,1245,288,1533
00282501,ST JOSEPH'S COLLEGE-SUFFOLK CAMPUS      ,NY,11772-0000,Private      ,1925,562,2487,1925,562,2487
00282900,ST LAWRENCE UNIVERSITY                  ,NY,13617-1455,Private      ,2216,90,2306,2216,90,2306
00283200,ST THOMAS AQUINAS COLLEGE               ,NY,10976-1050,Private      ,1430,120,1550,1430,120,1550
00283300,ST VLADIMIR ORTHODOX THEOL SEM          ,NY,10707-0000,Private      ,0,29,29,0,29,29
00283400,EXCELSIOR COLLEGE                       ,NY,12203-5159,Private      ,87,2776,2863,87,2776,2863
00283500,SUNY AT ALBANY                          ,NY,12222-0001,Public       ,17130,2831,19961,17130,2831,19961
00283600,BINGHAMTON UNIVERSITY (SUNY)            ,NY,13902-6000,Public       ,22256,1830,24086,22256,1830,24086
00283700,SUNY AT BUFFALO                         ,NY,14260-0001,Public       ,19847,6030,25877,19847,6030,25877
00283800,SUNY AT STONY BROOK                     ,NY,11794-0701,Public       ,22297,4404,26701,22297,4404,26701
00283900,SUNY-DOWNSTATE MEDICAL CENTER           ,NY,11203-2098,Public       ,121,1589,1710,121,1589,1710
00284000,SUNY UPSTATE MEDICAL UNIVERSITY         ,NY,13210-2375,Public       ,228,1117,1345,228,1117,1345
00284100,SUNY BROCKPORT - FIN AID OFF            ,NY,14420-2914,Public       ,7597,1458,9055,7597,1458,9055
00284200,BUFFALO STATE COLLEGE - SUNY            ,NY,14222-1095,Public       ,10037,2242,12279,10037,2242,12279
00284300,SUNY COLLEGE-CORTLAND                   ,NY,13045-0900,Public       ,9957,794,10751,9957,794,10751
00284400,SUNY AT FREDONIA                        ,NY,14063-1145,Public       ,5999,554,6553,5999,554,6553
00284500,SUNY GENESEO                            ,NY,14454-1401,Public       ,8075,389,8464,8075,389,8464
00284600,SUNY COLLEGE-NEW PALTZ                  ,NY,12561-2499,Public       ,9966,1310,11276,9966,1310,11276
00284700,SUNY COLLEGE-ONEONTA                    ,NY,13820-4015,Public       ,9625,487,10112,9625,487,10112
00284800,SUNY OSWEGO                             ,NY,13126-3599,Public       ,8979,1122,10101,8979,1122,10101
00284900,SUNY COLLEGE AT PLATTSBURGH             ,NY,12901-2681,Public       ,6390,792,7182,6390,792,7182
00285000,SUNY COLLEGE-POTSDAM                    ,NY,13676-2294,Public       ,4513,479,4992,4513,479,4992
00285100,SUNY COLLEGE OF ENVIRONMENT SCIENCE AND ,NY,13210-2778,Public       ,1965,346,2311,1965,346,2311
00285300,SUNY MARITIME COLLEGE                   ,NY,10465-4198,Public       ,1319,170,1489,1319,170,1489
00285400,SUNY COLLEGE OF TECHNOLOGY-ALFRED       ,NY,14802-9951,Public       ,3188,455,3643,3188,455,3643
00285500,SUNY CANTON COLG OF TECHNOLOGY          ,NY,13617-1098,Public       ,3328,877,4205,3328,877,4205
00285600,SUNY AG & TECH COLLEGE-COBLESKILL       ,NY,12043-9986,Public       ,2028,257,2285,2028,257,2285
00285700,SUNY DELHI                              ,NY,13753-1190,Public       ,2832,467,3299,2832,467,3299
00285800,SUNY FARMINGDALE                        ,NY,11735-1021,Public       ,4779,1072,5851,4779,1072,5851
00285900,SUNY COLLEGE OF AG & TECH AT MORRISVILLE,NY,13408-0901,Public       ,2427,429,2856,2427,429,2856
00286000,ADIRONDACK COMMUNITY COLLEGE            ,NY,12804-2004,Public       ,833,554,1387,833,554,1387
00286100,CAYUGA COMMUNITY COLLEGE                ,NY,13021-3099,Public       ,736,738,1474,736,738,1474
00286200,BROOME COMMUNITY COLLEGE                ,NY,13902-0000,Public       ,1539,842,2381,1539,842,2381
00286300,CORNING COMMUNITY COLLEGE               ,NY,14830-3297,Public       ,668,636,1304,668,636,1304
00286400,DUTCHESS COMMUNITY COLLEGE              ,NY,12601-1595,Public       ,1552,834,2386,1552,834,2386
00286600,FASHION INSTITUTE OF TECHNOLOGY         ,NY,10001-5992,Public       ,7357,2089,9446,7357,2089,9446
00286700,SUNY FULTON MONTGOMERY COMM CLG         ,NY,12095-3790,Public       ,879,367,1246,879,367,1246
00286800,HUDSON VALLEY COMMUNITY COLLEGE         ,NY,12180-6096,Public       ,2981,1456,4437,2981,1456,4437
00286900,JAMESTOWN COMMUNITY COLLEGE             ,NY,14702-0020,Public       ,1334,783,2117,1334,783,2117
00287000,JEFFERSON COMMUNITY COLLEGE             ,NY,13601-1897,Public       ,718,761,1479,718,761,1479
00287100,"SUNY, MOHAWK VALLEY COMMUNITY CLG       ",NY,13501-5394,Public       ,1923,1126,3049,1923,1126,3049
00287200,MONROE COMMUNITY COLLEGE                ,NY,14623-5780,Public       ,4639,3330,7969,4639,3330,7969
00287300,NASSAU COMMUNITY COLLEGE                ,NY,11530-6793,Public       ,4961,2040,7001,4961,2040,7001
00287400,NIAGARA COUNTY COMMUNITY COLLEGE        ,NY,14132-9460,Public       ,1766,1047,2813,1766,1047,2813
00287500,ONONDAGA COMMUNITY COLLEGE              ,NY,13215-4585,Public       ,3706,1684,5390,3706,1684,5390
00287600,ORANGE COUNTY COMMUNITY COLLEGE         ,NY,10940-6441,Public       ,1167,816,1983,1167,816,1983
00287700,ROCKLAND COMMUNITY COLLEGE              ,NY,10901-3611,Public       ,842,522,1364,842,522,1364
00287800,SUFFOLK COMMUNITY COLLEGE               ,NY,11784-2899,Public       ,3100,1265,4365,3100,1265,4365
00287801,SUFFOLK COMMUNITY CLG-W. CAMPUS         ,NY,11717-0000,Public       ,2183,1109,3292,2183,1109,3292
00287803,SUFFOLK COMMUNITY CLG-EASTRN CAMPUS     ,NY,11901-0000,Public       ,820,376,1196,820,376,1196
00287900,SULLIVAN COUNTY COMMUNITY COLLEGE       ,NY,12759-5151,Public       ,784,263,1047,784,263,1047
00288000,ULSTER COUNTY COMMUNITY COLLEGE         ,NY,12484-0557,Public       ,536,319,855,536,319,855
00288100,SUNY WESTCHESTER COMMUNITY COLLEGE      ,NY,10595-1698,Public       ,2331,1447,3778,2331,1447,3778
00288200,SYRACUSE UNIVERSITY                     ,NY,13244-2130,Private      ,20848,4936,25784,20848,4936,25784
00288300,UTICA COLLEGE- UTICA                    ,NY,13502-4892,Private      ,2934,860,3794,2934,860,3794
00288500,ALBANY COLLEGE OF PHARMACY AND HEALTH SC,NY,12208-3492,Private      ,1783,831,2614,1783,831,2614
00288600,ALBANY LAW SCHOOL                       ,NY,12208-0000,Private      ,52,855,907,52,855,907
00288700,ALBANY MEDICAL COLLEGE                  ,NY,12208-0000,Private      ,75,861,936,75,861,936
00288900,UNION COLLEGE                           ,NY,12308-2311,Private      ,3324,98,3422,3324,98,3422
00289000,UNION THEOLOGICAL SEMINARY              ,NY,10027-0000,Private      ,2,262,264,2,262,264
00289200,UNITED STATES MERCHANT MARINE ACADEMY   ,NY,11024-1699,Public       ,365,12,377,365,12,377
00289400,UNIVERSITY OF ROCHESTER                 ,NY,14627-9000,Private      ,8052,1043,9095,8052,1043,9095
00289401,EASTMAN SCH OF MUSIC/UNIV ROCHESTER     ,NY,14604-0000,Private      ,745,290,1035,745,290,1035
00289402,UNIV OF ROCHESTER SCHL OF MEDICINE      ,NY,14642-0000,Private      ,53,485,538,53,485,538
00289500,VASSAR COLLEGE                          ,NY,12604-0008,Private      ,4391,125,4516,4391,125,4516
00289600,VILLA MARIA COLLEGE-BUFFALO             ,NY,14225-3999,Private      ,245,130,375,245,130,375
00289900,WAGNER COLLEGE                          ,NY,10301-4495,Private      ,2351,284,2635,2351,284,2635
00290000,WEBB INSTITUTE                          ,NY,11542-1398,Private      ,61,7,68,61,7,68
00290100,WELLS COLLEGE                           ,NY,13026-0500,Private      ,1159,70,1229,1159,70,1229
00290300,YESHIVA UNIVERSITY                      ,NY,10033-3201,Private      ,1660,2225,3885,1660,2225,3885
00290302,YESHIVA UNIVERSITY - BRONX CAMPUS       ,NY,10461-1975,Private      ,45,836,881,45,836,881
00397400,MESIVTHA TIFERETH JERUSALEM OF AMER     ,NY,10002-6382,Private      ,4,1,5,4,1,5
00397700,RABBINICAL COLLEGE CH'SAN SOFER         ,NY,11204-1252,Private      ,1,1,2,1,1,2
00397800,RABBINICAL SEMINARY OF AMERICA          ,NY,11375-0000,Private      ,10,1,11,10,1,11
00397900,COLUMBIA UNIV TEACHERS COLLEGE          ,NY,10027-0000,Private      ,90,3900,3990,90,3900,3990
00405400,HEBREW UNION COL-JEWISH INST OF REL     ,NY,10012-0000,Private      ,0,81,81,0,81,81
00475900,"CUNY, YORK COLLEGE                      ",NY,11451-0001,Public       ,8095,2586,10681,8095,2586,10681
00476500,CUNY GRADUATE SCH & UNIV CTR            ,NY,10016-4309,Public       ,84,1481,1565,84,1481,1565
00477600,CENTRAL YESHIVA TOMCHEI TMIMIM LUBA     ,NY,11230-2798,Private      ,9,3,12,9,3,12
00478800,HERKIMER COUNTY COMMUNITY COLLEGE       ,NY,13350-1598,Public       ,1361,510,1871,1361,510,1871
00479800,MIRRER YESHIVA CENTRAL INST             ,NY,11223-2010,Private      ,2,1,3,2,1,3
00479900,MONROE COLLEGE                          ,NY,10468-4305,Proprietary  ,2291,2282,4573,2291,2282,4573
00481100,EVEREST INSTITUTE                       ,NY,14621-3007,Proprietary  ,64,479,543,64,479,543
00506400,SAINT JAMES MERCY HOSPITAL SCHOOL OF RAD,NY,14843-2197,Private      ,9,6,15,9,6,15
00506600,FAXTON ST. LUKE'S SCHOOL OF RADIOGRAPHY ,NY,13502-4856,Private      ,12,25,37,12,25,37
00520800,THE COLLEGE OF WESTCHESTER              ,NY,10602-0000,Proprietary  ,392,199,591,392,199,591
00587700,ROBERT J HOCHSTIM SCHOOL OF RADIOG      ,NY,11572-1151,Private      ,1,4,5,1,4,5
00643501,ARNOT OGDEN MEDICAL CENTER              ,NY,14905-1676,Private      ,23,19,42,23,19,42
00643800,PHILLIPS BETH ISRAEL SCH OF NURSING     ,NY,10001-6354,Private      ,37,149,186,37,149,186
00644300,COCHRAN SCH NSG-ST JOHN RVSDE HOSP      ,NY,10701-1399,Private      ,16,59,75,16,59,75
00644500,CROUSE HOSP SCH OF NURSING              ,NY,13210-1690,Private      ,119,142,261,119,142,261
00644800,ELLIS HOSPITAL SCHOOL OF NURSING        ,NY,12308-0000,Private      ,33,66,99,33,66,99
00646101,ST ELIZABETH COLLEGE OF NURSING         ,NY,13501-2998,Private      ,80,99,179,80,99,179
00646102,ST ELIZABETH SCH OF RADIOGRAPHY         ,NY,13501-0000,Private      ,13,12,25,13,12,25
00646700,SAINT JOSEPH'S COLLEGE OF NURSING       ,NY,13203-1806,Private      ,171,229,400,171,229,400
00678200,GENESEE COMMUNITY COLLEGE               ,NY,14020-9704,Public       ,1525,884,2409,1525,884,2409
00678500,SCHENECTADY COUNTY COMMUNITY CLG        ,NY,12305-2294,Public       ,807,757,1564,807,757,1564
00678700,CLINTON COMMUNITY COLLEGE               ,NY,12901-5690,Public       ,616,265,881,616,265,881
00678800,TOMPKINS CORTLAND COMMUNITY COLLEGE     ,NY,13053-8504,Public       ,1510,555,2065,1510,555,2065
00678900,COLUMBIA-GREENE COMMUNITY COLLEGE       ,NY,12534-9543,Public       ,377,260,637,377,260,637
00679100,SUNY AT PURCHASE                        ,NY,10577-1400,Public       ,6654,646,7300,6654,646,7300
00702200,CUNY-LEHMAN COLLEGE                     ,NY,10468-1589,Public       ,10362,4858,15220,10362,4858,15220
00702600,MOUNT SINAI SCHOOL OF MEDICINE          ,NY,10029-0000,Private      ,34,678,712,34,678,712
00710900,SUNY COLLEGE-OLD WESTBURY               ,NY,11568-0210,Public       ,4594,1054,5648,4594,1054,5648
00711100,NORTH COUNTRY COMMUNITY COLLEGE         ,NY,12983-2046,Public       ,340,225,565,340,225,565
00726400,MESIFTA TORAH VODAATH RABBINCAL SEM     ,NY,11218-5209,Private      ,2,0,2,2,0,2
00727300,CUNY-BERNARD BARUCH COLLEGE             ,NY,10010-5518,Public       ,14573,4412,18985,14573,4412,18985
00730400,CULINARY INSTITUTE OF AMERICA           ,NY,12538-1499,Private      ,2262,740,3002,2262,740,3002
00732916,ITT TECHNICAL INSTITUTE                 ,NY,12205-1003,Proprietary  ,51,124,175,51,124,175
00737200,AUSTIN'S SCHOOL OF SPA TECHNOLOGY       ,NY,12206-1513,Proprietary  ,31,138,169,31,138,169
00737500,ISLAND DRAFTING & TECHNICAL INST        ,NY,11701-2704,Proprietary  ,3,5,8,3,5,8
00738700,LONG ISLAND BEAUTY SCHOOL               ,NY,11788-4346,Proprietary  ,14,29,43,14,29,43
00738800,LONG ISLAND BEAUTY SCHOOL               ,NY,11550-3704,Proprietary  ,13,14,27,13,14,27
00739100,BEAUTY SCHOOL OF MIDDLETOWN             ,NY,10940-6574,Proprietary  ,9,22,31,9,22,31
00739400,BERKELEY COLLEGE                        ,NY,10017-0000,Proprietary  ,1456,1354,2810,1456,1354,2810
00739402,BERKELEY COLLEGE  -  WESTCHESTER CAMPUS ,NY,10601-9963,Proprietary  ,91,50,141,91,50,141
00740100,MANDL SCHOOL                            ,NY,10019-5516,Proprietary  ,43,221,264,43,221,264
00740500,WOOD TOBE-COBURN SCHOOL                 ,NY,10016-0102,Proprietary  ,284,75,359,284,75,359
00746500,AMERICAN ACADEMY OF DRAMATIC ARTS       ,NY,10016-7089,Private      ,599,174,773,599,174,773
00746600,LIM COLLEGE                             ,NY,10022-5268,Proprietary  ,1685,239,1924,1685,239,1924
00746800,SCHOOL OF VISUAL ARTS                   ,NY,10010-3994,Proprietary  ,3369,1147,4516,3369,1147,4516
00750602,LINCOLN TECHNICAL INSTITUTE             ,NY,11357-6092,Proprietary  ,203,95,298,203,95,298
00751800,APEX TECHNICAL SCHOOL                   ,NY,10011-2008,Proprietary  ,84,292,376,84,292,376
00752200,CONTINENTAL SCH OF BEAUTY CULTURE       ,NY,14623-3231,Proprietary  ,28,33,61,28,33,61
00752205,CONTINENTAL SCHOOL OF BEAUTY CULTURE - M,NY,13211-1003,Proprietary  ,9,10,19,9,10,19
00753200,FINGER LAKES COMMUNITY COLLEGE          ,NY,14424-8395,Public       ,2053,1094,3147,2053,1094,3147
00757200,AMERICAN MUSICAL AND DRAMATIC ACAD      ,NY,10023-2106,Private      ,1809,297,2106,1809,297,2106
00757300,EMPIRE BEAUTY SCHOOL                    ,NY,11103-4028,Proprietary  ,38,52,90,38,52,90
00780400,STAR CAREER ACADEMY                     ,NY,10011-7307,Proprietary  ,50,174,224,50,174,224
00818900,CONTINENTAL SCHOOL OF BEAUTY CULTURE - B,NY,14224-3402,Proprietary  ,2,1,3,2,1,3
00818903,CONTINENTAL SCHOOL OF BEAUTY CULTURE - B,NY,14223-2911,Proprietary  ,21,25,46,21,25,46
00843700,CHAMPLAIN VALLEY - TEC/PRN              ,NY,12901-0000,Public       ,12,17,29,12,17,29
00849500,JAMESTOWN BUSINESS COLLEGE              ,NY,14702-0429,Proprietary  ,90,93,183,90,93,183
00861100,"CUNY, HOSTOS CMTY COLLEGE               ",NY,10451-1499,Public       ,4371,2579,6950,4371,2579,6950
00861400,RABBINICAL CLG BOBOVER YESHIVA BNEI     ,NY,11219-3293,Private      ,0,3,3,0,3,3
00861700,RABBINICAL SEM MKOR CHAIM-YESHIVA       ,NY,11219-4300,Private      ,0,1,1,0,1,1
00878800,STATE UNIVERSITY OF NEW YORK STUDENT LOA,NY,12246-0000,Public       ,441,211,652,441,211,652
00900300,OLEAN BUSINESS INSTITUTE INC            ,NY,14760-2691,Proprietary  ,8,21,29,8,21,29
00902900,NEIGHBORHOOD PLAYHOUSE                  ,NY,10022-5017,Private      ,9,22,31,9,22,31
00904300,ELMIRA BUSINESS INSTITUTE               ,NY,14901-2731,Proprietary  ,31,239,270,31,239,270
00907700,UTICA SCHOOL OF COMMERCE                ,NY,13501-2280,Proprietary  ,36,127,163,36,127,163
00924800,SAMARITAN HOSPITAL SCH NURSING          ,NY,12180-2475,Private      ,49,121,170,49,121,170
00928300,MIDWAY-PARIS BEAUTY SCHOOL              ,NY,11385-3453,Proprietary  ,2,3,5,2,3,5
00928400,LEARNING INST FOR BEAUTY SCIENCES       ,NY,11756-1345,Proprietary  ,14,14,28,14,14,28
00933500,MESIVTA EASTERN PKWY RABBINICAL CLG     ,NY,11218-5559,Private      ,2,2,4,2,2,4
00947900,SAINT VINCENTS CMC SI NURSING SCHOOL    ,NY,10304-3850,Proprietary  ,98,189,287,98,189,287
00976900,METROPOLITAN COLLEGE OF NEW YORK        ,NY,10013-1919,Private      ,118,595,713,118,595,713
00992900,SUNY COLLEGE OF OPTOMETRY               ,NY,10036-8003,Public       ,13,194,207,13,194,207
01005100,LA GUARDIA CMTY COLLEGE - CUNY          ,NY,11101-3083,Public       ,8805,4153,12958,8805,4153,12958
01005200,JEFFERSON-LEWIS BOCES PRAC NRSGPRG      ,NY,13601-9509,Public       ,10,49,59,10,49,59
01009700,CUNY-MEDGAR W EVERS COLLEGE             ,NY,11225-2010,Public       ,4221,2308,6529,4221,2308,6529
01014200,TOURO COLLEGE                           ,NY,10010-4202,Private      ,1025,2996,4021,1025,2996,4021
01014700,WESTERN SUFFOLK BOCES                   ,NY,11768-3499,Public       ,68,132,200,68,132,200
01015300,HELENE FULD COL OF NRSNG/N GEN HOSP     ,NY,10035-0000,Private      ,7,173,180,7,173,180
01028600,EMPIRE STATE COLLEGE                    ,NY,12866-4391,Public       ,400,5787,6187,400,5787,6187
01037800,RABBINICAL COLLEGE OF LONG ISLAND       ,NY,11561-3244,Private      ,4,0,4,4,0,4
01055100,NEW YORK SCH MED & DENTAL ASSISTANT     ,NY,11101-2327,Proprietary  ,41,74,115,41,74,115
01064100,SOUTHERN WESTCHESTER BOCES              ,NY,10543-0000,Public       ,8,33,41,8,33,41
01068400,ERIE COMMUNITY COLLEGE-ALL CAMPUSES     ,NY,14203-2698,Public       ,3148,2323,5471,3148,2323,5471
01081300,AMERICAN ACAD MCALLISTER INST           ,NY,10019-3604,Private      ,46,224,270,46,224,270
01083700,SIMMONS INST OF FUNERAL SERVICE         ,NY,13207-2098,Proprietary  ,11,30,41,11,30,41
01093000,SUBURBAN TECHNICAL SCHOOL               ,NY,11550-3771,Proprietary  ,1,3,4,1,3,4
01095200,PNW BOCES LPN PROGRAM                   ,NY,10598-0000,Public       ,3,15,18,3,15,18
01103100,TECHNICAL CAREER INSTITUTE              ,NY,10001-2789,Proprietary  ,177,618,795,177,618,795
01118900,UNITED TALMUDICAL SEMINARY              ,NY,11211-7984,Private      ,5,1,6,5,1,6
01119200,BETH HAMEDRASH SHAAREI YOSHER INST      ,NY,11204-1052,Private      ,3,2,5,3,2,5
01161400,CHAMPLAIN VALLEY HOSP SCH RAD TECH      ,NY,12901-1490,Private      ,14,9,23,14,9,23
01161700,NEW YORK METHODIST HOSPITAL             ,NY,11229-9023,Private      ,42,106,148,42,106,148
01164700,SBI CAMPUS - AN AFFILIATE OF SANFORD-BRO,NY,11747-3785,Proprietary  ,34,151,185,34,151,185
01167000,YESHIVA OF NITRA RABBINICAL COLLEGE     ,NY,11211-7108,Private      ,0,1,1,0,1,1
01167700,MEMORIAL SLOAN KETTERING CANCER CTR     ,NY,10021-6094,Private      ,3,10,13,3,10,13
01167800,SUNY INST OF TECHNOLOGY UTICA ROME      ,NY,13504-3050,Public       ,1450,448,1898,1450,448,1898
01182100,YESHIVATH ZICHRON MOSHE                 ,NY,12779-0580,Private      ,1,0,1,1,0,1
01183000,BERK TRADE AND BUSINESS SCHOOL          ,NY,11101-0000,Proprietary  ,13,20,33,13,20,33
01185900,WORD OF LIFE BIBLE INSTITUTE            ,NY,12860-0129,Private      ,263,25,288,263,25,288
01186000,MERCY MED CNTR SCHL OF RADIOGRAPHY      ,NY,11570-1098,Private      ,10,11,21,10,11,21
01192100,WESTCHESTER SCH OF BEAUTY CULTURE       ,NY,10550-2295,Proprietary  ,5,21,26,5,21,26
01192200,BETH HATALMUD RABBINICAL CLG            ,NY,11214-2594,Private      ,2,6,8,2,6,8
01198400,OHR HAMEIR THEOLOGICAL SEMINARY         ,NY,10566-0990,Private      ,1,0,1,1,0,1
01201100,TALMUDICAL SEM OHOLEI TORAH             ,NY,11213-3310,Private      ,1,0,1,1,0,1
01207200,PHILLIPS HAIRSTYLING INSTITUTE          ,NY,13210-1509,Proprietary  ,7,27,34,7,27,34
01210700,INSTITUTE OF DESIGN & CONSTRUCTION      ,NY,11201-5380,Private      ,20,36,56,20,36,56
01220300,MEMORIAL HOSPITAL SCH OF NURSING        ,NY,12204-1083,Private      ,50,119,169,50,119,169
01227700,NEW YORK CHIROPRACTIC COLLEGE           ,NY,13148-0800,Private      ,2,441,443,2,441,443
01229300,VEEB NASSAU CNTY SCHL OF PRACT NURS     ,NY,11553-3037,Public       ,23,68,91,23,68,91
01235800,PLAZA COLLEGE                           ,NY,11372-6300,Proprietary  ,30,51,81,30,51,81
01236400,SAINT VINCENTS CATHOLIC MEDICAL CENTERS ,NY,11354-0000,Proprietary  ,34,277,311,34,277,311
01240700,SCHUYLER-CHEMUNG-TIOGA BOCES            ,NY,14903-1089,Public       ,6,41,47,6,41,47
01240701,STEUBEN SCHUYLER CHEMUNG TIOGA ALLEGANY ,NY,14870-9518,Public       ,1,3,4,1,3,4
01256100,FIVE TOWNS COLLEGE                      ,NY,11746-5871,Proprietary  ,597,100,697,597,100,697
01258900,ERIE 1 BOCES                            ,NY,14224-0000,Public       ,37,142,179,37,142,179
01265200,ONONDAGA CORTLAND MADISON BOCES         ,NY,13090-4500,Public       ,56,177,233,56,177,233
01278300,OSWEGO COUNTY BOCES ADULT CAREERS       ,NY,13114-4498,Public       ,12,17,29,12,17,29
01292700,CENTRAL TECH NURSING PROGRAM            ,NY,13202-3092,Public       ,14,41,55,14,41,55
01302600,MACHZIKEI HADATH RABBINICAL COLLEGE     ,NY,11204-1805,Private      ,0,1,1,0,1,1
01302900,BORICUA COLLEGE                         ,NY,10032-1599,Private      ,143,303,446,143,303,446
02056400,CAPRI COSMETOLOGY LEARNING CENTER       ,NY,10954-0000,Proprietary  ,16,24,40,16,24,40
02066200,THE NEW SCHOOL                          ,NY,10011-0000,Private      ,4378,3344,7722,4378,3344,7722
02069000,NEW YORK SCHOOL OF INTERIOR DESIGN      ,NY,10021-0000,Private      ,153,173,326,153,173,326
02075700,BRIARCLIFFE COLLEGE                     ,NY,11714-0000,Proprietary  ,434,727,1161,434,727,1161
02075702,BRIARCLIFFE COLLEGE - PATCHOGUE         ,NY,11772-3019,Proprietary  ,380,457,837,380,457,837
02092400,RIDLEY-LOWELL SCHOOL OF BUSINESS        ,NY,13905-0000,Proprietary  ,12,32,44,12,32,44
02093700,LONG ISLAND BUSINESS INSTITUTE          ,NY,11725-0000,Proprietary  ,14,50,64,14,50,64
02093701,LONG ISLAND BUSINESS INSTITUTE - FLUSHIN,NY,11354-4429,Proprietary  ,24,65,89,24,65,89
02098400,HERKIMER COUNTY BOCES                   ,NY,13350-0000,Public       ,11,37,48,11,37,48
02104300,OTSEGO AREA SCHOOL OF PRAC NURSING      ,NY,12167-0000,Public       ,2,2,4,2,2,4
02105900,HAIR DESIGN INSTITUTE AT FIFTH AVE      ,NY,11220-0000,Proprietary  ,24,27,51,24,27,51
02106800,BRAMSON ORT COLLEGE                     ,NY,11375-0000,Private      ,22,41,63,22,41,63
02110900,CATTARAUGUS/ALLEGANY BOCES              ,NY,14760-0000,Public       ,8,31,39,8,31,39
02112301,RIDLEY - LOWELL BUSINESS & TECHNICAL INS,NY,12601-3328,Proprietary  ,26,137,163,26,137,163
02116011,SANFORD-BROWN INSTITUTE - NEW YORK      ,NY,10003-2103,Proprietary  ,145,459,604,145,459,604
02118700,LONG ISLAND COLLEGE HOSPITAL - SCHOOL OF,NY,11201-6001,Private      ,101,124,225,101,124,225
02118702,LONG ISLAND COLLEGE HOSPITAL - SCHOOL OF,NY,11201-6001,Private      ,93,126,219,93,126,219
02124000,ORANGE ULSTER BOCES SCH OF PRAC NRS     ,NY,10924-9401,Public       ,10,38,48,10,38,48
02125500,CIRCLE IN THE SQUARE THEATRE SCHOOL     ,NY,10019-0000,Private      ,49,38,87,49,38,87
02126300,MADISON-ONEIDA BOCES PRAC NRS           ,NY,13478-0000,Public       ,5,6,11,5,6,11
02138500,BOCES RENSSELAER SCHOOL OF PN           ,NY,12033-3221,Public       ,11,7,18,11,7,18
02145800,CAYUGA ONONDAGA BOCES                   ,NY,13021-9430,Public       ,8,34,42,8,34,42
02146000,WAYNE-FINGER LAKES BOCES                ,NY,14513-0000,Public       ,2,45,47,2,45,47
02152000,YESHIVA SHAAR HATORAH ITRI TORAH        ,NY,11418-0000,Private      ,2,0,2,2,0,2
02153600,BROOME-TIOGA BOCES PN PROG              ,NY,13905-0000,Public       ,21,43,64,21,43,64
02157900,ROCHESTER GENERAL HOSPITAL              ,NY,14621-3001,Private      ,15,66,81,15,66,81
02158200,WSHNGTN-SARTGA-WARN-HMLTN-ESX BOCES     ,NY,12839-1051,Public       ,3,29,32,3,29,32
02160100,GENEVA GENERAL HOSPITAL                 ,NY,14456-0000,Private      ,27,53,80,27,53,80
02163400,NEW YORK CAREER INSTITUTE               ,NY,10007-2801,Proprietary  ,56,198,254,56,198,254
02169100,DAVIS COLLEGE                           ,NY,13790-0000,Private      ,73,33,106,73,33,106
02170000,SWEDISH INSTITUTE                       ,NY,10001-0000,Proprietary  ,48,312,360,48,312,360
02170200,ALBANY SCHOHARIE SCHENECTADY            ,NY,12205-0000,Public       ,16,24,40,16,24,40
02171900,AILEY SCHOOL (THE)                      ,NY,10019-4402,Private      ,96,42,138,96,42,138
02172100,HAMILTON-FULTON-MONTGOMERY BOCES        ,NY,12095-0665,Public       ,20,22,42,20,22,42
02172800,DUTCHESS COUNTY BOCES SCH PRAC NURS     ,NY,12601-0000,Public       ,28,60,88,28,60,88
02173200,EMPIRE BEAUTY SCHOOL                    ,NY,10001-0000,Proprietary  ,113,151,264,113,151,264
02173900,ULSTER COUNTY BOCES PRACTICAL NRSG      ,NY,12466-0000,Public       ,17,47,64,17,47,64
02176000,CHERYL FELL'S SCHOOL OF BUSINESS        ,NY,14304-0000,Proprietary  ,4,5,9,4,5,9
02179400,EASTERN SUFFOLK BOCES                   ,NY,11713-0000,Public       ,50,84,134,50,84,134
02182200,NEW SCHOOL OF RADIO & TELEVISION        ,NY,12206-1106,Proprietary  ,23,23,46,23,23,46
02187300,DARKEI NOAM RABBINICAL COLLEGE          ,NY,11210-0000,Private      ,1,3,4,1,3,4
02191600,TORAH TEMIMAH TALMUDICAL SEMINARY       ,NY,11218-0000,Private      ,1,1,2,1,1,2
02192500,BELLEVUE HOSP CTR SCH RAD TECH          ,NY,10016-0000,Public       ,4,41,45,4,41,45
02199300,ORLEANS-NIAGARA BOCES                   ,NY,14132-0000,Public       ,6,35,41,6,35,41
02206000,HUNTER BUSINESS SCHOOL                  ,NY,11756-0000,Proprietary  ,53,68,121,53,68,121
02217800,D.HOPFER SCH NURSING AT MT.VRN HOSP     ,NY,10550-0000,Private      ,17,70,87,17,70,87
02219500,MILDRED ELLEY                           ,NY,12206-1513,Proprietary  ,72,450,522,72,450,522
02235600,ERIE 2-CHAUTAUQUA-CATTARAUGUS BOCES     ,NY,14006-0000,Public       ,5,18,23,5,18,23
02265100,YESHIVA DERECH CHAIM                    ,NY,11218-0000,Private      ,4,0,4,4,0,4
02265200,GLOBAL BUSINESS INSTITUTE               ,NY,11691-0000,Private      ,3,8,11,3,8,11
02272900,ROCKLAND COUNTY BOCES PRAC NRSG SCH     ,NY,10994-0000,Public       ,13,20,33,13,20,33
02275900,"MODERN WELDING SCHOOL, INC.             ",NY,12304-0000,Proprietary  ,10,10,20,10,10,20
02287800,NATIONAL TRACTOR TRAILER SCHOOL         ,NY,13088-2505,Proprietary  ,4,21,25,4,21,25
02294900,INSTITUTE OF AUDIO RESEARCH             ,NY,10003-0000,Proprietary  ,101,118,219,101,118,219
02306500,PROFESSIONAL BUSINESS INSTITUTE         ,NY,10002-0000,Private      ,46,119,165,46,119,165
02314200,NORTHERN WESTCHESTER SCH COSMETOL       ,NY,10566-0000,Proprietary  ,7,7,14,7,7,14
02320100,OHR SOMAYACH TANENBAUM EDUCATIONAL CENTE,NY,10952-0000,Private      ,1,0,1,1,0,1
02325600,NEW YORK INSTITUTE OF ENGLISH & BUS     ,NY,10001-0000,Private      ,12,19,31,12,19,31
02491400,SPANISH AMERICAN INSTITUTE              ,NY,10036-0000,Private      ,0,4,4,0,4,4
02505900,SH-OR YOSHUV RABBINICAL COLLEGE         ,NY,11691-0000,Private      ,4,1,5,4,1,5
02506000,ASSOCIATED BETH RIVKAH SCHOOLS          ,NY,11225-0000,Private      ,18,3,21,18,3,21
02506100,CITY UNIV OF NEW YORK-CENTRAL           ,NY,10021-0000,Public       ,1565,767,2332,1565,767,2332
02506800,YESHIVAT MIKDASH MELECH                 ,NY,11230-0000,Private      ,4,0,4,4,0,4
02511500,JOFFREY BALLET SCHOOL                   ,NY,10011-0000,Proprietary  ,43,4,47,43,4,47
02513500,MAR JON SCHOOL OF BEAUTY CULTURE        ,NY,14150-0000,Proprietary  ,11,8,19,11,8,19
02525600,ART INSTITUTE OF NEW YORK CITY (THE)    ,NY,10013-2429,Proprietary  ,1316,651,1967,1316,651,1967
02540800,"GLOBE INSTITUTE OF TECHNOLOGY, INC.     ",NY,10007-0000,Proprietary  ,103,70,173,103,70,173
02546000,TRI-STATE COLLEGE OF ACUPUNCTURE        ,NY,10011-0000,Proprietary  ,1,23,24,1,23,24
02546300,YESHIVA OF THE TELSHE ALUMNI            ,NY,10471-0000,Private      ,2,0,2,2,0,2
02550600,TALMUDICAL INST OF UPSTATE NY           ,NY,14607-0000,Private      ,0,3,3,0,3,3
02556700,SEMINAR L'MOROS BAIS YAAKOV             ,NY,11219-0000,Private      ,5,0,5,5,0,5
02572900,BUSINESS INFORMATICS CENTER             ,NY,11580-0000,Proprietary  ,8,9,17,8,9,17
02575400,FRENCH CULINARY INSTITUTE               ,NY,10013-2618,Proprietary  ,271,347,618,271,347,618
02587600,ORLO SCH HAIR DESIGN & COSMETOLOGY      ,NY,12206-1723,Proprietary  ,9,31,40,9,31,40
02599400,NEW YORK COLLEGE OF HEALTH PROFESSIONS  ,NY,11791-4413,Private      ,80,450,530,80,450,530
02600100,NEW YORK ACADEMY OF ART (THE)           ,NY,10013-2911,Private      ,167,179,346,167,179,346
02614900,SANFORD-BROWN INSTITUTE                 ,NY,10604-2910,Proprietary  ,45,111,156,45,111,156
02615001,SANFORD-BROWN COLLEGE - SANFORD-BROWN IN,NY,11530-4734,Proprietary  ,41,87,128,41,87,128
02616600,SHEAR EGO INTERNATIONAL SCHOOL OF HAIR D,NY,14617-3501,Proprietary  ,11,40,51,11,40,51
02617000,CONTINENTAL SCH OF BEAUTY CULTURE       ,NY,14020-0000,Proprietary  ,3,2,5,3,2,5
02617002,CONTINENTAL SCHOOL OF BEAUTY CULTURE  - ,NY,14020-1908,Proprietary  ,3,2,5,3,2,5
03000100,YESHIVA GEDOLAH IMREI YOSEF DSPINKA     ,NY,11219-4696,Private      ,1,0,1,1,0,1
03007200,DANCE THEATRE OF HARLEM                 ,NY,10031-0000,Private      ,21,22,43,21,22,43
03027701,PACIFIC COLLEGE OF ORIENTAL MEDICINE - N,NY,10010-7108,Proprietary  ,19,282,301,19,282,301
03081600,DELAWARE CHENANGO MADISON OT. BOCES     ,NY,13815-9554,Public       ,9,23,32,9,23,32
03089700,COMPUTER CAREER CENTER                  ,NY,11530-3334,Proprietary  ,28,80,108,28,80,108
03095500,ASA INST BUSINESS & COMPUTER TECH       ,NY,11201-5208,Proprietary  ,214,362,576,214,362,576
03096200,CHARLES STUART SCHOOL                   ,NY,11229-2004,Proprietary  ,6,11,17,6,11,17
03103700,ADIRONDACK BEAUTY SCHOOL                ,NY,12801-3158,Proprietary  ,5,15,20,5,15,20
03104900,SULLIVAN COUNTY BOCES                   ,NY,12754-2116,Public       ,6,20,26,6,20,26
03115300,GENESEE VALLEY BOCES                    ,NY,14020-1099,Public       ,6,39,45,6,39,45
03120700,NEW YORK CONSERVATORY FOR DRAMATIC ARTS ,NY,10011-4225,Proprietary  ,331,101,432,331,101,432
03129200,RABBINICAL CLG OHR SHIMAR YISROEL       ,NY,11211-8102,Private      ,0,4,4,0,4,4
03169300,STUDIO JEWELERS                         ,NY,10016-4112,Proprietary  ,2,14,16,2,14,16
03181400,MERKAZ BNOS                             ,NY,11214-4911,Private      ,0,3,3,0,3,3
03191300,CUNY SCHOOL OF LAW @ QUEENS COLLEGE     ,NY,11367-0000,Public       ,285,861,1146,285,861,1146
03193300,MANHATTAN SCHOOL OF COMPUTER TECH       ,NY,11230-1617,Private      ,52,100,152,52,100,152
03203300,NEW YORK INSTITUTE OF MASSAGE           ,NY,14221-6021,Proprietary  ,11,44,55,11,44,55
03216300,UNIFICATION THEOLOGICAL SEMINARY        ,NY,12507-5021,Private      ,1,5,6,1,5,6
03328300,FRANKLIN CAREER INSTITUTE               ,NY,11550-3003,Private      ,11,47,58,11,47,58
03328301,FRANKLIN CAREER INSTITUTE - BROOKLYN    ,NY,11220-3110,Private      ,27,83,110,27,83,110
03342400,AMERICAN BARBER INSTITUTE               ,NY,10001-5271,Proprietary  ,16,33,49,16,33,49
03358300,ALLEN SCHOOL                            ,NY,11432-4901,Proprietary  ,39,392,431,39,392,431
03358301,ALLEN SCHOOL - BROOKLYN                 ,NY,11201-0000,Proprietary  ,65,235,300,65,235,300
03380300,STAR CAREER ACADEMY                     ,NY,11791-5311,Proprietary  ,20,90,110,20,90,110
03419400,NORTHEASTERN SEMINARY                   ,NY,14624-1997,Private      ,23,49,72,23,49,72
03426400,ANTHEM INSTITUTE                        ,NY,10018-0000,Proprietary  ,39,83,122,39,83,122
03433500,LIA SCHORR INSTITUTE OF COSMETIC SK     ,NY,10022-2614,Proprietary  ,5,11,16,5,11,16
03443300,NEW YORK COLLEGE OF TRADITIONAL CHINESE ,NY,11501-0000,Private      ,0,30,30,0,30,30
03496300,YESHIVA SHAAREI TORAH OF ROCKLAND       ,NY,10901-4003,Private      ,0,1,1,0,1,1
03537300,NEW YORK AUTOMOTIVE & DIESEL INSTIT     ,NY,11101-0000,Proprietary  ,31,97,128,31,97,128
03568300,LEON STUDIO ONE SCHOOL OF HAIR DESI     ,NY,14221-5323,Proprietary  ,12,8,20,12,8,20
03651300,SAINT JOSEPH'S MEDICAL CENTER SCHOO     ,NY,10701-4080,Private      ,13,25,38,13,25,38
03652300,METROPOLITAN LEARNING INSTITUTE         ,NY,11374-2101,Private      ,3,40,43,3,40,43
03713300,BEIS MEDRASH HEICHAL DOVID              ,NY,11691-4433,Private      ,1,1,2,1,1,2
03773300,CENTER FOR NATURAL WELLNESS SCHOOL OF MA,NY,12205-1601,Proprietary  ,15,52,67,15,52,67
03802300,UTA MESIVTA OF KIRYAS JOEL              ,NY,10950-2169,Private      ,1,1,2,1,1,2
03809400,MICROPOWER CAREER INSTITUTE             ,NY,10001-2812,Proprietary  ,2,11,13,2,11,13
03819400,HUDSON VALLEY SCHOOL OF ADVANCED AESTHET,NY,12493-0000,Proprietary  ,0,3,3,0,3,3
03839300,AVEDA INSTITUTE NEW YORK                ,NY,10013-1522,Proprietary  ,64,119,183,64,119,183
03881300,UNION GRADUATE COLLEGE                  ,NY,12308-3131,Private      ,15,65,80,15,65,80
03903400,AMERICAN BEAUTY SCHOOL                  ,NY,10462-8003,Proprietary  ,40,69,109,40,69,109
03941400,ELITE ACADEMY OF BEAUTY ARTS            ,NY,11223-1630,Proprietary  ,14,41,55,14,41,55
03983300,"SCHOOL OF PROFESSIONAL HORTICULTURE, AT ",NY,10458-5126,Private      ,9,18,27,9,18,27
03988300,"SAE INSTITUTE OF TECHNOLOGY, NEW YORK   ",NY,10001-2915,Proprietary  ,176,134,310,176,134,310
04043300,ACE COMPUTER TRAINING CENTER            ,NY,11375-5337,Proprietary  ,7,36,43,7,36,43
04092401,MAKE-UP DESIGNORY -                     ,NY,10012-0041,Proprietary  ,109,146,255,109,146,255
04095300,KING'S COLLEGE (THE)                    ,NY,10018-0110,Private      ,920,66,986,920,66,986
04102300,NEW AGE TRAINING                        ,NY,10001-4006,Proprietary  ,2,30,32,2,30,32
04115500,TALMUDICAL SEMINARY OF BOBOV            ,NY,11219-3826,Private      ,0,1,1,0,1,1
04117100,EDP SCHOOL OF COMPUTER PROGRAMMING      ,NY,11235-0000,Private      ,4,24,28,4,24,28
04117700,"MONROE 2-ORLEANS BOCES, CENTER FOR WORK ",NY,14624-1119,Public       ,32,58,90,32,58,90
04123200,INSTITUTE OF ALLIED MEDICAL PROFESSIONS ,NY,11373-5541,Private      ,5,42,47,5,42,47
04123300,HUDSON VALLEY SCHOOL OF MASSAGE THERAPY ,NY,12493-0000,Proprietary  ,4,8,12,4,8,12
04125600,CAREER SCHOOL OF NY                     ,NY,10301-2416,Private      ,8,17,25,8,17,25
04131500,COLLECTIVE (THE)                        ,NY,10011-2026,Proprietary  ,6,15,21,6,15,21
04133700,NEW YORK MEDICAL CAREER TRAINING CENTER ,NY,11354-6504,Proprietary  ,17,36,53,17,36,53
04134000,"JOHN PAOLO'S XTREME BEAUTY INSTITUTE, GO",NY,12020-1245,Proprietary  ,9,37,46,9,37,46
04137700,ANN MARIE'S WORLD OF BEAUTY SCHOOL      ,NY,13901-2308,Proprietary  ,8,9,17,8,9,17
04144300,INSTITUTE OF CULINARY EDUCATION         ,NY,10010-5205,Proprietary  ,209,255,464,209,255,464
04148000,NEW LIFE BUSINESS INSTITUTE             ,NY,11432-6149,Proprietary  ,5,15,20,5,15,20
04151200,SALON PROFESSIONAL ACADEMY (THE)        ,NY,14150-9200,Proprietary  ,18,29,47,18,29,47
04155300,ONONDAGA SCHOOL OF THERAPEUTIC MASSAGE  ,NY,13210-1533,Proprietary  ,33,67,100,33,67,100
04156000,ACADEMY OF COSMETOLOGY & ESTHETICS NYC (,NY,10306-3003,Proprietary  ,41,44,85,41,44,85
04157500,ACCESS CAREERS                          ,NY,11201-5826,Proprietary  ,14,31,45,14,31,45
04165700,"JOHN PAOLO'S XTREME BEAUTY INSTITUTE, GO",NY,12110-3053,Proprietary  ,4,12,16,4,12,16
04166000,MANHATTAN INSTITUTE (THE)               ,NY,10016-6516,Proprietary  ,48,72,120,48,72,120
04167600,FINGER LAKES SCHOOL OF MASSAGE (THE)    ,NY,14850-1384,Proprietary  ,21,30,51,21,30,51
04167601,FINGER LAKES SCHOOL OF MASSAGE (THE) -  ,NY,10549-1103,Proprietary  ,2,13,15,2,13,15
04178700,ATELIER ESTHETIQUE INSTITUTE OF ESTHETIC,NY,10016-8804,Proprietary  ,22,63,85,22,63,85
04180200,LONG ISLAND NAIL & SKIN CARE INSTITUTE  ,NY,11756-1316,Proprietary  ,2,12,14,2,12,14
04189000,LONG ISLAND BARBER INSTITUTE (THE)      ,NY,11550-6317,Proprietary  ,2,11,13,2,11,13
04190500,NEW YORK SCHOOL OF ESTHETICS & DAY SPA  ,NY,10591-3232,Proprietary  ,4,18,22,4,18,22
04192800,BE'ER YAAKOV TALMUDIC SEMINARY          ,NY,10977-1912,Private      ,1,0,1,1,0,1
04204300,AESTHETIC SCIENCE INSTITUTE (THE)       ,NY,12110-1095,Proprietary  ,0,6,6,0,6,6
00267808,BRYANT & STRATTON COLLEGE - PARMA       ,OH,44130-0000,Proprietary  ,242,1627,1869,242,1627,1869
00301000,ANTIOCH UNIVERSITY                      ,OH,45387-1608,Private      ,566,377,943,566,377,943
00301100,ART ACADEMY OF CINCINNATI               ,OH,45202-7106,Private      ,271,111,382,271,111,382
00301200,ASHLAND UNIVERSITY                      ,OH,44805-3799,Private      ,3234,1400,4634,3234,1400,4634
00301300,ATHENAEUM OF OHIO                       ,OH,45230-2000,Private      ,1,10,11,1,10,11
00301400,BALDWIN-WALLACE COLLEGE                 ,OH,44017-2088,Private      ,3456,765,4221,3456,765,4221
00301600,BLUFFTON UNIVERSITY                     ,OH,45817-2104,Private      ,1261,213,1474,1261,213,1474
00301800,BOWLING GREEN STATE UNIVERSITY          ,OH,43403-0001,Public       ,16495,3686,20181,16495,3686,20181
00302300,CAPITAL UNIVERSITY                      ,OH,43209-2394,Private      ,3475,1681,5156,3475,1681,5156
00302400,CASE WESTERN RESERVE UNIV               ,OH,44106-0000,Private      ,7691,1035,8726,7691,1035,8726
00302401,CASE WESTERN RESERVE UNIV - MED         ,OH,44106-0000,Private      ,65,766,831,65,766,831
00302402,CASE WESTERN RESERVE UNIV - DENTAL      ,OH,44106-0000,Private      ,24,179,203,24,179,203
00302403,CASE WESTERN RESERVE UNIV - LAW         ,OH,44106-0000,Private      ,21,608,629,21,608,629
00302404,CASE WESTERN RESERVE UNIV - UG          ,OH,44106-0000,Private      ,163,25,188,163,25,188
00302405,CASE WESTERN RESERVE UNIV - MSASS       ,OH,44106-0000,Private      ,27,320,347,27,320,347
00302406,CASE WESTERN RESERVE UNIV - NURS UG     ,OH,44106-0000,Private      ,160,121,281,160,121,281
00302407,CASE WESTERN RESERVE UNIV - WSOM        ,OH,44106-0000,Private      ,16,82,98,16,82,98
00302408,CASE WESTERN RESERVE UNIV -A&S GRAD     ,OH,44106-0000,Private      ,5,163,168,5,163,168
00302409,CASE WESTERN RESERVE UNIV -ENG GRAD     ,OH,44106-0000,Private      ,34,71,105,34,71,105
00302410,CASE WESTERN RESERVE UNIV -NURS GRD     ,OH,44106-0000,Private      ,12,186,198,12,186,198
00302500,CEDARVILLE UNIVERSITY                   ,OH,45314-8564,Private      ,3287,159,3446,3287,159,3446
00302600,CENTRAL STATE UNIVERSITY                ,OH,45384-1004,Public       ,2604,945,3549,2604,945,3549
00302900,CINCINNATI CHRISTIAN UNIVERSITY         ,OH,45204-3200,Private      ,381,292,673,381,292,673
00303000,OHIO CHRISTIAN UNIVERSITY               ,OH,43113-9487,Private      ,428,1109,1537,428,1109,1537
00303100,CLEVELAND INSTITUTE OF MUSIC            ,OH,44106-1776,Private      ,481,383,864,481,383,864
00303200,CLEVELAND STATE UNIVERSITY              ,OH,44115-2214,Public       ,6993,6514,13507,6993,6514,13507
00303300,COLLEGE OF MT ST JOSEPH                 ,OH,45233-1670,Private      ,1504,847,2351,1504,847,2351
00303500,OHIO DOMINICAN UNIVERSITY               ,OH,43219-2099,Private      ,1704,1143,2847,1704,1143,2847
00303600,FRANCISCAN UNIV OF STEUBENVILLE         ,OH,43952-1763,Private      ,1708,291,1999,1708,291,1999
00303700,COLLEGE OF WOOSTER                      ,OH,44691-2363,Private      ,2854,78,2932,2854,78,2932
00303900,COLUMBUS COLLEGE OF ART AND DESIGN      ,OH,43215-1758,Private      ,1445,375,1820,1445,375,1820
00304000,CUYAHOGA COMMUNITY COLLEGE              ,OH,44115-2878,Public       ,4736,8537,13273,4736,8537,13273
00304100,"DEFIANCE COLLEGE, THE                   ",OH,43512-1695,Private      ,1082,220,1302,1082,220,1302
00304200,DENISON UNIVERSITY                      ,OH,43023-1329,Private      ,2649,80,2729,2649,80,2729
00304300,CHANCELLOR UNIVERSITY                   ,OH,44114-0000,Proprietary  ,8,140,148,8,140,148
00304400,TRINITY LUTHERAN SEMINARY               ,OH,43209-0000,Private      ,0,65,65,0,65,65
00304500,UNIVERSITY OF FINDLAY                   ,OH,45840-3695,Private      ,2597,756,3353,2597,756,3353
00304600,FRANKLIN UNIVERSITY                     ,OH,43215-5399,Private      ,600,5696,6296,600,5696,6296
00304700,HEBREW UNION COLLEGE MAIN CAMPUS        ,OH,45220-0000,Private      ,1,1,2,1,1,2
00304800,HEIDELBERG UNIVERSITY                   ,OH,44883-2462,Private      ,1371,181,1552,1371,181,1552
00304900,HIRAM COLLEGE                           ,OH,44234-1808,Private      ,1346,175,1521,1346,175,1521
00305000,JOHN CARROLL UNIVERSITY                 ,OH,44118-4581,Private      ,3738,501,4239,3738,501,4239
00305100,KENT STATE UNIV - KENT CAMPUS           ,OH,44242-0001,Public       ,19580,6927,26507,19580,6927,26507
00305101,KENT STATE UNIV - GEAUGA CAMPUS         ,OH,44021-0000,Public       ,435,544,979,435,544,979
00305102,KENT STATE UNIV - STARK CAMPUS          ,OH,44720-0000,Public       ,1863,1895,3758,1863,1895,3758
00305103,KENT STATE UNIV - TUSCARAWAS CAMPUS     ,OH,44663-0000,Public       ,657,842,1499,657,842,1499
00305104,KENT STATE UNIV - TRUMBULL CAMPUS       ,OH,44483-0000,Public       ,692,1174,1866,692,1174,1866
00305105,KENT STATE UNIV - ASHTABULA CAMPUS      ,OH,44004-0000,Public       ,524,1042,1566,524,1042,1566
00305106,KENT STATE UNIV -E.LIVERPOOL CAMPUS     ,OH,43920-0000,Public       ,273,495,768,273,495,768
00305107,KENT STATE UNIV - SALEM CAMPUS          ,OH,44460-0000,Public       ,626,753,1379,626,753,1379
00306500,KENYON COLLEGE                          ,OH,43022-9623,Private      ,2418,33,2451,2418,33,2451
00306600,LAKE ERIE COLLEGE                       ,OH,44077-3389,Private      ,1103,191,1294,1103,191,1294
00306800,LORAIN COUNTY COMMUNITY COLLEGE         ,OH,44035-1691,Public       ,1595,2748,4343,1595,2748,4343
00306900,LOURDES COLLEGE                         ,OH,43560-2898,Private      ,862,900,1762,862,900,1762
00307200,MALONE UNIVERSITY                       ,OH,44709-3897,Private      ,1812,674,2486,1812,674,2486
00307300,MARIETTA COLLEGE                        ,OH,45750-4033,Private      ,2299,228,2527,2299,228,2527
00307500,METHODIST THEOLOGICAL SCH IN OHIO       ,OH,43015-0000,Private      ,2,92,94,2,92,94
00307600,MIAMI-JACOBS COLLEGE                    ,OH,45401-0000,Proprietary  ,70,296,366,70,296,366
00307602,MIAMI - JACOBS CAREER COLLEGE - SPRINGBO,OH,45066-1115,Proprietary  ,36,117,153,36,117,153
00307603,MIAMI - JACOBS CAREER COLLEGE - TROY    ,OH,45373-3837,Proprietary  ,51,149,200,51,149,200
00307700,MIAMI UNIVERSITY                        ,OH,45056-1831,Public       ,18461,3379,21840,18461,3379,21840
00307800,WRIGHT STATE UNIVERSITY                 ,OH,45435-0002,Public       ,11004,6520,17524,11004,6520,17524
00308300,UNIVERSITY OF MOUNT UNION               ,OH,44601-3993,Private      ,2804,186,2990,2804,186,2990
00308400,MUSKINGUM UNIVERSITY                    ,OH,43762-1199,Private      ,1767,265,2032,1767,265,2032
00308500,NOTRE DAME COLLEGE OF OHIO              ,OH,44121-4293,Private      ,1740,572,2312,1740,572,2312
00308600,OBERLIN COLLEGE                         ,OH,44074-1090,Private      ,4000,132,4132,4000,132,4132
00308800,OHIO COLLEGE OF PODIATRIC MEDICINE      ,OH,44131-7304,Private      ,2,248,250,2,248,250
00308900,OHIO NORTHERN UNIVERSITY                ,OH,45810-1555,Private      ,2957,637,3594,2957,637,3594
00309000,OHIO STATE UNIVERSITY-ALL CAMPUSES      ,OH,43210-1358,Public       ,42832,16861,59693,42832,16861,59693
00310000,OHIO UNIVERSITY                         ,OH,45701-2979,Public       ,18139,5340,23479,18139,5340,23479
00310002,"OHIO UNIVERSITY, ZANESVILLE CAMPUS      ",OH,43701-0000,Public       ,913,928,1841,913,928,1841
00310003,"OHIO UNIVERSITY, LANCASTER CAMPUS       ",OH,43130-0000,Public       ,907,966,1873,907,966,1873
00310004,"OHIO UNIVERSITY, SOUTHERN CAMPUS        ",OH,45638-0000,Public       ,540,892,1432,540,892,1432
00310005,"OHIO UNIVERSITY, CHILLICOTHE CAMPUS     ",OH,45601-0000,Public       ,658,1103,1761,658,1103,1761
00310006,"OHIO UNIVERSITY, EASTERN CAMPUS         ",OH,43950-0000,Public       ,355,192,547,355,192,547
00310008,OHIO UNIV COLL OF OSTEOPATHIC MED       ,OH,45701-0000,Public       ,17,203,220,17,203,220
00310900,OHIO WESLEYAN UNIVERSITY                ,OH,43015-2398,Private      ,2701,111,2812,2701,111,2812
00311000,OTTERBEIN UNIVERSITY                    ,OH,43081-2006,Private      ,3142,574,3716,3142,574,3716
00311300,PONTIFICAL COLLEGE JOSEPHINUM           ,OH,43235-1498,Private      ,31,7,38,31,7,38
00311400,FIRELANDS REGIONAL MEDICAL CENTER - SOUT,OH,44870-4788,Private      ,51,92,143,51,92,143
00311600,UNIV OF RIO GRANDE                      ,OH,45674-3131,Private      ,1027,874,1901,1027,874,1901
00311900,SINCLAIR COMMUNITY COLLEGE              ,OH,45402-1460,Public       ,3901,6735,10636,3901,6735,10636
00312100,TIFFIN UNIVERSITY                       ,OH,44883-2161,Private      ,1959,3322,5281,1959,3322,5281
00312200,UNITED THEOLOGICAL SEMINARY             ,OH,45406-0000,Private      ,0,243,243,0,243,243
00312300,UNIVERSITY OF AKRON                     ,OH,44325-6211,Public       ,14781,7628,22409,14781,7628,22409
00312500,UNIVERSITY OF CINCINNATI                ,OH,45221-0125,Public       ,19642,11061,30703,19642,11061,30703
00312504,UNIVERSITY OF CINCINNATI - MEDICINE     ,OH,45267-0553,Public       ,303,901,1204,303,901,1204
00312700,UNIVERSITY OF DAYTON                    ,OH,45469-0002,Private      ,10571,2098,12669,10571,2098,12669
00313100,UNIVERSITY OF TOLEDO                    ,OH,43606-3390,Public       ,12541,5295,17836,12541,5295,17836
00313300,URBANA UNIVERSITY                       ,OH,43078-2091,Private      ,751,333,1084,751,333,1084
00313400,URSULINE COLLEGE                        ,OH,44124-4398,Private      ,438,597,1035,438,597,1035
00313500,WALSH UNIVERSITY                        ,OH,44720-3396,Private      ,2294,765,3059,2294,765,3059
00314100,WILBERFORCE UNIVERSITY                  ,OH,45384-1001,Private      ,708,260,968,708,260,968
00314200,WILMINGTON COLLEGE                      ,OH,45177-2499,Private      ,1724,319,2043,1724,319,2043
00314300,WITTENBERG UNIVERSITY                   ,OH,45501-2199,Private      ,3769,213,3982,3769,213,3982
00314400,XAVIER UNIVERSITY                       ,OH,45207-1035,Private      ,7202,1801,9003,7202,1801,9003
00314500,YOUNGSTOWN STATE UNIVERSITY             ,OH,44555-0001,Public       ,6533,3925,10458,6533,3925,10458
00398200,CLEVELAND INSTITUTE OF ART              ,OH,44106-1700,Private      ,837,144,981,837,144,981
00406000,WINEBRENNER THEOLOGICAL SEMINARY        ,OH,45840-0000,Private      ,0,18,18,0,18,18
00485200,CLARK STATE COMMUNITY COLLEGE           ,OH,45505-4795,Public       ,830,2289,3119,830,2289,3119
00485300,BRADFORD SCHOOL                         ,OH,43219-0000,Proprietary  ,433,310,743,433,310,743
00485500,DAVIS COLLEGE                           ,OH,43623-4307,Proprietary  ,43,224,267,43,224,267
00486100,UNIVERSITY OF NORTHWESTERN OHIO         ,OH,45805-1498,Private      ,3336,1045,4381,3336,1045,4381
00486600,STAUTZENBERGER COLLEGE                  ,OH,43537-4007,Proprietary  ,113,366,479,113,366,479
00510200,SCH OF DIAGNOSTIC IMAGING-CLEVELAND     ,OH,44119-0000,Private      ,5,26,31,5,26,31
00531300,NORTH CENTRAL STATE COLLEGE             ,OH,44901-0000,Public       ,659,1055,1714,659,1055,1714
00575300,OWENS STATE COMMUNITY COLLEGE           ,OH,43699-0000,Public       ,2414,3879,6293,2414,3879,6293
00648700,AULTMAN COLLEGE OF NURSING AND HEALTH SC,OH,44710-1799,Private      ,109,246,355,109,246,355
00648900,CHRIST COLLEGE OF NURSING AND HEALTH SCI,OH,45219-2906,Private      ,166,335,501,166,335,501
00649400,GOOD SAMARITAN COLG-NURSING/HEALTH      ,OH,45220-2489,Private      ,148,321,469,148,321,469
00650700,TRINIT HEALTH SYSTEM SCH OF NURSING     ,OH,43952-2667,Private      ,31,74,105,31,74,105
00680400,LAKELAND COMMUNITY COLLEGE              ,OH,44094-5198,Public       ,1391,2405,3796,1391,2405,3796
00686700,COLUMBUS STATE COMMUNITY COLLEGE        ,OH,43215-1786,Public       ,6727,11612,18339,6727,11612,18339
00703500,KETTERING COLLEGE OF MEDICAL ARTS       ,OH,45429-1299,Private      ,440,505,945,440,505,945
00708500,MOUNT VERNON NAZARENE UNIVERSITY        ,OH,43050-9500,Private      ,1155,360,1515,1155,360,1515
00708501,MOUNT VERNON NAZARENE UNIV - AGS        ,OH,43050-0000,Private      ,60,332,392,60,332,392
00727500,EASTERN GATEWAY COMMUNITY COLLEGE       ,OH,43952-3598,Public       ,374,777,1151,374,777,1151
00732920,ITT TECHNICAL INSTITUTE                 ,OH,45414-3456,Proprietary  ,147,278,425,147,278,425
00732992,ITT TECHNICAL INSTITUTE                 ,OH,44509-4098,Proprietary  ,134,426,560,134,426,560
00747300,CHOFFIN CAREER & TECHNICAL CENTER       ,OH,44503-1628,Public       ,54,150,204,54,150,204
00759800,HOCKING TECHNICAL COLLEGE               ,OH,45764-9582,Public       ,1827,1381,3208,1827,1381,3208
00777700,REMINGTON COLLEGE - CLEVELAND CAMPUS    ,OH,44125-1957,Private      ,124,500,624,124,500,624
00777704,REMINGTON COLLEGE-CLEVELAND WEST CAMPUS ,OH,44070-3129,Private      ,25,106,131,25,106,131
00812900,ADULT AND COMMUNITY EDUCATION @ HUDSON  ,OH,43211-2017,Public       ,24,180,204,24,180,204
00813200,TOLEDO SCHOOL OF PRACTICAL NURSING      ,OH,43613-5110,Public       ,69,198,267,69,198,267
00813300,ZANE STATE COLLEGE                      ,OH,43701-2626,Public       ,779,1297,2076,779,1297,2076
00819400,AKRON SCHOOL OF PRACTICAL NRSG          ,OH,44311-0000,Public       ,92,119,211,92,119,211
00827800,TERRA COMMUNITY COLLEGE                 ,OH,43420-9670,Public       ,396,838,1234,396,838,1234
00867700,NORTHWEST STATE COMMUNITY COLLEGE       ,OH,43502-9542,Public       ,480,989,1469,480,989,1469
00888600,PORTAGE LAKES CAREER CENTER             ,OH,44685-9554,Public       ,9,39,48,9,39,48
00908803,ITT TECHNICAL INSTITUTE                 ,OH,44136-1758,Proprietary  ,0,1,1,0,1,1
00915600,WAYNE COUNTY SCHOOLS CAREER CENTER      ,OH,44677-9672,Public       ,18,54,72,18,54,72
00917200,SPRINGFIELD REGIONAL SCHOOL OF NURSING  ,OH,45501-0000,Private      ,22,48,70,22,48,70
00941200,FORTIS COLLEGE                          ,OH,44221-2998,Proprietary  ,77,443,520,77,443,520
00953000,GERBER AKRON BEAUTY SCHOOL              ,OH,44313-6995,Proprietary  ,11,51,62,11,51,62
00953100,SPA SCHOOL (THE)                        ,OH,43214-1524,Proprietary  ,33,97,130,33,97,130
00966000,TIFFIN ACADEMY OF HAIR DESIGN           ,OH,44883-2833,Proprietary  ,15,28,43,15,28,43
00994100,BELMONT TECHNICAL COLLEGE               ,OH,43950-9766,Public       ,360,567,927,360,567,927
00994200,SHAWNEE STATE UNIVERSITY                ,OH,45662-4344,Public       ,2978,1197,4175,2978,1197,4175
01001700,PAYNE THEOLOGICAL SEMINARY              ,OH,45384-0474,Private      ,1,30,31,1,30,31
01002700,JAMES A. RHODES STATE COLLEGE           ,OH,45804-3597,Public       ,933,1153,2086,933,1153,2086
01016800,NATIONWIDE BEAUTY ACADEMY               ,OH,43228-1000,Proprietary  ,49,69,118,49,69,118
01028000,OHIO STATE BEAUTY ACADEMY               ,OH,45801-4950,Proprietary  ,45,57,102,45,57,102
01032300,HANNAH E MULLINS SCH-PRAC NRSG          ,OH,44460-2906,Public       ,13,34,47,13,34,47
01034500,CINCINNATI STATE TECH & COMM CLG        ,OH,45223-2690,Public       ,2726,5429,8155,2726,5429,8155
01045300,WASHINGTON STATE CMTY COLLEGE           ,OH,45750-9225,Public       ,528,512,1040,528,512,1040
01063000,NORTHERN INSTITUTE OF COSMETOLOGY       ,OH,44052-1803,Proprietary  ,8,35,43,8,35,43
01073600,MARION TECHNICAL COLLEGE                ,OH,43302-5694,Public       ,508,972,1480,508,972,1480
01088000,CHATFIELD COLLEGE                       ,OH,45118-9705,Private      ,43,145,188,43,145,188
01088100,STARK STATE COLLEGE OF TECHNOLOGY       ,OH,44720-7299,Public       ,1636,4711,6347,1636,4711,6347
01090600,CINCINNATI CLG OF MORTUARY SCIENCE      ,OH,45224-1428,Private      ,65,107,172,65,107,172
01092300,UNION INSTITUTE & UNIVERSITY            ,OH,45206-1925,Private      ,24,654,678,24,654,678
01099300,HOBART INSTITUTE OF WELDING TECHNOLOGY  ,OH,45373-2400,Private      ,133,107,240,133,107,240
01100500,KAPLAN COLLEGE                          ,OH,43232-4827,Proprietary  ,98,573,671,98,573,671
01104600,CENTRAL OHIO TECHNICAL COLLEGE          ,OH,43055-1767,Public       ,963,2594,3557,963,2594,3557
01170300,PENTA COUNTY JOINT VOCATIONAL SCH       ,OH,43551-0000,Public       ,10,24,34,10,24,34
01174400,NATIONAL BEAUTY COLLEGE                 ,OH,44720-0000,Proprietary  ,17,49,66,17,49,66
01174500,OHIO TECHNICAL COLLEGE                  ,OH,44103-1228,Proprietary  ,841,426,1267,841,426,1267
01182500,OHIO STATE SCHOOL OF COSMETOLOGY        ,OH,43224-1107,Proprietary  ,69,134,203,69,134,203
01212800,SOUTHWESTERN COLLEGE                    ,OH,45402-3003,Proprietary  ,26,170,196,26,170,196
01212802,SOUTHWESTERN COLLEGE                    ,OH,45005-2267,Proprietary  ,7,24,31,7,24,31
01212803,SOUTHWESTERN COLLEGE                    ,OH,45202-4304,Proprietary  ,19,82,101,19,82,101
01212804,SOUTHWESTERN COLLEGE                    ,OH,45246-3121,Proprietary  ,28,168,196,28,168,196
01212806,LINCOLN COLLEGE OF TECHNOLOGY - TOLEDO  ,OH,43615-6800,Proprietary  ,41,119,160,41,119,160
01212807,LINCOLN COLLEGE OF TECHNOLOGY - COLUMBUS,OH,43215-3602,Proprietary  ,33,98,131,33,98,131
01212808,LINCOLN COLLEGE OF TECHNOLOGY - CLEVELAN,OH,44114-3266,Proprietary  ,45,146,191,45,146,191
01216600,CAROUSEL BEAUTY COLLEGE                 ,OH,45402-8935,Proprietary  ,31,70,101,31,70,101
01224800,CENTRAL SCHOOL OF PRACTICAL NURSING     ,OH,44103-4371,Private      ,44,184,228,44,184,228
01267200,CAROUSEL BEAUTY COLLEGE                 ,OH,45044-5113,Proprietary  ,8,21,29,8,21,29
01267400,CAROUSEL OF MIAMI VALLEY BEAUTY CLG     ,OH,45424-2063,Proprietary  ,9,9,18,9,9,18
01275000,EDISON COMMUNITY COLLEGE                ,OH,45356-9239,Public       ,618,1233,1851,618,1233,1851
01283800,LAURA AND ALVIN SIEGAL COLLEGE OF JUDAIC,OH,44122-7197,Private      ,3,2,5,3,2,5
01284800,MOLER-HOLLYWOOD BEAUTY COLLEGE          ,OH,45202-2577,Proprietary  ,13,23,36,13,23,36
01287000,SOUTHERN STATE COMMUNITY COLLEGE        ,OH,45133-9406,Public       ,568,1054,1622,568,1054,1622
01289100,ANTONELLI COLLEGE                       ,OH,45202-2592,Proprietary  ,54,171,225,54,171,225
01289600,VIRGINIA MARTI COLLEGE OF ART AND DESIGN,OH,44107-0778,Proprietary  ,73,55,128,73,55,128
01313200,INTERNATIONAL CLG OF BROADCASTING       ,OH,45431-1898,Proprietary  ,21,55,76,21,55,76
02052000,KAPLAN COLLEGE                          ,OH,45439-1984,Proprietary  ,85,400,485,85,400,485
02054300,TRUMBULL BUSINESS COLLEGE               ,OH,44484-0000,Proprietary  ,19,156,175,19,156,175
02056800,DAYMAR COLLEGE                          ,OH,45601-1038,Proprietary  ,14,124,138,14,124,138
02056802,DAYMAR COLLEGE - LANCASTER              ,OH,43130-0000,Proprietary  ,11,84,95,11,84,95
02056803,DAYMAR COLLEGE - NEW BOSTON             ,OH,45662-4900,Proprietary  ,7,55,62,7,55,62
02056804,DAYMAR COLLEGE - JACKSON                ,OH,45640-1728,Proprietary  ,7,78,85,7,78,85
02066100,OHIO STATE COLLEGE/BARBER STYLING       ,OH,43213-0000,Proprietary  ,51,111,162,51,111,162
02073300,GALLIA-JACKSON-VINTON SCH ADULT ED      ,OH,45674-0000,Public       ,35,74,109,35,74,109
02110700,CLEVELAND INST OF DENTAL-MED ASST       ,OH,44115-2285,Proprietary  ,38,172,210,38,172,210
02116009,SANFORD-BROWN COLLEGE - MIDDLEBURG HEIGH,OH,44130-8362,Proprietary  ,43,273,316,43,273,316
02116900,UPPER VALLEY JVS                        ,OH,45356-0000,Public       ,11,73,84,11,73,84
02117300,GREAT OAKS INSTITUTE OF TECHNOLOGY      ,OH,45241-1581,Public       ,103,293,396,103,293,396
02128600,THE ART INSTITUTE OF CINCINNATI         ,OH,45246-0000,Proprietary  ,342,166,508,342,166,508
02140700,COMMUNITY EDUCATIONAL SERVICES          ,OH,44702-1710,Public       ,13,61,74,13,61,74
02152100,ACADEMY OF COURT REPORTING AND TECHNOLOG,OH,44115-0000,Proprietary  ,10,114,124,10,114,124
02152101,ACADEMY OF COURT REPORTING & TECHNOLOGY ,OH,43215-3902,Proprietary  ,27,114,141,27,114,141
02152106,ACADEMY OF COURT REPORTING AND TECHNOLOG,OH,45241-5428,Proprietary  ,3,30,33,3,30,33
02158500,OHIO BUSINESS COLLEGE                   ,OH,44035-0701,Proprietary  ,10,129,139,10,129,139
02158501,OHIO BUSINESS COLLEGE                   ,OH,44870-9953,Proprietary  ,15,175,190,15,175,190
02158503,OHIO BUSINESS COLLEGE - COLUMBUS        ,OH,43229-3523,Proprietary  ,13,35,48,13,35,48
02168100,TRI-COUNTY JOINT VOCATIONAL SCHOOL      ,OH,45764-0000,Public       ,20,54,74,20,54,74
02187900,ASHTABULA CO JOINT VOC SCH ADULT ED     ,OH,44047-0000,Public       ,9,54,63,9,54,63
02189000,ADULT CENTER FOR EDUCATION              ,OH,43701-0000,Public       ,35,156,191,35,156,191
02190700,FORTIS COLLEGE                          ,OH,45459-0000,Proprietary  ,132,1054,1186,132,1054,1186
02192100,BUTLER TECHNOLOGY AND CAREER DEVELOPMENT,OH,45011-0000,Public       ,104,219,323,104,219,323
02196300,COLLINS CAREER CENTER                   ,OH,45619-0000,Public       ,85,192,277,85,192,277
02210800,MEDINA COUNTY CAREER CENTER             ,OH,44256-0000,Public       ,5,48,53,5,48,53
02215400,OHIO STATE SCHOOL OF COSMETOLOGY        ,OH,43207-0000,Proprietary  ,26,41,67,26,41,67
02220500,GOD'S BIBLE SCHOOL & COLLEGE            ,OH,45210-0000,Private      ,49,28,77,49,28,77
02220800,CAREER & TECHNOLOGY EDUCATION CENTERS OF,OH,43055-0000,Public       ,44,150,194,44,150,194
02239800,PIONEER CAREER & TECHNOLOGY CENTER      ,OH,44875-0000,Public       ,6,22,28,6,22,28
02245600,WARREN COUNTY CAREER CENTER             ,OH,45036-0000,Public       ,18,121,139,18,121,139
02246300,INSTITUTE OF MEDICAL-DENTAL TECH        ,OH,45246-3317,Proprietary  ,20,80,100,20,80,100
02263700,MIAMI VALLEY CAREER TECHNOLOGY CTR      ,OH,45315-0000,Public       ,36,151,187,36,151,187
02269400,EASTERN HILLS ACAD OF HAIR DESIGN       ,OH,45255-0000,Proprietary  ,8,25,33,8,25,33
02269500,WESTERN HILLS SCHOOL OF BEAUTY & HAIR DE,OH,45211-0000,Proprietary  ,21,80,101,21,80,101
02270100,OHIO HI-POINT CAREER CENTER             ,OH,43311-0000,Public       ,25,88,113,25,88,113
02272700,COLUMBIANA COUNTY CAREER CENTER         ,OH,44432-0000,Public       ,21,77,98,21,77,98
02287900,RAPHAEL'S SCHOOL OF BEAUTY CULTURE      ,OH,44446-0000,Proprietary  ,11,29,40,11,29,40
02289802,KAPLAN COLLEGE                          ,OH,45203-0000,Proprietary  ,67,320,387,67,320,387
02301400,OHIO VALLEY COLLEGE OF TECHNOLOGY       ,OH,43920-9139,Proprietary  ,47,72,119,47,72,119
02303600,FORTIS COLLEGE - RAVENNA CAMPUS         ,OH,44266-0000,Proprietary  ,61,236,297,61,236,297
02304700,TRI-RIVERS CAREER CENTER                ,OH,43302-0000,Public       ,25,117,142,25,117,142
02311200,AMERICAN SCHOOL OF TECHNOLOGY           ,OH,43229-0000,Proprietary  ,23,140,163,23,140,163
02315500,TOLEDO ACADEMY OF BEAUTY CULTURE - EAST ,OH,43616-0000,Proprietary  ,17,44,61,17,44,61
02324400,ALLSTATE HAIRSTYLING & BARBER CLG       ,OH,44113-0000,Proprietary  ,23,120,143,23,120,143
02328500,MOLER-PICKENS BEAUTY COLLEGE            ,OH,45014-0000,Proprietary  ,2,6,8,2,6,8
02334300,INTERNATIONAL ACAD OF HAIR DESIGN       ,OH,45239-0000,Proprietary  ,30,60,90,30,60,90
02336300,KNOX COUNTY CAREER CENTER               ,OH,43050-4298,Public       ,27,134,161,27,134,161
02336700,CUYAHOGA VALLEY CAREER CENTER           ,OH,44141-1296,Public       ,16,67,83,16,67,83
02337700,PROFESSIONAL SKILLS INSTITUTE           ,OH,43607-0000,Proprietary  ,51,253,304,51,253,304
02351500,WILLOUGHBY EASTLAKE SCH OF PRAC NSG     ,OH,44094-0000,Public       ,5,44,49,5,44,49
02352800,POLARIS CAREER CENTER-ADULT ED DEPT     ,OH,44130-0000,Public       ,32,130,162,32,130,162
02354200,SCIOTO COUNTY JOINT VOCATIONAL SCH      ,OH,45648-0000,Public       ,26,106,132,26,106,132
02454400,NORTHEASTERN OHIO UNIVS COL OF MED      ,OH,44272-0000,Public       ,133,700,833,133,700,833
02497800,GREENE COUNTY CAREER CENTER             ,OH,45385-0000,Public       ,16,55,71,16,55,71
02512600,ADULT VOCATIONAL SERVICES               ,OH,44308-0000,Public       ,13,48,61,13,48,61
02519300,OHIO STATE SCH COSMETOLOGY              ,OH,43110-2754,Proprietary  ,45,59,104,45,59,104
02522700,EASTLAND-FAIRFIELD CAREER AND TECHNICAL ,OH,43125-0000,Public       ,12,105,117,12,105,117
02528300,TDDS TECHNICAL INSTITUTE                ,OH,44429-0000,Proprietary  ,11,108,119,11,108,119
02529500,HAMRICK SCHOOL                          ,OH,44256-0000,Proprietary  ,1,24,25,1,24,25
02541400,TOLEDO ACADEMY OF BEAUTY CULTURE-SO     ,OH,43614-0000,Proprietary  ,26,73,99,26,73,99
02545800,INNER STATE BEAUTY SCHOOLS              ,OH,44124-0000,Proprietary  ,19,80,99,19,80,99
02553000,SCHOOL OF ADVERTISING ART               ,OH,45440-0000,Proprietary  ,134,15,149,134,15,149
02560000,CASAL AVEDA INSTITUTE                   ,OH,44515-0000,Proprietary  ,42,43,85,42,43,85
02560700,PICKAWAY ROSS CO JOINT VOC TECH SCH     ,OH,45601-0000,Public       ,27,87,114,27,87,114
02560701,PICKAWAY ROSS COUNTY JOINT VOCATIONAL SC,OH,45601-9010,Public       ,14,54,68,14,54,68
02562300,APOLLO CAREER CENTER-ADULT EDUC         ,OH,45806-0000,Public       ,46,190,236,46,190,236
02563000,RAPHAELS SCHOOL OF BEAUTY CULTURE       ,OH,44601-2847,Proprietary  ,13,18,31,13,18,31
02568600,MAHONING COUNTY CAREER & TECH CENTR     ,OH,44406-0000,Public       ,7,32,39,7,32,39
02582900,KAPLAN CAREER INSTITUTE                 ,OH,44129-6810,Proprietary  ,26,158,184,26,158,184
02586400,TRUMBULL CAREER & TECH CENTER-ADULT     ,OH,44483-1997,Public       ,17,110,127,17,110,127
02588500,OHIO STATE SCHOOL OF COSMETOLOGY        ,OH,43081-0000,Proprietary  ,33,65,98,33,65,98
02599711,VATTEROTT COLLEGE - CLEVELAND           ,OH,44147-3502,Proprietary  ,10,140,150,10,140,150
02603800,LORAIN COUNTY JVS ADULT CAREER CTR      ,OH,44074-9799,Public       ,14,65,79,14,65,79
02611007,HERITAGE COLLEGE - COLUMBUS             ,OH,43213-4440,Proprietary  ,54,242,296,54,242,296
02620000,SANDUSKY CAREER CENTER                  ,OH,44870-4786,Public       ,16,53,69,16,53,69
03007900,GALLIPOLIS CAREER COLLEGE               ,OH,45631-2600,Proprietary  ,4,75,79,4,75,79
03009702,"HARRISON COLLEGE - MUNCIE - COLUMBUS, OH",OH,43123-0000,Proprietary  ,24,124,148,24,124,148
03015100,ALLIANCE HIGH SCH-CMTY SERVICES DIV     ,OH,44601-2899,Public       ,8,28,36,8,28,36
03015300,EHOVE CAREER CENTER                     ,OH,44846-9500,Public       ,37,180,217,37,180,217
03023700,MADISON ADULT CAREER CENTER             ,OH,44905-2718,Public       ,16,122,138,16,122,138
03024300,VALLEY BEAUTY SCHOOL                    ,OH,43725-2332,Proprietary  ,4,7,11,4,7,11
03027100,FAIRVIEW ACADEMY                        ,OH,44126-2214,Proprietary  ,3,20,23,3,20,23
03034200,WASHINGTON COUNTY CAREER CENTER ADULT TE,OH,45750-9290,Public       ,36,109,145,36,109,145
03051400,AUBURN CAREER CENTER                    ,OH,44077-9723,Public       ,11,61,72,11,61,72
03051500,US GRANT JOINT VOCATIONAL SCHOOL        ,OH,45106-9502,Public       ,3,7,10,3,7,10
03065900,BUCKEYE CAREER CENTER                   ,OH,44663-9437,Public       ,27,78,105,27,78,105
03067600,RAPHAEL'S SCHOOL OF BEAUTY CULTURE      ,OH,44512-2222,Proprietary  ,11,33,44,11,33,44
03068200,OHIO CENTER FOR BROADCASTING            ,OH,44125-6273,Proprietary  ,16,58,74,16,58,74
03068202,OHIO CENTER FOR BROADCASTING - COLUMBUS ,OH,43213-2571,Proprietary  ,27,88,115,27,88,115
03071900,MOUNT CARMEL COLLEGE OF NURSING         ,OH,43222-1598,Private      ,605,514,1119,605,514,1119
03072303,EVEREST INSTITUTE - COLUMBUS            ,OH,43230-6653,Proprietary  ,33,192,225,33,192,225
03078000,OHIO CENTER FOR BROADCASTING            ,OH,45227-1509,Proprietary  ,19,49,68,19,49,68
03079000,ETI TECHNICAL COLLEGE                   ,OH,44446-4398,Proprietary  ,28,104,132,28,104,132
03084800,DELAWARE AREA CAREER CENTER             ,OH,43015-8969,Public       ,6,29,35,6,29,35
03084801,DELAWARE AREA CAREER CENTER -           ,OH,43015-9001,Public       ,2,21,23,2,21,23
03095600,VANTAGE CAREER CENTER                   ,OH,45891-1378,Public       ,10,28,38,10,28,38
03097000,MERCY COLLEGE OF NORTHWEST OHIO         ,OH,43604-1132,Private      ,326,601,927,326,601,927
03100100,PARAMOUNT BEAUTY ACADEMY                ,OH,45662-4136,Proprietary  ,13,36,49,13,36,49
03116200,DAYTON BARBER COLLEGE                   ,OH,45342-0000,Proprietary  ,5,18,23,5,18,23
03116300,OHIO COLLEGE OF MASSOTHERAPY            ,OH,44321-1363,Private      ,20,48,68,20,48,68
03116400,VANGUARD-SENTINELL VOC SCH DISTRICT     ,OH,43420-1197,Public       ,7,15,22,7,15,22
03117000,ASHLAND COUNTY-W HOLMES CAREER CTR      ,OH,44805-0000,Public       ,9,38,47,9,38,47
03319300,CREATIVE IMAGES-A CERTIFIED MATRIX      ,OH,45414-2557,Proprietary  ,27,85,112,27,85,112
03319301,CREATIVE IMAGES-A CERTIFIED MATRIX      ,OH,45459-0000,Proprietary  ,26,81,107,26,81,107
03416400,VALLEY BEAUTY SCHOOL                    ,OH,43701-3624,Proprietary  ,7,18,25,7,18,25
03425300,ROSEDALE BIBLE COLLEGE                  ,OH,43029-9517,Private      ,26,7,33,26,7,33
03457300,ALLEGHENY WESLEYAN COLLEGE              ,OH,44460-9598,Private      ,11,8,19,11,8,19
03468400,NATIONAL INSTITUTE OF MASSOTHERAPY      ,OH,44319-2100,Proprietary  ,7,39,46,7,39,46
03468500,ATS INSTITUTE OF TECHNOLOGY             ,OH,44143-2216,Proprietary  ,14,240,254,14,240,254
03475400,TRI-STATE BIBLE COLLEGE                 ,OH,45680-8402,Private      ,4,21,25,4,21,25
03534400,AMERICAN INST OF ALTERNATIVE MEDICI     ,OH,43229-1113,Proprietary  ,17,183,200,17,183,200
03626300,BROWN AVEDA INSTITUTE                   ,OH,44060-6212,Proprietary  ,57,100,157,57,100,157
03693300,CARNEGIE CAREER COLLEGE                 ,OH,44260-9608,Private      ,3,40,43,3,40,43
03700300,REGENCY BEAUTY INSTITUTE - CLEVELAND    ,OH,44094-0000,Proprietary  ,48,97,145,48,97,145
03726300,TEMPLE BAPTIST COLLEGE                  ,OH,45240-0000,Private      ,40,28,68,40,28,68
03747300,BEXLEY HALL SEMINARY                    ,OH,43209-2325,Private      ,4,19,23,4,19,23
03776400,HEALING ARTS INSTITUTE                  ,OH,43551-3138,Proprietary  ,6,32,38,6,32,38
03837300,AVEDA FREDRIC'S INSTITUTE               ,OH,45208-1304,Proprietary  ,53,70,123,53,70,123
03882300,OREGON CAREER CENTER                    ,OH,43616-2631,Public       ,7,10,17,7,10,17
04051307,ART INSTITUTE OF PHOENIX (THE) - BROWN M,OH,45215-1107,Proprietary  ,161,678,839,161,678,839
04051308,ART INSTITUTE OF PHOENIX (THE) - BROWN M,OH,44320-4420,Proprietary  ,62,287,349,62,287,349
04051317,ART INSTITUTE OF PHOENIX (THE) - BROWN M,OH,45840-6848,Proprietary  ,189,1144,1333,189,1144,1333
04051326,ART INSTITUTE OF PHOENIX (THE) - BROWN M,OH,44718-3674,Proprietary  ,30,171,201,30,171,201
04068300,FOUR COUNTY CAREER CENTER               ,OH,43512-9541,Public       ,1,18,19,1,18,19
04074300,HONDROS COLLEGE                         ,OH,43081-3855,Proprietary  ,157,1073,1230,157,1073,1230
04116700,NEWLIFE TECHNICAL INSTITUTE             ,OH,43920-2920,Private      ,2,5,7,2,5,7
04117300,DAYTON SCHOOL OF MEDICAL MASSAGE        ,OH,45429-1111,Proprietary  ,46,133,179,46,133,179
04118300,NORTHCOAST MEDICAL TRAINING ACADEMY     ,OH,44240-4174,Proprietary  ,23,55,78,23,55,78
04124500,TECHSKILLS                              ,OH,43231-0000,Proprietary  ,11,52,63,11,52,63
04125700,CUT BEAUTY SCHOOL (THE)                 ,OH,44118-2918,Proprietary  ,33,127,160,33,127,160
04126000,OHIO ACADEMY PAUL MITCHELL PARTNER SCHOO,OH,44087-3107,Proprietary  ,40,59,99,40,59,99
04137800,AVEDA INSTITUTE COLUMBUS                ,OH,43201-2333,Proprietary  ,76,119,195,76,119,195
04138000,INSTITUTE OF THERAPEUTIC MASSAGE        ,OH,45875-0350,Proprietary  ,2,6,8,2,6,8
04149100,CINCINNATI ACADEMY A PAUL MITCHELL PARTN,OH,45241-1702,Proprietary  ,59,83,142,59,83,142
04151400,VANITY SCHOOL OF COSMETOLOGY            ,OH,44035-0000,Proprietary  ,8,9,17,8,9,17
04152100,TOLEDO RESTAURANT TRAINING CENTER       ,OH,43604-6508,Private      ,7,30,37,7,30,37
04152600,PIKE COUNTY CAREER TECHNOLOGY CENTER    ,OH,45661-9114,Public       ,6,33,39,6,33,39
04153300,OHIO ACADEMY COLUMBUS (THE)             ,OH,43231-6038,Proprietary  ,47,57,104,47,57,104
04154000,TOLLES CAREER & TECHNICAL CENTER        ,OH,43064-8854,Public       ,1,13,14,1,13,14
04166800,SALON PROFESSIONAL ACADEMY (THE)        ,OH,45551-0000,Proprietary  ,23,21,44,23,21,44
04167700,ARTISAN COLLEGE OF COSMETOLOGY (THE)    ,OH,45840-6848,Proprietary  ,6,20,26,6,20,26
04185900,ELITE SCHOOL OF COSMETOLOGY             ,OH,44857-2714,Proprietary  ,4,23,27,4,23,27
04189100,TONI & GUY HAIRDRESSING ACADEMY         ,OH,43615-1731,Proprietary  ,39,43,82,39,43,82
04192200,ATHENA CAREER ACADEMY                   ,OH,43560-2796,Proprietary  ,15,104,119,15,104,119
        ,INVALID SCHOOL CODE                     ,  ,00000-0000,,715,1349,2064,715,1349,2064
00134500,ADAMS STATE COLLEGE                     ,CO,81102-2373,Public       ,1805,868,2673,1805,868,2673
00134600,ARAPAHOE COMMUNITY COLLEGE              ,CO,80160-9002,Public       ,1366,2501,3867,1366,2501,3867
00134700,COLORADO COLLEGE                        ,CO,80903-3294,Private      ,2792,427,3219,2792,427,3219
00134800,COLORADO SCHOOL OF MINES                ,CO,80401-1887,Public       ,5836,826,6662,5836,826,6662
00134900,UNIVERSITY OF NORTHERN COLORADO         ,CO,80639-0001,Public       ,9281,3007,12288,9281,3007,12288
00135000,COLORADO STATE UNIVERSITY               ,CO,80523-0100,Public       ,20176,6681,26857,20176,6681,26857
00135200,DENVER  SEMINARY                        ,CO,80120-2192,Private      ,6,340,346,6,340,346
00135300,FORT LEWIS COLLEGE                      ,CO,81301-3999,Public       ,3268,837,4105,3268,837,4105
00135400,ILIFF SCHOOL OF THEOLOGY                ,CO,80210-0000,Private      ,3,216,219,3,216,219
00135500,LAMAR COMMUNITY COLLEGE                 ,CO,81052-3999,Public       ,230,66,296,230,66,296
00135800,MESA STATE COLLEGE                      ,CO,81501-3122,Public       ,4606,1820,6426,4606,1820,6426
00135900,COLORADO NORTHWESTERN COMMUNITY COLLEGE ,CO,81648-3598,Public       ,242,160,402,242,160,402
00136000,METROPOLITAN STATE CLG OF DENVER        ,CO,80204-0000,Public       ,6869,7775,14644,6869,7775,14644
00136100,NORTHEASTERN JUNIOR COLLEGE             ,CO,80751-2399,Public       ,718,205,923,718,205,923
00136200,OTERO JUNIOR COLLEGE                    ,CO,81050-3346,Public       ,324,186,510,324,186,510
00136300,REGIS UNIVERSITY                        ,CO,80221-1099,Private      ,2894,4813,7707,2894,4813,7707
00136500,COLORADO STATE UNIVERSITY-PUEBLO        ,CO,81001-4901,Public       ,4407,2581,6988,4407,2581,6988
00136800,TRINIDAD STATE JR COLLEGE               ,CO,81082-2396,Public       ,332,339,671,332,339,671
00137000,UNIVERSITY OF COLORADO-BOULDER          ,CO,80309-0077,Public       ,20429,6184,26613,20429,6184,26613
00137100,UNIVERSITY OF DENVER                    ,CO,80208-2000,Private      ,7799,7323,15122,7799,7323,15122
00137200,WESTERN STATE COLLEGE                   ,CO,81231-0000,Public       ,1663,285,1948,1663,285,1948
00405702,NATIONAL AMERICAN UNIVERSITY - COLORADO ,CO,80920-4001,Proprietary  ,23,163,186,23,163,186
00405703,NATIONAL AMERICAN UNIVERSITY            ,CO,80222-0000,Proprietary  ,18,133,151,18,133,151
00450300,EVEREST COLLEGE                         ,CO,80916-3548,Proprietary  ,77,454,531,77,454,531
00450600,COLORADO MOUNTAIN COLLEGE               ,CO,81602-0000,Public       ,949,738,1687,949,738,1687
00450700,EVEREST COLLEGE                         ,CO,80229-4339,Proprietary  ,45,190,235,45,190,235
00450701,"EVEREST COLLEGE- EVEREST COLLEGE, AURORA",CO,80012-5692,Proprietary  ,46,184,230,46,184,230
00450800,UNIVERSITY OF COLORADO DENVER           ,CO,80204-2029,Public       ,5993,7993,13986,5993,7993,13986
00450900,UNIV OF COLORADO AT COLO SPRINGS        ,CO,80918-3735,Public       ,6372,3221,9593,6372,3221,9593
00559600,EMILY GRIFFITH OPPORTUNITY SCH          ,CO,80204-2197,Public       ,300,811,1111,300,811,1111
00729700,REDSTONE COLLEGE                        ,CO,80020-9988,Proprietary  ,120,372,492,120,372,492
00732912,ITT TECHNICAL INSTITUTE                 ,CO,80229-5338,Proprietary  ,42,162,204,42,162,204
00754700,LINCOLN COLLEGE OF TECHNOLOGY           ,CO,80223-0000,Proprietary  ,385,317,702,385,317,702
00754800,WESTWOOD COLLEGE - DENVER NORTH         ,CO,80221-3653,Proprietary  ,134,532,666,134,532,666
00754801,WESTWOOD COLLEGE - DENVER SOUTH         ,CO,80227-3653,Proprietary  ,71,258,329,71,258,329
00758200,AIMS COMMUNITY COLLEGE                  ,CO,80632-0000,Public       ,1270,1868,3138,1270,1868,3138
00764900,ROCKY MOUNTAIN COLG OF ART & DESIGN     ,CO,80214-0000,Proprietary  ,591,298,889,591,298,889
00793300,FRONT RANGE COMMUNITY COLLEGE           ,CO,80031-2199,Public       ,3552,5946,9498,3552,5946,9498
00863500,INTELLITEC MEDICAL INSTITUTE            ,CO,80909-0000,Proprietary  ,28,197,225,28,197,225
00887100,CONCORDE CAREER INSTITUTE               ,CO,80203-0000,Proprietary  ,94,434,528,94,434,528
00889600,PIKES PEAK COMMUNITY COLLEGE            ,CO,80906-5498,Public       ,1940,4209,6149,1940,4209,6149
00940100,COLORADO CHRISTIAN UNIVERSITY           ,CO,80226-7449,Private      ,1352,1273,2625,1352,1273,2625
00954200,COMMUNITY COLLEGE OF DENVER             ,CO,80217-2026,Public       ,2842,4961,7803,2842,4961,7803
00954300,RED ROCKS COMMUNITY COLLEGE             ,CO,80228-1255,Public       ,1407,2427,3834,1407,2427,3834
00998100,MORGAN COMMUNITY COLLEGE                ,CO,80701-4399,Public       ,176,316,492,176,316,492
01014800,COLORADO TECHNICAL UNIVERSITY           ,CO,80907-3896,Proprietary  ,162,1949,2111,162,1949,2111
01014802,COLORADO TECHNICAL UNIV - DENVER        ,CO,80111-3201,Proprietary  ,49,423,472,49,423,472
01014805,COLORADO TECH UNIV - ON LINE            ,CO,80907-0000,Proprietary  ,410,10881,11291,410,10881,11291
01014806,COLORADO TECH UNIV - FED EXPRESS        ,CO,80921-3800,Proprietary  ,14,92,106,14,92,106
01014808,COLORADO TECH UNIV - USAA               ,CO,80920-1005,Proprietary  ,12,80,92,12,80,92
01014811,COLORADO TECH UNIV-HEWLETT PACKARD      ,CO,80919-2303,Proprietary  ,7,43,50,7,43,50
01014812,COLORADO TECHNICAL UNIVERSITY - WESTMINS,CO,80021-3498,Proprietary  ,36,333,369,36,333,369
01014813,COLORADO TECH UNIV - ORACLE             ,CO,80921-3660,Proprietary  ,6,62,68,6,62,68
01014815,COLORADO TECHNCL UNIV PUEBLO            ,CO,81003-2315,Proprietary  ,47,267,314,47,267,314
01070900,EMPIRE BEAUTY SCHOOL-LAKEWOOD           ,CO,80215-0000,Proprietary  ,19,22,41,19,22,41
01157200,COLORADO SCHOOL OF TRADES               ,CO,80215-2996,Proprietary  ,43,239,282,43,239,282
01267000,BEL-REA INST OF ANIMAL TECH             ,CO,80247-3048,Proprietary  ,219,284,503,219,284,503
01285000,INTERNATIONAL SALON AND SPA ACADEMY     ,CO,80918-3684,Proprietary  ,21,63,84,21,63,84
01287500,PICKENS TECHNICAL COLLEGE               ,CO,80011-9307,Public       ,167,290,457,167,290,457
01300700,NAZARENE BIBLE COLLEGE                  ,CO,80910-3717,Private      ,34,222,256,34,222,256
02072200,EMPIRE BEAUTY SCHOOL -ARVADA            ,CO,80212-0000,Proprietary  ,32,57,89,32,57,89
02078900,ART INSTITUTE OF COLORADO (THE)         ,CO,80203-2983,Proprietary  ,887,796,1683,887,796,1683
02116300,PUEBLO COMMUNITY COLLEGE                ,CO,81004-0000,Public       ,891,1943,2834,891,1943,2834
02117500,NAROPA UNIVERSITY                       ,CO,80302-0000,Private      ,255,900,1155,255,900,1155
02133100,COLORADO CENTER FOR MEDICAL LABORATORY S,CO,80218-0000,Private      ,41,81,122,41,81,122
02141100,EMPIRE BEAUTY SCHOOL-LITTLETON          ,CO,80030-0000,Proprietary  ,17,39,56,17,39,56
02156200,DELTA - MONTROSE TECHNICAL COLLEGE      ,CO,81416-0000,Public       ,36,90,126,36,90,126
02160600,EMPIRE BEAUTY SCHOOL -THORNTON          ,CO,80241-1659,Proprietary  ,25,36,61,25,36,61
02165200,SALON PROFESSIONAL ACADEMY (THE)        ,CO,81504-5309,Proprietary  ,15,30,45,15,30,45
02167600,KAPLAN COLLEGE                          ,CO,80229-5309,Proprietary  ,15,133,148,15,133,148
02171300,TRINIDAD STATE JUNIOR COLLEGE           ,CO,81101-0000,Proprietary  ,0,1,1,0,1,1
02188700,DENVER ACAD OF COURT REPORTING          ,CO,80030-0000,Proprietary  ,6,65,71,6,65,71
02211901,CHEEKS INTERNATIONAL ACADEMY OF BEAUTY C,CO,80525-3053,Proprietary  ,12,28,40,12,28,40
02211902,CHEEKS INTERNATIONAL ACDMY BTY CULT     ,CO,80631-0000,Proprietary  ,11,26,37,11,26,37
02253700,INTELLITEC COLLEGE                      ,CO,80909-0000,Proprietary  ,35,137,172,35,137,172
02267500,GLENWOOD BEAUTY ACADEMY                 ,CO,81601-0000,Proprietary  ,4,9,13,4,9,13
02276900,COMMUNITY COLLEGE OF AURORA             ,CO,80011-9036,Public       ,1154,2292,3446,1154,2292,3446
02518500,HAIR DYNAMICS EDUCATION CENTER          ,CO,80525-0000,Proprietary  ,32,67,99,32,67,99
02594300,COLLEGE AMERICA - DENVER                ,CO,80222-3380,Proprietary  ,105,734,839,105,734,839
02611000,HERITAGE COLLEGE                        ,CO,80212-7413,Proprietary  ,77,264,341,77,264,341
03006300,INST OF BUSINESS & MEDICAL CAREERS      ,CO,80525-3044,Proprietary  ,94,463,557,94,463,557
03010622,VIRGINIA COLLEGE - ECOTECH INSTITUTE - A,CO,80014-1405,Proprietary  ,38,112,150,38,112,150
03012100,REMINGTON COLLEGE - COLORADO SPRINGS CAM,CO,80215-0000,Private      ,4,31,35,4,31,35
03013100,BOULDER COLLEGE OF MASSAGE THERAPY      ,CO,80301-3295,Private      ,42,94,136,42,94,136
03014900,PLATT COLLEGE                           ,CO,80014-3141,Proprietary  ,24,121,145,24,121,145
03027400,XENON INTERNATIONAL ACADEMY III         ,CO,80014-1193,Proprietary  ,9,29,38,9,29,38
03030606,UTAH COLLEGE OF MASSAGE THERAPY - DENVER,CO,80031-2921,Proprietary  ,18,55,73,18,55,73
03030607,UTAH COLLEGE OF MASSAGE THERAPY - DENVER,CO,80012-2523,Proprietary  ,28,49,77,28,49,77
03066900,INTELLITEC COLLEGE                      ,CO,81506-3994,Proprietary  ,38,83,121,38,83,121
03068201,OHIO CENTER FOR BROADCASTING - COLORADO ,CO,80214-4129,Proprietary  ,27,42,69,27,42,69
03076401,BRYMAN SCHOOL OF ARIZONA (THE) - ANTHEM ,CO,80014-2622,Proprietary  ,17,38,55,17,38,55
03289300,COLORADO HEIGHTS UNIVERSITY             ,CO,80236-2711,Private      ,52,71,123,52,71,123
03306300,MONTESSORI EDUC CRT OF THE ROCKIES      ,CO,80301-2587,Private      ,2,41,43,2,41,43
03534300,JONES INTERNATIONAL UNIVERSITY          ,CO,80112-3446,Proprietary  ,70,1774,1844,70,1774,1844
03545300,UNIVERSITY OF THE ROCKIES               ,CO,80903-3612,Proprietary  ,56,951,1007,56,951,1007
03584400,COLORADO SCHOOL OF HEALING ARTS         ,CO,80226-4332,Proprietary  ,20,77,97,20,77,97
03670300,TONI & GUY HAIRDRESSING ACADEMY         ,CO,80911-1713,Proprietary  ,20,57,77,20,57,77
03686300,COLORADO SCHOOL OF TRADITIONAL CHINESE M,CO,80206-2127,Proprietary  ,6,102,108,6,102,108
03776300,CULINARY SCHOOL OF THE ROCKIES          ,CO,80305-5961,Proprietary  ,108,147,255,108,147,255
03972300,CUTTIN' UP BEAUTY ACADEMY               ,CO,80220-0000,Proprietary  ,22,46,68,22,46,68
03976300,MASSAGE THERAPY INSTITUTE OF COLORADO   ,CO,80206-2127,Proprietary  ,38,83,121,38,83,121
04080300,ASPEN UNIVERSITY                        ,CO,80246-1930,Proprietary  ,56,231,287,56,231,287
04093300,ACADEMY OF NATURAL THERAPY              ,CO,80631-3425,Proprietary  ,14,47,61,14,47,61
04121200,INSTITUTE OF TAOIST EDUCATION AND ACUPUN,CO,80027-1028,Private      ,1,19,20,1,19,20
04125100,MONTESSORI CASA INTERNATIONAL           ,CO,80111-5263,Private      ,0,7,7,0,7,7
04127700,AMERICAN SENTINEL UNIVERSITY            ,CO,80014-6510,Proprietary  ,14,352,366,14,352,366
04139300,NATIONAL BEAUTY COLLEGE                 ,CO,80221-0000,Proprietary  ,26,47,73,26,47,73
04148300,DENVER SCHOOL OF NURSING                ,CO,80202-1213,Proprietary  ,165,479,644,165,479,644
04151100,SUMMIT SALON & BEAUTY SCHOOL            ,CO,80866-4569,Proprietary  ,0,5,5,0,5,5
04167100,AVEDA INSTITUTE DENVER                  ,CO,80202-0000,Proprietary  ,98,176,274,98,176,274
04170200,PAUL MITCHELL THE SCHOOL COLORADO SPRING,CO,80903-0000,Proprietary  ,45,119,164,45,119,164
04172500,ROLF INSTITUTE OF STRUCTURAL INTEGRATION,CO,80301-0000,Private      ,5,39,44,5,39,44
04173800,SALON PROFESSIONAL ACADEMY (THE)        ,CO,80918-2932,Proprietary  ,32,56,88,32,56,88
04177100,PIMA MEDICAL INSTITUTE-SOUTH DENVER     ,CO,80231-0000,Proprietary  ,71,211,282,71,211,282
04179700,UNITED BEAUTY COLLEGE                   ,CO,80223-2936,Proprietary  ,17,35,52,17,35,52
04183700,HEALING ARTS INSTITUTE                  ,CO,80525-3479,Proprietary  ,15,42,57,15,42,57
04184900,COLLEGE OF INTERNATIONAL ESTHETICS      ,CO,80002-3754,Proprietary  ,10,51,61,10,51,61
04185000,COLORADO ACADEMY OF VETERINARY TECHNOLOG,CO,80906-4944,Proprietary  ,54,73,127,54,73,127
04185400,NATIONAL PERSONAL TRAINING INSTITUTE OF ,CO,80401-3304,Proprietary  ,11,44,55,11,44,55
04202600,NEW DIMENSIONS BEAUTY ACADEMY           ,CO,80138-9801,Proprietary  ,2,24,26,2,24,26
00267811,BRYANT & STRATTON COLLEGE - VIRGINIA BEA,VA,23462-4417,Proprietary  ,245,1445,1690,245,1445,1690
00370200,AVERETT UNIVERSITY                      ,VA,24541-3692,Private      ,1158,580,1738,1158,580,1738
00370300,BLUEFIELD COLLEGE                       ,VA,24605-1799,Private      ,667,235,902,667,235,902
00370400,BRIDGEWATER COLLEGE                     ,VA,22812-1599,Private      ,3248,156,3404,3248,156,3404
00370500,COLLEGE OF WILLIAM & MARY               ,VA,23187-8795,Public       ,10520,3801,14321,10520,3801,14321
00370600,CHRISTOPHER NEWPORT UNIVERSITY          ,VA,23606-2998,Public       ,7258,825,8083,7258,825,8083
00370700,RICHARD BLAND COLLEGE                   ,VA,23805-7100,Public       ,968,361,1329,968,361,1329
00370800,EASTERN MENNONITE UNIVERSITY            ,VA,22802-2462,Private      ,973,261,1234,973,261,1234
00370900,EMORY & HENRY COLLEGE                   ,VA,24327-0010,Private      ,1227,84,1311,1227,84,1311
00371100,FERRUM COLLEGE                          ,VA,24088-2612,Private      ,2586,232,2818,2586,232,2818
00371200,TIDEWATER COMMUNITY COLLEGE             ,VA,23510-1910,Public       ,5748,10462,16210,5748,10462,16210
00371300,HAMPDEN-SYDNEY COLLEGE                  ,VA,23943-0128,Private      ,1290,34,1324,1290,34,1324
00371400,HAMPTON UNIVERSITY                      ,VA,23668-0099,Private      ,7237,2208,9445,7237,2208,9445
00371500,HOLLINS UNIVERSITY                      ,VA,24020-0000,Private      ,716,355,1071,716,355,1071
00371900,LONGWOOD UNIVERSITY                     ,VA,23909-1899,Public       ,4953,576,5529,4953,576,5529
00372000,LYNCHBURG COLLEGE                       ,VA,24501-3199,Private      ,2825,513,3338,2825,513,3338
00372100,JAMES MADISON UNIVERSITY                ,VA,22807-3780,Public       ,21541,2029,23570,21541,2029,23570
00372300,MARY BALDWIN COLLEGE                    ,VA,24401-3610,Private      ,1337,481,1818,1337,481,1818
00372400,MARYMOUNT UNIVERSITY                    ,VA,22207-4224,Private      ,2271,1454,3725,2271,1454,3725
00372600,NATIONAL COLLEGE                        ,VA,24153-4524,Proprietary  ,197,2077,2274,197,2077,2274
00372700,NORTHERN VA CMTY CLG                    ,VA,22003-3743,Public       ,7118,7885,15003,7118,7885,15003
00372800,OLD DOMINION UNIVERSITY                 ,VA,23529-0052,Public       ,14693,7998,22691,14693,7998,22691
00373200,RADFORD UNIVERSITY                      ,VA,24142-6905,Public       ,8654,1711,10365,8654,1711,10365
00373300,RANDOLPH-MACON COLLEGE                  ,VA,23005-5505,Private      ,2457,115,2572,2457,115,2572
00373400,RANDOLPH COLLEGE                        ,VA,24503-1526,Private      ,690,72,762,690,72,762
00373500,VIRGINIA COMMONWEALTH UNIVERSITY        ,VA,23284-9004,Public       ,20077,8449,28526,20077,8449,28526
00373600,ROANOKE COLLEGE                         ,VA,24153-3794,Private      ,2882,173,3055,2882,173,3055
00373700,SHENANDOAH UNIVERSITY                   ,VA,22601-5195,Private      ,2419,1207,3626,2419,1207,3626
00373800,SOUTHERN VIRGINIA UNIVERSITY            ,VA,24416-3038,Private      ,748,130,878,748,130,878
00373900,ST PAULS COLLEGE                        ,VA,23868-1299,Private      ,293,178,471,293,178,471
00374200,SWEET BRIAR COLLEGE                     ,VA,24595-9998,Private      ,744,52,796,744,52,796
00374300,UNION PRESBYTERIAN SEMINARY             ,VA,23227-0000,Private      ,3,43,46,3,43,46
00374400,UNIVERSITY OF RICHMOND                  ,VA,23173-0001,Private      ,6298,2179,8477,6298,2179,8477
00374500,UNIVERSITY OF VIRGINIA - SFS            ,VA,22903-0000,Public       ,18240,5879,24119,18240,5879,24119
00374600,UNIVERSITY OF MARY WASHINGTON           ,VA,22401-5358,Public       ,4797,869,5666,4797,869,5666
00374700,UNIV OF VIRGINIA'S COLLEGE AT WISE      ,VA,24293-4412,Public       ,1504,288,1792,1504,288,1792
00374800,EASTERN SHORE COMMUNITY COLLEGE         ,VA,23410-3000,Public       ,207,239,446,207,239,446
00374900,GEORGE MASON UNIVERSITY                 ,VA,22030-4444,Public       ,18451,11758,30209,18451,11758,30209
00375100,PATRICK HENRY COMMUNITY COLLEGE         ,VA,24112-5311,Public       ,571,860,1431,571,860,1431
00375200,VIRGINIA INTERMONT COLLEGE              ,VA,24201-4298,Private      ,372,118,490,372,118,490
00375300,VIRGINIA MILITARY INSTITUTE             ,VA,24450-2138,Public       ,1903,88,1991,1903,88,1991
00375400,VIRGINIA POLYTECH INST & STATE UNIV     ,VA,24061-2000,Public       ,23822,4182,28004,23822,4182,28004
00375800,DANVILLE COMMUNITY COLLEGE              ,VA,24541-4004,Public       ,661,919,1580,661,919,1580
00375900,J. SARGEANT REYNOLDS COMMUNITY CLG      ,VA,23285-0000,Public       ,2707,4862,7569,2707,4862,7569
00376000,VIRGINIA WESTERN CMTY COLLEGE           ,VA,24038-0000,Public       ,1492,1590,3082,1492,1590,3082
00376100,WYTHEVILLE COMMUNITY COLLEGE            ,VA,24382-3308,Public       ,742,825,1567,742,825,1567
00376200,VIRGINIA UNIVERSITY OF LYNCHBURG        ,VA,24501-6400,Private      ,209,316,525,209,316,525
00376400,VIRGINIA STATE UNIVERSITY               ,VA,23806-0001,Public       ,8238,2130,10368,8238,2130,10368
00376500,NORFOLK STATE UNIVERSITY                ,VA,23504-8000,Public       ,6645,4049,10694,6645,4049,10694
00376600,VIRGINIA UNION UNIVERSITY               ,VA,23220-1711,Private      ,3877,893,4770,3877,893,4770
00376700,VIRGINIA WESLEYAN COLLEGE               ,VA,23502-5599,Private      ,2726,484,3210,2726,484,3210
00376800,WASHINGTON & LEE UNIVERSITY             ,VA,24450-0303,Private      ,2383,1312,3695,2383,1312,3695
00400400,JOHN TYLER COMMUNITY COLLEGE            ,VA,23831-5316,Public       ,1692,2302,3994,1692,2302,3994
00450301,"EVEREST COLLEGE- EVEREST COLLEGE, MCLEAN",VA,22102-3000,Proprietary  ,35,141,176,35,141,176
00450702,"EVEREST COLLEGE- EVEREST COLLEGE, ARLING",VA,22203-1905,Proprietary  ,38,195,233,38,195,233
00498800,CENTRAL VIRGINIA COMMUNITY COLLEGE      ,VA,24502-2498,Public       ,808,931,1739,808,931,1739
00499200,MILLER-MOTTE TECHNICAL COLLEGE          ,VA,24505-0000,Proprietary  ,70,240,310,70,240,310
00499600,DABNEY S LANCASTER COMMUNITY CLG        ,VA,24422-1000,Public       ,311,241,552,311,241,552
00522300,NEW RIVER COMMUNITY COLLEGE             ,VA,24084-1127,Public       ,832,1020,1852,832,1020,1852
00662200,COLLEGE OF HEALTH SCIENCES - CHRV       ,VA,24031-0000,Private      ,408,582,990,408,582,990
00681900,BLUE RIDGE COMMUNITY COLLEGE            ,VA,24486-0080,Public       ,1361,1159,2520,1361,1159,2520
00687100,THOMAS NELSON COMMUNITY COLLEGE         ,VA,23670-0000,Public       ,1783,3819,5602,1783,3819,5602
00709900,VIRGINIA HIGHLANDS COMMUNITY CLG        ,VA,24210-4210,Public       ,498,632,1130,498,632,1130
00726000,SOUTHWEST VIRGINIA COMMUNITY CLG        ,VA,24641-1510,Public       ,470,463,933,470,463,933
00859200,LOUISE OBICI SCHOOL OF NURSING          ,VA,23434-8038,Private      ,11,34,45,11,34,45
00865900,LORD FAIRFAX COMMUNITY COLLEGE          ,VA,22645-0047,Public       ,1051,1154,2205,1051,1154,2205
00866000,GERMANNA COMMUNITY COLLEGE              ,VA,22508-0339,Public       ,1289,1666,2955,1289,1666,2955
00866100,SOUTHSIDE VIRGINIA CMTY CLG             ,VA,23821-2930,Public       ,532,702,1234,532,702,1234
00915900,PAUL D CAMP COMMUNITY COLLEGE           ,VA,23851-0737,Public       ,219,395,614,219,395,614
00916000,RAPPAHANNOCK COMMUNITY COLLEGE          ,VA,23149-2616,Public       ,453,481,934,453,481,934
00926700,EVEREST COLLEGE                         ,VA,23606-4203,Proprietary  ,44,257,301,44,257,301
00926701,EVEREST COLLEGE - CHESAPEAKE            ,VA,23320-2637,Proprietary  ,59,292,351,59,292,351
00942000,SANFORD-BROWN COLLEGE                   ,VA,22182-3913,Proprietary  ,24,198,222,24,198,222
00953500,STAUNTON SCHOOL OF COSMETOLOGY          ,VA,24401-4323,Proprietary  ,11,21,32,11,21,32
00953700,VIRGINIA SCH OF HAIR DESIGN             ,VA,23669-0000,Proprietary  ,17,72,89,17,72,89
00962900,MOUNTAIN EMPIRE COMMUNITY COLLEGE       ,VA,24219-0700,Public       ,431,433,864,431,433,864
00992800,PIEDMONT VIRGINIA COMMUNITY COLLEGE     ,VA,22902-7589,Public       ,845,1114,1959,845,1114,1959
01004300,BON SECOURS MEMORIAL COLLEGE OF NURSING ,VA,23227-4612,Private      ,195,382,577,195,382,577
01019800,ECPI COLLEGE OF TECHNOLOGY              ,VA,23462-6542,Proprietary  ,727,3318,4045,727,3318,4045
01033800,EASTERN VIRGINIA MEDICAL SCHOOL         ,VA,23501-1980,Private      ,69,1217,1286,69,1217,1286
01159600,RALPH'S VIRGINIA SCH OF COSMETOLOGY     ,VA,24501-2652,Proprietary  ,8,33,41,8,33,41
01162601,WESTWOOD COLLEGE - SOUTH BAY - ARLINGTON,VA,22203-4167,Proprietary  ,96,262,358,96,262,358
01162602,WESTWOOD COLLEGE - SOUTH BAY - ANNANDALE,VA,22003-2602,Proprietary  ,82,288,370,82,288,370
01274400,SOUTHSIDE REGIONAL MED CTR PROF SCHOOLS ,VA,23803-5133,Proprietary  ,46,147,193,46,147,193
02053000,LIBERTY UNIVERSITY                      ,VA,24502-0000,Private      ,13425,26846,40271,13425,26846,40271
02083602,TESST COLLEGE OF TECHNOLOGY - KAPLAN COL,VA,23320-4422,Proprietary  ,26,159,185,26,159,185
02108800,WARDS CORNER BEAUTY ACADEMY             ,VA,23505-0000,Proprietary  ,21,83,104,21,83,104
02111600,DANVILLE REGIONAL MEDICAL CENTER SCHOOL ,VA,24541-0000,Proprietary  ,22,52,74,22,52,74
02128700,CENTRAL SCHOOL OF PRACTICAL NURSING     ,VA,23502-2230,Public       ,58,150,208,58,150,208
02140000,RIVERSIDE SCHOOL OF HEALTH CAREERS      ,VA,23608-3802,Private      ,117,343,460,117,343,460
02175800,LYNCHBURG GENERAL HOSP SCH OF NURSG     ,VA,24501-0000,Private      ,62,111,173,62,111,173
02197600,WOODROW WILSON REHABILITATION CTR       ,VA,22939-0000,Public       ,6,16,22,6,16,22
02242400,HENRICO CTY ST MARYS HOSP PRAC NRSG     ,VA,23075-0000,Public       ,13,58,71,13,58,71
02304500,HERITAGE INSTITUTE                      ,VA,20111-0000,Proprietary  ,3,20,23,3,20,23
02320900,TIDEWATER TECH                          ,VA,23502-1747,Proprietary  ,94,285,379,94,285,379
02334400,CENTURA COLLEGE                         ,VA,23452-0000,Proprietary  ,156,1654,1810,156,1654,1810
02342700,FORTIS COLLEGE                          ,VA,23502-4101,Proprietary  ,34,230,264,34,230,264
02342701,FORTIS COLLEGE - RICHMOND CAMPUS        ,VA,23236-3472,Proprietary  ,93,287,380,93,287,380
02358500,BON SECOURS SAINT MARY'S HOSPITAL SCHOOL,VA,23227-4612,Private      ,77,174,251,77,174,251
02538800,SUFFOLK BEAUTY ACADEMY                  ,VA,23434-0000,Proprietary  ,6,18,24,6,18,24
02541200,STRATFORD UNIVERSITY                    ,VA,22043-0000,Proprietary  ,120,474,594,120,474,594
02541201,STRATFORD UNIVERSITY-WOODBRIDGE         ,VA,22192-0000,Proprietary  ,99,329,428,99,329,428
02610100,WASHINGTON COUNTY ADULT SKILL CTR       ,VA,24210-2346,Public       ,21,46,67,21,46,67
03002400,GRAHAM WEBB INTERNATIONAL ACAD HAIR     ,VA,22209-2129,Proprietary  ,18,28,46,18,28,46
03010700,BAR PALMA BEAUTY CAREERS  ACADEMY       ,VA,24014-2255,Proprietary  ,12,31,43,12,31,43
03042800,"VIRGINIA BEACH CITY SCHOOLS, SCH.-PR.NSG",VA,23456-0038,Public       ,29,79,108,29,79,108
03091100,ACT COLLEGE                             ,VA,22209-2297,Proprietary  ,31,82,113,31,82,113
03091300,REGENT UNIVERSITY                       ,VA,23464-9800,Private      ,1192,2928,4120,1192,2928,4120
03092700,SKYLINE COLLEGE                         ,VA,24012-1603,Proprietary  ,38,148,186,38,148,186
03096500,SPRINGFIELD BEAUTY ACADEMY              ,VA,22003-3016,Proprietary  ,4,20,24,4,20,24
03106500,SENTARA NORFOLK GENERAL HOSPITAL        ,VA,23320-2843,Private      ,108,322,430,108,322,430
03116900,BAPTIST THEOLOGICAL SEM.-RICHMOND       ,VA,23227-0000,Private      ,3,67,70,3,67,70
03126300,AVIATION INSTITUTE OF MAINTENANCE       ,VA,23320-5987,Proprietary  ,43,229,272,43,229,272
03126400,CENTURA COLLEGE                         ,VA,23235-5230,Proprietary  ,102,444,546,102,444,546
03127500,ADVANCED TECHNOLOGY INSTITUTE           ,VA,23462-2409,Proprietary  ,201,258,459,201,258,459
03280400,VIRGINIA SCHOOL OF MASSAGE              ,VA,22903-0000,Proprietary  ,18,53,71,18,53,71
03409500,RICHMOND SCHOOL OF HEALTH AND TECH      ,VA,23227-0000,Proprietary  ,49,222,271,49,222,271
03455300,CRESCENT COSMETOLOGY UNIVERSITY         ,VA,23666-3115,Proprietary  ,8,34,42,8,34,42
03559300,APPALACHIAN SCHOOL OF LAW               ,VA,24614-0000,Private      ,7,320,327,7,320,327
03645400,RUDY & KELLY ACADEMY OF HAIR AND NA     ,VA,23464-6857,Proprietary  ,48,127,175,48,127,175
03654300,CAREER TRAINING SOLUTIONS               ,VA,22406-1014,Proprietary  ,59,274,333,59,274,333
03709300,EDWARD VIA VIRGINIA CLG OSTEOPATHIC MED ,VA,24060-6360,Private      ,3,377,380,3,377,380
03872400,INSTITUTE FOR THE PSYCHOLOGICAL SCIENCES,VA,22202-3609,Private      ,10,107,117,10,107,117
03876300,CULPEPER COSMETOLOGY TRAINING CENTER    ,VA,22701-3155,Public       ,8,28,36,8,28,36
03883400,AVIATION INSTITUTE OF MAINTENANCE       ,VA,20110-4156,Proprietary  ,18,79,97,18,79,97
04038400,AVI CAREER INSTITUTE                    ,VA,22066-1839,Proprietary  ,5,25,30,5,25,30
04110300,UNIVERSITY OF MANAGEMENT AND TECHNOLOGY ,VA,22209-1609,Proprietary  ,14,120,134,14,120,134
04124000,DOMINION SCHOOL OF HAIR DESIGN          ,VA,23062-2221,Proprietary  ,4,14,18,4,14,18
04127300,COLUMBIA COLLEGE                        ,VA,22031-4413,Proprietary  ,17,84,101,17,84,101
04133400,CENTURA COLLEGE                         ,VA,22312-2670,Proprietary  ,27,119,146,27,119,146
04133800,SOUTHEAST CULINARY & HOSPITALITY COLLEGE,VA,24201-4159,Proprietary  ,28,44,72,28,44,72
04137300,CAYCE/REILLY SCHOOL OF MASSOTHERAPY     ,VA,23451-2061,Private      ,8,41,49,8,41,49
04140000,GLOBAL HEALTH NURSE TRAINING SERVICES   ,VA,22314-4585,Proprietary  ,16,175,191,16,175,191
04153800,BETHEL COLLEGE                          ,VA,23666-3122,Private      ,20,53,73,20,53,73
04156200,INSTITUTE OF ADVANCED MEDICAL ESTHETICS ,VA,23294-4701,Proprietary  ,7,46,53,7,46,53
04169400,NORTHERN VIRGINIA SCHOOL OF THERAPEUTIC ,VA,22046-4302,Proprietary  ,11,47,58,11,47,58
04171500,COSMOPOLITAN BEAUTY & TECH SCHOOL       ,VA,22003-3204,Proprietary  ,7,29,36,7,29,36
04180600,APPALACHIAN COLLEGE OF PHARMACY         ,VA,24631-9210,Private      ,17,152,169,17,152,169
00107000,THUNDERBIRD SCHOOL OF GLOBAL MANAGEMENT ,AZ,85306-6000,Private      ,14,290,304,14,290,304
00107100,ARIZONA WESTERN COLLEGE                 ,AZ,85366-0000,Public       ,2257,1486,3743,2257,1486,3743
00107200,COCHISE COLLEGE                         ,AZ,85607-6190,Public       ,627,912,1539,627,912,1539
00107300,EASTERN ARIZONA COLLEGE                 ,AZ,85552-0769,Public       ,816,585,1401,816,585,1401
00107400,GRAND CANYON UNIVERSITY                 ,AZ,85017-3030,Proprietary  ,6355,15323,21678,6355,15323,21678
00107600,GLENDALE COMMUNITY COLLEGE              ,AZ,85302-3090,Public       ,4431,5339,9770,4431,5339,9770
00107700,MESA COMMUNITY COLLEGE                  ,AZ,85202-4866,Public       ,4679,6718,11397,4679,6718,11397
00107800,PHOENIX COLLEGE                         ,AZ,85013-4234,Public       ,2716,5174,7890,2716,5174,7890
00107900,YAVAPAI COLLEGE                         ,AZ,86301-3297,Public       ,1106,1805,2911,1106,1805,2911
00108100,ARIZONA STATE UNIV (ALL CAMPUSES)       ,AZ,85287-0412,Public       ,41586,22048,63634,41586,22048,63634
00108200,NORTHERN ARIZONA UNIVERSITY             ,AZ,86011-0001,Public       ,23349,7640,30989,23349,7640,30989
00108300,UNIVERSITY OF ARIZONA                   ,AZ,85721-0066,Public       ,26355,9777,36132,26355,9777,36132
00165701,MIDWESTERN UNIVERSITY                   ,AZ,85308-0000,Private      ,107,2638,2745,107,2638,2745
00446700,TUCSON COLLEGE                          ,AZ,85711-3781,Proprietary  ,112,250,362,112,250,362
00711300,ARIZONA CHRISTIAN UNIVERSITY            ,AZ,85032-7097,Private      ,373,147,520,373,147,520
00726600,PIMA COUNTY COMMUNITY COLLEGE           ,AZ,85709-1110,Public       ,5120,6397,11517,5120,6397,11517
00728300,CENTRAL ARIZONA COLLEGE                 ,AZ,85228-9779,Public       ,1115,1639,2754,1115,1639,2754
00732911,ITT TECHNICAL INSTITUTE                 ,AZ,85282-9272,Proprietary  ,143,297,440,143,297,440
00732990,ITT TECHNICAL INSTITUTE                 ,AZ,85704-5829,Proprietary  ,116,233,349,116,233,349
00822100,UNIVERSAL TECHNICAL INSTITUTE           ,AZ,85323-7946,Proprietary  ,3361,2649,6010,3361,2649,6010
00824600,DINè COLLEGE                            ,AZ,86556-0126,Public       ,229,434,663,229,434,663
00830300,GATEWAY COMMUNITY COLLEGE               ,AZ,85034-1795,Public       ,1503,2989,4492,1503,2989,4492
00830302,MARICOPA SKILL CENTER                   ,AZ,85034-0000,Public       ,142,493,635,142,493,635
00830400,SCOTTSDALE COMMUNITY COLLEGE            ,AZ,85250-0000,Public       ,1976,1942,3918,1976,1942,3918
00886400,ARIZONA ACADEMY OF BEAUTY               ,AZ,85712-5021,Proprietary  ,45,64,109,45,64,109
00886500,ARTISTIC BEAUTY COLLEGES-TUCSON         ,AZ,85716-3999,Proprietary  ,26,55,81,26,55,81
01084700,ARIZONA AUTOMOTIVE INSTITUTE            ,AZ,85301-3503,Proprietary  ,88,256,344,88,256,344
01085800,AVALON SCHOOL OF COSMETOLOGY            ,AZ,85210-4010,Proprietary  ,86,198,284,86,198,284
01168900,REFRIGERATION SCHOOL                    ,AZ,85034-0000,Proprietary  ,31,262,293,31,262,293
01180200,ARIZONA ACADEMY OF BEAUTY-NORTH         ,AZ,85705-2720,Proprietary  ,18,24,42,18,24,42
01180800,ARTISTIC BEAUTY COLLEGES-FLAGSTAFF      ,AZ,86004-5119,Proprietary  ,36,62,98,36,62,98
01186200,NORTHLAND PIONEER COLLEGE               ,AZ,86025-2996,Public       ,242,623,865,242,623,865
01186400,MOHAVE COMMUNITY COLLEGE                ,AZ,86409-1238,Public       ,514,1785,2299,514,1785,2299
01218400,INTERNATIONAL ACAD OF HAIR DESIGN       ,AZ,85225-7198,Proprietary  ,11,56,67,11,56,67
01234300,ARTISTIC BEAUTY COLLEGES-PHOENIX        ,AZ,85304-0000,Proprietary  ,31,67,98,31,67,98
01293700,ARTISTIC BEAUTY COLLEGES - PARADISE VALL,AZ,85257-0000,Proprietary  ,32,79,111,32,79,111
02065300,PRESCOTT COLLEGE                        ,AZ,86301-0000,Private      ,562,517,1079,562,517,1079
02071200,KAPLAN COLLEGE                          ,AZ,85029-4349,Proprietary  ,136,632,768,136,632,768
02098800,UNIVERSITY OF PHOENIX                   ,AZ,85040-0000,Proprietary  ,5313,91588,96901,5313,91588,96901
02100500,UNIVERSAL TECHNICAL INSTITUTE           ,AZ,85027-0000,Proprietary  ,2632,3156,5788,2632,3156,5788
02100600,CARRINGTON COLLEGE                      ,AZ,85015-4096,Proprietary  ,488,1392,1880,488,1392,1880
02113800,ROBERTO-VENN SCH OF LUTHIERY            ,AZ,85040-0000,Proprietary  ,16,30,46,16,30,46
02146600,SOUTH MOUNTAIN COMMUNITY COLLEGE        ,AZ,85040-0000,Public       ,1052,1520,2572,1052,1520,2572
02160305,COLLINS COLLEGE                         ,AZ,85040-4000,Proprietary  ,245,422,667,245,422,667
02160306,INTERNATIONAL ACADEMY OF DESIGN AND TECH,AZ,85281-6705,Proprietary  ,27,30,57,27,30,57
02171500,WESTERN INTERNATIONAL UNIVERSITY        ,AZ,85021-0000,Proprietary  ,32,719,751,32,719,751
02177500,RIO SALADO COMMUNITY COLLEGE            ,AZ,85281-6948,Public       ,1213,7396,8609,1213,7396,8609
02192300,MARICOPA BEAUTY COLLEGE                 ,AZ,85323-0000,Proprietary  ,22,37,59,22,37,59
02199900,AMERICAN INDIAN CLG-ASSEMBLIES GOD      ,AZ,85021-0000,Private      ,18,51,69,18,51,69
02217100,PIMA MEDICAL INSTITUTE                  ,AZ,85716-0000,Proprietary  ,884,2283,3167,884,2283,3167
02218800,BROOKLINE COLLEGE                       ,AZ,85021-5815,Proprietary  ,158,658,816,158,658,816
02218804,BROOKLINE COLLEGE - MESA                ,AZ,85204-4448,Proprietary  ,73,224,297,73,224,297
02218805,BROOKLINE COLLEGE - TUCSON              ,AZ,85711-5444,Proprietary  ,83,281,364,83,281,364
02220300,ARTISTIC BEAUTY COLLEGES-GLENDALE       ,AZ,85051-0000,Proprietary  ,50,148,198,50,148,198
02221302,MARINELLO SCHOOL OF BEAUTY - SPA ACADEMY,AZ,85201-5205,Proprietary  ,13,34,47,13,34,47
02263100,ANTHEM COLLEGE                          ,AZ,85014-0000,Proprietary  ,234,1217,1451,234,1217,1451
02280500,CHARLES OF ITALY BEAUTY COLLEGE         ,AZ,86403-0000,Proprietary  ,13,25,38,13,25,38
02295000,EVEREST COLLEGE                         ,AZ,85021-1610,Proprietary  ,188,1258,1446,188,1258,1446
02295002,EVEREST COLLEGE - MESA                  ,AZ,85206-4704,Proprietary  ,74,349,423,74,349,423
02317800,AMERICAN INSTITUTE OF TECHNOLOGY        ,AZ,85043-0000,Proprietary  ,70,228,298,70,228,298
02491500,THE ART CENTER DESIGN COLLEGE           ,AZ,85716-0000,Proprietary  ,100,147,247,100,147,247
02521500,LAMSON COLLEGE                          ,AZ,85284-1141,Proprietary  ,9,46,55,9,46,55
02533200,FRANK LLOYD WRIGHT SCHOOL OF ARCHITECTUR,AZ,85261-4430,Private      ,17,25,42,17,25,42
02559000,UNIVERSITY OF ADVANCING TECHNOLOGY      ,AZ,85283-0000,Proprietary  ,739,374,1113,739,374,1113
02561900,BRILLARE HAIRDRESSING ACADEMY           ,AZ,85254-3301,Proprietary  ,16,25,41,16,25,41
02582700,CORTIVA INSTITUTE - TUCSON              ,AZ,85710-3503,Proprietary  ,16,69,85,16,69,85
02616700,LE CORDON BLEU COLLEGE OF CULINARY ARTS ,AZ,85251-2729,Proprietary  ,314,828,1142,314,828,1142
02623600,PARADISE VALLEY COMMUNITY COLLEGE       ,AZ,85032-1210,Public       ,1401,1828,3229,1401,1828,3229
02623800,CORTIVA INSTITUTE - SCOTTSDALE          ,AZ,85257-4218,Proprietary  ,6,33,39,6,33,39
03005000,SAFFORD COLLEGE OF BEAUTY CULTURE       ,AZ,85546-3309,Proprietary  ,0,7,7,0,7,7
03010613,VIRGINIA COLLEGE - GOLF ACADEMY OF ARIZO,AZ,85225-6742,Proprietary  ,25,81,106,25,81,106
03030604,UTAH COLLEGE OF MASSAGE THERAPY - ARIZON,AZ,85282-0000,Proprietary  ,30,90,120,30,90,120
03030605,UTAH COLLEGE OF MASSAGE THERAPY - ARIZON,AZ,85051-3470,Proprietary  ,43,115,158,43,115,158
03034400,CONSERVATORY RECORDING ARTS & SCIS      ,AZ,85282-1707,Proprietary  ,300,353,653,300,353,653
03072200,CHANDLER-GILBERT COMMUNITY COLLEGE      ,AZ,85225-2499,Public       ,2397,2509,4906,2397,2509,4906
03076400,BRYMAN SCHOOL OF ARIZONA                ,AZ,85029-4919,Proprietary  ,178,677,855,178,677,855
03097800,CARSTEN INSTITUTE OF HAIR & BEAUTY      ,AZ,85282-5404,Proprietary  ,31,52,83,31,52,83
03100400,COCONINO COUNTY COMMUNITY COLLEGE       ,AZ,86001-2701,Public       ,842,1059,1901,842,1059,1901
03107000,SOUTHWEST CLG OF NATUROPATHIC MED       ,AZ,85282-0000,Private      ,6,219,225,6,219,225
03115000,ARIZONA COLLEGE OF ALLIED HEALTH        ,AZ,85302-3843,Proprietary  ,91,273,364,91,273,364
03120300,COLLEGE AMERICA                         ,AZ,86004-3936,Proprietary  ,56,298,354,56,298,354
03156300,ESTRELLA MOUNTAIN COMMUNITY COLLEGE     ,AZ,85392-1010,Public       ,1878,2558,4436,1878,2558,4436
03347300,INTERNATIONAL BAPTIST COLLEGE           ,AZ,85282-6799,Private      ,19,14,33,19,14,33
03445300,HDS TRUCK DRIVING INSTITUTE             ,AZ,85731-0000,Proprietary  ,8,35,43,8,35,43
03478400,PHOENIX SEMINARY                        ,AZ,85018-7611,Private      ,1,75,76,1,75,76
03572300,EAST VALLEY INSTITUTE OF TECHNOLOGY     ,AZ,85201-6910,Public       ,167,282,449,167,282,449
03593300,SOUTHWEST INSTITUTE OF HEALING ARTS     ,AZ,85281-3658,Proprietary  ,59,582,641,59,582,641
03617500,PHOENIX INSTITUTE OF HERBAL MEDICINE & A,AZ,85012-0000,Proprietary  ,32,150,182,32,150,182
03695500,ARIZONA SCHOOL OF ACUPUNCTURE AND ORIENT,AZ,85712-1100,Proprietary  ,8,47,55,8,47,55
03784400,TOHONO O'ODHAM COMMUNITY COLLEGE        ,AZ,85634-3129,Public       ,20,18,38,20,18,38
03813300,NORTHCENTRAL UNIVERSITY                 ,AZ,86314-2336,Proprietary  ,56,2081,2137,56,2081,2137
03814300,TURNING POINT BEAUTY COLLEGE            ,AZ,85222-4229,Proprietary  ,5,15,20,5,15,20
04051300,ART INSTITUTE OF PHOENIX (THE)          ,AZ,85021-2859,Proprietary  ,2415,7396,9811,2415,7396,9811
04051306,ART INSTITUTE OF PHOENIX (THE) - ART INS,AZ,85712-2732,Proprietary  ,294,314,608,294,314,608
04051325,ART INSTITUTE OF PHOENIX (THE) - BROWN M,AZ,85712-5300,Proprietary  ,89,294,383,89,294,383
04051327,ART INSTITUTE OF PHOENIX (THE) - BROWN M,AZ,85029-1348,Proprietary  ,88,130,218,88,130,218
04059300,TUCSON COLLEGE OF BEAUTY                ,AZ,85705-2451,Proprietary  ,27,49,76,27,49,76
04120900,ARIZONA CULINARY INSTITUTE              ,AZ,85259-4939,Proprietary  ,147,172,319,147,172,319
04131400,PHOENIX SCHOOL OF LAW                   ,AZ,85012-3330,Proprietary  ,57,812,869,57,812,869
04139200,UNIVERSAL BARBER COLLEGE                ,AZ,85007-3914,Proprietary  ,29,88,117,29,88,117
04148700,AMERICAN INSTITUTE OF INTERIOR DESIGN   ,AZ,85268-3827,Proprietary  ,7,16,23,7,16,23
04152900,STUDIO ACADEMY OF BEAUTY (THE)          ,AZ,85224-3600,Proprietary  ,19,40,59,19,40,59
04157400,NATIONAL PARALEGAL COLLEGE              ,AZ,85014-1262,Proprietary  ,25,562,587,25,562,587
04172100,CCIC BEAUTY COLLEGE                     ,AZ,85345-2410,Proprietary  ,10,23,33,10,23,33
04174100,PAUL MITCHELL THE SCHOOL PHOENIX        ,AZ,85017-1919,Proprietary  ,65,129,194,65,129,194
04174200,ALL BEAUTY COLLEGE                      ,AZ,86426-8326,Proprietary  ,11,23,34,11,23,34
04175300,KOHLER ACADEMY                          ,AZ,85254-4065,Proprietary  ,18,46,64,18,46,64
04177500,PURE AESTHETICS                         ,AZ,85711-2328,Proprietary  ,5,25,30,5,25,30
04191200,CLASSIC COOKING ACADEMY                 ,AZ,85255-8699,Private      ,29,26,55,29,26,55
04194500,AVEDA INSTITUTE TUCSON                  ,AZ,85719-4876,Proprietary  ,46,79,125,46,79,125
00142800,DELAWARE STATE UNIVERSITY               ,DE,19901-2277,Public       ,7408,1492,8900,7408,1492,8900
00142900,GOLDEY BEACOM COLLEGE                   ,DE,19808-1993,Private      ,353,206,559,353,206,559
00143100,UNIVERSITY OF DELAWARE                  ,DE,19716-0099,Public       ,21866,1781,23647,21866,1781,23647
00143300,WESLEY COLLEGE                          ,DE,19901-3875,Private      ,1840,362,2202,1840,362,2202
00143301,WESLEY COLLEGE-CTR FOR ADULT STUDIE     ,DE,19720-0000,Private      ,27,115,142,27,115,142
00331301,WIDENER UNIV SCHOOL OF LAW - DE         ,DE,19803-0000,Private      ,60,825,885,60,825,885
00705300,DELAWARE TECH & CMTY COLLEGE-OWENS      ,DE,19947-0000,Public       ,956,1039,1995,956,1039,1995
00794800,WILMINGTON UNIVERSITY                   ,DE,19720-6491,Private      ,1212,2942,4154,1212,2942,4154
01172700,DELAWARE TECH & CMTY CLG-TERRY          ,DE,19901-8736,Public       ,833,918,1751,833,918,1751
02125200,BEEBE SCHOOL OF NURSING                 ,DE,19958-1462,Private      ,43,57,100,43,57,100
02144900,DELAWARE TECH & CMTY CLG-STANTN/WLM     ,DE,19801-0000,Public       ,1661,1588,3249,1661,1588,3249
02190400,SCHILLING DOUGLAS SCH OF HAIR DSGN      ,DE,19711-0000,Proprietary  ,17,32,49,17,32,49
02586902,STAR TECHNICAL INSTITUTE -              ,DE,19901-4615,Proprietary  ,17,36,53,17,36,53
03025800,DAWN TRAINING CENTRE                    ,DE,19805-1511,Proprietary  ,28,260,288,28,260,288
03543300,HARRIS SCHOOL OF BUSINESS               ,DE,19803-5341,Proprietary  ,17,72,89,17,72,89
03702300,DELAWARE LEARNING INSTITUTE OF COSMETOLO,DE,19939-9759,Proprietary  ,12,45,57,12,45,57
04130700,ACADEMY OF MASSAGE AND BODYWORK         ,DE,19701-1321,Proprietary  ,6,19,25,6,19,25
04139800,DELAWARE COLLEGE OF ART & DESIGN        ,DE,19801-3007,Private      ,370,68,438,370,68,438
04171100,DELAWARE ACADEMY PAUL MITCHELL PARTNER S,DE,19702-5108,Proprietary  ,28,40,68,28,40,68
        ,FEDERAL STUDENT AID USE ONLY            ,DC,20202-0000,,0,1,1,0,1,1
00143400,AMERICAN UNIVERSITY                     ,DC,20016-8020,Private      ,12292,7727,20019,12292,7727,20019
00143700,CATHOLIC UNIVERSITY OF AMERICA          ,DC,20064-0002,Private      ,4872,1399,6271,4872,1399,6271
00143711,"CATHOLIC UNIV AMERICA, LAW SCHOOL       ",DC,20064-0000,Private      ,63,1126,1189,63,1126,1189
00144100,UNIV OF THE DISTRICT OF COLUMBIA        ,DC,20008-0000,Public       ,1597,2982,4579,1597,2982,4579
00144102,UNIV OF THE DIST OF COLU -SCHOOL OF LAW ,DC,20008-1173,Public       ,26,717,743,26,717,743
00144300,GALLAUDET UNIVERSITY                    ,DC,20002-3695,Private      ,558,618,1176,558,618,1176
00144400,GEORGE WASHINGTON UNIVERSITY            ,DC,20052-2353,Private      ,12118,7292,19410,12118,7292,19410
00144402,GEORGE WASHINGTON UNIV LAW SCHL         ,DC,20052-0000,Private      ,50,2731,2781,50,2731,2781
00144403,GEORGE WASHINGTON UNIV SCH MED          ,DC,20052-0000,Private      ,82,1083,1165,82,1083,1165
00144500,GEORGETOWN UNIVERSITY                   ,DC,20057-1252,Private      ,11762,2566,14328,11762,2566,14328
00144501,"GEORGETOWN UNIV, SCH OF MEDICINE        ",DC,20007-0000,Private      ,83,1166,1249,83,1166,1249
00144502,GEORGETOWN UNIVERSITY - GRADUATE SCHOOL ,DC,20057-0004,Private      ,56,3024,3080,56,3024,3080
00144503,GEORGETOWN UNIV LAW CENTER              ,DC,20001-0000,Private      ,54,3892,3946,54,3892,3946
00144800,HOWARD UNIVERSITY                       ,DC,20059-0001,Private      ,14341,6628,20969,14341,6628,20969
00145900,STRAYER UNIVERSITY                      ,DC,20005-2603,Proprietary  ,298,10410,10708,298,10410,10708
00146000,TRINITY UNIVERSITY                      ,DC,20017-1004,Private      ,1152,1405,2557,1152,1405,2557
00146400,WESLEY THEOLOGICAL SEMINARY             ,DC,20016-0000,Private      ,1,123,124,1,123,124
00207701,JOHNS HOPKINS UNIV SCH ADV INTL STU     ,DC,20036-0000,Private      ,50,1290,1340,50,1290,1340
01006500,WASHINGTON THEOLOGICAL UNION            ,DC,20012-0000,Private      ,2,15,17,2,15,17
01195000,THE CORCORAN COLLEGE OF ART & DESIG     ,DC,20006-4804,Private      ,378,282,660,378,282,660
01280300,DOMINICAN HOUSE OF STUDIES              ,DC,20017-1584,Private      ,3,5,8,3,5,8
02132800,NAT'L CONSERVATORY DRAMATIC ARTS        ,DC,20007-2758,Private      ,10,20,30,10,20,30
02588900,SANZ SCHOOL                             ,DC,20006-0000,Proprietary  ,29,148,177,29,148,177
03104300,CAREER BLAZERS LEARNING CENTER OF WASHIN,DC,20037-1881,Proprietary  ,3,55,58,3,55,58
03218300,POTOMAC COLLEGE                         ,DC,20016-1860,Proprietary  ,28,215,243,28,215,243
03409600,BENNETT CAREER INSTITUTE                ,DC,20017-1754,Proprietary  ,47,118,165,47,118,165
03750300,TECHNICAL LEARNING CENTERS              ,DC,20006-3749,Proprietary  ,14,66,80,14,66,80
04114400,INSTITUTE OF WORLD POLITICS (THE)       ,DC,20036-1464,Private      ,9,144,153,9,144,153
04142700,PONTIFICAL JOHN PAUL II INSTITUTE FOR ST,DC,20064-0001,Private      ,0,14,14,0,14,14
00154100,ABRAHAM BALDWIN AGRICULTURAL CLG        ,GA,31794-0000,Public       ,1283,695,1978,1283,695,1978
00154200,AGNES SCOTT COLLEGE                     ,GA,30030-3770,Private      ,1135,261,1396,1135,261,1396
00154300,DARTON COLLEGE                          ,GA,31707-3098,Public       ,1368,1963,3331,1368,1963,3331
00154400,ALBANY STATE UNIVERSITY                 ,GA,31705-2796,Public       ,4263,1899,6162,4263,1899,6162
00154500,ANDREW COLLEGE                          ,GA,39840-1395,Private      ,209,42,251,209,42,251
00154600,ARMSTRONG ATLANTIC STATE UNIVERSITY     ,GA,31419-1997,Public       ,4185,3053,7238,4185,3053,7238
00154700,POINT UNIVERSITY                        ,GA,30344-1999,Private      ,463,539,1002,463,539,1002
00155200,AUGUSTA STATE UNIVERSITY                ,GA,30904-2200,Public       ,3332,2631,5963,3332,2631,5963
00155400,BERRY COLLEGE                           ,GA,30149-5007,Private      ,2656,157,2813,2656,157,2813
00155500,THOMAS UNIVERSITY                       ,GA,31792-7499,Private      ,191,450,641,191,450,641
00155600,BRENAU UNIVERSITY                       ,GA,30501-3668,Private      ,1001,1577,2578,1001,1577,2578
00155700,BREWTON PARKER COLLEGE                  ,GA,30445-0000,Private      ,256,82,338,256,82,338
00155800,COASTAL GEORGIA COMMUNITY COLLEGE       ,GA,31520-3644,Public       ,876,1142,2018,876,1142,2018
00155900,CLARK ATLANTA UNIVERSITY                ,GA,30314-4385,Private      ,9679,3438,13117,9679,3438,13117
00156000,COLUMBIA THEOLOGICAL SEMINARY           ,GA,30031-0000,Private      ,3,88,91,3,88,91
00156100,COLUMBUS STATE UNIVERSITY               ,GA,31907-5645,Public       ,3691,2302,5993,3691,2302,5993
00156200,GEORGIA PERIMETER COLLEGE               ,GA,30021-0000,Public       ,6832,10205,17037,6832,10205,17037
00156300,EMMANUEL COLLEGE                        ,GA,30639-0000,Private      ,462,105,567,462,105,567
00156400,EMORY UNIVERSITY                        ,GA,30322-1960,Private      ,11712,7558,19270,11712,7558,19270
00156600,FORT VALLEY STATE UNIVERSITY            ,GA,31030-3298,Public       ,3183,1237,4420,3183,1237,4420
00156700,GAINESVILLE STATE COLLEGE               ,GA,30503-0000,Public       ,2512,1642,4154,2512,1642,4154
00156800,INTERDENOMINATIONAL THEOLOGY CENTER     ,GA,30314-0000,Private      ,6,188,194,6,188,194
00156900,GEORGIA INSTITUTE OF TECHNOLOGY         ,GA,30332-0002,Public       ,13281,3222,16503,13281,3222,16503
00157000,SOUTHERN POLYTECHNIC STATE UNIV         ,GA,30060-2896,Public       ,2912,2410,5322,2912,2410,5322
00157100,GEORGIA MILITARY COLLEGE                ,GA,31061-3398,Public       ,1730,2101,3831,1730,2101,3831
00157200,GEORGIA SOUTHERN UNIVERSITY             ,GA,30460-8065,Public       ,13491,3398,16889,13491,3398,16889
00157300,GEORGIA SOUTHWESTERN STATE UNIV         ,GA,31709-4693,Public       ,1525,858,2383,1525,858,2383
00157400,GEORGIA STATE UNIVERSITY                ,GA,30303-3010,Public       ,18490,14445,32935,18490,14445,32935
00157500,GORDON COLLEGE                          ,GA,30204-1762,Public       ,1937,1328,3265,1937,1328,3265
00157700,KENNESAW STATE UNIVERSITY               ,GA,30144-5591,Public       ,12018,7669,19687,12018,7669,19687
00157800,LAGRANGE COLLEGE                        ,GA,30240-2999,Private      ,973,284,1257,973,284,1257
00157900,MEDICAL COLLEGE OF GEORGIA              ,GA,30912-0004,Public       ,376,1345,1721,376,1345,1721
00158000,MERCER UNIVERSITY                       ,GA,31207-0003,Private      ,3304,3788,7092,3304,3788,7092
00158100,MIDDLE GEORGIA COLLEGE                  ,GA,31014-1599,Public       ,1434,928,2362,1434,928,2362
00158200,MOREHOUSE COLLEGE                       ,GA,30314-3773,Private      ,3542,801,4343,3542,801,4343
00158500,NORTH GEORGIA COLLEGE & STATE UNIV      ,GA,30597-0001,Public       ,4318,1377,5695,4318,1377,5695
00158600,OGLETHORPE UNIVERSITY                   ,GA,30319-2737,Private      ,1590,376,1966,1590,376,1966
00158700,PAINE COLLEGE                           ,GA,30901-3182,Private      ,912,435,1347,912,435,1347
00158800,PIEDMONT COLLEGE                        ,GA,30535-5644,Private      ,610,607,1217,610,607,1217
00158900,REINHARDT UNIVERSITY                    ,GA,30183-2981,Private      ,843,230,1073,843,230,1073
00159000,SAVANNAH STATE UNIVERSITY               ,GA,31404-5298,Public       ,4295,1687,5982,4295,1687,5982
00159100,SHORTER UNIVERSITY                      ,GA,30165-4298,Private      ,1202,1175,2377,1202,1175,2377
00159200,SOUTH GEORGIA COLLEGE                   ,GA,31533-8104,Public       ,635,455,1090,635,455,1090
00159400,SPELMAN COLLEGE                         ,GA,30314-4399,Private      ,5599,1152,6751,5599,1152,6751
00159600,TOCCOA FALLS COLLEGE                    ,GA,30598-0001,Private      ,543,128,671,543,128,671
00159700,TRUETT MCCONNELL COLLEGE                ,GA,30528-1264,Private      ,329,62,391,329,62,391
00159800,UNIVERSITY OF GEORGIA                   ,GA,30602-6114,Public       ,18426,6305,24731,18426,6305,24731
00159900,VALDOSTA STATE UNIVERSITY               ,GA,31698-0001,Public       ,7260,2548,9808,7260,2548,9808
00160000,WESLEYAN COLLEGE                        ,GA,31210-4407,Private      ,332,261,593,332,261,593
00160100,UNIV OF WEST GEORGIA                    ,GA,30118-0002,Public       ,6495,2639,9134,6495,2639,9134
00160200,GEORGIA COLLEGE & STATE UNIVERSITY      ,GA,31061-0490,Public       ,4165,1050,5215,4165,1050,5215
00160400,YOUNG HARRIS COLLEGE                    ,GA,30582-4137,Private      ,779,76,855,779,76,855
00348400,COVENANT COLLEGE                        ,GA,30750-4164,Private      ,1022,70,1092,1022,70,1092
00395600,DALTON STATE COLLEGE                    ,GA,30720-3797,Public       ,1700,1423,3123,1700,1423,3123
00402400,GEORGIA NORTHWESTERN TECHNICAL COLLEGE  ,GA,30161-6757,Public       ,876,2801,3677,876,2801,3677
00411700,GRADY HEALTH SYSTEM                     ,GA,30303-3050,Public       ,69,394,463,69,394,463
00489808,MCCANN SCHOOL OF BUSINESS & TECHNOLOGY -,GA,31210-0246,Proprietary  ,16,57,73,16,57,73
00525400,LANIER TECHNICAL COLLEGE                ,GA,30566-3499,Public       ,461,1461,1922,461,1461,1922
00525500,MOULTRIE TECHNICAL COLLEGE              ,GA,31768-0000,Public       ,145,617,762,145,617,762
00525600,WIREGRASS GEORGIA TECHNICAL COLLEGE     ,GA,31602-0929,Public       ,392,1377,1769,392,1377,1769
00551100,OKEFENOKEE TECHNICAL COLLEGE            ,GA,31501-4016,Public       ,108,355,463,108,355,463
00559900,AUGUSTA TECHNICAL COLLEGE               ,GA,30906-3399,Public       ,784,2029,2813,784,2029,2813
00560000,ATHENS TECHNICAL COLLEGE                ,GA,30601-1579,Public       ,897,1916,2813,897,1916,2813
00560100,ALBANY TECHNICAL COLLEGE                ,GA,31701-2648,Public       ,419,1531,1950,419,1531,1950
00561500,SOUTHWEST GEORGIA TECHNICAL COLLEGE     ,GA,31792-2622,Public       ,243,758,1001,243,758,1001
00561700,SOUTH GEORGIA TECHNICAL COLLEGE         ,GA,31709-8167,Public       ,219,351,570,219,351,570
00561800,SAVANNAH TECHNICAL COLLEGE              ,GA,31405-5594,Public       ,756,2698,3454,756,2698,3454
00561900,NORTH GEORGIA TECHNICAL COLLEGE         ,GA,30523-0000,Public       ,467,902,1369,467,902,1369
00562000,CHATTAHOOCHEE TECHNICAL COLLEGE         ,GA,30060-3398,Public       ,1758,4125,5883,1758,4125,5883
00562100,SOUTHERN CRESCENT TECHNICAL COLLEGE     ,GA,30223-2097,Public       ,591,2110,2701,591,2110,2701
00562101,FLINT RIVER TECHNICAL INSTITUTE         ,GA,30286-0014,Public       ,42,176,218,42,176,218
00562200,DEKALB TECHNICAL COLLEGE                ,GA,30021-0000,Public       ,589,2654,3243,589,2654,3243
00562400,COLUMBUS TECHNICAL COLLEGE              ,GA,31904-6572,Public       ,604,1515,2119,604,1515,2119
00576300,CENTRAL GEORGIA TECHNICAL COLLEGE       ,GA,31206-3628,Public       ,447,1732,2179,447,1732,2179
00772800,MACON STATE COLLEGE                     ,GA,31206-5145,Public       ,1876,2283,4159,1876,2283,4159
00854300,ATLANTA TECHNICAL COLLEGE               ,GA,30310-4499,Public       ,975,3715,4690,975,3715,4690
00897600,CLAYTON STATE UNIVERSITY                ,GA,30260-0285,Public       ,3042,4181,7223,3042,4181,7223
00927000,ART INSTITUTE OF ATLANTA (THE)          ,GA,30328-1649,Proprietary  ,4147,2901,7048,4147,2901,7048
00950700,GEORGIA HIGHLANDS COLLEGE               ,GA,30162-0000,Public       ,1621,1542,3163,1621,1542,3163
01031903,MEDIX SCHOOL                            ,GA,30080-7630,Proprietary  ,53,260,313,53,260,313
01035601,EVEREST INSTITUTE - DEKALB              ,GA,30035-3420,Proprietary  ,55,276,331,55,276,331
01048700,WEST GEORGIA TECHNICAL COLLEGE          ,GA,30182-6476,Public       ,1059,2605,3664,1059,2605,3664
01077100,GUPTON JONES COLLEGE                    ,GA,30035-4022,Private      ,68,162,230,68,162,230
01099700,EAST GEORGIA COLLEGE                    ,GA,30401-2699,Public       ,1150,568,1718,1150,568,1718
01107400,BAINBRIDGE COLLEGE                      ,GA,39819-8400,Public       ,283,1054,1337,283,1054,1337
01110901,EVEREST COLLEGE - EVEREST INSTITUTE     ,GA,30067-8340,Proprietary  ,49,245,294,49,245,294
01110902,EVEREST COLLEGE - ATLANTA               ,GA,30331-2620,Proprietary  ,121,457,578,121,457,578
01112301,EVEREST COLLEGE - EVEREST INSTITUTE- NOR,GA,30093-2813,Proprietary  ,50,307,357,50,307,357
01157400,BAUDER COLLEGE                          ,GA,30313-2439,Proprietary  ,193,725,918,193,725,918
01205100,PRO WAY HAIR SCHOOL                     ,GA,30083-2884,Proprietary  ,24,68,92,24,68,92
01216500,ATLANTA METROPOLITAN COLLEGE            ,GA,30310-4498,Public       ,1303,2589,3892,1303,2589,3892
01303900,SOUTH UNIVERSITY                        ,GA,31406-4881,Proprietary  ,969,7175,8144,969,7175,8144
02055000,WAYCROSS COLLEGE                        ,GA,31503-0000,Public       ,208,262,470,208,262,470
02060900,BROWN CLG OF COURT REPORTING & M.T.     ,GA,30318-2570,Proprietary  ,17,162,179,17,162,179
02074800,LIFE UNIVERSITY                         ,GA,30060-0000,Private      ,309,2012,2321,309,2012,2321
02113613,AMERICAN INTERCONTINENTAL UNIVERSITY    ,GA,30328-1649,Proprietary  ,582,1566,2148,582,1566,2148
02116000,SANFORD-BROWN COLLEGE                   ,GA,30328-4803,Proprietary  ,139,560,699,139,560,699
02141500,SAVANNAH COLLEGE OF ART & DESIGN        ,GA,31402-3146,Private      ,7357,2460,9817,7357,2460,9817
02202800,AUGUSTA AREA DIET INTERN UNIV HOSP      ,GA,30901-0000,Private      ,5,37,42,5,37,42
02217200,PORTFOLIO CENTER                        ,GA,30309-0000,Proprietary  ,35,78,113,35,78,113
02266200,AMERICAN PROFESSIONAL INSTITUTE         ,GA,31201-3185,Proprietary  ,42,202,244,42,202,244
02284300,INTERACTIVE COLLEGE OF TECHNOLOGY       ,GA,30341-0000,Proprietary  ,27,243,270,27,243,270
02284308,INTERACTIVE LEARNING SYSTEMS            ,GA,30260-0000,Proprietary  ,10,65,75,10,65,75
02284309,INTERACTIVE COLLEGE OF TECHNOLOGY       ,GA,30501-0000,Proprietary  ,23,70,93,23,70,93
02285500,"CREATIVE CIRCUS, THE                    ",GA,30324-0000,Proprietary  ,22,122,144,22,122,144
02288400,GWINNETT TECHNICAL COLLEGE              ,GA,30043-5702,Public       ,1209,3775,4984,1209,3775,4984
02313902,WESTWOOD COLLEGE - O'HARE AIRPORT - ATLA,GA,30345-2807,Proprietary  ,97,341,438,97,341,438
02321400,ROFFLER-MOLER HAIRSTYLING COLLEGE       ,GA,30062-0000,Proprietary  ,16,48,64,16,48,64
02354500,SOUTHEASTERN BEAUTY SCHOOLS             ,GA,31906-0000,Proprietary  ,7,40,47,7,40,47
02482100,MOREHOUSE SCHOOL OF MEDICINE            ,GA,30310-0000,Private      ,146,507,653,146,507,653
02502700,ADVANCED CAREER TRAINING                ,GA,30329-0000,Proprietary  ,90,403,493,90,403,493
02502701,ADVANCED CAREER TRAINING-RIVERDALE      ,GA,30274-0000,Proprietary  ,13,82,95,13,82,95
02508600,MIDDLE GEORGIA TECHNICAL COLLEGE        ,GA,31088-2730,Public       ,368,981,1349,368,981,1349
02520000,INTERNATIONAL SCH SKIN & NAILCARE       ,GA,30342-1119,Proprietary  ,13,99,112,13,99,112
02577000,ESANI INSTITUTE                         ,GA,30297-0000,Proprietary  ,11,35,46,11,35,46
02577700,BEAUTY COLLEGE OF AMERICA               ,GA,30297-0000,Proprietary  ,26,55,81,26,55,81
02580200,ATLANTA SCHOOL OF MASSAGE               ,GA,30338-0000,Proprietary  ,64,246,310,64,246,310
02583000,GWINNETT COLLEGE OF BUSINESS            ,GA,30047-3447,Proprietary  ,33,159,192,33,159,192
02607600,CAPELLI LEARNING CTR FOR COSM           ,GA,30324-0000,Proprietary  ,33,78,111,33,78,111
02614206,MILLER - MOTTE TECHNICAL COLLEGE - COLUM,GA,31907-3222,Proprietary  ,64,369,433,64,369,433
02614207,MILLER - MOTTE TECHNICAL COLLEGE - AUGUS,GA,30907-0921,Proprietary  ,67,303,370,67,303,370
03005400,GEORGIA CAREER INSTITUTE                ,GA,30013-2076,Proprietary  ,60,127,187,60,127,187
03010619,VIRGINIA COLLEGE - AUGUSTA              ,GA,30909-5515,Proprietary  ,91,438,529,91,438,529
03010623,VIRGINIA COLLEGE - MACON                ,GA,31206-3180,Proprietary  ,50,337,387,50,337,387
03022601,WESTERN CULINARY INSTITUTE - LE CORDON B,GA,30084-5893,Proprietary  ,160,380,540,160,380,540
03030000,OGEECHEE TECHNICAL COLLEGE              ,GA,30458-8049,Public       ,350,833,1183,350,833,1183
03032100,ALTAMAHA TECHNICAL COLLEGE              ,GA,31545-4465,Public       ,120,474,594,120,474,594
03042700,LAURUSTECHNICAL INSTITUTE               ,GA,30030-1506,Proprietary  ,14,76,90,14,76,90
03066500,SOUTHEASTERN TECHNICAL COLLEGE          ,GA,30474-8817,Public       ,117,495,612,117,495,612
03072304,EVEREST COLLEGE - EVEREST INSTITUTE     ,GA,30236-0000,Proprietary  ,42,216,258,42,216,258
03076300,BEULAH HEIGHTS BIBLE COLLEGE            ,GA,30316-1873,Private      ,17,244,261,17,244,261
03079202,WESTWOOD COLLEGE - ATLANTA MIDTOWN      ,GA,30309-2848,Proprietary  ,215,629,844,215,629,844
03081500,SOUTHEASTERN BEAUTY SCHOOL              ,GA,31917-0000,Proprietary  ,19,59,78,19,59,78
03089100,GEORGIA INSTITUTE OF COSMETOLOGY        ,GA,30606-3152,Proprietary  ,53,92,145,53,92,145
03090600,COBB BEAUTY COLLEGE                     ,GA,30144-2828,Proprietary  ,25,66,91,25,66,91
03100900,LUTHER RICE UNIVERSITY                  ,GA,30038-2454,Private      ,31,424,455,31,424,455
03102000,RIVERTOWN SCHOOL OF BEAUTY              ,GA,31904-4747,Proprietary  ,18,82,100,18,82,100
03104500,ATLANTA INSTITUTE OF MUSIC              ,GA,30096-4988,Proprietary  ,150,161,311,150,161,311
03116100,VOGUE BEAUTY AND BARBER SCHOOL          ,GA,30141-2226,Proprietary  ,15,58,73,15,58,73
03155500,OCONEE FALL LINE TECHNICAL COLLEGE      ,GA,31082-6179,Public       ,70,255,325,70,255,325
03155504,OCONEE FALL LINE TECHNICAL COLLEGE - SOU,GA,31021-0560,Public       ,74,241,315,74,241,315
03173300,ATLANTA'S JOHN MARSHALL LAW SCHOOL      ,GA,30309-0000,Proprietary  ,39,780,819,39,780,819
03232304,LINCOLN COLLEGE OF TECHNOLOGY           ,GA,30067-8638,Proprietary  ,20,147,167,20,147,167
03418300,GWINNETT COLLEGE-SANDY SPRINGS          ,GA,30328-3161,Proprietary  ,38,124,162,38,124,162
03445500,FAYETTE BEAUTY ACADEMY                  ,GA,30214-1191,Proprietary  ,15,28,43,15,28,43
03523300,AVIATION INSTITUTE OF MAINTENANCE       ,GA,30045-0000,Proprietary  ,96,402,498,96,402,498
03635300,CARVER BIBLE COLLEGE                    ,GA,30331-1300,Private      ,11,72,83,11,72,83
03748300,KEVOSNIK SCHOOL OF HAIR DESIGN          ,GA,31021-0000,Proprietary  ,3,11,14,3,11,14
03753400,MICHAEL'S SCHOOL OF BEAUTY              ,GA,30909-0000,Proprietary  ,21,61,82,21,61,82
03804400,JAVELIN TECHNICAL TRAINING CENTER       ,GA,30339-6040,Proprietary  ,17,109,126,17,109,126
03812300,OMNITECH INSTITUTE                      ,GA,30035-1206,Proprietary  ,25,87,112,25,87,112
04021300,AUGUSTA SCHOOL OF MASSAGE               ,GA,30809-0000,Proprietary  ,8,25,33,8,25,33
04051331,ART INSTITUTE OF PHOENIX (THE) - BROWN M,GA,30319-3054,Proprietary  ,82,218,300,82,218,300
04091300,SAVANNAH SCHOOL OF MASSAGE THERAPY      ,GA,31406-2711,Private      ,39,131,170,39,131,170
04126800,ACADEMY OF SOMATIC HEALING ARTS (ASHA)  ,GA,30071-1024,Proprietary  ,15,54,69,15,54,69
04142900,GEORGIA GWINNETT COLLEGE                ,GA,30043-7409,Public       ,3857,2580,6437,3857,2580,6437
04147000,PAUL MITCHELL THE SCHOOL ATLANTA        ,GA,30318-5241,Proprietary  ,119,235,354,119,235,354
04147700,LAKE LANIER SCHOOL OF MASSAGE           ,GA,30501-4546,Proprietary  ,10,25,35,10,25,35
04149900,PROFILE INSTITUTE OF BARBER-STYLING     ,GA,30315-8459,Proprietary  ,35,85,120,35,85,120
04150900,PROCESS INSTITUTE OF COSMETOLOGY (THE)  ,GA,30043-7344,Proprietary  ,24,56,80,24,56,80
04152300,GEORGIA BEAUTY ACADEMY                  ,GA,30721-3952,Proprietary  ,24,79,103,24,79,103
04156500,GEORGIA CHRISTIAN UNIVERSITY            ,GA,30047-3778,Private      ,23,40,63,23,40,63
04160200,ATLANTA BEAUTY ACADEMY                  ,GA,30340-1334,Proprietary  ,26,91,117,26,91,117
04204500,ELAINE STERLING INSTITUTE(THE)          ,GA,30342-2633,Proprietary  ,2,31,33,2,31,33
00162800,AMERICAN ACADEMY OF ART                 ,IL,60604-4302,Proprietary  ,753,228,981,753,228,981
00163300,AUGUSTANA COLLEGE                       ,IL,61201-2296,Private      ,4248,159,4407,4248,159,4407
00163400,AURORA UNIVERSITY                       ,IL,60506-4892,Private      ,3020,1615,4635,3020,1615,4635
00163600,SOUTHWESTERN ILLINOIS COLLEGE           ,IL,62221-5899,Public       ,2007,2260,4267,2007,2260,4267
00163800,BLACK HAWK COLLEGE                      ,IL,61265-5899,Public       ,1437,1296,2733,1437,1296,2733
00163900,BLACKBURN COLLEGE                       ,IL,62626-1498,Private      ,659,94,753,659,94,753
00164000,PRAIRIE STATE COLLEGE                   ,IL,60411-8226,Public       ,1911,2829,4740,1911,2829,4740
00164100,BRADLEY UNIVERSITY                      ,IL,61625-0002,Private      ,7438,865,8303,7438,865,8303
00164300,SPOON RIVER COLLEGE                     ,IL,61520-8907,Public       ,537,494,1031,537,494,1031
00164700,CITY COLLEGES OF CHICAGO                ,IL,60606-6998,Public       ,1481,1991,3472,1481,1991,3472
00164800,TRUMAN COLLEGE                          ,IL,60640-5691,Public       ,2687,3656,6343,2687,3656,6343
00164900,RICHARD J DALEY COLLEGE                 ,IL,60652-1299,Public       ,2590,3229,5819,2590,3229,5819
00165000,CITY COLLEGES OF CHICAGO-MALCOLM X      ,IL,60612-3197,Public       ,2918,4806,7724,2918,4806,7724
00165200,HAROLD WASHINGTON COLLEGE               ,IL,60601-2403,Public       ,5897,5437,11334,5897,5437,11334
00165400,KENNEDY KING COLLEGE                    ,IL,60621-3798,Public       ,2402,4694,7096,2402,4694,7096
00165500,WRIGHT COLLEGE                          ,IL,60634-1591,Public       ,4360,3824,8184,4360,3824,8184
00165700,MIDWESTERN UNIVERSITY                   ,IL,60515-1200,Private      ,107,2256,2363,107,2256,2363
00165900,ROSALIND FRANKLIN UNIVERSITY OF MEDICINE,IL,60064-3095,Private      ,54,1979,2033,54,1979,2033
00166100,CHICAGO THEOLOGICAL SEMINARY            ,IL,60637-0000,Private      ,11,146,157,11,146,157
00166300,SPERTUS COLLEGE                         ,IL,60605-1995,Private      ,1,52,53,1,52,53
00166400,UNIVERSITY OF ST FRANCIS                ,IL,60435-6188,Private      ,1881,1301,3182,1881,1301,3182
00166500,COLUMBIA COLLEGE                        ,IL,60605-1996,Private      ,11959,3944,15903,11959,3944,15903
00166600,CONCORDIA UNIVERSITY                    ,IL,60305-1499,Private      ,2433,1708,4141,2433,1708,4141
00166900,DANVILLE AREA COMMUNITY COLLEGE         ,IL,61832-5199,Public       ,608,717,1325,608,717,1325
00167100,DEPAUL UNIVERSITY                       ,IL,60604-2287,Private      ,20407,11102,31509,20407,11102,31509
00167400,EASTERN ILLINOIS UNIVERSITY             ,IL,61920-3099,Public       ,9479,2499,11978,9479,2499,11978
00167500,ELGIN COMMUNITY COLLEGE                 ,IL,60123-7193,Public       ,2357,2150,4507,2357,2150,4507
00167600,ELMHURST COLLEGE                        ,IL,60126-3296,Private      ,3820,799,4619,3820,799,4619
00167800,EUREKA COLLEGE                          ,IL,61530-9976,Private      ,1031,177,1208,1031,177,1208
00168100,HIGHLAND COMMUNITY COLLEGE              ,IL,61032-9341,Public       ,525,470,995,525,470,995
00168200,GARRETT-EVANGELICAL THEOLOGICAL SEM     ,IL,60201-0000,Private      ,2,134,136,2,134,136
00168400,GREENVILLE COLLEGE                      ,IL,62246-1199,Private      ,1526,369,1895,1526,369,1895
00168500,HEBREW THEOLOGICAL COLLEGE              ,IL,60077-3263,Private      ,322,14,336,322,14,336
00168800,ILLINOIS COLLEGE                        ,IL,62650-2299,Private      ,1740,148,1888,1740,148,1888
00168900,ILLINOIS COLLEGE OF OPTOMETRY           ,IL,60616-3878,Private      ,27,612,639,27,612,639
00169100,ILLINOIS INSTITUTE OF TECHNOLOGY        ,IL,60616-0000,Private      ,2880,1553,4433,2880,1553,4433
00169103,CHICAGO KENT COLLEGE OF LAW             ,IL,60661-0000,Private      ,48,1640,1688,48,1640,1688
00169200,ILLINOIS STATE UNIVERSITY               ,IL,61790-1000,Public       ,19604,3696,23300,19604,3696,23300
00169300,NORTHEASTERN ILLINOIS UNIV              ,IL,60625-4699,Public       ,6664,5293,11957,6664,5293,11957
00169400,CHICAGO STATE UNIVERSITY                ,IL,60628-1598,Public       ,5363,7922,13285,5363,7922,13285
00169600,ILLINOIS WESLEYAN UNIVERSITY            ,IL,61701-0000,Private      ,3301,169,3470,3301,169,3470
00169800,JOHN MARSHALL LAW SCHOOL                ,IL,60604-0000,Private      ,61,1798,1859,61,1798,1859
00169900,JOLIET JUNIOR COLLEGE                   ,IL,60431-8938,Public       ,4533,3549,8082,4533,3549,8082
00170000,JUDSON UNIVERSITY                       ,IL,60123-1498,Private      ,846,417,1263,846,417,1263
00170100,KASKASKIA COLLEGE                       ,IL,62801-7878,Public       ,882,882,1764,882,882,1764
00170300,KENDALL COLLEGE                         ,IL,60622-4278,Proprietary  ,975,1385,2360,975,1385,2360
00170400,KNOX COLLEGE                            ,IL,61401-4999,Private      ,2005,110,2115,2005,110,2115
00170500,ILLINOIS VALLEY COMMUNITY COLLEGE       ,IL,61348-9692,Public       ,994,951,1945,994,951,1945
00170600,LAKE FOREST COLLEGE                     ,IL,60045-2399,Private      ,2258,168,2426,2258,168,2426
00170700,LEWIS UNIVERSITY                        ,IL,60446-2200,Private      ,4885,2085,6970,4885,2085,6970
00170800,LINCOLN CHRISTIAN UNIVERSITY            ,IL,62656-2167,Private      ,386,375,761,386,375,761
00170900,LINCOLN COLLEGE                         ,IL,62656-1699,Private      ,977,429,1406,977,429,1406
00171000,LOYOLA UNIVERSITY CHICAGO               ,IL,60626-0000,Private      ,16171,9090,25261,16171,9090,25261
00171200,LUTHERAN SCHOOL OF THEOL AT CHICAGO     ,IL,60615-0000,Private      ,1,70,71,1,70,71
00171600,MACCORMAC COLLEGE                       ,IL,60602-4405,Private      ,45,126,171,45,126,171
00171700,MACMURRAY COLLEGE                       ,IL,62650-2590,Private      ,803,245,1048,803,245,1048
00172100,MCCORMICK THEOLOGICAL SEMINARY          ,IL,60615-5108,Private      ,2,75,77,2,75,77
00172200,MCKENDREE UNIVERSITY                    ,IL,62254-1299,Private      ,1497,747,2244,1497,747,2244
00172300,MEADVILLE LOMBARD THEOLOGICAL SCHOOL    ,IL,60637-1602,Private      ,2,69,71,2,69,71
00172400,MILLIKIN UNIVERSITY                     ,IL,62522-2084,Private      ,3023,591,3614,3023,591,3614
00172500,MONMOUTH COLLEGE                        ,IL,61462-1963,Private      ,1820,128,1948,1820,128,1948
00172700,MOODY BIBLE INSTITUTE                   ,IL,60610-3214,Private      ,1120,717,1837,1120,717,1837
00172800,MORTON COLLEGE                          ,IL,60804-4398,Public       ,1592,1005,2597,1592,1005,2597
00173200,NATIONAL UNIV OF HEALTH SCIENCES        ,IL,60148-4583,Private      ,33,412,445,33,412,445
00173300,NATIONAL-LOUIS UNIVERSITY               ,IL,60603-3032,Private      ,310,2881,3191,310,2881,3191
00173400,NORTH CENTRAL COLLEGE                   ,IL,60540-4690,Private      ,3655,559,4214,3655,559,4214
00173500,NORTH PARK UNIVERSITY                   ,IL,60625-4895,Private      ,2986,1175,4161,2986,1175,4161
00173600,NORTHERN BAPTIST THEOL SEMINARY         ,IL,60148-0000,Private      ,2,29,31,2,29,31
00173700,NORTHERN ILLINOIS UNIVERSITY            ,IL,60115-2854,Public       ,19108,6765,25873,19108,6765,25873
00173900,NORTHWESTERN UNIV                       ,IL,60208-0001,Private      ,18761,6822,25583,18761,6822,25583
00174100,OLIVET NAZARENE UNIVERSITY              ,IL,60914-2271,Private      ,3159,1132,4291,3159,1132,4291
00174200,IL EASTERN COMM COLGS-OLNEY CENTRAL     ,IL,62450-1099,Public       ,451,319,770,451,319,770
00174500,QUINCY UNIVERSITY                       ,IL,62301-2699,Private      ,1461,496,1957,1461,496,1957
00174600,ROBERT MORRIS UNIVERSITY ILLINOIS       ,IL,60605-1225,Private      ,4979,3876,8855,4979,3876,8855
00174700,ROCK VALLEY COLLEGE                     ,IL,61114-5699,Public       ,1940,2451,4391,1940,2451,4391
00174800,ROCKFORD COLLEGE                        ,IL,61108-2393,Private      ,1176,773,1949,1176,773,1949
00174900,ROOSEVELT UNIVERSITY                    ,IL,60605-1394,Private      ,4907,4654,9561,4907,4654,9561
00175000,DOMINICAN UNIVERSITY                    ,IL,60305-1066,Private      ,2861,1068,3929,2861,1068,3929
00175200,SAUK VALLEY COMMUNITY COLLEGE           ,IL,61021-9112,Public       ,682,607,1289,682,607,1289
00175300,SCHOOL OF ART INSTITUTE OF CHICAGO      ,IL,60603-3013,Private      ,3811,2016,5827,3811,2016,5827
00175600,SHIMER COLLEGE                          ,IL,60616-3893,Private      ,90,51,141,90,51,141
00175700,SOUTHEASTERN ILLINOIS COLLEGE           ,IL,62946-4925,Public       ,436,336,772,436,336,772
00175800,SOUTHERN ILL UNIV-CARBONDALE            ,IL,62901-0000,Public       ,14889,5438,20327,14889,5438,20327
00175900,SOUTHERN ILL UNIV-EDWARDSVILLE          ,IL,62026-1060,Public       ,11371,4041,15412,11371,4041,15412
00175924,SO IL UNIV-SCHL OF DENTAL MEDICINE      ,IL,62002-0000,Public       ,9,109,118,9,109,118
00176100,SPRINGFIELD COLLEGE IN ILLINOIS         ,IL,62702-2694,Private      ,226,226,452,226,226,452
00176500,UNIVERSITY OF ST MARY OF THE LAKE       ,IL,60060-0000,Private      ,1,4,5,1,4,5
00176700,BENEDICTINE UNIVERSITY                  ,IL,60532-0900,Private      ,2898,2390,5288,2898,2390,5288
00176800,ST XAVIER UNIVERSITY                    ,IL,60655-3199,Private      ,5488,2498,7986,5488,2498,7986
00176900,SOUTH SUBURBAN COLLEGE                  ,IL,60473-9978,Public       ,1834,3618,5452,1834,3618,5452
00177100,TRINITY CHRISTIAN COLLEGE               ,IL,60463-0929,Private      ,1202,578,1780,1202,578,1780
00177200,TRINITY INTERNATIONAL UNIVERSITY        ,IL,60015-1283,Private      ,700,551,1251,700,551,1251
00177300,TRITON COLLEGE                          ,IL,60171-1995,Public       ,2626,2669,5295,2626,2669,5295
00177400,UNIVERSITY OF CHICAGO                   ,IL,60637-1476,Private      ,16643,3168,19811,16643,3168,19811
00177401,UNIV OF CHICAGO PRITZKER SCH OF MED     ,IL,60637-0000,Private      ,64,421,485,64,421,485
00177403,"UNIV OF CHICAGO, BOOTH SCH OF BUS       ",IL,60637-0000,Private      ,107,580,687,107,580,687
00177405,UNIVERSITY OF CHICAGO GRADUATE          ,IL,60637-0000,Private      ,105,3626,3731,105,3626,3731
00177500,UNIV OF ILLINOIS @ URBANA-CHAMPAIGN     ,IL,61820-5796,Public       ,29445,7301,36746,29445,7301,36746
00177600,UNIV OF ILLINOIS AT CHICAGO             ,IL,60607-0000,Public       ,23287,14210,37497,23287,14210,37497
00177800,VANDERCOOK COLLEGE OF MUSIC             ,IL,60616-3731,Private      ,169,66,235,169,66,235
00177900,IL EASTERN COMM COLGS-WABASH VALLEY     ,IL,62863-2699,Public       ,310,197,507,310,197,507
00178000,WESTERN ILLINOIS UNIVERSITY             ,IL,61455-1390,Public       ,10955,2835,13790,10955,2835,13790
00178100,WHEATON COLLEGE                         ,IL,60187-5535,Private      ,2502,338,2840,2502,338,2840
00178300,WORSHAM COLLEGE OF MORTUARY SCIENCE     ,IL,60090-2646,Proprietary  ,44,66,110,44,66,110
00396100,HARPER COLLEGE                          ,IL,60067-7398,Public       ,3354,2188,5542,3354,2188,5542
00456000,GEM CITY COLLEGE                        ,IL,62301-4949,Proprietary  ,12,20,32,12,20,32
00456800,MIDSTATE COLLEGE                        ,IL,61614-3558,Proprietary  ,77,491,568,77,491,568
00621400,BLESSING RIEMAN COLLEGE OF NURSING      ,IL,62301-0000,Private      ,137,159,296,137,159,296
00621401,BLESSING HOSPITAL - SCHOOL OF MEDICAL LA,IL,62305-7005,Private      ,10,25,35,10,25,35
00621402,BLESSING HOSPITAL - SCHOOL OF RADIOLOGIC,IL,62305-7005,Private      ,31,24,55,31,24,55
00622500,TRINITY COLLEGE OF NURSING AND HEALTH SC,IL,61201-5317,Private      ,93,131,224,93,131,224
00622800,METHODIST MED CTR OF ILL SCH NRSNG      ,IL,61636-0000,Private      ,255,427,682,255,427,682
00624000,ST FRANCIS MED CLG OF NRSG              ,IL,61603-3783,Private      ,273,377,650,273,377,650
00638500,CHAMBERLAIN COLLEGE OF NURSING          ,IL,60101-0000,Proprietary  ,1149,6767,7916,1149,6767,7916
00665600,COLLEGE OF DUPAGE                       ,IL,60137-6599,Public       ,5898,4507,10405,5898,4507,10405
00675300,ILLINOIS CENTRAL COLLEGE                ,IL,61635-0001,Public       ,2573,2338,4911,2573,2338,4911
00693100,WAUBONSEE COMMUNITY COLLEGE             ,IL,60554-0000,Public       ,2067,2125,4192,2067,2125,4192
00711800,PARKLAND COLLEGE                        ,IL,61821-1899,Public       ,3165,1880,5045,3165,1880,5045
00711900,REND LAKE COLLEGE                       ,IL,62846-9801,Public       ,688,645,1333,688,645,1333
00717000,LINCOLN LAND COMMUNITY COLLEGE          ,IL,62794-9256,Public       ,1637,1888,3525,1637,1888,3525
00726500,CARL SANDBURG COLLEGE                   ,IL,61401-9576,Public       ,776,858,1634,776,858,1634
00754900,COYNE AMERICAN INSTITUTE                ,IL,60607-1300,Proprietary  ,213,520,733,213,520,733
00764400,LAKE LAND COLLEGE                       ,IL,61938-9366,Public       ,1637,1183,2820,1637,1183,2820
00768400,KISHWAUKEE COLLEGE                      ,IL,60150-9699,Public       ,1471,1117,2588,1471,1117,2588
00769000,KANKAKEE COMMUNITY COLLEGE              ,IL,60901-6505,Public       ,936,1376,2312,936,1376,2312
00769100,MCHENRY COUNTY COLLEGE                  ,IL,60012-2761,Public       ,1312,988,2300,1312,988,2300
00769200,MORAINE VALLEY COMMUNITY COLLEGE        ,IL,60465-0937,Public       ,4389,3128,7517,4389,3128,7517
00769300,SHAWNEE COMMUNITY COLLEGE               ,IL,62992-9725,Public       ,457,441,898,457,441,898
00769400,COLLEGE OF LAKE COUNTY                  ,IL,60030-1198,Public       ,2628,2182,4810,2628,2182,4810
00793700,MS ROBERTS ACADEMY OF BEAUTY CULT       ,IL,60181-2930,Proprietary  ,11,20,31,11,20,31
00807600,JOHN A LOGAN COLLEGE                    ,IL,62918-2500,Public       ,1123,1042,2165,1123,1042,2165
00809003,EVEREST COLLEGE - BEDFORD PARK          ,IL,60629-5819,Proprietary  ,56,107,163,56,107,163
00814604,EVEREST UNIVERSITY - EVEREST  COLLEGE   ,IL,60803-4517,Proprietary  ,37,217,254,37,217,254
00825900,EDUCATORS OF BEAUTY                     ,IL,61081-3611,Proprietary  ,6,26,32,6,26,32
00825901,EDUCATORS OF BEAUTY                     ,IL,61104-0000,Proprietary  ,26,55,81,26,55,81
00832800,ALVAREITA'S COLLEGE OF COSMETOLOGY      ,IL,62025-2041,Proprietary  ,20,26,46,20,26,46
00854500,ROCKFORD BUSINESS COLLEGE               ,IL,61103-0000,Proprietary  ,102,346,448,102,346,448
00869402,RASMUSSEN COLLEGE - ROCKFORD            ,IL,61108-2513,Proprietary  ,122,640,762,122,640,762
00869403,RASMUSSEN COLLEGE - AURORA              ,IL,60506-6219,Proprietary  ,83,314,397,83,314,397
00869404,RASMUSSEN COLLEGE - ROMEOVILLE          ,IL,60446-0000,Proprietary  ,105,356,461,105,356,461
00869418,RASMUSSEN COLLEGE -  MOKENA             ,IL,60448-0000,Proprietary  ,29,131,160,29,131,160
00888000,MORRISON INSTITUTE OF TECHNOLOGY        ,IL,61270-2959,Private      ,99,21,120,99,21,120
00893800,GRAHAM HOSPITAL SCH OF NURSING          ,IL,61520-2497,Private      ,27,74,101,27,74,101
00893900,CANNELLA SCHOOL OF HAIR DESIGN          ,IL,60406-2130,Proprietary  ,6,35,41,6,35,41
00914500,GOVERNORS STATE UNIVERSITY              ,IL,60466-0975,Public       ,959,4002,4961,959,4002,4961
00923200,CATHOLIC THEOLOGICAL UNION              ,IL,60615-0000,Private      ,6,31,37,6,31,37
00933300,UNIV OF ILLINOIS AT SPRINGFIELD         ,IL,62703-5407,Public       ,2118,1970,4088,2118,1970,4088
00947500,EDUCATORS OF BEAUTY                     ,IL,61301-2404,Proprietary  ,11,12,23,11,12,23
00959500,CANNELLA SCHOOL OF HAIR DESIGN          ,IL,60617-4303,Proprietary  ,75,104,179,75,104,179
00976700,OLIVE-HARVEY COLLEGE                    ,IL,60628-1696,Public       ,1391,2888,4279,1391,2888,4279
00978600,IL EASTERN COMM COLGS-LINCOLN TRAIL     ,IL,62454-5708,Public       ,244,205,449,244,205,449
00980000,RUSH UNIVERSITY                         ,IL,60612-3806,Private      ,325,2037,2362,325,2037,2362
00989600,OAKTON COMMUNITY COLLEGE                ,IL,60016-1268,Public       ,2490,1732,4222,2490,1732,4222
00998700,SAINT ANTHONY COLLEGE OF NURSING        ,IL,61108-2468,Private      ,140,286,426,140,286,426
01002000,LEWIS AND CLARK COMMUNITY COLLEGE       ,IL,62035-2466,Public       ,1159,1156,2315,1159,1156,2315
01031600,LINCOLN COLLEGE OF TECHNOLOGY           ,IL,60160-1605,Proprietary  ,357,225,582,357,225,582
01050100,LAKEVIEW  COLLEGE OF NURSING            ,IL,61832-3781,Private      ,122,176,298,122,176,298
01069500,TRI-COUNTY BEAUTY ACADEMY               ,IL,62056-2036,Proprietary  ,6,9,15,6,9,15
01071000,CAPITAL AREA SCH OF PRAC NRSG           ,IL,62707-0000,Public       ,45,273,318,45,273,318
01072700,DEVRY UNIVERSITY                        ,IL,60618-5994,Proprietary  ,8808,41460,50268,8808,41460,50268
01083600,PIVOT POINT INTNL CSMTLGY RSRCH CTR     ,IL,60626-0000,Proprietary  ,213,267,480,213,267,480
01087900,RICHLAND COMMUNITY COLLEGE              ,IL,62521-8513,Public       ,524,789,1313,524,789,1313
01102401,EVEREST COLLEGE - CHICAGO               ,IL,60604-2052,Proprietary  ,438,635,1073,438,635,1073
01151002,EVEREST INSTITUTE - EVEREST COLLEGE     ,IL,60542-1610,Proprietary  ,71,154,225,71,154,225
01181000,TAYLOR BUSINESS INSTITUTE               ,IL,60606-5111,Proprietary  ,20,71,91,20,71,91
01185800,EVEREST COLLEGE                         ,IL,60077-1074,Proprietary  ,93,218,311,93,218,311
01185802,EVEREST COLLEGE - BURR RIDGE            ,IL,60527-7826,Proprietary  ,27,88,115,27,88,115
01185803,EVEREST COLLEGE - MELROSE PARK          ,IL,60160-1526,Proprietary  ,52,147,199,52,147,199
01236200,NORTHWESTERN COLLEGE                    ,IL,60630-2298,Proprietary  ,1689,2374,4063,1689,2374,4063
01238500,BLOOMINGTON-NORMAL SCH RADIOGRAPHY      ,IL,61761-4604,Private      ,14,46,60,14,46,60
01258400,ILLINOIS INSTITUTE OF ART (THE)         ,IL,60654-1593,Proprietary  ,3639,2148,5787,3639,2148,5787
01281300,JOHN WOOD COMMUNITY COLLEGE             ,IL,62305-0401,Public       ,761,655,1416,761,655,1416
01308700,CAPRI GARFIELD RIDGE SCH OF BTY CLR     ,IL,60629-1613,Proprietary  ,47,101,148,47,101,148
01308800,CAPRI OAK FOREST COLLEGE OF BEAUTY      ,IL,60452-2798,Proprietary  ,44,73,117,44,73,117
02055200,HARRINGTON COLLEGE OF DESIGN            ,IL,60606-3433,Proprietary  ,253,298,551,253,298,551
02068100,ADLER SCH OF PROFESSIONAL PSYCHLGY      ,IL,60601-0000,Private      ,75,860,935,75,860,935
02069300,VATTEROTT COLLEGE                       ,IL,62305-5938,Proprietary  ,65,165,230,65,165,230
02073200,TELSHE YESHIVA-CHICAGO                  ,IL,60625-0000,Private      ,14,5,19,14,5,19
02074400,IL EASTERN COMM COLGS-FRONTIER          ,IL,62837-0000,Public       ,129,166,295,129,166,295
02075400,KELLER GRADUATE SCHOOL OF MGMT.         ,IL,60515-5683,Proprietary  ,51,9373,9424,51,9373,9424
02113600,AMERICAN INTERCONTINENTAL UNIVERSITY    ,IL,60192-3713,Proprietary  ,453,7216,7669,453,7216,7669
02117400,BECK AREA CAREER CENTER                 ,IL,62278-0000,Public       ,8,53,61,8,53,61
02124400,UNIVERSITY OF SPA & COSMETOLOGY ART     ,IL,62704-0000,Proprietary  ,44,67,111,44,67,111
02150600,COSMETOLOGY AND SPA INSTITUTE (THE)     ,IL,60014-4003,Proprietary  ,30,43,73,30,43,73
02155300,THE CHICAGO SCHOOL OF PROF PSYCHOLOGY   ,IL,60610-4705,Private      ,69,2346,2415,69,2346,2415
02160300,INTERNATIONAL ACAD OF DESIGN & TECH     ,IL,60602-3319,Proprietary  ,272,361,633,272,361,633
02160304,INTERNATIONAL ACADEMY OF DESIGN AND TECH,IL,60173-5160,Proprietary  ,91,90,181,91,90,181
02168600,EAST WEST UNIVERSITY                    ,IL,60605-0000,Private      ,612,798,1410,612,798,1410
02179900,ARGOSY UNIVERSITY                       ,IL,60601-7757,Proprietary  ,4402,13590,17992,4402,13590,17992
02185400,ST AUGUSTINE COLLEGE                    ,IL,60640-0000,Private      ,538,1659,2197,538,1659,2197
02192400,MR JOHNS SCHOOL OF COSMETOLOGY          ,IL,62521-0000,Proprietary  ,8,25,33,8,25,33
02202600,CANNELLA SCHOOL OF HAIR DESIGN          ,IL,60181-1321,Proprietary  ,2,3,5,2,3,5
02214100,RESURRECTION UNIVERSITY                 ,IL,60302-2519,Private      ,147,456,603,147,456,603
02228100,MAC DANIEL'S BEAUTY SCHOOL              ,IL,60640-0000,Proprietary  ,33,50,83,33,50,83
02261200,HAIR PROFESSIONALS ACAD COSMETOLOGY     ,IL,60118-0000,Proprietary  ,10,42,52,10,42,52
02261201,HAIR PROFESSIONALS ACADEMY OF COSMETOLOG,IL,60118-9333,Proprietary  ,5,5,10,5,5,10
02262100,HAIR PROFESSIONALS SCH COSMETOLOGY      ,IL,60543-0000,Proprietary  ,9,16,25,9,16,25
02291200,CANNELLA SCHOOL OF HAIR DESIGN          ,IL,60639-0000,Proprietary  ,43,79,122,43,79,122
02295500,CANNELLA SCHOOL OF HAIR DESIGN          ,IL,60120-0000,Proprietary  ,12,20,32,12,20,32
02297500,OEHRLEIN SCHOOL OF COSMETOLOGY          ,IL,61611-0000,Proprietary  ,23,40,63,23,40,63
02312300,LA' JAMES COLLEGE HAIRSTYLING           ,IL,61244-0000,Proprietary  ,7,29,36,7,29,36
02313900,WESTWOOD COLLEGE - O'HARE AIRPORT       ,IL,60631-2801,Proprietary  ,226,488,714,226,488,714
02317300,CONCEPT COLLEGE OF COSMETOLOGY          ,IL,61832-0000,Proprietary  ,22,28,50,22,28,50
02319200,LAKE FOREST GRAD SCHL OF MGMT           ,IL,60045-4824,Private      ,3,66,69,3,66,69
02323300,PROFESSIONAL'S CHOICE HAIR DSN ACAD     ,IL,60435-0000,Proprietary  ,23,59,82,23,59,82
02332200,HAIR PROFESSIONALS CAREER COLLEGE       ,IL,60178-0000,Proprietary  ,7,16,23,7,16,23
02337800,THE COLLEGE OF OFFICE TECHNOLOGY        ,IL,60622-0000,Proprietary  ,39,117,156,39,117,156
02349400,ALVAREITA'S COLLEGE OF COSMETOLOGY      ,IL,62035-0000,Proprietary  ,9,23,32,9,23,32
02349500,CANNELLA SCHOOL OF HAIR DESIGN          ,IL,60632-0000,Proprietary  ,59,82,141,59,82,141
02352200,LE CORDON BLEU COLLEGE OF CULINARY ARTS ,IL,60610-3050,Proprietary  ,662,834,1496,662,834,1496
02498200,G SKIN & BEAUTY INSTITUTE               ,IL,60523-1805,Proprietary  ,28,52,80,28,52,80
02498201,HAIR PROFESSIONALS ACADEMY OF COSMETOLOG,IL,60563-0000,Proprietary  ,17,20,37,17,20,37
02522800,FOX COLLEGE                             ,IL,60453-0000,Proprietary  ,348,351,699,348,351,699
02527600,LEXINGTON COLLEGE                       ,IL,60607-0000,Private      ,78,59,137,78,59,137
02536700,BELL MAR BEAUTY COLLEGE                 ,IL,60650-0000,Proprietary  ,24,35,59,24,35,59
02556100,ENVIRONMENTAL TECHNICAL INSTITUTE       ,IL,60143-0000,Proprietary  ,12,27,39,12,27,39
02556600,NILES SCHOOL OF COSMETOLOGY             ,IL,60714-0000,Proprietary  ,7,19,26,7,19,26
02573700,INSTITUTE FOR CLINICAL SOCIAL WORK      ,IL,60605-1229,Private      ,24,137,161,24,137,161
02579200,INGALLS MEMORIAL HOSPITAL               ,IL,60426-0000,Private      ,3,28,31,3,28,31
02584900,"FIRST INSTITUTE, INC.                   ",IL,60014-7489,Proprietary  ,12,57,69,12,57,69
02587700,HAIR PROFESSIONALS CAREER COLLEGE       ,IL,60465-1929,Proprietary  ,13,30,43,13,30,43
02599500,HANOVER PARK COLLEGE OF BEAUTY CULT     ,IL,60133-5421,Proprietary  ,11,15,26,11,15,26
02622700,KNOWLEDGE SYSTEMS INSTITUTE             ,IL,60076-0000,Private      ,0,3,3,0,3,3
03002000,HAIRMASTERS INST OF COSMETOLOGY         ,IL,61701-5547,Proprietary  ,18,30,48,18,30,48
03027702,PACIFIC COLLEGE OF ORIENTAL MEDICINE - C,IL,60613-4418,Proprietary  ,20,170,190,20,170,190
03065300,TREND SETTERS COLL OF COSMETOLOGY       ,IL,60915-2101,Proprietary  ,50,62,112,50,62,112
03072701,WESTWOOD COLLEGE OF TECHNOLOGY          ,IL,60409-0000,Proprietary  ,110,435,545,110,435,545
03072702,WESTWOOD COLLEGE OF TECHNOLOGY          ,IL,60602-0000,Proprietary  ,227,690,917,227,690,917
03078400,CAMEO BEAUTY ACADEMY                    ,IL,60453-3196,Proprietary  ,13,21,34,13,21,34
03079200,WESTWOOD COLLEGE - DUPAGE               ,IL,60517-2321,Proprietary  ,212,364,576,212,364,576
03082900,ROSEL SCHOOL OF COSMETOLOGY             ,IL,60659-1913,Proprietary  ,27,32,59,27,32,59
03083800,HEARTLAND COMMUNITY COLLEGE             ,IL,61761-9446,Public       ,1640,1231,2871,1640,1231,2871
03098000,ST JOHN'S COLLEGE OF NURSING            ,IL,62702-5321,Private      ,138,158,296,138,158,296
03098002,ST JOHN'S HOSP SCH MED TECH             ,IL,62769-5324,Private      ,21,54,75,21,54,75
03099700,CAIN'S BARBER COLLEGE                   ,IL,60615-3510,Proprietary  ,87,205,292,87,205,292
03099800,ILLINOIS SCHOOL OF HEALTH CAREERS       ,IL,60604-0000,Proprietary  ,234,521,755,234,521,755
03101800,ILLINOIS CENTER FOR BROADCASTING        ,IL,60148-7015,Proprietary  ,65,101,166,65,101,166
03128300,PYRAMID CAREER INSTITUTE                ,IL,60657-4207,Proprietary  ,0,2,2,0,2,2
03128500,NATIONAL LATINO EDUCATION INSTITUTE     ,IL,60609-2205,Private      ,26,30,56,26,30,56
03199300,CHRISTIAN LIFE COLLEGE                  ,IL,60056-2522,Private      ,7,12,19,7,12,19
03368300,MIDWEST TECHNICAL INSTITUTE             ,IL,62707-8805,Proprietary  ,225,744,969,225,744,969
03416300,COMPUTER SYSTEMS INSTITUTE              ,IL,60077-0000,Proprietary  ,81,249,330,81,249,330
03448300,BUSINESS INDUSTRIAL RESOURCES           ,IL,60659-1298,Proprietary  ,70,489,559,70,489,559
03455700,CORTIVA INSTITUTE - CHICAGO             ,IL,60602-3315,Proprietary  ,51,97,148,51,97,148
03455701,CORTIVA INSTITUTE - CHICAGO             ,IL,60014-6285,Proprietary  ,7,24,31,7,24,31
03510300,ERIKSON INSTITUTE                       ,IL,60654-4510,Private      ,5,295,300,5,295,300
03643300,"MR. JOHN'S SCHOOL OF JACKSONVILLE,  INC,",IL,62650-3488,Proprietary  ,1,8,9,1,8,9
03655300,ILLINOIS CAREERPATH INSTITUTE           ,IL,60610-4705,Private      ,22,64,86,22,64,86
03684300,NORTHSHORE UNIVERSITY HEALTHSYSTEM SCHOO,IL,60201-9872,Private      ,12,52,64,12,52,64
03881400,EUROPEAN MASSAGE THERAPY SCHOOL         ,IL,60077-2269,Proprietary  ,8,18,26,8,18,26
03891300,SOMA INSTITUTE - THE NATIONAL SCHOOL OF ,IL,60604-4466,Proprietary  ,21,51,72,21,51,72
03914300,"CALC, INSTITUTE OF TECHNOLOGY           ",IL,62002-5931,Proprietary  ,11,60,71,11,60,71
04117500,SOLEX MEDICAL ACADEMY                   ,IL,60090-3104,Proprietary  ,1,12,13,1,12,13
04117600,LARRY'S BARBER COLLEGE                  ,IL,60628-2322,Proprietary  ,103,245,348,103,245,348
04118400,ZAREM /GOLDE ORT TECHNICAL INSTITUTE    ,IL,60077-3210,Private      ,10,54,64,10,54,64
04124700,AMERICARE INSTITUTE                     ,IL,60133-5456,Proprietary  ,27,241,268,27,241,268
04136900,UNIVERSITY OF AESTHETICS (THE)          ,IL,60622-2151,Proprietary  ,7,31,38,7,31,38
04137000,UNIVERSITY OF AESTHETICS (THE)          ,IL,60515-5602,Proprietary  ,4,7,11,4,7,11
04137500,TRICOCI UNIVERSITY OF BEAUTY CULTURE    ,IL,60656-1805,Proprietary  ,131,195,326,131,195,326
04139000,CITI COLLEGE OF ALLIED HEALTH           ,IL,60602-1032,Proprietary  ,82,380,462,82,380,462
04141000,AVEDA INSTITUTE CHICAGO                 ,IL,60647-0000,Proprietary  ,118,186,304,118,186,304
04147100,TRICOCI UNIVERSITY OF BEAUTY CULTURE    ,IL,60048-2906,Proprietary  ,30,40,70,30,40,70
04147200,TRICOCI UNIVERSITY OF BEAUTY CULTURE    ,IL,60455-1824,Proprietary  ,44,70,114,44,70,114
04147300,TRICOCI UNIVERSITY OF BEAUTY CULTURE    ,IL,60139-3119,Proprietary  ,41,50,91,41,50,91
04147400,TRICOCI UNIVERSITY OF BEAUTY CULTURE    ,IL,61614-4831,Proprietary  ,26,55,81,26,55,81
04147500,TRICOCI UNIVERSITY OF BEAUTY CULTURE    ,IL,61108-2337,Proprietary  ,42,79,121,42,79,121
04160600,PAUL MITCHELL THE SCHOOL NORMAL         ,IL,61761-0000,Proprietary  ,94,72,166,94,72,166
04167800,INNOVATIONS DESIGN ACADEMY              ,IL,61520-2625,Proprietary  ,2,11,13,2,11,13
04168500,SOLEX COLLEGE                           ,IL,60090-3192,Proprietary  ,3,16,19,3,16,19
04170800,UNITY COSMETOLOGY COLLEGE               ,IL,61764-9652,Proprietary  ,4,17,21,4,17,21
04171600,SALON PROFESSIONAL ACADEMY OF ELGIN (THE,IL,60123-2319,Proprietary  ,14,32,46,14,32,46
04172200,NORTHWESTERN INSTITUTE OF HEALTH AND TEC,IL,60640-4785,Private      ,171,442,613,171,442,613
04174900,SKIN CARE AND SPA INSTITUTE             ,IL,60077-2200,Proprietary  ,3,19,22,3,19,22
04175000,UNIVERSAL SPA TRAINING ACADEMY          ,IL,60515-0000,Proprietary  ,4,23,27,4,23,27
04175800,J RENEE CAREER FACILITATION             ,IL,60014-7986,Proprietary  ,6,53,59,6,53,59
04186000,CHICAGO SCHOOL FOR PIANO TECHNOLOGY (THE,IL,60612-1630,Private      ,17,32,49,17,32,49
04187400,COSMETOLOGY CONCEPTS                    ,IL,60452-2501,Proprietary  ,36,66,102,36,66,102
04189200,SALON PROFESSIONAL ACADEMY (THE)        ,IL,60404-8789,Proprietary  ,10,21,31,10,21,31
04189400,SHEAR LEARNING ACADEMY OF COSMETOLOGY   ,IL,62523-1208,Proprietary  ,11,29,40,11,29,40
04189600,STATE CAREER SCHOOL                     ,IL,60085-5129,Proprietary  ,15,41,56,15,41,56
04192000,CURVE METRIC SCHOOL OF HAIR DESIGN      ,IL,60707-1118,Proprietary  ,1,4,5,1,4,5
00195100,ALICE LLOYD COLLEGE                     ,KY,41844-9703,Private      ,1019,163,1182,1019,163,1182
00195200,ASBURY COLLEGE                          ,KY,40390-1198,Private      ,1396,361,1757,1396,361,1757
00195300,ASBURY THEOLOGICAL SEMINARY             ,KY,40390-0000,Private      ,21,989,1010,21,989,1010
00195400,BELLARMINE UNIVERSITY                   ,KY,40205-1877,Private      ,4508,1301,5809,4508,1301,5809
00195500,BEREA COLLEGE                           ,KY,40403-0000,Private      ,3083,734,3817,3083,734,3817
00195800,BRESCIA UNIVERSITY                      ,KY,42301-3023,Private      ,857,456,1313,857,456,1313
00195900,CAMPBELLSVILLE UNIVERSITY               ,KY,42718-2799,Private      ,2448,1119,3567,2448,1119,3567
00196000,SPALDING UNIVERSITY                     ,KY,40203-2188,Private      ,1022,2091,3113,1022,2091,3113
00196100,CENTRE COLLEGE                          ,KY,40422-1394,Private      ,2453,105,2558,2453,105,2558
00196200,UNIVERSITY OF THE CUMBERLANDS           ,KY,40769-1372,Private      ,2605,1076,3681,2605,1076,3681
00196300,EASTERN KENTUCKY UNIVERSITY             ,KY,40475-3102,Public       ,11145,6316,17461,11145,6316,17461
00196400,GEORGETOWN COLLEGE                      ,KY,40324-1628,Private      ,2178,374,2552,2178,374,2552
00196500,KENTUCKY CHRISTIAN UNIVERSITY           ,KY,41143-2205,Private      ,749,146,895,749,146,895
00196800,KENTUCKY STATE UNIVERSITY               ,KY,40601-2355,Public       ,2472,1226,3698,2472,1226,3698
00196900,KENTUCKY WESLEYAN COLLEGE               ,KY,42301-6057,Private      ,976,234,1210,976,234,1210
00197100,LEXINGTON THEOLOGICAL SEMINARY          ,KY,40508-0000,Private      ,6,47,53,6,47,53
00197200,LINDSEY WILSON COLLEGE                  ,KY,42728-1223,Private      ,2980,1299,4279,2980,1299,4279
00197400,LOUISVILLE PRESBYTERIAN THEOL SEM       ,KY,40205-0000,Private      ,13,89,102,13,89,102
00197500,MIDWAY COLLEGE                          ,KY,40347-1120,Private      ,610,1473,2083,610,1473,2083
00197600,MOREHEAD STATE UNIVERSITY               ,KY,40351-1689,Public       ,6477,2926,9403,6477,2926,9403
00197700,MURRAY STATE UNIVERSITY                 ,KY,42071-0009,Public       ,6143,2365,8508,6143,2365,8508
00197900,WEST KENTUCKY CMNTY & TECHNICAL COLG    ,KY,42002-7380,Public       ,1298,1888,3186,1298,1888,3186
00198000,UNIVERSITY OF PIKEVILLE                 ,KY,41501-1194,Private      ,2012,895,2907,2012,895,2907
00198300,ST. CATHARINE COLLEGE                   ,KY,40061-9499,Private      ,744,322,1066,744,322,1066
00198700,TRANSYLVANIA UNIVERSITY                 ,KY,40508-1797,Private      ,1965,208,2173,1965,208,2173
00198800,UNION COLLEGE                           ,KY,40906-1499,Private      ,1197,516,1713,1197,516,1713
00198900,UNIVERSITY OF KENTUCKY                  ,KY,40506-0054,Public       ,20503,7000,27503,20503,7000,27503
00198901,UNIV OF KY-COLLEGE OF DENTISTRY         ,KY,40536-0000,Public       ,42,146,188,42,146,188
00198902,UNIV OF KY-COLLEGE OF MEDICINE          ,KY,40536-0000,Public       ,96,448,544,96,448,544
00199000,ASHLAND COMMUNITY AND TECHNICAL COLLEGE ,KY,41101-3683,Public       ,901,1203,2104,901,1203,2104
00199100,ELIZABETHTOWN COMMUNITY  AND TECHNICAL C,KY,42701-3081,Public       ,1620,2934,4554,1620,2934,4554
00199300,HENDERSON COMMUNITY COLLEGE             ,KY,42420-4699,Public       ,330,713,1043,330,713,1043
00199400,HOPKINSVILLE COMMUNITY COLLEGE          ,KY,42241-2621,Public       ,647,2063,2710,647,2063,2710
00199600,BIG SANDY COMMUNITY AND TECHNICAL COLG  ,KY,41653-1815,Public       ,1392,1295,2687,1392,1295,2687
00199700,SOMERSET COMMUNITY COLLEGE              ,KY,42501-2973,Public       ,2220,3867,6087,2220,3867,6087
00199800,SOUTHEAST KENTUCKY COMMUNITY AND TECHNIC,KY,40823-1099,Public       ,807,892,1699,807,892,1699
00199900,UNIVERSITY OF LOUISVILLE                ,KY,40292-0000,Public       ,12928,8545,21473,12928,8545,21473
00200100,THOMAS MORE COLLEGE                     ,KY,41017-3495,Private      ,1281,449,1730,1281,449,1730
00200200,WESTERN KENTUCKY UNIVERSITY             ,KY,42101-3576,Public       ,12600,5467,18067,12600,5467,18067
00461800,SPENCERIAN COLLEGE                      ,KY,40216-2605,Proprietary  ,488,993,1481,488,993,1481
00461900,SULLIVAN UNIVERSITY                     ,KY,40205-3000,Proprietary  ,1510,3450,4960,1510,3450,4960
00524400,BLUEGRASS COMMUNITY & TECHNICAL COLLEGE ,KY,40506-0235,Public       ,3665,5576,9241,3665,5576,9241
00527100,BOWLING GREEN TECHNICAL COLLEGE         ,KY,42101-3601,Public       ,1036,1902,2938,1036,1902,2938
00527300,GATEWAY COMMUNITY & TECHNOLOGY COLL     ,KY,41011-0000,Public       ,774,2043,2817,774,2043,2817
00696000,MAYSVILLE CMNTY & TECHNCL COLG          ,KY,41056-8910,Public       ,767,1341,2108,767,1341,2108
00696100,JEFFERSON COMMUNITY AND TECHNICAL COLLEG,KY,40202-2005,Public       ,4481,8326,12807,4481,8326,12807
00696200,HAZARD COMMUNITY COLLEGE                ,KY,41701-2402,Public       ,1055,1223,2278,1055,1223,2278
00696203,KY TECH-KNOTT CO. TECHNOLOGY CTR        ,KY,41822-0000,Public       ,10,7,17,10,7,17
00696204,KY TECH-LESLIE COUNTY AREA TECH CTR     ,KY,41749-0000,Public       ,6,6,12,6,6,12
00696205,KY TECH-LEE COUNTY AREA TECH CTR        ,KY,41311-0000,Public       ,2,3,5,2,3,5
00696206,KY TECH-LETCHER CNTY AREA TECH CTR      ,KY,41858-0000,Public       ,20,21,41,20,21,41
00696207,KY TECH-BREATHITT COUNTY VOC ED CTR     ,KY,41339-0000,Public       ,26,35,61,26,35,61
00736205,MEDTECH COLLEGE - LEXINGTON             ,KY,40511-1200,Proprietary  ,49,292,341,49,292,341
00842500,DAYMAR COLLEGE                          ,KY,42001-0000,Proprietary  ,37,215,252,37,215,252
00901000,MADISONVILLE COMMUNITY COLLEGE          ,KY,42431-9199,Public       ,666,1097,1763,666,1097,1763
00927500,NORTHERN KENTUCKY UNIVERSITY            ,KY,41099-0001,Public       ,7555,3890,11445,7555,3890,11445
00931300,DAYMAR COLLEGE                          ,KY,42301-5830,Proprietary  ,132,1168,1300,132,1168,1300
01042400,SALON PROFESSIONAL ACADEMY THE          ,KY,40502-1776,Proprietary  ,42,81,123,42,81,123
01048901,NATIONAL COLLEGE - FLORENCE CAMPUS      ,KY,41042-1812,Proprietary  ,26,157,183,26,157,183
01048902,NATIONAL COLLEGE - PIKEVILLE CAMPUS     ,KY,41501-1518,Proprietary  ,131,259,390,131,259,390
01048903,NATIONAL COLLEGE - DANVILLE CAMPUS      ,KY,40422-1517,Proprietary  ,41,268,309,41,268,309
01048904,NATIONAL COLLEGE - RICHMOND CAMPUS      ,KY,40475-2309,Proprietary  ,51,275,326,51,275,326
01048906,NATIONAL COLLEGE - LOUISVILLE CAMPUS    ,KY,40216-4147,Proprietary  ,102,585,687,102,585,687
01048907,NATIONAL COLLEGE - LEXINGTON CAMPUS     ,KY,40509-2256,Proprietary  ,64,510,574,64,510,574
01172500,COLLINS SCHOOL OF COSMETOLOGY           ,KY,40965-2809,Proprietary  ,17,22,39,17,22,39
01208800,SULLIVAN COLLEGE OF TECHNOLOGY AND DESIG,KY,40218-4528,Proprietary  ,393,517,910,393,517,910
01212801,SOUTHWESTERN COLLEGE                    ,KY,41042-1466,Proprietary  ,36,137,173,36,137,173
01272300,KY TECH-WAYNE COUNTY AREA TECH CTR      ,KY,42633-1088,Public       ,1,7,8,1,7,8
01291400,EMPIRE BEAUTY SCHOOL                    ,KY,40218-0000,Proprietary  ,46,133,179,46,133,179
01291500,EMPIRE BEAUTY SCHOOL                    ,KY,41042-5113,Proprietary  ,25,71,96,25,71,96
01291600,EMPIRE BEAUTY SCHOOL                    ,KY,40216-4212,Proprietary  ,27,73,100,27,73,100
01291700,EMPIRE BEAUTY SCHOOL                    ,KY,40160-0000,Proprietary  ,29,63,92,29,63,92
01296800,EMPIRE BEAUTY SCHOOL                    ,KY,40207-2695,Proprietary  ,34,65,99,34,65,99
02159100,"APPALACHIAN BEAUTY SCHOOL, INC.         ",KY,41503-0000,Proprietary  ,15,19,34,15,19,34
02177100,EMPIRE BEAUTY SCHOOL                    ,KY,40204-0000,Proprietary  ,43,119,162,43,119,162
02251500,TREND SETTERS ACAD OF BEAUTY CULT       ,KY,40258-0000,Proprietary  ,28,88,116,28,88,116
02275000,JENNY LEA ACADEMY OF COSMETOLOGY        ,KY,40831-0000,Proprietary  ,23,61,84,23,61,84
02284306,INTERACTIVE LEARNING SYSTEMS            ,KY,41042-0000,Proprietary  ,3,30,33,3,30,33
02323700,PAT WILSON'S BEAUTY COLLEGE             ,KY,42420-0000,Proprietary  ,6,10,16,6,10,16
02337200,PJ'S COLLEGE OF COSMETOLOGY             ,KY,42101-0000,Proprietary  ,65,198,263,65,198,263
02340800,PAUL MITCHELL THE SCHOOL LEXINGTON      ,KY,40514-1545,Proprietary  ,99,119,218,99,119,218
02351700,PAUL MITCHELL THE SCHOOL - LOUISVILLE   ,KY,40222-0000,Proprietary  ,101,133,234,101,133,234
02491100,BECKFIELD COLLEGE                       ,KY,41042-0000,Proprietary  ,128,924,1052,128,924,1052
02518900,BARRETT & COMPANY SCH HAIR DESIGN       ,KY,40356-0000,Proprietary  ,26,55,81,26,55,81
02526100,JENNY LEA ACADEMY OF COSMETOLOGY        ,KY,41858-0000,Proprietary  ,15,14,29,15,14,29
02535600,CLEAR CREEK BAPTIST BIBLE COLLEGE       ,KY,40977-0000,Private      ,22,51,73,22,51,73
02551100,PJ'S COLLEGE OF COSMETOLOGY             ,KY,42141-2434,Proprietary  ,14,35,49,14,35,49
02560800,SOUTHEAST SCHOOL OF COSMETOLOGY         ,KY,40962-0000,Proprietary  ,8,24,32,8,24,32
02576200,MID-CONTINENT UNIVERSITY                ,KY,42066-9007,Private      ,310,2682,2992,310,2682,2992
03002100,KENTUCKY MOUNTAIN BIBLE COLLEGE         ,KY,41385-0010,Private      ,39,17,56,39,17,56
03007000,FRONTIER SCH OF MIDWIFERY&FAMILY NU     ,KY,41749-0000,Private      ,6,613,619,6,613,619
03026200,HEAD'S WEST KENTUCKY BEAUTY COLLEGE     ,KY,42431-0000,Proprietary  ,6,25,31,6,25,31
03029200,NU-TEK ACADEMY OF BEAUTY                ,KY,40353-9767,Proprietary  ,20,22,42,20,22,42
03034500,OWENSBORO COMMUNITY & TECHNICAL COLLEGE ,KY,42303-1899,Public       ,986,1309,2295,986,1309,2295
03083700,GALEN HEALTH INSTITUTES                 ,KY,40207-1047,Proprietary  ,403,2292,2695,403,2292,2695
03103500,MR JIM'S BEAUTY COLLEGE                 ,KY,42301-2646,Proprietary  ,10,10,20,10,10,20
03516500,EZELL'S COSMETOLOGY SCHOOL              ,KY,42071-2530,Proprietary  ,20,30,50,20,30,50
03611300,BRIGHTON CENTER'S CENTER FOR EMPLOY     ,KY,41071-1968,Private      ,2,11,13,2,11,13
03804300,BELLEFONTE ACADEMY OF BEAUTY            ,KY,41169-2015,Proprietary  ,5,21,26,5,21,26
03885300,EMPLOYMENT SOLUTIONS                    ,KY,40517-3260,Private      ,20,123,143,20,123,143
03886300,REGENCY SCHOOL OF HAIR DESIGN           ,KY,41653-1278,Proprietary  ,13,25,38,13,25,38
04038300,ATA CAREER EDUCATION                    ,KY,40223-3832,Proprietary  ,116,612,728,116,612,728
04051316,ART INSTITUTE OF PHOENIX (THE) - ATS - (,KY,41017-2136,Proprietary  ,65,300,365,65,300,365
04051319,ART INSTITUTE OF PHOENIX (THE) - BROWN M,KY,40219-1916,Proprietary  ,145,417,562,145,417,562
04051320,ART INSTITUTE OF PHOENIX (THE) - BROWN M,KY,42240-3579,Proprietary  ,29,170,199,29,170,199
04123900,LEXINGTON HEALING ARTS ACADEMY          ,KY,40503-1932,Proprietary  ,23,69,92,23,69,92
04177600,LINDSEY INSTITUTE OF COSMETOLOGY        ,KY,42103-8036,Proprietary  ,53,68,121,53,68,121
04177700,TRI-STATE INSTITUTE OF HAIR DESIGN      ,KY,40744-5234,Proprietary  ,18,49,67,18,49,67
04178000,SIMMONS COLLEGE OF KENTUCKY             ,KY,40203-3322,Private      ,15,76,91,15,76,91
00200300,CENTENARY COLLEGE OF LOUISIANA          ,LA,71104-3396,Private      ,615,138,753,615,138,753
00200400,DILLARD UNIVERSITY                      ,LA,70122-3097,Private      ,1987,690,2677,1987,690,2677
00200500,NICHOLLS STATE UNIVERSITY               ,LA,70310-0001,Public       ,2636,964,3600,2636,964,3600
00200600,GRAMBLING STATE UNIVERSITY              ,LA,71245-2215,Public       ,3776,1556,5332,3776,1556,5332
00200700,LOUISIANA COLLEGE                       ,LA,71359-0000,Private      ,580,231,811,580,231,811
00200800,LOUISIANA TECH UNIVERSITY               ,LA,71272-0001,Public       ,3231,1119,4350,3231,1119,4350
00201000,LOUISIANA STATE UNIV & A&M COLG         ,LA,70803-5710,Public       ,14188,4213,18401,14188,4213,18401
00201100,LOUISIANA STATE UNIV-ALEXANDRIA         ,LA,71302-9121,Public       ,839,815,1654,839,815,1654
00201200,LOUISIANA STATE UNIV-EUNICE             ,LA,70535-6726,Public       ,965,859,1824,965,859,1824
00201300,LOUISIANA STATE UNIV-SHREVEPORT         ,LA,71115-2399,Public       ,1301,1125,2426,1301,1125,2426
00201400,LA STATE UNIV HEALTH SCIENCES CTR       ,LA,70112-2223,Public       ,259,1192,1451,259,1192,1451
00201500,(THE) UNIVERSITY OF NEW ORLEANS         ,LA,70148-0001,Public       ,3207,2919,6126,3207,2919,6126
00201600,LOYOLA UNIVERSITY NEW ORLEANS           ,LA,70118-6195,Private      ,3667,1524,5191,3667,1524,5191
00201700,MCNEESE STATE UNIVERSITY                ,LA,70609-4510,Public       ,2460,1432,3892,2460,1432,3892
00201900,NEW ORLEANS BAPTIST THEOL SEMINARY      ,LA,70126-0000,Private      ,18,86,104,18,86,104
00202000,UNIVERSITY OF LOUISIANA AT MONROE       ,LA,71209-9001,Public       ,2915,1637,4552,2915,1637,4552
00202100,NORTHWESTERN STATE UNIVERSITY           ,LA,71497-0001,Public       ,2879,2053,4932,2879,2053,4932
00202200,NOTRE DAME SEMINARY                     ,LA,70118-0000,Private      ,4,17,21,4,17,21
00202300,OUR LADY OF HOLY CROSS COLLEGE          ,LA,70131-7399,Private      ,284,497,781,284,497,781
00202400,SOUTHEASTERN LOUISIANA UNIV             ,LA,70402-0001,Public       ,4603,2073,6676,4603,2073,6676
00202500,SOUTHERN UNIVERSITY A & M COLLEGE       ,LA,70813-9374,Public       ,3413,2666,6079,3413,2666,6079
00202600,SOUTHERN UNIV NEW ORLEANS               ,LA,70126-0002,Public       ,996,1650,2646,996,1650,2646
00202700,ST JOSEPH SEMINARY COLLEGE              ,LA,70457-9990,Private      ,10,3,13,10,3,13
00202900,TULANE UNIVERSITY                       ,LA,70118-5698,Private      ,10077,4497,14574,10077,4497,14574
00203100,UNIV OF LOUISIANA AT LAFAYETTE          ,LA,70504-0001,Public       ,6449,2287,8736,6449,2287,8736
00203200,XAVIER UNIVERSITY OF LOUISIANA          ,LA,70125-1098,Private      ,3719,987,4706,3719,987,4706
00462100,AYERS CAREER COLLEGE                    ,LA,71108-5845,Proprietary  ,17,78,95,17,78,95
00462500,DELGADO COMMUNITY COLLEGE               ,LA,70119-0000,Public       ,2832,6331,9163,2832,6331,9163
00546700,SOWELA TECHNICAL COMMUNITY COLLEGE      ,LA,70616-6950,Public       ,315,441,756,315,441,756
00546702,SOWELA TECHNICAL COMMUNITY COLLEGE - MOR,LA,70546-1327,Public       ,19,22,41,19,22,41
00547100,NORTHEAST LOUISIANA TECHNICAL COLLEGE   ,LA,71292-9064,Public       ,92,211,303,92,211,303
00547101,NORTHEAST LOUISIANA TECHNICAL COLLEGE   ,LA,71241-0000,Public       ,6,10,16,6,10,16
00547102,NORTHEAST LOUISIANA TECHNICAL COLLEGE   ,LA,71270-0000,Public       ,78,74,152,78,74,152
00547103,NORTHEAST LOUISIANA TECHNICAL COLLEGE   ,LA,71295-0000,Public       ,26,42,68,26,42,68
00547104,NORTHEAST LOUISIANA TECHNICAL COLLEGE   ,LA,71220-0000,Public       ,17,42,59,17,42,59
00548800,LOUISIANA TECH COLG-BATON ROUGE         ,LA,70807-0000,Public       ,211,310,521,211,310,521
00548812,LOUISIANA TECH COLG-FOLKES CAMPUS       ,LA,70748-0000,Public       ,11,12,23,11,12,23
00548817,LOUISIANA TEC CLG-JUMONVILLE MEM CP     ,LA,70760-0000,Public       ,2,14,16,2,14,16
00548842,LOUISIANA TECHNICAL COLLEGE - WESTSIDE C,LA,70765-0733,Public       ,4,23,27,4,23,27
00548900,CENTRAL LOUISIANA TECHNICAL COLLEGE     ,LA,71302-3137,Public       ,71,216,287,71,216,287
00548901,CENTRAL LOUISIANA TECHNICAL COLLEGE     ,LA,71327-3743,Public       ,13,27,40,13,27,40
00548902,CENTRAL LOUISIANA TECHNICAL COLLEGE     ,LA,71483-3563,Public       ,15,31,46,15,31,46
00548903,CENTRAL LOUISIANA TECHNICAL COLLEGE     ,LA,71302-6511,Public       ,19,105,124,19,105,124
00548904,CENTRAL LOUISIANA TECHNICAL COLLEGE     ,LA,71463-3536,Public       ,17,37,54,17,37,54
00548905,CENTRAL LOUISIANA TECHNICAL COLLEGE     ,LA,71334-2232,Public       ,20,43,63,20,43,63
00552600,SOUTH CENTRAL LOUISIANA TECHNICAL COLG  ,LA,70381-2148,Public       ,44,94,138,44,94,138
00552602,SOUTH CENTRAL LOUISIANA TECHNICAL COLG  ,LA,70302-4336,Public       ,48,83,131,48,83,131
00552603,SOUTH CENTRAL LOUISIANA TECHNICAL COLG  ,LA,70084-6632,Public       ,72,122,194,72,122,194
00576100,L. E. FLETCHER TECHNICAL COMMUNITY COLLE,LA,70360-2863,Public       ,312,528,840,312,528,840
00675600,NORTHSHORE TECHNICAL COLLEGE            ,LA,70427-5866,Public       ,65,178,243,65,178,243
00675603,NORTHSHORE TECHNICAL COLLEGE - HAMMOND  ,LA,70401-0000,Public       ,104,206,310,104,206,310
00675604,NORTHSHORE TECHNICAL COLLEGE - FLORIDA  ,LA,70441-0000,Public       ,33,75,108,33,75,108
00768600,SOUTHERN UNIV AT SHREVEPORT/BOSSIER     ,LA,71107-4795,Public       ,442,911,1353,442,911,1353
00777707,REMINGTON COLLEGE - CLEVELAND CAMPUS - L,LA,70508-5760,Private      ,65,102,167,65,102,167
00777708,REMINGTON COLLEGE - CLEVELAND CAMPUS - B,LA,70816-4040,Private      ,88,166,254,88,166,254
00806700,LSU HEALTH SCIENCES CENTR-SHREVEPOR     ,LA,71130-3932,Public       ,174,502,676,174,502,676
00989800,DEMMON SCHOOL OF BEAUTY                 ,LA,70607-2128,Proprietary  ,9,30,39,9,30,39
00997500,NORTHWEST LOUISIANA TECHNICAL COLLEGE   ,LA,71055-2422,Public       ,54,109,163,54,109,163
00997503,NORTHWEST LOUISIANA TECHNICAL COLLEGE   ,LA,71137-8527,Public       ,77,319,396,77,319,396
00997504,NORTHWEST LOUISIANA TECHNICAL COLLEGE   ,LA,71052-1236,Public       ,8,30,38,8,30,38
00997505,NORTHWEST LOUISIANA TECHNICAL COLLEGE   ,LA,71449-0790,Public       ,3,29,32,3,29,32
00997506,NORTHWEST LOUISIANA TECHNICAL COLLEGE   ,LA,71458-0657,Public       ,77,113,190,77,113,190
01005701,AMERICAN COMMERCIAL COLLEGE             ,LA,71105-2502,Proprietary  ,11,54,65,11,54,65
01109700,CLOYD'S BEAUTY SCHOOL #1                ,LA,71291-3131,Proprietary  ,9,29,38,9,29,38
01163100,"D-JAY'S SCHL OF BEAUTY, ARTS & SCI      ",LA,70806-0000,Proprietary  ,15,47,62,15,47,62
01184100,JOHN JAY BEAUTY COLLEGE                 ,LA,70124-2592,Proprietary  ,31,81,112,31,81,112
01282300,PAT GOINS RUSTON BEAUTY SCHOOL          ,LA,71270-4301,Proprietary  ,9,11,20,9,11,20
01287900,PAT GOINS BENTON ROAD BEAUTY SCHOOL     ,LA,71111-4838,Proprietary  ,10,11,21,10,11,21
01288000,PAT GOINS BEAUTY SCHOOL                 ,LA,71201-5167,Proprietary  ,5,18,23,5,18,23
02055400,BOSSIER PARISH COMMUNITY COLLEGE        ,LA,71111-0000,Public       ,911,1476,2387,911,1476,2387
02055500,DELTA SCH OF BUSINESS & TECHNOLOGY      ,LA,70601-0000,Proprietary  ,38,104,142,38,104,142
02117800,AVEDA INSTITUTE LAFAYETTE               ,LA,70503-3246,Proprietary  ,34,53,87,34,53,87
02166100,NUNEZ COMMUNITY COLLEGE                 ,LA,70043-0000,Public       ,190,397,587,190,397,587
02166200,ITI TECHNICAL COLLEGE                   ,LA,70817-0000,Proprietary  ,114,201,315,114,201,315
02197500,BATON ROUGE SCHOOL OF COMPUTERS         ,LA,70809-8188,Proprietary  ,21,48,69,21,48,69
02214800,ACADIANA TECHNICAL COLLEGE              ,LA,70506-4109,Public       ,218,352,570,218,352,570
02214802,ACADIANA TECHNICAL COLLEGE - ACADIAN    ,LA,70526-4109,Public       ,28,78,106,28,78,106
02214803,ACADIANA TECHNICAL COLLEGE - C.B. COREIL,LA,70586-0000,Public       ,38,54,92,38,54,92
02214804,ACADIANA TECHNICAL COLLEGE - EVANGELINE ,LA,70582-0000,Public       ,17,65,82,17,65,82
02214805,ACADIANA TECHNICAL COLLEGE - GULF AREA  ,LA,70510-0000,Public       ,41,98,139,41,98,139
02214806,ACADIANA TECHNICAL COLLEGE - T.H. HARRIS,LA,70570-0000,Public       ,68,146,214,68,146,214
02214807,ACADIANA TECHNICAL COLLEGE - TECHE AREA ,LA,70562-0000,Public       ,59,100,159,59,100,159
02234000,CAMERON COLLEGE                         ,LA,70119-0000,Proprietary  ,26,100,126,26,100,126
02258400,AVEDA INSTITUTE BATON ROUGE             ,LA,70816-2246,Proprietary  ,46,105,151,46,105,151
02260200,DIESEL DRIVING ACADEMY                  ,LA,71109-5617,Proprietary  ,9,70,79,9,70,79
02265600,JOHN JAY KENNER ACADEMY                 ,LA,70062-0000,Proprietary  ,7,16,23,7,16,23
02269300,STEVENSON'S ACADEMY OF HAIR DESIGN      ,LA,70116-0000,Proprietary  ,20,72,92,20,72,92
02327800,PINEVILLE BEAUTY SCHOOL                 ,LA,71360-0000,Proprietary  ,14,26,40,14,26,40
02335700,BATON ROUGE GENERAL MEDICAL CENTER      ,LA,70806-3889,Private      ,37,65,102,37,65,102
02335701,BATON ROUGE GEN MED CTR SCH NSG         ,LA,70821-0000,Private      ,27,97,124,27,97,124
02335702,BATON ROUGE GEN MED CTR-RAD TECH        ,LA,70806-0000,Private      ,23,47,70,23,47,70
02338000,"CLOYD'S BEAUTY SCHOOL #2, INC           ",LA,71202-3539,Proprietary  ,10,29,39,10,29,39
02352500,"CLOYD'S BEAUTY SCHOOL #3, INC           ",LA,71201-3211,Proprietary  ,10,26,36,10,26,36
02358600,"STAGE ONE THE HAIR SCHOOL, INC.         ",LA,70605-0000,Proprietary  ,17,44,61,17,44,61
02518300,SOUTH LOUISIANA BEAUTY COLLEGE          ,LA,70363-0000,Proprietary  ,2,28,30,2,28,30
02536400,LOUISIANA ACADEMY OF BEAUTY             ,LA,70535-0000,Proprietary  ,9,15,24,9,15,24
02538300,DELTA COLLEGE OF ARTS & TECH INC        ,LA,70806-1529,Proprietary  ,43,192,235,43,192,235
02538301,DELTA COLLEGE OF ARTS & TECHNOLOGY - LAF,LA,70508-6831,Proprietary  ,41,129,170,41,129,170
02548500,COSMETOLOGY TRAINING CENTER             ,LA,70503-0000,Proprietary  ,15,30,45,15,30,45
02554800,VANGUARD COLLEGE OF COSMETOLOGY         ,LA,70458-8823,Proprietary  ,25,41,66,25,41,66
02582200,"GUY'S ACADEMY HAIR, SKIN & NAILS        ",LA,71105-2404,Proprietary  ,13,49,62,13,49,62
02600900,AVEDA INSTITUTE                         ,LA,70433-2922,Proprietary  ,199,393,592,199,393,592
02601000,AMERICAN SCHOOL OF BUSINESS             ,LA,71105-5646,Proprietary  ,13,41,54,13,41,54
02601100,OPELOUSAS SCHOOL OF COSMETOLOGY         ,LA,70570-6156,Proprietary  ,7,13,20,7,13,20
02606800,CAREER TRAINING SPECIALISTS             ,LA,71201-6046,Proprietary  ,85,349,434,85,349,434
02606801,CAREER TECHNICAL COLLEGE - SHREVEPORT   ,LA,71105-2405,Proprietary  ,71,246,317,71,246,317
02617100,BATON ROUGE COLLEGE                     ,LA,70806-1725,Proprietary  ,71,109,180,71,109,180
02619200,DENHAM SPRINGS BEAUTY COLLEGE           ,LA,70726-3829,Proprietary  ,10,40,50,10,40,50
03010400,CRESCENT CITY SCH GAMING & BARTENDG     ,LA,70119-5507,Proprietary  ,16,127,143,16,127,143
03010624,VIRGINIA COLLEGE - BATON ROUGE          ,LA,70815-8604,Proprietary  ,42,263,305,42,263,305
03023500,CAMELOT CAREER COLLEGE                  ,LA,70805-7539,Proprietary  ,38,81,119,38,81,119
03030900,DIESEL DRIVING ACADEMY                  ,LA,70815-8109,Proprietary  ,11,51,62,11,51,62
03095100,GRETNA CAREER COLLEGE                   ,LA,70053-2436,Proprietary  ,15,94,109,15,94,109
03106200,OUR LADY OF THE LAKE COLLEGE            ,LA,70808-4345,Private      ,443,736,1179,443,736,1179
03253300,JONESVILLE BEAUTY SCHOOL                ,LA,71343-0000,Proprietary  ,23,28,51,23,28,51
03294300,BLUE CLIFF SCH THERAPEUTIC MASSAGE      ,LA,70002-3458,Proprietary  ,56,227,283,56,227,283
03332600,DELTA COLLEGE                           ,LA,70433-9042,Proprietary  ,62,152,214,62,152,214
03332601,DELTA COLLEGE - SLIDELL                 ,LA,70460-2624,Proprietary  ,37,150,187,37,150,187
03356300,MEDICAL TRAINING COLLEGE                ,LA,70816-5820,Proprietary  ,39,126,165,39,126,165
03422500,BLUE CLIFF COLLEGE                      ,LA,71107-6520,Proprietary  ,58,307,365,58,307,365
03422600,BLUE CLIFF COLLEGE                      ,LA,70508-3858,Proprietary  ,74,341,415,74,341,415
03480300,MEDVANCE INSTITUTE                      ,LA,70809-1908,Proprietary  ,24,153,177,24,153,177
03498400,OMEGA INSTITUTE OF COSMETOLOGY          ,LA,70360-0000,Proprietary  ,13,24,37,13,24,37
03727500,MOORE CAREER COLLEGE                    ,LA,70808-4191,Proprietary  ,6,17,23,6,17,23
03730300,BATON ROUGE COMMUNITY COLLEGE           ,LA,78806-4129,Public       ,1801,2143,3944,1801,2143,3944
03752400,SCHOOL OF URBAN MISSIONS                ,LA,70053-0000,Private      ,45,79,124,45,79,124
03789300,UNITECH TRAINING ACADEMY                ,LA,70503-5132,Proprietary  ,36,73,109,36,73,109
03789301,UNITECH TRAINING ACADEMY - WEST MONROE  ,LA,71291-2913,Proprietary  ,9,61,70,9,61,70
03789302,UNITECH TRAINING ACADEMY - HOUMA        ,LA,70363-5556,Proprietary  ,11,32,43,11,32,43
03789303,UNITECH TRAINING ACADEMY -  ALEXANDRIA  ,LA,71303-3625,Proprietary  ,16,55,71,16,55,71
03789304,UNITECH TRAINING ACADEMY - LAKE CHARLES ,LA,70601-7887,Proprietary  ,25,76,101,25,76,101
03789400,RIVER PARISHES COMMUNITY COLLEGE        ,LA,70778-0310,Public       ,229,301,530,229,301,530
03810500,COURT REPORTING INSTITUTE OF LOUISI     ,LA,70816-0000,Proprietary  ,2,38,40,2,38,40
03956300,SOUTH LOUISIANA COMMUNITY COLLEGE       ,LA,70506-0000,Public       ,706,784,1490,706,784,1490
04040300,COMPASS CAREER COLLEGE                  ,LA,70403-0653,Proprietary  ,28,85,113,28,85,113
04112300,LOUISIANA CULINARY INSTITUTE            ,LA,70816-4109,Proprietary  ,122,141,263,122,141,263
04120700,ALDEN'S SCHOOL OF COSMETOLOGY           ,LA,70714-1502,Proprietary  ,2,13,15,2,13,15
04130100,LOUISIANA DELTA COMMUNITY COLLEGE       ,LA,71203-3618,Public       ,583,852,1435,583,852,1435
04130101,LOUISIANA TECHNICAL COLG - TALLULAH     ,LA,71284-0000,Public       ,23,32,55,23,32,55
04149500,A & W HEALTHCARE EDUCATORS              ,LA,70122-3146,Proprietary  ,19,109,128,19,109,128
04151600,MY-LE'S BEAUTY COLLEGE                  ,LA,70056-3150,Proprietary  ,4,23,27,4,23,27
00143600,CAPITOL COLLEGE                         ,MD,20708-9759,Private      ,376,283,659,376,283,659
00146200,WASHINGTON BIBLE COLLEGE                ,MD,20706-3599,Private      ,54,210,264,54,210,264
00205700,ALLEGANY COLLEGE OF MARYLAND            ,MD,21502-2596,Public       ,1759,1111,2870,1759,1111,2870
00205800,ANNE ARUNDEL COMMUNITY COLLEGE          ,MD,21012-1895,Public       ,3317,4785,8102,3317,4785,8102
00206100,BALTIMORE CITY COMMUNITY COLLEGE        ,MD,21215-7893,Public       ,2721,5629,8350,2721,5629,8350
00206200,BOWIE STATE UNIVERSITY                  ,MD,20715-9465,Public       ,6142,3602,9744,6142,3602,9744
00206300,COMMUNITY COLLEGE OF BALTIMORE COUNTY   ,MD,21228-5381,Public       ,6418,9329,15747,6418,9329,15747
00206400,COLLEGE OF SOUTHERN MARYLAND            ,MD,20646-0910,Public       ,2238,2522,4760,2238,2522,4760
00206500,NOTRE DAME OF MARYLAND UNIVERSITY       ,MD,21210-2476,Private      ,1009,1525,2534,1009,1525,2534
00206700,WASHINGTON ADVENTIST UNIVERSITY         ,MD,20912-7796,Private      ,676,799,1475,676,799,1475
00206800,COPPIN STATE UNIVERSITY                 ,MD,21216-3698,Public       ,3854,3687,7541,3854,3687,7541
00207100,FREDERICK COMMUNITY COLLEGE             ,MD,21702-9745,Public       ,1426,1492,2918,1426,1492,2918
00207200,FROSTBURG STATE UNIVERSITY              ,MD,21532-1099,Public       ,5919,1244,7163,5919,1244,7163
00207300,GOUCHER COLLEGE                         ,MD,21204-2794,Private      ,3015,669,3684,3015,669,3684
00207400,HAGERSTOWN COMMUNITY COLLEGE            ,MD,21742-6514,Public       ,1247,1628,2875,1247,1628,2875
00207500,HARFORD COMMUNITY COLLEGE               ,MD,21015-1696,Public       ,1302,1344,2646,1302,1344,2646
00207600,HOOD COLLEGE                            ,MD,21701-8575,Private      ,2341,621,2962,2341,621,2962
00207700,JOHNS HOPKINS UNIVERSITY                ,MD,21218-2693,Private      ,9118,1599,10717,9118,1599,10717
00207702,JOHNS HOPKINS UNIV SCH ARTS/SCI/ENG     ,MD,21218-0000,Private      ,3282,1114,4396,3282,1114,4396
00207703,JOHNS HOPKINS UNIV SCH OF BUS/ED        ,MD,21046-0000,Private      ,73,856,929,73,856,929
00207705,JOHNS HOPKINS BLOOMBERG SCH OF PH       ,MD,21205-0000,Private      ,52,1195,1247,52,1195,1247
00207706,JOHNS HOPKINS UNIV SCH OF MEDICINE      ,MD,21205-0000,Private      ,240,1086,1326,240,1086,1326
00207707,JOHNS HOPKINS UNIV SCH OF NURSING       ,MD,21205-0000,Private      ,318,1095,1413,318,1095,1413
00207708,JOHNS HOPKINS UNIV PEABODY CONSERV      ,MD,21202-2397,Private      ,583,412,995,583,412,995
00207800,LOYOLA UNIVERSITY MARYLAND              ,MD,21210-2699,Private      ,8875,1799,10674,8875,1799,10674
00208000,MARYLAND INST COLLEGE OF ART            ,MD,21217-4191,Private      ,2767,855,3622,2767,855,3622
00208300,MORGAN STATE UNIVERSITY                 ,MD,21251-0002,Public       ,9536,4926,14462,9536,4926,14462
00208600,MOUNT SAINT MARY'S UNIVERSITY           ,MD,21727-7799,Private      ,3374,289,3663,3374,289,3663
00208700,NER ISRAEL RABBINICAL COLLEGE           ,MD,21208-1198,Private      ,62,28,90,62,28,90
00208900,PRINCE GEORGES COMMUNITY COLLEGE        ,MD,20774-2199,Public       ,4419,6319,10738,4419,6319,10738
00209100,SALISBURY UNIVERSITY                    ,MD,21801-6862,Public       ,11008,1817,12825,11008,1817,12825
00209200,ST JOHN'S COLLEGE                       ,MD,21404-0000,Private      ,590,135,725,590,135,725
00209500,ST. MARY'S COLLEGE OF MARYLAND          ,MD,20686-3001,Public       ,2479,203,2682,2479,203,2682
00209600,ST MARY'S SEMINARY & UNIV               ,MD,21210-1994,Private      ,28,50,78,28,50,78
00209900,TOWSON UNIVERSITY                       ,MD,21252-0002,Public       ,23533,6536,30069,23533,6536,30069
00210200,UNIVERSITY OF BALTIMORE                 ,MD,21201-5779,Public       ,1678,4927,6605,1678,4927,6605
00210300,"UNIVERSITY OF MARYLAND, COLLEGE PARK    ",MD,20742-5145,Public       ,30192,9837,40029,30192,9837,40029
00210400,"UNIVERSITY OF MARYLAND, BALTIMORE       ",MD,21201-1691,Public       ,3861,8840,12701,3861,8840,12701
00210500,UMBC                                    ,MD,21250-0002,Public       ,9750,4136,13886,9750,4136,13886
00210600,UNIVERSITY MARYLAND EASTERN SHORE       ,MD,21853-4053,Public       ,5288,1822,7110,5288,1822,7110
00210700,STEVENSON UNIVERSITY                    ,MD,21153-0641,Private      ,6135,1487,7622,6135,1487,7622
00210800,WASHINGTON COLLEGE                      ,MD,21620-1197,Private      ,2679,101,2780,2679,101,2780
00210900,MCDANIEL COLLEGE                        ,MD,21157-4390,Private      ,3125,456,3581,3125,456,3581
00458612,KAPLAN COLLEGE                          ,MD,21742-2797,Proprietary  ,97,472,569,97,472,569
00458614,KAPLAN COLLEGE - FREDERICK              ,MD,21704-8307,Proprietary  ,32,159,191,32,159,191
00465000,CHESAPEAKE COLLEGE                      ,MD,21679-0008,Public       ,876,847,1723,876,847,1723
00691100,MONTGOMERY COLLEGE                      ,MD,20850-1195,Public       ,7612,6411,14023,7612,6411,14023
00734100,INTERNATIONAL BEAUTY SCHOOL             ,MD,21502-2370,Proprietary  ,13,89,102,13,89,102
00744700,DEL-MAR-VA BEAUTY ACADEMY               ,MD,21804-0000,Proprietary  ,33,54,87,33,54,87
00749100,TESST COLLEGE OF TECHNOLOGY             ,MD,21227-1063,Proprietary  ,199,651,850,199,651,850
00793600,LINCOLN TECHNICAL INSTITUTE             ,MD,21046-1544,Proprietary  ,216,232,448,216,232,448
00817500,HOWARD COMMUNITY COLLEGE                ,MD,21044-3197,Public       ,2492,2420,4912,2492,2420,4912
00826300,AWARD BEAUTY SCHOOL                     ,MD,21740-5624,Proprietary  ,15,24,39,15,24,39
00830800,CECIL COLLEGE                           ,MD,21901-1999,Public       ,668,636,1304,668,636,1304
00907906,EVEREST COLLEGE- EVEREST INSTITUTE      ,MD,20910-3737,Proprietary  ,110,275,385,110,275,385
01001400,GARRETT COMMUNITY COLLEGE               ,MD,21541-1265,Public       ,763,270,1033,763,270,1033
01031900,MEDIX SCHOOL                            ,MD,21204-2538,Proprietary  ,188,778,966,188,778,966
01041000,TESST COLLEGE OF TECHNOLOGY             ,MD,21286-2201,Proprietary  ,94,249,343,94,249,343
01164400,UNIV OF MARYLAND UNIVERSITY COLLEGE     ,MD,20783-8078,Public       ,1888,17842,19730,1888,17842,19730
01164402,U OF MD UNIVERSITY COLLEGE - EUROPE     ,MD,20832-0000,Public       ,283,367,650,283,367,650
01164404,U OF MD UNIVERSITY COLLEGE - ASIA       ,MD,31207-0000,Public       ,42,349,391,42,349,391
02073900,WOR-WIC COMMUNITY COLLEGE               ,MD,21804-0000,Public       ,1124,1632,2756,1124,1632,2756
02083600,TESST COLLEGE OF TECHNOLOGY             ,MD,20705-2698,Proprietary  ,113,301,414,113,301,414
02116005,SANFORD-BROWN INSTITUTE - LANDOVER      ,MD,20785-2287,Proprietary  ,65,303,368,65,303,368
02127900,SOJOURNER DOUGLASS COLLEGE              ,MD,21205-0000,Private      ,185,2101,2286,185,2101,2286
02155100,MARYLAND COLLEGE OF ART AND DESIGN      ,MD,20902-0000,Private      ,118,96,214,118,96,214
02269700,"COLORLAB ACADEMY OF HAIR, THE           ",MD,21014-3639,Proprietary  ,10,25,35,10,25,35
02314800,BALTIMORE INTERNATIONAL COLLEGE         ,MD,21202-0000,Private      ,73,126,199,73,126,199
02331000,MARYLAND BEAUTY ACADEMY OF ESSEX        ,MD,21221-0000,Proprietary  ,43,78,121,43,78,121
02333000,HAIR ACADEMY                            ,MD,20784-0000,Proprietary  ,42,84,126,42,84,126
02343800,MONTGOMERY BEAUTY SCHOOL                ,MD,20901-0000,Proprietary  ,36,89,125,36,89,125
02494700,BALTIMORE STUDIO OF HAIR DESIGN         ,MD,21201-0000,Proprietary  ,77,148,225,77,148,225
02495000,ROBERT PAUL ACAD COSMTGY ARTS & SCI     ,MD,21093-0000,Proprietary  ,26,28,54,26,28,54
02495100,MARYLAND BEAUTY ACADEMY                 ,MD,21136-0000,Proprietary  ,13,26,39,13,26,39
02545400,NORTH AMERICAN TRADE SCHOOLS            ,MD,21244-0069,Proprietary  ,109,337,446,109,337,446
02573800,"L' ACADEMIE DE CUISINE, INC.            ",MD,20877-0000,Proprietary  ,37,74,111,37,74,111
02578400,TAI SOPHIA INSTITUTE                    ,MD,20723-6010,Private      ,3,107,110,3,107,110
03027200,BLADES SCHOOL OF HAIR DESIGN            ,MD,20619-0226,Proprietary  ,11,26,37,11,26,37
03064900,AARON'S ACADEMY OF BEAUTY               ,MD,20602-2715,Proprietary  ,18,44,62,18,44,62
03097200,AESTHETICS INSTITUTE OF COSMETOLOGY     ,MD,20877-1305,Proprietary  ,16,36,52,16,36,52
03100700,CARROLL COMMUNITY COLLEGE               ,MD,21157-6913,Public       ,875,716,1591,875,716,1591
03148300,AMERICAN BEAUTY ACADEMY                 ,MD,20902-1911,Proprietary  ,46,53,99,46,53,99
03296300,BALTIMORE SCHOOL OF MASSAGE             ,MD,21090-2261,Proprietary  ,31,91,122,31,91,122
03327300,NEW CREATIONS ACADEMY OF HAIR DSN       ,MD,20746-2960,Proprietary  ,13,48,61,13,48,61
03455500,NATIONAL LABOR COLLEGE                  ,MD,20903-1790,Private      ,7,139,146,7,139,146
03493300,ALL-STATE CAREER SCHOOL                 ,MD,21224-6658,Proprietary  ,230,707,937,230,707,937
03771300,AMERICAN CAREER INSTITUTE               ,MD,20902-4637,Proprietary  ,100,486,586,100,486,586
03822400,MAPLE SPRINGS BAPTIST BIBLE COLLEGE & SE,MD,20743-5711,Private      ,2,23,25,2,23,25
03937300,YESHIVA COLLEGE OF THE NATION'S CAPITAL ,MD,20902-1700,Private      ,6,16,22,6,16,22
03965500,HAIR EXPRESSIONS ACADEMY                ,MD,20852-1729,Proprietary  ,20,65,85,20,65,85
04139700,FREDERICK SCHOOL OF COSMETOLOGY         ,MD,21701-0000,Proprietary  ,28,22,50,28,22,50
04141600,OMEGA STUDIOS' SCHOOL OF APPLIED RECORDI,MD,20852-1731,Proprietary  ,34,70,104,34,70,104
04151800,TEMPLE (THE): A PAUL MITCHELL PARTNER SC,MD,21701-5409,Proprietary  ,51,50,101,51,50,101
04168900,HOLISTIC MASSAGE TRAINING INSTITUTE     ,MD,21218-2407,Proprietary  ,14,70,84,14,70,84
04188400,BAIS HAMEDRASH AND MESIVTA OF BALTIMORE ,MD,21209-1613,Private      ,31,8,39,31,8,39
04204000,ASPEN BEAUTY ACADEMY - LAUREL           ,MD,20724-2013,Proprietary  ,22,55,77,22,55,77
00211400,AMERICAN INTERNATIONAL COLLEGE          ,MA,01109-3189,Private      ,1542,1165,2707,1542,1165,2707
00211500,AMHERST COLLEGE                         ,MA,01002-5000,Private      ,4369,239,4608,4369,239,4608
00211600,ANDOVER NEWTON THEOLOGICAL SCHOOL       ,MA,02459-0000,Private      ,0,79,79,0,79,79
00211700,ANNA MARIA COLLEGE                      ,MA,01612-1198,Private      ,1365,309,1674,1365,309,1674
00211800,ASSUMPTION COLLEGE                      ,MA,01615-1294,Private      ,4307,487,4794,4307,487,4794
00212000,MERRIMACK COLLEGE                       ,MA,01845-5800,Private      ,4805,282,5087,4805,282,5087
00212100,BABSON COLLEGE                          ,MA,02457-0310,Private      ,2360,365,2725,2360,365,2725
00212200,BAY PATH COLLEGE                        ,MA,01106-2212,Private      ,743,974,1717,743,974,1717
00212300,BECKER COLLEGE-WORCESTER                ,MA,01615-0071,Private      ,2514,656,3170,2514,656,3170
00212400,BENTLEY UNIVERSITY                      ,MA,02452-4705,Private      ,5072,469,5541,5072,469,5541
00212600,BERKLEE COLLEGE OF MUSIC                ,MA,02215-3693,Private      ,3853,785,4638,3853,785,4638
00212800,BOSTON COLLEGE                          ,MA,02467-3800,Private      ,19275,5214,24489,19275,5214,24489
00212900,BOSTON CONSERVATORY OF MUSIC            ,MA,02215-9830,Private      ,1025,269,1294,1025,269,1294
00213000,BOSTON UNIVERSITY                       ,MA,02215-1789,Private      ,30880,12891,43771,30880,12891,43771
00213300,BRANDEIS UNIVERSITY                     ,MA,02453-2700,Private      ,4578,929,5507,4578,929,5507
00213900,CLARK UNIVERSITY                        ,MA,01610-1473,Private      ,3103,519,3622,3103,519,3622
00214000,ELMS COLLEGE                            ,MA,01013-2839,Private      ,976,562,1538,976,562,1538
00214100,COLLEGE OF THE HOLY CROSS               ,MA,01610-2395,Private      ,5353,106,5459,5353,106,5459
00214300,CURRY COLLEGE                           ,MA,02186-2395,Private      ,4540,672,5212,4540,672,5212
00214400,DEAN COLLEGE                            ,MA,02038-1994,Private      ,1406,191,1597,1406,191,1597
00214500,EASTERN NAZARENE COLLEGE                ,MA,02170-2999,Private      ,724,208,932,724,208,932
00214507,EASTERN NAZARENE CLG - LEAD PROGRAM     ,MA,02170-0000,Private      ,37,396,433,37,396,433
00214600,EMERSON COLLEGE                         ,MA,02116-4624,Private      ,6450,1275,7725,6450,1275,7725
00214700,EMMANUEL COLLEGE                        ,MA,02115-5798,Private      ,5454,339,5793,5454,339,5793
00214800,ENDICOTT COLLEGE                        ,MA,01915-2098,Private      ,4371,278,4649,4371,278,4649
00214900,EPISCOPAL DIVINITY SCHOOL               ,MA,02138-0000,Private      ,0,30,30,0,30,30
00215000,FISHER COLLEGE                          ,MA,02116-1500,Private      ,1066,567,1633,1066,567,1633
00215100,BENJAMIN FRANKLIN INSTITUTE OF TECH     ,MA,02116-6296,Public       ,331,144,475,331,144,475
00215300,GORDON COLLEGE                          ,MA,01984-1899,Private      ,1932,127,2059,1932,127,2059
00215400,HELLENIC COLLEGE                        ,MA,02445-7496,Private      ,43,47,90,43,47,90
00215500,HARVARD UNIVERSITY                      ,MA,02138-3800,Private      ,4186,626,4812,4186,626,4812
00215501,AMRCN REPERTORY THTR INST ADV THTR      ,MA,02138-0000,Private      ,3,103,106,3,103,106
00215502,HARVARD BUSINESS SCHOOL                 ,MA,02163-0000,Private      ,159,1025,1184,159,1025,1184
00215503,HARVARD EXTENSION SCHOOL                ,MA,02138-0000,Private      ,78,629,707,78,629,707
00215504,HARVARD SCH OF DENTAL MEDICINE          ,MA,02115-0000,Private      ,18,153,171,18,153,171
00215505,HARVARD UNIV GRAD SCH DESIGN            ,MA,02138-0000,Private      ,6,764,770,6,764,770
00215506,HARVARD DIVINITY SCHOOL                 ,MA,02138-0000,Private      ,14,399,413,14,399,413
00215507,HARVARD UNIV GRAD SCH ED                ,MA,02138-0000,Private      ,13,1305,1318,13,1305,1318
00215508,HARVARD UNIV GRAD S OF ARTS & SCIEN     ,MA,02138-0000,Private      ,39,791,830,39,791,830
00215509,HARVARD KENNEDY SCHOOL                  ,MA,02138-0000,Private      ,8,1182,1190,8,1182,1190
00215510,HARVARD LAW SCHOOL                      ,MA,02138-0000,Private      ,89,2335,2424,89,2335,2424
00215511,HARVARD UNIV MEDICAL SCHOOL             ,MA,02115-0000,Private      ,117,740,857,117,740,857
00215512,HARVARD UNIV SCH PUBLIC HEALTH          ,MA,02115-0000,Private      ,29,834,863,29,834,863
00215513,HARVARD UNIVERSITY-HARVARD COLLEGE      ,MA,02138-0000,Private      ,17521,927,18448,17521,927,18448
00215700,HEBREW COLLEGE                          ,MA,02459-2237,Private      ,1,74,75,1,74,75
00215800,LASELL COLLEGE                          ,MA,02466-2716,Private      ,2887,238,3125,2887,238,3125
00216000,LESLEY UNIVERSITY                       ,MA,02138-2790,Private      ,2474,1670,4144,2474,1670,4144
00216100,UMASS LOWELL                            ,MA,01854-3089,Public       ,10623,3138,13761,10623,3138,13761
00216400,NEW ENGLAND COLLEGE OF OPTOMETRY        ,MA,02115-1129,Private      ,12,303,315,12,303,315
00216500,MASS. COLLEGE OF PHARMACY  & HEALTH SCIE,MA,02115-5804,Private      ,5422,2989,8411,5422,2989,8411
00216700,BERKSHIRE COMMUNITY COLLEGE             ,MA,01201-5786,Public       ,441,536,977,441,536,977
00216800,CAPE COD COMMUNITY COLLEGE              ,MA,02668-1599,Public       ,846,836,1682,846,836,1682
00216900,GREENFIELD COMMUNITY COLLEGE            ,MA,01301-9739,Public       ,421,672,1093,421,672,1093
00217000,HOLYOKE COMMUNITY COLLEGE               ,MA,01040-1099,Public       ,1836,1976,3812,1836,1976,3812
00217100,MASSACHUSETTS BAY COMMUNITY COLLEGE     ,MA,02181-0000,Public       ,1139,975,2114,1139,975,2114
00217200,MOUNT WACHUSETT COMMUNITY COLLEGE       ,MA,01440-1000,Public       ,1011,1453,2464,1011,1453,2464
00217300,NORTH SHORE COMMUNITY COLLEGE           ,MA,01923-4093,Public       ,1478,1597,3075,1478,1597,3075
00217400,NORTHERN ESSEX COMMUNITY COLLEGE        ,MA,01830-2399,Public       ,1232,1415,2647,1232,1415,2647
00217500,QUINSIGAMOND COMMUNITY COLLEGE          ,MA,01606-2092,Public       ,2186,2639,4825,2186,2639,4825
00217600,BRISTOL COMMUNITY COLLEGE               ,MA,02720-7399,Public       ,2038,2134,4172,2038,2134,4172
00217700,MASSASOIT COMMUNITY COLLEGE             ,MA,02302-3996,Public       ,1765,1741,3506,1765,1741,3506
00217800,MASSACHUSETTS INST OF TECHNOLOGY        ,MA,02139-4307,Private      ,10594,2286,12880,10594,2286,12880
00218000,MASSACHUSETTS COLLEGE OF ART AND DESIGN ,MA,02115-5803,Public       ,2248,659,2907,2248,659,2907
00218100,MASSACHUSETTS MARITIME ACADEMY          ,MA,02532-3400,Public       ,1021,65,1086,1021,65,1086
00218300,BRIDGEWATER STATE COLLEGE               ,MA,02325-0001,Public       ,10067,2313,12380,10067,2313,12380
00218400,FITCHBURG STATE COLLEGE                 ,MA,01420-2697,Public       ,5074,1041,6115,5074,1041,6115
00218500,FRAMINGHAM STATE COLLEGE                ,MA,01702-2471,Public       ,6351,1008,7359,6351,1008,7359
00218700,MASSACHUSETTS CLG OF LIBERAL ARTS       ,MA,01247-4100,Public       ,2030,345,2375,2030,345,2375
00218800,SALEM STATE UNIVERSITY                  ,MA,01970-5353,Public       ,7437,2397,9834,7437,2397,9834
00218900,WESTFIELD STATE COLLEGE                 ,MA,01086-1630,Public       ,7064,1187,8251,7064,1187,8251
00219000,WORCESTER STATE COLLEGE                 ,MA,01602-2597,Public       ,5536,1540,7076,5536,1540,7076
00219200,MOUNT HOLYOKE COLLEGE                   ,MA,01075-1492,Private      ,2300,240,2540,2300,240,2540
00219300,MOUNT IDA COLLEGE                       ,MA,02459-3323,Private      ,1629,227,1856,1629,227,1856
00219400,NEW ENGLAND CONSERVATORY OF MUSIC       ,MA,02115-5018,Private      ,693,532,1225,693,532,1225
00219700,NICHOLS COLLEGE                         ,MA,01571-6346,Private      ,1719,224,1943,1719,224,1943
00219900,NORTHEASTERN UNIVERSITY                 ,MA,02115-5000,Private      ,31824,7672,39496,31824,7672,39496
00220100,PINE MANOR COLLEGE                      ,MA,02167-0000,Private      ,229,78,307,229,78,307
00220200,BLESSED JOHN XXIII NATIONAL SEMINARY    ,MA,02493-0000,Private      ,0,2,2,0,2,2
00220500,QUINCY COLLEGE                          ,MA,02169-4501,Public       ,705,1394,2099,705,1394,2099
00220600,REGIS COLLEGE                           ,MA,02193-0000,Private      ,1739,508,2247,1739,508,2247
00220800,SIMMONS COLLEGE                         ,MA,02115-5898,Private      ,3284,2798,6082,3284,2798,6082
00220900,SMITH COLLEGE                           ,MA,01063-2936,Private      ,3277,377,3654,3277,377,3654
00220901,"SMITH COLLEGE, SCH FOR SOCIAL WORK      ",MA,01063-0000,Private      ,10,501,511,10,501,511
00221000,UNIV OF MASSACHUSETTS-DARTMOUTH         ,MA,02747-2300,Public       ,11358,2548,13906,11358,2548,13906
00221100,SPRINGFIELD COLLEGE                     ,MA,01109-3797,Private      ,3388,1925,5313,3388,1925,5313
00221400,ST JOHN'S SEMINARY                      ,MA,02135-8839,Private      ,3,10,13,3,10,13
00221700,STONEHILL COLLEGE                       ,MA,02357-6110,Private      ,5719,122,5841,5719,122,5841
00221800,SUFFOLK UNIVERSITY                      ,MA,02108-2770,Private      ,8173,3695,11868,8173,3695,11868
00221900,TUFTS UNIVERSITY                        ,MA,02155-5808,Private      ,9304,1891,11195,9304,1891,11195
00221901,TUFTS UNIV SCH OF DENTAL MEDICINE       ,MA,02111-0000,Private      ,32,653,685,32,653,685
00221902,TUFTS UNIVERSITY - CUMMINGS SCHOOL OF VE,MA,01536-0000,Private      ,26,383,409,26,383,409
00221904,TUFTS UNIV SCHOOL OF MEDICINE           ,MA,02111-0000,Private      ,68,1609,1677,68,1609,1677
00222100,UNIV OF MASSACHUSETTS-AMHERST           ,MA,01003-0000,Public       ,35890,5457,41347,35890,5457,41347
00222200,UNIV OF MASSACHUSETTS-BOSTON            ,MA,02125-3393,Public       ,10109,6419,16528,10109,6419,16528
00222400,WELLESLEY COLLEGE                       ,MA,02481-8203,Private      ,2987,180,3167,2987,180,3167
00222500,WENTWORTH INSTITUTE OF TECHNOLOGY       ,MA,02115-5998,Private      ,4764,503,5267,4764,503,5267
00222600,WESTERN NEW ENGLAND UNIVERSITY          ,MA,01119-2654,Private      ,5451,1187,6638,5451,1187,6638
00222700,WHEATON COLLEGE                         ,MA,02766-2322,Private      ,2493,90,2583,2493,90,2583
00222800,WHEELOCK COLLEGE                        ,MA,02215-4176,Private      ,1456,547,2003,1456,547,2003
00222900,WILLIAMS COLLEGE                        ,MA,01267-2600,Private      ,3773,107,3880,3773,107,3880
00223300,WORCESTER POLYTECHNIC INSTITUTE         ,MA,01609-2280,Private      ,6600,411,7011,6600,411,7011
00396500,BAY STATE COLLEGE                       ,MA,02116-2901,Proprietary  ,1019,576,1595,1019,576,1595
00396600,BOSTON ARCHITECTURAL COLLEGE            ,MA,02115-2795,Private      ,242,367,609,242,367,609
00466100,HAMPSHIRE COLLEGE                       ,MA,01002-3359,Private      ,2271,143,2414,2271,143,2414
00466600,SALTER COLLEGE                          ,MA,01583-1700,Proprietary  ,30,131,161,30,131,161
00466700,SCHOOL OF MUSEUM OF FINE ARTS           ,MA,02115-5534,Private      ,589,229,818,589,229,818
00466900,UPPER CAPE COD REGIONAL VOC TECH        ,MA,02532-3310,Public       ,13,67,80,13,67,80
00527900,GREATER LOWELL REGNL VOC TECH SCH       ,MA,01879-0000,Public       ,15,39,54,15,39,54
00551900,DIMAN REGIONAL VOC TECH INST            ,MA,02723-3519,Public       ,14,80,94,14,80,94
00552300,BLUE HILLS REGIONAL VOC TECH            ,MA,02021-1398,Public       ,21,61,82,21,61,82
00555700,MCCANN TECHNICAL SCHOOL                 ,MA,01247-0000,Public       ,12,27,39,12,27,39
00613600,NATIONAL AVIATION ACADEMY - NEW ENGLAND ,MA,01730-2620,Proprietary  ,73,125,198,73,125,198
00632200,BROCKTON HOSPITAL SCH OF NURSING        ,MA,02302-0000,Private      ,107,371,478,107,371,478
00632400,LABOURE COLLEGE                         ,MA,02124-5698,Private      ,111,346,457,111,346,457
00633100,LAWRENCE MEM HOSPITAL SCH OF NRSNG      ,MA,02155-1643,Private      ,45,197,242,45,197,242
00635200,BAYSTATE MEDICAL CENTER                 ,MA,01199-0001,Private      ,23,58,81,23,58,81
00687300,MARIAN COURT COLLEGE                    ,MA,01907-2896,Private      ,65,35,100,65,35,100
00748100,GIBBS COLLEGE                           ,MA,02116-2904,Proprietary  ,36,147,183,36,147,183
00748400,NEWBURY COLLEGE                         ,MA,02445-5796,Private      ,2351,250,2601,2351,250,2601
00748600,THE NEW ENGLAND INSTITUTE OF ART        ,MA,02445-7295,Proprietary  ,946,325,1271,946,325,1271
00748800,KAPLAN CAREER INSTITUTE                 ,MA,02129-1644,Proprietary  ,35,151,186,35,151,186
00748801,KAPLAN CAREER INSTITUTE -               ,MA,02215-2606,Proprietary  ,39,125,164,39,125,164
00807800,SPRINGFIELD TECHNICAL COMMUNITY CLG     ,MA,01105-0000,Public       ,1658,2305,3963,1658,2305,3963
00809002,EVEREST COLLEGE - EVEREST INSTITUTE     ,MA,02150-2333,Proprietary  ,41,107,148,41,107,148
00891600,NEW ENGLAND SCHOOL OF LAW               ,MA,02116-0000,Private      ,17,1552,1569,17,1552,1569
00964500,BARD COLLEGE AT SIMON'S ROCK            ,MA,01230-9702,Private      ,270,11,281,270,11,281
00974700,GORDON-CONWELL THEOLOGICAL SEMINARY     ,MA,01982-0000,Private      ,6,219,225,6,219,225
00975600,UNIVERSITY OF MASS MEDICAL CENTER       ,MA,01655-0000,Public       ,31,499,530,31,499,530
00987700,HENRI'S SCHOOL OF HAIR DESIGN           ,MA,01420-5675,Proprietary  ,5,13,18,5,13,18
00989900,LOWELL ACADEMY HAIRSTYLING INST         ,MA,01852-1909,Proprietary  ,9,7,16,9,7,16
00993600,MIDDLESEX COMMUNITY COLLEGE             ,MA,01730-1197,Public       ,897,568,1465,897,568,1465
00993602,"MIDDLESEX COMMUNITY COLLEGE, LOWELL     ",MA,01852-0000,Public       ,1246,1047,2293,1246,1047,2293
01121000,BUNKER HILL COMMUNITY COLLEGE           ,MA,02129-2991,Public       ,2827,4183,7010,2827,4183,7010
01151000,EVEREST INSTITUTE                       ,MA,02135-7638,Proprietary  ,35,111,146,35,111,146
01193000,ROXBURY COMMUNITY COLLEGE               ,MA,02120-3400,Public       ,514,1204,1718,514,1204,1718
01204200,MANSFIELD BEAUTY SCHOOLS                ,MA,02169-5061,Proprietary  ,10,15,25,10,15,25
01206800,MANSFIELD BEAUTY SCHOOL                 ,MA,01103-1410,Proprietary  ,11,22,33,11,22,33
01218700,BLACKSTONE VALLEY VOCATIONAL REGIONAL SC,MA,01568-1499,Public       ,0,3,3,0,3,3
01238600,SOUTHEASTERN TECHNICAL INSTITUTE        ,MA,02375-1780,Public       ,25,74,99,25,74,99
01288100,MONTACHUSETT REG VOC TECH SCH           ,MA,01420-4649,Public       ,12,42,54,12,42,54
01292100,EMPIRE BEAUTY SCHOOL                    ,MA,02215-0000,Proprietary  ,63,96,159,63,96,159
01294800,ROB ROY ACADEMY                         ,MA,02721-5330,Proprietary  ,5,17,22,5,17,22
02063000,MONTSERRAT COLLEGE OF ART               ,MA,01915-0000,Private      ,565,49,614,565,49,614
02076700,EMPIRE BEAUTY SCHOOL                    ,MA,02148-0000,Proprietary  ,17,41,58,17,41,58
02079400,EMPIRE BEAUTY SCHOOL                    ,MA,01702-5232,Proprietary  ,21,71,92,21,71,92
02092100,MASSACHUSETTS SCHOOL OF BARBERING       ,MA,02169-5058,Proprietary  ,10,19,29,10,19,29
02092200,EMPIRE BEAUTY SCHOOL                    ,MA,01852-0000,Proprietary  ,39,52,91,39,52,91
02122000,NEW ENGLAND HAIR ACADEMY                ,MA,02148-0000,Proprietary  ,17,25,42,17,25,42
02137000,ROB ROY ACADEMY                         ,MA,02780-0000,Proprietary  ,1,7,8,1,7,8
02137200,MASS GEN HOSP DIETETIC INTERNSHIP       ,MA,02114-0000,Private      ,2,23,25,2,23,25
02143000,LONGY SCHOOL OF MUSIC                   ,MA,02138-3599,Private      ,28,120,148,28,120,148
02163500,NEW ENGLAND SCHOOL OF PHOTOGRAPHY       ,MA,02215-0000,Proprietary  ,64,55,119,64,55,119
02163600,MASS SCH OF PROFESSIONAL PSYCHOLOGY     ,MA,02132-0000,Private      ,15,629,644,15,629,644
02169900,ASSABET VALLEY REGIONAL VOC SCHOOL      ,MA,01752-0000,Public       ,16,48,64,16,48,64
02181600,ROB ROY ACADEMY                         ,MA,01609-0000,Proprietary  ,22,30,52,22,30,52
02182900,CAMBRIDGE COLLEGE                       ,MA,02138-5304,Private      ,129,1007,1136,129,1007,1136
02197900,NORTH BENNET STREET SCHOOL              ,MA,02113-0000,Private      ,27,96,123,27,96,123
02215100,HALLMARK INSTITUTE OF PHOTOGRAPHY       ,MA,01376-0000,Proprietary  ,70,51,121,70,51,121
02219501,MILDRED ELLEY - PITTSFIELD              ,MA,01201-5300,Proprietary  ,6,30,36,6,30,36
02220400,CATHERINE HINDS INST OF ESTHETICS       ,MA,01801-0000,Proprietary  ,19,47,66,19,47,66
02231600,MGH INSTITUTE OF HEALTH PROFESSION      ,MA,02129-0000,Private      ,59,1089,1148,59,1089,1148
02274300,CONWAY SCHOOL OF LANDSCAPE DESIGN       ,MA,01341-0179,Private      ,2,9,11,2,9,11
02325700,LABARON HAIRDRESSING ACADEMY            ,MA,02740-0000,Proprietary  ,1,3,4,1,3,4
02325800,LABARON HAIRDRESSING ACAD-BROCKTON      ,MA,02301-0000,Proprietary  ,6,15,21,6,15,21
02337400,BANCROFT SCHOOL OF MASSAGE THERAPY      ,MA,01604-4614,Proprietary  ,8,33,41,8,33,41
02338200,BAY STATE SCHOOL OF TECHNOLOGY          ,MA,02021-0000,Proprietary  ,22,66,88,22,66,88
02339400,ROB ROY ACADEMY                         ,MA,02746-0000,Proprietary  ,1,7,8,1,7,8
02491700,CORTIVA INSTITUTE -  BOSTON             ,MA,02472-2577,Proprietary  ,3,23,26,3,23,26
02523900,ELIZABETH GRADY SCHOOL OF ESTHETICS     ,MA,02155-0000,Proprietary  ,10,41,51,10,41,51
02579800,NEW ENGLAND SCHOOL OF ACUPUNCTURE       ,MA,02458-0000,Private      ,0,53,53,0,53,53
03006802,PENNSYLVANIA CULINARY INSTITUTE - LE COR,MA,02142-1221,Proprietary  ,91,178,269,91,178,269
03066700,AILANO SCHOOL OF COSMETOLOGY            ,MA,02303-4740,Proprietary  ,7,13,20,7,13,20
03104000,SHAWSHEEN ADULT TECHNICAL INSTITUTE     ,MA,01821-5499,Public       ,6,33,39,6,33,39
03115200,MOTORING TECHNICAL TRAINING INST        ,MA,02771-5933,Proprietary  ,45,60,105,45,60,105
03120800,KAY HARVEY HAIRDRESSING ACADEMY         ,MA,01089-2701,Proprietary  ,12,13,25,12,13,25
03130500,URBAN COLLEGE OF BOSTON                 ,MA,02111-1093,Private      ,33,246,279,33,246,279
03194300,BOSTON GRAD SCH OF PSYCHOANALYSIS       ,MA,02446-4602,Private      ,0,28,28,0,28,28
03196300,LINCOLN TECHNICAL INSTITUTE             ,MA,02145-1102,Proprietary  ,35,72,107,35,72,107
03196302,LINCOLN TECHNICAL INSTITUTE             ,MA,01852-5119,Proprietary  ,34,92,126,34,92,126
03205400,JOLIE HAIR & BEAUTY ACADEMY             ,MA,01056-2769,Proprietary  ,7,16,23,7,16,23
03232302,LINCOLN TECHNICAL INSTITUTE             ,MA,02401-1818,Proprietary  ,28,63,91,28,63,91
03235300,MASSACHUSETTS SCHOOL OF LAW             ,MA,01810-1094,Private      ,6,260,266,6,260,266
03240300,TONI & GUY HAIRDRESSING ACADEMY         ,MA,01605-2213,Proprietary  ,14,15,29,14,15,29
03248300,BOSTON BAPTIST COLLEGE                  ,MA,02136-4000,Private      ,47,24,71,47,24,71
03316400,FUNERAL INSTITUTE OF THE NORTHEAST      ,MA,02062-4766,Proprietary  ,13,59,72,13,59,72
03504300,NATL GRAD SCH OF QUALITY SYSTM MGMT     ,MA,02540-0000,Private      ,0,19,19,0,19,19
03570500,ZION BIBLE COLLEGE                      ,MA,01835-0000,Private      ,82,59,141,82,59,141
03763300,MEDICAL PROFESSIONAL INSTITUTE          ,MA,02148-8143,Proprietary  ,22,109,131,22,109,131
03859300,E.I.N.E.                                ,MA,01876-4709,Proprietary  ,5,20,25,5,20,25
03927303,BRIO ACADEMY OF COSMETOLOGY - NORTHHAMPT,MA,01060-3947,Proprietary  ,5,3,8,5,3,8
03946300,FRANKLIN W. OLIN COLLEGE OF ENGINEERING ,MA,02492-1200,Private      ,498,18,516,498,18,516
03965300,NEW ENGLAND COLLEGE OF FINANCE          ,MA,02110-1605,Proprietary  ,45,353,398,45,353,398
04039300,SULLIVAN AND COGLIANO TRAINING CENTER   ,MA,02301-4921,Proprietary  ,1,36,37,1,36,37
04116900,DIGRIGOLI SCHOOL OF COSMETOLOGY         ,MA,01089-4623,Proprietary  ,24,21,45,24,21,45
04122000,TRI COUNTY REGIONAL VOCATIONAL TECHNICAL,MA,02038-0000,Public       ,7,22,29,7,22,29
04128000,MILLENNIUM TRAINING INSTITUTE           ,MA,01801-6386,Proprietary  ,2,20,22,2,20,22
04128900,CENTRAL MASS SCHOOL OF MASSAGE AND THERA,MA,01562-1712,Proprietary  ,5,4,9,5,4,9
04143200,HULT INTERNATIONAL BUSINESS SCHOOL      ,MA,02141-1805,Private      ,7,126,133,7,126,133
04153200,SOUTHERN WORCESTER COUNTY REGIONAL VOC S,MA,01507-1331,Public       ,4,12,16,4,12,16
04193100,ALEXANDER ACADEMY                       ,MA,01420-0000,Proprietary  ,11,19,30,11,19,30
00324204,CARNEGIE MELLON UNIVERSITY - QATAR      ,FC,00000-0000,Private      ,9,2,11,9,2,11
00401200,HEBREW UNIVERSITY OF JERUSALEM (THE)    ,FC,00000-0000,Public       ,17,44,61,17,44,61
00403000,UNIVERSITY OF CAMBRIDGE                 ,FC,00000-0000,Public       ,9,65,74,9,65,74
00503400,AMERICAN UNIVERSITY OF CAIRO            ,FC,00000-0000,Private      ,32,81,113,32,81,113
00667100,KATHOLIEKE UNIVERSITEIT LEUVEN          ,FC,00000-0000,Private      ,0,25,25,0,25,25
00669100,UNIVERSITY OF CAMBRIDGE - PEMBROKE      ,FC,00000-0000,Public       ,2,5,7,2,5,7
00669200,UNIVERSITY OF LEEDS                     ,FC,00000-0000,Public       ,15,36,51,15,36,51
00669300,UNIV OF LONDON-LONDON SCHOOL ECON       ,FC,00000-0000,Public       ,11,211,222,11,211,222
00669400,SCH OF ORIENTAL & AFRICAN STUDIES       ,FC,00000-0000,Public       ,6,96,102,6,96,102
00669500,UNIV OF LONDON-UNIVERSITY COLLEGE       ,FC,00000-0000,Public       ,36,240,276,36,240,276
00669600,UNIV OF LONDON-SCH ADVANCED STUDY       ,FC,00000-0000,Public       ,0,10,10,0,10,10
00669700,"QUEEN MARY, UNIVERSITY OF LONDON        ",FC,00000-0000,Public       ,17,79,96,17,79,96
00669900,UNIVERSITY OF SUSSEX                    ,FC,00000-0000,Public       ,20,41,61,20,41,61
00670000,"UNIVERSITY OF YORK, THE                 ",FC,00000-0000,Public       ,15,73,88,15,73,88
00670400,UNIVERSITY COLLEGE CORK                 ,FC,00000-0000,Public       ,8,28,36,8,28,36
00671300,UPPSALA UNIVERSITY                      ,FC,00000-0000,Public       ,2,20,22,2,20,22
00671500,UNIVERSITY OF GENEVA                    ,FC,00000-0000,Public       ,2,56,58,2,56,58
00683900,UNIVERSITY OF EDINBURGH                 ,FC,00000-0000,Public       ,151,361,512,151,361,512
00684200,UNIVERSITY OF DUBLIN TRINITY COLLEG     ,FC,00000-0000,Public       ,42,89,131,42,89,131
00763200,UNIVERSITY OF BRISTOL                   ,FC,00000-0000,Public       ,12,59,71,12,59,71
00768100,COLLEGE OF EUROPE                       ,FC,00000-0000,Private      ,0,7,7,0,7,7
00770500,ROYAL COLLEGE OF SURGEONS IN IRELAN     ,FC,00000-0000,Private      ,3,19,22,3,19,22
00788100,AMERICAN UNIVERSITY OF PARIS            ,FC,00000-0000,Private      ,369,153,522,369,153,522
00837100,AMERICAN UNIVERSITY OF BEIRUT           ,FC,00000-0000,Private      ,47,74,121,47,74,121
00837300,TEL-AVIV UNIVERSITY                     ,FC,00000-0000,Public       ,16,67,83,16,67,83
00837600,VRIJE UNIVERSITEIT AMSTERDAM            ,FC,00000-0000,Public       ,1,23,24,1,23,24
00837700,UNIVERSITEIT VAN AMSTERDAM(UNIVERSI     ,FC,00000-0000,Public       ,10,58,68,10,58,68
00838000,UNIVERSITY OF WARWICK                   ,FC,00000-0000,Public       ,8,35,43,8,35,43
00838300,UNIVERSITY OF GLASGOW                   ,FC,00000-0000,Public       ,41,175,216,41,175,216
00839300,UNIVERSITY OF OSLO                      ,FC,00000-0000,Public       ,3,21,24,3,21,24
00839400,UNIVERSITY OF OXFORD                    ,FC,00000-0000,Public       ,15,178,193,15,178,193
00839800,UNIVERSITY OF SHEFFIELD (THE)           ,FC,00000-0000,Public       ,4,56,60,4,56,60
00839900,UNIVERSITY OF SOUTHAMPTON               ,FC,00000-0000,Public       ,10,41,51,10,41,51
00845200,ABERYSTWYTH UNIVERSITY                  ,FC,00000-0000,Public       ,17,27,44,17,27,44
00845800,LOUGHBOROUGH UNIVERSITY                 ,FC,00000-0000,Public       ,1,4,5,1,4,5
00846000,UNIVERSITY OF NEWCASTLE UPON TYNE       ,FC,00000-0000,Public       ,15,66,81,15,66,81
00846100,UNIVERSITY OF SAINT ANDREWS             ,FC,00000-0000,Public       ,223,107,330,223,107,330
00850500,UNIVERSITY OF MELBOURNE                 ,FC,00000-0000,Public       ,8,72,80,8,72,80
00858600,SWANSEA UNIVERSITY                      ,FC,00000-0000,Public       ,4,20,24,4,20,24
00858700,UNIVERSITY OF DURHAM                    ,FC,00000-0000,Public       ,28,108,136,28,108,136
00866500,UNIVERSITY OF KENT AT CANTERBURY (THE)  ,FC,00000-0000,Public       ,12,50,62,12,50,62
00867000,UNIVERSITY OF NEW SOUTH WALES           ,FC,00000-0000,Public       ,13,36,49,13,36,49
00868700,UNIVERSITY OF ESSEX                     ,FC,00000-0000,Public       ,9,69,78,9,69,78
00869300,CITY UNIVERSITY                         ,FC,00000-0000,Public       ,15,89,104,15,89,104
00890800,THE UNIVERSITY OF BIRMINGHAM            ,FC,00000-0000,Public       ,15,45,60,15,45,60
00891000,UNIVERSITY OF HULL                      ,FC,00000-0000,Public       ,5,5,10,5,5,10
00892000,UNIVERSITY OF NOTTINGHAM                ,FC,00000-0000,Public       ,14,42,56,14,42,56
00900600,UNIVERSITY OF SALFORD (THE)             ,FC,00000-0000,Public       ,0,8,8,0,8,8
00908400,"UNIV OF LONDON, BIRKBECK                ",FC,00000-0000,Public       ,5,51,56,5,51,56
00908500,UNIV OF LONDON KING'S COLLEGE           ,FC,00000-0000,Public       ,36,198,234,36,198,234
00908600,UNIVERSITY OF LONDON - ROYAL HOLLOWAY   ,FC,00000-0000,Public       ,18,41,59,18,41,59
00914300,BAR-ILAN UNIVERSITY                     ,FC,00000-0000,Private      ,10,6,16,10,6,16
00924900,UNIVERSITY OF LIVERPOOL                 ,FC,00000-0000,Public       ,20,58,78,20,58,78
00936800,UNIVERSITY OF ABERDEEN                  ,FC,00000-0000,Public       ,37,62,99,37,62,99
00942300,ROYAL COLLEGE OF ART                    ,FC,00000-0000,Public       ,5,28,33,5,28,33
00942800,TECHNION-ISRAEL INST OF TECHLGY         ,FC,00000-0000,Public       ,3,8,11,3,8,11
00944200,UNIVERSITY OF EXETER                    ,FC,00000-0000,Public       ,9,51,60,9,51,60
00944400,UNIVERSITY OF LANCASTER                 ,FC,00000-0000,Public       ,10,27,37,10,27,37
00963400,UNIVERSITY OF OXFORD ST CATHERINE'S     ,FC,00000-0000,Public       ,1,3,4,1,3,4
00980800,UNIVERSITY OF STRATHCLYDE               ,FC,00000-0000,Public       ,5,25,30,5,25,30
00986000,UNIVERSITY OF SURREY                    ,FC,00000-0000,Public       ,5,15,20,5,15,20
00990600,PONTIFICAL NORTH AMERICAN COLLEGE       ,FC,00000-0000,Private      ,1,4,5,1,4,5
00992700,UNIVERSITY OF CAMBRIDGE - FITZWILLI     ,FC,00000-0000,Public       ,0,3,3,0,3,3
01006700,LUND UNIVERSITY                         ,FC,00000-0000,Public       ,3,57,60,3,57,60
01008400,UNIVERSITY OF CAPE TOWN                 ,FC,00000-0000,Private      ,7,32,39,7,32,39
01008700,UNIVERSITY OF OXFORD ST PETER'S COL     ,FC,00000-0000,Public       ,1,2,3,1,2,3
01008800,UNIVERSITY OF OXFORD - CORPUS CHRIS     ,FC,00000-0000,Public       ,0,2,2,0,2,2
01008900,CENTRAL SCHOOL OF SPEECH AND DRAMA      ,FC,00000-0000,Private      ,9,23,32,9,23,32
01009000,UNIVERSITY OF OXFORD - BALLIOL COLL     ,FC,00000-0000,Public       ,2,8,10,2,8,10
01014300,UNIVERSITY OF READING                   ,FC,00000-0000,Public       ,7,20,27,7,20,27
01015700,CARDIFF UNIVERSITY                      ,FC,00000-0000,Public       ,7,36,43,7,36,43
01015900,PONTIFICIA UNIVERSITA GREGORIANA        ,FC,00000-0000,Private      ,1,3,4,1,3,4
01016000,CG JUNG INST                            ,FC,00000-0000,Private      ,0,2,2,0,2,2
01018800,UNIVERSITY COLLEGE DUBLIN               ,FC,00000-0000,Public       ,27,111,138,27,111,138
01019000,UNIVERSITY OF CAMBRIDGE CHURCHILL C     ,FC,00000-0000,Public       ,1,3,4,1,3,4
01022800,UNIVERSITY OF STIRLING                  ,FC,00000-0000,Public       ,11,28,39,11,28,39
01033200,UNIVERSITY OF CAMBRIDGE - CLARE COL     ,FC,00000-0000,Public       ,0,3,3,0,3,3
01045600,UNIVERSITY OF HAIFA                     ,FC,00000-0000,Public       ,6,14,20,6,14,20
01047200,INST EUROPEEN OPEEN D'ADMINISTRATIO     ,FC,00000-0000,Private      ,1,19,20,1,19,20
01049300,CRANFIELD UNIVERSITY                    ,FC,00000-0000,Public       ,1,11,12,1,11,12
01052000,TRINITY LABAN CONSERVATOIRE OF MUSIC AND,FC,00000-0000,Public       ,7,7,14,7,7,14
01052500,UNIVERSITY OF HERTFORDSHIRE             ,FC,00000-0000,Public       ,8,14,22,8,14,22
01057400,LONDON INTRNTL FILM SCHOOL              ,FC,00000-0000,Private      ,0,21,21,0,21,21
01058800,AUSTRALIAN NATIONAL UNIVERSITY          ,FC,00000-0000,Public       ,8,24,32,8,24,32
01058900,BANGOR UNIVERSITY                       ,FC,00000-0000,Public       ,9,12,21,9,12,21
01059400,"RICHMOND, THE AMERICAN INT UNI IN LONDON",FC,00000-0000,Private      ,202,56,258,202,56,258
01059900,INST D'ETUDES POLITIQUES DE PARIS       ,FC,00000-0000,Public       ,6,58,64,6,58,64
01068100,MACQUARIE UNIVERSITY                    ,FC,00000-0000,Public       ,9,24,33,9,24,33
01069200,UNIVERSITY OF QUEENSLAND (THE)          ,FC,00000-0000,Public       ,9,86,95,9,86,95
01078900,UNIVERSITY OF OXFORD - WORCESTER CO     ,FC,00000-0000,Public       ,1,1,2,1,1,2
01079200,CITY AND GUILDS OF LONDON INSTITUTE     ,FC,00000-0000,Private      ,2,2,4,2,2,4
01079700,"NATIONAL UNIVERSITY OF IRELAND, MAY     ",FC,00000-0000,Public       ,7,10,17,7,10,17
01081600,KINGSTON UNIVERSITY                     ,FC,00000-0000,Public       ,31,112,143,31,112,143
01083800,UNIVERSITITY OF BERGEN (UOB)            ,FC,00000-0000,Public       ,1,6,7,1,6,7
01086400,UNIV OF DUNDEE                          ,FC,00000-0000,Public       ,6,11,17,6,11,17
01086600,UNIVERSITY OF OXFORD - MAGDALEN COLLEGE ,FC,00000-0000,Public       ,0,6,6,0,6,6
01086700,UNIVERSITY OF OXFORD ST JOHN'S COLL     ,FC,00000-0000,Public       ,3,2,5,3,2,5
01091400,MONASH UNIVERSITY                       ,FC,00000-0000,Public       ,2,19,21,2,19,21
01091500,UNIV OF EAST ANGLIA                     ,FC,00000-0000,Public       ,17,38,55,17,38,55
01097700,UNIVERSIDAD CENTRAL DEL ESTE            ,FC,00000-0000,Private      ,32,371,403,32,371,403
01098000,SOMERVILLE COLLEGE                      ,FC,00000-0000,Public       ,1,3,4,1,3,4
01099900,UNIV OF OXFORD - WADHAM COLLEGE         ,FC,00000-0000,Public       ,1,2,3,1,2,3
01104400,PONTIFICIA UNIVERSITA SAN TOMMASO       ,FC,00000-0000,Private      ,0,4,4,0,4,4
01105300,UNIVERSITY OF OXFORD - ST HILDA'S C     ,FC,00000-0000,Public       ,2,3,5,2,3,5
01105400,UNIVERSITY OF OXFORD - ST ANNE'S CO     ,FC,00000-0000,Public       ,1,2,3,1,2,3
01105500,UNIV OF OXFORD - LADY MARGARET HALL     ,FC,00000-0000,Public       ,1,1,2,1,1,2
01105600,UNIVERSITY OF OXFORD - UNIVERSITY C     ,FC,00000-0000,Public       ,2,23,25,2,23,25
01105700,UNIVERSITY OF OXFORD - TRINITY COLL     ,FC,00000-0000,Public       ,1,5,6,1,5,6
01105800,UNIVERSITY OF OXFORD-ST EDMUND HALL     ,FC,00000-0000,Public       ,0,2,2,0,2,2
01105900,UNIVERSITY OF OXFORD ST ANTONY'S CO     ,FC,00000-0000,Public       ,0,9,9,0,9,9
01106000,UNIVERSITY OF OXFORD - QUEEN'S COLL     ,FC,00000-0000,Public       ,0,3,3,0,3,3
01106100,UNIVERSITY OF OXFORD - PEMBROKE COL     ,FC,00000-0000,Public       ,0,5,5,0,5,5
01106200,UNIVERSITY OF OXFORD - ORIEL COLLEG     ,FC,00000-0000,Public       ,0,6,6,0,6,6
01106300,UNIVERSITY OF OXFORD - NUFFIELD COL     ,FC,00000-0000,Public       ,0,1,1,0,1,1
01106400,UNIVERSITY OF OXFORD - NEW COLLEGE      ,FC,00000-0000,Public       ,1,4,5,1,4,5
01106500,UNIVERSITY OF OXFORD MERTON COLLEGE     ,FC,00000-0000,Public       ,0,4,4,0,4,4
01106600,UNIVERSITY OF OXFORD - LINCOLN COLL     ,FC,00000-0000,Public       ,1,8,9,1,8,9
01106700,UNIVERSITY OF OXFORD - KEBLE COLLEG     ,FC,00000-0000,Public       ,0,2,2,0,2,2
01106800,UNIVERSITY OF OXFORD - JESUS COLLEG     ,FC,00000-0000,Public       ,1,1,2,1,1,2
01106900,UNIVERSITY OF OXFORD - HERTFORD COL     ,FC,00000-0000,Public       ,0,2,2,0,2,2
01107000,UNIVERSITY OF OXFORD EXETER COLLEGE     ,FC,00000-0000,Public       ,0,3,3,0,3,3
01107100,UNIV OF OXFORD - CHRIST CHURCH          ,FC,00000-0000,Public       ,2,10,12,2,10,12
01107200,UNIVERSITY OF OXFORD - BRASENOSE CO     ,FC,00000-0000,Public       ,0,4,4,0,4,4
01109100,FLINDERS UNIVERSITY OF S AUSTRALIA      ,FC,00000-0000,Public       ,2,10,12,2,10,12
01109400,UNIVERSITY OF WESTERN AUSTRALIA (THE)   ,FC,00000-0000,Public       ,2,15,17,2,15,17
01122600,AARHUS UNIVERSITY                       ,FC,00000-0000,Public       ,1,8,9,1,8,9
01156700,"IMPERIAL COLLEGE OF SCIENCE, TECHNOLOGY ",FC,00000-0000,Public       ,11,45,56,11,45,56
01167900,UNIVERSITY OF BATH                      ,FC,00000-0000,Public       ,8,19,27,8,19,27
01168300,FRANKLIN COLLEGE  SWITZERLAND           ,FC,00000-0000,Public       ,317,15,332,317,15,332
01175800,UNIV OF CAMBRIDGE - PETERHOUSE          ,FC,00000-0000,Public       ,2,2,4,2,2,4
01176400,ROYAL ACADEMY OF MUSIC                  ,FC,00000-0000,Public       ,3,11,14,3,11,14
01176500,GOLDSMITHS' COLLEGE-UNIV OF LONDON      ,FC,00000-0000,Public       ,14,83,97,14,83,97
01176600,UNIV OF LONDON - INST OF EDUC           ,FC,00000-0000,Public       ,0,18,18,0,18,18
01178000,BRUNEL UNIVERSITY                       ,FC,00000-0000,Public       ,6,15,21,6,15,21
01183800,UNIVERSITY OF OXFORD - MANSFIELD CO     ,FC,00000-0000,Public       ,0,1,1,0,1,1
01207500,UNIVERSITY CAMBRIDGE - TRINITY COLL     ,FC,00000-0000,Public       ,0,5,5,0,5,5
01207800,VICTORIA UNIV OF WELLINGTON             ,FC,00000-0000,Public       ,8,28,36,8,28,36
01209600,ECOLE HåTELIERE DE LAUSANNE             ,FC,00000-0000,Private      ,0,3,3,0,3,3
01210100,UNIVERSITY OF CAMBRIDGE - GIRTON CO     ,FC,00000-0000,Public       ,0,1,1,0,1,1
01213600,VICTORIA UNIV OF MANCHESTER (THE)       ,FC,00000-0000,Public       ,14,81,95,14,81,95
01219800,UNIVERSITY OF BRADFORD                  ,FC,00000-0000,Public       ,2,14,16,2,14,16
01220100,UNIVERSITY OF OXFORD - REGENT'S PAR     ,FC,00000-0000,Public       ,0,4,4,0,4,4
01220600,JAMES COOK UNIVERSITY                   ,FC,00000-0000,Public       ,15,35,50,15,35,50
01221500,BIRMINGHAM CITY UNIVERSITY              ,FC,00000-0000,Public       ,5,10,15,5,10,15
01222300,JAGIELLONIAN UNIVERSITY COLLEGIUM M     ,FC,00000-0000,Public       ,3,16,19,3,16,19
01222500,UNIVERSITY OF SZEGED FACULTY OF MEDICINE,FC,00000-0000,Public       ,1,4,5,1,4,5
01225800,ASTON UNIVERSITY                        ,FC,00000-0000,Public       ,2,7,9,2,7,9
01227500,UNIVERSITY OF OXFORD - WOLFSON COLL     ,FC,00000-0000,Public       ,0,8,8,0,8,8
01230200,GONVILLE & CAIUS COLLEGE                ,FC,00000-0000,Public       ,0,1,1,0,1,1
01233500,ROYAL COLLEGE OF MUSIC                  ,FC,00000-0000,Public       ,5,7,12,5,7,12
01234100,UNIVERSITY OF WALES - ST DAVID'S UN     ,FC,00000-0000,Public       ,4,3,7,4,3,7
01236000,EDINBURGH COLLEGE OF ART                ,FC,00000-0000,Public       ,4,14,18,4,14,18
01242100,UNIV OF AUCKLAND                        ,FC,00000-0000,Public       ,19,48,67,19,48,67
01254000,UNIVERSIDAD DE NAVARRA                  ,FC,00000-0000,Private      ,6,9,15,6,9,15
01276500,UNIVERSITY OF OXFORD - LINACRE COLL     ,FC,00000-0000,Public       ,0,4,4,0,4,4
01276600,"NATIONAL UNIVERSITY IRELAND, GALWAY     ",FC,00000-0000,Public       ,15,37,52,15,37,52
01280200,PONTIFICIA UNIV CATOLICA MAD Y MAES     ,FC,00000-0000,Private      ,47,47,94,47,47,94
01281100,INST TECNOLOGICO DE SANTO DOMINGO       ,FC,00000-0000,Private      ,24,47,71,24,47,71
01283900,UNIVERSITY OF CAMBRIDGE - SAINT JOH     ,FC,00000-0000,Public       ,0,3,3,0,3,3
01297800,UNIVERSITY OF HUDDERSFIELD (THE)        ,FC,00000-0000,Public       ,0,8,8,0,8,8
01315300,MASSEY UNIVERSITY                       ,FC,00000-0000,Public       ,6,41,47,6,41,47
01322500,COLLEGE OF LAW                          ,FC,00000-0000,Private      ,0,14,14,0,14,14
02052400,DARWIN COLLEGE                          ,FC,00000-0000,Public       ,0,3,3,0,3,3
02082400,UNIVERSITY OF CAMBRIDGE - QUEEN'S C     ,FC,00000-0000,Public       ,2,9,11,2,9,11
02083400,UNIVERSITY OF CAMBRIDGE - WOLFSON C     ,FC,00000-0000,Public       ,0,7,7,0,7,7
02087400,UNIVERSITY OF CAMBRIDGE - NEWNHAM C     ,FC,00000-0000,Public       ,1,3,4,1,3,4
02087900,OXFORD BROOKES UNIVERSITY               ,FC,00000-0000,Public       ,11,40,51,11,40,51
02094100,BEN-GURION UNIV                         ,FC,00000-0000,Public       ,1,74,75,1,74,75
02094400,UNIV OF CAMBRIDGE - ST EDMUND'S HOU     ,FC,00000-0000,Public       ,0,6,6,0,6,6
02095500,LONDON BUS SCHOOL                       ,FC,00000-0000,Private      ,2,44,46,2,44,46
02101900,ROEHAMPTON UNIVERSITY                   ,FC,00000-0000,Public       ,6,47,53,6,47,53
02108600,LONDON ACADEMY OF MUSIC & DRAMATIC      ,FC,00000-0000,Private      ,15,13,28,15,13,28
02115900,UNIVERSITY OF PORTSMOUTH                ,FC,00000-0000,Public       ,7,9,16,7,9,16
02116700,UNIVERSITY OF CAMBRIDGE - LUCY CAVE     ,FC,00000-0000,Public       ,1,2,3,1,2,3
02120000,UNIV OF LONDON - COURTALD INST OF A     ,FC,00000-0000,Public       ,2,17,19,2,17,19
02133400,UNIVERSITY OF CAMBRIDGE - SIDNEY SU     ,FC,00000-0000,Public       ,0,2,2,0,2,2
02142000,UNIVERSITY OF CAMBRIDGE - HOMERTON      ,FC,00000-0000,Public       ,1,0,1,1,0,1
02149700,UNIVERSITY OF WINCHESTER (THE)          ,FC,00000-0000,Public       ,9,2,11,9,2,11
02156800,UNIV OF OTAGO                           ,FC,00000-0000,Public       ,4,10,14,4,10,14
02162300,"IESE BUSINESS SCH, UNIV OF NAVARRA      ",FC,00000-0000,Private      ,2,37,39,2,37,39
02167400,UNIVERSITY OF CAMBRIDGE - CORPUS CH     ,FC,00000-0000,Public       ,0,1,1,0,1,1
02177700,KING'S COLLEGE- UNIV OF CAMBRIDGE       ,FC,00000-0000,Public       ,3,11,14,3,11,14
02180500,MIDDLESEX UNIVERSITY                    ,FC,00000-0000,Public       ,18,54,72,18,54,72
02181000,UNIVERSITY OF SOUTH AUSTRALIA           ,FC,00000-0000,Public       ,1,0,1,1,0,1
02183500,UNIV OF OXFORD - WYCLIFFE HALL          ,FC,00000-0000,Public       ,1,3,4,1,3,4
02186000,UNIVERSITY OF CAMBRIDGE - MAGDALENE     ,FC,00000-0000,Public       ,0,1,1,0,1,1
02186100,UNIVERSITY OF CAMBRIDGE - EMMANUEL      ,FC,00000-0000,Public       ,0,3,3,0,3,3
02189600,UNIVERSITY OF GRONINGEN                 ,FC,00000-0000,Public       ,3,16,19,3,16,19
02194800,UNIVERSITY OF THE WEST OF ENGLAND -     ,FC,00000-0000,Public       ,5,11,16,5,11,16
02195100,UNIV OF WESTMINSTER                     ,FC,00000-0000,Public       ,24,50,74,24,50,74
02196700,GUILDHALL SCHOOL OF MUSIC & DRAMA       ,FC,00000-0000,Public       ,2,7,9,2,7,9
02207300,UNIVERSITY OF CAMBRIDGE - CHRIST'S      ,FC,00000-0000,Public       ,0,2,2,0,2,2
02207400,CHINESE UNIVERSITY OF HONG KONG (THE)   ,FC,00000-0000,Public       ,14,28,42,14,28,42
02209500,UNIVERSITEIT UTRECHT                    ,FC,00000-0000,Public       ,4,32,36,4,32,36
02210000,UNIV OF LONDON - LONDON SCHOOL OF H     ,FC,00000-0000,Public       ,0,35,35,0,35,35
02212300,UNIVERSITY OF CAMBRIDGE - ROBINSON      ,FC,00000-0000,Public       ,0,2,2,0,2,2
02225300,UNIV OF CANTERBURY                      ,FC,00000-0000,Public       ,3,12,15,3,12,15
02229100,UNIVERSITY OF LEICESTER                 ,FC,00000-0000,Public       ,5,50,55,5,50,55
02229600,SACKLER SCHOOL OF MEDICINE              ,FC,00000-0000,Public       ,0,39,39,0,39,39
02232100,UNIVERSITY OF CAMBRIDGE                 ,FC,00000-0000,Public       ,5,25,30,5,25,30
02233300,"ST GEORGE'S UNIVERSITY, SCHOOL OF MEDICI",FC,00000-0000,Proprietary  ,16,1211,1227,16,1211,1227
02235300,LONDON METROPOLITAN UNIVERSITY          ,FC,00000-0000,Public       ,14,51,65,14,51,65
02244400,AMERICAN UNIV OF THE CARIBBEAN          ,FC,00000-0000,Proprietary  ,7,657,664,7,657,664
02266600,UNIVERSITY OF LONDON - SAINT GEORGE     ,FC,00000-0000,Public       ,4,6,10,4,6,10
02271700,UNIVERSITY OF CAMBRIDGE - CLARE HAL     ,FC,00000-0000,Public       ,0,1,1,0,1,1
02271900,UNIVERSITY OF OXFORD - BLACKFRIARS      ,FC,00000-0000,Public       ,0,4,4,0,4,4
02272200,UNIV OF CAMBRIDGE - NEW HALL            ,FC,00000-0000,Public       ,1,3,4,1,3,4
02273600,QUEEN'S UNIV OF BELFAST (THE)           ,FC,00000-0000,Public       ,9,39,48,9,39,48
02273900,HERIOT WATT UNIVERSITY                  ,FC,00000-0000,Public       ,3,14,17,3,14,17
02276700,NYENRODE BUSINESS UNIVERSITEIT          ,FC,00000-0000,Private      ,0,1,1,0,1,1
02293400,ECOLE DES HAUTES ETUDES COMERCIALS      ,FC,00000-0000,Public       ,1,9,10,1,9,10
02296300,UNIVERSITY OF CAMBRIDGE - JESUS COL     ,FC,00000-0000,Public       ,1,1,2,1,1,2
02310500,DE MONTFORT UNIVERSITY                  ,FC,00000-0000,Public       ,0,6,6,0,6,6
02320500,ROYAL NORTHERN COLLEGE OF MUSIC         ,FC,00000-0000,Public       ,2,4,6,2,4,6
02335100,UNIV OF CAMBRIDGE - TRINITY HALL        ,FC,00000-0000,Public       ,0,7,7,0,7,7
02338900,UNIVERSITY  FOR THE CREATIVE ARTS       ,FC,00000-0000,Public       ,3,7,10,3,7,10
02351800,UNIVERSIDAD IBEROAMERICANA (UNIBE       ,FC,00000-0000,Private      ,39,234,273,39,234,273
02352100,UNIVERSITY OF PLYMOUTH                  ,FC,00000-0000,Public       ,5,10,15,5,10,15
02355200,ECOLE SUPERIEURE DE CUISINE FRANCAISE-FE,FC,00000-0000,Public       ,3,9,12,3,9,12
02493000,ESCUELA SUPERIOR ADMINISTRACION Y D     ,FC,00000-0000,Private      ,3,20,23,3,20,23
02496700,NATIONAL FILM & TV SCHOOL               ,FC,00000-0000,Public       ,0,2,2,0,2,2
02502600,PECSI ORVOSTUDOMANYI EGYETEM (PECS      ,FC,00000-0000,Public       ,0,10,10,0,10,10
02545700,GLASGOW SCHOOL OF ART                   ,FC,00000-0000,Public       ,9,10,19,9,10,19
02561600,SOUTHAMPTON SOLENT UNIVERSITY           ,FC,00000-0000,Public       ,3,2,5,3,2,5
02579600,MURDOCH UNIVERSITY                      ,FC,00000-0000,Public       ,3,24,27,3,24,27
02588000,UNIVERSITY OF ULSTER                    ,FC,00000-0000,Public       ,4,9,13,4,9,13
02591800,CURTIN UNIVERSITY OF TECHNOLOGY         ,FC,00000-0000,Public       ,1,7,8,1,7,8
02611600,ECOL NATIONAL DES PONTS ET CHAUSSEE     ,FC,00000-0000,Public       ,0,3,3,0,3,3
02611700,DUBLIN CITY UNIVERSITY                  ,FC,00000-0000,Public       ,5,11,16,5,11,16
02623200,UNIVERSITY OF NEWCASTLE (THE)           ,FC,00000-0000,Public       ,2,10,12,2,10,12
03012700,UNIVERSITY OF BUCKINGHAM                ,FC,00000-0000,Private      ,3,9,12,3,9,12
03029400,KEELE UNIVERSITY                        ,FC,00000-0000,Public       ,5,4,9,5,4,9
03029500,NORTHUMBRIA UNIVERSITY                  ,FC,00000-0000,Public       ,8,14,22,8,14,22
03029800,NORGES HANDELSHOYSKOLE                  ,FC,00000-0000,Public       ,1,2,3,1,2,3
03033300,MANCHESTER METROPOLITAN UNIV            ,FC,00000-0000,Public       ,13,26,39,13,26,39
03045000,UNIVERSITY OF EAST LONDON               ,FC,00000-0000,Public       ,13,26,39,13,26,39
03050100,STUDIO ART CENTERS INTERNATIONAL        ,FC,00000-0000,Private      ,20,41,61,20,41,61
03061000,CHALMERS TEKNISKA HOGSKOLA AB           ,FC,00000-0000,Private      ,0,4,4,0,4,4
03066800,PONTIFICIO ATENEO DELLA SANTA CROCE     ,FC,00000-0000,Private      ,0,5,5,0,5,5
03067200,UNIVERSITY OF SYDNEY                    ,FC,00000-0000,Public       ,25,107,132,25,107,132
03073800,UNIV OF DEBRECEN MED & HEALTH SCI       ,FC,00000-0000,Public       ,1,5,6,1,5,6
03080300,SHEFFIELD HALLAM UNIVERSITY             ,FC,00000-0000,Public       ,3,5,8,3,5,8
03084300,UNIVERSITY OF LIMERICK                  ,FC,00000-0000,Public       ,17,21,38,17,21,38
03088700,ROYAL SCOTTISH ACAD MUSIC & DRAMA       ,FC,00000-0000,Public       ,16,9,25,16,9,25
03091400,UNIVERSITY OF WOLLONGONG                ,FC,00000-0000,Public       ,5,8,13,5,8,13
03091500,UNIVERSITY OF CANBERRA                  ,FC,00000-0000,Public       ,3,11,14,3,11,14
03091700,POZNAN UNIVERSITY OF MEDICAL SCIENCES   ,FC,00000-0000,Public       ,2,42,44,2,42,44
03092500,NOTTINGHAM TRENT UNIVERSITY             ,FC,00000-0000,Public       ,2,7,9,2,7,9
03095000,RMIT UNIVERSITY                         ,FC,00000-0000,Public       ,4,20,24,4,20,24
03095400,BOND UNIVERSITY                         ,FC,00000-0000,Private      ,14,24,38,14,24,38
03095900,ESSEC BUSINESS SCHOOL                   ,FC,00000-0000,Private      ,0,9,9,0,9,9
03096100,LA TROBE UNIVERSITY                     ,FC,00000-0000,Public       ,1,17,18,1,17,18
03096900,DEAKIN UNIVERSITY                       ,FC,00000-0000,Public       ,2,2,4,2,2,4
03097100,UNIVERSITY OF WESTERN SYDNEY            ,FC,00000-0000,Public       ,3,2,5,3,2,5
03097300,VICTORIA UNIVERSITY OF TECHNOLOGY       ,FC,00000-0000,Public       ,1,2,3,1,2,3
03097500,CENTRAL QUEENSLAND UNIVERSITY           ,FC,00000-0000,Public       ,1,3,4,1,3,4
03100000,UNIVERSITY OF ADELAIDE (THE)            ,FC,00000-0000,Public       ,4,7,11,4,7,11
03101600,ASIAN INSTITUTE OF MANAGEMENT           ,FC,00000-0000,Private      ,2,3,5,2,3,5
03102500,AMERICAN UNIVERSITY OF ROME             ,FC,00000-0000,Private      ,125,41,166,125,41,166
03102800,ROBERT GORDON UNIVERSITY (THE)          ,FC,00000-0000,Public       ,0,9,9,0,9,9
03104800,GRIFFITH UNIVERSITY                     ,FC,00000-0000,Public       ,9,15,24,9,15,24
03136300,AUSTRALIAN CATHOLIC UNIVERSITY          ,FC,00000-0000,Public       ,2,6,8,2,6,8
03140300,EDITH COWAN UNIVERSITY                  ,FC,00000-0000,Public       ,0,9,9,0,9,9
03140400,NORTHERN TERRITORY UNIVERSITY           ,FC,00000-0000,Public       ,1,1,2,1,1,2
03140500,QUEENSLAND UNIVERSITY OF TECHNOLOGY     ,FC,00000-0000,Public       ,2,10,12,2,10,12
03140600,SOUTHERN CROSS UNIVERSITY               ,FC,00000-0000,Public       ,0,3,3,0,3,3
03140700,SWINBURNE UNIVERSITY OF TECHNOLOGY      ,FC,00000-0000,Public       ,3,6,9,3,6,9
03150400,"UNIVERSITY OF TECHNOLOGY, SYDNEY        ",FC,00000-0000,Public       ,5,16,21,5,16,21
03287300,LIVERPOOL INSTITUTE FOR PERFORMING ARTS ,FC,00000-0000,Public       ,13,0,13,13,0,13
03300300,"2ND SCHOOL OF MEDICINE, CHARLES UNI     ",FC,00000-0000,Public       ,2,9,11,2,9,11
03300400,"FIRST FACULTY OF MEDICINE, CHARLES UNIV.",FC,00000-0000,Public       ,3,11,14,3,11,14
03329300,JOHN CABOT UNIVERSITY                   ,FC,00000-0000,Private      ,132,37,169,132,37,169
03333300,MEDICAL UNIVERSITY SCHOOL OF LUBLIN     ,FC,00000-0000,Public       ,8,60,68,8,60,68
03334300,UNIVERSIDAD NORDESTANA                  ,FC,00000-0000,Private      ,10,141,151,10,141,151
03335300,MEDICAL UNIVERSITY OF SILESIA           ,FC,00000-0000,Public       ,4,36,40,4,36,40
03342300,GLASGOW CALEDONIAN UNIVERSITY           ,FC,00000-0000,Public       ,4,6,10,4,6,10
03349400,"QUEEN MARGARET UNIVERSITY, EDINBURGH    ",FC,00000-0000,Public       ,5,20,25,5,20,25
03350300,BOURNEMOUTH UNIVERSITY                  ,FC,00000-0000,Public       ,4,7,11,4,7,11
03352300,LONDON SOUTH BANK UNIVERSITY            ,FC,00000-0000,Private      ,9,12,21,9,12,21
03363300,THE ARTS EDUCATIONAL SCHOOLS LONDON     ,FC,00000-0000,Private      ,1,3,4,1,3,4
03364300,"FACULTY OF MEDICINE, PALACKY UNIVER     ",FC,00000-0000,Public       ,0,3,3,0,3,3
03365400,AUCKLAND INSTITUTE OF TECHNOLOGY        ,FC,00000-0000,Public       ,5,9,14,5,9,14
03366300,TROPICAL AGRICULTURE RESEARCH AND H     ,FC,00000-0000,Private      ,0,2,2,0,2,2
03378300,"THE 3RD FACULTY OF MEDICINE, CHARLE     ",FC,00000-0000,Public       ,0,3,3,0,3,3
03406300,"THE SCHOOL OF PHARMACY, UNIVERSITY      ",FC,00000-0000,Public       ,0,1,1,0,1,1
03418400,NAPIER UNIVERSITY                       ,FC,00000-0000,Public       ,3,22,25,3,22,25
03435300,ANGLIA  RUSKIN UNIVERSITY               ,FC,00000-0000,Private      ,5,10,15,5,10,15
03460300,INTERNATIONALES THEOLOGISCHES INSTI     ,FC,00000-0000,Private      ,0,5,5,0,5,5
03466300,INSTITUTO CENTROAMERICANO DE ADMINI     ,FC,00000-0000,Private      ,1,2,3,1,2,3
03473300,UNIV OF ARTS LONDON - LON COLL FASHION  ,FC,00000-0000,Public       ,37,29,66,37,29,66
03473304,UNIVERSITY OF THE ARTS LONDON - LCC     ,FC,00000-0000,Public       ,10,6,16,10,6,16
03473305,UNIVERSITY OF THE ARTS LONDON - CHELSEA ,FC,00000-0000,Public       ,9,17,26,9,17,26
03473306,UNIVERSITY OF THE ARTS LONDON - CAMBERWE,FC,00000-0000,Public       ,6,8,14,6,8,14
03473311,UNIVERSITY OF THE ARTS LONDON - WIMBLEDO,FC,00000-0000,Public       ,5,5,10,5,5,10
03473315,UNIVERSITY OF THE ARTS LONDON - CSM     ,FC,00000-0000,Public       ,29,27,56,29,27,56
03478300,ROYAL WELSH COLLEGE OF MUSIC AND DRAMA  ,FC,00000-0000,Public       ,9,10,19,9,10,19
03492300,UNIVERSITY OF OXFORD - GREEN TEMPLETON C,FC,00000-0000,Public       ,0,8,8,0,8,8
03492400,UNIV OF CAMBRIDGE-ST CATHERINE'S CG     ,FC,00000-0000,Public       ,0,3,3,0,3,3
03494400,UNIV OF CAMBRIDGE-SELWYN COLLEGE        ,FC,00000-0000,Public       ,0,3,3,0,3,3
03494600,UNIV OF OXFORD-HARRIS MANCHESTER        ,FC,00000-0000,Public       ,0,5,5,0,5,5
03501400,LEEDS METROPOLITAN UNIVERSITY           ,FC,00000-0000,Public       ,2,14,16,2,14,16
03507300,UNIVERSITY OF SUNDERLAND                ,FC,00000-0000,Public       ,4,4,8,4,4,8
03515300,UNIVERSITY OF CENTRAL LANCASHIRE        ,FC,00000-0000,Public       ,6,7,13,6,7,13
03517300,UNIVERSITY OF BRIGHTON                  ,FC,00000-0000,Public       ,8,7,15,8,7,15
03518300,EUROPEAN GRADUATE SCHOOL                ,FC,00000-0000,Private      ,0,50,50,0,50,50
03526300,INST CENTROAMERICANO DE ADM DE EMP      ,FC,00000-0000,Private      ,1,1,2,1,1,2
03527300,SOFIA UNIVERSITY ST. KLIMENT OHRIDSKI   ,FC,00000-0000,Public       ,1,3,4,1,3,4
03533300,BATH SPA UNIVERSITY                     ,FC,00000-0000,Public       ,4,2,6,4,2,6
03547300,UNIVERSITY OF GLAMORGAN                 ,FC,00000-0000,Public       ,3,8,11,3,8,11
03580300,LIVERPOOL JOHN MOORES UNIVERSITY        ,FC,00000-0000,Public       ,1,4,5,1,4,5
03589400,ARTS INSTITUTE AT BOURNEMOUTH (THE)     ,FC,00000-0000,Public       ,5,4,9,5,4,9
03590300,AVONDALE COLLEGE LIMITED                ,FC,00000-0000,Private      ,9,1,10,9,1,10
03594300,GROUP ESC GRENOBLE GRAD SCH OF BUS.     ,FC,00000-0000,Private      ,0,14,14,0,14,14
03597300,JAGIELLONIAN UNIVERSITY                 ,FC,00000-0000,Public       ,2,14,16,2,14,16
03601300,UNIVERSITAT JAUME I DE CASTELLO/UJI     ,FC,00000-0000,Public       ,1,5,6,1,5,6
03619300,UNIVERSITY OF GREENWICH                 ,FC,00000-0000,Public       ,8,23,31,8,23,31
03653400,UNIVERSIDAD DE IBEROAMERICA - UNIBE     ,FC,00000-0000,Private      ,5,16,21,5,16,21
03674300,UNIVERSITY OF ABERTAY DUNDEE            ,FC,00000-0000,Public       ,0,5,5,0,5,5
03684400,UNIVERSITY OF LINCOLN                   ,FC,00000-0000,Public       ,5,19,24,5,19,24
03684500,MEDICAL UNIVERSITY OF GDANSK            ,FC,00000-0000,Public       ,4,9,13,4,9,13
03716300,"UNIVERSITY OF WALES, NEWPORT            ",FC,00000-0000,Public       ,0,6,6,0,6,6
03727400,UNIVERSITY OF WAIKATO (THE)             ,FC,00000-0000,Public       ,3,6,9,3,6,9
03738300,LONDON SCHOOL OF THEOLOGY               ,FC,00000-0000,Private      ,1,5,6,1,5,6
03741300,ALRA (ACADEMY OF LIVE AND RECORDED ARTS),FC,00000-0000,Private      ,4,5,9,4,5,9
03770300,NAZARENE THEOLOGICAL COLLEGE            ,FC,00000-0000,Private      ,1,2,3,1,2,3
03794400,ANGLO EUROPEAN COLLEGE OF CHIROPRACTIC  ,FC,00000-0000,Private      ,0,2,2,0,2,2
03807300,ROSE BRUFORD COLLEGE                    ,FC,00000-0000,Public       ,1,2,3,1,2,3
03816400,AMERICAN GRAD SCH OF INTERNTL REL & DIPL,FC,00000-0000,Private      ,7,43,50,7,43,50
03818300,LEIPZIG GRADUATE SCHOOL OF MANAGEMENT   ,FC,00000-0000,Private      ,0,8,8,0,8,8
03824300,"ROYAL VETERINARY COLLEGE (THE), UNIVERSI",FC,00000-0000,Public       ,3,82,85,3,82,85
03850500,MEDICAL UNIVERSITY OF LODZ              ,FC,00000-0000,Public       ,2,14,16,2,14,16
03859400,UNIVERSITY COLLEGE FALMOUTH             ,FC,00000-0000,Public       ,3,1,4,3,1,4
03880300,UNIVERSITY OF GLOUCESTERSHIRE (THE)     ,FC,00000-0000,Public       ,1,4,5,1,4,5
03897400,INTERNATIONAL SPACE UNIVERSITY          ,FC,00000-0000,Private      ,1,2,3,1,2,3
03941301,AVE MARIA UNIVERSITY - LATIN AMERICA    ,FC,00000-0000,Private      ,35,14,49,35,14,49
03974300,"ST. GEORGE'S UNIVERSITY, SCHOOL OF VETER",FC,00000-0000,Proprietary  ,1,233,234,1,233,234
04021400,"AMERICAN COLLEGE, DUBLIN LIMITED (THE)  ",FC,00000-0000,Private      ,14,11,25,14,11,25
04021500,CENTRAL EUROPEAN UNIVERSITY             ,FC,00000-0000,Private      ,3,54,57,3,54,57
04032300,YORK ST JOHN UNIVERSITY                 ,FC,00000-0000,Public       ,9,1,10,9,1,10
04046300,HK UNIVERSITY OF SCI & TECH (HKUST)     ,FC,00000-0000,Public       ,4,12,16,4,12,16
04070300,"RAPHAEL RECANATI INTERNATIONAL SCHOOL, T",FC,00000-0000,Private      ,36,25,61,36,25,61
04085400,NEW ZEALAND COLLEGE OF CHIROPRACTIC     ,FC,00000-0000,Private      ,1,1,2,1,1,2
04113300,LEBANESE AMERICAN UNIVERSITY            ,FC,00000-0000,Private      ,23,9,32,23,9,32
04115900,LIVERPOOL HOPE UNIVERSITY               ,FC,00000-0000,Public       ,1,3,4,1,3,4
04116300,EDHEC BUSINESS SCHOOL                   ,FC,00000-0000,Private      ,0,21,21,0,21,21
04121400,ISAPZURICH (INTERNATIONAL SCHOOL OF ANAL,FC,00000-0000,Private      ,0,1,1,0,1,1
04128600,UNIVERSITY OF WORCESTER                 ,FC,00000-0000,Public       ,5,1,6,5,1,6
04134200,LONDON CONTEMPORARY DANCE SCHOOL        ,FC,00000-0000,Private      ,2,2,4,2,2,4
04139100,UNIVERSITA DEGLI STUDI DI SCIENZE GASTRO,FC,00000-0000,Private      ,1,5,6,1,5,6
04143700,ST MARY'S UNIVERSITY COLLEGE TWICKENHAM ,FC,00000-0000,Public       ,6,46,52,6,46,52
04168200,EUROPEAN UNIVERSITY AT ST. PETERSBURG   ,FC,00000-0000,Private      ,0,9,9,0,9,9
04171800,"INTERNATIONAL UNIVERSITY OF NURSING, ST.",FC,00000-0000,Proprietary  ,9,26,35,9,26,35
00380600,ALDERSON-BROADDUS COLLEGE               ,WV,26416-1051,Private      ,1392,222,1614,1392,222,1614
00380700,MOUNTAIN STATE UNIVERSITY               ,WV,25801-5624,Private      ,594,2124,2718,594,2124,2718
00380800,BETHANY COLLEGE                         ,WV,26032-0417,Private      ,975,65,1040,975,65,1040
00380900,BLUEFIELD STATE COLLEGE                 ,WV,24701-2198,Public       ,919,879,1798,919,879,1798
00381000,CONCORD UNIVERSITY                      ,WV,24712-0000,Public       ,2349,814,3163,2349,814,3163
00381100,DAVIS & ELKINS COLLEGE                  ,WV,26241-3996,Private      ,828,192,1020,828,192,1020
00381200,FAIRMONT STATE UNIVERSITY               ,WV,26554-2470,Public       ,4095,2132,6227,4095,2132,6227
00381300,GLENVILLE STATE COLLEGE                 ,WV,26351-1292,Public       ,1199,372,1571,1199,372,1571
00381500,MARSHALL UNIVERSITY                     ,WV,25755-3300,Public       ,8710,4188,12898,8710,4188,12898
00381600,SOUTHERN WV COMMUNITY COLLEGE           ,WV,25637-2900,Public       ,752,620,1372,752,620,1372
00381800,UNIVERSITY OF CHARLESTON                ,WV,25304-1099,Private      ,1360,704,2064,1360,704,2064
00381900,OHIO VALLEY COLLEGE                     ,WV,26105-8000,Private      ,370,94,464,370,94,464
00382000,SALEM INTERNATIONAL UNIVERSITY          ,WV,26426-0500,Proprietary  ,233,308,541,233,308,541
00382200,SHEPHERD UNIVERSITY                     ,WV,25443-3210,Public       ,3490,1094,4584,3490,1094,4584
00382300,WEST LIBERTY UNIVERSITY                 ,WV,26074-0295,Public       ,2335,495,2830,2335,495,2830
00382600,WEST VIRGINIA STATE UNIVERSITY          ,WV,25112-0000,Public       ,1819,1188,3007,1819,1188,3007
00382700,WEST VIRGINIA UNIVERSITY                ,WV,26506-6201,Public       ,23187,7064,30251,23187,7064,30251
00382711,WEST VIRGINIA UNIVERSITY - POTOMAC STATE,WV,26726-3000,Public       ,1541,384,1925,1541,384,1925
00382721,WEST VIRGINIA UNIV INST OF TECH         ,WV,25136-2436,Public       ,1020,346,1366,1020,346,1366
00382800,WEST VIRGINIA UNIV AT PARKERSBURG       ,WV,26101-9577,Public       ,1341,1509,2850,1341,1509,2850
00383000,WEST VIRGINIA WESLEYAN COLLEGE          ,WV,26201-2600,Private      ,1823,192,2015,1823,192,2015
00383100,WHEELING JESUIT UNIVERSITY              ,WV,26003-6243,Private      ,987,403,1390,987,403,1390
00500700,WEST VIRGINIA JUNIOR COLLEGE            ,WV,26505-5596,Proprietary  ,163,189,352,163,189,352
00500800,MOUNTAIN STATE COLLEGE                  ,WV,26101-3993,Proprietary  ,54,152,206,54,152,206
00754400,APPALACHIAN BIBLE COLLEGE               ,WV,25818-1353,Private      ,184,38,222,184,38,222
00757800,HUNTINGTON SCHOOL OF BEAUTY CULTURE     ,WV,25705-2030,Proprietary  ,50,61,111,50,61,111
00760000,INTERNATIONAL BEAUTY SCHOOL             ,WV,25401-3231,Proprietary  ,8,27,35,8,27,35
00835500,JAMES RUMSEY TECHNICAL INSTITUTE        ,WV,25403-0259,Public       ,66,127,193,66,127,193
00895900,CLARKSBURG BEAUTY ACADEMY               ,WV,26301-2903,Proprietary  ,15,18,33,15,18,33
00904700,HUNTINGTON JUNIOR COLLEGE               ,WV,25701-2004,Proprietary  ,140,528,668,140,528,668
00905400,WEST VIRGINIA NORTHERN CMTY COLLEGE     ,WV,26003-0000,Public       ,608,795,1403,608,795,1403
01014000,MINERAL COUNTY VOCATIONAL TECH CTR      ,WV,26726-0000,Public       ,12,30,42,12,30,42
01035600,EVEREST INSTITUTE                       ,WV,25313-1304,Proprietary  ,51,131,182,51,131,182
01057300,WEST VIRGINIA JUNIOR COLLEGE            ,WV,25322-0000,Proprietary  ,109,155,264,109,155,264
01057302,WEST VIRGINIA JUNIOR COLLEGE            ,WV,26330-0000,Proprietary  ,115,186,301,115,186,301
01086100,WEST VIRGINIA BUSINESS COLLEGE          ,WV,26301-0000,Proprietary  ,14,74,88,14,74,88
01124500,WEST VIRGINIA SCH OSTEOPATHIC MED       ,WV,24901-1128,Public       ,8,664,672,8,664,672
01174900,WOOD COUNTY SCH OF PRAC NURSING         ,WV,26101-6424,Public       ,23,33,56,23,33,56
01235900,B M SPURR SCHOOL OF PRAC NURSING        ,WV,26038-1660,Private      ,11,11,22,11,11,22
01257300,WEST VIRGINIA UNIV-HOSP-RAD TECH        ,WV,26506-8062,Private      ,172,85,257,172,85,257
01274300,BENJAMIN FRANKLIN CAREER&TECH           ,WV,25064-0000,Public       ,51,68,119,51,68,119
01290400,MONONGALIA CNTY TECH ED CTR             ,WV,26501-6841,Public       ,57,85,142,57,85,142
01290500,ACADEMY OF CAREERS AND TECHNOLOGY       ,WV,25801-0000,Public       ,69,125,194,69,125,194
02057400,ROANE-JACKSON TECHNICAL CENTER          ,WV,25252-0000,Public       ,20,32,52,20,32,52
02068000,UNITED TECHNICAL CENTER                 ,WV,26301-0000,Public       ,31,66,97,31,66,97
02070100,BECKLEY BEAUTY ACADEMY                  ,WV,25801-0000,Proprietary  ,13,31,44,13,31,44
02073400,CARVER CAREER TECH ED CTR               ,WV,25306-6397,Public       ,139,165,304,139,165,304
02145100,SCOTT COLLEGE OF COSMETOLOGY            ,WV,26003-0000,Proprietary  ,35,27,62,35,27,62
02178200,CHARLESTON SCHOOL OF BEAUTY CULTURE     ,WV,25301-0000,Proprietary  ,37,53,90,37,53,90
02218200,GARNET CAREER CENTER                    ,WV,25301-0000,Public       ,60,146,206,60,146,206
02275300,CABELL COUNTY CAREER TECHNOLOGY CTR     ,WV,25705-0000,Public       ,84,110,194,84,110,194
02524500,RALPH R WILLIS VOCATIONAL CENTER        ,WV,25601-0000,Public       ,16,36,52,16,36,52
02534800,FRED W EBERLE TECHNICAL CENTER          ,WV,26201-0000,Public       ,37,58,95,37,58,95
02535500,MERCER COUNTY TECH EDUC CNTR            ,WV,24740-0000,Public       ,60,106,166,60,106,166
02579900,NORTH CENTRAL OPPORTUNITIES INDUSTRIALIZ,WV,26554-2936,Private      ,21,26,47,21,26,47
02609400,VALLEY COLLEGE                          ,WV,25404-5711,Proprietary  ,13,76,89,13,76,89
03052000,MEREDITH MANOR EQUESTRIAN CENTRE        ,WV,26184-9707,Proprietary  ,143,49,192,143,49,192
03076500,FAYETTE INSTITUTE OF TECHNOLOGY         ,WV,25901-2174,Public       ,18,33,51,18,33,51
03084200,VALLEY COLLEGE                          ,WV,24740-3141,Proprietary  ,24,49,73,24,49,73
03084400,VALLEY COLLEGE                          ,WV,25801-2643,Proprietary  ,24,75,99,24,75,99
03098300,PUTNAM CAREER & TECHNICAL CENTER        ,WV,25070-0000,Public       ,35,43,78,35,43,78
03099200,"MOUNTAINEER BEAUTY COLLEGE, INC         ",WV,25177-2917,Proprietary  ,32,35,67,32,35,67
03102100,MORGANTOWN BEAUTY COLLEGE               ,WV,26505-5430,Proprietary  ,54,51,105,54,51,105
03123200,STANLEY TECHNICAL INSTITUTE             ,WV,26505-3751,Private      ,14,18,32,14,18,32
03327500,SOUTH BRANCH VOCATIONAL TECH CENTER     ,WV,26847-1698,Public       ,5,5,10,5,5,10
03734300,JOHN D. ROCKEFELLER IV CAREER CENTER    ,WV,26047-9424,Public       ,4,9,13,4,9,13
03819300,AMERICAN PUBLIC UNIVERSITY SYSTEM       ,WV,25414-1621,Proprietary  ,707,16801,17508,707,16801,17508
03957300,BLUE RIDGE COMMUNITY AND TECHNICAL COLLE,WV,25401-3244,Public       ,431,1036,1467,431,1036,1467
03960300,NEW RIVER COMMUNITY AND TECHNICAL COLLEG,WV,25801-2636,Public       ,617,1098,1715,617,1098,1715
04028300,MOUNTAIN STATE SCHOOL OF MASSAGE        ,WV,25304-2025,Proprietary  ,9,26,35,9,26,35
04038500,PIERPONT COMMUNITY & TECHNICAL COLLEGE  ,WV,26554-2451,Public       ,1354,1109,2463,1354,1109,2463
04038600,KANAWHA VALLEY COMMUNITY & TECH COLLEGE ,WV,25112-1000,Public       ,400,725,1125,400,725,1125
04041400,MOUNTWEST COMMUNITY AND TECHNICAL COLLEG,WV,25755-3300,Public       ,575,824,1399,575,824,1399
04047300,BRIDGEMONT COMMUNITY & TECHNICAL COLLEGE,WV,25136-2435,Public       ,282,177,459,282,177,459
04119000,EASTERN WEST VIRGINIA COMMUNITY & TECHNI,WV,26836-0000,Public       ,147,205,352,147,205,352
00106100,ALASKA PACIFIC UNIVERSITY               ,AK,99508-4672,Private      ,394,432,826,394,432,826
00106300,UNIVERSITY OF ALASKA FAIRBANKS          ,AK,99775-7500,Public       ,2209,1910,4119,2209,1910,4119
00106500,UNIVERSITY OF ALASKA SOUTHEAST          ,AK,99801-8680,Public       ,608,621,1229,608,621,1229
00884300,ALASKA BIBLE COLLEGE                    ,AK,99588-0000,Private      ,21,13,34,21,13,34
01146200,UNIVERSITY OF ALASKA ANCHORAGE          ,AK,99514-1608,Public       ,3753,4036,7789,3753,4036,7789
02541000,CAREER ACADEMY                          ,AK,99507-0000,Proprietary  ,93,237,330,93,237,330
02576900,CHARTER COLLEGE                         ,AK,99508-0000,Proprietary  ,154,602,756,154,602,756
03160300,AVTEC                                   ,AK,99664-0889,Public       ,117,160,277,117,160,277
03461300,ILISAGVIK COLLEGE                       ,AK,99723-0749,Public       ,17,19,36,17,19,36
04138600,ALASKA CHRISTIAN COLLEGE                ,AK,99669-9755,Private      ,20,19,39,20,19,39
00108500,UNIV ARKANSAS MONTICELLO                ,AR,71656-0000,Public       ,1160,696,1856,1160,696,1856
00108600,UNIV OF ARKANSAS AT PINE BLUFF          ,AR,71601-2790,Public       ,2092,753,2845,2092,753,2845
00108700,ARKANSAS BAPTIST COLLEGE                ,AR,72202-6099,Private      ,394,455,849,394,455,849
00108800,LYON COLLEGE                            ,AR,72501-3699,Private      ,555,84,639,555,84,639
00108900,ARKANSAS TECH UNIVERSITY                ,AR,72801-2222,Public       ,3557,1903,5460,3557,1903,5460
00109000,ARKANSAS STATE UNIVERSITY               ,AR,72467-0000,Public       ,5089,3862,8951,5089,3862,8951
00109006,DELTA TECHNICAL INSTITUTE               ,AR,72365-9558,Public       ,31,86,117,31,86,117
00109100,ARKANSAS STATE UNIVERSITY - BEEBE       ,AR,72012-1000,Public       ,978,1043,2021,978,1043,2021
00109200,UNIVERSITY OF CENTRAL ARKANSAS          ,AR,72035-0001,Public       ,5200,1653,6853,5200,1653,6853
00109300,CENTRAL BAPTIST COLLEGE                 ,AR,72034-6470,Private      ,285,197,482,285,197,482
00109400,UNIVERSITY OF THE OZARKS                ,AR,72830-2880,Private      ,521,72,593,521,72,593
00109500,CROWLEYS RIDGE COLLEGE                  ,AR,72450-9775,Private      ,105,52,157,105,52,157
00109700,HARDING UNIVERSITY                      ,AR,72149-0001,Private      ,2164,666,2830,2164,666,2830
00109800,HENDERSON STATE UNIVERSITY              ,AR,71999-0001,Public       ,1998,678,2676,1998,678,2676
00109900,HENDRIX COLLEGE                         ,AR,72032-3080,Private      ,1843,133,1976,1843,133,1976
00110000,JOHN BROWN UNIVERSITY                   ,AR,72761-2747,Private      ,1211,491,1702,1211,491,1702
00110100,UNIV ARKANSAS LITTLE ROCK               ,AR,72204-1099,Public       ,2752,3914,6666,2752,3914,6666
00110200,OUACHITA BAPTIST UNIVERSITY             ,AR,71998-0001,Private      ,1113,80,1193,1113,80,1193
00110300,PHILANDER SMITH COLLEGE                 ,AR,72202-3718,Private      ,693,353,1046,693,353,1046
00110400,PHILLIPS COUNTY COMMUNITY COLLEGE       ,AR,72342-0000,Public       ,148,191,339,148,191,339
00110600,WILLIAMS BAPTIST COLLEGE                ,AR,72476-4661,Private      ,347,71,418,347,71,418
00110700,SOUTHERN ARKANSAS UNIVERSITY            ,AR,71754-0000,Public       ,1511,674,2185,1511,674,2185
00110800,UNIV ARKANSAS FAYETTEVILLE              ,AR,72701-0000,Public       ,10605,3095,13700,10605,3095,13700
00110900,UNIVERSITY OF ARKANSAS FOR MEDICAL SCIEN,AR,72205-7102,Public       ,339,1199,1538,339,1199,1538
00111000,UNIVERSITY OF ARKANSAS-FORT SMITH       ,AR,72904-7397,Public       ,2082,1701,3783,2082,1701,3783
00524500,U OF A COMM COLLEGE AT MORRILTON        ,AR,72110-9601,Public       ,494,593,1087,494,593,1087
00570700,SEARK COLLEGE                           ,AR,71603-0000,Public       ,204,588,792,204,588,792
00573200,UNIV AR COMMUNITY COLLEGE AT HOPE       ,AR,71801-0000,Public       ,222,333,555,222,333,555
00704400,CROWLEYS RIDGE TECHNICAL INSTITUTE      ,AR,72336-0000,Public       ,31,92,123,31,92,123
00732967,ITT TECHNICAL INSTITUTE                 ,AR,72204-7739,Proprietary  ,93,242,335,93,242,335
00773800,SOUTHERN ARKANSAS UNIVERSITY TECH       ,AR,71701-1900,Public       ,225,307,532,225,307,532
00792100,PAUL MITCHELL THE SCHOOL ARKANSAS       ,AR,72701-0000,Proprietary  ,40,51,91,40,51,91
00997600,OUACHITA TECHNICAL COLLEGE              ,AR,72104-0816,Public       ,117,357,474,117,357,474
01074100,MELLIE'S BEAUTY COLLEGE                 ,AR,72901-3886,Proprietary  ,17,48,65,17,48,65
01210500,NATIONAL PARK COMMUNITY COLLEGE         ,AR,71913-9174,Public       ,394,837,1231,394,837,1231
01226000,EAST ARKANSAS COMMUNITY COLLEGE         ,AR,72335-2204,Public       ,162,253,415,162,253,415
01226100,NORTH ARKANSAS COLLEGE                  ,AR,72601-5508,Public       ,441,698,1139,441,698,1139
01286000,ARKANSAS NORTHEASTERN COLLEGE           ,AR,72316-1109,Public       ,269,375,644,269,375,644
02052200,BLACK RIVER TECHNICAL COLLEGE           ,AR,72455-0000,Public       ,254,584,838,254,584,838
02073500,UNIVERSITY OF ARKANSAS COMMUNITY COLLEGE,AR,72503-0000,Public       ,266,369,635,266,369,635
02073700,NORTHWEST TECHNICAL INSTITUTE           ,AR,72765-0000,Public       ,90,170,260,90,170,260
02074600,SOUTH ARKANSAS COMMUNITY COLLEGE        ,AR,71731-0000,Public       ,251,579,830,251,579,830
02075300,PULASKI TECHNICAL COLLEGE               ,AR,72118-0000,Public       ,1206,3952,5158,1206,3952,5158
02087000,OZARKA COLLEGE                          ,AR,72556-0000,Public       ,151,327,478,151,327,478
02111100,RICH MOUNTAIN COMMUNITY COLLEGE         ,AR,71953-0000,Public       ,172,154,326,172,154,326
02202400,PROFESSIONAL COSMETOLOGY EDUC CTR       ,AR,71730-5828,Proprietary  ,10,27,37,10,27,37
02220900,COSSATOT COMMUNITY COLLEGE              ,AR,71832-0000,Public       ,201,306,507,201,306,507
02260400,BEE JAY'S HAIRSTYLING ACADEMY           ,AR,72212-0000,Proprietary  ,12,23,35,12,23,35
02260401,BEE JAY'S HAIRSTYLING ACADEMY - BATESVIL,AR,72501-6709,Proprietary  ,4,11,15,4,11,15
02272400,EASTERN COLLEGE OF HEALTH VOCATIONS     ,AR,72205-3535,Proprietary  ,25,177,202,25,177,202
02284200,NEW TYLER BARBER COLLEGE INC            ,AR,72114-0000,Proprietary  ,18,45,63,18,45,63
02287400,MARSHA KAY BEAUTY COLLEGE               ,AR,72653-0000,Proprietary  ,5,12,17,5,12,17
02330800,JEFFERSON SCHOOL OF NURSING             ,AR,71603-0000,Private      ,32,67,99,32,67,99
02339800,SOUTHERN INSTITUTE OF COSMETOLOGY       ,AR,72301-0000,Proprietary  ,3,13,16,3,13,16
02341700,CAREER ACADEMY OF HAIR DESIGN           ,AR,72764-4304,Proprietary  ,15,35,50,15,35,50
02341701,CAREER ACADEMY OF HAIR DESIGN - ROGERS  ,AR,72756-2102,Proprietary  ,10,46,56,10,46,56
02341702,CAREER ACADEMY OF HAIR DESIGN - SILOAM  ,AR,72761-4217,Proprietary  ,3,7,10,3,7,10
02348200,MID-SOUTH COMMUNITY COLLEGE             ,AR,72301-0000,Public       ,248,566,814,248,566,814
02363500,ARTHUR'S BEAUTY COLLEGE                 ,AR,72901-0000,Proprietary  ,12,57,69,12,57,69
02525800,LEE'S SCHOOL OF COSMETOLOGY             ,AR,72114-0000,Proprietary  ,20,48,68,20,48,68
02538500,ARTHUR'S BEAUTY COLLEGE                 ,AR,72076-0000,Proprietary  ,19,47,66,19,47,66
02569600,SEARCY BEAUTY COLLEGE                   ,AR,72143-0000,Proprietary  ,5,14,19,5,14,19
03005100,ARKANSAS BEAUTY SCHOOL                  ,AR,72209-5116,Proprietary  ,26,51,77,26,51,77
03007100,HOT SPRINGS BEAUTY COLLEGE              ,AR,71901-5432,Proprietary  ,8,36,44,8,36,44
03007600,ARKANSAS BEAUTY SCHOOL-CONWAY           ,AR,72032-4354,Proprietary  ,20,46,66,20,46,66
03023400,ARKANSAS COLLEGE OF BARBERING           ,AR,72114-5615,Proprietary  ,12,45,57,12,45,57
03063300,NORTHWEST ARKANSAS COMMUNITY COLLEG     ,AR,72712-5190,Public       ,1207,1946,3153,1207,1946,3153
03065100,ABC BEAUTY COLLEGE                      ,AR,71923-4206,Proprietary  ,5,25,30,5,25,30
03066302,BRYAN COLLEGE -                         ,AR,72756-1825,Proprietary  ,9,118,127,9,118,127
03105200,BAPTIST HEALTH SCHOOLS LITTLE ROCK      ,AR,72210-2820,Private      ,173,716,889,173,716,889
03115102,HERITAGE COLLEGE - LITTLE ROCK          ,AR,72227-5544,Proprietary  ,56,217,273,56,217,273
03124900,IMAGINE -  PAUL MITCHELL PARTNER SCHOOL ,AR,72117-2516,Proprietary  ,58,138,196,58,138,196
03127200,ASKINS VO-TECH                          ,AR,72908-8028,Proprietary  ,0,10,10,0,10,10
03214300,VELVATEX COLLEGE OF BEAUTY CULTURE      ,AR,72202-5452,Proprietary  ,8,19,27,8,19,27
03254300,MARGARET'S HAIR ACADEMY                 ,AR,71655-4905,Proprietary  ,9,23,32,9,23,32
03519400,LYNNDALE FUNDAMENTALS OF BEAUTY SCH     ,AR,71730-4804,Proprietary  ,0,8,8,0,8,8
03855300,ECCLESIA COLLEGE                        ,AR,72762-8159,Private      ,49,38,87,49,38,87
03912300,CROSSETT SCHOOL OF COSMETOLOGY          ,AR,71635-0000,Proprietary  ,2,8,10,2,8,10
03997300,ARKANSAS BEAUTY COLLEGE                 ,AR,72801-3741,Proprietary  ,12,26,38,12,26,38
04183100,WASHINGTON BARBER COLLEGE               ,AR,72209-3820,Proprietary  ,6,42,48,6,42,48
04183400,SALON PROFESSIONAL ACADEMY (THE)        ,AR,72116-7310,Proprietary  ,16,49,65,16,49,65
00133900,CORBAN UNIVERSITY                       ,OR,97301-9392,Private      ,1751,464,2215,1751,464,2215
00318600,BLUE MOUNTAIN COMMUNITY COLLEGE         ,OR,97801-0000,Public       ,884,1213,2097,884,1213,2097
00318800,CENTRAL OREGON COMMUNITY COLLEGE        ,OR,97701-5998,Public       ,1966,3698,5664,1966,3698,5664
00318900,CLATSOP COMMUNITY COLLEGE               ,OR,97103-3698,Public       ,426,905,1331,426,905,1331
00319100,CONCORDIA UNIVERSITY                    ,OR,97211-6099,Private      ,1811,1767,3578,1811,1767,3578
00319300,EASTERN OREGON UNIVERSITY               ,OR,97850-2899,Public       ,2639,2404,5043,2639,2404,5043
00319400,GEORGE FOX UNIVERSITY                   ,OR,97132-2697,Private      ,3128,1255,4383,3128,1255,4383
00319600,LANE COMMUNITY COLLEGE                  ,OR,97405-0640,Public       ,5194,9256,14450,5194,9256,14450
00319700,LEWIS & CLARK COLLEGE                   ,OR,97219-7899,Private      ,5534,3026,8560,5534,3026,8560
00319800,LINFIELD COLLEGE                        ,OR,97128-6894,Private      ,3285,902,4187,3285,902,4187
00319801,LINFIELD COLLEGE - PORTLAND CAMPUS      ,OR,97210-0000,Private      ,618,1005,1623,618,1005,1623
00319900,MARYLHURST UNIVERSITY                   ,OR,97036-7036,Private      ,129,1095,1224,129,1095,1224
00320300,MOUNT ANGEL SEMINARY                    ,OR,97373-0505,Private      ,7,8,15,7,8,15
00320400,MOUNT HOOD COMMUNITY COLLEGE            ,OR,97030-3300,Public       ,3597,5559,9156,3597,5559,9156
00320600,MULTNOMAH BIBLE COLLEGE/SEMINARY        ,OR,97220-5898,Private      ,395,506,901,395,506,901
00320700,PACIFIC NORTHWEST COLLEGE OF ART        ,OR,97209-3023,Private      ,631,633,1264,631,633,1264
00320800,NORTHWEST CHRISTIAN UNIVERSITY          ,OR,97401-3727,Private      ,579,535,1114,579,535,1114
00320900,WESTERN OREGON UNIVERSITY               ,OR,97361-1394,Public       ,7004,2576,9580,7004,2576,9580
00321000,OREGON STATE UNIVERSITY                 ,OR,97331-8507,Public       ,21634,9542,31176,21634,9542,31176
00321100,OREGON INSTITUTE OF TECHNOLOGY          ,OR,97601-8801,Public       ,2535,1945,4480,2535,1945,4480
00321200,PACIFIC UNIVERSITY                      ,OR,97116-1797,Private      ,3761,2709,6470,3761,2709,6470
00321300,PORTLAND COMMUNITY COLLEGE              ,OR,97219-7198,Public       ,10061,22750,32811,10061,22750,32811
00321311,PORTLAND COMMUNITY COLLEGE - TILLAMOOK B,OR,97141-2599,Public       ,41,101,142,41,101,142
00321600,PORTLAND STATE UNIVERSITY               ,OR,97207-0000,Public       ,12905,16845,29750,12905,16845,29750
00321700,REED COLLEGE                            ,OR,97202-8199,Private      ,2670,581,3251,2670,581,3251
00321800,CHEMEKETA COMMUNITY COLLEGE             ,OR,97309-1500,Public       ,4960,8715,13675,4960,8715,13675
00321900,SOUTHERN OREGON UNIVERSITY              ,OR,97520-5010,Public       ,5085,2900,7985,5085,2900,7985
00322000,SOUTHWESTERN OREGON COMMUNITY CLG       ,OR,97420-2956,Public       ,1298,1194,2492,1298,1194,2492
00322100,TREASURE VALLEY COMMUNITY COLLEGE       ,OR,97914-3423,Public       ,1061,1239,2300,1061,1239,2300
00322200,UMPQUA COMMUNITY COLLEGE                ,OR,97470-0226,Public       ,958,2079,3037,958,2079,3037
00322300,UNIVERSITY OF OREGON                    ,OR,97403-1226,Public       ,24677,8802,33479,24677,8802,33479
00322400,UNIVERSITY OF PORTLAND                  ,OR,97203-5798,Private      ,9856,2372,12228,9856,2372,12228
00322500,WARNER PACIFIC COLLEGE                  ,OR,97215-4099,Private      ,1039,1270,2309,1039,1270,2309
00322700,WILLAMETTE UNIVERSITY                   ,OR,97301-3930,Private      ,5595,1283,6878,5595,1283,6878
00487800,CLACKAMAS COMMUNITY COLLEGE             ,OR,97045-7998,Public       ,2781,3779,6560,2781,3779,6560
00488200,OREGON HEALTH & SCIENCE UNIVERSITY      ,OR,97239-0000,Public       ,958,3510,4468,958,3510,4468
00693800,LINN BENTON COMMUNITY COLLEGE           ,OR,97321-3774,Public       ,2959,3612,6571,2959,3612,6571
00717800,WESTERN SEMINARY                        ,OR,97215-0000,Private      ,19,248,267,19,248,267
00723402,HEALD COLLEGE - PORTLAND                ,OR,97205-3432,Proprietary  ,147,611,758,147,611,758
00732969,ITT TECHNICAL INSTITUTE                 ,OR,97220-6819,Proprietary  ,263,639,902,263,639,902
00737101,MARINELLO SCHOOL OF BEAUTY - PORTLAND   ,OR,97212-3732,Proprietary  ,47,105,152,47,105,152
00781900,ART INSTITUTE OF PORTLAND (THE)         ,OR,97209-2911,Proprietary  ,1439,1361,2800,1439,1361,2800
00888700,CONCORDE CAREER INSTITUTE               ,OR,97232-2242,Proprietary  ,171,579,750,171,579,750
00907900,EVEREST COLLEGE                         ,OR,97204-2296,Proprietary  ,193,576,769,193,576,769
00958100,SPRINGFIELD COLLEGE OF BEAUTY           ,OR,97477-5474,Proprietary  ,52,87,139,52,87,139
01012200,PHAGANS' MEDFORD BEAUTY SCHOOL          ,OR,97504-5297,Proprietary  ,43,112,155,43,112,155
01018200,ROGUE COMMUNITY COLLEGE                 ,OR,97527-0000,Public       ,2073,4665,6738,2073,4665,6738
01050700,ACADEMY OF HAIR DESIGN                  ,OR,97301-3526,Proprietary  ,65,104,169,65,104,169
01230900,UNIVERSITY OF WESTERN STATES            ,OR,97230-3099,Private      ,88,472,560,88,472,560
01234700,PHAGANS CENTRAL OREGON BEAUTY CLG       ,OR,97701-5175,Proprietary  ,56,118,174,56,118,174
01234800,PHAGANS BEAUTY COLLEGE                  ,OR,97333-4716,Proprietary  ,48,56,104,48,56,104
01235000,PHAGANS SCHOOL OF HAIR DESIGN           ,OR,97267-0000,Proprietary  ,24,49,73,24,49,73
01235100,PHAGANS SCHOOL OF BEAUTY                ,OR,97301-4732,Proprietary  ,59,104,163,59,104,163
01300800,PHAGANS TIGARD BEAUTY SCHOOL            ,OR,97223-0000,Proprietary  ,24,42,66,24,42,66
02101000,NORTHWEST COLLEGE OF HAIR DESIGN        ,OR,97086-7702,Proprietary  ,100,265,365,100,265,365
02101002,NORTHWEST COLLEGE                       ,OR,97007-3954,Proprietary  ,15,53,68,15,53,68
02104900,COLLEGE OF LEGAL ARTS                   ,OR,97219-9998,Proprietary  ,42,150,192,42,150,192
02106100,COLLEGE OF COSMETOLOGY                  ,OR,97601-0000,Proprietary  ,30,48,78,30,48,78
02154400,BEAU MONDE CLG OF HAIR DESIGN           ,OR,97205-0000,Proprietary  ,106,168,274,106,168,274
02159700,NEW HOPE CHRISTIAN COLLEGE              ,OR,97405-1194,Private      ,193,141,334,193,141,334
02201900,PHAGANS' SCHOOL OF HAIR DESIGN          ,OR,97232-0000,Proprietary  ,103,187,290,103,187,290
02239203,ANTHEM COLLEGE - BEAVERTON              ,OR,97005-0000,Proprietary  ,62,119,181,62,119,181
02330100,PIONEER PACIFIC COLLEGE                 ,OR,97070-0000,Proprietary  ,158,578,736,158,578,736
02330102,PIONEER PACIFIC COLLEGE                 ,OR,97403-0000,Proprietary  ,159,623,782,159,623,782
02337900,COLLEGE OF HAIR DESIGN CAREERS          ,OR,97301-0000,Proprietary  ,53,107,160,53,107,160
02344100,ROSEBURG BEAUTY COLLEGE                 ,OR,97470-0000,Proprietary  ,29,70,99,29,70,99
02534000,NATIONAL COLLEGE OF NATURAL MEDICINE    ,OR,97201-0000,Private      ,50,596,646,50,596,646
02578800,NORTHWEST NANNIES INSTITUTE             ,OR,97035-0000,Proprietary  ,13,7,20,13,7,20
02603700,OREGON COL OF ORIENTAL MEDICINE         ,OR,97216-0000,Private      ,22,304,326,22,304,326
02617506,EVEREST COLLEGE - EVEREST INSTITUTE     ,OR,97223-6581,Proprietary  ,62,173,235,62,173,235
03007300,OREGON COLLEGE OF ART & CRAFT           ,OR,97225-6399,Private      ,254,379,633,254,379,633
03022600,LE CORDON BLEU COLLEGE OF CULINARY ARTS ,OR,97205-2793,Proprietary  ,487,800,1287,487,800,1287
03042500,CARRINGTON COLLEGE                      ,OR,97232-1302,Proprietary  ,201,549,750,201,549,750
03074400,PHAGANS NEWPORT ACAD CSMTLGY CAREER     ,OR,97365-4963,Proprietary  ,8,32,40,8,32,40
03074500,EAST-WEST COLLEGE OF THE HEALING ARTS   ,OR,97232-2765,Proprietary  ,59,275,334,59,275,334
03185300,PHAGANS GRANTS PASS COLLEGE OF BTY      ,OR,97527-3039,Proprietary  ,26,57,83,26,57,83
03428300,KLAMATH COMMUNITY COLLEGE               ,OR,97603-7121,Public       ,443,954,1397,443,954,1397
03642300,VALLEY MEDICAL COLLEGE                  ,OR,97305-1373,Proprietary  ,92,302,394,92,302,394
03668300,BIRTHINGWAY COLLEGE OF MIDWIFERY        ,OR,97266-4042,Private      ,36,165,201,36,165,201
03783400,ABDILL CAREER COLLEGE                   ,OR,97504-7137,Proprietary  ,46,186,232,46,186,232
04146500,PORTLAND ACTORS CONSERVATORY            ,OR,97201-2557,Private      ,42,78,120,42,78,120
04151900,COLUMBIA GORGE COMMUNITY COLLEGE        ,OR,97058-3434,Public       ,328,647,975,328,647,975
04167400,SAGE SCHOOL OF MASSAGE & HEALING ARTS   ,OR,97701-4082,Proprietary  ,39,79,118,39,79,118
04171400,AVEDA INSTITUTE PORTLAND                ,OR,97209-3144,Proprietary  ,174,264,438,174,264,438
00137400,ALBERTUS MAGNUS COLLEGE                 ,CT,06511-1189,Private      ,920,559,1479,920,559,1479
00137403,ALBERTUS MAGNUS CLG-NEW DIMENSIONS      ,CT,06511-0000,Private      ,64,331,395,64,331,395
00137800,CENTRAL CONNECTICUT STATE UNIV          ,CT,06050-2490,Public       ,7929,2639,10568,7929,2639,10568
00137900,CONNECTICUT COLLEGE                     ,CT,06320-4196,Private      ,2768,128,2896,2768,128,2896
00138000,WESTERN CONNECTICUT STATE UNIV          ,CT,06810-6826,Public       ,5288,1238,6526,5288,1238,6526
00138500,FAIRFIELD UNIVERSITY                    ,CT,06430-0000,Private      ,7149,757,7906,7149,757,7906
00138700,HARTFORD SEMINARY                       ,CT,06105-0000,Private      ,6,50,56,6,50,56
00138900,HOLY APOSTLES COLLEGE & SEMINARY        ,CT,06416-2005,Private      ,6,18,24,6,18,24
00139200,MANCHESTER COMMUNITY COLLEGE            ,CT,06045-1046,Public       ,2032,1629,3661,2032,1629,3661
00139300,MITCHELL COLLEGE                        ,CT,06320-4498,Private      ,811,157,968,811,157,968
00139700,UNIVERSITY OF NEW HAVEN                 ,CT,06516-1999,Private      ,8992,1317,10309,8992,1317,10309
00139800,NORTHWESTERN CT COMMUNITY COLLEGE       ,CT,06098-1747,Public       ,343,365,708,343,365,708
00139900,NORWALK COMMUNITY TECHNICAL COLLEGE     ,CT,06854-1655,Public       ,1046,1101,2147,1046,1101,2147
00140100,POST UNIVERSITY                         ,CT,06723-3240,Proprietary  ,1144,2750,3894,1144,2750,3894
00140200,QUINNIPIAC UNIVERSITY                   ,CT,06518-1908,Private      ,14326,1354,15680,14326,1354,15680
00140201,QUINNIPIAC UNIVERSITY SCHOOL OF LAW     ,CT,06518-0000,Private      ,73,742,815,73,742,815
00140300,SACRED HEART UNIVERSITY                 ,CT,06825-1000,Private      ,7594,1207,8801,7594,1207,8801
00140600,SOUTHERN CONNECTICUT STATE UNIV         ,CT,06515-1355,Public       ,8470,3500,11970,8470,3500,11970
00140900,SAINT JOSEPH COLLEGE                    ,CT,06117-2791,Private      ,975,948,1923,975,948,1923
00141400,TRINITY COLLEGE                         ,CT,06106-3100,Private      ,3514,185,3699,3514,185,3699
00141600,UNIVERSITY OF BRIDGEPORT                ,CT,06601-5650,Private      ,3085,1725,4810,3085,1725,4810
00141700,UNIVERSITY OF CONNECTICUT-STORRS        ,CT,06269-2151,Public       ,29219,4525,33744,29219,4525,33744
00141702,UNIV CONN STAMFORD                      ,CT,06901-0000,Public       ,821,378,1199,821,378,1199
00141703,UNIV OF CONNECTICUT - TORINGTON         ,CT,06790-0000,Public       ,257,110,367,257,110,367
00141706,UNIV OF CONNECTICUT SCH LAW             ,CT,06105-0000,Public       ,80,1048,1128,80,1048,1128
00141707,UNIV OF CT - SCH OF SOCIAL WORK         ,CT,06117-0000,Public       ,147,560,707,147,560,707
00141708,UNIVERSITY OF CONNECTICUT - SCHOOL OF ME,CT,06030-1920,Public       ,165,368,533,165,368,533
00141709,UNIVERSITY OF CONNECTICUT - SCHOOL OF DE,CT,06030-1920,Public       ,226,180,406,226,180,406
00142200,UNIVERSITY OF HARTFORD                  ,CT,06117-1599,Private      ,10090,1460,11550,10090,1460,11550
00142400,WESLEYAN UNIVERSITY                     ,CT,06459-3208,Private      ,5165,203,5368,5165,203,5368
00142500,EASTERN CONNECTICUT STATE UNIV          ,CT,06226-2295,Public       ,5698,914,6612,5698,914,6612
00142600,YALE UNIVERSITY                         ,CT,06520-8288,Private      ,17337,7187,24524,17337,7187,24524
00280301,RENSSELAER POLYTECHNIC INSTITUTE-RENSSEL,CT,06120-2991,Private      ,23,30,53,23,30,53
00451300,HOUSATONIC COMMUNITY COLLEGE            ,CT,06604-4704,Public       ,1356,1712,3068,1356,1712,3068
00618100,BRIDGEPORT HOSP SCHL OF NURSING         ,CT,06610-2896,Private      ,136,352,488,136,352,488
00619100,ST. VINCENT'S COLLEGE                   ,CT,06606-9966,Private      ,273,594,867,273,594,867
00698200,NAUGATUCK VALLEY COMM-TECH COLG         ,CT,06708-3089,Public       ,1648,1628,3276,1648,1628,3276
00730000,ELI WHITNEY TECHNICAL HIGH SCHOOL       ,CT,06514-0000,Public       ,8,30,38,8,30,38
00730300,LINCOLN TECHNICAL INSTITUTE             ,CT,06051-0000,Proprietary  ,196,420,616,196,420,616
00730500,PORTER AND CHESTER INSTITUTE OF BRANFORD,CT,06405-4022,Proprietary  ,59,128,187,59,128,187
00731100,WINDHAM TECHNICAL HIGH SCHOOL           ,CT,06226-2100,Public       ,3,7,10,3,7,10
00745900,PAIER COLLEGE OF ART                    ,CT,06514-3902,Proprietary  ,74,33,107,74,33,107
00763500,CAPITAL COMMUNITY COLLEGE               ,CT,06103-1207,Public       ,871,1628,2499,871,1628,2499
00803700,GATEWAY COMMUNITY-TECHNICAL COLLEGE     ,CT,06511-0000,Public       ,1626,2310,3936,1626,2310,3936
00803800,MIDDLESEX COMMUNITY CLG                 ,CT,06457-4889,Public       ,606,579,1185,606,579,1185
00887300,PAUL MITCHELL THE SCHOOL                ,CT,06810-6716,Proprietary  ,28,20,48,28,20,48
00887400,BRIO ACADEMY OF COSMETOLOGY             ,CT,06450-4836,Proprietary  ,19,24,43,19,24,43
00887401,BRIO ACADEMY OF COSMETOLOGY - HAMDEN    ,CT,06514-4132,Proprietary  ,6,8,14,6,8,14
00887402,BRIO ACADEMY OF COSMETOLOGY - FAIRFIELD ,CT,06824-6690,Proprietary  ,10,11,21,10,11,21
00887403,BRIO ACADEMY OF COSMETOLOGY - WILLIMANTI,CT,06226-1940,Proprietary  ,4,14,18,4,14,18
00887404,BRIO ACADEMY OF COSMETOLOGY -           ,CT,06605-4114,Proprietary  ,6,12,18,6,12,18
00927700,E C GOODWIN TECHNICAL HIGH SCHOOL       ,CT,06053-0000,Public       ,8,24,32,8,24,32
00940700,LINCOLN COLLEGE OF NEW ENGLAND          ,CT,06489-1057,Proprietary  ,354,440,794,354,440,794
00940701,CLEMENS COLLEGE                         ,CT,06078-0000,Proprietary  ,13,3,16,13,3,16
00976400,TUNXIS COMMUNITY COLLEGE                ,CT,06032-3187,Public       ,1038,1066,2104,1038,1066,2104
00976500,THREE RIVERS COMMUNITY COLLEGE          ,CT,06360-6598,Public       ,979,1318,2297,979,1318,2297
00982200,ALBERT I PRINCE TECHNICAL HIGH SCHOOL   ,CT,06106-3799,Public       ,12,31,43,12,31,43
01041700,BRIO ACADEMY OF EAST HARTFORD           ,CT,06108-2220,Proprietary  ,14,36,50,14,36,50
01053000,QUINEBAUG VALLEY COMMUNITY COLLEGE      ,CT,06239-1440,Public       ,355,486,841,355,486,841
01077900,PORTER AND CHESTER INSTITUTE-ALLCAMPUSES,CT,06615-7158,Proprietary  ,348,1043,1391,348,1043,1391
01115000,ASNUNTUCK COMMUNITY COLLEGE             ,CT,06082-3800,Public       ,286,249,535,286,249,535
01149600,BULLARD HAVENS VOC TECH SCHOOL          ,CT,06610-3499,Public       ,6,45,51,6,45,51
01169700,VINAL REGIONAL VOC TECH SCHOOL          ,CT,06457-4918,Public       ,3,16,19,3,16,19
01184300,NORWICH TECHNICAL HIGH SCHOOL           ,CT,06360-7097,Public       ,7,45,52,7,45,52
01242500,STONE ACADEMY                           ,CT,06514-4125,Proprietary  ,53,299,352,53,299,352
01242503,STONE ACADEMY -WATERBURY                ,CT,06705-3823,Proprietary  ,15,57,72,15,57,72
01242504,STONE ACADEMY -  EAST HARTFORD          ,CT,06118-0000,Proprietary  ,22,90,112,22,90,112
01287700,SANFORD-BROWN COLLEGE                   ,CT,06855-1436,Proprietary  ,35,130,165,35,130,165
01291300,LEON INSTITUTE OF HAIR DESIGN           ,CT,06604-4226,Proprietary  ,1,18,19,1,18,19
02074000,BRANFORD HALL CAREER INSTITUTE          ,CT,06405-0000,Proprietary  ,81,201,282,81,201,282
02106600,AMERICAN INSTITUTE                      ,CT,06110-1922,Proprietary  ,10,58,68,10,58,68
02112300,RIDLEY LOWELL BUSINESS & TECH INST      ,CT,06320-0000,Proprietary  ,47,255,302,47,255,302
02112700,NORTH HAVEN ACADEMY                     ,CT,06473-3108,Proprietary  ,29,31,60,29,31,60
02115100,BUTLER BUSINESS SCHOOL                  ,CT,06604-0000,Proprietary  ,22,131,153,22,131,153
02148700,CONNECTICUT INST OF HAIR DESIGN         ,CT,06716-0000,Proprietary  ,2,10,12,2,10,12
02202500,NEW ENGLAND TRACTOR TRAILER SCH         ,CT,06071-2036,Proprietary  ,3,28,31,3,28,31
02228800,LINCOLN TECHNICAL INSTITUTE - EAST WINDS,CT,06088-9631,Proprietary  ,460,184,644,460,184,644
02244900,GOODWIN COLLEGE                         ,CT,06118-9980,Private      ,556,1921,2477,556,1921,2477
02245300,HOWELL CHENEY TECHNICAL HIGH SCHOOL     ,CT,06040-0000,Public       ,3,4,7,3,4,7
02265900,WINDHAM COMMUNITY MEM HOSP-RAD TECH     ,CT,06226-0000,Private      ,9,15,24,9,15,24
02296100,YALE-NEW HAVEN HOSP DIETETIC INTERN     ,CT,06510-8900,Private      ,21,25,46,21,25,46
02300000,W F KAYNOR TECHNICAL HIGH SCHOOL        ,CT,06708-0000,Public       ,9,39,48,9,39,48
02316600,CONNECTICUT CTR FOR MASSAGE THERAPY     ,CT,06111-3975,Proprietary  ,20,71,91,20,71,91
02316601,CONNECTICUT CENTER FOR MASSAGE THERAPY -,CT,06880-4619,Proprietary  ,10,47,57,10,47,57
02316603,CONNECTICUT CENTER FOR MASSAGE THERAPY -,CT,06340-4619,Proprietary  ,14,37,51,14,37,51
02565000,PLATT TECHNICAL HIGH SCHOOL             ,CT,06460-2105,Public       ,5,7,12,5,7,12
03079400,LYME ACADEMY COLLEGE OF FINE ARTS       ,CT,06371-2333,Private      ,70,18,88,70,18,88
03094800,INDUSTRIAL MANAGEMENT & TRAINING        ,CT,06706-1211,Proprietary  ,12,45,57,12,45,57
03234300,CHARTER OAK STATE COLLEGE               ,CT,06053-2150,Public       ,57,565,622,57,565,622
03316300,LINCOLN TECHNICAL INSTITUTE - HARTFORD  ,CT,06105-3630,Proprietary  ,326,246,572,326,246,572
03381300,CONNECTICUT TRAINING CENTER             ,CT,06108-2705,Private      ,4,22,26,4,22,26
03927300,ALBERT SCHOOL (THE)                     ,CT,06357-2447,Proprietary  ,5,9,14,5,9,14
03927301,BRIO ACADEMY OF COSMETOLOGY - TORRINGTON,CT,06790-5425,Proprietary  ,2,4,6,2,4,6
03927302,BRIO ACADEMY OF COSMETOLOGY  -  ENFIELD ,CT,06082-2946,Proprietary  ,4,8,12,4,8,12
04104300,ACADEMY DI CAPELLI - SCHOOL OF COSMETOLO,CT,06492-0000,Proprietary  ,15,18,33,15,18,33
04128800,BRANFORD ACADEMY OF HAIR & COSMETOLOGY  ,CT,06405-0000,Proprietary  ,8,9,17,8,9,17
04145400,OXFORD ACADEMY OF HAIR DESIGN           ,CT,06483-2911,Proprietary  ,9,14,23,9,14,23
04148400,EUROPEAN ACADEMY OF COSMETOLOGY AND HAIR,CT,06437-0000,Proprietary  ,5,3,8,5,3,8
04152400,INTERNATIONAL INSTITUTE OF COSMETOLOGY  ,CT,06109-0000,Proprietary  ,36,24,60,36,24,60
04162900,TONSORIAL ACADEMY OF COSMETOLOGY AND BAR,CT,06516-0000,Proprietary  ,0,6,6,0,6,6
00146600,BARRY UNIVERSITY                        ,FL,33161-6695,Private      ,4492,4172,8664,4492,4172,8664
00146601,BARRY UNIVERSITY - ORLANDO              ,FL,32807-3673,Private      ,283,1003,1286,283,1003,1286
00146700,BETHUNE COOKMAN UNIVERSITY              ,FL,32114-3099,Private      ,4946,1091,6037,4946,1091,6037
00146800,ST THOMAS UNIVERSITY                    ,FL,33054-0000,Private      ,1069,1422,2491,1069,1422,2491
00146900,FLORIDA INSTITUTE OF TECHNOLOGY         ,FL,32901-6988,Private      ,3630,3028,6658,3630,3028,6658
00147000,BREVARD COMMUNITY COLLEGE               ,FL,32922-6503,Public       ,2202,3323,5525,2202,3323,5525
00147100,CENTRAL FLORIDA COMMUNITY COLLEGE       ,FL,34478-1388,Public       ,2031,3356,5387,2031,3356,5387
00147200,CHIPOLA  COLLEGE                        ,FL,32446-2053,Public       ,447,539,986,447,539,986
00147300,CLEARWATER CHRISTIAN COLLEGE            ,FL,33759-0000,Private      ,461,80,541,461,80,541
00147500,DAYTONA STATE COLLEGE                   ,FL,32114-2800,Public       ,3215,4976,8191,3215,4976,8191
00147700,EDISON STATE COLLEGE                    ,FL,33906-6210,Public       ,3363,4145,7508,3363,4145,7508
00147800,EDWARD WATERS COLLEGE                   ,FL,32209-6199,Private      ,642,409,1051,642,409,1051
00147900,EMBRY-RIDDLE AERONAUTICAL UNIV          ,FL,32114-3900,Private      ,5663,3157,8820,5663,3157,8820
00148000,FLORIDA A & M UNIVERSITY                ,FL,32307-3100,Public       ,12365,5080,17445,12365,5080,17445
00148100,FLORIDA ATLANTIC UNIVERSITY             ,FL,33431-6498,Public       ,17945,8679,26624,17945,8679,26624
00148101,FLORIDA ATLANTIC UNIVERSITY/DAVIE       ,FL,33314-0000,Public       ,1540,2398,3938,1540,2398,3938
00148103,FLORIDA ATLANTIC UNIV-JUPITER/PSL       ,FL,33458-0000,Public       ,893,761,1654,893,761,1654
00148200,FLORIDA COLLEGE                         ,FL,33617-5578,Private      ,252,29,281,252,29,281
00148400,FLORIDA STATE COLLEGE AT JACKSONVILLE   ,FL,32202-4030,Public       ,5923,11171,17094,5923,11171,17094
00148500,FLORIDA KEYS COMMUNITY COLLEGE          ,FL,33040-4397,Public       ,269,320,589,269,320,589
00148600,FLORIDA MEMORIAL UNIVERSITY             ,FL,33054-6199,Private      ,1767,841,2608,1767,841,2608
00148700,ECKERD COLLEGE                          ,FL,33711-4744,Private      ,2769,474,3243,2769,474,3243
00148800,FLORIDA SOUTHERN COLLEGE                ,FL,33801-5698,Private      ,3054,557,3611,3054,557,3611
00148900,FLORIDA STATE UNIVERSITY                ,FL,32306-2430,Public       ,37982,11751,49733,37982,11751,49733
00149000,GULF COAST COMMUNITY COLLEGE            ,FL,32401-1058,Public       ,1156,1919,3075,1156,1919,3075
00149300,INDIAN RIVER STATE COLLEGE              ,FL,34981-5596,Public       ,2746,3761,6507,2746,3761,6507
00149500,JACKSONVILLE UNIVERSITY                 ,FL,32211-3394,Private      ,2706,1829,4535,2706,1829,4535
00149700,JONES COLLEGE                           ,FL,32211-5588,Private      ,59,404,463,59,404,463
00149900,EVEREST UNIVERSITY                      ,FL,32810-5601,Proprietary  ,275,1886,2161,275,1886,2161
00149901,EVEREST UNIVERSITY - ORLANDO SOUTH      ,FL,32819-7666,Proprietary  ,744,11048,11792,744,11048,11792
00149902,EVEREST UNIVERSITY - MELBOURNE          ,FL,32905-6609,Proprietary  ,59,479,538,59,479,538
00150000,BROWARD COLLEGE- DOWNTOWN CTR           ,FL,33301-2298,Public       ,2484,4786,7270,2484,4786,7270
00150001,BROWARD COLLEGE - DAVIE CAMPUS          ,FL,33314-0000,Public       ,4629,5253,9882,4629,5253,9882
00150002,BROWARD COLLEGE- NORTH CAMPUS           ,FL,33066-0000,Public       ,2959,4654,7613,2959,4654,7613
00150003,BROWARD COLLEGE- SOUTH CAMPUS           ,FL,33024-0000,Public       ,3286,4399,7685,3286,4399,7685
00150100,LAKE CITY COMMUNITY COLLEGE             ,FL,32025-2007,Public       ,500,981,1481,500,981,1481
00150200,LAKE SUMTER COMMUNITY COLLEGE           ,FL,34788-8751,Public       ,1165,1400,2565,1165,1400,2565
00150400,MANATEE COMMUNITY COLLEGE               ,FL,34207-3596,Public       ,1982,2766,4748,1982,2766,4748
00150500,LYNN UNIVERSITY                         ,FL,33431-5598,Private      ,1782,454,2236,1782,454,2236
00150600,MIAMI DADE COLLEGE ADMINISTRATION ONLY  ,FL,33176-3393,Public       ,362,370,732,362,370,732
00150601,MIAMI DADE COLLEGE - NORTH CAMPUS       ,FL,33167-3495,Public       ,6170,6614,12784,6170,6614,12784
00150602,MIAMI DADE COLLEGE - KENDALL CAMPUS     ,FL,33176-3393,Public       ,8002,6240,14242,8002,6240,14242
00150603,MIAMI DADE COLLEGE - WOLFSON CAMPUS     ,FL,33132-2297,Public       ,4828,4742,9570,4828,4742,9570
00150604,MIAMI DADE COLLEGE - MEDICAL CAMPUS     ,FL,33127-4693,Public       ,1619,2940,4559,1619,2940,4559
00150605,MIAMI DADE COLLEGE - HOMESTEAD CAMPUS   ,FL,33030-6009,Public       ,1199,1467,2666,1199,1467,2666
00150606,MIAMI DADE COLLEGE -INTERAMERICAN CAMPUS,FL,33135-0000,Public       ,1642,2904,4546,1642,2904,4546
00150607,MIAMI DADE COLLEGE - HIALEAH CAMPUS     ,FL,33012-2918,Public       ,1623,1891,3514,1623,1891,3514
00150800,NORTH FLORIDA COMMUNITY COLLEGE         ,FL,32340-1699,Public       ,213,314,527,213,314,527
00150900,NOVA SOUTHEASTERN UNIVERSITY            ,FL,33314-7796,Private      ,4662,14425,19087,4662,14425,19087
00151000,NORTHWEST FLORIDA STATE COLLEGE         ,FL,32578-1295,Public       ,921,1879,2800,921,1879,2800
00151200,PALM BEACH COMMUNITY COLLEGE            ,FL,33461-4796,Public       ,5458,5647,11105,5458,5647,11105
00151300,PENSACOLA STATE COLLEGE                 ,FL,32504-8998,Public       ,1905,3653,5558,1905,3653,5558
00151400,POLK STATE COLLEGE                      ,FL,33881-4256,Public       ,2126,3117,5243,2126,3117,5243
00151500,ROLLINS COLLEGE                         ,FL,32789-4499,Private      ,2682,690,3372,2682,690,3372
00151900,SANTA FE COLLEGE                        ,FL,32606-6200,Public       ,5154,4158,9312,5154,4158,9312
00152000,SEMINOLE STATE COLLEGE OF FLORIDA       ,FL,32773-6199,Public       ,3831,5741,9572,3831,5741,9572
00152100,SOUTHEASTERN UNIVERSITY                 ,FL,33801-6099,Private      ,1731,598,2329,1731,598,2329
00152200,SOUTH FLORIDA COMMUNITY COLLEGE         ,FL,33825-9399,Public       ,591,698,1289,591,698,1289
00152300,SAINT JOHNS RIVER STATE COLLEGE         ,FL,32177-3897,Public       ,1274,1864,3138,1274,1864,3138
00152600,SAINT LEO UNIVERSITY                    ,FL,33574-6665,Private      ,2662,6344,9006,2662,6344,9006
00152800,ST. PETERSBURG COLLEGE                  ,FL,33760-3768,Public       ,3975,9106,13081,3975,9106,13081
00153100,STETSON UNIVERSITY                      ,FL,32723-3761,Private      ,4004,597,4601,4004,597,4601
00153101,STETSON UNIVERSITY - COLLEGE OF LAW     ,FL,33707-3299,Private      ,86,1162,1248,86,1162,1248
00153300,TALLAHASSEE COMMUNITY COLLEGE           ,FL,32304-2895,Public       ,5457,4052,9509,5457,4052,9509
00153400,EVEREST UNIVERSITY                      ,FL,33614-5801,Proprietary  ,228,2201,2429,228,2201,2429
00153408,EVEREST UNIVERSITY - TAMPA BRANDON CAMPU,FL,33619-1354,Proprietary  ,278,4970,5248,278,4970,5248
00153409,EVEREST UNIVERSITY - ORANGE PARK        ,FL,32073-1111,Proprietary  ,44,456,500,44,456,500
00153500,UNIVERSITY OF FLORIDA                   ,FL,32611-3150,Public       ,38330,12676,51006,38330,12676,51006
00153600,UNIVERSITY OF MIAMI                     ,FL,33146-6531,Private      ,20329,4470,24799,20329,4470,24799
00153601,UNIV OF MIAMI SCHOOL OF LAW             ,FL,33124-0000,Private      ,130,2024,2154,130,2024,2154
00153602,UNIV OF MIAMI-SCH OF MEDICINE           ,FL,33136-0000,Private      ,724,1208,1932,724,1208,1932
00153700,UNIVERSITY OF SOUTH FLORIDA             ,FL,33620-6960,Public       ,32291,15061,47352,32291,15061,47352
00153701,UNIV OF SOUTH FLORIDA-ST PETERSBURG     ,FL,33701-0000,Public       ,3003,1990,4993,3003,1990,4993
00153702,UNIV OF SOUTH FLORIDA-SARASOTA          ,FL,34243-2025,Public       ,687,1092,1779,687,1092,1779
00153705,UNIV OF SOUTH FLORIDA                   ,FL,33803-0000,Public       ,1019,1080,2099,1019,1080,2099
00153706,UNIV OF SOUTH FLORIDA- MEDICINE         ,FL,33612-0000,Public       ,1189,1537,2726,1189,1537,2726
00153800,UNIVERSITY OF TAMPA                     ,FL,33606-1490,Private      ,9976,1932,11908,9976,1932,11908
00154000,WEBBER INTERNATIONAL UNIVERSITY         ,FL,33827-0096,Private      ,716,150,866,716,150,866
00173308,NATIONAL-LOUIS UNIVERSITY               ,FL,33609-0000,Private      ,6,35,41,6,35,41
00177201,TRINITY INTERNATIONAL UNIVERSITY - SOUTH,FL,33324-4611,Private      ,23,147,170,23,147,170
00395400,UNIV OF CENTRAL FLORIDA                 ,FL,32816-0001,Public       ,47663,17124,64787,47663,17124,64787
00395500,UNIVERSITY OF WEST FLORIDA              ,FL,32514-5750,Public       ,7589,3604,11193,7589,3604,11193
00407215,NORTHWOOD UNIVERSITY                    ,FL,33409-0000,Private      ,380,228,608,380,228,608
00491004,KAPLAN CAREER INSTITUTE - KAPLAN COLLEGE,FL,33026-3978,Proprietary  ,71,598,669,71,598,669
00491005,KAPLAN COLLEGE JACKSONVILLE             ,FL,32216-3216,Proprietary  ,84,948,1032,84,948,1032
00558500,LIVELY TECHNICAL CENTER                 ,FL,32304-0000,Public       ,229,754,983,229,754,983
00558600,LINDSEY HOPKINS TECHNICAL ED CENTER     ,FL,33127-4692,Public       ,67,303,370,67,303,370
00559400,D G ERWIN TECHNICAL CENTER              ,FL,33610-8255,Public       ,225,812,1037,225,812,1037
00560500,PINELLAS TECH ED CTR-CLEARWATER         ,FL,33760-2194,Public       ,98,520,618,98,520,618
00560700,SARASOTA COUNTY TECHNICAL INSTITUTE     ,FL,34233-0000,Public       ,118,349,467,118,349,467
00560800,TRAVISS TECHNICAL CENTER                ,FL,33803-0000,Public       ,139,441,580,139,441,580
00561200,MANATEE TECHNICAL INSTITUTE             ,FL,34210-0000,Public       ,165,453,618,165,453,618
00561201,MANATEE TECHNICAL INSTITUTE-EAST        ,FL,34211-0000,Public       ,91,325,416,91,325,416
00675000,VALENCIA COMMUNITY COLLEGE              ,FL,32802-3028,Public       ,13833,12618,26451,13833,12618,26451
00732910,ITT TECHNICAL INSTITUTE                 ,FL,33634-7515,Proprietary  ,216,522,738,216,522,738
00732947,ITT TECHNICAL INSTITUTE                 ,FL,32746-1607,Proprietary  ,77,235,312,77,235,312
00752500,SUWANNEE-HAMILTON AREA VOC TECH CTR     ,FL,32060-0000,Public       ,23,128,151,23,128,151
00752600,WASHINGTON HOLMES TECHNICAL CENTER      ,FL,32428-1699,Public       ,31,147,178,31,147,178
00755800,LEE COUNTY HIGH TECH CENTER CENTRAL     ,FL,33916-2299,Public       ,179,440,619,179,440,619
00758600,REMINGTON COLLEGE - TAMPA CAMPUS        ,FL,33612-8410,Private      ,74,354,428,74,354,428
00787000,HILLSBOROUGH COMMUNITY COLLEGE          ,FL,33606-3572,Public       ,6492,8484,14976,6492,8484,14976
00789300,FLAGLER COLLEGE                         ,FL,32085-1027,Private      ,3465,524,3989,3465,524,3989
00789301,FLAGLER COLLEGE - TALLAHASSEE COMMUNITY ,FL,32304-2895,Private      ,235,403,638,235,403,638
00807500,ST JOHN VIANNEY COLLEGE SEMINARY        ,FL,33165-3244,Private      ,20,9,29,20,9,29
00814600,EVEREST UNIVERSITY - POMPANO BEACH      ,FL,33062-2522,Proprietary  ,101,1195,1296,101,1195,1296
00822300,ST VINCENT DE PAUL REGIONL SEMINARY     ,FL,33436-0000,Private      ,3,13,16,3,13,16
00841700,STENOTYPE INST OF JACKSONVILLE          ,FL,32207-0000,Proprietary  ,20,103,123,20,103,123
00869410,RASMUSSEN COLLEGE - OCALA               ,FL,34471-7051,Proprietary  ,247,2155,2402,247,2155,2402
00869411,RASMUSSEN COLLEGE - NEW PORT RICHEY     ,FL,34690-4554,Proprietary  ,93,507,600,93,507,600
00869413,RASMUSSEN COLLEGE - FORT MYERS          ,FL,33905-7805,Proprietary  ,154,646,800,154,646,800
00869420,RASMUSSEN COLLEGE - TAMPA               ,FL,33610-9558,Proprietary  ,73,295,368,73,295,368
00869422,RASMUSSEN COLLEGE - PASCO               ,FL,33558-0000,Proprietary  ,16,135,151,16,135,151
00884800,WARNER UNIVERSITY                       ,FL,33859-8725,Private      ,300,256,556,300,256,556
00884900,PALM BEACH ATLANTIC UNIVERSITY          ,FL,33401-6505,Private      ,2210,1226,3436,2210,1226,3436
00887800,MIAMI INTERNATIONAL UNIV ART&DESIGN     ,FL,33132-1418,Proprietary  ,1475,1110,2585,1475,1110,2585
00910400,RIVERSIDE HAIRSTYLING ACADEMY           ,FL,32207-3810,Proprietary  ,13,45,58,13,45,58
00963500,FLORIDA INTERNATIONAL UNIVERSITY        ,FL,33199-0001,Public       ,26983,18133,45116,26983,18133,45116
00984100,UNIVERSITY OF NORTH FLORIDA             ,FL,32224-2645,Public       ,10791,5204,15995,10791,5204,15995
00990200,SHERIDAN TECHNICAL CENTER               ,FL,33021-3399,Public       ,174,636,810,174,636,810
01016100,"LORAINE'S ACADEMY, INC                  ",FL,33710-0000,Proprietary  ,11,60,71,11,60,71
01019500,ART INSTITUTE OF FT LAUDERDALE          ,FL,33316-3000,Proprietary  ,901,747,1648,901,747,1648
01065200,PASCO-HERNANDO COMMUNITY CLG            ,FL,34654-5199,Public       ,1852,2820,4672,1852,2820,4672
01072401,CARLOS ALBIZU UNIVERSITY                ,FL,33172-0000,Private      ,60,390,450,60,390,450
01082600,TOM P. HANEY TECHNICAL CENTER           ,FL,32405-5099,Public       ,95,354,449,95,354,449
01112700,GOODING INST OF NUR ANES BAY MED CT     ,FL,32401-0000,Public       ,10,59,69,10,59,69
01226300,ATLANTIC TECHNICAL CENTER               ,FL,33063-3902,Public       ,167,540,707,167,540,707
01254400,FIRST COAST TECHNICAL COLLEGE           ,FL,32084-1921,Public       ,107,322,429,107,322,429
01257400,RINGLING SCHOOL OF ART AND DESIGN       ,FL,34234-5895,Private      ,1708,288,1996,1708,288,1996
01303904,SOUTH UNIVERSITY - WEST PALM BEACH CAMPU,FL,33409-5149,Proprietary  ,218,651,869,218,651,869
01323400,LORENZO WALKER INST OF TECHNOLOGY       ,FL,34104-4405,Public       ,86,197,283,86,197,283
02089600,CONCORDE CAREER INSTITUTE               ,FL,32211-0000,Proprietary  ,89,526,615,89,526,615
02106602,AMERICAN INSTITUTE - AMERICAN INSTITUTE ,FL,34747-5161,Proprietary  ,5,40,45,5,40,45
02113609,AMERICAN INTERCONTINENTAL UNIV - WESTON ,FL,33326-3233,Proprietary  ,130,435,565,130,435,565
02115300,PINELLAS TECHNICAL EDUCATION CENTERS - S,FL,33711-0000,Public       ,131,656,787,131,656,787
02116006,SANFORD-BROWN INSTITUTE - FT. LAUDERDALE,FL,33309-1906,Proprietary  ,59,295,354,59,295,354
02121800,EVEREST INSTITUTE                       ,FL,33169-4759,Proprietary  ,121,424,545,121,424,545
02121801,EVEREST INSTITUTE  - HIALEAH            ,FL,33012-7193,Proprietary  ,33,94,127,33,94,127
02148200,FASHION FOCUS HAIR ACADEMY              ,FL,34231-0000,Proprietary  ,19,46,65,19,46,65
02148300,MANHATTAN BEAUTY SCHOOL                 ,FL,33611-0000,Proprietary  ,28,88,116,28,88,116
02149900,PAUL MITCHELL THE SCHOOL-JACKSONVILLE   ,FL,32205-0000,Proprietary  ,78,169,247,78,169,247
02151900,KEISER  UNIVERSITY                      ,FL,33309-0000,Private      ,1344,5745,7089,1344,5745,7089
02156700,FLORIDA CHRISTIAN COLLEGE               ,FL,34744-0000,Private      ,232,139,371,232,139,371
02159600,BAPTIST COLLEGE OF FLORIDA (THE)        ,FL,32440-0000,Private      ,122,111,233,122,111,233
02172700,CONCORDE CAREER INSTITUTE               ,FL,33607-0000,Proprietary  ,67,299,366,67,299,366
02188900,HOBE SOUND BIBLE COLLEGE                ,FL,33475-0000,Private      ,16,35,51,16,35,51
02200100,BRADENTON BEAUTY & BARBER ACADEMY       ,FL,34209-0000,Proprietary  ,20,61,81,20,61,81
02215900,ATI CAREER TRAINING CENTER              ,FL,33309-1785,Proprietary  ,35,141,176,35,141,176
02218700,FLORIDA TECHNICAL COLLEGE               ,FL,32826-2707,Proprietary  ,277,783,1060,277,783,1060
02218707,FLORIDA TECHNICAL COLLEGE - LAKELAND    ,FL,33813-2101,Proprietary  ,51,182,233,51,182,233
02218709,FLORIDA TECHNICAL COLLEGE - DELAND      ,FL,32720-7415,Proprietary  ,50,220,270,50,220,270
02228300,LAKE TECHNICAL CENTER                   ,FL,32726-0000,Public       ,126,441,567,126,441,567
02245500,FORTIS COLLEGE                          ,FL,32789-4679,Proprietary  ,39,261,300,39,261,300
02257900,INTERNATIONAL ACADEMY                   ,FL,32119-3541,Proprietary  ,12,44,56,12,44,56
02275100,CONCORDE CAREER INSTITUTE               ,FL,33025-0000,Proprietary  ,43,176,219,43,176,219
02278800,SOUTHWEST FLORIDA COLLEGE               ,FL,33907-0000,Proprietary  ,191,611,802,191,611,802
02278801,SOUTHWEST FLORIDA COLLEGE - TAMPA       ,FL,33619-1344,Proprietary  ,213,362,575,213,362,575
02278802,SOUTHWEST FLORIDA COLLEGE - INSTITUTUE O,FL,33928-9469,Proprietary  ,11,19,30,11,19,30
02278803,SOUTHWEST FLORIDA COLLEGE - PORT CHARLOT,FL,33953-3100,Proprietary  ,55,235,290,55,235,290
02279600,CORTIVA INSTITUTE - FLORIDA             ,FL,33781-0000,Proprietary  ,12,42,54,12,42,54
02280800,NEW ENGLAND INST TECH-PALM BEACH        ,FL,33407-0000,Proprietary  ,69,263,332,69,263,332
02283800,BEAUTY SCHOOLS OF AMERICA               ,FL,33012-3322,Proprietary  ,49,136,185,49,136,185
02287100,LA BELLE BEAUTY SCHOOL                  ,FL,33012-3224,Proprietary  ,2,9,11,2,9,11
02293200,ATI CAREER TRAINING CENTER              ,FL,33309-5916,Proprietary  ,22,144,166,22,144,166
02293201,ATI CAREER TRAINING CENTER - MIAMI      ,FL,33122-1707,Proprietary  ,44,124,168,44,124,168
02293202,ATI CAREER TAINING CENTER - ATI COLLEGE ,FL,87109-2016,Proprietary  ,61,187,248,61,187,248
02293600,ADVANCED TECHNICAL CENTERS              ,FL,33266-1597,Private      ,24,42,66,24,42,66
02297000,CHARLOTTE TECHNICAL CENTER              ,FL,33948-0000,Public       ,71,273,344,71,273,344
02300900,WITHLACOOCHEE TECHNICAL INSTITUTE       ,FL,34450-0000,Public       ,63,251,314,63,251,314
02305700,FORTIS COLLEGE                          ,FL,33619-1283,Proprietary  ,45,238,283,45,238,283
02305800,FLORIDA CAREER COLLEGE                  ,FL,33012-7028,Proprietary  ,174,1010,1184,174,1010,1184
02307400,GEORGE STONE AREA VOCATIONAL TECHNICAL  ,FL,32526-0000,Public       ,106,496,602,106,496,602
02314100,SCHILLER INTERNATIONAL UNIVERSITY       ,FL,33770-0000,Proprietary  ,31,118,149,31,118,149
02316200,MIAMI LAKES TECHNICAL EDUCATION CTR     ,FL,33014-0000,Public       ,136,394,530,136,394,530
02321200,ORANGE TECH EDUC CTR- WESTSIDE TECH     ,FL,34787-0000,Public       ,77,242,319,77,242,319
02325100,KEY COLLEGE                             ,FL,33004-3046,Proprietary  ,15,56,71,15,56,71
02326303,MEDVANCE INSTITUTE - WEST PALM          ,FL,33461-2171,Proprietary  ,69,166,235,69,166,235
02326306,MEDVANCE INSTITUTE - MIAMI              ,FL,33173-3431,Proprietary  ,23,97,120,23,97,120
02326800,MERIDIAN COLLEGE                        ,FL,34240-8478,Proprietary  ,18,92,110,18,92,110
02326801,MERIDIAN CAREER INSTITUTE -             ,FL,33619-1378,Proprietary  ,11,23,34,11,23,34
02326900,SUNSTATE ACADEMY OF HAIR DESIGN         ,FL,33907-1415,Proprietary  ,50,146,196,50,146,196
02329900,FLORIDA INSTITUTE OF ULTRASOUND         ,FL,32514-0000,Proprietary  ,49,174,223,49,174,223
02338400,FT PIERCE BEAUTY ACADEMY                ,FL,34982-0000,Proprietary  ,13,52,65,13,52,65
02346200,WYOTECH                                 ,FL,32174-1010,Proprietary  ,228,284,512,228,284,512
02362100,FULL SAIL UNIVERSITY                    ,FL,32792-0000,Proprietary  ,7345,10176,17521,7345,10176,17521
02499000,ACADEMY OF COSMETOLOGY                  ,FL,32953-3311,Proprietary  ,16,32,48,16,32,48
02501500,"O*TEC, MID-FLORIDA TECH                 ",FL,32809-0000,Public       ,183,482,665,183,482,665
02504600,WINTER PARK TECH                        ,FL,32789-0000,Public       ,50,220,270,50,220,270
02508900,TALMUDIC COLLEGE OF FLORIDA             ,FL,33139-0000,Private      ,10,13,23,10,13,23
02511700,RIDGE TECHNICAL CENTER                  ,FL,33881-0000,Public       ,104,352,456,104,352,456
02513200,ORLANDO TECHNICAL CENTER                ,FL,32801-0000,Public       ,217,586,803,217,586,803
02515400,CITY COLLEGE                            ,FL,33309-3073,Private      ,102,641,743,102,641,743
02517100,SARASOTA SCHOOL OF MASSAGE THERAPY      ,FL,34243-6130,Proprietary  ,11,51,62,11,51,62
02524000,SUNSTATE ACADEMY OF HAIR DESIGN         ,FL,34624-0000,Proprietary  ,16,37,53,16,37,53
02524200,ROBERT MORGAN EDUCATIONAL CENTER        ,FL,33177-0000,Public       ,133,325,458,133,325,458
02547600,FLORIDA NATIONAL COLLEGE                ,FL,33012-0000,Proprietary  ,142,618,760,142,618,760
02554200,RADFORD LOCKLIN TECH CENTER             ,FL,32570-0000,Public       ,26,104,130,26,104,130
02573200,LA BELLE BEAUTY ACADEMY                 ,FL,33135-0000,Proprietary  ,24,42,66,24,42,66
02586200,FLORIDA CAREER COLLEGE                  ,FL,33759-3924,Proprietary  ,49,179,228,49,179,228
02597100,HERITAGE INSTITUTE                      ,FL,33912-7132,Proprietary  ,86,234,320,86,234,320
02598200,SOUTHERN CAREER COLLEGE                 ,FL,32211-0000,Proprietary  ,18,108,126,18,108,126
02599800,EVEREST UNIVERSITY                      ,FL,33770-2556,Proprietary  ,37,399,436,37,399,436
02599801,EVEREST UNIVERSITY - TAMPA LAKELAND CAMP,FL,33801-3801,Proprietary  ,53,385,438,53,385,438
02599805,EVEREST UNIVERSITY - JACKSONVILLE       ,FL,32256-0000,Proprietary  ,125,747,872,125,747,872
02601600,HENRY W BREWSTER TECHNICAL CENTER       ,FL,33602-0000,Public       ,62,279,341,62,279,341
02612700,ACADEMY OF COSMETOLOGY-PALM BAY         ,FL,32905-2805,Proprietary  ,21,64,85,21,64,85
02616400,SANFORD-BROWN INSTITUTE                 ,FL,32256-3520,Proprietary  ,88,558,646,88,558,646
02616401,SANFORD-BROWN INSTITUTE - TAMPA         ,FL,33610-8304,Proprietary  ,62,285,347,62,285,347
03003200,EVEREST INSTITUTE                       ,FL,33186-1410,Proprietary  ,72,258,330,72,258,330
03003201,EVEREST INSTITUTE - FT. LAUDERDALE      ,FL,33304-2522,Proprietary  ,48,233,281,48,233,281
03003600,MCFATTER TECHNICAL CENTER               ,FL,33317-7499,Public       ,154,426,580,154,426,580
03006801,PENNSYLVANIA CULINARY INSTITUTE - LE COR,FL,33025-3929,Proprietary  ,98,430,528,98,430,528
03008600,FLORIDA COLLEGE OF NATURAL HEALTH       ,FL,33064-1342,Proprietary  ,49,162,211,49,162,211
03010608,VIRGINIA COLLEGE - PENSACOLA            ,FL,32501-5650,Proprietary  ,56,468,524,56,468,524
03010612,VIRGINIA COLLEGE - GOLF ACADEMY OF AMERI,FL,32701-0000,Proprietary  ,50,92,142,50,92,142
03010618,VIRGINIA COLLEGE - JACKSONVILLE         ,FL,32207-5167,Proprietary  ,68,355,423,68,355,423
03012300,ASM BEAUTY WORLD ACADEMY                ,FL,33021-0000,Proprietary  ,10,23,33,10,23,33
03018500,BENE'S INTERNATIONAL SCHOOL OF BEAUTY   ,FL,34652-1637,Proprietary  ,22,93,115,22,93,115
03028200,TRINITY COLLEGE OF FLORIDA              ,FL,34655-4401,Private      ,67,49,116,67,49,116
03031400,INTERNATIONAL ACADEMY OF DESIGN AND TECH,FL,33634-6313,Proprietary  ,522,1681,2203,522,1681,2203
03031402,INTERNATIONAL ACADEMY OF DESIGN AND TECH,FL,32809-4613,Proprietary  ,253,385,638,253,385,638
03031403,IADT - ORLANDO CULINARY ACADEMY         ,FL,32819-0000,Proprietary  ,161,321,482,161,321,482
03035800,HERITAGE INSTITUTE                      ,FL,32216-0948,Proprietary  ,24,178,202,24,178,202
03035900,NATIONAL AVIATION ACADEMY               ,FL,33760-3931,Proprietary  ,126,401,527,126,401,527
03037500,HODGES UNIVERSITY                       ,FL,34119-7932,Private      ,203,1503,1706,203,1503,1706
03054200,FORTIS COLLEGE                          ,FL,33144-2373,Proprietary  ,47,89,136,47,89,136
03071600,COLLEGE OF BUSINESS & TECHNOLOGY        ,FL,33176-0000,Proprietary  ,139,245,384,139,245,384
03076402,BRYMAN SCHOOL OF ARIZONA (THE) - ANTHEM ,FL,32803-3509,Proprietary  ,13,63,76,13,63,76
03079800,GEORGE T BAKER AVIATION                 ,FL,33142-5687,Public       ,121,159,280,121,159,280
03079900,CITY COLLEGE                            ,FL,32707-0000,Private      ,16,137,153,16,137,153
03089200,NOUVELLE INSTITUTE                      ,FL,33125-4141,Proprietary  ,5,7,12,5,7,12
03096300,FORTIS INSTITUTE                        ,FL,33860-0000,Proprietary  ,5,43,48,5,43,48
03100800,TAYLOR TECHNICAL INSTITUTE              ,FL,32348-0894,Public       ,8,50,58,8,50,58
03101900,TRINITY BAPTIST COLLEGE                 ,FL,32221-1398,Private      ,96,93,189,96,93,189
03103900,MARION COUNTY COMMUNITY TECH & ADUL     ,FL,34474-3172,Public       ,117,486,603,117,486,603
03108500,EVERGLADES UNIVERSITY                   ,FL,33431-0000,Private      ,88,461,549,88,461,549
03108600,COM-PU-MED VOCATIONAL CAREERS           ,FL,33012-4861,Proprietary  ,5,13,18,5,13,18
03113400,ACADEMY OF HEALING ARTS                 ,FL,33463-2113,Proprietary  ,15,39,54,15,39,54
03114700,PRAXIS INSTITUTE                        ,FL,33135-2657,Proprietary  ,4,42,46,4,42,46
03115500,FLORIDA HOSPITAL COLG OF HEALTH SCI     ,FL,32803-1237,Private      ,916,1475,2391,916,1475,2391
03123900,KEISER CAREER COLLEGE                   ,FL,33413-0000,Proprietary  ,82,379,461,82,379,461
03125600,MIAMI AD SCHOOL                         ,FL,33139-5203,Proprietary  ,33,145,178,33,145,178
03127900,TECHNICAL EDUCATION CTR OSCEOLA         ,FL,34744-4459,Public       ,133,335,468,133,335,468
03158300,LEE COUNTY HIGH TECH CENTER NORTH       ,FL,33993-2479,Public       ,56,169,225,56,169,225
03171300,UNIVERSITY OF ST. AUGUSTINE FOR HEALTH S,FL,32084-4215,Proprietary  ,63,715,778,63,715,778
03178400,CORAL RIDGE NURSES ASST TRAINING        ,FL,33306-0000,Proprietary  ,10,45,55,10,45,55
03224300,NEW PROFESSIONS TECHNICAL INSTITUTE     ,FL,33134-1640,Proprietary  ,16,99,115,16,99,115
03230300,CHOICE HIGH SCHOOL AND TECHNICAL CENTER ,FL,32547-1299,Public       ,31,212,243,31,212,243
03238300,FLORIDA COLLEGE OF INTEGRATIVE MED      ,FL,32809-5721,Proprietary  ,69,169,238,69,169,238
03255300,FLORIDA GULF COAST UNIVERSITY           ,FL,33965-6565,Public       ,11174,3128,14302,11174,3128,14302
03256300,YESHIVA GEDOLAH RABBINICAL COLLEGE      ,FL,33139-4708,Private      ,4,7,11,4,7,11
03264300,SOUTH FLORIDA BIBLE COLLEGE AND THEOLOGI,FL,33441-5768,Private      ,4,27,31,4,27,31
03346300,ACAD FOR PRAC NURSING & HEALTH OCCP     ,FL,33417-4574,Private      ,94,223,317,94,223,317
03348400,PROFESSIONAL TRAINING CENTERS           ,FL,33184-0000,Proprietary  ,18,143,161,18,143,161
03373300,BEACON COLLEGE                          ,FL,34748-5224,Private      ,103,48,151,103,48,151
03374300,FLORIDA COASTAL SCHOOL OF LAW           ,FL,32256-0000,Proprietary  ,43,1673,1716,43,1673,1716
03382300,BRADFORD-UNION AREA CAREERTECHNICAL CENT,FL,32091-2434,Public       ,28,135,163,28,135,163
03390300,LINCOLN TECHNICAL INSTITUTE             ,FL,32730-2351,Proprietary  ,61,253,314,61,253,314
03411400,INTERNATIONAL TRAINING CAREERS          ,FL,33155-1462,Private      ,10,26,36,10,26,36
03414500,ACUPUNCTURE AND MASSAGE COLLEGE         ,FL,33176-1509,Proprietary  ,28,133,161,28,133,161
03425400,CENTRAL FLORIDA INSTITUTE               ,FL,34684-4436,Proprietary  ,45,162,207,45,162,207
03429600,ATLANTIC INST OF ORIENTAL MEDICINE      ,FL,33316-0000,Private      ,7,73,80,7,73,80
03429700,EAST WEST COLLG OF NATURAL MEDICINE     ,FL,34236-4959,Proprietary  ,8,79,87,8,79,87
03433400,NEW CONCEPT MASSAGE AND BEAUTY SCHO     ,FL,33135-0000,Proprietary  ,3,28,31,3,28,31
03434300,FORTIS COLLEGE                          ,FL,32073-2999,Proprietary  ,41,195,236,41,195,236
03480301,MEDVANCE INSTITUTE - FORT LAUDERDALE    ,FL,33313-7261,Proprietary  ,14,87,101,14,87,101
03480302,MEDVANCE INSTITUTE - STUART             ,FL,34994-3000,Proprietary  ,26,218,244,26,218,244
03491400,AMERICAN ADVANCED TECHNICIANS INST      ,FL,33014-4430,Proprietary  ,5,27,32,5,27,32
03549300,ULTIMATE MEDICAL ACADEMY                ,FL,33756-5802,Proprietary  ,219,2636,2855,219,2636,2855
03553300,KEISER CAREER COLLEGE                   ,FL,32216-0000,Proprietary  ,135,489,624,135,489,624
03557300,NORTH FLORIDA COSMETOLOGY INSTITUTE     ,FL,32312-0000,Proprietary  ,49,172,221,49,172,221
03564300,"INTERNATIONAL SCHOOL OF HEALTH, BEAUTY &",FL,33311-1141,Proprietary  ,11,49,60,11,49,60
03570400,ENGLISH CENTER (THE)                    ,FL,33133-2703,Public       ,6,67,73,6,67,73
03595400,ANGLEY COLLEGE                          ,FL,32720-4257,Proprietary  ,1,4,5,1,4,5
03611400,FLORIDA BARBER ACADEMY                  ,FL,33441-0000,Proprietary  ,4,17,21,4,17,21
03618300,FLORIDA INSTITUTE OF ANIMAL ARTS        ,FL,32792-1740,Proprietary  ,42,60,102,42,60,102
03627400,JACKSONVILLE BEAUTY INSTITUTE           ,FL,32208-1885,Proprietary  ,26,86,112,26,86,112
03627600,FLORIDA EDUCATION INSTITUTE             ,FL,33144-5036,Proprietary  ,20,85,105,20,85,105
03661400,SOUTH FLORIDA INSTITUTE OF TECHNOLO     ,FL,33135-0000,Proprietary  ,54,59,113,54,59,113
03691400,AVE MARIA SCHOOL OF LAW                 ,FL,34119-1376,Private      ,42,413,455,42,413,455
03696400,SABER                                   ,FL,33134-1604,Private      ,15,139,154,15,139,154
03706300,AMERICAN INSTITUTE                      ,FL,33319-5613,Proprietary  ,10,48,58,10,48,58
03757300,ADVANCE SCIENCE INSTITUTE               ,FL,33012-0000,Proprietary  ,9,10,19,9,10,19
03801400,BEAUTY INSTITUTE (THE)                  ,FL,33409-2972,Proprietary  ,27,55,82,27,55,82
03801401,BEAUTY INSTITUTE (THE) - MARGATE        ,FL,33068-5704,Proprietary  ,6,27,33,6,27,33
03816300,ARTISTIC NAILS & BEAUTY ACADEMY         ,FL,33605-5919,Proprietary  ,31,96,127,31,96,127
03823300,FLORIDA ACADEMY OF HEALTH & BEAUTY      ,FL,33311-0000,Proprietary  ,4,14,18,4,14,18
03832300,DADE MEDICAL COLLEGE                    ,FL,33126-5534,Proprietary  ,258,656,914,258,656,914
03842500,CAMBRIDGE INSTITUTE OF ALLIED HEALTH    ,FL,32750-0000,Proprietary  ,18,103,121,18,103,121
03856300,UNIVERSAL BEAUTY SCHOOL                 ,FL,33174-4406,Proprietary  ,6,4,10,6,4,10
03856500,FLORIDA SCHOOL OF TRADITIONAL MIDWIFERY ,FL,32601-5507,Private      ,11,89,100,11,89,100
03875300,MCI INSTITUTE OF TECHNOLOGY             ,FL,33409-4937,Proprietary  ,22,80,102,22,80,102
03888300,DRAGON RISES COLLEGE OF ORIENTAL MEDICIN,FL,32601-5089,Proprietary  ,3,41,44,3,41,44
03903500,SOUTHERN TECHNICAL COLLEGE              ,FL,32809-0000,Proprietary  ,79,438,517,79,438,517
03911300,TOTAL INTERNATIONAL CAREER INSTITUTE    ,FL,33012-0000,Proprietary  ,3,6,9,3,6,9
03939300,WOLFORD COLLEGE                         ,FL,34108-1931,Proprietary  ,20,64,84,20,64,84
03939400,CENTURA INSTITUTE                       ,FL,32807-3566,Proprietary  ,43,149,192,43,149,192
03939600,DAYTONA COLLEGE                         ,FL,32174-8445,Proprietary  ,42,145,187,42,145,187
03941300,AVE MARIA UNIVERSITY                    ,FL,34142-9505,Private      ,692,82,774,692,82,774
03957400,NEW COLLEGE OF FLORIDA                  ,FL,34243-2109,Public       ,1484,235,1719,1484,235,1719
03985300,COMMERCIAL DIVING ACADEMY               ,FL,32208-0000,Proprietary  ,132,323,455,132,323,455
03986300,AVIATOR COLLEGE OF AERONAUTICAL SCIENCE ,FL,34946-9022,Proprietary  ,40,57,97,40,57,97
04016500,AMERICAN INSTITUTE OF BEAUTY            ,FL,33773-0000,Proprietary  ,22,63,85,22,63,85
04029300,TRENDSETTERS OF FLORIDA SCHOOL OF BEAUTY,FL,32205-4737,Proprietary  ,8,50,58,8,50,58
04038302,ATA COLLEGE-ATA CAREER EDUCATION        ,FL,34606-4300,Proprietary  ,2,8,10,2,8,10
04038303,ATA COLLEGE - ATA CAREER EDUCATION      ,FL,33773-3434,Proprietary  ,15,75,90,15,75,90
04083400,INSTITUTE OF ALLIED MEDICAL PROFESSIONS ,FL,33484-6543,Proprietary  ,11,81,92,11,81,92
04105400,PENSACOLA SCHOOL OF MASSAGE THERAPY & HE,FL,32504-7337,Proprietary  ,27,118,145,27,118,145
04106300,PALM BEACH ACADEMY OF HEALTH & BEAUTY   ,FL,33403-2130,Proprietary  ,12,22,34,12,22,34
04116400,FUTURE-TECH INSTITUTE                   ,FL,33135-4142,Proprietary  ,18,18,36,18,18,36
04116600,TAYLOR COLLEGE                          ,FL,34420-8714,Proprietary  ,26,232,258,26,232,258
04119400,AVEDA INSTITUTE - SAINT PETERSBURG      ,FL,33701-4242,Proprietary  ,148,316,464,148,316,464
04120400,HI-TECH SCHOOL OF COSMETOLOGY           ,FL,33174-0000,Proprietary  ,22,36,58,22,36,58
04126900,ACADEMY OF CAREER TRAINING              ,FL,34741-4644,Proprietary  ,41,125,166,41,125,166
04127400,DIGITAL MEDIA ARTS COLLEGE              ,FL,33431-5919,Proprietary  ,154,104,258,154,104,258
04128400,MANAGEMENT RESOURCES INSTITUTE          ,FL,33126-5473,Proprietary  ,7,86,93,7,86,93
04129900,FLORIDA SCHOOL OF MASSAGE               ,FL,32608-5419,Proprietary  ,22,100,122,22,100,122
04130400,SHEAR EXCELLENCE INTERNATIONAL HAIR ACAD,FL,33614-2783,Proprietary  ,13,46,59,13,46,59
04131900,FASTTRAIN OF MIAMI                      ,FL,33134-1065,Proprietary  ,27,69,96,27,69,96
04132000,FASTTRAIN OF FORT LAUDERDALE            ,FL,33317-3127,Proprietary  ,4,42,46,4,42,46
04132100,FASTTRAIN OF TAMPA                      ,FL,33607-4153,Proprietary  ,11,50,61,11,50,61
04132200,FASTTRAIN OF JACKSONVILLE               ,FL,32256-4849,Proprietary  ,12,58,70,12,58,70
04133500,ACADEMY FOR FIVE ELEMENT ACUPUNCTURE    ,FL,32601-6811,Private      ,9,58,67,9,58,67
04133900,FUTURA CAREER INSTITUTE                 ,FL,33012-3325,Proprietary  ,4,8,12,4,8,12
04134800,AVEDA INSTITUTE - TALLAHASSEE           ,FL,32304-3186,Proprietary  ,121,198,319,121,198,319
04134900,ORANGE PARK BEAUTY ACADEMY              ,FL,32073-5524,Proprietary  ,3,15,18,3,15,18
04135000,COZMO THE SCHOOL                        ,FL,34135-4810,Proprietary  ,4,9,13,4,9,13
04135900,ALLIED HEALTH INSTITUTE                 ,FL,33068-0000,Proprietary  ,29,353,382,29,353,382
04140800,NORTH FLORIDA ACADEMY                   ,FL,32065-7758,Proprietary  ,7,14,21,7,14,21
04143000,VOCATIONAL INSTITUTE OF FLORIDA         ,FL,33135-1939,Proprietary  ,15,36,51,15,36,51
04143100,PROFESSIONAL HANDS INSTITUTE            ,FL,33135-1939,Proprietary  ,4,12,16,4,12,16
04145900,CELEBRITY SCHOOL OF BEAUTY              ,FL,33144-4153,Proprietary  ,40,54,94,40,54,94
04146200,WALTON CAREER DEVELOPMENT CENTER        ,FL,32433-1557,Public       ,17,83,100,17,83,100
04146300,MARCHMAN TECHNICAL EDUCATION CENTER     ,FL,34653-1211,Public       ,40,118,158,40,118,158
04147800,ROSE TRAINING INSTITUTE                 ,FL,33881-4094,Proprietary  ,6,47,53,6,47,53
04148500,MEDICAL INSTITUTE OF PALM BEACH         ,FL,33460-5042,Proprietary  ,24,48,72,24,48,72
04150800,IMMOKALEE TECHNICAL CENTER              ,FL,34142-3146,Public       ,33,52,85,33,52,85
04151500,AMERICAN ACADEMY OF COSMETOLOGY         ,FL,32065-8026,Proprietary  ,13,28,41,13,28,41
04156300,UNIVERSITY OF FORT LAUDERDALE           ,FL,33313-5809,Private      ,34,50,84,34,50,84
04156400,AVIATION INSTITUTE OF MAINTENANCE       ,FL,32803-6487,Proprietary  ,85,184,269,85,184,269
04157100,AEROSIM FLIGHT ACADEMY                  ,FL,32773-9683,Proprietary  ,46,74,120,46,74,120
04158300,FLAGLER TECHNICAL INSTITUTE             ,FL,32137-4714,Public       ,26,123,149,26,123,149
04162000,JOSE MARIA VARGAS UNIVERSITY            ,FL,33025-4534,Proprietary  ,11,46,57,11,46,57
04162500,HOLLYWOOD INSTITUTE OF BEAUTY CAREERS   ,FL,33020-4807,Proprietary  ,11,51,62,11,51,62
04163000,SALON PROFESSIONAL ACADEMY (THE)        ,FL,33624-6321,Proprietary  ,30,74,104,30,74,104
04163100,SALON PROFESSIONAL ACADEMY (THE)        ,FL,32607-1672,Proprietary  ,30,74,104,30,74,104
04163200,SALON PROFESSIONAL ACADEMY (THE)        ,FL,32162-9311,Proprietary  ,15,53,68,15,53,68
04164500,EUREKA INSTITUTE OF HEALTH AND BEAUTY   ,FL,33174-4205,Proprietary  ,8,33,41,8,33,41
04164600,D. A. DORSEY EDUCATIONAL CENTER         ,FL,33147-6304,Public       ,16,64,80,16,64,80
04167300,SALON PROFESSIONAL ACADEMY (THE)        ,FL,33904-4824,Proprietary  ,24,50,74,24,50,74
04170300,BEAUTY ACADEMY OF SOUTH FLORIDA         ,FL,33012-3221,Proprietary  ,10,8,18,10,8,18
04172300,ETERNITY COSMETOLOGY SCHOOL             ,FL,33415-5719,Proprietary  ,14,36,50,14,36,50
04173600,NOTTER SCHOOL OF PASTRY ARTS            ,FL,32809-7755,Proprietary  ,49,78,127,49,78,127
04176800,PROGRESSIVE TRAINING CENTERS            ,FL,33060-9238,Proprietary  ,1,15,16,1,15,16
04176900,AMERICAN HEALTH INSTITUTE               ,FL,34654-3743,Proprietary  ,13,50,63,13,50,63
04182500,MILLENNIA ATLANTIC UNIVERSITY           ,FL,33178-2369,Proprietary  ,7,15,22,7,15,22
04188300,FLORIDA ACADEMY                         ,FL,33966-1155,Proprietary  ,33,94,127,33,94,127
04192100,AMERICAN MEDICAL ACADEMY                ,FL,33186-4830,Proprietary  ,34,43,77,34,43,77
04195100,AMBIANCE BEAUTY & BARBER ACADEMY        ,FL,32935-8771,Proprietary  ,5,15,20,5,15,20
04197600,"FLORIDA INSTITUTE OF RECORDING, SOUND AN",FL,32804-3309,Proprietary  ,14,32,46,14,32,46
00160500,CHAMINADE UNIV OF HONOLULU              ,HI,96816-1578,Private      ,1796,1132,2928,1796,1132,2928
00160600,BRIGHAM YOUNG UNIV-HAWAII CAMPUS        ,HI,96762-1294,Private      ,1406,524,1930,1406,524,1930
00161000,UNIVERSITY OF HAWAII AT MANOA           ,HI,96822-2399,Public       ,11942,6653,18595,11942,6653,18595
00161100,UNIVERSITY OF HAWAII AT HILO            ,HI,96720-4091,Public       ,3084,2035,5119,3084,2035,5119
00161200,HONOLULU COMMUNITY COLLEGE              ,HI,96817-4598,Public       ,1560,1481,3041,1560,1481,3041
00161300,KAPIOLANI COMMUNITY COLLEGE             ,HI,96816-4421,Public       ,2460,2076,4536,2460,2076,4536
00161400,KAUAI COMMUNITY COLLEGE                 ,HI,96766-9591,Public       ,307,358,665,307,358,665
00161500,UNIVERSITY OF HAWAII MAUI COLLEGE       ,HI,96732-1644,Public       ,1022,1530,2552,1022,1530,2552
00454900,LEEWARD COMMUNITY COLLEGE               ,HI,96782-3393,Public       ,1567,1515,3082,1567,1515,3082
00525800,HAWAII COMMUNITY COLLEGE                ,HI,96720-4075,Public       ,1087,1521,2608,1087,1521,2608
00723401,HEALD COLLEGE - HONOLULU                ,HI,96814-0000,Proprietary  ,383,731,1114,383,731,1114
00727900,HAWAII PACIFIC UNIVERSITY               ,HI,96813-2882,Private      ,4562,2310,6872,4562,2310,6872
01122000,WINDWARD COMMUNITY COLLEGE              ,HI,96744-0000,Public       ,623,816,1439,623,816,1439
02100300,MED-ASSIST SCHOOL OF HAWAII             ,HI,96813-0000,Proprietary  ,65,119,184,65,119,184
02107800,UNIVERSITY OF HAWAII - WEST OAHU        ,HI,96782-0000,Public       ,1416,1167,2583,1416,1167,2583
02139500,HAWAII INSTITUTE OF HAIR DESIGN         ,HI,96817-5195,Proprietary  ,55,73,128,55,73,128
02159701,NEW HOPE CHRISTIAN COLLEGE - HAWAII     ,HI,96819-2228,Private      ,96,85,181,96,85,181
03017800,TRAVEL INSTITUTE OF THE PACIFIC         ,HI,96814-1946,Proprietary  ,36,70,106,36,70,106
03072500,WORLD MEDICINE INSTITUTE                ,HI,96826-0000,Private      ,31,67,98,31,67,98
03649300,HAWAII TECHNOLOGY INSTITUTE             ,HI,96813-3036,Private      ,78,97,175,78,97,175
03735300,INST OF CLINICAL ACUPUNCTURE & ORIENT MD,HI,96813-2307,Proprietary  ,7,35,42,7,35,42
03999400,TRADITIONAL CHINESE MEDICAL COLLEGE OF H,HI,96743-8324,Private      ,3,22,25,3,22,25
04165200,MAUNA LOA HELICOPTERS                   ,HI,96740-2650,Proprietary  ,12,24,36,12,24,36
04169600,HEISEI INTERNATIONAL INSTITUTE OF MASSAG,HI,96814-2254,Proprietary  ,5,16,21,5,16,21
04175100,PAUL MITCHELL THE SCHOOL HONOLULU       ,HI,96816-2433,Proprietary  ,74,86,160,74,86,160
04182200,HAWAII MEDICAL INSTITUTE                ,HI,96814-3518,Proprietary  ,109,201,310,109,201,310
00161600,BOISE STATE UNIVERSITY                  ,ID,83725-1000,Public       ,11772,8369,20141,11772,8369,20141
00161700,"COLLEGE OF IDAHO, THE                   ",ID,83605-4432,Private      ,1414,327,1741,1414,327,1741
00161900,COLLEGE OF SOUTHERN IDAHO               ,ID,83301-0000,Public       ,2411,2130,4541,2411,2130,4541
00161908,COLLEGE OF WESTERN IDAHO                ,ID,83687-1515,Public       ,2545,3756,6301,2545,3756,6301
00162000,IDAHO STATE UNIVERSITY                  ,ID,83209-5377,Public       ,4136,3934,8070,4136,3934,8070
00162100,LEWIS-CLARK STATE COLLEGE               ,ID,83501-2698,Public       ,2080,1666,3746,2080,1666,3746
00162300,NORTH IDAHO COLLEGE                     ,ID,83814-2199,Public       ,2312,2746,5058,2312,2746,5058
00162400,NORTHWEST NAZARENE UNIVERSITY           ,ID,83686-5897,Private      ,1329,776,2105,1329,776,2105
00162500,BRIGHAM YOUNG UNIVERSITY-IDAHO          ,ID,83460-1650,Private      ,6575,3012,9587,6575,3012,9587
00162600,UNIVERSITY OF IDAHO                     ,ID,83844-4291,Public       ,8987,3217,12204,8987,3217,12204
00732915,ITT TECHNICAL INSTITUTE                 ,ID,83713-1529,Proprietary  ,140,340,480,140,340,480
00987300,MR JUAN'S CLG OF HAIR DESIGN            ,ID,83301-4154,Proprietary  ,11,24,35,11,24,35
01113300,EASTERN IDAHO TECHNICAL COLLEGE         ,ID,83404-5788,Public       ,259,558,817,259,558,817
02218000,CARRINGTON COLLEGE                      ,ID,83704-0000,Proprietary  ,190,577,767,190,577,767
02234500,BOISE BIBLE COLLEGE                     ,ID,83714-1220,Private      ,174,57,231,174,57,231
02275800,MR LEONS SCHOOL OF HAIR DESIGN          ,ID,83843-8384,Proprietary  ,15,18,33,15,18,33
02275801,MR. LEON'S SCHOOL OF HAIR DESIGN        ,ID,83501-1910,Proprietary  ,13,12,25,13,12,25
02314000,SCHOOL OF HAIRSTYLING (THE)             ,ID,83202-0000,Proprietary  ,16,25,41,16,25,41
02319800,HEADMASTERS SCHOOL OF HAIR DESIGN       ,ID,83814-0000,Proprietary  ,42,66,108,42,66,108
02349200,HEADMASTERS SCHOOL OF HAIR DESIGN       ,ID,83501-0000,Proprietary  ,17,17,34,17,17,34
02559500,RAZZLE DAZZLE CLG OF HAIR DESIGN        ,ID,83686-5104,Proprietary  ,40,69,109,40,69,109
02607100,PAUL MITCHELL THE SCHOOL BOISE          ,ID,83709-1662,Proprietary  ,123,139,262,123,139,262
03098700,ACADEMY OF COURT REPORTING              ,ID,83704-8320,Proprietary  ,47,187,234,47,187,234
03832400,COSMETOLOGY SCHOOL OF ARTS & SCIENCES   ,ID,83318-1327,Proprietary  ,5,30,35,5,30,35
04051323,ART INSTITUTE OF PHOENIX (THE) - BROWN M,ID,83709-2746,Proprietary  ,51,98,149,51,98,149
04134300,EVANS HAIRSTYLING COLLEGE               ,ID,83440-5277,Proprietary  ,24,20,44,24,20,44
04144500,HAIR ACDMY PAUL MITCHELL PARTNER SCHOOL ,ID,83440-2600,Proprietary  ,40,42,82,40,42,82
04150600,D & L ACADEMY OF HAIR DESIGN            ,ID,83301-6229,Proprietary  ,13,19,32,13,19,32
04155200,OLIVER FINLEY ACADEMY OF COSMETOLOGY    ,ID,83704-8011,Proprietary  ,52,97,149,52,97,149
04163800,MASTER EDUCATORS BEAUTY SCHOOL          ,ID,83301-4118,Proprietary  ,27,24,51,27,24,51
04168600,COLLEGE OF MASSAGE THERAPY              ,ID,83221-1758,Proprietary  ,17,17,34,17,17,34
04176700,D'SHAW INSTITUTE OF COSMETOLOGY         ,ID,83704-4406,Proprietary  ,29,52,81,29,52,81
04194800,VELVET TOUCH ACADEMY OF COSMETOLOGY     ,ID,83687-5020,Proprietary  ,27,50,77,27,50,77
04203200,BOISE BARBER COLLEGE                    ,ID,83704-5919,Proprietary  ,15,45,60,15,45,60
04203500,AUSTIN KADE ACADEMY                     ,ID,83404-5540,Proprietary  ,22,49,71,22,49,71
00163200,AQUINAS INSTITUTE OF THEOLOGY           ,MO,63108-3323,Private      ,3,45,48,3,45,48
00244900,AVILA COLLEGE                           ,MO,64145-1698,Private      ,1031,829,1860,1031,829,1860
00245000,CALVARY BIBLE COLLEGE                   ,MO,64147-1341,Private      ,95,87,182,95,87,182
00245200,CENTRAL BIBLE COLLEGE                   ,MO,65803-1096,Private      ,203,132,335,203,132,335
00245300,CENTRAL METHODIST UNIVERSITY            ,MO,65248-1198,Private      ,1373,1065,2438,1373,1065,2438
00245400,UNIVERSITY OF CENTRAL MISSOURI          ,MO,64093-5178,Public       ,6667,2580,9247,6667,2580,9247
00245600,COLUMBIA COLLEGE                        ,MO,65216-4581,Private      ,1932,11369,13301,1932,11369,13301
00245700,CONCORDIA SEMINARY                      ,MO,63105-3199,Private      ,3,355,358,3,355,358
00245800,COTTEY COLLEGE                          ,MO,64772-2790,Private      ,300,31,331,300,31,331
00245900,CROWDER COLLEGE                         ,MO,64850-9165,Public       ,1115,1169,2284,1115,1169,2284
00246000,CULVER STOCKTON COLLEGE                 ,MO,63435-1299,Private      ,822,124,946,822,124,946
00246100,DRURY UNIVERSITY                        ,MO,65802-3791,Private      ,1750,1836,3586,1750,1836,3586
00246200,EDEN THEOLOGICAL SEMINARY               ,MO,63119-0000,Private      ,1,40,41,1,40,41
00246300,EVANGEL UNIVERSITY                      ,MO,65802-2125,Private      ,1535,418,1953,1535,418,1953
00246400,FONTBONNE UNIVERSITY                    ,MO,63105-3098,Private      ,955,1392,2347,955,1392,2347
00246600,HARRIS-STOWE STATE COLLEGE              ,MO,63103-2199,Public       ,915,914,1829,915,914,1829
00246700,CONCEPTION SEMINARY COLLEGE             ,MO,64433-0502,Private      ,31,4,35,31,4,35
00246800,JEFFERSON COLLEGE                       ,MO,63050-2441,Public       ,1368,1198,2566,1368,1198,2566
00247100,ST LOUIS COMMUNITY COLLEGE              ,MO,63102-0000,Public       ,5515,6647,12162,5515,6647,12162
00247300,KANSAS CITY ART INSTITUTE               ,MO,64111-1874,Private      ,1035,257,1292,1035,257,1292
00247400,KANSAS CITY UNIV OF MED AND BIOSCIENCES ,MO,64106-0000,Private      ,75,606,681,75,606,681
00247600,KENRICK-GLENNON SEMINARY                ,MO,63119-4330,Private      ,13,5,18,13,5,18
00247700,A.T. STILL UNIV OF HEALTH SCIENCES      ,MO,63501-0000,Private      ,13,1449,1462,13,1449,1462
00247900,LINCOLN UNIVERSITY                      ,MO,65101-3500,Public       ,1683,978,2661,1683,978,2661
00248000,LINDENWOOD UNIVERSITY                   ,MO,63301-1695,Private      ,4746,3727,8473,4746,3727,8473
00248200,MARYVILLE UNIVERSITY                    ,MO,63141-7299,Private      ,1975,1554,3529,1975,1554,3529
00248400,METROPOLITAN COMMUNITY COLLEGE          ,MO,64111-2408,Public       ,4931,6490,11421,4931,6490,11421
00248500,MIDWESTERN BAPTIST THEOL SEMINARY       ,MO,64118-4697,Private      ,46,105,151,46,105,151
00248600,MINERAL AREA COLLEGE                    ,MO,63601-1000,Public       ,1121,1032,2153,1121,1032,2153
00248800,MISSOURI SOUTHERN STATE UNIVERSITY      ,MO,64801-1595,Public       ,2499,1721,4220,2499,1721,4220
00248900,MISSOURI VALLEY COLLEGE                 ,MO,65340-3197,Private      ,1134,252,1386,1134,252,1386
00249000,MISSOURI WESTERN STATE UNIVERSITY       ,MO,64507-2294,Public       ,3464,1605,5069,3464,1605,5069
00249100,MOBERLY AREA COMMUNITY COLLEGE          ,MO,65270-1304,Public       ,1633,1520,3153,1633,1520,3153
00249400,NAZARENE THEOLOGICAL SEMINARY           ,MO,64131-1246,Private      ,5,89,94,5,89,94
00249500,TRUMAN STATE UNIVERSITY                 ,MO,63501-4221,Public       ,4959,366,5325,4959,366,5325
00249600,NORTHWEST MISSOURI STATE UNIV           ,MO,64468-6001,Public       ,5280,807,6087,5280,807,6087
00249800,PARK UNIVERSITY                         ,MO,64152-3795,Private      ,905,3336,4241,905,3336,4241
00249900,ROCKHURST UNIVERSITY                    ,MO,64110-2561,Private      ,1867,796,2663,1867,796,2663
00250000,COLLEGE OF THE OZARKS                   ,MO,65726-2502,Private      ,2990,287,3277,2990,287,3277
00250100,SOUTHEAST MISSOURI STATE UNIV           ,MO,63701-4799,Public       ,6803,2259,9062,6803,2259,9062
00250200,SOUTHWEST BAPTIST UNIVERSITY            ,MO,65613-2597,Private      ,1686,819,2505,1686,819,2505
00250300,MISSOURI STATE UNIVERSITY               ,MO,65897-0094,Public       ,11138,3891,15029,11138,3891,15029
00250400,ST LOUIS COLLEGE OF PHARMACY            ,MO,63110-1088,Private      ,723,489,1212,723,489,1212
00250600,SAINT LOUIS UNIVERSITY                  ,MO,63103-2097,Private      ,9432,5390,14822,9432,5390,14822
00250900,SAINT PAUL SCHOOL OF THEOLOGY           ,MO,64127-2499,Private      ,2,77,79,2,77,79
00251200,STEPHENS COLLEGE                        ,MO,65215-0001,Private      ,817,385,1202,817,385,1202
00251400,NORTH CENTRAL MISSOURI COLLEGE          ,MO,64683-1824,Public       ,581,479,1060,581,479,1060
00251600,UNIVERSITY OF MISSOURI-COLUMBIA         ,MO,65211-1600,Public       ,23394,6166,29560,23394,6166,29560
00251700,MISSOURI UNIVERSITY OF SCIENCE & TECHNOL,MO,65409-0250,Public       ,4766,854,5620,4766,854,5620
00251800,UNIVERSITY OF MISSOURI-KANSAS CITY      ,MO,64110-2497,Public       ,6347,5896,12243,6347,5896,12243
00251900,UNIVERSITY OF MISSOURI-ST LOUIS         ,MO,63121-4499,Public       ,4908,5389,10297,4908,5389,10297
00252000,WASHINGTON UNIVERSITY                   ,MO,63130-4899,Private      ,13417,4076,17493,13417,4076,17493
00252001,WASHINGTON UNIV-SCHOOL OF MEDICINE      ,MO,63110-0000,Private      ,156,1048,1204,156,1048,1204
00252100,WEBSTER UNIVERSITY                      ,MO,63119-3194,Private      ,2655,6154,8809,2655,6154,8809
00252200,WENTWORTH MILITARY ACADEMY              ,MO,64067-1799,Private      ,168,133,301,168,133,301
00252300,WESTMINSTER COLLEGE                     ,MO,65251-1299,Private      ,1164,108,1272,1164,108,1272
00252400,WILLIAM JEWELL COLLEGE                  ,MO,64068-1896,Private      ,1308,196,1504,1308,196,1504
00252500,WILLIAM WOODS UNIVERSITY                ,MO,65251-2388,Private      ,794,436,1230,794,436,1230
00405704,NATIONAL AMERICAN UNIVERSITY            ,MO,64057-1791,Proprietary  ,19,334,353,19,334,353
00441300,ST JOHNS HOSP SCH RAD TECH              ,MO,65802-0000,Private      ,82,96,178,82,96,178
00470300,LOGAN COLLEGE OF CHIROPRACTIC           ,MO,63006-1065,Private      ,38,655,693,38,655,693
00470700,COVENANT THEOLOGICAL SEMINARY           ,MO,63141-8697,Private      ,3,265,268,3,265,268
00471100,LINN STATE TECHNICAL COLLEGE            ,MO,65051-9607,Public       ,1033,271,1304,1033,271,1304
00471300,THREE RIVERS COMMUNITY COLLEGE          ,MO,63901-2393,Public       ,1011,1396,2407,1011,1396,2407
00528800,KIRKSVILLE AREA TECHNICAL CENTER        ,MO,63501-0000,Public       ,14,39,53,14,39,53
00528900,WAYNESVILLE CAREER CENTER               ,MO,65583-2131,Public       ,24,71,95,24,71,95
00542400,SOUTH CENTRAL CAREER CENTER             ,MO,65775-3334,Public       ,24,57,81,24,57,81
00542600,SIKESTON CAREER AND TECHNOLOGY CTR      ,MO,63801-0000,Public       ,40,118,158,40,118,158
00542900,ROLLA TECHNICAL INSTITUTE               ,MO,65401-3601,Public       ,155,190,345,155,190,345
00543000,POPLAR BLUFF TECHNICAL CAREER CNTR      ,MO,63901-0000,Public       ,20,119,139,20,119,139
00543800,SALINE COUNTY CAREER CENTER             ,MO,65340-0000,Public       ,9,53,62,9,53,62
00544500,TRUMAN MEDICAL CENTER SCHOOL OF NURSE AN,MO,64108-2677,Private      ,41,121,162,41,121,162
00553100,GRAND RIVER TECHNICAL SCHOOL            ,MO,64601-1299,Public       ,32,26,58,32,26,58
00553200,CAPE GIRARDEAU CAREER & TECHNOLOGY CENTE,MO,63703-7511,Public       ,123,279,402,123,279,402
00638900,BARNES JEWISH COLLEGE OF NURSING AND ALL,MO,63110-1091,Private      ,366,801,1167,366,801,1167
00639200,RESEARCH COLLEGE OF NURSING             ,MO,64132-1199,Proprietary  ,100,227,327,100,227,327
00639201,RESEARCH MEDICAL CENTER - COLLEGE OF NUR,MO,64132-1199,Proprietary  ,50,105,155,50,105,155
00639202,RESEARCH MED CTR SCHL OF RAD TECH       ,MO,64132-0000,Proprietary  ,20,57,77,20,57,77
00666600,LUTHERAN  SCHOOL OF NURSING             ,MO,63118-3909,Proprietary  ,79,271,350,79,271,350
00732923,ITT TECHNICAL INSTITUTE                 ,MO,63045-1122,Proprietary  ,123,330,453,123,330,453
00754000,MISSOURI BAPTIST UNIVERSITY             ,MO,63141-8698,Private      ,1213,1314,2527,1213,1314,2527
00808000,STATE FAIR COMMUNITY COLLEGE            ,MO,65301-0000,Public       ,1211,1268,2479,1211,1268,2479
00826900,HILLYARD TECHNICAL CENTER               ,MO,64506-0000,Public       ,96,142,238,96,142,238
00855200,STEVENS INSTITUTE OF BUSINESS & ARTS    ,MO,63103-0000,Proprietary  ,43,117,160,43,117,160
00860600,TRI-COUNTY TECHNICAL SCHOOL             ,MO,65026-0000,Public       ,10,27,37,10,27,37
00886200,EAST CENTRAL COLLEGE                    ,MO,63084-0529,Public       ,1189,1116,2305,1189,1116,2305
00908900,HANNIBAL-LAGRANGE COLLEGE               ,MO,63401-1999,Private      ,627,279,906,627,279,906
00952000,NATIONAL ACADEMY OF BEAUTY ARTS         ,MO,63128-1307,Proprietary  ,51,114,165,51,114,165
00959000,INDEPENDENCE COLLEGE OF COSMETOLOGY     ,MO,64055-1105,Proprietary  ,22,54,76,22,54,76
00960700,HOUSE OF HEAVILIN BEAUTY COLLEGE        ,MO,64110-2826,Proprietary  ,20,41,61,20,41,61
00978200,SAINT LUKE'S COLLEGE OF HEALTH SCIENCES ,MO,64114-3237,Private      ,157,306,463,157,306,463
00979500,MISSOURI COLLEGE                        ,MO,63144-2901,Proprietary  ,79,278,357,79,278,357
01014814,COLORADO TECHNL UNIV NORTH KANSAS CITY  ,MO,64116-3614,Proprietary  ,46,291,337,46,291,337
01027900,HICKEY COLLEGE                          ,MO,63146-0000,Proprietary  ,174,146,320,174,146,320
01040500,PINNACLE CAREER INSTITUTE               ,MO,64131-3367,Proprietary  ,68,578,646,68,578,646
01040501,PINNACLE CAREER INSTITUTE - NORTH KANSAS,MO,64153-1151,Proprietary  ,20,109,129,20,109,129
01050303,WICHITA TECHNICAL INSTITUTE - WTI JOPLIN,MO,64801-2970,Proprietary  ,11,56,67,11,56,67
01102600,WARRENSBURG AREA VOC TECH SCH           ,MO,64093-0000,Public       ,30,69,99,30,69,99
01173500,PIKE/LINCOLN TECHNICAL CENTER           ,MO,63344-0000,Public       ,19,55,74,19,55,74
01212000,ASSEMBLIES OF GOD THEO. SEMINARY        ,MO,65802-0000,Private      ,10,113,123,10,113,123
01250000,RANKEN TECHNICAL COLLEGE                ,MO,63113-2811,Private      ,818,762,1580,818,762,1580
01258000,ST LOUIS CHRISTIAN COLLEGE              ,MO,63033-6499,Private      ,83,70,153,83,70,153
01320800,BAPTIST BIBLE COLLEGE                   ,MO,65803-3498,Private      ,118,83,201,118,83,201
02056100,FOUR RIVERS CAREER CENTER               ,MO,63090-0000,Public       ,14,31,45,14,31,45
02066900,NICHOLS CAREER CENTER                   ,MO,65101-2814,Public       ,56,115,171,56,115,171
02068200,COX HEALTH - COX COLLEGE                ,MO,65802-0000,Private      ,213,518,731,213,518,731
02068202,COX HEALTH - RADIOLOGIC TECHNOLOGY      ,MO,65802-0000,Private      ,77,89,166,77,89,166
02073600,KENNETT CAREER & TECHNOLOGY CENTER      ,MO,63857-0000,Public       ,13,44,57,13,44,57
02090400,BOONSLICK TECHNICAL EDUCATION CTR       ,MO,65233-0000,Public       ,11,27,38,11,27,38
02121100,MIDWEST INSTITUTE                       ,MO,63122-0000,Proprietary  ,23,39,62,23,39,62
02124500,FRANKLIN TECHNOLOGY CENTER              ,MO,64801-0000,Public       ,47,159,206,47,159,206
02142200,LEX LA RAY TECHNICAL CENTER             ,MO,64067-0000,Public       ,18,62,80,18,62,80
02151000,HANNIBAL CAREER AND TECHNICAL CENTE     ,MO,63401-2285,Public       ,16,49,65,16,49,65
02154900,MISSOURI SCH OF BARB & HAIR             ,MO,63031-0000,Proprietary  ,7,30,37,7,30,37
02164200,FOREST INST PROFESSIONAL PSYCHOLOGY     ,MO,65807-0000,Private      ,14,169,183,14,169,183
02165900,CHILLICOTHE BEAUTY ACADEMY              ,MO,64601-0000,Proprietary  ,5,11,16,5,11,16
02180200,METRO BUSINESS COLLEGE                  ,MO,63701-0000,Proprietary  ,38,192,230,38,192,230
02188000,NORTHWEST TECHNICAL SCHOOL              ,MO,64468-0000,Public       ,43,17,60,43,17,60
02188100,NORTHLAND CAREER CENTER                 ,MO,64079-8333,Public       ,14,58,72,14,58,72
02202700,OZARK CHRISTIAN COLLEGE                 ,MO,64801-0000,Private      ,397,67,464,397,67,464
02203400,NEVADA REGIONAL TECHNICAL CENTER        ,MO,64772-0000,Public       ,25,32,57,25,32,57
02205200,SANFORD-BROWN COLLEGE                   ,MO,63026-7305,Proprietary  ,59,425,484,59,425,484
02205203,SANFORD BROWN COLLEGE-ST. PETERS        ,MO,63376-5950,Proprietary  ,71,269,340,71,269,340
02214500,SALEM COLLEGE OF HAIRSTYLING            ,MO,65401-0000,Proprietary  ,6,11,17,6,11,17
02239200,ANTHEM COLLEGE                          ,MO,63043-0000,Proprietary  ,60,245,305,60,245,305
02239202,ANTHEM COLLEGE - METRO SOUTH            ,MO,63026-0000,Proprietary  ,9,43,52,9,43,52
02250600,EVEREST COLLEGE                         ,MO,65807-2446,Proprietary  ,54,207,261,54,207,261
02263106,ANTHEM COLLEGE - ANTHEM COLLEGE - KANSAS,MO,64114-3232,Proprietary  ,23,85,108,23,85,108
02263400,LAKE CAREER AND TECHNICAL CENTER        ,MO,65020-0000,Public       ,11,23,34,11,23,34
02266400,CENTRAL CHRISTIAN CLG OF THE BIBLE      ,MO,65270-0000,Private      ,103,55,158,103,55,158
02277500,HOUSE OF HEAVILIN OF BLUE SPRINGS       ,MO,64014-3953,Proprietary  ,16,24,40,16,24,40
02289200,COLUMBIA AREA CAREER CENTER             ,MO,65203-0000,Public       ,82,227,309,82,227,309
02295700,MISSOURI BEAUTY ACADEMY                 ,MO,63640-1827,Proprietary  ,16,51,67,16,51,67
02300105,EVEREST COLLEGE - EARTH CITY            ,MO,63045-1100,Proprietary  ,60,250,310,60,250,310
02304000,MISSOURI TECH                           ,MO,63303-3887,Proprietary  ,51,76,127,51,76,127
02309100,AMERICAN COLLEGE OF HAIR DESIGN         ,MO,65301-2144,Proprietary  ,10,24,34,10,24,34
02313000,CASS CAREER CENTER                      ,MO,64701-0000,Public       ,10,45,55,10,45,55
02340500,ST LOUIS COLLEGE OF HEALTH CAREERS      ,MO,63110-0000,Proprietary  ,131,367,498,131,367,498
02342100,CAREER & TECHNOLOGY CTR AT FT OSAGE     ,MO,64058-0000,Public       ,9,30,39,9,30,39
02361600,CONCORDE CAREER COLLEGE                 ,MO,64111-0000,Proprietary  ,117,486,603,117,486,603
02497500,CLINTON TECHNICAL SCHOOL                ,MO,64735-2966,Public       ,12,27,39,12,27,39
02520800,MERRELL UNIV OF BTY ARTS & SCIENCES     ,MO,65109-0000,Proprietary  ,36,67,103,36,67,103
02530600,SAINT CHARLES COMMUNITY COLLEGE         ,MO,63376-0975,Public       ,1982,1204,3186,1982,1204,3186
02543800,PARIS II EDUCATIONAL CENTER (THE)       ,MO,64118-0000,Proprietary  ,11,42,53,11,42,53
02564700,ELAINE STEVEN BEAUTY COLLEGE            ,MO,63136-0000,Proprietary  ,40,80,120,40,80,120
02564701,ELAINE STEVEN BEAUTY COLLEGE - ADVANCE B,MO,63383-2006,Proprietary  ,3,7,10,3,7,10
02564702,ELAINE STEVEN BEAUTY COLLEGE - ADVANCE B,MO,63401-2269,Proprietary  ,4,6,10,4,6,10
02568500,GRABBER SCHOOL OF HAIR DESIGN           ,MO,63011-0000,Proprietary  ,12,24,36,12,24,36
02599700,VATTEROTT COLLEGE                       ,MO,63134-2900,Proprietary  ,72,403,475,72,403,475
02599701,VATTEROTT COLLEGE - KANSAS CITY         ,MO,64129-1692,Proprietary  ,59,361,420,59,361,420
02599702,VATTEROTT COLLEGE - SPRINGFIELD LOCATION,MO,65807-5340,Proprietary  ,57,216,273,57,216,273
02599703,VATTEROTT COLLEGE - JOPLIN              ,MO,64801-5033,Proprietary  ,28,152,180,28,152,180
02599705,VATTEROTT COLLEGE - SUNSET HILLS        ,MO,63127-1516,Proprietary  ,43,352,395,43,352,395
02599712,VATTEROTT COLLEGE - O'FALLON            ,MO,63366-2748,Proprietary  ,45,165,210,45,165,210
02608000,NEOSHO BEAUTY COLLEGE                   ,MO,64850-1525,Proprietary  ,6,14,20,6,14,20
02609202,VATTEROTT COLLEGE-ST JOSEPH             ,MO,64501-2911,Proprietary  ,48,173,221,48,173,221
02609203,VATTEROTT COLLEGE - L'ECOLE CULINAIRE   ,MO,63124-1103,Proprietary  ,131,374,505,131,374,505
02611004,HERITAGE COLLEGE-KANSAS CITY            ,MO,64131-4203,Proprietary  ,73,277,350,73,277,350
03042400,LEBANON TECHNOLOGY & CAREER CENTER      ,MO,65536-3296,Public       ,41,71,112,41,71,112
03066300,BRYAN CAREER COLLEGE                    ,MO,65806-2507,Proprietary  ,19,196,215,19,196,215
03066303,BRYAN COLLEGE - COLUMBIA                ,MO,65201-8248,Proprietary  ,47,155,202,47,155,202
03068600,SPECIAL SCHOOL DISTRICT OF ST. LOUIS CO.,MO,63127-0000,Public       ,23,220,243,23,220,243
03070200,CENTRAL COLLEGE OF COSMETOLOGY          ,MO,65583-0000,Proprietary  ,10,23,33,10,23,33
03070900,SE MO HOSP CLG NURSING & HEALTH SCI     ,MO,63703-4507,Private      ,130,235,365,130,235,365
03072800,DALLAS COUNTY CAREER CENTER             ,MO,65685-9152,Public       ,0,1,1,0,1,1
03077200,COSMETOLOGY CONCEPTS INSTITUTE          ,MO,65202-1972,Proprietary  ,25,43,68,25,43,68
03083000,OZARKS TECHNICAL COMMUNITY COLLEGE      ,MO,65802-3601,Public       ,3459,4077,7536,3459,4077,7536
03092600,MESSENGER COLLEGE                       ,MO,64804-4909,Private      ,12,17,29,12,17,29
03097600,ST LOUIS HAIR ACADEMY                   ,MO,63107-1737,Proprietary  ,43,55,98,43,55,98
03101000,NEW DIMENSION SCHOOL OF HAIR DESIGN     ,MO,64801-5017,Proprietary  ,9,12,21,9,12,21
03106000,MISSOURI STATE UNIVERSITY - WEST PLAINS ,MO,65775-2715,Public       ,705,545,1250,705,545,1250
03110900,HOUSE OF HEAVILIN BEAUTY COLLEGE        ,MO,64083-9195,Proprietary  ,6,14,20,6,14,20
03166300,MOBERLY AREA TECHNICAL CENTER           ,MO,65270-1904,Public       ,48,40,88,48,40,88
03174300,HERNDON CAREER CENTER                   ,MO,64138-2695,Public       ,11,15,26,11,15,26
03519300,MISSOURI COLLEGE OF COSMETOLOGY NORTH   ,MO,65803-0000,Proprietary  ,45,63,108,45,63,108
03579300,TEXAS COUNTY TECHNICAL INSTITUTE        ,MO,65483-2700,Private      ,20,130,150,20,130,150
03616300,AVIATION INSTITUTE OF MAINTENANCE       ,MO,64129-1811,Proprietary  ,22,178,200,22,178,200
03878300,PROFESSIONAL MASSAGE TRAINING CENTER    ,MO,65803-2939,Proprietary  ,30,64,94,30,64,94
03916300,ECLIPS SCHOOL OF COSMETOLOGY AND BARBERI,MO,63703-5809,Proprietary  ,25,85,110,25,85,110
03924300,HAIR ACADEMY 110 (THE)                  ,MO,63501-2915,Proprietary  ,3,8,11,3,8,11
03970400,WELLSPRING SCHOOL OF ALLIED HEALTH      ,MO,64114-3313,Proprietary  ,19,40,59,19,40,59
04037500,ACADEMY OF HAIR DESIGN                  ,MO,65804-2303,Proprietary  ,45,84,129,45,84,129
04051329,ART INSTITUTE OF PHOENIX (THE) - BROWN M,MO,63026-2564,Proprietary  ,26,43,69,26,43,69
04118700,AMERICAN COLLEGE OF TECHNOLOGY          ,MO,64506-2006,Proprietary  ,19,116,135,19,116,135
04119100,CITY VISION COLLEGE                     ,MO,64141-3188,Private      ,4,39,43,4,39,43
04122300,GRANTHAM UNIVERSITY                     ,MO,64153-2262,Proprietary  ,40,841,881,40,841,881
04127000,PEMISCOT COUNTY SPECIAL SCHOOL DISTRICT ,MO,63851-1666,Public       ,2,10,12,2,10,12
04130300,VICTORY TRADE SCHOOL                    ,MO,65803-2754,Private      ,9,23,32,9,23,32
04130600,"CENTER FOR HEALING ARTS (THE), LLC      ",MO,63143-2103,Proprietary  ,18,55,73,18,55,73
04133300,TREND SETTERS SCHOOL OF COSMETOLOGY     ,MO,63702-7607,Proprietary  ,32,51,83,32,51,83
04145200,TRANSFORMED BARBER AND COSMETOLOGY ACADE,MO,64137-1207,Proprietary  ,31,74,105,31,74,105
04145700,THE SYSTEM A PAUL MITCHELL PARTNER SCHL ,MO,65807-5969,Proprietary  ,68,78,146,68,78,146
04146100,URSHAN GRADUATE SCHOOL OF THEOLOGY      ,MO,63031-7526,Private      ,12,21,33,12,21,33
04170600,SALON PROFESSIONAL ACADEMY (THE)        ,MO,63301-1021,Proprietary  ,21,44,65,21,44,65
04170700,PAUL MITCHELL THE SCHOOL ST LOUIS       ,MO,63108-1554,Proprietary  ,79,98,177,79,98,177
04173900,COSMETOLOGY COLLEGE OF FRANKLIN COUNTY  ,MO,63077-3448,Proprietary  ,8,11,19,8,11,19
04174000,SKIN INSTITUTE                          ,MO,63128-1307,Proprietary  ,11,36,47,11,36,47
04174800,AMERICAN TRADE SCHOOL                   ,MO,63074-1807,Proprietary  ,6,44,50,6,44,50
04184400,SEYMOUR BEAUTY ACADEMY                  ,MO,65746-8743,Proprietary  ,4,6,10,4,6,10
04187000,DONNA'S ACADEMY OF HAIR DESIGN          ,MO,64089-9042,Proprietary  ,10,10,20,10,10,20
00314600,WESTERN OKLAHOMA STATE COLLEGE          ,OK,73521-1397,Public       ,291,316,607,291,316,607
00314700,BACONE COLLEGE                          ,OK,74403-1597,Private      ,585,330,915,585,330,915
00314900,SOUTHERN NAZARENE UNIVERSITY            ,OK,73008-2694,Private      ,758,645,1403,758,645,1403
00315000,CAMERON UNIVERSITY                      ,OK,73505-6377,Public       ,1234,1696,2930,1234,1696,2930
00315100,OKLAHOMA WESLEYAN UNIVERSITY            ,OK,74006-6299,Private      ,645,462,1107,645,462,1107
00315200,UNIV OF CENTRAL OKLAHOMA                ,OK,73034-5209,Public       ,5878,3270,9148,5878,3270,9148
00315300,CONNORS STATE COLLEGE                   ,OK,74469-9700,Public       ,726,749,1475,726,749,1475
00315400,EAST CENTRAL UNIVERSITY                 ,OK,74820-6999,Public       ,1652,1247,2899,1652,1247,2899
00315500,EASTERN OKLAHOMA STATE COLLEGE          ,OK,74578-4999,Public       ,485,469,954,485,469,954
00315600,REDLANDS COMMUNITY COLLEGE              ,OK,73036-5304,Public       ,450,486,936,450,486,936
00315700,LANGSTON UNIVERSITY                     ,OK,73050-0000,Public       ,1304,1030,2334,1304,1030,2334
00315800,MURRAY STATE COLLEGE                    ,OK,73460-3137,Public       ,608,727,1335,608,727,1335
00316000,NORTHEASTERN OKLAHOMA A & M COLLEGE     ,OK,74354-6497,Public       ,1065,573,1638,1065,573,1638
00316100,NORTHEASTERN STATE UNIVERSITY           ,OK,74464-2399,Public       ,3301,2864,6165,3301,2864,6165
00316200,NORTHERN OKLAHOMA COLLEGE               ,OK,74653-0310,Public       ,993,1008,2001,993,1008,2001
00316300,NORTHWESTERN OKLAHOMA STATE UNIV        ,OK,73717-2799,Public       ,1014,448,1462,1014,448,1462
00316400,OKLAHOMA BAPTIST UNIVERSITY             ,OK,74801-2590,Private      ,1921,299,2220,1921,299,2220
00316500,OKLAHOMA CHRISTIAN UNIVERSITY           ,OK,73131-0000,Private      ,1495,422,1917,1495,422,1917
00316600,OKLAHOMA CITY UNIVERSITY                ,OK,73106-1493,Private      ,2043,1490,3533,2043,1490,3533
00316700,UNIV OF SCIENCE & ARTS OF OKLAHOMA      ,OK,73018-5322,Public       ,519,253,772,519,253,772
00316800,ROGERS STATE UNIVERSITY                 ,OK,74017-3252,Public       ,1878,1431,3309,1878,1431,3309
00317000,OKLAHOMA STATE UNIVERSITY               ,OK,74078-1026,Public       ,13210,4141,17351,13210,4141,17351
00317200,OKLAHOMA STATE UNIVERSITY-OKMULGEE      ,OK,74447-3901,Public       ,1364,1134,2498,1364,1134,2498
00317400,OKLAHOMA PANHANDLE STATE UNIVERSITY     ,OK,73939-0000,Public       ,596,136,732,596,136,732
00317600,CARL ALBERT STATE COLLEGE               ,OK,74953-5208,Public       ,792,831,1623,792,831,1623
00317800,SEMINOLE STATE COLLEGE                  ,OK,74818-1902,Public       ,461,485,946,461,485,946
00317900,SOUTHEASTERN OKLAHOMA STATE UNIV        ,OK,74701-0609,Public       ,1465,1032,2497,1465,1032,2497
00318000,SOUTHWESTERN CHRISTIAN UNIVERSITY       ,OK,73008-2335,Private      ,250,395,645,250,395,645
00318100,SOUTHWESTERN OKLAHOMA STATE UNIV        ,OK,73096-3098,Public       ,2061,895,2956,2061,895,2956
00318101,SOUTHWESTERN OK STATE UNIV AT SAYRE     ,OK,73662-0000,Public       ,85,92,177,85,92,177
00318300,ST GREGORY'S UNIVERSITY                 ,OK,74804-2499,Private      ,270,149,419,270,149,419
00318308,SAINT GREGORY'S UNIVERSITY - IPD TULSA  ,OK,74135-2499,Private      ,31,120,151,31,120,151
00318400,UNIVERSITY OF OKLAHOMA                  ,OK,73019-4078,Public       ,14201,5623,19824,14201,5623,19824
00318401,UNIVERSITY OF OKLAHOMA-HLTH SCI CTR     ,OK,73190-0000,Public       ,494,1824,2318,494,1824,2318
00318500,UNIVERSITY OF TULSA                     ,OK,74104-3189,Private      ,2878,1275,4153,2878,1275,4153
00398500,ORAL ROBERTS UNIVERSITY                 ,OK,74171-0001,Private      ,2267,927,3194,2267,927,3194
00531100,TULSA COUNTY AREA VOC TECH SCHOOL       ,OK,74145-0000,Public       ,236,727,963,236,727,963
00531200,RED RIVER TECHNOLOGY CENTER             ,OK,73533-2700,Public       ,16,49,65,16,49,65
00533900,METRO TECHNOLOGY CENTERS SCH DIST22     ,OK,73111-0000,Public       ,112,528,640,112,528,640
00533903,METRO TECHNOLOGY CENTERS SCH DIST22     ,OK,73129-0000,Public       ,86,304,390,86,304,390
00694200,MID-AMERICA CHRISTIAN UNIVERSITY        ,OK,73170-4504,Private      ,234,992,1226,234,992,1226
00767800,SPARTAN COLLEGE OF AERONAUTICS AND TECHN,OK,74115-5800,Proprietary  ,417,297,714,417,297,714
00791100,VIRGILS BEAUTY COLLEGE                  ,OK,74401-6802,Proprietary  ,14,27,41,14,27,41
00834300,AUTRY TECHNOLOGY CENTER                 ,OK,73703-2598,Public       ,56,129,185,56,129,185
00861900,TRI COUNTY TECHNOLOGY CENTER            ,OK,74006-6029,Public       ,39,101,140,39,101,140
00918500,ROSE STATE COLLEGE                      ,OK,73110-2799,Public       ,1426,2203,3629,1426,2203,3629
00920400,KIAMICHI AREA VOC TECH SCHOOL           ,OK,74578-0548,Public       ,92,293,385,92,293,385
00920408,KIAMICHI AREA VOC TECH SCHOOL           ,OK,74953-0000,Public       ,61,136,197,61,136,197
00961800,TULSA WELDING SCHOOL                    ,OK,74104-0000,Proprietary  ,480,503,983,480,503,983
00964700,"OKLAHOMA STATE UNIV, OKLA CITY          ",OK,73107-6159,Public       ,1576,2617,4193,1576,2617,4193
00970800,EVES COLLEGE OF HAIRSTYLING             ,OK,73501-4359,Proprietary  ,9,29,38,9,29,38
00976300,TULSA COMMUNITY COLLEGE                 ,OK,74135-6198,Public       ,3826,5291,9117,3826,5291,9117
00996300,CADDO KIOWA VOC TECH CENTER             ,OK,73038-0000,Public       ,21,85,106,21,85,106
00996400,CENTRAL OKLAHOMA AREA VOC TECH SCH      ,OK,74030-9613,Public       ,49,130,179,49,130,179
00996500,CANADIAN VALLEY TECHNOLOGY CENTER       ,OK,73036-9117,Public       ,42,159,201,42,159,201
00996800,GORDON COOPER TECHNOLOGY CENTER         ,OK,74804-9913,Public       ,45,179,224,45,179,224
01005300,INDIAN CAPITAL TECHNOLGY CENTER #4      ,OK,74403-9907,Public       ,84,316,400,84,316,400
01026600,HILLSDALE FREE WILL BAPTIST COLLEGE     ,OK,73153-0000,Private      ,98,40,138,98,40,138
01034200,SOUTHERN OKLAHOMA TECHNOLOGY CENTER     ,OK,73401-2100,Public       ,51,144,195,51,144,195
01039100,OKLAHOMA CITY COMMUNITY COLLEGE         ,OK,73159-4444,Public       ,2301,3619,5920,2301,3619,5920
01050304,WTI TULSA CAMPUS                        ,OK,74112-3140,Proprietary  ,8,64,72,8,64,72
01071700,GREAT PLAINS TECHNOLOGY CENTER SCHOOL DI,OK,73505-8399,Public       ,85,309,394,85,309,394
01076200,WESTERN OK AREA VOC TECH SCH DIST12     ,OK,73624-1469,Public       ,29,43,72,29,43,72
01120600,PIONEER TECHNOLOGY CENTER               ,OK,74601-1106,Public       ,20,69,89,20,69,89
01128200,OKLAHOMA STATE UNV CLG OSTEOPTHC MD     ,OK,74107-0000,Public       ,95,371,466,95,371,466
01153700,MID-AMERICA TECHNOLOGY CENTER           ,OK,73095-0210,Public       ,9,45,54,9,45,54
01227200,MOORE-NORMAN TECHNOLOGY CENTER          ,OK,73069-8399,Public       ,111,394,505,111,394,505
02052700,NORTHEAST TECHNOLOGY CENTER             ,OK,74361-0487,Public       ,65,240,305,65,240,305
02060800,MERIDIAN TECHNOLOGY CENTER              ,OK,74074-0000,Public       ,83,183,266,83,183,266
02126500,ENID BEAUTY COLLEGE                     ,OK,73701-0000,Proprietary  ,8,8,16,8,8,16
02184400,SAND SPRINGS BEAUTY COLLEGE             ,OK,74063-0000,Proprietary  ,9,43,52,9,43,52
02197300,HOLLYWOOD COSMETOLOGY CENTER            ,OK,73189-0000,Proprietary  ,10,33,43,10,33,43
02222700,FRANCIS TUTTLE TECHNOLOGY CENTER        ,OK,73142-0000,Public       ,157,641,798,157,641,798
02238500,CENTRAL STATE BEAUTY ACADEMY            ,OK,73162-6007,Proprietary  ,20,98,118,20,98,118
02250900,E OK COUNTY AREA VO-TECH                ,OK,73020-0000,Public       ,15,25,40,15,25,40
02256200,"BROKEN ARROW BEAUTY COLLEGE, INC        ",OK,74012-0000,Proprietary  ,22,64,86,22,64,86
02282100,HIGH PLAINS AREA VOC-TECH               ,OK,73801-0000,Public       ,23,34,57,23,34,57
02306800,PLATT COLLEGE                           ,OK,74145-0000,Proprietary  ,85,402,487,85,402,487
02510300,BEAUTY TECHNICAL COLLEGE                ,OK,74465-0000,Proprietary  ,14,18,32,14,18,32
02531200,WOODWARD BEAUTY COLLEGE                 ,OK,73801-0000,Proprietary  ,2,7,9,2,7,9
02554300,AMERICAN BEAUTY INSTITUTE               ,OK,74501-0000,Proprietary  ,10,14,24,10,14,24
02556500,YUKON BEAUTY COLLEGE                    ,OK,73099-4108,Proprietary  ,2,16,18,2,16,18
02560200,PHILLIPS THEOLOGICAL SEMINARY -         ,OK,74116-5612,Private      ,4,49,53,4,49,53
02581100,CLAREMORE BEAUTY COLLEGE                ,OK,74017-7034,Proprietary  ,6,11,17,6,11,17
02581200,CC'S COSMETOLOGY COLLEGE                ,OK,74129-0000,Proprietary  ,33,60,93,33,60,93
02591101,CAREER POINT INSTITUTE                  ,OK,74146-0000,Proprietary  ,46,179,225,46,179,225
02596501,ATI-CAREER TRAINING CENTER - OKLAHOMA CI,OK,73107-2442,Proprietary  ,21,87,108,21,87,108
02596502,ATI- CAREER TRAINING CENTER - OKLAHOMA C,OK,76101-2740,Proprietary  ,35,160,195,35,160,195
02597400,PONTOTOC TECHNOLOGY CENTER SCHOOL       ,OK,74820-8621,Public       ,26,106,132,26,106,132
02599706,VATTEROTT COLLEGE - TULSA               ,OK,74146-2205,Proprietary  ,29,188,217,29,188,217
02600000,NORTHWEST TECHNOLOG CTR SCH DIST 10     ,OK,73717-9600,Public       ,11,13,24,11,13,24
02600500,WES WATKINS TECHNOLOGY CENTER           ,OK,74883-9660,Public       ,22,60,82,22,60,82
02609205,VATTEROTT COLLEGE - OKLAHOMA CITY       ,OK,73127-2103,Proprietary  ,39,243,282,39,243,282
03008700,SOUTHWEST TECHNOLOGY CENTER             ,OK,73521-1527,Public       ,16,47,63,16,47,63
03024700,STILLWATER BEAUTY ACADEMY               ,OK,74075-3467,Proprietary  ,16,16,32,16,16,32
03030700,OKLAHOMA SCHOOL OF PHOTOGRAPHY          ,OK,73160-3320,Proprietary  ,23,34,57,23,34,57
03030800,AMERICAN BROADCASTING SCHOOL            ,OK,73115-3334,Proprietary  ,17,120,137,17,120,137
03051100,CHISHOLM TRAIL TECHNOLOGY CENTER        ,OK,73764-9720,Public       ,7,23,30,7,23,30
03078500,TECH INST OF COSMETOLOGY ARTS & SCI     ,OK,74120-3610,Proprietary  ,21,47,68,21,47,68
03103800,SOUTHERN SCHOOL OF BEAUTY               ,OK,74701-5008,Proprietary  ,10,19,29,10,19,29
03109800,PONCA CITY BEAUTY COLLEGE               ,OK,74601-4201,Proprietary  ,1,5,6,1,5,6
03109801,BARTLESVILLE BEAUTY COLLEGE             ,OK,74003-2835,Proprietary  ,1,11,12,1,11,12
03115100,HERITAGE COLLEGE                        ,OK,73119-0000,Proprietary  ,62,313,375,62,313,375
03124800,PLATT COLLEGE                           ,OK,73501-3808,Proprietary  ,26,97,123,26,97,123
03124901,IMAGINE -  PAUL MITCHELL PARTNER SCHOOL ,OK,73072-4831,Proprietary  ,27,50,77,27,50,77
03126200,GREEN COUNTRY AREA VOC TECH SCHOOL      ,OK,74447-1217,Public       ,34,78,112,34,78,112
03198400,MID-DEL AREA VOCATIONAL & TECH SCH      ,OK,73110-4825,Public       ,11,55,66,11,55,66
03329400,PRYOR BEAUTY COLLEGE                    ,OK,74361-0000,Proprietary  ,5,10,15,5,10,15
03329401,PRYOR BEAUTY COLLEGE - GROVE BEAUTY COLL,OK,74345-0009,Proprietary  ,1,5,6,1,5,6
03367400,COMMUNITY CARE COLLEGE                  ,OK,74145-6420,Proprietary  ,144,477,621,144,477,621
03396300,OKLAHOMA HEALTH ACADEMY                 ,OK,74105-6220,Proprietary  ,68,129,197,68,129,197
03396400,OKLAHOMA HEALTH ACADEMY                 ,OK,73160-3667,Proprietary  ,12,28,40,12,28,40
03453400,SHAWNEE BEAUTY COLLEGE                  ,OK,74801-7014,Proprietary  ,6,11,17,6,11,17
03676300,FAMILY OF FAITH COLLEGE                 ,OK,74802-1805,Private      ,3,5,8,3,5,8
03831300,INSTITUTE OF HAIR DESIGN                ,OK,74804-0000,Proprietary  ,2,7,9,2,7,9
03928300,CENTRAL STATE MASSAGE ACADEMY           ,OK,73162-6007,Proprietary  ,17,33,50,17,33,50
04051324,ART INSTITUTE OF PHOENIX (THE) - BROWN M,OK,74146-5234,Proprietary  ,50,135,185,50,135,185
04060300,AMERICAN INSTITUTE OF MEDICAL TECHNOLOGY,OK,74146-5201,Proprietary  ,57,131,188,57,131,188
04062300,BROOKLINE COLLEGE                       ,OK,73114-6318,Proprietary  ,17,48,65,17,48,65
04133600,CUTTER'S EDGE SCHOOL OF COSMETOLOGY     ,OK,74023-2905,Proprietary  ,0,11,11,0,11,11
04144400,ACADEMY OF HAIR DESIGN (THE)            ,OK,73120-6808,Proprietary  ,26,73,99,26,73,99
00163700,BETHANY THEOLOGICAL SEMINARY            ,IN,47374-0000,Private      ,2,17,19,2,17,19
00178400,ANCILLA COLLEGE-FINANCIAL AID OFFC      ,IN,46513-0001,Private      ,417,413,830,417,413,830
00178500,ANDERSON UNIVERSITY                     ,IN,46012-3495,Private      ,2665,859,3524,2665,859,3524
00178600,BALL STATE UNIVERSITY                   ,IN,47306-0880,Public       ,22138,6722,28860,22138,6722,28860
00178700,BETHEL COLLEGE INC                      ,IN,46545-5591,Private      ,1600,1197,2797,1600,1197,2797
00178800,BUTLER UNIVERSITY                       ,IN,46208-3487,Private      ,8323,1826,10149,8323,1826,10149
00178900,CHRISTIAN THEOLOGICAL SEMINARY          ,IN,46208-0000,Private      ,13,229,242,13,229,242
00179200,DEPAUW UNIVERSITY                       ,IN,46135-0037,Private      ,3023,125,3148,3023,125,3148
00179300,EARLHAM COLLEGE                         ,IN,47374-4095,Private      ,1111,136,1247,1111,136,1247
00179301,EARLHAM SCHOOL OF RELIGION              ,IN,47374-0000,Private      ,12,25,37,12,25,37
00179500,UNIVERSITY OF EVANSVILLE                ,IN,47722-0002,Private      ,3833,774,4607,3833,774,4607
00179800,FRANKLIN COLLEGE OF INDIANA             ,IN,46131-2623,Private      ,1985,267,2252,1985,267,2252
00179900,GOSHEN COLLEGE                          ,IN,46526-4794,Private      ,881,358,1239,881,358,1239
00180000,GRACE COLLEGE & THEO SEMINARY           ,IN,46590-1224,Private      ,1849,376,2225,1849,376,2225
00180100,HANOVER COLLEGE                         ,IN,47243-0108,Private      ,2476,109,2585,2476,109,2585
00180300,HUNTINGTON UNIVERSITY                   ,IN,46750-1299,Private      ,1348,286,1634,1348,286,1634
00180400,UNIVERSITY OF INDIANAPOLIS              ,IN,46227-3697,Private      ,6606,4187,10793,6606,4187,10793
00180500,INDIANA INSTITUTE OF TECHNOLOGY         ,IN,46803-1297,Private      ,2174,3830,6004,2174,3830,6004
00180700,INDIANA STATE UNIVERSITY                ,IN,47809-2501,Public       ,12905,5286,18191,12905,5286,18191
00180800,UNIVERSITY OF SOUTHERN INDIANA          ,IN,47712-3596,Public       ,9115,3175,12290,9115,3175,12290
00180900,INDIANA UNIVERSITY-BLOOMINGTON          ,IN,47405-1223,Public       ,32928,9180,42108,32928,9180,42108
00181100,INDIANA UNIV-EAST                       ,IN,47374-1289,Public       ,1946,1949,3895,1946,1949,3895
00181300,INDIANA UNIV-PURDUE UNIV INDPLS         ,IN,46202-5145,Public       ,20353,18477,38830,20353,18477,38830
00181301,INDIANA UNIVERSITY - PURDUE UNIVERSITY I,IN,47203-1769,Public       ,1791,1636,3427,1791,1636,3427
00181400,INDIANA UNIV KOKOMO                     ,IN,46902-3557,Public       ,2142,2229,4371,2142,2229,4371
00181500,INDIANA UNIV-NORTHWEST                  ,IN,46408-1197,Public       ,3462,4470,7932,3462,4470,7932
00181600,INDIANA UNIVERSITY - SOUTH BEND         ,IN,46615-0000,Public       ,4949,4853,9802,4949,4853,9802
00181700,INDIANA UNIVERSITY-SOUTHEAST            ,IN,47150-6405,Public       ,4030,2999,7029,4030,2999,7029
00182000,MANCHESTER COLLEGE                      ,IN,46962-1276,Private      ,2577,302,2879,2577,302,2879
00182100,MARIAN UNIVERSITY                       ,IN,46222-1997,Private      ,2192,2175,4367,2192,2175,4367
00182200,INDIANA WESLEYAN UNIVERSITY             ,IN,46953-4974,Private      ,4268,9082,13350,4268,9082,13350
00182300,ASSOCIATED MENNONITE BIBLICAL SEM       ,IN,46517-1999,Private      ,4,45,49,4,45,49
00182400,OAKLAND CITY UNIVERSITY                 ,IN,47660-1099,Private      ,580,510,1090,580,510,1090
00182500,PURDUE UNIVERSITY                       ,IN,47907-2050,Public       ,31304,6579,37883,31304,6579,37883
00182600,PURDUE UNIV NORTH CENTRAL CAMPUS        ,IN,46391-9542,Public       ,2855,1940,4795,2855,1940,4795
00182700,PURDUE UNIV CALUMET                     ,IN,46323-2094,Public       ,5047,4622,9669,5047,4622,9669
00182800,INDIANA UNIV-PURDUE UNIV FORT WAYNE     ,IN,46805-1499,Public       ,9628,6658,16286,9628,6658,16286
00183000,ROSE HULMAN INSTITUTE OF TECHNOLOGY     ,IN,47803-3999,Private      ,3391,159,3550,3391,159,3550
00183200,UNIVERSITY OF SAINT FRANCIS             ,IN,46808-3994,Private      ,2436,1729,4165,2436,1729,4165
00183300,ST JOSEPH'S COLLEGE                     ,IN,47978-0000,Private      ,1446,183,1629,1446,183,1629
00183400,CALUMET COLLEGE OF SAINT JOSEPH         ,IN,46394-2195,Private      ,447,563,1010,447,563,1010
00183500,SAINT MARY-OF-THE-WOODS COLLEGE         ,IN,47876-0067,Private      ,369,895,1264,369,895,1264
00183600,ST MARY'S COLLEGE                       ,IN,46556-5007,Private      ,1751,84,1835,1751,84,1835
00183800,TAYLOR UNIVERSITY                       ,IN,46989-1001,Private      ,2481,214,2695,2481,214,2695
00183900,TRINE UNIVERSITY                        ,IN,46703-1764,Private      ,2843,787,3630,2843,787,3630
00184000,UNIVERSITY OF NOTRE DAME                ,IN,46556-5602,Private      ,11592,2799,14391,11592,2799,14391
00184200,VALPARAISO UNIVERSITY                   ,IN,46383-6493,Private      ,4833,1654,6487,4833,1654,6487
00184300,VINCENNES UNIVERSITY                    ,IN,47591-1523,Public       ,6098,3086,9184,6098,3086,9184
00184400,WABASH COLLEGE                          ,IN,47933-0352,Private      ,1402,69,1471,1402,69,1471
00457900,INTERNATIONAL BUSINESS COLLEGE          ,IN,46804-0000,Proprietary  ,702,440,1142,702,440,1142
00457901,INTERNATIONAL BUSINESS COLLEGE          ,IN,46256-0000,Proprietary  ,680,387,1067,680,387,1067
00625700,SAINT ELIZABETH SCHOOL OF NURSING       ,IN,47904-2198,Private      ,224,396,620,224,396,620
00726300,HOLY CROSS COLLEGE                      ,IN,46556-0308,Private      ,571,105,676,571,105,676
00727600,SAINT MEINRAD SCHOOL OF THEOLOGY        ,IN,47577-1002,Private      ,1,50,51,1,50,51
00732900,ITT TECHNICAL INSTITUTE                 ,IN,46268-1119,Proprietary  ,858,2903,3761,858,2903,3761
00732908,ITT TECHNICAL INSTITUTE                 ,IN,46143-1067,Proprietary  ,3,16,19,3,16,19
00732933,ITT TECHNICAL INSTITUTE                 ,IN,46635-1512,Proprietary  ,331,703,1034,331,703,1034
00732962,ITT TECHNICAL INSTITUTE                 ,IN,47630-7430,Proprietary  ,221,713,934,221,713,934
00732968,ITT TECHNICAL INSTITUTE                 ,IN,46410-0000,Proprietary  ,168,476,644,168,476,644
00732993,ITT TECHNICAL INSTITUTE                 ,IN,46825-2393,Proprietary  ,622,1064,1686,622,1064,1686
00736200,MEDTECH COLLEGE                         ,IN,46250-3970,Proprietary  ,295,1579,1874,295,1579,1874
00736202,MEDTECH COLLEGE - GREENWOOD             ,IN,46143-6478,Proprietary  ,116,707,823,116,707,823
00736204,MEDTECH COLLEGE - FORT WAYNE            ,IN,46804-2209,Proprietary  ,191,768,959,191,768,959
00793800,LINCOLN COLLEGE OF TECHNOLOGY           ,IN,46202-0000,Proprietary  ,1160,637,1797,1160,637,1797
00931306,DAYMAR COLLEGE - ROCKPORT               ,IN,47635-1506,Proprietary  ,9,42,51,9,42,51
00951500,J MICHAEL HARROLD BEAUTY ACADEMY        ,IN,47807-3390,Proprietary  ,54,72,126,54,72,126
00961200,"APEX SCHOOL OF BEAUTY CULTURE, INC      ",IN,46016-0000,Proprietary  ,14,24,38,14,24,38
00961300,MERRILLVILLE BEAUTY COLLEGE             ,IN,46410-3401,Proprietary  ,30,77,107,30,77,107
00967300,RUDAE'S SCHOOL OF BEAUTY CULTURE        ,IN,46825-5444,Proprietary  ,82,143,225,82,143,225
00977700,KAPLAN COLLEGE                          ,IN,46278-1736,Proprietary  ,324,1075,1399,324,1075,1399
00977702,KAPLAN COLLEGE - TEMPORARY FACILITY EXPA,IN,46268-4111,Proprietary  ,14,76,90,14,76,90
00977703,KAPLAN COLLEGE -  SE INDY               ,IN,46227-0000,Proprietary  ,118,520,638,118,520,638
00991700,IVY TECH COMMUNITY COLLEGE OF INDIANA   ,IN,46208-1763,Public       ,33121,65439,98560,33121,65439,98560
01015100,VINCENNES BEAUTY COLLEGE                ,IN,47591-1297,Proprietary  ,54,51,105,54,51,105
01040900,LAFAYETTE BEAUTY ACADEMY                ,IN,47901-1149,Proprietary  ,55,118,173,55,118,173
01048900,NATIONAL COLLEGE                        ,IN,46250-1930,Proprietary  ,40,298,338,40,298,338
01048910,NATIONAL COLLEGE - SOUTH BEND           ,IN,46617-3123,Proprietary  ,88,318,406,88,318,406
01048911,NATIONAL COLLEGE - FORT WAYNE           ,IN,46826-4905,Proprietary  ,53,220,273,53,220,273
01061800,MID-AMERICA CLG FUNERAL SERVICE         ,IN,47130-9990,Private      ,37,82,119,37,82,119
01150500,CREATIVE HAIR STYLING ACADEMY           ,IN,46322-1554,Proprietary  ,56,97,153,56,97,153
02084800,RAVENSCROFT BEAUTY COLLEGE              ,IN,46815-0000,Proprietary  ,71,123,194,71,123,194
02087600,CONCORDIA THEOLOGICAL SEMINARY          ,IN,46825-0000,Private      ,11,124,135,11,124,135
02100402,EVEREST INSTITUTE - EVEREST COLLEGE     ,IN,46410-7064,Proprietary  ,180,584,764,180,584,764
02140800,MARTIN UNIVERSITY                       ,IN,46218-0000,Private      ,201,1069,1270,201,1069,1270
02158400,HARRISON COLLEGE                        ,IN,46204-2611,Proprietary  ,552,2339,2891,552,2339,2891
02158401,HARRISON COLLEGE - COLUMBUS             ,IN,47203-1843,Proprietary  ,130,424,554,130,424,554
02158402,HARRISON COLLEGE - LAFAYETTE            ,IN,47905-4859,Proprietary  ,190,488,678,190,488,678
02158405,HARRISON COLLEGE - TERRE HAUTE          ,IN,47802-0000,Proprietary  ,115,463,578,115,463,578
02158407,HARRISON COLLEGE - ANDERSON             ,IN,46013-0000,Proprietary  ,119,453,572,119,453,572
02158409,HARRISON COLLEGE - EVANSVILLE           ,IN,47715-3901,Proprietary  ,151,396,547,151,396,547
02158410,HARRISON COLLEGE - EAST                 ,IN,46239-8903,Proprietary  ,198,786,984,198,786,984
02158412,HARRISON COLLEGE - FORT WAYNE           ,IN,46825-0000,Proprietary  ,189,705,894,189,705,894
02158413,HARRISON COLLEGE - NORTHWEST            ,IN,46278-0000,Proprietary  ,191,369,560,191,369,560
02158800,DON ROBERTS BEAUTY SCHOOLS              ,IN,46383-0000,Proprietary  ,34,49,83,34,49,83
02164300,DON ROBERTS SCHOOL OF HAIR DESIGN       ,IN,46375-9999,Proprietary  ,11,39,50,11,39,50
02180108,ROSS MEDICAL EDUCATION CENTER -         ,IN,46530-4479,Proprietary  ,24,79,103,24,79,103
02201800,KAPLAN COLLEGE                          ,IN,46324-3347,Proprietary  ,153,521,674,153,521,674
02241700,PJ'S COLLEGE OF COSMETOLOGY             ,IN,47129-0000,Proprietary  ,39,104,143,39,104,143
02245505,FORTIS COLLEGE - INDIANAPOLIS CAMPUS    ,IN,46268-0000,Proprietary  ,70,308,378,70,308,378
02302700,J EVERETT LIGHT CAREER CENTER           ,IN,46240-0000,Public       ,92,320,412,92,320,412
02304800,PJ'S COLLEGE OF COSMETOLOGY             ,IN,47374-0000,Proprietary  ,32,55,87,32,55,87
02308900,MASTER'S OF COSMETOLOGY COLLEGE         ,IN,46809-0000,Proprietary  ,123,135,258,123,135,258
02339600,ROGER'S ACADEMY OF HAIR DESIGN          ,IN,47712-0000,Proprietary  ,44,88,132,44,88,132
02345200,EMPIRE BEAUTY SCHOOL                    ,IN,46237-0000,Proprietary  ,158,324,482,158,324,482
02351300,KNOX BEAUTY COLLEGE                     ,IN,46534-0000,Proprietary  ,11,15,26,11,15,26
02490500,HAIR FASHIONS BY KAYE BEAUTY CLG        ,IN,46250-0000,Proprietary  ,83,158,241,83,158,241
02490800,HAIR FASHIONS BY KAYE BEAUTY CLG        ,IN,46060-0000,Proprietary  ,21,24,45,21,24,45
02607000,HAIR ARTS ACADEMY                       ,IN,47404-3581,Proprietary  ,43,91,134,43,91,134
02615800,COLLEGE OF COURT REPORTING              ,IN,46342-5969,Proprietary  ,17,130,147,17,130,147
03009700,HARRISON COLLEGE                        ,IN,47303-6413,Proprietary  ,144,414,558,144,414,558
03009701,HARRISON COLLEGE - MUNCIE - ELKHART     ,IN,46516-9795,Proprietary  ,62,396,458,62,396,458
03100600,MARION COMM TUCKER AREA VOC SCHOOL      ,IN,46952-3831,Public       ,68,152,220,68,152,220
03176300,AVIATION INSTITUTE OF MAINTENANCE       ,IN,46241-1445,Proprietary  ,105,304,409,105,304,409
03262300,DAVID DEMUTH INSTITUTE OF COSM          ,IN,47374-4101,Proprietary  ,16,29,45,16,29,45
03456700,CROSSROADS BIBLE COLLEGE                ,IN,46219-4912,Private      ,63,246,309,63,246,309
03538300,ALEXANDRIA SCH OF SCIENTIFIC THERAP     ,IN,46001-0287,Proprietary  ,18,38,56,18,38,56
04038700,IDEAL BEAUTY ACADEMY                    ,IN,47130-4215,Proprietary  ,20,35,55,20,35,55
04051304,ART INSTITUTE OF PHOENIX (THE) - ART  IN,IN,46268-1170,Proprietary  ,1003,729,1732,1003,729,1732
04051311,ART INSTITUTE OF PHOENIX (THE) - BROWN M,IN,46410-5608,Proprietary  ,129,565,694,129,565,694
04051312,ART INSTITUTE OF PHOENIX (THE) - BROWN M,IN,46360-7362,Proprietary  ,82,371,453,82,371,453
04051318,ART INSTITUTE OF PHOENIX (THE) - BROWN M,IN,46204-1017,Proprietary  ,275,1160,1435,275,1160,1435
04051321,ART INSTITUTE OF PHOENIX (THE) - BROWN M,IN,46635-1176,Proprietary  ,186,610,796,186,610,796
04051322,ART INSTITUTE OF PHOENIX (THE) - BROWN M,IN,46805-0000,Proprietary  ,224,1033,1257,224,1033,1257
04100300,SUCCESS SCHOOLS                         ,IN,46410-5310,Proprietary  ,34,125,159,34,125,159
04121000,TECHSKILLS - INDIANAPOLIS               ,IN,46240-4302,Proprietary  ,56,163,219,56,163,219
04130900,HONORS BEAUTY COLLEGE                   ,IN,46256-3317,Proprietary  ,66,124,190,66,124,190
04155900,AVEDA FREDRIC'S INSTITUTE               ,IN,46250-4746,Proprietary  ,112,120,232,112,120,232
04166700,REM SPA INC                             ,IN,46013-3136,Proprietary  ,38,75,113,38,75,113
04171700,AVANT GARD THE SCHOOL                   ,IN,46214-6500,Proprietary  ,22,33,55,22,33,55
04172700,SALON PROFESSIONAL ACADEMY (THE)        ,IN,47715-7822,Proprietary  ,64,95,159,64,95,159
04184000,PAUL MITCHELL THE SCHOOL INDIANAPOLIS   ,IN,46227-6252,Proprietary  ,137,179,316,137,179,316
04186600,SALON PROFESSIONAL ACADEMY (THE)        ,IN,46901-6248,Proprietary  ,60,99,159,60,99,159
04205500,LIL LOU'S BARBER COLLEGE                ,IN,46409-2645,Proprietary  ,19,49,68,19,49,68
00190100,ALLEN COUNTY COMMUNITY COLLEGE          ,KS,66749-1607,Public       ,549,483,1032,549,483,1032
00190200,COWLEY COUNTY COMMUNITY COLLEGE & AREA V,KS,67005-2662,Public       ,841,945,1786,841,945,1786
00190300,BAKER UNIVERSITY                        ,KS,66006-0065,Private      ,1041,731,1772,1041,731,1772
00190400,BETHANY COLLEGE                         ,KS,67456-1897,Private      ,606,52,658,606,52,658
00190500,BETHEL COLLEGE                          ,KS,67117-0531,Private      ,394,90,484,394,90,484
00190600,BUTLER COUNTY COMMUNITY COLLEGE         ,KS,67042-3280,Public       ,2296,1935,4231,2296,1935,4231
00190700,CENTRAL BAPTIST THEOLOGY SEMINARY       ,KS,66226-3513,Private      ,0,25,25,0,25,25
00190800,CENTRAL CHRISTIAN COLLEGE OF KANSAS     ,KS,67460-5799,Private      ,237,141,378,237,141,378
00190900,CLOUD COUNTY COMMUNITY COLLEGE          ,KS,66901-1002,Public       ,469,422,891,469,422,891
00191000,COFFEYVILLE COMMUNITY COLLEGE           ,KS,67337-5064,Public       ,500,157,657,500,157,657
00191100,COLBY COMMUNITY COLLEGE                 ,KS,67701-4099,Public       ,378,157,535,378,157,535
00191300,DODGE CITY COMMUNITY COLLEGE            ,KS,67801-2399,Public       ,408,225,633,408,225,633
00191400,DONNELLY COLLEGE                        ,KS,66102-4298,Private      ,129,207,336,129,207,336
00191500,FORT HAYS STATE UNIVERSITY              ,KS,67601-4099,Public       ,2746,2511,5257,2746,2511,5257
00191600,FORT SCOTT COMMUNITY COLLEGE            ,KS,66701-3199,Public       ,529,305,834,529,305,834
00191700,BARCLAY COLLEGE                         ,KS,67059-0288,Private      ,76,48,124,76,48,124
00191800,FRIENDS UNIVERSITY                      ,KS,67213-3397,Private      ,1145,1341,2486,1145,1341,2486
00191900,GARDEN CITY COMMUNITY COLLEGE           ,KS,67846-6398,Public       ,398,232,630,398,232,630
00192000,HESSTON COLLEGE                         ,KS,67062-2093,Private      ,349,119,468,349,119,468
00192100,HIGHLAND COMMUNITY COLLEGE              ,KS,66035-4062,Public       ,685,586,1271,685,586,1271
00192300,HUTCHINSON COMMUNITY COLLEGE            ,KS,67501-5894,Public       ,1353,1026,2379,1353,1026,2379
00192400,INDEPENDENCE COMMUNITY COLLEGE          ,KS,67301-0708,Public       ,262,127,389,262,127,389
00192500,KANSAS CITY KANSAS COMMUNITY CLG        ,KS,66112-9978,Public       ,964,1792,2756,964,1792,2756
00192600,PITTSBURG STATE UNIVERSITY              ,KS,66762-7500,Public       ,3433,1174,4607,3433,1174,4607
00192700,EMPORIA STATE UNIVERSITY                ,KS,66801-5087,Public       ,2218,1351,3569,2218,1351,3569
00192800,KANSAS STATE UNIVERSITY                 ,KS,66506-1104,Public       ,13040,4036,17076,13040,4036,17076
00192900,KANSAS WESLEYAN UNIVERSITY              ,KS,67401-6196,Private      ,855,205,1060,855,205,1060
00193000,LABETTE COMMUNITY COLLEGE               ,KS,67357-4299,Public       ,326,291,617,326,291,617
00193100,MANHATTAN CHRISTIAN COLLEGE             ,KS,66502-4081,Private      ,253,60,313,253,60,313
00193300,MCPHERSON COLLEGE                       ,KS,67460-3899,Private      ,731,113,844,731,113,844
00193600,NEOSHO COUNTY COMMUNITY COLLEGE         ,KS,66720-2699,Public       ,434,472,906,434,472,906
00193700,OTTAWA UNIVERSITY                       ,KS,66067-3399,Private      ,697,928,1625,697,928,1625
00193800,PRATT COMMUNITY COLLEGE                 ,KS,67124-8432,Public       ,293,299,592,293,299,592
00193900,NEWMAN UNIVERSITY                       ,KS,67213-2084,Private      ,1049,890,1939,1049,890,1939
00194000,SOUTHWESTERN COLLEGE                    ,KS,67156-2499,Private      ,633,520,1153,633,520,1153
00194300,UNIVERSITY OF ST MARY                   ,KS,66048-5023,Private      ,432,253,685,432,253,685
00194500,STERLING COLLEGE                        ,KS,67579-1533,Private      ,591,92,683,591,92,683
00194600,TABOR COLLEGE                           ,KS,67063-1799,Private      ,641,116,757,641,116,757
00194800,UNIVERSITY OF KANSAS                    ,KS,66045-7535,Public       ,14270,7233,21503,14270,7233,21503
00194900,WASHBURN UNIVERSITY                     ,KS,66621-1110,Public       ,2523,2266,4789,2523,2266,4789
00194901,WASHBURN UNIVERSITY -TOPEKA - WASHBURN I,KS,66604-2199,Public       ,563,683,1246,563,683,1246
00195000,WICHITA STATE UNIVERSITY                ,KS,67208-0001,Public       ,5152,4234,9386,5152,4234,9386
00460800,BARTON COUNTY COMMUNITY COLLEGE         ,KS,67530-9283,Public       ,492,759,1251,492,759,1251
00526400,FLINT HILLS TECHNICAL COLLEGE           ,KS,66801-5999,Public       ,145,178,323,145,178,323
00526500,NORTH CENTRAL KANSAS TECH COLG          ,KS,67420-0000,Public       ,178,130,308,178,130,308
00526700,NORTHWEST KANSAS TECHNICAL SCHOOL       ,KS,67735-3441,Public       ,135,58,193,135,58,193
00549800,WICHITA AREA TECHNICAL COLLEGE          ,KS,67211-2099,Public       ,215,772,987,215,772,987
00549900,SALINA AREA TECHNICAL COLLEGE           ,KS,67401-8195,Public       ,106,97,203,106,97,203
00550000,MANHATTAN AREA TECHNICAL COLLEGE        ,KS,66503-2499,Public       ,231,298,529,231,298,529
00675500,BROWN MACKIE COLLEGE (THE)              ,KS,67401-7307,Proprietary  ,137,450,587,137,450,587
00703200,MID AMERICA NAZARENE UNIVERSITY         ,KS,66062-1899,Private      ,845,489,1334,845,489,1334
00822800,SEWARD CO COMM CO/AREA TECHNICAL SCHOOL ,KS,67905-0000,Public       ,244,146,390,244,146,390
00824400,JOHNSON COUNTY COMMUNITY COLLEGE        ,KS,66210-1299,Public       ,3458,3464,6922,3458,3464,6922
00833200,B-STREET DESIGN SCHOOL OF INTERNATIONAL ,KS,66502-6082,Proprietary  ,20,38,58,20,38,58
00833201,B-STREET DESIGN SCHOOL OF INTERNATIONAL ,KS,66046-2743,Proprietary  ,9,13,22,9,13,22
01025600,BENEDICTINE COLLEGE                     ,KS,66002-1499,Private      ,1905,105,2010,1905,105,2010
01043800,HASKELL INDIAN NATIONS UNIVERSITY       ,KS,66046-4800,Public       ,531,344,875,531,344,875
01050300,WICHITA TECHNICAL INSTITUTE             ,KS,67213-1927,Proprietary  ,81,351,432,81,351,432
01050302,WICHITA TECHNICAL INSTITUTE - WTI TOPEKA,KS,66609-1217,Proprietary  ,19,102,121,19,102,121
01050305,WICHITA TECHNICAL INSTITUTE - EAST CAMPU,KS,67208-4243,Proprietary  ,30,155,185,30,155,185
02090700,CLEVELAND CHIROPRACTIC COLLEGE          ,KS,66210-1613,Private      ,34,221,255,34,221,255
02134800,OLD TOWN BARBER AND BEAUTY COLLEGE      ,KS,67211-0000,Proprietary  ,9,25,34,9,25,34
02257700,HAYS ACADEMY OF HAIR DESIGN             ,KS,67601-0000,Proprietary  ,27,17,44,27,17,44
02303500,AMERICAN INSTITUTE OF BAKING            ,KS,66502-0000,Private      ,4,3,7,4,3,7
02340700,LABARON HAIRDRESSING ACADEMY            ,KS,66204-0000,Proprietary  ,5,20,25,5,20,25
02590900,WRIGHT CAREER COLLEGE                   ,KS,66212-0000,Private      ,40,435,475,40,435,475
02599709,VATTEROTT COLLEGE - WICHITA             ,KS,67226-1304,Proprietary  ,38,219,257,38,219,257
02603100,XENON INTERNATIONAL ACADEMY             ,KS,67203-5428,Proprietary  ,37,69,106,37,69,106
02606300,PAUL MITCHELL THE SCHOOL WICHITA        ,KS,67226-2803,Proprietary  ,43,60,103,43,60,103
02611005,HERITAGE COLLEGE - WICHITA              ,KS,67210-1879,Proprietary  ,68,240,308,68,240,308
02613000,PINNACLE CAREER INSTITUTE               ,KS,66046-2703,Proprietary  ,16,121,137,16,121,137
03031300,XENON INTERNATIONAL ACADEMY IV          ,KS,66061-3765,Proprietary  ,6,30,36,6,30,36
03066200,BRYAN COLLEGE                           ,KS,66604-2496,Proprietary  ,16,82,98,16,82,98
03450300,B-STREET DESIGN SCHOOL OF INTERNATIONAL ,KS,66611-2373,Proprietary  ,11,19,30,11,19,30
03450301,B-STREET DESIGN SCHOOL OF INTERNATIONAL ,KS,67207-5148,Proprietary  ,19,39,58,19,39,58
03450302,B-STREET DESIGN SCHOOL OF INTERNATIONAL ,KS,66212-5451,Proprietary  ,13,36,49,13,36,49
03529300,SIDNEY'S HAIRDRESSING COLLEGE           ,KS,67501-7094,Proprietary  ,13,14,27,13,14,27
04132900,Z HAIR ACADEMY                          ,KS,66046-4040,Proprietary  ,23,29,52,23,29,52
04162700,ERIC FISHER ACADEMY                     ,KS,67212-3376,Proprietary  ,49,57,106,49,57,106
04175700,ACADEMY OF AESTHETIC ARTS               ,KS,66203-3502,Proprietary  ,6,17,23,6,17,23
04179600,ENTOURAGE INSTITUTE OF BEAUTY AND ESTHET,KS,66215-3803,Proprietary  ,5,11,16,5,11,16
00203300,UNIVERSITY OF MAINE-PRESQUE ISLE        ,ME,04769-2888,Public       ,702,352,1054,702,352,1054
00203500,BANGOR THEOLOGICAL SEMINARY             ,ME,04402-0411,Private      ,4,27,31,4,27,31
00203600,BATES COLLEGE                           ,ME,04240-6028,Private      ,2486,92,2578,2486,92,2578
00203800,BOWDOIN COLLEGE                         ,ME,04011-8451,Private      ,3598,81,3679,3598,81,3679
00203900,COLBY COLLEGE                           ,ME,04901-8841,Private      ,2810,70,2880,2810,70,2880
00204000,UNIVERSITY OF MAINE-FARMINGTON          ,ME,04938-1990,Public       ,2464,405,2869,2464,405,2869
00204100,UNIVERSITY OF MAINE-FORT KENT           ,ME,04743-1292,Public       ,540,251,791,540,251,791
00204300,HUSSON UNIVERSITY                       ,ME,04401-2999,Private      ,2254,924,3178,2254,924,3178
00204400,MAINE MARITIME ACADEMY                  ,ME,04420-0001,Public       ,1005,125,1130,1005,125,1130
00205000,UNIVERSITY OF NEW ENGLAND               ,ME,04005-9599,Private      ,4019,2348,6367,4019,2348,6367
00205100,SAINT JOSEPH'S COLLEGE                  ,ME,04084-5263,Private      ,1549,709,2258,1549,709,2258
00205200,THOMAS COLLEGE                          ,ME,04901-5097,Private      ,981,186,1167,981,186,1167
00205300,UNIVERSITY OF MAINE                     ,ME,04469-0001,Public       ,10539,2277,12816,10539,2277,12816
00205400,UNIVERSITY OF SOUTHERN MAINE            ,ME,04104-0000,Public       ,5913,4403,10316,5913,4403,10316
00205500,UNIVERSITY OF MAINE-MACHIAS             ,ME,04654-1397,Public       ,446,260,706,446,260,706
00458615,KAPLAN UNIVERSITY - PORTLAND            ,ME,04106-2415,Proprietary  ,92,361,453,92,361,453
00458616,KAPLAN UNIVERSITY - LEWISTON            ,ME,04240-0000,Proprietary  ,53,402,455,53,402,455
00520400,BEAL COLLEGE                            ,ME,04401-6896,Proprietary  ,164,337,501,164,337,501
00527600,CENTRAL MAINE COMMUNITY COLLEGE         ,ME,04210-6498,Public       ,1034,1113,2147,1034,1113,2147
00527700,EASTERN MAINE COMMUNITY COLLEGE         ,ME,04401-4280,Public       ,1337,1026,2363,1337,1026,2363
00552500,SOUTHERN MAINE COMMUNITY  COLLEGE       ,ME,04106-1698,Public       ,2607,2222,4829,2607,2222,4829
00576000,NORTHERN MAINE COMMUNITY COLLEGE        ,ME,04769-2016,Public       ,344,279,623,344,279,623
00630501,CENTRAL MAINE MEDICAL CENTER - COLLEGE O,ME,04240-4500,Private      ,79,208,287,79,208,287
00676000,UNIVERSITY OF MAINE-AUGUSTA             ,ME,04330-9410,Public       ,1216,3164,4380,1216,3164,4380
00685800,UNITY COLLEGE                           ,ME,04988-9502,Private      ,715,92,807,715,92,807
00903800,MR BERNARD'S SCH HAIR FASHION INC       ,ME,04243-1163,Proprietary  ,23,66,89,23,66,89
00923100,WASHINGTON COUNTY COMMUNITY COLLEGE     ,ME,04619-9704,Public       ,189,138,327,189,138,327
00945900,EMPIRE BEAUTY SCHOOL                    ,ME,04101-3348,Proprietary  ,81,116,197,81,116,197
00982600,KENNEBEC VALLEY  COMMUNITY  COLLEGE     ,ME,04937-1367,Public       ,639,993,1632,639,993,1632
01138500,COLLEGE OF THE ATLANTIC                 ,ME,04609-1105,Private      ,507,80,587,507,80,587
01167300,MAINE COLLEGE OF ART                    ,ME,04101-3987,Private      ,597,141,738,597,141,738
02104400,SPA TECH INSTITUTE                      ,ME,04093-0000,Proprietary  ,50,147,197,50,147,197
02347100,NEW ENGLAND SCHOOL OF COMMUNICATIONS    ,ME,04401-0000,Private      ,468,107,575,468,107,575
02361300,LANDING SCHOOL OF BOATBUILDING & DESIGN ,ME,04046-1490,Private      ,17,23,40,17,23,40
03122900,YORK COUNTY COMMUNITY COLLEGE           ,ME,04090-0529,Public       ,379,551,930,379,551,930
03429300,SEACOAST CAREER SCHOOLS                 ,ME,04073-0000,Proprietary  ,10,33,43,10,33,43
03612300,BIRTHWISE MIDWIFERY SCHOOL              ,ME,04009-1110,Proprietary  ,3,43,46,3,43,46
04177400,CAPILO SCHOOL OF HAIR DESIGN            ,ME,04330-0000,Proprietary  ,27,36,63,27,36,63
04185100,NORTHEAST TECHNICAL INSTITUTE           ,ME,04074-0000,Proprietary  ,38,155,193,38,155,193
04188800,INSTITUTE FOR DOCTORAL STUDIES IN THE VI,ME,04102-0000,Private      ,1,18,19,1,18,19
00209300,ST JOHN'S COLLEGE                       ,NM,87505-4599,Private      ,378,121,499,378,121,499
00264900,SANTA FE UNIVERSITY OF ART AND DESIGN   ,NM,87505-7634,Proprietary  ,707,138,845,707,138,845
00265000,UNIVERSITY OF THE SOUTHWEST             ,NM,88240-9129,Private      ,132,189,321,132,189,321
00265100,EASTERN NEW MEXICO UNIV PORTALES        ,NM,88130-6000,Public       ,1867,957,2824,1867,957,2824
00265101,EASTERN NEW MEXICO UNIV-ROSWELL CAM     ,NM,88202-0000,Public       ,473,459,932,473,459,932
00265300,NEW MEXICO HIGHLANDS UNIVERSITY         ,NM,87701-4436,Public       ,1634,1093,2727,1634,1093,2727
00265400,NEW MEXICO INST OF MINING & TECH        ,NM,87801-4796,Public       ,961,235,1196,961,235,1196
00265500,NEW MEXICO JUNIOR COLLEGE               ,NM,88240-9123,Public       ,334,237,571,334,237,571
00265600,NEW MEXICO MILITARY INSTITUTE           ,NM,88201-5173,Public       ,278,25,303,278,25,303
00265700,NEW MEXICO STATE UNIVERSITY             ,NM,88003-8001,Public       ,8596,3840,12436,8596,3840,12436
00265701,NEW MEXICO STATE UNIV-ALAMOGORDO        ,NM,88311-0000,Public       ,323,576,899,323,576,899
00265702,NEW MEXICO STATE UNIV.-DONA ANA CLG     ,NM,88003-0000,Public       ,1833,1835,3668,1833,1835,3668
00265703,NEW MEXICO STATE UNIV-CARLSBAD          ,NM,88220-0000,Public       ,171,199,370,171,199,370
00265704,NEW MEXICO STATE UNIV-GRANTS            ,NM,87020-0000,Public       ,111,185,296,111,185,296
00266000,SAN JUAN COLLEGE                        ,NM,87402-4699,Public       ,699,1434,2133,699,1434,2133
00266300,THE UNIVERSITY OF NEW MEXICO            ,NM,87131-0001,Public       ,13888,11568,25456,13888,11568,25456
00266301,UNIVERSITY OF NEW MEXICO                ,NM,87301-5697,Public       ,64,227,291,64,227,291
00266302,UNIVERSITY OF NEW MEXICO                ,NM,87031-0000,Public       ,72,185,257,72,185,257
00266303,UNIVERSITY OF NEW MEXICO                ,NM,87544-2233,Public       ,30,20,50,30,20,50
00266304,UNIVERSITY OF NEW MEXICO                ,NM,87571-6401,Public       ,49,95,144,49,95,144
00266400,WESTERN NEW MEXICO UNIVERSITY           ,NM,88061-5417,Public       ,860,712,1572,860,712,1572
00405701,NATIONAL AMERICAN UNIVERSITY            ,NM,87110-0000,Proprietary  ,54,278,332,54,278,332
00474200,CENTRAL NEW MEXICO COMMUNITY COLLEGE    ,NM,87106-4096,Public       ,3823,6477,10300,3823,6477,10300
00474300,CLOVIS COMMUNITY COLLEGE                ,NM,88101-8381,Public       ,233,474,707,233,474,707
00996200,LUNA COMMUNITY COLLEGE                  ,NM,87701-0000,Public       ,227,210,437,227,210,437
01063200,DEWOLFF CLG HAIRSTYLING/COSMETOLOGY     ,NM,87112-4113,Proprietary  ,56,63,119,56,63,119
01300500,OLYMPIAN UNIVERSITY OF COSMETOLOGY      ,NM,88310-5051,Proprietary  ,82,333,415,82,333,415
02083900,NORTHERN NEW MEXICO COLLEGE             ,NM,87530-0000,Public       ,314,344,658,314,344,658
02146400,INSTITUTE OF AMERICAN INDIAN ARTS       ,NM,87508-0000,Public       ,85,107,192,85,107,192
02218808,BROOKLINE COLLEGE - ALBUQUERQUE         ,NM,87105-1649,Proprietary  ,99,315,414,99,315,414
02278100,SANTA FE COMMUNITY COLLEGE              ,NM,87507-0000,Public       ,439,780,1219,439,780,1219
02293203,ATI CAREER TRAINING CENTER - ALBUQUERQUE,NM,87109-2016,Proprietary  ,63,115,178,63,115,178
02357600,NAVAJO TECHNICAL COLLEGE                ,NM,87313-0000,Public       ,145,242,387,145,242,387
02511000,SOUTHWESTERN INDIAN POLYTECH INST       ,NM,87184-0000,Public       ,93,157,250,93,157,250
02572003,COMPUTER CAREER CENTER - LAS CRUCES CAMP,NM,88011-8220,Proprietary  ,32,112,144,32,112,144
02622000,SOUTHWEST ACUPUNCTURE COLLEGE           ,NM,87505-0000,Proprietary  ,2,108,110,2,108,110
03076100,SOUTHWESTERN COLLEGE                    ,NM,87507-0000,Private      ,18,120,138,18,120,138
03206300,MESALANDS COMMUNITY COLLEGE             ,NM,88401-3352,Public       ,71,65,136,71,65,136
03430300,UNIVERSAL THERAPEUTIC MASSAGE INSTITUTE ,NM,87107-4403,Proprietary  ,27,79,106,27,79,106
03678300,PIMA MEDICAL INSTITUTE                  ,NM,87110-0000,Proprietary  ,190,313,503,190,313,503
03944300,MASSAGE THERAPY TRAINING INSTITUTE      ,NM,88007-0000,Proprietary  ,22,37,59,22,37,59
04162400,URBAN ACADEMY                           ,NM,87106-4404,Proprietary  ,30,52,82,30,52,82
04174500,AVEDA INSTITUTE OF NEW MEXICO (THE)     ,NM,87110-3640,Proprietary  ,79,127,206,79,127,206
04178500,VOGUE COLLEGE OF COSMETOLOGY            ,NM,87505-7636,Proprietary  ,20,37,57,20,37,57
00223400,ADRIAN COLLEGE                          ,MI,49221-2575,Private      ,2536,221,2757,2536,221,2757
00223500,ALBION COLLEGE                          ,MI,49224-1831,Private      ,2136,99,2235,2136,99,2235
00223600,ALMA COLLEGE                            ,MI,48801-1599,Private      ,2390,108,2498,2390,108,2498
00223700,ALPENA COMMUNITY COLLEGE                ,MI,49707-1495,Public       ,738,516,1254,738,516,1254
00223800,ANDREWS UNIVERSITY                      ,MI,49104-0750,Private      ,1489,723,2212,1489,723,2212
00223900,AQUINAS COLLEGE                         ,MI,49506-1799,Private      ,2553,444,2997,2553,444,2997
00224000,BAY DE NOC COMMUNITY COLLEGE            ,MI,49829-2524,Public       ,774,562,1336,774,562,1336
00224100,CALVIN COLLEGE                          ,MI,49546-4388,Private      ,4203,352,4555,4203,352,4555
00224200,CALVIN THEOLOGICAL SEMINARY             ,MI,49546-4387,Private      ,14,145,159,14,145,159
00224300,CENTRAL MICHIGAN UNIVERSITY             ,MI,48859-0001,Public       ,20377,5660,26037,20377,5660,26037
00224600,CLEARY UNIVERSITY                       ,MI,48105-2659,Private      ,87,372,459,87,372,459
00224700,CONCORDIA UNIVERSITY-ANN ARBOR          ,MI,48105-2797,Private      ,658,163,821,658,163,821
00224800,CRANBROOK ACADEMY OF ART                ,MI,48303-0000,Private      ,31,238,269,31,238,269
00224900,DAVENPORT UNIVERSITY                    ,MI,49503-0000,Private      ,2325,5588,7913,2325,5588,7913
00225100,DELTA COLLEGE                           ,MI,48710-0001,Public       ,4287,3892,8179,4287,3892,8179
00225400,MICHIGAN STATE UNIVERSITY COLLEGE OF LAW,MI,48824-1300,Private      ,277,1799,2076,277,1799,2076
00225900,EASTERN MICHIGAN UNIVERSITY             ,MI,48197-2214,Public       ,14001,8065,22066,14001,8065,22066
00226000,FERRIS STATE UNIVERSITY                 ,MI,49307-2251,Public       ,13118,4982,18100,13118,4982,18100
00226100,CHARLES STEWART MOTT COMMUNITY CLG      ,MI,48503-2089,Public       ,3227,4171,7398,3227,4171,7398
00226200,KETTERING UNIVERSITY                    ,MI,48504-4898,Private      ,1923,257,2180,1923,257,2180
00226300,GLEN OAKS COMMUNITY COLLEGE             ,MI,49032-9784,Public       ,453,422,875,453,422,875
00226400,GOGEBIC COMMUNITY COLLEGE               ,MI,49938-1365,Public       ,482,264,746,482,264,746
00226500,GRACE BIBLE COLLEGE                     ,MI,49509-1998,Private      ,380,139,519,380,139,519
00226600,CORNERSTONE UNIVERSITY                  ,MI,49525-5897,Private      ,2005,921,2926,2005,921,2926
00226700,GRAND RAPIDS COMMUNITY COLLEGE          ,MI,49503-3295,Public       ,8116,6007,14123,8116,6007,14123
00226800,GRAND VALLEY STATE UNIVERSITY           ,MI,49401-9403,Public       ,23105,5516,28621,23105,5516,28621
00226900,GREAT LAKES CHRISTIAN COLLEGE           ,MI,48917-1299,Private      ,149,71,220,149,71,220
00227000,HENRY FORD COMMUNITY COLLEGE            ,MI,48128-1495,Public       ,5577,7641,13218,5577,7641,13218
00227300,HOPE COLLEGE                            ,MI,49423-3607,Private      ,4409,175,4584,4409,175,4584
00227400,JACKSON COMMUNITY COLLEGE               ,MI,49201-8399,Public       ,2359,2369,4728,2359,2369,4728
00227500,KALAMAZOO COLLEGE                       ,MI,49006-3295,Private      ,2000,172,2172,2000,172,2172
00227600,KELLOGG COMMUNITY COLLEGE               ,MI,49017-3397,Public       ,1854,2518,4372,1854,2518,4372
00227700,LAKE MICHIGAN COLLEGE                   ,MI,49022-1899,Public       ,1197,1408,2605,1197,1408,2605
00227800,LANSING COMMUNITY COLLEGE               ,MI,48933-1293,Public       ,5867,4826,10693,5867,4826,10693
00227900,LAWRENCE TECHNOLOGICAL UNIVERSITY       ,MI,48075-1058,Private      ,1694,754,2448,1694,754,2448
00228200,MADONNA UNIVERSITY                      ,MI,48150-1173,Private      ,1406,1927,3333,1406,1927,3333
00228400,MARYGROVE COLLEGE                       ,MI,48221-2599,Private      ,775,1665,2440,775,1665,2440
00228800,ROCHESTER COLLEGE                       ,MI,48307-2764,Private      ,635,503,1138,635,503,1138
00229000,MICHIGAN STATE UNIVERSITY               ,MI,48824-1113,Public       ,33426,9340,42766,33426,9340,42766
00229200,MICHIGAN TECHNOLOGICAL UNIV             ,MI,49931-1295,Public       ,5453,702,6155,5453,702,6155
00229300,LAKE SUPERIOR STATE UNIVERSITY          ,MI,49783-1691,Public       ,2337,582,2919,2337,582,2919
00229400,MONROE COUNTY COMMUNITY CLG             ,MI,48161-9746,Public       ,1034,1006,2040,1034,1006,2040
00229500,MONTCALM COMMUNITY COLLEGE              ,MI,48885-9723,Public       ,655,663,1318,655,663,1318
00229700,MUSKEGON COMMUNITY COLLEGE              ,MI,49442-1432,Public       ,2238,1709,3947,2238,1709,3947
00229900,NORTH CENTRAL MICHIGAN COLLEGE          ,MI,49770-8740,Public       ,839,680,1519,839,680,1519
00230100,NORTHERN MICHIGAN UNIVERSITY            ,MI,49855-5316,Public       ,6958,1687,8645,6958,1687,8645
00230200,NORTHWESTERN MICHIGAN COLLEGE           ,MI,49686-3061,Public       ,2087,1639,3726,2087,1639,3726
00230301,OAKLAND COMMUNITY COLLEGE - ORCHARD RIDG,MI,48334-4579,Public       ,2321,2642,4963,2321,2642,4963
00230302,OAKLAND COMMUNITY COLLEGE - ROYAL OAK CA,MI,48067-3898,Public       ,2522,3628,6150,2522,3628,6150
00230303,OAKLAND COMMUNITY COLLEGE - SOUTHFIELD C,MI,48075-4793,Public       ,2081,4157,6238,2081,4157,6238
00230304,OAKLAND COMMUNITY COLLEGE - AUBURN HILLS,MI,48323-2845,Public       ,3076,3109,6185,3076,3109,6185
00230305,OAKLAND COMMUNITY COLLEGE - HIGHLAND LAK,MI,48327-4187,Public       ,1561,1760,3321,1561,1760,3321
00230700,OAKLAND UNIVERSITY                      ,MI,48309-4401,Public       ,13038,5876,18914,13038,5876,18914
00230800,OLIVET COLLEGE                          ,MI,49076-9902,Private      ,1465,184,1649,1465,184,1649
00231000,ST. CLAIR COUNTY COMMUNITY COLLEGE      ,MI,48061-0000,Public       ,1433,1229,2662,1433,1229,2662
00231100,KUYPER COLLEGE                          ,MI,49525-9749,Private      ,335,124,459,335,124,459
00231300,SACRED HEART MAJOR SEMINARY             ,MI,48206-1799,Private      ,23,80,103,23,80,103
00231400,SAGINAW VALLEY STATE UNIV               ,MI,48710-0001,Public       ,9072,2552,11624,9072,2552,11624
00231500,SCHOOLCRAFT COLLEGE                     ,MI,48152-2696,Public       ,3869,4328,8197,3869,4328,8197
00231600,SIENA HEIGHTS UNIVERSITY                ,MI,49221-1796,Private      ,1442,1114,2556,1442,1114,2556
00231700,SOUTHWESTERN MICHIGAN COLLEGE           ,MI,49047-9793,Public       ,1409,1021,2430,1409,1021,2430
00231800,SPRING ARBOR UNIVERSITY                 ,MI,49283-9984,Private      ,2149,1648,3797,2149,1648,3797
00232200,FINLANDIA UNIVERSITY                    ,MI,49930-1882,Private      ,550,188,738,550,188,738
00232300,UNIVERSITY OF DETROIT MERCY             ,MI,48221-3038,Private      ,3031,2403,5434,3031,2403,5434
00232303,UNIV OF DETROIT MERCY - LAW SCHOOL      ,MI,48226-0000,Private      ,58,560,618,58,560,618
00232330,UNIV OF DETROIT MERCY - DENTAL SCHOOL   ,MI,48208-2576,Private      ,153,375,528,153,375,528
00232500,UNIVERSITY OF MICHIGAN - ANN ARBOR      ,MI,48109-1316,Public       ,31562,9770,41332,31562,9770,41332
00232501,UNIVERSITY OF MICHIGAN-MEDICAL SCH      ,MI,48109-0000,Public       ,242,972,1214,242,972,1214
00232503,UNIVERSITY OF MICHIGAN LAW SCHOOL       ,MI,48109-0000,Public       ,115,2262,2377,115,2262,2377
00232600,UNIVERSITY OF MICHIGAN-DEARBORN         ,MI,48128-2406,Public       ,5313,3341,8654,5313,3341,8654
00232700,UNIVERSITY OF MICHIGAN-FLINT            ,MI,48502-1950,Public       ,4103,3955,8058,4103,3955,8058
00232800,WASHTENAW COMMUNITY COLLEGE             ,MI,48106-0000,Public       ,2761,3130,5891,2761,3130,5891
00232900,WAYNE STATE UNIVERSITY                  ,MI,48202-0000,Public       ,15199,12815,28014,15199,12815,28014
00232901,WAYNE STATE UNIV SCH OF MEDICINE        ,MI,48201-3359,Public       ,678,1413,2091,678,1413,2091
00232902,WAYNE STATE UNIVERSITY - LAW SCHOOL     ,MI,48202-3424,Public       ,174,804,978,174,804,978
00233000,WESTERN MICHIGAN UNIVERSITY             ,MI,49008-3899,Public       ,18385,6293,24678,18385,6293,24678
00233100,WESTERN THEOLOGICAL SEMINARY            ,MI,49423-0000,Private      ,6,70,76,6,70,76
00407100,WALSH COLLEGE OF ACCT & BUS ADMN        ,MI,48007-7006,Private      ,242,1082,1324,242,1082,1324
00407200,NORTHWOOD UNIVERSITY                    ,MI,48640-2398,Private      ,1619,930,2549,1619,930,2549
00467300,BAKER COLLEGE - FLINT                   ,MI,48507-5508,Private      ,1652,2897,4549,1652,2897,4549
00467301,BAKER COLLEGE OF CADILLAC               ,MI,49601-0000,Private      ,325,753,1078,325,753,1078
00467302,BAKER COLLEGE OF CLINTON TOWNSHIP       ,MI,48035-0000,Private      ,1007,2178,3185,1007,2178,3185
00467303,BAKER COLLEGE OF MUSKEGON               ,MI,49442-0000,Private      ,1774,1739,3513,1774,1739,3513
00467304,BAKER COLLEGE OF OWOSSO                 ,MI,48867-0000,Private      ,1016,941,1957,1016,941,1957
00467305,BAKER COLLEGE OF AUBURN HILLS           ,MI,48326-0000,Private      ,580,1662,2242,580,1662,2242
00467306,BAKER COLLEGE OF PORT HURON             ,MI,48060-0000,Private      ,353,601,954,353,601,954
00467309,BAKER COLLEGE OF JACKSON                ,MI,49202-0000,Private      ,530,1093,1623,530,1093,1623
00467311,BAKER COLLEGE-CASS CITY                 ,MI,48726-0000,Private      ,122,137,259,122,137,259
00467313,BAKER COLLEGE - GRADUATE ON-LINE        ,MI,48507-0000,Private      ,241,2893,3134,241,2893,3134
00467317,BAKER COLLEGE-ALLEN PARK                ,MI,48101-0000,Private      ,682,1938,2620,682,1938,2620
00469200,DORSEY SCHOOL OF BUSINESS               ,MI,48195-2334,Proprietary  ,26,122,148,26,122,148
00469201,DORSEY SCHOOL OF BUSINESS               ,MI,48184-0000,Proprietary  ,24,63,87,24,63,87
00469202,DORSEY SCHOOL OF BUSINESS               ,MI,48071-0000,Proprietary  ,20,83,103,20,83,103
00469204,DORSEY SCHOOL OF BUSINESS               ,MI,48066-0000,Proprietary  ,32,112,144,32,112,144
00469205,DORSEY BUSINESS SCHOOL - FARMINGTON HILL,MI,48334-3385,Proprietary  ,23,68,91,23,68,91
00469206,DORSEY BUSINESS SCHOOL - ROSEVILLE CULIN,MI,48066-4555,Proprietary  ,33,99,132,33,99,132
00469207,DORSEY BUSINESS SCHOOL - WATERFORD/PONTI,MI,48341-1037,Proprietary  ,25,108,133,25,108,133
00469208,DORSEY BUSINESS SCHOOL - SAGINAW CAMPUS ,MI,48603-5201,Proprietary  ,31,82,113,31,82,113
00491003,KAPLAN CAREER INSTITUTE - DEARBORN      ,MI,48228-0000,Proprietary  ,75,290,365,75,290,365
00676800,MID MICHIGAN COMMUNITY COLLEGE          ,MI,48625-9447,Public       ,1413,1175,2588,1413,1175,2588
00677100,COLLEGE FOR CREATIVE STUDIES            ,MI,48202-4034,Private      ,1443,498,1941,1443,498,1941
00694900,KALAMAZOO VALLEY COMMUNITY COLLEGE      ,MI,49003-4070,Public       ,3765,3287,7052,3765,3287,7052
00717100,KIRTLAND COMMUNITY COLLEGE              ,MI,48653-0000,Public       ,658,816,1474,658,816,1474
00732991,ITT TECHNICAL INSTITUTE                 ,MI,49519-1851,Proprietary  ,261,344,605,261,344,605
00761700,CARNEGIE INSTITUTE                      ,MI,48083-1159,Proprietary  ,33,157,190,33,157,190
00795000,WEST SHORE COMMUNITY COLLEGE            ,MI,49454-0000,Public       ,388,430,818,388,430,818
00817800,EMPIRE BEAUTY SCHOOL                    ,MI,49525-2440,Proprietary  ,102,132,234,102,132,234
00832903,ITT TECHNICAL INSTITUTE                 ,MI,48083-2008,Proprietary  ,1,0,1,1,0,1
00890600,MACOMB COMMUNITY COLLEGE                ,MI,48088-3896,Public       ,7023,6466,13489,7023,6466,13489
00894600,PORT HURON COSMETOLOGY COLLEGE          ,MI,48329-1618,Proprietary  ,8,18,26,8,18,26
00923000,WAYNE COUNTY COMMUNITY CLG-DISTRICT     ,MI,48226-3010,Public       ,4901,12038,16939,4901,12038,16939
00982800,EVEREST INSTITUTE                       ,MI,48033-4400,Proprietary  ,103,481,584,103,481,584
00982801,EVEREST INSTITUTE- DEARBORN             ,MI,48124-1927,Proprietary  ,128,347,475,128,347,475
00982803,EVEREST INSTITUTE - DETROIT             ,MI,48207-4291,Proprietary  ,165,428,593,165,428,593
01047000,KALAMAZOO BEAUTY ACADEMY                ,MI,49002-5220,Proprietary  ,21,28,49,21,28,49
01082700,DAVID PRESSLEY PROF SCH OF COSMTLGY     ,MI,48067-3219,Proprietary  ,50,82,132,50,82,132
01109800,FLINT INSTITUTE OF BARBERING            ,MI,48504-4395,Proprietary  ,16,63,79,16,63,79
01229100,WRIGHT BEAUTY ACADEMY                   ,MI,49015-2696,Proprietary  ,13,34,47,13,34,47
01258405,ILLINOIS INSTITUTE OF ART (THE) - THE AR,MI,48377-2979,Proprietary  ,1,0,1,1,0,1
01262700,THOMAS M. COOLEY LAW SCHOOL             ,MI,48901-1586,Private      ,25,2108,2133,25,2108,2133
01321800,M J MURPHY BTY CLG MT PLEASANT          ,MI,48858-2502,Proprietary  ,33,35,68,33,35,68
02060300,MICHIGAN INSTITUTE OF AERONAUTICS       ,MI,48188-2533,Proprietary  ,182,152,334,182,152,334
02068700,FISER'S COLLEGE OF COSMETOLOGY          ,MI,49221-0000,Proprietary  ,0,5,5,0,5,5
02099700,ROSS MEDICAL EDUCATION CENTER           ,MI,48532-0000,Proprietary  ,106,361,467,106,361,467
02099701,ROSS MEDICAL EDUCATION CENTER-SAGINAW   ,MI,48603-5227,Proprietary  ,41,101,142,41,101,142
02099702,ROSS MEDICAL EDUCATION CENTER-PORT HURON,MI,48060-1958,Proprietary  ,20,37,57,20,37,57
02099703,ROSS MEDICAL EDUCATION CENTER-ROOSEVELT ,MI,49441-4156,Proprietary  ,9,28,37,9,28,37
02100400,EVEREST INSTITUTE                       ,MI,49525-2301,Proprietary  ,132,367,499,132,367,499
02100401,EVEREST INSTITUTE - KALAMAZOO           ,MI,49009-3307,Proprietary  ,102,281,383,102,281,383
02125600,MICHIGAN COLLEGE OF BEAUTY              ,MI,48083-0000,Proprietary  ,52,111,163,52,111,163
02152103,ACADEMY OF COURT REPORTING & TECHNOLOGY ,MI,48017-1495,Proprietary  ,6,13,19,6,13,19
02158600,MR BELA'S SCHOOL OF COSMETOLOGY         ,MI,48092-4637,Proprietary  ,25,47,72,25,47,72
02160303,INTERNATIONAL ACADEMY OF DESIGN AND TECH,MI,48083-2160,Proprietary  ,274,334,608,274,334,608
02180100,ROSS MEDICAL EDUCATION CENTER           ,MI,48092-0000,Proprietary  ,39,175,214,39,175,214
02180105,ROSS MEDICAL EDUCATION CENTER-REDFORD   ,MI,48239-1260,Proprietary  ,23,59,82,23,59,82
02198900,MICHIGAN SCHOOL OF PROFESSIONAL PSYCHOLO,MI,48334-4512,Private      ,35,154,189,35,154,189
02209200,TAYLORTOWN SCHOOL OF BEAUTY             ,MI,48180-0000,Proprietary  ,23,42,65,23,42,65
02237800,SPECS HOWARD SCHOOL OF MEDIA ARTS       ,MI,48075-0000,Proprietary  ,332,316,648,332,316,648
02285700,BAYSHIRE BEAUTY ACADEMY                 ,MI,48708-5614,Proprietary  ,20,58,78,20,58,78
02289801,KAPLAN INSTITUTE - DETROIT CAMPUS       ,MI,48202-0000,Proprietary  ,85,325,410,85,325,410
02324500,MICHIGAN COLLEGE OF BEAUTY              ,MI,48161-3901,Proprietary  ,27,51,78,27,51,78
02339700,ROSS MEDICAL EDUCATION CENTER           ,MI,48116-0000,Proprietary  ,24,189,213,24,189,213
02339701,ROSS MEDICAL EDUCATION CENTER-ANN ARBOR ,MI,48108-1411,Proprietary  ,24,68,92,24,68,92
02339703,ROSS MEDICAL EDUCATION CENTER - DAVISON ,MI,48423-1751,Proprietary  ,11,32,43,11,32,43
02361500,MICHIGAN BARBER COLLEGE                 ,MI,48204-2244,Private      ,98,212,310,98,212,310
02363800,YESHIVA GEDOLAH OF GREATER DETROIT      ,MI,48237-0000,Private      ,2,0,2,2,0,2
02491000,WEST MI COLG OF BARBERING & BEAUTY      ,MI,49008-0000,Proprietary  ,20,51,71,20,51,71
02533600,ROSS MEDICAL EDUCATION CENTER           ,MI,48917-2108,Proprietary  ,56,210,266,56,210,266
02533601,ROSS MEDICAL EDUCATION CENTER - GRAND RA,MI,49546-2430,Proprietary  ,55,138,193,55,138,193
02588200,DOUGLAS J AVEDA INSTITUTE               ,MI,48823-4351,Proprietary  ,315,365,680,315,365,680
02588201,DOUGLAS J AVEDA INSTITUTE - ANN ARBOR   ,MI,48104-2211,Proprietary  ,100,90,190,100,90,190
02595700,HILLSDALE BEAUTY COLLEGE                ,MI,49242-0000,Proprietary  ,33,10,43,33,10,43
02618400,MICHIGAN CAREER & TECHNICAL INST        ,MI,49080-9254,Public       ,133,44,177,133,44,177
03005700,DETROIT BUSINESS INST. DOWNRIVER        ,MI,48193-6761,Proprietary  ,12,67,79,12,67,79
03028500,LAWTON SCHOOL                           ,MI,48075-0000,Proprietary  ,5,35,40,5,35,40
03066600,BAY MILLS COMMUNITY COLLEGE             ,MI,49715-9750,Public       ,96,194,290,96,194,290
03075200,TWIN CITY BEAUTY COLLEGE                ,MI,49085-3305,Proprietary  ,33,43,76,33,43,76
03075201,TWIN CITY BEAUTY COLLEGE - TRAVERSE CITY,MI,49686-5119,Proprietary  ,20,25,45,20,25,45
03090000,SHARP'S ACADEMY OF HAIRSTYLING INC.     ,MI,48433-0000,Proprietary  ,8,14,22,8,14,22
03109700,HOUGHTON LAKE INST OF COSMETOLOGY       ,MI,48629-0669,Proprietary  ,4,11,15,4,11,15
03110300,THE SCHOOL OF CREATIVE HAIR DESIGN      ,MI,49036-1139,Proprietary  ,12,13,25,12,13,25
03124000,NORTHWESTERN TECHNOLOGICAL INST         ,MI,48075-2412,Proprietary  ,42,93,135,42,93,135
03284300,MICHIGAN JEWISH INSTITUTE               ,MI,48237-0000,Private      ,141,20,161,141,20,161
03490300,PAUL MITCHELL THE SCHOOL ESCANABA       ,MI,49829-0000,Proprietary  ,112,112,224,112,112,224
03588300,IRENE'S MYOMASSOLOGY INSTITUTE          ,MI,48033-2404,Proprietary  ,41,140,181,41,140,181
03704300,BLUE WATER COLLEGE OF COSMETOLOGY       ,MI,48040-0000,Proprietary  ,16,12,28,16,12,28
03772300,SAGINAW CHIPPEWA TRIBAL COLLEGE         ,MI,48858-0000,Public       ,21,33,54,21,33,54
03815300,IN SESSION-ARTS OF COSMETOLOGY BEAU     ,MI,48609-0000,Proprietary  ,22,44,66,22,44,66
03907300,PAUL MITCHELL THE SCHOOL GREAT LAKES    ,MI,48060-0000,Proprietary  ,62,65,127,62,65,127
03915300,CAREER QUEST LEARNING CENTER            ,MI,48910-4732,Proprietary  ,54,304,358,54,304,358
03968300,LAKEWOOD SCHOOL OF THERAPEUTIC MASSAGE  ,MI,48060-0000,Proprietary  ,8,15,23,8,15,23
03976500,ANN ARBOR INSTITUTE OF MASSAGE THERAPY  ,MI,48103-0000,Proprietary  ,20,49,69,20,49,69
04002400,ECUMENICAL THEOLOGICAL SEMINARY         ,MI,48201-3035,Private      ,2,66,68,2,66,68
04006300,NUVO COLLEGE OF COSMETOLOGY             ,MI,49441-3822,Proprietary  ,16,30,46,16,30,46
04014300,P&A SCHOLARS BEAUTY SCHOOL              ,MI,48204-0000,Proprietary  ,85,208,293,85,208,293
04094300,ROBERT B. MILLER COLLEGE (THE)          ,MI,49017-3306,Private      ,74,256,330,74,256,330
04121100,GALLERY COLLEGE OF BEAUTY (THE)         ,MI,48036-3591,Proprietary  ,29,74,103,29,74,103
04136300,FOCUS:  HOPE INFORMATION TECHNOLOGIES CE,MI,48238-2949,Private      ,78,198,276,78,198,276
04138400,SCHOOL OF DESIGNING ARTS                ,MI,49015-2853,Proprietary  ,28,36,64,28,36,64
04140900,INTERNATIONAL COSMETOLOGY ACADEMY       ,MI,49508-1308,Proprietary  ,43,44,87,43,44,87
04141100,FRENCH ACADEMY OF COSMETOLOGY           ,MI,49456-3207,Proprietary  ,19,23,42,19,23,42
04158400,L'ESPRIT ACADEMY                        ,MI,48150-0000,Proprietary  ,32,73,105,32,73,105
04159300,MARKETTI ACADEMY OF COSMETOLOGY         ,MI,48329-3506,Proprietary  ,27,41,68,27,41,68
04163300,COMPASS FILM ACADEMY                    ,MI,49504-5296,Private      ,90,52,142,90,52,142
04164700,KEWEENAW BAY OJIBWA COMMUNITY COLLEGE   ,MI,49908-0000,Public       ,4,22,26,4,22,26
04169300,SCHOLARS COSMETOLOGY UNIVERSITY         ,MI,48108-0000,Proprietary  ,14,25,39,14,25,39
04183300,ABCOTT INSTITUTE                        ,MI,48075-5227,Proprietary  ,9,40,49,9,40,49
04184700,PROTEGE ACADEMY                         ,MI,48823-8660,Proprietary  ,37,50,87,37,50,87
00233200,ANOKA-RAMSEY CC-CAMBRIDGE/COONRAPID     ,MN,55433-3499,Public       ,975,1150,2125,975,1150,2125
00233400,AUGSBURG COLLEGE                        ,MN,55454-1351,Private      ,1851,768,2619,1851,768,2619
00233500,RIVERLAND COMMUNITY COLLEGE             ,MN,55912-1473,Public       ,323,499,822,323,499,822
00233600,BEMIDJI STATE UNIVERSITY                ,MN,56601-2699,Public       ,2174,756,2930,2174,756,2930
00233700,BETHANY LUTHERAN COLLEGE INC            ,MN,56001-6163,Private      ,369,33,402,369,33,402
00233900,CENTRAL LAKES COLG-BRAINERD/STAPLES     ,MN,56401-3900,Public       ,412,521,933,412,521,933
00234000,CARLETON COLLEGE                        ,MN,55057-4001,Private      ,3202,53,3255,3202,53,3255
00234100,COLLEGE OF ST BENEDICT                  ,MN,56374-2099,Private      ,1562,33,1595,1562,33,1595
00234200,ST. CATHERINE UNIVERSITY                ,MN,55105-1789,Private      ,1799,1377,3176,1799,1377,3176
00234300,COLLEGE OF ST SCHOLASTICA               ,MN,55811-4199,Private      ,1499,713,2212,1499,713,2212
00234500,UNIVERSITY OF ST THOMAS                 ,MN,55105-1096,Private      ,5412,1448,6860,5412,1448,6860
00234600,CONCORDIA COLLEGE-MOORHEAD              ,MN,56562-0001,Private      ,1824,103,1927,1824,103,1927
00234700,"CONCORDIA UNIVERSITY, ST PAUL, MN       ",MN,55104-5494,Private      ,800,676,1476,800,676,1476
00235000,VERMILION COMMUNITY COLLEGE             ,MN,55731-1996,Public       ,268,62,330,268,62,330
00235300,GUSTAVUS ADOLPHUS COLLEGE               ,MN,56082-1498,Private      ,2752,47,2799,2752,47,2799
00235400,HAMLINE UNIVERSITY                      ,MN,55104-1284,Private      ,2162,1145,3307,2162,1145,3307
00235500,HIBBING COMMUNITY COLLEGE               ,MN,55746-3300,Public       ,205,247,452,205,247,452
00235600,ITASCA COMMUNITY COLLEGE                ,MN,55744-3397,Public       ,324,149,473,324,149,473
00235700,LUTHER SEMINARY                         ,MN,55108-0000,Private      ,3,246,249,3,246,249
00235800,MACALESTER COLLEGE                      ,MN,55105-1899,Private      ,2988,108,3096,2988,108,3096
00236000,"MINNESOTA STATE UNIVERSITY, MANKATO     ",MN,56002-0000,Public       ,7514,2094,9608,7514,2094,9608
00236100,MARTIN LUTHER COLLEGE                   ,MN,56073-3965,Private      ,367,18,385,367,18,385
00236200,MINNEAPOLIS COMM AND TECH COLLEGE       ,MN,55403-1779,Public       ,1132,2737,3869,1132,2737,3869
00236500,MINNEAPOLIS COLLEGE OF ART & DESIGN     ,MN,55404-4343,Private      ,699,259,958,699,259,958
00236600,CROSSROADS COLLEGE                      ,MN,55902-2382,Private      ,41,33,74,41,33,74
00236700,MINNESOTA STATE UNIVERSITY MOORHEAD     ,MN,56563-0001,Public       ,3153,892,4045,3153,892,4045
00236900,NORTH CENTRAL UNIVERSITY                ,MN,55404-1391,Private      ,751,188,939,751,188,939
00237000,NORTH HENNEPIN COMMUNITY COLLEGE        ,MN,55445-2299,Public       ,881,1408,2289,881,1408,2289
00237100,NORTHWESTERN COLLEGE                    ,MN,55113-1598,Private      ,1427,297,1724,1427,297,1724
00237300,ROCHESTER COMMUNITY/TECH COLLEGE        ,MN,55904-4999,Public       ,896,938,1834,896,938,1834
00237500,SOUTHWEST MINNESOTA STATE UNIVERSITY    ,MN,56258-1598,Public       ,1449,382,1831,1449,382,1831
00237700,ST CLOUD STATE UNIVERSITY               ,MN,56301-4498,Public       ,5139,1776,6915,5139,1776,6915
00237900,SAINT JOHNS UNIVERSITY                  ,MN,56321-0000,Private      ,1346,56,1402,1346,56,1402
00238000,SAINT MARY'S UNIVERSITY                 ,MN,55987-1399,Private      ,1454,888,2342,1454,888,2342
00238200,ST OLAF COLLEGE                         ,MN,55057-1098,Private      ,3035,58,3093,3035,58,3093
00238300,CROWN COLLEGE                           ,MN,55375-9001,Private      ,540,215,755,540,215,755
00238500,NORTHLAND COMMUNITY & TECHNICAL CLG     ,MN,56701-2598,Public       ,462,502,964,462,502,964
00238600,UNITED THEOLGCL SEMINRY TWIN CITIES     ,MN,55112-0000,Private      ,1,50,51,1,50,51
00238800,"UNIVERSITY OF MINNESOTA, DULUTH         ",MN,55812-2496,Public       ,5992,965,6957,5992,965,6957
00238900,"UNIVERSITY OF MINNESOTA, MORRIS         ",MN,56267-2113,Public       ,1749,144,1893,1749,144,1893
00239100,WILLIAM MITCHELL COLLEGE OF LAW         ,MN,55105-0000,Private      ,5,598,603,5,598,603
00239300,MINNESOTA STATE COLLEGE-SE TECH         ,MN,55987-0409,Public       ,260,330,590,260,330,590
00239400,WINONA STATE UNIVERSITY                 ,MN,55987-5838,Public       ,4336,538,4874,4336,538,4874
00396900,UNIVERSITY OF MINNESOTA-TWIN CITIES     ,MN,55455-0422,Public       ,22539,8447,30986,22539,8447,30986
00400900,MESABI RANGE CMNTY & TECH COLLEGE       ,MN,55792-0000,Public       ,188,154,342,188,154,342
00405708,NATIONAL AMERICAN UNIVERSITY            ,MN,55113-0000,Proprietary  ,11,131,142,11,131,142
00405715,NATIONAL AMERICAN UNIVERSITY - BLOOMINGT,MN,55425-5550,Proprietary  ,15,178,193,15,178,193
00406900,UNIVERSITY OF MINNESOTA-CROOKSTON       ,MN,56716-5001,Public       ,673,282,955,673,282,955
00438600,VETERAN'S MEDICAL CTR- SCH RAD TECH     ,MN,55417-2399,Public       ,2,12,14,2,12,14
00464100,DUNWOODY COLLEGE OF TECHNOLOGY          ,MN,55403-1192,Private      ,216,356,572,216,356,572
00464200,GLOBE UNIVERSITY                        ,MN,55125-5408,Proprietary  ,294,1151,1445,294,1151,1445
00464500,MINNEAPOLIS BUSINESS COLLEGE            ,MN,55113-4036,Proprietary  ,204,102,306,204,102,306
00464600,MINNESOTA SCHOOL OF BUSINESS            ,MN,55423-0000,Proprietary  ,290,1137,1427,290,1137,1427
00525200,RIDGEWATER COLLEGE                      ,MN,56201-2098,Public       ,721,517,1238,721,517,1238
00526300,MINNESOTA WEST CMNTY & TECH COLG        ,MN,56241-1096,Public       ,279,437,716,279,437,716
00553300,"SAINT PAUL COLLEGE, COMMUNITY/TECHNICAL ",MN,55102-1800,Public       ,1145,2078,3223,1145,2078,3223
00553400,SAINT CLOUD TECHNICAL COLLEGE AND COMMUN,MN,56303-1240,Public       ,816,771,1587,816,771,1587
00553500,PINE TECHNICAL COLLEGE                  ,MN,55063-2198,Public       ,70,185,255,70,185,255
00553700,SOUTH CENTRAL COLLEGE                   ,MN,56003-0000,Public       ,548,589,1137,548,589,1137
00554100,MINNESOTA STATE COMMUNITY AND TECHNICAL ,MN,56573-1405,Public       ,639,879,1518,639,879,1518
00554400,ALEXANDRIA TECHNICAL COLLEGE            ,MN,56308-3799,Public       ,551,252,803,551,252,803
00575700,LAKE SUPERIOR COLLEGE                   ,MN,55811-3399,Public       ,614,771,1385,614,771,1385
00575900,NORTHWEST TECHNICAL COLLEGE - BEMIDJI   ,MN,56601-4907,Public       ,135,315,450,135,315,450
00677500,RAINY RIVER COMMUNITY COLLEGE           ,MN,56649-2187,Public       ,61,32,93,61,32,93
00735000,ANOKA-HENNEPIN TECHNICAL COLLEGE        ,MN,55303-1590,Public       ,234,702,936,234,702,936
00735100,BROWN COLLEGE                           ,MN,55120-1004,Proprietary  ,121,325,446,121,325,446
00746200,COLLEGE OF VISUAL ARTS                  ,MN,55102-2199,Private      ,122,34,156,122,34,156
00795400,NORMANDALE COMMUNITY COLLEGE            ,MN,55431-4399,Public       ,1547,1545,3092,1547,1545,3092
00826700,NORTHWEST TECHNICAL INSTITUTE           ,MN,55121-5001,Proprietary  ,19,13,32,19,13,32
00869400,RASMUSSEN COLLEGE - ST. CLOUD           ,MN,56301-3713,Proprietary  ,87,576,663,87,576,663
00869401,RASMUSSEN COLLEGE - BROOKLYN PARK       ,MN,55445-1512,Proprietary  ,72,414,486,72,414,486
00869406,RASMUSSEN COLLEGE - EAGAN               ,MN,55122-1346,Proprietary  ,42,320,362,42,320,362
00869407,RASMUSSEN COLLEGE - BLOOMINGTON         ,MN,55435-5444,Proprietary  ,100,1114,1214,100,1114,1214
00869409,RASMUSSEN COLLEGE - MANKATO             ,MN,56001-8658,Proprietary  ,114,429,543,114,429,543
00869412,RASMUSSEN COLLEGE - LAKE ELMO           ,MN,55042-8624,Proprietary  ,37,337,374,37,337,374
00869416,RASMUSSEN COLLEGE - MOORHEAD            ,MN,56560-4513,Proprietary  ,52,273,325,52,273,325
00869417,RASMUSSEN COLLEGE - BLAINE              ,MN,55014-0000,Proprietary  ,54,301,355,54,301,355
00905800,BETHEL UNIVERSITY                       ,MN,55112-6999,Private      ,2116,653,2769,2116,653,2769
00960000,COSMETOLOGY CAREERS UNLTD-DULUTH        ,MN,55802-2031,Proprietary  ,8,19,27,8,19,27
00972200,EMPIRE BEAUTY SCHOOL                    ,MN,55119-7003,Proprietary  ,28,58,86,28,58,86
00974000,INVER HILLS COMMUNITY COLLEGE           ,MN,55076-3224,Public       ,796,1078,1874,796,1078,1874
00983100,MODEL COLLEGE OF HAIR DESIGN            ,MN,56301-4280,Proprietary  ,33,35,68,33,35,68
00987000,EMPIRE BEAUTY SCHOOL                    ,MN,55420-2919,Proprietary  ,19,50,69,19,50,69
00989200,"DULUTH BUSINESS UNIV, INC.              ",MN,55807-0000,Proprietary  ,38,134,172,38,134,172
00999200,OAK HILLS CHRISTIAN COLLEGE             ,MN,56601-0000,Private      ,46,20,66,46,20,66
01024800,ART INSTITUTES INTL MINNESOTA           ,MN,55402-3137,Proprietary  ,659,493,1152,659,493,1152
01035602,EVEREST INSTITUTE - EAGAN               ,MN,55121-1696,Proprietary  ,28,135,163,28,135,163
01037400,METROPOLITAN STATE UNIVERSITY           ,MN,55106-5000,Public       ,848,2748,3596,848,2748,3596
01040200,DAKOTA COUNTY TECHNICAL COLLEGE         ,MN,55068-2999,Public       ,377,605,982,377,605,982
01049000,REGENCY BEAUTY INSTITUTE                ,MN,55428-0000,Proprietary  ,843,1708,2551,843,1708,2551
01049100,HENNEPIN TECHNICAL COLLEGE              ,MN,55445-2399,Public       ,519,1443,1962,519,1443,1962
01054600,CENTURY COLLEGE                         ,MN,55110-1894,Public       ,1623,2056,3679,1623,2056,3679
01173200,"MAYO CLINIC, COLLEGE OF MEDICINE        ",MN,55905-0000,Private      ,17,195,212,17,195,212
01173201,MAYO SCHOOL OF HEALTH-RELATED SCIEN     ,MN,55905-0000,Private      ,50,97,147,50,97,147
01173206,MAYO GRAD SCHOOL                        ,MN,55901-0000,Private      ,2,19,21,2,19,21
01173207,MAYO MEDICAL SCHOOL                     ,MN,55901-0000,Private      ,10,162,172,10,162,172
01232800,NORTHWESTERN HEALTH SCIENCES UNIV       ,MN,55431-1599,Private      ,26,316,342,26,316,342
02050300,ACADEMY COLLEGE                         ,MN,55420-1554,Proprietary  ,19,45,64,19,45,64
02097300,HASTINGS BEAUTY SCHOOL                  ,MN,55033-1205,Proprietary  ,5,15,20,5,15,20
02123200,AVEDA INSTITUTE                         ,MN,55414-0000,Proprietary  ,125,118,243,125,118,243
02159800,COSMETOLOGY CAREERS UNLTD - HIBBING     ,MN,55746-0000,Proprietary  ,3,8,11,3,8,11
02160901,"SALON PROFESSIONAL ACADEMY, THE - THE SA",MN,55428-4928,Proprietary  ,6,12,18,6,12,18
02238100,MINNESOTA SCHOOL OF COSMETOLOGY         ,MN,55125-0000,Proprietary  ,33,57,90,33,57,90
02260500,SUMMIT ACAD OPPORTUNITIES IND CTR       ,MN,55405-0000,Private      ,8,58,66,8,58,66
02263102,ANTHEM COLLEGE - ST. LOUIS PARK         ,MN,55416-2467,Proprietary  ,9,32,41,9,32,41
02504200,WALDEN UNIVERSITY                       ,MN,55401-2511,Proprietary  ,113,17501,17614,113,17501,17614
02514100,AMERICAN INDIAN OPPORTUNITIES CTR       ,MN,55404-0000,Private      ,4,51,55,4,51,55
03001200,MCNALLY SMITH COLLEGE OF MUSIC          ,MN,55101-2220,Proprietary  ,481,134,615,481,134,615
03051900,ALFRED ADLER GRADUATE SCHOOL            ,MN,55305-0000,Private      ,1,88,89,1,88,89
03096400,LEECH LAKE TRIBAL COLLEGE               ,MN,56633-0000,Public       ,16,64,80,16,64,80
03129100,FOND DU LAC TRIBAL & COMMUNITY CLG      ,MN,55720-2984,Public       ,146,189,335,146,189,335
03267300,CAPELLA UNIVERSITY                      ,MN,55402-3389,Proprietary  ,61,16503,16564,61,16503,16564
03833300,AMERICAN ACADEMY OF ACUPUNCTURE AND ORIE,MN,55113-0000,Proprietary  ,3,23,26,3,23,26
03921400,WHITE EARTH TRIBAL AND COMMUNITY COLLEGE,MN,56557-0478,Private      ,3,31,34,3,31,34
04044300,HAZELDEN GRADUATE SCHOOL OF ADDICTION ST,MN,55012-0000,Private      ,2,52,54,2,52,54
04130200,INST. OF PRODUCTION AND RECORDING       ,MN,55401-1315,Proprietary  ,193,134,327,193,134,327
04148800,CENTERPOINT MASSAGE & SHIATSU THERAPY SC,MN,55414-4525,Proprietary  ,11,58,69,11,58,69
04157600,NOVA ACADEMY OF COSMETOLOGY             ,MN,55906-4103,Proprietary  ,12,12,24,12,12,24
04160500,AVALON SCHOOL OF COSMETOLOGY            ,MN,56187-1930,Proprietary  ,2,9,11,2,9,11
04174400,ROCHESTER SCHOOL OF HAIR DESIGN         ,MN,55901-4310,Proprietary  ,8,12,20,8,12,20
04175600,PARK AVENUE SCHOOL OF COSMETOLOGY       ,MN,56470-3361,Proprietary  ,4,15,19,4,15,19
00239600,ALCORN STATE UNIVERSITY                 ,MS,39096-7500,Public       ,2320,1360,3680,2320,1360,3680
00239700,BELHAVEN UNIVERSITY                     ,MS,39202-1789,Private      ,1055,1654,2709,1055,1654,2709
00239800,BLUE MOUNTAIN COLLEGE                   ,MS,38610-9370,Private      ,284,99,383,284,99,383
00240100,COAHOMA COMMUNITY COLLEGE               ,MS,38614-9799,Public       ,587,548,1135,587,548,1135
00240200,COPIAH-LINCOLN COMMUNITY COLLEGE        ,MS,39191-0649,Public       ,843,699,1542,843,699,1542
00240300,DELTA STATE UNIVERSITY                  ,MS,38733-0000,Public       ,1825,1102,2927,1825,1102,2927
00240400,EAST CENTRAL COMMUNITY COLLEGE          ,MS,39327-0129,Public       ,931,752,1683,931,752,1683
00240500,EAST MISSISSIPPI COMM COLLEGE           ,MS,39358-0000,Public       ,1161,962,2123,1161,962,2123
00240700,HINDS COMMUNITY COLLEGE                 ,MS,39154-9799,Public       ,3067,3271,6338,3067,3271,6338
00240800,HOLMES COMMUNITY COLLEGE                ,MS,39079-0000,Public       ,1708,1766,3474,1708,1766,3474
00240900,ITAWAMBA COMMUNITY COLLEGE              ,MS,38843-1099,Public       ,1629,1421,3050,1629,1421,3050
00241000,JACKSON STATE UNIVERSITY                ,MS,39217-0001,Public       ,5254,3632,8886,5254,3632,8886
00241100,JONES COUNTY JUNIOR COLLEGE             ,MS,39437-3999,Public       ,1743,910,2653,1743,910,2653
00241300,MERIDIAN COMMUNITY COLLEGE              ,MS,39307-5890,Public       ,902,860,1762,902,860,1762
00241400,MILLSAPS COLLEGE                        ,MS,39201-0000,Private      ,1168,317,1485,1168,317,1485
00241500,MISSISSIPPI COLLEGE                     ,MS,39058-0001,Private      ,1674,1309,2983,1674,1309,2983
00241501,MISSISSIPPI COLLEGE - SCHOOL OF LAW     ,MS,39201-1391,Private      ,61,473,534,61,473,534
00241600,MISSISSIPPI DELTA CMTY COLLEGE          ,MS,38761-0000,Public       ,902,770,1672,902,770,1672
00241700,MISSISSIPPI GULF CST CLG-PERKINSTON     ,MS,39573-0000,Public       ,952,374,1326,952,374,1326
00241701,MISSISSIPPI GULF CST CLG-JEFF DAVIS     ,MS,39507-0000,Public       ,876,1137,2013,876,1137,2013
00241702,MISSISSIPPI GULF CST CLG-JACKSON CN     ,MS,39553-0000,Public       ,681,747,1428,681,747,1428
00242200,MISSISSIPPI UNIV FOR WOMEN              ,MS,39701-5818,Public       ,1047,954,2001,1047,954,2001
00242300,MISSISSIPPI STATE UNIVERSITY            ,MS,39762-9698,Public       ,10817,3329,14146,10817,3329,14146
00242400,MISSISSIPPI VALLEY STATE UNIVERSITY     ,MS,38941-1400,Public       ,1675,1094,2769,1675,1094,2769
00242600,NORTHEAST MS CMNTY COLLEGE              ,MS,38829-1731,Public       ,1328,731,2059,1328,731,2059
00242700,NORTHWEST MISSISSIPPI COMMUNITY CLG     ,MS,38668-1703,Public       ,2464,1901,4365,2464,1901,4365
00243000,PEARL RIVER COMMUNITY COLLEGE           ,MS,39470-2201,Public       ,1202,1134,2336,1202,1134,2336
00243300,RUST COLLEGE                            ,MS,38635-2328,Private      ,720,277,997,720,277,997
00243500,SOUTHEASTERN BAPTIST COLLEGE            ,MS,39440-0000,Private      ,10,15,25,10,15,25
00243600,SOUTHWEST MISSISSIPPI CMNTY CLG         ,MS,39666-8099,Public       ,558,402,960,558,402,960
00243900,TOUGALOO COLLEGE                        ,MS,39174-9799,Private      ,925,330,1255,925,330,1255
00244000,UNIVERSITY OF MISSISSIPPI               ,MS,38677-1848,Public       ,10132,3290,13422,10132,3290,13422
00244001,UNIVERSITY OF MISSISSIPPI - MED CTR     ,MS,39216-0000,Public       ,478,1319,1797,478,1319,1797
00244100,UNIVERSITY OF SOUTHERN MISSISSIPPI      ,MS,39406-0001,Public       ,7782,4673,12455,7782,4673,12455
00244700,WILLIAM CAREY UNIVERSITY                ,MS,39401-5499,Private      ,846,1536,2382,846,1536,2382
00489809,MCCANN SCHOOL OF BUSINESS & TECHNOLOGY -,MS,39503-3167,Proprietary  ,17,47,64,17,47,64
01289101,ANTONELLI COLLEGE - JACKSON             ,MS,39232-9514,Proprietary  ,73,451,524,73,451,524
01289102,ANTONELLI COLLEGE - HATTIESBURG         ,MS,39401-3056,Proprietary  ,32,189,221,32,189,221
02074900,CHRIS' BEAUTY COLLEGE                   ,MS,39501-0000,Proprietary  ,16,37,53,16,37,53
02160500,NORTH MISSISSIPPI MED CTR MED TECH      ,MS,38801-0000,Private      ,25,69,94,25,69,94
02235900,ACADEMY OF HAIR DESIGN #4               ,MS,39208-0000,Proprietary  ,19,77,96,19,77,96
02244300,ACADEMY OF HAIR DESIGN #1               ,MS,38901-0000,Proprietary  ,47,116,163,47,116,163
02249900,DELTA BEAUTY COLLEGE                    ,MS,38701-0000,Proprietary  ,23,20,43,23,20,43
02251600,ACADEMY OF HAIR DESIGN #6               ,MS,39401-7581,Proprietary  ,29,84,113,29,84,113
02251700,FOSTER'S COSMETOLOGY COLLEGE            ,MS,38663-0000,Proprietary  ,3,7,10,3,7,10
02302800,MISSISSIPPI COLLEGE OF BEAUTY CULT      ,MS,39440-0000,Proprietary  ,9,34,43,9,34,43
02320800,MAGNOLIA COLLEGE OF COSMETOLOGY         ,MS,39206-0000,Proprietary  ,27,100,127,27,100,127
02502100,CREATIONS COLLEGE OF COSMETOLOGY        ,MS,38803-0000,Proprietary  ,16,57,73,16,57,73
02516200,WESLEY BIBLICAL SEMINARY                ,MS,39206-0000,Private      ,3,64,67,3,64,67
02586000,J & J HAIR DESIGN COLLEGE               ,MS,39051-3716,Proprietary  ,8,24,32,8,24,32
03004000,FINAL TOUCH BEAUTY SCHOOL               ,MS,39307-2934,Proprietary  ,12,30,42,12,30,42
03010603,VIRGINIA COLLEGE - JACKSON              ,MS,39206-5602,Proprietary  ,78,364,442,78,364,442
03010610,VIRGINIA COLLEGE - BILOXI               ,MS,39532-2124,Proprietary  ,40,200,240,40,200,240
03263300,TRAXLER'S SCHOOL OF HAIR                ,MS,39212-2529,Proprietary  ,5,29,34,5,29,34
03464300,ACADEMY OF HAIR DESIGN                  ,MS,39562-0000,Proprietary  ,3,9,12,3,9,12
03525300,BLUE CLIFF COLLEGE                      ,MS,39507-0000,Proprietary  ,52,258,310,52,258,310
03848300,DAY SPA CAREER COLLEGE                  ,MS,39564-0000,Proprietary  ,5,29,34,5,29,34
03963300,HEALING TOUCH SCHOOL OF MASSAGE THERAPY ,MS,39402-1300,Proprietary  ,21,75,96,21,75,96
04131300,CORINTH ACADEMY OF COSMETOLOGY          ,MS,38834-4813,Proprietary  ,16,29,45,16,29,45
04137400,MISSISSIPPI SCHOOL OF THERAPEUTIC MASSAG,MS,39216-5023,Proprietary  ,9,27,36,9,27,36
04140200,"MISSISSIPPI INSTITUTE OF AESTHETICS, NAI",MS,39056-5628,Proprietary  ,8,31,39,8,31,39
00252600,CARROLL COLLEGE                         ,MT,59625-0002,Private      ,1986,212,2198,1986,212,2198
00252700,UNIVERSITY OF GREAT FALLS               ,MT,59405-4996,Private      ,575,299,874,575,299,874
00252800,MILES COMMUNITY COLLEGE                 ,MT,59301-4799,Public       ,199,131,330,199,131,330
00252900,DAWSON COMMUNITY COLLEGE                ,MT,59330-1405,Public       ,163,62,225,163,62,225
00253000,MONTANA STATE UNIVERSITY - BILLINGS     ,MT,59101-0298,Public       ,2140,1874,4014,2140,1874,4014
00253100,MONTANA TECH OF THE UNIV OF MONTANA     ,MT,59701-8997,Public       ,1173,710,1883,1173,710,1883
00253200,MONTANA STATE UNIVERSITY - BOZEMAN      ,MT,59717-0001,Public       ,10138,3017,13155,10138,3017,13155
00253300,MONTANA STATE UNIVERSITY-NORTHERN       ,MT,59501-3148,Public       ,604,383,987,604,383,987
00253400,ROCKY MOUNTAIN COLLEGE                  ,MT,59102-1796,Private      ,1002,269,1271,1002,269,1271
00253600,UNIVERSITY OF MONTANA (THE)             ,MT,59812-0001,Public       ,6900,4825,11725,6900,4825,11725
00253700,UNIVERSITY OF MONTANA WESTERN (THE)     ,MT,59725-3598,Public       ,1131,401,1532,1131,401,1532
00677700,FLATHEAD VALLEY COMMUNITY COLLEGE       ,MT,59901-2699,Public       ,556,854,1410,556,854,1410
00757000,HELENA COLLEGE OF TECHNOLOGY            ,MT,59601-3098,Public       ,298,593,891,298,593,891
00790000,BUTTE ACADEMY OF BEAUTY CULTURE         ,MT,59701-9197,Proprietary  ,17,20,37,17,20,37
00894700,"DAHL'S COLLEGE OF BEAUTY,INC            ",MT,59401-3731,Proprietary  ,10,15,25,10,15,25
00931400,MSU COLLEGE OF TECH-GREAT FALLS         ,MT,59405-4907,Public       ,450,700,1150,450,700,1150
02143400,SALISH KOOTENAI COLLEGE                 ,MT,59855-0000,Public       ,201,456,657,201,456,657
02286600,LITTLE BIG HORN COLLEGE                 ,MT,59022-0000,Public       ,38,46,84,38,46,84
02343000,FT PECK COMMUNITY COLLEGE               ,MT,59255-0000,Public       ,31,70,101,31,70,101
02510600,BLACKFEET COMMUNITY COLLEGE             ,MT,59417-0000,Private      ,73,110,183,73,110,183
02517500,FORT BELKNAP COLLEGE                    ,MT,59526-0000,Public       ,23,46,69,23,46,69
02545200,CHIEF DULL KNIFE COLLEGE                ,MT,59043-0098,Public       ,54,76,130,54,76,130
02610900,STONE CHILD COLLEGE                     ,MT,59521-9796,Public       ,33,49,82,33,49,82
02621300,ACADEMY OF COSMETOLOGY                  ,MT,59715-3544,Proprietary  ,32,27,59,32,27,59
03205300,MODERN BEAUTY SCHOOL                    ,MT,59801-8386,Proprietary  ,39,40,79,39,40,79
03763400,"ACADEMY OF NAIL, SKIN & HAIR            ",MT,59101-0000,Proprietary  ,52,62,114,52,62,114
03778300,HEALTH WORKS INSTITUTE                  ,MT,59715-0000,Proprietary  ,24,45,69,24,45,69
04163700,BITTERROOT SCHOOL OF COSMETOLOGY        ,MT,59840-3118,Proprietary  ,7,15,22,7,15,22
04164100,SALON PROFESSIONAL ACADEMY (THE)        ,MT,59405-0000,Proprietary  ,30,38,68,30,38,68
04187700,CREVIER'S SCHOOL OF COSMETOLOGY         ,MT,59901-4402,Proprietary  ,28,50,78,28,50,78
00253900,CHADRON STATE COLLEGE                   ,NE,69337-2690,Public       ,1121,467,1588,1121,467,1588
00254000,COLLEGE OF ST MARY                      ,NE,68106-2606,Private      ,376,578,954,376,578,954
00254100,CONCORDIA UNIVERSITY                    ,NE,68434-1594,Private      ,897,206,1103,897,206,1103
00254200,CREIGHTON UNIVERSITY                    ,NE,68178-0001,Private      ,4521,3114,7635,4521,3114,7635
00254400,DOANE COLLEGE                           ,NE,68333-2421,Private      ,1249,465,1714,1249,465,1714
00254700,GRACE UNIVERSITY                        ,NE,68108-3629,Private      ,216,127,343,216,127,343
00254800,HASTINGS COLLEGE                        ,NE,68901-7621,Private      ,995,73,1068,995,73,1068
00255100,UNIVERSITY OF NEBRASKA AT KEARNEY       ,NE,68849-0001,Public       ,3164,871,4035,3164,871,4035
00255300,MIDLAND UNIVERSITY                      ,NE,68025-4254,Private      ,948,145,1093,948,145,1093
00255400,UNIVERSITY OF NEBRASKA-OMAHA            ,NE,68182-0001,Public       ,5956,3560,9516,5956,3560,9516
00255500,NEBRASKA WESLEYAN UNIVERSITY            ,NE,68504-2796,Private      ,1398,250,1648,1398,250,1648
00255700,MID-PLAINS COMM COLLEGE - NORTH PLATTE  ,NE,69101-9420,Public       ,244,250,494,244,250,494
00255701,MID-PLAINS COMMUNITY COLLEGE - MCCOOK   ,NE,69001-2631,Public       ,117,66,183,117,66,183
00255900,PERU STATE COLLEGE                      ,NE,68421-0010,Public       ,616,480,1096,616,480,1096
00256000,WESTERN NEBRASKA COMMUNITY COLLEGE      ,NE,69361-1815,Public       ,445,402,847,445,402,847
00256300,UNION COLLEGE                           ,NE,68506-4387,Private      ,472,206,678,472,206,678
00256500,UNIVERSITY OF NEBRASKA-LINCOLN          ,NE,68588-0419,Public       ,10863,2854,13717,10863,2854,13717
00256596,UNIVERSITY OF NEBRASKA - CURTIS         ,NE,69025-9522,Public       ,152,22,174,152,22,174
00256600,WAYNE STATE COLLEGE                     ,NE,68787-1172,Public       ,2170,427,2597,2170,427,2597
00256700,YORK COLLEGE                            ,NE,68467-2699,Private      ,254,35,289,254,35,289
00443600,REGNL WST MEDCL CTR SCHL RAD            ,NE,69361-0000,Private      ,15,9,24,15,9,24
00458608,KAPLAN UNIVERSITY - OMAHA               ,NE,68134-1002,Proprietary  ,99,628,727,99,628,727
00458609,KAPLAN UNIVERSITY - LINCOLN             ,NE,68508-2668,Proprietary  ,57,299,356,57,299,356
00639900,BRYANLGH COLLEGE OF HEALTH SCIENCES     ,NE,68506-1398,Private      ,289,180,469,289,180,469
00640400,NEBR METHODIST CLG OF NURS ALLD HLTH    ,NE,68114-2852,Private      ,294,460,754,294,460,754
00689500,UNIVERSITY OF NEBRASKA-MED CTR          ,NE,68198-4265,Public       ,496,1757,2253,496,1757,2253
00750100,VATTEROTT COLLEGE                       ,NE,68137-1237,Proprietary  ,117,505,622,117,505,622
00849200,ALEGENT HEALTH SCHOOLS                  ,NE,68114-2767,Private      ,46,140,186,46,140,186
00952300,BAHNER COLLEGE OF HAIRSTYLING           ,NE,68025-3297,Proprietary  ,6,12,18,6,12,18
00961700,CAPITOL BEAUTY SCHOOL                   ,NE,68144-0000,Proprietary  ,56,94,150,56,94,150
00974300,BELLEVUE UNIVERSITY                     ,NE,68005-0000,Private      ,340,3036,3376,340,3036,3376
00986200,CLARKSON COLLEGE                        ,NE,68131-2739,Private      ,384,618,1002,384,618,1002
01151900,JOSEPH'S COLLEGE OF BEAUTY/ALL CAMPUSES ,NE,68510-2226,Proprietary  ,50,105,155,50,105,155
01166700,NORTHEAST COMMUNITY COLLEGE             ,NE,68702-0000,Public       ,997,518,1515,997,518,1515
01258600,METROPOLITAN COMMUNITY COLLEGE          ,NE,68103-0000,Public       ,2323,5625,7948,2323,5625,7948
01297600,NEBRASKA CHRISTIAN COLLEGE              ,NE,68046-4256,Private      ,57,22,79,57,22,79
02079700,COLLEGE OF HAIR DESIGN                  ,NE,68508-0000,Proprietary  ,62,44,106,62,44,106
02099500,CENTRAL COMMUNITY COLLEGE- GI           ,NE,68801-0000,Public       ,338,551,889,338,551,889
02099501,CENTRAL COMMUNITY COLLEGE - HASTINGS    ,NE,68902-0000,Public       ,586,320,906,586,320,906
02099502,CENTRAL COMMUNITY COLLEGE - COLUMBUS    ,NE,68602-0000,Public       ,275,207,482,275,207,482
02508300,SOUTHEAST COMM. COLLEGE-ALL CAMPUSES    ,NE,68520-0000,Public       ,2288,2698,4986,2288,2698,4986
02550800,NEBRASKA INDIAN COMMUNITY COLLEGE       ,NE,68039-0000,Public       ,3,12,15,3,12,15
02610500,XENON INTERNATIONAL ACADEMY II          ,NE,68127-3522,Proprietary  ,68,104,172,68,104,172
03164300,THE CREATIVE CENTER                     ,NE,68164-2911,Proprietary  ,53,51,104,53,51,104
03279300,MYOTHERAPY INSTITUTE                    ,NE,68516-3641,Proprietary  ,14,17,31,14,17,31
03323300,LITTLE PRIEST TRIBAL COLLEGE            ,NE,68071-0000,Private      ,3,21,24,3,21,24
03821400,UNIVERSAL COLLEGE OF HEALING ARTS       ,NE,68112-1810,Proprietary  ,9,58,67,9,58,67
00256800,UNIVERSITY OF NEVADA RENO               ,NV,89557-0002,Public       ,10519,3762,14281,10519,3762,14281
00256900,UNIVERSITY OF NEVADA-LAS VEGAS          ,NV,89154-1001,Public       ,12971,9386,22357,12971,9386,22357
00697700,GREAT BASIN COLLEGE                     ,NV,89801-3348,Public       ,418,461,879,418,461,879
00732954,ITT TECHNICAL INSTITUTE                 ,NV,89014-6712,Proprietary  ,120,197,317,120,197,317
00736700,MARINELLO SCHOOLS OF BEAUTY             ,NV,89110-3563,Proprietary  ,67,148,215,67,148,215
00736701,MARINELLO SCHOOLS OF BEAUTY -           ,NV,89014-2244,Proprietary  ,22,51,73,22,51,73
00737100,MARINELLO SCHOOL OF BEAUTY              ,NV,89502-6530,Proprietary  ,54,134,188,54,134,188
00844103,ANTHEM INSTITUTE - MORRISON UNIVERSITY  ,NV,89521-4826,Proprietary  ,22,122,144,22,122,144
00919200,SIERRA NEVADA COLLEGE                   ,NV,89451-0000,Private      ,474,245,719,474,245,719
01036200,COLLEGE OF SOUTHERN NEVADA              ,NV,89146-1139,Public       ,7267,10133,17400,7267,10133,17400
01036300,WESTERN NEVADA COLLEGE                  ,NV,89703-0000,Public       ,637,1218,1855,637,1218,1855
01323200,ACADEMY OF HAIR DESIGN                  ,NV,89146-1617,Proprietary  ,98,145,243,98,145,243
02107700,TRUCKEE MEADOWS COMMUNITY CLG           ,NV,89512-0000,Public       ,2161,3166,5327,2161,3166,5327
02237500,EVEREST COLLEGE                         ,NV,89103-0000,Proprietary  ,365,678,1043,365,678,1043
02338512,GLENDALE CAREER COLLEGE - NEVADA CAREER ,NV,89131-3268,Proprietary  ,32,110,142,32,110,142
02616703,SCOTTSDALE CULINARY INSTITUTE - LE CORDO,NV,89144-7047,Proprietary  ,106,225,331,106,225,331
02621500,CAREER COLLEGE OF NORTHERN NEVADA       ,NV,89434-7905,Proprietary  ,68,209,277,68,209,277
03030603,UTAH CLG OF MASSAGE THERAPY-NSMT        ,NV,89123-0000,Proprietary  ,52,98,150,52,98,150
03031405,INTERNATIONAL ACADEMY OF DESIGN AND TECH,NV,89074-7750,Proprietary  ,146,241,387,146,241,387
03043200,KAPLAN COLLEGE                          ,NV,89102-8618,Proprietary  ,262,818,1080,262,818,1080
03076404,BRYMAN SCHOOL OF ARIZONA (THE) - ANTHEM ,NV,89102-4514,Proprietary  ,45,87,132,45,87,132
03088200,CARSON CITY BEAUTY ACADEMY              ,NV,89706-0000,Proprietary  ,20,61,81,20,61,81
03232306,EUPHORIA INSTITUTE - SUMMERLIN          ,NV,89117-8803,Proprietary  ,59,109,168,59,109,168
03232307,EUPHORIA INSTITUTE - GREEN VALLEY       ,NV,89052-4964,Proprietary  ,24,61,85,24,61,85
03232308,EUPHORIA INSTITUTE - ALIANTE            ,NV,89131-1036,Proprietary  ,46,82,128,46,82,128
03787300,EXPERTISE SCHOOL OF BEAUTY              ,NV,89106-2516,Private      ,40,69,109,40,69,109
03838500,NORTHWEST HEALTH CAREERS                ,NV,89128-0255,Proprietary  ,107,229,336,107,229,336
03975300,INSTITUTE OF PROFESSIONAL CAREERS       ,NV,89119-7825,Proprietary  ,87,142,229,87,142,229
04051303,ART INSTITUTE OF PHOENIX (THE) - ART INS,NV,89074-7737,Proprietary  ,300,243,543,300,243,543
04065300,UNIVERSITY OF SOUTHERN NEVADA           ,NV,89014-2333,Private      ,307,1030,1337,307,1030,1337
04114300,NEVADA STATE COLLEGE                    ,NV,89002-9455,Public       ,1097,1579,2676,1097,1579,2676
04142601,TOURO UNIVERSITY - NEVADA               ,NV,89014-8800,Private      ,36,541,577,36,541,577
04144800,INTERNATIONAL ACADEMY OF STYLE          ,NV,89509-3450,Proprietary  ,23,49,72,23,49,72
04147600,AVEDA INSTITUTE LAS VEGAS               ,NV,89119-6103,Proprietary  ,56,106,162,56,106,162
04171000,ADVANCED TRAINING INSTITUTE             ,NV,89115-7504,Proprietary  ,44,136,180,44,136,180
04186300,PAUL MITCHELL THE SCHOOL LAS VEGAS      ,NV,89123-8014,Proprietary  ,128,144,272,128,144,272
04190300,AMERICAN INSTITUTE OF MEDICAL SONOGRAPHY,NV,89146-6597,Proprietary  ,65,188,253,65,188,253
04191100,DESTINATION ACADEMY FOR SPA AND SALON PR,NV,89147-8397,Proprietary  ,26,56,82,26,56,82
04203100,PAUL MITCHELL THE SCHOOL RENO           ,NV,89501-3356,Proprietary  ,58,94,152,58,94,152
00257200,COLBY-SAWYER COLLEGE                    ,NH,03257-4648,Private      ,2733,104,2837,2733,104,2837
00257300,DARTMOUTH COLLEGE                       ,NH,03755-3529,Private      ,11850,1332,13182,11850,1332,13182
00257500,FRANKLIN PIERCE UNIVERSITY              ,NH,03461-0060,Private      ,3011,638,3649,3011,638,3649
00257900,NEW ENGLAND COLLEGE                     ,NH,03242-3293,Private      ,1709,426,2135,1709,426,2135
00258000,SOUTHERN NEW HAMPSHIRE UNIVERSITY       ,NH,03106-1045,Private      ,5205,5042,10247,5205,5042,10247
00258100,NHTI  - CONCORD'S COMMUNITY COLLEGE     ,NH,03301-7412,Public       ,1499,826,2325,1499,826,2325
00258200,MANCHESTER COMMUNITY COLLEGE            ,NH,03102-8518,Public       ,613,662,1275,613,662,1275
00258300,GREAT BAY COMMUNITY COLLEGE             ,NH,03801-0000,Public       ,504,564,1068,504,564,1068
00258600,RIVIER COLLEGE                          ,NH,03060-5086,Private      ,1185,584,1769,1185,584,1769
00258700,SAINT ANSELM COLLEGE                    ,NH,03102-1310,Private      ,3838,111,3949,3838,111,3949
00258900,UNIVERSITY OF NEW HAMPSHIRE             ,NH,03824-2511,Public       ,20087,2744,22831,20087,2744,22831
00259000,KEENE STATE COLLEGE                     ,NH,03431-0000,Public       ,7531,522,8053,7531,522,8053
00259100,PLYMOUTH STATE UNIVERSITY               ,NH,03264-1595,Public       ,6260,980,7240,6260,980,7240
00301004,ANTIOCH UNIVERSITY                      ,NH,03431-0000,Private      ,6,574,580,6,574,580
00472900,HESSER COLLEGE                          ,NH,03103-7230,Proprietary  ,165,375,540,165,375,540
00472901,HESSER COLLEGE - NASHUA CAMPUS          ,NH,03063-1286,Proprietary  ,53,172,225,53,172,225
00472904,HESSER COLLEGE - PORTSMOUTH CAMPUS      ,NH,03801-3245,Proprietary  ,59,205,264,59,205,264
00472905,HESSER COLLEGE - SALEM CAMPUS           ,NH,03079-2842,Proprietary  ,47,176,223,47,176,223
00472906,HESSER COLLEGE - CONCORD CAMPUS         ,NH,03301-3415,Proprietary  ,44,168,212,44,168,212
00473100,DANIEL WEBSTER COLLEGE                  ,NH,03063-1300,Proprietary  ,534,86,620,534,86,620
00473300,CHESTER COLLEGE OF NEW ENGLAND          ,NH,03036-4331,Private      ,158,33,191,158,33,191
00529100,WHITE MOUNTAINS COMMUNITY COLLEGE       ,NH,03570-3799,Public       ,206,223,429,206,223,429
00702500,LEBANON COLLEGE                         ,NH,03766-0000,Private      ,19,29,48,19,29,48
00755500,LAKES REGION COMMUNITY COLLEGE          ,NH,03246-1326,Public       ,328,292,620,328,292,620
00756000,RIVER VALLEY COMMUNITY COLLEGE          ,NH,03743-9707,Public       ,203,374,577,203,374,577
00849300,CONTINENTAL ACADEMIE OF HAIR DESIGN     ,NH,03103-4901,Proprietary  ,7,10,17,7,10,17
00864500,EMPIRE BEAUTY SCHOOL                    ,NH,03220-0000,Proprietary  ,11,10,21,11,10,21
00923600,NASHUA COMMUNITY COLLEGE                ,NH,03063-2052,Public       ,538,401,939,538,401,939
01318900,CONTINENTAL ACADEMIE OF HAIR DESIGN     ,NH,03051-3754,Proprietary  ,19,8,27,19,8,27
02097900,UNIVERSITY NEW HAMPSHIRE SCHOOL OF LAW  ,NH,03301-0000,Private      ,26,475,501,26,475,501
02140400,ST JOSEPH SCH OF PRAC NRSG              ,NH,03060-0000,Private      ,21,66,87,21,66,87
02174800,MICHAEL'S SCHOOL OF HAIR DESIGN & ESTHET,NH,03110-0000,Proprietary  ,42,31,73,42,31,73
02179600,EMPIRE BEAUTY SCHOOL                    ,NH,03878-0000,Proprietary  ,20,25,45,20,25,45
02211600,PORTSMOUTH BTY SCH OF HAIR DESIGN       ,NH,03801-4084,Proprietary  ,4,8,12,4,8,12
02223300,MAGDALEN COLLEGE                        ,NH,03278-4012,Private      ,45,3,48,45,3,48
02245400,KEENE BEAUTY ACADEMY                    ,NH,03431-0000,Proprietary  ,15,10,25,15,10,25
02247000,NEW ENGLAND SCHOOL OF HAIR DESIGN       ,NH,03784-0000,Proprietary  ,12,12,24,12,12,24
03043100,THOMAS MORE COLLEGE OF LIBERAL ARTS     ,NH,03054-4818,Private      ,72,10,82,72,10,82
03101300,GRANITE STATE COLLEGE                   ,NH,03301-6400,Public       ,199,718,917,199,718,917
03182300,NEW HAMPSHIRE INSTITUTE OF ART          ,NH,03104-4858,Private      ,516,65,581,516,65,581
03437300,UPPER VALLEY TEACHER TRANING PROGRAM    ,NH,03766-1358,Private      ,0,18,18,0,18,18
03729300,NH INSTITUTE FOR THERAPEUTIC ARTS       ,NH,03051-4906,Proprietary  ,9,14,23,9,14,23
04162200,LAIRD INSTITUTE OF SPA THERAPY          ,NH,03102-5263,Proprietary  ,3,12,15,3,12,15
00267000,BAPTIST BIBLE COLG OF PENNSYLVANIA      ,PA,18411-1297,Private      ,361,129,490,361,129,490
00322800,BRYN ATHYN COLLEGE OF THE NEW CHURCH    ,PA,19009-0717,Private      ,208,24,232,208,24,232
00322900,ALBRIGHT COLLEGE                        ,PA,19612-5234,Private      ,3104,592,3696,3104,592,3696
00323000,ALLEGHENY COLLEGE                       ,PA,16335-3902,Private      ,3386,91,3477,3386,91,3477
00323100,COMM CLG OF ALLEGHENY-ALLEGHENY CMP     ,PA,15212-0000,Public       ,1089,1908,2997,1089,1908,2997
00323101,"COMM CLG OF ALLEGHENY, BOYCE CAMPUS     ",PA,15146-0000,Public       ,479,796,1275,479,796,1275
00323102,"COMM CLG OF ALLEGHENY, NORTH CAMPUS     ",PA,15237-0000,Public       ,618,740,1358,618,740,1358
00323103,"COMM CLG OF ALLEGHENY, SOUTH CAMPUS     ",PA,15122-0000,Public       ,595,771,1366,595,771,1366
00323300,ALVERNIA UNIVERSITY                     ,PA,19607-1799,Private      ,1830,699,2529,1830,699,2529
00323500,ARCADIA UNIVERSITY                      ,PA,19038-3295,Private      ,5355,1298,6653,5355,1298,6653
00323700,BRYN MAWR COLLEGE                       ,PA,19010-2899,Private      ,1616,449,2065,1616,449,2065
00323800,BUCKNELL UNIVERSITY                     ,PA,17837-2122,Private      ,4679,153,4832,4679,153,4832
00323900,BUCKS COUNTY COMMUNITY COLLEGE          ,PA,18940-1320,Public       ,1765,1493,3258,1765,1493,3258
00324000,BUTLER COUNTY COMMUNITY COLLEGE         ,PA,16001-0000,Public       ,708,673,1381,708,673,1381
00324100,CABRINI COLLEGE                         ,PA,19087-3698,Private      ,1716,376,2092,1716,376,2092
00324200,CARNEGIE MELLON UNIVERSITY              ,PA,15213-3890,Private      ,11572,1146,12718,11572,1146,12718
00324201,CARNEGIE MELLON UNIV- THE HEINZ COLLEGE ,PA,15213-0000,Private      ,101,494,595,101,494,595
00324202,CARNEGIE MELLON- TEPPER SCHOOL OF BUSINE,PA,15213-0000,Private      ,228,235,463,228,235,463
00324300,CEDAR CREST COLLEGE                     ,PA,18104-6196,Private      ,712,548,1260,712,548,1260
00324400,CHATHAM UNIVERSITY                      ,PA,15232-2826,Private      ,630,931,1561,630,931,1561
00324500,CHESTNUT HILL COLLEGE                   ,PA,19118-2693,Private      ,1465,1109,2574,1465,1109,2574
00324700,MISERICORDIA  UNIVERSITY                ,PA,18612-1008,Private      ,1974,636,2610,1974,636,2610
00324900,COMMUNITY COLLEGE OF PHILADELPHIA       ,PA,19130-3991,Public       ,5837,8521,14358,5837,8521,14358
00325100,CURTIS INSTITUTE OF MUSIC               ,PA,19103-6187,Private      ,255,95,350,255,95,350
00325200,DELAWARE VALLEY COLLEGE                 ,PA,18901-2697,Private      ,1697,217,1914,1697,217,1914
00325300,DICKINSON COLLEGE                       ,PA,17013-2896,Private      ,3089,117,3206,3089,117,3206
00325600,DREXEL UNIVERSITY                       ,PA,19104-2875,Private      ,28325,11261,39586,28325,11261,39586
00325800,DUQUESNE UNIVERSITY                     ,PA,15282-0001,Private      ,5414,1865,7279,5414,1865,7279
00325900,EASTERN UNIVERSITY                      ,PA,19087-3696,Private      ,1599,1303,2902,1599,1303,2902
00326200,ELIZABETHTOWN COLLEGE                   ,PA,17022-2298,Private      ,2732,346,3078,2732,346,3078
00326300,EVANGELICAL SCHOOL OF THEOLOGY          ,PA,17067-0000,Private      ,0,20,20,0,20,20
00326500,FRANKLIN & MARSHALL COLLEGE             ,PA,17604-0000,Private      ,2906,87,2993,2906,87,2993
00326600,GANNON UNIVERSITY                       ,PA,16541-0001,Private      ,3295,864,4159,3295,864,4159
00326700,GENEVA COLLEGE                          ,PA,15010-3599,Private      ,1654,459,2113,1654,459,2113
00326800,GETTYSBURG COLLEGE                      ,PA,17325-1486,Private      ,3681,92,3773,3681,92,3773
00326900,GROVE CITY COLLEGE                      ,PA,16127-2104,Private      ,1440,30,1470,1440,30,1470
00327000,GWYNEDD-MERCY COLLEGE                   ,PA,19437-0901,Private      ,1325,746,2071,1325,746,2071
00327200,HARCUM COLLEGE                          ,PA,19010-3476,Private      ,486,705,1191,486,705,1191
00327300,HARRISBURG AREA COMMUNITY COLLEGE       ,PA,17110-2999,Public       ,3930,6350,10280,3930,6350,10280
00327400,HAVERFORD COLLEGE                       ,PA,19041-1392,Private      ,1951,31,1982,1951,31,1982
00327500,HOLY FAMILY UNIVERSITY                  ,PA,19114-2094,Private      ,1629,1133,2762,1629,1133,2762
00327600,IMMACULATA UNIVERSITY                   ,PA,19345-0647,Private      ,1273,738,2011,1273,738,2011
00327700,INDIANA UNIVERSITY OF PENNSYLVANIA      ,PA,15705-1097,Public       ,10032,1853,11885,10032,1853,11885
00327900,JUNIATA COLLEGE                         ,PA,16652-2196,Private      ,2139,62,2201,2139,62,2201
00328000,KEYSTONE COLLEGE                        ,PA,18440-0200,Private      ,1044,319,1363,1044,319,1363
00328200,KINGS COLLEGE                           ,PA,18711-0801,Private      ,2615,307,2922,2615,307,2922
00328300,LACKAWANNA COLLEGE                      ,PA,18509-9961,Private      ,911,465,1376,911,465,1376
00328400,LAFAYETTE COLLEGE                       ,PA,18042-1768,Private      ,3913,89,4002,3913,89,4002
00328500,LANCASTER BIBLE COLLEGE                 ,PA,17601-5036,Private      ,449,269,718,449,269,718
00328600,LANCASTER THEOLOGICAL SEMINARY          ,PA,17603-0000,Private      ,4,46,50,4,46,50
00328700,LASALLE UNIVERSITY                      ,PA,19141-1199,Private      ,4940,2243,7183,4940,2243,7183
00328800,LEBANON VALLEY COLLEGE                  ,PA,17003-1400,Private      ,2450,159,2609,2450,159,2609
00328900,LEHIGH UNIVERSITY                       ,PA,18015-1588,Private      ,7708,560,8268,7708,560,8268
00329000,LINCOLN UNIVERSITY                      ,PA,19352-0999,Public       ,2897,670,3567,2897,670,3567
00329100,LUTHERAN THEOLOG SEMINARY-GETTYSBRG     ,PA,17325-0000,Private      ,2,50,52,2,50,52
00329200,LUTHERAN THEOLOGICAL SEMINARY           ,PA,19119-0000,Private      ,1,70,71,1,70,71
00329300,LYCOMING COLLEGE                        ,PA,17701-5192,Private      ,1658,88,1746,1658,88,1746
00329400,MANOR COLLEGE                           ,PA,19046-3399,Private      ,558,375,933,558,375,933
00329600,MARYWOOD UNIVERSITY                     ,PA,18509-1598,Private      ,2337,825,3162,2337,825,3162
00329700,MERCYHURST COLLEGE                      ,PA,16546-0001,Private      ,3273,1080,4353,3273,1080,4353
00329800,MESSIAH COLLEGE                         ,PA,17027-0800,Private      ,3076,180,3256,3076,180,3256
00330000,MOORE COLLEGE OF ART & DESIGN           ,PA,19103-1179,Private      ,654,221,875,654,221,875
00330100,MORAVIAN COLLEGE                        ,PA,18018-6650,Private      ,1923,187,2110,1923,187,2110
00330101,MORAVIAN THEOLOGICAL SEMINARY           ,PA,18018-0000,Private      ,10,25,35,10,25,35
00330200,MOUNT ALOYSIUS COLLEGE                  ,PA,16630-1999,Private      ,1070,449,1519,1070,449,1519
00330300,CARLOW UNIVERSITY                       ,PA,15213-3165,Private      ,857,936,1793,857,936,1793
00330400,MUHLENBERG COLLEGE                      ,PA,18104-5586,Private      ,3511,178,3689,3511,178,3689
00330600,VALLEY FORGE CHRISTIAN COLLEGE          ,PA,19460-2399,Private      ,537,103,640,537,103,640
00330900,PEIRCE COLLEGE                          ,PA,19102-4699,Private      ,266,1125,1391,266,1125,1391
00331100,SALUS UNIVERSITY                        ,PA,19027-1598,Private      ,13,763,776,13,763,776
00331300,WIDENER UNIVERSITY                      ,PA,19013-5792,Private      ,3892,1686,5578,3892,1686,5578
00331302,WIDENER UNIV SCH OF LAW- HARRISBURG     ,PA,17106-9381,Private      ,13,490,503,13,490,503
00331500,BLOOMSBURG UNIVERSITY OF PA             ,PA,17815-1301,Public       ,8575,1038,9613,8575,1038,9613
00331600,CALIFORNIA UNIV OF PENNSYLVANIA         ,PA,15419-1394,Public       ,4094,1834,5928,4094,1834,5928
00331700,CHEYNEY UNIVERSITY OF PENNSYLVANIA      ,PA,19319-0200,Public       ,1461,560,2021,1461,560,2021
00331800,CLARION UNIVERSITY OF PENNSYLVANIA      ,PA,16214-1232,Public       ,2979,962,3941,2979,962,3941
00332000,EAST STROUDSBURG UNIVERSITY             ,PA,18301-2999,Public       ,5510,951,6461,5510,951,6461
00332100,EDINBORO UNIVERSITY OF PENNSYLVANIA     ,PA,16444-0001,Public       ,4730,1841,6571,4730,1841,6571
00332200,KUTZTOWN UNIVERSITY OF PENNSYLVANIA     ,PA,19530-9339,Public       ,9092,1237,10329,9092,1237,10329
00332300,LOCK HAVEN UNIV OF PENNSYLVANIA         ,PA,17745-2439,Public       ,4847,852,5699,4847,852,5699
00332400,MANSFIELD UNIVERSITY                    ,PA,16933-1123,Public       ,2036,451,2487,2036,451,2487
00332500,MILLERSVILLE UNIVERSITY OF PA           ,PA,17551-1800,Public       ,7038,1369,8407,7038,1369,8407
00332600,SHIPPENSBURG UNIVERSITY                 ,PA,17257-2299,Public       ,5890,859,6749,5890,859,6749
00332700,SLIPPERY ROCK UNIVERSITY                ,PA,16057-1326,Public       ,5492,875,6367,5492,875,6367
00332800,WEST CHESTER UNIVERSITY                 ,PA,19383-0001,Public       ,13973,2709,16682,13973,2709,16682
00332900,PENN STATE UNIVERSITY                   ,PA,16802-1503,Public       ,53974,14610,68584,53974,14610,68584
00335000,UNIVERSITY OF THE ARTS (THE)            ,PA,19102-9493,Private      ,2724,572,3296,2724,572,3296
00335100,PHILADELPHIA BIBLICAL UNIVERSITY        ,PA,19047-2942,Private      ,505,182,687,505,182,687
00335200,PHILADELPHIA CLG OSTEOPATHIC MED        ,PA,19131-0000,Private      ,22,2370,2392,22,2370,2392
00335300,UNIVERSITY OF THE SCIENCES IN PHILADELPH,PA,19104-4495,Private      ,3281,992,4273,3281,992,4273
00335400,PHILADELPHIA UNIVERSITY                 ,PA,19144-5497,Private      ,3371,1090,4461,3371,1090,4461
00335600,PITTSBURGH THEOLOGICAL SEMINARY         ,PA,15206-0000,Private      ,4,135,139,4,135,139
00335700,POINT PARK UNIVERSITY                   ,PA,15222-1912,Private      ,2461,958,3419,2461,958,3419
00335800,REFORMED PRESBYTERIAN THEOL SEMINAR     ,PA,15208-0000,Private      ,0,6,6,0,6,6
00335900,ROBERT MORRIS UNIVERSITY                ,PA,15108-1189,Private      ,3427,836,4263,3427,836,4263
00336000,ROSEMONT COLLEGE                        ,PA,19010-1699,Private      ,528,260,788,528,260,788
00336200,SETON HILL UNIVERSITY                   ,PA,15601-1599,Private      ,1465,451,1916,1465,451,1916
00336400,ST. CHARLES BORROMEO SEMINARY           ,PA,19096-0000,Private      ,10,11,21,10,11,21
00336600,SAINT FRANCIS UNIVERSITY                ,PA,15940-0600,Private      ,1426,355,1781,1426,355,1781
00336700,SAINT JOSEPH'S UNIVERSITY               ,PA,19131-1395,Private      ,5895,1399,7294,5895,1399,7294
00336800,ST VINCENT COLLEGE                      ,PA,15650-2690,Private      ,1300,139,1439,1300,139,1439
00336900,SUSQUEHANNA UNIVERSITY                  ,PA,17870-1001,Private      ,2901,72,2973,2901,72,2973
00337000,SWARTHMORE COLLEGE                      ,PA,19081-1397,Private      ,3593,73,3666,3593,73,3666
00337100,TEMPLE UNIVERSITY                       ,PA,19122-6003,Private      ,28590,14068,42658,28590,14068,42658
00337600,THIEL COLLEGE                           ,PA,16125-2181,Private      ,1321,76,1397,1321,76,1397
00337800,UNIVERSITY OF PENNSYLVANIA              ,PA,19104-6216,Private      ,18184,8976,27160,18184,8976,27160
00337900,UNIVERSITY OF PITTSBURGH                ,PA,15260-0000,Public       ,22199,6138,28337,22199,6138,28337
00337906,UNIVERSITY OF PITTSBURGH - SCHOOL OF MED,PA,15261-0001,Public       ,158,680,838,158,680,838
00337907,UNIVERSITY OF PITTSBURGH - SCHOOL OF DEN,PA,15261-2523,Public       ,61,230,291,61,230,291
00338400,UNIVERSITY OF SCRANTON                  ,PA,18510-4622,Private      ,6740,752,7492,6740,752,7492
00338500,URSINUS COLLEGE                         ,PA,19426-2562,Private      ,2615,69,2684,2615,69,2684
00338600,VALLEY FORGE MILITARY COLLEGE           ,PA,19087-3695,Private      ,212,31,243,212,31,243
00338800,VILLANOVA UNIVERSITY                    ,PA,19085-1699,Private      ,10650,1336,11986,10650,1336,11986
00338801,VILLANOVA UNIV SCH OF LAW               ,PA,19085-0000,Private      ,39,1130,1169,39,1130,1169
00338900,WASHINGTON & JEFFERSON COLLEGE          ,PA,15301-4801,Private      ,2304,75,2379,2304,75,2379
00339100,WAYNESBURG UNIVERSITY                   ,PA,15370-1222,Private      ,1477,279,1756,1477,279,1756
00339200,WESTMINSTER COLLEGE                     ,PA,16172-0002,Private      ,1833,75,1908,1833,75,1908
00339300,WESTMINSTER THEOLOGICAL SEMINARY        ,PA,19038-0000,Private      ,5,132,137,5,132,137
00339400,WILKES UNIVERSITY                       ,PA,18766-0998,Private      ,2514,515,3029,2514,515,3029
00339500,PENNSYLVANIA COLLEGE OF TECHNOLOGY      ,PA,17701-5779,Public       ,3056,1026,4082,3056,1026,4082
00339600,WILSON COLLEGE                          ,PA,17201-1285,Private      ,319,167,486,319,167,486
00339900,YORK COLLEGE OF PENNSYLVANIA            ,PA,17405-7199,Private      ,6997,729,7726,6997,729,7726
00398600,DESALES UNIVERSITY                      ,PA,18034-9568,Private      ,2009,662,2671,2009,662,2671
00398700,LA ROCHE COLLEGE                        ,PA,15237-5898,Private      ,779,250,1029,779,250,1029
00398800,NEUMANN UNIVERSITY                      ,PA,19014-1298,Private      ,2511,709,3220,2511,709,3220
00405800,GRATZ COLLEGE                           ,PA,19027-3097,Private      ,0,40,40,0,40,40
00445200,MONTGOMERY COUNTY COMMUNITY COLLEGE     ,PA,19422-6300,Public       ,2299,2324,4623,2299,2324,4623
00488900,CAMBRIA-ROWE BUSINESS COLLEGE           ,PA,15902-2494,Proprietary  ,64,105,169,64,105,169
00489000,CENTRAL PENNSYLVANIA COLLEGE            ,PA,17093-0309,Proprietary  ,507,717,1224,507,717,1224
00489300,DU BOIS BUSINESS COLLEGE                ,PA,15801-2401,Proprietary  ,57,108,165,57,108,165
00489400,ERIE BUSINESS CENTER                    ,PA,16501-1305,Proprietary  ,30,72,102,30,72,102
00489401,ERIE BUSINESS CENTER - NEW CASTLE CAMPUS,PA,16101-3950,Proprietary  ,11,28,39,11,28,39
00489800,MCCANN SCHOOL OF BUSINESS & TECHNOL     ,PA,17901-1335,Proprietary  ,453,1619,2072,453,1619,2072
00489807,MCCANN SCHOOL OF BUSINESS & TECHNOLOGY -,PA,17013-3180,Proprietary  ,25,93,118,25,93,118
00489900,MERCY HOSP SCH OF NURSING               ,PA,15219-5166,Private      ,76,107,183,76,107,183
00490100,NEWPORT BUSINESS INSTITUTE              ,PA,15068-3929,Proprietary  ,8,24,32,8,24,32
00490200,PENN COMMERCIAL BUSINESS/TECHNICAL SCHL ,PA,15301-2871,Proprietary  ,65,110,175,65,110,175
00491000,KAPLAN CAREER INSTITUTE                 ,PA,17111-3571,Proprietary  ,86,292,378,86,292,378
00491001,THOMPSON INSTITUTE-PHILADEPHIA CAMPUS   ,PA,19104-3386,Proprietary  ,73,240,313,73,240,313
00491400,NEWPORT BUSINESS INSTITUTE              ,PA,17701-5855,Proprietary  ,5,42,47,5,42,47
00500701,WEST VIRGINIA CAREER INSTITUTE          ,PA,15456-0000,Proprietary  ,26,31,57,26,31,57
00531000,PITTSBURGH INST OF AERONAUTICS          ,PA,15236-0000,Private      ,151,83,234,151,83,234
00533000,FAYETTE CNTY AREA VOC TECH PRC NRSG     ,PA,15401-0000,Public       ,11,40,51,11,40,51
00533500,CENTRAL PENN INST OF SCI & TECH PNP     ,PA,16823-0000,Public       ,29,47,76,29,47,76
00536500,YORK CO AREA VOC-TECH SCH-PRAC NSG      ,PA,17402-0000,Public       ,23,103,126,23,103,126
00653400,CITIZENS SCHOOL OF NURSING              ,PA,15068-6591,Private      ,45,84,129,45,84,129
00653700,CONEMAUGH VLY MEM HOSP SCH NRSNG        ,PA,15905-4398,Private      ,55,68,123,55,68,123
00653702,CONEMAUGH HOSP- SCH HISTOTECHNOLOGY     ,PA,15905-0000,Private      ,8,9,17,8,9,17
00653704,CONEMAUGH VLY MEM HOSP SCH RAD TECH     ,PA,15905-0000,Private      ,20,12,32,20,12,32
00653706,CONEMAUGH VLY MEM HOSP SCH  MED TECH    ,PA,15905-4398,Private      ,3,13,16,3,13,16
00655100,ST MARGARET SCHL OF NURSING             ,PA,15238-3205,Private      ,41,102,143,41,102,143
00656000,OHIO VALLEY HOSP SCH OF NURSING         ,PA,15136-1694,Private      ,7,21,28,7,21,28
00656500,READING HOSPITAL SCHOOL OF HEALTH SCIENC,PA,19611-1744,Private      ,148,203,351,148,203,351
00657400,"ST LUKE'S HOSPITAL OF BETHLEHEM, PA     ",PA,18015-1065,Private      ,46,132,178,46,132,178
00657600,SEWICKLEY VALLEY HOSP SCH NRSNG         ,PA,15143-1498,Private      ,14,29,43,14,29,43
00657700,UPMC SHADYSIDE SCHOOL OF NURSING        ,PA,15232-1381,Private      ,83,148,231,83,148,231
00657800,SHARON REGIONAL SCHOOL OF NURSING       ,PA,16146-3395,Private      ,16,41,57,16,41,57
00658200,WASHINGTON HOSP SCH OF NURSING          ,PA,15301-3398,Private      ,23,57,80,23,57,80
00658202,WASHINGTON HOSP SCH OF RAD TECH         ,PA,15301-3398,Private      ,14,5,19,14,5,19
00658300,WESTERN PENN HOSP-SCH OF NURSING        ,PA,15224-1790,Private      ,57,67,124,57,67,124
00680700,COMMUNITY COLLEGE OF BEAVER COUNTY      ,PA,15061-2588,Public       ,512,491,1003,512,491,1003
00681000,LEHIGH CARBON COMMUNITY COLLEGE         ,PA,18078-2598,Public       ,1391,1560,2951,1391,1560,2951
00681100,LUZERNE COUNTY COMMUNITY COLLEGE        ,PA,18634-3899,Public       ,1370,1478,2848,1370,1478,2848
00708700,ABINGTON MEM HOSP SCHL OF NURSING       ,PA,19090-1284,Private      ,81,228,309,81,228,309
00709100,EVEREST INSTITUTE                       ,PA,15222-1320,Proprietary  ,53,225,278,53,225,278
00711000,DELAWARE COUNTY COMMUNITY COLLEGE       ,PA,19063-1094,Public       ,2779,3619,6398,2779,3619,6398
00719100,NORTHAMPTON COMMUNITY COLLEGE           ,PA,18020-7599,Public       ,3731,3219,6950,3731,3219,6950
00732955,ITT TECHNICAL INSTITUTE                 ,PA,19406-1212,Proprietary  ,81,119,200,81,119,200
00743000,ANTONELLI INST OF ART & PHOTOGRAPHY     ,PA,19038-8242,Proprietary  ,127,27,154,127,27,154
00743600,KAPLAN CAREER INSTITUTE - ICM CAMPUS    ,PA,15222-1977,Proprietary  ,102,390,492,102,390,492
00743700,PITTSBURGH TECHNICAL INSTITUTE          ,PA,15071-3205,Proprietary  ,1335,525,1860,1335,525,1860
00746900,"HUSSIAN SCHOOL OF ART, INC.             ",PA,19106-0000,Proprietary  ,80,29,109,80,29,109
00747000,"ART INSTITUTE OF PITTSBURGH, THE        ",PA,15219-1328,Proprietary  ,2040,4601,6641,2040,4601,6641
00752900,CTR ART TCH BRDYWN CMPS PRC NRS PRG     ,PA,19320-2459,Public       ,8,56,64,8,56,64
00775900,LINCOLN TECHNICAL INSTITUTE             ,PA,18104-3298,Proprietary  ,100,128,228,100,128,228
00777900,LANSDALE SCHOOL OF BUSINESS             ,PA,19454-4114,Proprietary  ,26,122,148,26,122,148
00778000,NEW CASTLE SCHOOL OF TRADES             ,PA,16143-0000,Proprietary  ,72,113,185,72,113,185
00778100,CHI INSTITUTE/RETS CAMPUS               ,PA,19008-3516,Proprietary  ,42,119,161,42,119,161
00783200,LINCOLN TECH INSTITUTE                  ,PA,19136-1595,Proprietary  ,171,231,402,171,231,402
00783900,TRIANGLE TECH                           ,PA,15214-3897,Proprietary  ,52,113,165,52,113,165
00791200,THADDEUS STEVENS CLG OF TECHNOLOGY      ,PA,17602-0000,Public       ,796,304,1100,796,304,1100
00791600,FRANKLIN CNTY CAREER & TECH CTR-PNP     ,PA,17201-0000,Public       ,6,37,43,6,37,43
00820000,JAMESON MEMORIAL HOSP SCH NURSING       ,PA,16105-2595,Private      ,22,51,73,22,51,73
00835000,ART INSTITUTE OF PHILADELPHIA           ,PA,19103-5198,Proprietary  ,1853,1116,2969,1853,1116,2969
00844100,ANTHEM INSTITUTE                        ,PA,19064-1243,Proprietary  ,41,138,179,41,138,179
00856800,VET TECH INSTITUTE                      ,PA,15222-3400,Proprietary  ,164,81,245,164,81,245
00865300,JEFFERSON CO DUBOIS VOC TECH-PR NSG     ,PA,15851-0000,Public       ,7,17,24,7,17,24
00895500,PRUONTOS HAIR DESIGN INSTITUTE          ,PA,16602-0000,Proprietary  ,10,15,25,10,15,25
00915705,WYOMING TECHNICAL INSTITUTE - BLAIRSVILL,PA,15717-8060,Proprietary  ,468,288,756,468,288,756
00918600,DEAN INSTITUTE OF TECHNOLOGY            ,PA,15226-1197,Proprietary  ,13,27,40,13,27,40
00944900,PENNCO TECH                             ,PA,19007-0000,Proprietary  ,59,118,177,59,118,177
00966400,EMPIRE BEAUTY SCHOOL                    ,PA,18052-5730,Proprietary  ,43,96,139,43,96,139
00966500,EMPIRE BEAUTY SCHOOL                    ,PA,17109-2210,Proprietary  ,21,45,66,21,45,66
00966600,EMPIRE BEAUTY SCHOOL                    ,PA,19605-2803,Proprietary  ,17,66,83,17,66,83
00972100,BRADFORD SCHOOL                         ,PA,15219-2602,Proprietary  ,347,95,442,347,95,442
00972300,ARIA HEALTH SCHOOL OF NURSING           ,PA,19124-2696,Private      ,134,243,377,134,243,377
00978300,GORDON PHILLIPS SCH OF BEAUTY CULT      ,PA,19135-0000,Proprietary  ,46,81,127,46,81,127
00986300,LANCASTER GENERAL COLLEGE OF NURSING AND,PA,17602-4955,Private      ,373,539,912,373,539,912
01000600,GREATER JOHNSTOWN AREA VOC TECH SCH     ,PA,15904-0000,Public       ,28,90,118,28,90,118
01005500,CRAWFORD CNTY AREA VO-TECH PRAC NUR     ,PA,16335-0000,Public       ,7,6,13,7,6,13
01017600,WESTMORELAND COUNTY COMMUNITY CLG       ,PA,15697-1895,Public       ,986,1260,2246,986,1260,2246
01038800,READING AREA COMMUNITY COLLEGE          ,PA,19603-1706,Public       ,854,1457,2311,854,1457,2311
01054100,EMPIRE BEAUTY SCHOOL                    ,PA,15146-2229,Proprietary  ,17,45,62,17,45,62
01054200,EMPIRE BEAUTY SCHOOL                    ,PA,18701-0000,Proprietary  ,36,45,81,36,45,81
01054300,EMPIRE BEAUTY SCHOOL                    ,PA,17701-3914,Proprietary  ,14,47,61,14,47,61
01081400,PITTSBURGH INST MORTUARY SCIENCE        ,PA,15206-3706,Private      ,59,139,198,59,139,198
01086000,GREATER ALTOONA CAREER/TECH CENTER      ,PA,16602-0000,Public       ,44,117,161,44,117,161
01096300,GREENE COUNTY VOC-TECH SCHOOL           ,PA,15370-0000,Public       ,5,11,16,5,11,16
01097000,EMPIRE BEAUTY SCHOOL                    ,PA,17042-5209,Proprietary  ,10,18,28,10,18,28
01099800,PENNSYLVANIA INSTITUTE OF TECH          ,PA,19063-4098,Private      ,199,333,532,199,333,532
01102000,EMPIRE BEAUTY SCHOOL                    ,PA,17604-4335,Proprietary  ,39,57,96,39,57,96
01102100,EMPIRE BEAUTY SCHOOL                    ,PA,17402-2862,Proprietary  ,20,54,74,20,54,74
01162100,AUTOMOTIVE TRAINING CENTER              ,PA,19341-1310,Proprietary  ,472,197,669,472,197,669
01162200,WELDER TRAINING & TESTING INST          ,PA,18109-3253,Proprietary  ,10,32,42,10,32,42
01163800,EMPIRE BEAUTY SCHOOL                    ,PA,17876-0000,Proprietary  ,4,15,19,4,15,19
01171500,SCHUYLKILL HEALTH SCHOOL OF NURSING     ,PA,17901-3692,Private      ,31,29,60,31,29,60
01191900,BEAVER FALLS BEAUTY ACADEMY             ,PA,15010-4208,Proprietary  ,6,15,21,6,15,21
01205000,ROSEDALE TECHNICAL INSTITUTE            ,PA,15205-9791,Private      ,108,129,237,108,129,237
01239300,THOMAS JEFF UNIV-CLG ALLIED HEALTH      ,PA,19107-0000,Private      ,263,1081,1344,263,1081,1344
01239301,THOMAS JEFFERSON UNIVERSITY - JEFFERSON ,PA,19107-5001,Private      ,329,1875,2204,329,1875,2204
01239303,THOMAS JEFFERSON UNIVERSITY - COLLEGE OF,PA,19107-6731,Private      ,181,574,755,181,574,755
01246104,LINCOLN TECHNICAL INSTITUTE             ,PA,19104-0202,Proprietary  ,110,191,301,110,191,301
01246105,LINCOLN TECHNICAL INSTITUTE             ,PA,19116-4202,Proprietary  ,60,118,178,60,118,178
01252300,TALMUDICAL YESHIVA OF PHILA             ,PA,19131-1296,Private      ,2,1,3,2,1,3
01260500,EMPIRE BEAUTY SCHOOL                    ,PA,17331-2405,Proprietary  ,21,68,89,21,68,89
01260600,EMPIRE BEAUTY SCHOOL                    ,PA,17901-2505,Proprietary  ,26,67,93,26,67,93
01260700,EMPIRE BEAUTY SCHOOL                    ,PA,16801-5218,Proprietary  ,10,18,28,10,18,28
01292900,SOUTH HILLS BEAUTY ACADEMY              ,PA,15216-2335,Proprietary  ,16,16,32,16,16,32
01301500,GORDON PHILLIPS SCH BEAUTY CULTURE      ,PA,19102-2701,Proprietary  ,47,112,159,47,112,159
01313400,YESHIVATH BETH MOSHE                    ,PA,18505-2196,Private      ,5,6,11,5,6,11
01321400,ROXBOROUGH MEM HOSP SCH OF NURSING      ,PA,19128-0000,Proprietary  ,58,205,263,58,205,263
01326300,SOUTH HILLS SCHOOL OF BUSINESS & TECHNOL,PA,16801-4516,Proprietary  ,246,238,484,246,238,484
02061000,VENUS BEAUTY ACADEMY                    ,PA,19079-0000,Proprietary  ,2,9,11,2,9,11
02068300,DOUGLAS SCHOOL OF BUSINESS              ,PA,15062-0000,Proprietary  ,112,108,220,112,108,220
02090200,TRIANGLE TECH                           ,PA,16502-0000,Proprietary  ,35,47,82,35,47,82
02092500,LAUREL TECHNICAL INSTITUTE              ,PA,16146-0000,Proprietary  ,57,133,190,57,133,190
02092502,BUSINESS INSTITUTE OF PENNSYLVANIA      ,PA,16335-0000,Proprietary  ,12,8,20,12,8,20
02104003,HARRIS SCHOOL OF BUSINESS - UPPER DARBY ,PA,19082-2528,Proprietary  ,5,27,32,5,27,32
02107300,PENNSYLVANIA ACADEMY OF FINE ARTS       ,PA,19102-1424,Private      ,234,221,455,234,221,455
02112200,GREAT LAKES INSTITUTE OF TECHNOLOGY     ,PA,16509-0000,Proprietary  ,138,146,284,138,146,284
02114200,JOHNSON COLLEGE                         ,PA,18508-0000,Private      ,265,124,389,265,124,389
02116001,SANFORD-BROWN INSTITUTE - TREVOSE       ,PA,19053-4700,Proprietary  ,98,366,464,98,366,464
02118000,LEVITTOWN BEAUTY ACADEMY LLC            ,PA,19054-1713,Proprietary  ,7,6,13,7,6,13
02119300,PA ACAD OF COSMETOLOGY ARTS & SCI       ,PA,15904-0000,Proprietary  ,20,9,29,20,9,29
02120800,"YORKTOWNE BUSINESS INSTITUTE, INC.      ",PA,17404-0000,Proprietary  ,34,125,159,34,125,159
02127400,YORK TECHNICAL INSTITUTE                ,PA,17402-0000,Proprietary  ,442,808,1250,442,808,1250
02129000,TRIANGLE TECH                           ,PA,15601-0000,Proprietary  ,84,89,173,84,89,173
02129001,TRIANGLE TECH - BUSINESS CAREERS INSTITU,PA,15601-3304,Proprietary  ,7,4,11,7,4,11
02144000,"VISION ACADEMY, THE                     ",PA,18103-0000,Proprietary  ,6,17,23,6,17,23
02149000,EMPIRE BEAUTY SCHOOL                    ,PA,19341-2804,Proprietary  ,24,75,99,24,75,99
02151500,CENTRAL SUSQUEHANNA LPN CENTER          ,PA,17837-8818,Public       ,26,118,144,26,118,144
02153500,OAKBRIDGE ACADEMY OF ARTS               ,PA,15068-0000,Proprietary  ,27,6,33,27,6,33
02158300,JUNIATA-MIFFLIN CO AREA VOC TECH        ,PA,17044-0000,Public       ,16,28,44,16,28,44
02161400,NORTHEASTERN HOSP SCH OF NRSG           ,PA,19134-0000,Private      ,45,130,175,45,130,175
02169600,CLEARFIELD CTY CAREER AND TECH CNTR     ,PA,16830-0000,Public       ,33,60,93,33,60,93
02174400,TRIANGLE TECH                           ,PA,15801-0000,Proprietary  ,121,77,198,121,77,198
02178900,ACADEMY OF HAIR DESIGN                  ,PA,18202-1465,Proprietary  ,7,32,39,7,32,39
02183000,ORLEANS TECHNICAL INSTITUTE             ,PA,19111-0000,Private      ,46,131,177,46,131,177
02192800,WALNUT HILL COLLEGE                     ,PA,19104-0000,Proprietary  ,283,153,436,283,153,436
02202300,SANFORD-BROWN INSTITUTE                 ,PA,15219-1907,Proprietary  ,90,360,450,90,360,450
02202301,SANFORD-BROWN INSTITUTE                 ,PA,15146-2141,Proprietary  ,32,133,165,32,133,165
02203900,ERIE INSTITUTE OF TECHNOLOGY            ,PA,16565-1002,Proprietary  ,57,98,155,57,98,155
02206200,"VISION ACADEMY, THE                     ",PA,19002-0000,Proprietary  ,8,12,20,8,12,20
02206300,STROUDSBURG SCHOOL OF COSMETOLOGY       ,PA,18360-0000,Proprietary  ,7,8,15,7,8,15
02212700,LANCASTER SCHOOL OF COSMETOLOGY         ,PA,17602-0000,Proprietary  ,14,39,53,14,39,53
02234200,ACADEMY OF MEDICAL ARTS & BUSINESS      ,PA,17112-0000,Proprietary  ,27,54,81,27,54,81
02240100,BARBER STYLING INSTITUTE                ,PA,17011-0000,Proprietary  ,0,1,1,0,1,1
02251200,SCHUYLKILL COUNTY AREA VOC TECH SCH     ,PA,17931-0000,Public       ,11,21,32,11,21,32
02251202,SCHUYLKILL COUNTY AREA VOC TECH SCH     ,PA,17931-0000,Public       ,2,15,17,2,15,17
02253900,BERKS TECHNICAL INSTITUTE               ,PA,19610-0000,Proprietary  ,309,399,708,309,399,708
02255200,PENNSYLVANIA SCHOOL OF BUSINESS         ,PA,18101-1604,Proprietary  ,54,262,316,54,262,316
02269900,PENNSYLVANIA COLLEGE OF ART & DESIGN    ,PA,17603-3528,Private      ,317,50,367,317,50,367
02270500,BUCKS COUNTY SCHOOL OF BEAUTY CULT      ,PA,19053-0000,Proprietary  ,12,12,24,12,12,24
02273400,RECONSTRUCTIONIST RABBINICAL COLLEG     ,PA,19095-0000,Private      ,0,16,16,0,16,16
02276600,HANOVER PUBLIC SCH DIST PRAC NURSG      ,PA,17331-0000,Public       ,3,23,26,3,23,26
02282500,LENAPE SCHOOL OF PRACTICAL NURSING      ,PA,16226-0000,Public       ,10,59,69,10,59,69
02288800,EMPIRE BEAUTY SCHOOL                    ,PA,18974-4508,Proprietary  ,25,73,98,25,73,98
02289500,PACE INSTITUTE                          ,PA,19601-0000,Proprietary  ,21,83,104,21,83,104
02289600,CONSOLIDATED SCHOOL OF BUSINESS         ,PA,17404-0000,Proprietary  ,19,75,94,19,75,94
02289700,ACADEMY OF CREATIVE HAIR DESIGN         ,PA,18702-0000,Proprietary  ,10,26,36,10,26,36
02289800,CHI INSTITUTE - FRANKLIN MILLS          ,PA,19154-0000,Proprietary  ,122,299,421,122,299,421
02290400,"ALTOONA BEAUTY SCHOOL, INC              ",PA,16602-0000,Proprietary  ,17,11,28,17,11,28
02292700,LANSDALE SCHOOL OF COSMETOLOGY          ,PA,19446-0000,Proprietary  ,4,11,15,4,11,15
02299300,TRINITY EPISCOPAL SCHOOL MINISTRY       ,PA,15003-0000,Private      ,1,19,20,1,19,20
02301300,PRISM CAREER INSTITUTE                  ,PA,19082-2448,Proprietary  ,51,286,337,51,286,337
02304400,YTI CAREER INSTITUTE - MECHANICSBURG    ,PA,17055-0000,Proprietary  ,72,122,194,72,122,194
02306200,VENANGO COUNTY AREA VOC TECH SCHOOL     ,PA,16301-0000,Public       ,12,26,38,12,26,38
02310800,LANCASTER COUNTY CAREER & TECH CTR      ,PA,17584-0000,Public       ,38,142,180,38,142,180
02323000,BIBLICAL THEOLOGICAL SEMINARY           ,PA,19440-2421,Private      ,1,29,30,1,29,30
02330300,LEBANON CO CAREER & TECHNOLOGY CTR      ,PA,17042-0000,Public       ,21,66,87,21,66,87
02330600,PENNSYLVANIA GUNSMITH SCHOOL            ,PA,15202-0000,Proprietary  ,51,64,115,51,64,115
02350100,WESTERN AREA CAREER & TECHNOLOGY CT     ,PA,15317-0000,Public       ,8,45,53,8,45,53
02350200,INDIANA COUNTY TECH CTR SCH PR NSG      ,PA,15701-1465,Public       ,14,40,54,14,40,54
02353100,NORTHERN TIER CAREER CENTER             ,PA,18848-0000,Public       ,15,26,41,15,26,41
02362300,MERCER COUNTY AREA VOC TECH SCHOOL      ,PA,16137-0000,Public       ,9,25,34,9,25,34
02492600,EASTERN CTR ARTS AND TECH PR NSG        ,PA,19090-0000,Public       ,9,70,79,9,70,79
02495500,ALL-STATE CAREER SCHOOL                 ,PA,19029-0000,Proprietary  ,54,82,136,54,82,136
02529800,WILKES BARRE AREA CAREER AND TECHNICAL C,PA,18705-0000,Public       ,37,72,109,37,72,109
02536600,COMMONWEALTH TECH INSTIT @ HIRAM G      ,PA,15905-0000,Public       ,59,23,82,59,23,82
02544300,BUTLER BEAUTY SCHOOL                    ,PA,16001-0000,Proprietary  ,11,17,28,11,17,28
02545000,LAWRENCE COUNTY CAREER AND TECHNICAL CEN,PA,16101-0000,Public       ,14,29,43,14,29,43
02546200,LAUREL BUSINESS INSTITUTE               ,PA,15401-0877,Proprietary  ,23,56,79,23,56,79
02550000,CLARION CO AREA VOC-TECH PRAC NRSG      ,PA,16254-4637,Public       ,4,18,22,4,18,22
02554500,HAZLETON AREA CAREER CENTER PRACTICAL NU,PA,18201-0000,Public       ,11,37,48,11,37,48
02557800,ART INSTITUTE OF YORK (THE) - PENNSYLVAN,PA,17402-9012,Proprietary  ,393,146,539,393,146,539
02566400,ALBERT EINSTEIN MED CTR DEPT DNTL       ,PA,19141-3098,Private      ,25,44,69,25,44,69
02574800,PENNSYLVANIA INSTITUTE OF TAXIDERMY     ,PA,15931-0000,Proprietary  ,7,8,15,7,8,15
02609500,CAREER TRAINING ACADEMY                 ,PA,15068-6308,Proprietary  ,15,38,53,15,38,53
02609501,CAREER TRAINING ACADEMY                 ,PA,15146-0000,Proprietary  ,5,12,17,5,12,17
02616100,JEAN MADELINE ED CTR FOR COSM           ,PA,19147-1542,Proprietary  ,134,132,266,134,132,266
03006800,LE CORDON BLEU INSTITUTE OF CULINARY ART,PA,15222-3511,Proprietary  ,82,78,160,82,78,160
03010800,TRI-STATE BUSINESS INSTITUTE            ,PA,16506-1013,Proprietary  ,215,827,1042,215,827,1042
03011500,FORTIS INSTITUTE                        ,PA,18702-0000,Proprietary  ,28,49,77,28,49,77
03011600,FORTIS INSTITUTE                        ,PA,18509-2903,Proprietary  ,74,141,215,74,141,215
03029900,CONSOLIDATED SCHOOL OF BUSINESS         ,PA,17603-2389,Proprietary  ,21,68,89,21,68,89
03031600,DPT BUSINESS SCHOOL                     ,PA,19116-3961,Proprietary  ,0,4,4,0,4,4
03031601,DPT BUSINESS SCHOOL                     ,PA,19106-0000,Proprietary  ,0,4,4,0,4,4
03067000,ANTONELLI MEDICAL & PROF INST           ,PA,19464-9244,Proprietary  ,10,18,28,10,18,28
03072400,ALL-STATE CAREER SCHOOL                 ,PA,15122-0000,Proprietary  ,9,29,38,9,29,38
03072600,DCI CAREER INSTITUTE                    ,PA,15061-2307,Proprietary  ,12,32,44,12,32,44
03081900,YTI CAREER INSTITUTE - ALTOONA          ,PA,16602-4457,Proprietary  ,84,174,258,84,174,258
03090800,LAKE ERIE COLL OF OSTEOPATHIC MED       ,PA,16509-0000,Private      ,58,2357,2415,58,2357,2415
03098600,CAREER TECH CTR OF LACKAWANNA CNTY      ,PA,18508-0000,Public       ,30,83,113,30,83,113
03101400,FORBES ROAD CAREER & TECHNOLOGY CTR     ,PA,15146-1550,Public       ,1,11,12,1,11,12
03101500,BIDWELL TRAINING CENTER                 ,PA,15233-2233,Private      ,13,26,39,13,26,39
03103300,JNA INSTITUTE OF CULINARY ARTS          ,PA,19146-3119,Proprietary  ,62,57,119,62,57,119
03109100,METROPOLITAN CAREER CENTER              ,PA,19144-0000,Private      ,5,58,63,5,58,63
03110700,AVIATION INSTITUTE OF MAINTENANCE       ,PA,19114-1017,Proprietary  ,67,213,280,67,213,280
03120400,REGIONAL CAREER & TECHNICAL CENTER      ,PA,16509-4699,Public       ,9,8,17,9,8,17
03128400,DELAWARE COUNTY TECHNICAL SCHOOL        ,PA,19008-1928,Public       ,23,62,85,23,62,85
03180400,PENNSYLVANIA HIGHLANDS COMMUNITY COLLEGE,PA,15904-2927,Public       ,463,406,869,463,406,869
03236400,LT INTERNATIONAL BEAUTY SCHOOL          ,PA,19130-2235,Proprietary  ,9,14,23,9,14,23
03353300,ACADEMY OF VOCAL ARTS                   ,PA,19103-6685,Private      ,20,47,67,20,47,67
03380301,STAR CAREER ACADEMY - STAR PHILADELPHIA ,PA,19114-2204,Proprietary  ,61,181,242,61,181,242
03380304,STAR CAREER ACADEMY - STAR NORRISTOWN   ,PA,19403-2422,Proprietary  ,10,40,50,10,40,50
03439400,NAWCC SCHOOL OF HOROLOGY                ,PA,17512-2130,Private      ,1,10,11,1,10,11
03535300,HUNTINGDON COUNTY CAREER AND TECHNO     ,PA,17060-0905,Public       ,6,19,25,6,19,25
03561400,SUSQUEHANNA COUNTY CAREER & TECHNOL     ,PA,18816-0100,Public       ,5,4,9,5,4,9
03766300,PENNSYLVANIA SCHOOL OF MUSCLE THERAPY   ,PA,19406-3101,Proprietary  ,7,24,31,7,24,31
03781300,PRINCETON INFORMATION TECHNOLOGY CENTER ,PA,19038-4535,Proprietary  ,17,94,111,17,94,111
03899300,CALVARY BAPTIST THEOLOGICAL SEMINARY    ,PA,19446-4718,Private      ,0,7,7,0,7,7
03923300,PRECISION MANUFACTURING INSTITUTE       ,PA,16335-8380,Private      ,8,8,16,8,8,16
03948300,HARRISBURG UNIVERSITY OF SCIENCE AND TEC,PA,17101-2116,Private      ,521,129,650,521,129,650
03949300,WON INSTITUTE OF GRADUATE STUDIES       ,PA,19038-4535,Private      ,0,15,15,0,15,15
03950500,NORTHWEST REGIONAL TECHNOLOGY INSTITUTE ,PA,16508-2820,Proprietary  ,8,5,13,8,5,13
03952300,NATIONAL MASSAGE THERAPY INSTITUTE      ,PA,19116-3965,Proprietary  ,26,122,148,26,122,148
04024300,EDUCATION AND TECHNOLOGY INSTITUTE      ,PA,15601-9214,Private      ,10,7,17,10,7,17
04118000,BYZANTINE CATHOLIC SEMINARY OF SAINTS CY,PA,15214-2229,Private      ,0,4,4,0,4,4
04127500,CAREER DEVELOPMENT & EMPLOYMENT         ,PA,18702-5253,Proprietary  ,9,17,26,9,17,26
04138300,INTERNATIONAL BEAUTY ACADEMY            ,PA,19149-2710,Proprietary  ,15,15,30,15,15,30
04145800,PULSE BEAUTY ACADEMY A PAUL MITCHELL PAR,PA,19335-0000,Proprietary  ,18,14,32,18,14,32
04149800,SOMERSET COUNTY TECHNOLOGY CENTER       ,PA,15501-1444,Public       ,8,15,23,8,15,23
04151700,BELLA CAPELLI ACADEMY                   ,PA,15146-2388,Proprietary  ,22,22,44,22,22,44
04155100,INSTITUTE OF MEDICAL CAREERS            ,PA,15235-3718,Proprietary  ,17,31,48,17,31,48
04158000,METRO BEAUTY ACADEMY                    ,PA,18106-9693,Proprietary  ,27,29,56,27,29,56
04164900,BARONE BEAUTY ACADEMY                   ,PA,17701-5316,Proprietary  ,11,6,17,11,6,17
04167200,COMMONWEALTH MEDICAL COLLEGE (THE)      ,PA,18503-3251,Private      ,5,306,311,5,306,311
04175900,LEWISTOWN HOSPITAL SCHOOL OF NURSING    ,PA,17044-1167,Private      ,25,28,53,25,28,53
00153410,EVEREST UNIVERSITY - EVEREST COLLEGE - M,WI,53212-4006,Proprietary  ,77,340,417,77,340,417
00267813,BRYANT & STRATTON COLLEGE - MIL DOWNTOWN,WI,53203-2608,Proprietary  ,286,1368,1654,286,1368,1654
00383200,ALVERNO COLLEGE                         ,WI,53234-3922,Private      ,1066,1306,2372,1066,1306,2372
00383500,BELOIT COLLEGE                          ,WI,53511-5595,Private      ,1772,72,1844,1772,72,1844
00383700,CARDINAL STRITCH UNIVERSITY             ,WI,53217-9884,Private      ,849,1819,2668,849,1819,2668
00383800,CARROLL UNIVERSITY                      ,WI,53186-5593,Private      ,3260,490,3750,3260,490,3750
00383900,CARTHAGE COLLEGE                        ,WI,53141-0000,Private      ,4322,470,4792,4322,470,4792
00384000,WESTERN TECHNICAL COLLEGE               ,WI,54601-0908,Public       ,947,763,1710,947,763,1710
00384200,CONCORDIA UNIVERSITY WISCONSIN          ,WI,53097-2402,Private      ,2493,1756,4249,2493,1756,4249
00384800,EDGEWOOD COLLEGE                        ,WI,53711-1958,Private      ,1608,806,2414,1608,806,2414
00385000,SILVER LAKE COLLEGE                     ,WI,54220-9319,Private      ,152,145,297,152,145,297
00385400,LAKELAND COLLEGE                        ,WI,53082-0000,Private      ,968,820,1788,968,820,1788
00385600,LAWRENCE UNIVERSITY                     ,WI,54912-0599,Private      ,2147,83,2230,2147,83,2230
00386100,MARIAN UNIVERSITY                       ,WI,54935-4699,Private      ,1202,606,1808,1202,606,1808
00386300,MARQUETTE UNIVERSITY                    ,WI,53201-1881,Private      ,15447,3473,18920,15447,3473,18920
00386600,MILWAUKEE AREA TECH COLLEGE             ,WI,53233-1443,Public       ,2867,6150,9017,2867,6150,9017
00386800,MILWAUKEE SCHOOL OF ENGINEERING         ,WI,53202-3109,Private      ,2367,481,2848,2367,481,2848
00386900,MOUNT MARY COLLEGE                      ,WI,53222-4597,Private      ,631,812,1443,631,812,1443
00387400,NASHOTAH HOUSE                          ,WI,53058-0000,Private      ,0,22,22,0,22,22
00387500,NORTHLAND COLLEGE                       ,WI,54806-3999,Private      ,618,84,702,618,84,702
00388400,RIPON COLLEGE                           ,WI,54971-0248,Private      ,1156,47,1203,1156,47,1203
00389200,ST. NORBERT COLLEGE                     ,WI,54115-2099,Private      ,2537,72,2609,2537,72,2609
00389500,UNIVERSITY OF WISCONSIN-MADISON         ,WI,53715-1382,Public       ,20352,7097,27449,20352,7097,27449
00389600,UNIVERSITY OF WISCONSIN-MILWAUKEE       ,WI,53201-3165,Public       ,13265,7453,20718,13265,7453,20718
00389700,UNIVERSITY OF WISCONSIN COLLEGES        ,WI,53708-8680,Public       ,2050,1091,3141,2050,1091,3141
00389701,UNIVERSITY OF WISCONSIN-BARABOO         ,WI,53913-1098,Public       ,243,116,359,243,116,359
00389702,UNIVERSITY OF WISCONSIN-BARRON          ,WI,54868-2497,Public       ,234,79,313,234,79,313
00389703,UNIVERSITY OF WISCONSIN-FOND DU LAC     ,WI,54935-2998,Public       ,287,129,416,287,129,416
00389704,UNIVERSITY OF WISCONSIN-FOX VALLEY      ,WI,54952-1297,Public       ,637,259,896,637,259,896
00389705,UNIVERSITY OF WISCONSIN-MANITOWOC       ,WI,54220-6699,Public       ,208,82,290,208,82,290
00389706,UNIVERSITY OF WISCONSIN-MARATHON        ,WI,54401-5396,Public       ,518,181,699,518,181,699
00389707,UNIVERSITY OF WISCONSIN-MARINETTE       ,WI,54143-4299,Public       ,169,73,242,169,73,242
00389708,UNIVERSITY OF WISCONSIN-MARSHFIELD      ,WI,54449-3310,Public       ,196,77,273,196,77,273
00389709,UNIVERSITY OF WISCONSIN-RICHLAND        ,WI,53581-1399,Public       ,208,60,268,208,60,268
00389710,UNIVERSITY OF WISCONSIN COLLEGES - ROCK ,WI,53546-5699,Public       ,478,262,740,478,262,740
00389711,UNIVERSITY OF WISCONSIN-SHEBOYGAN       ,WI,53081-4789,Public       ,322,151,473,322,151,473
00389712,UNIVERSITY OF WISCONSIN-WASHINGTON      ,WI,53095-3699,Public       ,290,141,431,290,141,431
00389713,UNIVERSITY OF WISCONSIN-WAUKESHA        ,WI,53188-2799,Public       ,769,263,1032,769,263,1032
00389900,UNIVERSITY OF WISCONSIN-GREEN BAY       ,WI,54311-7001,Public       ,3480,1248,4728,3480,1248,4728
00391100,VITERBO UNIVERSITY                      ,WI,54601-4777,Private      ,1654,752,2406,1654,752,2406
00391500,UNIVERSITY OF WISCONSIN-STOUT           ,WI,54751-0790,Public       ,3939,932,4871,3939,932,4871
00391700,UNIVERSITY OF WISCONSIN-EAU CLAIRE      ,WI,54702-4004,Public       ,6554,872,7426,6554,872,7426
00391900,UNIVERSITY OF WISCONSIN-LA CROSSE       ,WI,54601-3742,Public       ,6956,1001,7957,6956,1001,7957
00392000,UNIVERSITY OF WISCONSIN-OSHKOSH         ,WI,54901-8604,Public       ,6271,1565,7836,6271,1565,7836
00392100,UNIVERSITY OF WISCONSIN-PLATTEVILLE     ,WI,53818-3099,Public       ,5071,765,5836,5071,765,5836
00392300,UNIVERSITY OF WISCONSIN-RIVER FALLS     ,WI,54022-5013,Public       ,2957,529,3486,2957,529,3486
00392400,UNIVERSITY OF WISCONSIN-STEVENS POINT   ,WI,54481-3871,Public       ,5597,1039,6636,5597,1039,6636
00392500,UNIVERSITY OF WISCONSIN-SUPERIOR        ,WI,54880-2898,Public       ,985,467,1452,985,467,1452
00392600,UNIVERSITY OF WISCONSIN-WHITEWATER      ,WI,53190-1792,Public       ,7251,1394,8645,7251,1394,8645
00400700,MADISON AREA TECHNICAL COLLEGE          ,WI,53704-2599,Public       ,2153,2807,4960,2153,2807,4960
00501500,UNIVERSITY OF WISCONSIN-PARKSIDE        ,WI,53141-2000,Public       ,2302,1064,3366,2302,1064,3366
00529400,WAUKESHA COUNTY TECHNICAL COLLEGE       ,WI,53072-4696,Public       ,685,1198,1883,685,1198,1883
00530100,NORTHEAST WISCONSIN TECHNICAL COLLEGE   ,WI,54307-9042,Public       ,1161,1772,2933,1161,1772,2933
00530400,CHIPPEWA VALLEY TECHNICAL COLLEGE       ,WI,54701-6162,Public       ,1010,1331,2341,1010,1331,2341
00538000,MID-STATE TECHNICAL COLLEGE             ,WI,54494-5512,Public       ,391,691,1082,391,691,1082
00538400,NICOLET AREA TECHNICAL COLLEGE          ,WI,54501-0000,Public       ,273,347,620,273,347,620
00538700,NORTHCENTRAL TECHNICAL COLLEGE          ,WI,54401-1899,Public       ,493,980,1473,493,980,1473
00538900,GATEWAY TECHNICAL COLLEGE               ,WI,53144-1690,Public       ,1056,3996,5052,1056,3996,5052
00539000,BLACKHAWK TECHNICAL COLLEGE             ,WI,53547-5009,Public       ,462,1337,1799,462,1337,1799
00612601,ST LUKE'S MEDCL CTR SCHL RAD TECH       ,WI,53215-4330,Private      ,29,44,73,29,44,73
00663900,BELLIN COLLEGE                          ,WI,54305-0000,Private      ,215,119,334,215,119,334
00732934,ITT TECHNICAL INSTITUTE                 ,WI,53220-4612,Proprietary  ,95,220,315,95,220,315
00766900,SOUTHWEST WISCONSIN TECH COLLEGE        ,WI,53809-0000,Public       ,370,315,685,370,315,685
00821700,WISCONSIN COLLEGE OF COSMETOLOGY        ,WI,54324-0257,Proprietary  ,34,39,73,34,39,73
00869405,RASMUSSEN COLLEGE - WAUSAU              ,WI,54401-7804,Proprietary  ,56,341,397,56,341,397
00869414,RASMUSSEN COLLEGE - GREEN BAY           ,WI,54303-2349,Proprietary  ,66,314,380,66,314,380
00869419,RASMUSSEN COLLEGE - APPLETON            ,WI,54915-7305,Proprietary  ,30,179,209,30,179,209
00919400,LAKESHORE TECHNICAL COLLEGE             ,WI,53015-1412,Public       ,343,646,989,343,646,989
00925600,MORAINE PARK TECHNICAL COLLEGE          ,WI,54936-0000,Public       ,459,1103,1562,459,1103,1562
00941900,STATE CLG OF BEAUTY CULT-WAUSAU         ,WI,54403-4667,Proprietary  ,17,16,33,17,16,33
00962100,HERZING UNIVERSITY                      ,WI,53718-4236,Proprietary  ,458,3864,4322,458,3864,4322
00974400,FOX VALLEY TECHNICAL COLLEGE            ,WI,54913-0000,Public       ,1400,2186,3586,1400,2186,3586
01091300,MADISON MEDIA INSTITUTE                 ,WI,53718-6787,Proprietary  ,262,169,431,262,169,431
01148400,ADVANCED INSTITUTE OF HAIR DESIGN       ,WI,53225-0000,Proprietary  ,89,101,190,89,101,190
01182400,WISCONSIN INDIANHEAD TECH CLG WITC      ,WI,54871-9300,Public       ,406,821,1227,406,821,1227
02077100,MILWAUKEE INST OF ART & DESIGN          ,WI,53202-0000,Private      ,785,170,955,785,170,955
02078000,SACRED HEART SCHOOL OF THEOLOGY         ,WI,53130-0000,Private      ,0,3,3,0,3,3
02136600,WISCONSIN LUTHERAN COLLEGE              ,WI,53226-0000,Private      ,885,124,1009,885,124,1009
02201803,KAPLAN COLLEGE - MILWAUKEE              ,WI,53212-3939,Proprietary  ,82,344,426,82,344,426
02239204,ANTHEM COLLEGE - BROOKFIELD             ,WI,53005-4207,Proprietary  ,7,25,32,7,25,32
02271300,WI SCH OF PROFESSIONAL PSYCHOLOGY       ,WI,53225-0000,Private      ,13,93,106,13,93,106
02317200,MARANATHA BAPTIST BIBLE COLLEGE         ,WI,53094-0000,Private      ,399,46,445,399,46,445
02324700,EMPIRE BEAUTY SCHOOL                    ,WI,53717-0000,Proprietary  ,38,55,93,38,55,93
02332100,EMPIRE BEAUTY SCHOOL                    ,WI,54220-0000,Proprietary  ,23,33,56,23,33,56
02332101,EMPIRE BEAUTY SCHOOL - APPLETON         ,WI,54914-4644,Proprietary  ,11,22,33,11,22,33
02453500,MEDICAL COLLEGE OF WISCONSIN            ,WI,53226-0000,Private      ,59,1048,1107,59,1048,1107
02494300,GILL-TECH ACADEMY OF HAIR DESIGN        ,WI,54911-0000,Proprietary  ,28,21,49,28,21,49
02532200,LAC COURTE OREILLES OJIBWA CMTY CLG     ,WI,54843-0000,Public       ,23,95,118,23,95,118
03007400,LAKESIDE SCHOOL OF MASSAGE THERAPY      ,WI,53212-0000,Private      ,17,39,56,17,39,56
03061200,MIDWEST COLLEGE OF ORIENTAL MEDICINE    ,WI,53403-9747,Proprietary  ,9,95,104,9,95,104
03077600,EMPIRE BEAUTY SCHOOL                    ,WI,54304-4838,Proprietary  ,48,67,115,48,67,115
03125100,COLLEGE OF MENOMINEE NATION             ,WI,54135-0000,Private      ,34,142,176,34,142,176
03125102,COLLEGE OF  THE MENOMINEE NATION - GREEN,WI,54304-4964,Private      ,22,82,104,22,82,104
03220300,"SALON PROFESSIONAL ACADEMY, THE         ",WI,54701-7633,Proprietary  ,28,36,64,28,36,64
03309300,MONTESSORI INSTITUTE OF MILWAUKEE       ,WI,53207-0000,Private      ,2,14,16,2,14,16
03808300,INSTITUTE OF BEAUTY AND WELLNESS (THE)  ,WI,53202-5715,Proprietary  ,65,103,168,65,103,168
03822300,FOUR SEASONS SALON AND COSMETOLOGY SCHOO,WI,53566-0000,Proprietary  ,7,9,16,7,9,16
03872500,NORTHLAND INTERNATIONAL UNIVERSITY      ,WI,54119-9285,Private      ,230,33,263,230,33,263
03925300,BLUE SKY SCHOOL OF PROFESSIONAL MASSAGE ,WI,53024-9699,Private      ,10,51,61,10,51,61
04117400,MILWAUKEE CAREER COLLEGE                ,WI,53222-4305,Proprietary  ,68,180,248,68,180,248
04118600,ACADEMY OF COSMETOLOGY                  ,WI,53548-3307,Proprietary  ,13,42,55,13,42,55
04124800,VISIONS IN HAIR DESIGN INSTITUTE OF COSM,WI,53210-1120,Proprietary  ,13,33,46,13,33,46
04132600,WISCONSIN ACADEMY (THE)                 ,WI,54157-1726,Proprietary  ,3,13,16,3,13,16
04137900,PC PROSCHOOLS                           ,WI,53005-6003,Proprietary  ,11,144,155,11,144,155
04138200,SALON PROFESSIONAL ACADEMY (THE)        ,WI,54914-3921,Proprietary  ,21,23,44,21,23,44
04157700,SALON PROFESSIONAL ACADEMY (THE)        ,WI,54650-8699,Proprietary  ,20,28,48,20,28,48
04159400,COLUMBIA COLLEGE OF NURSING             ,WI,53211-2952,Private      ,86,151,237,86,151,237
04165300,ACADEMY WAUKESHA (THE)                  ,WI,53072-5524,Proprietary  ,31,57,88,31,57,88
04179200,ADVANCED COLLEGE OF COSMETOLOGY         ,WI,53963-0000,Proprietary  ,8,9,17,8,9,17
04182100,FIRST CLASS COSMETOLOGY SCHOOL          ,WI,52511-0000,Proprietary  ,15,42,57,15,42,57
04183600,SALON PROFESSIONAL ACADEMY OF KENOSHA (T,WI,53142-4950,Proprietary  ,28,54,82,28,54,82
04202800,PANACHE ACADEMY OF BEAUTY               ,WI,53913-2596,Proprietary  ,7,10,17,7,10,17
00290500,NORTH CAROLINA A&T STATE UNIV           ,NC,27411-0001,Public       ,11550,4403,15953,11550,4403,15953
00290600,APPALACHIAN STATE UNIVERSITY            ,NC,28608-2059,Public       ,13831,2724,16555,13831,2724,16555
00290700,UNIVERSITY OF NC AT ASHEVILLE           ,NC,28804-3299,Public       ,3599,1145,4744,3599,1145,4744
00290800,BARTON COLLEGE                          ,NC,27893-3104,Private      ,1204,456,1660,1204,456,1660
00291000,BELMONT ABBEY COLLEGE                   ,NC,28012-1802,Private      ,969,563,1532,969,563,1532
00291100,BENNETT COLLEGE                         ,NC,27401-3239,Private      ,1098,379,1477,1098,379,1477
00291200,BREVARD COLLEGE                         ,NC,28712-3306,Private      ,730,88,818,730,88,818
00291300,CAMPBELL UNIVERSITY                     ,NC,27506-0036,Private      ,4776,1913,6689,4776,1913,6689
00291400,CATAWBA COLLEGE                         ,NC,28144-2488,Private      ,1524,374,1898,1524,374,1898
00291500,CENTRAL PIEDMONT COMMUNITY COLLEGE      ,NC,28204-2297,Public       ,3944,6605,10549,3944,6605,10549
00291600,CHOWAN UNIVERSITY                       ,NC,27855-1850,Private      ,1808,267,2075,1808,267,2075
00291700,COLLEGE OF THE ALBEMARLE                ,NC,27909-2327,Public       ,420,687,1107,420,687,1107
00291800,DAVIDSON COLLEGE                        ,NC,28035-7157,Private      ,2971,140,3111,2971,140,3111
00291900,DAVIDSON COUNTY COMMUNITY COLLEGE       ,NC,27293-0000,Public       ,782,1903,2685,782,1903,2685
00292000,DUKE UNIVERSITY                         ,NC,27708-0397,Private      ,17157,1098,18255,17157,1098,18255
00292001,DUKE UNIV - SCHOOL OF MEDICINE          ,NC,27710-0000,Private      ,163,820,983,163,820,983
00292002,DUKE UNIV - SCHOOL OF LAW               ,NC,27708-0000,Private      ,49,2214,2263,49,2214,2263
00292003,DUKE UNIV - GRAD SCH ARTS & SCIENCE     ,NC,27708-0000,Private      ,117,607,724,117,607,724
00292004,DUKE UNIV - FUQUA SCH OF BUSINESS       ,NC,27708-0000,Private      ,60,680,740,60,680,740
00292005,DUKE UNIV/NICHOLAS SCH OF ENVIRON.      ,NC,27708-0000,Private      ,33,324,357,33,324,357
00292006,DUKE UNIV - DIVINITY SCHOOL             ,NC,27708-0000,Private      ,232,494,726,232,494,726
00292007,DUKE UNIV - SCHOOL OF NURSING           ,NC,27710-0000,Private      ,158,636,794,158,636,794
00292010,DUKE UNIVERSITY - SCHOOL OF PUBLIC POLIC,NC,27708-0239,Private      ,28,235,263,28,235,263
00292300,EAST CAROLINA UNIVERSITY                ,NC,27858-1818,Public       ,17284,6887,24171,17284,6887,24171
00292600,ELIZABETH CITY STATE UNIVERSITY         ,NC,27909-7806,Public       ,3415,1099,4514,3415,1099,4514
00292700,ELON UNIVERSITY                         ,NC,27244-2010,Private      ,6890,857,7747,6890,857,7747
00292800,FAYETTEVILLE STATE UNIVERSITY           ,NC,28301-4298,Public       ,3703,3530,7233,3703,3530,7233
00292900,GARDNER-WEBB UNIVERSITY                 ,NC,28017-0000,Private      ,2558,1432,3990,2558,1432,3990
00293000,GREENSBORO COLLEGE                      ,NC,27401-1875,Private      ,1247,685,1932,1247,685,1932
00293100,GUILFORD COLLEGE                        ,NC,27410-4171,Private      ,2552,1699,4251,2552,1699,4251
00293300,HIGH POINT UNIVERSITY                   ,NC,27262-4221,Private      ,5099,560,5659,5099,560,5659
00293400,ISOTHERMAL COMMUNITY COLLEGE            ,NC,28160-0804,Public       ,366,591,957,366,591,957
00293500,LAUREL UNIVERSITY                       ,NC,27265-3197,Private      ,25,126,151,25,126,151
00293600,JOHNSON C SMITH UNIVERSITY              ,NC,28216-5398,Private      ,2410,935,3345,2410,935,3345
00293700,KING'S COLLEGE-CHARLOTTE                ,NC,28204-2435,Proprietary  ,476,422,898,476,422,898
00293900,LEES MCRAE COLLEGE                      ,NC,28604-0000,Private      ,761,156,917,761,156,917
00294000,LENOIR COMMUNITY COLLEGE                ,NC,28502-0188,Public       ,372,823,1195,372,823,1195
00294100,LENOIR-RHYNE UNIVERSITY                 ,NC,28603-0000,Private      ,2361,655,3016,2361,655,3016
00294200,LIVINGSTONE COLLEGE                     ,NC,28144-5298,Private      ,934,275,1209,934,275,1209
00294300,LOUISBURG COLLEGE                       ,NC,27549-2398,Private      ,839,141,980,839,141,980
00294400,MARS HILL COLLEGE                       ,NC,28754-0000,Private      ,1912,245,2157,1912,245,2157
00294500,MEREDITH COLLEGE                        ,NC,27607-5298,Private      ,1611,588,2199,1611,588,2199
00294600,METHODIST UNIVERSITY                    ,NC,28311-1420,Private      ,2152,907,3059,2152,907,3059
00294700,MITCHELL COMMUNITY COLLEGE              ,NC,28677-5264,Public       ,604,1071,1675,604,1071,1675
00294800,MONTREAT COLLEGE                        ,NC,28757-1267,Private      ,513,268,781,513,268,781
00294900,MOUNT OLIVE COLLEGE                     ,NC,28365-1299,Private      ,875,1716,2591,875,1716,2591
00295000,NORTH CAROLINA CENTRAL UNIVERSITY       ,NC,27707-3198,Public       ,8374,4937,13311,8374,4937,13311
00295100,NORTH CAROLINA WESLEYAN COLLEGE         ,NC,27804-8699,Private      ,869,595,1464,869,595,1464
00295300,PEACE COLLEGE                           ,NC,27604-1194,Private      ,757,322,1079,757,322,1079
00295400,UNIV OF NORTH CAROLINA AT PEMBROKE      ,NC,28372-1510,Public       ,4359,2045,6404,4359,2045,6404
00295500,PFEIFFER UNIVERSITY                     ,NC,28109-0000,Private      ,757,567,1324,757,567,1324
00295600,PIEDMONT BAPTIST COLLEGE AND GRADUATE SC,NC,27101-5025,Private      ,100,105,205,100,105,205
00295700,QUEENS UNIVERSITY OF CHARLOTTE          ,NC,28274-0001,Private      ,1890,1126,3016,1890,1126,3016
00295800,ROCKINGHAM COMMUNITY COLLEGE            ,NC,27375-0000,Public       ,498,723,1221,498,723,1221
00296000,SALEM COLLEGE                           ,NC,27108-0000,Private      ,709,490,1199,709,490,1199
00296100,SANDHILLS COMMUNITY COLLEGE             ,NC,28374-8283,Public       ,674,1230,1904,674,1230,1904
00296200,SHAW UNIVERSITY                         ,NC,27601-2393,Private      ,1935,1224,3159,1935,1224,3159
00296400,SOUTHEASTERN COMMUNITY COLLEGE          ,NC,28472-5422,Public       ,268,524,792,268,524,792
00296800,ST AUGUSTINES COLLEGE                   ,NC,27610-2298,Private      ,1757,609,2366,1757,609,2366
00297000,SURRY COMMUNITY COLLEGE                 ,NC,27017-0304,Public       ,677,788,1465,677,788,1465
00297200,NORTH CAROLINA STATE UNIV-RALEIGH       ,NC,27695-7001,Public       ,23431,7089,30520,23431,7089,30520
00297300,GASTON COLLEGE                          ,NC,28034-1499,Public       ,1042,2005,3047,1042,2005,3047
00297400,UNIVERSITY OF N C-CHAPEL HILL           ,NC,27514-0000,Public       ,24544,10532,35076,24544,10532,35076
00297500,UNIVERSITY OF NC AT CHARLOTTE           ,NC,28223-0001,Public       ,18356,7912,26268,18356,7912,26268
00297600,UNIVERSITY OF N C - GREENSBORO          ,NC,27412-0001,Public       ,13763,6894,20657,13763,6894,20657
00297800,WAKE FOREST UNIV - UNDERGRADUATE        ,NC,27109-7246,Private      ,7371,301,7672,7371,301,7672
00297801,WAKE FOREST UNIV - SCH OF MEDICINE      ,NC,27157-1090,Private      ,103,827,930,103,827,930
00297803,WAKE FOREST GRAD SCHOOLS OF BUSINESS    ,NC,27109-7659,Private      ,43,370,413,43,370,413
00297805,WAKE FOREST UNIV - SCH OF LAW           ,NC,27109-7206,Private      ,31,1289,1320,31,1289,1320
00297806,WAKE FOREST UNIV - GRAD A&S/DIVINITY    ,NC,27109-7246,Private      ,47,369,416,47,369,416
00297900,WARREN WILSON COLLEGE                   ,NC,28815-0000,Private      ,987,277,1264,987,277,1264
00298000,WAYNE COMMUNITY COLLEGE                 ,NC,27533-0000,Public       ,553,1134,1687,553,1134,1687
00298100,WESTERN CAROLINA UNIVERSITY             ,NC,28723-9731,Public       ,8082,2553,10635,8082,2553,10635
00298200,WESTERN PIEDMONT COMMUNITY COLLEGE      ,NC,28655-4504,Public       ,444,845,1289,444,845,1289
00298300,WILKES COMMUNITY COLLEGE                ,NC,28697-2100,Public       ,475,602,1077,475,602,1077
00298400,UNIVERSITY OF N C-WILMINGTON            ,NC,28403-3297,Public       ,11599,3096,14695,11599,3096,14695
00298500,WINGATE UNIVERSITY                      ,NC,28174-0159,Private      ,3020,624,3644,3020,624,3644
00298600,WINSTON-SALEM STATE UNIVERSITY          ,NC,27102-0000,Public       ,6714,3300,10014,6714,3300,10014
00398100,UNC SCHOOL OF THE ARTS                  ,NC,27127-2188,Public       ,1165,324,1489,1165,324,1489
00403300,ASHEVILLE BUNCOMBE TECH CMTY CLG        ,NC,28801-4897,Public       ,1205,2465,3670,1205,2465,3670
00406200,PITT COMMUNITY COLLEGE                  ,NC,28590-0000,Public       ,1985,2838,4823,1985,2838,4823
00483500,CALDWELL COMMUNITY CLG & TECH INST      ,NC,28638-2626,Public       ,861,1400,2261,861,1400,2261
00483800,GUILFORD TECHNICAL COMMUNITY CLG        ,NC,27282-0309,Public       ,3817,7707,11524,3817,7707,11524
00484400,WAKE TECHNICAL COMMUNITY COLLEGE        ,NC,27603-5696,Public       ,3824,6490,10314,3824,6490,10314
00484500,WILSON COMMUNITY COLLEGE                ,NC,27893-3310,Public       ,241,605,846,241,605,846
00499201,MILLER-MOTTE TECHNICAL COLLEGE - MILLER-,NC,27511-9209,Proprietary  ,34,234,268,34,234,268
00499202,MILLER-MOTTE TECHNICAL COLLEGE - MILLER-,NC,27604-6072,Proprietary  ,144,522,666,144,522,666
00499203,MILLER-MOTTE TECHNICAL COLLEGE - FAYETTE,NC,28311-7651,Proprietary  ,147,691,838,147,691,838
00499205,MILLER-MOTTE TECHNICAL COLLEGE - MILLER-,NC,28540-5901,Proprietary  ,53,392,445,53,392,445
00531600,COASTAL CAROLINA COMMUNITY COLLEGE      ,NC,28546-6816,Public       ,637,1727,2364,637,1727,2364
00531700,FORSYTH TECHNICAL COMMUNITY COLLEGE     ,NC,27103-5197,Public       ,1951,4287,6238,1951,4287,6238
00531800,CATAWBA VALLEY COMMUNITY COLLEGE        ,NC,28602-8302,Public       ,1278,1849,3127,1278,1849,3127
00532000,CAPE FEAR COMMUNITY COLLEGE             ,NC,28401-3910,Public       ,1838,2309,4147,1838,2309,4147
00544700,RANDOLPH COMMUNITY COLLEGE              ,NC,27204-1009,Public       ,539,1139,1678,539,1139,1678
00544800,DURHAM TECHNICAL CMNTY COLLEGE          ,NC,27703-5023,Public       ,849,2524,3373,849,2524,3373
00544900,CENTRAL CAROLINA COMMUNITY COLLEGE      ,NC,27330-9000,Public       ,620,1521,2141,620,1521,2141
00546300,ALAMANCE COMMUNITY COLLEGE              ,NC,27253-0000,Public       ,787,1505,2292,787,1505,2292
00546400,RICHMOND COMMUNITY COLLEGE              ,NC,28345-4522,Public       ,273,756,1029,273,756,1029
00575400,ROWAN-CABARRUS COMMUNITY COLLEGE        ,NC,28146-8357,Public       ,852,1807,2659,852,1807,2659
00647700,CABARRUS COLLEGE OF HEALTH SCIENCES     ,NC,28025-0000,Private      ,196,462,658,196,462,658
00647800,MERCY HOSP SCH OF NURSING               ,NC,28207-0000,Public       ,135,437,572,135,437,572
00648300,WATTS SCHOOL OF NURSING                 ,NC,27704-0000,Private      ,64,198,262,64,198,262
00679900,CRAVEN COMMUNITY COLLEGE                ,NC,28562-0000,Public       ,373,1340,1713,373,1340,1713
00703100,PAMLICO COMMUNITY COLLEGE               ,NC,28529-0000,Public       ,17,94,111,17,94,111
00764000,FAYETTEVILLE TECHNICAL CMTY COLLEGE     ,NC,28303-0236,Public       ,1481,5323,6804,1481,5323,6804
00768700,JAMES SPRUNT COMMUNITY COLLEGE          ,NC,28349-0398,Public       ,188,523,711,188,523,711
00781400,BROOKSTONE COLLEGE OF BUSINESS          ,NC,28262-1294,Proprietary  ,50,202,252,50,202,252
00781401,BROOKSTONE COLLEGE OF BUSINESS          ,NC,27409-0000,Proprietary  ,33,158,191,33,158,191
00789200,SAMPSON COMMUNITY COLLEGE               ,NC,28328-0000,Public       ,254,634,888,254,634,888
00798500,SOUTH PIEDMONT COMMUNITY COLLEGE        ,NC,28135-9703,Public       ,349,764,1113,349,764,1113
00798600,HALIFAX COMMUNITY COLLEGE               ,NC,27890-0089,Public       ,227,465,692,227,465,692
00798700,BLADEN COMMUNITY COLLEGE                ,NC,28332-0266,Public       ,211,598,809,211,598,809
00798800,MARTIN COMMUNITY COLLEGE                ,NC,27892-8307,Public       ,105,222,327,105,222,327
00808100,CARTERET COMMUNITY COLLEGE              ,NC,28557-2989,Public       ,218,681,899,218,681,899
00808200,CLEVELAND COMMUNITY COLLEGE             ,NC,28150-0000,Public       ,370,770,1140,370,770,1140
00808300,HAYWOOD COMMUNITY COLLEGE               ,NC,28721-0000,Public       ,240,452,692,240,452,692
00808500,MCDOWELL TECHNICAL COMMUNITY CLG        ,NC,28752-8728,Public       ,155,316,471,155,316,471
00808700,MONTGOMERY COMMUNITY COLLEGE            ,NC,27371-0787,Public       ,163,308,471,163,308,471
00846600,SOUTHWESTERN COMMUNITY COLLEGE          ,NC,28779-8581,Public       ,438,756,1194,438,756,1194
00855700,NASH COMMUNITY COLLEGE                  ,NC,27804-0488,Public       ,522,1030,1552,522,1030,1552
00855800,BEAUFORT COUNTY COMMUNITY COLLEGE       ,NC,27889-7889,Public       ,228,604,832,228,604,832
00861200,ROBESON COMMUNITY COLLEGE               ,NC,28359-2151,Public       ,450,1139,1589,450,1139,1589
00861300,ROANOKE-CHOWAN COMMUNITY COLLEGE        ,NC,27910-9522,Public       ,125,317,442,125,317,442
00885500,EDGECOMBE COMMUNITY COLLEGE             ,NC,27886-9399,Public       ,264,1009,1273,264,1009,1273
00902500,EMPIRE BEAUTY SCHOOL                    ,NC,28105-2508,Proprietary  ,49,140,189,49,140,189
00933600,JOHNSTON COMMUNITY COLLEGE              ,NC,27577-0000,Public       ,669,1462,2131,669,1462,2131
00943000,TRI-COUNTY COMMUNITY COLLEGE            ,NC,28906-7919,Public       ,150,283,433,150,283,433
00964600,PIEDMONT COMMUNITY COLLEGE              ,NC,27573-1197,Public       ,168,417,585,168,417,585
00968400,BLUE RIDGE COMMUNITY COLLEGE            ,NC,28731-9624,Public       ,318,582,900,318,582,900
00974701,GORDON-CONWELL THEO SEM - CHARLOTTE     ,NC,28273-0000,Private      ,7,109,116,7,109,116
00990300,VANCE-GRANVILLE CMTY COLLEGE            ,NC,27536-0917,Public       ,459,937,1396,459,937,1396
01026400,SOUTH COLLEGE                           ,NC,28803-3152,Proprietary  ,56,183,239,56,183,239
01119400,STANLY COMMUNITY COLLEGE                ,NC,28001-7458,Public       ,398,812,1210,398,812,1210
01119700,MAYLAND COMMUNITY COLLEGE               ,NC,28777-2777,Public       ,205,309,514,205,309,514
01179900,PAUL MITCHELL THE SCHOOL FAYETTEVILLE   ,NC,28303-5364,Proprietary  ,53,190,243,53,190,243
01192600,LEON'S BEAUTY SCHOOL                    ,NC,27403-2812,Proprietary  ,70,191,261,70,191,261
02056500,MITCHELL'S HAIR STYLING ACADEMY         ,NC,27893-0000,Proprietary  ,15,45,60,15,45,60
02056501,MITCHELL'S HAIR STYLING ACADEMY - MITCHE,NC,27606-3326,Proprietary  ,46,131,177,46,131,177
02110500,ART INSTITUTE OF CHARLOTTE (THE)        ,NC,28217-0000,Proprietary  ,1292,919,2211,1292,919,2211
02158414,HARRISON COLLEGE - THE CHEF'S ACADEMY - ,NC,27560-0000,Proprietary  ,25,43,68,25,43,68
02170700,BRUNSWICK COMMUNITY COLLEGE             ,NC,28422-0000,Public       ,260,394,654,260,394,654
02205000,COLLEGE OF WILMINGTON                   ,NC,28403-0000,Proprietary  ,95,112,207,95,112,207
02210400,FAYETTEVILLE BEAUTY COLLEGE             ,NC,28303-0000,Proprietary  ,35,143,178,35,143,178
02227800,MITCHELL'S HAIR STYLING ACADEMY         ,NC,27534-0000,Proprietary  ,15,26,41,15,26,41
02227900,MITCHELL'S HAIR STYLING ACADEMY         ,NC,27858-0000,Proprietary  ,24,47,71,24,47,71
02280900,MID-ATLANTIC CHRISTIAN UNIVERSITY       ,NC,27909-0000,Private      ,99,49,148,99,49,148
02326203,KAPLAN CAREER INSTITUTE - KAPLAN COLLEGE,NC,28212-6830,Proprietary  ,140,694,834,140,694,834
02558900,CHEVEUX SCHOOL OF HAIR DESIGN           ,NC,28540-0000,Proprietary  ,5,18,23,5,18,23
02560600,PINNACLE INSTITUTE OF COSMETOLOGY       ,NC,28115-8020,Proprietary  ,18,34,52,18,34,52
02614201,MILLER-MOTTE BUSINESS COLLEGE           ,NC,28403-0000,Proprietary  ,127,956,1083,127,956,1083
02614205,MILLER - MOTTE TECHNICAL COLLEGE - MILLE,NC,27834-5052,Proprietary  ,84,279,363,84,279,363
03009500,WINSTON-SALEM BARBER SCHOOL             ,NC,27107-0000,Proprietary  ,36,74,110,36,74,110
03064400,REGENCY BEAUTY INSTITUTE                ,NC,27127-0000,Proprietary  ,38,100,138,38,100,138
03089300,HERITAGE BIBLE COLLEGE                  ,NC,28335-0000,Private      ,8,41,49,8,41,49
03104200,CAROLINAS COLLEGE OF HEALTH SCIENCE     ,NC,28232-2861,Public       ,258,703,961,258,703,961
03109000,LIVING ARTS COLLEGE                     ,NC,27614-7076,Proprietary  ,239,259,498,239,259,498
03361300,MEDICAL ARTS MASSAGE SCHOOL             ,NC,27616-6453,Proprietary  ,29,116,145,29,116,145
03513400,APEX SCHOOL OF THEOLOGY                 ,NC,27703-8024,Private      ,6,270,276,6,270,276
03555300,SOUTHEASTERN INSTITUTE                  ,NC,28217-0000,Proprietary  ,59,203,262,59,203,262
03555400,SOUTHEASTERN SCHOOL OF NEUROMUSCULAR  MA,NC,29406-0000,Proprietary  ,7,22,29,7,22,29
03570300,CAROLINA CHRISTIAN COLLEGE              ,NC,27105-3241,Private      ,28,86,114,28,86,114
03663300,HOOD THEOLOGICAL SEMINARY               ,NC,28144-5768,Private      ,2,65,67,2,65,67
03748500,LA SHE'S BEAUTY ACADEMY                 ,NC,27707-3569,Proprietary  ,11,46,57,11,46,57
03777300,CAROLINA ACAD OF COSMETIC ART & SCI     ,NC,28054-0460,Proprietary  ,46,88,134,46,88,134
03827300,NEW LIFE THEOLOGICAL SEMINARY           ,NC,28205-1648,Private      ,4,116,120,4,116,120
04073300,JUNG TAO SCHOOL OF CLASSICAL CHINESE MED,NC,28679-9657,Private      ,0,16,16,0,16,16
04098300,TECHSKILLS - CHARLOTTE                  ,NC,28217-0000,Proprietary  ,45,148,193,45,148,193
04101300,CAROLINA SCHOOL OF BROADCASTING         ,NC,28214-8085,Proprietary  ,61,163,224,61,163,224
04115700,REGINA'S COLLEGE OF BEAUTY              ,NC,28110-2831,Proprietary  ,7,45,52,7,45,52
04120300,"FILA ACADEMY, THE                       ",NC,27265-3114,Proprietary  ,9,32,41,9,32,41
04129400,CENTER FOR MASSAGE & NATURAL HEALTH     ,NC,28787-8331,Proprietary  ,10,34,44,10,34,44
04140700,AVEDA INSTITUTE CHAPEL HILL             ,NC,27516-2559,Proprietary  ,64,100,164,64,100,164
04143500,CHARLOTTE SCHOOL OF LAW                 ,NC,28208-2816,Proprietary  ,37,1407,1444,37,1407,1444
04146400,DAOIST TRADITIONS COLLEGE OF CHINESE MED,NC,28801-1060,Proprietary  ,4,36,40,4,36,40
04149300,PARK WEST BARBER SCHOOL                 ,NC,27701-4022,Proprietary  ,36,161,197,36,161,197
04154200,CAROLINA BIBLE COLLEGE                  ,NC,29303-5157,Private      ,9,103,112,9,103,112
04172800,BODY THERAPY INSTITUTE                  ,NC,27344-6728,Proprietary  ,6,43,49,6,43,49
04173000,SHEPHERDS THEOLOGICAL SEMINARY          ,NC,27518-9316,Private      ,0,15,15,0,15,15
04173700,GRACE COLLEGE OF DIVINITY               ,NC,28314-2343,Private      ,7,38,45,7,38,45
04178100,CAROLINA COLLEGE OF HAIR DESIGN         ,NC,28802-1232,Proprietary  ,21,40,61,21,40,61
04204700,PAUL MITCHELL THE SCHOOL RALEIGH        ,NC,27612-7358,Proprietary  ,49,91,140,49,91,140
00298800,BISMARCK STATE COLLEGE                  ,ND,58501-1299,Public       ,879,582,1461,879,582,1461
00298900,DICKINSON STATE UNIVERSITY              ,ND,58601-4896,Public       ,555,271,826,555,271,826
00299000,JAMESTOWN COLLEGE                       ,ND,58405-3401,Private      ,627,62,689,627,62,689
00299100,LAKE REGION STATE COLLEGE               ,ND,58301-1598,Public       ,181,158,339,181,158,339
00299200,UNIVERSITY OF MARY                      ,ND,58504-9652,Private      ,1048,618,1666,1048,618,1666
00299300,MAYVILLE STATE UNIVERSITY               ,ND,58257-1299,Public       ,407,142,549,407,142,549
00299400,MINOT STATE UNIVERSITY                  ,ND,58707-0002,Public       ,925,587,1512,925,587,1512
00299500,DAKOTA COLLEGE AT BOTTINEAU             ,ND,58318-1159,Public       ,117,95,212,117,95,212
00299600,NORTH DAKOTA STATE CLG OF SCIENCE       ,ND,58076-0002,Public       ,792,275,1067,792,275,1067
00299700,NORTH DAKOTA STATE UNIVERSITY           ,ND,58108-6050,Public       ,6136,1345,7481,6136,1345,7481
00300500,UNIVERSITY OF NORTH DAKOTA              ,ND,58202-8193,Public       ,5293,2298,7591,5293,2298,7591
00300700,WILLISTON STATE COLLEGE                 ,ND,58802-1326,Public       ,148,125,273,148,125,273
00300800,VALLEY CITY STATE UNIVERSITY            ,ND,58072-0000,Public       ,448,154,602,448,154,602
00775600,JOSEF'S SCHOOL OF HAIR DESIGN INC       ,ND,58102-4977,Proprietary  ,20,26,46,20,26,46
00869408,RASMUSSEN COLLEGE - FARGO               ,ND,58103-7196,Proprietary  ,53,269,322,53,269,322
00869415,RASMUSSEN COLLEGE - BISMARCK            ,ND,58503-0000,Proprietary  ,22,108,130,22,108,130
00935400,MEDCENTER ONE COLLEGE OF NURSING        ,ND,58501-4494,Private      ,54,40,94,54,40,94
01040600,JOSEF'S SCHOOL OF HAIR DESIGN           ,ND,58201-6394,Proprietary  ,13,26,39,13,26,39
01205900,TRINITY BIBLE COLLEGE                   ,ND,58436-7150,Private      ,69,31,100,69,31,100
01229500,JZ TREND ACADEMY PAUL MITCHELL PARTNER S,ND,58501-0000,Proprietary  ,18,19,37,18,19,37
02188200,SITTING BULL COLLEGE                    ,ND,58538-9701,Public       ,24,98,122,24,98,122
02236500,LITTLE HOOP COMMUNITY COLLEGE           ,ND,58335-0000,Public       ,9,38,47,9,38,47
02242900,UNITED TRIBES TECHNICAL COLLEGE         ,ND,58504-0000,Private      ,88,249,337,88,249,337
02298200,HEADQUARTERS ACADEMY OF HAIR DESIGN     ,ND,58701-0000,Proprietary  ,2,14,16,2,14,16
02301100,TURTLE MTN CMNTY COLG-FIN AID OFC       ,ND,58316-0000,Private      ,78,116,194,78,116,194
02553700,FORT BERTHOLD COMMUNITY COLLEGE         ,ND,58763-0000,Public       ,11,34,45,11,34,45
03087200,MOLER BARBER CLG OF HAIRSTYLING         ,ND,58103-0000,Proprietary  ,2,4,6,2,4,6
04031300,SALON PROFESSIONAL ACADEMY (THE)        ,ND,58103-3337,Proprietary  ,24,22,46,24,22,46
04139400,HAIR ACADEMY (THE)                      ,ND,58501-4929,Proprietary  ,18,8,26,18,8,26
00301005,ANTIOCH UNIV/SEATTLE                    ,WA,98121-0000,Private      ,88,813,901,88,813,901
00376900,BELLEVUE COLLEGE                        ,WA,98007-6484,Public       ,3878,4639,8517,3878,4639,8517
00377000,BIG BEND COMMUNITY COLLEGE              ,WA,98837-3299,Public       ,732,988,1720,732,988,1720
00377100,"CENTRAL WASHINGTON UNIV., FIN AID       ",WA,98926-7495,Public       ,10158,4007,14165,10158,4007,14165
00377200,CENTRALIA COLLEGE                       ,WA,98531-4099,Public       ,898,1263,2161,898,1263,2161
00377300,CLARK COLLEGE                           ,WA,98663-3598,Public       ,3336,5787,9123,3336,5787,9123
00377400,COLUMBIA BASIN COLLEGE                  ,WA,99301-3379,Public       ,2486,2511,4997,2486,2511,4997
00377500,EASTERN WASHINGTON UNIVERSITY           ,WA,99004-2447,Public       ,11438,5978,17416,11438,5978,17416
00377600,EVERETT COMMUNITY COLLEGE               ,WA,98201-1352,Public       ,2243,3704,5947,2243,3704,5947
00377700,HERITAGE UNIVERSITY                     ,WA,98948-9562,Private      ,586,1051,1637,586,1051,1637
00377800,GONZAGA UNIVERSITY                      ,WA,99258-0083,Private      ,8357,2789,11146,8357,2789,11146
00377900,GRAYS HARBOR COLLEGE                    ,WA,98520-7599,Public       ,459,951,1410,459,951,1410
00378000,GREEN RIVER COMMUNITY COLLEGE           ,WA,98092-3622,Public       ,2316,3107,5423,2316,3107,5423
00378100,HIGHLINE COMMUNITY COLLEGE              ,WA,98198-9800,Public       ,2369,3329,5698,2369,3329,5698
00378200,LOWER COLUMBIA COLLEGE                  ,WA,98632-0310,Public       ,761,1812,2573,761,1812,2573
00378300,NORTHWEST UNIVERSITY                    ,WA,98083-0000,Private      ,1212,612,1824,1212,612,1824
00378400,OLYMPIC COLLEGE                         ,WA,98337-1600,Public       ,1393,3311,4704,1393,3311,4704
00378500,PACIFIC LUTHERAN UNIVERSITY             ,WA,98447-0003,Private      ,4884,1720,6604,4884,1720,6604
00378600,PENINSULA COLLEGE                       ,WA,98362-6660,Public       ,355,937,1292,355,937,1292
00378700,SEATTLE CENTRAL COMMUNITY COLLEGE       ,WA,98122-2413,Public       ,2635,4545,7180,2635,4545,7180
00378703,SEATTLE VOCATIONAL INSTITUTE            ,WA,98144-0000,Public       ,108,391,499,108,391,499
00378800,SEATTLE PACIFIC UNIVERSITY              ,WA,98119-1997,Private      ,6884,2071,8955,6884,2071,8955
00379000,SEATTLE UNIVERSITY                      ,WA,98122-1090,Private      ,9075,5451,14526,9075,5451,14526
00379100,SHORELINE COMMUNITY COLLEGE             ,WA,98133-5696,Public       ,1852,3112,4964,1852,3112,4964
00379200,SKAGIT VALLEY COLLEGE                   ,WA,98273-5899,Public       ,1213,1860,3073,1213,1860,3073
00379300,SPOKANE COMMUNITY COLLEGE               ,WA,99207-5399,Public       ,3372,6538,9910,3372,6538,9910
00379400,ST MARTIN'S UNIVERSITY                  ,WA,98503-7500,Private      ,1339,776,2115,1339,776,2115
00379600,TACOMA COMMUNITY COLLEGE                ,WA,98466-6100,Public       ,3013,6398,9411,3013,6398,9411
00379700,UNIVERSITY OF PUGET SOUND               ,WA,98416-1039,Private      ,4905,1389,6294,4905,1389,6294
00379800,UNIVERSITY OF WASHINGTON                ,WA,98195-5880,Public       ,32199,24178,56377,32199,24178,56377
00379900,WALLA WALLA UNIVERSITY                  ,WA,99324-1198,Private      ,1249,440,1689,1249,440,1689
00380000,WASHINGTON STATE UNIVERSITY             ,WA,99164-1035,Public       ,23975,10487,34462,23975,10487,34462
00380100,WENATCHEE VALLEY COLLEGE                ,WA,98801-1799,Public       ,1263,1593,2856,1263,1593,2856
00380200,WESTERN WASHINGTON UNIVERSITY           ,WA,98225-5946,Public       ,16779,3987,20766,16779,3987,20766
00380300,WHITMAN COLLEGE                         ,WA,99362-2067,Private      ,2494,114,2608,2494,114,2608
00380400,WHITWORTH UNIVERSITY                    ,WA,99251-0001,Private      ,4492,1002,5494,4492,1002,5494
00380500,YAKIMA VALLEY COMMUNITY COLLEGE         ,WA,98907-2520,Public       ,2577,3157,5734,2577,3157,5734
00499900,BELLINGHAM TECHNICAL COLLEGE            ,WA,98225-0000,Public       ,712,1555,2267,712,1555,2267
00500000,PIERCE COLLEGE                          ,WA,98498-1919,Public       ,2354,4719,7073,2354,4719,7073
00500100,EDMONDS COMMUNITY COLLEGE               ,WA,98036-5999,Public       ,1854,3099,4953,1854,3099,4953
00500600,WALLA WALLA COMMUNITY COLLEGE           ,WA,99362-9267,Public       ,1432,1649,3081,1432,1649,3081
00530600,BATES TECHNICAL COLLEGE                 ,WA,98405-0000,Public       ,721,2030,2751,721,2030,2751
00537200,SOUTH PUGET SOUND COMMUNITY COLLEGE     ,WA,98512-6292,Public       ,1465,3012,4477,1465,3012,4477
00537300,LAKE WASHINGTON TECHNICAL COLLEGE       ,WA,98034-8505,Public       ,556,1577,2133,556,1577,2133
00575200,CLOVER PARK TECHNICAL COLLEGE           ,WA,98499-0000,Public       ,959,3403,4362,959,3403,4362
00815500,EVERGREEN STATE COLLEGE (THE)           ,WA,98505-0002,Public       ,3353,3143,6496,3353,3143,6496
00907901,EVEREST COLLEGE                         ,WA,98684-6950,Proprietary  ,126,301,427,126,301,427
00938700,PERRY TECHNICAL INSTITUTE               ,WA,98903-1239,Private      ,515,563,1078,515,563,1078
00954400,SPOKANE FALLS COMMUNITY COLLEGE         ,WA,99224-5204,Public       ,3497,4472,7969,3497,4472,7969
00970400,NORTH SEATTLE COMMUNITY COLLEGE         ,WA,98103-3599,Public       ,1510,3380,4890,1510,3380,4890
00970600,SOUTH SEATTLE COMMUNITY COLLEGE         ,WA,98106-1499,Public       ,1810,2880,4690,1810,2880,4690
00973900,GLEN DOW ACAD OF HAIR DESIGN            ,WA,99201-0209,Proprietary  ,83,136,219,83,136,219
01036400,WHATCOM COMMUNITY COLLEGE               ,WA,98226-8003,Public       ,1755,2181,3936,1755,2181,3936
01043400,RENTON TECHNICAL COLLEGE                ,WA,98056-0000,Public       ,647,1728,2375,647,1728,2375
01148100,DIVERS INSTITUTE OF TECHNOLOGY          ,WA,98107-0000,Proprietary  ,73,183,256,73,183,256
01231500,CORNISH COLLEGE OF THE ARTS             ,WA,98121-4604,Private      ,1541,396,1937,1541,396,1937
01249600,"BEAUTIWORKS SEATTLE, LLC                ",WA,98133-5615,Proprietary  ,17,36,53,17,36,53
01302200,CITY UNIVERSITY OF SEATTLE              ,WA,98005-3030,Private      ,145,1008,1153,145,1008,1153
01309400,BELLINGHAM BEAUTY SCHOOL                ,WA,98225-0000,Proprietary  ,33,59,92,33,59,92
02105300,EVERGREEN BEAUTY AND BARBER COLLEGE     ,WA,98007-3722,Proprietary  ,47,83,130,47,83,130
02106700,TRINITY LUTHERAN COLLEGE                ,WA,98201-3569,Private      ,188,76,264,188,76,264
02180000,NORTHWEST INDIAN COLLEGE                ,WA,98226-9278,Public       ,91,317,408,91,317,408
02184200,PAROBA COLLEGE OF COSMETOLOGY           ,WA,98208-0000,Proprietary  ,29,70,99,29,70,99
02202200,STYLEMASTERS COLLEGE OF HAIR DESIGN     ,WA,98632-0000,Proprietary  ,14,40,54,14,40,54
02203300,GENE JUAREZ ACADEMY OF BEAUTY           ,WA,98125-0000,Proprietary  ,198,260,458,198,260,458
02222900,INTERNATIONAL AIR & HOSPITALITY ACADEMY ,WA,98661-4835,Proprietary  ,123,163,286,123,163,286
02236800,PROFESSIONAL BEAUTY SCHOOL              ,WA,98902-0000,Proprietary  ,35,50,85,35,50,85
02242500,BASTYR UNIVERSITY                       ,WA,98028-0000,Private      ,151,902,1053,151,902,1053
02291300,ART INSTITUTE OF SEATTLE                ,WA,98121-1622,Proprietary  ,1929,1481,3410,1929,1481,3410
02300100,EVEREST COLLEGE                         ,WA,98367-1835,Proprietary  ,75,257,332,75,257,332
02300103,EVEREST COLLEGE - EVERETT               ,WA,98208-2610,Proprietary  ,143,360,503,143,360,503
02300104,EVEREST COLLEGE - TACOMA                ,WA,98402-3004,Proprietary  ,268,782,1050,268,782,1050
02326500,INTERFACE COLLEGE                       ,WA,99201-4326,Proprietary  ,40,143,183,40,143,183
02331400,NORTHWEST HAIR ACADEMY                  ,WA,98273-0000,Proprietary  ,28,39,67,28,39,67
02331402,NORTHWEST HAIR ACADEMY - EVERETT        ,WA,98204-0000,Proprietary  ,25,52,77,25,52,77
02504900,ACADEMY OF HAIR DESIGN (THE)            ,WA,98801-0000,Proprietary  ,30,55,85,30,55,85
02541900,BJ'S BEAUTY AND BARBER COLLEGE          ,WA,98409-0000,Proprietary  ,40,149,189,40,149,189
02602100,NORTHWEST COLLEGE OF ART                ,WA,98370-8625,Proprietary  ,138,49,187,138,49,187
02606200,EVEREST COLLEGE                         ,WA,98055-2990,Proprietary  ,118,327,445,118,327,445
02617500,EVEREST COLLEGE                         ,WA,98133-9018,Proprietary  ,200,425,625,200,425,625
02617503,EVEREST COLLEGE - VANCOUVER             ,WA,98684-6951,Proprietary  ,60,168,228,60,168,228
03031406,INTERNATIONAL ACADEMY OF DESIGN & TECH  ,WA,98188-3319,Proprietary  ,169,242,411,169,242,411
03065000,CLARE'S BEAUTY COLLEGE                  ,WA,99301-0000,Proprietary  ,44,52,96,44,52,96
03071800,ITT TECHNICAL INSTITUTE                 ,WA,99216-1589,Proprietary  ,211,420,631,211,420,631
03071805,ITT TECHNICAL INSTITUTE - SEATTLE       ,WA,98168-3346,Proprietary  ,276,525,801,276,525,801
03099000,CORTIVA INSTITUTE - SEATTLE             ,WA,98109-5474,Proprietary  ,35,152,187,35,152,187
03110800,BAKKE GRADUATE UNIVERSITY               ,WA,98104-1222,Private      ,11,25,36,11,25,36
03139500,MONTESSORI SCHOOLS OF WASHINGTON        ,WA,98203-6600,Private      ,5,12,17,5,12,17
03280300,SEATTLE INST OF ORIENTAL MEDICINE       ,WA,98115-0000,Proprietary  ,28,88,116,28,88,116
03283300,NORTHWEST HVAC/R ASSOCIATION & TRAINING ,WA,99202-0000,Private      ,17,63,80,17,63,80
03466400,MARS HILL GRADUATE SCHOOL               ,WA,98121-0000,Private      ,4,119,123,4,119,123
03483500,CASCADIA COMMUNITY COLLEGE              ,WA,98011-9510,Public       ,902,857,1759,902,857,1759
03490400,EMIL FRIES PIANO HOSPITAL & TRAININ     ,WA,98661-4323,Private      ,7,12,19,7,12,19
03689400,FAITH EVANGELICAL COLLEGE & SEMINARY    ,WA,98407-2607,Private      ,15,153,168,15,153,168
03724300,DIGIPEN INSTITUTE OF TECHNOLOGY         ,WA,98052-5170,Proprietary  ,765,312,1077,765,312,1077
03917300,EVERGREEN BEAUTY AND BARBER COLLEGE     ,WA,98208-3759,Proprietary  ,31,93,124,31,93,124
03932500,TOTAL COSMETOLOGY TRAINING CENTER       ,WA,99217-6231,Proprietary  ,46,123,169,46,123,169
03953300,YAKIMA BEAUTY SCHOOL                    ,WA,98901-2202,Proprietary  ,38,60,98,38,60,98
04120000,SUNNYSIDE BEAUTY ACADEMY                ,WA,98944-8711,Proprietary  ,15,24,39,15,24,39
04127200,VICTORIA'S ACADEMY OF COSMETOLOGY       ,WA,99336-3826,Proprietary  ,58,93,151,58,93,151
04130500,PACIFIC NORTHWEST UNIV OF HEALTH SCIENCE,WA,98901-1471,Private      ,63,302,365,63,302,365
04130800,CASCADE BEAUTY COLLEGE                  ,WA,98002-5504,Proprietary  ,22,50,72,22,50,72
04132800,INLAND MASSAGE INSTITUTE                ,WA,99218-5016,Proprietary  ,48,85,133,48,85,133
04135200,NORTHWEST AVIATION COLLEGE              ,WA,98002-1609,Proprietary  ,24,64,88,24,64,88
04149400,GARY MANUEL AVEDA INSTITUTE             ,WA,98122-3807,Proprietary  ,83,173,256,83,173,256
04149600,GP INSTITUTE OF COSMETOLOGY             ,WA,98118-2353,Proprietary  ,25,50,75,25,50,75
04155000,NORTHWEST SCHOOL OF WOODEN BOAT BUILDING,WA,98339-8706,Private      ,4,21,25,4,21,25
04161200,BAINBRIDGE GRADUATE INSTITUTE           ,WA,98110-2870,Private      ,1,55,56,1,55,56
04170100,SALON PROFESSIONAL ACADEMY (THE)        ,WA,98409-7360,Proprietary  ,77,149,226,77,149,226
04172900,ACADEMY OF COSMETOLOGY                  ,WA,99354-2651,Proprietary  ,40,47,87,40,47,87
04188900,NORTHWEST INSTITUTE OF LITERARY ARTS    ,WA,98249-0000,Private      ,7,25,32,7,25,32
04191900,PAUL MITCHELL THE SCHOOL SPOKANE        ,WA,99037-5041,Proprietary  ,150,140,290,150,140,290
00340100,BROWN UNIVERSITY                        ,RI,02912-9127,Private      ,17077,717,17794,17077,717,17794
00340101,BROWN UNIVERSITY - GRADUATE SCHOOL      ,RI,02912-1827,Private      ,50,1255,1305,50,1255,1305
00340102,BROWN MEDICAL SCHOOL                    ,RI,02912-0000,Private      ,48,461,509,48,461,509
00340200,BRYANT UNIVERSITY                       ,RI,02917-1284,Private      ,5018,403,5421,5018,403,5421
00340400,JOHNSON & WALES UNIVERSITY              ,RI,02903-3703,Private      ,16779,3236,20015,16779,3236,20015
00340600,PROVIDENCE COLLEGE                      ,RI,02918-0001,Private      ,7441,633,8074,7441,633,8074
00340700,RHODE ISLAND COLLEGE                    ,RI,02908-1991,Public       ,7464,3349,10813,7464,3349,10813
00340800,COMMUNITY COLLEGE OF RI - WARWICK       ,RI,02906-0000,Public       ,6570,6782,13352,6570,6782,13352
00340900,RHODE ISLAND SCHOOL OF DESIGN           ,RI,02903-2784,Private      ,2629,1203,3832,2629,1203,3832
00341000,ROGER WILLIAMS UNIVERSITY               ,RI,02809-2921,Private      ,8194,1358,9552,8194,1358,9552
00341100,SALVE REGINA UNIVERSITY                 ,RI,02840-4192,Private      ,4300,305,4605,4300,305,4605
00341400,UNIVERSITY OF RHODE ISLAND              ,RI,02881-0000,Public       ,21215,3163,24378,21215,3163,24378
00659100,ST. JOSEPH HOSP SCH OF NURSING          ,RI,02904-5199,Private      ,73,208,281,73,208,281
00784500,NEW ENGLAND INSTITUTE OF TECHNOLOGY     ,RI,02886-2266,Private      ,1717,1708,3425,1717,1708,3425
01115900,"SAWYER SCHOOL,THE                       ",RI,02860-4117,Proprietary  ,84,428,512,84,428,512
01164702,SBI CAMPUS - AN AFFILIATE OF SANFORD-BRO,RI,02920-7807,Proprietary  ,109,391,500,109,391,500
02071900,ARTHUR ANGELO SCH COSMET&HAIR DSGN      ,RI,02903-0000,Proprietary  ,45,107,152,45,107,152
02176900,WARWICK ACADEMY OF BEAUTY CULTURE       ,RI,02886-1534,Proprietary  ,39,49,88,39,49,88
02584400,NEW ENGLAND TRACTOR TRAILER TRAINING SCH,RI,02860-1752,Proprietary  ,9,37,46,9,37,46
03080000,NEWPORT SCHOOL OF HAIRDRESSING          ,RI,02860-4038,Proprietary  ,11,47,58,11,47,58
03232300,LINCOLN TECHNICAL INSTITUTE             ,RI,02865-4211,Proprietary  ,212,352,564,212,352,564
03732300,INTERNATIONAL YACHT RESTORATION SCH     ,RI,02840-6720,Private      ,25,30,55,25,30,55
04141200,TONI & GUY HAIRDRESSING ACADEMY         ,RI,02920-0000,Proprietary  ,51,40,91,51,40,91
00341700,ALLEN UNIVERSITY                        ,SC,29204-1085,Private      ,578,271,849,578,271,849
00341800,ANDERSON UNIVERSITY                     ,SC,29621-4035,Private      ,1771,479,2250,1771,479,2250
00341900,CHARLESTON SOUTHERN UNIVERSITY          ,SC,29406-2160,Private      ,2963,1045,4008,2963,1045,4008
00342000,BENEDICT COLLEGE                        ,SC,29204-1086,Private      ,2793,889,3682,2793,889,3682
00342100,BOB JONES UNIVERSITY                    ,SC,29614-1000,Proprietary  ,1328,198,1526,1328,198,1526
00342200,SOUTHERN WESLEYAN UNIVERSITY            ,SC,29630-1020,Private      ,519,528,1047,519,528,1047
00342300,THE CITADEL                             ,SC,29409-0002,Public       ,2113,521,2634,2113,521,2634
00342400,CLAFLIN UNIVERSITY                      ,SC,29115-4498,Private      ,1608,438,2046,1608,438,2046
00342500,CLEMSON UNIVERSITY                      ,SC,29634-0001,Public       ,15009,2041,17050,15009,2041,17050
00342600,UNIV OF SC AT SUMTER                    ,SC,29150-2498,Public       ,479,327,806,479,327,806
00342700,COKER COLLEGE                           ,SC,29550-3797,Private      ,646,344,990,646,344,990
00342800,COLLEGE OF CHARLESTON                   ,SC,29424-0100,Public       ,9106,1622,10728,9106,1622,10728
00342900,COLUMBIA INTERNATIONAL UNIVERSITY       ,SC,29203-1599,Private      ,415,367,782,415,367,782
00343000,COLUMBIA COLLEGE                        ,SC,29203-5998,Private      ,777,601,1378,777,601,1378
00343100,CONVERSE COLLEGE                        ,SC,29302-0006,Private      ,763,330,1093,763,330,1093
00343200,ERSKINE COLLEGE                         ,SC,29639-0000,Private      ,514,29,543,514,29,543
00343201,ERSKINE THEOLOGICAL SEMINARY            ,SC,29639-0000,Private      ,3,38,41,3,38,41
00343400,FURMAN UNIVERSITY                       ,SC,29613-5253,Private      ,3611,278,3889,3611,278,3889
00343500,LANDER UNIVERSITY                       ,SC,29649-2099,Public       ,3104,516,3620,3104,516,3620
00343600,LIMESTONE COLLEGE                       ,SC,29340-3799,Private      ,819,1382,2201,819,1382,2201
00343700,LUTHERAN THEOLOGICAL SOUTHERN SEM       ,SC,29203-5898,Private      ,2,95,97,2,95,97
00343800,MEDICAL UNIV OF SOUTH CAROLINA - FA     ,SC,29425-1760,Public       ,276,2285,2561,276,2285,2561
00343900,MORRIS COLLEGE                          ,SC,29150-3599,Private      ,771,282,1053,771,282,1053
00344000,NEWBERRY COLLEGE                        ,SC,29108-2197,Private      ,1328,200,1528,1328,200,1528
00344100,NORTH GREENVILLE COLLEGE                ,SC,29688-1892,Private      ,1441,186,1627,1441,186,1627
00344500,PRESBYTERIAN COLLEGE                    ,SC,29325-2503,Private      ,1252,218,1470,1252,218,1470
00344600,SOUTH CAROLINA STATE UNIVERSITY         ,SC,29117-4427,Public       ,3655,1245,4900,3655,1245,4900
00344700,SPARTANBURG METHODIST COLLEGE           ,SC,29301-5899,Private      ,790,132,922,790,132,922
00344800,UNIVERSITY OF SOUTH CAROLINA            ,SC,29208-3999,Public       ,20790,6927,27717,20790,6927,27717
00344900,UNIVERSITY OF SOUTH CAROLINA AIKEN      ,SC,29801-6399,Public       ,2316,758,3074,2316,758,3074
00345000,UNIV OF SC AT BEAUFORT                  ,SC,29902-0000,Public       ,1289,593,1882,1289,593,1882
00345100,COASTAL CAROLINA UNIVERSITY             ,SC,29528-0000,Public       ,9962,1591,11553,9962,1591,11553
00345300,UNIV OF SC AT LANCASTER                 ,SC,29721-0889,Public       ,549,362,911,549,362,911
00345400,UNIV OF SC SYSTEM SALKEHATCHIE          ,SC,29810-0617,Public       ,302,318,620,302,318,620
00345500,VOORHEES COLLEGE                        ,SC,29042-0000,Private      ,436,139,575,436,139,575
00345600,WINTHROP UNIVERSITY                     ,SC,29733-0001,Public       ,4558,1110,5668,4558,1110,5668
00345700,WOFFORD COLLEGE                         ,SC,29303-3663,Private      ,2335,131,2466,2335,131,2466
00399000,FLORENCE-DARLINGTON TECH COLLEGE        ,SC,29501-0548,Public       ,1157,2053,3210,1157,2053,3210
00399100,GREENVILLE TECHNICAL COLLEGE            ,SC,29607-2439,Public       ,2857,4301,7158,2857,4301,7158
00399200,PIEDMONT TECHNICAL COLLEGE              ,SC,29648-1467,Public       ,818,1599,2417,818,1599,2417
00399300,MIDLANDS TECHNICAL COLLEGE              ,SC,29202-0000,Public       ,2834,4625,7459,2834,4625,7459
00399400,SPARTANBURG COMMUNITY COLLEGE           ,SC,29305-4386,Public       ,1337,1887,3224,1337,1887,3224
00399500,CENTRAL CAROLINA TECHNICAL COLLEGE      ,SC,29150-2499,Public       ,478,1369,1847,478,1369,1847
00399600,YORK TECHNICAL COLLEGE                  ,SC,29730-3395,Public       ,962,1778,2740,962,1778,2740
00492000,TRIDENT TECHNICAL COLLEGE               ,SC,29423-8067,Public       ,2178,4801,6979,2178,4801,6979
00492300,CLINTON JR COLLEGE                      ,SC,29730-5152,Private      ,71,40,111,71,40,111
00492400,FORREST JUNIOR COLLEGE                  ,SC,29624-2405,Proprietary  ,16,101,117,16,101,117
00492500,HORRY-GEORGETOWN TECH COLLEGE           ,SC,29526-9521,Public       ,1520,2806,4326,1520,2806,4326
00492600,TRI-COUNTY TECHNICAL COLLEGE            ,SC,29670-9133,Public       ,1899,1678,3577,1899,1678,3577
00492700,UNIV OF SC AT UNION                     ,SC,29379-0729,Public       ,134,135,269,134,135,269
00499204,MILLER-MOTTE TECHNICAL COLLEGE - CONWAY ,SC,29526-9508,Proprietary  ,121,443,564,121,443,564
00536300,DENMARK TECHNICAL COLLEGE               ,SC,29042-0000,Public       ,219,280,499,219,280,499
00681500,ORANGEBURG-CALHOUN TECHNICAL COLG       ,SC,29118-8299,Public       ,496,796,1292,496,796,1292
00695100,UNIVERSITY OF SOUTH CAROLINA UPSTATE    ,SC,29303-9972,Public       ,4556,1805,6361,4556,1805,6361
00760200,NORTHEASTERN TECHNICAL COLLEGE          ,SC,29520-7015,Public       ,232,387,619,232,387,619
00922600,FRANCIS MARION UNIVERSITY               ,SC,29501-0000,Public       ,3001,924,3925,3001,924,3925
00932200,WILLIAMSBURG TECHNICAL COLLEGE          ,SC,29556-4197,Public       ,97,216,313,97,216,313
00991000,TECHNICAL COLLEGE OF THE LOWCOUNTRY     ,SC,29902-5441,Public       ,364,1050,1414,364,1050,1414
00991100,UNIV OF SC-REGIONAL CAMPUSES ADMIN      ,SC,29208-0001,Public       ,143,148,291,143,148,291
01005600,AIKEN TECHNICAL COLLEGE                 ,SC,29802-0696,Public       ,652,1167,1819,652,1167,1819
01209200,KENNETH SHULER SCHOOL OF COSMETOLOGY    ,SC,29732-2169,Proprietary  ,42,95,137,42,95,137
01303907,SOUTH UNIVERSITY                        ,SC,29203-6400,Proprietary  ,237,1112,1349,237,1112,1349
02063700,SHERMAN CLG STRAIGHT CHIROPRACTIC       ,SC,29316-0000,Private      ,11,129,140,11,129,140
02338600,CHARZANNE BEAUTY COLLEGE                ,SC,29649-0000,Proprietary  ,4,19,23,4,19,23
02341100,KENNETH SHULER SCHOOL OF COSMETOLOGY & N,SC,29210-0000,Proprietary  ,57,211,268,57,211,268
02356600,CHARLESTON COSMETOLOGY INSTITUTE        ,SC,29420-0000,Proprietary  ,25,51,76,25,51,76
02552400,ACADEMY OF HAIR TECHNOLOGY              ,SC,29615-2363,Proprietary  ,24,59,83,24,59,83
02567600,SUMTER BEAUTY COLLEGE                   ,SC,29150-0000,Proprietary  ,17,43,60,17,43,60
02614202,MILLER - MOTTE TECHNICAL COLLEGE - NORTH,SC,29406-9239,Proprietary  ,87,429,516,87,429,516
03010614,VIRGINIA COLLEGE - GOLF ACADEMY OF AMERI,SC,29579-0000,Proprietary  ,59,99,158,59,99,158
03010617,VIRGINIA COLLEGE - GREENVILLE           ,SC,29607-7200,Proprietary  ,94,337,431,94,337,431
03010620,VIRGINIA COLLEGE - CHARLESTON           ,SC,29406-4999,Proprietary  ,65,283,348,65,283,348
03010621,VIRGINIA COLLEGE - COLUMBIA             ,SC,29223-7527,Proprietary  ,69,342,411,69,342,411
03052300,KENNETH SHULER SCH COSM & HAIR DESG     ,SC,29841-2013,Proprietary  ,33,75,108,33,75,108
03088300,ACADEMY OF COSMETOLOGY                  ,SC,29418-5667,Proprietary  ,24,51,75,24,51,75
03293300,STRAND COLLEGE OF HAIR DESIGN           ,SC,29572-4310,Proprietary  ,13,33,46,13,33,46
03304300,CENTURA COLLEGE                         ,SC,29406-9235,Proprietary  ,48,274,322,48,274,322
03513300,LACY COSMETOLOGY SCHOOL                 ,SC,29803-9084,Proprietary  ,8,30,38,8,30,38
03513301,LACY COSMETOLOGY SCHOOL -               ,SC,29072-0000,Proprietary  ,6,17,23,6,17,23
03513302,LACY COSMETOLOGY SCHOOL -               ,SC,29445-0000,Proprietary  ,8,19,27,8,19,27
03595300,CHARLESTON SCHOOL OF MASSAGE            ,SC,29412-8270,Proprietary  ,16,30,46,16,30,46
03709301,EDWARD VIA VIRGINIA COLLEGE OF OSTEOPATH,SC,29303-3639,Private      ,12,171,183,12,171,183
03746300,LEGRAND INSTITUTE OF COSMETOLOGY        ,SC,29020-0000,Proprietary  ,6,21,27,6,21,27
03746400,SOUTHEASTERN INSTITUTE                  ,SC,29210-0000,Proprietary  ,19,116,135,19,116,135
03768400,STYLETRENDS BARBER AND HAIRSTYLING ACADE,SC,29730-4511,Proprietary  ,2,27,29,2,27,29
03856400,W. L. BONNER COLLEGE                    ,SC,29203-0000,Private      ,4,24,28,4,24,28
03892300,HARLEY'S BEAUTY & BARBER CAREER INST.   ,SC,29204-1919,Proprietary  ,10,66,76,10,66,76
04083300,MARION COUNTY TECHNICAL EDUCATION CENTER,SC,29571-0000,Public       ,13,72,85,13,72,85
04096300,CHARLESTON SCHOOL OF LAW                ,SC,29402-0535,Proprietary  ,19,643,662,19,643,662
04158100,AIKEN SCHOOL OF COSMETOLOGY             ,SC,29801-4026,Proprietary  ,18,22,40,18,22,40
04166900,COSMETIC ARTS INSTITUTE                 ,SC,29488-2753,Proprietary  ,6,10,16,6,10,16
04172600,SALON 496 BARBER ACADEMY                ,SC,29607-2548,Proprietary  ,12,34,46,12,34,46
04192600,PALMETTO BEAUTY SCHOOL                  ,SC,29307-1424,Proprietary  ,18,27,45,18,27,45
00345800,AUGUSTANA COLLEGE                       ,SD,57197-0001,Private      ,1205,110,1315,1205,110,1315
00345900,BLACK HILLS STATE UNIVERSITY            ,SD,57799-9670,Public       ,1454,744,2198,1454,744,2198
00346100,DAKOTA WESLEYAN UNIVERSITY              ,SD,57301-4398,Private      ,526,123,649,526,123,649
00346300,DAKOTA STATE UNIVERSITY                 ,SD,57042-1799,Public       ,827,368,1195,827,368,1195
00346500,MOUNT MARTY COLLEGE                     ,SD,57078-3724,Private      ,362,206,568,362,206,568
00346600,NORTHERN STATE UNIVERSITY               ,SD,57401-7198,Public       ,1346,453,1799,1346,453,1799
00346700,PRESENTATION COLLEGE                    ,SD,57401-1299,Private      ,379,235,614,379,235,614
00346900,UNIVERSITY OF SIOUX FALLS               ,SD,57105-1699,Private      ,1209,302,1511,1209,302,1511
00347000,SOUTH DAKOTA SCH OF MINES & TECH        ,SD,57701-3995,Public       ,1137,269,1406,1137,269,1406
00347100,SOUTH DAKOTA STATE UNIVERSITY           ,SD,57007-2298,Public       ,5372,1337,6709,5372,1337,6709
00347400,UNIVERSITY OF SOUTH DAKOTA              ,SD,57069-2390,Public       ,3389,2177,5566,3389,2177,5566
00405600,SIOUX FALLS SEMINARY                    ,SD,57105-2729,Private      ,1,28,29,1,28,29
00405700,NATIONAL AMERICAN UNIVERSITY            ,SD,57701-3692,Proprietary  ,143,2294,2437,143,2294,2437
00405707,NATIONAL AMERICAN UNIVERSITY            ,SD,57105-0000,Proprietary  ,37,363,400,37,363,400
00492900,MCKENNAN HOSP-RADOLOGICAL TECH          ,SD,57101-0000,Private      ,11,14,25,11,14,25
00530900,LAKE AREA TECHNICAL INSTITUTE           ,SD,57201-2869,Public       ,537,262,799,537,262,799
00598700,AVERA SACRED HEART HOSPITAL SCHOOL OF RA,SD,57078-3899,Private      ,7,5,12,7,5,12
00776400,SOUTHEAST TECHNICAL INST                ,SD,57107-0000,Public       ,619,603,1222,619,603,1222
00828400,MITCHELL TECHNICAL INSTITUTE            ,SD,57301-0000,Public       ,348,162,510,348,162,510
01013800,STEWART SCHOOL                          ,SD,57104-0000,Proprietary  ,42,32,74,42,32,74
01014804,COLORADO TECHNICAL UNIVERSITY           ,SD,57108-2272,Proprietary  ,92,472,564,92,472,564
01017000,WESTERN DAKOTA TECHNICAL INSTITUTE      ,SD,57701-4018,Public       ,225,360,585,225,360,585
01147701,SIOUX VALLEY HOSP-MEDICAL TECH          ,SD,57117-5039,Private      ,14,13,27,14,13,27
01465900,OGLALA LAKOTA COLLEGE                   ,SD,57752-0490,Public       ,78,320,398,78,320,398
02137100,BLACK HILLS BEAUTY COLLEGE              ,SD,57701-0000,Proprietary  ,29,36,65,29,36,65
02143700,SINTE GLESKA UNIVERSITY                 ,SD,57570-0000,Public       ,33,128,161,33,128,161
02144600,KILIAN COMMUNITY COLLEGE                ,SD,57103-7020,Private      ,33,118,151,33,118,151
02277300,SISSETON WAHPETON COLLEGE               ,SD,57262-0000,Public       ,9,27,36,9,27,36
02297800,HEADLINES ACADEMY                       ,SD,57701-0000,Proprietary  ,23,47,70,23,47,70
00347700,AQUINAS COLLEGE                         ,TN,37205-2086,Private      ,235,501,736,235,501,736
00347800,AUSTIN PEAY STATE UNIVERSITY            ,TN,37044-0002,Public       ,5918,4066,9984,5918,4066,9984
00347900,BELMONT UNIVERSITY                      ,TN,37212-3757,Private      ,6206,2052,8258,6206,2052,8258
00348000,BETHEL UNIVERSITY                       ,TN,38201-1705,Private      ,1746,3091,4837,1746,3091,4837
00348100,CARSON-NEWMAN COLLEGE                   ,TN,37760-2204,Private      ,2641,391,3032,2641,391,3032
00348200,CHRISTIAN BROTHERS UNIVERSITY           ,TN,38104-5581,Private      ,2009,1218,3227,2009,1218,3227
00348300,COLUMBIA STATE COMMUNITY COLLEGE        ,TN,38401-5653,Public       ,1920,1580,3500,1920,1580,3500
00348500,CUMBERLAND UNIVERSITY                   ,TN,37087-3554,Private      ,1159,539,1698,1159,539,1698
00348600,LIPSCOMB UNIVERSITY                     ,TN,37204-3951,Private      ,2852,1096,3948,2852,1096,3948
00348700,EAST TENNESSEE STATE UNIV - MAIN CAMPUS ,TN,37614-2857,Public       ,9348,4629,13977,9348,4629,13977
00348701,EAST TENNESSEE STATE UNIV - MEDICINE    ,TN,37614-1708,Public       ,271,388,659,271,388,659
00348709,EAST TENNESSEE STATE UNIV - PHARMACY    ,TN,37614-1704,Public       ,128,275,403,128,275,403
00349000,FISK UNIVERSITY                         ,TN,37208-3045,Private      ,1277,396,1673,1277,396,1673
00349200,FREED-HARDEMAN UNIVERSITY               ,TN,38340-2399,Private      ,1382,407,1789,1382,407,1789
00349400,HIWASSEE COLLEGE                        ,TN,37354-4001,Private      ,223,83,306,223,83,306
00349500,JOHNSON UNIVERSITY                      ,TN,37998-9775,Private      ,631,311,942,631,311,942
00349600,KING COLLEGE                            ,TN,37620-2699,Private      ,1064,1022,2086,1064,1022,2086
00349900,LANE COLLEGE                            ,TN,38301-4598,Private      ,1910,766,2676,1910,766,2676
00350000,LEE UNIVERSITY                          ,TN,37320-0000,Private      ,3053,819,3872,3053,819,3872
00350100,LEMOYNE-OWEN COLLEGE                    ,TN,38126-6510,Private      ,1308,1541,2849,1308,1541,2849
00350200,LINCOLN MEMORIAL UNIVERSITY             ,TN,37752-7920,Private      ,1595,1927,3522,1595,1927,3522
00350400,MARTIN METHODIST COLLEGE                ,TN,38478-2799,Private      ,792,316,1108,792,316,1108
00350500,MARYVILLE COLLEGE                       ,TN,37804-5907,Private      ,1858,195,2053,1858,195,2053
00350600,MEHARRY MEDICAL COLLEGE                 ,TN,37208-0000,Private      ,69,1004,1073,69,1004,1073
00350700,MEMPHIS COLLEGE OF ART                  ,TN,38104-2764,Private      ,585,244,829,585,244,829
00350900,UNIVERSITY OF MEMPHIS (THE)             ,TN,38152-4611,Public       ,13686,11197,24883,13686,11197,24883
00351000,MIDDLE TENNESSEE STATE UNIV             ,TN,37130-0000,Public       ,16336,6868,23204,16336,6868,23204
00351100,MILLIGAN COLLEGE                        ,TN,37682-4001,Private      ,1078,386,1464,1078,386,1464
00351700,SOUTHERN COLLEGE OF OPTOMETRY           ,TN,38104-2222,Private      ,42,537,579,42,537,579
00351800,SOUTHERN ADVENTIST UNIVERSITY           ,TN,37315-0370,Private      ,1978,481,2459,1978,481,2459
00351900,RHODES COLLEGE                          ,TN,38112-1690,Private      ,2833,432,3265,2833,432,3265
00352200,TENNESSEE STATE UNIVERSITY              ,TN,37209-1561,Public       ,8317,5298,13615,8317,5298,13615
00352300,TENNESSEE TECHNOLOGICAL UNIV            ,TN,38505-0001,Public       ,8140,2226,10366,8140,2226,10366
00352400,TENNESSEE TEMPLE UNIVERSITY             ,TN,37404-3587,Private      ,221,277,498,221,277,498
00352500,TENNESSEE WESLEYAN COLLEGE              ,TN,37371-0040,Private      ,1027,373,1400,1027,373,1400
00352600,TREVECCA NAZARENE UNIVERSITY            ,TN,37210-2877,Private      ,1119,995,2114,1119,995,2114
00352700,TUSCULUM COLLEGE                        ,TN,37743-0001,Private      ,2033,1222,3255,2033,1222,3255
00352800,UNION UNIVERSITY                        ,TN,38305-3697,Private      ,2455,1629,4084,2455,1629,4084
00352900,UNIVERSITY OF TENNESSEE-CHATTANOOGA     ,TN,37403-2598,Public       ,11855,3084,14939,11855,3084,14939
00353000,UNIVERSITY OF TENNESSEE-KNOXVILLE       ,TN,37996-0150,Public       ,22838,6496,29334,22838,6496,29334
00353006,UNIVERSITY OF TENNESSEE-HEALTH SCI CTR  ,TN,38103-0000,Public       ,492,2045,2537,492,2045,2537
00353100,UNIVERSITY OF TENNESSEE-MARTIN          ,TN,38238-0002,Public       ,6363,2184,8547,6363,2184,8547
00353400,UNIVERSITY OF THE SOUTH                 ,TN,37383-1000,Private      ,2235,100,2335,2235,100,2335
00353500,VANDERBILT UNIVERSITY                   ,TN,37240-0001,Private      ,16743,5079,21822,16743,5079,21822
00353501,VANDERBILT UNIV MED CTR ALLIEDHEAL      ,TN,37232-5510,Private      ,67,265,332,67,265,332
00353502,VANDERBILT UNIV - SCH OF MED            ,TN,37232-0000,Private      ,251,790,1041,251,790,1041
00353600,BRYAN COLLEGE                           ,TN,37321-7000,Private      ,1130,401,1531,1130,401,1531
00399800,CHATTANOOGA STATE COMMUNITY COLLEGE     ,TN,37406-1097,Public       ,3101,4035,7136,3101,4035,7136
00399900,CLEVELAND STATE COMMUNITY COLLEGE       ,TN,37312-2858,Public       ,1397,1167,2564,1397,1167,2564
00402500,TN TECHNOLOGY CTR AT KNOXVILLE          ,TN,37919-2327,Public       ,390,861,1251,390,861,1251
00402600,TENNESSEE TECH. CNTR AT CROSSVILLE      ,TN,38555-4142,Public       ,266,296,562,266,296,562
00461700,NATIONAL COLLEGE OF BUSINESS & TECH     ,TN,37211-6605,Proprietary  ,183,1147,1330,183,1147,1330
00493400,DAYMAR INSTITUTE                        ,TN,37217-1056,Proprietary  ,167,1002,1169,167,1002,1169
00493401,DAYMAR INSTITUTE - CLARKSVILLE          ,TN,37040-6718,Proprietary  ,8,31,39,8,31,39
00493404,DAYMAR INSTITUTE - MURFREESBORO         ,TN,37128-5508,Proprietary  ,4,16,20,4,16,20
00493700,JACKSON STATE COMMUNITY COLLEGE         ,TN,38301-3797,Public       ,2328,2321,4649,2328,2321,4649
00493800,SOUTH COLLEGE                           ,TN,37909-3323,Proprietary  ,352,1066,1418,352,1066,1418
00494700,WEST TENNESSEE BUSINESS COLLEGE         ,TN,38301-3256,Proprietary  ,102,320,422,102,320,422
00528000,TN TECHNOLOGY CTR AT COVINGTON          ,TN,38019-0249,Public       ,89,212,301,89,212,301
00528100,TN TECHNOLOGY CTR AT ELIZABETHTON       ,TN,37643-0789,Public       ,224,399,623,224,399,623
00528200,TN TECHNOLOGY CTR AT HARTSVILLE         ,TN,37074-0000,Public       ,145,173,318,145,173,318
00528300,TN TECHNOLOGY CTR AT NEWBERN            ,TN,38059-1198,Public       ,82,319,401,82,319,401
00530700,TN TECHNOLOGY CTR AT MCMINNVILLE        ,TN,37110-1322,Public       ,130,200,330,130,200,330
00535100,TENNESSEE TECHNOLOGY CENTER AT MORRISTOW,TN,37813-2094,Public       ,329,518,847,329,518,847
00535200,TN TECHNOLOGY CENTER AT MCKENZIE        ,TN,38201-1620,Public       ,96,155,251,96,155,251
00535300,TN TECHNOLOGY CENTER AT LIVINGSTON      ,TN,38570-0219,Public       ,145,229,374,145,229,374
00535400,TN TECHNOLOGY CTR AT JACKSON            ,TN,38301-0000,Public       ,306,622,928,306,622,928
00535600,TENNESSEE TECHNOLOGY CENTER AT HOHENWALD,TN,38462-0000,Public       ,132,182,314,132,182,314
00535700,TENNESSEE TECHNOLOGY CENTER AT CRUMP    ,TN,38327-3402,Public       ,113,216,329,113,216,329
00535800,TN TECHNOLOGY CENTER AT ATHENS          ,TN,37371-0848,Public       ,152,245,397,152,245,397
00535900,TENNESSEE TECHNOLOGY CENTER AT NASHVILLE,TN,37209-0000,Public       ,350,883,1233,350,883,1233
00536000,TENNESSEE TECHNOLOGY CENTER AT MEMPHIS  ,TN,38105-3604,Public       ,646,1258,1904,646,1258,1904
00537800,NORTHEAST STATE COMMUNITY COLLEGE       ,TN,37617-0246,Public       ,2097,2473,4570,2097,2473,4570
00537900,TN TECHNOLOGY CTR AT SHELBYVILLE        ,TN,37160-3697,Public       ,194,319,513,194,319,513
00683500,DYERSBURG STATE COMMUNITY COLLEGE       ,TN,38024-0000,Public       ,1239,1811,3050,1239,1811,3050
00683600,MOTLOW STATE COMMUNITY COLLEGE          ,TN,37388-7972,Public       ,1791,1483,3274,1791,1483,3274
00732941,ITT TECHNICAL INSTITUTE                 ,TN,37932-3343,Proprietary  ,326,597,923,326,597,923
00732958,ITT TECHNICAL INSTITUTE                 ,TN,37214-3717,Proprietary  ,279,372,651,279,372,651
00743900,FOUNTAINHEAD COLLEGE OF TECHNOLOGY      ,TN,37918-2583,Proprietary  ,144,368,512,144,368,512
00778200,TENNESSEE TECHNOLOGY CENTER AT DICKSON  ,TN,37055-0000,Public       ,208,360,568,208,360,568
00778300,MIDDLE TENNESSEE SCH OF ANESTHESIA      ,TN,37116-0000,Private      ,13,69,82,13,69,82
00793803,NASHVILLE AUTO DIESEL COLLEGE - NASHVILL,TN,37206-3210,Proprietary  ,1341,472,1813,1341,472,1813
00814500,NASHVILLE STATE TECH CMNTY COLLEGE      ,TN,37209-0000,Public       ,2299,4196,6495,2299,4196,6495
00865500,GENESIS CAREER COLLEGE OF COOKEVILLE    ,TN,38501-1959,Proprietary  ,27,96,123,27,96,123
00885900,JOHN A GUPTON COLLEGE                   ,TN,37203-2934,Private      ,75,93,168,75,93,168
00886300,WALTERS STATE COMMUNITY COLLEGE         ,TN,37813-6899,Public       ,3152,2304,5456,3152,2304,5456
00946400,TN TECHNOLOGY CTR AT PULASKI            ,TN,38478-4541,Public       ,79,135,214,79,135,214
00956700,TENNESSEE SCHOOL OF BEAUTY              ,TN,37921-3303,Proprietary  ,142,203,345,142,203,345
00971000,TENNESSEE TECHNOLOGY CENTER AT ONEIDA/HU,TN,37756-4149,Public       ,39,100,139,39,100,139
00991200,VOLUNTEER STATE COMMUNITY COLLEGE       ,TN,37066-3188,Public       ,2478,2465,4943,2478,2465,4943
00991400,ROANE STATE COMMUNITY COLLEGE           ,TN,37748-8664,Public       ,2762,2511,5273,2762,2511,5273
00998200,VICTORY UNIVERSITY                      ,TN,38111-4745,Proprietary  ,309,1174,1483,309,1174,1483
01032600,TN TECHNOLOGY CTR AT HARRIMAN           ,TN,37748-1109,Public       ,91,145,236,91,145,236
01043900,SOUTHWEST TENNESSEE COMMUNITY COLLG     ,TN,38104-3322,Public       ,5227,7674,12901,5227,7674,12901
01044700,"PLAZA BEAUTY SCHOOL, INC.               ",TN,38117-4822,Proprietary  ,92,157,249,92,157,249
01046000,AMERICAN BAPTIST THEOLOGICAL SEMINA     ,TN,37207-4994,Private      ,19,98,117,19,98,117
01052900,MEMPHIS THEOLOGICAL SEMINARY            ,TN,38104-0000,Private      ,18,137,155,18,137,155
01070000,TN TECHNOLOGY CENTER AT JACKSBORO       ,TN,37757-2461,Public       ,98,158,256,98,158,256
01155300,WM R MOORE COLLEGE OF TECHNOLOGY        ,TN,38104-0000,Private      ,94,160,254,94,160,254
01216400,TENNESSEE TECHNICAL CNTR AT RIPLEY      ,TN,38063-7359,Public       ,68,180,248,68,180,248
01254700,EMMANUEL SCHOOL OF RELIGION             ,TN,37601-0000,Private      ,4,34,38,4,34,38
01269300,PELLISSIPPI STATE COMMUNITY COLLEGE     ,TN,37933-0990,Public       ,3977,3082,7059,3977,3082,7059
02069303,VATTEROTT COLLEGE -                     ,TN,38016-5877,Proprietary  ,58,239,297,58,239,297
02092800,TENNESSEE TECHNOLOGY CENTER AT WHITEVILL,TN,38075-0000,Public       ,78,135,213,78,135,213
02103500,TN TECHNOLOGY CTR AT MURFREESBORO       ,TN,37129-0000,Public       ,222,336,558,222,336,558
02106400,O'MORE COLLEGE OF DESIGN                ,TN,37064-0000,Private      ,100,42,142,100,42,142
02125300,NASHVILLE CLG OF MEDICAL CAREERS        ,TN,37115-0000,Proprietary  ,21,85,106,21,85,106
02153100,JON NAVE UNIVERSITY OF COSMETOLOGY      ,TN,37013-3347,Proprietary  ,66,85,151,66,85,151
02157100,CONCORDE CAREER COLLEGE                 ,TN,38137-0000,Proprietary  ,354,1007,1361,354,1007,1361
02160307,INTERNATIONAL ACADEMY OF DESIGN & TECH  ,TN,37212-0000,Proprietary  ,184,238,422,184,238,422
02188300,PENTECOSTAL THEOLOGICAL SEMINARY        ,TN,37320-0000,Private      ,1,59,60,1,59,60
02204200,"CHATTANOOGA COLLEGE - MEDICAL, DENTAL AN",TN,37411-0000,Proprietary  ,119,412,531,119,412,531
02237900,TN TECHNOLOGY CENTER AT PARIS           ,TN,38242-0000,Public       ,98,237,335,98,237,335
02255000,KNOXVILLE INSTITUTE OF HAIR DESIGN      ,TN,37917-0000,Proprietary  ,60,129,189,60,129,189
02257400,ARNOLD'S BEAUTY SCHOOL                  ,TN,38358-0000,Proprietary  ,23,23,46,23,23,46
02263104,ANTHEM COLLEGE - ANTHEM CAREER COLLEGE -,TN,37214-2531,Proprietary  ,65,176,241,65,176,241
02275500,REUBEN-ALLEN COLLEGE                    ,TN,37922-0000,Proprietary  ,62,105,167,62,105,167
02278700,MR WAYNES SCH OF UNISEX HAIR DESIGN     ,TN,38501-0000,Proprietary  ,14,28,42,14,28,42
02293900,VOLUNTEER BEAUTY ACADEMY-NASHVILLE      ,TN,37115-2112,Proprietary  ,12,13,25,12,13,25
02294000,VOLUNTEER BEAUTY ACADEMY-DYERSBURG      ,TN,38024-1622,Proprietary  ,10,33,43,10,33,43
02326200,KAPLAN CAREER INSTITUTE                 ,TN,37212-5318,Proprietary  ,98,519,617,98,519,617
02326300,MEDVANCE INSTITUTE                      ,TN,38501-4305,Proprietary  ,47,119,166,47,119,166
02335900,VOLUNTEER BEAUTY ACADEMY-NASHVILLE      ,TN,37209-3033,Proprietary  ,32,46,78,32,46,78
02539800,QUEEN CITY COLLEGE                      ,TN,37042-0000,Proprietary  ,31,136,167,31,136,167
02540000,TENNESSEE ACADEMY OF COSMETOLOGY        ,TN,38133-0000,Proprietary  ,97,178,275,97,178,275
02578200,NOSSI COLLEGE OF ART                    ,TN,37115-5138,Proprietary  ,234,179,413,234,179,413
02595000,FAYETTEVILLE BEAUTY SCHOOL              ,TN,37334-2909,Proprietary  ,10,16,26,10,16,26
02599710,VATTEROTT COLLEGE - MEMPHIS             ,TN,38132-1714,Proprietary  ,187,739,926,187,739,926
02605501,REMINGTON COLLEGE - MEMPHIS CAMPUS      ,TN,38132-0000,Private      ,364,873,1237,364,873,1237
02609204,VATTEROTT COLLEGE - VATTEROTT CAREER COL,TN,38133-4727,Proprietary  ,133,417,550,133,417,550
02614200,MILLER MOTTE BUSINESS COLLEGE           ,TN,37040-6023,Proprietary  ,115,391,506,115,391,506
02614203,MILLER - MOTTE TECHNICAL COLLEGE - CHATT,TN,37421-7220,Proprietary  ,137,400,537,137,400,537
02614204,MILLER - MOTTE TECHNICAL COLLEGE - MADIS,TN,37072-1870,Proprietary  ,56,238,294,56,238,294
03001800,FREE WILL BAPTIST BIBLE COLLEGE         ,TN,37205-2498,Private      ,128,47,175,128,47,175
03008800,FRANKLIN ACADEMY                        ,TN,37312-3939,Private      ,21,27,48,21,27,48
03010606,VIRGINIA COLLEGE - SCH OF BUSNSS & HLTH ,TN,37411-5600,Proprietary  ,69,283,352,69,283,352
03024900,TENNESSEE ACADEMY OF COSMETOLOGY        ,TN,38125-3442,Proprietary  ,109,163,272,109,163,272
03061100,GENESIS CAREER COLLEGE OF LEBANON       ,TN,37087-2718,Proprietary  ,31,48,79,31,48,79
03076405,BRYMAN SCHOOL OF ARIZONA (THE) - ANTHEM ,TN,38134-7345,Proprietary  ,16,79,95,16,79,95
03079100,NORTH CENTRAL INSTITUTE                 ,TN,37042-3116,Proprietary  ,18,66,84,18,66,84
03088800,"WATKINS COLLEGE OF ART, DESIGN & FILM   ",TN,37228-1306,Private      ,467,188,655,467,188,655
03126900,STYLES & PROFILES BEAUTY COLLEGE        ,TN,38375-2109,Proprietary  ,12,7,19,12,7,19
03355400,RICHMONT GRADUATE UNIVERSITY            ,TN,37404-0000,Private      ,2,82,84,2,82,84
03440300,BAPTIST MEMORIAL COLLEGE OF HEALTH      ,TN,38104-3104,Private      ,873,1693,2566,873,1693,2566
03480303,MEDVANCE INSTITUTE - NASHVILLE          ,TN,37203-1536,Proprietary  ,39,192,231,39,192,231
03513500,WILLIAMSON CHRISTIAN COLLEGE            ,TN,37067-8237,Private      ,12,39,51,12,39,51
03647300,NEW CONCEPTS SCHOOL OF COSMETOLOGY      ,TN,37311-7373,Proprietary  ,15,28,43,15,28,43
03683300,INTERNATIONAL BARBER & STYLE COLLEGE    ,TN,37209-2205,Proprietary  ,31,44,75,31,44,75
03701300,MEMPHIS INSTITUTE OF BARBERING          ,TN,38107-4334,Proprietary  ,87,171,258,87,171,258
03774400,SHEAR ACADEMY                           ,TN,38555-4177,Proprietary  ,8,36,44,8,36,44
03830300,SAE INSTITUTE OF TECHNOLOGY             ,TN,37203-4310,Proprietary  ,83,113,196,83,113,196
03840300,OXFORD GRADUATE SCHOOL                  ,TN,37321-6736,Private      ,1,18,19,1,18,19
03841300,CAREER BEAUTY COLLEGE                   ,TN,38464-3634,Proprietary  ,7,22,29,7,22,29
03920300,INSTITUTE OF HAIR DESIGN                ,TN,38310-1801,Proprietary  ,10,8,18,10,8,18
03930300,BUCHANAN BEAUTY COLLEGE                 ,TN,37160-2741,Proprietary  ,9,19,28,9,19,28
03982300,VISIBLE SCHOOL - MUSIC AND WORSHIPS ARTS,TN,38104-5814,Private      ,70,47,117,70,47,117
04035300,TENNESSEE CAREER INSTITUTE              ,TN,38401-6335,Proprietary  ,14,41,55,14,41,55
04124100,ELITE COLLEGE OF COSMETOLOGY            ,TN,38351-1431,Proprietary  ,13,18,31,13,18,31
04157200,LOVE BEAUTY SCHOOL                      ,TN,37355-2950,Proprietary  ,7,15,22,7,15,22
04165000,MERIDIAN INSTITUTE OF SURGICAL ASSISTING,TN,37080-0758,Proprietary  ,3,76,79,3,76,79
04174600,NASHVILLE BARBER AND STYLE ACADEMY      ,TN,37208-2826,Proprietary  ,36,67,103,36,67,103
00353700,ABILENE CHRISTIAN UNIVERSITY            ,TX,79699-3701,Private      ,4346,806,5152,4346,806,5152
00353900,ALVIN COMMUNITY COLLEGE                 ,TX,77511-4807,Public       ,699,1174,1873,699,1174,1873
00354000,AMARILLO COLLEGE                        ,TX,79109-2446,Public       ,1284,2121,3405,1284,2121,3405
00354100,ANGELO STATE UNIVERSITY                 ,TX,76909-5069,Public       ,4455,1510,5965,4455,1510,5965
00354300,AUSTIN COLLEGE                          ,TX,75090-4440,Private      ,1746,125,1871,1746,125,1871
00354400,AUSTIN PRESBYTERIAN THEOLOGICAL SEM     ,TX,78705-5797,Private      ,5,43,48,5,43,48
00354500,BAYLOR UNIVERSITY                       ,TX,76798-1458,Private      ,21498,3596,25094,21498,3596,25094
00354600,COASTAL BEND COLLEGE                    ,TX,78102-2197,Public       ,565,544,1109,565,544,1109
00354900,BLINN COLLEGE                           ,TX,77833-4098,Public       ,6505,2057,8562,6505,2057,8562
00355300,CISCO JUNIOR COLLEGE                    ,TX,76437-9803,Public       ,790,794,1584,790,794,1584
00355400,CLARENDON COLLEGE                       ,TX,79226-0000,Public       ,161,129,290,161,129,290
00355600,COMMONWEALTH INST OF FUNERAL SVC        ,TX,77090-5918,Private      ,22,184,206,22,184,206
00355700,CONCORDIA UNIVERSITY TEXAS              ,TX,78726-4141,Private      ,1150,884,2034,1150,884,2034
00355800,NORTH CENTRAL TEXAS COLLEGE             ,TX,76240-4699,Public       ,1362,1829,3191,1362,1829,3191
00356000,DALLAS BAPTIST UNIVERSITY               ,TX,75211-9299,Private      ,2199,1580,3779,2199,1580,3779
00356100,CEDAR VALLEY COLLEGE                    ,TX,75134-0000,Public       ,851,1466,2317,851,1466,2317
00356200,DALLAS THEOLOGICAL SEM                  ,TX,75204-0000,Private      ,15,351,366,15,351,366
00356300,DEL MAR COLLEGE                         ,TX,78404-3897,Public       ,2209,2818,5027,2209,2818,5027
00356400,EAST TEXAS BAPTIST UNIVERSITY           ,TX,75670-1423,Private      ,1079,208,1287,1079,208,1287
00356500,TEXAS A&M UNIVERSITY - COMMERCE         ,TX,75429-3011,Public       ,3554,3327,6881,3554,3327,6881
00356800,FRANK PHILLIPS COLLEGE                  ,TX,79008-0000,Public       ,161,139,300,161,139,300
00357000,GRAYSON COUNTY COLLEGE                  ,TX,75020-8299,Public       ,670,1265,1935,670,1265,1935
00357100,HARDIN-SIMMONS UNIVERSITY               ,TX,79698-6050,Private      ,1456,431,1887,1456,431,1887
00357200,TRINITY VALLEY COMMUNITY COLLEGE        ,TX,75751-2734,Public       ,1061,1559,2620,1061,1559,2620
00357300,HILL COLLEGE                            ,TX,76645-2711,Public       ,380,446,826,380,446,826
00357301,HILL COLLEGE                            ,TX,76031-0000,Public       ,337,662,999,337,662,999
00357400,HOWARD COLLEGE                          ,TX,79720-0213,Public       ,650,861,1511,650,861,1511
00357500,HOWARD PAYNE UNIVERSITY                 ,TX,76801-2715,Private      ,951,150,1101,951,150,1101
00357600,HOUSTON BAPTIST UNIVERSITY              ,TX,77074-3298,Private      ,3881,1539,5420,3881,1539,5420
00357700,HUSTON - TILLOTSON UNIVERSITY           ,TX,78702-2795,Private      ,747,434,1181,747,434,1181
00357800,UNIVERSITY OF THE INCARNATE WORD        ,TX,78209-6398,Private      ,4854,3102,7956,4854,3102,7956
00357900,JACKSONVILLE COLLEGE                    ,TX,75766-4759,Private      ,102,66,168,102,66,168
00358000,KILGORE COLLEGE                         ,TX,75662-3299,Public       ,1273,1473,2746,1273,1473,2746
00358100,LAMAR UNIVERSITY-BEAUMONT               ,TX,77710-0042,Public       ,5261,3320,8581,5261,3320,8581
00358200,LAREDO COMMUNITY COLLEGE                ,TX,78040-4395,Public       ,3205,1543,4748,3205,1543,4748
00358300,LEE COLLEGE                             ,TX,77520-4796,Public       ,657,1344,2001,657,1344,2001
00358400,LETOURNEAU UNIVERSITY                   ,TX,75607-0000,Private      ,1174,1088,2262,1174,1088,2262
00358500,LON MORRIS COLLEGE                      ,TX,75766-2900,Private      ,244,75,319,244,75,319
00358600,LUBBOCK CHRISTIAN UNIVERSITY            ,TX,79407-2099,Private      ,882,592,1474,882,592,1474
00358800,UNIVERSITY OF MARY HARDIN-BAYLOR        ,TX,76513-2599,Private      ,3565,909,4474,3565,909,4474
00359000,MCLENNAN COMMUNITY COLLEGE              ,TX,76708-1498,Public       ,1986,2532,4518,1986,2532,4518
00359100,MCMURRY UNIVERSITY                      ,TX,79697-0001,Private      ,1145,323,1468,1145,323,1468
00359200,MIDWESTERN STATE UNIVERSITY             ,TX,76308-2099,Public       ,2610,1273,3883,2610,1273,3883
00359300,NAVARRO COLLEGE                         ,TX,75110-4818,Public       ,1927,2078,4005,1927,2078,4005
00359400,UNIVERSITY OF NORTH TEXAS               ,TX,76203-5017,Public       ,21232,10127,31359,21232,10127,31359
00359500,OBLATE SCHOOL OF THEOLOGY               ,TX,78216-0000,Private      ,1,28,29,1,28,29
00359600,ODESSA COLLEGE                          ,TX,79764-7127,Public       ,632,818,1450,632,818,1450
00359800,OUR LADY OF THE LAKE UNIVERSITY         ,TX,78207-4689,Private      ,1708,1390,3098,1708,1390,3098
00359900,UNIVERSITY OF TEXAS - PAN AMERICAN      ,TX,78541-2999,Public       ,12659,4975,17634,12659,4975,17634
00360000,PANOLA COLLEGE                          ,TX,75633-2397,Public       ,374,605,979,374,605,979
00360100,PARIS JR COLLEGE                        ,TX,75460-6298,Public       ,812,1081,1893,812,1081,1893
00360200,PAUL QUINN COLLEGE                      ,TX,75241-4398,Private      ,186,251,437,186,251,437
00360300,RANGER COLLEGE                          ,TX,76470-3298,Public       ,220,280,500,220,280,500
00360305,RANGER COLLEGE-STEPHENVILE BEAUTY COLLEG,TX,76401-5136,Public       ,23,29,52,23,29,52
00360400,RICE UNIVERSITY                         ,TX,77251-1892,Private      ,9548,1769,11317,9548,1769,11317
00360600,SAM HOUSTON STATE UNIVERSITY            ,TX,77340-0000,Public       ,12448,4255,16703,12448,4255,16703
00360700,ALAMO CMTY CLG DISTRICT PROGRAM         ,TX,78207-0000,Public       ,955,1358,2313,955,1358,2313
00360800,ST PHILLIPS COLLEGE                     ,TX,78203-2098,Public       ,2520,4138,6658,2520,4138,6658
00360900,SAN JACINTO CLG-CENTRAL-NORTH-SOUTH     ,TX,77501-0000,Public       ,3946,5155,9101,3946,5155,9101
00361000,SCHREINER UNIVERSITY                    ,TX,78028-5697,Private      ,1050,267,1317,1050,267,1317
00361100,SOUTH PLAINS COLLEGE                    ,TX,79336-6504,Public       ,1970,1643,3613,1970,1643,3613
00361200,UNIV OF HOUSTON-DOWNTOWN                ,TX,77002-1001,Public       ,7005,7313,14318,7005,7313,14318
00361300,SOUTHERN METHODIST UNIVERSITY           ,TX,75275-0181,Private      ,6863,2945,9808,6863,2945,9808
00361400,SOUTHWEST TEXAS JR COLLEGE              ,TX,78801-6221,Public       ,1069,759,1828,1069,759,1828
00361500,TEXAS STATE UNIVERSITY--SAN MARCOS      ,TX,78666-4602,Public       ,24512,8827,33339,24512,8827,33339
00361600,SOUTHWESTERN ASSEMBLIES OF GOD UNIV     ,TX,75165-2397,Private      ,801,442,1243,801,442,1243
00361800,SOUTHWESTERN CHRISTIAN COLLEGE          ,TX,75160-3400,Private      ,92,55,147,92,55,147
00361900,SOUTHWESTERN ADVENTIST UNIVERSITY       ,TX,76059-1922,Private      ,470,201,671,470,201,671
00362000,SOUTHWESTERN UNIVERSITY                 ,TX,78626-6111,Private      ,2059,189,2248,2059,189,2248
00362100,ST EDWARDS UNIVERSITY                   ,TX,78704-0000,Private      ,4287,1646,5933,4287,1646,5933
00362300,ST MARY'S UNIV OF SAN ANTONIO           ,TX,78228-8500,Private      ,4592,2095,6687,4592,2095,6687
00362400,STEPHEN F AUSTIN STATE UNIVERSITY       ,TX,75962-0001,Public       ,10731,2317,13048,10731,2317,13048
00362500,SUL ROSS STATE UNIVERSITY               ,TX,79832-0113,Public       ,918,582,1500,918,582,1500
00362600,TARRANT COUNTY COLLEGE                  ,TX,76102-6599,Public       ,7344,11069,18413,7344,11069,18413
00362700,TEMPLE COLLEGE                          ,TX,76504-7435,Public       ,1035,2120,3155,1035,2120,3155
00362800,TEXARKANA COLLEGE                       ,TX,75599-0001,Public       ,612,963,1575,612,963,1575
00363000,PRAIRIE VIEW A&M UNIVERSITY             ,TX,77446-2967,Public       ,7485,2726,10211,7485,2726,10211
00363100,TARLETON STATE UNIVERSITY               ,TX,76402-0000,Public       ,5249,2911,8160,5249,2911,8160
00363200,TEXAS A&M UNIVERSITY                    ,TX,77842-0000,Public       ,33914,6048,39962,33914,6048,39962
00363400,TEXAS STATE TECHNICAL CLG AT WACO       ,TX,76705-1695,Public       ,1197,1307,2504,1197,1307,2504
00363500,TEXAS CHIROPRACTIC COLLEGE              ,TX,77505-1699,Private      ,15,132,147,15,132,147
00363600,TEXAS CHRISTIAN UNIVERSITY              ,TX,76129-0001,Private      ,11737,2295,14032,11737,2295,14032
00363700,JARVIS CHRISTIAN COLLEGE                ,TX,75765-1470,Private      ,234,78,312,234,78,312
00363800,TEXAS COLLEGE                           ,TX,75702-4500,Private      ,523,326,849,523,326,849
00363900,TEXAS A&M UNIVERSITY-KINGSVILLE         ,TX,78363-8203,Public       ,6408,3438,9846,6408,3438,9846
00364100,TEXAS LUTHERAN UNIVERSITY               ,TX,78155-5999,Private      ,1662,193,1855,1662,193,1855
00364200,TEXAS SOUTHERN UNIVERSITY               ,TX,77004-4598,Public       ,6566,6008,12574,6566,6008,12574
00364400,TEXAS TECH UNIVERSITY                   ,TX,79409-0000,Public       ,18237,5638,23875,18237,5638,23875
00364500,TEXAS WESLEYAN UNIVERSITY               ,TX,76105-1536,Private      ,914,2123,3037,914,2123,3037
00364600,TEXAS WOMAN'S UNIVERSITY                ,TX,76204-5587,Public       ,6189,7356,13545,6189,7356,13545
00364700,TRINITY UNIVERSITY                      ,TX,78212-7200,Private      ,3215,519,3734,3215,519,3734
00364800,TYLER JUNIOR COLLEGE                    ,TX,75701-3436,Public       ,3629,2711,6340,3629,2711,6340
00365100,UNIVERSITY OF DALLAS                    ,TX,75062-4799,Private      ,1737,733,2470,1737,733,2470
00365200,UNIVERSITY OF HOUSTON                   ,TX,77204-2010,Public       ,23312,14378,37690,23312,14378,37690
00365400,UNIVERSITY OF ST THOMAS                 ,TX,77006-4626,Private      ,1180,1119,2299,1180,1119,2299
00365600,UNIVERSITY OF TEXAS-ARLINGTON           ,TX,76019-0000,Public       ,16056,14044,30100,16056,14044,30100
00365800,UNIVERSITY OF TEXAS-AUSTIN              ,TX,78713-7758,Public       ,38912,14531,53443,38912,14531,53443
00365900,UT HEALTH CENTER-SAN ANTONIO            ,TX,78229-3900,Public       ,1001,2339,3340,1001,2339,3340
00366100,UNIVERSITY OF TEXAS-EL PASO             ,TX,79968-0629,Public       ,11000,6522,17522,11000,6522,17522
00366200,VICTORIA COLLEGE                        ,TX,77901-4494,Public       ,674,1190,1864,674,1190,1864
00366300,WAYLAND BAPTIST UNIVERSITY              ,TX,79072-6998,Private      ,808,1382,2190,808,1382,2190
00366400,WEATHERFORD COLLEGE                     ,TX,76086-5699,Public       ,1027,1296,2323,1027,1296,2323
00366500,WEST TEXAS A&M UNIVERSITY               ,TX,79016-0000,Public       ,3382,1446,4828,3382,1446,4828
00366800,WHARTON COUNTY JR COLLEGE               ,TX,77488-3298,Public       ,1232,1102,2334,1232,1102,2334
00366900,WILEY COLLEGE                           ,TX,75670-5199,Private      ,576,273,849,576,273,849
00400300,CENTRAL TEXAS COLLEGE                   ,TX,76540-4199,Public       ,1226,5843,7069,1226,5843,7069
00407221,NORTHWOOD UNIVERSITY                    ,TX,75104-0000,Private      ,279,311,590,279,311,590
00445300,EL CENTRO COLLEGE                       ,TX,75202-0000,Public       ,2275,4394,6669,2275,4394,6669
00450303,EVEREST COLLEGE - FORT WORTH SOUTH      ,TX,76115-1407,Proprietary  ,61,255,316,61,255,316
00481102,EVEREST INSTITUTE - EVEREST COLLEGE     ,TX,76011-6630,Proprietary  ,59,250,309,59,250,309
00494800,TEXAS A&M UNIV SYSTEM HEALTH SCI CT     ,TX,77840-7896,Public       ,1281,1296,2577,1281,1296,2577
00494900,BAYLOR COLLEGE OF MEDICINE              ,TX,77030-0000,Private      ,560,1167,1727,560,1167,1727
00495100,UNIV OF TEXAS HEALTH SCIENCE CENTER     ,TX,77225-0000,Public       ,596,2463,3059,596,2463,3059
00495200,UNIV OF TEXAS MEDICAL BRANCH            ,TX,77550-0000,Public       ,446,1407,1853,446,1407,1853
00497200,GALVESTON COLLEGE                       ,TX,77550-7447,Public       ,413,622,1035,413,622,1035
00497700,SOUTH TEXAS COLLEGE OF LAW              ,TX,77002-0000,Private      ,49,1306,1355,49,1306,1355
00660600,BAPTIST HS SCHOOL OF HEALTH PROFESSIONS ,TX,78229-3234,Proprietary  ,119,655,774,119,655,774
00661200,COVENANT SCH OF NSG & ALLIED HEALTH     ,TX,79410-0000,Private      ,85,191,276,85,191,276
00666100,ANGELINA COLLEGE                        ,TX,75902-0000,Public       ,1003,1199,2202,1003,1199,2202
00694100,DALLAS CHRISTIAN COLLEGE                ,TX,75234-7229,Private      ,170,237,407,170,237,407
00709600,COLLEGE OF THE MAINLAND                 ,TX,77591-2499,Public       ,408,1010,1418,408,1010,1418
00728700,BRAZOSPORT COLLEGE                      ,TX,77566-3199,Public       ,487,601,1088,487,601,1088
00732907,ITT TECHNICAL INSTITUTE                 ,TX,77063-3751,Proprietary  ,162,365,527,162,365,527
00732913,ITT TECHNICAL INSTITUTE                 ,TX,76011-3919,Proprietary  ,121,224,345,121,224,345
00732975,ITT TECHNICAL INSTITUTE                 ,TX,78249-3303,Proprietary  ,120,241,361,120,241,361
00754805,WESTWOOD COLLEGE OF TECHNOLOGY          ,TX,77074-0000,Proprietary  ,59,174,233,59,174,233
00793804,LINCOLN COLLEGE OF TECHNOLOGY - GRAND PR,TX,75052-7605,Proprietary  ,253,162,415,253,162,415
00849800,MIMS CLASSIC BEAUTY COLLEGE             ,TX,78216-0000,Proprietary  ,25,31,56,25,31,56
00850300,MOUNTAIN VIEW COLLEGE                   ,TX,75211-6599,Public       ,1850,2497,4347,1850,2497,4347
00850400,RICHLAND COLLEGE                        ,TX,75243-2199,Public       ,2405,3224,5629,2405,3224,5629
00851000,EASTFIELD COLLEGE                       ,TX,75150-2099,Public       ,2010,2937,4947,2010,2937,4947
00907905,EVEREST COLLEGE                         ,TX,75206-5209,Proprietary  ,184,503,687,184,503,687
00908200,INTERNATIONAL BUSINESS COLLEGE          ,TX,79903-0000,Proprietary  ,74,135,209,74,135,209
00916300,SAN ANTONIO COLLEGE                     ,TX,78212-4299,Public       ,5712,7619,13331,5712,7619,13331
00922500,TEXAS STATE TECHNICAL COLLEGE  HARLINGEN,TX,78550-3697,Public       ,2018,1401,3419,2018,1401,3419
00946600,KAPLAN COLLEGE                          ,TX,78216-1899,Proprietary  ,155,559,714,155,559,714
00946607,KAPLAN COLLEGE - MCALLEN                ,TX,78503-1622,Proprietary  ,146,163,309,146,163,309
00946609,KAPLAN COLLEGE - CAREER CENTERS OF TEXAS,TX,78416-9900,Proprietary  ,92,307,399,92,307,399
00946610,KAPLAN COLLEGE - CAREER CENTERS OF TEXAS,TX,76103-2310,Proprietary  ,84,304,388,84,304,388
00954900,WESTERN TEXAS COLLEGE                   ,TX,79549-9501,Public       ,255,183,438,255,183,438
00965100,TEXAS A&M INTERNATIONAL UNIVERSITY      ,TX,78041-1900,Public       ,4062,1449,5511,4062,1449,5511
00974100,UNIVERSITY OF TEXAS AT DALLAS           ,TX,75083-0000,Public       ,7277,4786,12063,7277,4786,12063
00976800,UNIVERSITY OF NORTH TEXAS HEALTH SCIENCE,TX,76107-2699,Public       ,427,1597,2024,427,1597,2024
00979700,MIDLAND COLLEGE                         ,TX,79705-6397,Public       ,719,825,1544,719,825,1544
00982802,EVEREST INSTITUTE- AUSTIN               ,TX,78754-0000,Proprietary  ,106,375,481,106,375,481
00993000,UNIVERSITY OF TEXAS-PERMIAN BASIN       ,TX,79762-0001,Public       ,1111,834,1945,1111,834,1945
00993200,TEXAS STATE TECH CLG-WEST TEXAS         ,TX,79556-4108,Public       ,157,188,345,157,188,345
00993201,TEXAS STATE TECH COLLEGE-ABILENE        ,TX,79601-0000,Public       ,173,241,414,173,241,414
00993204,TEXAS STATE TECH CLG-BRECKENRIDGE       ,TX,76424-0000,Public       ,23,49,72,23,49,72
00993205,TEXAS STATE TECH COLLEGE-BROWNWOOD      ,TX,76801-0000,Public       ,40,109,149,40,109,149
01001900,UNIV OF TEXAS SOUTHWESTERN MED CTR      ,TX,75390-9096,Public       ,247,1642,1889,247,1642,1889
01005700,AMERICAN COMMERCIAL COLLEGE             ,TX,79602-1399,Proprietary  ,7,47,54,7,47,54
01005900,AMERICAN COMMERCIAL COLLEGE             ,TX,79761-0000,Proprietary  ,18,38,56,18,38,56
01005901,AMERICAN COMMERCIAL COLLEGE - AMERICAN C,TX,76310-2303,Proprietary  ,16,98,114,16,98,114
01006000,VERNON COLLEGE                          ,TX,76384-4092,Public       ,520,932,1452,520,932,1452
01011500,UNIVERSITY OF TEXAS-SAN ANTONIO         ,TX,78249-0600,Public       ,26241,10844,37085,26241,10844,37085
01013000,WADE COLLEGE                            ,TX,75207-3199,Proprietary  ,85,167,252,85,167,252
01038700,EL PASO COMMUNITY COLLEGE               ,TX,79998-0000,Public       ,7451,6365,13816,7451,6365,13816
01050900,HALLMARK COLLEGE OF AERONAUTICS         ,TX,78214-0000,Proprietary  ,67,198,265,67,198,265
01063300,HOUSTON COMMUNITY COLLEGE               ,TX,77002-0000,Public       ,9851,18592,28443,9851,18592,28443
01067400,TEXAS TECH U HEALTH SCIENCES CENTER     ,TX,79430-0000,Public       ,958,2443,3401,958,2443,3401
01076100,DALLAS INSTITUTE OF FUNERAL SERVICE     ,TX,75227-4314,Private      ,46,150,196,46,150,196
01114500,LONE STAR COLLEGE SYSTEM                ,TX,77073-3499,Public       ,8429,13919,22348,8429,13919,22348
01116100,TEXAS A&M UNIV CORPUS CHRISTI           ,TX,78412-5599,Public       ,7556,2817,10373,7556,2817,10373
01116300,UNIVERSITY OF TEXAS AT TYLER            ,TX,75799-6699,Public       ,3014,2146,5160,3014,2146,5160
01171100,UNIVERSITY OF HOUSTON-CLEAR LAKE        ,TX,77058-1002,Public       ,1188,3446,4634,1188,3446,4634
01201500,AUSTIN COMMUNITY COLLEGE                ,TX,78752-4390,Public       ,8765,11265,20030,8765,11265,20030
01202000,VICTORIA BEAUTY COLLEGE                 ,TX,77901-6233,Proprietary  ,13,29,42,13,29,42
01226800,BALDWIN BEAUTY SCHOOL #5                ,TX,78704-4785,Proprietary  ,70,144,214,70,144,214
01229700,LAREDO BEAUTY COLLEGE                   ,TX,78040-1051,Proprietary  ,40,64,104,40,64,104
01248200,ATI TECHNICAL TRAINING CENTER           ,TX,75235-4622,Proprietary  ,56,170,226,56,170,226
01248209,ATI CAREER TRAINING CENTER - GARLAND    ,TX,75041-2497,Proprietary  ,9,42,51,9,42,51
01248210,ATI CAREER TRAINING CENTER - WACO       ,TX,76711-1682,Proprietary  ,43,101,144,43,101,144
01248300,COSMETOLOGY CAREER CENTER-A PAUL MITCHEL,TX,75006-2567,Proprietary  ,113,145,258,113,145,258
01248800,INTERNATIONAL BEAUTY COLLEGE NO 3       ,TX,75040-0000,Proprietary  ,3,11,14,3,11,14
01276400,METROPLEX BEAUTY SCHOOL                 ,TX,75149-0000,Proprietary  ,14,23,37,14,23,37
01293000,CHARLES & SUE'S SCH OF HAIR DESIGN      ,TX,77801-0000,Proprietary  ,21,42,63,21,42,63
01293200,TINT SCHOOL OF MAKEUP & COSMETOLOGY     ,TX,75061-4235,Proprietary  ,10,46,56,10,46,56
01300300,NEILSON BEAUTY COLLEGE                  ,TX,75208-4637,Proprietary  ,24,52,76,24,52,76
01301600,OGLE SCHOOL HAIR SKIN NAILS             ,TX,76013-7400,Proprietary  ,90,269,359,90,269,359
01303912,SOUTH UNIVERSITY - THE ART INSTITUTE OF ,TX,75231-5993,Proprietary  ,751,587,1338,751,587,1338
01323100,UNIVERSITY OF HOUSTON-VICTORIA          ,TX,77901-5731,Public       ,1238,1740,2978,1238,1740,2978
02058600,CONLEE'S COLLEGE OF COSMETOLOGY         ,TX,78028-0000,Proprietary  ,6,17,23,6,17,23
02069302,VATTEROTT COLLEGE - VATTEROTT EDUCATION ,TX,75220-5441,Proprietary  ,5,31,36,5,31,36
02074100,CAPITOL CITY TRADE & TECHNICAL SCH      ,TX,78704-0000,Proprietary  ,33,99,132,33,99,132
02077400,NORTH LAKE COLLEGE                      ,TX,75038-0000,Public       ,1205,1871,3076,1205,1871,3076
02081400,ARLINGTON BAPTIST COLLEGE               ,TX,76012-0000,Private      ,79,127,206,79,127,206
02093600,SOUTHWEST SCHOOL OF ELECTRONIC          ,TX,78735-0000,Proprietary  ,16,37,53,16,37,53
02098300,WESTERN TECHNICAL COLLEGE               ,TX,79927-2105,Proprietary  ,271,393,664,271,393,664
02100200,BROOKHAVEN COLLEGE                      ,TX,75244-0000,Public       ,1228,2346,3574,1228,2346,3574
02113610,AMERICAN INTERCONTINENTAL UNIV - HOUSTON,TX,77042-4516,Proprietary  ,122,500,622,122,500,622
02116008,SANFORD-BROWN COLLEGE - HOUSTON         ,TX,77042-8900,Proprietary  ,105,440,545,105,440,545
02116012,SANFORD-BROWN COLLEGE - HOUSTON NORTH LO,TX,77008-1058,Proprietary  ,52,221,273,52,221,273
02117100,ART INSTITUTE OF HOUSTON                ,TX,77056-0000,Proprietary  ,1956,1591,3547,1956,1591,3547
02119200,COURT REPORTING INSTITUTE OF DALLAS     ,TX,75247-6913,Proprietary  ,24,267,291,24,267,291
02119202,COURT REPORTING INSTIUTE OF DALLAS - COU,TX,77040-6315,Proprietary  ,7,67,74,7,67,74
02128302,INSTITUTE FOR BUSINESS & TECHNOLOGY - LA,TX,78230-2520,Proprietary  ,72,161,233,72,161,233
02136800,AMERICAN COMMERCIAL COLLEGE             ,TX,76904-0000,Proprietary  ,20,51,71,20,51,71
02144800,VET TECH INSTITUTE OF HOUSTON           ,TX,77027-9881,Proprietary  ,123,126,249,123,126,249
02176100,PIPO ACADEMY OF HAIR DESIGN             ,TX,79903-0000,Proprietary  ,29,48,77,29,48,77
02200800,AMERICAN COMMERCIAL COLLEGE             ,TX,79411-0000,Proprietary  ,11,46,57,11,46,57
02218300,SOUTHWEST SCHOOL OF BUSINESS & TECHNICAL,TX,78221-0000,Proprietary  ,41,86,127,41,86,127
02218305,SOUTHWEST SCHOOL OF BUSINESS AND TECHNIC,TX,78501-6053,Proprietary  ,29,25,54,29,25,54
02218306,SOUTHWEST SCHOOL OF BUSINESS AND TECHNIC,TX,78413-2045,Proprietary  ,18,31,49,18,31,49
02224600,TRI-STATE BEAUTY SCHOOL #1              ,TX,79915-0000,Proprietary  ,50,73,123,50,73,123
02230500,OGLE SCHOOL HAIR SKIN NAILS             ,TX,76132-3638,Proprietary  ,77,256,333,77,256,333
02230600,OGLE SCHOOL HAIR SKIN NAILS             ,TX,76053-4650,Proprietary  ,24,86,110,24,86,110
02239100,CENTRAL TEXAS BEAUTY COLLEGE #2         ,TX,78664-4204,Proprietary  ,20,83,103,20,83,103
02248200,MILAN INSTITUTE OF COSMETOLOGY          ,TX,79103-0000,Proprietary  ,114,437,551,114,437,551
02254800,TEXAS VOCATIONAL SCHOOLS                ,TX,77901-0000,Proprietary  ,21,47,68,21,47,68
02259400,AMBERTON UNIVERSITY                     ,TX,75041-0000,Private      ,15,118,133,15,118,133
02261300,EVEREST INSTITUTE                       ,TX,78213-3841,Proprietary  ,76,295,371,76,295,371
02261302,EVEREST INSTITUTE - HOUSTON GREENSPOINT ,TX,77060-3249,Proprietary  ,89,329,418,89,329,418
02261303,EVEREST INSTITUTE - HOUSTON HOBBY       ,TX,77087-2737,Proprietary  ,71,247,318,71,247,318
02267100,EXPOSITO SCHOOL OF HAIR DESIGN          ,TX,79109-0000,Proprietary  ,14,28,42,14,28,42
02276000,FRANKLIN BEAUTY SCHOOL #2               ,TX,77021-0000,Proprietary  ,41,136,177,41,136,177
02285900,UNIVERSITY OF COSMETOLOGY ARTS&SCI      ,TX,78504-0000,Proprietary  ,75,62,137,75,62,137
02294800,CAPITOL CITY CAREERS                    ,TX,78745-0000,Proprietary  ,21,100,121,21,100,121
02298501,EVEREST COLLEGE- FORT WORTH             ,TX,76137-2472,Proprietary  ,64,254,318,64,254,318
02305300,PARKER COLLEGE OF CHIROPRACTIC          ,TX,75229-0000,Private      ,28,514,542,28,514,542
02306700,FORT WORTH BEAUTY SCHOOL                ,TX,76116-3299,Proprietary  ,33,87,120,33,87,120
02312200,TEXAS SCHOOL OF BUSINESS                ,TX,77073-6032,Proprietary  ,141,361,502,141,361,502
02312201,TEXAS SCHOOL OF BUSINESS - SOUTHWEST CAM,TX,77057-5914,Proprietary  ,49,166,215,49,166,215
02312202,TEXAS SCHOOL OF BUSINESS - FRIENDSWOOD C,TX,77546-8938,Proprietary  ,16,98,114,16,98,114
02312203,TEXAS SCHOOL OF BUSINESS - EAST CAMPUS  ,TX,77029-1916,Proprietary  ,55,164,219,55,164,219
02313901,WESTWOOD COLLEGE - DALLAS               ,TX,75243-0000,Proprietary  ,89,244,333,89,244,333
02315400,NORTHEAST TEXAS COMMUNITY COLLEGE       ,TX,75456-0000,Public       ,567,666,1233,567,666,1233
02318200,"KD STUDIO, ACTOR'S CONSERVATORY         ",TX,75207-2111,Proprietary  ,58,91,149,58,91,149
02320200,HOUSTON GRADUATE SCHOOL OF THEOLOGY     ,TX,77092-0000,Private      ,6,82,88,6,82,88
02326000,SAN ANTONIO BEAUTY COLLEGE NO 3         ,TX,78217-0000,Proprietary  ,45,59,104,45,59,104
02331200,BAPTIST MISSIONARY ASSN THEOL SEM       ,TX,75766-0000,Private      ,2,22,24,2,22,24
02331300,INTERACTIVE LEARNING SYSTEMS            ,TX,77502-1201,Proprietary  ,2,25,27,2,25,27
02331301,INTERACTIVE LEARNING SYSTEMS            ,TX,77081-0000,Proprietary  ,11,87,98,11,87,98
02331304,INTERACTIVE LEARNING SYSTEMS            ,TX,77060-0000,Proprietary  ,5,62,67,5,62,67
02341300,PALO ALTO COLLEGE                       ,TX,78224-0000,Public       ,2382,2622,5004,2382,2622,5004
02348500,LAMAR STATE COLLEGE-PORT ARTHUR         ,TX,77640-0000,Public       ,425,843,1268,425,843,1268
02357700,ACADEMY OF HAIR DESIGN                  ,TX,77043-3412,Proprietary  ,80,205,285,80,205,285
02358200,LAMAR STATE COLLEGE-ORANGE              ,TX,77630-0000,Public       ,332,657,989,332,657,989
02361400,COLLIN COUNTY COMMUNITY COLLEGE         ,TX,75071-0000,Public       ,3346,4584,7930,3346,4584,7930
02362000,UNIVERSAL TECHNICAL INSTITUTE           ,TX,77073-0000,Proprietary  ,1442,1019,2461,1442,1019,2461
02362800,AUSTIN GRADUATE SCHOOL OF THEOLOGY      ,TX,78752-1333,Private      ,11,51,62,11,51,62
02521200,ARLINGTON CAREER INSTITUTE              ,TX,75050-0000,Proprietary  ,18,98,116,18,98,116
02521800,SEGUIN BEAUTY SCHOOL                    ,TX,78155-0000,Proprietary  ,9,24,33,9,24,33
02527500,HOUSTON TRAINING SCHOOLS                ,TX,77029-0000,Proprietary  ,38,145,183,38,145,183
02530700,SEBRING CAREER SCHOOLS                  ,TX,77083-1510,Proprietary  ,4,14,18,4,14,18
02548800,SOUTH TEXAS VO-TECH INSTITUTE           ,TX,78596-0000,Proprietary  ,100,101,201,100,101,201
02548802,SOUTH TEXAS VOCATIONAL TECHNICAL INSTITU,TX,78520-8710,Proprietary  ,94,112,206,94,112,206
02549400,SOUTH TEXAS VO-TECH INSTITUTE           ,TX,78501-0000,Proprietary  ,114,169,283,114,169,283
02549402,SOUTH TEXAS VOCATIONAL TECHNICAL INSTITU,TX,78416-1141,Proprietary  ,54,120,174,54,120,174
02555400,UNIV OF TX MD ANDERSON CANCER CTR       ,TX,77030-0000,Public       ,97,350,447,97,350,447
02568100,TEXAS BARBER COLLEGES & HAIRSTYLING     ,TX,75208-0000,Proprietary  ,84,297,381,84,297,381
02569300,LE CORDON BLEU COLLEGE OF CULINARY ARTS ,TX,78758-3647,Proprietary  ,605,1354,1959,605,1354,1959
02572000,COMPUTER CAREER CENTER                  ,TX,79925-2021,Proprietary  ,116,261,377,116,261,377
02572004,COMPUTER CAREER CENTER - AMARILLO CAMPUS,TX,79101-2404,Proprietary  ,14,72,86,14,72,86
02572005,COMPUTER CAREER CENTER - LUBBOCK CAMPUS ,TX,79414-3517,Proprietary  ,22,86,108,22,86,108
02580100,IVERSON BUSINESS SCH & COURT REPORT     ,TX,76011-1344,Proprietary  ,6,45,51,6,45,51
02591100,CAREER POINT COLLEGE                    ,TX,78201-2027,Proprietary  ,89,455,544,89,455,544
02591900,KAPLAN COLLEGE                          ,TX,79907-1525,Proprietary  ,230,449,679,230,449,679
02591905,KAPLAN COLLEGE - BROWNSVILLE            ,TX,78521-9905,Proprietary  ,90,115,205,90,115,205
02596400,REDSTONE COLLEGE - LOS ANGELES          ,TX,77061-0000,Proprietary  ,50,102,152,50,102,152
02596500,ATI CAREER TRAINING CENTER              ,TX,76180-1599,Proprietary  ,19,129,148,19,129,148
02596503,ATI- CAREER TRAINING CENTER - HOUSTON (#,TX,77029-1978,Proprietary  ,29,121,150,29,121,150
02596600,ATI-CAREER TRAINING CENTER              ,TX,75220-4443,Proprietary  ,33,150,183,33,150,183
02596601,ATI CAREER TRAINING CENTER - RICHARDSON ,TX,75081-1948,Proprietary  ,12,46,58,12,46,58
02596602,ATI CAREER TRAINING CENTER - DALLAS (STE,TX,75247-6103,Proprietary  ,61,262,323,61,262,323
02600200,OCEAN CORPORATION (THE)                 ,TX,77099-3479,Proprietary  ,63,225,288,63,225,288
02604700,CENTER FOR ADVANCED LEGAL STUDIES       ,TX,77098-4151,Proprietary  ,17,153,170,17,153,170
02606202,EVEREST COLLEGE - EVEREST INSTITUTE - BI,TX,77036-8014,Proprietary  ,84,392,476,84,392,476
02615000,SANFORD-BROWN COLLEGE                   ,TX,75247-6931,Proprietary  ,150,523,673,150,523,673
03009400,SW SCH BUS & TECH CAREERS               ,TX,78212-2840,Proprietary  ,16,40,56,16,40,56
03010604,VIRGINIA COLLEGE - VIRGINIA COLLEGE AT A,TX,78723-0000,Proprietary  ,77,391,468,77,391,468
03011800,UNIVERSITY OF COSMETOLOGY ARTS & SCIENCE,TX,78226-1160,Proprietary  ,53,58,111,53,58,111
03019800,PCI HEALTH TRAINING CENTER              ,TX,75247-4720,Proprietary  ,74,209,283,74,209,283
03021500,SW SCH BUS & TECH CAREERS               ,TX,78852-4859,Proprietary  ,97,57,154,97,57,154
03025000,TEXAS COLLEGE OF COSMETOLOGY            ,TX,79605-2001,Proprietary  ,25,53,78,25,53,78
03025001,TEXAS COLLEGE OF COSMETOLOGY - SAN ANGEL,TX,76903-4708,Proprietary  ,18,42,60,18,42,60
03026500,REMINGTON COLLEGE - HOUSTON CAMPUS      ,TX,77082-1849,Private      ,181,652,833,181,652,833
03026501,REMINGTON COLLEGE - NORTH HOUSTON CAMPUS,TX,77067-1849,Private      ,84,249,333,84,249,333
03026505,REMINGTON COLLEGE - HOUSTON CAMPUS - DAL,TX,75041-9935,Private      ,63,151,214,63,151,214
03026506,REMINGTON COLLEGE - FT. WORTH CAMPUS    ,TX,76112-1280,Private      ,80,284,364,80,284,364
03028800,CIRCLE J BEAUTY SCHOOL                  ,TX,77587-3714,Proprietary  ,5,38,43,5,38,43
03030608,UTAH COLLEGE OF MASSAGE THERAPY - TEXAS ,TX,75801-4848,Proprietary  ,16,45,61,16,45,61
03031408,INTERNATIONAL ACADEMY OF DESIGN & TECHNO,TX,78229-2263,Proprietary  ,114,239,353,114,239,353
03032300,SCHOOL OF AUTOMOTIVE MACHINISTS         ,TX,77055-1803,Proprietary  ,64,124,188,64,124,188
03035200,TINT SCHOOL OF MAKEUP & COSMETOLOGY     ,TX,75229-3734,Proprietary  ,52,94,146,52,94,146
03035300,SOUTHERN CAREERS INSTITUTE              ,TX,78704-5252,Proprietary  ,61,301,362,61,301,362
03035301,SOUTHERN CAREERS INSTITUTE-PHARR        ,TX,78577-2118,Proprietary  ,13,18,31,13,18,31
03035302,SOUTHERN CAREERS INSTITUTE - CORPUS CHRI,TX,78414-2904,Proprietary  ,29,66,95,29,66,95
03035303,SOUTHERN CAREERS INSTITUTE - SAN ANTONIO,TX,78221-4351,Proprietary  ,32,107,139,32,107,139
03035305,SOUTHERN CAREERS INSTITUTE - BROWNSVILLE,TX,78520-8680,Proprietary  ,46,48,94,46,48,94
03035306,SOUTHERN CAREERS INSTITUTE - HARLINGEN  ,TX,78550-7911,Proprietary  ,44,40,84,44,40,84
03035307,SOUTHERN CAREERS INSTITUTE - CORPUS CHRI,TX,78410-1609,Proprietary  ,19,42,61,19,42,61
03061800,STAR COLLEGE OF COSMETOLOGY             ,TX,75702-8214,Proprietary  ,44,95,139,44,95,139
03064600,UNIVERSITY OF TEXAS AT BROWNSVILLE      ,TX,78520-4993,Public       ,6336,4257,10593,6336,4257,10593
03075400,ICC TECHNICAL INSTITUTE                 ,TX,77004-2930,Private      ,34,65,99,34,65,99
03076403,BRYMAN SCHOOL OF ARIZONA (THE) - ANTHEM ,TX,75038-4201,Proprietary  ,12,39,51,12,39,51
03079201,WESTWOOD COLLEGE OF TECHNOLOGY          ,TX,76180-0000,Proprietary  ,9,40,49,9,40,49
03103400,SOUTH TEXAS COLLEGE                     ,TX,78501-6699,Public       ,6828,4216,11044,6828,4216,11044
03108700,ROYAL BEAUTY CAREERS                    ,TX,77069-4611,Proprietary  ,27,131,158,27,131,158
03111000,MID-CITIES BARBER COLLEGE               ,TX,75051-4810,Proprietary  ,16,45,61,16,45,61
03115800,KAPLAN COLLEGE                          ,TX,78238-4203,Proprietary  ,98,344,442,98,344,442
03115802,KAPLAN COLLEGE - LAREDO                 ,TX,78041-6181,Proprietary  ,50,98,148,50,98,148
03115803,KAPLAN COLLEGE-BEAUMONT                 ,TX,77701-3706,Proprietary  ,53,212,265,53,212,265
03115804,KAPLAN COLLEGE - LUBBOCK                ,TX,79401-2601,Proprietary  ,44,164,208,44,164,208
03128100,ACADEMY OF HEALTH CARE PROFESSIONS      ,TX,77092-8108,Proprietary  ,156,428,584,156,428,584
03144300,NATIONAL BEAUTY COLLEGE                 ,TX,75043-4046,Proprietary  ,7,15,22,7,15,22
03153300,AMER COLL OF ACUPUNCTURE & O.M.         ,TX,77063-4104,Proprietary  ,6,50,56,6,50,56
03156400,ACADEMY OF ORIENTAL MEDICINE AT AUSTIN  ,TX,78757-1132,Proprietary  ,31,111,142,31,111,142
03159300,ARLINGTON MEDICAL INSTITUTE             ,TX,76011-0000,Proprietary  ,83,169,252,83,169,252
03170300,TEXAS A&M UNIVERSITY-TEXARKANA          ,TX,75501-0000,Public       ,790,899,1689,790,899,1689
03179500,TEXAS COLG TRADITIONAL CHINESE MED      ,TX,78704-6748,Proprietary  ,5,61,66,5,61,66
03189400,COLLEGE OF SAINT THOMAS MORE            ,TX,76109-2323,Private      ,24,38,62,24,38,62
03237400,FARIS COMPUTER SCHOOL                   ,TX,77627-3829,Proprietary  ,1,5,6,1,5,6
03272300,KAPLAN COLLEGE                          ,TX,75234-7288,Proprietary  ,116,411,527,116,411,527
03272301,KAPLAN COLLEGE - MIDLAND                ,TX,79703-5531,Proprietary  ,31,100,131,31,100,131
03272303,KAPLAN COLLEGE - ARLINGTON              ,TX,76010-8121,Proprietary  ,65,319,384,65,319,384
03275300,TOUCH OF CLASS SCHOOL OF COSM           ,TX,75402-6314,Proprietary  ,16,36,52,16,36,52
03276300,ACADEMY OF HAIR DESIGN                  ,TX,75901-4900,Proprietary  ,22,57,79,22,57,79
03277300,ACADEMY OF HAIR DESIGN                  ,TX,77701-4650,Proprietary  ,27,52,79,27,52,79
03303300,NORTHWEST EDUCATIONAL CENTER            ,TX,77092-7055,Proprietary  ,7,47,54,7,47,54
03371300,TONI&GUY HAIRDRESSING ACADEMY           ,TX,75006-2351,Proprietary  ,47,70,117,47,70,117
03372300,NORTHWEST VISTA COLLEGE                 ,TX,78251-4217,Public       ,4134,3931,8065,4134,3931,8065
03396500,TEXAS STATE TECHNICAL COLG/MARSHALL     ,TX,75672-7402,Public       ,152,196,348,152,196,348
03400300,CAREER QUEST                            ,TX,78229-3539,Proprietary  ,18,114,132,18,114,132
03412300,ADVANCED BARBER COLLEGE & HAIR DESI     ,TX,78596-0000,Proprietary  ,25,63,88,25,63,88
03416500,DALLAS NURSING INSTITUTE                ,TX,75243-5502,Proprietary  ,143,490,633,143,490,633
03422300,MILAN INSTITUTE                         ,TX,78238-4103,Proprietary  ,234,599,833,234,599,833
03422400,COLLEGE OF BIBLICAL STUDIES-HOUSTON     ,TX,77036-3211,Private      ,32,402,434,32,402,434
03424400,MEDVANCE INSTITUTE                      ,TX,77057-7386,Proprietary  ,72,288,360,72,288,360
03426300,CAREER ADVANCEMENT CENTER               ,TX,78752-1470,Proprietary  ,9,78,87,9,78,87
03480304,MEDVANCE INSTITUTE OF BATON ROUGE - GRAN,TX,75050-2342,Proprietary  ,16,88,104,16,88,104
03509400,CORYELL COSMETOLOGY COLLEGE             ,TX,76528-2036,Proprietary  ,1,2,3,1,2,3
03520300,LUBBOCK HAIR ACADEMY                    ,TX,79410-3524,Proprietary  ,8,36,44,8,36,44
03542300,CONCORDE CAREER INSTITUTE               ,TX,76011-4016,Proprietary  ,80,456,536,80,456,536
03551400,STATE BEAUTY ACADEMY                    ,TX,75116-3501,Proprietary  ,3,9,12,3,9,12
03556400,KUSSAD INSTITUTE OF COURT REPORTING     ,TX,78704-5712,Proprietary  ,3,26,29,3,26,29
03573300,AVIATION INSTITUTE OF MAINTENANCE       ,TX,75209-3017,Proprietary  ,58,287,345,58,287,345
03610300,MJ'S BEAUTY ACADEMY INC                 ,TX,75224-4425,Proprietary  ,26,43,69,26,43,69
03612400,VALLEY GRANDE INSTITUTE FOR ACADEMI     ,TX,78596-0000,Private      ,35,97,132,35,97,132
03627300,LAMAR INSTITUTE OF TECHNOLOGY           ,TX,77705-4142,Public       ,832,1104,1936,832,1104,1936
03676400,HEALTHY HAIR ACADEMY                    ,TX,75227-0000,Proprietary  ,22,58,80,22,58,80
03680300,JAY'S TECHNICAL INSTITUTE               ,TX,77031-3509,Proprietary  ,11,32,43,11,32,43
03682400,DALLAS BARBER & STYLIST COLLEGE         ,TX,75231-0000,Proprietary  ,47,181,228,47,181,228
03714300,TREND BARBER COLLEGE                    ,TX,77071-2104,Proprietary  ,35,124,159,35,124,159
03723300,CULINARY INST ALAIN & MARIE LENOTRE     ,TX,77022-4322,Proprietary  ,115,182,297,115,182,297
03727600,CULINARY ACADEMY OF AUSTIN              ,TX,78752-0000,Proprietary  ,146,179,325,146,179,325
03731300,INTERNATIONAL RENOWNED BEAUTY ACADE     ,TX,76103-2504,Proprietary  ,9,52,61,9,52,61
03733300,BAPTIST UNIVERSITY OF THE AMERICAS      ,TX,78224-1336,Private      ,46,123,169,46,123,169
03756300,ANAMARC COLLEGE                         ,TX,79930-6230,Proprietary  ,162,388,550,162,388,550
03922300,SOUTH TEXAS BARBER COLLEGE              ,TX,78415-3463,Proprietary  ,9,18,27,9,18,27
03944400,PROFESSIONAL CAREERS INSTITUTE          ,TX,77036-2252,Proprietary  ,22,92,114,22,92,114
03970300,HANDS ON THERAPY                        ,TX,75149-2294,Proprietary  ,9,37,46,9,37,46
03987300,TEXAS HEALTH SCHOOL                     ,TX,77079-2106,Proprietary  ,113,285,398,113,285,398
04036300,SOUTHEAST TEXAS CAREER INSTITUTE        ,TX,77656-8601,Proprietary  ,13,25,38,13,25,38
04045300,NORTHWEST BEAUTY SCHOOL                 ,TX,77091-1208,Proprietary  ,17,48,65,17,48,65
04045400,MAI-TRIX BEAUTY COLLEGE                 ,TX,77040-0000,Proprietary  ,18,40,58,18,40,58
04082300,PROFESSIONAL CAREER TRAINING INSTITUTE  ,TX,77090-0000,Proprietary  ,13,84,97,13,84,97
04089400,CCI TRAINING CENTER                     ,TX,76011-4857,Proprietary  ,17,66,83,17,66,83
04117900,CHAMPION BEAUTY COLLEGE                 ,TX,77069-4611,Proprietary  ,22,90,112,22,90,112
04121800,CRISWELL COLLEGE                        ,TX,75246-1537,Private      ,33,51,84,33,51,84
04125400,ACADEMY AT AUSTIN (THE)                 ,TX,78660-3287,Proprietary  ,22,73,95,22,73,95
04125500,MANUEL AND THERESA'S SCHOOL OF HAIR DESI,TX,77803-3236,Proprietary  ,8,21,29,8,21,29
04129800,MEDIATECH INSTITUTE DALLAS              ,TX,75039-3105,Proprietary  ,65,110,175,65,110,175
04129801,MEDIATECH INSTITUTE - AUSTIN            ,TX,78704-8933,Proprietary  ,46,72,118,46,72,118
04129802,MEDIATECH INSTITUTE HOUSTON             ,TX,77042-4712,Proprietary  ,39,74,113,39,74,113
04131700,SOUTHWEST CAREER COLLEGE                ,TX,79925-6230,Proprietary  ,268,530,798,268,530,798
04135600,CANNON INSTITUTE OF HIGHER LEARNING     ,TX,75247-9998,Proprietary  ,3,29,32,3,29,32
04136500,PCCENTER                                ,TX,75115-4214,Proprietary  ,6,16,22,6,16,22
04138500,CARDIOTECH ULTRASOUND SCHOOL            ,TX,77099-1440,Proprietary  ,47,193,240,47,193,240
04142300,AVEDA INSTITUTE SAN ANTONIO             ,TX,78215-1260,Proprietary  ,107,180,287,107,180,287
04146700,AVIATION INSTITUTE OF MAINTENANCE       ,TX,77061-4004,Proprietary  ,46,126,172,46,126,172
04146800,SOUTH TEXAS TRAINING CENTER             ,TX,78586-7721,Proprietary  ,7,19,26,7,19,26
04152700,ASTRODOME CAREER CENTERS                ,TX,77054-2678,Proprietary  ,13,70,83,13,70,83
04154800,DUVALL'S SCHOOL OF COSMETOLOGY          ,TX,76021-4159,Proprietary  ,8,20,28,8,20,28
04155800,ADVANCED BEAUTY COLLEGE                 ,TX,75061-1918,Proprietary  ,4,12,16,4,12,16
04158500,TEXAS BEAUTY COLLEGE                    ,TX,76117-3201,Proprietary  ,3,13,16,3,13,16
04160700,AVENUE FIVE INSTITUTE                   ,TX,78757-7000,Proprietary  ,69,109,178,69,109,178
04161100,CORPUS CHRISTI BEAUTY ACADEMY           ,TX,78412-3900,Proprietary  ,27,49,76,27,49,76
04165800,SALON PROFESSIONAL ACADEMY (THE)        ,TX,75067-5390,Proprietary  ,10,37,47,10,37,47
04168700,LAWYER'S ASSISTANT SCHOOL OF DALLAS     ,TX,75201-2829,Proprietary  ,19,121,140,19,121,140
04168800,ABC BEAUTY ACADEMY                      ,TX,75042-8682,Proprietary  ,9,24,33,9,24,33
04169000,SALON & SPA INSTITUTE                   ,TX,78521-1727,Proprietary  ,16,24,40,16,24,40
04169100,DIAMONDS COSMETOLOGY COLLEGE            ,TX,75090-2657,Proprietary  ,4,26,30,4,26,30
04177900,BUCKNER BARBER SCHOOL                   ,TX,75217-1775,Proprietary  ,19,62,81,19,62,81
04178200,VOGUE COLLEGE - SAN ANTONIO             ,TX,78201-5035,Proprietary  ,29,40,69,29,40,69
04178300,VOGUE BEAUTY ACADEMY                    ,TX,78238-4402,Proprietary  ,47,63,110,47,63,110
04178400,VOGUE COLLEGE - MCALLEN                 ,TX,78501-1945,Proprietary  ,39,52,91,39,52,91
04179500,NORTH AMERICAN COLLEGE                  ,TX,77038-0000,Private      ,81,72,153,81,72,153
04193000,RGV CAREERS AN INSTITUTE FOR HIGHER LEAR,TX,78577-2106,Proprietary  ,1,13,14,1,13,14
04205200,WADE GORDON HAIRDRESSING ACADEMY        ,TX,79121-0548,Proprietary  ,8,24,32,8,24,32
00367000,BRIGHAM YOUNG UNIVERSITY                ,UT,84602-8406,Private      ,9850,5606,15456,9850,5606,15456
00367100,DIXIE STATE COLLEGE OF UTAH             ,UT,84770-3876,Public       ,2267,1577,3844,2267,1577,3844
00367200,LDS BUSINESS COLLEGE                    ,UT,84101-3500,Private      ,526,401,927,526,401,927
00367400,STEVENS HENAGER COLLEGE                 ,UT,84401-1420,Proprietary  ,371,3750,4121,371,3750,4121
00367500,UNIVERSITY OF UTAH                      ,UT,84112-9055,Public       ,8950,8860,17810,8950,8860,17810
00367600,COLLEGE OF EASTERN UTAH                 ,UT,84501-2699,Public       ,319,186,505,319,186,505
00367700,UTAH STATE UNIVERSITY                   ,UT,84322-1400,Public       ,6332,4646,10978,6332,4646,10978
00367800,SOUTHERN UTAH UNIVERSITY                ,UT,84720-2470,Public       ,3159,1233,4392,3159,1233,4392
00367900,SNOW COLLEGE                            ,UT,84627-1299,Public       ,1364,346,1710,1364,346,1710
00368000,WEBER STATE UNIVERSITY                  ,UT,84408-1136,Public       ,4056,5480,9536,4056,5480,9536
00368100,WESTMINSTER COLLEGE                     ,UT,84105-3697,Private      ,1967,800,2767,1967,800,2767
00402700,UTAH VALLEY UNIVERSITY                  ,UT,84058-5999,Public       ,3914,5492,9406,3914,5492,9406
00522000,SALT LAKE COMMUNITY COLLEGE             ,UT,84123-0000,Public       ,3375,6856,10231,3375,6856,10231
00732953,ITT TECHNICAL INSTITUTE                 ,UT,84123-2500,Proprietary  ,40,186,226,40,186,226
00943300,SHERMAN KENDALL'S ACADEMY OF BEAUTY     ,UT,84106-1836,Proprietary  ,7,32,39,7,32,39
01009800,NEUMONT UNIVERSITY                      ,UT,84095-0000,Proprietary  ,513,52,565,513,52,565
01116500,UINTAH BASIN APPLIED TECHNOLOGY CLG     ,UT,84066-0000,Public       ,13,50,63,13,50,63
01116600,BROADVIEW UNIVERSITY                    ,UT,84088-4021,Proprietary  ,110,383,493,110,383,493
02078800,SHERMAN KENDALL'S ACADEMY OF BEAUTY     ,UT,84047-0000,Proprietary  ,5,9,14,5,9,14
02115400,BRIDGERLAND APPLIED TECHNOLOGY COLLEGE  ,UT,84321-0000,Public       ,171,397,568,171,397,568
02156600,DAVIS APPLIED TECHNOLOGY COLLEGE        ,UT,84037-0000,Public       ,183,581,764,183,581,764
02178500,EAGLE GATE COLLEGE                      ,UT,84123-0000,Proprietary  ,49,501,550,49,501,550
02270800,AMERITECH COLLEGE                       ,UT,84604-6927,Proprietary  ,39,331,370,39,331,370
02270802,AMERITECH COLLEGE - DRAPER              ,UT,84020-6545,Proprietary  ,19,185,204,19,185,204
02298500,EVEREST COLLEGE                         ,UT,84119-2668,Proprietary  ,54,288,342,54,288,342
02346500,OGDEN-WEBER APPLIED TECHNOLOGY COLG     ,UT,84404-0000,Public       ,206,779,985,206,779,985
02360800,PROVO COLLEGE                           ,UT,84601-0000,Proprietary  ,73,232,305,73,232,305
02504000,MARINELLO SCHOOL OF BEAUTY              ,UT,84041-0000,Proprietary  ,11,27,38,11,27,38
02504001,MARINELLO SCHOOL OF BEAUTY - MAIN STREET,UT,84041-3002,Proprietary  ,4,9,13,4,9,13
02516100,MARINELLO SCHOOL OF BEAUTY              ,UT,84405-1501,Proprietary  ,17,60,77,17,60,77
02531800,VON CURTIS ACADEMY OF HAIR DESIGN       ,UT,84606-0000,Proprietary  ,202,242,444,202,242,444
02556800,PAUL MITCHELL THE SCHOOL                ,UT,84117-7204,Proprietary  ,23,82,105,23,82,105
02556801,PAUL MITCHELL THE SCHOOL                ,UT,84780-0000,Proprietary  ,26,19,45,26,19,45
02557700,PREMIER HAIR ACADEMY                    ,UT,84120-3603,Proprietary  ,2,13,15,2,13,15
02572700,EVANS HAIRSTYLING COLLEGE               ,UT,84770-0000,Proprietary  ,13,14,27,13,14,27
02572800,VISTA COLLEGE                           ,UT,84015-0000,Proprietary  ,7,96,103,7,96,103
02573100,EVANS HAIRSTYLING COLLEGE               ,UT,84720-0000,Proprietary  ,8,24,32,8,24,32
02612200,MARINELLO SCHOOL OF BEAUTY              ,UT,84604-1585,Proprietary  ,28,33,61,28,33,61
03030600,UTAH COLLEGE OF MASSAGE THERAPY         ,UT,84111-1606,Proprietary  ,55,145,200,55,145,200
03030601,UTAH CLG OF MASSAGE THER-PROVO CMPS     ,UT,84042-0000,Proprietary  ,10,33,43,10,33,43
03082100,MYOTHERAPY COLLEGE OF UTAH              ,UT,84115-2522,Proprietary  ,3,50,53,3,50,53
03108200,ECHELON EDGE ACADEMY OF HAIR SKIN & NAIL,UT,84070-2004,Proprietary  ,8,17,25,8,17,25
03110400,HAIRITAGE HAIR ACADEMY                  ,UT,84770-5233,Proprietary  ,9,18,27,9,18,27
03339400,WESTERN GOVERNORS UNIVERSITY            ,UT,84107-2533,Private      ,435,12789,13224,435,12789,13224
03413300,MOUNTAINLAND APPLIED TECHNOLOGY COLLEGE ,UT,84058-5857,Public       ,98,264,362,98,264,362
03463300,CAREERS UNLIMITED                       ,UT,84058-0000,Proprietary  ,13,69,82,13,69,82
03617300,HEALING MOUNTAIN MASSAGE SCHOOL         ,UT,84111-0000,Proprietary  ,11,52,63,11,52,63
03829500,SKINWORKS SCHOOL OF ADVANCED SKINCARE   ,UT,84115-0000,Proprietary  ,9,37,46,9,37,46
03838300,NIGHTINGALE COLL. SCH. OF NURSING SCH. O,UT,84403-0000,Proprietary  ,14,57,71,14,57,71
03902300,RENAISSANCE SCHOOL OF THERAPEUTIC MASSAG,UT,84010-2835,Proprietary  ,2,13,15,2,13,15
03909300,MAXIMUM STYLE TEC SCHOOL OF COSMETOLOGY ,UT,84323-4679,Proprietary  ,25,32,57,25,32,57
03921300,CAMEO COLLEGE OF ESSENTIAL BEAUTY       ,UT,84115-0000,Proprietary  ,25,99,124,25,99,124
04054300,SOUTHWEST APPLIED TECHNOLOGY COLLEGE    ,UT,84720-6608,Public       ,36,93,129,36,93,129
04072300,AVEDA INSTITUTE PROVO                   ,UT,84604-1008,Proprietary  ,30,37,67,30,37,67
04118100,IMAGEWORKS ACADEMY OF HAIR DESIGN       ,UT,84660-1210,Proprietary  ,4,33,37,4,33,37
04121700,DIXIE APPLIED TECHNOLOGY COLLEGE        ,UT,84770-3025,Public       ,82,145,227,82,145,227
04142100,SKIN INSTITUTE (THE)                    ,UT,84770-6452,Proprietary  ,7,22,29,7,22,29
04145500,SKIN SCIENCE INSTITUTE (THE)            ,UT,84115-0000,Proprietary  ,15,43,58,15,43,58
04153000,RENAISSANCE ACADEMIE                    ,UT,84604-0000,Proprietary  ,18,15,33,18,15,33
04161900,MANDALYN ACADEMY                        ,UT,84003-2161,Proprietary  ,1,15,16,1,15,16
04165500,ACAYDIA SCHOOL OF AESTHETICS            ,UT,84601-0000,Proprietary  ,10,25,35,10,25,35
04169900,AMERICAN BEAUTY ACADEMY                 ,UT,84651-0000,Proprietary  ,9,14,23,9,14,23
04173200,TAYLOR ANDREWS ACADEMY OF HAIR DESIGN   ,UT,84088-6577,Proprietary  ,19,37,56,19,37,56
04184200,TAYLOR ANDREWS ACADEMY-ST. GEORGE       ,UT,84790-2139,Proprietary  ,20,37,57,20,37,57
04192700,BARBER SCHOOL (THE)                     ,UT,84047-3723,Proprietary  ,6,20,26,6,20,26
04193200,ROCKY MOUNTAIN UNIVERSITY OF HEALTH PROF,UT,84606-7312,Proprietary  ,7,107,114,7,107,114
04210300,MEDSPA ACADEMIES                        ,UT,84095-3519,Proprietary  ,0,1,1,0,1,1
00368200,BENNINGTON COLLEGE                      ,VT,05201-6001,Private      ,1020,183,1203,1020,183,1203
00368300,CASTLETON STATE COLLEGE                 ,VT,05735-0000,Public       ,2795,299,3094,2795,299,3094
00368400,CHAMPLAIN COLLEGE                       ,VT,05401-3950,Private      ,3296,583,3879,3296,583,3879
00368402,WOODBURY COLLEGE                        ,VT,05602-0000,Private      ,3,6,9,3,6,9
00368500,COLLEGE OF ST JOSEPH                    ,VT,05701-3899,Private      ,80,94,174,80,94,174
00368600,GODDARD COLLEGE                         ,VT,05667-0000,Private      ,40,392,432,40,392,432
00368700,GREEN MOUNTAIN COLLEGE                  ,VT,05764-1199,Private      ,778,116,894,778,116,894
00368800,JOHNSON STATE COLLEGE                   ,VT,05656-9898,Public       ,1121,434,1555,1121,434,1555
00368900,LYNDON STATE COLLEGE                    ,VT,05851-0919,Public       ,1793,228,2021,1793,228,2021
00369000,MARLBORO COLLEGE                        ,VT,05344-0300,Private      ,289,56,345,289,56,345
00369100,MIDDLEBURY COLLEGE                      ,VT,05753-0000,Private      ,3844,374,4218,3844,374,4218
00369200,NORWICH UNIVERSITY                      ,VT,05663-1035,Private      ,2821,593,3414,2821,593,3414
00369300,SOUTHERN VERMONT COLLEGE                ,VT,05201-6002,Private      ,598,125,723,598,125,723
00369400,ST MICHAELS COLLEGE                     ,VT,05439-0001,Private      ,3587,127,3714,3587,127,3714
00369600,UNIVERSITY OF VERMONT                   ,VT,05405-0160,Public       ,18151,2563,20714,18151,2563,20714
00369700,VERMONT COLLEGE OF FINE ARTS            ,VT,05602-3128,Private      ,19,251,270,19,251,270
00369800,VERMONT TECHNICAL COLLEGE               ,VT,05061-0000,Public       ,1002,575,1577,1002,575,1577
00857500,SALON PROFESSIONAL ACADEMY (THE)        ,VT,05495-4001,Proprietary  ,29,33,62,29,33,62
00865800,O'BRIENS AVEDA INSTITUTE                ,VT,05403-7747,Proprietary  ,26,40,66,26,40,66
00886000,SIT                                     ,VT,05301-4801,Private      ,98,286,384,98,286,384
01116700,COMMUNITY COLLEGE OF VERMONT            ,VT,05676-0000,Public       ,708,1462,2170,708,1462,2170
01193400,VERMONT LAW SCHOOL                      ,VT,05068-0000,Private      ,3,730,733,3,730,733
01218300,BURLINGTON COLLEGE                      ,VT,05401-8477,Private      ,237,100,337,237,100,337
02143500,STERLING COLLEGE                        ,VT,05827-0000,Private      ,103,18,121,103,18,121
02254000,NEW ENGLAND CULINARY INSTITUTE          ,VT,05602-0000,Proprietary  ,286,121,407,286,121,407
02532600,LANDMARK COLLEGE                        ,VT,05346-0000,Private      ,325,48,373,325,48,373
03708300,BURLINGTON TECHNICAL CENTER             ,VT,05401-2721,Public       ,10,12,22,10,12,22
04146900,ADVANCED WELDING INSTITUTE              ,VT,05403-0000,Proprietary  ,11,11,22,11,11,22
00392800,CASPER COLLEGE                          ,WY,82601-4612,Public       ,797,642,1439,797,642,1439
00392900,EASTERN WYOMING COLLEGE                 ,WY,82240-1603,Public       ,287,148,435,287,148,435
00393000,SHERIDAN COLLEGE                        ,WY,82801-9133,Public       ,653,556,1209,653,556,1209
00393100,NORTHWEST COLLEGE                       ,WY,82435-1895,Public       ,580,271,851,580,271,851
00393200,UNIVERSITY OF WYOMING                   ,WY,82071-3663,Public       ,5089,2488,7577,5089,2488,7577
00393300,WESTERN WYOMING COMMUNITY COLLEGE       ,WY,82902-0000,Public       ,472,407,879,472,407,879
00728900,CENTRAL WYOMING COLLEGE                 ,WY,82501-0000,Public       ,361,344,705,361,344,705
00915700,WYOMING TECHNICAL INSTITUTE             ,WY,82072-9519,Proprietary  ,684,272,956,684,272,956
00925900,LARAMIE COUNTY COMMUNITY CLG            ,WY,82007-3299,Public       ,837,920,1757,837,920,1757
02211900,CHEEKS INTERNATIONAL ACDMY              ,WY,82001-0000,Proprietary  ,22,29,51,22,29,51
00393500,UNIV OF GUAM                            ,GU,96923-0000,Public       ,704,529,1233,704,529,1233
01536100,GUAM COMMUNITY COLLEGE                  ,GU,96921-0000,Public       ,325,456,781,325,456,781
03438300,PACIFIC ISLANDS UNIVERSITY              ,GU,96913-2619,Private      ,21,38,59,21,38,59
00393600,PONTIFICAL CATHOLIC UNIV OF PR          ,PR,00717-0777,Private      ,1906,1094,3000,1906,1094,3000
00393700,UNIVERSITY OF THE SACRED HEART          ,PR,00914-0383,Private      ,845,545,1390,845,545,1390
00393800,INTER-AMER UNIV PR-CNTRL ADMN           ,PR,00936-0000,Private      ,422,849,1271,422,849,1271
00393801,INTER-AMER UNIV PR SCHL LAW             ,PR,00936-8351,Private      ,13,71,84,13,71,84
00393802,INTER AMERICAN UNIVERSITY OF PUERTO RICO,PR,00926-0000,Private      ,299,313,612,299,313,612
00393803,INTER AMERICAN UNIVERSITY OF PR         ,PR,00683-0000,Private      ,528,278,806,528,278,806
00393804,INTER-AMER UNIV PR-RECINTO AGUADILA     ,PR,00605-2000,Private      ,315,280,595,315,280,595
00393805,INTER-AMER UNIV PR-ARECIBO CAMPUS       ,PR,00614-4050,Private      ,386,347,733,386,347,733
00393806,INTER-AMER UNIV PR-BARRANQUITAS REG     ,PR,00794-0517,Private      ,277,123,400,277,123,400
00393807,INTER-AMER UNIV PR-FAJARDO REGIONAL     ,PR,00738-0000,Private      ,114,151,265,114,151,265
00393808,INTER-AMER UNIV PR - GUAYAMA CAMPUS     ,PR,00785-4004,Private      ,114,191,305,114,191,305
00393809,INTER-AMER UNIV PR-PONCE REGIONAL       ,PR,00715-0000,Private      ,548,587,1135,548,587,1135
00393811,INTER-AMER UNIV PR-BAYAMON REG CLG      ,PR,00959-0000,Private      ,521,282,803,521,282,803
00394100,COLEGIO UNIVERSITARIO DEL ESTE          ,PR,00983-0000,Private      ,1207,1411,2618,1207,1411,2618
00394200,UNIVERSITY OF PR-CENTRAL ADMINISTRATION ,PR,00936-4984,Public       ,121,77,198,121,77,198
00394300,UNIVERSITY OF PUERTO RICO - HUMACAO UNIV,PR,00791-4300,Public       ,586,120,706,586,120,706
00394400,UNIVERSITY OF PUERTO RICO - MAYAGUEZ    ,PR,00680-0000,Public       ,2952,902,3854,2952,902,3854
00501900,UNIV ADVENTISTA DE LAS ANTILLAS         ,PR,00681-0118,Private      ,157,83,240,157,83,240
00502200,BAYAMON CENTRAL UNIVERSITY              ,PR,00960-0000,Private      ,127,144,271,127,144,271
00710800,UNIVERSITY OF PUERTO RICO - RIO PIEDRAS ,PR,00931-3300,Public       ,1634,853,2487,1634,853,2487
00720600,UNIVERSITY OF PUERTO RICO - CAYEY UNIVER,PR,00736-5534,Public       ,1100,250,1350,1100,250,1350
00722800,UNIVERSITY OF PUERTO RICO - ARECIBO     ,PR,00614-4010,Public       ,1174,210,1384,1174,210,1384
00890200,COLUMBIA CENTRO UNIVERSITARIO           ,PR,00726-0000,Proprietary  ,103,126,229,103,126,229
00965200,"UNIVERSITY OF PUERTO RICO, PONCE TECH UN",PR,00716-0000,Public       ,972,195,1167,972,195,1167
01056700,COLEGIO TECNOLOGICO DE SAN JUAN         ,PR,00918-2973,Public       ,68,139,207,68,139,207
01072400,CARLOS ALBIZU UNIVERSITY                ,PR,00902-3711,Private      ,22,156,178,22,156,178
01081900,CONSERVATORIO DE MUSICA DE PUERTO RICO  ,PR,00907-3373,Public       ,50,21,71,50,21,71
01092200,UNIVERSITY OF PUERTO RICO - UTUADO      ,PR,00641-2500,Public       ,172,65,237,172,65,237
01097500,UNIVERSITY OF PUERTO RICO BAYAMON TECHNI,PR,00959-1911,Public       ,1660,302,1962,1660,302,1962
01120300,RYDER MEMORIAL HOSP SCH OF NURSING      ,PR,00792-0000,Private      ,1,3,4,1,3,4
01171900,UNIVERSIDAD DEL TURABO                  ,PR,00778-0000,Private      ,1301,1346,2647,1301,1346,2647
01194000,ICPR JUNIOR COLLEGE                     ,PR,00919-0000,Proprietary  ,28,48,76,28,48,76
01194100,AMERICAN UNIVERSITY OF PUERTO RICO      ,PR,00960-2037,Private      ,154,153,307,154,153,307
01194101,AMERICAN UNIVERSITY OF PUERTO RICO      ,PR,00674-0000,Private      ,150,163,313,150,163,313
01212300,"UNIVERSITY OF PUERTO RICO, AGUADILLA REG",PR,00604-0160,Public       ,651,210,861,651,210,861
01252500,CARIBBEAN UNIVERSITY                    ,PR,00960-0493,Private      ,197,314,511,197,314,511
02063100,MBTI BUSINESS TRNG INSTITUTE            ,PR,00907-3917,Proprietary  ,16,63,79,16,63,79
02100000,POLYTECHNIC UNIVERSITY OF PR            ,PR,00917-0000,Private      ,378,343,721,378,343,721
02163300,UNIVERSIDAD CENTRAL DEL CARIBE          ,PR,00960-0000,Private      ,35,82,117,35,82,117
02165100,EDP COLLEGE OF PUERTO RICO              ,PR,00919-0000,Private      ,34,163,197,34,163,197
02166000,CENTER FOR ADVANCED STUDIES OF PUER     ,PR,00902-0000,Private      ,3,29,32,3,29,32
02166400,INSTITUTO DE BANCA Y COMERCIO           ,PR,00925-0000,Proprietary  ,1293,1967,3260,1293,1967,3260
02170300,INST EDUC TECNIA OCUP LA REINA          ,PR,00674-0000,Proprietary  ,1,8,9,1,8,9
02189100,CENTRO DE ESTUDIOS MULTIDISCIPLIN       ,PR,00926-0000,Private      ,126,194,320,126,194,320
02189300,EMMA'S BEAUTY ACADEMY                   ,PR,00680-0000,Proprietary  ,4,3,7,4,3,7
02195400,MODERN HAIRSTYLING INSTITUTE            ,PR,00961-0000,Proprietary  ,6,8,14,6,8,14
02195500,MODERN HAIRSTYLING INSTITUTE            ,PR,00612-0000,Proprietary  ,2,3,5,2,3,5
02195800,LICEO E ARTE Y TECNOLGIA                ,PR,00919-0000,Proprietary  ,72,80,152,72,80,152
02195900,MODERN HAIRSTYLING INSTITUTE            ,PR,00980-0000,Proprietary  ,4,2,6,4,2,6
02234900,ANTILLES SCHOOL OF TECH CAREERS         ,PR,00909-3006,Proprietary  ,6,12,18,6,12,18
02241901,COMMONWEALTH OF PR DEPT OF EDUC - CARLOS,PR,00986-0000,Public       ,0,3,3,0,3,3
02241902,COMMONWEALTH OF PR DEPT OF EDUC - TOMAS ,PR,00613-0000,Public       ,1,2,3,1,2,3
02241904,COMMONWEALTH OF PR DEPT OF EDUC - ITPR R,PR,00655-0000,Public       ,43,53,96,43,53,96
02241905,COMMONWEALTH OF PR DEPT OF EDUC - JOSE A,PR,00674-0000,Public       ,20,9,29,20,9,29
02241907,COMMONWEALTH OF PR DEPT OF EDUC - ITPR R,PR,00928-0000,Public       ,45,39,84,45,39,84
02241908,COMMONWEALTH OF PR DEPT OF EDUC - ITPR R,PR,00732-0000,Public       ,61,52,113,61,52,113
02241909,COMMONWEALTH OF PR DEPT OF EDUC - TROQUE,PR,00959-0000,Public       ,5,1,6,5,1,6
02241910,COMMONWEALTH OF PR DEPT OF EDUC - ITPR R,PR,00701-1091,Public       ,395,177,572,395,177,572
02260600,NATIONAL COLLEGE OF BUSINESS & TECH     ,PR,00960-2036,Proprietary  ,365,873,1238,365,873,1238
02260800,HUERTAS JUNIOR COLLEGE                  ,PR,00726-0000,Proprietary  ,44,55,99,44,55,99
02297700,AUTOMECA TECHNICAL COLLEGE              ,PR,00957-0000,Proprietary  ,36,44,80,36,44,80
02303800,AMERICAN EDUCATIONAL COLLEGE            ,PR,00961-0000,Proprietary  ,4,9,13,4,9,13
02335500,COLEGIO BIBLICO PENTECOSTAL DE PR       ,PR,00978-0000,Private      ,0,16,16,0,16,16
02340600,HUMACAO COMMUNITY COLLEGE               ,PR,00792-0000,Private      ,42,75,117,42,75,117
02343600,INSTITUTE OF BEAUTY CAREERS             ,PR,00613-0000,Proprietary  ,11,19,30,11,19,30
02460000,UNIVERSITY OF PUERTO RICO - MEDICAL SCIE,PR,00936-0000,Public       ,248,208,456,248,208,456
02482400,PONCE SCHOOL OF MEDICINE AND HEALTH SCIE,PR,00716-2347,Private      ,36,177,213,36,177,213
02502400,SERBIA'S SCHOOL OF BEAUTY CULTURE       ,PR,00785-0000,Proprietary  ,8,11,19,8,11,19
02504500,INSTITUCION CHAVIANO DE MAYAGUEZ        ,PR,00708-0000,Proprietary  ,2,1,3,2,1,3
02505400,ATLANTIC COLLEGE                        ,PR,00970-0000,Private      ,62,14,76,62,14,76
02534900,PONCE PARAMEDICAL COLLEGE (POPAC)       ,PR,00731-0000,Proprietary  ,72,100,172,72,100,172
02552300,COLEGIO MAYOR DE TECHNOLOGIA            ,PR,00714-0000,Proprietary  ,20,38,58,20,38,58
02562500,INTERNATIONAL TECHNICAL COLLEGE         ,PR,00918-0000,Proprietary  ,4,5,9,4,5,9
02563500,ROGIES SCHOOL OF BEAUTY CULTURE         ,PR,00910-0000,Proprietary  ,14,13,27,14,13,27
02569400,ESCUELA DE ARTES PLASTICAS              ,PR,00902-1112,Public       ,104,47,151,104,47,151
02570400,EDUCATIONAL TECHNICAL COLLEGE           ,PR,00925-3404,Proprietary  ,39,89,128,39,89,128
02576100,ESCUELA TECNICA DE ELECTRICIDAD         ,PR,00731-0000,Proprietary  ,23,29,52,23,29,52
02587500,UNIVERSIDAD METROPOLITANA               ,PR,00928-0000,Private      ,1055,1275,2330,1055,1275,2330
02588600,SEMINARIO EVANGELICO DE PUERTO RICO     ,PR,00925-0000,Private      ,0,11,11,0,11,11
02593700,HISPANIC AMERICAN COLLEGE               ,PR,00725-0000,Proprietary  ,3,7,10,3,7,10
03016000,UNIVERSITY OF PUERTO RICO CAROLINA REGIO,PR,00985-0000,Public       ,656,185,841,656,185,841
03021900,EDIC COLLEGE                            ,PR,00726-0000,Proprietary  ,34,32,66,34,32,66
03025500,MECH TECH COLLEGE                       ,PR,00725-6118,Proprietary  ,381,252,633,381,252,633
03025900,"LICEO DE ARTE, DISENOS Y COMERCIO       ",PR,00726-0000,Proprietary  ,9,8,17,9,8,17
03029700,"UNIVERSAL TECHNOLOGY CLG OF PR, INC     ",PR,00605-1955,Private      ,46,144,190,46,144,190
03061900,COLEGIO TECHNOLOGICO Y COMERCIAL        ,PR,00602-0960,Proprietary  ,1,0,1,1,0,1
03068400,STAR BEAUTY ACADEMY                     ,PR,00961-6312,Proprietary  ,1,1,2,1,1,2
03070500,D'MART INSTITUTE                        ,PR,00794-3517,Proprietary  ,129,212,341,129,212,341
03075600,EMMA'S BEAUTY ACADEMY                   ,PR,00795-0000,Proprietary  ,16,15,31,16,15,31
03085700,PROFESSIONAL TECHNICAL INSTITUTION      ,PR,00960-7061,Proprietary  ,1,2,3,1,2,3
03104400,PROFESSIONAL ELECTRIC SCHOOL            ,PR,00674-1797,Proprietary  ,2,2,4,2,2,4
03106900,ESCUELA DE PERITOS ELECTRICITAS         ,PR,00662-0457,Proprietary  ,1,1,2,1,1,2
03112100,JOHN DEWEY COLLEGE                      ,PR,00915-9538,Private      ,9,41,50,9,41,50
03112101,JOHN DEWEY COLLEGE                      ,PR,00986-0000,Private      ,4,18,22,4,18,22
03112102,JOHN DEWEY COLLEGE-BAYAMON CAMPUS       ,PR,00959-0000,Private      ,2,6,8,2,6,8
03112104,JOHN DEWEY COLLEGE - YABUCOA LRNING SITE,PR,00767-0767,Private      ,7,14,21,7,14,21
03112105,JOHN DEWEY COLLEGE - FAJARDO BRANCH     ,PR,00738-0738,Private      ,6,21,27,6,21,27
03112106,JOHN DEWEY COLLEGE - ARROYO BRANCH      ,PR,00714-0714,Private      ,2,1,3,2,1,3
03112107,JOHN DEWEY COLLEGE - JUANA DIAZ BRANCH  ,PR,00795-0000,Private      ,0,3,3,0,3,3
03112108,JOHN DEWEY COLLEGE - HATILLO CAMPUS     ,PR,00659-0000,Private      ,1,1,2,1,1,2
03112109,JOHN DEWEY COLLEGE - MANATI             ,PR,00674-0000,Private      ,3,6,9,3,6,9
03115900,TRINITY COLLEGE OF PUERTO RICO          ,PR,00734-0000,Private      ,9,4,13,9,4,13
03122500,ACADEMIA SERRANT INC.                   ,PR,00717-1568,Proprietary  ,9,17,26,9,17,26
03123100,GLOBELLE TECHNICAL INSTITUTE            ,PR,00693-4218,Proprietary  ,14,11,25,14,11,25
03124200,NOVA COLLEGE DE PUERTO RICO             ,PR,00960-4016,Proprietary  ,4,9,13,4,9,13
03157600,"COLEGIO DE CINEMATOGRAFIA, ARTES Y TELEV",PR,00961-6345,Proprietary  ,34,28,62,34,28,62
03177300,SAN JUAN BAUTISTA SCH OF MEDICINE       ,PR,00726-0000,Private      ,8,95,103,8,95,103
03326300,UNIVERSAL CAREER COMMUNITY COLLEGE      ,PR,00907-0000,Proprietary  ,7,10,17,7,10,17
03336300,CENTURY COLLEGE                         ,PR,00603-0000,Proprietary  ,5,4,9,5,4,9
03414300,MONTECLARO                              ,PR,00745-9612,Private      ,3,7,10,3,7,10
03452300,INSTITUTO PRE-VOCACIONAL E INDUSTRI     ,PR,00613-1800,Private      ,2,2,4,2,2,4
03469300,IVAEM COLLEGE                           ,PR,00725-0000,Proprietary  ,2,2,4,2,2,4
03531300,UNIVERSIDAD PENTECOSTAL MIZPA           ,PR,00928-0966,Private      ,4,14,18,4,14,18
03544300,ATENAS COLLEGE                          ,PR,00674-0000,Private      ,148,195,343,148,195,343
03552300,LESTON COLLEGE                          ,PR,00961-6309,Proprietary  ,0,1,1,0,1,1
03585300,CENTRO DE CAPACITACION Y ASESORAMIE     ,PR,00612-0000,Private      ,2,2,4,2,2,4
03608300,CARIBBEAN FORENSIC & TECHNICAL COLL     ,PR,00926-0000,Proprietary  ,6,6,12,6,6,12
03638300,ROSSLYN TRAINING ACADEMY OF COSMETOLOGY ,PR,00602-3225,Proprietary  ,0,2,2,0,2,2
03735400,"CHARLIES GUARD,DETECTIVE BUREAU&ACA     ",PR,00605-0000,Proprietary  ,3,0,3,3,0,3
03751300,ESCUELA HOTELERA DE SAN JUAN            ,PR,00917-0091,Proprietary  ,55,43,98,55,43,98
03758300,BAYAMON COMMUNITY COLLEGE               ,PR,00960-0000,Proprietary  ,3,6,9,3,6,9
03781400,INDUSTRIAL TECHNICAL COLLEGE            ,PR,00792-0000,Proprietary  ,0,5,5,0,5,5
03785300,J.G. GUAYNABO TECHNICAL COLLEGE         ,PR,00960-0000,Proprietary  ,9,21,30,9,21,30
03800300,COLEGIO TECNICO DE ELECTRICIDAD GALLOSA ,PR,00602-0000,Proprietary  ,2,0,2,2,0,2
03800400,INSTITUTE OF BEAUTY OCCUPATIONS AND TECH,PR,00676-5071,Proprietary  ,1,5,6,1,5,6
03843300,ADVANCED TECH COLLEGE                   ,PR,00961-6321,Proprietary  ,1,5,6,1,5,6
03849300,AGUADILLA TECHNICAL COLLEGE             ,PR,00603-0000,Proprietary  ,4,2,6,4,2,6
03965400,MYRANGEL BEAUTY INSTITUTE               ,PR,00754-3917,Proprietary  ,1,1,2,1,1,2
04030300,"ASPIRA DE PUERTO RICO, ACADEMIA DE TECNO",PR,00987-0000,Private      ,1,2,3,1,2,3
04107300,CARIB TECHNOLOGICAL INSTITUTE           ,PR,00960-0000,Proprietary  ,1,2,3,1,2,3
04117200,INSTITUTO EDUCATIVO PREMIER             ,PR,00731-0000,Proprietary  ,5,10,15,5,10,15
04131600,LIBERTY TECHNICAL COLLEGE               ,PR,00737-1298,Proprietary  ,12,15,27,12,15,27
04164300,GLOBAL INSTITUTE                        ,PR,00725-6485,Proprietary  ,1,4,5,1,4,5
04176000,AMERICAN TECHNICAL INSTITUTE            ,PR,00957-0000,Proprietary  ,6,3,9,6,3,9
00394600,UNIVERSITY OF THE VIRGIN ISLANDS        ,VI,00802-6000,Public       ,683,406,1089,683,406,1089
00394601,UNIV OF THE VIRGIN ISLANDS-ST CROIX     ,VI,00850-0000,Public       ,345,306,651,345,306,651
00667700,MCGILL UNIVERSITY                       ,CN,00000-0000,Public       ,1290,279,1569,1290,279,1569
00667900,QUEEN'S UNIVERSITY AT KINGSTON          ,CN,00000-0000,Public       ,86,20,106,86,20,106
00668100,ST FRANCIS XAVIER UNIVERSITY            ,CN,00000-0000,Public       ,27,4,31,27,4,31
00668200,ST THOMAS UNIVERSITY                    ,CN,00000-0000,Public       ,26,3,29,26,3,29
00668300,UNIVERSITY OF GUELPH                    ,CN,00000-0000,Public       ,28,42,70,28,42,70
00668400,UNIVERSITY OF MANITOBA                  ,CN,00000-0000,Public       ,30,12,42,30,12,42
00668500,UNIVERSITY OF NEW BRUNSWICK (THE)       ,CN,00000-0000,Public       ,19,11,30,19,11,30
00668600,UNIVERSITY OF OTTAWA                    ,CN,00000-0000,Public       ,58,28,86,58,28,86
00668800,UNIVERSITY OF TORONTO                   ,CN,00000-0000,Public       ,304,277,581,304,277,581
00668900,UNIVERSITY OF WINDSOR                   ,CN,00000-0000,Public       ,12,22,34,12,22,34
00683700,UNIVERSITE LAVAL                        ,CN,00000-0000,Public       ,6,12,18,6,12,18
00683800,DALHOUSIE UNIVERSITY                    ,CN,00000-0000,Public       ,91,32,123,91,32,123
00685200,BISHOP'S UNIVERSITY                     ,CN,00000-0000,Private      ,57,6,63,57,6,63
00685300,MCMASTER UNIVERSITY                     ,CN,00000-0000,Public       ,19,20,39,19,20,39
00767900,YORK UNIVERSITY                         ,CN,00000-0000,Public       ,68,76,144,68,76,144
00787400,UNIVERSITY AT CALGARY (THE)             ,CN,00000-0000,Public       ,39,38,77,39,38,77
00814800,UNIVERSITY OF WINNIPEG                  ,CN,00000-0000,Public       ,14,9,23,14,9,23
00836200,UNIVERSITY OF ALBERTA (THE)             ,CN,00000-0000,Public       ,37,40,77,37,40,77
00836300,MOUNT SAINT VINCENT UNIVERSITY          ,CN,00000-0000,Private      ,3,2,5,3,2,5
00836400,SAINT MARY'S UNIVERSITY                 ,CN,00000-0000,Public       ,12,6,18,12,6,18
00836500,CONCORDIA UNIVERSITY - SIR GEORGE W     ,CN,00000-0000,Public       ,224,80,304,224,80,304
00836600,UNIVERSITE DE MONTREAL                  ,CN,00000-0000,Public       ,16,34,50,16,34,50
00836800,CARLETON UNIVERSITY                     ,CN,00000-0000,Public       ,50,23,73,50,23,73
00836900,UNIVERSITY OF BRITISH COLUMBIA          ,CN,00000-0000,Public       ,640,337,977,640,337,977
00837000,"SAFA, UNIVERSITY OF VICTORIA            ",CN,00000-0000,Public       ,93,43,136,93,43,136
00844400,SIMON FRASER UNIVERSITY                 ,CN,00000-0000,Public       ,86,62,148,86,62,148
00844600,UNIVERSITY OF WESTERN ONTARIO (THE)     ,CN,00000-0000,Public       ,41,57,98,41,57,98
00844800,UNIVERSITY OF REGINA                    ,CN,00000-0000,Public       ,5,6,11,5,6,11
00844900,ACADIA UNIVERSITY                       ,CN,00000-0000,Public       ,32,8,40,32,8,40
00858200,WILFRID LAURIER UNIVERSITY              ,CN,00000-0000,Public       ,12,7,19,12,7,19
00891300,LAKEHEAD UNIVERSITY                     ,CN,00000-0000,Public       ,8,2,10,8,2,10
00925200,BROCK UNIVERSITY                        ,CN,00000-0000,Public       ,10,10,20,10,10,20
00936700,UNIVERSITY OF PRINCE EDWARD ISLAND      ,CN,00000-0000,Public       ,24,70,94,24,70,94
00942100,BRANDON UNIVERSITY                      ,CN,00000-0000,Public       ,5,3,8,5,3,8
00948600,TRINITY WESTERN UNIVERSITY              ,CN,00000-0000,Private      ,150,39,189,150,39,189
00950000,MEMORIAL UNIVERSITY OF NEWFOUNDLAND     ,CN,00000-0000,Public       ,11,18,29,11,18,29
00950100,UNIVERSITY OF KING'S COLLEGE            ,CN,00000-0000,Public       ,16,1,17,16,1,17
00950300,MOUNT ALLISON UNIVERSITY                ,CN,00000-0000,Public       ,23,2,25,23,2,25
00950400,NOVA SCOTIA AGRICULTURAL COLLEGE        ,CN,00000-0000,Public       ,0,2,2,0,2,2
00950500,TRENT UNIVERSITY                        ,CN,00000-0000,Public       ,6,6,12,6,6,12
00969800,MEDICINE HAT COLLEGE                    ,CN,00000-0000,Public       ,0,4,4,0,4,4
01012300,NOVA SCOTIA COLLEGE OF ART & DESIGN     ,CN,00000-0000,Public       ,8,9,17,8,9,17
01022100,SAINT PAUL UNIVERSITY                   ,CN,00000-0000,Public       ,1,4,5,1,4,5
01045800,SHERIDAN COLLEGE OF APPLIED ARTS AN     ,CN,00000-0000,Public       ,22,8,30,22,8,30
01067500,REGENT COLLEGE                          ,CN,00000-0000,Private      ,5,39,44,5,39,44
01070300,UNIVERSITY OF LETHBRIDGE                ,CN,00000-0000,Public       ,4,4,8,4,4,8
01072000,RYERSON UNIVERSITY                      ,CN,00000-0000,Public       ,35,43,78,35,43,78
01172200,BRIERCREST BIBLE COLLEGE                ,CN,00000-0000,Private      ,4,1,5,4,1,5
01222800,HUMBER COLLEGE                          ,CN,00000-0000,Public       ,20,24,44,20,24,44
01227400,PROVIDENCE COLLEGE                      ,CN,00000-0000,Private      ,42,2,44,42,2,44
02102100,BETHANY BIBLE COLLEGE                   ,CN,00000-0000,Private      ,26,1,27,26,1,27
02167000,PRAIRIE BIBLE INST                      ,CN,00000-0000,Private      ,8,2,10,8,2,10
02184600,INSTITUTE FOR CHRISTIAN STUDIES         ,CN,00000-0000,Private      ,1,6,7,1,6,7
02195700,TAYLOR UNIVERSITY COLLEGE AND SEMINARY  ,CN,00000-0000,Private      ,1,2,3,1,2,3
02201100,COLUMBIA BIBLE COLLEGE                  ,CN,00000-0000,Private      ,9,5,14,9,5,14
02216400,TYNDALE COLLEGE & SEMINARY              ,CN,00000-0000,Private      ,2,10,12,2,10,12
02219200,UNIVERSITY OF SASKATCHEWAN              ,CN,00000-0000,Public       ,16,8,24,16,8,24
02338800,EMILY CARR UNIVERSITY OF ART AND DESIGN ,CN,00000-0000,Public       ,56,23,79,56,23,79
02577200,SALVATION ARMY WM & CATHERINE BOOTH     ,CN,00000-0000,Private      ,1,0,1,1,0,1
02593800,CONCORDIA UNIVERSITY COLLEGE            ,CN,00000-0000,Private      ,5,0,5,5,0,5
02611900,THE KING'S UNIVERSITY COLLEGE           ,CN,00000-0000,Private      ,0,1,1,0,1,1
03018300,ROCKY MOUNTAIN COLLEGE: CENTRE FOR BIBLI,CN,00000-0000,Private      ,0,1,1,0,1,1
03033800,UNIVERSITY COLLEGE OF CAPE BRETON       ,CN,00000-0000,Public       ,3,6,9,3,6,9
03078300,VANCOUVER SCHOOL OF THEOLOGY            ,CN,00000-0000,Private      ,1,4,5,1,4,5
03273300,CANADIAN COLLEGE OF NATUROPATHIC ME     ,CN,00000-0000,Private      ,2,17,19,2,17,19
03298300,ALBERTA COLLEGE OF ART & DESIGN         ,CN,00000-0000,Public       ,8,9,17,8,9,17
03332500,KWANTLEN UNIVERSITY COLLEGE             ,CN,00000-0000,Public       ,1,4,5,1,4,5
03335400,CANADIAN UNIVERSITY COLLEGE             ,CN,00000-0000,Private      ,30,6,36,30,6,36
03339300,ST. STEPHENS UNIVERSITY                 ,CN,00000-0000,Private      ,4,1,5,4,1,5
03348500,REDEEMER UNIVERSITY COLLEGE             ,CN,00000-0000,Private      ,3,2,5,3,2,5
03420300,HOLLAND COLLEGE                         ,CN,00000-0000,Public       ,4,2,6,4,2,6
03560400,NIAGARA COLLEGE-WELLAND CAMPUS          ,CN,00000-0000,Public       ,4,6,10,4,6,10
03613300,UNIV OF NORTHERN BRITISH COLUMBIA       ,CN,00000-0000,Public       ,8,13,21,8,13,21
03644400,CANADIAN MENNONITE UNIVERSITY           ,CN,00000-0000,Private      ,5,0,5,5,0,5
03674400,CANADIAN SOUTHERN BAPTIST SEMINARY      ,CN,00000-0000,Private      ,1,2,3,1,2,3
03711300,CAPILANO UNIVERSITY                     ,CN,00000-0000,Public       ,9,14,23,9,14,23
03846300,PACIFIC LIFE BIBLE COLLEGE              ,CN,00000-0000,Private      ,5,3,8,5,3,8
03847300,CRANDALL UNIVERSITY                     ,CN,00000-0000,Private      ,3,0,3,3,0,3
04075300,QUEST UNIVERSITY CANADA                 ,CN,00000-0000,Private      ,99,4,103,99,4,103
04123100,ATLANTIC SCHOOL OF THEOLOGY             ,CN,00000-0000,Public       ,1,3,4,1,3,4
04156700,AMBROSE UNIVERSITY COLLEGE              ,CN,00000-0000,Private      ,3,7,10,3,7,10
00814700,UNIVERSIDAD AUTONOMA DE GUADALAJARA     ,MX,00000-0000,Private      ,76,390,466,76,390,466
01041800,INST TEC Y DE ESTSUPER DE MONTERRE      ,MX,00000-0000,Private      ,47,35,82,47,35,82
01067600,UNIVERSIDAD DE MONTERREY                ,MX,00000-0000,Private      ,30,27,57,30,27,57
01093800,UNIVERSIDAD DE GUANAJUATO               ,MX,00000-0000,Public       ,26,31,57,26,31,57
02053300,CENTRO DE ESTUDIOS UNIVERSITARIOS D     ,MX,00000-0000,Private      ,56,77,133,56,77,133
01001000,AMERICAN SAMOA CMNTY COLLEGE            ,AS,96799-2609,Public       ,155,87,242,155,87,242
01034300,COLLEGE OF MICRONESIA - FSM             ,FM,96941-0159,Public       ,287,83,370,287,83,370
01100900,PALAU COMMUNITY COLLEGE                 ,PW,96940-0009,Public       ,433,220,653,433,220,653
03022400,COLLEGE OF THE MARSHALL ISLANDS         ,MH,96960-1258,Public       ,31,17,48,31,17,48
03033000,NORTHERN MARIANAS COLLEGE               ,MP,96950-0000,Public       ,104,64,168,104,64,168
