OPE ID,School,State,Zip Code,School Type,20132014Qtr1_Dependent Students,20132014Qtr1_Independent Students,Quarterly Total,YTD_20132014Qtr1_Dependent Students,YTD_20132014Qtr1_Independent Students,Award Year To Date Total
00100200,ALABAMA AGRCLTL & MECHL UNIV            ,AL,35762-1357,Public       ,3569,1192,4761,3569,1192,4761
00100300,FAULKNER UNIVERSITY                     ,AL,36109-3398,Private      ,1091,1305,2396,1091,1305,2396
00100400,UNIVERSITY OF MONTEVALLO                ,AL,35115-6000,Public       ,1352,596,1948,1352,596,1948
00100500,ALABAMA STATE UNIVERSITY                ,AL,36101-0000,Public       ,5504,2134,7638,5504,2134,7638
00100700,CENTRAL ALABAMA COMMUNITY COLLEGE       ,AL,35011-0000,Public       ,680,536,1216,680,536,1216
00100800,ATHENS STATE UNIVERSITY                 ,AL,35611-1999,Public       ,356,912,1268,356,912,1268
00100900,AUBURN UNIVERSITY                       ,AL,36849-5113,Public       ,12226,2868,15094,12226,2868,15094
00101200,BIRMINGHAM SOUTHERN COLLEGE             ,AL,35254-0002,Private      ,1345,272,1617,1345,272,1617
00101300,CALHOUN COMMUNITY COLLEGE               ,AL,35609-2216,Public       ,1865,2134,3999,1865,2134,3999
00101500,ENTERPRISE STATE COMMUNITY COLLEGE      ,AL,36331-1300,Public       ,567,473,1040,567,473,1040
00101600,UNIVERSITY OF NORTH ALABAMA             ,AL,35632-0001,Public       ,2664,870,3534,2664,870,3534
00101700,GADSDEN STATE COMMUNITY COLLEGE         ,AL,35903-2269,Public       ,1180,1527,2707,1180,1527,2707
00101800,GEORGE C WALLACE COMMUNITY COLLEGE      ,AL,36303-0943,Public       ,836,1059,1895,836,1059,1895
00101900,HUNTINGDON COLLEGE                      ,AL,36106-2148,Private      ,860,250,1110,860,250,1110
00102000,JACKSONVILLE STATE UNIVERSITY           ,AL,36265-1602,Public       ,3804,1867,5671,3804,1867,5671
00102100,JEFFERSON DAVIS COMMUNITY COLLEGE       ,AL,36427-2790,Public       ,230,243,473,230,243,473
00102200,JEFFERSON STATE COMMUNITY COLLEGE       ,AL,35215-3098,Public       ,1675,2598,4273,1675,2598,4273
00102300,JUDSON COLLEGE                          ,AL,36756-2504,Private      ,162,43,205,162,43,205
00102400,UNIVERSITY OF WEST ALABAMA              ,AL,35470-0000,Public       ,1377,1323,2700,1377,1323,2700
00102600,MARION MILITARY INSTITUTE               ,AL,36756-3214,Public       ,238,37,275,238,37,275
00102800,MILES COLLEGE                           ,AL,35064-2697,Private      ,1212,437,1649,1212,437,1649
00102900,UNIVERSITY OF MOBILE                    ,AL,36613-0000,Private      ,920,646,1566,920,646,1566
00103000,BISHOP STATE COMMUNITY COLLEGE          ,AL,36603-5898,Public       ,641,1334,1975,641,1334,1975
00103100,NORTHEAST ALABAMA STATE CMNTY COLG      ,AL,35986-0159,Public       ,398,375,773,398,375,773
00103300,OAKWOOD COLLEGE                         ,AL,35896-0001,Private      ,941,423,1364,941,423,1364
00103400,ALABAMA SOUTHERN COMMUNITY COLLEGE      ,AL,36460-5698,Public       ,435,253,688,435,253,688
00103600,SAMFORD UNIVERSITY                      ,AL,35229-7000,Private      ,2954,1209,4163,2954,1209,4163
00103800,SNEAD STATE COMMUNITY COLLEGE           ,AL,35957-0734,Public       ,797,531,1328,797,531,1328
00104000,SOUTHERN UNION STATE COMMUNITY CLG      ,AL,36276-0000,Public       ,1561,1031,2592,1561,1031,2592
00104100,SPRING HILL COLLEGE                     ,AL,36608-1791,Private      ,1838,352,2190,1838,352,2190
00104400,STILLMAN COLLEGE                        ,AL,35403-1430,Private      ,912,273,1185,912,273,1185
00104600,TALLADEGA COLLEGE                       ,AL,35160-2354,Private      ,507,190,697,507,190,697
00104700,TROY UNIVERSITY                         ,AL,36082-0001,Public       ,4444,6021,10465,4444,6021,10465
00105000,TUSKEGEE UNIVERSITY                     ,AL,36088-1645,Private      ,3686,848,4534,3686,848,4534
00105100,UNIVERSITY OF ALABAMA (THE)             ,AL,35487-0120,Public       ,19240,5111,24351,19240,5111,24351
00105200,UNIVERSITY OF ALABAMA AT BIRMINGHAM     ,AL,35294-1150,Public       ,6888,4814,11702,6888,4814,11702
00105500,UNIVERSITY OF ALABAMA IN HUNTSVILLE     ,AL,35899-0001,Public       ,2641,1510,4151,2641,1510,4151
00105700,UNIVERSITY OF SOUTH ALABAMA             ,AL,36688-0002,Public       ,5140,3386,8526,5140,3386,8526
00105900,LAWSON STATE COMMUNITY COLLEGE          ,AL,35221-1798,Public       ,694,986,1680,694,986,1680
00105901,LAWSON STATE COMMUNITY COLLEGE - BESSEME,AL,35021-0308,Public       ,248,402,650,248,402,650
00106000,FAULKNER STATE COMMUNITY COLLEGE        ,AL,36507-2698,Public       ,1140,1048,2188,1140,1048,2188
00526000,J.F. DRAKE STATE TECH COLLEGE           ,AL,35811-1584,Public       ,186,545,731,186,545,731
00569100,SHELTON STATE COMMUNITY CLG             ,AL,35405-4017,Public       ,1674,1187,2861,1674,1187,2861
00569200,REID STATE TECHNICAL COLLEGE            ,AL,36401-0000,Public       ,69,141,210,69,141,210
00569700,NORTHWEST- SHOALS COMMUNITY COLLEGE     ,AL,35661-0000,Public       ,690,487,1177,690,487,1177
00569900,GEORGE C WALLACE STATE CMTY COLLEGE     ,AL,36703-0000,Public       ,317,439,756,317,439,756
00573300,BEVILL STATE CMTY COLLEGE-WALKER        ,AL,35148-0000,Public       ,1097,1006,2103,1097,1006,2103
00573400,H. COUNCILL TRENHOLM STATE TECH COLLEGE ,AL,36108-0020,Public       ,227,555,782,227,555,782
00573401,H. C. TRENHOLM ST TECH COL-PATTERSON CAM,AL,36116-2612,Public       ,170,341,511,170,341,511
00787100,GEORGE C WALLACE STATE CMTY CLG         ,AL,35077-2000,Public       ,1259,1062,2321,1259,1062,2321
00831000,AUBURN UNIVERSITY-MONTGOMERY            ,AL,36124-0000,Public       ,2657,1968,4625,2657,1968,4625
00898800,LURLEEN B WALLACE COMMUNITY COLLEGE     ,AL,36420-0418,Public       ,503,338,841,503,338,841
01055400,CONCORDIA COLLEGE                       ,AL,36701-3323,Private      ,214,125,339,214,125,339
01218200,CHATTAHOOCHEE VALLEY CMTY CLG           ,AL,36869-7917,Public       ,384,541,925,384,541,925
01303906,SOUTH UNIVERSITY - MONTGOMERY           ,AL,36116-1120,Proprietary  ,128,432,560,128,432,560
02170600,UNITED STATES SPORTS ACADEMY            ,AL,36526-7055,Private      ,19,235,254,19,235,254
02199700,HERITAGE CHRISTIAN UNIVERSITY           ,AL,35630-0000,Private      ,17,31,48,17,31,48
02270400,SOUTHEASTERN BIBLE COLLEGE              ,AL,35244-2083,Private      ,57,88,145,57,88,145
02285000,PAUL MITCHELL THE SCHOOL HUNTSVILLE     ,AL,35758-0000,Proprietary  ,20,52,72,20,52,72
02296000,PRINCE INSTITUTE OF PROFESSIONAL STUDIES,AL,36117-0000,Proprietary  ,10,110,120,10,110,120
02341000,FORTIS COLLEGE                          ,AL,36609-0000,Proprietary  ,218,792,1010,218,792,1010
02503400,AMRIDGE UNIVERSITY                      ,AL,36124-0000,Private      ,29,297,326,29,297,326
02605500,REMINGTON COLLEGE - MOBILE CAMPUS       ,AL,36609-5593,Private      ,180,571,751,180,571,751
03010600,VIRGINIA COLLEGE                        ,AL,35209-5154,Proprietary  ,748,5822,6570,748,5822,6570
03010602,VIRGINIA COLLEGE - HUNTSVILLE           ,AL,35805-0000,Proprietary  ,94,341,435,94,341,435
03010607,VIRGINIA COLLEGE - MOBILE               ,AL,36608-1626,Proprietary  ,92,342,434,92,342,434
03010616,VIRGINIA COLLEGE - MONTGOMERY           ,AL,36117-2802,Proprietary  ,166,598,764,166,598,764
03032500,ALABAMA STATE CLG BARBER STYLING        ,AL,35215-0000,Proprietary  ,43,62,105,43,62,105
03361400,FORTIS COLLEGE                          ,AL,36535-0000,Proprietary  ,43,191,234,43,191,234
03459300,SOUTHEASTERN SCHOOL OF COSMETOLOGY      ,AL,35228-0000,Private      ,18,29,47,18,29,47
03783300,BLUE CLIFF CAREER COLLEGE               ,AL,63306-4749,Proprietary  ,36,99,135,36,99,135
03894300,HUNTSVILLE BIBLE COLLEGE                ,AL,35811-0000,Private      ,10,63,73,10,63,73
04066300,CARDIAC AND VASCULAR INSTITUTE OF ULTRAS,AL,36604-1411,Proprietary  ,21,110,131,21,110,131
04067300,SELMA UNIVERSITY                        ,AL,36701-0000,Private      ,55,128,183,55,128,183
04121500,COLUMBIA SOUTHERN UNIVERSITY            ,AL,36561-3815,Proprietary  ,161,5039,5200,161,5039,5200
04149200,XCELL ACADEMY-A PAUL MITCHELL PARTNER SC,AL,35216-4990,Proprietary  ,28,77,105,28,77,105
04187200,NEW BEGINNING COLLEGE OF COSMETOLOGY    ,AL,35950-2415,Proprietary  ,24,49,73,24,49,73
04187300,HAIR ACADEMY (THE)                      ,AL,36111-2201,Proprietary  ,25,55,80,25,55,80
04197500,UNIVERSITY ACADEMY OF HAIR DESIGN       ,AL,35476-3100,Proprietary  ,12,33,45,12,33,45
04211000,SALON PROFESSIONAL ACADEMY (THE)        ,AL,35816-1849,Proprietary  ,23,59,82,23,59,82
00111100,ALLAN HANCOCK COLLEGE                   ,CA,93454-6399,Public       ,2875,2022,4897,2875,2022,4897
00111300,ANTELOPE VALLEY COLLEGE                 ,CA,93536-5426,Public       ,4323,4956,9279,4323,4956,9279
00111600,ART CENTER COLLEGE OF DESIGN            ,CA,91103-1999,Private      ,1509,1001,2510,1509,1001,2510
00111700,AZUSA PACIFIC UNIVERSITY                ,CA,91702-7000,Private      ,9246,4812,14058,9246,4812,14058
00111800,BAKERSFIELD COLLEGE                     ,CA,93305-1299,Public       ,7374,5343,12717,7374,5343,12717
00111900,BARSTOW COMMUNITY COLLEGE               ,CA,92311-6608,Public       ,666,1377,2043,666,1377,2043
00112000,AMER BAPT SEM OF THE WEST-BERKELEY      ,CA,94704-0000,Private      ,6,29,35,6,29,35
00112200,BIOLA UNIVERSITY                        ,CA,90639-0001,Private      ,5822,1372,7194,5822,1372,7194
00112300,BROOKS INSTITUTE                        ,CA,93103-1809,Proprietary  ,305,194,499,305,194,499
00112400,CABRILLO COLLEGE                        ,CA,95003-3194,Public       ,3386,2700,6086,3386,2700,6086
00112500,CALIFORNIA BAPTIST UNIVERSITY           ,CA,92504-3297,Private      ,6277,3238,9515,6277,3238,9515
00112700,CALIFORNIA COLLEGE OF THE ARTS          ,CA,94107-2206,Private      ,1870,1345,3215,1870,1345,3215
00113100,CALIFORNIA INSTITUTE OF TECHNOLOGY      ,CA,91125-0001,Private      ,3203,486,3689,3203,486,3689
00113200,CALIFORNIA INSTITUTE OF THE ARTS        ,CA,91355-2397,Private      ,2284,1301,3585,2284,1301,3585
00113300,CALIFORNIA LUTHERAN UNIVERSITY          ,CA,91360-2787,Private      ,4680,999,5679,4680,999,5679
00113400,CALIFORNIA MARITIME ACADEMY             ,CA,94590-8181,Public       ,1031,349,1380,1031,349,1380
00113700,CALIF STATE UNIV-FULLERTON              ,CA,92831-3599,Public       ,45655,17660,63315,45655,17660,63315
00113800,"CALIFORNIA STATE UNIVERSITY, EAST BAY   ",CA,94542-3000,Public       ,15665,10034,25699,15665,10034,25699
00113900,CALIF STATE UNIV-LONG BEACH             ,CA,90840-0006,Public       ,54226,19423,73649,54226,19423,73649
00114000,CALIF STATE UNIV-LOS ANGELES            ,CA,90032-4226,Public       ,34343,17296,51639,34343,17296,51639
00114100,"CALIF STATE UNIV, DOMINGUEZ HILLS       ",CA,90747-0001,Public       ,17396,11985,29381,17396,11985,29381
00114200,CALIF STATE UNIV SAN BERNARDINO         ,CA,92407-2397,Public       ,19795,10340,30135,19795,10340,30135
00114300,CAL POLY STATE UNIVERSITY               ,CA,93407-0001,Public       ,36376,3847,40223,36376,3847,40223
00114400,CALIF STATE POLYTECHNIC UNIV POMONA     ,CA,91768-2500,Public       ,33263,9252,42515,33263,9252,42515
00114600,CALIF STATE UNIV - CHICO                ,CA,95929-0001,Public       ,20283,5131,25414,20283,5131,25414
00114700,CALIF STATE UNIV - FRESNO               ,CA,93740-8026,Public       ,23625,9288,32913,23625,9288,32913
00114900,HUMBOLDT STATE UNIVERSITY               ,CA,95521-8299,Public       ,12002,3518,15520,12002,3518,15520
00115000,CALIF STATE UNIV-SACRAMENTO             ,CA,95819-6044,Public       ,29297,14993,44290,29297,14993,44290
00115100,SAN DIEGO STATE UNIVERSITY              ,CA,92182-1690,Public       ,52982,15538,68520,52982,15538,68520
00115300,CALIF STATE UNIV-NORTHRIDGE             ,CA,91330-8307,Public       ,38674,16410,55084,38674,16410,55084
00115400,SAN FRANCISCO STATE UNIVERSITY          ,CA,94132-1740,Public       ,37379,15466,52845,37379,15466,52845
00115500,SAN JOSE STATE UNIVERSITY               ,CA,95192-0036,Public       ,30350,12428,42778,30350,12428,42778
00115600,SONOMA STATE UNIVERSITY                 ,CA,94928-3609,Public       ,12650,2828,15478,12650,2828,15478
00115700,CALIF STATE UNIV-STANISLAUS             ,CA,95382-0299,Public       ,9224,4630,13854,9224,4630,13854
00116100,CERRITOS COLLEGE                        ,CA,90650-6296,Public       ,12424,7025,19449,12424,7025,19449
00116200,CHABOT COLLEGE                          ,CA,94545-2400,Public       ,4279,3406,7685,4279,3406,7685
00116300,CHAFFEY COLLEGE                         ,CA,91737-9400,Public       ,9960,6729,16689,9960,6729,16689
00116400,CHAPMAN UNIVERSITY                      ,CA,92866-1099,Private      ,10788,2477,13265,10788,2477,13265
00116453,CHAPMAN UNIVERSITY SCHOOL OF LAW        ,CA,92866-0000,Private      ,66,1135,1201,66,1135,1201
00116500,CHURCH DIV SCH OF THE PACIFIC           ,CA,94709-0000,Private      ,3,54,57,3,54,57
00116600,CITRUS COLLEGE                          ,CA,91741-1899,Public       ,7353,3833,11186,7353,3833,11186
00116900,CLAREMONT GRADUATE UNIVERSITY           ,CA,91711-0000,Private      ,28,1189,1217,28,1189,1217
00117000,CLAREMONT MCKENNA COLLEGE               ,CA,91711-6400,Private      ,3359,127,3486,3359,127,3486
00117100,HARVEY MUDD COLLEGE                     ,CA,91711-5990,Private      ,2522,86,2608,2522,86,2608
00117200,PITZER COLLEGE                          ,CA,91711-6101,Private      ,2728,146,2874,2728,146,2874
00117300,POMONA COLLEGE                          ,CA,91711-6301,Private      ,4570,166,4736,4570,166,4736
00117400,SCRIPPS COLLEGE                         ,CA,91711-3948,Private      ,1763,126,1889,1763,126,1889
00117600,WEST HILLS COMMUNITY COLLEGE            ,CA,93210-1399,Public       ,1035,524,1559,1035,524,1559
00117700,COGSWELL POLYTECHNICAL COLLEGE          ,CA,94089-1210,Proprietary  ,259,105,364,259,105,364
00117800,COLLEGE OF MARIN                        ,CA,94904-2590,Public       ,805,1151,1956,805,1151,1956
00117801,COLG OF MARIN-INDIAN VALLEY CMPS        ,CA,94949-0000,Public       ,183,352,535,183,352,535
00117900,NOTRE DAME DE NAMUR UNIVERSITY          ,CA,94002-1997,Private      ,1635,858,2493,1635,858,2493
00118100,COLLEGE OF SAN MATEO                    ,CA,94402-3784,Public       ,2375,1478,3853,2375,1478,3853
00118200,COLLEGE OF THE DESERT                   ,CA,92260-9305,Public       ,3588,2670,6258,3588,2670,6258
00118300,HOLY NAMES UNIVERSITY                   ,CA,94619-1699,Private      ,932,753,1685,932,753,1685
00118500,COLLEGE OF THE REDWOODS                 ,CA,95501-9300,Public       ,1617,1703,3320,1617,1703,3320
00118600,COLLEGE OF THE SEQUOIAS                 ,CA,93277-2234,Public       ,4473,3119,7592,4473,3119,7592
00118700,COLLEGE OF THE SISKIYOUS                ,CA,96094-2899,Public       ,737,533,1270,737,533,1270
00118701,COLLEGE OF THE SISKIYOUS - YREKA CENTER ,CA,96097-9538,Public       ,97,186,283,97,186,283
00119000,CONTRA COSTA COLLEGE                    ,CA,94806-3195,Public       ,1712,1852,3564,1712,1852,3564
00119100,DIABLO VALLEY COLLEGE                   ,CA,94523-1544,Public       ,4379,2970,7349,4379,2970,7349
00119200,CUESTA COLLEGE                          ,CA,93403-8106,Public       ,3168,1761,4929,3168,1761,4929
00119300,CYPRESS COLLEGE                         ,CA,90630-5897,Public       ,8645,5044,13689,8645,5044,13689
00119600,DOMINICAN UNIVERSITY OF CALIFORNIA      ,CA,94901-2298,Private      ,2868,946,3814,2868,946,3814
00119700,EL CAMINO COLLEGE                       ,CA,90506-0002,Public       ,10579,6657,17236,10579,6657,17236
00119701,COMPTON COMMUNITY COLLEGE               ,CA,90221-5393,Public       ,2263,2418,4681,2263,2418,4681
00119900,FOOTHILL COLLEGE                        ,CA,94022-4597,Public       ,2508,1991,4499,2508,1991,4499
00120000,FULLER THEOLOGICAL SEMINARY             ,CA,91182-0000,Private      ,19,1531,1550,19,1531,1550
00120100,FULLERTON COLLEGE                       ,CA,92832-2095,Public       ,10712,4910,15622,10712,4910,15622
00120200,GAVILAN COLLEGE                         ,CA,95020-9599,Public       ,1142,868,2010,1142,868,2010
00120300,GLENDALE COMMUNITY COLLEGE              ,CA,91208-2894,Public       ,7810,4755,12565,7810,4755,12565
00120500,GOLDEN GATE UNIVERSITY                  ,CA,94105-2967,Private      ,165,1968,2133,165,1968,2133
00120600,GOLDEN WEST COLLEGE                     ,CA,92647-2748,Public       ,7080,4087,11167,7080,4087,11167
00120700,GRADUATE THEOLOGICAL UNION              ,CA,94709-0000,Private      ,1,229,230,1,229,230
00120800,GROSSMONT COLLEGE                       ,CA,92020-1798,Public       ,6523,5238,11761,6523,5238,11761
00120900,HARTNELL COMMUNITY COLLEGE              ,CA,93901-1697,Public       ,2585,1430,4015,2585,1430,4015
00121200,HUMPHREYS COLLEGE                       ,CA,95207-3896,Private      ,259,583,842,259,583,842
00121400,IMPERIAL VALLEY COLLEGE                 ,CA,92251-9787,Public       ,2527,1181,3708,2527,1181,3708
00121500,LA SIERRA UNIVERSITY                    ,CA,92515-3332,Private      ,3120,936,4056,3120,936,4056
00121600,UNIVERSITY OF LA VERNE                  ,CA,91750-4443,Private      ,6054,4034,10088,6054,4034,10088
00121700,LASSEN COLLEGE                          ,CA,96130-3000,Public       ,316,288,604,316,288,604
00121800,LOMA LINDA UNIVERSITY                   ,CA,92350-0001,Private      ,1091,4488,5579,1091,4488,5579
00121900,LONG BEACH CITY COLLEGE                 ,CA,90808-1780,Public       ,13451,8607,22058,13451,8607,22058
00122000,MASTER'S COLLEGE & SEMINARY (THE)       ,CA,91321-1200,Private      ,1304,278,1582,1304,278,1582
00122300,LOS ANGELES CITY COLLEGE                ,CA,90029-3588,Public       ,7896,8865,16761,7896,8865,16761
00122400,LOS ANGELES HARBOR COLLEGE              ,CA,90744-2397,Public       ,3053,2640,5693,3053,2640,5693
00122600,LOS ANGELES PIERCE COLLEGE              ,CA,91371-0001,Public       ,9457,5926,15383,9457,5926,15383
00122700,LOS ANGELES TRADE TECH COLLEGE          ,CA,90015-4181,Public       ,4720,6390,11110,4720,6390,11110
00122800,LOS ANGELES VALLEY COLLEGE              ,CA,91401-4096,Public       ,6951,5731,12682,6951,5731,12682
00122900,SO CA UNIV  HEALTH SCIENCES             ,CA,90604-4051,Private      ,29,516,545,29,516,545
00123000,SOUTHERN CA COLLEGE OF OPTOMETRY        ,CA,92831-1699,Private      ,16,342,358,16,342,358
00123200,AMERICAN RIVER COLLEGE                  ,CA,95841-4286,Public       ,10085,10942,21027,10085,10942,21027
00123300,SACRAMENTO CITY COLLEGE                 ,CA,95822-1386,Public       ,11334,9536,20870,11334,9536,20870
00123600,MENLO COLLEGE                           ,CA,94027-4301,Private      ,1427,165,1592,1427,165,1592
00123700,MERCED COMMUNITY COLLEGE                ,CA,95348-2898,Public       ,4564,2828,7392,4564,2828,7392
00123800,MILLS COLLEGE                           ,CA,94613-1301,Private      ,1766,1391,3157,1766,1391,3157
00123900,MIRACOSTA COLLEGE                       ,CA,92056-3899,Public       ,3387,3155,6542,3387,3155,6542
00124000,MODESTO JUNIOR COLLEGE                  ,CA,95350-5800,Public       ,6940,5959,12899,6940,5959,12899
00124200,MONTEREY PENINSULA COLLEGE              ,CA,93940-4799,Public       ,2075,1340,3415,2075,1340,3415
00124300,MOUNT ST MARYS COLLEGE                  ,CA,90049-1599,Private      ,3388,1737,5125,3388,1737,5125
00124500,MT. SAN ANTONIO COLLEGE                 ,CA,91789-1399,Public       ,14479,8647,23126,14479,8647,23126
00124600,MT SAN JACINTO COLLEGE                  ,CA,92583-2399,Public       ,5485,5509,10994,5485,5509,10994
00124700,NAPA VALLEY COLLEGE                     ,CA,94558-6236,Public       ,2030,1403,3433,2030,1403,3433
00124900,OCCIDENTAL COLLEGE                      ,CA,90041-3314,Private      ,5241,306,5547,5241,306,5547
00125000,ORANGE COAST COLLEGE - FIN AID OFF      ,CA,92628-5005,Public       ,10638,5421,16059,10638,5421,16059
00125100,OTIS COLLEGE OF ART AND DESIGN          ,CA,90045-3505,Private      ,1373,553,1926,1373,553,1926
00125200,HOPE INTERNATIONAL UNIVERSITY           ,CA,92631-0000,Private      ,705,654,1359,705,654,1359
00125300,FRESNO PACIFIC UNIVERSITY               ,CA,93702-4798,Private      ,2443,2323,4766,2443,2323,4766
00125400,PACIFIC LUTHERAN THEOLOGICAL SEM        ,CA,94708-0000,Private      ,2,53,55,2,53,55
00125500,PACIFIC OAKS COLLEGE                    ,CA,91103-3606,Private      ,57,729,786,57,729,786
00125600,PACIFIC SCHOOL OF RELIGION              ,CA,94709-0000,Private      ,1,159,160,1,159,160
00125800,PACIFIC UNION COLLEGE                   ,CA,94508-9797,Private      ,1512,308,1820,1512,308,1820
00125900,PALO VERDE COLLEGE                      ,CA,92225-0000,Public       ,80,110,190,80,110,190
00126000,PALOMAR COLLEGE                         ,CA,92069-1486,Public       ,7035,4224,11259,7035,4224,11259
00126100,PASADENA CITY COLLEGE                   ,CA,91106-2003,Public       ,13594,6446,20040,13594,6446,20040
00126200,POINT LOMA NAZARENE UNIVERSITY          ,CA,92106-2899,Private      ,4420,805,5225,4420,805,5225
00126600,LANEY COLLEGE                           ,CA,94607-4893,Public       ,2764,3698,6462,2764,3698,6462
00126700,MERRITT COLLEGE                         ,CA,94619-3196,Public       ,1718,2462,4180,1718,2462,4180
00126800,PORTERVILLE COLLEGE                     ,CA,93257-6059,Public       ,1580,1046,2626,1580,1046,2626
00126900,RIO HONDO COLLEGE                       ,CA,90601-1699,Public       ,9494,4456,13950,9494,4456,13950
00127000,RIVERSIDE CITY COLLEGE                  ,CA,92506-1299,Public       ,13995,9533,23528,13995,9533,23528
00127200,SAN BERNARDINO VALLEY COLLEGE           ,CA,92410-2798,Public       ,6892,6462,13354,6892,6462,13354
00127300,SAN DIEGO CITY COLLEGE                  ,CA,92101-4787,Public       ,7409,6956,14365,7409,6956,14365
00127500,SAN DIEGO MESA COLLEGE                  ,CA,92111-4996,Public       ,7839,6141,13980,7839,6141,13980
00127800,SAN FRANCISCO CONSERVATORY OF MUSIC     ,CA,94122-4498,Private      ,268,322,590,268,322,590
00127900,SAN FRANCISCO THEOLOGICAL SEMINARY      ,CA,94960-0000,Private      ,0,23,23,0,23,23
00128000,SAN JOAQUIN DELTA COLLEGE               ,CA,95207-6370,Public       ,6476,5324,11800,6476,5324,11800
00128100,WILLIAM JESSUP UNIVERSITY               ,CA,95765-3707,Private      ,971,388,1359,971,388,1359
00128200,SAN JOSE CITY COLLEGE                   ,CA,95128-2797,Public       ,3441,3296,6737,3441,3296,6737
00128400,SANTA ANA COLLEGE                       ,CA,92706-3398,Public       ,6821,3821,10642,6821,3821,10642
00128500,SANTA BARBARA CITY COLLEGE              ,CA,93109-2394,Public       ,6722,2744,9466,6722,2744,9466
00128600,SANTA MONICA COLLEGE                    ,CA,90405-1644,Public       ,15183,6236,21419,15183,6236,21419
00128700,SANTA ROSA JUNIOR COLLEGE               ,CA,95401-4395,Public       ,4528,3640,8168,4528,3640,8168
00128800,CLAREMONT SCHOOL OF THEOLOGY            ,CA,91711-0000,Private      ,6,199,205,6,199,205
00128900,SHASTA COLLEGE                          ,CA,96049-7692,Public       ,2747,2530,5277,2747,2530,5277
00129000,SIERRA COLLEGE                          ,CA,95677-3397,Public       ,5598,4401,9999,5598,4401,9999
00129100,SIMPSON UNIVERSITY                      ,CA,96003-8606,Private      ,1241,810,2051,1241,810,2051
00129200,SOLANO COMMUNITY COLLEGE                ,CA,94534-3197,Public       ,2483,2618,5101,2483,2618,5101
00129300,VANGUARD UNIVERSITY OF SOUTHERN CA      ,CA,92626-6597,Private      ,2330,745,3075,2330,745,3075
00129400,SOUTHWESTERN COLLEGE                    ,CA,91910-7299,Public       ,6522,4165,10687,6522,4165,10687
00129500,SOUTHWESTERN LAW SCHOOL                 ,CA,90010-1106,Private      ,55,1776,1831,55,1776,1831
00129600,DOMINICAN SCH PHILOSOPHY & THEOLOGY     ,CA,94709-0000,Private      ,5,38,43,5,38,43
00129900,ST JOHN'S SEMINARY COLLEGE              ,CA,93010-0000,Private      ,7,5,12,7,5,12
00130200,SAINT MARY'S COLLEGE OF CALIFORNIA      ,CA,94556-2744,Private      ,5488,1029,6517,5488,1029,6517
00130500,STANFORD UNIVERSITY                     ,CA,94305-6106,Private      ,23976,2888,26864,23976,2888,26864
00130501,STANFORD UNIVERSITY - GRADUATE SCHOOL OF,CA,94305-5301,Private      ,56,1086,1142,56,1086,1142
00130502,STANFORD UNIVERSITY - GRADUATE SCHOOL OF,CA,94305-5015,Private      ,62,1253,1315,62,1253,1315
00130503,STANFORD UNIVERSITY - STANFORD LAW SCHOO,CA,94305-3096,Private      ,195,1942,2137,195,1942,2137
00130700,FRESNO CITY COLLEGE                     ,CA,93741-0002,Public       ,13412,9595,23007,13412,9595,23007
00130800,REEDLEY COLLEGE                         ,CA,93654-2099,Public       ,5424,2858,8282,5424,2858,8282
00130900,TAFT COLLEGE                            ,CA,93268-2317,Public       ,1254,654,1908,1254,654,1908
00131200,UNIVERSITY OF CALIFORNIA-BERKELEY       ,CA,94720-1520,Public       ,54860,16112,70972,54860,16112,70972
00131300,UNIVERSITY OF CALIFORNIA-DAVIS          ,CA,95616-8558,Public       ,52690,12496,65186,52690,12496,65186
00131400,UNIVERSITY OF CALIFORNIA-IRVINE         ,CA,92697-2825,Public       ,58327,11984,70311,58327,11984,70311
00131500,UNIVERSITY OF CALIFORNIA (UCLA)         ,CA,90095-9000,Public       ,70126,21639,91765,70126,21639,91765
00131502,UNIV OF CALIFORNIA LOS ANG SCH MED      ,CA,90095-0000,Public       ,298,988,1286,298,988,1286
00131503,UNIV OF CALIFORNIA LOS ANG DENTAL       ,CA,90095-0000,Public       ,103,139,242,103,139,242
00131600,UNIVERSITY OF CALIFORNIA-RIVERSIDE      ,CA,92521-0209,Public       ,39526,7761,47287,39526,7761,47287
00131700,UNIVERSITY OF CALIFORNIA-SAN DIEGO      ,CA,92093-0013,Public       ,51996,9190,61186,51996,9190,61186
00131900,UNIVERSITY OF CALIFORNIA-SFRANCISCO     ,CA,94143-0246,Public       ,1465,3623,5088,1465,3623,5088
00132000,UNIVERSITY OF CALIFORNIA-SANTA BARB     ,CA,93106-3180,Public       ,51651,6485,58136,51651,6485,58136
00132100,UNIVERSITY OF CALIFORNIA-SANTA CRUZ     ,CA,95064-0001,Public       ,36282,4620,40902,36282,4620,40902
00132200,UNIVERSITY OF REDLANDS                  ,CA,92373-0999,Private      ,5449,1860,7309,5449,1860,7309
00132500,UNIVERSITY OF SAN FRANCISCO             ,CA,94117-1080,Private      ,12984,5857,18841,12984,5857,18841
00132600,SANTA CLARA UNIVERSITY                  ,CA,95053-4956,Private      ,11466,2457,13923,11466,2457,13923
00132604,JESUIT SCHOOL OF THEOLOGY - BERKELEY    ,CA,94709-1193,Private      ,0,41,41,0,41,41
00132800,UNIVERSITY OF SOUTHERN CALIFORNIA       ,CA,90089-0914,Private      ,42508,19996,62504,42508,19996,62504
00132900,UNIVERSITY OF THE PACIFIC               ,CA,95211-0197,Private      ,11847,2835,14682,11847,2835,14682
00132901,UNIVERSITY OF THE PACIFIC - MCGEORGE SCH,CA,95817-2799,Private      ,173,1251,1424,173,1251,1424
00132902,UNIV OF THE PACIFIC SCH OF DENT         ,CA,94115-0000,Private      ,64,568,632,64,568,632
00133400,VENTURA COLLEGE                         ,CA,93003-3899,Public       ,3864,2302,6166,3864,2302,6166
00133500,VICTOR VALLEY COLLEGE                   ,CA,92395-5849,Public       ,4149,4441,8590,4149,4441,8590
00133800,WEST VALLEY COLLEGE                     ,CA,95070-5697,Public       ,2022,1195,3217,2022,1195,3217
00134100,WESTMONT COLLEGE                        ,CA,93108-1099,Private      ,2329,115,2444,2329,115,2444
00134200,WHITTIER COLLEGE                        ,CA,90601-4413,Private      ,4027,453,4480,4027,453,4480
00134201,WHITTIER COLLEGE - COLLEGE OF LAW       ,CA,92626-1501,Private      ,32,898,930,32,898,930
00134300,WOODBURY UNIVERSITY                     ,CA,91510-7846,Private      ,1128,602,1730,1128,602,1730
00134400,YUBA COLLEGE                            ,CA,95901-7699,Public       ,2275,2115,4390,2275,2115,4390
00177212,TRINITY INTERNATIONAL UNIV-CA           ,CA,92705-0000,Private      ,11,137,148,11,137,148
00274100,AMERICAN JEWISH UNIVERSITY              ,CA,90077-1599,Private      ,77,81,158,77,81,158
00301002,ANTIOCH UNIV/LOS ANGELES                ,CA,90230-7615,Private      ,37,521,558,37,521,558
00301003,ANTIOCH  UNIV/SANTA BARBARA             ,CA,93101-0000,Private      ,670,363,1033,670,363,1033
00369110,MIDDLEBURY COLLEGE - MONTEREY INSTITUTE ,CA,93940-2691,Private      ,43,644,687,43,644,687
00394700,UC-HASTINGS COLLEGE OF THE LAW          ,CA,94102-0000,Public       ,31,2718,2749,31,2718,2749
00394800,SAN FRANCISCO ART INSTITUTE             ,CA,94133-2299,Private      ,1549,874,2423,1549,874,2423
00408000,STARR KING SCHOOL FOR THE MINISTRY      ,CA,94709-1299,Private      ,0,49,49,0,49,49
00448000,DE ANZA COLLEGE                         ,CA,95014-5793,Public       ,6402,3287,9689,6402,3287,9689
00448100,OHLONE COLLEGE                          ,CA,94539-5847,Public       ,2493,1590,4083,2493,1590,4083
00448400,JOHN F. KENNEDY UNIVERSITY              ,CA,94523-4817,Private      ,39,763,802,39,763,802
00449000,PATTEN UNIVERSITY                       ,CA,94601-2699,Private      ,41,71,112,41,71,112
00449400,EVEREST COLLEGE                         ,CA,92408-3752,Proprietary  ,298,340,638,298,340,638
00450200,CITY COLLEGE OF SAN FRANCISCO           ,CA,94112-0000,Public       ,6874,6482,13356,6874,6482,13356
00450302,EVEREST COLLEGE - SANTA ANA             ,CA,92701-4559,Proprietary  ,219,196,415,219,196,415
00563800,DOWNEY ADULT SCHOOL                     ,CA,90241-5610,Public       ,155,315,470,155,315,470
00565500,HACIENDA LA PUENTE ADULT EDUC CTR       ,CA,91746-0000,Public       ,105,240,345,105,240,345
00616500,LA CNTY CLG OF NURSING & ALLD HLTH      ,CA,90033-1018,Public       ,173,397,570,173,397,570
00672000,COLLEGE OF ALAMEDA                      ,CA,94501-2109,Public       ,1870,1742,3612,1870,1742,3612
00673100,CASA LOMA COLLEGE                       ,CA,91405-4523,Private      ,106,221,327,106,221,327
00697300,CANADA COLLEGE                          ,CA,94061-1099,Public       ,906,985,1891,906,985,1891
00697500,LINCOLN UNIVERSITY                      ,CA,94612-2801,Private      ,32,89,121,32,89,121
00701200,SAMUEL MERRITT COLLEGE                  ,CA,94609-3108,Private      ,364,1681,2045,364,1681,2045
00704700,LOS ANGELES SOUTHWEST COLLEGE           ,CA,90047-4810,Public       ,2370,3755,6125,2370,3755,6125
00705000,BAY VISTA COLLEGE OF BEAUTY             ,CA,91950-3616,Proprietary  ,23,39,62,23,39,62
00711500,MOORPARK COLLEGE                        ,CA,93021-1695,Public       ,4147,2046,6193,4147,2046,6193
00713000,NEWBERRY SCHOOLS OF BEAUTY              ,CA,91344-7404,Proprietary  ,38,33,71,38,33,71
00714200,LYLE'S COLLEGE OF BEAUTY                ,CA,93710-3948,Proprietary  ,76,80,156,76,80,156
00716400,BRYAN COLLEGE                           ,CA,90057-0000,Proprietary  ,108,661,769,108,661,769
00718700,NORTH ADRIAN'S COLLEGE OF BEAUTY        ,CA,95350-2381,Proprietary  ,62,64,126,62,64,126
00719000,WYOTECH                                 ,CA,94539-7663,Proprietary  ,283,416,699,283,416,699
00720300,SALON SUCCESS ACADEMY                   ,CA,91786-4060,Proprietary  ,38,41,79,38,41,79
00720400,MODERN BEAUTY ACADEMY                   ,CA,93030-7016,Proprietary  ,32,19,51,32,19,51
00722900,WESTERN BEAUTY INSTITUTE                ,CA,91402-3104,Proprietary  ,37,53,90,37,53,90
00723400,HEALD COLLEGE                           ,CA,94105-2206,Proprietary  ,322,768,1090,322,768,1090
00725300,FEDERICO BEAUTY INSTITUTE               ,CA,95834-1905,Proprietary  ,145,172,317,145,172,317
00729600,COLEMAN COLLEGE                         ,CA,92123-0000,Private      ,162,327,489,162,327,489
00732909,ITT TECHNICAL INSTITUTE                 ,CA,92868-3506,Proprietary  ,178,472,650,178,472,650
00732971,ITT TECHNICAL INSTITUTE                 ,CA,95670-6047,Proprietary  ,139,402,541,139,402,541
00732976,ITT TECHNICAL INSTITUTE                 ,CA,92408-3519,Proprietary  ,419,589,1008,419,589,1008
00732981,ITT TECHNICAL INSTITUTE                 ,CA,92123-2662,Proprietary  ,338,584,922,338,584,922
00732985,ITT TECHNICAL INSTITUTE                 ,CA,91773-2933,Proprietary  ,111,283,394,111,283,394
00732989,ITT TECHNICAL INSTITUTE                 ,CA,90502-1356,Proprietary  ,145,350,495,145,350,495
00732994,ITT TECHNICAL INSTITUTE                 ,CA,91342-3664,Proprietary  ,104,254,358,104,254,358
00747600,MARINELLO SCHOOLS OF BEAUTY             ,CA,90023-2666,Proprietary  ,191,130,321,191,130,321
00747602,MARINELLO SCHOOLS OF BEAUTY - SPA ACADEM,CA,90048-5101,Proprietary  ,74,84,158,74,84,158
00747603,MARINELLO SCHOOLS OF BEAUTY - INGLEWOOD ,CA,90301-2306,Proprietary  ,28,20,48,28,20,48
00747604,MARINELLO SCHOOLS OF BEAUTY - RESEDA    ,CA,91335-4218,Proprietary  ,15,16,31,15,16,31
00747606,MARINELLO SCHOOLS OF BEAUTY - WEST COVIN,CA,91790-2805,Proprietary  ,45,29,74,45,29,74
00747607,MARINELLO SCHOOLS OF BEAUTY - SAN BERNAR,CA,92410-3261,Proprietary  ,118,108,226,118,108,226
00747608,MARINELLO SCHOOLS OF BEAUTY - ONTARIO   ,CA,91762-2113,Proprietary  ,89,84,173,89,84,173
00747609,MARINELLO SCHOOLS OF BEAUTY - WHITTIER  ,CA,90601-4107,Proprietary  ,56,26,82,56,26,82
00747610,MARINELLO SCHOOLS OF BEAUTY - LOMITA    ,CA,90717-1460,Proprietary  ,19,31,50,19,31,50
00747611,MARINELLO SCHOOLS OF BEAUTY - SAN DIEGO ,CA,92126-4217,Proprietary  ,134,102,236,134,102,236
00747612,MARINELLO SCHOOLS OF BEAUTY - EL CAJON  ,CA,92020-2503,Proprietary  ,38,42,80,38,42,80
00747613,MARINELLO SCHOOLS OF BEAUTY - VICTORVILL,CA,92392-5496,Proprietary  ,76,84,160,76,84,160
00747614,MARINELLO SCHOOLS OF BEAUTY - ANAHEIM   ,CA,92801-4622,Proprietary  ,103,88,191,103,88,191
00747615,MARINELLO SCHOOLS OF BEAUTY - SIMI VALLE,CA,93065-2801,Proprietary  ,22,38,60,22,38,60
00747700,"HEALD COLLEGE,SCHOOLS OF BUS & TECH     ",CA,95670-6005,Proprietary  ,328,899,1227,328,899,1227
00753100,ACADEMY OF ART UNIVERSITY               ,CA,94105-3410,Proprietary  ,5054,5520,10574,5054,5520,10574
00753600,COSUMNES RIVER COLLEGE                  ,CA,95823-5799,Public       ,7107,5715,12822,7107,5715,12822
00754802,WESTWOOD COLLEGE OF TECHNOLOGY          ,CA,92801-0000,Proprietary  ,380,250,630,380,250,630
00754803,WESTWOOD COLLEGE OF TECHNOLOGY          ,CA,91786-0000,Proprietary  ,509,494,1003,509,494,1003
00760600,EVEREST COLLEGE                         ,CA,90010-2221,Proprietary  ,279,242,521,279,242,521
00760700,CONCORDE CAREER INSTITUTE               ,CA,91606-3134,Proprietary  ,143,242,385,143,242,385
00770700,COLUMBIA COLLEGE                        ,CA,95370-8580,Public       ,849,633,1482,849,633,1482
00771300,SKYLINE COLLEGE                         ,CA,94066-1698,Public       ,2446,1712,4158,2446,1712,4158
00793000,CONCORDE CAREER INSTITUTE               ,CA,92108-0000,Proprietary  ,183,513,696,183,513,696
00799300,CALIF STATE UNIV BAKERSFIELD            ,CA,93311-1022,Public       ,9589,4734,14323,9589,4734,14323
00807100,CONCORDE CAREER INSTITUTE               ,CA,92840-9201,Proprietary  ,175,326,501,175,326,501
00807300,BUTTE COMMUNITY COLLEGE                 ,CA,95965-0000,Public       ,5059,4222,9281,5059,4222,9281
00809000,EVEREST COLLEGE                         ,CA,91803-1310,Proprietary  ,131,207,338,131,207,338
00809300,HEALD COLLEGE                           ,CA,93704-1706,Proprietary  ,963,1516,2479,963,1516,2479
00853200,HEALD COLLEGE                           ,CA,94545-2352,Proprietary  ,411,929,1340,411,929,1340
00853202,HEALD COLLEGE - MODESTO                 ,CA,95368-9095,Proprietary  ,481,778,1259,481,778,1259
00853700,CONCORDE CAREER INSTITUTE               ,CA,92401-0000,Proprietary  ,208,440,648,208,440,648
00859600,WEST LOS ANGELES COLLEGE                ,CA,90230-3500,Public       ,3004,3578,6582,3004,3578,6582
00859700,FEATHER RIVER COLLEGE                   ,CA,95971-9124,Public       ,512,258,770,512,258,770
00884400,CALIFORNIA CHRISTIAN COLLEGE            ,CA,93703-3599,Private      ,73,78,151,73,78,151
00884600,WRIGHT INSTITUTE                        ,CA,94704-0000,Private      ,4,235,239,4,235,239
00890300,COLLEGE OF THE CANYONS                  ,CA,91355-1899,Public       ,5546,2859,8405,5546,2859,8405
00891800,SADDLEBACK COLLEGE                      ,CA,92692-3699,Public       ,3987,3191,7178,3987,3191,7178
00902200,ASSOCIATED TECHNICAL COLLEGE            ,CA,90017-0000,Proprietary  ,97,132,229,97,132,229
00903200,EMPIRE COLLEGE                          ,CA,95403-2122,Proprietary  ,92,175,267,92,175,267
00915706,WYOMING TECHNICAL INSTITUTE - WEST SACRA,CA,95605-1507,Proprietary  ,224,185,409,224,185,409
00927200,CRAFTON HILLS COLLEGE                   ,CA,92399-1799,Public       ,2765,1892,4657,2765,1892,4657
00950900,SKILLS & BUSINESS EDUCATION CENTER      ,CA,95824-1529,Public       ,186,405,591,186,405,591
00974800,CARRINGTON COLLEGE CALIFORNIA           ,CA,95826-3203,Proprietary  ,535,998,1533,535,998,1533
00974801,CARRINGTON COLLEGE CALIFORNIA - SAN LEAN,CA,94578-3711,Proprietary  ,126,221,347,126,221,347
00974802,CARRINGTON COLLEGE CALIFORNIA - PLEASANT,CA,94523-1984,Proprietary  ,94,158,252,94,158,252
00974803,CARRINGTON COLLEGE CALIFORNIA - STOCKTON,CA,95207-5509,Proprietary  ,246,323,569,246,323,569
00974804,CARRINGTON COLLEGE CALIFORNIA - CITRUS H,CA,95621-5577,Proprietary  ,126,216,342,126,216,342
00974806,CARRINGTON COLLEGE CALIFORNIA -  ANTIOCH,CA,94531-1604,Proprietary  ,100,203,303,100,203,303
00974807,CARRINGTON COLLEGE CALIFORNIA - SAN JOSE,CA,95119-1325,Proprietary  ,272,418,690,272,418,690
00974808,CARRINGTON COLLEGE CALIFORNIA - EMERYVIL,CA,94608-3006,Proprietary  ,63,78,141,63,78,141
00974809,WESTERN CAREER COLLEGE -  EMERYVILLE SHE,CA,94608-3006,Proprietary  ,5,11,16,5,11,16
00998900,SANTA BARBARA BUSINESS COLLEGE          ,CA,93111-0000,Proprietary  ,194,189,383,194,189,383
01011100,CERRO-COSO COMMUNITY COLLEGE            ,CA,93555-9571,Public       ,473,813,1286,473,813,1286
01014900,PEPPERDINE UNIVERSITY                   ,CA,90263-0000,Private      ,8648,3655,12303,8648,3655,12303
01034000,LOS MEDANOS COLLEGE                     ,CA,94565-5197,Public       ,2159,2073,4232,2159,2073,4232
01036500,CHARLES R DREW UNIV OF MED & SCI        ,CA,90059-0000,Private      ,113,556,669,113,556,669
01039500,UNIVERSITY OF SAN DIEGO                 ,CA,92110-2492,Private      ,17056,4322,21378,17056,4322,21378
01039501,UNIVERSITY OF SAN DIEGO - SCHOOL OF LAW ,CA,92110-2492,Private      ,161,1874,2035,161,1874,2035
01044100,PARDEE RAND GRADUATE SCHOOL             ,CA,90407-2138,Private      ,4,16,20,4,16,20
01047400,MARYMOUNT COLLEGE OF PALOS VERDES       ,CA,90275-0000,Private      ,1150,142,1292,1150,142,1292
01085400,THOMAS JEFFERSON SCHOOL OF LAW          ,CA,92110-0000,Private      ,36,1119,1155,36,1119,1155
01102400,EVEREST COLLEGE                         ,CA,94103-2091,Proprietary  ,65,150,215,65,150,215
01110700,EVEREST  COLLEGE                        ,CA,92801-5231,Proprietary  ,265,264,529,265,264,529
01110900,EVEREST COLLEGE                         ,CA,91335-4631,Proprietary  ,133,181,314,133,181,314
01111200,FIDM-FASHION INSTITUTE OF DESIGN        ,CA,90015-1421,Proprietary  ,4441,1265,5706,4441,1265,5706
01111700,ALLIANT INTERNATIONAL UNIVERSITY        ,CA,92131-1799,Private      ,120,1416,1536,120,1416,1536
01111705,ALLIANT INTERNATIONAL UNIVERSITY - LOS A,CA,91803-1360,Private      ,16,522,538,16,522,538
01111706,ALLIANT INTERNATIONAL UNIVERSITY - SAN F,CA,94133-1221,Private      ,20,603,623,20,603,623
01111707,ALLIANT INTERNATIONAL UNIVERSITY - FRESN,CA,93727-2014,Private      ,62,387,449,62,387,449
01112100,EVEREST COLLEGE                         ,CA,94541-4007,Proprietary  ,70,157,227,70,157,227
01112300,EVEREST COLLEGE                         ,CA,90247-4163,Proprietary  ,98,186,284,98,186,284
01146000,NATIONAL UNIVERSITY                     ,CA,92037-1011,Private      ,572,7870,8442,572,7870,8442
01162600,PRACTICAL SCHOOLS                       ,CA,92805-0000,Proprietary  ,122,263,385,122,263,385
01164900,LOYOLA MARYMOUNT UNIVERSITY             ,CA,90045-0000,Private      ,11999,2411,14410,11999,2411,14410
01164901,LMU  - LOYOLA LAW SCHOOL                ,CA,90015-0019,Private      ,158,2543,2701,158,2543,2701
01167200,MENDOCINO COLLEGE                       ,CA,95482-3000,Public       ,841,862,1703,841,862,1703
01170700,NORTH-WEST COLLEGE                      ,CA,91790-2097,Proprietary  ,96,132,228,96,132,228
01179200,FRANCISCAN SCHOOL OF THEOLOGY           ,CA,94709-0000,Private      ,5,21,26,5,21,26
01182000,SAN DIEGO MIRAMAR COLLEGE               ,CA,92126-0000,Public       ,3534,3435,6969,3534,3435,6969
01186500,CALIFORNIA HAIR DESIGN ACADEMY          ,CA,92115-0000,Proprietary  ,85,83,168,85,83,168
01186600,LU ROSS ACADEMY                         ,CA,93001-2927,Proprietary  ,72,89,161,72,89,161
01202600,JE BOUTIQUE COLLEGE OF BEAUTY           ,CA,92021-6247,Proprietary  ,20,29,49,20,29,49
01202700,GALEN COLLEGE OF CALIFORNIA             ,CA,93728-2381,Proprietary  ,48,62,110,48,62,110
01203100,SAN DIEGO CHRISTIAN COLLEGE             ,CA,92019-1157,Private      ,726,356,1082,726,356,1082
01206100,EVEREST COLLEGE                         ,CA,95128-3908,Proprietary  ,168,199,367,168,199,367
01215400,CALIFORNIA INSTITUTE OF INTEGRAL STUDIES,CA,94103-2557,Private      ,36,776,812,36,776,812
01230002,PALMER COLLEGE OF CHIROPRACTIC - WEST CA,CA,95134-1617,Private      ,20,198,218,20,198,218
01231600,MANCHESTER BEAUTY COLLEGE               ,CA,93726-5306,Proprietary  ,94,59,153,94,59,153
01231700,TULARE BEAUTY COLLEGE                   ,CA,93274-3432,Proprietary  ,13,9,22,13,9,22
01244600,UNIVERSAL COLLEGE OF BEAUTY             ,CA,90044-0044,Proprietary  ,55,44,99,55,44,99
01245200,EVERGREEN VALLEY COLLEGE                ,CA,95135-1598,Public       ,3397,2702,6099,3397,2702,6099
01255000,LOS ANGELES MISSION COLLEGE             ,CA,91342-3200,Public       ,4563,2979,7542,4563,2979,7542
01265000,MARINELLO SCHOOL OF BEAUTY              ,CA,91502-2828,Proprietary  ,57,69,126,57,69,126
01265001,MARINELLO SCHOOL OF BEAUTY - PALMDALE   ,CA,93550-4686,Proprietary  ,63,58,121,63,58,121
01284200,OXNARD COLLEGE                          ,CA,93030-0000,Public       ,2207,1735,3942,2207,1735,3942
01287200,NORTH-WEST COLLEGE                      ,CA,91768-3199,Proprietary  ,117,188,305,117,188,305
01287300,WYOTECH                                 ,CA,90810-3800,Proprietary  ,426,439,865,426,439,865
01287301,WYOTECH - EVEREST  COLLEGE              ,CA,90034-3158,Proprietary  ,139,169,308,139,169,308
01287302,WYOTECH - EVEREST  COLLEGE              ,CA,91746-3412,Proprietary  ,188,275,463,188,275,463
01290700,LAKE TAHOE COMMUNITY COLLEGE            ,CA,96150-4524,Public       ,385,365,750,385,365,750
01291200,MTI COLLEGE                             ,CA,95841-0000,Proprietary  ,370,832,1202,370,832,1202
01294200,ROSEMEAD BEAUTY SCHOOL                  ,CA,91770-1639,Proprietary  ,7,6,13,7,6,13
01298400,PROFESSIONAL INSTITUTE OF BEAUTY        ,CA,91731-2613,Proprietary  ,6,6,12,6,6,12
01298500,HAIR CALIFORNIA BEAUTY ACADEMY          ,CA,92867-7127,Proprietary  ,21,18,39,21,18,39
01298900,OCEANSIDE COLLEGE OF BEAUTY             ,CA,92054-5393,Proprietary  ,60,67,127,60,67,127
01301000,LANCASTER BEAUTY SCHOOL                 ,CA,93534-3098,Proprietary  ,48,76,124,48,76,124
01307400,AMERICAN BEAUTY COLLEGE                 ,CA,91790-2906,Proprietary  ,29,21,50,29,21,50
01309500,SALON SUCCESS ACADEMY                   ,CA,92879-6561,Proprietary  ,60,62,122,60,62,122
01310300,CALIFORNIA WESTERN SCHOOL OF LAW        ,CA,92101-0000,Private      ,88,1189,1277,88,1189,1277
01324000,LYTLE'S REDWOOD EMPIRE BEAUTY CLG       ,CA,95403-0000,Proprietary  ,87,89,176,87,89,176
02054900,MARINELLO SCHOOL OF BEAUTY              ,CA,92630-0000,Proprietary  ,16,27,43,16,27,43
02054902,MARINELLO SCHOOL OF BEAUTY - BAKERSFIELD,CA,93309-5001,Proprietary  ,190,159,349,190,159,349
02054903,MARINELLO SCHOOL OF BEAUTY - VISALIA    ,CA,93277-6228,Proprietary  ,68,57,125,68,57,125
02059800,PARIS BEAUTY COLLEGE                    ,CA,94520-2611,Proprietary  ,25,37,62,25,37,62
02061600,WAYNES COLLEGE OF BEAUTY                ,CA,93906-2830,Proprietary  ,33,22,55,33,22,55
02063500,COASTLINE COMMUNITY COLLEGE             ,CA,92708-0000,Public       ,1716,3170,4886,1716,3170,4886
02064300,SIERRA COLLEGE OF BEAUTY                ,CA,95340-0000,Proprietary  ,62,48,110,62,48,110
02065700,CALIFORNIA BEAUTY COLLEGE               ,CA,95354-0000,Proprietary  ,95,106,201,95,106,201
02070500,CONCORDIA UNIVERSITY                    ,CA,92612-0000,Private      ,2853,1280,4133,2853,1280,4133
02075800,SOUTHERN CA INST OF ARCHITECTURE        ,CA,90013-0000,Private      ,219,379,598,219,379,598
02086400,MARINELLO SCHOOL OF BEAUTY              ,CA,95050-0000,Proprietary  ,27,34,61,27,34,61
02086401,MARINELLO SCHOOL OF BEAUTY - SEASIDE    ,CA,93955-3615,Proprietary  ,28,27,55,28,27,55
02086402,MARINELLO SCHOOL OF BEAUTY - SAN MATEO  ,CA,94401-3801,Proprietary  ,21,22,43,21,22,43
02086403,MARINELLO SCHOOL OF BEAUTY - HAYWARD    ,CA,94541-5111,Proprietary  ,46,57,103,46,57,103
02086404,MARINELLO SCHOOL OF BEAUTY - CASTRO VALL,CA,94546-5506,Proprietary  ,10,19,29,10,19,29
02091200,ELEGANCE INTERNATIONAL                  ,CA,90028-0000,Proprietary  ,34,56,90,34,56,90
02091700,KAPLAN COLLEGE                          ,CA,92123-1509,Proprietary  ,407,1078,1485,407,1078,1485
02091702,KAPLAN COLLEGE - CHULA VISTA            ,CA,91910-5342,Proprietary  ,128,175,303,128,175,303
02096100,FIELDING GRADUATE UNIVERSITY            ,CA,93105-0000,Private      ,3,350,353,3,350,353
02099200,AMERICAN CONSERVATORY THEATER           ,CA,94108-0000,Private      ,54,180,234,54,180,234
02110200,COLUMBIA COLLEGE                        ,CA,91356-0000,Private      ,249,95,344,249,95,344
02110800,CALIFORNIA COLLEGE SAN DIEGO            ,CA,92108-3821,Proprietary  ,1520,1067,2587,1520,1067,2587
02111300,CUYAMACA COLLEGE                        ,CA,92019-0000,Public       ,2872,3249,6121,2872,3249,6121
02119100,MISSION COLLEGE                         ,CA,95054-1897,Public       ,2324,2348,4672,2324,2348,4672
02120600,SAYBROOK GRADUATE SCHOOL                ,CA,94111-1920,Private      ,4,240,244,4,240,244
02120700,SAN JOAQUIN VALLEY COLLEGE              ,CA,93291-0000,Proprietary  ,1090,1751,2841,1090,1751,2841
02125000,CAREER ACADEMY OF BEAUTY                ,CA,92845-0000,Proprietary  ,27,47,74,27,47,74
02128200,"VICTOR VALLEY BEAUTY COLLEGE, INC       ",CA,92392-0000,Proprietary  ,77,86,163,77,86,163
02128300,INSTITUTE FOR BUSINESS & TECHNOLOGY     ,CA,95050-0000,Proprietary  ,45,121,166,45,121,166
02128301,INSTITUTE FOR BUSINESS & TECHNOLOGY - NA,CA,95670-6351,Proprietary  ,19,30,49,19,30,49
02138300,PALO ALTO UNIVERSITY                    ,CA,94304-1337,Private      ,60,634,694,60,634,694
02161800,MUSICIANS INSTITUTE                     ,CA,90028-6157,Proprietary  ,658,411,1069,658,411,1069
02167800,ESTES INSTITUTE OF COSMETOLOGY          ,CA,93291-0000,Proprietary  ,59,50,109,59,50,109
02178700,CITRUS HEIGHTS BEAUTY COLLEGE           ,CA,95610-1410,Proprietary  ,61,61,122,61,61,122
02179937,WESTERN STATE COLLEGE OF LAW            ,CA,92831-3014,Proprietary  ,23,613,636,23,613,636
02179938,"ART INSTITUTE OF CALIFORNIA, HOLLYWOOD  ",CA,91601-3112,Proprietary  ,2043,1086,3129,2043,1086,3129
02179941,"ART INSTITUTE OF CALIFORNIA, LOS ANGELES",CA,90405-3035,Proprietary  ,3569,2062,5631,3569,2062,5631
02179947,"ART INSTITUTE OF CALIFORNIA, SAN DIEGO  ",CA,92108-4423,Proprietary  ,2088,1576,3664,2088,1576,3664
02185800,MOLER BARBER COLLEGE                    ,CA,94611-0000,Proprietary  ,21,65,86,21,65,86
02187500,"HEALD COLLEGE, SCH OF BUS & TECH        ",CA,94520-0000,Proprietary  ,335,753,1088,335,753,1088
02188400,SIERRA VALLEY COLLEGE OF COURT REPORTING,CA,93726-0000,Proprietary  ,38,64,102,38,64,102
02208600,MADERA BEAUTY COLLEGE                   ,CA,93637-3519,Proprietary  ,42,17,59,42,17,59
02211000,SALON SUCCESS ACADEMY                   ,CA,92405-0000,Proprietary  ,61,62,123,61,62,123
02220000,COLLEEN O'HARA BEAUTY ACADEMY           ,CA,92701-0000,Proprietary  ,30,28,58,30,28,58
02220200,CALIFORNIA CULINARY ACADEMY             ,CA,94102-3336,Proprietary  ,352,317,669,352,317,669
02221300,MARINELLO SCHOOL OF BEAUTY              ,CA,92553-0000,Proprietary  ,79,68,147,79,68,147
02221303,MARINELLO SCHOOL OF BEAUTY - SAN RAFAEL ,CA,94901-3224,Proprietary  ,21,20,41,21,20,41
02222000,AMERICAN FILM INSTITUTE                 ,CA,90027-0000,Private      ,353,529,882,353,529,882
02226000,EAST LOS ANGELES COLLEGE                ,CA,91754-0000,Public       ,12225,7741,19966,12225,7741,19966
02228500,LIFE CHIROPRACTIC COLLEGE WEST          ,CA,94545-0000,Private      ,17,202,219,17,202,219
02230900,FREDRICK & CHARLES BEAUTY COLLEGE       ,CA,95501-0000,Proprietary  ,33,41,74,33,41,74
02231900,GEMOLOGICAL INSTITUTE OF AMERICA        ,CA,92008-4698,Private      ,30,101,131,30,101,131
02234300,FASHION CAREERS OF CALIFORNIA           ,CA,92110-0000,Proprietary  ,32,27,59,32,27,59
02236400,"THANH LE COLG, SCH OF COSMETOLOGY       ",CA,92840-0000,Proprietary  ,3,4,7,3,4,7
02237200,PHILLIPS GRADUATE INSTITUTE             ,CA,91316-0000,Private      ,4,89,93,4,89,93
02241800,AMERICAN CAREER COLLEGE                 ,CA,90004-0000,Proprietary  ,662,1127,1789,662,1127,1789
02242700,BERKELEY CITY COLLEGE                   ,CA,94704-0000,Public       ,2730,2561,5291,2730,2561,5291
02250602,EVEREST COLLEGE                         ,CA,91761-8525,Proprietary  ,331,528,859,331,528,859
02255400,INTERNATIONAL SCHOOL OF COSMETOLOGY     ,CA,90250-0000,Proprietary  ,34,70,104,34,70,104
02258600,ALAMEDA BEAUTY COLLEGE                  ,CA,94501-0000,Proprietary  ,101,95,196,101,95,196
02262400,YESHIVA OHR ELCHONON CHABAD             ,CA,90046-0000,Private      ,59,3,62,59,3,62
02263101,ANTHEM COLLEGE - SACRAMENTO             ,CA,95827-3378,Proprietary  ,43,117,160,43,117,160
02267600,INSTITUTE OF TRANSPERSONAL PSYCHLGY     ,CA,94303-4624,Private      ,15,236,251,15,236,251
02270600,LIFE PACIFIC COLLEGE                    ,CA,91773-0000,Private      ,253,131,384,253,131,384
02276800,WESTMINSTER SEMINARY CALIFORNIA         ,CA,92027-0000,Private      ,5,128,133,5,128,133
02277400,SOUTH COAST COLLEGE                     ,CA,92868-2616,Proprietary  ,165,257,422,165,257,422
02282300,ALHAMBRA BEAUTY COLLEGE                 ,CA,91802-0000,Proprietary  ,15,19,34,15,19,34
02285100,HILLTOP BEAUTY SCHOOL                   ,CA,94014-0000,Proprietary  ,9,28,37,9,28,37
02298000,DESIGN INSTITUTE OF SAN DIEGO           ,CA,92121-0000,Proprietary  ,167,144,311,167,144,311
02304300,"PLATT COLLEGE, SAN DIEGO                ",CA,92115-0000,Proprietary  ,162,184,346,162,184,346
02306300,KAPLAN COLLEGE                          ,CA,95368-0000,Proprietary  ,150,225,375,150,225,375
02306302,KAPLAN COLLEGE - FRESNO                 ,CA,93612-3802,Proprietary  ,107,136,243,107,136,243
02309500,CLOVIS ADULT EDUC                       ,CA,93611-0000,Public       ,61,160,221,61,160,221
02312400,LA COLLEGE INTERNATIONAL                ,CA,90010-0000,Proprietary  ,1,3,4,1,3,4
02330500,LAGUNA COLLEGE OF ART AND DESIGN        ,CA,92651-0000,Private      ,577,172,749,577,172,749
02332800,CENTER FOR EMPLOYMENT TRAINING          ,CA,95110-0000,Private      ,91,221,312,91,221,312
02338500,GLENDALE CAREER COLLEGE                 ,CA,91203-1207,Proprietary  ,117,161,278,117,161,278
02338700,MARINELLO SCHOOL OF BEAUTY              ,CA,94103-0000,Proprietary  ,81,79,160,81,79,160
02338701,MARINELLO SCHOOL OF BEAUTY - CHICO      ,CA,95928-7184,Proprietary  ,69,56,125,69,56,125
02338702,MARINELLO SCHOOL OF BEAUTY - REDDING    ,CA,96001-1023,Proprietary  ,49,82,131,49,82,131
02338703,MARINELLO SCHOOL OF BEAUTY - FRESNO     ,CA,93711-3246,Proprietary  ,145,101,246,145,101,246
02342400,ACADEMY OF RADIO BROADCASTING           ,CA,92647-3809,Proprietary  ,47,78,125,47,78,125
02343400,"BELLUS ACADEMY, THE ACADEMY OF BEAUTY AN",CA,92064-4633,Proprietary  ,95,119,214,95,119,214
02345800,MONTEBELLO BEAUTY COLLEGE               ,CA,90640-0000,Proprietary  ,11,5,16,11,5,16
02351900,KAPLAN COLLEGE                          ,CA,95660-5512,Proprietary  ,289,655,944,289,655,944
02351901,KAPLAN COLLEGE - BAKERSFIELD            ,CA,93304-0000,Proprietary  ,320,370,690,320,370,690
02358000,THOMAS AQUINAS COLLEGE                  ,CA,93060-9622,Private      ,352,18,370,352,18,370
02359300,SHASTA BIBLE COLLEGE                    ,CA,96002-0000,Private      ,37,41,78,37,41,78
02482700,WESTERN UNIVERSITY OF HEALTH S          ,CA,91766-1854,Private      ,134,4905,5039,134,4905,5039
02494800,LOLA BEAUTY COLLEGE                     ,CA,92641-0000,Proprietary  ,8,13,21,8,13,21
02497300,TRINITY COLLEGE                         ,CA,93277-8109,Proprietary  ,79,214,293,79,214,293
02500000,SAN JOAQUIN COLLEGE OF LAW              ,CA,93612-0000,Private      ,22,159,181,22,159,181
02518400,THE NATIONAL HISPANIC UNIVERSITY        ,CA,95127-0000,Proprietary  ,399,403,802,399,403,802
02519800,AVANCE BEAUTY COLLEGE                   ,CA,92154-0000,Proprietary  ,96,67,163,96,67,163
02520200,CALIFORNIA CAREER SCHOOLS               ,CA,92805-0000,Proprietary  ,63,77,140,63,77,140
02520300,INTERIOR DESIGNERS INSTITUTE            ,CA,92660-0000,Proprietary  ,25,59,84,25,59,84
02520400,ADRIAN'S BEAUTY COLLEGE OF TURLOCK      ,CA,95382-0000,Proprietary  ,60,59,119,60,59,119
02531801,PAUL MITCHELL THE SCHOOL-COSTA MESA     ,CA,92626-3804,Proprietary  ,2,5,7,2,5,7
02531804,PAUL MITCHELL THE SCHOOL - SAN DIEGO    ,CA,92101-0000,Proprietary  ,9,20,29,9,20,29
02537200,PALOMAR INSTITUTE OF COSMETOLOGY        ,CA,92069-0000,Proprietary  ,108,110,218,108,110,218
02539100,KAPLAN COLLEGE                          ,CA,91606-3231,Proprietary  ,149,316,465,149,316,465
02539102,KAPLAN COLLEGE -  RIVERSIDE             ,CA,92507-4223,Proprietary  ,291,412,703,291,412,703
02539500,IRVINE VALLEY COLLEGE                   ,CA,92620-0000,Public       ,5000,2454,7454,5000,2454,7454
02542300,NATIONAL HOLISTIC INSTITUTE             ,CA,94608-0000,Proprietary  ,83,273,356,83,273,356
02543400,BROWNSON TECHNICAL SCHOOL               ,CA,92805-0000,Proprietary  ,14,34,48,14,34,48
02545900,HYPNOSIS MOTIVATION INSTITUTE           ,CA,91356-0000,Private      ,3,17,20,3,17,20
02546400,MTI BUSINESS COLLEGE INC                ,CA,95207-0000,Proprietary  ,53,107,160,53,107,160
02549000,KAPLAN COLLEGE                          ,CA,92083-7736,Proprietary  ,156,389,545,156,389,545
02549005,KAPLAN COLLEGE -  PALM SPRINGS          ,CA,92262-7011,Proprietary  ,191,205,396,191,205,396
02553500,ASSOCIATED TECHNICAL COLLEGE            ,CA,92101-0000,Proprietary  ,85,107,192,85,107,192
02553600,DIVERSIFIED LANGUAGE INSTITUTE          ,CA,90017-0000,Proprietary  ,22,114,136,22,114,136
02559300,UNITED EDUCATION INSTITUTE              ,CA,90020-0000,Proprietary  ,156,338,494,156,338,494
02559400,INTERCOAST COLLEGES                     ,CA,92868-1656,Proprietary  ,65,418,483,65,418,483
02565400,KAPLAN COLLEGE                          ,CA,95207-6216,Proprietary  ,171,216,387,171,216,387
02570300,LOS ANGELES ORT COLLEGE                 ,CA,90048-0000,Private      ,48,115,163,48,115,163
02577900,SANTA BARBARA BUSINESS COLLEGE          ,CA,93309-1664,Proprietary  ,199,252,451,199,252,451
02578000,SANTA BARBARA BUSINESS COLLEGE          ,CA,93454-6943,Proprietary  ,116,174,290,116,174,290
02584200,NEWBRIDGE COLLEGE                       ,CA,92701-0000,Proprietary  ,92,180,272,92,180,272
02591600,NORTH-WEST COLLEGE                      ,CA,91101-1744,Proprietary  ,58,100,158,58,100,158
02593100,HEALD COLLEGE                           ,CA,95678-5303,Proprietary  ,401,991,1392,401,991,1392
02593200,HEALD COLLEGE                           ,CA,95035-8008,Proprietary  ,388,942,1330,388,942,1330
02593300,HEALD COLLEGE                           ,CA,95210-5667,Proprietary  ,637,1203,1840,637,1203,1840
02595600,ASIAN AMERICAN INTERNATIONAL BTY CG     ,CA,92683-4043,Proprietary  ,0,7,7,0,7,7
02597300,SOUTH BAYLO UNIVERSITY                  ,CA,92801-1701,Private      ,5,87,92,5,87,92
02602300,CENTRAL COAST COLLEGE                   ,CA,93901-3301,Proprietary  ,144,142,286,144,142,286
02608900,PINNACLE COLLEGE                        ,CA,91803-8842,Proprietary  ,44,35,79,44,35,79
02608901,PINNACLE COLLEGE - SACRAMENTO           ,CA,95670-6386,Proprietary  ,40,53,93,40,53,93
02609000,EMPERORS COLG OF TRAD ORIENTAL MED      ,CA,90403-5609,Proprietary  ,3,83,86,3,83,86
03010611,VIRGINIA COLLEGE - GOLF ACADEMY OF AMERI,CA,92008-6512,Proprietary  ,16,49,65,16,49,65
03011300,"CALIF STATE UNIV, SAN MARCOS            ",CA,92096-0001,Public       ,13125,5210,18335,13125,5210,18335
03019900,CAPSTONE COLLEGE                        ,CA,91402-4924,Proprietary  ,9,22,31,9,22,31
03025600,DELL'ARTE SCH OF PHYSICAL THEATRE       ,CA,95525-0816,Private      ,6,21,27,6,21,27
03027700,PACIFIC COLLEGE OF ORIENTAL MED         ,CA,92108-4408,Proprietary  ,42,273,315,42,273,315
03029600,POMONA ADULT SCHOOL                     ,CA,91766-0000,Public       ,57,102,159,57,102,159
03031409,INTERNATIONAL ACADEMY OF DESIGN AND TECH,CA,95834-9664,Proprietary  ,183,223,406,183,223,406
03034000,HEALD COLLEGE                           ,CA,93906-5100,Proprietary  ,519,846,1365,519,846,1365
03035700,LAS POSITAS COLLEGE                     ,CA,94551-6750,Public       ,1891,1204,3095,1891,1204,3095
03039900,FREMONT COLLEGE                         ,CA,90703-5342,Proprietary  ,247,196,443,247,196,443
03043900,NEWSCHOOL OF ARCHITECTURE & DESIGN      ,CA,92101-6634,Proprietary  ,254,314,568,254,314,568
03054100,ROYALE COLLEGE OF BEAUTY                ,CA,92590-2525,Proprietary  ,27,33,60,27,33,60
03062300,WESTECH COLLEGE                         ,CA,91764-4988,Proprietary  ,89,208,297,89,208,297
03062400,MT DIABLO ADULT EDUC LOMA VISTA CTR     ,CA,94518-1122,Public       ,88,123,211,88,123,211
03062700,PLATT COLLEGE                           ,CA,90041-0000,Proprietary  ,248,312,560,248,312,560
03062701,PLATT COLLEGE                           ,CA,91764-0000,Proprietary  ,278,318,596,278,318,596
03062702,PLATT COLLEGE - RIVERSIDE               ,CA,92507-0730,Proprietary  ,359,323,682,359,323,682
03063400,MODERN TECHNOLOGY SCHOOL                ,CA,92708-9821,Proprietary  ,44,65,109,44,65,109
03067400,BALDWIN PARK ADULT SCHOOL               ,CA,91706-4897,Public       ,55,101,156,55,101,156
03067500,INSTITUTE OF TECHNOLOGY                 ,CA,93612-3217,Proprietary  ,221,524,745,221,524,745
03069500,SAGE COLLEGE                            ,CA,92557-6720,Proprietary  ,78,229,307,78,229,307
03072300,EVEREST COLLEGE                         ,CA,91761-3222,Proprietary  ,185,252,437,185,252,437
03072700,WESTWOOD COLLEGE - LOS ANGELES          ,CA,90010-1577,Proprietary  ,970,1593,2563,970,1593,2563
03078200,AMERICAN CLG TRADITIONAL CHINESE MD     ,CA,94107-2813,Private      ,4,122,126,4,122,126
03084700,VENTURA ADULT\CONTINUING EDUCATION      ,CA,93003-7313,Public       ,21,98,119,21,98,119
03094400,ELITE PROGRESSIVE SCHOOL OF COSM        ,CA,95841-2909,Proprietary  ,68,91,159,68,91,159
03094401,MARINELLO SCHOOL OF BEAUTY - CONCORD    ,CA,94520-2581,Proprietary  ,40,48,88,40,48,88
03094402,MARINELLO SCHOOL OF BEAUTY- STOCKTON    ,CA,95203-3149,Proprietary  ,82,87,169,82,87,169
03097700,CENTRAL CALIF SCH CONTINUING EDUC       ,CA,93401-6739,Proprietary  ,42,64,106,42,64,106
03098200,YO SAN UNIV TRADITIONAL CHINESE MED     ,CA,90066-1103,Private      ,2,69,71,2,69,71
03108100,SUMMIT CAREER COLLEGE                   ,CA,92324-3956,Proprietary  ,163,299,462,163,299,462
03109500,DONGGUK  UNIVERSITY LOS ANGELES         ,CA,90020-1765,Private      ,26,45,71,26,45,71
03113300,UEI COLLEGE                             ,CA,93727-1620,Proprietary  ,254,373,627,254,373,627
03113600,SOUTHERN CALIFORNIA INST OF TECHNOL     ,CA,92805-3758,Proprietary  ,67,121,188,67,121,188
03116600,EAST SAN GABRIEL VLY REG OCCUP PROG     ,CA,91790-2105,Public       ,103,144,247,103,144,247
03125300,JOHN WESLEY INTER. BARBER & BTY CLG     ,CA,90813-4321,Proprietary  ,50,62,112,50,62,112
03125800,PREMIERE CAREER COLLEGE                 ,CA,91706-3746,Proprietary  ,34,60,94,34,60,94
03126800,PACIFICA GRADUATE INSTITUTE             ,CA,93013-0000,Proprietary  ,2,310,312,2,310,312
03128700,MT SIERRA COLLEGE                       ,CA,91016-3414,Proprietary  ,224,188,412,224,188,412
03131300,FIVE BRANCHES UNIVERSITY                ,CA,95062-4669,Private      ,18,196,214,18,196,214
03144400,AMERICAN CLG OF HEALTH PROFESSIONS      ,CA,92505-3038,Proprietary  ,172,216,388,172,216,388
03150500,VIRGINIA SEWING MACHINES & SCH CTR      ,CA,90015-3535,Proprietary  ,6,4,10,6,4,10
03162300,FOUR-D SUCCESS ACADEMY                  ,CA,92324-4218,Proprietary  ,66,154,220,66,154,220
03163300,PACIFIC STATES UNIVERSITY               ,CA,90006-0000,Private      ,56,39,95,56,39,95
03195400,EVEREST COLLEGE                         ,CA,90501-2867,Proprietary  ,66,109,175,66,109,175
03210300,LE CORDON BLEU COLLEGE OF CULINARY ARTS ,CA,91101-5221,Proprietary  ,1060,1197,2257,1060,1197,2257
03225300,AMERICAN UNIVERSITY OF HEALTH SCIENCES  ,CA,90755-3612,Proprietary  ,82,172,254,82,172,254
03242300,CAREER NETWORK INSTITUTE                ,CA,92868-4710,Proprietary  ,37,135,172,37,135,172
03250300,COMMUNITY BASED EDUCATION AND DEVEL     ,CA,90036-0000,Private      ,39,112,151,39,112,151
03260300,CALIFORNIA STATE U-MONTEREY BAY         ,CA,93955-8001,Public       ,12324,3015,15339,12324,3015,15339
03266300,BETHESDA UNIVERSITY OF CALIFORNIA       ,CA,92801-4132,Private      ,93,68,161,93,68,161
03278300,CLARITA CAREER COLLEGE                  ,CA,91351-5432,Proprietary  ,41,102,143,41,102,143
03288300,ACAD CHINESE CULTURE & HEALTH SCIS      ,CA,94512-0000,Private      ,10,92,102,10,92,102
03299300,PACIFIC COLLEGE                         ,CA,92626-3160,Proprietary  ,84,109,193,84,109,193
03308300,BRISTOL UNIVERSITY                      ,CA,92806-6198,Proprietary  ,13,31,44,13,31,44
03327400,ACUPUNCTURE AND INTEGRATIVE MEDICINE COL,CA,94704-2724,Private      ,31,109,140,31,109,140
03332300,SOUTHERN CA BIBLE CLG & SEMINARY        ,CA,92019-1109,Private      ,6,59,65,6,59,65
03359300,ST. FRANCIS CAREER COLLEGE              ,CA,90262-2659,Private      ,21,19,40,21,19,40
03367300,PROFESSIONAL GOLFERS CAREER COLLEGE     ,CA,92591-6013,Proprietary  ,47,81,128,47,81,128
03395300,INTERNATIONAL CAREER DEVELOPMENT        ,CA,90027-5794,Proprietary  ,185,1424,1609,185,1424,1609
03399300,NORTHWESTERN TECHNICAL COLLEGE          ,CA,95670-4443,Proprietary  ,30,175,205,30,175,205
03403300,EPIC BIBLE COLLEGE                      ,CA,95841-3546,Private      ,82,264,346,82,264,346
03413400,ENGLISH CENTER  (THE)                   ,CA,94607-3734,Private      ,8,39,47,8,39,47
03427400,CAREER COLLEGES OF AMERICA              ,CA,90280-7420,Proprietary  ,112,279,391,112,279,391
03427500,UNIVERSITY OF ANTELOPE VALLEY           ,CA,93534-3324,Proprietary  ,278,357,635,278,357,635
03440400,MARIAN HEALTH CAREERS CENTER            ,CA,90010-1728,Proprietary  ,44,52,96,44,52,96
03441400,VALLEY CAREER COLLEGE                   ,CA,92020-3057,Proprietary  ,40,68,108,40,68,108
03458300,MY LE'S BEAUTY COLLEGE                  ,CA,95824-3039,Proprietary  ,66,94,160,66,94,160
03467300,MARINELLO SCHOOL OF BEAUTY              ,CA,92545-3661,Proprietary  ,29,57,86,29,57,86
03467301,MARINELLO SCHOOL OF BEAUTY - CATHEDRAL C,CA,92234-6656,Proprietary  ,30,7,37,30,7,37
03467302,MARINELLO SCHOOL OF BEAUTY - MURRIETA   ,CA,92563-5039,Proprietary  ,49,67,116,49,67,116
03467303,MARINELLO SCHOOL OF BEAUTY - NAPA       ,CA,94559-1237,Proprietary  ,33,32,65,33,32,65
03467304,MARINELLO SCHOOL OF BEAUTY - CITY OF IND,CA,91748-1674,Proprietary  ,12,15,27,12,15,27
03467305,MARINELLO SCHOOL OF BEAUTY - BELL       ,CA,90201-1193,Proprietary  ,31,18,49,31,18,49
03467306,MARINELLO SCHOOL OF BEAUTY - PARAMOUNT  ,CA,90723-5256,Proprietary  ,47,29,76,47,29,76
03467307,MARINELLO SCHOOL OF BEAUTY - HUNTINGTON ,CA,92646-2552,Proprietary  ,54,39,93,54,39,93
03479300,PROFESSIONAL CAREER INSTITUTE           ,CA,90703-2522,Proprietary  ,58,39,97,58,39,97
03516300,KING'S UNIVERSITY (THE)                 ,CA,91405-2233,Private      ,62,131,193,62,131,193
03532400,ADVANCED TRAINING ASSOCIATES            ,CA,92020-1236,Proprietary  ,16,34,50,16,34,50
03542400,COPPER MOUNTAIN COLLEGE                 ,CA,92252-6102,Public       ,307,649,956,307,649,956
03577300,COBA ACADEMY                            ,CA,92866-1407,Proprietary  ,17,12,29,17,12,29
03590400,NTMA TRAINING CENTERS OF SOUTHERN C     ,CA,90650-6099,Private      ,29,78,107,29,78,107
03592400,IRELL & MANELLA GRADUATE SCHOOL OF BIOLO,CA,91010-0000,Private      ,0,19,19,0,19,19
03598300,AVALON BEAUTY COLLEGE                   ,CA,93103-3137,Proprietary  ,56,25,81,56,25,81
03614300,DAVID'S ACADEMY OF BEAUTY               ,CA,91780-1089,Proprietary  ,5,7,12,5,7,12
03639300,WEST COAST ULTRASOUND INSTITUTE         ,CA,90211-3312,Proprietary  ,180,470,650,180,470,650
03646300,DESIGN'S SCHOOL OF COSMETOLOGY          ,CA,93446-9530,Proprietary  ,22,40,62,22,40,62
03681300,CALIFORNIA HEALING ARTS COLLEGE         ,CA,90025-2589,Proprietary  ,64,119,183,64,119,183
03695300,COMMUNITY ENHANCEMENT SERVICES          ,CA,91502-2750,Private      ,15,30,45,15,30,45
03695700,SANTIAGO CANYON COLLEGE                 ,CA,92869-4512,Public       ,3014,1251,4265,3014,1251,4265
03696300,UNIVERSITY OF THE WEST                  ,CA,91770-3709,Private      ,48,50,98,48,50,98
03698300,WEST COAST UNIVERSITY                   ,CA,91606-3206,Proprietary  ,1302,2700,4002,1302,2700,4002
03698400,CA COLLEGE OF VOCATIONAL CAREER         ,CA,93301-1800,Proprietary  ,115,209,324,115,209,324
03736300,ADVANCE BEAUTY COLLEGE                  ,CA,92843-4752,Proprietary  ,24,56,80,24,56,80
03740400,ATI COLLEGE                             ,CA,90650-0000,Proprietary  ,38,52,90,38,52,90
03759300,COMPUTER TUTOR BUSINESS & TECH INST     ,CA,95356-0000,Proprietary  ,56,101,157,56,101,157
03786300,ADVANCED COLLEGE                        ,CA,90280-5255,Proprietary  ,26,52,78,26,52,78
03797400,CAREER CARE INSTITUTE                   ,CA,93534-4766,Proprietary  ,63,152,215,63,152,215
03797401,CAREER CARE INSTITUTE - VENTURA         ,CA,93003-0000,Proprietary  ,40,81,121,40,81,121
03797402,CAREER CARE INSTITUTE - MORENO VALLEY   ,CA,92553-7519,Proprietary  ,37,68,105,37,68,105
03814400,SOKA UNIVERSITY OF AMERICA              ,CA,92656-8081,Private      ,556,39,595,556,39,595
03853300,KECK GRADUATE INSTITUTE OF APPLIED LIFE ,CA,91711-4817,Private      ,4,67,71,4,67,71
03868300,WORLD MISSION UNIVERSITY                ,CA,90020-1789,Private      ,5,39,44,5,39,44
03868400,LOS ANGELES MUSIC ACADEMY               ,CA,91105-2540,Proprietary  ,143,91,234,143,91,234
03871300,FOLSOM LAKE COLLEGE                     ,CA,95630-6798,Public       ,2458,2070,4528,2458,2070,4528
03874300,CAMBRIDGE JUNIOR COLLEGE                ,CA,95993-0000,Proprietary  ,141,212,353,141,212,353
03874400,COMMMUNITY CHRISTIAN COLLEGE            ,CA,92373-4465,Private      ,102,62,164,102,62,164
03889300,STANBRIDGE COLLEGE                      ,CA,92612-0000,Proprietary  ,130,510,640,130,510,640
03901300,PACIFIC COAST TRADE SCHOOL              ,CA,93033-2441,Proprietary  ,37,59,96,37,59,96
03910400,NATIONAL POLYTECHNIC COLLEGE            ,CA,90040-3066,Proprietary  ,35,18,53,35,18,53
03933300,MUELLER COLLEGE OF HOLISTIC STUDIES     ,CA,92116-2630,Proprietary  ,16,101,117,16,101,117
03935300,CALIFORNIA NURSES EDUCATIONAL INSTITUTE ,CA,92234-7248,Proprietary  ,50,76,126,50,76,126
03962300,AMERICAN INSTITUTE OF MASSAGE THERAPY   ,CA,92705-5463,Proprietary  ,45,42,87,45,42,87
03964400,INTERNATIONAL SCHOOL OF BEAUTY          ,CA,92260-2740,Proprietary  ,55,82,137,55,82,137
03969600,AMERICAN AUTO INSTITUTE                 ,CA,90703-2637,Proprietary  ,142,228,370,142,228,370
03971300,AMERICAN CAREER COLLEGE                 ,CA,91764-4906,Proprietary  ,337,524,861,337,524,861
03973300,EX'PRESSION COLLEGE FOR DIGTAL ARTS     ,CA,94608-1021,Proprietary  ,303,199,502,303,199,502
03974500,CALIFORNIA CAREER COLLEGE               ,CA,91303-2006,Proprietary  ,26,37,63,26,37,63
03980300,CALIFORNIA STATE UNIVERSITY CHANNEL ISLA,CA,93012-8599,Public       ,7789,2430,10219,7789,2430,10219
03995300,UNIVERSITY OF EAST-WEST MEDICINE        ,CA,94087-6106,Proprietary  ,11,34,45,11,34,45
03999300,BEAUMONT ADULT SCHOOL                   ,CA,92223-1927,Public       ,11,44,55,11,44,55
04001300,PALACE BEAUTY COLLEGE                   ,CA,90006-4233,Proprietary  ,58,55,113,58,55,113
04003300,BLAKE AUSTIN COLLEGE                    ,CA,95687-3100,Proprietary  ,82,126,208,82,126,208
04004300,THUY PRINCESS BEAUTY COLLEGE            ,CA,91766-0000,Proprietary  ,19,14,33,19,14,33
04005300,INTERAMERICAN COLLEGE                   ,CA,91950-4437,Proprietary  ,10,82,92,10,82,92
04014400,PALLADIUM TECHNICAL ACADEMY             ,CA,91731-2429,Proprietary  ,6,6,12,6,6,12
04023400,PROTEUS                                 ,CA,93291-3014,Private      ,15,46,61,15,46,61
04037300,LOS ANGELES FILM SCHOOL (THE)           ,CA,90028-7300,Proprietary  ,924,1011,1935,924,1011,1935
04056300,CAREER COLLEGE OF CALIFORNIA            ,CA,92705-5805,Proprietary  ,69,78,147,69,78,147
04057300,TECHSKILLS OF CALIFORNIA                ,CA,95815-4025,Proprietary  ,107,195,302,107,195,302
04076400,GNOMON SCHOOL OF VISUAL EFFECTS         ,CA,90038-2616,Proprietary  ,69,80,149,69,80,149
04088300,WESTMED COLLEGE                         ,CA,95128-2541,Private      ,65,148,213,65,148,213
04088301,WESTMED COLLEGE - MERCED                ,CA,95340-9165,Private      ,89,139,228,89,139,228
04092300,COASTLINE BEAUTY COLLEGE                ,CA,92708-3847,Proprietary  ,43,55,98,43,55,98
04092400,MAKE-UP DESIGNORY                       ,CA,91502-1322,Proprietary  ,136,138,274,136,138,274
04100400,TAFT UNIVERSITY SYSTEM (THE)            ,CA,92704-6954,Proprietary  ,5,183,188,5,183,188
04109300,ACADEMY OF BARBERING ARTS (THE)         ,CA,91324-3406,Proprietary  ,9,22,31,9,22,31
04111300,WEST HILLS COLLEGE LEMOORE              ,CA,93245-9248,Public       ,1645,1252,2897,1645,1252,2897
04114500,VALLEY COLLEGE OF MEDICAL CAREERS       ,CA,91304-2354,Proprietary  ,39,62,101,39,62,101
04115300,COACHELLA VALLEY BEAUTY COLLEGE         ,CA,92253-2051,Proprietary  ,41,21,62,41,21,62
04115600,MAYFIELD COLLEGE                        ,CA,92234-7014,Proprietary  ,44,58,102,44,58,102
04116000,VIDEO SYMPHONY ENTERTRAINING            ,CA,91502-3253,Proprietary  ,60,226,286,60,226,286
04118800,NEW YORK FILM ACADEMY                   ,CA,91608-1002,Proprietary  ,425,428,853,425,428,853
04119200,CAREER COLLEGE CONSULTANTS              ,CA,90041-2088,Proprietary  ,24,44,68,24,44,68
04126400,CHAMPION INSTITUTE OF COSMETOLOGY       ,CA,92264-7458,Proprietary  ,16,14,30,16,14,30
04126500,COAST CAREER INSTITUTE                  ,CA,90015-3040,Proprietary  ,28,57,85,28,57,85
04127100,"UNIVERSITY OF CALIFORNIA, MERCED        ",CA,95343-5001,Public       ,15102,1899,17001,15102,1899,17001
04127900,TUI UNIVERSITY                          ,CA,90630-5023,Proprietary  ,20,1050,1070,20,1050,1070
04129700,INTERNATIONAL POLYTECHNIC INSTITUTE     ,CA,92231-1737,Private      ,12,5,17,12,5,17
04129803,MEDIATECH INSTITUTE - OCEANSIDE         ,CA,92054-5116,Proprietary  ,29,39,68,29,39,68
04132400,ACADEMY OF ESTHETICS AND COSMETOLOGY    ,CA,91342-3373,Proprietary  ,34,22,56,34,22,56
04132700,INFOTECH CAREER COLLEGE                 ,CA,90706-5579,Proprietary  ,16,35,51,16,35,51
04133000,BIOHEALTH COLLEGE                       ,CA,95134-2033,Proprietary  ,33,83,116,33,83,116
04133100,CALIFORNIA UNIVERSITY OF MANAGEMENT AND ,CA,92801-1702,Private      ,15,41,56,15,41,56
04134500,CAREER COLLEGE OF SAN DIEGO             ,CA,92102-3348,Proprietary  ,139,293,432,139,293,432
04134700,INTERNATL PROFESSIONAL SCHL OF BODYWORK ,CA,92123-1520,Proprietary  ,26,101,127,26,101,127
04137200,BORNER'S BARBER COLLEGE                 ,CA,90047-3856,Proprietary  ,36,70,106,36,70,106
04138700,CAO INSTITUTE OF AESTHETICS (THE)       ,CA,91801-3903,Proprietary  ,27,32,59,27,32,59
04140500,HORIZON UNIVERSITY                      ,CA,92111-2622,Private      ,40,68,108,40,68,108
04141300,SAN FRANCISCO INSTITUTE OF ESTHETICS    ,CA,94103-4083,Proprietary  ,51,73,124,51,73,124
04141400,LAURUS COLLEGE                          ,CA,93401-5405,Proprietary  ,59,125,184,59,125,184
04141700,HEALING HANDS SCHOOL OF HOLISTIC HEALTH ,CA,92025-1722,Proprietary  ,22,67,89,22,67,89
04142500,TOURO COLLEGE LOS ANGELES               ,CA,90046-4506,Private      ,70,60,130,70,60,130
04142600,TOURO UNIVERSITY                        ,CA,94592-1118,Private      ,32,1653,1685,32,1653,1685
04143800,WOODLAND COMMUNITY COLLEGE              ,CA,95776-5156,Public       ,1038,846,1884,1038,846,1884
04144200,CAREER DEVELOPMENT INSTITUTE            ,CA,90035-4364,Proprietary  ,26,78,104,26,78,104
04145000,SAN DIEGO CULINARY INSTITUTE            ,CA,91941-6435,Proprietary  ,249,267,516,249,267,516
04145600,INTERNATIONAL COLLEGE OF COSMETOLOGY    ,CA,94601-3525,Proprietary  ,28,64,92,28,64,92
04146000,NATIONAL CAREER COLLEGE                 ,CA,91605-1400,Proprietary  ,9,33,42,9,33,42
04148200,BEYOND 21ST CENTURY BEAUTY ACADEMY      ,CA,90670-6316,Proprietary  ,5,3,8,5,3,8
04148900,N CALIF INSTITUTE OF COSMETOLOGY        ,CA,94577-2820,Proprietary  ,9,19,28,9,19,28
04149700,HOMESTEAD SCHOOLS                       ,CA,90505-5945,Private      ,15,32,47,15,32,47
04150000,CENTRAL NURSING COLLEGE                 ,CA,90010-2444,Proprietary  ,169,146,315,169,146,315
04150100,GOLDEN STATE COLLEGE OF COURT REPORTING ,CA,94568-2948,Proprietary  ,8,32,40,8,32,40
04150300,RWM FIBER OPTICS                        ,CA,90746-1051,Proprietary  ,3,10,13,3,10,13
04150500,"PREFERRED COLLEGE OF NURSING, LOS ANGELE",CA,90010-2202,Proprietary  ,78,127,205,78,127,205
04152800,CALIFORNIA ACADEMY (THE) - A PAUL MITCHE,CA,95825-2276,Proprietary  ,215,204,419,215,204,419
04153900,PROVIDENCE CHRISTIAN COLLEGE            ,CA,91104-2635,Private      ,66,26,92,66,26,92
04154400,FRANKLIN CAREER COLLEGE                 ,CA,91761-1522,Proprietary  ,19,54,73,19,54,73
04155500,"ACADEMY FOR JEWISH RELIGION, CALIFORNIA ",CA,90024-3234,Private      ,17,26,43,17,26,43
04156100,DIOR SCHOOL OF COSMETOLOGY              ,CA,95355-9695,Proprietary  ,56,67,123,56,67,123
04157800,GRACE MISSION UNIVERSITY                ,CA,92833-3860,Private      ,8,15,23,8,15,23
04158200,PAUL MITCHELL THE SCHOOL SHERMAN OAKS   ,CA,91403-5882,Proprietary  ,100,75,175,100,75,175
04158700,HOLLYWOOD BEAUTY COLLEGE                ,CA,95210-3514,Proprietary  ,76,84,160,76,84,160
04158900,FLAIR BEAUTY COLLEGE                    ,CA,91351-3381,Proprietary  ,13,12,25,13,12,25
04159600,GALAXY MEDICAL COLLEGE                  ,CA,91606-1593,Proprietary  ,18,18,36,18,18,36
04159700,AMERICAN MEDICAL SCIENCES CENTER        ,CA,91204-5108,Proprietary  ,36,48,84,36,48,84
04160100,TRINITY VOCATIONAL CENTER               ,CA,90248-4334,Proprietary  ,12,33,45,12,33,45
04160400,ANGELES COLLEGE OF NURSING              ,CA,90010-2100,Proprietary  ,335,307,642,335,307,642
04161300,PREFERRED COLLEGE OF NURSING            ,CA,91401-1442,Proprietary  ,23,45,68,23,45,68
04161700,SHASTA SCHOOL OF COSMETOLOGY            ,CA,96003-0000,Proprietary  ,54,73,127,54,73,127
04161800,BRANDMAN UNIVERSITY                     ,CA,92618-3801,Private      ,255,3396,3651,255,3396,3651
04162800,S.I.C.E PAUL MITCHELL PARTNER SCHOOL    ,CA,95350-1440,Proprietary  ,152,135,287,152,135,287
04163400,COSMO BEAUTY ACADEMY                    ,CA,95605-1904,Proprietary  ,124,148,272,124,148,272
04163900,L.A. BARBER COLLEGE                     ,CA,90013-1121,Proprietary  ,13,29,42,13,29,42
04164400,ANGELES INSTITUTE                       ,CA,90712-2903,Proprietary  ,15,40,55,15,40,55
04165900,PAUL MITCHELL THE SCHOOL FRESNO         ,CA,93710-7617,Proprietary  ,193,157,350,193,157,350
04167000,ESTHETIQUES COSMETOLOGY INSTITUTE       ,CA,92591-4663,Proprietary  ,64,52,116,64,52,116
04169200,TRAMY BEAUTY SCHOOL                     ,CA,92115-6347,Proprietary  ,69,55,124,69,55,124
04169700,UNITEK COLLEGE                          ,CA,94538-3185,Proprietary  ,163,529,692,163,529,692
04169800,GURNICK ACADEMY OF MEDICAL ARTS         ,CA,94403-1849,Proprietary  ,134,587,721,134,587,721
04172000,SOUTHERN CALIFORNIA UNIVERSITY SOMA     ,CA,90017-2211,Proprietary  ,137,170,307,137,170,307
04173400,SANTA ANA BEAUTY ACADEMY                ,CA,92705-7820,Proprietary  ,52,36,88,52,36,88
04173500,MORENO VALLEY COLLEGE                   ,CA,92551-2204,Public       ,3139,3278,6417,3139,3278,6417
04175200,PAUL MITCHELL THE SCHOOL EAST BAY       ,CA,94523-5515,Proprietary  ,99,80,179,99,80,179
04175400,ELITE COSMETOLOGY SCHOOL                ,CA,92284-2860,Proprietary  ,15,33,48,15,33,48
04176100,NORCO COLLEGE                           ,CA,92860-2600,Public       ,3007,2343,5350,3007,2343,5350
04176200,TWIN RIVERS ADULT SCHOOL                ,CA,95660-5523,Public       ,14,72,86,14,72,86
04176300,BERGIN UNIVERSITY OF CANINE STUDIES     ,CA,95407-6834,Private      ,19,41,60,19,41,60
04177200,REAL BARBERS COLLEGE (THE)              ,CA,92805-2533,Proprietary  ,27,33,60,27,33,60
04178900,HANDS-ON MEDICAL MASSAGE SCHOOL         ,CA,92373-6271,Proprietary  ,11,18,29,11,18,29
04180000,CINTA AVEDA INSTITUTE                   ,CA,94108-3204,Proprietary  ,75,137,212,75,137,212
04181200,IPPT CAREER SCHOOL                      ,CA,91601-2028,Proprietary  ,5,11,16,5,11,16
04185200,SALINAS BEAUTY COLLEGE                  ,CA,93901-2405,Proprietary  ,41,27,68,41,27,68
04185500,ACADEMY OF COUTURE ART                  ,CA,90069-5701,Proprietary  ,66,65,131,66,65,131
04185600,MEDICAL ALLIED CAREER CENTER            ,CA,90670-4710,Proprietary  ,2,11,13,2,11,13
04185700,ACADEMY FOR SALON PROFESSIONALS (THE)   ,CA,95050-4057,Proprietary  ,46,45,91,46,45,91
04186900,"INTERNATIONAL COLLEGE OF BEAUTY, ARTS & ",CA,90039-1012,Proprietary  ,89,73,162,89,73,162
04187900,JOE BLASCO MAKEUP ARTIST TRAINING CENTER,CA,90027-5580,Proprietary  ,116,117,233,116,117,233
04189300,ALLIED AMERICAN UNIVERSITY              ,CA,92653-1337,Proprietary  ,31,588,619,31,588,619
04189700,CALIFORNIA MIRAMAR UNIVERSITY           ,CA,92126-7501,Proprietary  ,345,307,652,345,307,652
04189800,ACADEMY FOR SALON PROFESSIONALS         ,CA,91304-2305,Proprietary  ,29,61,90,29,61,90
04190800,SANTA ANA BEAUTY COLLEGE                ,CA,92706-2321,Proprietary  ,33,21,54,33,21,54
04191300,ANNENBERG SCHOOL OF NURSING             ,CA,91335-5426,Private      ,23,30,53,23,30,53
04193500,LEMELANGE ACADEMY OF HAIR               ,CA,94558-2935,Proprietary  ,12,24,36,12,24,36
04193700,JOHN PAUL THE GREAT CATHOLIC UNIVERSITY ,CA,92131-1652,Private      ,145,56,201,145,56,201
04194300,COLTON-REDLANDS-YUCAIPA REGIONAL OCCUPAT,CA,92374-2896,Public       ,66,67,133,66,67,133
04194600,BRAND COLLEGE                           ,CA,91203-3646,Proprietary  ,13,20,33,13,20,33
04195200,DIAMOND BEAUTY COLLEGE                  ,CA,91733-2180,Proprietary  ,5,0,5,5,0,5
04195400,NCP COLLEGE OF NURSING                  ,CA,94080-1005,Proprietary  ,70,123,193,70,123,193
04195401,NCP COLLEGE OF NURSING - HAYWARD CAMPUS ,CA,94541-7026,Proprietary  ,90,155,245,90,155,245
04205800,"SAE INSTITUTE OF TECHNOLOGY, LOS ANGELES",CA,90028-7219,Proprietary  ,104,133,237,104,133,237
04206800,ADVANCE BEAUTY TECHS ACADEMY            ,CA,92583-6572,Proprietary  ,16,35,51,16,35,51
04208100,UKIAH ADULT SCHOOL                      ,CA,95482-3865,Public       ,12,48,60,12,48,60
04208400,RIVERSIDE COUNTY OFFICE OF EDUCATION    ,CA,92503-3504,Public       ,20,54,74,20,54,74
04208900,ADVANCED CAREER INSTITUTE               ,CA,93291-9254,Proprietary  ,31,56,87,31,56,87
04209800,HINTON BARBER COLLEGE                   ,CA,94590-4547,Proprietary  ,9,37,46,9,37,46
04210600,ADVANCED COMPUTING INSTITUTE            ,CA,90010-3911,Proprietary  ,77,63,140,77,63,140
04211900,XAVIER COLLEGE SCHOOL OF NURSING        ,CA,95202-1332,Proprietary  ,102,159,261,102,159,261
04212000,LAWRENCE & COMPANY COLLEGE OF COSMETOLOG,CA,93230-4102,Proprietary  ,5,3,8,5,3,8
04215300,COSMO FACTORY COSMETOLOGY ACADEMY (THE) ,CA,95060-4401,Proprietary  ,36,40,76,36,40,76
04216300,UEI COLLEGE                             ,CA,95065-1520,Proprietary  ,47,41,88,47,41,88
04217500,W INSTITUTE OF COSMETOLOGY              ,CA,94521-5385,Proprietary  ,16,28,44,16,28,44
00184600,BRIAR CLIFF UNIVERSITY                  ,IA,51104-2100,Private      ,902,277,1179,902,277,1179
00184700,BUENA VISTA UNIVERSITY                  ,IA,50588-9987,Private      ,1156,647,1803,1156,647,1803
00184800,SOUTHEASTERN COMMUNITY COLLEGE          ,IA,52655-0000,Public       ,546,554,1100,546,554,1100
00185000,CENTRAL COLLEGE                         ,IA,50219-1999,Private      ,1632,76,1708,1632,76,1708
00185200,CLARKE UNIVERSITY                       ,IA,52001-3198,Private      ,926,223,1149,926,223,1149
00185400,COE COLLEGE                             ,IA,52402-5092,Private      ,2229,157,2386,2229,157,2386
00185500,DES MOINES UNIV-OSTEOPATHIC MED CTR     ,IA,50312-0000,Private      ,31,839,870,31,839,870
00185600,CORNELL COLLEGE                         ,IA,52314-1098,Private      ,1752,76,1828,1752,76,1828
00185700,SOUTHWESTERN COMMUNITY COLLEGE          ,IA,50801-1098,Public       ,330,205,535,330,205,535
00185800,DIVINE WORD COLLEGE                     ,IA,52045-0380,Private      ,4,6,10,4,6,10
00185900,DORDT COLLEGE                           ,IA,51250-1697,Private      ,1180,47,1227,1180,47,1227
00186000,DRAKE UNIVERSITY                        ,IA,50311-4505,Private      ,4214,1236,5450,4214,1236,5450
00186200,ELLSWORTH COMMUNITY COLLEGE             ,IA,50126-1199,Public       ,431,144,575,431,144,575
00186400,IOWA LAKES COMMUNITY COLLEGE            ,IA,51334-2234,Public       ,560,307,867,560,307,867
00186500,IOWA CENTRAL COMMUNITY COLLEGE          ,IA,50501-0000,Public       ,1438,1014,2452,1438,1014,2452
00186600,GRACELAND UNIVERSITY                    ,IA,50140-1699,Private      ,732,477,1209,732,477,1209
00186700,GRAND VIEW UNIVERSITY                   ,IA,50316-1599,Private      ,1388,670,2058,1388,670,2058
00186800,GRINNELL COLLEGE                        ,IA,50112-1690,Private      ,2527,70,2597,2527,70,2597
00186900,IOWA STATE UNIV SCIENCE & TECHNOLOG     ,IA,50011-2028,Public       ,23887,4252,28139,23887,4252,28139
00187100,IOWA WESLEYAN COLLEGE                   ,IA,52641-1398,Private      ,601,165,766,601,165,766
00187300,LORAS COLLEGE                           ,IA,52004-0178,Private      ,1523,91,1614,1523,91,1614
00187400,LUTHER COLLEGE                          ,IA,52101-1045,Private      ,2739,79,2818,2739,79,2818
00187500,MARSHALLTOWN COMMUNITY COLLEGE          ,IA,50158-4760,Public       ,326,270,596,326,270,596
00187700,NORTH IOWA AREA COMMUNITY COLLEGE       ,IA,50401-7299,Public       ,795,388,1183,795,388,1183
00187900,MORNINGSIDE COLLEGE                     ,IA,51106-1751,Private      ,1743,302,2045,1743,302,2045
00188000,MOUNT MERCY UNIVERSITY                  ,IA,52402-4797,Private      ,642,399,1041,642,399,1041
00188100,ASHFORD UNIVERSITY                      ,IA,52732-3910,Proprietary  ,1117,34645,35762,1117,34645,35762
00188300,NORTHWESTERN COLLEGE                    ,IA,51041-1996,Private      ,1011,54,1065,1011,54,1065
00188700,SIMPSON COLLEGE                         ,IA,50125-1297,Private      ,1611,238,1849,1611,238,1849
00188900,ST AMBROSE UNIVERSITY                   ,IA,52803-2898,Private      ,2705,721,3426,2705,721,3426
00189000,UNIVERSITY OF NORTHERN IOWA             ,IA,50614-0002,Public       ,6631,1167,7798,6631,1167,7798
00189100,UNIVERSITY OF DUBUQUE                   ,IA,52001-5099,Private      ,1493,309,1802,1493,309,1802
00189200,UNIVERSITY OF IOWA                      ,IA,52242-1316,Public       ,17852,5440,23292,17852,5440,23292
00189300,UPPER IOWA UNIVERSITY                   ,IA,52142-9206,Private      ,898,1934,2832,898,1934,2832
00189500,WALDORF COLLEGE                         ,IA,50436-1700,Proprietary  ,338,239,577,338,239,577
00189600,WARTBURG COLLEGE                        ,IA,50677-2200,Private      ,1787,69,1856,1787,69,1856
00189700,WARTBURG THEOLOGICAL SEMINARY           ,IA,52004-5004,Private      ,10,67,77,10,67,77
00190000,WILLIAM PENN UNIVERSITY                 ,IA,52577-1799,Private      ,624,397,1021,624,397,1021
00396300,AIB COLLEGE OF BUSINESS                 ,IA,50321-1799,Private      ,488,372,860,488,372,860
00407500,ESTRN IOWA COMMUNITY COLLEGE DIST       ,IA,52801-1221,Public       ,91,210,301,91,210,301
00407501,CLINTON COMMUNITY COLLEGE               ,IA,52732-0000,Public       ,206,295,501,206,295,501
00407502,MUSCATINE COMMUNITY COLLEGE             ,IA,52761-0000,Public       ,263,215,478,263,215,478
00407503,SCOTT COMMUNITY COLLEGE                 ,IA,52722-0000,Public       ,619,942,1561,619,942,1561
00407600,KIRKWOOD COMMUNITY COLLEGE              ,IA,52406-2068,Public       ,3192,2108,5300,3192,2108,5300
00423300,MERCY/ST. LUKE'S SCH RAD TECH           ,IA,52402-0000,Private      ,18,25,43,18,25,43
00458600,KAPLAN UNIVERSITY                       ,IA,52807-2095,Proprietary  ,952,21140,22092,952,21140,22092
00458604,KAPLAN UNIVERSITY - CEDAR RAPIDS        ,IA,52404-2998,Proprietary  ,37,491,528,37,491,528
00458605,KAPLAN UNIVERSITY - DES MOINES          ,IA,50323-5702,Proprietary  ,45,569,614,45,569,614
00458606,KAPLAN UNIVERSITY - MASON CITY          ,IA,50401-4665,Proprietary  ,13,201,214,13,201,214
00458607,KAPLAN UNIVERSITY - CEDAR FALLS         ,IA,50613-6309,Proprietary  ,44,441,485,44,441,485
00458610,KAPLAN UNIVERSITY - COUNCIL BLUFFS      ,IA,51503-5289,Proprietary  ,14,169,183,14,169,183
00458700,NORTHEAST IOWA COMMUNITY COLLEGE        ,IA,52132-0400,Public       ,319,242,561,319,242,561
00458701,NORTHEAST IOWA COMMUNITY COLLEGE        ,IA,52068-0000,Public       ,459,451,910,459,451,910
00459500,HAWKEYE COMMUNITY COLLEGE               ,IA,50701-0000,Public       ,1263,771,2034,1263,771,2034
00459800,IOWA WESTERN CMTY CLG-COUNCIL BLUFF     ,IA,51502-0000,Public       ,1784,1189,2973,1784,1189,2973
00460000,NORTHWEST IOWA COMMUNITY COLLEGE        ,IA,51201-1046,Public       ,299,155,454,299,155,454
00626700,IOWA METHODIST MEDICAL CENTER SCHOOLS   ,IA,50309-1499,Private      ,40,50,90,40,50,90
00627300,MERCY COLLEGE OF HEALTH SCIENCES        ,IA,50309-1239,Private      ,274,365,639,274,365,639
00712000,DES MOINES AREA CMTY COLLEGE            ,IA,50021-0000,Public       ,3822,3371,7193,3822,3371,7193
00712100,FAITH BAPTIST BIBLE CLG & THEOL SEM     ,IA,50021-0000,Private      ,168,30,198,168,30,198
00729100,ST LUKE'S COLLEGE                       ,IA,51104-0263,Private      ,72,86,158,72,86,158
00731600,WESTERN IOWA TECH COMMUNITY COLLEGE     ,IA,51106-0000,Public       ,811,1001,1812,811,1001,1812
00758800,CAPRI COLLEGE                           ,IA,52004-0873,Proprietary  ,41,41,82,41,41,82
00761100,EQ SCHOOL OF HAIR DESIGN                ,IA,51503-0813,Proprietary  ,16,15,31,16,15,31
00765600,AMERICAN COLLEGE OF HARISTYLING -CR     ,IA,52402-0000,Proprietary  ,6,15,21,6,15,21
00765800,AMER COLL OF HAIRSTYLING-DES MOINES     ,IA,50309-5446,Proprietary  ,9,17,26,9,17,26
00765900,LA JAMES COLLEGE OF HAIRSTYLING         ,IA,50401-3308,Proprietary  ,18,13,31,18,13,31
00771700,CAPRI COLLEGE                           ,IA,52807-2622,Proprietary  ,40,93,133,40,93,133
00794100,COLLEGE OF HAIR DESIGN                  ,IA,50703-1834,Proprietary  ,4,17,21,4,17,21
00826000,IOWA SCHOOL OF BEAUTY INC               ,IA,50322-0000,Proprietary  ,26,69,95,26,69,95
00840300,INDIAN HILLS COMMUNITY COLLEGE          ,IA,52501-1398,Public       ,897,844,1741,897,844,1741
00840301,INDIAN HILLS COMMUNITY COLLEGE          ,IA,52544-1223,Public       ,15,16,31,15,16,31
00842400,LA JAMES INTERNATIONAL COLLEGE          ,IA,50501-5577,Proprietary  ,23,20,43,23,20,43
00959300,LA'JAMES COLLEGE OF HAIRSTYLING         ,IA,52240-0000,Proprietary  ,28,23,51,28,23,51
01111300,MAHARISHI UNIV OF MANAGEMENT            ,IA,52557-0001,Private      ,73,151,224,73,151,224
01206400,HAMILTON TECHNICAL COLLEGE              ,IA,52807-2653,Proprietary  ,29,63,92,29,63,92
01230000,PALMER COLLEGE OF CHIROPRACTIC          ,IA,52803-5287,Private      ,57,989,1046,57,989,1046
01300600,LA' JAMES INTERNATIONAL COLLEGE-CF      ,IA,50613-5242,Proprietary  ,24,33,57,24,33,57
02090300,CAPRI COLLEGE                           ,IA,52404-0000,Proprietary  ,40,51,91,40,51,91
02134500,LA JAMES INTERNATIONAL COLLEGE - DAV    ,IA,52806-3952,Proprietary  ,11,23,34,11,23,34
02160900,"SALON PROFESSIONAL ACADEMY, THE         ",IA,50010-0000,Proprietary  ,45,30,75,45,30,75
02262500,FAUST INSTITUTE OF COSMETOLOGY          ,IA,50588-0000,Proprietary  ,8,7,15,8,7,15
02274100,LA' JAMES INTERNATIONAL COLLEGE - DM    ,IA,50131-0000,Proprietary  ,30,40,70,30,40,70
02289000,AMERICAN HAIR ACADEMY                   ,IA,52627-4530,Proprietary  ,6,15,21,6,15,21
02306900,IOWA SCHOOL OF BEAUTY                   ,IA,52501-0000,Proprietary  ,7,16,23,7,16,23
02328900,EMMAUS BIBLE COLLEGE                    ,IA,52001-0000,Private      ,155,19,174,155,19,174
02330900,IOWA SCHOOL OF BEAUTY                   ,IA,50158-0000,Proprietary  ,5,12,17,5,12,17
02609200,VATTEROTT COLLEGE                       ,IA,50321-4704,Proprietary  ,35,169,204,35,169,204
03069100,ALLEN COLLEGE                           ,IA,50703-1916,Private      ,264,333,597,264,333,597
03441300,IOWA SCHOOL OF BEAUTY                   ,IA,51106-5111,Proprietary  ,12,26,38,12,26,38
03607400,TOTAL LOOK SCHOOL OF COSMETOLOGY AND MAS,IA,52136-1053,Proprietary  ,2,3,5,2,3,5
03720300,CARLSON COLLEGE OF MASSAGE THERAPY      ,IA,52205-7519,Proprietary  ,9,14,23,9,14,23
04051313,ART INSTITUTE OF PHOENIX (THE) - BROWN M,IA,52722-3628,Proprietary  ,17,29,46,17,29,46
04089300,BIO-CHI INSTITUTE OF MASSAGE THERAPY    ,IA,51103-2138,Proprietary  ,7,10,17,7,10,17
04177800,SALON PROFESSIONAL ACADEMY (THE)        ,IA,52240-6083,Proprietary  ,11,16,27,11,16,27
04203300,AVEDA INSTITUTE DES MOINES              ,IA,50266-8137,Proprietary  ,79,59,138,79,59,138
00259600,ATLANTIC COMMUNITY COLLEGE              ,NJ,08330-2699,Public       ,1257,1198,2455,1257,1198,2455
00259700,BLOOMFIELD COLLEGE                      ,NJ,07003-3425,Private      ,1863,641,2504,1863,641,2504
00259800,CALDWELL COLLEGE                        ,NJ,07006-6195,Private      ,1739,437,2176,1739,437,2176
00259900,CENTENARY COLLEGE                       ,NJ,07840-2184,Private      ,1217,372,1589,1217,372,1589
00260000,COLLEGE OF SAINT ELIZABETH              ,NJ,07960-6989,Private      ,736,256,992,736,256,992
00260100,CUMBERLAND COUNTY COLLEGE               ,NJ,08362-9912,Public       ,659,838,1497,659,838,1497
00260300,DREW UNIVERSITY                         ,NJ,07940-4063,Private      ,2574,336,2910,2574,336,2910
00260700,FAIRLEIGH DICKINSON UNIV-TEANECK        ,NJ,07666-1996,Private      ,3755,1267,5022,3755,1267,5022
00260701,FAIRLEIGH DICKINSON UNIV-FLORHAM        ,NJ,07940-0000,Private      ,3121,532,3653,3121,532,3653
00260702,FAIRLEIGH DICKINSON UNIV-ED WMS CLG     ,NJ,07601-0000,Private      ,385,189,574,385,189,574
00260703,FAIRLEIGH DICKINSON UNIVERSITY          ,NJ,07940-0000,Private      ,1431,362,1793,1431,362,1793
00260800,GEORGIAN COURT UNIVERSITY               ,NJ,08701-2697,Private      ,987,440,1427,987,440,1427
00260900,ROWAN UNIVERSITY                        ,NJ,08028-1702,Public       ,10029,2214,12243,10029,2214,12243
00261000,FELICIAN COLLEGE                        ,NJ,07644-2198,Private      ,1166,483,1649,1166,483,1649
00261300,NEW JERSEY CITY UNIVERSITY              ,NJ,07305-1597,Public       ,2826,2073,4899,2826,2073,4899
00261500,MIDDLESEX COUNTY COLLEGE                ,NJ,08818-3050,Public       ,2597,1510,4107,2597,1510,4107
00261600,MONMOUTH UNIVERSITY                     ,NJ,07764-1898,Private      ,5427,985,6412,5427,985,6412
00261700,MONTCLAIR STATE UNIVERSITY              ,NJ,07043-9987,Public       ,14470,3915,18385,14470,3915,18385
00261900,NEW BRUNSWICK THEOLOGICAL SEMINARY      ,NJ,08901-0000,Private      ,58,52,110,58,52,110
00262100,NEW JERSEY INST OF TECHNOLOGY           ,NJ,07102-1982,Public       ,4952,1659,6611,4952,1659,6611
00262200,KEAN UNIVERSITY                         ,NJ,07083-7131,Public       ,6355,3143,9498,6355,3143,9498
00262400,OCEAN COUNTY COLLEGE                    ,NJ,08754-2001,Public       ,1801,1334,3135,1801,1334,3135
00262500,WILLIAM PATERSON UNIVERSITY             ,NJ,07470-2152,Public       ,8003,1899,9902,8003,1899,9902
00262600,PRINCETON THEOLOGICAL SEMINARY          ,NJ,08542-0000,Private      ,8,316,324,8,316,324
00262700,PRINCETON UNIVERSITY                    ,NJ,08544-0001,Private      ,14572,1256,15828,14572,1256,15828
00262800,RIDER UNIVERSITY                        ,NJ,08648-3099,Private      ,6782,960,7742,6782,960,7742
00262900,"RUTGERS, THE STATE UNIVERSITY OF NJ     ",NJ,08901-1281,Public       ,36424,13098,49522,36424,13098,49522
00263200,SETON HALL UNIVERSITY                   ,NJ,07079-2697,Private      ,9979,2166,12145,9979,2166,12145
00263201,SETON HALL UNIVERSITY - SCHOOL OF LAW   ,NJ,07079-5210,Private      ,190,997,1187,190,997,1187
00263800,SAINT PETER'S UNIVERSITY                ,NJ,07306-5997,Private      ,2690,643,3333,2690,643,3333
00263900,STEVENS INSTITUTE OF TECHNOLOGY         ,NJ,07030-5370,Private      ,3998,310,4308,3998,310,4308
00264200,COLLEGE OF NEW JERSEY (THE)             ,NJ,08628-0718,Public       ,10213,681,10894,10213,681,10894
00264300,UNION COUNTY COLLEGE                    ,NJ,07016-1598,Public       ,1753,1959,3712,1753,1959,3712
00473600,BERGEN COMMUNITY COLLEGE                ,NJ,07652-1595,Public       ,3637,1920,5557,3637,1920,5557
00474000,MERCER COUNTY COMMUNITY COLLEGE         ,NJ,08690-0000,Public       ,1123,1181,2304,1123,1181,2304
00539900,MONMOUTH COUNTY VOCATIONAL SCH DIST     ,NJ,07728-5033,Public       ,23,32,55,23,32,55
00545200,TETERBORO SCH OF AERONAUTICS            ,NJ,07608-1083,Proprietary  ,27,39,66,27,39,66
00546100,SALEM COMMUNITY COLLEGE                 ,NJ,08069-2799,Public       ,193,221,414,193,221,414
00641700,HOLY NAME HOSPITAL SCH OF NURSING       ,NJ,07666-4254,Private      ,39,80,119,39,80,119
00642000,MOUNTAINSIDE HOSP SCH NRSG              ,NJ,07042-4898,Proprietary  ,23,51,74,23,51,74
00642100,MUHLENBERG SNYDER SCHOOLS               ,NJ,07061-3399,Private      ,46,141,187,46,141,187
00642900,ST FRANCIS MEDICAL CTR SCH NURSING      ,NJ,08629-1986,Private      ,18,58,76,18,58,76
00642902,ST FRANCIS MED CTR RAD TECH             ,NJ,08629-0000,Private      ,5,24,29,5,24,29
00686500,CAMDEN COUNTY COLLEGE                   ,NJ,08012-3240,Public       ,2191,2667,4858,2191,2667,4858
00690100,GLOUCESTER COUNTY COLLEGE               ,NJ,08080-4249,Public       ,1415,1022,2437,1415,1022,2437
00710700,ESSEX COUNTY COLLEGE                    ,NJ,07102-1798,Public       ,2034,2995,5029,2034,2995,5029
00750200,BERKELEY COLLEGE                        ,NJ,07424-3367,Proprietary  ,880,910,1790,880,910,1790
00750600,LINCOLN TECHNICAL INSTITUTE             ,NJ,07083-5032,Proprietary  ,111,150,261,111,150,261
00750601,LINCOLN TECHNICAL INSTITUTE             ,NJ,07430-0000,Proprietary  ,80,37,117,80,37,117
00759300,PARISIAN BEAUTY ACADEMY                 ,NJ,07601-5509,Proprietary  ,38,52,90,38,52,90
00772900,COUNTY COLLEGE OF MORRIS                ,NJ,07869-0000,Public       ,1632,605,2237,1632,605,2237
00773000,BURLINGTON COUNTY COLLEGE               ,NJ,08068-1599,Public       ,1741,1522,3263,1741,1522,3263
00773100,RARITAN VALLEY COMMUNITY COLLEGE        ,NJ,08876-1265,Public       ,1074,662,1736,1074,662,1736
00780401,STAR CAREER ACADEMY - STAR LAKEWOOD     ,NJ,08701-5900,Proprietary  ,22,87,109,22,87,109
00780402,STAR CAREER ACADEMY - STAR EGG HARBOR   ,NJ,08234-4863,Proprietary  ,13,75,88,13,75,88
00794700,BETH MEDRASH GOVOHA OF AMERICA          ,NJ,08701-0000,Private      ,8,49,57,8,49,57
00840400,BROOKDALE COMMUNITY COLLEGE             ,NJ,07738-1597,Public       ,1993,1084,3077,1993,1084,3077
00844101,ANTHEM INSTITUTE                        ,NJ,08002-0000,Proprietary  ,14,74,88,14,74,88
00849400,HO HO KUS SCHL OF TRADE & TECH SCIENCES ,NJ,07513-1402,Proprietary  ,23,45,68,23,45,68
00860900,RABBINICAL COLLEGE OF AMERICA           ,NJ,07960-3600,Private      ,6,2,8,6,2,8
00907800,CAPRI INSTITUTE OF HAIR DESIGN          ,NJ,07011-2111,Proprietary  ,11,26,37,11,26,37
00934400,RAMAPO COLLEGE OF NEW JERSEY            ,NJ,07430-1680,Public       ,5880,670,6550,5880,670,6550
00934500,RICHARD STOCKTON COLLEGE OF NJ          ,NJ,08240-0000,Public       ,6471,1525,7996,6471,1525,7996
00982804,EVEREST INSTITUTE - SOUTH PLAINFIELD    ,NJ,07080-1125,Proprietary  ,58,112,170,58,112,170
00999400,PASSAIC COUNTY COMMUNITY COLLEGE        ,NJ,07505-1179,Public       ,1272,1136,2408,1272,1136,2408
01039400,UNIV OF MEDICINE & DENTISTRY OF NJ      ,NJ,07107-0000,Public       ,221,2518,2739,221,2518,2739
01062900,P B COSMETOLOGY EDUCATION CENTRE        ,NJ,08030-1750,Proprietary  ,17,17,34,17,17,34
01085100,ANTHEM INSTITUTE                        ,NJ,07054-3409,Proprietary  ,55,160,215,55,160,215
01085101,ANTHEM INSTITUTE                        ,NJ,07306-0000,Proprietary  ,18,45,63,18,45,63
01085102,ANTHEM INSTITUTE                        ,NJ,08902-0000,Proprietary  ,24,27,51,24,27,51
01090300,RIZZIERI INSTITUTE                      ,NJ,08043-4600,Proprietary  ,31,51,82,31,51,82
01152300,MORRIS COUNTY SCHOOL OF TECHNOLOGY      ,NJ,07834-0000,Public       ,17,30,47,17,30,47
01170800,NATURAL MOTION INST OF HAIR DESIGN      ,NJ,07306-5496,Proprietary  ,10,27,37,10,27,37
01209000,REIGNBOW BEAUTY ACADEMY                 ,NJ,08861-4118,Proprietary  ,10,10,20,10,10,20
01234600,DOVER BUSINESS COLLEGE                  ,NJ,07011-2161,Proprietary  ,29,109,138,29,109,138
01234602,DOVER BUSINESS COLLEGE                  ,NJ,07801-4643,Proprietary  ,23,56,79,23,56,79
01246100,LINCOLN TECHNICAL INSTITUTE             ,NJ,08820-2896,Proprietary  ,83,140,223,83,140,223
01246102,LINCOLN TECHNICAL INSTITUTE             ,NJ,08057-3212,Proprietary  ,55,167,222,55,167,222
01246103,LINCOLN TECHNICAL INSTITUTE             ,NJ,07652-2106,Proprietary  ,117,164,281,117,164,281
01246200,HOHOKUS - HACKENSACK SCHOOL OF BUSINESS ,NJ,07601-7197,Proprietary  ,16,87,103,16,87,103
01295400,HUDSON COUNTY COMMUNITY COLLEGE         ,NJ,07306-4012,Public       ,1551,1460,3011,1551,1460,3011
02053700,EASTWICK COLLEGE                        ,NJ,07446-0000,Proprietary  ,91,370,461,91,370,461
02061800,ROMAN ACADEMY OF BEAUTY CULTURE         ,NJ,07506-0000,Proprietary  ,3,1,4,3,1,4
02092300,HOHOKUS SCHOOL - RETS/NUTLEY            ,NJ,07110-0000,Proprietary  ,34,69,103,34,69,103
02103700,CAPRI INSTITUTE OF HAIR DESIGN          ,NJ,07652-0000,Proprietary  ,17,18,35,17,18,35
02104000,HARRIS SCHOOL OF BUSINESS               ,NJ,08002-2983,Proprietary  ,20,81,101,20,81,101
02106601,AMERICAN INSTITUTE - CLIFTON            ,NJ,07011-2345,Proprietary  ,16,68,84,16,68,84
02106605,AMERICAN INSTITUTE - TOMS RIVER         ,NJ,08755-1524,Proprietary  ,4,7,11,4,7,11
02131100,DU CRET SCHOOL OF THE ARTS              ,NJ,07060-0000,Private      ,7,3,10,7,3,10
02131600,PENNCO TECH                             ,NJ,08012-0000,Proprietary  ,80,166,246,80,166,246
02132300,BERDAN INSTITUTE                        ,NJ,07512-0000,Proprietary  ,41,66,107,41,66,107
02146800,JOE KUBERT SCH OF CARTOON & GRAPHIC     ,NJ,07801-0000,Proprietary  ,47,26,73,47,26,73
02149800,EMPIRE BEAUTY SCHOOL                    ,NJ,08021-0000,Proprietary  ,21,64,85,21,64,85
02149801,EMPIRE BEAUTY SCHOOL - BORDENTOWN       ,NJ,08505-1513,Proprietary  ,5,19,24,5,19,24
02154000,DIVERS ACAD OF EASTERN SEABOARD         ,NJ,08081-1139,Proprietary  ,29,44,73,29,44,73
02183600,CAPRI INSTITUTE OF HAIR DESIGN          ,NJ,07033-0000,Proprietary  ,12,20,32,12,20,32
02192200,THOMAS EDISON STATE COLLEGE             ,NJ,08608-0000,Public       ,258,2796,3054,258,2796,3054
02219600,OMEGA INSTITUTE                         ,NJ,08109-0000,Proprietary  ,6,43,49,6,43,49
02223700,NEW HORIZON INST OF COSMETOLOGY         ,NJ,07093-0000,Proprietary  ,0,3,3,0,3,3
02223900,DRAKE COLLEGE OF BUSINESS               ,NJ,07201-0000,Proprietary  ,20,102,122,20,102,122
02223902,DRAKE COLLEGE OF BUSINESS - NEWARK CAMPU,NJ,07112-2760,Proprietary  ,62,256,318,62,256,318
02232500,UNION COUNTY VOCATIONAL TECH INST       ,NJ,07076-0000,Public       ,33,39,72,33,39,72
02234600,SHORE BEAUTY SCHOOL                     ,NJ,08232-0000,Proprietary  ,12,28,40,12,28,40
02246000,ROSS UNIVERSITY - MEDICAL SCHOOL        ,NJ,08837-0000,Proprietary  ,20,2521,2541,20,2521,2541
02248600,COOPER HEALTH SYS-CTR ALLIED HEALTH     ,NJ,08103-0000,Private      ,55,156,211,55,156,211
02252700,CONCORDE SCHOOL OF HAIR DESIGN          ,NJ,07712-0000,Proprietary  ,23,30,53,23,30,53
02252701,CONCORDE SCHOOL OF HAIR DESIGN - BLOOMFI,NJ,07003-2517,Proprietary  ,4,8,12,4,8,12
02261800,EUROPEAN ACADEMY OF COSMETOLOGY         ,NJ,07083-0000,Proprietary  ,13,29,42,13,29,42
02265500,CAPRI INSTITUTE OF HAIR DESIGN          ,NJ,08724-0000,Proprietary  ,15,17,32,15,17,32
02277900,ROSS UNIV - SCH OF VETERINARY MED       ,NJ,08837-0000,Proprietary  ,12,1159,1171,12,1159,1171
02291000,LINCOLN TECHNICAL INSTITUTE             ,NJ,07080-2424,Proprietary  ,30,36,66,30,36,66
02312000,BERGEN COUNTY TECHNICAL SCHOOLS         ,NJ,07601-6110,Public       ,38,50,88,38,50,88
02344200,EMPIRE BEAUTY SCHOOL                    ,NJ,08002-0000,Proprietary  ,32,91,123,32,91,123
02503900,WARREN COUNTY COMMUNITY COLLEGE         ,NJ,07882-0000,Public       ,260,176,436,260,176,436
02523700,OCEAN COUNTY VOCATIONAL-TECH SCHOOL     ,NJ,08753-0000,Public       ,66,136,202,66,136,202
02525900,ARTISTIC ACADEMY OF HAIR DESIGN         ,NJ,07950-1409,Proprietary  ,32,32,64,32,32,64
02528200,REIGNBOW BEAUTY ACADEMY                 ,NJ,07060-0000,Proprietary  ,5,5,10,5,5,10
02558700,PRISM CAREER INSTITUTE                  ,NJ,08037-0000,Proprietary  ,38,196,234,38,196,234
02568800,SUSSEX COUNTY COMMUNITY COLLEGE         ,NJ,07860-1149,Public       ,546,298,844,546,298,844
02586900,HARRIS SCHOOL OF BUSINESS               ,NJ,08043-2604,Proprietary  ,17,59,76,17,59,76
02616402,SANFORD-BROWN INSTITUTE - ISELIN        ,NJ,08830-0000,Proprietary  ,68,162,230,68,162,230
03077500,RABBI JACOB JOSEPH SCHOOL               ,NJ,08817-4494,Private      ,1,3,4,1,3,4
03122600,EASTERN INTERNATIONAL COLLEGE           ,NJ,07306-3906,Proprietary  ,33,86,119,33,86,119
03187300,STENOTECH CAREER INSTITUTE              ,NJ,07004-3490,Proprietary  ,7,9,16,7,9,16
03197300,INSTITUTE FOR HEALTH EDUCATION(THE)     ,NJ,07306-2929,Proprietary  ,17,30,47,17,30,47
03324300,CENTRAL CAREER SCHOOL                   ,NJ,07080-2408,Proprietary  ,7,22,29,7,22,29
03380302,STAR CAREER ACADEMY - STAR NEWARK       ,NJ,07102-4510,Proprietary  ,54,228,282,54,228,282
03380303,STAR CAREER ACADEMY - STAR CLIFTON      ,NJ,07011-2248,Proprietary  ,7,30,37,7,30,37
03389300,ACADEMY OF MASSAGE THERAPY              ,NJ,07631-0000,Proprietary  ,8,30,38,8,30,38
03424500,NEW COMMUNITY WORKFORCE DEVELOPMENT     ,NJ,07103-2402,Private      ,16,82,98,16,82,98
03536300,INSTITUTE FOR THERAPEUTIC MASSAGE       ,NJ,07420-1452,Proprietary  ,5,22,27,5,22,27
03625300,PERFORMANCE TRAINING INSTITUTE          ,NJ,08753-0000,Proprietary  ,15,47,62,15,47,62
03650600,PC AGE                                  ,NJ,07306-3936,Proprietary  ,7,30,37,7,30,37
03650603,PC AGE                                  ,NJ,08817-2842,Proprietary  ,5,12,17,5,12,17
03666300,SOMERSET CHRISTIAN COLLEGE              ,NJ,08890-9035,Private      ,21,123,144,21,123,144
03803300,HEALTHCARE TRAINING INSTITUTE           ,NJ,07083-3504,Proprietary  ,21,97,118,21,97,118
03811300,EASTERN SCHOOL OF ACUPUNCTURE AND TRADIT,NJ,07042-3562,Proprietary  ,1,24,25,1,24,25
04081300,BAIS MEDRASH TORAS CHESED               ,NJ,08701-0000,Private      ,1,2,3,1,2,3
04123400,YESHIVAS BE'ER YITZCHOK                 ,NJ,07208-2380,Private      ,2,7,9,2,7,9
04125000,GENTLE HEALING SCHOOL OF MASSAGE        ,NJ,08512-3600,Proprietary  ,0,6,6,0,6,6
04131200,TOTAL IMAGE BEAUTY ACADEMY              ,NJ,07307-2943,Proprietary  ,2,8,10,2,8,10
04134100,CENTER FOR ALLIED HEALTH & NURSING EDUCA,NJ,07601-5801,Proprietary  ,37,481,518,37,481,518
04136400,AMERICAN INSTITUTE OF MEDICAL SCIENCES &,NJ,07080-1183,Proprietary  ,29,55,84,29,55,84
04154500,STARTING POINTS FOR CHILDREN            ,NJ,07306-0001,Private      ,3,16,19,3,16,19
04154900,NATIONAL CAREER INSTITUTE               ,NJ,07018-2011,Proprietary  ,2,10,12,2,10,12
04173100,LAB PAUL MITCHELL PARTNER SCHOOL (THE)  ,NJ,08628-2500,Proprietary  ,17,25,42,17,25,42
04180300,MESIVTA KESER TORAH                     ,NJ,07719-2409,Private      ,0,1,1,0,1,1
04181400,BEST CARE TRAINING INSTITUTE            ,NJ,07018-1703,Proprietary  ,3,63,66,3,63,66
04184500,CHRISTINE VALMY INTERNATIONAL SCHOOL OF ,NJ,07058-9589,Proprietary  ,6,5,11,6,5,11
04188700,ASI CAREER INSTITUTE                    ,NJ,08012-1043,Proprietary  ,7,59,66,7,59,66
04191400,SCHOOL OF COURT REPORTING (THE)         ,NJ,08053-1533,Proprietary  ,4,14,18,4,14,18
04192400,YESHIVA GEDOLAH ZICHRON LEYMA           ,NJ,07036-3905,Private      ,3,1,4,3,1,4
04207500,MEDICAL CAREER INSTITUTE                ,NJ,07712-7202,Proprietary  ,5,25,30,5,25,30
00266500,VAUGHN COLLEGE OF AERONAUTICS AND TECHNO,NY,11369-9997,Private      ,670,369,1039,670,369,1039
00266600,ADELPHI UNIVERSITY                      ,NY,11530-4299,Private      ,7168,2155,9323,7168,2155,9323
00266700,DOWLING COLLEGE                         ,NY,11769-1999,Private      ,1496,693,2189,1496,693,2189
00266800,ALFRED UNIVERSITY                       ,NY,14802-1205,Private      ,3301,318,3619,3301,318,3619
00266900,BANK STREET COLLEGE OF EDUCATION        ,NY,10025-0000,Private      ,13,351,364,13,351,364
00267100,BARD COLLEGE                            ,NY,12504-5000,Private      ,2803,594,3397,2803,594,3397
00267400,NEW YORK THEOLOGICAL SEMINARY           ,NY,10115-0002,Private      ,4,77,81,4,77,81
00267700,BROOKLYN LAW SCHOOL                     ,NY,11201-0000,Private      ,62,1626,1688,62,1626,1688
00267800,BRYANT & STRATTON COLLEGE               ,NY,14203-1713,Proprietary  ,883,5194,6077,883,5194,6077
00267803,BRYANT & STRATTON COLLEGE - GREECE      ,NY,14606-4227,Proprietary  ,115,516,631,115,516,631
00267805,BRYANT & STRATTON COLLEGE - SYRACUSE    ,NY,13203-2502,Proprietary  ,231,614,845,231,614,845
00267807,BRYANT & STRATTON COLLEGE - ALBANY      ,NY,12205-5230,Proprietary  ,99,382,481,99,382,481
00268100,CANISIUS COLLEGE                        ,NY,14208-1098,Private      ,3652,804,4456,3652,804,4456
00268500,CAZENOVIA COLLEGE                       ,NY,13035-1085,Private      ,1713,138,1851,1713,138,1851
00268700,CUNY-BROOKLYN COLLEGE                   ,NY,11210-2814,Public       ,13850,5317,19167,13850,5317,19167
00268800,CITY COLLEGE-CUNY                       ,NY,10031-9198,Public       ,16187,5210,21397,16187,5210,21397
00268900,CUNY-HUNTER COLLEGE                     ,NY,10021-0000,Public       ,22521,8303,30824,22521,8303,30824
00269000,QUEENS COLLEGE-CUNY                     ,NY,11367-1597,Public       ,12880,3646,16526,12880,3646,16526
00269100,CUNY- BOROUGH OF MANHATTAN CMTY CLG     ,NY,10007-1047,Public       ,15272,6616,21888,15272,6616,21888
00269200,CUNY BRONX COMMUNITY COLLEGE            ,NY,10453-3102,Public       ,5770,3687,9457,5770,3687,9457
00269300,CUNY-JOHN JAY CLG CRIMINAL JUSTICE      ,NY,10019-1093,Public       ,11775,3951,15726,11775,3951,15726
00269400,KINGSBOROUGH COMMUNITY COLLEGE          ,NY,11235-2398,Public       ,7488,3347,10835,7488,3347,10835
00269600,NY CITY COLLEGE OF TECHNOLOGY-CUNY      ,NY,11201-2983,Public       ,11410,3840,15250,11410,3840,15250
00269700,QUEENSBOROUGH COMMUNITY COLLEGE         ,NY,11364-1497,Public       ,7453,2505,9958,7453,2505,9958
00269800,CUNY THE COLLEGE OF STATEN ISLAND       ,NY,10314-6600,Public       ,7500,1807,9307,7500,1807,9307
00269900,CLARKSON UNIVERSITY                     ,NY,13699-5615,Private      ,5045,286,5331,5045,286,5331
00270000,COLGATE ROCHESTER CROZER DIVINITY S     ,NY,14620-0000,Private      ,5,18,23,5,18,23
00270100,COLGATE UNIVERSITY                      ,NY,13346-1386,Private      ,3866,72,3938,3866,72,3938
00270300,COLLEGE OF MOUNT SAINT VINCENT          ,NY,10471-1093,Private      ,1972,250,2222,1972,250,2222
00270400,COLLEGE OF NEW ROCHELLE                 ,NY,10805-2339,Private      ,750,666,1416,750,666,1416
00270500,COLLEGE OF SAINT ROSE                   ,NY,12203-1490,Private      ,3727,770,4497,3727,770,4497
00270700,COLUMBIA UNIVERSITY                     ,NY,10027-0000,Private      ,20259,15236,35495,20259,15236,35495
00270800,BARNARD COLLEGE-COLUMBIA UNIV           ,NY,10027-6598,Private      ,3770,240,4010,3770,240,4010
00270900,CONCORDIA COLLEGE                       ,NY,10708-1998,Private      ,753,205,958,753,205,958
00271000,COOPER UNION                            ,NY,10003-7120,Private      ,1498,197,1695,1498,197,1695
00271100,CORNELL UNIVERSITY                      ,NY,14853-2801,Private      ,25036,4506,29542,25036,4506,29542
00271101,WEILL CORNELL MEDICAL COLLEGE AND GRADUA,NY,10021-0000,Private      ,21,429,450,21,429,450
00271200,D'YOUVILLE COLLEGE                      ,NY,14201-1084,Private      ,1497,1109,2606,1497,1109,2606
00271300,DOMINICAN COLLEGE                       ,NY,10962-1299,Private      ,1128,347,1475,1128,347,1475
00271800,ELMIRA COLLEGE                          ,NY,14901-2099,Private      ,1812,143,1955,1812,143,1955
00272200,FORDHAM UNIVERSITY                      ,NY,10458-5157,Private      ,22307,5017,27324,22307,5017,27324
00272600,GENERAL THEOLOGICAL SEMINARY            ,NY,10011-0000,Private      ,0,35,35,0,35,35
00272800,HAMILTON COLLEGE                        ,NY,13323-1218,Private      ,2562,63,2625,2562,63,2625
00272900,HARTWICK COLLEGE                        ,NY,13820-4020,Private      ,3575,127,3702,3575,127,3702
00273100,HOBART & WILLIAM SMITH COLLEGES         ,NY,14456-3397,Private      ,2727,61,2788,2727,61,2788
00273200,HOFSTRA UNIVERSITY                      ,NY,11549-1010,Private      ,16069,3121,19190,16069,3121,19190
00273400,HOUGHTON COLLEGE                        ,NY,14744-0128,Private      ,1055,78,1133,1055,78,1133
00273500,HILBERT COLLEGE                         ,NY,14075-1597,Private      ,744,147,891,744,147,891
00273700,IONA COLLEGE                            ,NY,10801-1890,Private      ,5209,529,5738,5209,529,5738
00273900,ITHACA COLLEGE                          ,NY,14850-7130,Private      ,13258,805,14063,13258,805,14063
00274000,JEWISH THEOLOGICAL SEMINARY OF AMER     ,NY,10027-4649,Private      ,96,128,224,96,128,224
00274200,THE JUILLIARD SCHOOL                    ,NY,10023-6588,Private      ,1292,606,1898,1292,606,1898
00274400,KEUKA COLLEGE                           ,NY,14478-0000,Private      ,1210,515,1725,1210,515,1725
00274800,LEMOYNE COLLEGE                         ,NY,13214-1399,Private      ,3883,403,4286,3883,403,4286
00274900,NEW YORK COLLEGE OF PODIATRIC MED       ,NY,10035-1940,Private      ,33,250,283,33,250,283
00275100,LONG ISLAND UNIVERSITY                  ,NY,11548-1326,Private      ,9223,4135,13358,9223,4135,13358
00275800,MANHATTAN COLLEGE                       ,NY,10471-4098,Private      ,5426,367,5793,5426,367,5793
00275900,MANHATTAN SCHOOL OF MUSIC               ,NY,10027-4689,Private      ,535,496,1031,535,496,1031
00276000,MANHATTANVILLE COLLEGE                  ,NY,10577-2132,Private      ,2649,322,2971,2649,322,2971
00276300,MARIA COLLEGE                           ,NY,12208-1798,Private      ,89,275,364,89,275,364
00276500,MARIST COLLEGE                          ,NY,12601-1387,Private      ,8756,640,9396,8756,640,9396
00276900,MARYMOUNT MANHATTAN COLLEGE             ,NY,10021-4597,Private      ,3184,215,3399,3184,215,3399
00277200,MERCY COLLEGE                           ,NY,10522-1189,Private      ,3807,2725,6532,3807,2725,6532
00277500,MOLLOY COLLEGE                          ,NY,11570-1100,Private      ,2808,910,3718,2808,910,3718
00277700,MEDAILLE COLLEGE                        ,NY,14214-2695,Private      ,1064,573,1637,1064,573,1637
00277800,MOUNT SAINT MARY COLLEGE                ,NY,12550-3494,Private      ,2945,446,3391,2945,446,3391
00277900,NAZARETH COLLEGE OF ROCHESTER           ,NY,14618-3790,Private      ,2946,727,3673,2946,727,3673
00278200,NEW YORK INSTITUTE OF TECHNOLOGY        ,NY,11568-8000,Private      ,3914,1127,5041,3914,1127,5041
00278202,NY INSTITUTE OF TECHNOLOGY-OSTEOPATHIC M,NY,11568-0000,Private      ,25,377,402,25,377,402
00278300,NEW YORK LAW SCHOOL                     ,NY,10013-0000,Private      ,55,1453,1508,55,1453,1508
00278400,NEW YORK MEDICAL COLLEGE                ,NY,10595-0000,Private      ,23,964,987,23,964,987
00278500,NEW YORK UNIVERSITY                     ,NY,10012-1091,Private      ,35604,18711,54315,35604,18711,54315
00278800,NIAGARA UNIVERSITY                      ,NY,14109-2010,Private      ,2890,379,3269,2890,379,3269
00279000,NYACK COLLEGE                           ,NY,10960-3698,Private      ,903,529,1432,903,529,1432
00279100,PACE UNIVERSITY - NEW YORK              ,NY,10038-1598,Private      ,10554,2089,12643,10554,2089,12643
00279101,PACE UNIVERSITY-PLEASANTVILLE           ,NY,10570-0000,Private      ,3360,588,3948,3360,588,3948
00279102,PACE UNIVERSITY - WHITE PLAINS          ,NY,10603-0000,Private      ,446,922,1368,446,922,1368
00279500,PAUL SMITHS CLG OF ARTS & SCIENCES      ,NY,12970-0000,Private      ,825,60,885,825,60,885
00279600,POLYTECHNIC INTSTITUTE OF NEW YORK UNIV ,NY,11201-3840,Private      ,3354,566,3920,3354,566,3920
00279800,PRATT INSTITUTE                         ,NY,11205-3899,Private      ,4110,1564,5674,4110,1564,5674
00280300,RENSSELAER POLYTECHNIC INSTITUTE        ,NY,12180-3590,Private      ,10762,482,11244,10762,482,11244
00280500,ROBERTS WESLEYAN COLLEGE                ,NY,14624-1997,Private      ,848,444,1292,848,444,1292
00280600,ROCHESTER INSTITUTE OF TECHNOLOGY       ,NY,14623-5608,Private      ,12394,1435,13829,12394,1435,13829
00280700,ROCKEFELLER UNIVERSITY                  ,NY,10021-0000,Private      ,11,26,37,11,26,37
00280800,DAEMEN COLLEGE                          ,NY,14226-3592,Private      ,2101,450,2551,2101,450,2551
00281000,THE SAGE COLLEGES                       ,NY,12180-4199,Private      ,1469,907,2376,1469,907,2376
00281200,TROCAIRE COLLEGE                        ,NY,14220-2094,Private      ,414,524,938,414,524,938
00281300,SARAH LAWRENCE COLLEGE                  ,NY,10708-5999,Private      ,1860,465,2325,1860,465,2325
00281400,SKIDMORE COLLEGE                        ,NY,12866-1632,Private      ,4138,104,4242,4138,104,4242
00281500,ST BERNARDS SCH THEOLOGY & MINISTRY     ,NY,14618-3822,Private      ,0,18,18,0,18,18
00281600,SIENA COLLEGE                           ,NY,12211-1462,Private      ,5299,183,5482,5299,183,5482
00281700,ST BONAVENTURE UNIVERSITY               ,NY,14778-2284,Private      ,2365,256,2621,2365,256,2621
00282000,ST FRANCIS COLLEGE                      ,NY,11201-4398,Private      ,1967,310,2277,1967,310,2277
00282100,ST JOHN FISHER COLLEGE                  ,NY,14618-3597,Private      ,3879,739,4618,3879,739,4618
00282200,CHRIST THE KING SEMINARY                ,NY,14052-0607,Private      ,2,3,5,2,3,5
00282300,ST JOHN'S UNIVERSITY                    ,NY,11439-1343,Private      ,22184,3777,25961,22184,3777,25961
00282500,ST JOSEPH'S COLLEGE                     ,NY,11205-3688,Private      ,1161,302,1463,1161,302,1463
00282501,ST JOSEPH'S COLLEGE-SUFFOLK CAMPUS      ,NY,11772-0000,Private      ,1776,518,2294,1776,518,2294
00282900,ST LAWRENCE UNIVERSITY                  ,NY,13617-1455,Private      ,2179,72,2251,2179,72,2251
00283200,ST THOMAS AQUINAS COLLEGE               ,NY,10976-1050,Private      ,1333,122,1455,1333,122,1455
00283300,ST VLADIMIR ORTHODOX THEOL SEM          ,NY,10707-0000,Private      ,0,21,21,0,21,21
00283400,EXCELSIOR COLLEGE                       ,NY,12203-5159,Private      ,134,2815,2949,134,2815,2949
00283500,SUNY AT ALBANY                          ,NY,12222-0001,Public       ,16967,2494,19461,16967,2494,19461
00283600,BINGHAMTON UNIVERSITY (SUNY)            ,NY,13902-6000,Public       ,22175,1679,23854,22175,1679,23854
00283700,SUNY AT BUFFALO                         ,NY,14260-0001,Public       ,20537,5733,26270,20537,5733,26270
00283800,SUNY AT STONY BROOK                     ,NY,11794-0701,Public       ,23833,4087,27920,23833,4087,27920
00283900,SUNY-DOWNSTATE MEDICAL CENTER           ,NY,11203-2098,Public       ,148,1454,1602,148,1454,1602
00284000,SUNY UPSTATE MEDICAL UNIVERSITY         ,NY,13210-2375,Public       ,212,1146,1358,212,1146,1358
00284100,SUNY BROCKPORT - FIN AID OFF            ,NY,14420-2914,Public       ,7426,1200,8626,7426,1200,8626
00284200,BUFFALO STATE COLLEGE - SUNY            ,NY,14222-1095,Public       ,9375,2143,11518,9375,2143,11518
00284300,SUNY COLLEGE-CORTLAND                   ,NY,13045-0900,Public       ,9621,696,10317,9621,696,10317
00284400,SUNY AT FREDONIA                        ,NY,14063-1145,Public       ,5764,553,6317,5764,553,6317
00284500,SUNY GENESEO                            ,NY,14454-1401,Public       ,7528,335,7863,7528,335,7863
00284600,SUNY COLLEGE-NEW PALTZ                  ,NY,12561-2499,Public       ,10171,1107,11278,10171,1107,11278
00284700,SUNY COLLEGE-ONEONTA                    ,NY,13820-4015,Public       ,9525,505,10030,9525,505,10030
00284800,SUNY OSWEGO                             ,NY,13126-3599,Public       ,8824,976,9800,8824,976,9800
00284900,SUNY COLLEGE AT PLATTSBURGH             ,NY,12901-2681,Public       ,6210,656,6866,6210,656,6866
00285000,SUNY COLLEGE-POTSDAM                    ,NY,13676-2294,Public       ,4196,435,4631,4196,435,4631
00285100,SUNY COLLEGE OF ENVIRONMENT SCIENCE AND ,NY,13210-2778,Public       ,1776,293,2069,1776,293,2069
00285300,SUNY MARITIME COLLEGE                   ,NY,10465-4198,Public       ,1370,172,1542,1370,172,1542
00285400,SUNY COLLEGE OF TECHNOLOGY-ALFRED       ,NY,14802-9951,Public       ,3186,438,3624,3186,438,3624
00285500,SUNY CANTON COLG OF TECHNOLOGY          ,NY,13617-1098,Public       ,2834,785,3619,2834,785,3619
00285600,SUNY AG & TECH COLLEGE-COBLESKILL       ,NY,12043-9986,Public       ,2081,250,2331,2081,250,2331
00285700,SUNY DELHI                              ,NY,13753-1190,Public       ,2689,433,3122,2689,433,3122
00285800,SUNY FARMINGDALE                        ,NY,11735-1021,Public       ,4743,1000,5743,4743,1000,5743
00285900,SUNY COLLEGE OF AG & TECH AT MORRISVILLE,NY,13408-0901,Public       ,2633,439,3072,2633,439,3072
00286000,ADIRONDACK COMMUNITY COLLEGE            ,NY,12804-2004,Public       ,840,519,1359,840,519,1359
00286100,CAYUGA COMMUNITY COLLEGE                ,NY,13021-3099,Public       ,688,605,1293,688,605,1293
00286200,BROOME COMMUNITY COLLEGE                ,NY,13902-0000,Public       ,1441,840,2281,1441,840,2281
00286300,CORNING COMMUNITY COLLEGE               ,NY,14830-3297,Public       ,755,582,1337,755,582,1337
00286400,DUTCHESS COMMUNITY COLLEGE              ,NY,12601-1595,Public       ,1954,797,2751,1954,797,2751
00286600,FASHION INSTITUTE OF TECHNOLOGY         ,NY,10001-5992,Public       ,7478,2096,9574,7478,2096,9574
00286700,SUNY FULTON MONTGOMERY COMM CLG         ,NY,12095-3790,Public       ,829,363,1192,829,363,1192
00286800,HUDSON VALLEY COMMUNITY COLLEGE         ,NY,12180-6096,Public       ,2618,1408,4026,2618,1408,4026
00286900,JAMESTOWN COMMUNITY COLLEGE             ,NY,14702-0020,Public       ,1245,625,1870,1245,625,1870
00287000,JEFFERSON COMMUNITY COLLEGE             ,NY,13601-1897,Public       ,663,819,1482,663,819,1482
00287100,"SUNY, MOHAWK VALLEY COMMUNITY CLG       ",NY,13501-5394,Public       ,1707,1043,2750,1707,1043,2750
00287200,MONROE COMMUNITY COLLEGE                ,NY,14623-5780,Public       ,4463,3126,7589,4463,3126,7589
00287300,NASSAU COMMUNITY COLLEGE                ,NY,11530-6793,Public       ,4753,1914,6667,4753,1914,6667
00287400,NIAGARA COUNTY COMMUNITY COLLEGE        ,NY,14132-9460,Public       ,1749,975,2724,1749,975,2724
00287500,ONONDAGA COMMUNITY COLLEGE              ,NY,13215-4585,Public       ,3495,1516,5011,3495,1516,5011
00287600,ORANGE COUNTY COMMUNITY COLLEGE         ,NY,10940-6441,Public       ,1114,684,1798,1114,684,1798
00287700,ROCKLAND COMMUNITY COLLEGE              ,NY,10901-3611,Public       ,774,433,1207,774,433,1207
00287800,SUFFOLK COMMUNITY COLLEGE               ,NY,11784-2899,Public       ,3026,1144,4170,3026,1144,4170
00287801,SUFFOLK COMMUNITY CLG-W. CAMPUS         ,NY,11717-0000,Public       ,1980,1018,2998,1980,1018,2998
00287803,SUFFOLK COMMUNITY CLG-EASTRN CAMPUS     ,NY,11901-0000,Public       ,757,363,1120,757,363,1120
00287900,SULLIVAN COUNTY COMMUNITY COLLEGE       ,NY,12759-5151,Public       ,656,255,911,656,255,911
00288000,ULSTER COUNTY COMMUNITY COLLEGE         ,NY,12484-0557,Public       ,447,311,758,447,311,758
00288100,SUNY WESTCHESTER COMMUNITY COLLEGE      ,NY,10595-1698,Public       ,2375,1352,3727,2375,1352,3727
00288200,SYRACUSE UNIVERSITY                     ,NY,13244-2130,Private      ,22308,4234,26542,22308,4234,26542
00288300,UTICA COLLEGE- UTICA                    ,NY,13502-4892,Private      ,2912,893,3805,2912,893,3805
00288500,ALBANY COLLEGE OF PHARMACY AND HEALTH SC,NY,12208-3492,Private      ,1796,719,2515,1796,719,2515
00288600,ALBANY LAW SCHOOL                       ,NY,12208-0000,Private      ,46,638,684,46,638,684
00288700,ALBANY MEDICAL COLLEGE                  ,NY,12208-0000,Private      ,93,969,1062,93,969,1062
00288900,UNION COLLEGE                           ,NY,12308-2311,Private      ,3308,108,3416,3308,108,3416
00289000,UNION THEOLOGICAL SEMINARY              ,NY,10027-0000,Private      ,0,219,219,0,219,219
00289200,UNITED STATES MERCHANT MARINE ACADEMY   ,NY,11024-1699,Public       ,340,11,351,340,11,351
00289400,UNIVERSITY OF ROCHESTER                 ,NY,14627-9000,Private      ,8425,1005,9430,8425,1005,9430
00289401,EASTMAN SCH OF MUSIC/UNIV ROCHESTER     ,NY,14604-0000,Private      ,679,308,987,679,308,987
00289402,UNIV OF ROCHESTER SCHL OF MEDICINE      ,NY,14642-0000,Private      ,61,453,514,61,453,514
00289500,VASSAR COLLEGE                          ,NY,12604-0008,Private      ,4040,135,4175,4040,135,4175
00289600,VILLA MARIA COLLEGE-BUFFALO             ,NY,14225-3999,Private      ,243,112,355,243,112,355
00289900,WAGNER COLLEGE                          ,NY,10301-4495,Private      ,2399,264,2663,2399,264,2663
00290000,WEBB INSTITUTE                          ,NY,11542-1398,Private      ,78,6,84,78,6,84
00290100,WELLS COLLEGE                           ,NY,13026-0500,Private      ,1133,62,1195,1133,62,1195
00290300,YESHIVA UNIVERSITY                      ,NY,10033-3201,Private      ,1485,1763,3248,1485,1763,3248
00290302,YESHIVA UNIVERSITY - BRONX CAMPUS       ,NY,10461-1975,Private      ,58,832,890,58,832,890
00397400,MESIVTHA TIFERETH JERUSALEM OF AMER     ,NY,10002-6382,Private      ,3,1,4,3,1,4
00397800,RABBINICAL SEMINARY OF AMERICA          ,NY,11375-0000,Private      ,7,2,9,7,2,9
00397900,COLUMBIA UNIV TEACHERS COLLEGE          ,NY,10027-0000,Private      ,90,3218,3308,90,3218,3308
00405400,HEBREW UNION COL-JEWISH INST OF REL     ,NY,10012-0000,Private      ,0,82,82,0,82,82
00475900,"CUNY, YORK COLLEGE                      ",NY,11451-0001,Public       ,8885,2556,11441,8885,2556,11441
00476500,CUNY GRADUATE SCH & UNIV CTR            ,NY,10016-4309,Public       ,84,1328,1412,84,1328,1412
00477600,CENTRAL YESHIVA TOMCHEI TMIMIM LUBA     ,NY,11230-2798,Private      ,10,5,15,10,5,15
00478800,HERKIMER COUNTY COMMUNITY COLLEGE       ,NY,13350-1598,Public       ,1072,518,1590,1072,518,1590
00479800,MIRRER YESHIVA CENTRAL INST             ,NY,11223-2010,Private      ,5,1,6,5,1,6
00479900,MONROE COLLEGE                          ,NY,10468-4305,Proprietary  ,2411,2215,4626,2411,2215,4626
00481100,EVEREST INSTITUTE                       ,NY,14621-3007,Proprietary  ,55,301,356,55,301,356
00506400,SAINT JAMES MERCY HOSPITAL SCHOOL OF RAD,NY,14843-2197,Private      ,11,5,16,11,5,16
00506600,FAXTON ST. LUKE'S SCHOOL OF RADIOGRAPHY ,NY,13502-4856,Private      ,11,19,30,11,19,30
00520800,THE COLLEGE OF WESTCHESTER              ,NY,10602-0000,Proprietary  ,416,212,628,416,212,628
00587700,ROBERT J HOCHSTIM SCHOOL OF RADIOG      ,NY,11572-1151,Private      ,0,5,5,0,5,5
00643501,ARNOT OGDEN MEDICAL CENTER              ,NY,14905-1676,Private      ,24,25,49,24,25,49
00643800,PHILLIPS BETH ISRAEL SCH OF NURSING     ,NY,10001-6354,Private      ,39,116,155,39,116,155
00644300,COCHRAN SCH NSG-ST JOHN RVSDE HOSP      ,NY,10701-1399,Private      ,13,37,50,13,37,50
00644500,CROUSE HOSP SCH OF NURSING              ,NY,13210-1690,Private      ,134,138,272,134,138,272
00644800,ELLIS HOSPITAL SCHOOL OF NURSING        ,NY,12308-0000,Private      ,41,76,117,41,76,117
00646101,ST ELIZABETH COLLEGE OF NURSING         ,NY,13501-2998,Private      ,82,76,158,82,76,158
00646102,ST ELIZABETH SCH OF RADIOGRAPHY         ,NY,13501-0000,Private      ,3,15,18,3,15,18
00646700,SAINT JOSEPH'S COLLEGE OF NURSING       ,NY,13203-1806,Private      ,170,195,365,170,195,365
00678200,GENESEE COMMUNITY COLLEGE               ,NY,14020-9704,Public       ,1390,832,2222,1390,832,2222
00678500,SCHENECTADY COUNTY COMMUNITY CLG        ,NY,12305-2294,Public       ,955,705,1660,955,705,1660
00678700,CLINTON COMMUNITY COLLEGE               ,NY,12901-5690,Public       ,540,219,759,540,219,759
00678800,TOMPKINS CORTLAND COMMUNITY COLLEGE     ,NY,13053-8504,Public       ,1328,495,1823,1328,495,1823
00678900,COLUMBIA-GREENE COMMUNITY COLLEGE       ,NY,12534-9543,Public       ,344,275,619,344,275,619
00679100,SUNY AT PURCHASE                        ,NY,10577-1400,Public       ,6176,638,6814,6176,638,6814
00702200,CUNY-LEHMAN COLLEGE                     ,NY,10468-1589,Public       ,10073,4378,14451,10073,4378,14451
00702600,MOUNT SINAI SCHOOL OF MEDICINE          ,NY,10029-0000,Private      ,20,636,656,20,636,656
00710900,SUNY COLLEGE-OLD WESTBURY               ,NY,11568-0210,Public       ,4209,948,5157,4209,948,5157
00711100,NORTH COUNTRY COMMUNITY COLLEGE         ,NY,12983-2046,Public       ,327,190,517,327,190,517
00726400,MESIFTA TORAH VODAATH RABBINCAL SEM     ,NY,11218-5209,Private      ,2,0,2,2,0,2
00727300,CUNY-BERNARD BARUCH COLLEGE             ,NY,10010-5518,Public       ,13771,4077,17848,13771,4077,17848
00730400,CULINARY INSTITUTE OF AMERICA           ,NY,12538-1499,Private      ,2242,681,2923,2242,681,2923
00732916,ITT TECHNICAL INSTITUTE                 ,NY,12205-1003,Proprietary  ,56,141,197,56,141,197
00737200,AUSTIN'S SCHOOL OF SPA TECHNOLOGY       ,NY,12206-1513,Proprietary  ,14,45,59,14,45,59
00737500,ISLAND DRAFTING & TECHNICAL INST        ,NY,11701-2704,Proprietary  ,8,6,14,8,6,14
00738700,LONG ISLAND BEAUTY SCHOOL               ,NY,11788-4346,Proprietary  ,20,52,72,20,52,72
00738800,LONG ISLAND BEAUTY SCHOOL               ,NY,11550-3704,Proprietary  ,5,14,19,5,14,19
00739100,BEAUTY SCHOOL OF MIDDLETOWN             ,NY,10940-6574,Proprietary  ,17,19,36,17,19,36
00739400,BERKELEY COLLEGE                        ,NY,10017-0000,Proprietary  ,1254,1169,2423,1254,1169,2423
00740100,MANDL SCHOOL                            ,NY,10019-5516,Proprietary  ,46,189,235,46,189,235
00740500,WOOD TOBE-COBURN SCHOOL                 ,NY,10016-0102,Proprietary  ,239,70,309,239,70,309
00746500,AMERICAN ACADEMY OF DRAMATIC ARTS       ,NY,10016-7089,Private      ,785,200,985,785,200,985
00746600,LIM COLLEGE                             ,NY,10022-5268,Proprietary  ,1930,300,2230,1930,300,2230
00746800,SCHOOL OF VISUAL ARTS                   ,NY,10010-3994,Proprietary  ,3073,1030,4103,3073,1030,4103
00750602,LINCOLN TECHNICAL INSTITUTE             ,NY,11357-6092,Proprietary  ,157,83,240,157,83,240
00751800,APEX TECHNICAL SCHOOL                   ,NY,10011-0000,Proprietary  ,116,259,375,116,259,375
00752200,CONTINENTAL SCH OF BEAUTY CULTURE       ,NY,14623-3231,Proprietary  ,21,44,65,21,44,65
00752205,CONTINENTAL SCHOOL OF BEAUTY CULTURE - M,NY,13211-1003,Proprietary  ,7,19,26,7,19,26
00753200,FINGER LAKES COMMUNITY COLLEGE          ,NY,14424-8395,Public       ,1795,1013,2808,1795,1013,2808
00757200,AMERICAN MUSICAL AND DRAMATIC ACAD      ,NY,10023-2106,Private      ,1737,284,2021,1737,284,2021
00757300,EMPIRE BEAUTY SCHOOL                    ,NY,11103-4028,Proprietary  ,38,64,102,38,64,102
00780400,STAR CAREER ACADEMY                     ,NY,10011-7307,Proprietary  ,25,153,178,25,153,178
00818900,CONTINENTAL SCHOOL OF BEAUTY CULTURE - B,NY,14224-3402,Proprietary  ,7,8,15,7,8,15
00818903,CONTINENTAL SCHOOL OF BEAUTY CULTURE - B,NY,14223-2911,Proprietary  ,34,35,69,34,35,69
00843700,CHAMPLAIN VALLEY - TEC/PRN              ,NY,12901-0000,Public       ,7,18,25,7,18,25
00849500,JAMESTOWN BUSINESS COLLEGE              ,NY,14702-0429,Proprietary  ,86,66,152,86,66,152
00861100,"CUNY, HOSTOS CMTY COLLEGE               ",NY,10451-1499,Public       ,4622,2621,7243,4622,2621,7243
00861400,RABBINICAL CLG BOBOVER YESHIVA BNEI     ,NY,11219-3293,Private      ,2,5,7,2,5,7
00861700,RABBINICAL SEM MKOR CHAIM-YESHIVA       ,NY,11219-4300,Private      ,0,1,1,0,1,1
00878800,STATE UNIVERSITY OF NEW YORK STUDENT LOA,NY,12246-0000,Public       ,390,184,574,390,184,574
00900300,OLEAN BUSINESS INSTITUTE INC            ,NY,14760-2691,Proprietary  ,7,15,22,7,15,22
00902900,NEIGHBORHOOD PLAYHOUSE                  ,NY,10022-5017,Private      ,10,14,24,10,14,24
00904300,ELMIRA BUSINESS INSTITUTE               ,NY,14901-2731,Proprietary  ,17,152,169,17,152,169
00907700,UTICA SCHOOL OF COMMERCE                ,NY,13501-2280,Proprietary  ,31,88,119,31,88,119
00924800,SAMARITAN HOSPITAL SCH NURSING          ,NY,12180-2475,Private      ,44,80,124,44,80,124
00928300,MIDWAY-PARIS BEAUTY SCHOOL              ,NY,11385-3453,Proprietary  ,9,25,34,9,25,34
00928400,BRITTANY BEAUTY SCHOOL                  ,NY,11756-1345,Proprietary  ,15,10,25,15,10,25
00933500,MESIVTA EASTERN PKWY RABBINICAL CLG     ,NY,11218-5559,Private      ,3,2,5,3,2,5
00947900,SAINT VINCENTS CMC SI NURSING SCHOOL    ,NY,10304-3850,Proprietary  ,94,212,306,94,212,306
00976900,METROPOLITAN COLLEGE OF NEW YORK        ,NY,10013-1919,Private      ,115,638,753,115,638,753
00992900,SUNY COLLEGE OF OPTOMETRY               ,NY,10036-8003,Public       ,13,180,193,13,180,193
01005100,LA GUARDIA CMTY COLLEGE - CUNY          ,NY,11101-3083,Public       ,9368,4244,13612,9368,4244,13612
01005200,JEFFERSON-LEWIS BOCES PRAC NRSGPRG      ,NY,13601-9509,Public       ,11,53,64,11,53,64
01009700,CUNY-MEDGAR W EVERS COLLEGE             ,NY,11225-2010,Public       ,4404,2155,6559,4404,2155,6559
01014200,TOURO COLLEGE                           ,NY,10010-4202,Private      ,900,2438,3338,900,2438,3338
01014700,WESTERN SUFFOLK BOCES                   ,NY,11768-3499,Public       ,41,113,154,41,113,154
01015300,HELENE FULD COL OF NRSNG/N GEN HOSP     ,NY,10035-0000,Private      ,21,177,198,21,177,198
01028600,EMPIRE STATE COLLEGE                    ,NY,12866-4391,Public       ,407,5276,5683,407,5276,5683
01037800,RABBINICAL COLLEGE OF LONG ISLAND       ,NY,11561-3244,Private      ,2,3,5,2,3,5
01055100,NEW YORK SCH MED & DENTAL ASSISTANT     ,NY,11101-2327,Proprietary  ,23,49,72,23,49,72
01064100,SOUTHERN WESTCHESTER BOCES              ,NY,10543-0000,Public       ,9,21,30,9,21,30
01068400,ERIE COMMUNITY COLLEGE-ALL CAMPUSES     ,NY,14203-2698,Public       ,3250,2241,5491,3250,2241,5491
01081300,AMERICAN ACAD MCALLISTER INST           ,NY,10019-3604,Private      ,58,258,316,58,258,316
01083700,SIMMONS INST OF FUNERAL SERVICE         ,NY,13207-2098,Proprietary  ,4,27,31,4,27,31
01094300,RABBINICAL COLLEGE BETH SHRAGA          ,NY,10952-3033,Private      ,1,0,1,1,0,1
01095200,PNW BOCES LPN PROGRAM                   ,NY,10598-0000,Public       ,8,11,19,8,11,19
01103100,TECHNICAL CAREER INSTITUTE              ,NY,10001-2789,Proprietary  ,133,469,602,133,469,602
01118900,UNITED TALMUDICAL SEMINARY              ,NY,11211-7984,Private      ,8,2,10,8,2,10
01119200,BETH HAMEDRASH SHAAREI YOSHER INST      ,NY,11204-1052,Private      ,2,3,5,2,3,5
01161400,CHAMPLAIN VALLEY HOSP SCH RAD TECH      ,NY,12901-1490,Private      ,13,8,21,13,8,21
01161700,NEW YORK METHODIST HOSPITAL             ,NY,11229-9023,Private      ,37,140,177,37,140,177
01164700,SBI CAMPUS - AN AFFILIATE OF SANFORD-BRO,NY,11747-3785,Proprietary  ,34,87,121,34,87,121
01167700,MEMORIAL SLOAN KETTERING CANCER CTR     ,NY,10021-6094,Private      ,4,23,27,4,23,27
01167800,SUNY INST OF TECHNOLOGY UTICA ROME      ,NY,13504-3050,Public       ,1515,424,1939,1515,424,1939
01183000,BERK TRADE AND BUSINESS SCHOOL          ,NY,11101-0000,Proprietary  ,13,30,43,13,30,43
01185900,WORD OF LIFE BIBLE INSTITUTE            ,NY,12860-0129,Private      ,232,25,257,232,25,257
01186000,MERCY MED CNTR SCHL OF RADIOGRAPHY      ,NY,11570-1098,Private      ,10,16,26,10,16,26
01192100,WESTCHESTER SCH OF BEAUTY CULTURE       ,NY,10550-2295,Proprietary  ,12,21,33,12,21,33
01192200,BETH HATALMUD RABBINICAL CLG            ,NY,11214-2594,Private      ,4,1,5,4,1,5
01198400,OHR HAMEIR THEOLOGICAL SEMINARY         ,NY,10566-0990,Private      ,2,0,2,2,0,2
01201100,TALMUDICAL SEM OHOLEI TORAH             ,NY,11213-3310,Private      ,2,0,2,2,0,2
01210700,INSTITUTE OF DESIGN & CONSTRUCTION      ,NY,11201-5380,Private      ,17,34,51,17,34,51
01220300,MEMORIAL HOSPITAL SCH OF NURSING        ,NY,12204-1083,Private      ,32,84,116,32,84,116
01227700,NEW YORK CHIROPRACTIC COLLEGE           ,NY,13148-0800,Private      ,6,367,373,6,367,373
01229300,VEEB NASSAU CNTY SCHL OF PRACT NURS     ,NY,11553-3037,Public       ,27,64,91,27,64,91
01235800,PLAZA COLLEGE                           ,NY,11372-6300,Proprietary  ,17,28,45,17,28,45
01236400,SAINT VINCENTS CATHOLIC MEDICAL CENTERS ,NY,11354-0000,Proprietary  ,37,189,226,37,189,226
01240700,SCHUYLER-CHEMUNG-TIOGA BOCES            ,NY,14903-1089,Public       ,4,58,62,4,58,62
01240701,STEUBEN SCHUYLER CHEMUNG TIOGA ALLEGANY ,NY,14870-9518,Public       ,0,4,4,0,4,4
01256100,FIVE TOWNS COLLEGE                      ,NY,11746-5871,Proprietary  ,436,71,507,436,71,507
01258900,ERIE 1 BOCES                            ,NY,14224-0000,Public       ,46,139,185,46,139,185
01265200,ONONDAGA CORTLAND MADISON BOCES         ,NY,13090-4500,Public       ,54,162,216,54,162,216
01278300,OSWEGO COUNTY BOCES ADULT CAREERS       ,NY,13114-4498,Public       ,14,22,36,14,22,36
01292700,CENTRAL TECH NURSING PROGRAM            ,NY,13202-3092,Public       ,13,39,52,13,39,52
01302600,MACHZIKEI HADATH RABBINICAL COLLEGE     ,NY,11204-1805,Private      ,1,0,1,1,0,1
01302700,YESHIVATH VIZNITZ                       ,NY,10952-3021,Private      ,1,1,2,1,1,2
01302900,BORICUA COLLEGE                         ,NY,10032-1599,Private      ,107,187,294,107,187,294
02056400,CAPRI COSMETOLOGY LEARNING CENTER       ,NY,10954-0000,Proprietary  ,17,17,34,17,17,34
02066200,THE NEW SCHOOL                          ,NY,10011-0000,Private      ,4341,3240,7581,4341,3240,7581
02069000,NEW YORK SCHOOL OF INTERIOR DESIGN      ,NY,10021-0000,Private      ,142,151,293,142,151,293
02075700,BRIARCLIFFE COLLEGE                     ,NY,11714-0000,Proprietary  ,318,694,1012,318,694,1012
02075702,BRIARCLIFFE COLLEGE - PATCHOGUE         ,NY,11772-3019,Proprietary  ,347,423,770,347,423,770
02092400,RIDLEY-LOWELL SCHOOL OF BUSINESS        ,NY,13905-0000,Proprietary  ,2,20,22,2,20,22
02093700,LONG ISLAND BUSINESS INSTITUTE          ,NY,11725-0000,Proprietary  ,28,149,177,28,149,177
02093701,LONG ISLAND BUSINESS INSTITUTE - FLUSHIN,NY,11354-4429,Proprietary  ,8,12,20,8,12,20
02098400,HERKIMER COUNTY BOCES                   ,NY,13350-0000,Public       ,11,27,38,11,27,38
02104300,OTSEGO AREA SCHOOL OF PRAC NURSING      ,NY,12167-0000,Public       ,2,3,5,2,3,5
02105900,HAIR DESIGN INSTITUTE AT FIFTH AVE      ,NY,11220-0000,Proprietary  ,22,39,61,22,39,61
02106800,BRAMSON ORT COLLEGE                     ,NY,11375-0000,Private      ,13,40,53,13,40,53
02110900,CATTARAUGUS/ALLEGANY BOCES              ,NY,14760-0000,Public       ,19,31,50,19,31,50
02112301,RIDLEY - LOWELL BUSINESS & TECHNICAL INS,NY,12601-3328,Proprietary  ,20,85,105,20,85,105
02116011,SANFORD-BROWN INSTITUTE - NEW YORK      ,NY,10003-2103,Proprietary  ,115,378,493,115,378,493
02118700,LONG ISLAND COLLEGE HOSPITAL - SCHOOL OF,NY,11201-6001,Private      ,69,115,184,69,115,184
02118702,LONG ISLAND COLLEGE HOSPITAL - SCHOOL OF,NY,11201-6001,Private      ,102,125,227,102,125,227
02124000,ORANGE ULSTER BOCES SCH OF PRAC NRS     ,NY,10924-9401,Public       ,11,55,66,11,55,66
02125500,CIRCLE IN THE SQUARE THEATRE SCHOOL     ,NY,10019-0000,Private      ,27,24,51,27,24,51
02126300,MADISON-ONEIDA BOCES PRAC NRS           ,NY,13478-0000,Public       ,2,13,15,2,13,15
02138500,BOCES RENSSELAER SCHOOL OF PN           ,NY,12033-3221,Public       ,6,17,23,6,17,23
02145800,CAYUGA ONONDAGA BOCES                   ,NY,13021-9430,Public       ,15,36,51,15,36,51
02146000,WAYNE-FINGER LAKES BOCES                ,NY,14513-0000,Public       ,7,62,69,7,62,69
02152000,YESHIVA SHAAR HATORAH ITRI TORAH        ,NY,11418-0000,Private      ,3,0,3,3,0,3
02153600,BROOME-TIOGA BOCES PN PROG              ,NY,13905-0000,Public       ,15,39,54,15,39,54
02157900,ROCHESTER GENERAL HOSPITAL              ,NY,14621-3001,Private      ,20,52,72,20,52,72
02158200,WSHNGTN-SARTGA-WARN-HMLTN-ESX BOCES     ,NY,12839-1051,Public       ,4,12,16,4,12,16
02160100,GENEVA GENERAL HOSPITAL                 ,NY,14456-0000,Private      ,20,68,88,20,68,88
02163400,NEW YORK CAREER INSTITUTE               ,NY,10007-2801,Proprietary  ,68,214,282,68,214,282
02169100,DAVIS COLLEGE                           ,NY,13790-0000,Private      ,65,47,112,65,47,112
02170000,SWEDISH INSTITUTE                       ,NY,10001-0000,Proprietary  ,65,220,285,65,220,285
02170200,ALBANY SCHOHARIE SCHENECTADY            ,NY,12205-0000,Public       ,15,19,34,15,19,34
02171900,AILEY SCHOOL (THE)                      ,NY,10019-4402,Private      ,77,35,112,77,35,112
02172100,HAMILTON-FULTON-MONTGOMERY BOCES        ,NY,12095-0665,Public       ,5,17,22,5,17,22
02172800,DUTCHESS COUNTY BOCES SCH PRAC NURS     ,NY,12601-0000,Public       ,22,46,68,22,46,68
02173200,EMPIRE BEAUTY SCHOOL                    ,NY,10001-0000,Proprietary  ,133,252,385,133,252,385
02173900,ULSTER COUNTY BOCES PRACTICAL NRSG      ,NY,12466-0000,Public       ,11,46,57,11,46,57
02176000,CHERYL FELL'S SCHOOL OF BUSINESS        ,NY,14304-0000,Proprietary  ,3,5,8,3,5,8
02179400,EASTERN SUFFOLK BOCES                   ,NY,11713-0000,Public       ,37,77,114,37,77,114
02182200,NEW SCHOOL OF RADIO & TELEVISION        ,NY,12206-1106,Proprietary  ,21,29,50,21,29,50
02187300,DARKEI NOAM RABBINICAL COLLEGE          ,NY,11210-0000,Private      ,0,1,1,0,1,1
02191600,TORAH TEMIMAH TALMUDICAL SEMINARY       ,NY,11218-0000,Private      ,3,0,3,3,0,3
02192500,BELLEVUE HOSP CTR SCH RAD TECH          ,NY,10016-0000,Public       ,7,50,57,7,50,57
02199300,ORLEANS-NIAGARA BOCES                   ,NY,14132-0000,Public       ,7,21,28,7,21,28
02206000,HUNTER BUSINESS SCHOOL                  ,NY,11756-0000,Proprietary  ,61,120,181,61,120,181
02217800,D.HOPFER SCH NURSING AT MT.VRN HOSP     ,NY,10550-0000,Private      ,22,75,97,22,75,97
02219500,MILDRED ELLEY                           ,NY,12206-1513,Proprietary  ,33,303,336,33,303,336
02235600,ERIE 2-CHAUTAUQUA-CATTARAUGUS BOCES     ,NY,14006-0000,Public       ,6,11,17,6,11,17
02265100,YESHIVA DERECH CHAIM                    ,NY,11218-0000,Private      ,4,0,4,4,0,4
02265200,GLOBAL BUSINESS INSTITUTE               ,NY,11691-0000,Private      ,3,20,23,3,20,23
02272900,ROCKLAND COUNTY BOCES PRAC NRSG SCH     ,NY,10994-0000,Public       ,17,13,30,17,13,30
02275900,"MODERN WELDING SCHOOL, INC.             ",NY,12304-0000,Proprietary  ,12,27,39,12,27,39
02287800,NATIONAL TRACTOR TRAILER SCHOOL         ,NY,13088-2505,Proprietary  ,2,41,43,2,41,43
02294900,INSTITUTE OF AUDIO RESEARCH             ,NY,10003-0000,Proprietary  ,75,98,173,75,98,173
02306500,PROFESSIONAL BUSINESS INSTITUTE         ,NY,10002-0000,Private      ,67,159,226,67,159,226
02314200,NORTHERN WESTCHESTER SCH COSMETOL       ,NY,10566-0000,Proprietary  ,0,5,5,0,5,5
02320100,OHR SOMAYACH TANENBAUM EDUCATIONAL CENTE,NY,10952-0000,Private      ,1,0,1,1,0,1
02350600,YESHIVA AND KOLLEL HARBOTZAS TORAH      ,NY,11230-0000,Private      ,0,1,1,0,1,1
02491400,SPANISH AMERICAN INSTITUTE              ,NY,10036-0000,Private      ,1,4,5,1,4,5
02505900,SH-OR YOSHUV RABBINICAL COLLEGE         ,NY,11691-0000,Private      ,2,1,3,2,1,3
02506000,ASSOCIATED BETH RIVKAH SCHOOLS          ,NY,11225-0000,Private      ,11,1,12,11,1,12
02506100,CITY UNIV OF NEW YORK-CENTRAL           ,NY,10021-0000,Public       ,2355,808,3163,2355,808,3163
02506800,YESHIVAT MIKDASH MELECH                 ,NY,11230-0000,Private      ,8,0,8,8,0,8
02511500,JOFFREY BALLET SCHOOL                   ,NY,10011-0000,Proprietary  ,69,6,75,69,6,75
02513500,MAR JON SCHOOL OF BEAUTY CULTURE        ,NY,14150-0000,Proprietary  ,8,11,19,8,11,19
02525600,ART INSTITUTE OF NEW YORK CITY (THE)    ,NY,10013-2429,Proprietary  ,1030,559,1589,1030,559,1589
02540800,"GLOBE INSTITUTE OF TECHNOLOGY, INC.     ",NY,10007-0000,Proprietary  ,81,62,143,81,62,143
02546000,TRI-STATE COLLEGE OF ACUPUNCTURE        ,NY,10011-0000,Proprietary  ,0,24,24,0,24,24
02556700,SEMINAR L'MOROS BAIS YAAKOV             ,NY,11219-0000,Private      ,14,1,15,14,1,15
02572900,BUSINESS INFORMATICS CENTER             ,NY,11580-0000,Proprietary  ,5,5,10,5,5,10
02575400,FRENCH CULINARY INSTITUTE               ,NY,10013-2618,Proprietary  ,185,285,470,185,285,470
02587600,ORLO SCH HAIR DESIGN & COSMETOLOGY      ,NY,12206-1723,Proprietary  ,11,18,29,11,18,29
02599400,NEW YORK COLLEGE OF HEALTH PROFESSIONS  ,NY,11791-4413,Private      ,76,273,349,76,273,349
02600100,NEW YORK ACADEMY OF ART (THE)           ,NY,10013-2911,Private      ,136,181,317,136,181,317
02614900,SANFORD-BROWN INSTITUTE                 ,NY,10604-2910,Proprietary  ,28,119,147,28,119,147
02615001,SANFORD-BROWN COLLEGE - SANFORD-BROWN IN,NY,11530-4734,Proprietary  ,59,174,233,59,174,233
02616600,SHEAR EGO INTERNATIONAL SCHOOL OF HAIR D,NY,14617-3501,Proprietary  ,15,29,44,15,29,44
02617000,CONTINENTAL SCH OF BEAUTY CULTURE       ,NY,14020-0000,Proprietary  ,5,6,11,5,6,11
02617002,CONTINENTAL SCHOOL OF BEAUTY CULTURE  - ,NY,14020-1908,Proprietary  ,3,3,6,3,3,6
02622900,BAIS MEDRASH ELYON                      ,NY,10952-3013,Private      ,0,1,1,0,1,1
03007200,DANCE THEATRE OF HARLEM                 ,NY,10031-0000,Private      ,21,20,41,21,20,41
03027701,PACIFIC COLLEGE OF ORIENTAL MEDICINE - N,NY,10010-7108,Proprietary  ,19,202,221,19,202,221
03081600,DELAWARE CHENANGO MADISON OT. BOCES     ,NY,13815-9554,Public       ,10,22,32,10,22,32
03089700,COMPUTER CAREER CENTER                  ,NY,11530-3334,Proprietary  ,18,41,59,18,41,59
03095500,ASA INST BUSINESS & COMPUTER TECH       ,NY,11201-5208,Proprietary  ,212,234,446,212,234,446
03096200,CHARLES STUART SCHOOL                   ,NY,11229-2004,Proprietary  ,6,13,19,6,13,19
03103700,ADIRONDACK BEAUTY SCHOOL                ,NY,12801-3158,Proprietary  ,6,18,24,6,18,24
03104900,SULLIVAN COUNTY BOCES                   ,NY,12754-2116,Public       ,6,18,24,6,18,24
03115300,GENESEE VALLEY BOCES                    ,NY,14020-1099,Public       ,22,30,52,22,30,52
03120700,NEW YORK CONSERVATORY FOR DRAMATIC ARTS ,NY,10011-4225,Proprietary  ,338,104,442,338,104,442
03127100,YESHIVAS NOVOMINSK                      ,NY,11219-0000,Private      ,5,0,5,5,0,5
03129200,RABBINICAL CLG OHR SHIMAR YISROEL       ,NY,11211-8102,Private      ,1,1,2,1,1,2
03147300,YESHIVA D'MONSEY                        ,NY,10952-3106,Private      ,1,0,1,1,0,1
03169300,STUDIO JEWELERS                         ,NY,10016-4112,Proprietary  ,3,10,13,3,10,13
03191300,CUNY SCHOOL OF LAW @ QUEENS COLLEGE     ,NY,11367-0000,Public       ,247,642,889,247,642,889
03193300,MANHATTAN SCHOOL OF COMPUTER TECH       ,NY,11230-1617,Private      ,63,88,151,63,88,151
03203300,NEW YORK INSTITUTE OF MASSAGE           ,NY,14221-6021,Proprietary  ,10,42,52,10,42,52
03216300,UNIFICATION THEOLOGICAL SEMINARY        ,NY,12507-5021,Private      ,1,7,8,1,7,8
03328300,FRANKLIN CAREER INSTITUTE               ,NY,11550-3003,Private      ,8,23,31,8,23,31
03328301,FRANKLIN CAREER INSTITUTE - BROOKLYN    ,NY,11220-3110,Private      ,28,84,112,28,84,112
03342400,AMERICAN BARBER INSTITUTE               ,NY,10001-5271,Proprietary  ,13,42,55,13,42,55
03358300,ALLEN SCHOOL                            ,NY,11432-4901,Proprietary  ,34,295,329,34,295,329
03358301,ALLEN SCHOOL - BROOKLYN                 ,NY,11201-0000,Proprietary  ,52,188,240,52,188,240
03380300,STAR CAREER ACADEMY                     ,NY,11791-5311,Proprietary  ,19,65,84,19,65,84
03419400,NORTHEASTERN SEMINARY                   ,NY,14624-1997,Private      ,23,29,52,23,29,52
03426400,ANTHEM INSTITUTE                        ,NY,10018-0000,Proprietary  ,4,8,12,4,8,12
03433500,LIA SCHORR INSTITUTE OF COSMETIC SK     ,NY,10022-2614,Proprietary  ,3,16,19,3,16,19
03443300,NEW YORK COLLEGE OF TRADITIONAL CHINESE ,NY,11501-0000,Private      ,1,13,14,1,13,14
03537300,NEW YORK AUTOMOTIVE & DIESEL INSTIT     ,NY,11101-0000,Proprietary  ,19,48,67,19,48,67
03568300,LEON STUDIO ONE SCHOOL OF HAIR DESI     ,NY,14221-5323,Proprietary  ,12,12,24,12,12,24
03651300,SAINT JOSEPH'S MEDICAL CENTER SCHOO     ,NY,10701-4080,Private      ,12,12,24,12,12,24
03652300,METROPOLITAN LEARNING INSTITUTE         ,NY,11374-2101,Private      ,6,96,102,6,96,102
03665400,CHRISTIE'S EDUCATION                    ,NY,10036-8002,Proprietary  ,4,27,31,4,27,31
03713300,BEIS MEDRASH HEICHAL DOVID              ,NY,11691-4433,Private      ,2,0,2,2,0,2
03773300,CENTER FOR NATURAL WELLNESS SCHOOL OF MA,NY,12205-1601,Proprietary  ,10,44,54,10,44,54
03809400,MICROPOWER CAREER INSTITUTE             ,NY,10001-2812,Proprietary  ,6,36,42,6,36,42
03839300,AVEDA INSTITUTE NEW YORK                ,NY,10013-1522,Proprietary  ,59,114,173,59,114,173
03881300,UNION GRADUATE COLLEGE                  ,NY,12308-3131,Private      ,12,57,69,12,57,69
03903400,AMERICAN BEAUTY SCHOOL                  ,NY,10462-8003,Proprietary  ,47,100,147,47,100,147
03941400,ELITE ACADEMY OF BEAUTY ARTS            ,NY,11223-1630,Proprietary  ,7,22,29,7,22,29
03983300,"SCHOOL OF PROFESSIONAL HORTICULTURE, AT ",NY,10458-5126,Private      ,5,19,24,5,19,24
03988300,"SAE INSTITUTE OF TECHNOLOGY, NEW YORK   ",NY,10001-2915,Proprietary  ,110,154,264,110,154,264
04043300,ACE COMPUTER TRAINING CENTER            ,NY,11375-5337,Proprietary  ,7,34,41,7,34,41
04092401,MAKE-UP DESIGNORY -                     ,NY,10012-0041,Proprietary  ,127,107,234,127,107,234
04095300,KING'S COLLEGE (THE)                    ,NY,10018-0110,Private      ,762,72,834,762,72,834
04102300,NEW AGE TRAINING                        ,NY,10001-4006,Proprietary  ,3,29,32,3,29,32
04117100,EDP SCHOOL OF COMPUTER PROGRAMMING      ,NY,11235-0000,Private      ,5,31,36,5,31,36
04117700,"MONROE 2-ORLEANS BOCES, CENTER FOR WORK ",NY,14624-1119,Public       ,46,70,116,46,70,116
04123200,INSTITUTE OF ALLIED MEDICAL PROFESSIONS ,NY,11373-5541,Private      ,9,28,37,9,28,37
04123300,HUDSON VALLEY SCHOOL OF MASSAGE THERAPY ,NY,12493-0000,Proprietary  ,2,2,4,2,2,4
04125600,CAREER SCHOOL OF NY                     ,NY,10301-2416,Private      ,27,27,54,27,27,54
04131500,COLLECTIVE (THE)                        ,NY,10011-2026,Proprietary  ,6,10,16,6,10,16
04133700,NEW YORK MEDICAL CAREER TRAINING CENTER ,NY,11354-6504,Proprietary  ,11,37,48,11,37,48
04134000,"JOHN PAOLO'S XTREME BEAUTY INSTITUTE, GO",NY,12020-1245,Proprietary  ,3,13,16,3,13,16
04134001,"JOHN PAOLO'S XTREME BEAUTY INSTITUTE, GO",NY,13417-1319,Proprietary  ,13,26,39,13,26,39
04137700,ANN MARIE'S WORLD OF BEAUTY SCHOOL      ,NY,13901-2308,Proprietary  ,7,11,18,7,11,18
04144300,INSTITUTE OF CULINARY EDUCATION         ,NY,10010-5205,Proprietary  ,215,274,489,215,274,489
04148000,NEW LIFE BUSINESS INSTITUTE             ,NY,11432-6149,Proprietary  ,3,18,21,3,18,21
04151200,SALON PROFESSIONAL ACADEMY (THE)        ,NY,14150-9200,Proprietary  ,19,17,36,19,17,36
04155300,ONONDAGA SCHOOL OF THERAPEUTIC MASSAGE  ,NY,13210-1533,Proprietary  ,22,78,100,22,78,100
04156000,ACADEMY OF COSMETOLOGY & ESTHETICS NYC (,NY,10306-3003,Proprietary  ,68,61,129,68,61,129
04157500,ACCESS CAREERS                          ,NY,11201-5826,Proprietary  ,14,59,73,14,59,73
04165700,"JOHN PAOLO'S XTREME BEAUTY INSTITUTE, GO",NY,12110-3053,Proprietary  ,4,10,14,4,10,14
04166000,MANHATTAN INSTITUTE (THE)               ,NY,10016-6516,Proprietary  ,62,81,143,62,81,143
04167600,FINGER LAKES SCHOOL OF MASSAGE (THE)    ,NY,14850-1384,Proprietary  ,21,38,59,21,38,59
04167601,FINGER LAKES SCHOOL OF MASSAGE (THE) -  ,NY,10549-1103,Proprietary  ,2,12,14,2,12,14
04178700,ATELIER ESTHETIQUE INSTITUTE OF ESTHETIC,NY,10016-8804,Proprietary  ,10,54,64,10,54,64
04179800,SOTHEBY'S INSTITUTE OF ART - NY         ,NY,10022-6717,Proprietary  ,14,71,85,14,71,85
04180200,LONG ISLAND NAIL & SKIN CARE INSTITUTE  ,NY,11756-1316,Proprietary  ,4,15,19,4,15,19
04189000,LONG ISLAND BARBER INSTITUTE (THE)      ,NY,11550-6317,Proprietary  ,3,14,17,3,14,17
04190500,NEW YORK SCHOOL OF ESTHETICS & DAY SPA  ,NY,10591-3232,Proprietary  ,2,17,19,2,17,19
04204300,AESTHETIC SCIENCE INSTITUTE (THE)       ,NY,12110-1095,Proprietary  ,11,20,31,11,20,31
04206200,DIGITAL FILM ACADEMY                    ,NY,10036-3708,Proprietary  ,83,89,172,83,89,172
04208600,RELAY SCHOOL OF EDUCATION               ,NY,10011-4233,Private      ,1,33,34,1,33,34
04210700,NEW YORK INSTITUTE OF BEAUTY            ,NY,11749-1479,Proprietary  ,3,7,10,3,7,10
04212500,CACTUS ACADEMY (THE)                    ,NY,11530-3402,Proprietary  ,12,9,21,12,9,21
00267808,BRYANT & STRATTON COLLEGE - PARMA       ,OH,44130-0000,Proprietary  ,222,1240,1462,222,1240,1462
00301000,ANTIOCH UNIVERSITY                      ,OH,45387-1608,Private      ,204,287,491,204,287,491
00301100,ART ACADEMY OF CINCINNATI               ,OH,45202-7106,Private      ,311,99,410,311,99,410
00301200,ASHLAND UNIVERSITY                      ,OH,44805-3799,Private      ,2826,1142,3968,2826,1142,3968
00301300,ATHENAEUM OF OHIO                       ,OH,45230-2000,Private      ,4,5,9,4,5,9
00301400,BALDWIN-WALLACE COLLEGE                 ,OH,44017-2088,Private      ,3629,764,4393,3629,764,4393
00301600,BLUFFTON UNIVERSITY                     ,OH,45817-2104,Private      ,1156,164,1320,1156,164,1320
00301800,BOWLING GREEN STATE UNIVERSITY          ,OH,43403-0001,Public       ,15555,3160,18715,15555,3160,18715
00302300,CAPITAL UNIVERSITY                      ,OH,43209-2394,Private      ,3272,1478,4750,3272,1478,4750
00302400,CASE WESTERN RESERVE UNIV               ,OH,44106-0000,Private      ,9164,995,10159,9164,995,10159
00302401,CASE WESTERN RESERVE UNIV - MED         ,OH,44106-0000,Private      ,71,728,799,71,728,799
00302402,CASE WESTERN RESERVE UNIV - DENTAL      ,OH,44106-0000,Private      ,31,156,187,31,156,187
00302403,CASE WESTERN RESERVE UNIV - LAW         ,OH,44106-0000,Private      ,22,515,537,22,515,537
00302404,CASE WESTERN RESERVE UNIV - UG          ,OH,44106-0000,Private      ,146,18,164,146,18,164
00302405,CASE WESTERN RESERVE UNIV - MSASS       ,OH,44106-0000,Private      ,14,302,316,14,302,316
00302406,CASE WESTERN RESERVE UNIV - NURS UG     ,OH,44106-0000,Private      ,198,88,286,198,88,286
00302407,CASE WESTERN RESERVE UNIV - WSOM        ,OH,44106-0000,Private      ,21,72,93,21,72,93
00302408,CASE WESTERN RESERVE UNIV -A&S GRAD     ,OH,44106-0000,Private      ,8,156,164,8,156,164
00302409,CASE WESTERN RESERVE UNIV -ENG GRAD     ,OH,44106-0000,Private      ,32,43,75,32,43,75
00302410,CASE WESTERN RESERVE UNIV -NURS GRD     ,OH,44106-0000,Private      ,8,179,187,8,179,187
00302500,CEDARVILLE UNIVERSITY                   ,OH,45314-8564,Private      ,3176,193,3369,3176,193,3369
00302600,CENTRAL STATE UNIVERSITY                ,OH,45384-1004,Public       ,2186,874,3060,2186,874,3060
00302900,CINCINNATI CHRISTIAN UNIVERSITY         ,OH,45204-3200,Private      ,330,268,598,330,268,598
00303000,OHIO CHRISTIAN UNIVERSITY               ,OH,43113-9487,Private      ,444,1240,1684,444,1240,1684
00303100,CLEVELAND INSTITUTE OF MUSIC            ,OH,44106-1776,Private      ,338,346,684,338,346,684
00303200,CLEVELAND STATE UNIVERSITY              ,OH,44115-2214,Public       ,6846,5757,12603,6846,5757,12603
00303300,COLLEGE OF MT ST JOSEPH                 ,OH,45233-1670,Private      ,1562,789,2351,1562,789,2351
00303500,OHIO DOMINICAN UNIVERSITY               ,OH,43219-2099,Private      ,1671,1180,2851,1671,1180,2851
00303600,FRANCISCAN UNIV OF STEUBENVILLE         ,OH,43952-1763,Private      ,1703,254,1957,1703,254,1957
00303700,COLLEGE OF WOOSTER                      ,OH,44691-2363,Private      ,2969,83,3052,2969,83,3052
00303900,COLUMBUS COLLEGE OF ART AND DESIGN      ,OH,43215-1758,Private      ,1282,402,1684,1282,402,1684
00304000,CUYAHOGA COMMUNITY COLLEGE              ,OH,44115-2878,Public       ,4434,7739,12173,4434,7739,12173
00304100,"DEFIANCE COLLEGE, THE                   ",OH,43512-1695,Private      ,1062,217,1279,1062,217,1279
00304200,DENISON UNIVERSITY                      ,OH,43023-1329,Private      ,2643,90,2733,2643,90,2733
00304300,CHANCELLOR UNIVERSITY                   ,OH,44114-0000,Proprietary  ,18,118,136,18,118,136
00304400,TRINITY LUTHERAN SEMINARY               ,OH,43209-0000,Private      ,2,65,67,2,65,67
00304500,UNIVERSITY OF FINDLAY                   ,OH,45840-3695,Private      ,2694,736,3430,2694,736,3430
00304600,FRANKLIN UNIVERSITY                     ,OH,43215-5399,Private      ,627,4910,5537,627,4910,5537
00304800,HEIDELBERG UNIVERSITY                   ,OH,44883-2462,Private      ,1488,185,1673,1488,185,1673
00304900,HIRAM COLLEGE                           ,OH,44234-1808,Private      ,1380,166,1546,1380,166,1546
00305000,JOHN CARROLL UNIVERSITY                 ,OH,44118-4581,Private      ,3710,448,4158,3710,448,4158
00305100,KENT STATE UNIVERSITY                   ,OH,44242-0001,Public       ,19603,6509,26112,19603,6509,26112
00305101,KENT STATE UNIVERSITY - GEAUGA CAMPUS   ,OH,44021-9500,Public       ,414,485,899,414,485,899
00305102,KENT STATE UNIVERSITY - STARK CAMPUS    ,OH,44720-7599,Public       ,1846,1590,3436,1846,1590,3436
00305103,KENT STATE UNIVERSITY - TUSCARAWAS CAMPU,OH,44663-9403,Public       ,567,681,1248,567,681,1248
00305104,KENT STATE UNIVERSITY - TRUMBULL CAMPUS ,OH,44483-1998,Public       ,652,1015,1667,652,1015,1667
00305105,KENT STATE UNIVERSITY - ASHTABULA CAMPUS,OH,44004-2299,Public       ,498,981,1479,498,981,1479
00305106,KENT STATE UNIVERSITY - EAST LIVERPOOL C,OH,43920-3497,Public       ,268,408,676,268,408,676
00305107,KENT STATE UNIVERSITY - SALEM CAMPUS    ,OH,44460-9412,Public       ,578,582,1160,578,582,1160
00305143,KENT STATE UNIVERSITY - COLLEGE OF PODIA,OH,44131-2330,Public       ,18,201,219,18,201,219
00306500,KENYON COLLEGE                          ,OH,43022-9623,Private      ,2445,48,2493,2445,48,2493
00306600,LAKE ERIE COLLEGE                       ,OH,44077-3389,Private      ,968,177,1145,968,177,1145
00306800,LORAIN COUNTY COMMUNITY COLLEGE         ,OH,44035-1691,Public       ,1553,2347,3900,1553,2347,3900
00306900,LOURDES COLLEGE                         ,OH,43560-2898,Private      ,761,722,1483,761,722,1483
00307200,MALONE UNIVERSITY                       ,OH,44709-3897,Private      ,1446,616,2062,1446,616,2062
00307300,MARIETTA COLLEGE                        ,OH,45750-4033,Private      ,2073,193,2266,2073,193,2266
00307500,METHODIST THEOLOGICAL SCH IN OHIO       ,OH,43015-0000,Private      ,1,74,75,1,74,75
00307700,MIAMI UNIVERSITY                        ,OH,45056-1831,Public       ,19149,3263,22412,19149,3263,22412
00307800,WRIGHT STATE UNIVERSITY                 ,OH,45435-0002,Public       ,9850,5764,15614,9850,5764,15614
00308300,UNIVERSITY OF MOUNT UNION               ,OH,44601-3993,Private      ,2514,186,2700,2514,186,2700
00308400,MUSKINGUM UNIVERSITY                    ,OH,43762-1199,Private      ,1564,236,1800,1564,236,1800
00308500,NOTRE DAME COLLEGE OF OHIO              ,OH,44121-4293,Private      ,1608,619,2227,1608,619,2227
00308600,OBERLIN COLLEGE                         ,OH,44074-1090,Private      ,4108,122,4230,4108,122,4230
00308900,OHIO NORTHERN UNIVERSITY                ,OH,45810-1555,Private      ,2831,507,3338,2831,507,3338
00309000,OHIO STATE UNIVERSITY-ALL CAMPUSES      ,OH,43210-1358,Public       ,46734,15934,62668,46734,15934,62668
00310000,OHIO UNIVERSITY                         ,OH,45701-2979,Public       ,19281,5895,25176,19281,5895,25176
00310002,"OHIO UNIVERSITY, ZANESVILLE CAMPUS      ",OH,43701-0000,Public       ,852,771,1623,852,771,1623
00310003,"OHIO UNIVERSITY, LANCASTER CAMPUS       ",OH,43130-0000,Public       ,944,952,1896,944,952,1896
00310004,"OHIO UNIVERSITY, SOUTHERN CAMPUS        ",OH,45638-0000,Public       ,528,781,1309,528,781,1309
00310005,"OHIO UNIVERSITY, CHILLICOTHE CAMPUS     ",OH,45601-0000,Public       ,680,930,1610,680,930,1610
00310006,"OHIO UNIVERSITY, EASTERN CAMPUS         ",OH,43950-0000,Public       ,343,169,512,343,169,512
00310008,OHIO UNIV COLL OF OSTEOPATHIC MED       ,OH,45701-0000,Public       ,10,192,202,10,192,202
00310900,OHIO WESLEYAN UNIVERSITY                ,OH,43015-2398,Private      ,2843,111,2954,2843,111,2954
00311000,OTTERBEIN UNIVERSITY                    ,OH,43081-2006,Private      ,3163,494,3657,3163,494,3657
00311300,PONTIFICAL COLLEGE JOSEPHINUM           ,OH,43235-1498,Private      ,27,7,34,27,7,34
00311400,FIRELANDS REGIONAL MEDICAL CENTER - SOUT,OH,44870-4788,Private      ,32,81,113,32,81,113
00311600,UNIV OF RIO GRANDE                      ,OH,45674-3131,Private      ,905,818,1723,905,818,1723
00311900,SINCLAIR COMMUNITY COLLEGE              ,OH,45402-1460,Public       ,3625,5540,9165,3625,5540,9165
00312100,TIFFIN UNIVERSITY                       ,OH,44883-2161,Private      ,1852,2713,4565,1852,2713,4565
00312200,UNITED THEOLOGICAL SEMINARY             ,OH,45406-0000,Private      ,2,284,286,2,284,286
00312300,UNIVERSITY OF AKRON                     ,OH,44325-6211,Public       ,13255,6495,19750,13255,6495,19750
00312500,UNIVERSITY OF CINCINNATI                ,OH,45221-0125,Public       ,19690,9992,29682,19690,9992,29682
00312504,UNIVERSITY OF CINCINNATI - MEDICINE     ,OH,45267-0553,Public       ,277,871,1148,277,871,1148
00312700,UNIVERSITY OF DAYTON                    ,OH,45469-0002,Private      ,11323,1771,13094,11323,1771,13094
00313100,UNIVERSITY OF TOLEDO                    ,OH,43606-3390,Public       ,11408,4775,16183,11408,4775,16183
00313300,URBANA UNIVERSITY                       ,OH,43078-2091,Private      ,615,321,936,615,321,936
00313400,URSULINE COLLEGE                        ,OH,44124-4398,Private      ,425,512,937,425,512,937
00313500,WALSH UNIVERSITY                        ,OH,44720-3396,Private      ,2231,671,2902,2231,671,2902
00314100,WILBERFORCE UNIVERSITY                  ,OH,45384-1001,Private      ,358,182,540,358,182,540
00314200,WILMINGTON COLLEGE                      ,OH,45177-2499,Private      ,1643,272,1915,1643,272,1915
00314300,WITTENBERG UNIVERSITY                   ,OH,45501-2199,Private      ,3504,235,3739,3504,235,3739
00314400,XAVIER UNIVERSITY                       ,OH,45207-1035,Private      ,7230,1596,8826,7230,1596,8826
00314500,YOUNGSTOWN STATE UNIVERSITY             ,OH,44555-0001,Public       ,6140,3424,9564,6140,3424,9564
00398200,CLEVELAND INSTITUTE OF ART              ,OH,44106-1700,Private      ,854,170,1024,854,170,1024
00406000,WINEBRENNER THEOLOGICAL SEMINARY        ,OH,45840-0000,Private      ,1,23,24,1,23,24
00485200,CLARK STATE COMMUNITY COLLEGE           ,OH,45505-4795,Public       ,810,1968,2778,810,1968,2778
00485300,BRADFORD SCHOOL                         ,OH,43219-0000,Proprietary  ,309,255,564,309,255,564
00485500,DAVIS COLLEGE                           ,OH,43623-4307,Proprietary  ,41,217,258,41,217,258
00486100,UNIVERSITY OF NORTHWESTERN OHIO         ,OH,45805-1498,Private      ,3092,833,3925,3092,833,3925
00486600,STAUTZENBERGER COLLEGE                  ,OH,43537-4007,Proprietary  ,112,314,426,112,314,426
00489811,MCCANN SCHOOL OF BUSINESS & TECHNOLOGY -,OH,45402-1724,Proprietary  ,14,28,42,14,28,42
00489814,MCCANN SCHOOL OF BUSINESS & TECHNOLOGY -,OH,44131-2309,Proprietary  ,0,14,14,0,14,14
00489817,MCCANN SCHOOL OF BUSINESS & TECHNOLOGY -,OH,45241-5428,Proprietary  ,2,9,11,2,9,11
00510200,SCH OF DIAGNOSTIC IMAGING-CLEVELAND     ,OH,44119-0000,Private      ,3,10,13,3,10,13
00531300,NORTH CENTRAL STATE COLLEGE             ,OH,44901-0000,Public       ,680,1020,1700,680,1020,1700
00575300,OWENS STATE COMMUNITY COLLEGE           ,OH,43699-0000,Public       ,2303,3433,5736,2303,3433,5736
00648700,AULTMAN COLLEGE OF NURSING AND HEALTH SC,OH,44710-1799,Private      ,108,240,348,108,240,348
00648900,CHRIST COLLEGE OF NURSING AND HEALTH SCI,OH,45219-2906,Private      ,177,330,507,177,330,507
00649400,GOOD SAMARITAN COLG-NURSING/HEALTH      ,OH,45220-2489,Private      ,179,290,469,179,290,469
00650700,TRINIT HEALTH SYSTEM SCH OF NURSING     ,OH,43952-2667,Private      ,29,68,97,29,68,97
00680400,LAKELAND COMMUNITY COLLEGE              ,OH,44094-5198,Public       ,1280,2305,3585,1280,2305,3585
00686700,COLUMBUS STATE COMMUNITY COLLEGE        ,OH,43215-1786,Public       ,6445,9002,15447,6445,9002,15447
00703500,KETTERING COLLEGE OF MEDICAL ARTS       ,OH,45429-1299,Private      ,379,386,765,379,386,765
00708500,MOUNT VERNON NAZARENE UNIVERSITY        ,OH,43050-9500,Private      ,1121,399,1520,1121,399,1520
00708501,MOUNT VERNON NAZARENE UNIV - AGS        ,OH,43050-0000,Private      ,58,295,353,58,295,353
00727500,EASTERN GATEWAY COMMUNITY COLLEGE       ,OH,43952-3598,Public       ,371,668,1039,371,668,1039
00732920,ITT TECHNICAL INSTITUTE                 ,OH,45414-3456,Proprietary  ,156,341,497,156,341,497
00732992,ITT TECHNICAL INSTITUTE                 ,OH,44509-4098,Proprietary  ,161,607,768,161,607,768
00747300,CHOFFIN CAREER & TECHNICAL CENTER       ,OH,44503-1628,Public       ,43,114,157,43,114,157
00759800,HOCKING TECHNICAL COLLEGE               ,OH,45764-9582,Public       ,1476,1176,2652,1476,1176,2652
00777700,REMINGTON COLLEGE - CLEVELAND CAMPUS    ,OH,44125-1957,Private      ,91,411,502,91,411,502
00777704,REMINGTON COLLEGE-CLEVELAND WEST CAMPUS ,OH,44070-3129,Private      ,19,46,65,19,46,65
00812900,ADULT AND COMMUNITY EDUCATION @ HUDSON  ,OH,43211-2017,Public       ,23,162,185,23,162,185
00813200,TOLEDO SCHOOL OF PRACTICAL NURSING      ,OH,43613-5110,Public       ,68,174,242,68,174,242
00813300,ZANE STATE COLLEGE                      ,OH,43701-2626,Public       ,649,855,1504,649,855,1504
00819400,AKRON SCHOOL OF PRACTICAL NRSG          ,OH,44311-0000,Public       ,106,124,230,106,124,230
00827800,TERRA COMMUNITY COLLEGE                 ,OH,43420-9670,Public       ,323,591,914,323,591,914
00867700,NORTHWEST STATE COMMUNITY COLLEGE       ,OH,43502-9542,Public       ,458,651,1109,458,651,1109
00888600,PORTAGE LAKES CAREER CENTER             ,OH,44685-9554,Public       ,2,27,29,2,27,29
00908803,ITT TECHNICAL INSTITUTE                 ,OH,44136-1758,Proprietary  ,0,1,1,0,1,1
00915600,WAYNE COUNTY SCHOOLS CAREER CENTER      ,OH,44677-9672,Public       ,25,59,84,25,59,84
00941200,FORTIS COLLEGE                          ,OH,44221-2998,Proprietary  ,38,277,315,38,277,315
00953000,GERBER AKRON BEAUTY SCHOOL              ,OH,44313-6995,Proprietary  ,15,38,53,15,38,53
00953100,SPA SCHOOL (THE)                        ,OH,43214-1524,Proprietary  ,20,115,135,20,115,135
00966000,TIFFIN ACADEMY OF HAIR DESIGN           ,OH,44883-2833,Proprietary  ,10,16,26,10,16,26
00994100,BELMONT TECHNICAL COLLEGE               ,OH,43950-9766,Public       ,315,371,686,315,371,686
00994200,SHAWNEE STATE UNIVERSITY                ,OH,45662-4344,Public       ,3024,1008,4032,3024,1008,4032
01001700,PAYNE THEOLOGICAL SEMINARY              ,OH,45384-0474,Private      ,0,30,30,0,30,30
01002700,JAMES A. RHODES STATE COLLEGE           ,OH,45804-3597,Public       ,831,853,1684,831,853,1684
01016800,NATIONWIDE BEAUTY ACADEMY               ,OH,43228-1000,Proprietary  ,37,90,127,37,90,127
01028000,OHIO STATE BEAUTY ACADEMY               ,OH,45801-0000,Proprietary  ,66,49,115,66,49,115
01032300,HANNAH E MULLINS SCH-PRAC NRSG          ,OH,44460-2906,Public       ,10,28,38,10,28,38
01034500,CINCINNATI STATE TECH & COMM CLG        ,OH,45223-2690,Public       ,2638,4564,7202,2638,4564,7202
01045300,WASHINGTON STATE CMTY COLLEGE           ,OH,45750-9225,Public       ,415,373,788,415,373,788
01063000,NORTHERN INSTITUTE OF COSMETOLOGY       ,OH,44052-1803,Proprietary  ,2,16,18,2,16,18
01073600,MARION TECHNICAL COLLEGE                ,OH,43302-5694,Public       ,506,847,1353,506,847,1353
01088000,CHATFIELD COLLEGE                       ,OH,45118-9705,Private      ,32,132,164,32,132,164
01088100,STARK STATE COLLEGE OF TECHNOLOGY       ,OH,44720-7299,Public       ,1582,3975,5557,1582,3975,5557
01090600,CINCINNATI CLG OF MORTUARY SCIENCE      ,OH,45224-1428,Private      ,37,82,119,37,82,119
01092300,UNION INSTITUTE & UNIVERSITY            ,OH,45206-1925,Private      ,17,741,758,17,741,758
01099300,HOBART INSTITUTE OF WELDING TECHNOLOGY  ,OH,45373-2400,Private      ,192,108,300,192,108,300
01100500,KAPLAN COLLEGE                          ,OH,43232-4827,Proprietary  ,65,320,385,65,320,385
01104600,CENTRAL OHIO TECHNICAL COLLEGE          ,OH,43055-1767,Public       ,887,2198,3085,887,2198,3085
01170300,PENTA COUNTY JOINT VOCATIONAL SCH       ,OH,43551-0000,Public       ,5,36,41,5,36,41
01174400,NATIONAL BEAUTY COLLEGE                 ,OH,44720-0000,Proprietary  ,15,51,66,15,51,66
01174500,OHIO TECHNICAL COLLEGE                  ,OH,44103-1228,Proprietary  ,865,383,1248,865,383,1248
01182500,OHIO STATE SCHOOL OF COSMETOLOGY        ,OH,43224-1107,Proprietary  ,51,130,181,51,130,181
01212800,SOUTHWESTERN COLLEGE                    ,OH,45402-3003,Proprietary  ,27,123,150,27,123,150
01212802,SOUTHWESTERN COLLEGE                    ,OH,45005-2267,Proprietary  ,1,7,8,1,7,8
01212803,SOUTHWESTERN COLLEGE                    ,OH,45202-4304,Proprietary  ,5,41,46,5,41,46
01212804,SOUTHWESTERN COLLEGE                    ,OH,45246-3121,Proprietary  ,22,129,151,22,129,151
01212806,LINCOLN COLLEGE OF TECHNOLOGY - TOLEDO  ,OH,43615-6800,Proprietary  ,40,88,128,40,88,128
01212807,LINCOLN COLLEGE OF TECHNOLOGY - COLUMBUS,OH,43215-3602,Proprietary  ,17,46,63,17,46,63
01212808,LINCOLN COLLEGE OF TECHNOLOGY - CLEVELAN,OH,44114-3266,Proprietary  ,43,137,180,43,137,180
01216600,CAROUSEL BEAUTY COLLEGE                 ,OH,45402-8935,Proprietary  ,24,76,100,24,76,100
01224800,CENTRAL SCHOOL OF PRACTICAL NURSING     ,OH,44103-0000,Private      ,43,152,195,43,152,195
01267200,CAROUSEL BEAUTY COLLEGE                 ,OH,45044-5113,Proprietary  ,3,8,11,3,8,11
01267400,CAROUSEL OF MIAMI VALLEY BEAUTY CLG     ,OH,45424-2063,Proprietary  ,4,14,18,4,14,18
01275000,EDISON COMMUNITY COLLEGE                ,OH,45356-9239,Public       ,515,911,1426,515,911,1426
01283800,LAURA AND ALVIN SIEGAL COLLEGE OF JUDAIC,OH,44122-7197,Private      ,1,3,4,1,3,4
01284800,MOLER-HOLLYWOOD BEAUTY COLLEGE          ,OH,45202-2577,Proprietary  ,17,35,52,17,35,52
01287000,SOUTHERN STATE COMMUNITY COLLEGE        ,OH,45133-9406,Public       ,489,803,1292,489,803,1292
01289100,ANTONELLI COLLEGE                       ,OH,45202-2592,Proprietary  ,45,171,216,45,171,216
01289600,VIRGINIA MARTI COLLEGE OF ART AND DESIGN,OH,44107-0778,Proprietary  ,58,62,120,58,62,120
01303922,SOUTH UNIVERSITY - CLEVELAND            ,OH,44128-5919,Proprietary  ,12,133,145,12,133,145
01313200,INTERNATIONAL CLG OF BROADCASTING       ,OH,45431-1898,Proprietary  ,21,42,63,21,42,63
02052000,KAPLAN COLLEGE                          ,OH,45439-1984,Proprietary  ,78,366,444,78,366,444
02054300,TRUMBULL BUSINESS COLLEGE               ,OH,44484-0000,Proprietary  ,8,91,99,8,91,99
02056800,DAYMAR COLLEGE                          ,OH,45601-1038,Proprietary  ,17,80,97,17,80,97
02056802,DAYMAR COLLEGE - LANCASTER              ,OH,43130-0000,Proprietary  ,6,49,55,6,49,55
02056803,DAYMAR COLLEGE - NEW BOSTON             ,OH,45662-4900,Proprietary  ,13,65,78,13,65,78
02056804,DAYMAR COLLEGE - JACKSON                ,OH,45640-1728,Proprietary  ,10,55,65,10,55,65
02066100,OHIO STATE COLLEGE/BARBER STYLING       ,OH,43213-0000,Proprietary  ,64,102,166,64,102,166
02073300,GALLIA-JACKSON-VINTON SCH ADULT ED      ,OH,45674-0000,Public       ,29,67,96,29,67,96
02110700,CLEVELAND INST OF DENTAL-MED ASST       ,OH,44115-2285,Proprietary  ,37,168,205,37,168,205
02116009,SANFORD-BROWN COLLEGE - MIDDLEBURG HEIGH,OH,44130-8362,Proprietary  ,31,189,220,31,189,220
02116900,UPPER VALLEY JVS                        ,OH,45356-0000,Public       ,12,58,70,12,58,70
02117300,GREAT OAKS INSTITUTE OF TECHNOLOGY      ,OH,45241-1581,Public       ,105,301,406,105,301,406
02128600,THE ART INSTITUTE OF CINCINNATI         ,OH,45246-0000,Proprietary  ,331,158,489,331,158,489
02140700,COMMUNITY EDUCATIONAL SERVICES          ,OH,44702-1710,Public       ,9,59,68,9,59,68
02158417,"HARRISON COLLEGE - COLUMBUS, OH         ",OH,43123-0000,Proprietary  ,17,83,100,17,83,100
02158500,OHIO BUSINESS COLLEGE                   ,OH,44035-0701,Proprietary  ,11,133,144,11,133,144
02158501,OHIO BUSINESS COLLEGE                   ,OH,44870-9953,Proprietary  ,13,70,83,13,70,83
02158503,OHIO BUSINESS COLLEGE - COLUMBUS        ,OH,43229-3523,Proprietary  ,66,153,219,66,153,219
02158504,OHIO BUSINESS COLLEGE - DAYTON          ,OH,45417-4094,Proprietary  ,19,53,72,19,53,72
02168100,TRI-COUNTY JOINT VOCATIONAL SCHOOL      ,OH,45764-0000,Public       ,15,54,69,15,54,69
02187900,ASHTABULA CO JOINT VOC SCH ADULT ED     ,OH,44047-0000,Public       ,13,52,65,13,52,65
02189000,ADULT CENTER FOR EDUCATION              ,OH,43701-0000,Public       ,33,109,142,33,109,142
02190700,FORTIS COLLEGE                          ,OH,45459-0000,Proprietary  ,140,1131,1271,140,1131,1271
02192100,BUTLER TECHNOLOGY AND CAREER DEVELOPMENT,OH,45011-0000,Public       ,100,193,293,100,193,293
02196300,COLLINS CAREER CENTER                   ,OH,45619-0000,Public       ,63,150,213,63,150,213
02210800,MEDINA COUNTY CAREER CENTER             ,OH,44256-0000,Public       ,13,39,52,13,39,52
02220500,GOD'S BIBLE SCHOOL & COLLEGE            ,OH,45210-0000,Private      ,53,29,82,53,29,82
02220800,CAREER & TECHNOLOGY EDUCATION CENTERS OF,OH,43055-0000,Public       ,53,115,168,53,115,168
02239800,PIONEER CAREER & TECHNOLOGY CENTER      ,OH,44875-0000,Public       ,5,19,24,5,19,24
02245600,WARREN COUNTY CAREER CENTER             ,OH,45036-0000,Public       ,28,119,147,28,119,147
02246300,INSTITUTE OF MEDICAL-DENTAL TECH        ,OH,45246-3317,Proprietary  ,36,104,140,36,104,140
02263700,MIAMI VALLEY CAREER TECHNOLOGY CTR      ,OH,45315-0000,Public       ,44,163,207,44,163,207
02269400,EASTERN HILLS ACAD OF HAIR DESIGN       ,OH,45255-0000,Proprietary  ,9,25,34,9,25,34
02269500,WESTERN HILLS SCHOOL OF BEAUTY & HAIR DE,OH,45211-0000,Proprietary  ,27,73,100,27,73,100
02270100,OHIO HI-POINT CAREER CENTER             ,OH,43311-0000,Public       ,8,54,62,8,54,62
02272700,COLUMBIANA COUNTY CAREER CENTER         ,OH,44432-0000,Public       ,17,53,70,17,53,70
02287900,RAPHAEL'S SCHOOL OF BEAUTY CULTURE      ,OH,44446-0000,Proprietary  ,10,53,63,10,53,63
02289802,KAPLAN COLLEGE                          ,OH,45203-0000,Proprietary  ,37,198,235,37,198,235
02301400,OHIO VALLEY COLLEGE OF TECHNOLOGY       ,OH,43920-9139,Proprietary  ,34,74,108,34,74,108
02304700,TRI-RIVERS CAREER CENTER                ,OH,43302-0000,Public       ,36,102,138,36,102,138
02311200,AMERICAN SCHOOL OF TECHNOLOGY           ,OH,43229-0000,Proprietary  ,30,157,187,30,157,187
02315500,TOLEDO ACADEMY OF BEAUTY CULTURE - EAST ,OH,43616-0000,Proprietary  ,6,46,52,6,46,52
02324400,ALLSTATE HAIRSTYLING & BARBER CLG       ,OH,44113-0000,Proprietary  ,30,130,160,30,130,160
02328500,MOLER-PICKENS BEAUTY COLLEGE            ,OH,45014-0000,Proprietary  ,2,16,18,2,16,18
02334300,INTERNATIONAL ACAD OF HAIR DESIGN       ,OH,45239-0000,Proprietary  ,23,55,78,23,55,78
02336300,KNOX COUNTY CAREER CENTER               ,OH,43050-4298,Public       ,28,112,140,28,112,140
02336700,CUYAHOGA VALLEY CAREER CENTER           ,OH,44141-1296,Public       ,21,70,91,21,70,91
02337700,PROFESSIONAL SKILLS INSTITUTE           ,OH,43607-0000,Proprietary  ,51,225,276,51,225,276
02342705,FORTIS COLLEGE -  RAVENNA CAMPUS        ,OH,44266-0000,Proprietary  ,42,146,188,42,146,188
02351500,WILLOUGHBY EASTLAKE SCH OF PRAC NSG     ,OH,44094-0000,Public       ,6,48,54,6,48,54
02352800,POLARIS CAREER CENTER-ADULT ED DEPT     ,OH,44130-0000,Public       ,28,112,140,28,112,140
02354200,SCIOTO COUNTY JOINT VOCATIONAL SCH      ,OH,45648-0000,Public       ,49,124,173,49,124,173
02454400,NORTHEAST OHIO MEDICAL UNIVERSITY       ,OH,44272-9621,Public       ,128,725,853,128,725,853
02497800,GREENE COUNTY CAREER CENTER             ,OH,45385-0000,Public       ,10,50,60,10,50,60
02512600,ADULT VOCATIONAL SERVICES               ,OH,44308-0000,Public       ,3,11,14,3,11,14
02519300,OHIO STATE SCH COSMETOLOGY              ,OH,43110-2754,Proprietary  ,28,59,87,28,59,87
02522700,EASTLAND-FAIRFIELD CAREER AND TECHNICAL ,OH,43125-0000,Public       ,16,63,79,16,63,79
02528300,TDDS TECHNICAL INSTITUTE                ,OH,44429-0000,Proprietary  ,11,93,104,11,93,104
02529500,HAMRICK SCHOOL                          ,OH,44256-0000,Proprietary  ,5,39,44,5,39,44
02545800,INNER STATE BEAUTY SCHOOLS              ,OH,44124-0000,Proprietary  ,18,54,72,18,54,72
02553000,SCHOOL OF ADVERTISING ART               ,OH,45440-0000,Proprietary  ,148,33,181,148,33,181
02560000,CASAL AVEDA INSTITUTE                   ,OH,44515-0000,Proprietary  ,59,53,112,59,53,112
02560700,PICKAWAY ROSS CO JOINT VOC TECH SCH     ,OH,45601-0000,Public       ,33,120,153,33,120,153
02562300,APOLLO CAREER CENTER-ADULT EDUC         ,OH,45806-0000,Public       ,61,169,230,61,169,230
02563000,RAPHAELS SCHOOL OF BEAUTY CULTURE       ,OH,44601-2847,Proprietary  ,3,21,24,3,21,24
02568600,MAHONING COUNTY CAREER & TECH CENTR     ,OH,44406-0000,Public       ,13,34,47,13,34,47
02582900,KAPLAN CAREER INSTITUTE                 ,OH,44129-6810,Proprietary  ,12,131,143,12,131,143
02586400,TRUMBULL CAREER & TECH CENTER-ADULT     ,OH,44483-1997,Public       ,17,85,102,17,85,102
02588500,OHIO STATE SCHOOL OF COSMETOLOGY        ,OH,43081-0000,Proprietary  ,37,54,91,37,54,91
02599711,VATTEROTT COLLEGE - CLEVELAND           ,OH,44147-3502,Proprietary  ,8,63,71,8,63,71
02603800,LORAIN COUNTY JVS ADULT CAREER CTR      ,OH,44074-9799,Public       ,15,56,71,15,56,71
02611007,HERITAGE COLLEGE - COLUMBUS             ,OH,43213-4440,Proprietary  ,49,248,297,49,248,297
02620000,SANDUSKY CAREER CENTER                  ,OH,44870-4786,Public       ,8,37,45,8,37,45
03007900,GALLIPOLIS CAREER COLLEGE               ,OH,45631-2600,Proprietary  ,4,51,55,4,51,55
03015100,ALLIANCE HIGH SCH-CMTY SERVICES DIV     ,OH,44601-2899,Public       ,7,24,31,7,24,31
03015300,EHOVE CAREER CENTER                     ,OH,44846-9500,Public       ,31,129,160,31,129,160
03023700,MADISON ADULT CAREER CENTER             ,OH,44905-2718,Public       ,22,95,117,22,95,117
03024300,VALLEY BEAUTY SCHOOL                    ,OH,43725-2332,Proprietary  ,1,6,7,1,6,7
03027100,FAIRVIEW ACADEMY                        ,OH,44126-2214,Proprietary  ,5,24,29,5,24,29
03034200,WASHINGTON COUNTY CAREER CENTER ADULT TE,OH,45750-9290,Public       ,39,105,144,39,105,144
03051400,AUBURN CAREER CENTER                    ,OH,44077-9723,Public       ,22,68,90,22,68,90
03051500,US GRANT JOINT VOCATIONAL SCHOOL        ,OH,45106-9502,Public       ,1,5,6,1,5,6
03065900,BUCKEYE CAREER CENTER                   ,OH,44663-9437,Public       ,19,64,83,19,64,83
03067600,RAPHAEL'S SCHOOL OF BEAUTY CULTURE      ,OH,44512-2222,Proprietary  ,18,29,47,18,29,47
03068200,OHIO CENTER FOR BROADCASTING            ,OH,44125-6273,Proprietary  ,14,45,59,14,45,59
03068202,OHIO CENTER FOR BROADCASTING - COLUMBUS ,OH,43213-2571,Proprietary  ,19,66,85,19,66,85
03071900,MOUNT CARMEL COLLEGE OF NURSING         ,OH,43222-1598,Private      ,528,499,1027,528,499,1027
03072303,EVEREST INSTITUTE - COLUMBUS            ,OH,43230-6653,Proprietary  ,27,141,168,27,141,168
03078000,OHIO CENTER FOR BROADCASTING            ,OH,45227-1509,Proprietary  ,19,55,74,19,55,74
03079000,ETI TECHNICAL COLLEGE                   ,OH,44446-4398,Proprietary  ,14,84,98,14,84,98
03084800,DELAWARE AREA CAREER CENTER             ,OH,43015-8969,Public       ,11,27,38,11,27,38
03084801,DELAWARE AREA CAREER CENTER -           ,OH,43015-9001,Public       ,7,16,23,7,16,23
03095600,VANTAGE CAREER CENTER                   ,OH,45891-1378,Public       ,6,32,38,6,32,38
03097000,MERCY COLLEGE OF NORTHWEST OHIO         ,OH,43604-1132,Private      ,356,556,912,356,556,912
03100100,PARAMOUNT BEAUTY ACADEMY                ,OH,45662-4136,Proprietary  ,13,34,47,13,34,47
03116200,DAYTON BARBER COLLEGE                   ,OH,45342-0000,Proprietary  ,7,26,33,7,26,33
03116300,OHIO COLLEGE OF MASSOTHERAPY            ,OH,44321-1363,Private      ,15,42,57,15,42,57
03116400,VANGUARD-SENTINELL VOC SCH DISTRICT     ,OH,43420-1197,Public       ,7,21,28,7,21,28
03117000,ASHLAND COUNTY-W HOLMES CAREER CTR      ,OH,44805-0000,Public       ,9,40,49,9,40,49
03319300,CREATIVE IMAGES-A CERTIFIED MATRIX      ,OH,45414-2557,Proprietary  ,27,56,83,27,56,83
03319301,CREATIVE IMAGES-A CERTIFIED MATRIX      ,OH,45459-0000,Proprietary  ,27,61,88,27,61,88
03416400,VALLEY BEAUTY SCHOOL                    ,OH,43701-3624,Proprietary  ,4,8,12,4,8,12
03425300,ROSEDALE BIBLE COLLEGE                  ,OH,43029-9517,Private      ,27,8,35,27,8,35
03457300,ALLEGHENY WESLEYAN COLLEGE              ,OH,44460-9598,Private      ,18,6,24,18,6,24
03468400,NATIONAL INSTITUTE OF MASSOTHERAPY      ,OH,44319-2100,Proprietary  ,7,29,36,7,29,36
03468500,ATS INSTITUTE OF TECHNOLOGY             ,OH,44143-2216,Proprietary  ,22,298,320,22,298,320
03475400,TRI-STATE BIBLE COLLEGE                 ,OH,45680-8402,Private      ,4,17,21,4,17,21
03534400,AMERICAN INST OF ALTERNATIVE MEDICI     ,OH,43229-1113,Proprietary  ,35,212,247,35,212,247
03626300,BROWN AVEDA INSTITUTE                   ,OH,44060-6212,Proprietary  ,52,89,141,52,89,141
03700300,REGENCY BEAUTY INSTITUTE - CLEVELAND    ,OH,44094-0000,Proprietary  ,66,118,184,66,118,184
03726300,TEMPLE BAPTIST COLLEGE                  ,OH,45240-0000,Private      ,17,16,33,17,16,33
03747300,BEXLEY HALL SEMINARY                    ,OH,43209-2325,Private      ,3,22,25,3,22,25
03776400,HEALING ARTS INSTITUTE                  ,OH,43551-3138,Proprietary  ,5,18,23,5,18,23
03837300,AVEDA FREDRIC'S INSTITUTE               ,OH,45208-1304,Proprietary  ,61,63,124,61,63,124
03882300,OREGON CAREER CENTER                    ,OH,43616-2631,Public       ,2,5,7,2,5,7
04051307,ART INSTITUTE OF PHOENIX (THE) - BROWN M,OH,45215-1107,Proprietary  ,122,427,549,122,427,549
04051308,ART INSTITUTE OF PHOENIX (THE) - BROWN M,OH,44320-4420,Proprietary  ,67,250,317,67,250,317
04051317,ART INSTITUTE OF PHOENIX (THE) - BROWN M,OH,45840-6848,Proprietary  ,249,1096,1345,249,1096,1345
04051326,ART INSTITUTE OF PHOENIX (THE) - BROWN M,OH,44718-3674,Proprietary  ,22,94,116,22,94,116
04068300,FOUR COUNTY CAREER CENTER               ,OH,43512-9541,Public       ,4,16,20,4,16,20
04074300,HONDROS COLLEGE                         ,OH,43081-3855,Proprietary  ,134,891,1025,134,891,1025
04117300,DAYTON SCHOOL OF MEDICAL MASSAGE        ,OH,45429-1111,Proprietary  ,38,109,147,38,109,147
04118300,NORTHCOAST MEDICAL TRAINING ACADEMY     ,OH,44240-4174,Proprietary  ,29,59,88,29,59,88
04124500,TECHSKILLS                              ,OH,43231-0000,Proprietary  ,11,86,97,11,86,97
04125700,CUT BEAUTY SCHOOL (THE)                 ,OH,44118-2918,Proprietary  ,25,95,120,25,95,120
04126000,OHIO ACADEMY PAUL MITCHELL PARTNER SCHOO,OH,44087-3107,Proprietary  ,34,47,81,34,47,81
04137800,AVEDA INSTITUTE COLUMBUS                ,OH,43201-2333,Proprietary  ,114,162,276,114,162,276
04138000,INSTITUTE OF THERAPEUTIC MASSAGE        ,OH,45875-0350,Proprietary  ,0,9,9,0,9,9
04149100,CINCINNATI ACADEMY A PAUL MITCHELL PARTN,OH,45241-1702,Proprietary  ,53,80,133,53,80,133
04151400,VANITY SCHOOL OF COSMETOLOGY            ,OH,44035-0000,Proprietary  ,11,22,33,11,22,33
04152100,TOLEDO RESTAURANT TRAINING CENTER       ,OH,43604-6508,Private      ,5,35,40,5,35,40
04152600,PIKE COUNTY CAREER TECHNOLOGY CENTER    ,OH,45661-9114,Public       ,3,19,22,3,19,22
04153300,OHIO ACADEMY COLUMBUS (THE)             ,OH,43231-6038,Proprietary  ,29,75,104,29,75,104
04154000,TOLLES CAREER & TECHNICAL CENTER        ,OH,43064-8854,Public       ,6,14,20,6,14,20
04166800,SALON PROFESSIONAL ACADEMY (THE)        ,OH,45551-0000,Proprietary  ,14,29,43,14,29,43
04167700,ARTISAN COLLEGE OF COSMETOLOGY (THE)    ,OH,45840-6848,Proprietary  ,5,16,21,5,16,21
04185900,ELITE SCHOOL OF COSMETOLOGY             ,OH,44857-2714,Proprietary  ,7,12,19,7,12,19
04189100,TONI & GUY HAIRDRESSING ACADEMY         ,OH,43615-1731,Proprietary  ,24,47,71,24,47,71
04192200,ATHENA CAREER ACADEMY                   ,OH,43560-2796,Proprietary  ,11,95,106,11,95,106
        ,INVALID SCHOOL CODE                     ,  ,00000-0000,,390,989,1379,390,989,1379
00134500,ADAMS STATE COLLEGE                     ,CO,81102-2373,Public       ,1828,827,2655,1828,827,2655
00134600,ARAPAHOE COMMUNITY COLLEGE              ,CO,80160-9002,Public       ,1431,2317,3748,1431,2317,3748
00134700,COLORADO COLLEGE                        ,CO,80903-3294,Private      ,2636,451,3087,2636,451,3087
00134800,COLORADO SCHOOL OF MINES                ,CO,80401-1887,Public       ,5817,833,6650,5817,833,6650
00134900,UNIVERSITY OF NORTHERN COLORADO         ,CO,80639-0001,Public       ,8525,2856,11381,8525,2856,11381
00135000,COLORADO STATE UNIVERSITY               ,CO,80523-0100,Public       ,20138,6086,26224,20138,6086,26224
00135200,DENVER  SEMINARY                        ,CO,80120-2192,Private      ,4,293,297,4,293,297
00135300,FORT LEWIS COLLEGE                      ,CO,81301-3999,Public       ,3377,833,4210,3377,833,4210
00135400,ILIFF SCHOOL OF THEOLOGY                ,CO,80210-0000,Private      ,5,185,190,5,185,190
00135500,LAMAR COMMUNITY COLLEGE                 ,CO,81052-3999,Public       ,203,63,266,203,63,266
00135800,COLORADO MESA UNIVERSITY                ,CO,81501-3122,Public       ,4869,1736,6605,4869,1736,6605
00135900,COLORADO NORTHWESTERN COMMUNITY COLLEGE ,CO,81648-3598,Public       ,176,137,313,176,137,313
00136000,METROPOLITAN STATE CLG OF DENVER        ,CO,80204-3362,Public       ,6788,7004,13792,6788,7004,13792
00136100,NORTHEASTERN JUNIOR COLLEGE             ,CO,80751-2399,Public       ,685,157,842,685,157,842
00136200,OTERO JUNIOR COLLEGE                    ,CO,81050-3346,Public       ,294,149,443,294,149,443
00136300,REGIS UNIVERSITY                        ,CO,80221-1099,Private      ,2651,4067,6718,2651,4067,6718
00136500,COLORADO STATE UNIVERSITY-PUEBLO        ,CO,81001-4901,Public       ,4092,1768,5860,4092,1768,5860
00136800,TRINIDAD STATE JR COLLEGE               ,CO,81082-2396,Public       ,335,275,610,335,275,610
00137000,UNIVERSITY OF COLORADO-BOULDER          ,CO,80309-0077,Public       ,20514,6023,26537,20514,6023,26537
00137100,UNIVERSITY OF DENVER                    ,CO,80208-2000,Private      ,9231,6947,16178,9231,6947,16178
00137200,WESTERN STATE COLLEGE                   ,CO,81231-0000,Public       ,1671,256,1927,1671,256,1927
00405702,NATIONAL AMERICAN UNIVERSITY - COLORADO ,CO,80920-4001,Proprietary  ,20,187,207,20,187,207
00405703,NATIONAL AMERICAN UNIVERSITY            ,CO,80222-0000,Proprietary  ,12,136,148,12,136,148
00450300,EVEREST COLLEGE                         ,CO,80916-3548,Proprietary  ,64,446,510,64,446,510
00450600,COLORADO MOUNTAIN COLLEGE               ,CO,81602-0000,Public       ,894,769,1663,894,769,1663
00450700,EVEREST COLLEGE                         ,CO,80229-4339,Proprietary  ,26,147,173,26,147,173
00450701,"EVEREST COLLEGE- EVEREST COLLEGE, AURORA",CO,80012-5692,Proprietary  ,35,170,205,35,170,205
00450800,UNIVERSITY OF COLORADO DENVER           ,CO,80204-2029,Public       ,6256,7375,13631,6256,7375,13631
00450900,UNIV OF COLORADO AT COLO SPRINGS        ,CO,80918-3735,Public       ,7131,3430,10561,7131,3430,10561
00559600,EMILY GRIFFITH OPPORTUNITY SCH          ,CO,80204-2197,Public       ,275,719,994,275,719,994
00729700,REDSTONE COLLEGE                        ,CO,80020-9988,Proprietary  ,90,263,353,90,263,353
00732912,ITT TECHNICAL INSTITUTE                 ,CO,80229-5338,Proprietary  ,53,267,320,53,267,320
00754700,LINCOLN COLLEGE OF TECHNOLOGY           ,CO,80223-0000,Proprietary  ,489,302,791,489,302,791
00754800,WESTWOOD COLLEGE - DENVER NORTH         ,CO,80221-3653,Proprietary  ,96,377,473,96,377,473
00754801,WESTWOOD COLLEGE - DENVER SOUTH         ,CO,80227-3653,Proprietary  ,46,251,297,46,251,297
00758200,AIMS COMMUNITY COLLEGE                  ,CO,80632-0000,Public       ,1229,1580,2809,1229,1580,2809
00764900,ROCKY MOUNTAIN COLG OF ART & DESIGN     ,CO,80214-0000,Proprietary  ,506,311,817,506,311,817
00793300,FRONT RANGE COMMUNITY COLLEGE           ,CO,80031-2199,Public       ,3273,5246,8519,3273,5246,8519
00863500,INTELLITEC MEDICAL INSTITUTE            ,CO,80909-0000,Proprietary  ,43,148,191,43,148,191
00887100,CONCORDE CAREER INSTITUTE               ,CO,80203-0000,Proprietary  ,92,477,569,92,477,569
00889600,PIKES PEAK COMMUNITY COLLEGE            ,CO,80906-5498,Public       ,2001,4339,6340,2001,4339,6340
00940100,COLORADO CHRISTIAN UNIVERSITY           ,CO,80226-7449,Private      ,1426,1551,2977,1426,1551,2977
00954200,COMMUNITY COLLEGE OF DENVER             ,CO,80217-2026,Public       ,2757,4404,7161,2757,4404,7161
00954300,RED ROCKS COMMUNITY COLLEGE             ,CO,80228-1255,Public       ,1474,2204,3678,1474,2204,3678
00998100,MORGAN COMMUNITY COLLEGE                ,CO,80701-4399,Public       ,151,288,439,151,288,439
01014800,COLORADO TECHNICAL UNIVERSITY           ,CO,80907-3896,Proprietary  ,186,2064,2250,186,2064,2250
01014802,COLORADO TECHNICAL UNIV - DENVER        ,CO,80111-3201,Proprietary  ,66,403,469,66,403,469
01014805,COLORADO TECH UNIV - ON LINE            ,CO,80907-0000,Proprietary  ,533,13399,13932,533,13399,13932
01014812,COLORADO TECHNICAL UNIVERSITY - WESTMINS,CO,80021-3498,Proprietary  ,34,267,301,34,267,301
01014815,COLORADO TECHNCL UNIV PUEBLO            ,CO,81003-2315,Proprietary  ,51,146,197,51,146,197
01070900,EMPIRE BEAUTY SCHOOL-LAKEWOOD           ,CO,80215-0000,Proprietary  ,17,38,55,17,38,55
01157200,COLORADO SCHOOL OF TRADES               ,CO,80215-2996,Proprietary  ,39,180,219,39,180,219
01267000,BEL-REA INST OF ANIMAL TECH             ,CO,80247-3048,Proprietary  ,204,255,459,204,255,459
01285000,INTERNATIONAL SALON AND SPA ACADEMY     ,CO,80918-3684,Proprietary  ,17,72,89,17,72,89
01287500,PICKENS TECHNICAL COLLEGE               ,CO,80011-9307,Public       ,129,294,423,129,294,423
01300700,NAZARENE BIBLE COLLEGE                  ,CO,80910-3717,Private      ,27,191,218,27,191,218
02072200,EMPIRE BEAUTY SCHOOL -ARVADA            ,CO,80212-0000,Proprietary  ,31,59,90,31,59,90
02078900,ART INSTITUTE OF COLORADO (THE)         ,CO,80203-2983,Proprietary  ,860,846,1706,860,846,1706
02116300,PUEBLO COMMUNITY COLLEGE                ,CO,81004-0000,Public       ,871,1799,2670,871,1799,2670
02117500,NAROPA UNIVERSITY                       ,CO,80302-0000,Private      ,239,832,1071,239,832,1071
02141100,EMPIRE BEAUTY SCHOOL-LITTLETON          ,CO,80030-0000,Proprietary  ,28,72,100,28,72,100
02156200,DELTA - MONTROSE TECHNICAL COLLEGE      ,CO,81416-0000,Public       ,30,88,118,30,88,118
02160600,EMPIRE BEAUTY SCHOOL -THORNTON          ,CO,80241-1659,Proprietary  ,23,44,67,23,44,67
02165200,SALON PROFESSIONAL ACADEMY (THE)        ,CO,81504-5309,Proprietary  ,26,28,54,26,28,54
02167600,KAPLAN COLLEGE                          ,CO,80229-5309,Proprietary  ,10,64,74,10,64,74
02188700,DENVER ACAD OF COURT REPORTING          ,CO,80030-0000,Proprietary  ,2,48,50,2,48,50
02211901,CHEEKS INTERNATIONAL ACADEMY OF BEAUTY C,CO,80525-3053,Proprietary  ,14,43,57,14,43,57
02211902,CHEEKS INTERNATIONAL ACDMY BTY CULT     ,CO,80631-0000,Proprietary  ,10,19,29,10,19,29
02253700,INTELLITEC COLLEGE                      ,CO,80909-0000,Proprietary  ,39,161,200,39,161,200
02267500,GLENWOOD BEAUTY ACADEMY                 ,CO,81601-0000,Proprietary  ,4,7,11,4,7,11
02276900,COMMUNITY COLLEGE OF AURORA             ,CO,80011-9036,Public       ,1260,2231,3491,1260,2231,3491
02518500,HAIR DYNAMICS EDUCATION CENTER          ,CO,80525-0000,Proprietary  ,23,59,82,23,59,82
02594300,COLLEGE AMERICA - DENVER                ,CO,80222-3380,Proprietary  ,79,506,585,79,506,585
02611000,HERITAGE COLLEGE                        ,CO,80212-7413,Proprietary  ,60,167,227,60,167,227
03006300,INST OF BUSINESS & MEDICAL CAREERS      ,CO,80525-3044,Proprietary  ,87,381,468,87,381,468
03010622,VIRGINIA COLLEGE - ECOTECH INSTITUTE - A,CO,80014-1405,Proprietary  ,18,100,118,18,100,118
03012100,REMINGTON COLLEGE - COLORADO SPRINGS CAM,CO,80215-0000,Private      ,7,15,22,7,15,22
03013100,BOULDER COLLEGE OF MASSAGE THERAPY      ,CO,80301-3295,Private      ,36,72,108,36,72,108
03014900,PLATT COLLEGE                           ,CO,80014-3141,Proprietary  ,26,113,139,26,113,139
03027400,XENON INTERNATIONAL ACADEMY III         ,CO,80014-1193,Proprietary  ,24,38,62,24,38,62
03030606,UTAH COLLEGE OF MASSAGE THERAPY - DENVER,CO,80031-2921,Proprietary  ,16,43,59,16,43,59
03030607,UTAH COLLEGE OF MASSAGE THERAPY - DENVER,CO,80012-2523,Proprietary  ,17,46,63,17,46,63
03066900,INTELLITEC COLLEGE                      ,CO,81506-3994,Proprietary  ,41,114,155,41,114,155
03068201,OHIO CENTER FOR BROADCASTING - COLORADO ,CO,80214-4129,Proprietary  ,6,49,55,6,49,55
03076401,BRYMAN SCHOOL OF ARIZONA (THE) - ANTHEM ,CO,80014-2622,Proprietary  ,18,52,70,18,52,70
03289300,COLORADO HEIGHTS UNIVERSITY             ,CO,80236-2711,Private      ,48,79,127,48,79,127
03306300,MONTESSORI EDUC CRT OF THE ROCKIES      ,CO,80301-2587,Private      ,2,28,30,2,28,30
03534300,JONES INTERNATIONAL UNIVERSITY          ,CO,80112-3446,Proprietary  ,39,1367,1406,39,1367,1406
03545300,UNIVERSITY OF THE ROCKIES               ,CO,80903-3612,Proprietary  ,53,989,1042,53,989,1042
03584400,COLORADO SCHOOL OF HEALING ARTS         ,CO,80226-4332,Proprietary  ,20,94,114,20,94,114
03670300,TONI & GUY HAIRDRESSING ACADEMY         ,CO,80911-0000,Proprietary  ,33,64,97,33,64,97
03686300,COLORADO SCHOOL OF TRADITIONAL CHINESE M,CO,80206-2127,Proprietary  ,7,105,112,7,105,112
03776300,CULINARY SCHOOL OF THE ROCKIES          ,CO,80305-5961,Proprietary  ,131,135,266,131,135,266
03976300,MASSAGE THERAPY INSTITUTE OF COLORADO   ,CO,80206-2127,Proprietary  ,36,73,109,36,73,109
04080300,ASPEN UNIVERSITY                        ,CO,80246-1930,Proprietary  ,73,302,375,73,302,375
04093300,ACADEMY OF NATURAL THERAPY              ,CO,80631-3425,Proprietary  ,18,31,49,18,31,49
04121200,INSTITUTE OF TAOIST EDUCATION AND ACUPUN,CO,80027-1028,Private      ,1,15,16,1,15,16
04125100,MONTESSORI CASA INTERNATIONAL           ,CO,80111-5263,Private      ,0,2,2,0,2,2
04127700,AMERICAN SENTINEL UNIVERSITY            ,CO,80014-6510,Proprietary  ,14,554,568,14,554,568
04139300,NATIONAL BEAUTY COLLEGE                 ,CO,80221-0000,Proprietary  ,16,54,70,16,54,70
04148300,DENVER SCHOOL OF NURSING                ,CO,80202-1213,Proprietary  ,193,489,682,193,489,682
04151100,SUMMIT SALON & BEAUTY SCHOOL            ,CO,80866-4569,Proprietary  ,3,5,8,3,5,8
04167100,AVEDA INSTITUTE DENVER                  ,CO,80202-0000,Proprietary  ,112,185,297,112,185,297
04170200,PAUL MITCHELL THE SCHOOL COLORADO SPRING,CO,80903-0000,Proprietary  ,61,88,149,61,88,149
04172500,ROLF INSTITUTE OF STRUCTURAL INTEGRATION,CO,80301-0000,Private      ,5,32,37,5,32,37
04173800,SALON PROFESSIONAL ACADEMY (THE)        ,CO,80918-2932,Proprietary  ,25,49,74,25,49,74
04177100,PIMA MEDICAL INSTITUTE-SOUTH DENVER     ,CO,80231-0000,Proprietary  ,106,236,342,106,236,342
04179700,UNITED BEAUTY COLLEGE                   ,CO,80223-2936,Proprietary  ,20,38,58,20,38,58
04183700,HEALING ARTS INSTITUTE                  ,CO,80525-3479,Proprietary  ,18,39,57,18,39,57
04184900,COLLEGE OF INTERNATIONAL ESTHETICS      ,CO,80002-3754,Proprietary  ,6,43,49,6,43,49
04185000,COLORADO ACADEMY OF VETERINARY TECHNOLOG,CO,80906-4944,Proprietary  ,59,86,145,59,86,145
04185400,NATIONAL PERSONAL TRAINING INSTITUTE OF ,CO,80401-3304,Proprietary  ,10,35,45,10,35,45
04195300,LONGS PEAK ACADEMY                      ,CO,80501-6458,Proprietary  ,17,40,57,17,40,57
04202600,NEW DIMENSIONS BEAUTY ACADEMY           ,CO,80138-9801,Proprietary  ,7,14,21,7,14,21
04208700,COLORADO STATE UNIVERSITY - GLOBAL CAMPU,CO,80111-0000,Public       ,198,2144,2342,198,2144,2342
04218900,ROCKY VISTA UNIVERSITY COLLEGE OF OSTEOP,CO,80134-9498,Proprietary  ,3,257,260,3,257,260
00267811,BRYANT & STRATTON COLLEGE - VIRGINIA BEA,VA,23462-4417,Proprietary  ,263,1306,1569,263,1306,1569
00370200,AVERETT UNIVERSITY                      ,VA,24541-3692,Private      ,1230,545,1775,1230,545,1775
00370300,BLUEFIELD COLLEGE                       ,VA,24605-1799,Private      ,597,267,864,597,267,864
00370400,BRIDGEWATER COLLEGE                     ,VA,22812-1599,Private      ,3218,147,3365,3218,147,3365
00370500,COLLEGE OF WILLIAM & MARY               ,VA,23187-8795,Public       ,10270,3480,13750,10270,3480,13750
00370600,CHRISTOPHER NEWPORT UNIVERSITY          ,VA,23606-3072,Public       ,7456,796,8252,7456,796,8252
00370700,RICHARD BLAND COLLEGE                   ,VA,23805-7100,Public       ,843,287,1130,843,287,1130
00370800,EASTERN MENNONITE UNIVERSITY            ,VA,22802-2462,Private      ,963,274,1237,963,274,1237
00370900,EMORY & HENRY COLLEGE                   ,VA,24327-0010,Private      ,1211,87,1298,1211,87,1298
00371100,FERRUM COLLEGE                          ,VA,24088-2612,Private      ,2388,216,2604,2388,216,2604
00371200,TIDEWATER COMMUNITY COLLEGE             ,VA,23510-1910,Public       ,5083,9405,14488,5083,9405,14488
00371300,HAMPDEN-SYDNEY COLLEGE                  ,VA,23943-0128,Private      ,1209,34,1243,1209,34,1243
00371400,HAMPTON UNIVERSITY                      ,VA,23668-0099,Private      ,7084,1924,9008,7084,1924,9008
00371500,HOLLINS UNIVERSITY                      ,VA,24020-0000,Private      ,650,346,996,650,346,996
00371900,LONGWOOD UNIVERSITY                     ,VA,23909-1899,Public       ,4924,624,5548,4924,624,5548
00372000,LYNCHBURG COLLEGE                       ,VA,24501-3199,Private      ,3010,572,3582,3010,572,3582
00372100,JAMES MADISON UNIVERSITY                ,VA,22807-3780,Public       ,22186,2009,24195,22186,2009,24195
00372300,MARY BALDWIN COLLEGE                    ,VA,24401-3610,Private      ,1328,493,1821,1328,493,1821
00372400,MARYMOUNT UNIVERSITY                    ,VA,22207-4224,Private      ,2394,1368,3762,2394,1368,3762
00372600,NATIONAL COLLEGE                        ,VA,24153-4524,Proprietary  ,180,1979,2159,180,1979,2159
00372700,NORTHERN VA CMTY CLG                    ,VA,22003-3743,Public       ,6993,6919,13912,6993,6919,13912
00372800,OLD DOMINION UNIVERSITY                 ,VA,23529-0052,Public       ,14579,7760,22339,14579,7760,22339
00373200,RADFORD UNIVERSITY                      ,VA,24142-6905,Public       ,8820,1777,10597,8820,1777,10597
00373300,RANDOLPH-MACON COLLEGE                  ,VA,23005-5505,Private      ,2146,113,2259,2146,113,2259
00373400,RANDOLPH COLLEGE                        ,VA,24503-1526,Private      ,806,88,894,806,88,894
00373500,VIRGINIA COMMONWEALTH UNIVERSITY        ,VA,23284-9004,Public       ,19597,8160,27757,19597,8160,27757
00373600,ROANOKE COLLEGE                         ,VA,24153-3794,Private      ,2978,190,3168,2978,190,3168
00373700,SHENANDOAH UNIVERSITY                   ,VA,22601-5195,Private      ,2136,1171,3307,2136,1171,3307
00373800,SOUTHERN VIRGINIA UNIVERSITY            ,VA,24416-3038,Private      ,589,135,724,589,135,724
00373900,ST PAULS COLLEGE                        ,VA,23868-1299,Private      ,77,80,157,77,80,157
00374200,SWEET BRIAR COLLEGE                     ,VA,24595-9998,Private      ,767,55,822,767,55,822
00374300,UNION PRESBYTERIAN SEMINARY             ,VA,23227-0000,Private      ,2,39,41,2,39,41
00374400,UNIVERSITY OF RICHMOND                  ,VA,23173-0001,Private      ,5714,1863,7577,5714,1863,7577
00374500,UNIVERSITY OF VIRGINIA - SFS            ,VA,22903-0000,Public       ,20288,5836,26124,20288,5836,26124
00374600,UNIVERSITY OF MARY WASHINGTON           ,VA,22401-5358,Public       ,4483,770,5253,4483,770,5253
00374700,UNIV OF VIRGINIA'S COLLEGE AT WISE      ,VA,24293-4412,Public       ,1382,287,1669,1382,287,1669
00374800,EASTERN SHORE COMMUNITY COLLEGE         ,VA,23410-3001,Public       ,150,205,355,150,205,355
00374900,GEORGE MASON UNIVERSITY                 ,VA,22030-4444,Public       ,20456,10219,30675,20456,10219,30675
00375100,PATRICK HENRY COMMUNITY COLLEGE         ,VA,24112-5311,Public       ,533,731,1264,533,731,1264
00375200,VIRGINIA INTERMONT COLLEGE              ,VA,24201-4298,Private      ,330,90,420,330,90,420
00375300,VIRGINIA MILITARY INSTITUTE             ,VA,24450-2138,Public       ,1896,65,1961,1896,65,1961
00375400,VIRGINIA POLYTECH INST & STATE UNIV     ,VA,24061-2000,Public       ,23849,4025,27874,23849,4025,27874
00375800,DANVILLE COMMUNITY COLLEGE              ,VA,24541-4004,Public       ,611,776,1387,611,776,1387
00375900,J. SARGEANT REYNOLDS COMMUNITY CLG      ,VA,23285-0000,Public       ,2584,4614,7198,2584,4614,7198
00376000,VIRGINIA WESTERN CMTY COLLEGE           ,VA,24038-0000,Public       ,1758,1527,3285,1758,1527,3285
00376100,WYTHEVILLE COMMUNITY COLLEGE            ,VA,24382-3308,Public       ,610,651,1261,610,651,1261
00376200,VIRGINIA UNIVERSITY OF LYNCHBURG        ,VA,24501-6400,Private      ,226,284,510,226,284,510
00376400,VIRGINIA STATE UNIVERSITY               ,VA,23806-0001,Public       ,7167,1920,9087,7167,1920,9087
00376500,NORFOLK STATE UNIVERSITY                ,VA,23504-8000,Public       ,6745,4058,10803,6745,4058,10803
00376600,VIRGINIA UNION UNIVERSITY               ,VA,23220-1711,Private      ,1717,663,2380,1717,663,2380
00376700,VIRGINIA WESLEYAN COLLEGE               ,VA,23502-5599,Private      ,2585,465,3050,2585,465,3050
00376800,WASHINGTON & LEE UNIVERSITY             ,VA,24450-0303,Private      ,2769,942,3711,2769,942,3711
00400400,JOHN TYLER COMMUNITY COLLEGE            ,VA,23831-5316,Public       ,1724,2136,3860,1724,2136,3860
00450301,"EVEREST COLLEGE- EVEREST COLLEGE, MCLEAN",VA,22102-3000,Proprietary  ,12,65,77,12,65,77
00450702,"EVEREST COLLEGE- EVEREST COLLEGE, ARLING",VA,22203-1905,Proprietary  ,39,116,155,39,116,155
00498800,CENTRAL VIRGINIA COMMUNITY COLLEGE      ,VA,24502-2498,Public       ,853,902,1755,853,902,1755
00499200,MILLER-MOTTE TECHNICAL COLLEGE          ,VA,24505-0000,Proprietary  ,69,233,302,69,233,302
00499600,DABNEY S LANCASTER COMMUNITY CLG        ,VA,24422-1000,Public       ,331,244,575,331,244,575
00522300,NEW RIVER COMMUNITY COLLEGE             ,VA,24084-1127,Public       ,847,968,1815,847,968,1815
00662200,COLLEGE OF HEALTH SCIENCES - CHRV       ,VA,24031-0000,Private      ,413,552,965,413,552,965
00681900,BLUE RIDGE COMMUNITY COLLEGE            ,VA,24486-0080,Public       ,1387,1167,2554,1387,1167,2554
00687100,THOMAS NELSON COMMUNITY COLLEGE         ,VA,23670-0000,Public       ,1820,3548,5368,1820,3548,5368
00709900,VIRGINIA HIGHLANDS COMMUNITY CLG        ,VA,24210-4210,Public       ,448,559,1007,448,559,1007
00726000,SOUTHWEST VIRGINIA COMMUNITY CLG        ,VA,24641-0000,Public       ,452,470,922,452,470,922
00859200,LOUISE OBICI SCHOOL OF NURSING          ,VA,23434-8038,Private      ,4,23,27,4,23,27
00865900,LORD FAIRFAX COMMUNITY COLLEGE          ,VA,22645-0047,Public       ,941,1031,1972,941,1031,1972
00866000,GERMANNA COMMUNITY COLLEGE              ,VA,22508-0339,Public       ,1221,1621,2842,1221,1621,2842
00866100,SOUTHSIDE VIRGINIA CMTY CLG             ,VA,23821-2930,Public       ,480,613,1093,480,613,1093
00915900,PAUL D CAMP COMMUNITY COLLEGE           ,VA,23851-0737,Public       ,223,382,605,223,382,605
00916000,RAPPAHANNOCK COMMUNITY COLLEGE          ,VA,23149-2616,Public       ,424,513,937,424,513,937
00926700,EVEREST COLLEGE                         ,VA,23606-4203,Proprietary  ,65,262,327,65,262,327
00926701,EVEREST COLLEGE - CHESAPEAKE            ,VA,23320-2637,Proprietary  ,49,254,303,49,254,303
00942000,SANFORD-BROWN COLLEGE                   ,VA,22182-3913,Proprietary  ,14,78,92,14,78,92
00953500,STAUNTON SCHOOL OF COSMETOLOGY          ,VA,24401-4323,Proprietary  ,6,19,25,6,19,25
00953700,VIRGINIA SCH OF HAIR DESIGN             ,VA,23669-0000,Proprietary  ,14,55,69,14,55,69
00962900,MOUNTAIN EMPIRE COMMUNITY COLLEGE       ,VA,24219-0700,Public       ,416,435,851,416,435,851
00992800,PIEDMONT VIRGINIA COMMUNITY COLLEGE     ,VA,22902-7589,Public       ,843,1025,1868,843,1025,1868
01004300,BON SECOURS MEMORIAL COLLEGE OF NURSING ,VA,23227-4612,Private      ,184,291,475,184,291,475
01019800,ECPI COLLEGE OF TECHNOLOGY              ,VA,23462-6542,Proprietary  ,692,2789,3481,692,2789,3481
01033800,EASTERN VIRGINIA MEDICAL SCHOOL         ,VA,23501-1980,Public       ,86,1260,1346,86,1260,1346
01159600,RALPH'S VIRGINIA SCH OF COSMETOLOGY     ,VA,24501-2652,Proprietary  ,10,32,42,10,32,42
01162601,WESTWOOD COLLEGE - SOUTH BAY - ARLINGTON,VA,22203-4167,Proprietary  ,60,214,274,60,214,274
01162602,WESTWOOD COLLEGE - SOUTH BAY - ANNANDALE,VA,22003-2602,Proprietary  ,39,156,195,39,156,195
01274400,SOUTHSIDE REGIONAL MED CTR PROF SCHOOLS ,VA,23803-5133,Proprietary  ,47,129,176,47,129,176
02053000,LIBERTY UNIVERSITY                      ,VA,24502-0000,Private      ,12746,25536,38282,12746,25536,38282
02083602,TESST COLLEGE OF TECHNOLOGY - KAPLAN COL,VA,23320-4422,Proprietary  ,6,51,57,6,51,57
02108800,WARDS CORNER BEAUTY ACADEMY             ,VA,23505-0000,Proprietary  ,24,105,129,24,105,129
02111600,DANVILLE REGIONAL MEDICAL CENTER SCHOOL ,VA,24541-0000,Proprietary  ,29,49,78,29,49,78
02119203,COURT REPORTING INSTITUTE OF DALLAS - CO,VA,22203-4179,Proprietary  ,5,18,23,5,18,23
02128700,CENTRAL SCHOOL OF PRACTICAL NURSING     ,VA,23502-2230,Public       ,59,143,202,59,143,202
02140000,RIVERSIDE SCHOOL OF HEALTH CAREERS      ,VA,23608-3802,Private      ,105,281,386,105,281,386
02149901,PAUL MITCHELL THE SCHOOL-JACKSONVILLE - ,VA,22102-0000,Proprietary  ,1,6,7,1,6,7
02149902,PAUL MITCHELL THE SCHOOL-JACKSONVILLE - ,VA,22192-0000,Proprietary  ,1,8,9,1,8,9
02175800,LYNCHBURG GENERAL HOSP SCH OF NURSG     ,VA,24501-0000,Private      ,66,118,184,66,118,184
02197600,WOODROW WILSON REHABILITATION CTR       ,VA,22939-0000,Public       ,15,8,23,15,8,23
02242400,HENRICO CTY ST MARYS HOSP PRAC NRSG     ,VA,23075-0000,Public       ,18,39,57,18,39,57
02320900,TIDEWATER TECH                          ,VA,23502-1747,Proprietary  ,104,347,451,104,347,451
02334400,CENTURA COLLEGE                         ,VA,23452-0000,Proprietary  ,133,1046,1179,133,1046,1179
02342700,FORTIS COLLEGE                          ,VA,23502-4101,Proprietary  ,62,284,346,62,284,346
02342701,FORTIS COLLEGE - RICHMOND CAMPUS        ,VA,23236-3472,Proprietary  ,76,240,316,76,240,316
02358500,BON SECOURS SAINT MARY'S HOSPITAL SCHOOL,VA,23227-4612,Private      ,60,149,209,60,149,209
02538800,SUFFOLK BEAUTY ACADEMY                  ,VA,23434-0000,Proprietary  ,5,25,30,5,25,30
02541200,STRATFORD UNIVERSITY                    ,VA,22043-0000,Proprietary  ,179,580,759,179,580,759
02541201,STRATFORD UNIVERSITY-WOODBRIDGE         ,VA,22192-0000,Proprietary  ,103,362,465,103,362,465
02588900,MEDTECH INSTITUTE                       ,VA,22042-3013,Proprietary  ,64,224,288,64,224,288
02610100,WASHINGTON COUNTY ADULT SKILL CTR       ,VA,24210-2346,Public       ,16,44,60,16,44,60
03002400,GRAHAM WEBB INTERNATIONAL ACAD HAIR     ,VA,22209-2129,Proprietary  ,17,36,53,17,36,53
03010700,BAR PALMA BEAUTY CAREERS  ACADEMY       ,VA,24014-2255,Proprietary  ,13,56,69,13,56,69
03042800,"VIRGINIA BEACH CITY SCHOOLS, SCH.-PR.NSG",VA,23456-0038,Public       ,29,87,116,29,87,116
03091300,REGENT UNIVERSITY                       ,VA,23464-9800,Private      ,1184,2535,3719,1184,2535,3719
03092700,SKYLINE COLLEGE                         ,VA,24012-1603,Proprietary  ,38,127,165,38,127,165
03096500,SPRINGFIELD BEAUTY ACADEMY              ,VA,22003-3016,Proprietary  ,3,26,29,3,26,29
03106500,SENTARA NORFOLK GENERAL HOSPITAL        ,VA,23320-2843,Private      ,92,298,390,92,298,390
03116900,BAPTIST THEOLOGICAL SEM.-RICHMOND       ,VA,23227-0000,Private      ,2,39,41,2,39,41
03126300,AVIATION INSTITUTE OF MAINTENANCE       ,VA,23320-5987,Proprietary  ,33,149,182,33,149,182
03126400,CENTURA COLLEGE                         ,VA,23235-5230,Proprietary  ,68,335,403,68,335,403
03127500,ADVANCED TECHNOLOGY INSTITUTE           ,VA,23462-2409,Proprietary  ,189,275,464,189,275,464
03280400,VIRGINIA SCHOOL OF MASSAGE              ,VA,22903-0000,Proprietary  ,13,49,62,13,49,62
03409500,RICHMOND SCHOOL OF HEALTH AND TECH      ,VA,23227-0000,Proprietary  ,38,166,204,38,166,204
03455300,CRESCENT COSMETOLOGY UNIVERSITY         ,VA,23666-3115,Proprietary  ,5,28,33,5,28,33
03559300,APPALACHIAN SCHOOL OF LAW               ,VA,24614-0000,Private      ,6,254,260,6,254,260
03645400,RUDY & KELLY ACADEMY OF HAIR AND NA     ,VA,23464-6857,Proprietary  ,36,111,147,36,111,147
03654300,CAREER TRAINING SOLUTIONS               ,VA,22406-1014,Proprietary  ,50,261,311,50,261,311
03709300,EDWARD VIA VIRGINIA CLG OSTEOPATHIC MED ,VA,24060-6360,Private      ,10,485,495,10,485,495
03872400,INSTITUTE FOR THE PSYCHOLOGICAL SCIENCES,VA,22202-3609,Private      ,10,109,119,10,109,119
03876300,CULPEPER COSMETOLOGY TRAINING CENTER    ,VA,22701-3155,Public       ,8,19,27,8,19,27
03883400,AVIATION INSTITUTE OF MAINTENANCE       ,VA,20110-4156,Proprietary  ,26,95,121,26,95,121
04038400,AVI CAREER INSTITUTE                    ,VA,22066-1839,Proprietary  ,2,19,21,2,19,21
04110300,UNIVERSITY OF MANAGEMENT AND TECHNOLOGY ,VA,22209-1609,Proprietary  ,16,160,176,16,160,176
04124000,DOMINION SCHOOL OF HAIR DESIGN          ,VA,23062-2221,Proprietary  ,3,17,20,3,17,20
04127300,COLUMBIA COLLEGE                        ,VA,22031-4413,Proprietary  ,32,74,106,32,74,106
04133400,CENTURA COLLEGE                         ,VA,22312-2670,Proprietary  ,30,141,171,30,141,171
04133800,SOUTHEAST CULINARY & HOSPITALITY COLLEGE,VA,24201-4159,Proprietary  ,29,35,64,29,35,64
04137300,CAYCE/REILLY SCHOOL OF MASSOTHERAPY     ,VA,23451-2061,Private      ,10,43,53,10,43,53
04140000,GLOBAL HEALTH NURSE TRAINING SERVICES   ,VA,22314-4585,Proprietary  ,16,215,231,16,215,231
04153800,BETHEL COLLEGE                          ,VA,23666-3122,Private      ,30,49,79,30,49,79
04156200,INSTITUTE OF ADVANCED MEDICAL ESTHETICS ,VA,23294-4701,Proprietary  ,11,51,62,11,51,62
04169400,NORTHERN VIRGINIA SCHOOL OF THERAPEUTIC ,VA,22046-4302,Proprietary  ,19,46,65,19,46,65
04171500,COSMOPOLITAN BEAUTY & TECH SCHOOL       ,VA,22003-3204,Proprietary  ,8,28,36,8,28,36
04179900,TOMORROW'S IMAGE BARBER ACADEMY OF VIRGI,VA,23602-5532,Proprietary  ,8,19,27,8,19,27
04180600,APPALACHIAN COLLEGE OF PHARMACY         ,VA,24631-9210,Private      ,9,157,166,9,157,166
04220400,CHRYSM INSTITUTE OF ESTHETICS (THE)     ,VA,23462-3650,Proprietary  ,3,18,21,3,18,21
00107000,THUNDERBIRD SCHOOL OF GLOBAL MANAGEMENT ,AZ,85306-6000,Private      ,18,245,263,18,245,263
00107100,ARIZONA WESTERN COLLEGE                 ,AZ,85366-0000,Public       ,2050,1441,3491,2050,1441,3491
00107200,COCHISE COLLEGE                         ,AZ,85607-6190,Public       ,589,794,1383,589,794,1383
00107300,EASTERN ARIZONA COLLEGE                 ,AZ,85552-0769,Public       ,728,490,1218,728,490,1218
00107400,GRAND CANYON UNIVERSITY                 ,AZ,85017-3030,Proprietary  ,7942,16708,24650,7942,16708,24650
00107600,GLENDALE COMMUNITY COLLEGE              ,AZ,85302-3090,Public       ,4250,4779,9029,4250,4779,9029
00107700,MESA COMMUNITY COLLEGE                  ,AZ,85202-4866,Public       ,4195,5719,9914,4195,5719,9914
00107800,PHOENIX COLLEGE                         ,AZ,85013-4234,Public       ,2523,4876,7399,2523,4876,7399
00107900,YAVAPAI COLLEGE                         ,AZ,86301-3297,Public       ,954,1667,2621,954,1667,2621
00108100,ARIZONA STATE UNIV (ALL CAMPUSES)       ,AZ,85287-0412,Public       ,39933,21449,61382,39933,21449,61382
00108200,NORTHERN ARIZONA UNIVERSITY             ,AZ,86011-0001,Public       ,24729,7569,32298,24729,7569,32298
00108300,UNIVERSITY OF ARIZONA                   ,AZ,85721-0066,Public       ,25908,9475,35383,25908,9475,35383
00165701,MIDWESTERN UNIVERSITY                   ,AZ,85308-0000,Private      ,102,2563,2665,102,2563,2665
00446700,TUCSON COLLEGE                          ,AZ,85711-3781,Proprietary  ,110,193,303,110,193,303
00711300,ARIZONA CHRISTIAN UNIVERSITY            ,AZ,85032-7097,Private      ,603,206,809,603,206,809
00726600,PIMA COUNTY COMMUNITY COLLEGE           ,AZ,85709-1110,Public       ,4787,5220,10007,4787,5220,10007
00728300,CENTRAL ARIZONA COLLEGE                 ,AZ,85228-9779,Public       ,955,1353,2308,955,1353,2308
00732911,ITT TECHNICAL INSTITUTE                 ,AZ,85282-9272,Proprietary  ,145,411,556,145,411,556
00732990,ITT TECHNICAL INSTITUTE                 ,AZ,85704-5829,Proprietary  ,134,246,380,134,246,380
00822100,UNIVERSAL TECHNICAL INSTITUTE           ,AZ,85323-7946,Proprietary  ,4082,2662,6744,4082,2662,6744
00824600,DINÉ COLLEGE                            ,AZ,86556-0126,Public       ,190,353,543,190,353,543
00830300,GATEWAY COMMUNITY COLLEGE               ,AZ,85034-1795,Public       ,1390,2691,4081,1390,2691,4081
00830302,MARICOPA SKILL CENTER                   ,AZ,85034-0000,Public       ,135,430,565,135,430,565
00830400,SCOTTSDALE COMMUNITY COLLEGE            ,AZ,85250-0000,Public       ,1816,1693,3509,1816,1693,3509
00886400,ARIZONA ACADEMY OF BEAUTY               ,AZ,85712-5021,Proprietary  ,45,56,101,45,56,101
00886500,ARTISTIC BEAUTY COLLEGES-TUCSON         ,AZ,85716-3999,Proprietary  ,32,67,99,32,67,99
01084700,ARIZONA AUTOMOTIVE INSTITUTE            ,AZ,85301-3503,Proprietary  ,70,157,227,70,157,227
01085800,AVALON SCHOOL OF COSMETOLOGY            ,AZ,85210-4010,Proprietary  ,96,191,287,96,191,287
01168900,REFRIGERATION SCHOOL                    ,AZ,85034-0000,Proprietary  ,37,220,257,37,220,257
01180200,ARIZONA ACADEMY OF BEAUTY-NORTH         ,AZ,85705-2720,Proprietary  ,28,33,61,28,33,61
01180800,ARTISTIC BEAUTY COLLEGES-FLAGSTAFF      ,AZ,86004-5119,Proprietary  ,24,62,86,24,62,86
01186200,NORTHLAND PIONEER COLLEGE               ,AZ,86025-0610,Public       ,247,583,830,247,583,830
01186400,MOHAVE COMMUNITY COLLEGE                ,AZ,86409-1238,Public       ,455,1340,1795,455,1340,1795
01218400,INTERNATIONAL ACAD OF HAIR DESIGN       ,AZ,85225-7198,Proprietary  ,16,60,76,16,60,76
01234300,ARTISTIC BEAUTY COLLEGES-PHOENIX        ,AZ,85304-0000,Proprietary  ,28,73,101,28,73,101
01293700,ARTISTIC BEAUTY COLLEGES - PARADISE VALL,AZ,85257-0000,Proprietary  ,22,56,78,22,56,78
02065300,PRESCOTT COLLEGE                        ,AZ,86301-0000,Private      ,416,467,883,416,467,883
02071200,KAPLAN COLLEGE                          ,AZ,85029-4349,Proprietary  ,67,399,466,67,399,466
02098800,UNIVERSITY OF PHOENIX                   ,AZ,85040-0000,Proprietary  ,3951,68675,72626,3951,68675,72626
02100500,UNIVERSAL TECHNICAL INSTITUTE           ,AZ,85027-0000,Proprietary  ,2564,2962,5526,2564,2962,5526
02100600,CARRINGTON COLLEGE                      ,AZ,85015-4096,Proprietary  ,430,1291,1721,430,1291,1721
02113800,ROBERTO-VENN SCH OF LUTHIERY            ,AZ,85040-0000,Proprietary  ,9,31,40,9,31,40
02146600,SOUTH MOUNTAIN COMMUNITY COLLEGE        ,AZ,85040-0000,Public       ,919,1457,2376,919,1457,2376
02160305,COLLINS COLLEGE                         ,AZ,85040-4000,Proprietary  ,132,201,333,132,201,333
02160306,INTERNATIONAL ACADEMY OF DESIGN AND TECH,AZ,85281-6705,Proprietary  ,20,28,48,20,28,48
02171500,WESTERN INTERNATIONAL UNIVERSITY        ,AZ,85021-0000,Proprietary  ,28,499,527,28,499,527
02177500,RIO SALADO COMMUNITY COLLEGE            ,AZ,85281-6948,Public       ,1080,5831,6911,1080,5831,6911
02199900,AMERICAN INDIAN CLG-ASSEMBLIES GOD      ,AZ,85021-0000,Private      ,21,44,65,21,44,65
02217100,PIMA MEDICAL INSTITUTE                  ,AZ,85716-0000,Proprietary  ,821,2385,3206,821,2385,3206
02218800,BROOKLINE COLLEGE                       ,AZ,85021-5815,Proprietary  ,94,492,586,94,492,586
02218804,BROOKLINE COLLEGE - MESA                ,AZ,85204-4448,Proprietary  ,44,176,220,44,176,220
02218805,BROOKLINE COLLEGE - TUCSON              ,AZ,85711-5444,Proprietary  ,93,196,289,93,196,289
02220300,ARTISTIC BEAUTY COLLEGES-GLENDALE       ,AZ,85051-0000,Proprietary  ,43,121,164,43,121,164
02263100,ANTHEM COLLEGE                          ,AZ,85014-0000,Proprietary  ,154,878,1032,154,878,1032
02280500,CHARLES OF ITALY BEAUTY COLLEGE         ,AZ,86403-0000,Proprietary  ,14,29,43,14,29,43
02295000,EVEREST COLLEGE                         ,AZ,85021-1610,Proprietary  ,226,1428,1654,226,1428,1654
02295002,EVEREST COLLEGE - MESA                  ,AZ,85206-4704,Proprietary  ,82,344,426,82,344,426
02317800,AMERICAN INSTITUTE OF TECHNOLOGY        ,AZ,85043-0000,Proprietary  ,78,164,242,78,164,242
02491500,THE ART CENTER DESIGN COLLEGE           ,AZ,85716-0000,Proprietary  ,69,137,206,69,137,206
02533200,FRANK LLOYD WRIGHT SCHOOL OF ARCHITECTUR,AZ,85261-4430,Private      ,14,22,36,14,22,36
02559000,UNIVERSITY OF ADVANCING TECHNOLOGY      ,AZ,85283-0000,Proprietary  ,692,337,1029,692,337,1029
02561900,BRILLARE HAIRDRESSING ACADEMY           ,AZ,85254-3301,Proprietary  ,34,44,78,34,44,78
02582700,CORTIVA INSTITUTE - TUCSON              ,AZ,85710-3503,Proprietary  ,22,45,67,22,45,67
02616700,LE CORDON BLEU COLLEGE OF CULINARY ARTS ,AZ,85251-2729,Proprietary  ,375,1175,1550,375,1175,1550
02623600,PARADISE VALLEY COMMUNITY COLLEGE       ,AZ,85032-1210,Public       ,1448,1673,3121,1448,1673,3121
02623800,CORTIVA INSTITUTE - SCOTTSDALE          ,AZ,85257-4218,Proprietary  ,6,28,34,6,28,34
03005000,SAFFORD COLLEGE OF BEAUTY CULTURE       ,AZ,85546-3309,Proprietary  ,1,4,5,1,4,5
03010613,VIRGINIA COLLEGE - GOLF ACADEMY OF ARIZO,AZ,85225-6742,Proprietary  ,15,34,49,15,34,49
03030604,UTAH COLLEGE OF MASSAGE THERAPY - ARIZON,AZ,85282-0000,Proprietary  ,27,85,112,27,85,112
03030605,UTAH COLLEGE OF MASSAGE THERAPY - ARIZON,AZ,85051-3470,Proprietary  ,29,84,113,29,84,113
03034400,CONSERVATORY RECORDING ARTS & SCIS      ,AZ,85282-1707,Proprietary  ,294,303,597,294,303,597
03072200,CHANDLER-GILBERT COMMUNITY COLLEGE      ,AZ,85225-2499,Public       ,2275,2144,4419,2275,2144,4419
03076400,BRYMAN SCHOOL OF ARIZONA                ,AZ,85029-4919,Proprietary  ,102,374,476,102,374,476
03097800,CARSTEN INSTITUTE OF HAIR & BEAUTY      ,AZ,85282-5404,Proprietary  ,22,45,67,22,45,67
03100400,COCONINO COUNTY COMMUNITY COLLEGE       ,AZ,86001-2701,Public       ,858,893,1751,858,893,1751
03107000,SOUTHWEST CLG OF NATUROPATHIC MED       ,AZ,85282-0000,Private      ,12,199,211,12,199,211
03115000,ARIZONA COLLEGE OF ALLIED HEALTH        ,AZ,85302-3843,Proprietary  ,89,265,354,89,265,354
03120300,COLLEGE AMERICA                         ,AZ,86004-3936,Proprietary  ,37,187,224,37,187,224
03156300,ESTRELLA MOUNTAIN COMMUNITY COLLEGE     ,AZ,85392-1010,Public       ,1783,2410,4193,1783,2410,4193
03347300,INTERNATIONAL BAPTIST COLLEGE           ,AZ,85282-6799,Private      ,12,7,19,12,7,19
03445300,HDS TRUCK DRIVING INSTITUTE             ,AZ,85731-0000,Proprietary  ,7,43,50,7,43,50
03478400,PHOENIX SEMINARY                        ,AZ,85018-7611,Private      ,3,87,90,3,87,90
03572300,EAST VALLEY INSTITUTE OF TECHNOLOGY     ,AZ,85201-6910,Public       ,144,283,427,144,283,427
03593300,SOUTHWEST INSTITUTE OF HEALING ARTS     ,AZ,85281-3658,Proprietary  ,46,559,605,46,559,605
03617500,PHOENIX INSTITUTE OF HERBAL MEDICINE & A,AZ,85012-0000,Proprietary  ,25,145,170,25,145,170
03695500,ARIZONA SCHOOL OF ACUPUNCTURE AND ORIENT,AZ,85712-1100,Proprietary  ,11,48,59,11,48,59
03784400,TOHONO O'ODHAM COMMUNITY COLLEGE        ,AZ,85634-3129,Public       ,29,18,47,29,18,47
03813300,NORTHCENTRAL UNIVERSITY                 ,AZ,86314-2336,Proprietary  ,43,2433,2476,43,2433,2476
03814300,TURNING POINT BEAUTY COLLEGE            ,AZ,85222-4229,Proprietary  ,6,12,18,6,12,18
04051300,ART INSTITUTE OF PHOENIX (THE)          ,AZ,85021-2859,Proprietary  ,2517,7102,9619,2517,7102,9619
04051306,ART INSTITUTE OF PHOENIX (THE) - ART INS,AZ,85712-2732,Proprietary  ,295,297,592,295,297,592
04051325,ART INSTITUTE OF PHOENIX (THE) - BROWN M,AZ,85712-5300,Proprietary  ,58,131,189,58,131,189
04051327,ART INSTITUTE OF PHOENIX (THE) - BROWN M,AZ,85029-1348,Proprietary  ,80,153,233,80,153,233
04059300,TUCSON COLLEGE OF BEAUTY                ,AZ,85705-2451,Proprietary  ,35,44,79,35,44,79
04120900,ARIZONA CULINARY INSTITUTE              ,AZ,85259-4939,Proprietary  ,126,142,268,126,142,268
04131400,PHOENIX SCHOOL OF LAW                   ,AZ,85012-3330,Proprietary  ,46,585,631,46,585,631
04139200,UNIVERSAL BARBER COLLEGE                ,AZ,85007-3914,Proprietary  ,30,83,113,30,83,113
04148700,AMERICAN INSTITUTE OF INTERIOR DESIGN   ,AZ,85268-3827,Proprietary  ,10,22,32,10,22,32
04152900,STUDIO ACADEMY OF BEAUTY (THE)          ,AZ,85224-3600,Proprietary  ,20,46,66,20,46,66
04157400,NATIONAL PARALEGAL COLLEGE              ,AZ,85014-1262,Proprietary  ,32,606,638,32,606,638
04172100,CCIC BEAUTY COLLEGE                     ,AZ,85345-2410,Proprietary  ,5,19,24,5,19,24
04174100,PAUL MITCHELL THE SCHOOL PHOENIX        ,AZ,85017-1919,Proprietary  ,51,92,143,51,92,143
04174200,ALL BEAUTY COLLEGE                      ,AZ,86426-8326,Proprietary  ,11,30,41,11,30,41
04175300,KOHLER ACADEMY                          ,AZ,85254-4065,Proprietary  ,20,46,66,20,46,66
04177500,PURE AESTHETICS                         ,AZ,85711-2328,Proprietary  ,7,36,43,7,36,43
04191200,CLASSIC COOKING ACADEMY                 ,AZ,85255-8699,Private      ,23,18,41,23,18,41
04194500,AVEDA INSTITUTE TUCSON                  ,AZ,85719-4876,Proprietary  ,41,61,102,41,61,102
04217600,SESSIONS COLLEGE FOR PROFESSIONAL DESIGN,AZ,85281-2840,Proprietary  ,5,37,42,5,37,42
00142800,DELAWARE STATE UNIVERSITY               ,DE,19901-2277,Public       ,6527,1438,7965,6527,1438,7965
00142900,GOLDEY BEACOM COLLEGE                   ,DE,19808-1993,Private      ,340,172,512,340,172,512
00143100,UNIVERSITY OF DELAWARE                  ,DE,19716-0099,Public       ,21629,1759,23388,21629,1759,23388
00143300,WESLEY COLLEGE                          ,DE,19901-3875,Private      ,1744,341,2085,1744,341,2085
00143301,WESLEY COLLEGE-CTR FOR ADULT STUDIE     ,DE,19720-0000,Private      ,15,76,91,15,76,91
00331301,WIDENER UNIV SCHOOL OF LAW - DE         ,DE,19803-0000,Private      ,54,692,746,54,692,746
00705300,DELAWARE TECH & CMTY COLLEGE-OWENS      ,DE,19947-0000,Public       ,1004,1009,2013,1004,1009,2013
00794800,WILMINGTON UNIVERSITY                   ,DE,19720-6491,Private      ,1296,3125,4421,1296,3125,4421
01172700,DELAWARE TECH & CMTY CLG-TERRY          ,DE,19901-8736,Public       ,896,901,1797,896,901,1797
02125200,BEEBE SCHOOL OF NURSING                 ,DE,19958-1462,Private      ,26,31,57,26,31,57
02144900,DELAWARE TECH & CMTY CLG-STANTN/WLM     ,DE,19801-0000,Public       ,1640,1598,3238,1640,1598,3238
02190400,SCHILLING DOUGLAS SCH OF HAIR DSGN      ,DE,19711-0000,Proprietary  ,18,30,48,18,30,48
02586902,STAR TECHNICAL INSTITUTE -              ,DE,19901-4615,Proprietary  ,17,38,55,17,38,55
03025800,DAWN TRAINING CENTRE                    ,DE,19805-1511,Proprietary  ,40,211,251,40,211,251
03543300,HARRIS SCHOOL OF BUSINESS               ,DE,19803-5341,Proprietary  ,22,59,81,22,59,81
03702300,DELAWARE LEARNING INSTITUTE OF COSMETOLO,DE,19939-9759,Proprietary  ,16,17,33,16,17,33
04130700,ACADEMY OF MASSAGE AND BODYWORK         ,DE,19701-1321,Proprietary  ,4,25,29,4,25,29
04139800,DELAWARE COLLEGE OF ART & DESIGN        ,DE,19801-3007,Private      ,307,57,364,307,57,364
04171100,DELAWARE ACADEMY PAUL MITCHELL PARTNER S,DE,19702-5108,Proprietary  ,31,34,65,31,34,65
        ,FEDERAL STUDENT AID USE ONLY            ,DC,20202-0000,,1,2,3,1,2,3
00143400,AMERICAN UNIVERSITY                     ,DC,20016-8020,Private      ,12540,7192,19732,12540,7192,19732
00143700,CATHOLIC UNIVERSITY OF AMERICA          ,DC,20064-0002,Private      ,4761,1269,6030,4761,1269,6030
00143711,"CATHOLIC UNIV AMERICA, LAW SCHOOL       ",DC,20064-0000,Private      ,44,804,848,44,804,848
00144100,UNIV OF THE DISTRICT OF COLUMBIA        ,DC,20008-0000,Public       ,1620,3023,4643,1620,3023,4643
00144102,UNIV OF THE DIST OF COLU -SCHOOL OF LAW ,DC,20008-1173,Public       ,32,600,632,32,600,632
00144300,GALLAUDET UNIVERSITY                    ,DC,20002-3695,Private      ,600,659,1259,600,659,1259
00144400,GEORGE WASHINGTON UNIVERSITY            ,DC,20052-2353,Private      ,12319,6729,19048,12319,6729,19048
00144402,GEORGE WASHINGTON UNIV LAW SCHL         ,DC,20052-0000,Private      ,71,3013,3084,71,3013,3084
00144403,GEORGE WASHINGTON UNIV SCH MED          ,DC,20052-0000,Private      ,72,1224,1296,72,1224,1296
00144500,GEORGETOWN UNIVERSITY                   ,DC,20057-1252,Private      ,11473,2686,14159,11473,2686,14159
00144501,"GEORGETOWN UNIV, SCH OF MEDICINE        ",DC,20007-0000,Private      ,77,1022,1099,77,1022,1099
00144502,GEORGETOWN UNIVERSITY - GRADUATE SCHOOL ,DC,20057-0004,Private      ,47,2844,2891,47,2844,2891
00144503,GEORGETOWN UNIV LAW CENTER              ,DC,20001-0000,Private      ,49,3537,3586,49,3537,3586
00144800,HOWARD UNIVERSITY                       ,DC,20059-0001,Private      ,13604,6501,20105,13604,6501,20105
00145900,STRAYER UNIVERSITY                      ,DC,20005-2603,Proprietary  ,440,13152,13592,440,13152,13592
00146000,TRINITY UNIVERSITY                      ,DC,20017-1004,Private      ,1133,1615,2748,1133,1615,2748
00146400,WESLEY THEOLOGICAL SEMINARY             ,DC,20016-0000,Private      ,3,139,142,3,139,142
00207701,JOHNS HOPKINS UNIV SCH ADV INTL STU     ,DC,20036-0000,Private      ,55,1169,1224,55,1169,1224
01006500,WASHINGTON THEOLOGICAL UNION            ,DC,20012-0000,Private      ,2,23,25,2,23,25
01195000,THE CORCORAN COLLEGE OF ART & DESIG     ,DC,20006-4804,Private      ,236,200,436,236,200,436
01280300,DOMINICAN HOUSE OF STUDIES              ,DC,20017-1584,Private      ,2,11,13,2,11,13
02132800,NAT'L CONSERVATORY DRAMATIC ARTS        ,DC,20007-2758,Private      ,13,23,36,13,23,36
03104300,CAREER BLAZERS LEARNING CENTER OF WASHIN,DC,20037-1881,Proprietary  ,10,70,80,10,70,80
03218300,POTOMAC COLLEGE                         ,DC,20016-1860,Proprietary  ,32,182,214,32,182,214
03409600,BENNETT CAREER INSTITUTE                ,DC,20017-1754,Proprietary  ,50,122,172,50,122,172
03750300,TECHNICAL LEARNING CENTERS              ,DC,20006-3749,Proprietary  ,12,63,75,12,63,75
04114400,INSTITUTE OF WORLD POLITICS (THE)       ,DC,20036-1464,Private      ,11,104,115,11,104,115
04142700,PONTIFICAL JOHN PAUL II INSTITUTE FOR ST,DC,20064-0001,Private      ,1,10,11,1,10,11
04190000,RADIANS COLLEGE                         ,DC,20005-3542,Proprietary  ,27,197,224,27,197,224
00154100,ABRAHAM BALDWIN AGRICULTURAL CLG        ,GA,31794-0000,Public       ,1265,614,1879,1265,614,1879
00154200,AGNES SCOTT COLLEGE                     ,GA,30030-3770,Private      ,1084,257,1341,1084,257,1341
00154300,DARTON COLLEGE                          ,GA,31707-3098,Public       ,1257,2034,3291,1257,2034,3291
00154400,ALBANY STATE UNIVERSITY                 ,GA,31705-2796,Public       ,3559,1699,5258,3559,1699,5258
00154500,ANDREW COLLEGE                          ,GA,39840-1395,Private      ,203,37,240,203,37,240
00154600,ARMSTRONG ATLANTIC STATE UNIVERSITY     ,GA,31419-1997,Public       ,3830,2749,6579,3830,2749,6579
00154700,POINT UNIVERSITY                        ,GA,30344-1999,Private      ,400,436,836,400,436,836
00155200,AUGUSTA STATE UNIVERSITY                ,GA,30904-2200,Public       ,2965,2193,5158,2965,2193,5158
00155400,BERRY COLLEGE                           ,GA,30149-5007,Private      ,2993,155,3148,2993,155,3148
00155500,THOMAS UNIVERSITY                       ,GA,31792-7499,Private      ,177,394,571,177,394,571
00155600,BRENAU UNIVERSITY                       ,GA,30501-3668,Private      ,1166,1371,2537,1166,1371,2537
00155700,BREWTON PARKER COLLEGE                  ,GA,30445-0000,Private      ,210,68,278,210,68,278
00155800,COASTAL GEORGIA COMMUNITY COLLEGE       ,GA,31520-3644,Public       ,930,989,1919,930,989,1919
00155900,CLARK ATLANTA UNIVERSITY                ,GA,30314-4385,Private      ,7698,3028,10726,7698,3028,10726
00156000,COLUMBIA THEOLOGICAL SEMINARY           ,GA,30031-0000,Private      ,5,80,85,5,80,85
00156100,COLUMBUS STATE UNIVERSITY               ,GA,31907-5645,Public       ,3387,2235,5622,3387,2235,5622
00156200,GEORGIA PERIMETER COLLEGE               ,GA,30021-0000,Public       ,5878,8201,14079,5878,8201,14079
00156300,EMMANUEL COLLEGE                        ,GA,30639-0000,Private      ,407,69,476,407,69,476
00156400,EMORY UNIVERSITY                        ,GA,30322-1960,Private      ,11506,6993,18499,11506,6993,18499
00156600,FORT VALLEY STATE UNIVERSITY            ,GA,31030-3298,Public       ,2228,1021,3249,2228,1021,3249
00156700,GAINESVILLE STATE COLLEGE               ,GA,30503-0000,Public       ,2364,1467,3831,2364,1467,3831
00156800,INTERDENOMINATIONAL THEOLOGY CENTER     ,GA,30314-0000,Private      ,3,176,179,3,176,179
00156900,GEORGIA INSTITUTE OF TECHNOLOGY         ,GA,30332-0325,Public       ,14850,2986,17836,14850,2986,17836
00157000,SOUTHERN POLYTECHNIC STATE UNIV         ,GA,30060-2896,Public       ,3179,2355,5534,3179,2355,5534
00157100,GEORGIA MILITARY COLLEGE                ,GA,31061-3398,Public       ,1593,1977,3570,1593,1977,3570
00157200,GEORGIA SOUTHERN UNIVERSITY             ,GA,30460-8065,Public       ,12773,3204,15977,12773,3204,15977
00157300,GEORGIA SOUTHWESTERN STATE UNIV         ,GA,31709-4693,Public       ,1369,764,2133,1369,764,2133
00157400,GEORGIA STATE UNIVERSITY                ,GA,30303-3010,Public       ,19093,13004,32097,19093,13004,32097
00157500,GORDON COLLEGE                          ,GA,30204-1762,Public       ,1740,1071,2811,1740,1071,2811
00157700,KENNESAW STATE UNIVERSITY               ,GA,30144-5591,Public       ,11786,6211,17997,11786,6211,17997
00157800,LAGRANGE COLLEGE                        ,GA,30240-2999,Private      ,1111,231,1342,1111,231,1342
00157900,MEDICAL COLLEGE OF GEORGIA              ,GA,30912-0004,Public       ,600,1659,2259,600,1659,2259
00158000,MERCER UNIVERSITY                       ,GA,31207-0003,Private      ,3758,3468,7226,3758,3468,7226
00158100,MIDDLE GEORGIA COLLEGE                  ,GA,31014-1599,Public       ,1177,802,1979,1177,802,1979
00158200,MOREHOUSE COLLEGE                       ,GA,30314-3773,Private      ,3239,661,3900,3239,661,3900
00158500,NORTH GEORGIA COLLEGE & STATE UNIV      ,GA,30597-0001,Public       ,5032,1400,6432,5032,1400,6432
00158600,OGLETHORPE UNIVERSITY                   ,GA,30319-2737,Private      ,1607,321,1928,1607,321,1928
00158700,PAINE COLLEGE                           ,GA,30901-3182,Private      ,564,325,889,564,325,889
00158800,PIEDMONT COLLEGE                        ,GA,30535-5644,Private      ,638,486,1124,638,486,1124
00158900,REINHARDT UNIVERSITY                    ,GA,30183-2981,Private      ,853,216,1069,853,216,1069
00159000,SAVANNAH STATE UNIVERSITY               ,GA,31404-5298,Public       ,4026,1504,5530,4026,1504,5530
00159100,SHORTER UNIVERSITY                      ,GA,30165-4298,Private      ,1162,998,2160,1162,998,2160
00159200,SOUTH GEORGIA COLLEGE                   ,GA,31533-8104,Public       ,571,397,968,571,397,968
00159400,SPELMAN COLLEGE                         ,GA,30314-4399,Private      ,5248,1048,6296,5248,1048,6296
00159600,TOCCOA FALLS COLLEGE                    ,GA,30598-0001,Private      ,447,100,547,447,100,547
00159700,TRUETT MCCONNELL COLLEGE                ,GA,30528-1264,Private      ,380,73,453,380,73,453
00159800,UNIVERSITY OF GEORGIA                   ,GA,30602-6114,Public       ,19953,5712,25665,19953,5712,25665
00159900,VALDOSTA STATE UNIVERSITY               ,GA,31698-0001,Public       ,6484,2259,8743,6484,2259,8743
00160000,WESLEYAN COLLEGE                        ,GA,31210-4407,Private      ,319,223,542,319,223,542
00160100,UNIV OF WEST GEORGIA                    ,GA,30118-0002,Public       ,6848,2560,9408,6848,2560,9408
00160200,GEORGIA COLLEGE & STATE UNIVERSITY      ,GA,31061-0490,Public       ,4463,918,5381,4463,918,5381
00160400,YOUNG HARRIS COLLEGE                    ,GA,30582-4137,Private      ,911,80,991,911,80,991
00348400,COVENANT COLLEGE                        ,GA,30750-4164,Private      ,1039,74,1113,1039,74,1113
00395600,DALTON STATE COLLEGE                    ,GA,30720-3797,Public       ,1689,1226,2915,1689,1226,2915
00402400,GEORGIA NORTHWESTERN TECHNICAL COLLEGE  ,GA,30161-6757,Public       ,736,1949,2685,736,1949,2685
00411700,GRADY HEALTH SYSTEM                     ,GA,30303-3050,Public       ,76,400,476,76,400,476
00489808,MCCANN SCHOOL OF BUSINESS & TECHNOLOGY -,GA,31210-0246,Proprietary  ,10,52,62,10,52,62
00525400,LANIER TECHNICAL COLLEGE                ,GA,30566-3499,Public       ,550,1603,2153,550,1603,2153
00525500,MOULTRIE TECHNICAL COLLEGE              ,GA,31768-0000,Public       ,98,326,424,98,326,424
00525600,WIREGRASS GEORGIA TECHNICAL COLLEGE     ,GA,31602-0929,Public       ,363,1212,1575,363,1212,1575
00551100,OKEFENOKEE TECHNICAL COLLEGE            ,GA,31501-4016,Public       ,93,333,426,93,333,426
00559900,AUGUSTA TECHNICAL COLLEGE               ,GA,30906-3399,Public       ,779,2332,3111,779,2332,3111
00560000,ATHENS TECHNICAL COLLEGE                ,GA,30601-1579,Public       ,876,1608,2484,876,1608,2484
00560100,ALBANY TECHNICAL COLLEGE                ,GA,31701-2648,Public       ,346,1242,1588,346,1242,1588
00561500,SOUTHWEST GEORGIA TECHNICAL COLLEGE     ,GA,31792-2622,Public       ,171,549,720,171,549,720
00561700,SOUTH GEORGIA TECHNICAL COLLEGE         ,GA,31709-8167,Public       ,202,324,526,202,324,526
00561800,SAVANNAH TECHNICAL COLLEGE              ,GA,31405-5594,Public       ,761,2505,3266,761,2505,3266
00561900,NORTH GEORGIA TECHNICAL COLLEGE         ,GA,30523-0000,Public       ,413,700,1113,413,700,1113
00562000,CHATTAHOOCHEE TECHNICAL COLLEGE         ,GA,30060-3398,Public       ,1690,3632,5322,1690,3632,5322
00562100,SOUTHERN CRESCENT TECHNICAL COLLEGE     ,GA,30223-2097,Public       ,599,2058,2657,599,2058,2657
00562200,DEKALB TECHNICAL COLLEGE                ,GA,30021-0000,Public       ,486,2245,2731,486,2245,2731
00562400,COLUMBUS TECHNICAL COLLEGE              ,GA,31904-6572,Public       ,588,1610,2198,588,1610,2198
00576300,CENTRAL GEORGIA TECHNICAL COLLEGE       ,GA,31206-3628,Public       ,451,1540,1991,451,1540,1991
00772800,MACON STATE COLLEGE                     ,GA,31206-5145,Public       ,1681,1799,3480,1681,1799,3480
00854300,ATLANTA TECHNICAL COLLEGE               ,GA,30310-4499,Public       ,998,4339,5337,998,4339,5337
00897600,CLAYTON STATE UNIVERSITY                ,GA,30260-0285,Public       ,2975,3831,6806,2975,3831,6806
00927000,ART INSTITUTE OF ATLANTA (THE)          ,GA,30328-1649,Proprietary  ,4105,2974,7079,4105,2974,7079
00950700,GEORGIA HIGHLANDS COLLEGE               ,GA,30162-0000,Public       ,1793,1508,3301,1793,1508,3301
01031903,MEDIX SCHOOL                            ,GA,30080-7630,Proprietary  ,40,195,235,40,195,235
01035601,EVEREST INSTITUTE - DEKALB              ,GA,30035-3420,Proprietary  ,36,124,160,36,124,160
01048700,WEST GEORGIA TECHNICAL COLLEGE          ,GA,30182-6476,Public       ,1081,2340,3421,1081,2340,3421
01077100,GUPTON JONES COLLEGE                    ,GA,30035-4022,Private      ,66,138,204,66,138,204
01099700,EAST GEORGIA COLLEGE                    ,GA,30401-2699,Public       ,1095,483,1578,1095,483,1578
01107400,BAINBRIDGE COLLEGE                      ,GA,39819-8400,Public       ,248,864,1112,248,864,1112
01110901,EVEREST COLLEGE - EVEREST INSTITUTE     ,GA,30067-8340,Proprietary  ,59,266,325,59,266,325
01110902,EVEREST COLLEGE - ATLANTA               ,GA,30331-2620,Proprietary  ,131,511,642,131,511,642
01112301,EVEREST COLLEGE - EVEREST INSTITUTE- NOR,GA,30093-2813,Proprietary  ,49,260,309,49,260,309
01157400,BAUDER COLLEGE                          ,GA,30313-2439,Proprietary  ,166,609,775,166,609,775
01205100,PRO WAY HAIR SCHOOL                     ,GA,30083-2884,Proprietary  ,25,71,96,25,71,96
01216500,ATLANTA METROPOLITAN COLLEGE            ,GA,30310-4498,Public       ,1288,2714,4002,1288,2714,4002
01303900,SOUTH UNIVERSITY                        ,GA,31406-4881,Proprietary  ,943,5087,6030,943,5087,6030
02055000,WAYCROSS COLLEGE                        ,GA,31503-0000,Public       ,197,202,399,197,202,399
02060900,BROWN CLG OF COURT REPORTING & M.T.     ,GA,30318-2570,Proprietary  ,14,160,174,14,160,174
02074800,LIFE UNIVERSITY                         ,GA,30060-0000,Private      ,346,1895,2241,346,1895,2241
02113613,AMERICAN INTERCONTINENTAL UNIVERSITY    ,GA,30328-1649,Proprietary  ,373,1180,1553,373,1180,1553
02116000,SANFORD-BROWN COLLEGE                   ,GA,30328-4803,Proprietary  ,81,421,502,81,421,502
02141500,SAVANNAH COLLEGE OF ART & DESIGN        ,GA,31402-3146,Private      ,7383,2287,9670,7383,2287,9670
02202800,AUGUSTA AREA DIET INTERN UNIV HOSP      ,GA,30901-0000,Private      ,7,36,43,7,36,43
02217200,PORTFOLIO CENTER                        ,GA,30309-0000,Proprietary  ,21,87,108,21,87,108
02266200,AMERICAN PROFESSIONAL INSTITUTE         ,GA,31201-3185,Proprietary  ,24,138,162,24,138,162
02284300,INTERACTIVE COLLEGE OF TECHNOLOGY       ,GA,30341-0000,Proprietary  ,46,284,330,46,284,330
02284308,INTERACTIVE LEARNING SYSTEMS            ,GA,30260-0000,Proprietary  ,9,51,60,9,51,60
02284309,INTERACTIVE COLLEGE OF TECHNOLOGY       ,GA,30501-0000,Proprietary  ,30,57,87,30,57,87
02285500,"CREATIVE CIRCUS, THE                    ",GA,30324-0000,Proprietary  ,35,126,161,35,126,161
02288400,GWINNETT TECHNICAL COLLEGE              ,GA,30043-5702,Public       ,1240,3653,4893,1240,3653,4893
02313902,WESTWOOD COLLEGE - O'HARE AIRPORT - ATLA,GA,30345-2807,Proprietary  ,68,234,302,68,234,302
02321400,ROFFLER-MOLER HAIRSTYLING COLLEGE       ,GA,30062-0000,Proprietary  ,17,35,52,17,35,52
02354500,SOUTHEASTERN BEAUTY SCHOOLS             ,GA,31906-0000,Proprietary  ,14,33,47,14,33,47
02482100,MOREHOUSE SCHOOL OF MEDICINE            ,GA,30310-0000,Private      ,110,499,609,110,499,609
02502700,ADVANCED CAREER TRAINING                ,GA,30329-0000,Proprietary  ,55,209,264,55,209,264
02502701,ADVANCED CAREER TRAINING-RIVERDALE      ,GA,30274-0000,Proprietary  ,17,82,99,17,82,99
02508600,MIDDLE GEORGIA TECHNICAL COLLEGE        ,GA,31088-2730,Public       ,369,994,1363,369,994,1363
02520000,INTERNATIONAL SCH SKIN & NAILCARE       ,GA,30342-1119,Proprietary  ,19,125,144,19,125,144
02577000,ESANI INSTITUTE                         ,GA,30297-0000,Proprietary  ,18,38,56,18,38,56
02577700,BEAUTY COLLEGE OF AMERICA               ,GA,30297-0000,Proprietary  ,19,49,68,19,49,68
02580100,IVERSON INSTITUTE                       ,GA,30341-3662,Proprietary  ,9,41,50,9,41,50
02580200,ATLANTA SCHOOL OF MASSAGE               ,GA,30338-0000,Proprietary  ,53,223,276,53,223,276
02583000,GWINNETT COLLEGE OF BUSINESS            ,GA,30047-3447,Proprietary  ,33,150,183,33,150,183
02607600,CAPELLI LEARNING CTR FOR COSM           ,GA,30324-0000,Proprietary  ,23,78,101,23,78,101
02614206,MILLER - MOTTE TECHNICAL COLLEGE - COLUM,GA,31907-3222,Proprietary  ,47,262,309,47,262,309
02614207,MILLER - MOTTE TECHNICAL COLLEGE - AUGUS,GA,30907-0921,Proprietary  ,56,349,405,56,349,405
03005400,GEORGIA CAREER INSTITUTE                ,GA,30013-2076,Proprietary  ,54,206,260,54,206,260
03010619,VIRGINIA COLLEGE - AUGUSTA              ,GA,30909-5515,Proprietary  ,102,436,538,102,436,538
03010623,VIRGINIA COLLEGE - MACON                ,GA,31206-3180,Proprietary  ,44,257,301,44,257,301
03022601,WESTERN CULINARY INSTITUTE - LE CORDON B,GA,30084-5893,Proprietary  ,150,375,525,150,375,525
03030000,OGEECHEE TECHNICAL COLLEGE              ,GA,30458-8049,Public       ,342,785,1127,342,785,1127
03032100,ALTAMAHA TECHNICAL COLLEGE              ,GA,31545-4465,Public       ,124,425,549,124,425,549
03042700,LAURUSTECHNICAL INSTITUTE               ,GA,30030-1506,Proprietary  ,12,143,155,12,143,155
03066500,SOUTHEASTERN TECHNICAL COLLEGE          ,GA,30474-8817,Public       ,120,390,510,120,390,510
03072304,EVEREST COLLEGE - EVEREST INSTITUTE     ,GA,30236-0000,Proprietary  ,33,190,223,33,190,223
03076300,BEULAH HEIGHTS BIBLE COLLEGE            ,GA,30316-1873,Private      ,12,214,226,12,214,226
03079202,WESTWOOD COLLEGE - ATLANTA MIDTOWN      ,GA,30309-2848,Proprietary  ,179,517,696,179,517,696
03081500,SOUTHEASTERN BEAUTY SCHOOL              ,GA,31917-0000,Proprietary  ,12,43,55,12,43,55
03089100,GEORGIA INSTITUTE OF COSMETOLOGY        ,GA,30606-3152,Proprietary  ,70,153,223,70,153,223
03090600,COBB BEAUTY COLLEGE                     ,GA,30144-2828,Proprietary  ,20,67,87,20,67,87
03100900,LUTHER RICE UNIVERSITY                  ,GA,30038-2454,Private      ,15,421,436,15,421,436
03102000,RIVERTOWN SCHOOL OF BEAUTY              ,GA,31904-4747,Proprietary  ,24,63,87,24,63,87
03104500,ATLANTA INSTITUTE OF MUSIC              ,GA,30096-4988,Proprietary  ,150,157,307,150,157,307
03116100,VOGUE BEAUTY AND BARBER SCHOOL          ,GA,30141-2226,Proprietary  ,19,89,108,19,89,108
03155500,OCONEE FALL LINE TECHNICAL COLLEGE      ,GA,31082-6179,Public       ,66,236,302,66,236,302
03155504,OCONEE FALL LINE TECHNICAL COLLEGE - SOU,GA,31021-0560,Public       ,54,199,253,54,199,253
03173300,ATLANTA'S JOHN MARSHALL LAW SCHOOL      ,GA,30309-0000,Proprietary  ,31,602,633,31,602,633
03232304,LINCOLN COLLEGE OF TECHNOLOGY           ,GA,30067-8638,Proprietary  ,41,136,177,41,136,177
03418300,GWINNETT COLLEGE-SANDY SPRINGS          ,GA,30328-3161,Proprietary  ,52,124,176,52,124,176
03445500,FAYETTE BEAUTY ACADEMY                  ,GA,30214-1191,Proprietary  ,8,34,42,8,34,42
03523300,AVIATION INSTITUTE OF MAINTENANCE       ,GA,30045-0000,Proprietary  ,48,219,267,48,219,267
03635300,CARVER BIBLE COLLEGE                    ,GA,30331-1300,Private      ,12,92,104,12,92,104
03748300,KEVOSNIK SCHOOL OF HAIR DESIGN          ,GA,31021-0000,Proprietary  ,3,7,10,3,7,10
03753400,MICHAEL'S SCHOOL OF BEAUTY              ,GA,30909-0000,Proprietary  ,14,57,71,14,57,71
03804400,MEDTECH INSTITUTE                       ,GA,30339-6040,Proprietary  ,31,201,232,31,201,232
03812300,OMNITECH INSTITUTE                      ,GA,30035-1206,Proprietary  ,8,62,70,8,62,70
04021300,AUGUSTA SCHOOL OF MASSAGE               ,GA,30809-0000,Proprietary  ,9,31,40,9,31,40
04051331,ART INSTITUTE OF PHOENIX (THE) - BROWN M,GA,30319-3054,Proprietary  ,99,187,286,99,187,286
04091300,SAVANNAH SCHOOL OF MASSAGE THERAPY      ,GA,31406-2711,Private      ,9,18,27,9,18,27
04126800,ACADEMY OF SOMATIC HEALING ARTS (ASHA)  ,GA,30071-1024,Proprietary  ,6,47,53,6,47,53
04142900,GEORGIA GWINNETT COLLEGE                ,GA,30043-7409,Public       ,3828,2521,6349,3828,2521,6349
04147000,PAUL MITCHELL THE SCHOOL ATLANTA        ,GA,30318-5241,Proprietary  ,124,210,334,124,210,334
04147700,LAKE LANIER SCHOOL OF MASSAGE           ,GA,30501-4546,Proprietary  ,14,47,61,14,47,61
04149900,PROFILE INSTITUTE OF BARBER-STYLING     ,GA,30315-8459,Proprietary  ,21,98,119,21,98,119
04150900,PROCESS INSTITUTE OF COSMETOLOGY (THE)  ,GA,30043-7344,Proprietary  ,33,59,92,33,59,92
04152300,GEORGIA BEAUTY ACADEMY                  ,GA,30721-3952,Proprietary  ,25,65,90,25,65,90
04156500,GEORGIA CHRISTIAN UNIVERSITY            ,GA,30047-3778,Private      ,22,44,66,22,44,66
04160200,ATLANTA BEAUTY ACADEMY                  ,GA,30340-1334,Proprietary  ,24,80,104,24,80,104
04203800,WOODRUFF MEDICAL TRAINING AND TESTING   ,GA,30033-6103,Proprietary  ,6,27,33,6,27,33
04204500,ELAINE STERLING INSTITUTE(THE)          ,GA,30342-2633,Proprietary  ,12,40,52,12,40,52
04206400,HELMS COLLEGE                           ,GA,31206-5309,Private      ,17,89,106,17,89,106
04206600,SAE INSTITUTE OF TECHNOLOGY - ATLANTA   ,GA,30303-1736,Proprietary  ,81,161,242,81,161,242
04208000,TECHNOLOGY CENTER                       ,GA,30071-3519,Proprietary  ,3,33,36,3,33,36
04218000,UNITED MEDICAL AND BUSINESS INSTITUTE   ,GA,30344-6977,Proprietary  ,5,21,26,5,21,26
00162800,AMERICAN ACADEMY OF ART                 ,IL,60604-4302,Proprietary  ,711,229,940,711,229,940
00163300,AUGUSTANA COLLEGE                       ,IL,61201-2296,Private      ,4649,206,4855,4649,206,4855
00163400,AURORA UNIVERSITY                       ,IL,60506-4892,Private      ,3748,1971,5719,3748,1971,5719
00163600,SOUTHWESTERN ILLINOIS COLLEGE           ,IL,62221-5899,Public       ,2244,2697,4941,2244,2697,4941
00163800,BLACK HAWK COLLEGE                      ,IL,61265-5899,Public       ,1521,1297,2818,1521,1297,2818
00163900,BLACKBURN COLLEGE                       ,IL,62626-1498,Private      ,655,106,761,655,106,761
00164000,PRAIRIE STATE COLLEGE                   ,IL,60411-8226,Public       ,2107,2894,5001,2107,2894,5001
00164100,BRADLEY UNIVERSITY                      ,IL,61625-0002,Private      ,8121,906,9027,8121,906,9027
00164300,SPOON RIVER COLLEGE                     ,IL,61520-8907,Public       ,587,494,1081,587,494,1081
00164700,CITY COLLEGES OF CHICAGO                ,IL,60606-6998,Public       ,2504,3016,5520,2504,3016,5520
00164800,TRUMAN COLLEGE                          ,IL,60640-5691,Public       ,2508,3535,6043,2508,3535,6043
00164900,RICHARD J DALEY COLLEGE                 ,IL,60652-1299,Public       ,2852,3154,6006,2852,3154,6006
00165000,CITY COLLEGES OF CHICAGO-MALCOLM X      ,IL,60612-3197,Public       ,3197,5063,8260,3197,5063,8260
00165200,HAROLD WASHINGTON COLLEGE               ,IL,60601-2403,Public       ,6522,5576,12098,6522,5576,12098
00165400,KENNEDY KING COLLEGE                    ,IL,60621-3798,Public       ,2223,4652,6875,2223,4652,6875
00165500,WRIGHT COLLEGE                          ,IL,60634-1591,Public       ,4427,3874,8301,4427,3874,8301
00165700,MIDWESTERN UNIVERSITY                   ,IL,60515-1200,Private      ,119,2504,2623,119,2504,2623
00165900,ROSALIND FRANKLIN UNIVERSITY OF MEDICINE,IL,60064-3095,Private      ,43,2144,2187,43,2144,2187
00166100,CHICAGO THEOLOGICAL SEMINARY            ,IL,60637-0000,Private      ,10,149,159,10,149,159
00166300,SPERTUS COLLEGE                         ,IL,60605-1995,Private      ,3,54,57,3,54,57
00166400,UNIVERSITY OF ST FRANCIS                ,IL,60435-6188,Private      ,1929,1171,3100,1929,1171,3100
00166500,COLUMBIA COLLEGE                        ,IL,60605-1996,Private      ,12267,3801,16068,12267,3801,16068
00166600,CONCORDIA UNIVERSITY                    ,IL,60305-1499,Private      ,2711,1622,4333,2711,1622,4333
00166900,DANVILLE AREA COMMUNITY COLLEGE         ,IL,61832-5199,Public       ,584,602,1186,584,602,1186
00167100,DEPAUL UNIVERSITY                       ,IL,60604-2287,Private      ,22192,11682,33874,22192,11682,33874
00167400,EASTERN ILLINOIS UNIVERSITY             ,IL,61920-3099,Public       ,9647,2546,12193,9647,2546,12193
00167500,ELGIN COMMUNITY COLLEGE                 ,IL,60123-7193,Public       ,2407,2044,4451,2407,2044,4451
00167600,ELMHURST COLLEGE                        ,IL,60126-3296,Private      ,3702,887,4589,3702,887,4589
00167800,EUREKA COLLEGE                          ,IL,61530-9976,Private      ,908,158,1066,908,158,1066
00168100,HIGHLAND COMMUNITY COLLEGE              ,IL,61032-9341,Public       ,584,468,1052,584,468,1052
00168200,GARRETT-EVANGELICAL THEOLOGICAL SEM     ,IL,60201-0000,Private      ,1,101,102,1,101,102
00168400,GREENVILLE COLLEGE                      ,IL,62246-1199,Private      ,1531,355,1886,1531,355,1886
00168500,HEBREW THEOLOGICAL COLLEGE              ,IL,60077-3263,Private      ,316,13,329,316,13,329
00168800,ILLINOIS COLLEGE                        ,IL,62650-2299,Private      ,1901,173,2074,1901,173,2074
00168900,ILLINOIS COLLEGE OF OPTOMETRY           ,IL,60616-3878,Private      ,35,476,511,35,476,511
00169100,ILLINOIS INSTITUTE OF TECHNOLOGY        ,IL,60616-0000,Private      ,3269,1700,4969,3269,1700,4969
00169103,CHICAGO KENT COLLEGE OF LAW             ,IL,60661-0000,Private      ,59,1416,1475,59,1416,1475
00169200,ILLINOIS STATE UNIVERSITY               ,IL,61790-1000,Public       ,20774,3719,24493,20774,3719,24493
00169300,NORTHEASTERN ILLINOIS UNIV              ,IL,60625-4699,Public       ,6870,5361,12231,6870,5361,12231
00169400,CHICAGO STATE UNIVERSITY                ,IL,60628-1598,Public       ,5484,7827,13311,5484,7827,13311
00169600,ILLINOIS WESLEYAN UNIVERSITY            ,IL,61701-0000,Private      ,3256,142,3398,3256,142,3398
00169800,JOHN MARSHALL LAW SCHOOL                ,IL,60604-0000,Private      ,64,1677,1741,64,1677,1741
00169900,JOLIET JUNIOR COLLEGE                   ,IL,60431-8938,Public       ,4732,3404,8136,4732,3404,8136
00170000,JUDSON UNIVERSITY                       ,IL,60123-1498,Private      ,936,460,1396,936,460,1396
00170100,KASKASKIA COLLEGE                       ,IL,62801-7878,Public       ,962,872,1834,962,872,1834
00170300,KENDALL COLLEGE                         ,IL,60622-4278,Proprietary  ,887,1337,2224,887,1337,2224
00170400,KNOX COLLEGE                            ,IL,61401-4999,Private      ,2420,124,2544,2420,124,2544
00170500,ILLINOIS VALLEY COMMUNITY COLLEGE       ,IL,61348-9692,Public       ,1093,946,2039,1093,946,2039
00170600,LAKE FOREST COLLEGE                     ,IL,60045-2399,Private      ,2465,169,2634,2465,169,2634
00170700,LEWIS UNIVERSITY                        ,IL,60446-2200,Private      ,4979,2074,7053,4979,2074,7053
00170800,LINCOLN CHRISTIAN UNIVERSITY            ,IL,62656-2167,Private      ,361,378,739,361,378,739
00170900,LINCOLN COLLEGE                         ,IL,62656-1699,Private      ,1097,497,1594,1097,497,1594
00171000,LOYOLA UNIVERSITY CHICAGO               ,IL,60626-0000,Private      ,16025,8424,24449,16025,8424,24449
00171200,LUTHERAN SCHOOL OF THEOL AT CHICAGO     ,IL,60615-0000,Private      ,6,63,69,6,63,69
00171600,MACCORMAC COLLEGE                       ,IL,60602-4405,Private      ,67,155,222,67,155,222
00171700,MACMURRAY COLLEGE                       ,IL,62650-2590,Private      ,857,212,1069,857,212,1069
00172100,MCCORMICK THEOLOGICAL SEMINARY          ,IL,60615-5108,Private      ,4,84,88,4,84,88
00172200,MCKENDREE UNIVERSITY                    ,IL,62254-1299,Private      ,1587,816,2403,1587,816,2403
00172300,MEADVILLE LOMBARD THEOLOGICAL SCHOOL    ,IL,60637-1602,Private      ,6,64,70,6,64,70
00172400,MILLIKIN UNIVERSITY                     ,IL,62522-2084,Private      ,3023,659,3682,3023,659,3682
00172500,MONMOUTH COLLEGE                        ,IL,61462-1963,Private      ,2377,195,2572,2377,195,2572
00172700,MOODY BIBLE INSTITUTE                   ,IL,60610-3214,Private      ,1158,745,1903,1158,745,1903
00172800,MORTON COLLEGE                          ,IL,60804-4398,Public       ,1753,1001,2754,1753,1001,2754
00173200,NATIONAL UNIV OF HEALTH SCIENCES        ,IL,60148-4583,Private      ,32,379,411,32,379,411
00173300,NATIONAL-LOUIS UNIVERSITY               ,IL,60603-3032,Private      ,402,2909,3311,402,2909,3311
00173400,NORTH CENTRAL COLLEGE                   ,IL,60540-4690,Private      ,4085,632,4717,4085,632,4717
00173500,NORTH PARK UNIVERSITY                   ,IL,60625-4895,Private      ,2894,1233,4127,2894,1233,4127
00173600,NORTHERN BAPTIST THEOL SEMINARY         ,IL,60148-0000,Private      ,0,42,42,0,42,42
00173700,NORTHERN ILLINOIS UNIVERSITY            ,IL,60115-2854,Public       ,21216,7207,28423,21216,7207,28423
00173900,NORTHWESTERN UNIV                       ,IL,60208-0001,Private      ,18996,6633,25629,18996,6633,25629
00174100,OLIVET NAZARENE UNIVERSITY              ,IL,60914-2271,Private      ,3395,1302,4697,3395,1302,4697
00174200,IL EASTERN COMM COLGS-OLNEY CENTRAL     ,IL,62450-1099,Public       ,413,309,722,413,309,722
00174500,QUINCY UNIVERSITY                       ,IL,62301-2699,Private      ,1494,428,1922,1494,428,1922
00174600,ROBERT MORRIS UNIVERSITY ILLINOIS       ,IL,60605-1225,Private      ,5152,3633,8785,5152,3633,8785
00174700,ROCK VALLEY COLLEGE                     ,IL,61114-5699,Public       ,2203,2430,4633,2203,2430,4633
00174800,ROCKFORD COLLEGE                        ,IL,61108-2393,Private      ,1097,817,1914,1097,817,1914
00174900,ROOSEVELT UNIVERSITY                    ,IL,60605-1394,Private      ,5130,4878,10008,5130,4878,10008
00175000,DOMINICAN UNIVERSITY                    ,IL,60305-1066,Private      ,3417,1029,4446,3417,1029,4446
00175200,SAUK VALLEY COMMUNITY COLLEGE           ,IL,61021-9112,Public       ,670,532,1202,670,532,1202
00175300,SCHOOL OF ART INSTITUTE OF CHICAGO      ,IL,60603-3013,Private      ,3932,1903,5835,3932,1903,5835
00175600,SHIMER COLLEGE                          ,IL,60616-3893,Private      ,70,42,112,70,42,112
00175700,SOUTHEASTERN ILLINOIS COLLEGE           ,IL,62946-4925,Public       ,478,378,856,478,378,856
00175800,SOUTHERN ILL UNIV-CARBONDALE            ,IL,62901-0000,Public       ,15906,5645,21551,15906,5645,21551
00175900,SOUTHERN ILL UNIV-EDWARDSVILLE          ,IL,62026-1060,Public       ,11640,3906,15546,11640,3906,15546
00175924,SO IL UNIV-SCHL OF DENTAL MEDICINE      ,IL,62002-0000,Public       ,12,99,111,12,99,111
00176500,UNIVERSITY OF ST MARY OF THE LAKE       ,IL,60060-0000,Private      ,5,8,13,5,8,13
00176700,BENEDICTINE UNIVERSITY                  ,IL,60532-0900,Private      ,3494,2370,5864,3494,2370,5864
00176800,ST XAVIER UNIVERSITY                    ,IL,60655-3199,Private      ,5838,2339,8177,5838,2339,8177
00176900,SOUTH SUBURBAN COLLEGE                  ,IL,60473-9978,Public       ,1791,2901,4692,1791,2901,4692
00177100,TRINITY CHRISTIAN COLLEGE               ,IL,60463-0929,Private      ,1223,658,1881,1223,658,1881
00177200,TRINITY INTERNATIONAL UNIVERSITY        ,IL,60015-1283,Private      ,785,556,1341,785,556,1341
00177300,TRITON COLLEGE                          ,IL,60171-1995,Public       ,3000,2490,5490,3000,2490,5490
00177400,UNIVERSITY OF CHICAGO                   ,IL,60637-1476,Private      ,19542,3311,22853,19542,3311,22853
00177401,UNIV OF CHICAGO PRITZKER SCH OF MED     ,IL,60637-0000,Private      ,80,480,560,80,480,560
00177403,"UNIV OF CHICAGO, BOOTH SCH OF BUS       ",IL,60637-0000,Private      ,134,571,705,134,571,705
00177405,UNIVERSITY OF CHICAGO GRADUATE          ,IL,60637-0000,Private      ,116,3520,3636,116,3520,3636
00177500,UNIV OF ILLINOIS @ URBANA-CHAMPAIGN     ,IL,61820-5796,Public       ,30478,7003,37481,30478,7003,37481
00177600,UNIV OF ILLINOIS AT CHICAGO             ,IL,60607-0000,Public       ,24926,14419,39345,24926,14419,39345
00177800,VANDERCOOK COLLEGE OF MUSIC             ,IL,60616-3731,Private      ,177,79,256,177,79,256
00177900,IL EASTERN COMM COLGS-WABASH VALLEY     ,IL,62863-2699,Public       ,323,172,495,323,172,495
00178000,WESTERN ILLINOIS UNIVERSITY             ,IL,61455-1390,Public       ,11603,2931,14534,11603,2931,14534
00178100,WHEATON COLLEGE                         ,IL,60187-5535,Private      ,2412,337,2749,2412,337,2749
00178300,WORSHAM COLLEGE OF MORTUARY SCIENCE     ,IL,60090-2646,Proprietary  ,41,79,120,41,79,120
00396100,HARPER COLLEGE                          ,IL,60067-7398,Public       ,3508,2102,5610,3508,2102,5610
00456000,GEM CITY COLLEGE                        ,IL,62301-4949,Proprietary  ,12,27,39,12,27,39
00456800,MIDSTATE COLLEGE                        ,IL,61614-3558,Proprietary  ,80,534,614,80,534,614
00621400,BLESSING RIEMAN COLLEGE OF NURSING      ,IL,62301-0000,Private      ,142,145,287,142,145,287
00621401,BLESSING HOSPITAL - SCHOOL OF MEDICAL LA,IL,62305-7005,Private      ,15,17,32,15,17,32
00621402,BLESSING HOSPITAL - SCHOOL OF RADIOLOGIC,IL,62305-7005,Private      ,26,25,51,26,25,51
00622500,TRINITY COLLEGE OF NURSING AND HEALTH SC,IL,61201-5317,Private      ,101,164,265,101,164,265
00622800,METHODIST MED CTR OF ILL SCH NRSNG      ,IL,61636-0000,Private      ,263,456,719,263,456,719
00624000,ST FRANCIS MED CLG OF NRSG              ,IL,61603-3783,Private      ,320,449,769,320,449,769
00638500,CHAMBERLAIN COLLEGE OF NURSING          ,IL,60101-0000,Proprietary  ,1412,8219,9631,1412,8219,9631
00665600,COLLEGE OF DUPAGE                       ,IL,60137-6599,Public       ,7155,4725,11880,7155,4725,11880
00675300,ILLINOIS CENTRAL COLLEGE                ,IL,61635-0001,Public       ,2910,2336,5246,2910,2336,5246
00693100,WAUBONSEE COMMUNITY COLLEGE             ,IL,60554-0000,Public       ,2288,2227,4515,2288,2227,4515
00711800,PARKLAND COLLEGE                        ,IL,61821-1899,Public       ,3258,1796,5054,3258,1796,5054
00711900,REND LAKE COLLEGE                       ,IL,62846-9801,Public       ,740,642,1382,740,642,1382
00717000,LINCOLN LAND COMMUNITY COLLEGE          ,IL,62794-9256,Public       ,1919,2012,3931,1919,2012,3931
00726500,CARL SANDBURG COLLEGE                   ,IL,61401-9576,Public       ,779,836,1615,779,836,1615
00730307,LINCOLN COLLEGE OF TECHNOLOGY - MELROSE ,IL,60160-1605,Proprietary  ,294,182,476,294,182,476
00750103,VATTEROTT COLLEGE - FAIRVIEW HEIGHTS    ,IL,62208-2029,Proprietary  ,25,109,134,25,109,134
00754900,COYNE AMERICAN INSTITUTE                ,IL,60607-1300,Proprietary  ,183,384,567,183,384,567
00764400,LAKE LAND COLLEGE                       ,IL,61938-9366,Public       ,1625,1011,2636,1625,1011,2636
00768400,KISHWAUKEE COLLEGE                      ,IL,60150-9699,Public       ,1493,1248,2741,1493,1248,2741
00769000,KANKAKEE COMMUNITY COLLEGE              ,IL,60901-6505,Public       ,944,1152,2096,944,1152,2096
00769100,MCHENRY COUNTY COLLEGE                  ,IL,60012-2761,Public       ,1442,1194,2636,1442,1194,2636
00769200,MORAINE VALLEY COMMUNITY COLLEGE        ,IL,60465-0937,Public       ,4969,3089,8058,4969,3089,8058
00769300,SHAWNEE COMMUNITY COLLEGE               ,IL,62992-9725,Public       ,424,353,777,424,353,777
00769400,COLLEGE OF LAKE COUNTY                  ,IL,60030-1198,Public       ,2760,2184,4944,2760,2184,4944
00793700,MS ROBERTS ACADEMY OF BEAUTY CULT       ,IL,60181-2930,Proprietary  ,7,18,25,7,18,25
00807600,JOHN A LOGAN COLLEGE                    ,IL,62918-2500,Public       ,1188,1064,2252,1188,1064,2252
00809003,EVEREST COLLEGE - BEDFORD PARK          ,IL,60629-5819,Proprietary  ,75,238,313,75,238,313
00814604,EVEREST UNIVERSITY - EVEREST  COLLEGE   ,IL,60803-4517,Proprietary  ,63,192,255,63,192,255
00825900,EDUCATORS OF BEAUTY                     ,IL,61081-3611,Proprietary  ,22,22,44,22,22,44
00825901,EDUCATORS OF BEAUTY                     ,IL,61104-0000,Proprietary  ,42,45,87,42,45,87
00832800,ALVAREITA'S COLLEGE OF COSMETOLOGY      ,IL,62025-2041,Proprietary  ,26,27,53,26,27,53
00854500,ROCKFORD CAREER  COLLEGE                ,IL,61108-3900,Proprietary  ,134,366,500,134,366,500
00869402,RASMUSSEN COLLEGE - ROCKFORD            ,IL,61108-2513,Proprietary  ,117,499,616,117,499,616
00869403,RASMUSSEN COLLEGE - AURORA              ,IL,60506-6219,Proprietary  ,59,245,304,59,245,304
00869404,RASMUSSEN COLLEGE - ROMEOVILLE          ,IL,60446-0000,Proprietary  ,68,260,328,68,260,328
00869418,RASMUSSEN COLLEGE -  MOKENA             ,IL,60448-0000,Proprietary  ,22,148,170,22,148,170
00888000,MORRISON INSTITUTE OF TECHNOLOGY        ,IL,61270-2959,Private      ,109,19,128,109,19,128
00893800,GRAHAM HOSPITAL SCH OF NURSING          ,IL,61520-2497,Private      ,26,90,116,26,90,116
00893900,CANNELLA SCHOOL OF HAIR DESIGN          ,IL,60406-2130,Proprietary  ,13,30,43,13,30,43
00914500,GOVERNORS STATE UNIVERSITY              ,IL,60466-0975,Public       ,1103,4320,5423,1103,4320,5423
00923200,CATHOLIC THEOLOGICAL UNION              ,IL,60615-0000,Private      ,4,49,53,4,49,53
00933300,UNIV OF ILLINOIS AT SPRINGFIELD         ,IL,62703-5407,Public       ,2380,2089,4469,2380,2089,4469
00947500,EDUCATORS OF BEAUTY                     ,IL,61301-2404,Proprietary  ,9,9,18,9,9,18
00959500,CANNELLA SCHOOL OF HAIR DESIGN          ,IL,60617-4303,Proprietary  ,55,83,138,55,83,138
00976700,OLIVE-HARVEY COLLEGE                    ,IL,60628-1696,Public       ,1428,2983,4411,1428,2983,4411
00978600,IL EASTERN COMM COLGS-LINCOLN TRAIL     ,IL,62454-5708,Public       ,231,177,408,231,177,408
00980000,RUSH UNIVERSITY                         ,IL,60612-3806,Private      ,361,2261,2622,361,2261,2622
00989600,OAKTON COMMUNITY COLLEGE                ,IL,60016-1268,Public       ,2702,1648,4350,2702,1648,4350
00998700,SAINT ANTHONY COLLEGE OF NURSING        ,IL,61108-2468,Private      ,161,303,464,161,303,464
01002000,LEWIS AND CLARK COMMUNITY COLLEGE       ,IL,62035-2466,Public       ,1250,1165,2415,1250,1165,2415
01050100,LAKEVIEW  COLLEGE OF NURSING            ,IL,61832-3781,Private      ,177,197,374,177,197,374
01069500,TRI-COUNTY BEAUTY ACADEMY               ,IL,62056-2036,Proprietary  ,7,11,18,7,11,18
01071000,CAPITAL AREA SCH OF PRAC NRSG           ,IL,62707-0000,Public       ,65,278,343,65,278,343
01072700,DEVRY UNIVERSITY                        ,IL,60618-5994,Proprietary  ,6647,36850,43497,6647,36850,43497
01083600,PIVOT POINT INTNL CSMTLGY RSRCH CTR     ,IL,60626-0000,Proprietary  ,226,224,450,226,224,450
01087900,RICHLAND COMMUNITY COLLEGE              ,IL,62521-8513,Public       ,622,965,1587,622,965,1587
01151002,EVEREST INSTITUTE - EVEREST COLLEGE     ,IL,60542-1610,Proprietary  ,78,201,279,78,201,279
01181000,TAYLOR BUSINESS INSTITUTE               ,IL,60606-5111,Proprietary  ,16,72,88,16,72,88
01185800,EVEREST COLLEGE                         ,IL,60077-1074,Proprietary  ,66,149,215,66,149,215
01185802,EVEREST COLLEGE - BURR RIDGE            ,IL,60527-7826,Proprietary  ,34,95,129,34,95,129
01185803,EVEREST COLLEGE - MELROSE PARK          ,IL,60160-1526,Proprietary  ,93,178,271,93,178,271
01236200,NORTHWESTERN COLLEGE                    ,IL,60630-2298,Proprietary  ,1752,2367,4119,1752,2367,4119
01238500,BLOOMINGTON-NORMAL SCH RADIOGRAPHY      ,IL,61761-4604,Private      ,25,32,57,25,32,57
01258400,ILLINOIS INSTITUTE OF ART (THE)         ,IL,60654-1593,Proprietary  ,3611,2261,5872,3611,2261,5872
01281300,JOHN WOOD COMMUNITY COLLEGE             ,IL,62305-0401,Public       ,769,649,1418,769,649,1418
01308700,CAPRI GARFIELD RIDGE SCH OF BTY CLR     ,IL,60629-1613,Proprietary  ,52,104,156,52,104,156
01308800,CAPRI OAK FOREST COLLEGE OF BEAUTY      ,IL,60452-2798,Proprietary  ,55,63,118,55,63,118
02055200,HARRINGTON COLLEGE OF DESIGN            ,IL,60606-3433,Proprietary  ,214,243,457,214,243,457
02068100,ADLER SCH OF PROFESSIONAL PSYCHLGY      ,IL,60601-0000,Private      ,97,935,1032,97,935,1032
02069300,VATTEROTT COLLEGE                       ,IL,62305-5938,Proprietary  ,45,121,166,45,121,166
02073200,TELSHE YESHIVA-CHICAGO                  ,IL,60625-0000,Private      ,23,4,27,23,4,27
02074400,IL EASTERN COMM COLGS-FRONTIER          ,IL,62837-0000,Public       ,120,142,262,120,142,262
02075400,KELLER GRADUATE SCHOOL OF MGMT.         ,IL,60515-5683,Proprietary  ,43,6611,6654,43,6611,6654
02113600,AMERICAN INTERCONTINENTAL UNIVERSITY    ,IL,60192-3713,Proprietary  ,296,6391,6687,296,6391,6687
02117400,BECK AREA CAREER CENTER                 ,IL,62278-0000,Public       ,8,70,78,8,70,78
02124400,UNIVERSITY OF SPA & COSMETOLOGY ART     ,IL,62704-0000,Proprietary  ,51,87,138,51,87,138
02150600,COSMETOLOGY AND SPA INSTITUTE (THE)     ,IL,60014-4003,Proprietary  ,30,64,94,30,64,94
02155300,THE CHICAGO SCHOOL OF PROF PSYCHOLOGY   ,IL,60610-4705,Private      ,70,2835,2905,70,2835,2905
02160300,INTERNATIONAL ACAD OF DESIGN & TECH     ,IL,60602-3319,Proprietary  ,212,243,455,212,243,455
02160304,INTERNATIONAL ACADEMY OF DESIGN AND TECH,IL,60173-5160,Proprietary  ,81,86,167,81,86,167
02168600,EAST WEST UNIVERSITY                    ,IL,60605-0000,Private      ,725,979,1704,725,979,1704
02179900,ARGOSY UNIVERSITY                       ,IL,60601-7757,Proprietary  ,4668,11819,16487,4668,11819,16487
02185400,ST AUGUSTINE COLLEGE                    ,IL,60640-0000,Private      ,535,1524,2059,535,1524,2059
02192400,MR JOHNS SCHOOL OF COSMETOLOGY          ,IL,62521-0000,Proprietary  ,7,23,30,7,23,30
02202600,CANNELLA SCHOOL OF HAIR DESIGN          ,IL,60181-1321,Proprietary  ,8,12,20,8,12,20
02214100,RESURRECTION UNIVERSITY                 ,IL,60302-2519,Private      ,192,517,709,192,517,709
02228100,MAC DANIEL'S BEAUTY SCHOOL              ,IL,60640-0000,Proprietary  ,37,40,77,37,40,77
02261200,HAIR PROFESSIONALS ACAD COSMETOLOGY     ,IL,60118-0000,Proprietary  ,5,27,32,5,27,32
02261201,HAIR PROFESSIONALS ACADEMY OF COSMETOLOG,IL,60118-9333,Proprietary  ,3,7,10,3,7,10
02262100,HAIR PROFESSIONALS SCH COSMETOLOGY      ,IL,60543-0000,Proprietary  ,11,21,32,11,21,32
02291200,CANNELLA SCHOOL OF HAIR DESIGN          ,IL,60639-0000,Proprietary  ,76,70,146,76,70,146
02295500,CANNELLA SCHOOL OF HAIR DESIGN          ,IL,60120-0000,Proprietary  ,11,15,26,11,15,26
02297500,OEHRLEIN SCHOOL OF COSMETOLOGY          ,IL,61611-0000,Proprietary  ,24,39,63,24,39,63
02312300,LA' JAMES COLLEGE HAIRSTYLING           ,IL,61244-0000,Proprietary  ,9,30,39,9,30,39
02313900,WESTWOOD COLLEGE - O'HARE AIRPORT       ,IL,60631-2801,Proprietary  ,145,306,451,145,306,451
02317300,CONCEPT COLLEGE OF COSMETOLOGY          ,IL,61832-0000,Proprietary  ,22,40,62,22,40,62
02319200,LAKE FOREST GRAD SCHL OF MGMT           ,IL,60045-4824,Private      ,2,67,69,2,67,69
02323300,PROFESSIONAL'S CHOICE HAIR DSN ACAD     ,IL,60435-0000,Proprietary  ,22,40,62,22,40,62
02332200,HAIR PROFESSIONALS CAREER COLLEGE       ,IL,60178-0000,Proprietary  ,7,21,28,7,21,28
02349400,ALVAREITA'S COLLEGE OF COSMETOLOGY      ,IL,62035-0000,Proprietary  ,19,29,48,19,29,48
02349500,CANNELLA SCHOOL OF HAIR DESIGN          ,IL,60632-0000,Proprietary  ,81,80,161,81,80,161
02352200,LE CORDON BLEU COLLEGE OF CULINARY ARTS ,IL,60610-3050,Proprietary  ,518,723,1241,518,723,1241
02498200,G SKIN & BEAUTY INSTITUTE               ,IL,60523-1805,Proprietary  ,32,48,80,32,48,80
02498201,HAIR PROFESSIONALS ACADEMY OF COSMETOLOG,IL,60563-0000,Proprietary  ,14,23,37,14,23,37
02522800,FOX COLLEGE                             ,IL,60453-0000,Proprietary  ,354,326,680,354,326,680
02527600,LEXINGTON COLLEGE                       ,IL,60607-0000,Private      ,72,42,114,72,42,114
02536700,BELL MAR BEAUTY COLLEGE                 ,IL,60650-0000,Proprietary  ,13,27,40,13,27,40
02556100,ENVIRONMENTAL TECHNICAL INSTITUTE       ,IL,60143-0000,Proprietary  ,25,53,78,25,53,78
02556600,NILES SCHOOL OF COSMETOLOGY             ,IL,60714-0000,Proprietary  ,6,7,13,6,7,13
02573700,INSTITUTE FOR CLINICAL SOCIAL WORK      ,IL,60605-1229,Private      ,38,139,177,38,139,177
02579200,INGALLS MEMORIAL HOSPITAL               ,IL,60426-0000,Private      ,2,20,22,2,20,22
02584900,"FIRST INSTITUTE, INC.                   ",IL,60014-7489,Proprietary  ,18,57,75,18,57,75
02587700,HAIR PROFESSIONALS CAREER COLLEGE       ,IL,60465-1929,Proprietary  ,15,28,43,15,28,43
02599500,HANOVER PARK COLLEGE OF BEAUTY CULT     ,IL,60133-5421,Proprietary  ,8,17,25,8,17,25
02622700,KNOWLEDGE SYSTEMS INSTITUTE             ,IL,60076-0000,Private      ,1,6,7,1,6,7
03002000,HAIRMASTERS INST OF COSMETOLOGY         ,IL,61701-5547,Proprietary  ,14,21,35,14,21,35
03027702,PACIFIC COLLEGE OF ORIENTAL MEDICINE - C,IL,60613-4418,Proprietary  ,24,137,161,24,137,161
03065300,TREND SETTERS COLL OF COSMETOLOGY       ,IL,60915-0000,Proprietary  ,38,56,94,38,56,94
03072701,WESTWOOD COLLEGE OF TECHNOLOGY          ,IL,60409-0000,Proprietary  ,94,313,407,94,313,407
03072702,WESTWOOD COLLEGE OF TECHNOLOGY          ,IL,60602-0000,Proprietary  ,199,457,656,199,457,656
03078400,CAMEO BEAUTY ACADEMY                    ,IL,60453-3196,Proprietary  ,21,24,45,21,24,45
03079200,WESTWOOD COLLEGE - DUPAGE               ,IL,60517-2321,Proprietary  ,131,335,466,131,335,466
03082900,ROSEL SCHOOL OF COSMETOLOGY             ,IL,60659-1913,Proprietary  ,29,26,55,29,26,55
03083800,HEARTLAND COMMUNITY COLLEGE             ,IL,61761-9446,Public       ,1678,1232,2910,1678,1232,2910
03098000,ST JOHN'S COLLEGE OF NURSING            ,IL,62702-5321,Private      ,152,181,333,152,181,333
03098002,ST JOHN'S HOSP SCH MED TECH             ,IL,62769-5324,Private      ,21,58,79,21,58,79
03099700,CAIN'S BARBER COLLEGE                   ,IL,60615-3510,Proprietary  ,81,175,256,81,175,256
03099800,ILLINOIS SCHOOL OF HEALTH CAREERS       ,IL,60604-0000,Proprietary  ,266,554,820,266,554,820
03101800,ILLINOIS CENTER FOR BROADCASTING        ,IL,60148-7015,Proprietary  ,59,91,150,59,91,150
03128500,NATIONAL LATINO EDUCATION INSTITUTE     ,IL,60609-2205,Private      ,39,56,95,39,56,95
03199300,CHRISTIAN LIFE COLLEGE                  ,IL,60056-2522,Private      ,8,6,14,8,6,14
03368300,MIDWEST TECHNICAL INSTITUTE             ,IL,62707-8805,Proprietary  ,240,657,897,240,657,897
03416300,COMPUTER SYSTEMS INSTITUTE              ,IL,60077-0000,Proprietary  ,98,213,311,98,213,311
03448300,BUSINESS INDUSTRIAL RESOURCES           ,IL,60659-1298,Proprietary  ,118,640,758,118,640,758
03455700,CORTIVA INSTITUTE - CHICAGO             ,IL,60602-3315,Proprietary  ,67,110,177,67,110,177
03455701,CORTIVA INSTITUTE - CHICAGO             ,IL,60014-6285,Proprietary  ,6,24,30,6,24,30
03490301,PAUL MITCHELL THE SCHOOL CHICAGO        ,IL,60607-0000,Proprietary  ,20,33,53,20,33,53
03510300,ERIKSON INSTITUTE                       ,IL,60654-4510,Private      ,6,247,253,6,247,253
03643300,"MR. JOHN'S SCHOOL OF JACKSONVILLE,  INC,",IL,62650-3488,Proprietary  ,8,8,16,8,8,16
03655300,ILLINOIS CAREERPATH INSTITUTE           ,IL,60610-4705,Private      ,29,70,99,29,70,99
03684300,NORTHSHORE UNIVERSITY HEALTHSYSTEM SCHOO,IL,60201-9872,Private      ,6,29,35,6,29,35
03881400,EUROPEAN MASSAGE THERAPY SCHOOL         ,IL,60077-2269,Proprietary  ,6,36,42,6,36,42
03891300,SOMA INSTITUTE - THE NATIONAL SCHOOL OF ,IL,60604-4466,Proprietary  ,20,49,69,20,49,69
03914300,"CALC, INSTITUTE OF TECHNOLOGY           ",IL,62002-5931,Proprietary  ,9,45,54,9,45,54
04117500,SOLEX MEDICAL ACADEMY                   ,IL,60090-3104,Proprietary  ,1,15,16,1,15,16
04117600,LARRY'S BARBER COLLEGE                  ,IL,60628-2322,Proprietary  ,100,230,330,100,230,330
04118400,ZAREM /GOLDE ORT TECHNICAL INSTITUTE    ,IL,60077-3210,Private      ,10,46,56,10,46,56
04124700,AMERICARE INSTITUTE                     ,IL,60133-5456,Proprietary  ,26,143,169,26,143,169
04136900,UNIVERSITY OF AESTHETICS (THE)          ,IL,60622-2151,Proprietary  ,16,27,43,16,27,43
04137000,UNIVERSITY OF AESTHETICS (THE)          ,IL,60515-5602,Proprietary  ,4,14,18,4,14,18
04137500,TRICOCI UNIVERSITY OF BEAUTY CULTURE    ,IL,60656-1805,Proprietary  ,187,194,381,187,194,381
04139000,MIDWESTERN CAREER COLLEGE               ,IL,60606-3103,Proprietary  ,59,281,340,59,281,340
04141000,AVEDA INSTITUTE CHICAGO                 ,IL,60647-0000,Proprietary  ,163,216,379,163,216,379
04147100,TRICOCI UNIVERSITY OF BEAUTY CULTURE    ,IL,60048-2906,Proprietary  ,44,49,93,44,49,93
04147200,TRICOCI UNIVERSITY OF BEAUTY CULTURE    ,IL,60455-1824,Proprietary  ,60,79,139,60,79,139
04147300,TRICOCI UNIVERSITY OF BEAUTY CULTURE    ,IL,60139-3119,Proprietary  ,55,59,114,55,59,114
04147400,TRICOCI UNIVERSITY OF BEAUTY CULTURE    ,IL,61614-4831,Proprietary  ,35,58,93,35,58,93
04147500,TRICOCI UNIVERSITY OF BEAUTY CULTURE    ,IL,61108-2337,Proprietary  ,52,79,131,52,79,131
04160600,PAUL MITCHELL THE SCHOOL NORMAL         ,IL,61761-0000,Proprietary  ,109,93,202,109,93,202
04167800,INNOVATIONS DESIGN ACADEMY              ,IL,61520-2625,Proprietary  ,4,20,24,4,20,24
04168500,SOLEX COLLEGE                           ,IL,60090-3192,Proprietary  ,4,26,30,4,26,30
04170800,UNITY COSMETOLOGY COLLEGE               ,IL,61764-9652,Proprietary  ,9,14,23,9,14,23
04171600,SALON PROFESSIONAL ACADEMY OF ELGIN (THE,IL,60123-2319,Proprietary  ,4,11,15,4,11,15
04172200,NORTHWESTERN INSTITUTE OF HEALTH AND TEC,IL,60640-4785,Private      ,178,404,582,178,404,582
04174900,SKIN CARE AND SPA INSTITUTE             ,IL,60077-2200,Proprietary  ,2,17,19,2,17,19
04175000,UNIVERSAL SPA TRAINING ACADEMY          ,IL,60515-0000,Proprietary  ,10,25,35,10,25,35
04175800,J RENEE CAREER FACILITATION             ,IL,60014-7986,Proprietary  ,6,38,44,6,38,44
04179100,PCCTI  IT & HEALTHCARE                  ,IL,60523-0000,Proprietary  ,19,211,230,19,211,230
04179101,PCCTI  IT & HEALTHCARE -                ,IL,60606-0000,Proprietary  ,15,93,108,15,93,108
04186000,CHICAGO SCHOOL FOR PIANO TECHNOLOGY (THE,IL,60612-1630,Private      ,14,27,41,14,27,41
04187400,COSMETOLOGY CONCEPTS                    ,IL,60452-2501,Proprietary  ,46,66,112,46,66,112
04189200,SALON PROFESSIONAL ACADEMY (THE)        ,IL,60404-8789,Proprietary  ,9,39,48,9,39,48
04189400,SHEAR LEARNING ACADEMY OF COSMETOLOGY   ,IL,62523-1208,Proprietary  ,9,14,23,9,14,23
04189600,STATE CAREER SCHOOL                     ,IL,60085-5129,Proprietary  ,24,44,68,24,44,68
04192000,CURVE METRIC SCHOOL OF HAIR DESIGN      ,IL,60707-1118,Proprietary  ,1,4,5,1,4,5
00195100,ALICE LLOYD COLLEGE                     ,KY,41844-9703,Private      ,1177,183,1360,1177,183,1360
00195200,ASBURY COLLEGE                          ,KY,40390-1198,Private      ,1475,404,1879,1475,404,1879
00195300,ASBURY THEOLOGICAL SEMINARY             ,KY,40390-0000,Private      ,29,1037,1066,29,1037,1066
00195400,BELLARMINE UNIVERSITY                   ,KY,40205-1877,Private      ,4707,1256,5963,4707,1256,5963
00195500,BEREA COLLEGE                           ,KY,40403-0000,Private      ,2934,680,3614,2934,680,3614
00195800,BRESCIA UNIVERSITY                      ,KY,42301-3023,Private      ,954,514,1468,954,514,1468
00195900,CAMPBELLSVILLE UNIVERSITY               ,KY,42718-2799,Private      ,2554,1057,3611,2554,1057,3611
00196000,SPALDING UNIVERSITY                     ,KY,40203-2188,Private      ,1181,1937,3118,1181,1937,3118
00196100,CENTRE COLLEGE                          ,KY,40422-1394,Private      ,2486,78,2564,2486,78,2564
00196200,UNIVERSITY OF THE CUMBERLANDS           ,KY,40769-1372,Private      ,2550,1249,3799,2550,1249,3799
00196300,EASTERN KENTUCKY UNIVERSITY             ,KY,40475-3102,Public       ,10901,5911,16812,10901,5911,16812
00196400,GEORGETOWN COLLEGE                      ,KY,40324-1628,Private      ,1965,354,2319,1965,354,2319
00196500,KENTUCKY CHRISTIAN UNIVERSITY           ,KY,41143-2205,Private      ,654,130,784,654,130,784
00196800,KENTUCKY STATE UNIVERSITY               ,KY,40601-2355,Public       ,2816,1227,4043,2816,1227,4043
00196900,KENTUCKY WESLEYAN COLLEGE               ,KY,42301-6057,Private      ,1066,268,1334,1066,268,1334
00197100,LEXINGTON THEOLOGICAL SEMINARY          ,KY,40508-0000,Private      ,6,50,56,6,50,56
00197200,LINDSEY WILSON COLLEGE                  ,KY,42728-1223,Private      ,2925,1172,4097,2925,1172,4097
00197400,LOUISVILLE PRESBYTERIAN THEOL SEM       ,KY,40205-0000,Private      ,8,85,93,8,85,93
00197500,MIDWAY COLLEGE                          ,KY,40347-1120,Private      ,534,1206,1740,534,1206,1740
00197600,MOREHEAD STATE UNIVERSITY               ,KY,40351-1689,Public       ,6881,2820,9701,6881,2820,9701
00197700,MURRAY STATE UNIVERSITY                 ,KY,42071-0009,Public       ,6509,2415,8924,6509,2415,8924
00197900,WEST KENTUCKY CMNTY & TECHNICAL COLG    ,KY,42002-7380,Public       ,1466,2302,3768,1466,2302,3768
00198000,UNIVERSITY OF PIKEVILLE                 ,KY,41501-1194,Private      ,2082,1009,3091,2082,1009,3091
00198300,ST. CATHARINE COLLEGE                   ,KY,40061-9499,Private      ,672,309,981,672,309,981
00198700,TRANSYLVANIA UNIVERSITY                 ,KY,40508-1797,Private      ,1962,194,2156,1962,194,2156
00198800,UNION COLLEGE                           ,KY,40906-1499,Private      ,1204,401,1605,1204,401,1605
00198900,UNIVERSITY OF KENTUCKY                  ,KY,40506-0054,Public       ,20725,6608,27333,20725,6608,27333
00198901,UNIV OF KY-COLLEGE OF DENTISTRY         ,KY,40536-0000,Public       ,43,161,204,43,161,204
00198902,UNIV OF KY-COLLEGE OF MEDICINE          ,KY,40536-0000,Public       ,123,407,530,123,407,530
00199000,ASHLAND COMMUNITY AND TECHNICAL COLLEGE ,KY,41101-3683,Public       ,853,1200,2053,853,1200,2053
00199100,ELIZABETHTOWN COMMUNITY  AND TECHNICAL C,KY,42701-3081,Public       ,1619,2564,4183,1619,2564,4183
00199300,HENDERSON COMMUNITY COLLEGE             ,KY,42420-4699,Public       ,356,729,1085,356,729,1085
00199400,HOPKINSVILLE COMMUNITY COLLEGE          ,KY,42241-2621,Public       ,559,1661,2220,559,1661,2220
00199600,BIG SANDY COMMUNITY AND TECHNICAL COLG  ,KY,41653-1815,Public       ,1399,1439,2838,1399,1439,2838
00199700,SOMERSET COMMUNITY COLLEGE              ,KY,42501-2973,Public       ,2057,3395,5452,2057,3395,5452
00199800,SOUTHEAST KENTUCKY COMMUNITY AND TECHNIC,KY,40823-1099,Public       ,817,939,1756,817,939,1756
00199900,UNIVERSITY OF LOUISVILLE                ,KY,40292-0000,Public       ,13748,8253,22001,13748,8253,22001
00200100,THOMAS MORE COLLEGE                     ,KY,41017-3495,Private      ,1337,373,1710,1337,373,1710
00200200,WESTERN KENTUCKY UNIVERSITY             ,KY,42101-3576,Public       ,12696,5483,18179,12696,5483,18179
00461800,SPENCERIAN COLLEGE                      ,KY,40216-2605,Proprietary  ,427,797,1224,427,797,1224
00461900,SULLIVAN UNIVERSITY                     ,KY,40205-3000,Proprietary  ,1466,3302,4768,1466,3302,4768
00493402,DAYMAR COLLEGE - BOWLING GREEN          ,KY,42101-4063,Proprietary  ,59,201,260,59,201,260
00493403,DAYMAR COLLEGE - CLINTON                ,KY,42031-9998,Proprietary  ,1,14,15,1,14,15
00493406,DAYMAR COLLEGE - RUSSELLVILLE           ,KY,42276-1622,Proprietary  ,8,64,72,8,64,72
00524400,BLUEGRASS COMMUNITY & TECHNICAL COLLEGE ,KY,40506-0235,Public       ,3708,5047,8755,3708,5047,8755
00527100,BOWLING GREEN TECHNICAL COLLEGE         ,KY,42101-3601,Public       ,1170,1903,3073,1170,1903,3073
00527300,GATEWAY COMMUNITY & TECHNOLOGY COLL     ,KY,41011-0000,Public       ,817,1824,2641,817,1824,2641
00696000,MAYSVILLE CMNTY & TECHNCL COLG          ,KY,41056-8910,Public       ,814,1391,2205,814,1391,2205
00696100,JEFFERSON COMMUNITY AND TECHNICAL COLLEG,KY,40202-2005,Public       ,4358,7428,11786,4358,7428,11786
00696200,HAZARD COMMUNITY COLLEGE                ,KY,41701-2402,Public       ,1043,1283,2326,1043,1283,2326
00696203,KY TECH-KNOTT CO. TECHNOLOGY CTR        ,KY,41822-0000,Public       ,7,9,16,7,9,16
00696204,KY TECH-LESLIE COUNTY AREA TECH CTR     ,KY,41749-0000,Public       ,2,9,11,2,9,11
00696205,KY TECH-LEE COUNTY AREA TECH CTR        ,KY,41311-0000,Public       ,4,6,10,4,6,10
00696206,KY TECH-LETCHER CNTY AREA TECH CTR      ,KY,41858-0000,Public       ,20,33,53,20,33,53
00696207,KY TECH-BREATHITT COUNTY VOC ED CTR     ,KY,41339-0000,Public       ,23,34,57,23,34,57
00736205,MEDTECH COLLEGE - LEXINGTON             ,KY,40511-1200,Proprietary  ,65,268,333,65,268,333
00842500,DAYMAR COLLEGE                          ,KY,42001-0000,Proprietary  ,28,150,178,28,150,178
00901000,MADISONVILLE COMMUNITY COLLEGE          ,KY,42431-9199,Public       ,681,1086,1767,681,1086,1767
00927500,NORTHERN KENTUCKY UNIVERSITY            ,KY,41099-0001,Public       ,7882,3776,11658,7882,3776,11658
00931300,DAYMAR COLLEGE                          ,KY,42301-5830,Proprietary  ,73,647,720,73,647,720
00931302,DAYMAR COLLEGE - LOUISVILLE             ,KY,40219-1973,Proprietary  ,74,303,377,74,303,377
00931304,DAYMAR COLLEGE - ALBANY                 ,KY,42602-1235,Proprietary  ,3,6,9,3,6,9
00931305,DAYMAR COLLEGE - BELLEVUE               ,KY,41073-2416,Proprietary  ,10,30,40,10,30,40
00931308,DAYMAR COLLEGE -  SCOTTSVILLE           ,KY,42164-1505,Proprietary  ,2,21,23,2,21,23
00931309,DAYMAR COLLEGE - LOUISVILLE EAST        ,KY,40245-1629,Proprietary  ,27,135,162,27,135,162
00931310,DAYMAR COLLEGE -  MADISONVILLE          ,KY,42431-0000,Proprietary  ,9,76,85,9,76,85
01042400,SALON PROFESSIONAL ACADEMY THE          ,KY,40502-1776,Proprietary  ,52,115,167,52,115,167
01048901,NATIONAL COLLEGE - FLORENCE CAMPUS      ,KY,41042-1812,Proprietary  ,15,150,165,15,150,165
01048902,NATIONAL COLLEGE - PIKEVILLE CAMPUS     ,KY,41501-1518,Proprietary  ,117,265,382,117,265,382
01048903,NATIONAL COLLEGE - DANVILLE CAMPUS      ,KY,40422-1517,Proprietary  ,39,183,222,39,183,222
01048904,NATIONAL COLLEGE - RICHMOND CAMPUS      ,KY,40475-2309,Proprietary  ,41,239,280,41,239,280
01048906,NATIONAL COLLEGE - LOUISVILLE CAMPUS    ,KY,40216-4147,Proprietary  ,66,437,503,66,437,503
01048907,NATIONAL COLLEGE - LEXINGTON CAMPUS     ,KY,40509-2256,Proprietary  ,75,453,528,75,453,528
01172500,COLLINS SCHOOL OF COSMETOLOGY           ,KY,40965-2809,Proprietary  ,12,24,36,12,24,36
01208800,SULLIVAN COLLEGE OF TECHNOLOGY AND DESIG,KY,40218-4528,Proprietary  ,373,450,823,373,450,823
01212801,SOUTHWESTERN COLLEGE                    ,KY,41042-1466,Proprietary  ,31,93,124,31,93,124
01272300,KY TECH-WAYNE COUNTY AREA TECH CTR      ,KY,42633-1088,Public       ,1,3,4,1,3,4
01291400,EMPIRE BEAUTY SCHOOL                    ,KY,40218-0000,Proprietary  ,61,122,183,61,122,183
01291500,EMPIRE BEAUTY SCHOOL                    ,KY,41042-5113,Proprietary  ,36,80,116,36,80,116
01291600,EMPIRE BEAUTY SCHOOL                    ,KY,40216-4212,Proprietary  ,34,94,128,34,94,128
01291700,EMPIRE BEAUTY SCHOOL                    ,KY,40160-0000,Proprietary  ,29,61,90,29,61,90
01296800,EMPIRE BEAUTY SCHOOL                    ,KY,40207-2695,Proprietary  ,33,59,92,33,59,92
02159100,"APPALACHIAN BEAUTY SCHOOL, INC.         ",KY,41503-0000,Proprietary  ,26,28,54,26,28,54
02177100,EMPIRE BEAUTY SCHOOL                    ,KY,40204-0000,Proprietary  ,37,70,107,37,70,107
02251500,TREND SETTERS ACAD OF BEAUTY CULT       ,KY,40258-0000,Proprietary  ,27,75,102,27,75,102
02275000,JENNY LEA ACADEMY OF COSMETOLOGY        ,KY,40831-0000,Proprietary  ,35,86,121,35,86,121
02284306,INTERACTIVE LEARNING SYSTEMS            ,KY,41042-0000,Proprietary  ,5,23,28,5,23,28
02323700,PAT WILSON'S BEAUTY COLLEGE             ,KY,42420-0000,Proprietary  ,5,23,28,5,23,28
02337200,PJ'S COLLEGE OF COSMETOLOGY             ,KY,42101-0000,Proprietary  ,48,170,218,48,170,218
02340800,PAUL MITCHELL THE SCHOOL LEXINGTON      ,KY,40514-1545,Proprietary  ,111,137,248,111,137,248
02351700,PAUL MITCHELL THE SCHOOL - LOUISVILLE   ,KY,40222-0000,Proprietary  ,106,140,246,106,140,246
02491100,BECKFIELD COLLEGE                       ,KY,41042-0000,Proprietary  ,98,747,845,98,747,845
02518900,BARRETT & COMPANY SCH HAIR DESIGN       ,KY,40356-0000,Proprietary  ,21,53,74,21,53,74
02526100,JENNY LEA ACADEMY OF COSMETOLOGY        ,KY,41858-0000,Proprietary  ,12,24,36,12,24,36
02535600,CLEAR CREEK BAPTIST BIBLE COLLEGE       ,KY,40977-0000,Private      ,19,38,57,19,38,57
02551100,PJ'S COLLEGE OF COSMETOLOGY             ,KY,42141-2434,Proprietary  ,11,26,37,11,26,37
02560800,SOUTHEAST SCHOOL OF COSMETOLOGY         ,KY,40962-0000,Proprietary  ,9,21,30,9,21,30
02576200,MID-CONTINENT UNIVERSITY                ,KY,42066-9007,Private      ,327,2704,3031,327,2704,3031
03002100,KENTUCKY MOUNTAIN BIBLE COLLEGE         ,KY,41385-0010,Private      ,24,17,41,24,17,41
03007000,FRONTIER SCH OF MIDWIFERY&FAMILY NU     ,KY,41749-0000,Private      ,7,656,663,7,656,663
03026200,HEAD'S WEST KENTUCKY BEAUTY COLLEGE     ,KY,42431-0000,Proprietary  ,11,22,33,11,22,33
03029200,NU-TEK ACADEMY OF BEAUTY                ,KY,40353-9767,Proprietary  ,12,16,28,12,16,28
03034500,OWENSBORO COMMUNITY & TECHNICAL COLLEGE ,KY,42303-1899,Public       ,1128,1398,2526,1128,1398,2526
03083700,GALEN HEALTH INSTITUTES                 ,KY,40207-1047,Proprietary  ,409,2303,2712,409,2303,2712
03103500,MR JIM'S BEAUTY COLLEGE                 ,KY,42301-2646,Proprietary  ,16,27,43,16,27,43
03516500,EZELL'S COSMETOLOGY SCHOOL              ,KY,42071-2530,Proprietary  ,18,40,58,18,40,58
03611300,BRIGHTON CENTER'S CENTER FOR EMPLOY     ,KY,41071-1968,Private      ,2,14,16,2,14,16
03804300,BELLEFONTE ACADEMY OF BEAUTY            ,KY,41169-2015,Proprietary  ,6,36,42,6,36,42
03885300,EMPLOYMENT SOLUTIONS                    ,KY,40517-3260,Private      ,29,124,153,29,124,153
03886300,REGENCY SCHOOL OF HAIR DESIGN           ,KY,41653-1278,Proprietary  ,17,27,44,17,27,44
04038300,ATA CAREER EDUCATION                    ,KY,40223-3832,Proprietary  ,85,420,505,85,420,505
04051316,ART INSTITUTE OF PHOENIX (THE) - ATS - (,KY,41017-2136,Proprietary  ,53,311,364,53,311,364
04051319,ART INSTITUTE OF PHOENIX (THE) - BROWN M,KY,40219-1916,Proprietary  ,132,393,525,132,393,525
04051320,ART INSTITUTE OF PHOENIX (THE) - BROWN M,KY,42240-3579,Proprietary  ,30,131,161,30,131,161
04123900,LEXINGTON HEALING ARTS ACADEMY          ,KY,40503-1932,Proprietary  ,29,60,89,29,60,89
04177600,LINDSEY INSTITUTE OF COSMETOLOGY        ,KY,42103-8036,Proprietary  ,43,42,85,43,42,85
04177700,TRI-STATE INSTITUTE OF HAIR DESIGN      ,KY,40744-5234,Proprietary  ,12,34,46,12,34,46
04178000,SIMMONS COLLEGE OF KENTUCKY             ,KY,40203-3322,Private      ,19,71,90,19,71,90
00200300,CENTENARY COLLEGE OF LOUISIANA          ,LA,71104-3396,Private      ,500,98,598,500,98,598
00200400,DILLARD UNIVERSITY                      ,LA,70122-3097,Private      ,1594,567,2161,1594,567,2161
00200500,NICHOLLS STATE UNIVERSITY               ,LA,70310-0001,Public       ,2681,1002,3683,2681,1002,3683
00200600,GRAMBLING STATE UNIVERSITY              ,LA,71245-2215,Public       ,3143,1414,4557,3143,1414,4557
00200700,LOUISIANA COLLEGE                       ,LA,71359-0000,Private      ,595,209,804,595,209,804
00200800,LOUISIANA TECH UNIVERSITY               ,LA,71272-0001,Public       ,3261,1050,4311,3261,1050,4311
00201000,LOUISIANA STATE UNIV & A&M COLG         ,LA,70803-5710,Public       ,13931,3710,17641,13931,3710,17641
00201100,LOUISIANA STATE UNIV-ALEXANDRIA         ,LA,71302-9121,Public       ,936,837,1773,936,837,1773
00201200,LOUISIANA STATE UNIV-EUNICE             ,LA,70535-6726,Public       ,858,719,1577,858,719,1577
00201300,LOUISIANA STATE UNIV-SHREVEPORT         ,LA,71115-2399,Public       ,1178,1155,2333,1178,1155,2333
00201400,LA STATE UNIV HEALTH SCIENCES CTR       ,LA,70112-2223,Public       ,259,1031,1290,259,1031,1290
00201500,(THE) UNIVERSITY OF NEW ORLEANS         ,LA,70148-0001,Public       ,3018,2520,5538,3018,2520,5538
00201600,LOYOLA UNIVERSITY NEW ORLEANS           ,LA,70118-6195,Private      ,3590,1274,4864,3590,1274,4864
00201700,MCNEESE STATE UNIVERSITY                ,LA,70609-4510,Public       ,2297,1214,3511,2297,1214,3511
00201900,NEW ORLEANS BAPTIST THEOL SEMINARY      ,LA,70126-0000,Private      ,25,87,112,25,87,112
00202000,UNIVERSITY OF LOUISIANA AT MONROE       ,LA,71209-9001,Public       ,3377,1748,5125,3377,1748,5125
00202100,NORTHWESTERN STATE UNIVERSITY           ,LA,71497-0001,Public       ,2579,1748,4327,2579,1748,4327
00202200,NOTRE DAME SEMINARY                     ,LA,70118-0000,Private      ,10,17,27,10,17,27
00202300,OUR LADY OF HOLY CROSS COLLEGE          ,LA,70131-7399,Private      ,247,400,647,247,400,647
00202400,SOUTHEASTERN LOUISIANA UNIV             ,LA,70402-0001,Public       ,4507,1743,6250,4507,1743,6250
00202500,SOUTHERN UNIVERSITY A & M COLLEGE       ,LA,70813-9374,Public       ,3419,2276,5695,3419,2276,5695
00202600,SOUTHERN UNIV NEW ORLEANS               ,LA,70126-0002,Public       ,893,1356,2249,893,1356,2249
00202700,ST JOSEPH SEMINARY COLLEGE              ,LA,70457-9990,Private      ,10,4,14,10,4,14
00202900,TULANE UNIVERSITY                       ,LA,70118-5698,Private      ,9935,4230,14165,9935,4230,14165
00203100,UNIV OF LOUISIANA AT LAFAYETTE          ,LA,70504-0001,Public       ,6181,2193,8374,6181,2193,8374
00203200,XAVIER UNIVERSITY OF LOUISIANA          ,LA,70125-1098,Private      ,3252,808,4060,3252,808,4060
00462100,AYERS CAREER COLLEGE                    ,LA,71108-5845,Proprietary  ,25,116,141,25,116,141
00462500,DELGADO COMMUNITY COLLEGE               ,LA,70119-0000,Public       ,2436,5224,7660,2436,5224,7660
00546700,SOWELA TECHNICAL COMMUNITY COLLEGE      ,LA,70616-6950,Public       ,391,489,880,391,489,880
00546702,SOWELA TECHNICAL COMMUNITY COLLEGE - MOR,LA,70546-1327,Public       ,29,38,67,29,38,67
00547100,NORTHEAST LOUISIANA TECHNICAL COLLEGE   ,LA,71292-9064,Public       ,95,197,292,95,197,292
00547101,NORTHEAST LOUISIANA TECHNICAL COLLEGE   ,LA,71241-0000,Public       ,2,3,5,2,3,5
00547102,NORTHEAST LOUISIANA TECHNICAL COLLEGE   ,LA,71270-0000,Public       ,53,92,145,53,92,145
00547103,NORTHEAST LOUISIANA TECHNICAL COLLEGE   ,LA,71295-0000,Public       ,17,62,79,17,62,79
00547104,NORTHEAST LOUISIANA TECHNICAL COLLEGE   ,LA,71220-0000,Public       ,16,51,67,16,51,67
00548800,LOUISIANA TECH COLG-BATON ROUGE         ,LA,70807-0000,Public       ,188,302,490,188,302,490
00548812,LOUISIANA TECH COLG-FOLKES CAMPUS       ,LA,70748-0000,Public       ,4,16,20,4,16,20
00548817,LOUISIANA TEC CLG-JUMONVILLE MEM CP     ,LA,70760-0000,Public       ,7,20,27,7,20,27
00548842,LOUISIANA TECHNICAL COLLEGE - WESTSIDE C,LA,70765-0733,Public       ,8,23,31,8,23,31
00548900,CENTRAL LOUISIANA TECHNICAL COLLEGE     ,LA,71302-3137,Public       ,52,167,219,52,167,219
00548901,CENTRAL LOUISIANA TECHNICAL COLLEGE     ,LA,71327-3743,Public       ,19,32,51,19,32,51
00548902,CENTRAL LOUISIANA TECHNICAL COLLEGE     ,LA,71483-3563,Public       ,18,61,79,18,61,79
00548903,CENTRAL LOUISIANA TECHNICAL COLLEGE     ,LA,71302-6511,Public       ,28,79,107,28,79,107
00548904,CENTRAL LOUISIANA TECHNICAL COLLEGE     ,LA,71463-3536,Public       ,29,18,47,29,18,47
00548905,CENTRAL LOUISIANA TECHNICAL COLLEGE     ,LA,71334-2232,Public       ,27,54,81,27,54,81
00552600,SOUTH CENTRAL LOUISIANA TECHNICAL COLG  ,LA,70381-2148,Public       ,31,117,148,31,117,148
00552602,SOUTH CENTRAL LOUISIANA TECHNICAL COLG  ,LA,70302-4336,Public       ,35,62,97,35,62,97
00552603,SOUTH CENTRAL LOUISIANA TECHNICAL COLG  ,LA,70084-6632,Public       ,63,121,184,63,121,184
00576100,L. E. FLETCHER TECHNICAL COMMUNITY COLLE,LA,70360-2863,Public       ,345,416,761,345,416,761
00675600,NORTHSHORE TECHNICAL COLLEGE            ,LA,70427-5866,Public       ,60,157,217,60,157,217
00675603,NORTHSHORE TECHNICAL COLLEGE - HAMMOND  ,LA,70401-0000,Public       ,137,257,394,137,257,394
00675604,NORTHSHORE TECHNICAL COLLEGE - FLORIDA  ,LA,70441-0000,Public       ,41,51,92,41,51,92
00768600,SOUTHERN UNIV AT SHREVEPORT/BOSSIER     ,LA,71107-4795,Public       ,515,869,1384,515,869,1384
00777707,REMINGTON COLLEGE - CLEVELAND CAMPUS - L,LA,70508-5760,Private      ,53,96,149,53,96,149
00777708,REMINGTON COLLEGE - CLEVELAND CAMPUS - B,LA,70816-4040,Private      ,52,161,213,52,161,213
00806700,LSU HEALTH SCIENCES CENTR-SHREVEPOR     ,LA,71130-3932,Public       ,158,446,604,158,446,604
00989800,DEMMON SCHOOL OF BEAUTY                 ,LA,70607-2128,Proprietary  ,7,24,31,7,24,31
00997500,NORTHWEST LOUISIANA TECHNICAL COLLEGE   ,LA,71055-2422,Public       ,42,113,155,42,113,155
00997503,NORTHWEST LOUISIANA TECHNICAL COLLEGE   ,LA,71137-8527,Public       ,86,288,374,86,288,374
00997504,NORTHWEST LOUISIANA TECHNICAL COLLEGE   ,LA,71052-1236,Public       ,8,24,32,8,24,32
00997505,NORTHWEST LOUISIANA TECHNICAL COLLEGE   ,LA,71449-0790,Public       ,6,21,27,6,21,27
00997506,NORTHWEST LOUISIANA TECHNICAL COLLEGE   ,LA,71458-0657,Public       ,68,84,152,68,84,152
01005701,AMERICAN COMMERCIAL COLLEGE             ,LA,71105-2502,Proprietary  ,6,22,28,6,22,28
01109700,CLOYD'S BEAUTY SCHOOL #1                ,LA,71291-3131,Proprietary  ,19,40,59,19,40,59
01163100,"D-JAY'S SCHL OF BEAUTY, ARTS & SCI      ",LA,70806-0000,Proprietary  ,18,53,71,18,53,71
01184100,JOHN JAY BEAUTY COLLEGE                 ,LA,70124-2592,Proprietary  ,47,82,129,47,82,129
01282300,PAT GOINS RUSTON BEAUTY SCHOOL          ,LA,71270-4301,Proprietary  ,5,19,24,5,19,24
01287900,PAT GOINS BENTON ROAD BEAUTY SCHOOL     ,LA,71111-4838,Proprietary  ,6,22,28,6,22,28
01288000,PAT GOINS BEAUTY SCHOOL                 ,LA,71201-5167,Proprietary  ,13,23,36,13,23,36
02055400,BOSSIER PARISH COMMUNITY COLLEGE        ,LA,71111-0000,Public       ,847,1562,2409,847,1562,2409
02055500,DELTA SCH OF BUSINESS & TECHNOLOGY      ,LA,70601-0000,Proprietary  ,27,84,111,27,84,111
02117800,AVEDA INSTITUTE LAFAYETTE               ,LA,70503-3246,Proprietary  ,56,55,111,56,55,111
02166100,NUNEZ COMMUNITY COLLEGE                 ,LA,70043-0000,Public       ,184,457,641,184,457,641
02166200,ITI TECHNICAL COLLEGE                   ,LA,70817-0000,Proprietary  ,129,207,336,129,207,336
02197500,BATON ROUGE SCHOOL OF COMPUTERS         ,LA,70809-8188,Proprietary  ,20,49,69,20,49,69
02214800,ACADIANA TECHNICAL COLLEGE              ,LA,70506-4109,Public       ,155,317,472,155,317,472
02214802,ACADIANA TECHNICAL COLLEGE - ACADIAN    ,LA,70526-4109,Public       ,31,64,95,31,64,95
02214803,ACADIANA TECHNICAL COLLEGE - C.B. COREIL,LA,70586-0000,Public       ,31,45,76,31,45,76
02214804,ACADIANA TECHNICAL COLLEGE - EVANGELINE ,LA,70582-0000,Public       ,10,35,45,10,35,45
02214805,ACADIANA TECHNICAL COLLEGE - GULF AREA  ,LA,70510-0000,Public       ,35,92,127,35,92,127
02214806,ACADIANA TECHNICAL COLLEGE - T.H. HARRIS,LA,70570-0000,Public       ,82,143,225,82,143,225
02214807,ACADIANA TECHNICAL COLLEGE - TECHE AREA ,LA,70562-0000,Public       ,66,101,167,66,101,167
02234000,CAMERON COLLEGE                         ,LA,70119-0000,Proprietary  ,25,75,100,25,75,100
02258400,AVEDA INSTITUTE BATON ROUGE             ,LA,70816-2246,Proprietary  ,71,80,151,71,80,151
02260200,DIESEL DRIVING ACADEMY                  ,LA,71109-5617,Proprietary  ,7,54,61,7,54,61
02265600,JOHN JAY KENNER ACADEMY                 ,LA,70062-0000,Proprietary  ,6,17,23,6,17,23
02269300,STEVENSON'S ACADEMY OF HAIR DESIGN      ,LA,70116-0000,Proprietary  ,28,75,103,28,75,103
02327800,PINEVILLE BEAUTY SCHOOL                 ,LA,71360-0000,Proprietary  ,8,25,33,8,25,33
02335700,BATON ROUGE GENERAL MEDICAL CENTER      ,LA,70806-3889,Private      ,34,62,96,34,62,96
02335701,BATON ROUGE GEN MED CTR SCH NSG         ,LA,70821-0000,Private      ,39,92,131,39,92,131
02335702,BATON ROUGE GEN MED CTR-RAD TECH        ,LA,70806-0000,Private      ,23,48,71,23,48,71
02338000,"CLOYD'S BEAUTY SCHOOL #2, INC           ",LA,71202-3539,Proprietary  ,19,54,73,19,54,73
02352500,"CLOYD'S BEAUTY SCHOOL #3, INC           ",LA,71201-3211,Proprietary  ,17,51,68,17,51,68
02358600,"STAGE ONE THE HAIR SCHOOL, INC.         ",LA,70605-0000,Proprietary  ,29,45,74,29,45,74
02518300,SOUTH LOUISIANA BEAUTY COLLEGE          ,LA,70363-0000,Proprietary  ,11,17,28,11,17,28
02536400,LOUISIANA ACADEMY OF BEAUTY             ,LA,70535-0000,Proprietary  ,10,22,32,10,22,32
02538300,DELTA COLLEGE OF ARTS & TECH INC        ,LA,70806-1529,Proprietary  ,54,161,215,54,161,215
02538301,DELTA COLLEGE OF ARTS & TECHNOLOGY - LAF,LA,70508-6831,Proprietary  ,43,126,169,43,126,169
02548500,COSMETOLOGY TRAINING CENTER             ,LA,70503-0000,Proprietary  ,22,34,56,22,34,56
02554800,VANGUARD COLLEGE OF COSMETOLOGY         ,LA,70458-8823,Proprietary  ,35,51,86,35,51,86
02582200,"GUY'S ACADEMY HAIR, SKIN & NAILS        ",LA,71105-2404,Proprietary  ,19,59,78,19,59,78
02600900,AVEDA INSTITUTE                         ,LA,70433-2922,Proprietary  ,276,484,760,276,484,760
02601000,AMERICAN SCHOOL OF BUSINESS             ,LA,71105-5646,Proprietary  ,13,34,47,13,34,47
02601100,OPELOUSAS SCHOOL OF COSMETOLOGY         ,LA,70570-6156,Proprietary  ,6,20,26,6,20,26
02606800,CAREER TRAINING SPECIALISTS             ,LA,71201-6046,Proprietary  ,60,269,329,60,269,329
02606801,CAREER TECHNICAL COLLEGE - SHREVEPORT   ,LA,71105-2405,Proprietary  ,55,153,208,55,153,208
02617100,BATON ROUGE COLLEGE                     ,LA,70806-1725,Proprietary  ,65,109,174,65,109,174
02619200,DENHAM SPRINGS BEAUTY COLLEGE           ,LA,70726-3829,Proprietary  ,15,26,41,15,26,41
03010400,CRESCENT CITY SCH GAMING & BARTENDG     ,LA,70119-5507,Proprietary  ,13,111,124,13,111,124
03010624,VIRGINIA COLLEGE - BATON ROUGE          ,LA,70815-8604,Proprietary  ,48,187,235,48,187,235
03023500,CAMELOT CAREER COLLEGE                  ,LA,70805-7539,Proprietary  ,19,68,87,19,68,87
03030900,DIESEL DRIVING ACADEMY                  ,LA,70815-8109,Proprietary  ,6,80,86,6,80,86
03095100,GRETNA CAREER COLLEGE                   ,LA,70053-2436,Proprietary  ,6,13,19,6,13,19
03106200,OUR LADY OF THE LAKE COLLEGE            ,LA,70808-4345,Private      ,502,745,1247,502,745,1247
03253300,JONESVILLE BEAUTY SCHOOL                ,LA,71343-0000,Proprietary  ,12,24,36,12,24,36
03294300,BLUE CLIFF SCH THERAPEUTIC MASSAGE      ,LA,70002-3458,Proprietary  ,37,147,184,37,147,184
03332600,DELTA COLLEGE                           ,LA,70433-9042,Proprietary  ,63,137,200,63,137,200
03332601,DELTA COLLEGE - SLIDELL                 ,LA,70460-2624,Proprietary  ,38,144,182,38,144,182
03356300,MEDICAL TRAINING COLLEGE                ,LA,70816-5820,Proprietary  ,44,124,168,44,124,168
03422500,BLUE CLIFF COLLEGE                      ,LA,71107-6520,Proprietary  ,44,153,197,44,153,197
03422600,BLUE CLIFF COLLEGE                      ,LA,70508-3858,Proprietary  ,80,221,301,80,221,301
03480300,MEDVANCE INSTITUTE                      ,LA,70809-1908,Proprietary  ,27,106,133,27,106,133
03498400,OMEGA INSTITUTE OF COSMETOLOGY          ,LA,70360-0000,Proprietary  ,18,17,35,18,17,35
03727500,MOORE CAREER COLLEGE                    ,LA,70808-4191,Proprietary  ,4,20,24,4,20,24
03730300,BATON ROUGE COMMUNITY COLLEGE           ,LA,78806-4129,Public       ,1639,1807,3446,1639,1807,3446
03752400,SCHOOL OF URBAN MISSIONS                ,LA,70053-0000,Private      ,32,78,110,32,78,110
03789300,UNITECH TRAINING ACADEMY                ,LA,70503-5132,Proprietary  ,40,72,112,40,72,112
03789301,UNITECH TRAINING ACADEMY - WEST MONROE  ,LA,71291-2913,Proprietary  ,21,62,83,21,62,83
03789302,UNITECH TRAINING ACADEMY - HOUMA        ,LA,70363-5556,Proprietary  ,18,36,54,18,36,54
03789303,UNITECH TRAINING ACADEMY -  ALEXANDRIA  ,LA,71303-3625,Proprietary  ,14,58,72,14,58,72
03789304,UNITECH TRAINING ACADEMY - LAKE CHARLES ,LA,70601-7887,Proprietary  ,20,42,62,20,42,62
03789400,RIVER PARISHES COMMUNITY COLLEGE        ,LA,70778-0310,Public       ,267,287,554,267,287,554
03810500,COURT REPORTING INSTITUTE OF LOUISI     ,LA,70816-0000,Proprietary  ,3,27,30,3,27,30
03956300,SOUTH LOUISIANA COMMUNITY COLLEGE       ,LA,70506-0000,Public       ,767,864,1631,767,864,1631
04040300,COMPASS CAREER COLLEGE                  ,LA,70403-0653,Proprietary  ,28,69,97,28,69,97
04112300,LOUISIANA CULINARY INSTITUTE            ,LA,70816-4109,Proprietary  ,115,109,224,115,109,224
04120700,ALDEN'S SCHOOL OF COSMETOLOGY           ,LA,70714-1502,Proprietary  ,1,0,1,1,0,1
04130100,LOUISIANA DELTA COMMUNITY COLLEGE       ,LA,71203-3618,Public       ,587,821,1408,587,821,1408
04130101,LOUISIANA TECHNICAL COLG - TALLULAH     ,LA,71284-0000,Public       ,17,30,47,17,30,47
04149500,A & W HEALTHCARE EDUCATORS              ,LA,70122-3146,Proprietary  ,21,115,136,21,115,136
04151600,MY-LE'S BEAUTY COLLEGE                  ,LA,70056-3150,Proprietary  ,5,27,32,5,27,32
04217000,HEALTHCARE TRAINING INSTITUTE           ,LA,70062-7630,Proprietary  ,8,40,48,8,40,48
00143600,CAPITOL COLLEGE                         ,MD,20708-9759,Private      ,354,294,648,354,294,648
00146200,WASHINGTON BIBLE COLLEGE                ,MD,20706-3599,Private      ,14,65,79,14,65,79
00205700,ALLEGANY COLLEGE OF MARYLAND            ,MD,21502-2596,Public       ,1739,1063,2802,1739,1063,2802
00205800,ANNE ARUNDEL COMMUNITY COLLEGE          ,MD,21012-1895,Public       ,3310,4432,7742,3310,4432,7742
00206100,BALTIMORE CITY COMMUNITY COLLEGE        ,MD,21215-7893,Public       ,2673,4939,7612,2673,4939,7612
00206200,BOWIE STATE UNIVERSITY                  ,MD,20715-9465,Public       ,6028,3750,9778,6028,3750,9778
00206300,COMMUNITY COLLEGE OF BALTIMORE COUNTY   ,MD,21228-5381,Public       ,6246,8343,14589,6246,8343,14589
00206400,COLLEGE OF SOUTHERN MARYLAND            ,MD,20646-0910,Public       ,2439,2440,4879,2439,2440,4879
00206500,NOTRE DAME OF MARYLAND UNIVERSITY       ,MD,21210-2476,Private      ,1029,1532,2561,1029,1532,2561
00206700,WASHINGTON ADVENTIST UNIVERSITY         ,MD,20912-7796,Private      ,617,670,1287,617,670,1287
00206800,COPPIN STATE UNIVERSITY                 ,MD,21216-3698,Public       ,3656,3668,7324,3656,3668,7324
00207100,FREDERICK COMMUNITY COLLEGE             ,MD,21702-9745,Public       ,1408,1422,2830,1408,1422,2830
00207200,FROSTBURG STATE UNIVERSITY              ,MD,21532-1099,Public       ,5808,1236,7044,5808,1236,7044
00207300,GOUCHER COLLEGE                         ,MD,21204-2794,Private      ,2801,585,3386,2801,585,3386
00207400,HAGERSTOWN COMMUNITY COLLEGE            ,MD,21742-6514,Public       ,1302,1530,2832,1302,1530,2832
00207500,HARFORD COMMUNITY COLLEGE               ,MD,21015-1696,Public       ,1332,1342,2674,1332,1342,2674
00207600,HOOD COLLEGE                            ,MD,21701-8575,Private      ,2057,569,2626,2057,569,2626
00207700,JOHNS HOPKINS UNIVERSITY                ,MD,21218-2693,Private      ,8802,1607,10409,8802,1607,10409
00207702,JOHNS HOPKINS UNIV SCH ARTS/SCI/ENG     ,MD,21218-0000,Private      ,3467,1057,4524,3467,1057,4524
00207703,JOHNS HOPKINS UNIV SCH OF BUS/ED        ,MD,21046-0000,Private      ,57,748,805,57,748,805
00207705,JOHNS HOPKINS BLOOMBERG SCH OF PH       ,MD,21205-0000,Private      ,68,1149,1217,68,1149,1217
00207706,JOHNS HOPKINS UNIV SCH OF MEDICINE      ,MD,21205-0000,Private      ,256,956,1212,256,956,1212
00207707,JOHNS HOPKINS UNIV SCH OF NURSING       ,MD,21205-0000,Private      ,320,1128,1448,320,1128,1448
00207708,JOHNS HOPKINS UNIV PEABODY CONSERV      ,MD,21202-2397,Private      ,521,370,891,521,370,891
00207800,LOYOLA UNIVERSITY MARYLAND              ,MD,21210-2699,Private      ,9070,1723,10793,9070,1723,10793
00208000,MARYLAND INST COLLEGE OF ART            ,MD,21217-4191,Private      ,2690,777,3467,2690,777,3467
00208300,MORGAN STATE UNIVERSITY                 ,MD,21251-0002,Public       ,8162,4464,12626,8162,4464,12626
00208600,MOUNT SAINT MARY'S UNIVERSITY           ,MD,21727-7799,Private      ,3036,297,3333,3036,297,3333
00208700,NER ISRAEL RABBINICAL COLLEGE           ,MD,21208-1198,Private      ,70,24,94,70,24,94
00208900,PRINCE GEORGES COMMUNITY COLLEGE        ,MD,20774-2199,Public       ,4506,6313,10819,4506,6313,10819
00209100,SALISBURY UNIVERSITY                    ,MD,21801-6862,Public       ,10736,1767,12503,10736,1767,12503
00209200,ST JOHN'S COLLEGE                       ,MD,21404-0000,Private      ,494,132,626,494,132,626
00209500,ST. MARY'S COLLEGE OF MARYLAND          ,MD,20686-3001,Public       ,2649,230,2879,2649,230,2879
00209600,ST MARY'S SEMINARY & UNIV               ,MD,21210-1994,Private      ,24,40,64,24,40,64
00209900,TOWSON UNIVERSITY                       ,MD,21252-0002,Public       ,23172,6446,29618,23172,6446,29618
00210200,UNIVERSITY OF BALTIMORE                 ,MD,21201-5779,Public       ,1821,4612,6433,1821,4612,6433
00210300,"UNIVERSITY OF MARYLAND, COLLEGE PARK    ",MD,20742-5145,Public       ,29573,9266,38839,29573,9266,38839
00210400,"UNIVERSITY OF MARYLAND, BALTIMORE       ",MD,21201-1691,Public       ,4194,8561,12755,4194,8561,12755
00210500,UMBC                                    ,MD,21250-0002,Public       ,10243,4324,14567,10243,4324,14567
00210600,UNIVERSITY MARYLAND EASTERN SHORE       ,MD,21853-4053,Public       ,5225,1677,6902,5225,1677,6902
00210700,STEVENSON UNIVERSITY                    ,MD,21153-0641,Private      ,5958,1458,7416,5958,1458,7416
00210800,WASHINGTON COLLEGE                      ,MD,21620-1197,Private      ,2621,120,2741,2621,120,2741
00210900,MCDANIEL COLLEGE                        ,MD,21157-4390,Private      ,2994,420,3414,2994,420,3414
00458612,KAPLAN COLLEGE                          ,MD,21742-2797,Proprietary  ,96,674,770,96,674,770
00458614,KAPLAN COLLEGE - FREDERICK              ,MD,21704-8307,Proprietary  ,28,163,191,28,163,191
00465000,CHESAPEAKE COLLEGE                      ,MD,21679-0008,Public       ,819,741,1560,819,741,1560
00691100,MONTGOMERY COLLEGE                      ,MD,20850-1195,Public       ,7525,6541,14066,7525,6541,14066
00734100,INTERNATIONAL BEAUTY SCHOOL             ,MD,21502-2370,Proprietary  ,26,80,106,26,80,106
00744700,DEL-MAR-VA BEAUTY ACADEMY               ,MD,21804-0000,Proprietary  ,35,52,87,35,52,87
00749100,TESST COLLEGE OF TECHNOLOGY             ,MD,21227-1063,Proprietary  ,264,687,951,264,687,951
00793600,LINCOLN TECHNICAL INSTITUTE             ,MD,21046-1544,Proprietary  ,207,279,486,207,279,486
00817500,HOWARD COMMUNITY COLLEGE                ,MD,21044-3197,Public       ,2679,2490,5169,2679,2490,5169
00826300,AWARD BEAUTY SCHOOL                     ,MD,21740-5624,Proprietary  ,17,22,39,17,22,39
00830800,CECIL COLLEGE                           ,MD,21901-1999,Public       ,706,730,1436,706,730,1436
00907906,EVEREST COLLEGE- EVEREST INSTITUTE      ,MD,20910-3737,Proprietary  ,105,326,431,105,326,431
01001400,GARRETT COMMUNITY COLLEGE               ,MD,21541-1265,Public       ,773,222,995,773,222,995
01031900,MEDIX SCHOOL                            ,MD,21204-2538,Proprietary  ,152,663,815,152,663,815
01041000,TESST COLLEGE OF TECHNOLOGY             ,MD,21286-2201,Proprietary  ,85,228,313,85,228,313
01164400,UNIV OF MARYLAND UNIVERSITY COLLEGE     ,MD,20783-8078,Public       ,1788,16514,18302,1788,16514,18302
01164402,U OF MD UNIVERSITY COLLEGE - EUROPE     ,MD,20832-0000,Public       ,313,443,756,313,443,756
01164404,U OF MD UNIVERSITY COLLEGE - ASIA       ,MD,31207-0000,Public       ,72,449,521,72,449,521
02073900,WOR-WIC COMMUNITY COLLEGE               ,MD,21804-0000,Public       ,1027,1374,2401,1027,1374,2401
02083600,TESST COLLEGE OF TECHNOLOGY             ,MD,20705-2698,Proprietary  ,64,226,290,64,226,290
02116005,SANFORD-BROWN INSTITUTE - LANDOVER      ,MD,20785-2287,Proprietary  ,28,128,156,28,128,156
02127900,SOJOURNER DOUGLASS COLLEGE              ,MD,21205-0000,Private      ,171,1843,2014,171,1843,2014
02155100,MARYLAND COLLEGE OF ART AND DESIGN      ,MD,20902-0000,Private      ,127,103,230,127,103,230
02269700,"COLORLAB ACADEMY OF HAIR, THE           ",MD,21014-3639,Proprietary  ,14,34,48,14,34,48
02331000,MARYLAND BEAUTY ACADEMY OF ESSEX        ,MD,21221-0000,Proprietary  ,36,84,120,36,84,120
02333000,HAIR ACADEMY                            ,MD,20784-0000,Proprietary  ,43,56,99,43,56,99
02343800,MONTGOMERY BEAUTY SCHOOL                ,MD,20901-0000,Proprietary  ,51,63,114,51,63,114
02494700,BALTIMORE STUDIO OF HAIR DESIGN         ,MD,21201-0000,Proprietary  ,82,132,214,82,132,214
02495000,ROBERT PAUL ACAD COSMTGY ARTS & SCI     ,MD,21093-0000,Proprietary  ,34,25,59,34,25,59
02495100,MARYLAND BEAUTY ACADEMY                 ,MD,21136-0000,Proprietary  ,19,30,49,19,30,49
02545400,NORTH AMERICAN TRADE SCHOOLS            ,MD,21244-0069,Proprietary  ,119,443,562,119,443,562
02573800,"L' ACADEMIE DE CUISINE, INC.            ",MD,20877-0000,Proprietary  ,39,54,93,39,54,93
02578400,TAI SOPHIA INSTITUTE                    ,MD,20723-6010,Private      ,2,150,152,2,150,152
03027200,BLADES SCHOOL OF HAIR DESIGN            ,MD,20619-0226,Proprietary  ,12,35,47,12,35,47
03064900,AARON'S ACADEMY OF BEAUTY               ,MD,20602-2715,Proprietary  ,24,35,59,24,35,59
03097200,AESTHETICS INSTITUTE OF COSMETOLOGY     ,MD,20877-1305,Proprietary  ,9,27,36,9,27,36
03100700,CARROLL COMMUNITY COLLEGE               ,MD,21157-6913,Public       ,874,665,1539,874,665,1539
03148300,AMERICAN BEAUTY ACADEMY                 ,MD,20902-1911,Proprietary  ,42,82,124,42,82,124
03296300,BALTIMORE SCHOOL OF MASSAGE             ,MD,21090-2261,Proprietary  ,53,108,161,53,108,161
03327300,NEW CREATIONS ACADEMY OF HAIR DSN       ,MD,20746-0000,Proprietary  ,21,42,63,21,42,63
03455500,NATIONAL LABOR COLLEGE                  ,MD,20903-1790,Private      ,8,158,166,8,158,166
03493300,ALL-STATE CAREER SCHOOL                 ,MD,21224-6658,Proprietary  ,191,623,814,191,623,814
03667300,FAITH THEOLOGICAL SEMINARY              ,MD,21212-2624,Private      ,4,56,60,4,56,60
03771300,AMERICAN CAREER INSTITUTE               ,MD,20902-4637,Proprietary  ,2,15,17,2,15,17
03822400,MAPLE SPRINGS BAPTIST BIBLE COLLEGE & SE,MD,20743-5711,Private      ,1,33,34,1,33,34
03937300,YESHIVA COLLEGE OF THE NATION'S CAPITAL ,MD,20902-1700,Private      ,5,9,14,5,9,14
03965500,HAIR EXPRESSIONS ACADEMY                ,MD,20852-1729,Proprietary  ,30,61,91,30,61,91
04139700,FREDERICK SCHOOL OF COSMETOLOGY         ,MD,21701-0000,Proprietary  ,30,40,70,30,40,70
04141600,OMEGA STUDIOS' SCHOOL OF APPLIED RECORDI,MD,20852-1731,Proprietary  ,30,61,91,30,61,91
04151800,TEMPLE (THE): A PAUL MITCHELL PARTNER SC,MD,21701-5409,Proprietary  ,54,59,113,54,59,113
04168900,HOLISTIC MASSAGE TRAINING INSTITUTE     ,MD,21218-2407,Proprietary  ,21,77,98,21,77,98
04188400,BAIS HAMEDRASH AND MESIVTA OF BALTIMORE ,MD,21209-1613,Private      ,39,10,49,39,10,49
04204000,ASPEN BEAUTY ACADEMY - LAUREL           ,MD,20724-2013,Proprietary  ,22,46,68,22,46,68
04209600,INSTITUTE OF HEALTH SCIENCES            ,MD,21031-1408,Proprietary  ,22,73,95,22,73,95
04211700,HARMON'S BEAUTY SCHOOL                  ,MD,20785-2135,Proprietary  ,17,33,50,17,33,50
00211400,AMERICAN INTERNATIONAL COLLEGE          ,MA,01109-3189,Private      ,1633,1301,2934,1633,1301,2934
00211500,AMHERST COLLEGE                         ,MA,01002-5000,Private      ,3942,212,4154,3942,212,4154
00211600,ANDOVER NEWTON THEOLOGICAL SCHOOL       ,MA,02459-0000,Private      ,2,79,81,2,79,81
00211700,ANNA MARIA COLLEGE                      ,MA,01612-1198,Private      ,1657,328,1985,1657,328,1985
00211800,ASSUMPTION COLLEGE                      ,MA,01615-1294,Private      ,4450,543,4993,4450,543,4993
00212000,MERRIMACK COLLEGE                       ,MA,01845-5800,Private      ,5107,327,5434,5107,327,5434
00212100,BABSON COLLEGE                          ,MA,02457-0310,Private      ,2443,328,2771,2443,328,2771
00212200,BAY PATH COLLEGE                        ,MA,01106-2212,Private      ,660,900,1560,660,900,1560
00212300,BECKER COLLEGE-WORCESTER                ,MA,01615-0071,Private      ,2506,569,3075,2506,569,3075
00212400,BENTLEY UNIVERSITY                      ,MA,02452-4705,Private      ,5262,419,5681,5262,419,5681
00212600,BERKLEE COLLEGE OF MUSIC                ,MA,02215-3693,Private      ,3652,736,4388,3652,736,4388
00212800,BOSTON COLLEGE                          ,MA,02467-3800,Private      ,15576,4403,19979,15576,4403,19979
00212900,BOSTON CONSERVATORY OF MUSIC            ,MA,02215-9830,Private      ,999,240,1239,999,240,1239
00213000,BOSTON UNIVERSITY                       ,MA,02215-1789,Private      ,34748,11502,46250,34748,11502,46250
00213300,BRANDEIS UNIVERSITY                     ,MA,02453-2700,Private      ,4967,926,5893,4967,926,5893
00213900,CLARK UNIVERSITY                        ,MA,01610-1473,Private      ,3769,489,4258,3769,489,4258
00214000,ELMS COLLEGE                            ,MA,01013-2839,Private      ,1146,581,1727,1146,581,1727
00214100,COLLEGE OF THE HOLY CROSS               ,MA,01610-2395,Private      ,5191,135,5326,5191,135,5326
00214300,CURRY COLLEGE                           ,MA,02186-2395,Private      ,4466,671,5137,4466,671,5137
00214400,DEAN COLLEGE                            ,MA,02038-1994,Private      ,1456,172,1628,1456,172,1628
00214500,EASTERN NAZARENE COLLEGE                ,MA,02170-2999,Private      ,623,354,977,623,354,977
00214507,EASTERN NAZARENE CLG - LEAD PROGRAM     ,MA,02170-0000,Private      ,21,219,240,21,219,240
00214600,EMERSON COLLEGE                         ,MA,02116-4624,Private      ,6391,1117,7508,6391,1117,7508
00214700,EMMANUEL COLLEGE                        ,MA,02115-5798,Private      ,5123,301,5424,5123,301,5424
00214800,ENDICOTT COLLEGE                        ,MA,01915-2098,Private      ,4443,346,4789,4443,346,4789
00214900,EPISCOPAL DIVINITY SCHOOL               ,MA,02138-0000,Private      ,0,41,41,0,41,41
00215000,FISHER COLLEGE                          ,MA,02116-1500,Private      ,1110,592,1702,1110,592,1702
00215100,BENJAMIN FRANKLIN INSTITUTE OF TECH     ,MA,02116-6296,Public       ,313,124,437,313,124,437
00215300,GORDON COLLEGE                          ,MA,01984-1899,Private      ,1833,116,1949,1833,116,1949
00215400,HELLENIC COLLEGE                        ,MA,02445-7496,Private      ,50,44,94,50,44,94
00215500,HARVARD UNIVERSITY                      ,MA,02138-3800,Private      ,4050,585,4635,4050,585,4635
00215501,AMRCN REPERTORY THTR INST ADV THTR      ,MA,02138-0000,Private      ,1,118,119,1,118,119
00215502,HARVARD BUSINESS SCHOOL                 ,MA,02163-0000,Private      ,163,969,1132,163,969,1132
00215503,HARVARD EXTENSION SCHOOL                ,MA,02138-0000,Private      ,77,589,666,77,589,666
00215504,HARVARD SCH OF DENTAL MEDICINE          ,MA,02115-0000,Private      ,16,118,134,16,118,134
00215505,HARVARD UNIV GRAD SCH DESIGN            ,MA,02138-0000,Private      ,10,726,736,10,726,736
00215506,HARVARD DIVINITY SCHOOL                 ,MA,02138-0000,Private      ,5,335,340,5,335,340
00215507,HARVARD UNIV GRAD SCH ED                ,MA,02138-0000,Private      ,5,1313,1318,5,1313,1318
00215508,HARVARD UNIV GRAD S OF ARTS & SCIEN     ,MA,02138-0000,Private      ,53,632,685,53,632,685
00215509,HARVARD KENNEDY SCHOOL                  ,MA,02138-0000,Private      ,10,1112,1122,10,1112,1122
00215510,HARVARD LAW SCHOOL                      ,MA,02138-0000,Private      ,83,2311,2394,83,2311,2394
00215511,HARVARD UNIV MEDICAL SCHOOL             ,MA,02115-0000,Private      ,122,760,882,122,760,882
00215512,HARVARD UNIV SCH PUBLIC HEALTH          ,MA,02115-0000,Private      ,26,911,937,26,911,937
00215513,HARVARD UNIVERSITY-HARVARD COLLEGE      ,MA,02138-0000,Private      ,17750,929,18679,17750,929,18679
00215700,HEBREW COLLEGE                          ,MA,02459-2237,Private      ,0,68,68,0,68,68
00215800,LASELL COLLEGE                          ,MA,02466-2716,Private      ,2879,306,3185,2879,306,3185
00216000,LESLEY UNIVERSITY                       ,MA,02138-2790,Private      ,2336,1493,3829,2336,1493,3829
00216100,UMASS LOWELL                            ,MA,01854-3089,Public       ,11308,3174,14482,11308,3174,14482
00216400,NEW ENGLAND COLLEGE OF OPTOMETRY        ,MA,02115-1129,Private      ,10,289,299,10,289,299
00216500,MASS. COLLEGE OF PHARMACY  & HEALTH SCIE,MA,02115-5804,Private      ,5574,3126,8700,5574,3126,8700
00216700,BERKSHIRE COMMUNITY COLLEGE             ,MA,01201-5786,Public       ,392,473,865,392,473,865
00216800,CAPE COD COMMUNITY COLLEGE              ,MA,02668-1599,Public       ,753,797,1550,753,797,1550
00216900,GREENFIELD COMMUNITY COLLEGE            ,MA,01301-9739,Public       ,428,581,1009,428,581,1009
00217000,HOLYOKE COMMUNITY COLLEGE               ,MA,01040-1099,Public       ,1801,1883,3684,1801,1883,3684
00217100,MASSACHUSETTS BAY COMMUNITY COLLEGE     ,MA,02181-0000,Public       ,1151,1005,2156,1151,1005,2156
00217200,MOUNT WACHUSETT COMMUNITY COLLEGE       ,MA,01440-1000,Public       ,1011,1328,2339,1011,1328,2339
00217300,NORTH SHORE COMMUNITY COLLEGE           ,MA,01923-4093,Public       ,1399,1614,3013,1399,1614,3013
00217400,NORTHERN ESSEX COMMUNITY COLLEGE        ,MA,01830-2399,Public       ,1401,1516,2917,1401,1516,2917
00217500,QUINSIGAMOND COMMUNITY COLLEGE          ,MA,01606-2092,Public       ,2017,2269,4286,2017,2269,4286
00217600,BRISTOL COMMUNITY COLLEGE               ,MA,02720-7399,Public       ,2157,2014,4171,2157,2014,4171
00217700,MASSASOIT COMMUNITY COLLEGE             ,MA,02302-3996,Public       ,1750,1735,3485,1750,1735,3485
00217800,MASSACHUSETTS INST OF TECHNOLOGY        ,MA,02139-4307,Private      ,10987,2055,13042,10987,2055,13042
00218000,MASSACHUSETTS COLLEGE OF ART AND DESIGN ,MA,02115-5803,Public       ,2162,614,2776,2162,614,2776
00218100,MASSACHUSETTS MARITIME ACADEMY          ,MA,02532-3400,Public       ,1119,67,1186,1119,67,1186
00218300,BRIDGEWATER STATE COLLEGE               ,MA,02325-0001,Public       ,10013,2318,12331,10013,2318,12331
00218400,FITCHBURG STATE UNIVERSITY              ,MA,01420-2697,Public       ,5501,1029,6530,5501,1029,6530
00218500,FRAMINGHAM STATE COLLEGE                ,MA,01702-2471,Public       ,6782,1040,7822,6782,1040,7822
00218700,MASSACHUSETTS CLG OF LIBERAL ARTS       ,MA,01247-4100,Public       ,2078,356,2434,2078,356,2434
00218800,SALEM STATE UNIVERSITY                  ,MA,01970-5353,Public       ,7579,2330,9909,7579,2330,9909
00218900,WESTFIELD STATE COLLEGE                 ,MA,01086-1630,Public       ,7134,1153,8287,7134,1153,8287
00219000,WORCESTER STATE COLLEGE                 ,MA,01602-2597,Public       ,5535,1469,7004,5535,1469,7004
00219200,MOUNT HOLYOKE COLLEGE                   ,MA,01075-1492,Private      ,2235,268,2503,2235,268,2503
00219300,MOUNT IDA COLLEGE                       ,MA,02459-3323,Private      ,1410,218,1628,1410,218,1628
00219400,NEW ENGLAND CONSERVATORY OF MUSIC       ,MA,02115-5018,Private      ,668,565,1233,668,565,1233
00219700,NICHOLS COLLEGE                         ,MA,01571-6346,Private      ,1856,185,2041,1856,185,2041
00219900,NORTHEASTERN UNIVERSITY                 ,MA,02115-5000,Private      ,31645,7471,39116,31645,7471,39116
00220100,PINE MANOR COLLEGE                      ,MA,02167-0000,Private      ,163,63,226,163,63,226
00220200,BLESSED JOHN XXIII NATIONAL SEMINARY    ,MA,02493-0000,Private      ,0,1,1,0,1,1
00220500,QUINCY COLLEGE                          ,MA,02169-4501,Public       ,750,1420,2170,750,1420,2170
00220600,REGIS COLLEGE                           ,MA,02193-0000,Private      ,1750,510,2260,1750,510,2260
00220800,SIMMONS COLLEGE                         ,MA,02115-5898,Private      ,3123,2445,5568,3123,2445,5568
00220900,SMITH COLLEGE                           ,MA,01063-2936,Private      ,3188,411,3599,3188,411,3599
00220901,"SMITH COLLEGE, SCH FOR SOCIAL WORK      ",MA,01063-0000,Private      ,13,479,492,13,479,492
00221000,UNIV OF MASSACHUSETTS-DARTMOUTH         ,MA,02747-2300,Public       ,11484,2547,14031,11484,2547,14031
00221100,SPRINGFIELD COLLEGE                     ,MA,01109-3797,Private      ,3245,1827,5072,3245,1827,5072
00221400,ST JOHN'S SEMINARY                      ,MA,02135-8839,Private      ,2,5,7,2,5,7
00221700,STONEHILL COLLEGE                       ,MA,02357-6110,Private      ,5875,137,6012,5875,137,6012
00221800,SUFFOLK UNIVERSITY                      ,MA,02108-2770,Private      ,7645,3185,10830,7645,3185,10830
00221900,TUFTS UNIVERSITY                        ,MA,02155-5808,Private      ,9979,1802,11781,9979,1802,11781
00221901,TUFTS UNIV SCH OF DENTAL MEDICINE       ,MA,02111-0000,Private      ,24,519,543,24,519,543
00221902,TUFTS UNIVERSITY - CUMMINGS SCHOOL OF VE,MA,01536-0000,Private      ,30,320,350,30,320,350
00221904,TUFTS UNIV SCHOOL OF MEDICINE           ,MA,02111-0000,Private      ,68,1562,1630,68,1562,1630
00222100,UNIV OF MASSACHUSETTS-AMHERST           ,MA,01003-0000,Public       ,35594,4877,40471,35594,4877,40471
00222200,UNIV OF MASSACHUSETTS-BOSTON            ,MA,02125-3393,Public       ,10421,5841,16262,10421,5841,16262
00222400,WELLESLEY COLLEGE                       ,MA,02481-8203,Private      ,2991,144,3135,2991,144,3135
00222500,WENTWORTH INSTITUTE OF TECHNOLOGY       ,MA,02115-5998,Private      ,4972,451,5423,4972,451,5423
00222600,WESTERN NEW ENGLAND UNIVERSITY          ,MA,01119-2654,Private      ,5439,1010,6449,5439,1010,6449
00222700,WHEATON COLLEGE                         ,MA,02766-2322,Private      ,2284,79,2363,2284,79,2363
00222800,WHEELOCK COLLEGE                        ,MA,02215-4176,Private      ,1394,484,1878,1394,484,1878
00222900,WILLIAMS COLLEGE                        ,MA,01267-2600,Private      ,3632,111,3743,3632,111,3743
00223300,WORCESTER POLYTECHNIC INSTITUTE         ,MA,01609-2280,Private      ,6909,407,7316,6909,407,7316
00267104,BARD COLLEGE - LONGY SCHOOL OF MUSIC    ,MA,02138-3599,Private      ,30,127,157,30,127,157
00396500,BAY STATE COLLEGE                       ,MA,02116-2901,Proprietary  ,1036,736,1772,1036,736,1772
00396600,BOSTON ARCHITECTURAL COLLEGE            ,MA,02115-2795,Private      ,189,292,481,189,292,481
00466100,HAMPSHIRE COLLEGE                       ,MA,01002-3359,Private      ,2035,145,2180,2035,145,2180
00466600,SALTER COLLEGE                          ,MA,01583-1700,Proprietary  ,58,342,400,58,342,400
00466700,SCHOOL OF MUSEUM OF FINE ARTS           ,MA,02115-5534,Private      ,491,208,699,491,208,699
00466900,UPPER CAPE COD REGIONAL VOC TECH        ,MA,02532-3310,Public       ,12,56,68,12,56,68
00527900,GREATER LOWELL REGNL VOC TECH SCH       ,MA,01879-0000,Public       ,14,45,59,14,45,59
00551900,DIMAN REGIONAL VOC TECH INST            ,MA,02723-3519,Public       ,34,97,131,34,97,131
00552300,BLUE HILLS REGIONAL VOC TECH            ,MA,02021-1398,Public       ,14,57,71,14,57,71
00555700,MCCANN TECHNICAL SCHOOL                 ,MA,01247-0000,Public       ,8,25,33,8,25,33
00613600,NATIONAL AVIATION ACADEMY - NEW ENGLAND ,MA,01730-2620,Proprietary  ,48,86,134,48,86,134
00632200,BROCKTON HOSPITAL SCH OF NURSING        ,MA,02302-0000,Private      ,92,310,402,92,310,402
00632400,LABOURE COLLEGE                         ,MA,02124-5698,Private      ,105,330,435,105,330,435
00633100,LAWRENCE MEM HOSPITAL SCH OF NRSNG      ,MA,02155-1643,Private      ,38,188,226,38,188,226
00635200,BAYSTATE MEDICAL CENTER                 ,MA,01199-0001,Private      ,14,39,53,14,39,53
00687300,MARIAN COURT COLLEGE                    ,MA,01907-2896,Private      ,47,30,77,47,30,77
00748100,GIBBS COLLEGE                           ,MA,02116-2904,Proprietary  ,17,46,63,17,46,63
00748400,NEWBURY COLLEGE                         ,MA,02445-5796,Private      ,2203,238,2441,2203,238,2441
00748600,THE NEW ENGLAND INSTITUTE OF ART        ,MA,02445-7295,Proprietary  ,700,215,915,700,215,915
00748800,KAPLAN CAREER INSTITUTE                 ,MA,02129-1644,Proprietary  ,8,38,46,8,38,46
00748801,KAPLAN CAREER INSTITUTE -               ,MA,02215-2606,Proprietary  ,12,66,78,12,66,78
00807800,SPRINGFIELD TECHNICAL COMMUNITY CLG     ,MA,01105-0000,Public       ,1603,2191,3794,1603,2191,3794
00809002,EVEREST COLLEGE - EVEREST INSTITUTE     ,MA,02150-2333,Proprietary  ,33,111,144,33,111,144
00891600,NEW ENGLAND SCHOOL OF LAW               ,MA,02116-0000,Private      ,22,1167,1189,22,1167,1189
00964500,BARD COLLEGE AT SIMON'S ROCK            ,MA,01230-9702,Private      ,221,9,230,221,9,230
00974700,GORDON-CONWELL THEOLOGICAL SEMINARY     ,MA,01982-0000,Private      ,5,238,243,5,238,243
00975600,UNIVERSITY OF MASS MEDICAL CENTER       ,MA,01655-0000,Public       ,36,513,549,36,513,549
00987700,HENRI'S SCHOOL OF HAIR DESIGN           ,MA,01420-5675,Proprietary  ,7,13,20,7,13,20
00989900,LOWELL ACADEMY HAIRSTYLING INST         ,MA,01852-1909,Proprietary  ,9,16,25,9,16,25
00993600,MIDDLESEX COMMUNITY COLLEGE             ,MA,01730-1197,Public       ,855,633,1488,855,633,1488
00993602,"MIDDLESEX COMMUNITY COLLEGE, LOWELL     ",MA,01852-0000,Public       ,1321,1048,2369,1321,1048,2369
01121000,BUNKER HILL COMMUNITY COLLEGE           ,MA,02129-2991,Public       ,2933,3990,6923,2933,3990,6923
01151000,EVEREST INSTITUTE                       ,MA,02135-7638,Proprietary  ,24,93,117,24,93,117
01193000,ROXBURY COMMUNITY COLLEGE               ,MA,02120-3400,Public       ,421,1049,1470,421,1049,1470
01204200,MANSFIELD BEAUTY SCHOOLS                ,MA,02169-5061,Proprietary  ,2,24,26,2,24,26
01206800,MANSFIELD BEAUTY SCHOOL                 ,MA,01103-1410,Proprietary  ,0,14,14,0,14,14
01218700,BLACKSTONE VALLEY VOCATIONAL REGIONAL SC,MA,01568-1499,Public       ,6,25,31,6,25,31
01238600,SOUTHEASTERN TECHNICAL INSTITUTE        ,MA,02375-1780,Public       ,18,68,86,18,68,86
01288100,MONTACHUSETT REG VOC TECH SCH           ,MA,01420-4649,Public       ,13,49,62,13,49,62
01292100,EMPIRE BEAUTY SCHOOL                    ,MA,02215-0000,Proprietary  ,57,103,160,57,103,160
01294800,ROB ROY ACADEMY                         ,MA,02721-5330,Proprietary  ,10,14,24,10,14,24
02063000,MONTSERRAT COLLEGE OF ART               ,MA,01915-0000,Private      ,506,47,553,506,47,553
02076700,EMPIRE BEAUTY SCHOOL                    ,MA,02148-0000,Proprietary  ,26,43,69,26,43,69
02079400,EMPIRE BEAUTY SCHOOL                    ,MA,01702-5232,Proprietary  ,57,134,191,57,134,191
02092100,MASSACHUSETTS SCHOOL OF BARBERING       ,MA,02169-5058,Proprietary  ,7,32,39,7,32,39
02092200,EMPIRE BEAUTY SCHOOL                    ,MA,01852-0000,Proprietary  ,36,67,103,36,67,103
02122000,NEW ENGLAND HAIR ACADEMY                ,MA,02148-0000,Proprietary  ,13,21,34,13,21,34
02137000,ROB ROY ACADEMY                         ,MA,02780-0000,Proprietary  ,3,7,10,3,7,10
02137200,MASS GEN HOSP DIETETIC INTERNSHIP       ,MA,02114-0000,Private      ,4,29,33,4,29,33
02163500,NEW ENGLAND SCHOOL OF PHOTOGRAPHY       ,MA,02215-0000,Proprietary  ,57,36,93,57,36,93
02163600,MASS SCH OF PROFESSIONAL PSYCHOLOGY     ,MA,02132-0000,Private      ,23,522,545,23,522,545
02169900,ASSABET VALLEY REGIONAL VOC SCHOOL      ,MA,01752-0000,Public       ,5,40,45,5,40,45
02181600,ROB ROY ACADEMY                         ,MA,01609-0000,Proprietary  ,13,24,37,13,24,37
02182900,CAMBRIDGE COLLEGE                       ,MA,02138-5304,Private      ,127,804,931,127,804,931
02197900,NORTH BENNET STREET SCHOOL              ,MA,02113-0000,Private      ,36,88,124,36,88,124
02215100,HALLMARK INSTITUTE OF PHOTOGRAPHY       ,MA,01376-0000,Proprietary  ,73,48,121,73,48,121
02219501,MILDRED ELLEY - PITTSFIELD              ,MA,01201-5300,Proprietary  ,6,25,31,6,25,31
02220400,CATHERINE HINDS INST OF ESTHETICS       ,MA,01801-0000,Proprietary  ,10,27,37,10,27,37
02231600,MGH INSTITUTE OF HEALTH PROFESSION      ,MA,02129-0000,Private      ,52,962,1014,52,962,1014
02274300,CONWAY SCHOOL OF LANDSCAPE DESIGN       ,MA,01341-0179,Private      ,0,6,6,0,6,6
02325700,LABARON HAIRDRESSING ACADEMY            ,MA,02740-0000,Proprietary  ,2,7,9,2,7,9
02325800,LABARON HAIRDRESSING ACAD-BROCKTON      ,MA,02301-0000,Proprietary  ,5,12,17,5,12,17
02337400,BANCROFT SCHOOL OF MASSAGE THERAPY      ,MA,01604-4614,Proprietary  ,11,25,36,11,25,36
02338200,BAY STATE SCHOOL OF TECHNOLOGY          ,MA,02021-0000,Proprietary  ,27,43,70,27,43,70
02339400,ROB ROY ACADEMY                         ,MA,02746-0000,Proprietary  ,2,7,9,2,7,9
02491700,CORTIVA INSTITUTE -  BOSTON             ,MA,02472-2577,Proprietary  ,1,27,28,1,27,28
02523900,ELIZABETH GRADY SCHOOL OF ESTHETICS     ,MA,02155-0000,Proprietary  ,19,33,52,19,33,52
02579800,NEW ENGLAND SCHOOL OF ACUPUNCTURE       ,MA,02458-0000,Private      ,1,42,43,1,42,43
02616704,LE CORDON BLEU COLLEGE OF CULINARY ARTS ,MA,02142-1221,Proprietary  ,79,85,164,79,85,164
03066700,AILANO SCHOOL OF COSMETOLOGY            ,MA,02303-4740,Proprietary  ,9,14,23,9,14,23
03104000,SHAWSHEEN ADULT TECHNICAL INSTITUTE     ,MA,01821-5499,Public       ,6,23,29,6,23,29
03115200,MOTORING TECHNICAL TRAINING INST        ,MA,02771-5933,Proprietary  ,50,101,151,50,101,151
03120800,KAY HARVEY HAIRDRESSING ACADEMY         ,MA,01089-2701,Proprietary  ,8,8,16,8,8,16
03130500,URBAN COLLEGE OF BOSTON                 ,MA,02111-1093,Private      ,21,194,215,21,194,215
03194300,BOSTON GRAD SCH OF PSYCHOANALYSIS       ,MA,02446-4602,Private      ,1,25,26,1,25,26
03205400,JOLIE HAIR & BEAUTY ACADEMY             ,MA,01056-2769,Proprietary  ,3,18,21,3,18,21
03232302,LINCOLN TECHNICAL INSTITUTE - BROCKTON C,MA,02401-1818,Proprietary  ,48,100,148,48,100,148
03232310,LINCOLN TECHNICAL INSTITUTE - LOWELL    ,MA,01852-5119,Proprietary  ,45,98,143,45,98,143
03232311,LINCOLN TECHNICAL INSTITUTE - SOMERVILLE,MA,02145-1102,Proprietary  ,25,67,92,25,67,92
03235300,MASSACHUSETTS SCHOOL OF LAW             ,MA,01810-1094,Private      ,10,201,211,10,201,211
03240300,TONI & GUY HAIRDRESSING ACADEMY         ,MA,01605-2213,Proprietary  ,33,28,61,33,28,61
03248300,BOSTON BAPTIST COLLEGE                  ,MA,02136-4000,Private      ,45,22,67,45,22,67
03316400,FUNERAL INSTITUTE OF THE NORTHEAST      ,MA,02062-4766,Proprietary  ,20,39,59,20,39,59
03504300,NATL GRAD SCH OF QUALITY SYSTM MGMT     ,MA,02540-0000,Private      ,0,16,16,0,16,16
03570500,ZION BIBLE COLLEGE                      ,MA,01835-0000,Private      ,73,54,127,73,54,127
03763300,MEDICAL PROFESSIONAL INSTITUTE          ,MA,02148-8143,Proprietary  ,17,113,130,17,113,130
03859300,E.I.N.E.                                ,MA,01876-4709,Proprietary  ,5,9,14,5,9,14
03927303,BRIO ACADEMY OF COSMETOLOGY - NORTHHAMPT,MA,01060-3947,Proprietary  ,9,14,23,9,14,23
03946300,FRANKLIN W. OLIN COLLEGE OF ENGINEERING ,MA,02492-1200,Private      ,529,9,538,529,9,538
03965300,NEW ENGLAND COLLEGE OF FINANCE          ,MA,02110-1605,Proprietary  ,44,315,359,44,315,359
04039300,SULLIVAN AND COGLIANO TRAINING CENTER   ,MA,02301-4921,Proprietary  ,10,130,140,10,130,140
04116900,DIGRIGOLI SCHOOL OF COSMETOLOGY         ,MA,01089-4623,Proprietary  ,18,21,39,18,21,39
04122000,TRI COUNTY REGIONAL VOCATIONAL TECHNICAL,MA,02038-0000,Public       ,5,33,38,5,33,38
04128000,MILLENNIUM TRAINING INSTITUTE           ,MA,01801-6386,Proprietary  ,0,9,9,0,9,9
04128900,CENTRAL MASS SCHOOL OF MASSAGE AND THERA,MA,01562-1712,Proprietary  ,1,3,4,1,3,4
04143200,HULT INTERNATIONAL BUSINESS SCHOOL      ,MA,02141-1805,Private      ,31,119,150,31,119,150
04153200,SOUTHERN WORCESTER COUNTY REGIONAL VOC S,MA,01507-1331,Public       ,4,12,16,4,12,16
04193100,ALEXANDER ACADEMY                       ,MA,01420-0000,Proprietary  ,3,15,18,3,15,18
00401200,HEBREW UNIVERSITY OF JERUSALEM (THE)    ,FC,00000-0000,Public       ,18,36,54,18,36,54
00403000,UNIVERSITY OF CAMBRIDGE                 ,FC,00000-0000,Public       ,3,57,60,3,57,60
00503400,AMERICAN UNIVERSITY OF CAIRO            ,FC,00000-0000,Private      ,29,57,86,29,57,86
00667100,KATHOLIEKE UNIVERSITEIT LEUVEN          ,FC,00000-0000,Private      ,0,15,15,0,15,15
00669100,UNIVERSITY OF CAMBRIDGE - PEMBROKE      ,FC,00000-0000,Public       ,1,9,10,1,9,10
00669200,UNIVERSITY OF LEEDS                     ,FC,00000-0000,Public       ,14,44,58,14,44,58
00669300,UNIV OF LONDON-LONDON SCHOOL ECON       ,FC,00000-0000,Public       ,15,219,234,15,219,234
00669400,SCH OF ORIENTAL & AFRICAN STUDIES       ,FC,00000-0000,Public       ,7,79,86,7,79,86
00669500,UNIV OF LONDON-UNIVERSITY COLLEGE       ,FC,00000-0000,Public       ,62,228,290,62,228,290
00669600,UNIV OF LONDON-SCH ADVANCED STUDY       ,FC,00000-0000,Public       ,0,4,4,0,4,4
00669700,"QUEEN MARY, UNIVERSITY OF LONDON        ",FC,00000-0000,Public       ,32,87,119,32,87,119
00669900,UNIVERSITY OF SUSSEX                    ,FC,00000-0000,Public       ,22,44,66,22,44,66
00670000,"UNIVERSITY OF YORK, THE                 ",FC,00000-0000,Public       ,13,76,89,13,76,89
00670400,UNIVERSITY COLLEGE CORK                 ,FC,00000-0000,Public       ,9,36,45,9,36,45
00671300,UPPSALA UNIVERSITY                      ,FC,00000-0000,Public       ,3,27,30,3,27,30
00671500,UNIVERSITY OF GENEVA                    ,FC,00000-0000,Public       ,6,48,54,6,48,54
00683900,UNIVERSITY OF EDINBURGH                 ,FC,00000-0000,Public       ,151,378,529,151,378,529
00684200,UNIVERSITY OF DUBLIN TRINITY COLLEG     ,FC,00000-0000,Public       ,47,105,152,47,105,152
00685000,UNIVERSITY OF CAMBRIDGE - DOWNING C     ,FC,00000-0000,Public       ,0,2,2,0,2,2
00763200,UNIVERSITY OF BRISTOL                   ,FC,00000-0000,Public       ,13,46,59,13,46,59
00768100,COLLEGE OF EUROPE                       ,FC,00000-0000,Private      ,0,8,8,0,8,8
00770500,ROYAL COLLEGE OF SURGEONS IN IRELAN     ,FC,00000-0000,Private      ,2,25,27,2,25,27
00788100,AMERICAN UNIVERSITY OF PARIS            ,FC,00000-0000,Private      ,339,154,493,339,154,493
00837100,AMERICAN UNIVERSITY OF BEIRUT           ,FC,00000-0000,Private      ,49,37,86,49,37,86
00837300,TEL-AVIV UNIVERSITY                     ,FC,00000-0000,Public       ,13,29,42,13,29,42
00837600,VRIJE UNIVERSITEIT AMSTERDAM            ,FC,00000-0000,Public       ,1,17,18,1,17,18
00837700,UNIVERSITEIT VAN AMSTERDAM(UNIVERSI     ,FC,00000-0000,Public       ,9,53,62,9,53,62
00838000,UNIVERSITY OF WARWICK                   ,FC,00000-0000,Public       ,13,32,45,13,32,45
00838300,UNIVERSITY OF GLASGOW                   ,FC,00000-0000,Public       ,40,210,250,40,210,250
00839300,UNIVERSITY OF OSLO                      ,FC,00000-0000,Public       ,2,14,16,2,14,16
00839400,UNIVERSITY OF OXFORD                    ,FC,00000-0000,Public       ,13,165,178,13,165,178
00839800,UNIVERSITY OF SHEFFIELD (THE)           ,FC,00000-0000,Public       ,6,50,56,6,50,56
00839900,UNIVERSITY OF SOUTHAMPTON               ,FC,00000-0000,Public       ,12,40,52,12,40,52
00845200,ABERYSTWYTH UNIVERSITY                  ,FC,00000-0000,Public       ,13,30,43,13,30,43
00845800,LOUGHBOROUGH UNIVERSITY                 ,FC,00000-0000,Public       ,4,7,11,4,7,11
00846000,UNIVERSITY OF NEWCASTLE UPON TYNE       ,FC,00000-0000,Public       ,9,55,64,9,55,64
00846100,UNIVERSITY OF SAINT ANDREWS             ,FC,00000-0000,Private      ,187,104,291,187,104,291
00850500,UNIVERSITY OF MELBOURNE                 ,FC,00000-0000,Public       ,16,91,107,16,91,107
00858600,SWANSEA UNIVERSITY                      ,FC,00000-0000,Public       ,9,38,47,9,38,47
00858700,UNIVERSITY OF DURHAM                    ,FC,00000-0000,Public       ,19,84,103,19,84,103
00866500,UNIVERSITY OF KENT AT CANTERBURY (THE)  ,FC,00000-0000,Public       ,29,96,125,29,96,125
00867000,UNIVERSITY OF NEW SOUTH WALES           ,FC,00000-0000,Public       ,14,35,49,14,35,49
00868700,UNIVERSITY OF ESSEX                     ,FC,00000-0000,Public       ,29,85,114,29,85,114
00869300,CITY UNIVERSITY                         ,FC,00000-0000,Public       ,17,89,106,17,89,106
00890800,THE UNIVERSITY OF BIRMINGHAM            ,FC,00000-0000,Public       ,9,51,60,9,51,60
00891000,UNIVERSITY OF HULL                      ,FC,00000-0000,Public       ,4,4,8,4,4,8
00892000,UNIVERSITY OF NOTTINGHAM                ,FC,00000-0000,Public       ,13,48,61,13,48,61
00900600,UNIVERSITY OF SALFORD (THE)             ,FC,00000-0000,Public       ,4,9,13,4,9,13
00908400,"UNIV OF LONDON, BIRKBECK                ",FC,00000-0000,Public       ,3,46,49,3,46,49
00908500,UNIV OF LONDON KING'S COLLEGE           ,FC,00000-0000,Public       ,46,217,263,46,217,263
00908600,UNIVERSITY OF LONDON - ROYAL HOLLOWAY   ,FC,00000-0000,Public       ,20,43,63,20,43,63
00914300,BAR-ILAN UNIVERSITY                     ,FC,00000-0000,Private      ,10,7,17,10,7,17
00924900,UNIVERSITY OF LIVERPOOL                 ,FC,00000-0000,Public       ,19,41,60,19,41,60
00936800,UNIVERSITY OF ABERDEEN                  ,FC,00000-0000,Public       ,32,74,106,32,74,106
00942300,ROYAL COLLEGE OF ART                    ,FC,00000-0000,Public       ,2,35,37,2,35,37
00942800,TECHNION-ISRAEL INST OF TECHLGY         ,FC,00000-0000,Public       ,3,13,16,3,13,16
00944200,UNIVERSITY OF EXETER                    ,FC,00000-0000,Public       ,16,54,70,16,54,70
00944400,UNIVERSITY OF LANCASTER                 ,FC,00000-0000,Public       ,11,31,42,11,31,42
00963400,UNIVERSITY OF OXFORD ST CATHERINE'S     ,FC,00000-0000,Public       ,3,1,4,3,1,4
00980800,UNIVERSITY OF STRATHCLYDE               ,FC,00000-0000,Public       ,9,22,31,9,22,31
00986000,UNIVERSITY OF SURREY                    ,FC,00000-0000,Public       ,7,21,28,7,21,28
00990600,PONTIFICAL NORTH AMERICAN COLLEGE       ,FC,00000-0000,Private      ,0,5,5,0,5,5
00992700,UNIVERSITY OF CAMBRIDGE - FITZWILLI     ,FC,00000-0000,Public       ,1,5,6,1,5,6
01006700,LUND UNIVERSITY                         ,FC,00000-0000,Public       ,2,37,39,2,37,39
01008400,UNIVERSITY OF CAPE TOWN                 ,FC,00000-0000,Public       ,3,34,37,3,34,37
01008700,UNIVERSITY OF OXFORD ST PETER'S COL     ,FC,00000-0000,Public       ,1,1,2,1,1,2
01008900,CENTRAL SCHOOL OF SPEECH AND DRAMA      ,FC,00000-0000,Private      ,7,37,44,7,37,44
01009000,UNIVERSITY OF OXFORD - BALLIOL COLL     ,FC,00000-0000,Public       ,2,1,3,2,1,3
01014300,UNIVERSITY OF READING                   ,FC,00000-0000,Public       ,14,37,51,14,37,51
01015700,CARDIFF UNIVERSITY                      ,FC,00000-0000,Public       ,12,25,37,12,25,37
01015900,PONTIFICIA UNIVERSITA GREGORIANA        ,FC,00000-0000,Private      ,1,2,3,1,2,3
01016000,CG JUNG INST                            ,FC,00000-0000,Private      ,0,1,1,0,1,1
01018800,UNIVERSITY COLLEGE DUBLIN               ,FC,00000-0000,Public       ,35,138,173,35,138,173
01019000,UNIVERSITY OF CAMBRIDGE CHURCHILL C     ,FC,00000-0000,Public       ,0,2,2,0,2,2
01022800,UNIVERSITY OF STIRLING                  ,FC,00000-0000,Public       ,21,30,51,21,30,51
01033200,UNIVERSITY OF CAMBRIDGE - CLARE COL     ,FC,00000-0000,Public       ,0,2,2,0,2,2
01045600,UNIVERSITY OF HAIFA                     ,FC,00000-0000,Public       ,3,19,22,3,19,22
01047200,INST EUROPEEN OPEEN D'ADMINISTRATIO     ,FC,00000-0000,Private      ,0,21,21,0,21,21
01049300,CRANFIELD UNIVERSITY                    ,FC,00000-0000,Public       ,0,12,12,0,12,12
01052000,TRINITY LABAN CONSERVATOIRE OF MUSIC AND,FC,00000-0000,Public       ,2,3,5,2,3,5
01052500,UNIVERSITY OF HERTFORDSHIRE             ,FC,00000-0000,Public       ,9,8,17,9,8,17
01057400,LONDON INTRNTL FILM SCHOOL              ,FC,00000-0000,Private      ,3,9,12,3,9,12
01058800,AUSTRALIAN NATIONAL UNIVERSITY          ,FC,00000-0000,Public       ,10,24,34,10,24,34
01058900,BANGOR UNIVERSITY                       ,FC,00000-0000,Public       ,9,11,20,9,11,20
01059400,"RICHMOND, THE AMERICAN INT UNI IN LONDON",FC,00000-0000,Private      ,297,49,346,297,49,346
01059900,INST D'ETUDES POLITIQUES DE PARIS       ,FC,00000-0000,Public       ,13,79,92,13,79,92
01068100,MACQUARIE UNIVERSITY                    ,FC,00000-0000,Public       ,5,24,29,5,24,29
01069200,UNIVERSITY OF QUEENSLAND (THE)          ,FC,00000-0000,Public       ,9,92,101,9,92,101
01079200,CITY AND GUILDS OF LONDON INSTITUTE     ,FC,00000-0000,Private      ,2,2,4,2,2,4
01079700,"NATIONAL UNIVERSITY OF IRELAND, MAY     ",FC,00000-0000,Public       ,11,7,18,11,7,18
01081600,KINGSTON UNIVERSITY                     ,FC,00000-0000,Public       ,37,115,152,37,115,152
01083800,UNIVERSITITY OF BERGEN (UOB)            ,FC,00000-0000,Public       ,0,2,2,0,2,2
01086400,UNIV OF DUNDEE                          ,FC,00000-0000,Public       ,2,24,26,2,24,26
01086600,UNIVERSITY OF OXFORD - MAGDALEN COLLEGE ,FC,00000-0000,Public       ,1,8,9,1,8,9
01086700,UNIVERSITY OF OXFORD ST JOHN'S COLL     ,FC,00000-0000,Public       ,2,5,7,2,5,7
01091400,MONASH UNIVERSITY                       ,FC,00000-0000,Public       ,5,17,22,5,17,22
01091500,UNIV OF EAST ANGLIA                     ,FC,00000-0000,Public       ,19,51,70,19,51,70
01094200,UNIVERSITY OF OXFORD - ST HUGH'S CO     ,FC,00000-0000,Public       ,0,5,5,0,5,5
01097700,UNIVERSIDAD CENTRAL DEL ESTE            ,FC,00000-0000,Private      ,30,370,400,30,370,400
01098000,SOMERVILLE COLLEGE                      ,FC,00000-0000,Public       ,2,2,4,2,2,4
01099900,UNIV OF OXFORD - WADHAM COLLEGE         ,FC,00000-0000,Public       ,0,1,1,0,1,1
01104400,PONTIFICIA UNIVERSITA SAN TOMMASO       ,FC,00000-0000,Private      ,0,5,5,0,5,5
01105300,UNIVERSITY OF OXFORD - ST HILDA'S C     ,FC,00000-0000,Public       ,0,2,2,0,2,2
01105400,UNIVERSITY OF OXFORD - ST ANNE'S CO     ,FC,00000-0000,Public       ,0,2,2,0,2,2
01105600,UNIVERSITY OF OXFORD - UNIVERSITY C     ,FC,00000-0000,Public       ,5,17,22,5,17,22
01105700,UNIVERSITY OF OXFORD - TRINITY COLL     ,FC,00000-0000,Public       ,1,4,5,1,4,5
01105800,UNIVERSITY OF OXFORD-ST EDMUND HALL     ,FC,00000-0000,Public       ,0,2,2,0,2,2
01105900,UNIVERSITY OF OXFORD ST ANTONY'S CO     ,FC,00000-0000,Public       ,0,14,14,0,14,14
01106000,UNIVERSITY OF OXFORD - QUEEN'S COLL     ,FC,00000-0000,Public       ,0,1,1,0,1,1
01106100,UNIVERSITY OF OXFORD - PEMBROKE COL     ,FC,00000-0000,Public       ,3,4,7,3,4,7
01106200,UNIVERSITY OF OXFORD - ORIEL COLLEG     ,FC,00000-0000,Public       ,0,2,2,0,2,2
01106300,UNIVERSITY OF OXFORD - NUFFIELD COL     ,FC,00000-0000,Public       ,0,1,1,0,1,1
01106400,UNIVERSITY OF OXFORD - NEW COLLEGE      ,FC,00000-0000,Public       ,2,4,6,2,4,6
01106500,UNIVERSITY OF OXFORD MERTON COLLEGE     ,FC,00000-0000,Public       ,0,3,3,0,3,3
01106600,UNIVERSITY OF OXFORD - LINCOLN COLL     ,FC,00000-0000,Public       ,0,1,1,0,1,1
01106700,UNIVERSITY OF OXFORD - KEBLE COLLEG     ,FC,00000-0000,Public       ,0,2,2,0,2,2
01106800,UNIVERSITY OF OXFORD - JESUS COLLEG     ,FC,00000-0000,Public       ,0,3,3,0,3,3
01106900,UNIVERSITY OF OXFORD - HERTFORD COL     ,FC,00000-0000,Public       ,0,2,2,0,2,2
01107000,UNIVERSITY OF OXFORD EXETER COLLEGE     ,FC,00000-0000,Public       ,1,2,3,1,2,3
01107100,UNIV OF OXFORD - CHRIST CHURCH          ,FC,00000-0000,Public       ,0,3,3,0,3,3
01107200,UNIVERSITY OF OXFORD - BRASENOSE CO     ,FC,00000-0000,Public       ,0,1,1,0,1,1
01109100,FLINDERS UNIVERSITY OF S AUSTRALIA      ,FC,00000-0000,Public       ,0,16,16,0,16,16
01109400,UNIVERSITY OF WESTERN AUSTRALIA (THE)   ,FC,00000-0000,Public       ,4,11,15,4,11,15
01121400,UNIVERSITY OF THE WITWATERSRAND         ,FC,00000-0000,Public       ,0,12,12,0,12,12
01122600,AARHUS UNIVERSITY                       ,FC,00000-0000,Public       ,1,8,9,1,8,9
01156700,"IMPERIAL COLLEGE OF SCIENCE, TECHNOLOGY ",FC,00000-0000,Public       ,12,52,64,12,52,64
01167900,UNIVERSITY OF BATH                      ,FC,00000-0000,Public       ,17,31,48,17,31,48
01168300,FRANKLIN COLLEGE  SWITZERLAND           ,FC,00000-0000,Private      ,268,10,278,268,10,278
01175800,UNIV OF CAMBRIDGE - PETERHOUSE          ,FC,00000-0000,Public       ,0,1,1,0,1,1
01176400,ROYAL ACADEMY OF MUSIC                  ,FC,00000-0000,Public       ,5,11,16,5,11,16
01176500,GOLDSMITHS' COLLEGE-UNIV OF LONDON      ,FC,00000-0000,Public       ,26,68,94,26,68,94
01176600,UNIV OF LONDON - INST OF EDUC           ,FC,00000-0000,Public       ,3,20,23,3,20,23
01178000,BRUNEL UNIVERSITY                       ,FC,00000-0000,Public       ,7,31,38,7,31,38
01207500,UNIVERSITY CAMBRIDGE - TRINITY COLL     ,FC,00000-0000,Public       ,1,8,9,1,8,9
01207800,VICTORIA UNIV OF WELLINGTON             ,FC,00000-0000,Public       ,12,21,33,12,21,33
01209600,ECOLE HÔTELIERE DE LAUSANNE             ,FC,00000-0000,Private      ,3,5,8,3,5,8
01210100,UNIVERSITY OF CAMBRIDGE - GIRTON CO     ,FC,00000-0000,Public       ,0,3,3,0,3,3
01213600,VICTORIA UNIV OF MANCHESTER (THE)       ,FC,00000-0000,Public       ,24,71,95,24,71,95
01219800,UNIVERSITY OF BRADFORD                  ,FC,00000-0000,Public       ,1,12,13,1,12,13
01220100,UNIVERSITY OF OXFORD - REGENT'S PAR     ,FC,00000-0000,Public       ,1,2,3,1,2,3
01220600,JAMES COOK UNIVERSITY                   ,FC,00000-0000,Public       ,12,31,43,12,31,43
01221500,BIRMINGHAM CITY UNIVERSITY              ,FC,00000-0000,Public       ,7,12,19,7,12,19
01222300,JAGIELLONIAN UNIVERSITY COLLEGIUM M     ,FC,00000-0000,Public       ,3,7,10,3,7,10
01222500,UNIVERSITY OF SZEGED FACULTY OF MEDICINE,FC,00000-0000,Public       ,0,3,3,0,3,3
01225800,ASTON UNIVERSITY                        ,FC,00000-0000,Public       ,3,11,14,3,11,14
01227500,UNIVERSITY OF OXFORD - WOLFSON COLL     ,FC,00000-0000,Public       ,0,7,7,0,7,7
01230200,GONVILLE & CAIUS COLLEGE                ,FC,00000-0000,Public       ,2,1,3,2,1,3
01233500,ROYAL COLLEGE OF MUSIC                  ,FC,00000-0000,Public       ,8,9,17,8,9,17
01234100,UNIVERSITY OF WALES - ST DAVID'S UN     ,FC,00000-0000,Public       ,2,9,11,2,9,11
01242100,UNIV OF AUCKLAND                        ,FC,00000-0000,Public       ,16,46,62,16,46,62
01254000,UNIVERSIDAD DE NAVARRA                  ,FC,00000-0000,Private      ,11,11,22,11,11,22
01276500,UNIVERSITY OF OXFORD - LINACRE COLL     ,FC,00000-0000,Public       ,0,2,2,0,2,2
01276600,"NATIONAL UNIVERSITY IRELAND, GALWAY     ",FC,00000-0000,Public       ,22,50,72,22,50,72
01280200,PONTIFICIA UNIV CATOLICA MAD Y MAES     ,FC,00000-0000,Private      ,23,21,44,23,21,44
01281100,INST TECNOLOGICO DE SANTO DOMINGO       ,FC,00000-0000,Private      ,16,16,32,16,16,32
01283900,UNIVERSITY OF CAMBRIDGE - SAINT JOH     ,FC,00000-0000,Public       ,0,8,8,0,8,8
01297800,UNIVERSITY OF HUDDERSFIELD (THE)        ,FC,00000-0000,Public       ,7,4,11,7,4,11
01315300,MASSEY UNIVERSITY                       ,FC,00000-0000,Public       ,2,25,27,2,25,27
01322500,COLLEGE OF LAW                          ,FC,00000-0000,Private      ,0,2,2,0,2,2
02052400,DARWIN COLLEGE                          ,FC,00000-0000,Public       ,0,5,5,0,5,5
02082400,UNIVERSITY OF CAMBRIDGE - QUEEN'S C     ,FC,00000-0000,Public       ,0,15,15,0,15,15
02083400,UNIVERSITY OF CAMBRIDGE - WOLFSON C     ,FC,00000-0000,Public       ,0,9,9,0,9,9
02087400,UNIVERSITY OF CAMBRIDGE - NEWNHAM C     ,FC,00000-0000,Public       ,1,2,3,1,2,3
02087900,OXFORD BROOKES UNIVERSITY               ,FC,00000-0000,Public       ,19,49,68,19,49,68
02094100,BEN-GURION UNIV                         ,FC,00000-0000,Public       ,0,61,61,0,61,61
02094400,UNIV OF CAMBRIDGE - ST EDMUND'S HOU     ,FC,00000-0000,Public       ,0,7,7,0,7,7
02095500,LONDON BUS SCHOOL                       ,FC,00000-0000,Private      ,4,37,41,4,37,41
02101900,ROEHAMPTON UNIVERSITY                   ,FC,00000-0000,Public       ,14,50,64,14,50,64
02108600,LONDON ACADEMY OF MUSIC & DRAMATIC      ,FC,00000-0000,Private      ,8,19,27,8,19,27
02115900,UNIVERSITY OF PORTSMOUTH                ,FC,00000-0000,Public       ,8,13,21,8,13,21
02116700,UNIVERSITY OF CAMBRIDGE - LUCY CAVE     ,FC,00000-0000,Public       ,1,1,2,1,1,2
02120000,UNIV OF LONDON - COURTALD INST OF A     ,FC,00000-0000,Public       ,3,21,24,3,21,24
02133400,UNIVERSITY OF CAMBRIDGE - SIDNEY SU     ,FC,00000-0000,Public       ,0,4,4,0,4,4
02142000,UNIVERSITY OF CAMBRIDGE - HOMERTON      ,FC,00000-0000,Public       ,0,1,1,0,1,1
02149700,UNIVERSITY OF WINCHESTER (THE)          ,FC,00000-0000,Public       ,13,4,17,13,4,17
02156800,UNIV OF OTAGO                           ,FC,00000-0000,Public       ,9,17,26,9,17,26
02162300,"IESE BUSINESS SCH, UNIV OF NAVARRA      ",FC,00000-0000,Private      ,5,23,28,5,23,28
02167400,UNIVERSITY OF CAMBRIDGE - CORPUS CH     ,FC,00000-0000,Public       ,0,2,2,0,2,2
02177700,KING'S COLLEGE- UNIV OF CAMBRIDGE       ,FC,00000-0000,Public       ,2,20,22,2,20,22
02180500,MIDDLESEX UNIVERSITY                    ,FC,00000-0000,Public       ,27,41,68,27,41,68
02181000,UNIVERSITY OF SOUTH AUSTRALIA           ,FC,00000-0000,Public       ,3,3,6,3,3,6
02183500,UNIV OF OXFORD - WYCLIFFE HALL          ,FC,00000-0000,Public       ,1,2,3,1,2,3
02186000,UNIVERSITY OF CAMBRIDGE - MAGDALENE     ,FC,00000-0000,Public       ,1,1,2,1,1,2
02186100,UNIVERSITY OF CAMBRIDGE - EMMANUEL      ,FC,00000-0000,Public       ,0,3,3,0,3,3
02189600,UNIVERSITY OF GRONINGEN                 ,FC,00000-0000,Public       ,1,16,17,1,16,17
02194800,UNIVERSITY OF THE WEST OF ENGLAND -     ,FC,00000-0000,Public       ,5,3,8,5,3,8
02195100,UNIV OF WESTMINSTER                     ,FC,00000-0000,Public       ,34,53,87,34,53,87
02196700,GUILDHALL SCHOOL OF MUSIC & DRAMA       ,FC,00000-0000,Public       ,10,10,20,10,10,20
02207300,UNIVERSITY OF CAMBRIDGE - CHRIST'S      ,FC,00000-0000,Public       ,1,3,4,1,3,4
02207400,CHINESE UNIVERSITY OF HONG KONG (THE)   ,FC,00000-0000,Public       ,13,29,42,13,29,42
02209500,UNIVERSITEIT UTRECHT                    ,FC,00000-0000,Public       ,9,29,38,9,29,38
02210000,UNIV OF LONDON - LONDON SCHOOL OF H     ,FC,00000-0000,Public       ,3,38,41,3,38,41
02225300,UNIV OF CANTERBURY                      ,FC,00000-0000,Public       ,4,26,30,4,26,30
02229100,UNIVERSITY OF LEICESTER                 ,FC,00000-0000,Public       ,7,52,59,7,52,59
02229600,SACKLER SCHOOL OF MEDICINE              ,FC,00000-0000,Public       ,1,38,39,1,38,39
02232100,UNIVERSITY OF CAMBRIDGE                 ,FC,00000-0000,Public       ,1,11,12,1,11,12
02233300,"ST GEORGE'S UNIVERSITY, SCHOOL OF MEDICI",FC,00000-0000,Proprietary  ,13,1235,1248,13,1235,1248
02235300,LONDON METROPOLITAN UNIVERSITY          ,FC,00000-0000,Public       ,15,23,38,15,23,38
02244400,AMERICAN UNIV OF THE CARIBBEAN          ,FC,00000-0000,Proprietary  ,7,898,905,7,898,905
02266600,UNIVERSITY OF LONDON - SAINT GEORGE     ,FC,00000-0000,Public       ,1,11,12,1,11,12
02271700,UNIVERSITY OF CAMBRIDGE - CLARE HAL     ,FC,00000-0000,Public       ,0,2,2,0,2,2
02271900,UNIVERSITY OF OXFORD - BLACKFRIARS      ,FC,00000-0000,Public       ,0,2,2,0,2,2
02272200,UNIV OF CAMBRIDGE - NEW HALL            ,FC,00000-0000,Public       ,0,2,2,0,2,2
02273600,QUEEN'S UNIV OF BELFAST (THE)           ,FC,00000-0000,Public       ,7,35,42,7,35,42
02273900,HERIOT WATT UNIVERSITY                  ,FC,00000-0000,Public       ,6,18,24,6,18,24
02276700,NYENRODE BUSINESS UNIVERSITEIT          ,FC,00000-0000,Private      ,0,1,1,0,1,1
02293400,ECOLE DES HAUTES ETUDES COMERCIALS      ,FC,00000-0000,Public       ,0,13,13,0,13,13
02296300,UNIVERSITY OF CAMBRIDGE - JESUS COL     ,FC,00000-0000,Public       ,0,2,2,0,2,2
02310500,DE MONTFORT UNIVERSITY                  ,FC,00000-0000,Public       ,3,3,6,3,3,6
02320500,ROYAL NORTHERN COLLEGE OF MUSIC         ,FC,00000-0000,Public       ,0,5,5,0,5,5
02335100,UNIV OF CAMBRIDGE - TRINITY HALL        ,FC,00000-0000,Public       ,0,7,7,0,7,7
02338900,UNIVERSITY  FOR THE CREATIVE ARTS       ,FC,00000-0000,Public       ,3,8,11,3,8,11
02351800,UNIVERSIDAD IBEROAMERICANA (UNIBE       ,FC,00000-0000,Private      ,33,135,168,33,135,168
02352100,UNIVERSITY OF PLYMOUTH                  ,FC,00000-0000,Public       ,4,11,15,4,11,15
02355200,ECOLE SUPERIEURE DE CUISINE FRANCAISE-FE,FC,00000-0000,Public       ,1,6,7,1,6,7
02493000,ESCUELA SUPERIOR ADMINISTRACION Y D     ,FC,00000-0000,Private      ,2,13,15,2,13,15
02496700,NATIONAL FILM & TV SCHOOL               ,FC,00000-0000,Public       ,0,6,6,0,6,6
02502600,PECSI ORVOSTUDOMANYI EGYETEM (PECS      ,FC,00000-0000,Public       ,0,2,2,0,2,2
02545700,GLASGOW SCHOOL OF ART                   ,FC,00000-0000,Public       ,4,14,18,4,14,18
02561600,SOUTHAMPTON SOLENT UNIVERSITY           ,FC,00000-0000,Public       ,6,1,7,6,1,7
02579600,MURDOCH UNIVERSITY                      ,FC,00000-0000,Public       ,1,38,39,1,38,39
02588000,UNIVERSITY OF ULSTER                    ,FC,00000-0000,Public       ,4,9,13,4,9,13
02591800,CURTIN UNIVERSITY OF TECHNOLOGY         ,FC,00000-0000,Public       ,1,5,6,1,5,6
02611700,DUBLIN CITY UNIVERSITY                  ,FC,00000-0000,Public       ,6,18,24,6,18,24
02623200,UNIVERSITY OF NEWCASTLE (THE)           ,FC,00000-0000,Public       ,8,5,13,8,5,13
03012700,UNIVERSITY OF BUCKINGHAM                ,FC,00000-0000,Private      ,5,4,9,5,4,9
03029400,KEELE UNIVERSITY                        ,FC,00000-0000,Public       ,15,13,28,15,13,28
03029500,NORTHUMBRIA UNIVERSITY                  ,FC,00000-0000,Public       ,4,7,11,4,7,11
03029800,NORGES HANDELSHOYSKOLE                  ,FC,00000-0000,Public       ,0,2,2,0,2,2
03033300,MANCHESTER METROPOLITAN UNIV            ,FC,00000-0000,Public       ,15,27,42,15,27,42
03045000,UNIVERSITY OF EAST LONDON               ,FC,00000-0000,Public       ,23,30,53,23,30,53
03050100,STUDIO ART CENTERS INTERNATIONAL        ,FC,00000-0000,Private      ,16,35,51,16,35,51
03066800,PONTIFICIO ATENEO DELLA SANTA CROCE     ,FC,00000-0000,Private      ,0,2,2,0,2,2
03067200,UNIVERSITY OF SYDNEY                    ,FC,00000-0000,Public       ,12,102,114,12,102,114
03073800,UNIV OF DEBRECEN MED & HEALTH SCI       ,FC,00000-0000,Public       ,0,3,3,0,3,3
03080300,SHEFFIELD HALLAM UNIVERSITY             ,FC,00000-0000,Public       ,1,4,5,1,4,5
03084300,UNIVERSITY OF LIMERICK                  ,FC,00000-0000,Public       ,18,30,48,18,30,48
03088700,ROYAL SCOTTISH ACAD MUSIC & DRAMA       ,FC,00000-0000,Public       ,16,11,27,16,11,27
03091400,UNIVERSITY OF WOLLONGONG                ,FC,00000-0000,Public       ,3,11,14,3,11,14
03091500,UNIVERSITY OF CANBERRA                  ,FC,00000-0000,Public       ,1,9,10,1,9,10
03091700,POZNAN UNIVERSITY OF MEDICAL SCIENCES   ,FC,00000-0000,Public       ,4,22,26,4,22,26
03092500,NOTTINGHAM TRENT UNIVERSITY             ,FC,00000-0000,Public       ,8,15,23,8,15,23
03095000,RMIT UNIVERSITY                         ,FC,00000-0000,Public       ,4,24,28,4,24,28
03095400,BOND UNIVERSITY                         ,FC,00000-0000,Private      ,6,16,22,6,16,22
03095900,ESSEC BUSINESS SCHOOL                   ,FC,00000-0000,Private      ,0,5,5,0,5,5
03096100,LA TROBE UNIVERSITY                     ,FC,00000-0000,Public       ,4,11,15,4,11,15
03096900,DEAKIN UNIVERSITY                       ,FC,00000-0000,Public       ,0,3,3,0,3,3
03097300,VICTORIA UNIVERSITY OF TECHNOLOGY       ,FC,00000-0000,Public       ,2,6,8,2,6,8
03097500,CENTRAL QUEENSLAND UNIVERSITY           ,FC,00000-0000,Public       ,0,1,1,0,1,1
03100000,UNIVERSITY OF ADELAIDE (THE)            ,FC,00000-0000,Public       ,3,6,9,3,6,9
03101600,ASIAN INSTITUTE OF MANAGEMENT           ,FC,00000-0000,Private      ,1,6,7,1,6,7
03102500,AMERICAN UNIVERSITY OF ROME             ,FC,00000-0000,Private      ,103,31,134,103,31,134
03102800,ROBERT GORDON UNIVERSITY (THE)          ,FC,00000-0000,Public       ,0,17,17,0,17,17
03104800,GRIFFITH UNIVERSITY                     ,FC,00000-0000,Public       ,6,16,22,6,16,22
03136300,AUSTRALIAN CATHOLIC UNIVERSITY          ,FC,00000-0000,Public       ,0,2,2,0,2,2
03140300,EDITH COWAN UNIVERSITY                  ,FC,00000-0000,Public       ,3,1,4,3,1,4
03140400,NORTHERN TERRITORY UNIVERSITY           ,FC,00000-0000,Public       ,0,1,1,0,1,1
03140500,QUEENSLAND UNIVERSITY OF TECHNOLOGY     ,FC,00000-0000,Public       ,2,12,14,2,12,14
03140600,SOUTHERN CROSS UNIVERSITY               ,FC,00000-0000,Public       ,1,9,10,1,9,10
03140700,SWINBURNE UNIVERSITY OF TECHNOLOGY      ,FC,00000-0000,Public       ,0,4,4,0,4,4
03150400,"UNIVERSITY OF TECHNOLOGY, SYDNEY        ",FC,00000-0000,Public       ,3,17,20,3,17,20
03287300,LIVERPOOL INSTITUTE FOR PERFORMING ARTS ,FC,00000-0000,Public       ,6,0,6,6,0,6
03300300,"2ND SCHOOL OF MEDICINE, CHARLES UNI     ",FC,00000-0000,Public       ,1,7,8,1,7,8
03300400,"FIRST FACULTY OF MEDICINE, CHARLES UNIV.",FC,00000-0000,Public       ,3,12,15,3,12,15
03329300,JOHN CABOT UNIVERSITY                   ,FC,00000-0000,Private      ,107,12,119,107,12,119
03333300,MEDICAL UNIVERSITY SCHOOL OF LUBLIN     ,FC,00000-0000,Public       ,0,56,56,0,56,56
03334300,UNIVERSIDAD NORDESTANA                  ,FC,00000-0000,Private      ,7,40,47,7,40,47
03335300,MEDICAL UNIVERSITY OF SILESIA           ,FC,00000-0000,Public       ,0,11,11,0,11,11
03342300,GLASGOW CALEDONIAN UNIVERSITY           ,FC,00000-0000,Public       ,5,8,13,5,8,13
03349400,"QUEEN MARGARET UNIVERSITY, EDINBURGH    ",FC,00000-0000,Public       ,1,22,23,1,22,23
03350300,BOURNEMOUTH UNIVERSITY                  ,FC,00000-0000,Public       ,7,10,17,7,10,17
03352300,LONDON SOUTH BANK UNIVERSITY            ,FC,00000-0000,Private      ,8,14,22,8,14,22
03363300,THE ARTS EDUCATIONAL SCHOOLS LONDON     ,FC,00000-0000,Private      ,0,1,1,0,1,1
03365400,AUCKLAND INSTITUTE OF TECHNOLOGY        ,FC,00000-0000,Public       ,5,8,13,5,8,13
03378300,"THE 3RD FACULTY OF MEDICINE, CHARLE     ",FC,00000-0000,Public       ,1,6,7,1,6,7
03406300,"THE SCHOOL OF PHARMACY, UNIVERSITY      ",FC,00000-0000,Public       ,0,2,2,0,2,2
03418400,NAPIER UNIVERSITY                       ,FC,00000-0000,Public       ,7,20,27,7,20,27
03435300,ANGLIA  RUSKIN UNIVERSITY               ,FC,00000-0000,Private      ,7,13,20,7,13,20
03460300,INTERNATIONALES THEOLOGISCHES INSTI     ,FC,00000-0000,Private      ,0,2,2,0,2,2
03466300,INSTITUTO CENTROAMERICANO DE ADMINI     ,FC,00000-0000,Private      ,1,0,1,1,0,1
03473300,UNIV OF ARTS LONDON - LON COLL FASHION  ,FC,00000-0000,Public       ,44,32,76,44,32,76
03473304,UNIVERSITY OF THE ARTS LONDON - LCC     ,FC,00000-0000,Public       ,14,10,24,14,10,24
03473305,UNIVERSITY OF THE ARTS LONDON - CHELSEA ,FC,00000-0000,Public       ,10,5,15,10,5,15
03473306,UNIVERSITY OF THE ARTS LONDON - CAMBERWE,FC,00000-0000,Public       ,13,11,24,13,11,24
03473311,UNIVERSITY OF THE ARTS LONDON - WIMBLEDO,FC,00000-0000,Public       ,2,3,5,2,3,5
03473315,UNIVERSITY OF THE ARTS LONDON - CSM     ,FC,00000-0000,Public       ,22,24,46,22,24,46
03478300,ROYAL WELSH COLLEGE OF MUSIC AND DRAMA  ,FC,00000-0000,Public       ,10,9,19,10,9,19
03492300,UNIVERSITY OF OXFORD - GREEN TEMPLETON C,FC,00000-0000,Public       ,0,5,5,0,5,5
03492400,UNIV OF CAMBRIDGE-ST CATHERINE'S CG     ,FC,00000-0000,Public       ,0,2,2,0,2,2
03494400,UNIV OF CAMBRIDGE-SELWYN COLLEGE        ,FC,00000-0000,Public       ,0,1,1,0,1,1
03494600,UNIV OF OXFORD-HARRIS MANCHESTER        ,FC,00000-0000,Public       ,1,2,3,1,2,3
03501400,LEEDS METROPOLITAN UNIVERSITY           ,FC,00000-0000,Public       ,11,15,26,11,15,26
03507300,UNIVERSITY OF SUNDERLAND                ,FC,00000-0000,Public       ,4,5,9,4,5,9
03515300,UNIVERSITY OF CENTRAL LANCASHIRE        ,FC,00000-0000,Public       ,3,7,10,3,7,10
03517300,UNIVERSITY OF BRIGHTON                  ,FC,00000-0000,Public       ,7,13,20,7,13,20
03518300,EUROPEAN GRADUATE SCHOOL                ,FC,00000-0000,Private      ,0,55,55,0,55,55
03527300,SOFIA UNIVERSITY ST. KLIMENT OHRIDSKI   ,FC,00000-0000,Public       ,1,2,3,1,2,3
03533300,BATH SPA UNIVERSITY                     ,FC,00000-0000,Public       ,6,12,18,6,12,18
03547300,UNIVERSITY OF GLAMORGAN                 ,FC,00000-0000,Public       ,4,8,12,4,8,12
03580300,LIVERPOOL JOHN MOORES UNIVERSITY        ,FC,00000-0000,Public       ,5,2,7,5,2,7
03589400,ARTS INSTITUTE AT BOURNEMOUTH (THE)     ,FC,00000-0000,Public       ,5,3,8,5,3,8
03590300,AVONDALE COLLEGE LIMITED                ,FC,00000-0000,Private      ,3,1,4,3,1,4
03594300,GROUP ESC GRENOBLE GRAD SCH OF BUS.     ,FC,00000-0000,Private      ,0,7,7,0,7,7
03597300,JAGIELLONIAN UNIVERSITY                 ,FC,00000-0000,Public       ,1,9,10,1,9,10
03601300,UNIVERSITAT JAUME I DE CASTELLO/UJI     ,FC,00000-0000,Public       ,1,10,11,1,10,11
03619300,UNIVERSITY OF GREENWICH                 ,FC,00000-0000,Public       ,28,24,52,28,24,52
03653400,UNIVERSIDAD DE IBEROAMERICA - UNIBE     ,FC,00000-0000,Private      ,2,17,19,2,17,19
03674300,UNIVERSITY OF ABERTAY DUNDEE            ,FC,00000-0000,Public       ,1,4,5,1,4,5
03684400,UNIVERSITY OF LINCOLN                   ,FC,00000-0000,Public       ,13,18,31,13,18,31
03684500,MEDICAL UNIVERSITY OF GDANSK            ,FC,00000-0000,Public       ,0,5,5,0,5,5
03694300,UNIVERSITY OF CHICHESTER                ,FC,00000-0000,Public       ,2,0,2,2,0,2
03716300,"UNIVERSITY OF WALES, NEWPORT            ",FC,00000-0000,Public       ,3,6,9,3,6,9
03727400,UNIVERSITY OF WAIKATO (THE)             ,FC,00000-0000,Public       ,3,7,10,3,7,10
03738300,LONDON SCHOOL OF THEOLOGY               ,FC,00000-0000,Private      ,0,1,1,0,1,1
03741300,ALRA (ACADEMY OF LIVE AND RECORDED ARTS),FC,00000-0000,Private      ,6,5,11,6,5,11
03770300,NAZARENE THEOLOGICAL COLLEGE            ,FC,00000-0000,Private      ,0,2,2,0,2,2
03794400,ANGLO EUROPEAN COLLEGE OF CHIROPRACTIC  ,FC,00000-0000,Private      ,0,1,1,0,1,1
03807300,ROSE BRUFORD COLLEGE                    ,FC,00000-0000,Public       ,3,5,8,3,5,8
03816400,AMERICAN GRAD SCH OF INTERNTL REL & DIPL,FC,00000-0000,Private      ,3,42,45,3,42,45
03818300,LEIPZIG GRADUATE SCHOOL OF MANAGEMENT   ,FC,00000-0000,Private      ,0,12,12,0,12,12
03824300,"ROYAL VETERINARY COLLEGE (THE), UNIVERSI",FC,00000-0000,Public       ,1,75,76,1,75,76
03850500,MEDICAL UNIVERSITY OF LODZ              ,FC,00000-0000,Public       ,1,7,8,1,7,8
03859400,UNIVERSITY COLLEGE FALMOUTH             ,FC,00000-0000,Public       ,9,3,12,9,3,12
03873300,COPENHAGEN BUSINESS SCHOOL              ,FC,00000-0000,Public       ,1,3,4,1,3,4
03880300,UNIVERSITY OF GLOUCESTERSHIRE (THE)     ,FC,00000-0000,Public       ,1,2,3,1,2,3
03897400,INTERNATIONAL SPACE UNIVERSITY          ,FC,00000-0000,Private      ,0,2,2,0,2,2
03941301,AVE MARIA UNIVERSITY - LATIN AMERICA    ,FC,00000-0000,Private      ,27,11,38,27,11,38
03974300,"ST. GEORGE'S UNIVERSITY, SCHOOL OF VETER",FC,00000-0000,Proprietary  ,5,263,268,5,263,268
04021400,"AMERICAN COLLEGE, DUBLIN LIMITED (THE)  ",FC,00000-0000,Private      ,14,14,28,14,14,28
04021500,CENTRAL EUROPEAN UNIVERSITY             ,FC,00000-0000,Private      ,2,58,60,2,58,60
04032300,YORK ST JOHN UNIVERSITY                 ,FC,00000-0000,Public       ,6,2,8,6,2,8
04046300,HK UNIVERSITY OF SCI & TECH (HKUST)     ,FC,00000-0000,Public       ,3,11,14,3,11,14
04070300,"RAPHAEL RECANATI INTERNATIONAL SCHOOL, T",FC,00000-0000,Private      ,26,17,43,26,17,43
04085400,NEW ZEALAND COLLEGE OF CHIROPRACTIC     ,FC,00000-0000,Private      ,0,2,2,0,2,2
04113300,LEBANESE AMERICAN UNIVERSITY            ,FC,00000-0000,Private      ,21,10,31,21,10,31
04115900,LIVERPOOL HOPE UNIVERSITY               ,FC,00000-0000,Public       ,3,2,5,3,2,5
04116300,EDHEC BUSINESS SCHOOL                   ,FC,00000-0000,Private      ,0,8,8,0,8,8
04128600,UNIVERSITY OF WORCESTER                 ,FC,00000-0000,Public       ,3,2,5,3,2,5
04128700,HERTIE SCHOOL OF GOVERNANCE             ,FC,00000-0000,Private      ,2,17,19,2,17,19
04134200,LONDON CONTEMPORARY DANCE SCHOOL        ,FC,00000-0000,Private      ,0,2,2,0,2,2
04139100,UNIVERSITA DEGLI STUDI DI SCIENZE GASTRO,FC,00000-0000,Private      ,0,19,19,0,19,19
04143700,ST MARY'S UNIVERSITY COLLEGE TWICKENHAM ,FC,00000-0000,Public       ,7,15,22,7,15,22
04168200,EUROPEAN UNIVERSITY AT ST. PETERSBURG   ,FC,00000-0000,Private      ,2,18,20,2,18,20
04171800,"INTERNATIONAL UNIVERSITY OF NURSING, ST.",FC,00000-0000,Proprietary  ,2,3,5,2,3,5
04176500,ESMT EUROPEAN SCHOOL OF MANAGEMENT AND T,FC,00000-0000,Private      ,1,9,10,1,9,10
00380600,ALDERSON-BROADDUS COLLEGE               ,WV,26416-1051,Private      ,1670,276,1946,1670,276,1946
00380700,MOUNTAIN STATE UNIVERSITY               ,WV,25801-5624,Private      ,23,65,88,23,65,88
00380800,BETHANY COLLEGE                         ,WV,26032-0417,Private      ,884,77,961,884,77,961
00380900,BLUEFIELD STATE COLLEGE                 ,WV,24701-2198,Public       ,972,828,1800,972,828,1800
00381000,CONCORD UNIVERSITY                      ,WV,24712-0000,Public       ,2378,858,3236,2378,858,3236
00381100,DAVIS & ELKINS COLLEGE                  ,WV,26241-3996,Private      ,839,194,1033,839,194,1033
00381200,FAIRMONT STATE UNIVERSITY               ,WV,26554-2470,Public       ,4013,1807,5820,4013,1807,5820
00381300,GLENVILLE STATE COLLEGE                 ,WV,26351-1292,Public       ,1148,301,1449,1148,301,1449
00381500,MARSHALL UNIVERSITY                     ,WV,25755-3300,Public       ,8429,3864,12293,8429,3864,12293
00381600,SOUTHERN WV COMMUNITY COLLEGE           ,WV,25637-2900,Public       ,848,670,1518,848,670,1518
00381800,UNIVERSITY OF CHARLESTON                ,WV,25304-1099,Private      ,1535,1065,2600,1535,1065,2600
00381900,OHIO VALLEY COLLEGE                     ,WV,26105-8000,Private      ,296,79,375,296,79,375
00382000,SALEM INTERNATIONAL UNIVERSITY          ,WV,26426-0500,Proprietary  ,222,313,535,222,313,535
00382200,SHEPHERD UNIVERSITY                     ,WV,25443-3210,Public       ,3357,988,4345,3357,988,4345
00382300,WEST LIBERTY UNIVERSITY                 ,WV,26074-0295,Public       ,2330,536,2866,2330,536,2866
00382600,WEST VIRGINIA STATE UNIVERSITY          ,WV,25112-0000,Public       ,1832,999,2831,1832,999,2831
00382700,WEST VIRGINIA UNIVERSITY                ,WV,26506-6201,Public       ,22313,6273,28586,22313,6273,28586
00382711,WEST VIRGINIA UNIVERSITY - POTOMAC STATE,WV,26726-3000,Public       ,1487,334,1821,1487,334,1821
00382721,WEST VIRGINIA UNIV INST OF TECH         ,WV,25136-2436,Public       ,1117,353,1470,1117,353,1470
00382800,WEST VIRGINIA UNIV AT PARKERSBURG       ,WV,26101-9577,Public       ,1205,1207,2412,1205,1207,2412
00383000,WEST VIRGINIA WESLEYAN COLLEGE          ,WV,26201-2600,Private      ,1741,188,1929,1741,188,1929
00383100,WHEELING JESUIT UNIVERSITY              ,WV,26003-6243,Private      ,1038,443,1481,1038,443,1481
00500700,WEST VIRGINIA JUNIOR COLLEGE            ,WV,26505-5596,Proprietary  ,165,197,362,165,197,362
00500800,MOUNTAIN STATE COLLEGE                  ,WV,26101-3993,Proprietary  ,39,145,184,39,145,184
00754400,APPALACHIAN BIBLE COLLEGE               ,WV,25818-1353,Private      ,196,33,229,196,33,229
00757800,HUNTINGTON SCHOOL OF BEAUTY CULTURE     ,WV,25705-2030,Proprietary  ,51,64,115,51,64,115
00760000,INTERNATIONAL BEAUTY SCHOOL             ,WV,25401-3231,Proprietary  ,16,20,36,16,20,36
00835500,JAMES RUMSEY TECHNICAL INSTITUTE        ,WV,25403-0259,Public       ,69,132,201,69,132,201
00895900,CLARKSBURG BEAUTY ACADEMY               ,WV,26301-2903,Proprietary  ,30,32,62,30,32,62
00904700,HUNTINGTON JUNIOR COLLEGE               ,WV,25701-2004,Proprietary  ,109,446,555,109,446,555
00905400,WEST VIRGINIA NORTHERN CMTY COLLEGE     ,WV,26003-0000,Public       ,573,724,1297,573,724,1297
01014000,MINERAL COUNTY VOCATIONAL TECH CTR      ,WV,26726-0000,Public       ,10,25,35,10,25,35
01035600,EVEREST INSTITUTE                       ,WV,25313-1304,Proprietary  ,31,98,129,31,98,129
01057300,WEST VIRGINIA JUNIOR COLLEGE            ,WV,25322-0000,Proprietary  ,88,170,258,88,170,258
01057302,WEST VIRGINIA JUNIOR COLLEGE            ,WV,26330-0000,Proprietary  ,109,156,265,109,156,265
01086100,WEST VIRGINIA BUSINESS COLLEGE          ,WV,26301-0000,Proprietary  ,22,60,82,22,60,82
01124500,WEST VIRGINIA SCH OSTEOPATHIC MED       ,WV,24901-1128,Public       ,25,523,548,25,523,548
01174900,WOOD COUNTY SCH OF PRAC NURSING         ,WV,26101-6424,Public       ,31,52,83,31,52,83
01235900,B M SPURR SCHOOL OF PRAC NURSING        ,WV,26038-1660,Private      ,11,13,24,11,13,24
01257300,WEST VIRGINIA UNIV-HOSP-RAD TECH        ,WV,26506-8062,Private      ,168,87,255,168,87,255
01274300,BENJAMIN FRANKLIN CAREER&TECH           ,WV,25064-0000,Public       ,54,82,136,54,82,136
01290400,MONONGALIA CNTY TECH ED CTR             ,WV,26501-6841,Public       ,62,92,154,62,92,154
01290500,ACADEMY OF CAREERS AND TECHNOLOGY       ,WV,25801-0000,Public       ,67,129,196,67,129,196
02057400,ROANE-JACKSON TECHNICAL CENTER          ,WV,25252-0000,Public       ,18,35,53,18,35,53
02068000,UNITED TECHNICAL CENTER                 ,WV,26301-0000,Public       ,31,68,99,31,68,99
02073400,CARVER CAREER TECH ED CTR               ,WV,25306-6397,Public       ,122,171,293,122,171,293
02145100,SCOTT COLLEGE OF COSMETOLOGY            ,WV,26003-0000,Proprietary  ,30,24,54,30,24,54
02178200,CHARLESTON SCHOOL OF BEAUTY CULTURE     ,WV,25301-0000,Proprietary  ,54,52,106,54,52,106
02218200,GARNET CAREER CENTER                    ,WV,25301-0000,Public       ,62,162,224,62,162,224
02275300,CABELL COUNTY CAREER TECHNOLOGY CTR     ,WV,25705-0000,Public       ,81,113,194,81,113,194
02524500,RALPH R WILLIS VOCATIONAL CENTER        ,WV,25601-0000,Public       ,22,44,66,22,44,66
02534800,FRED W EBERLE TECHNICAL CENTER          ,WV,26201-0000,Public       ,46,55,101,46,55,101
02535500,MERCER COUNTY TECH EDUC CNTR            ,WV,24740-0000,Public       ,62,111,173,62,111,173
02579900,NORTH CENTRAL OPPORTUNITIES INDUSTRIALIZ,WV,26554-2936,Private      ,16,25,41,16,25,41
02609400,VALLEY COLLEGE                          ,WV,25404-5711,Proprietary  ,28,72,100,28,72,100
03052000,MEREDITH MANOR EQUESTRIAN CENTRE        ,WV,26184-9707,Proprietary  ,142,49,191,142,49,191
03076500,FAYETTE INSTITUTE OF TECHNOLOGY         ,WV,25901-2174,Public       ,15,39,54,15,39,54
03084200,VALLEY COLLEGE                          ,WV,24740-3141,Proprietary  ,19,55,74,19,55,74
03084400,VALLEY COLLEGE                          ,WV,25801-2643,Proprietary  ,30,98,128,30,98,128
03098300,PUTNAM CAREER & TECHNICAL CENTER        ,WV,25070-0000,Public       ,45,47,92,45,47,92
03099200,"MOUNTAINEER BEAUTY COLLEGE, INC         ",WV,25177-2917,Proprietary  ,4,3,7,4,3,7
03102100,MORGANTOWN BEAUTY COLLEGE               ,WV,26505-5430,Proprietary  ,56,50,106,56,50,106
03123200,STANLEY TECHNICAL INSTITUTE             ,WV,26505-3751,Private      ,9,25,34,9,25,34
03327500,SOUTH BRANCH VOCATIONAL TECH CENTER     ,WV,26847-1698,Public       ,5,5,10,5,5,10
03734300,JOHN D. ROCKEFELLER IV CAREER CENTER    ,WV,26047-9424,Public       ,4,7,11,4,7,11
03819300,AMERICAN PUBLIC UNIVERSITY SYSTEM       ,WV,25414-1621,Proprietary  ,745,19856,20601,745,19856,20601
03957300,BLUE RIDGE COMMUNITY AND TECHNICAL COLLE,WV,25401-3244,Public       ,574,1052,1626,574,1052,1626
03960300,NEW RIVER COMMUNITY AND TECHNICAL COLLEG,WV,25801-2636,Public       ,683,1025,1708,683,1025,1708
04028300,MOUNTAIN STATE SCHOOL OF MASSAGE        ,WV,25304-2025,Proprietary  ,14,27,41,14,27,41
04038500,PIERPONT COMMUNITY & TECHNICAL COLLEGE  ,WV,26554-2451,Public       ,1284,1034,2318,1284,1034,2318
04038600,KANAWHA VALLEY COMMUNITY & TECH COLLEGE ,WV,25112-1000,Public       ,421,742,1163,421,742,1163
04041400,MOUNTWEST COMMUNITY AND TECHNICAL COLLEG,WV,25755-3300,Public       ,610,804,1414,610,804,1414
04047300,BRIDGEMONT COMMUNITY & TECHNICAL COLLEGE,WV,25136-2435,Public       ,301,162,463,301,162,463
04119000,EASTERN WEST VIRGINIA COMMUNITY & TECHNI,WV,26836-0000,Public       ,132,222,354,132,222,354
00106100,ALASKA PACIFIC UNIVERSITY               ,AK,99508-4672,Private      ,343,440,783,343,440,783
00106300,UNIVERSITY OF ALASKA FAIRBANKS          ,AK,99775-7500,Public       ,2229,1870,4099,2229,1870,4099
00106500,UNIVERSITY OF ALASKA SOUTHEAST          ,AK,99801-8680,Public       ,569,634,1203,569,634,1203
00884300,ALASKA BIBLE COLLEGE                    ,AK,99588-0000,Private      ,18,18,36,18,18,36
01146200,UNIVERSITY OF ALASKA ANCHORAGE          ,AK,99514-1608,Public       ,3797,3953,7750,3797,3953,7750
02541000,ALASKA CAREER COLLEGE                   ,AK,99507-1033,Proprietary  ,93,318,411,93,318,411
02576900,CHARTER COLLEGE                         ,AK,99508-0000,Proprietary  ,149,564,713,149,564,713
03160300,AVTEC                                   ,AK,99664-0889,Public       ,142,187,329,142,187,329
03461300,ILISAGVIK COLLEGE                       ,AK,99723-0749,Public       ,16,23,39,16,23,39
04138600,ALASKA CHRISTIAN COLLEGE                ,AK,99669-9755,Private      ,15,18,33,15,18,33
00108500,UNIV ARKANSAS MONTICELLO                ,AR,71656-0000,Public       ,1009,590,1599,1009,590,1599
00108600,UNIV OF ARKANSAS AT PINE BLUFF          ,AR,71601-2790,Public       ,1855,705,2560,1855,705,2560
00108700,ARKANSAS BAPTIST COLLEGE                ,AR,72202-6099,Private      ,429,493,922,429,493,922
00108800,LYON COLLEGE                            ,AR,72501-3699,Private      ,573,65,638,573,65,638
00108900,ARKANSAS TECH UNIVERSITY                ,AR,72801-2222,Public       ,3228,1646,4874,3228,1646,4874
00109000,ARKANSAS STATE UNIVERSITY               ,AR,72467-0000,Public       ,4875,3484,8359,4875,3484,8359
00109002,ARKANSAS STATE UNIVERSITY - NEWPORT     ,AR,72112-1120,Public       ,262,399,661,262,399,661
00109006,DELTA TECHNICAL INSTITUTE               ,AR,72365-9558,Public       ,22,58,80,22,58,80
00109100,ARKANSAS STATE UNIVERSITY - BEEBE       ,AR,72012-1000,Public       ,934,1048,1982,934,1048,1982
00109200,UNIVERSITY OF CENTRAL ARKANSAS          ,AR,72035-0001,Public       ,5106,1608,6714,5106,1608,6714
00109300,CENTRAL BAPTIST COLLEGE                 ,AR,72034-6470,Private      ,286,184,470,286,184,470
00109400,UNIVERSITY OF THE OZARKS                ,AR,72830-2880,Private      ,434,69,503,434,69,503
00109500,CROWLEYS RIDGE COLLEGE                  ,AR,72450-9775,Private      ,97,58,155,97,58,155
00109700,HARDING UNIVERSITY                      ,AR,72149-0001,Private      ,2113,547,2660,2113,547,2660
00109800,HENDERSON STATE UNIVERSITY              ,AR,71999-0001,Public       ,1873,563,2436,1873,563,2436
00109900,HENDRIX COLLEGE                         ,AR,72032-3080,Private      ,1924,130,2054,1924,130,2054
00110000,JOHN BROWN UNIVERSITY                   ,AR,72761-2747,Private      ,1123,436,1559,1123,436,1559
00110100,UNIV ARKANSAS LITTLE ROCK               ,AR,72204-1099,Public       ,2600,3441,6041,2600,3441,6041
00110200,OUACHITA BAPTIST UNIVERSITY             ,AR,71998-0001,Private      ,1072,95,1167,1072,95,1167
00110300,PHILANDER SMITH COLLEGE                 ,AR,72202-3718,Private      ,716,319,1035,716,319,1035
00110400,PHILLIPS COUNTY COMMUNITY COLLEGE       ,AR,72342-0000,Public       ,153,188,341,153,188,341
00110500,SHORTER COLLEGE                         ,AR,72114-4885,Private      ,18,140,158,18,140,158
00110600,WILLIAMS BAPTIST COLLEGE                ,AR,72476-4661,Private      ,330,52,382,330,52,382
00110700,SOUTHERN ARKANSAS UNIVERSITY            ,AR,71754-0000,Public       ,1440,561,2001,1440,561,2001
00110800,UNIV ARKANSAS FAYETTEVILLE              ,AR,72701-0000,Public       ,10566,2734,13300,10566,2734,13300
00110900,UNIVERSITY OF ARKANSAS FOR MEDICAL SCIEN,AR,72205-7102,Public       ,362,1163,1525,362,1163,1525
00111000,UNIVERSITY OF ARKANSAS-FORT SMITH       ,AR,72904-7397,Public       ,2010,1419,3429,2010,1419,3429
00524500,U OF A COMM COLLEGE AT MORRILTON        ,AR,72110-9601,Public       ,467,608,1075,467,608,1075
00570700,SEARK COLLEGE                           ,AR,71603-0000,Public       ,242,635,877,242,635,877
00573200,UNIV AR COMMUNITY COLLEGE AT HOPE       ,AR,71801-0000,Public       ,250,314,564,250,314,564
00704400,CROWLEYS RIDGE TECHNICAL INSTITUTE      ,AR,72336-0000,Public       ,30,85,115,30,85,115
00732967,ITT TECHNICAL INSTITUTE                 ,AR,72204-7739,Proprietary  ,96,200,296,96,200,296
00773800,SOUTHERN ARKANSAS UNIVERSITY TECH       ,AR,71701-1900,Public       ,218,247,465,218,247,465
00792100,PAUL MITCHELL THE SCHOOL ARKANSAS       ,AR,72701-0000,Proprietary  ,33,41,74,33,41,74
00997600,OUACHITA TECHNICAL COLLEGE              ,AR,72104-0816,Public       ,128,317,445,128,317,445
01074100,MELLIE'S BEAUTY COLLEGE                 ,AR,72901-3886,Proprietary  ,19,54,73,19,54,73
01210500,NATIONAL PARK COMMUNITY COLLEGE         ,AR,71913-9174,Public       ,319,642,961,319,642,961
01226000,EAST ARKANSAS COMMUNITY COLLEGE         ,AR,72335-2204,Public       ,168,228,396,168,228,396
01226100,NORTH ARKANSAS COLLEGE                  ,AR,72601-5508,Public       ,413,535,948,413,535,948
01286000,ARKANSAS NORTHEASTERN COLLEGE           ,AR,72316-1109,Public       ,265,276,541,265,276,541
02052200,BLACK RIVER TECHNICAL COLLEGE           ,AR,72455-0000,Public       ,275,536,811,275,536,811
02073500,UNIVERSITY OF ARKANSAS COMMUNITY COLLEGE,AR,72503-0000,Public       ,274,357,631,274,357,631
02073700,NORTHWEST TECHNICAL INSTITUTE           ,AR,72765-0000,Public       ,77,151,228,77,151,228
02074600,SOUTH ARKANSAS COMMUNITY COLLEGE        ,AR,71731-0000,Public       ,212,477,689,212,477,689
02075300,PULASKI TECHNICAL COLLEGE               ,AR,72118-0000,Public       ,1237,3825,5062,1237,3825,5062
02087000,OZARKA COLLEGE                          ,AR,72556-0000,Public       ,129,282,411,129,282,411
02111100,RICH MOUNTAIN COMMUNITY COLLEGE         ,AR,71953-0000,Public       ,133,103,236,133,103,236
02202400,PROFESSIONAL COSMETOLOGY EDUC CTR       ,AR,71730-5828,Proprietary  ,10,19,29,10,19,29
02220900,COSSATOT COMMUNITY COLLEGE              ,AR,71832-0000,Public       ,236,296,532,236,296,532
02272400,EASTERN COLLEGE OF HEALTH VOCATIONS     ,AR,72205-3535,Proprietary  ,36,170,206,36,170,206
02284200,NEW TYLER BARBER COLLEGE INC            ,AR,72114-0000,Proprietary  ,10,53,63,10,53,63
02287400,MARSHA KAY BEAUTY COLLEGE               ,AR,72653-0000,Proprietary  ,8,10,18,8,10,18
02330800,JEFFERSON SCHOOL OF NURSING             ,AR,71603-0000,Private      ,40,81,121,40,81,121
02339800,SOUTHERN INSTITUTE OF COSMETOLOGY       ,AR,72301-0000,Proprietary  ,1,13,14,1,13,14
02341700,CAREER ACADEMY OF HAIR DESIGN           ,AR,72764-4304,Proprietary  ,6,35,41,6,35,41
02341701,CAREER ACADEMY OF HAIR DESIGN - ROGERS  ,AR,72756-2102,Proprietary  ,9,27,36,9,27,36
02341702,CAREER ACADEMY OF HAIR DESIGN - SILOAM  ,AR,72761-4217,Proprietary  ,5,6,11,5,6,11
02348200,MID-SOUTH COMMUNITY COLLEGE             ,AR,72301-0000,Public       ,326,570,896,326,570,896
02363500,ARTHUR'S BEAUTY COLLEGE                 ,AR,72901-0000,Proprietary  ,16,50,66,16,50,66
02525800,LEE'S SCHOOL OF COSMETOLOGY             ,AR,72114-0000,Proprietary  ,10,42,52,10,42,52
02538500,ARTHUR'S BEAUTY COLLEGE                 ,AR,72076-0000,Proprietary  ,12,51,63,12,51,63
02569600,SEARCY BEAUTY COLLEGE                   ,AR,72143-0000,Proprietary  ,7,39,46,7,39,46
03005100,ARKANSAS BEAUTY SCHOOL                  ,AR,72209-5116,Proprietary  ,27,75,102,27,75,102
03007100,HOT SPRINGS BEAUTY COLLEGE              ,AR,71901-5432,Proprietary  ,10,34,44,10,34,44
03007600,ARKANSAS BEAUTY SCHOOL-CONWAY           ,AR,72032-4354,Proprietary  ,21,40,61,21,40,61
03023400,ARKANSAS COLLEGE OF BARBERING           ,AR,72114-5615,Proprietary  ,8,46,54,8,46,54
03063300,NORTHWEST ARKANSAS COMMUNITY COLLEG     ,AR,72712-5190,Public       ,1275,1701,2976,1275,1701,2976
03065100,ABC BEAUTY COLLEGE                      ,AR,71923-4206,Proprietary  ,9,21,30,9,21,30
03066302,BRYAN COLLEGE -                         ,AR,72756-1825,Proprietary  ,23,77,100,23,77,100
03105200,BAPTIST HEALTH SCHOOLS LITTLE ROCK      ,AR,72210-2820,Private      ,199,667,866,199,667,866
03115102,HERITAGE COLLEGE - LITTLE ROCK          ,AR,72227-5544,Proprietary  ,57,205,262,57,205,262
03124900,IMAGINE -  PAUL MITCHELL PARTNER SCHOOL ,AR,72117-2516,Proprietary  ,66,117,183,66,117,183
03214300,VELVATEX COLLEGE OF BEAUTY CULTURE      ,AR,72202-5452,Proprietary  ,3,20,23,3,20,23
03254300,MARGARET'S HAIR ACADEMY                 ,AR,71655-4905,Proprietary  ,11,24,35,11,24,35
03519400,LYNNDALE FUNDAMENTALS OF BEAUTY SCH     ,AR,71730-4804,Proprietary  ,1,8,9,1,8,9
03855300,ECCLESIA COLLEGE                        ,AR,72762-8159,Private      ,62,44,106,62,44,106
03912300,CROSSETT SCHOOL OF COSMETOLOGY          ,AR,71635-0000,Proprietary  ,2,8,10,2,8,10
03997300,ARKANSAS BEAUTY COLLEGE                 ,AR,72801-3741,Proprietary  ,11,30,41,11,30,41
04183100,WASHINGTON BARBER COLLEGE               ,AR,72209-3820,Proprietary  ,10,52,62,10,52,62
04183400,SALON PROFESSIONAL ACADEMY (THE)        ,AR,72116-7310,Proprietary  ,17,57,74,17,57,74
00133900,CORBAN UNIVERSITY                       ,OR,97301-9392,Private      ,1764,437,2201,1764,437,2201
00318600,BLUE MOUNTAIN COMMUNITY COLLEGE         ,OR,97801-0000,Public       ,867,1117,1984,867,1117,1984
00318800,CENTRAL OREGON COMMUNITY COLLEGE        ,OR,97701-5998,Public       ,2022,3304,5326,2022,3304,5326
00318900,CLATSOP COMMUNITY COLLEGE               ,OR,97103-3698,Public       ,417,830,1247,417,830,1247
00319100,CONCORDIA UNIVERSITY                    ,OR,97211-6099,Private      ,1851,2412,4263,1851,2412,4263
00319300,EASTERN OREGON UNIVERSITY               ,OR,97850-2899,Public       ,2589,2268,4857,2589,2268,4857
00319400,GEORGE FOX UNIVERSITY                   ,OR,97132-2697,Private      ,3197,1328,4525,3197,1328,4525
00319600,LANE COMMUNITY COLLEGE                  ,OR,97405-0640,Public       ,5038,8192,13230,5038,8192,13230
00319700,LEWIS & CLARK COLLEGE                   ,OR,97219-7899,Private      ,5594,2672,8266,5594,2672,8266
00319800,LINFIELD COLLEGE                        ,OR,97128-6894,Private      ,3499,859,4358,3499,859,4358
00319801,LINFIELD COLLEGE - PORTLAND CAMPUS      ,OR,97210-0000,Private      ,691,919,1610,691,919,1610
00319900,MARYLHURST UNIVERSITY                   ,OR,97036-7036,Private      ,127,911,1038,127,911,1038
00320300,MOUNT ANGEL SEMINARY                    ,OR,97373-0505,Private      ,4,10,14,4,10,14
00320400,MOUNT HOOD COMMUNITY COLLEGE            ,OR,97030-3300,Public       ,3643,5646,9289,3643,5646,9289
00320600,MULTNOMAH BIBLE COLLEGE/SEMINARY        ,OR,97220-5898,Private      ,339,487,826,339,487,826
00320700,PACIFIC NORTHWEST COLLEGE OF ART        ,OR,97209-3023,Private      ,628,594,1222,628,594,1222
00320800,NORTHWEST CHRISTIAN UNIVERSITY          ,OR,97401-3727,Private      ,613,605,1218,613,605,1218
00320900,WESTERN OREGON UNIVERSITY               ,OR,97361-1394,Public       ,6832,2456,9288,6832,2456,9288
00321000,OREGON STATE UNIVERSITY                 ,OR,97331-8507,Public       ,23596,9989,33585,23596,9989,33585
00321100,OREGON INSTITUTE OF TECHNOLOGY          ,OR,97601-8801,Public       ,2693,1876,4569,2693,1876,4569
00321200,PACIFIC UNIVERSITY                      ,OR,97116-1797,Private      ,3791,2570,6361,3791,2570,6361
00321300,PORTLAND COMMUNITY COLLEGE              ,OR,97219-7198,Public       ,10229,21873,32102,10229,21873,32102
00321311,PORTLAND COMMUNITY COLLEGE - TILLAMOOK B,OR,97141-2599,Public       ,205,346,551,205,346,551
00321600,PORTLAND STATE UNIVERSITY               ,OR,97207-0000,Public       ,13638,16655,30293,13638,16655,30293
00321700,REED COLLEGE                            ,OR,97202-8199,Private      ,2417,533,2950,2417,533,2950
00321800,CHEMEKETA COMMUNITY COLLEGE             ,OR,97309-1500,Public       ,5011,8368,13379,5011,8368,13379
00321900,SOUTHERN OREGON UNIVERSITY              ,OR,97520-5010,Public       ,5026,2790,7816,5026,2790,7816
00322000,SOUTHWESTERN OREGON COMMUNITY CLG       ,OR,97420-2956,Public       ,1336,1069,2405,1336,1069,2405
00322100,TREASURE VALLEY COMMUNITY COLLEGE       ,OR,97914-3423,Public       ,1077,1202,2279,1077,1202,2279
00322200,UMPQUA COMMUNITY COLLEGE                ,OR,97470-0226,Public       ,948,1526,2474,948,1526,2474
00322300,UNIVERSITY OF OREGON                    ,OR,97403-1226,Public       ,24824,8264,33088,24824,8264,33088
00322400,UNIVERSITY OF PORTLAND                  ,OR,97203-5798,Private      ,9954,2301,12255,9954,2301,12255
00322500,WARNER PACIFIC COLLEGE                  ,OR,97215-4099,Private      ,896,1318,2214,896,1318,2214
00322700,WILLAMETTE UNIVERSITY                   ,OR,97301-3930,Private      ,5343,1141,6484,5343,1141,6484
00487800,CLACKAMAS COMMUNITY COLLEGE             ,OR,97045-7998,Public       ,2836,3693,6529,2836,3693,6529
00488200,OREGON HEALTH & SCIENCE UNIVERSITY      ,OR,97239-0000,Public       ,990,3479,4469,990,3479,4469
00693800,LINN BENTON COMMUNITY COLLEGE           ,OR,97321-3774,Public       ,2971,3434,6405,2971,3434,6405
00717800,WESTERN SEMINARY                        ,OR,97215-0000,Private      ,14,263,277,14,263,277
00723402,HEALD COLLEGE - PORTLAND                ,OR,97205-3432,Proprietary  ,151,471,622,151,471,622
00732969,ITT TECHNICAL INSTITUTE                 ,OR,97220-6819,Proprietary  ,299,848,1147,299,848,1147
00737101,MARINELLO SCHOOL OF BEAUTY - PORTLAND   ,OR,97212-3732,Proprietary  ,73,110,183,73,110,183
00781900,ART INSTITUTE OF PORTLAND (THE)         ,OR,97209-2911,Proprietary  ,1233,1191,2424,1233,1191,2424
00888700,CONCORDE CAREER INSTITUTE               ,OR,97232-2242,Proprietary  ,199,560,759,199,560,759
00907900,EVEREST COLLEGE                         ,OR,97204-2296,Proprietary  ,150,456,606,150,456,606
00958100,SPRINGFIELD COLLEGE OF BEAUTY           ,OR,97477-5474,Proprietary  ,63,88,151,63,88,151
01012200,PHAGANS' MEDFORD BEAUTY SCHOOL          ,OR,97504-5297,Proprietary  ,36,100,136,36,100,136
01018200,ROGUE COMMUNITY COLLEGE                 ,OR,97527-0000,Public       ,2080,4181,6261,2080,4181,6261
01050700,ACADEMY OF HAIR DESIGN                  ,OR,97301-3526,Proprietary  ,62,102,164,62,102,164
01230900,UNIVERSITY OF WESTERN STATES            ,OR,97230-3099,Private      ,68,391,459,68,391,459
01234700,PHAGANS CENTRAL OREGON BEAUTY CLG       ,OR,97701-5175,Proprietary  ,51,99,150,51,99,150
01234800,PHAGANS BEAUTY COLLEGE                  ,OR,97333-4716,Proprietary  ,46,56,102,46,56,102
01235000,PHAGANS SCHOOL OF HAIR DESIGN           ,OR,97267-0000,Proprietary  ,28,62,90,28,62,90
01235100,PHAGANS SCHOOL OF BEAUTY                ,OR,97301-4732,Proprietary  ,50,121,171,50,121,171
01300800,PHAGANS TIGARD BEAUTY SCHOOL            ,OR,97223-0000,Proprietary  ,20,40,60,20,40,60
02101000,NORTHWEST COLLEGE OF HAIR DESIGN        ,OR,97086-7702,Proprietary  ,120,247,367,120,247,367
02101002,NORTHWEST COLLEGE                       ,OR,97007-3954,Proprietary  ,34,43,77,34,43,77
02104900,COLLEGE OF LEGAL ARTS                   ,OR,97219-9998,Proprietary  ,35,209,244,35,209,244
02106100,COLLEGE OF COSMETOLOGY                  ,OR,97601-0000,Proprietary  ,33,53,86,33,53,86
02154400,BEAU MONDE CLG OF HAIR DESIGN           ,OR,97205-0000,Proprietary  ,103,176,279,103,176,279
02159700,NEW HOPE CHRISTIAN COLLEGE              ,OR,97405-1194,Private      ,197,143,340,197,143,340
02201900,PHAGANS' SCHOOL OF HAIR DESIGN          ,OR,97232-0000,Proprietary  ,99,214,313,99,214,313
02239203,ANTHEM COLLEGE - BEAVERTON              ,OR,97005-0000,Proprietary  ,46,120,166,46,120,166
02330100,PIONEER PACIFIC COLLEGE                 ,OR,97070-0000,Proprietary  ,146,474,620,146,474,620
02330102,PIONEER PACIFIC COLLEGE                 ,OR,97403-0000,Proprietary  ,164,543,707,164,543,707
02337900,COLLEGE OF HAIR DESIGN CAREERS          ,OR,97301-0000,Proprietary  ,59,108,167,59,108,167
02344100,ROSEBURG BEAUTY COLLEGE                 ,OR,97470-0000,Proprietary  ,31,81,112,31,81,112
02534000,NATIONAL COLLEGE OF NATURAL MEDICINE    ,OR,97201-0000,Private      ,56,702,758,56,702,758
02578800,NORTHWEST NANNIES INSTITUTE             ,OR,97035-0000,Proprietary  ,8,7,15,8,7,15
02603700,OREGON COL OF ORIENTAL MEDICINE         ,OR,97216-0000,Private      ,28,297,325,28,297,325
02617506,EVEREST COLLEGE - EVEREST INSTITUTE     ,OR,97223-6581,Proprietary  ,45,176,221,45,176,221
03007300,OREGON COLLEGE OF ART & CRAFT           ,OR,97225-6399,Private      ,237,354,591,237,354,591
03022600,LE CORDON BLEU COLLEGE OF CULINARY ARTS ,OR,97205-2793,Proprietary  ,432,734,1166,432,734,1166
03042500,CARRINGTON COLLEGE                      ,OR,97232-1302,Proprietary  ,202,493,695,202,493,695
03074400,PHAGANS NEWPORT ACAD CSMTLGY CAREER     ,OR,97365-4963,Proprietary  ,12,29,41,12,29,41
03074500,EAST-WEST COLLEGE OF THE HEALING ARTS   ,OR,97232-2765,Proprietary  ,68,248,316,68,248,316
03185300,PHAGANS GRANTS PASS COLLEGE OF BTY      ,OR,97527-3039,Proprietary  ,30,49,79,30,49,79
03428300,KLAMATH COMMUNITY COLLEGE               ,OR,97603-7121,Public       ,440,844,1284,440,844,1284
03642300,VALLEY MEDICAL COLLEGE                  ,OR,97305-1373,Proprietary  ,85,250,335,85,250,335
03668300,BIRTHINGWAY COLLEGE OF MIDWIFERY        ,OR,97266-4042,Private      ,27,176,203,27,176,203
03783400,ABDILL CAREER COLLEGE                   ,OR,97504-7137,Proprietary  ,65,186,251,65,186,251
04146500,PORTLAND ACTORS CONSERVATORY            ,OR,97201-2557,Private      ,38,89,127,38,89,127
04151900,COLUMBIA GORGE COMMUNITY COLLEGE        ,OR,97058-3434,Public       ,339,525,864,339,525,864
04167400,SAGE SCHOOL OF MASSAGE & HEALING ARTS   ,OR,97701-4082,Proprietary  ,25,66,91,25,66,91
04171400,AVEDA INSTITUTE PORTLAND                ,OR,97209-3144,Proprietary  ,172,247,419,172,247,419
04194400,AMERICAN COLLEGE OF HEALTHCARE SCIENCES ,OR,97239-3719,Proprietary  ,132,355,487,132,355,487
00137400,ALBERTUS MAGNUS COLLEGE                 ,CT,06511-1189,Private      ,840,566,1406,840,566,1406
00137403,ALBERTUS MAGNUS CLG-NEW DIMENSIONS      ,CT,06511-0000,Private      ,48,345,393,48,345,393
00137800,CENTRAL CONNECTICUT STATE UNIV          ,CT,06050-2490,Public       ,7938,2512,10450,7938,2512,10450
00137900,CONNECTICUT COLLEGE                     ,CT,06320-4196,Private      ,2689,119,2808,2689,119,2808
00138000,WESTERN CONNECTICUT STATE UNIV          ,CT,06810-6826,Public       ,5234,1166,6400,5234,1166,6400
00138500,FAIRFIELD UNIVERSITY                    ,CT,06430-0000,Private      ,6635,654,7289,6635,654,7289
00138700,HARTFORD SEMINARY                       ,CT,06105-0000,Private      ,13,43,56,13,43,56
00138900,HOLY APOSTLES COLLEGE & SEMINARY        ,CT,06416-2027,Private      ,5,22,27,5,22,27
00139200,MANCHESTER COMMUNITY COLLEGE            ,CT,06045-1046,Public       ,1912,1473,3385,1912,1473,3385
00139300,MITCHELL COLLEGE                        ,CT,06320-4498,Private      ,709,148,857,709,148,857
00139700,UNIVERSITY OF NEW HAVEN                 ,CT,06516-1999,Private      ,9231,1352,10583,9231,1352,10583
00139800,NORTHWESTERN CT COMMUNITY COLLEGE       ,CT,06098-1747,Public       ,295,300,595,295,300,595
00139900,NORWALK COMMUNITY TECHNICAL COLLEGE     ,CT,06854-1655,Public       ,1008,1020,2028,1008,1020,2028
00140100,POST UNIVERSITY                         ,CT,06723-3240,Proprietary  ,1055,3369,4424,1055,3369,4424
00140200,QUINNIPIAC UNIVERSITY                   ,CT,06518-1908,Private      ,15137,1654,16791,15137,1654,16791
00140201,QUINNIPIAC UNIVERSITY SCHOOL OF LAW     ,CT,06518-0000,Private      ,62,541,603,62,541,603
00140300,SACRED HEART UNIVERSITY                 ,CT,06825-1000,Private      ,7202,1237,8439,7202,1237,8439
00140600,SOUTHERN CONNECTICUT STATE UNIV         ,CT,06515-1355,Public       ,8273,3388,11661,8273,3388,11661
00140900,SAINT JOSEPH COLLEGE                    ,CT,06117-2791,Private      ,982,850,1832,982,850,1832
00141400,TRINITY COLLEGE                         ,CT,06106-3100,Private      ,3251,188,3439,3251,188,3439
00141600,UNIVERSITY OF BRIDGEPORT                ,CT,06601-5650,Private      ,2769,1679,4448,2769,1679,4448
00141700,UNIVERSITY OF CONNECTICUT-STORRS        ,CT,06269-2151,Public       ,29195,4455,33650,29195,4455,33650
00141702,UNIV CONN STAMFORD                      ,CT,06901-0000,Public       ,830,365,1195,830,365,1195
00141703,UNIV OF CONNECTICUT - TORINGTON         ,CT,06790-0000,Public       ,232,79,311,232,79,311
00141706,UNIV OF CONNECTICUT SCH LAW             ,CT,06105-0000,Public       ,50,766,816,50,766,816
00141707,UNIV OF CT - SCH OF SOCIAL WORK         ,CT,06117-0000,Public       ,143,575,718,143,575,718
00141708,UNIVERSITY OF CONNECTICUT - SCHOOL OF ME,CT,06030-1920,Public       ,129,365,494,129,365,494
00141709,UNIVERSITY OF CONNECTICUT - SCHOOL OF DE,CT,06030-1920,Public       ,254,200,454,254,200,454
00142200,UNIVERSITY OF HARTFORD                  ,CT,06117-1599,Private      ,9189,1399,10588,9189,1399,10588
00142400,WESLEYAN UNIVERSITY                     ,CT,06459-3208,Private      ,5153,168,5321,5153,168,5321
00142500,EASTERN CONNECTICUT STATE UNIV          ,CT,06226-2295,Public       ,6212,892,7104,6212,892,7104
00142600,YALE UNIVERSITY                         ,CT,06520-8288,Private      ,17107,6770,23877,17107,6770,23877
00280301,RENSSELAER POLYTECHNIC INSTITUTE-RENSSEL,CT,06120-2991,Private      ,27,14,41,27,14,41
00451300,HOUSATONIC COMMUNITY COLLEGE            ,CT,06604-4704,Public       ,1294,1655,2949,1294,1655,2949
00618100,BRIDGEPORT HOSP SCHL OF NURSING         ,CT,06610-2896,Private      ,127,302,429,127,302,429
00619100,ST. VINCENT'S COLLEGE                   ,CT,06606-9966,Private      ,250,457,707,250,457,707
00698200,NAUGATUCK VALLEY COMM-TECH COLG         ,CT,06708-3089,Public       ,1647,1627,3274,1647,1627,3274
00730000,ELI WHITNEY TECHNICAL HIGH SCHOOL       ,CT,06514-0000,Public       ,5,26,31,5,26,31
00730300,LINCOLN TECHNICAL INSTITUTE             ,CT,06051-0000,Proprietary  ,133,273,406,133,273,406
00730306,LINCOLN TECHNICAL INSTITUTE - EAST WINDS,CT,06088-9631,Proprietary  ,370,128,498,370,128,498
00730500,PORTER AND CHESTER INSTITUTE OF BRANFORD,CT,06405-4022,Proprietary  ,76,186,262,76,186,262
00731100,WINDHAM TECHNICAL HIGH SCHOOL           ,CT,06226-2100,Public       ,1,3,4,1,3,4
00745900,PAIER COLLEGE OF ART                    ,CT,06514-3902,Proprietary  ,81,26,107,81,26,107
00763500,CAPITAL COMMUNITY COLLEGE               ,CT,06103-1207,Public       ,782,1441,2223,782,1441,2223
00803700,GATEWAY COMMUNITY-TECHNICAL COLLEGE     ,CT,06511-0000,Public       ,1775,2278,4053,1775,2278,4053
00803800,MIDDLESEX COMMUNITY CLG                 ,CT,06457-4889,Public       ,565,561,1126,565,561,1126
00887300,PAUL MITCHELL THE SCHOOL                ,CT,06810-6716,Proprietary  ,38,35,73,38,35,73
00887400,BRIO ACADEMY OF COSMETOLOGY             ,CT,06450-4836,Proprietary  ,13,12,25,13,12,25
00887401,BRIO ACADEMY OF COSMETOLOGY - HAMDEN    ,CT,06514-4132,Proprietary  ,10,13,23,10,13,23
00887402,BRIO ACADEMY OF COSMETOLOGY - FAIRFIELD ,CT,06824-6690,Proprietary  ,14,21,35,14,21,35
00887403,BRIO ACADEMY OF COSMETOLOGY - WILLIMANTI,CT,06226-1940,Proprietary  ,10,16,26,10,16,26
00887404,BRIO ACADEMY OF COSMETOLOGY -           ,CT,06605-4114,Proprietary  ,4,19,23,4,19,23
00927700,E C GOODWIN TECHNICAL HIGH SCHOOL       ,CT,06053-0000,Public       ,15,16,31,15,16,31
00940700,LINCOLN COLLEGE OF NEW ENGLAND          ,CT,06489-1057,Proprietary  ,240,224,464,240,224,464
00940701,CLEMENS COLLEGE                         ,CT,06078-0000,Proprietary  ,2,1,3,2,1,3
00976400,TUNXIS COMMUNITY COLLEGE                ,CT,06032-3187,Public       ,1110,873,1983,1110,873,1983
00976500,THREE RIVERS COMMUNITY COLLEGE          ,CT,06360-6598,Public       ,1046,1163,2209,1046,1163,2209
00982200,ALBERT I PRINCE TECHNICAL HIGH SCHOOL   ,CT,06106-3799,Public       ,4,31,35,4,31,35
01041700,BRIO ACADEMY OF EAST HARTFORD           ,CT,06108-2220,Proprietary  ,9,30,39,9,30,39
01053000,QUINEBAUG VALLEY COMMUNITY COLLEGE      ,CT,06239-1440,Public       ,336,448,784,336,448,784
01077900,PORTER AND CHESTER INSTITUTE-ALLCAMPUSES,CT,06615-7158,Proprietary  ,382,999,1381,382,999,1381
01115000,ASNUNTUCK COMMUNITY COLLEGE             ,CT,06082-3800,Public       ,249,270,519,249,270,519
01149600,BULLARD HAVENS VOC TECH SCHOOL          ,CT,06610-3499,Public       ,17,49,66,17,49,66
01169700,VINAL REGIONAL VOC TECH SCHOOL          ,CT,06457-4918,Public       ,6,21,27,6,21,27
01184300,NORWICH TECHNICAL HIGH SCHOOL           ,CT,06360-7097,Public       ,9,30,39,9,30,39
01242500,STONE ACADEMY                           ,CT,06516-4049,Proprietary  ,30,191,221,30,191,221
01242503,STONE ACADEMY -WATERBURY                ,CT,06705-3823,Proprietary  ,17,49,66,17,49,66
01242504,STONE ACADEMY -  EAST HARTFORD          ,CT,06118-0000,Proprietary  ,16,79,95,16,79,95
01287700,SANFORD-BROWN COLLEGE                   ,CT,06855-1436,Proprietary  ,23,59,82,23,59,82
01291300,LEON INSTITUTE OF HAIR DESIGN           ,CT,06604-4226,Proprietary  ,4,12,16,4,12,16
02074000,BRANFORD HALL CAREER INSTITUTE          ,CT,06405-0000,Proprietary  ,61,229,290,61,229,290
02106600,AMERICAN INSTITUTE                      ,CT,06110-1922,Proprietary  ,15,63,78,15,63,78
02112300,RIDLEY LOWELL BUSINESS & TECH INST      ,CT,06320-0000,Proprietary  ,42,226,268,42,226,268
02112700,NORTH HAVEN ACADEMY                     ,CT,06473-3108,Proprietary  ,37,27,64,37,27,64
02115100,BUTLER BUSINESS SCHOOL                  ,CT,06604-0000,Proprietary  ,1,0,1,1,0,1
02148700,CONNECTICUT INST OF HAIR DESIGN         ,CT,06716-0000,Proprietary  ,5,9,14,5,9,14
02202500,NEW ENGLAND TRACTOR TRAILER SCH         ,CT,06071-2036,Proprietary  ,7,32,39,7,32,39
02244900,GOODWIN COLLEGE                         ,CT,06118-9980,Private      ,559,2041,2600,559,2041,2600
02245300,HOWELL CHENEY TECHNICAL HIGH SCHOOL     ,CT,06040-0000,Public       ,5,4,9,5,4,9
02265900,WINDHAM COMMUNITY MEM HOSP-RAD TECH     ,CT,06226-0000,Private      ,8,6,14,8,6,14
02296100,YALE-NEW HAVEN HOSP DIETETIC INTERN     ,CT,06510-8900,Private      ,22,23,45,22,23,45
02300000,W F KAYNOR TECHNICAL HIGH SCHOOL        ,CT,06708-0000,Public       ,6,30,36,6,30,36
02316600,CONNECTICUT CTR FOR MASSAGE THERAPY     ,CT,06111-3975,Proprietary  ,13,39,52,13,39,52
02316601,CONNECTICUT CENTER FOR MASSAGE THERAPY -,CT,06880-4619,Proprietary  ,11,40,51,11,40,51
02316603,CONNECTICUT CENTER FOR MASSAGE THERAPY -,CT,06340-4619,Proprietary  ,15,26,41,15,26,41
02565000,PLATT TECHNICAL HIGH SCHOOL             ,CT,06460-2105,Public       ,6,19,25,6,19,25
03079400,LYME ACADEMY COLLEGE OF FINE ARTS       ,CT,06371-2333,Private      ,71,17,88,71,17,88
03094800,INDUSTRIAL MANAGEMENT & TRAINING        ,CT,06706-1211,Proprietary  ,16,43,59,16,43,59
03234300,CHARTER OAK STATE COLLEGE               ,CT,06053-2150,Public       ,62,646,708,62,646,708
03316300,LINCOLN TECHNICAL INSTITUTE - HARTFORD  ,CT,06105-3630,Proprietary  ,245,173,418,245,173,418
03381300,CONNECTICUT TRAINING CENTER             ,CT,06108-2705,Private      ,1,16,17,1,16,17
03927300,ALBERT SCHOOL (THE)                     ,CT,06357-2447,Proprietary  ,4,15,19,4,15,19
03927301,BRIO ACADEMY OF COSMETOLOGY - TORRINGTON,CT,06790-5425,Proprietary  ,1,9,10,1,9,10
03927302,BRIO ACADEMY OF COSMETOLOGY  -  ENFIELD ,CT,06082-2946,Proprietary  ,12,10,22,12,10,22
04104300,ACADEMY DI CAPELLI - SCHOOL OF COSMETOLO,CT,06492-0000,Proprietary  ,15,10,25,15,10,25
04128800,BRANFORD ACADEMY OF HAIR & COSMETOLOGY  ,CT,06405-0000,Proprietary  ,10,16,26,10,16,26
04145400,OXFORD ACADEMY OF HAIR DESIGN           ,CT,06483-2911,Proprietary  ,14,8,22,14,8,22
04148400,EUROPEAN ACADEMY OF COSMETOLOGY AND HAIR,CT,06437-0000,Proprietary  ,4,3,7,4,3,7
04152400,INTERNATIONAL INSTITUTE OF COSMETOLOGY  ,CT,06109-0000,Proprietary  ,20,27,47,20,27,47
04162900,TONSORIAL ACADEMY OF COSMETOLOGY AND BAR,CT,06516-0000,Proprietary  ,4,5,9,4,5,9
04219200,ACE COSMETOLOGY & BARBERING TRAINING CEN,CT,06716-0000,Proprietary  ,1,1,2,1,1,2
00146600,BARRY UNIVERSITY                        ,FL,33161-6695,Private      ,4155,3938,8093,4155,3938,8093
00146601,BARRY UNIVERSITY - ORLANDO              ,FL,32807-3673,Private      ,266,874,1140,266,874,1140
00146700,BETHUNE COOKMAN UNIVERSITY              ,FL,32114-3099,Private      ,5119,1098,6217,5119,1098,6217
00146800,ST THOMAS UNIVERSITY                    ,FL,33054-0000,Private      ,1052,1181,2233,1052,1181,2233
00146900,FLORIDA INSTITUTE OF TECHNOLOGY         ,FL,32901-6988,Private      ,3618,3033,6651,3618,3033,6651
00147000,BREVARD COMMUNITY COLLEGE               ,FL,32922-6503,Public       ,2291,3290,5581,2291,3290,5581
00147100,COLLEGE OF CENTRAL FLORIDA              ,FL,34474-4415,Public       ,1881,2997,4878,1881,2997,4878
00147200,CHIPOLA  COLLEGE                        ,FL,32446-2053,Public       ,394,471,865,394,471,865
00147300,CLEARWATER CHRISTIAN COLLEGE            ,FL,33759-0000,Private      ,465,76,541,465,76,541
00147500,DAYTONA STATE COLLEGE                   ,FL,32114-2800,Public       ,3234,4598,7832,3234,4598,7832
00147700,EDISON STATE COLLEGE                    ,FL,33906-6210,Public       ,3194,3327,6521,3194,3327,6521
00147800,EDWARD WATERS COLLEGE                   ,FL,32209-6199,Private      ,658,372,1030,658,372,1030
00147900,EMBRY-RIDDLE AERONAUTICAL UNIV          ,FL,32114-3900,Private      ,5433,3405,8838,5433,3405,8838
00148000,FLORIDA A & M UNIVERSITY                ,FL,32307-3100,Public       ,10407,4335,14742,10407,4335,14742
00148100,FLORIDA ATLANTIC UNIVERSITY             ,FL,33431-6498,Public       ,18845,8224,27069,18845,8224,27069
00148101,FLORIDA ATLANTIC UNIVERSITY/DAVIE       ,FL,33314-0000,Public       ,1657,2189,3846,1657,2189,3846
00148103,FLORIDA ATLANTIC UNIV-JUPITER/PSL       ,FL,33458-0000,Public       ,928,643,1571,928,643,1571
00148200,FLORIDA COLLEGE                         ,FL,33617-5578,Private      ,284,35,319,284,35,319
00148400,FLORIDA STATE COLLEGE AT JACKSONVILLE   ,FL,32202-4030,Public       ,5347,9822,15169,5347,9822,15169
00148500,FLORIDA KEYS COMMUNITY COLLEGE          ,FL,33040-4397,Public       ,305,283,588,305,283,588
00148600,FLORIDA MEMORIAL UNIVERSITY             ,FL,33054-6199,Private      ,1943,721,2664,1943,721,2664
00148700,ECKERD COLLEGE                          ,FL,33711-4744,Private      ,2533,469,3002,2533,469,3002
00148800,FLORIDA SOUTHERN COLLEGE                ,FL,33801-5698,Private      ,3183,623,3806,3183,623,3806
00148900,FLORIDA STATE UNIVERSITY                ,FL,32306-2430,Public       ,37300,10533,47833,37300,10533,47833
00149000,GULF COAST COMMUNITY COLLEGE            ,FL,32401-1058,Public       ,1090,1803,2893,1090,1803,2893
00149300,INDIAN RIVER STATE COLLEGE              ,FL,34981-5596,Public       ,2659,3415,6074,2659,3415,6074
00149500,JACKSONVILLE UNIVERSITY                 ,FL,32211-3394,Private      ,2613,1711,4324,2613,1711,4324
00149700,JONES COLLEGE                           ,FL,32211-5588,Private      ,49,301,350,49,301,350
00149900,EVEREST UNIVERSITY                      ,FL,32810-5601,Proprietary  ,284,1675,1959,284,1675,1959
00149901,EVEREST UNIVERSITY - ORLANDO SOUTH      ,FL,32819-7666,Proprietary  ,906,12304,13210,906,12304,13210
00149902,EVEREST UNIVERSITY - MELBOURNE          ,FL,32905-6609,Proprietary  ,57,379,436,57,379,436
00150000,BROWARD COLLEGE- DOWNTOWN CTR           ,FL,33301-2298,Public       ,2761,4608,7369,2761,4608,7369
00150001,BROWARD COLLEGE - DAVIE CAMPUS          ,FL,33314-0000,Public       ,4703,4872,9575,4703,4872,9575
00150002,BROWARD COLLEGE- NORTH CAMPUS           ,FL,33066-0000,Public       ,2844,4270,7114,2844,4270,7114
00150003,BROWARD COLLEGE- SOUTH CAMPUS           ,FL,33024-0000,Public       ,3252,4024,7276,3252,4024,7276
00150100,FLORIDA GATEWAY COLLEGE                 ,FL,32025-2007,Public       ,477,839,1316,477,839,1316
00150200,LAKE SUMTER COMMUNITY COLLEGE           ,FL,34788-8751,Public       ,1168,1235,2403,1168,1235,2403
00150400,"STATE COLLEGE OF FLORIDA, MANATEE-SARASO",FL,34207-3596,Public       ,2244,2749,4993,2244,2749,4993
00150500,LYNN UNIVERSITY                         ,FL,33431-5598,Private      ,1739,468,2207,1739,468,2207
00150600,MIAMI DADE COLLEGE ADMINISTRATION ONLY  ,FL,33176-3393,Public       ,322,307,629,322,307,629
00150601,MIAMI DADE COLLEGE - NORTH CAMPUS       ,FL,33167-3495,Public       ,5962,6049,12011,5962,6049,12011
00150602,MIAMI DADE COLLEGE - KENDALL CAMPUS     ,FL,33176-3393,Public       ,7788,5409,13197,7788,5409,13197
00150603,MIAMI DADE COLLEGE - WOLFSON CAMPUS     ,FL,33132-2297,Public       ,4759,4226,8985,4759,4226,8985
00150604,MIAMI DADE COLLEGE - MEDICAL CAMPUS     ,FL,33127-4693,Public       ,1696,2722,4418,1696,2722,4418
00150605,MIAMI DADE COLLEGE - HOMESTEAD CAMPUS   ,FL,33030-6009,Public       ,1230,1297,2527,1230,1297,2527
00150606,MIAMI DADE COLLEGE -INTERAMERICAN CAMPUS,FL,33135-0000,Public       ,1549,2545,4094,1549,2545,4094
00150607,MIAMI DADE COLLEGE - HIALEAH CAMPUS     ,FL,33012-2918,Public       ,1554,1638,3192,1554,1638,3192
00150800,NORTH FLORIDA COMMUNITY COLLEGE         ,FL,32340-1699,Public       ,252,269,521,252,269,521
00150900,NOVA SOUTHEASTERN UNIVERSITY            ,FL,33314-7796,Private      ,5010,14353,19363,5010,14353,19363
00151000,NORTHWEST FLORIDA STATE COLLEGE         ,FL,32578-1295,Public       ,887,1774,2661,887,1774,2661
00151200,PALM BEACH COMMUNITY COLLEGE            ,FL,33461-4796,Public       ,5715,5735,11450,5715,5735,11450
00151300,PENSACOLA STATE COLLEGE                 ,FL,32504-8998,Public       ,1834,3455,5289,1834,3455,5289
00151400,POLK STATE COLLEGE                      ,FL,33881-4256,Public       ,1958,3006,4964,1958,3006,4964
00151500,ROLLINS COLLEGE                         ,FL,32789-4499,Private      ,2563,618,3181,2563,618,3181
00151900,SANTA FE COLLEGE                        ,FL,32606-6200,Public       ,5176,3988,9164,5176,3988,9164
00152000,SEMINOLE STATE COLLEGE OF FLORIDA       ,FL,32773-6199,Public       ,3790,5211,9001,3790,5211,9001
00152100,SOUTHEASTERN UNIVERSITY                 ,FL,33801-6099,Private      ,1991,586,2577,1991,586,2577
00152200,SOUTH FLORIDA COMMUNITY COLLEGE         ,FL,33825-9399,Public       ,519,651,1170,519,651,1170
00152300,SAINT JOHNS RIVER STATE COLLEGE         ,FL,32177-3897,Public       ,1225,1790,3015,1225,1790,3015
00152600,SAINT LEO UNIVERSITY                    ,FL,33574-6665,Private      ,2803,6114,8917,2803,6114,8917
00152800,ST. PETERSBURG COLLEGE                  ,FL,33760-3768,Public       ,3993,8795,12788,3993,8795,12788
00153100,STETSON UNIVERSITY                      ,FL,32723-3761,Private      ,5531,503,6034,5531,503,6034
00153101,STETSON UNIVERSITY - COLLEGE OF LAW     ,FL,33707-3299,Private      ,84,965,1049,84,965,1049
00153300,TALLAHASSEE COMMUNITY COLLEGE           ,FL,32304-2895,Public       ,4990,3586,8576,4990,3586,8576
00153400,EVEREST UNIVERSITY                      ,FL,33614-5801,Proprietary  ,208,1765,1973,208,1765,1973
00153408,EVEREST UNIVERSITY - TAMPA BRANDON CAMPU,FL,33619-1354,Proprietary  ,208,3092,3300,208,3092,3300
00153409,EVEREST UNIVERSITY - ORANGE PARK        ,FL,32073-1111,Proprietary  ,45,409,454,45,409,454
00153500,UNIVERSITY OF FLORIDA                   ,FL,32611-3150,Public       ,38713,11735,50448,38713,11735,50448
00153600,UNIVERSITY OF MIAMI                     ,FL,33146-6531,Private      ,20076,4029,24105,20076,4029,24105
00153601,UNIV OF MIAMI SCHOOL OF LAW             ,FL,33124-0000,Private      ,120,1623,1743,120,1623,1743
00153602,UNIV OF MIAMI-SCH OF MEDICINE           ,FL,33136-0000,Private      ,696,1144,1840,696,1144,1840
00153700,UNIVERSITY OF SOUTH FLORIDA             ,FL,33620-6960,Public       ,31964,14248,46212,31964,14248,46212
00153701,UNIV OF SOUTH FLORIDA-ST PETERSBURG     ,FL,33701-0000,Public       ,3669,2041,5710,3669,2041,5710
00153702,UNIV OF SOUTH FLORIDA-SARASOTA          ,FL,34243-2025,Public       ,811,1032,1843,811,1032,1843
00153705,UNIV OF SOUTH FLORIDA                   ,FL,33803-0000,Public       ,798,704,1502,798,704,1502
00153706,UNIV OF SOUTH FLORIDA- MEDICINE         ,FL,33612-0000,Public       ,1208,1520,2728,1208,1520,2728
00153800,UNIVERSITY OF TAMPA                     ,FL,33606-1490,Private      ,9788,1812,11600,9788,1812,11600
00154000,WEBBER INTERNATIONAL UNIVERSITY         ,FL,33827-0096,Private      ,777,162,939,777,162,939
00173308,NATIONAL-LOUIS UNIVERSITY               ,FL,33609-0000,Private      ,11,40,51,11,40,51
00177201,TRINITY INTERNATIONAL UNIVERSITY - SOUTH,FL,33324-4611,Private      ,40,225,265,40,225,265
00395400,UNIV OF CENTRAL FLORIDA                 ,FL,32816-0001,Public       ,45529,16311,61840,45529,16311,61840
00395500,UNIVERSITY OF WEST FLORIDA              ,FL,32514-5750,Public       ,6927,3611,10538,6927,3611,10538
00407215,NORTHWOOD UNIVERSITY                    ,FL,33409-0000,Private      ,382,189,571,382,189,571
00491004,KAPLAN CAREER INSTITUTE - KAPLAN COLLEGE,FL,33026-3978,Proprietary  ,51,433,484,51,433,484
00491005,KAPLAN COLLEGE JACKSONVILLE             ,FL,32216-3216,Proprietary  ,65,808,873,65,808,873
00558500,LIVELY TECHNICAL CENTER                 ,FL,32304-0000,Public       ,221,672,893,221,672,893
00558600,LINDSEY HOPKINS TECHNICAL ED CENTER     ,FL,33127-4692,Public       ,81,290,371,81,290,371
00559400,D G ERWIN TECHNICAL CENTER              ,FL,33610-8255,Public       ,221,784,1005,221,784,1005
00560500,PINELLAS TECH ED CTR-CLEARWATER         ,FL,33760-2194,Public       ,115,442,557,115,442,557
00560700,SARASOTA COUNTY TECHNICAL INSTITUTE     ,FL,34233-0000,Public       ,137,322,459,137,322,459
00560800,MAYNARD A. TRAVISS CAREER CENTER        ,FL,33803-9709,Public       ,115,422,537,115,422,537
00561200,MANATEE TECHNICAL INSTITUTE             ,FL,34210-0000,Public       ,154,430,584,154,430,584
00561201,MANATEE TECHNICAL INSTITUTE-EAST        ,FL,34211-0000,Public       ,120,358,478,120,358,478
00675000,VALENCIA COMMUNITY COLLEGE              ,FL,32802-3028,Public       ,13895,11916,25811,13895,11916,25811
00732910,ITT TECHNICAL INSTITUTE                 ,FL,33634-7515,Proprietary  ,222,687,909,222,687,909
00732947,ITT TECHNICAL INSTITUTE                 ,FL,32746-1607,Proprietary  ,137,446,583,137,446,583
00736206,MEDTECH COLLEGE - MEDTECH INSTITUTE - OR,FL,32826-4906,Proprietary  ,27,125,152,27,125,152
00752500,SUWANNEE-HAMILTON AREA VOC TECH CTR     ,FL,32060-0000,Public       ,25,93,118,25,93,118
00752600,WASHINGTON HOLMES TECHNICAL CENTER      ,FL,32428-1699,Public       ,39,131,170,39,131,170
00755800,LEE COUNTY HIGH TECH CENTER CENTRAL     ,FL,33916-2299,Public       ,139,360,499,139,360,499
00758600,REMINGTON COLLEGE - TAMPA CAMPUS        ,FL,33612-8410,Private      ,69,345,414,69,345,414
00787000,HILLSBOROUGH COMMUNITY COLLEGE          ,FL,33606-3572,Public       ,6457,8296,14753,6457,8296,14753
00789300,FLAGLER COLLEGE                         ,FL,32085-1027,Private      ,3518,491,4009,3518,491,4009
00789301,FLAGLER COLLEGE - TALLAHASSEE COMMUNITY ,FL,32304-2895,Private      ,235,378,613,235,378,613
00807500,ST JOHN VIANNEY COLLEGE SEMINARY        ,FL,33165-3244,Private      ,10,3,13,10,3,13
00814600,EVEREST UNIVERSITY - POMPANO BEACH      ,FL,33062-2522,Proprietary  ,88,1188,1276,88,1188,1276
00822300,ST VINCENT DE PAUL REGIONL SEMINARY     ,FL,33436-0000,Private      ,1,9,10,1,9,10
00841700,STENOTYPE INST OF JACKSONVILLE          ,FL,32207-0000,Proprietary  ,12,99,111,12,99,111
00869410,RASMUSSEN COLLEGE - OCALA               ,FL,34471-7051,Proprietary  ,250,1918,2168,250,1918,2168
00869411,RASMUSSEN COLLEGE - NEW PORT RICHEY     ,FL,34690-4554,Proprietary  ,70,463,533,70,463,533
00869413,RASMUSSEN COLLEGE - FORT MYERS          ,FL,33905-7805,Proprietary  ,138,526,664,138,526,664
00869420,RASMUSSEN COLLEGE - TAMPA               ,FL,33610-9558,Proprietary  ,87,379,466,87,379,466
00869422,RASMUSSEN COLLEGE - PASCO               ,FL,33558-0000,Proprietary  ,30,136,166,30,136,166
00884800,WARNER UNIVERSITY                       ,FL,33859-8725,Private      ,448,280,728,448,280,728
00884900,PALM BEACH ATLANTIC UNIVERSITY          ,FL,33401-6505,Private      ,2128,1083,3211,2128,1083,3211
00887800,MIAMI INTERNATIONAL UNIV ART&DESIGN     ,FL,33132-1418,Proprietary  ,1269,1011,2280,1269,1011,2280
00910400,RIVERSIDE HAIRSTYLING ACADEMY           ,FL,32207-3810,Proprietary  ,11,35,46,11,35,46
00963500,FLORIDA INTERNATIONAL UNIVERSITY        ,FL,33199-0001,Public       ,26578,16000,42578,26578,16000,42578
00984100,UNIVERSITY OF NORTH FLORIDA             ,FL,32224-2645,Public       ,10618,4698,15316,10618,4698,15316
00990200,SHERIDAN TECHNICAL CENTER               ,FL,33021-3399,Public       ,220,713,933,220,713,933
01016100,"LORAINE'S ACADEMY, INC                  ",FL,33710-0000,Proprietary  ,14,53,67,14,53,67
01019500,ART INSTITUTE OF FT LAUDERDALE          ,FL,33316-3000,Proprietary  ,1001,906,1907,1001,906,1907
01065200,PASCO-HERNANDO COMMUNITY CLG            ,FL,34654-5199,Public       ,1832,2488,4320,1832,2488,4320
01072401,CARLOS ALBIZU UNIVERSITY                ,FL,33172-0000,Private      ,56,353,409,56,353,409
01082600,TOM P. HANEY TECHNICAL CENTER           ,FL,32405-5099,Public       ,77,366,443,77,366,443
01112700,GOODING INST OF NUR ANES BAY MED CT     ,FL,32401-0000,Proprietary  ,16,72,88,16,72,88
01226300,ATLANTIC TECHNICAL CENTER               ,FL,33063-3902,Public       ,181,497,678,181,497,678
01254400,FIRST COAST TECHNICAL COLLEGE           ,FL,32084-1921,Public       ,118,399,517,118,399,517
01257400,RINGLING SCHOOL OF ART AND DESIGN       ,FL,34234-5895,Private      ,1698,268,1966,1698,268,1966
01303904,SOUTH UNIVERSITY - WEST PALM BEACH CAMPU,FL,33409-5149,Proprietary  ,217,659,876,217,659,876
01323400,LORENZO WALKER INST OF TECHNOLOGY       ,FL,34104-4405,Public       ,86,188,274,86,188,274
02089600,CONCORDE CAREER INSTITUTE               ,FL,32211-0000,Proprietary  ,87,576,663,87,576,663
02106602,AMERICAN INSTITUTE - AMERICAN INSTITUTE ,FL,34747-5161,Proprietary  ,2,17,19,2,17,19
02113609,AMERICAN INTERCONTINENTAL UNIV - WESTON ,FL,33326-3233,Proprietary  ,48,175,223,48,175,223
02115300,PINELLAS TECHNICAL EDUCATION CENTERS - S,FL,33711-0000,Public       ,150,663,813,150,663,813
02116006,SANFORD-BROWN INSTITUTE - FT. LAUDERDALE,FL,33309-1906,Proprietary  ,55,226,281,55,226,281
02121800,EVEREST INSTITUTE                       ,FL,33169-4759,Proprietary  ,98,357,455,98,357,455
02121801,EVEREST INSTITUTE  - HIALEAH            ,FL,33012-7193,Proprietary  ,25,47,72,25,47,72
02148200,FASHION FOCUS HAIR ACADEMY              ,FL,34231-0000,Proprietary  ,10,32,42,10,32,42
02148300,MANHATTAN BEAUTY SCHOOL                 ,FL,33611-0000,Proprietary  ,41,123,164,41,123,164
02149900,PAUL MITCHELL THE SCHOOL-JACKSONVILLE   ,FL,32205-0000,Proprietary  ,102,160,262,102,160,262
02151100,ATI COLLEGE OF HEALTH                   ,FL,33169-0000,Proprietary  ,9,20,29,9,20,29
02151900,KEISER  UNIVERSITY                      ,FL,33309-0000,Private      ,1431,5690,7121,1431,5690,7121
02156700,FLORIDA CHRISTIAN COLLEGE               ,FL,34744-0000,Private      ,204,104,308,204,104,308
02159600,BAPTIST COLLEGE OF FLORIDA (THE)        ,FL,32440-0000,Private      ,128,97,225,128,97,225
02172700,CONCORDE CAREER INSTITUTE               ,FL,33607-0000,Proprietary  ,53,269,322,53,269,322
02188900,HOBE SOUND BIBLE COLLEGE                ,FL,33475-0000,Private      ,15,33,48,15,33,48
02200100,BRADENTON BEAUTY & BARBER ACADEMY       ,FL,34209-0000,Proprietary  ,11,33,44,11,33,44
02218700,FLORIDA TECHNICAL COLLEGE               ,FL,32826-2707,Proprietary  ,260,820,1080,260,820,1080
02218707,FLORIDA TECHNICAL COLLEGE - LAKELAND    ,FL,33813-2101,Proprietary  ,56,187,243,56,187,243
02218709,FLORIDA TECHNICAL COLLEGE - DELAND      ,FL,32720-7415,Proprietary  ,46,251,297,46,251,297
02228300,LAKE TECHNICAL CENTER                   ,FL,32726-0000,Public       ,114,451,565,114,451,565
02245500,FORTIS COLLEGE                          ,FL,32789-4679,Proprietary  ,36,241,277,36,241,277
02257900,INTERNATIONAL ACADEMY                   ,FL,32119-3541,Proprietary  ,16,59,75,16,59,75
02275100,CONCORDE CAREER INSTITUTE               ,FL,33025-0000,Proprietary  ,46,142,188,46,142,188
02278800,SOUTHWEST FLORIDA COLLEGE               ,FL,33907-0000,Proprietary  ,172,479,651,172,479,651
02278801,SOUTHWEST FLORIDA COLLEGE - TAMPA       ,FL,33619-1344,Proprietary  ,182,375,557,182,375,557
02278802,SOUTHWEST FLORIDA COLLEGE - INSTITUTUE O,FL,33928-9469,Proprietary  ,12,24,36,12,24,36
02278803,SOUTHWEST FLORIDA COLLEGE - PORT CHARLOT,FL,33953-3100,Proprietary  ,50,200,250,50,200,250
02279600,CORTIVA INSTITUTE - FLORIDA             ,FL,33781-0000,Proprietary  ,12,24,36,12,24,36
02280800,NEW ENGLAND INST TECH-PALM BEACH        ,FL,33407-0000,Proprietary  ,77,149,226,77,149,226
02283800,BEAUTY SCHOOLS OF AMERICA               ,FL,33012-3322,Proprietary  ,77,378,455,77,378,455
02287100,LA BELLE BEAUTY SCHOOL                  ,FL,33012-3224,Proprietary  ,3,5,8,3,5,8
02293200,ATI CAREER TRAINING CENTER              ,FL,33309-5916,Proprietary  ,4,7,11,4,7,11
02293201,ATI CAREER TRAINING CENTER - MIAMI      ,FL,33122-1707,Proprietary  ,7,18,25,7,18,25
02293600,ADVANCED TECHNICAL CENTERS              ,FL,33266-1597,Private      ,22,34,56,22,34,56
02297000,CHARLOTTE TECHNICAL CENTER              ,FL,33948-0000,Public       ,79,192,271,79,192,271
02300900,WITHLACOOCHEE TECHNICAL INSTITUTE       ,FL,34450-0000,Public       ,69,201,270,69,201,270
02305700,FORTIS COLLEGE                          ,FL,33619-1283,Proprietary  ,37,137,174,37,137,174
02305800,FLORIDA CAREER COLLEGE                  ,FL,33012-7028,Proprietary  ,134,715,849,134,715,849
02305810,FLORIDA CAREER COLLEGE - CLEARWATER     ,FL,33759-3924,Proprietary  ,42,117,159,42,117,159
02307400,GEORGE STONE AREA VOCATIONAL TECHNICAL  ,FL,32526-0000,Public       ,93,423,516,93,423,516
02314100,SCHILLER INTERNATIONAL UNIVERSITY       ,FL,33770-0000,Proprietary  ,24,104,128,24,104,128
02316200,MIAMI LAKES TECHNICAL EDUCATION CTR     ,FL,33014-0000,Public       ,143,348,491,143,348,491
02321200,ORANGE TECH EDUC CTR- WESTSIDE TECH     ,FL,34787-0000,Public       ,86,218,304,86,218,304
02325100,KEY COLLEGE                             ,FL,33004-3046,Proprietary  ,7,14,21,7,14,21
02326303,MEDVANCE INSTITUTE - WEST PALM          ,FL,33461-2171,Proprietary  ,25,119,144,25,119,144
02326306,MEDVANCE INSTITUTE - MIAMI              ,FL,33173-3431,Proprietary  ,25,89,114,25,89,114
02326800,MERIDIAN COLLEGE                        ,FL,34240-8478,Proprietary  ,19,52,71,19,52,71
02326900,SUNSTATE ACADEMY OF HAIR DESIGN         ,FL,33907-1415,Proprietary  ,40,132,172,40,132,172
02329900,FLORIDA INSTITUTE OF ULTRASOUND         ,FL,32514-0000,Proprietary  ,39,158,197,39,158,197
02338400,FT PIERCE BEAUTY ACADEMY                ,FL,34982-0000,Proprietary  ,13,54,67,13,54,67
02346200,WYOTECH                                 ,FL,32174-1010,Proprietary  ,119,234,353,119,234,353
02362100,FULL SAIL UNIVERSITY                    ,FL,32792-0000,Proprietary  ,6758,9820,16578,6758,9820,16578
02499000,ACADEMY OF COSMETOLOGY                  ,FL,32953-3311,Proprietary  ,23,47,70,23,47,70
02501500,"O*TEC, MID-FLORIDA TECH                 ",FL,32809-0000,Public       ,187,483,670,187,483,670
02502702,ADVANCED CAREER TRAINING-JACKSONVIL     ,FL,32256-0000,Proprietary  ,51,172,223,51,172,223
02504600,WINTER PARK TECH                        ,FL,32789-0000,Public       ,52,227,279,52,227,279
02508900,TALMUDIC COLLEGE OF FLORIDA             ,FL,33139-0000,Private      ,15,6,21,15,6,21
02511700,RIDGE TECHNICAL CENTER                  ,FL,33881-0000,Public       ,110,338,448,110,338,448
02513200,ORLANDO TECHNICAL CENTER                ,FL,32801-0000,Public       ,199,547,746,199,547,746
02515400,CITY COLLEGE                            ,FL,33309-3073,Private      ,132,568,700,132,568,700
02517100,SARASOTA SCHOOL OF MASSAGE THERAPY      ,FL,34243-6130,Proprietary  ,9,37,46,9,37,46
02524000,SUNSTATE ACADEMY OF HAIR DESIGN         ,FL,34624-0000,Proprietary  ,16,42,58,16,42,58
02524200,ROBERT MORGAN EDUCATIONAL CENTER        ,FL,33177-0000,Public       ,126,282,408,126,282,408
02531805,PAUL MITCHELL THE SCHOOL -TAMPA         ,FL,33613-0000,Proprietary  ,10,10,20,10,10,20
02547600,FLORIDA NATIONAL COLLEGE                ,FL,33012-0000,Proprietary  ,110,455,565,110,455,565
02554200,RADFORD LOCKLIN TECH CENTER             ,FL,32570-0000,Public       ,19,91,110,19,91,110
02573200,LA BELLE BEAUTY ACADEMY                 ,FL,33135-0000,Proprietary  ,25,41,66,25,41,66
02597100,HERITAGE INSTITUTE                      ,FL,33912-7132,Proprietary  ,87,223,310,87,223,310
02598200,SOUTHERN CAREER COLLEGE                 ,FL,32211-0000,Proprietary  ,21,111,132,21,111,132
02599800,EVEREST UNIVERSITY                      ,FL,33770-2556,Proprietary  ,34,309,343,34,309,343
02599801,EVEREST UNIVERSITY - TAMPA LAKELAND CAMP,FL,33801-3801,Proprietary  ,58,363,421,58,363,421
02599805,EVEREST UNIVERSITY - JACKSONVILLE       ,FL,32256-0000,Proprietary  ,106,584,690,106,584,690
02601600,HENRY W BREWSTER TECHNICAL CENTER       ,FL,33602-0000,Public       ,48,260,308,48,260,308
02612700,"SALON PROFESSIONAL ACADEMY - MELBOURNE, ",FL,32904-3919,Proprietary  ,15,57,72,15,57,72
02616400,SANFORD-BROWN INSTITUTE                 ,FL,32256-3520,Proprietary  ,55,269,324,55,269,324
02616401,SANFORD-BROWN INSTITUTE - TAMPA         ,FL,33610-8304,Proprietary  ,53,223,276,53,223,276
02616705,LE CORDON BLEU COLLEGE OF CULINARY ARTS ,FL,33025-3929,Proprietary  ,140,160,300,140,160,300
03003200,EVEREST INSTITUTE                       ,FL,33186-1410,Proprietary  ,89,275,364,89,275,364
03003600,MCFATTER TECHNICAL CENTER               ,FL,33317-7499,Public       ,177,406,583,177,406,583
03008600,FLORIDA COLLEGE OF NATURAL HEALTH       ,FL,33064-1342,Proprietary  ,50,119,169,50,119,169
03010608,VIRGINIA COLLEGE - PENSACOLA            ,FL,32501-5650,Proprietary  ,66,477,543,66,477,543
03010612,VIRGINIA COLLEGE - GOLF ACADEMY OF AMERI,FL,32701-0000,Proprietary  ,25,40,65,25,40,65
03010618,VIRGINIA COLLEGE - JACKSONVILLE         ,FL,32207-5167,Proprietary  ,55,317,372,55,317,372
03012300,ASM BEAUTY WORLD ACADEMY                ,FL,33021-0000,Proprietary  ,11,28,39,11,28,39
03018500,BENE'S INTERNATIONAL SCHOOL OF BEAUTY   ,FL,34652-1637,Proprietary  ,21,80,101,21,80,101
03028200,TRINITY COLLEGE OF FLORIDA              ,FL,34655-4401,Private      ,62,51,113,62,51,113
03031400,INTERNATIONAL ACADEMY OF DESIGN AND TECH,FL,33634-6313,Proprietary  ,350,1271,1621,350,1271,1621
03031402,INTERNATIONAL ACADEMY OF DESIGN AND TECH,FL,32809-4613,Proprietary  ,169,291,460,169,291,460
03031403,IADT - ORLANDO CULINARY ACADEMY         ,FL,32819-0000,Proprietary  ,103,173,276,103,173,276
03035800,HERITAGE INSTITUTE                      ,FL,32216-0948,Proprietary  ,27,160,187,27,160,187
03035900,NATIONAL AVIATION ACADEMY               ,FL,33760-3931,Proprietary  ,113,305,418,113,305,418
03037500,HODGES UNIVERSITY                       ,FL,34119-7932,Private      ,270,1262,1532,270,1262,1532
03054200,FORTIS COLLEGE                          ,FL,33144-2373,Proprietary  ,28,59,87,28,59,87
03071600,COLLEGE OF BUSINESS & TECHNOLOGY        ,FL,33176-0000,Proprietary  ,100,304,404,100,304,404
03076402,BRYMAN SCHOOL OF ARIZONA (THE) - ANTHEM ,FL,32803-3509,Proprietary  ,28,117,145,28,117,145
03079800,GEORGE T BAKER AVIATION                 ,FL,33142-5687,Public       ,91,142,233,91,142,233
03079900,CITY COLLEGE                            ,FL,32707-0000,Private      ,16,140,156,16,140,156
03089200,NOUVELLE INSTITUTE                      ,FL,33125-4141,Proprietary  ,5,2,7,5,2,7
03096300,FORTIS INSTITUTE                        ,FL,33860-0000,Proprietary  ,10,42,52,10,42,52
03100800,TAYLOR TECHNICAL INSTITUTE              ,FL,32348-0894,Public       ,16,49,65,16,49,65
03101900,TRINITY BAPTIST COLLEGE                 ,FL,32221-1398,Private      ,83,87,170,83,87,170
03103900,MARION COUNTY COMMUNITY TECH & ADUL     ,FL,34474-3172,Public       ,152,528,680,152,528,680
03108500,EVERGLADES UNIVERSITY                   ,FL,33431-0000,Private      ,82,565,647,82,565,647
03108600,COM-PU-MED VOCATIONAL CAREERS           ,FL,33012-4861,Proprietary  ,3,10,13,3,10,13
03113400,ACADEMY OF HEALING ARTS                 ,FL,33463-2113,Proprietary  ,15,44,59,15,44,59
03114700,PRAXIS INSTITUTE                        ,FL,33135-2657,Proprietary  ,6,21,27,6,21,27
03115500,ADVENTIST UNIVERSITY OF HEALTH SCIENCES ,FL,32803-1237,Private      ,670,983,1653,670,983,1653
03123900,KEISER CAREER COLLEGE                   ,FL,33413-0000,Proprietary  ,83,347,430,83,347,430
03125600,MIAMI AD SCHOOL                         ,FL,33139-5203,Proprietary  ,37,136,173,37,136,173
03127900,TECHNICAL EDUCATION CTR OSCEOLA         ,FL,34744-4459,Public       ,128,342,470,128,342,470
03158300,LEE COUNTY HIGH TECH CENTER NORTH       ,FL,33993-2479,Public       ,60,157,217,60,157,217
03171300,UNIVERSITY OF ST. AUGUSTINE FOR HEALTH S,FL,32084-4215,Proprietary  ,77,756,833,77,756,833
03178400,CORAL RIDGE NURSES ASST TRAINING        ,FL,33306-0000,Proprietary  ,11,32,43,11,32,43
03224300,NEW PROFESSIONS TECHNICAL INSTITUTE     ,FL,33134-1640,Proprietary  ,7,129,136,7,129,136
03230300,CHOICE HIGH SCHOOL AND TECHNICAL CENTER ,FL,32547-1299,Public       ,33,178,211,33,178,211
03238300,FLORIDA COLLEGE OF INTEGRATIVE MED      ,FL,32809-5721,Proprietary  ,60,176,236,60,176,236
03255300,FLORIDA GULF COAST UNIVERSITY           ,FL,33965-6565,Public       ,11928,2992,14920,11928,2992,14920
03256300,YESHIVA GEDOLAH RABBINICAL COLLEGE      ,FL,33139-4708,Private      ,10,7,17,10,7,17
03264300,SOUTH FLORIDA BIBLE COLLEGE AND THEOLOGI,FL,33441-5768,Private      ,9,33,42,9,33,42
03346300,ACAD FOR PRAC NURSING & HEALTH OCCP     ,FL,33417-4574,Private      ,91,268,359,91,268,359
03348400,PROFESSIONAL TRAINING CENTERS           ,FL,33184-0000,Proprietary  ,19,72,91,19,72,91
03373300,BEACON COLLEGE                          ,FL,34748-5224,Private      ,102,44,146,102,44,146
03374300,FLORIDA COASTAL SCHOOL OF LAW           ,FL,32256-0000,Proprietary  ,45,1161,1206,45,1161,1206
03382300,BRADFORD-UNION AREA CAREERTECHNICAL CENT,FL,32091-2434,Public       ,21,86,107,21,86,107
03390300,LINCOLN TECHNICAL INSTITUTE             ,FL,32730-2351,Proprietary  ,61,96,157,61,96,157
03411400,INTERNATIONAL TRAINING CAREERS          ,FL,33155-1462,Private      ,13,28,41,13,28,41
03414500,ACUPUNCTURE AND MASSAGE COLLEGE         ,FL,33176-1509,Proprietary  ,35,93,128,35,93,128
03425400,CENTRAL FLORIDA INSTITUTE               ,FL,34684-4436,Proprietary  ,38,163,201,38,163,201
03429600,ATLANTIC INST OF ORIENTAL MEDICINE      ,FL,33316-0000,Private      ,8,75,83,8,75,83
03429700,EAST WEST COLLG OF NATURAL MEDICINE     ,FL,34236-4959,Proprietary  ,6,53,59,6,53,59
03433400,NEW CONCEPT MASSAGE AND BEAUTY SCHO     ,FL,33135-0000,Proprietary  ,17,17,34,17,17,34
03434300,FORTIS COLLEGE                          ,FL,32073-2999,Proprietary  ,34,152,186,34,152,186
03480301,MEDVANCE INSTITUTE - FORT LAUDERDALE    ,FL,33313-7261,Proprietary  ,13,48,61,13,48,61
03480302,MEDVANCE INSTITUTE - STUART             ,FL,34994-3000,Proprietary  ,21,151,172,21,151,172
03491400,AMERICAN ADVANCED TECHNICIANS INST      ,FL,33014-4430,Proprietary  ,16,19,35,16,19,35
03549300,ULTIMATE MEDICAL ACADEMY                ,FL,33756-4917,Proprietary  ,230,3597,3827,230,3597,3827
03553300,KEISER CAREER COLLEGE                   ,FL,32216-0000,Proprietary  ,131,443,574,131,443,574
03557300,NORTH FLORIDA COSMETOLOGY INSTITUTE     ,FL,32312-0000,Proprietary  ,59,133,192,59,133,192
03564300,"INTERNATIONAL SCHOOL OF HEALTH, BEAUTY &",FL,33311-1141,Proprietary  ,11,34,45,11,34,45
03570400,ENGLISH CENTER (THE)                    ,FL,33133-2703,Public       ,5,46,51,5,46,51
03611400,FLORIDA BARBER ACADEMY                  ,FL,33441-0000,Proprietary  ,12,53,65,12,53,65
03618300,FLORIDA INSTITUTE OF ANIMAL ARTS        ,FL,32792-1740,Proprietary  ,63,57,120,63,57,120
03627400,JACKSONVILLE BEAUTY INSTITUTE           ,FL,32208-1885,Proprietary  ,28,96,124,28,96,124
03627600,FLORIDA EDUCATION INSTITUTE             ,FL,33144-5036,Proprietary  ,37,77,114,37,77,114
03661400,SOUTH FLORIDA INSTITUTE OF TECHNOLO     ,FL,33135-0000,Proprietary  ,65,212,277,65,212,277
03691400,AVE MARIA SCHOOL OF LAW                 ,FL,34119-1376,Private      ,51,285,336,51,285,336
03696400,SABER                                   ,FL,33134-1604,Private      ,10,120,130,10,120,130
03706300,AMERICAN INSTITUTE                      ,FL,33319-0000,Proprietary  ,8,52,60,8,52,60
03757300,ADVANCE SCIENCE INSTITUTE               ,FL,33012-0000,Proprietary  ,10,17,27,10,17,27
03801400,BEAUTY INSTITUTE (THE)                  ,FL,33409-2972,Proprietary  ,21,41,62,21,41,62
03801401,BEAUTY INSTITUTE (THE) - MARGATE        ,FL,33068-5704,Proprietary  ,8,26,34,8,26,34
03816300,ARTISTIC NAILS & BEAUTY ACADEMY         ,FL,33605-5919,Proprietary  ,44,105,149,44,105,149
03823300,FLORIDA ACADEMY OF HEALTH & BEAUTY      ,FL,33311-0000,Proprietary  ,4,18,22,4,18,22
03832300,DADE MEDICAL COLLEGE                    ,FL,33126-5534,Proprietary  ,331,1177,1508,331,1177,1508
03842500,CAMBRIDGE INSTITUTE OF ALLIED HEALTH    ,FL,32750-0000,Proprietary  ,10,98,108,10,98,108
03856300,UNIVERSAL BEAUTY SCHOOL                 ,FL,33174-4406,Proprietary  ,0,1,1,0,1,1
03856500,FLORIDA SCHOOL OF TRADITIONAL MIDWIFERY ,FL,32601-5507,Private      ,11,76,87,11,76,87
03875300,MCI INSTITUTE OF TECHNOLOGY             ,FL,33409-4937,Proprietary  ,25,59,84,25,59,84
03888300,DRAGON RISES COLLEGE OF ORIENTAL MEDICIN,FL,32601-5089,Proprietary  ,3,33,36,3,33,36
03903500,SOUTHERN TECHNICAL COLLEGE              ,FL,32809-0000,Proprietary  ,69,399,468,69,399,468
03907301,PAUL MITCHELL THE SCHOOL FT MYERS       ,FL,33907-0000,Proprietary  ,4,7,11,4,7,11
03911300,TOTAL INTERNATIONAL CAREER INSTITUTE    ,FL,33012-0000,Proprietary  ,2,16,18,2,16,18
03939300,WOLFORD COLLEGE                         ,FL,34108-1931,Proprietary  ,16,79,95,16,79,95
03939400,CENTURA INSTITUTE                       ,FL,32807-3566,Proprietary  ,47,162,209,47,162,209
03939600,DAYTONA COLLEGE                         ,FL,32174-8445,Proprietary  ,46,122,168,46,122,168
03941300,AVE MARIA UNIVERSITY                    ,FL,34142-9505,Private      ,830,104,934,830,104,934
03957400,NEW COLLEGE OF FLORIDA                  ,FL,34243-2109,Public       ,1628,229,1857,1628,229,1857
03985300,COMMERCIAL DIVING ACADEMY               ,FL,32208-0000,Proprietary  ,128,284,412,128,284,412
03986300,AVIATOR COLLEGE OF AERONAUTICAL SCIENCE ,FL,34946-9022,Proprietary  ,39,77,116,39,77,116
04016500,AMERICAN INSTITUTE OF BEAUTY            ,FL,33773-0000,Proprietary  ,16,84,100,16,84,100
04029300,TRENDSETTERS OF FLORIDA SCHOOL OF BEAUTY,FL,32205-4737,Proprietary  ,4,39,43,4,39,43
04038302,ATA COLLEGE-ATA CAREER EDUCATION        ,FL,34606-4300,Proprietary  ,23,96,119,23,96,119
04038303,ATA COLLEGE - ATA CAREER EDUCATION      ,FL,33773-3434,Proprietary  ,4,14,18,4,14,18
04083400,CAMBRIDGE INSTITUTE OF ALLIED HEALTH & T,FL,33484-6543,Proprietary  ,18,94,112,18,94,112
04105400,PENSACOLA SCHOOL OF MASSAGE THERAPY & HE,FL,32504-7337,Proprietary  ,20,103,123,20,103,123
04106300,PALM BEACH ACADEMY OF HEALTH & BEAUTY   ,FL,33403-2130,Proprietary  ,8,28,36,8,28,36
04116400,FUTURE-TECH INSTITUTE                   ,FL,33135-4142,Proprietary  ,8,23,31,8,23,31
04116600,TAYLOR COLLEGE                          ,FL,34420-8714,Proprietary  ,25,277,302,25,277,302
04119400,AVEDA INSTITUTE - SAINT PETERSBURG      ,FL,33701-4242,Proprietary  ,137,250,387,137,250,387
04120400,HI-TECH SCHOOL OF COSMETOLOGY           ,FL,33174-0000,Proprietary  ,32,40,72,32,40,72
04126900,ACADEMY OF CAREER TRAINING              ,FL,34741-4644,Proprietary  ,46,117,163,46,117,163
04127400,DIGITAL MEDIA ARTS COLLEGE              ,FL,33431-5919,Proprietary  ,131,76,207,131,76,207
04128400,MANAGEMENT RESOURCES INSTITUTE          ,FL,33126-5473,Proprietary  ,9,99,108,9,99,108
04129900,FLORIDA SCHOOL OF MASSAGE               ,FL,32608-5419,Proprietary  ,38,81,119,38,81,119
04130400,SHEAR EXCELLENCE INTERNATIONAL HAIR ACAD,FL,33614-2783,Proprietary  ,16,37,53,16,37,53
04133500,ACADEMY FOR FIVE ELEMENT ACUPUNCTURE    ,FL,32601-6811,Private      ,11,43,54,11,43,54
04133900,FUTURA CAREER INSTITUTE                 ,FL,33012-3325,Proprietary  ,3,6,9,3,6,9
04134800,AVEDA INSTITUTE - TALLAHASSEE           ,FL,32304-3186,Proprietary  ,119,216,335,119,216,335
04134900,ORANGE PARK BEAUTY ACADEMY              ,FL,32073-5524,Proprietary  ,8,16,24,8,16,24
04135000,COZMO THE SCHOOL                        ,FL,34135-4810,Proprietary  ,5,12,17,5,12,17
04135900,ALLIED HEALTH INSTITUTE                 ,FL,33068-0000,Proprietary  ,35,432,467,35,432,467
04140800,NORTH FLORIDA ACADEMY                   ,FL,32065-7758,Proprietary  ,8,36,44,8,36,44
04143000,VOCATIONAL INSTITUTE OF FLORIDA         ,FL,33135-1939,Proprietary  ,13,32,45,13,32,45
04143100,PROFESSIONAL HANDS INSTITUTE            ,FL,33135-1939,Proprietary  ,4,6,10,4,6,10
04145900,CELEBRITY SCHOOL OF BEAUTY              ,FL,33144-4153,Proprietary  ,46,43,89,46,43,89
04146200,WALTON CAREER DEVELOPMENT CENTER        ,FL,32433-1557,Public       ,22,80,102,22,80,102
04146300,MARCHMAN TECHNICAL EDUCATION CENTER     ,FL,34653-1211,Public       ,62,120,182,62,120,182
04148500,MEDICAL INSTITUTE OF PALM BEACH         ,FL,33460-5042,Proprietary  ,21,63,84,21,63,84
04150800,IMMOKALEE TECHNICAL CENTER              ,FL,34142-3146,Public       ,42,54,96,42,54,96
04151500,AMERICAN ACADEMY OF COSMETOLOGY         ,FL,32065-8026,Proprietary  ,18,37,55,18,37,55
04156300,UNIVERSITY OF FORT LAUDERDALE           ,FL,33313-5809,Private      ,45,44,89,45,44,89
04156400,AVIATION INSTITUTE OF MAINTENANCE       ,FL,32803-6487,Proprietary  ,66,213,279,66,213,279
04157100,AEROSIM FLIGHT ACADEMY                  ,FL,32773-9683,Proprietary  ,36,72,108,36,72,108
04158300,FLAGLER TECHNICAL INSTITUTE             ,FL,32137-4714,Public       ,42,122,164,42,122,164
04162000,JOSE MARIA VARGAS UNIVERSITY            ,FL,33025-4534,Proprietary  ,11,27,38,11,27,38
04162500,HOLLYWOOD INSTITUTE OF BEAUTY CAREERS   ,FL,33020-4807,Proprietary  ,24,90,114,24,90,114
04163000,SALON PROFESSIONAL ACADEMY (THE)        ,FL,33624-6321,Proprietary  ,30,75,105,30,75,105
04163100,SALON PROFESSIONAL ACADEMY (THE)        ,FL,32607-1672,Proprietary  ,28,71,99,28,71,99
04163200,SALON PROFESSIONAL ACADEMY (THE)        ,FL,32162-9311,Proprietary  ,22,66,88,22,66,88
04164500,EUREKA INSTITUTE OF HEALTH AND BEAUTY   ,FL,33174-4205,Proprietary  ,12,22,34,12,22,34
04164600,D. A. DORSEY EDUCATIONAL CENTER         ,FL,33147-6304,Public       ,14,68,82,14,68,82
04167300,SALON PROFESSIONAL ACADEMY (THE)        ,FL,33904-4824,Proprietary  ,21,40,61,21,40,61
04170300,BEAUTY ACADEMY OF SOUTH FLORIDA         ,FL,33012-3221,Proprietary  ,9,16,25,9,16,25
04172300,ETERNITY COSMETOLOGY SCHOOL             ,FL,33415-5719,Proprietary  ,16,26,42,16,26,42
04176800,PROGRESSIVE TRAINING CENTERS            ,FL,33060-9238,Proprietary  ,0,4,4,0,4,4
04176900,AMERICAN HEALTH INSTITUTE               ,FL,34654-3743,Proprietary  ,15,48,63,15,48,63
04182500,MILLENNIA ATLANTIC UNIVERSITY           ,FL,33178-2369,Proprietary  ,6,12,18,6,12,18
04188300,FLORIDA ACADEMY                         ,FL,33966-1155,Proprietary  ,41,92,133,41,92,133
04192100,AMERICAN MEDICAL ACADEMY                ,FL,33186-4830,Proprietary  ,53,104,157,53,104,157
04195100,AMBIANCE BEAUTY & BARBER ACADEMY        ,FL,32935-8771,Proprietary  ,10,32,42,10,32,42
04197600,"FLORIDA INSTITUTE OF RECORDING, SOUND AN",FL,32804-3309,Proprietary  ,79,110,189,79,110,189
04206300,FLORIDA VOCATIONAL INSTITUTE            ,FL,33155-3762,Proprietary  ,19,42,61,19,42,61
04207900,SAE INSTITUTE OF TECHNOLOGY - MIAMI     ,FL,33160-4307,Proprietary  ,59,85,144,59,85,144
04209500,SHEAR FINESSE HAIRSTYLING ACADEMY       ,FL,32208-5005,Proprietary  ,9,28,37,9,28,37
04210800,ULTRASOUND MEDICAL INSTITUTE            ,FL,33462-4221,Proprietary  ,6,18,24,6,18,24
04213200,KAIZEN BEAUTY ACADEMY                   ,FL,33024-6609,Proprietary  ,8,8,16,8,8,16
04217800,BOCA BEAUTY ACADEMY                     ,FL,33434-4178,Proprietary  ,12,31,43,12,31,43
00160500,CHAMINADE UNIV OF HONOLULU              ,HI,96816-1578,Private      ,1684,1105,2789,1684,1105,2789
00160600,BRIGHAM YOUNG UNIV-HAWAII CAMPUS        ,HI,96762-1294,Private      ,1180,406,1586,1180,406,1586
00161000,UNIVERSITY OF HAWAII AT MANOA           ,HI,96822-2399,Public       ,11873,6158,18031,11873,6158,18031
00161100,UNIVERSITY OF HAWAII AT HILO            ,HI,96720-4091,Public       ,3078,2021,5099,3078,2021,5099
00161200,HONOLULU COMMUNITY COLLEGE              ,HI,96817-4598,Public       ,1440,1509,2949,1440,1509,2949
00161300,KAPIOLANI COMMUNITY COLLEGE             ,HI,96816-4421,Public       ,2162,1895,4057,2162,1895,4057
00161400,KAUAI COMMUNITY COLLEGE                 ,HI,96766-9591,Public       ,343,352,695,343,352,695
00161500,UNIVERSITY OF HAWAII MAUI COLLEGE       ,HI,96732-1644,Public       ,1032,1362,2394,1032,1362,2394
00454900,LEEWARD COMMUNITY COLLEGE               ,HI,96782-3393,Public       ,1442,1573,3015,1442,1573,3015
00525800,HAWAII COMMUNITY COLLEGE                ,HI,96720-4075,Public       ,1058,1403,2461,1058,1403,2461
00723401,HEALD COLLEGE - HONOLULU                ,HI,96814-0000,Proprietary  ,347,733,1080,347,733,1080
00727900,HAWAII PACIFIC UNIVERSITY               ,HI,96813-2882,Private      ,4108,2133,6241,4108,2133,6241
01122000,WINDWARD COMMUNITY COLLEGE              ,HI,96744-0000,Public       ,587,895,1482,587,895,1482
02100300,MED-ASSIST SCHOOL OF HAWAII             ,HI,96813-0000,Proprietary  ,67,119,186,67,119,186
02107800,UNIVERSITY OF HAWAII - WEST OAHU        ,HI,96782-0000,Public       ,1512,1263,2775,1512,1263,2775
02139500,HAWAII INSTITUTE OF HAIR DESIGN         ,HI,96817-5195,Proprietary  ,47,74,121,47,74,121
02159701,NEW HOPE CHRISTIAN COLLEGE - HAWAII     ,HI,96819-2228,Private      ,73,85,158,73,85,158
03017800,TRAVEL INSTITUTE OF THE PACIFIC         ,HI,96814-1946,Proprietary  ,25,65,90,25,65,90
03072500,WORLD MEDICINE INSTITUTE                ,HI,96826-0000,Private      ,32,93,125,32,93,125
03735300,INST OF CLINICAL ACUPUNCTURE & ORIENT MD,HI,96813-2307,Proprietary  ,10,53,63,10,53,63
03999400,TRADITIONAL CHINESE MEDICAL COLLEGE OF H,HI,96743-8324,Private      ,2,22,24,2,22,24
04165200,MAUNA LOA HELICOPTERS                   ,HI,96740-2650,Proprietary  ,6,38,44,6,38,44
04175100,PAUL MITCHELL THE SCHOOL HONOLULU       ,HI,96816-2433,Proprietary  ,57,89,146,57,89,146
04182200,HAWAII MEDICAL INSTITUTE                ,HI,96814-3518,Proprietary  ,111,263,374,111,263,374
00161600,BOISE STATE UNIVERSITY                  ,ID,83725-1000,Public       ,11786,7757,19543,11786,7757,19543
00161700,"COLLEGE OF IDAHO, THE                   ",ID,83605-4432,Private      ,1517,357,1874,1517,357,1874
00161900,COLLEGE OF SOUTHERN IDAHO               ,ID,83301-0000,Public       ,2067,1730,3797,2067,1730,3797
00162000,IDAHO STATE UNIVERSITY                  ,ID,83209-5377,Public       ,3664,3474,7138,3664,3474,7138
00162100,LEWIS-CLARK STATE COLLEGE               ,ID,83501-2698,Public       ,2102,1658,3760,2102,1658,3760
00162300,NORTH IDAHO COLLEGE                     ,ID,83814-2199,Public       ,2043,2481,4524,2043,2481,4524
00162400,NORTHWEST NAZARENE UNIVERSITY           ,ID,83686-5897,Private      ,1334,793,2127,1334,793,2127
00162500,BRIGHAM YOUNG UNIVERSITY-IDAHO          ,ID,83460-1650,Private      ,6317,3570,9887,6317,3570,9887
00162600,UNIVERSITY OF IDAHO                     ,ID,83844-4291,Public       ,9236,3070,12306,9236,3070,12306
00732915,ITT TECHNICAL INSTITUTE                 ,ID,83713-1529,Proprietary  ,149,451,600,149,451,600
00987300,MR JUAN'S CLG OF HAIR DESIGN            ,ID,83301-4154,Proprietary  ,14,24,38,14,24,38
01113300,EASTERN IDAHO TECHNICAL COLLEGE         ,ID,83404-5788,Public       ,211,434,645,211,434,645
02218000,CARRINGTON COLLEGE                      ,ID,83704-0000,Proprietary  ,175,581,756,175,581,756
02234500,BOISE BIBLE COLLEGE                     ,ID,83714-1220,Private      ,114,70,184,114,70,184
02275800,MR LEONS SCHOOL OF HAIR DESIGN          ,ID,83843-8384,Proprietary  ,5,13,18,5,13,18
02275801,MR. LEON'S SCHOOL OF HAIR DESIGN        ,ID,83501-1910,Proprietary  ,6,7,13,6,7,13
02314000,SCHOOL OF HAIRSTYLING (THE)             ,ID,83202-0000,Proprietary  ,10,25,35,10,25,35
02319800,HEADMASTERS SCHOOL OF HAIR DESIGN       ,ID,83814-0000,Proprietary  ,37,62,99,37,62,99
02349200,HEADMASTERS SCHOOL OF HAIR DESIGN       ,ID,83501-0000,Proprietary  ,13,13,26,13,13,26
02559500,RAZZLE DAZZLE CLG OF HAIR DESIGN        ,ID,83686-5104,Proprietary  ,46,68,114,46,68,114
02607100,PAUL MITCHELL THE SCHOOL BOISE          ,ID,83709-1662,Proprietary  ,80,92,172,80,92,172
03098700,ACADEMY OF COURT REPORTING              ,ID,83704-8320,Proprietary  ,42,99,141,42,99,141
03832400,COSMETOLOGY SCHOOL OF ARTS & SCIENCES   ,ID,83318-1327,Proprietary  ,6,19,25,6,19,25
04051323,ART INSTITUTE OF PHOENIX (THE) - BROWN M,ID,83709-2746,Proprietary  ,47,79,126,47,79,126
04134300,EVANS HAIRSTYLING COLLEGE               ,ID,83440-5277,Proprietary  ,26,22,48,26,22,48
04144500,HAIR ACDMY PAUL MITCHELL PARTNER SCHOOL ,ID,83440-2600,Proprietary  ,32,38,70,32,38,70
04150600,D & L ACADEMY OF HAIR DESIGN            ,ID,83301-6229,Proprietary  ,9,28,37,9,28,37
04155200,OLIVER FINLEY ACADEMY OF COSMETOLOGY    ,ID,83704-8011,Proprietary  ,54,96,150,54,96,150
04163800,MASTER EDUCATORS BEAUTY SCHOOL          ,ID,83301-4118,Proprietary  ,16,23,39,16,23,39
04168600,COLLEGE OF MASSAGE THERAPY              ,ID,83221-1758,Proprietary  ,8,19,27,8,19,27
04176700,D'SHAW INSTITUTE OF COSMETOLOGY         ,ID,83704-4406,Proprietary  ,19,36,55,19,36,55
04194800,VELVET TOUCH ACADEMY OF COSMETOLOGY     ,ID,83687-5020,Proprietary  ,23,32,55,23,32,55
04203200,BOISE BARBER COLLEGE                    ,ID,83704-5919,Proprietary  ,16,34,50,16,34,50
04203500,AUSTIN KADE ACADEMY                     ,ID,83404-5540,Proprietary  ,27,43,70,27,43,70
04207200,ACADEMY DI FIRENZE                      ,ID,83338-2329,Proprietary  ,8,16,24,8,16,24
04211800,COLLEGE OF WESTERN IDAHO                ,ID,83687-5505,Public       ,2542,3469,6011,2542,3469,6011
00163200,AQUINAS INSTITUTE OF THEOLOGY           ,MO,63108-3323,Private      ,2,48,50,2,48,50
00244900,AVILA COLLEGE                           ,MO,64145-1698,Private      ,1028,823,1851,1028,823,1851
00245000,CALVARY BIBLE COLLEGE                   ,MO,64147-1341,Private      ,83,81,164,83,81,164
00245200,CENTRAL BIBLE COLLEGE                   ,MO,65803-1096,Private      ,133,88,221,133,88,221
00245300,CENTRAL METHODIST UNIVERSITY            ,MO,65248-1198,Private      ,1424,1267,2691,1424,1267,2691
00245400,UNIVERSITY OF CENTRAL MISSOURI          ,MO,64093-5178,Public       ,5979,2126,8105,5979,2126,8105
00245600,COLUMBIA COLLEGE                        ,MO,65216-4581,Private      ,1993,11611,13604,1993,11611,13604
00245700,CONCORDIA SEMINARY                      ,MO,63105-3199,Private      ,4,317,321,4,317,321
00245800,COTTEY COLLEGE                          ,MO,64772-2790,Private      ,293,51,344,293,51,344
00245900,CROWDER COLLEGE                         ,MO,64850-9165,Public       ,1218,1176,2394,1218,1176,2394
00246000,CULVER STOCKTON COLLEGE                 ,MO,63435-1299,Private      ,921,132,1053,921,132,1053
00246100,DRURY UNIVERSITY                        ,MO,65802-3791,Private      ,1745,1714,3459,1745,1714,3459
00246200,EDEN THEOLOGICAL SEMINARY               ,MO,63119-0000,Private      ,1,53,54,1,53,54
00246300,EVANGEL UNIVERSITY                      ,MO,65802-2125,Private      ,1757,465,2222,1757,465,2222
00246400,FONTBONNE UNIVERSITY                    ,MO,63105-3098,Private      ,1013,1138,2151,1013,1138,2151
00246600,HARRIS-STOWE STATE COLLEGE              ,MO,63103-2199,Public       ,720,818,1538,720,818,1538
00246700,CONCEPTION SEMINARY COLLEGE             ,MO,64433-0502,Private      ,27,5,32,27,5,32
00246800,JEFFERSON COLLEGE                       ,MO,63050-2441,Public       ,1278,1061,2339,1278,1061,2339
00247100,ST LOUIS COMMUNITY COLLEGE              ,MO,63102-0000,Public       ,5275,6031,11306,5275,6031,11306
00247300,KANSAS CITY ART INSTITUTE               ,MO,64111-1874,Private      ,944,233,1177,944,233,1177
00247400,KANSAS CITY UNIV OF MED AND BIOSCIENCES ,MO,64106-0000,Private      ,63,568,631,63,568,631
00247600,KENRICK-GLENNON SEMINARY                ,MO,63119-4330,Private      ,17,4,21,17,4,21
00247700,A.T. STILL UNIV OF HEALTH SCIENCES      ,MO,63501-0000,Private      ,16,1404,1420,16,1404,1420
00247900,LINCOLN UNIVERSITY                      ,MO,65101-3500,Public       ,1408,842,2250,1408,842,2250
00248000,LINDENWOOD UNIVERSITY                   ,MO,63301-1695,Private      ,4801,3381,8182,4801,3381,8182
00248200,MARYVILLE UNIVERSITY                    ,MO,63141-7299,Private      ,2047,1812,3859,2047,1812,3859
00248400,METROPOLITAN COMMUNITY COLLEGE          ,MO,64111-2408,Public       ,4299,5335,9634,4299,5335,9634
00248500,MIDWESTERN BAPTIST THEOL SEMINARY       ,MO,64118-4697,Private      ,39,113,152,39,113,152
00248600,MINERAL AREA COLLEGE                    ,MO,63601-1000,Public       ,1140,964,2104,1140,964,2104
00248800,MISSOURI SOUTHERN STATE UNIVERSITY      ,MO,64801-1595,Public       ,2522,1688,4210,2522,1688,4210
00248900,MISSOURI VALLEY COLLEGE                 ,MO,65340-3197,Private      ,1119,205,1324,1119,205,1324
00249000,MISSOURI WESTERN STATE UNIVERSITY       ,MO,64507-2294,Public       ,3274,1458,4732,3274,1458,4732
00249100,MOBERLY AREA COMMUNITY COLLEGE          ,MO,65270-1304,Public       ,1632,1412,3044,1632,1412,3044
00249400,NAZARENE THEOLOGICAL SEMINARY           ,MO,64131-1246,Private      ,1,99,100,1,99,100
00249500,TRUMAN STATE UNIVERSITY                 ,MO,63501-4221,Public       ,4602,393,4995,4602,393,4995
00249600,NORTHWEST MISSOURI STATE UNIV           ,MO,64468-6001,Public       ,4374,669,5043,4374,669,5043
00249800,PARK UNIVERSITY                         ,MO,64152-3795,Private      ,902,3386,4288,902,3386,4288
00249900,ROCKHURST UNIVERSITY                    ,MO,64110-2561,Private      ,1878,731,2609,1878,731,2609
00250000,COLLEGE OF THE OZARKS                   ,MO,65726-2502,Private      ,3026,280,3306,3026,280,3306
00250100,SOUTHEAST MISSOURI STATE UNIV           ,MO,63701-4799,Public       ,6779,2428,9207,6779,2428,9207
00250200,SOUTHWEST BAPTIST UNIVERSITY            ,MO,65613-2597,Private      ,1726,897,2623,1726,897,2623
00250300,MISSOURI STATE UNIVERSITY               ,MO,65897-0094,Public       ,11109,3949,15058,11109,3949,15058
00250400,ST LOUIS COLLEGE OF PHARMACY            ,MO,63110-1088,Private      ,704,466,1170,704,466,1170
00250600,SAINT LOUIS UNIVERSITY                  ,MO,63103-2097,Private      ,9254,4766,14020,9254,4766,14020
00250900,SAINT PAUL SCHOOL OF THEOLOGY           ,MO,64127-2499,Private      ,3,45,48,3,45,48
00251200,STEPHENS COLLEGE                        ,MO,65215-0001,Private      ,723,329,1052,723,329,1052
00251400,NORTH CENTRAL MISSOURI COLLEGE          ,MO,64683-1824,Public       ,509,411,920,509,411,920
00251600,UNIVERSITY OF MISSOURI-COLUMBIA         ,MO,65211-1600,Public       ,23008,5748,28756,23008,5748,28756
00251700,MISSOURI UNIVERSITY OF SCIENCE & TECHNOL,MO,65409-0250,Public       ,4743,813,5556,4743,813,5556
00251800,UNIVERSITY OF MISSOURI-KANSAS CITY      ,MO,64110-2497,Public       ,5941,4912,10853,5941,4912,10853
00251900,UNIVERSITY OF MISSOURI-ST LOUIS         ,MO,63121-4499,Public       ,4740,4888,9628,4740,4888,9628
00252000,WASHINGTON UNIVERSITY                   ,MO,63130-4899,Private      ,13642,3501,17143,13642,3501,17143
00252001,WASHINGTON UNIV-SCHOOL OF MEDICINE      ,MO,63110-0000,Private      ,153,978,1131,153,978,1131
00252100,WEBSTER UNIVERSITY                      ,MO,63119-3194,Private      ,2728,5757,8485,2728,5757,8485
00252200,WENTWORTH MILITARY ACADEMY              ,MO,64067-1799,Private      ,199,124,323,199,124,323
00252300,WESTMINSTER COLLEGE                     ,MO,65251-1299,Private      ,1116,113,1229,1116,113,1229
00252400,WILLIAM JEWELL COLLEGE                  ,MO,64068-1896,Private      ,1099,192,1291,1099,192,1291
00252500,WILLIAM WOODS UNIVERSITY                ,MO,65251-2388,Private      ,789,450,1239,789,450,1239
00405704,NATIONAL AMERICAN UNIVERSITY            ,MO,64057-1791,Proprietary  ,17,331,348,17,331,348
00439800,COX HEALTH SYSTEM SCHOOL OF RADIOLOGIC T,MO,65802-0000,Private      ,4,31,35,4,31,35
00441300,MERCY HOSPITAL SPRINGFIELD SCHOOL OF RAD,MO,65804-2263,Private      ,77,119,196,77,119,196
00470300,LOGAN COLLEGE OF CHIROPRACTIC           ,MO,63006-1065,Private      ,34,436,470,34,436,470
00470700,COVENANT THEOLOGICAL SEMINARY           ,MO,63141-8697,Private      ,0,256,256,0,256,256
00471100,LINN STATE TECHNICAL COLLEGE            ,MO,65051-9607,Public       ,1021,268,1289,1021,268,1289
00471300,THREE RIVERS COMMUNITY COLLEGE          ,MO,63901-2393,Public       ,972,1344,2316,972,1344,2316
00528800,KIRKSVILLE AREA TECHNICAL CENTER        ,MO,63501-0000,Public       ,17,42,59,17,42,59
00528900,WAYNESVILLE CAREER CENTER               ,MO,65583-2131,Public       ,21,47,68,21,47,68
00542400,SOUTH CENTRAL CAREER CENTER             ,MO,65775-3334,Public       ,13,48,61,13,48,61
00542600,SIKESTON CAREER AND TECHNOLOGY CTR      ,MO,63801-0000,Public       ,40,126,166,40,126,166
00542900,ROLLA TECHNICAL INSTITUTE               ,MO,65401-3601,Public       ,186,178,364,186,178,364
00543000,POPLAR BLUFF TECHNICAL CAREER CNTR      ,MO,63901-0000,Public       ,37,108,145,37,108,145
00543800,SALINE COUNTY CAREER CENTER             ,MO,65340-0000,Public       ,12,38,50,12,38,50
00544500,TRUMAN MEDICAL CENTER SCHOOL OF NURSE AN,MO,64108-2677,Private      ,41,123,164,41,123,164
00553100,GRAND RIVER TECHNICAL SCHOOL            ,MO,64601-1299,Public       ,39,20,59,39,20,59
00553200,CAPE GIRARDEAU CAREER & TECHNOLOGY CENTE,MO,63703-7511,Public       ,142,261,403,142,261,403
00638900,BARNES JEWISH COLLEGE OF NURSING AND ALL,MO,63110-1091,Private      ,432,694,1126,432,694,1126
00639200,RESEARCH COLLEGE OF NURSING             ,MO,64132-1199,Proprietary  ,82,173,255,82,173,255
00639201,RESEARCH MEDICAL CENTER - COLLEGE OF NUR,MO,64132-1199,Proprietary  ,35,99,134,35,99,134
00639202,RESEARCH MED CTR SCHL OF RAD TECH       ,MO,64132-0000,Proprietary  ,18,42,60,18,42,60
00666600,LUTHERAN  SCHOOL OF NURSING             ,MO,63118-3909,Proprietary  ,81,273,354,81,273,354
00732923,ITT TECHNICAL INSTITUTE                 ,MO,63045-1122,Proprietary  ,143,484,627,143,484,627
00754000,MISSOURI BAPTIST UNIVERSITY             ,MO,63141-8698,Private      ,1135,1080,2215,1135,1080,2215
00808000,STATE FAIR COMMUNITY COLLEGE            ,MO,65301-0000,Public       ,1079,1098,2177,1079,1098,2177
00826900,HILLYARD TECHNICAL CENTER               ,MO,64506-0000,Public       ,102,129,231,102,129,231
00855200,STEVENS INSTITUTE OF BUSINESS & ARTS    ,MO,63103-0000,Proprietary  ,49,125,174,49,125,174
00860600,TRI-COUNTY TECHNICAL SCHOOL             ,MO,65026-0000,Public       ,6,19,25,6,19,25
00886200,EAST CENTRAL COLLEGE                    ,MO,63084-0529,Public       ,1201,1041,2242,1201,1041,2242
00908900,HANNIBAL-LAGRANGE COLLEGE               ,MO,63401-1999,Private      ,597,252,849,597,252,849
00952000,NATIONAL ACADEMY OF BEAUTY ARTS         ,MO,63128-1307,Proprietary  ,34,84,118,34,84,118
00959000,INDEPENDENCE COLLEGE OF COSMETOLOGY     ,MO,64055-1105,Proprietary  ,19,46,65,19,46,65
00960700,HOUSE OF HEAVILIN BEAUTY COLLEGE        ,MO,64110-2826,Proprietary  ,14,56,70,14,56,70
00978200,SAINT LUKE'S COLLEGE OF HEALTH SCIENCES ,MO,64114-3237,Private      ,155,274,429,155,274,429
00979500,MISSOURI COLLEGE                        ,MO,63144-2901,Proprietary  ,82,177,259,82,177,259
01014814,COLORADO TECHNL UNIV NORTH KANSAS CITY  ,MO,64116-3614,Proprietary  ,27,162,189,27,162,189
01027900,HICKEY COLLEGE                          ,MO,63146-0000,Proprietary  ,205,160,365,205,160,365
01040500,PINNACLE CAREER INSTITUTE               ,MO,64131-3367,Proprietary  ,44,371,415,44,371,415
01040501,PINNACLE CAREER INSTITUTE - NORTH KANSAS,MO,64153-1151,Proprietary  ,14,143,157,14,143,157
01050303,WICHITA TECHNICAL INSTITUTE - WTI JOPLIN,MO,64801-2970,Proprietary  ,16,70,86,16,70,86
01102600,WARRENSBURG AREA VOC TECH SCH           ,MO,64093-0000,Public       ,29,49,78,29,49,78
01173500,PIKE/LINCOLN TECHNICAL CENTER           ,MO,63344-0000,Public       ,21,37,58,21,37,58
01212000,ASSEMBLIES OF GOD THEO. SEMINARY        ,MO,65802-0000,Private      ,9,103,112,9,103,112
01250000,RANKEN TECHNICAL COLLEGE                ,MO,63113-2811,Private      ,850,819,1669,850,819,1669
01258000,ST LOUIS CHRISTIAN COLLEGE              ,MO,63033-6499,Private      ,72,70,142,72,70,142
01320800,BAPTIST BIBLE COLLEGE                   ,MO,65803-3498,Private      ,97,90,187,97,90,187
02056100,FOUR RIVERS CAREER CENTER               ,MO,63090-0000,Public       ,11,26,37,11,26,37
02066900,NICHOLS CAREER CENTER                   ,MO,65101-2814,Public       ,48,72,120,48,72,120
02068200,COX HEALTH - COX COLLEGE                ,MO,65802-0000,Private      ,215,510,725,215,510,725
02090400,BOONSLICK TECHNICAL EDUCATION CTR       ,MO,65233-0000,Public       ,5,23,28,5,23,28
02119204,COURT REPORTING INSTITUTE OF DALLAS - CO,MO,63105-3329,Proprietary  ,4,49,53,4,49,53
02121100,MIDWEST INSTITUTE                       ,MO,63122-0000,Proprietary  ,17,52,69,17,52,69
02124500,FRANKLIN TECHNOLOGY CENTER              ,MO,64801-0000,Public       ,48,154,202,48,154,202
02142200,LEX LA RAY TECHNICAL CENTER             ,MO,64067-0000,Public       ,16,33,49,16,33,49
02154900,MISSOURI SCH OF BARB & HAIR             ,MO,63031-0000,Proprietary  ,13,33,46,13,33,46
02164200,FOREST INST PROFESSIONAL PSYCHOLOGY     ,MO,65807-0000,Private      ,14,134,148,14,134,148
02165900,CHILLICOTHE BEAUTY ACADEMY              ,MO,64601-0000,Proprietary  ,4,10,14,4,10,14
02180200,METRO BUSINESS COLLEGE                  ,MO,63701-0000,Proprietary  ,33,176,209,33,176,209
02188000,NORTHWEST TECHNICAL SCHOOL              ,MO,64468-0000,Public       ,27,25,52,27,25,52
02188100,NORTHLAND CAREER CENTER                 ,MO,64079-8333,Public       ,11,38,49,11,38,49
02202700,OZARK CHRISTIAN COLLEGE                 ,MO,64801-0000,Private      ,414,87,501,414,87,501
02203400,NEVADA REGIONAL TECHNICAL CENTER        ,MO,64772-0000,Public       ,30,27,57,30,27,57
02205200,SANFORD-BROWN COLLEGE                   ,MO,63026-7305,Proprietary  ,32,149,181,32,149,181
02205203,SANFORD BROWN COLLEGE-ST. PETERS        ,MO,63376-5950,Proprietary  ,22,81,103,22,81,103
02214500,SALEM COLLEGE OF HAIRSTYLING            ,MO,65401-0000,Proprietary  ,4,12,16,4,12,16
02239200,ANTHEM COLLEGE                          ,MO,63043-0000,Proprietary  ,51,171,222,51,171,222
02239202,ANTHEM COLLEGE - METRO SOUTH            ,MO,63026-0000,Proprietary  ,11,53,64,11,53,64
02250600,EVEREST COLLEGE                         ,MO,65807-2446,Proprietary  ,59,237,296,59,237,296
02263106,ANTHEM COLLEGE - ANTHEM COLLEGE - KANSAS,MO,64114-3232,Proprietary  ,26,72,98,26,72,98
02263400,LAKE CAREER AND TECHNICAL CENTER        ,MO,65020-0000,Public       ,8,23,31,8,23,31
02266400,CENTRAL CHRISTIAN CLG OF THE BIBLE      ,MO,65270-0000,Private      ,104,64,168,104,64,168
02277500,HOUSE OF HEAVILIN OF BLUE SPRINGS       ,MO,64014-3953,Proprietary  ,15,42,57,15,42,57
02289200,COLUMBIA AREA CAREER CENTER             ,MO,65203-0000,Public       ,92,208,300,92,208,300
02295700,MISSOURI BEAUTY ACADEMY                 ,MO,63640-1827,Proprietary  ,15,31,46,15,31,46
02300105,EVEREST COLLEGE - EARTH CITY            ,MO,63045-1100,Proprietary  ,45,174,219,45,174,219
02304000,MISSOURI TECH                           ,MO,63303-3887,Proprietary  ,44,67,111,44,67,111
02309100,AMERICAN COLLEGE OF HAIR DESIGN         ,MO,65301-2144,Proprietary  ,8,23,31,8,23,31
02313000,CASS CAREER CENTER                      ,MO,64701-0000,Public       ,10,34,44,10,34,44
02340500,ST LOUIS COLLEGE OF HEALTH CAREERS      ,MO,63110-0000,Proprietary  ,122,358,480,122,358,480
02342100,CAREER & TECHNOLOGY CTR AT FT OSAGE     ,MO,64058-0000,Public       ,9,25,34,9,25,34
02361600,CONCORDE CAREER COLLEGE                 ,MO,64111-0000,Proprietary  ,108,477,585,108,477,585
02497500,CLINTON TECHNICAL SCHOOL                ,MO,64735-2966,Public       ,7,29,36,7,29,36
02520800,MERRELL UNIV OF BTY ARTS & SCIENCES     ,MO,65109-0000,Proprietary  ,19,59,78,19,59,78
02530600,SAINT CHARLES COMMUNITY COLLEGE         ,MO,63376-0975,Public       ,1909,1143,3052,1909,1143,3052
02543800,PARIS II EDUCATIONAL CENTER (THE)       ,MO,64118-0000,Proprietary  ,11,32,43,11,32,43
02564700,ELAINE STEVEN BEAUTY COLLEGE            ,MO,63136-0000,Proprietary  ,26,69,95,26,69,95
02564701,ELAINE STEVEN BEAUTY COLLEGE - ADVANCE B,MO,63383-2006,Proprietary  ,4,3,7,4,3,7
02564702,ELAINE STEVEN BEAUTY COLLEGE - ADVANCE B,MO,63401-2269,Proprietary  ,8,8,16,8,8,16
02568500,GRABBER SCHOOL OF HAIR DESIGN           ,MO,63011-0000,Proprietary  ,22,27,49,22,27,49
02599700,VATTEROTT COLLEGE                       ,MO,63134-2900,Proprietary  ,59,271,330,59,271,330
02599701,VATTEROTT COLLEGE - KANSAS CITY         ,MO,64117-0000,Proprietary  ,51,253,304,51,253,304
02599702,VATTEROTT COLLEGE - SPRINGFIELD LOCATION,MO,65807-5340,Proprietary  ,47,199,246,47,199,246
02599703,VATTEROTT COLLEGE - JOPLIN              ,MO,64801-5033,Proprietary  ,15,104,119,15,104,119
02599705,VATTEROTT COLLEGE - SUNSET HILLS        ,MO,63127-1516,Proprietary  ,30,255,285,30,255,285
02599712,VATTEROTT COLLEGE - O'FALLON            ,MO,63366-2748,Proprietary  ,19,91,110,19,91,110
02599714,VATTEROTT COLLEGE - EX'TREME INSTITUTE B,MO,63102-2115,Proprietary  ,101,157,258,101,157,258
02599715,VATTEROTT COLLEGE - PERSONAL FITNESS AND,MO,63132-3251,Proprietary  ,1,2,3,1,2,3
02608000,NEOSHO BEAUTY COLLEGE                   ,MO,64850-1525,Proprietary  ,9,15,24,9,15,24
02609202,VATTEROTT COLLEGE-ST JOSEPH             ,MO,64501-2911,Proprietary  ,36,123,159,36,123,159
02609203,VATTEROTT COLLEGE - L'ECOLE CULINAIRE   ,MO,63124-1103,Proprietary  ,73,194,267,73,194,267
02611004,HERITAGE COLLEGE-KANSAS CITY            ,MO,64131-4203,Proprietary  ,59,240,299,59,240,299
03042400,LEBANON TECHNOLOGY & CAREER CENTER      ,MO,65536-3296,Public       ,45,69,114,45,69,114
03066300,BRYAN CAREER COLLEGE                    ,MO,65806-2507,Proprietary  ,34,165,199,34,165,199
03066303,BRYAN COLLEGE - COLUMBIA                ,MO,65201-8248,Proprietary  ,58,144,202,58,144,202
03068600,SPECIAL SCHOOL DISTRICT OF ST. LOUIS CO.,MO,63127-0000,Public       ,22,205,227,22,205,227
03070200,CENTRAL COLLEGE OF COSMETOLOGY          ,MO,65583-0000,Proprietary  ,11,31,42,11,31,42
03070900,SE MO HOSP CLG NURSING & HEALTH SCI     ,MO,63703-4507,Private      ,124,249,373,124,249,373
03072800,DALLAS COUNTY CAREER CENTER             ,MO,65685-9152,Public       ,0,4,4,0,4,4
03077200,COSMETOLOGY CONCEPTS INSTITUTE          ,MO,65202-1972,Proprietary  ,26,39,65,26,39,65
03083000,OZARKS TECHNICAL COMMUNITY COLLEGE      ,MO,65802-3601,Public       ,3364,3985,7349,3364,3985,7349
03092600,MESSENGER COLLEGE                       ,MO,64804-4909,Private      ,10,15,25,10,15,25
03097600,ST LOUIS HAIR ACADEMY                   ,MO,63107-1737,Proprietary  ,21,46,67,21,46,67
03101000,NEW DIMENSION SCHOOL OF HAIR DESIGN     ,MO,64801-5017,Proprietary  ,6,23,29,6,23,29
03106000,MISSOURI STATE UNIVERSITY - WEST PLAINS ,MO,65775-2715,Public       ,689,489,1178,689,489,1178
03110900,HOUSE OF HEAVILIN BEAUTY COLLEGE        ,MO,64083-9195,Proprietary  ,5,17,22,5,17,22
03174300,HERNDON CAREER CENTER                   ,MO,64138-2695,Public       ,12,6,18,12,6,18
03519300,MISSOURI COLLEGE OF COSMETOLOGY NORTH   ,MO,65803-0000,Proprietary  ,30,56,86,30,56,86
03579300,TEXAS COUNTY TECHNICAL INSTITUTE        ,MO,65483-2700,Private      ,17,112,129,17,112,129
03616300,AVIATION INSTITUTE OF MAINTENANCE       ,MO,64129-1811,Proprietary  ,15,80,95,15,80,95
03878300,PROFESSIONAL MASSAGE TRAINING CENTER    ,MO,65803-2939,Proprietary  ,15,40,55,15,40,55
03916300,ECLIPS SCHOOL OF COSMETOLOGY AND BARBERI,MO,63703-5809,Proprietary  ,26,81,107,26,81,107
03924300,HAIR ACADEMY 110 (THE)                  ,MO,63501-2915,Proprietary  ,7,8,15,7,8,15
03970400,WELLSPRING SCHOOL OF ALLIED HEALTH      ,MO,64114-3313,Proprietary  ,10,60,70,10,60,70
04037500,ACADEMY OF HAIR DESIGN                  ,MO,65804-2303,Proprietary  ,36,61,97,36,61,97
04051329,ART INSTITUTE OF PHOENIX (THE) - BROWN M,MO,63026-2564,Proprietary  ,46,76,122,46,76,122
04118700,AMERICAN COLLEGE OF TECHNOLOGY          ,MO,64506-2006,Proprietary  ,16,276,292,16,276,292
04119100,CITY VISION COLLEGE                     ,MO,64141-3188,Private      ,5,42,47,5,42,47
04122300,GRANTHAM UNIVERSITY                     ,MO,64153-2262,Proprietary  ,97,2530,2627,97,2530,2627
04130300,VICTORY TRADE SCHOOL                    ,MO,65803-2754,Private      ,7,25,32,7,25,32
04130600,"CENTER FOR HEALING ARTS (THE), LLC      ",MO,63143-2103,Proprietary  ,12,59,71,12,59,71
04133300,TREND SETTERS SCHOOL OF COSMETOLOGY     ,MO,63702-7607,Proprietary  ,30,46,76,30,46,76
04145200,TRANSFORMED BARBER AND COSMETOLOGY ACADE,MO,64137-1207,Proprietary  ,20,61,81,20,61,81
04145700,THE SYSTEM A PAUL MITCHELL PARTNER SCHL ,MO,65807-5969,Proprietary  ,57,58,115,57,58,115
04146100,URSHAN GRADUATE SCHOOL OF THEOLOGY      ,MO,63031-7526,Private      ,19,19,38,19,19,38
04152200,CARTHAGE R-9 SCHOOL DISTRICT/CARTHAGE TE,MO,64836-1332,Public       ,5,12,17,5,12,17
04170600,SALON PROFESSIONAL ACADEMY (THE)        ,MO,63301-1021,Proprietary  ,21,36,57,21,36,57
04170700,PAUL MITCHELL THE SCHOOL ST LOUIS       ,MO,63108-1554,Proprietary  ,78,82,160,78,82,160
04173900,COSMETOLOGY COLLEGE OF FRANKLIN COUNTY  ,MO,63077-3448,Proprietary  ,10,14,24,10,14,24
04174000,SKIN INSTITUTE                          ,MO,63128-1307,Proprietary  ,6,37,43,6,37,43
04174800,AMERICAN TRADE SCHOOL                   ,MO,63074-1807,Proprietary  ,9,67,76,9,67,76
04184400,SEYMOUR BEAUTY ACADEMY                  ,MO,65746-8743,Proprietary  ,0,11,11,0,11,11
04187000,DONNA'S ACADEMY OF HAIR DESIGN          ,MO,64089-9042,Proprietary  ,5,9,14,5,9,14
04212100,ACADEMY OF SALON PROFESSIONALS          ,MO,65301-6910,Proprietary  ,10,23,33,10,23,33
04218400,CITY POINTE BEAUTY ACADEMY              ,MO,64870-2502,Proprietary  ,1,8,9,1,8,9
00314600,WESTERN OKLAHOMA STATE COLLEGE          ,OK,73521-1397,Public       ,309,334,643,309,334,643
00314700,BACONE COLLEGE                          ,OK,74403-1597,Private      ,519,269,788,519,269,788
00314900,SOUTHERN NAZARENE UNIVERSITY            ,OK,73008-2694,Private      ,681,676,1357,681,676,1357
00315000,CAMERON UNIVERSITY                      ,OK,73505-6377,Public       ,1207,1673,2880,1207,1673,2880
00315100,OKLAHOMA WESLEYAN UNIVERSITY            ,OK,74006-6299,Private      ,726,502,1228,726,502,1228
00315200,UNIV OF CENTRAL OKLAHOMA                ,OK,73034-5209,Public       ,5931,3139,9070,5931,3139,9070
00315300,CONNORS STATE COLLEGE                   ,OK,74469-9700,Public       ,746,715,1461,746,715,1461
00315400,EAST CENTRAL UNIVERSITY                 ,OK,74820-6999,Public       ,1732,1029,2761,1732,1029,2761
00315500,EASTERN OKLAHOMA STATE COLLEGE          ,OK,74578-4999,Public       ,493,426,919,493,426,919
00315600,REDLANDS COMMUNITY COLLEGE              ,OK,73036-5304,Public       ,386,403,789,386,403,789
00315700,LANGSTON UNIVERSITY                     ,OK,73050-0000,Public       ,1266,905,2171,1266,905,2171
00315800,MURRAY STATE COLLEGE                    ,OK,73460-3137,Public       ,653,600,1253,653,600,1253
00316000,NORTHEASTERN OKLAHOMA A & M COLLEGE     ,OK,74354-6497,Public       ,1006,520,1526,1006,520,1526
00316100,NORTHEASTERN STATE UNIVERSITY           ,OK,74464-2399,Public       ,3372,2952,6324,3372,2952,6324
00316200,NORTHERN OKLAHOMA COLLEGE               ,OK,74653-0310,Public       ,1006,843,1849,1006,843,1849
00316300,NORTHWESTERN OKLAHOMA STATE UNIV        ,OK,73717-2799,Public       ,936,418,1354,936,418,1354
00316400,OKLAHOMA BAPTIST UNIVERSITY             ,OK,74801-2590,Private      ,2161,262,2423,2161,262,2423
00316500,OKLAHOMA CHRISTIAN UNIVERSITY           ,OK,73131-0000,Private      ,1586,378,1964,1586,378,1964
00316600,OKLAHOMA CITY UNIVERSITY                ,OK,73106-1493,Private      ,1977,1265,3242,1977,1265,3242
00316700,UNIV OF SCIENCE & ARTS OF OKLAHOMA      ,OK,73018-5322,Public       ,499,246,745,499,246,745
00316800,ROGERS STATE UNIVERSITY                 ,OK,74017-3252,Public       ,1672,1311,2983,1672,1311,2983
00317000,OKLAHOMA STATE UNIVERSITY               ,OK,74078-1026,Public       ,12788,3962,16750,12788,3962,16750
00317200,OKLAHOMA STATE UNIVERSITY-OKMULGEE      ,OK,74447-3901,Public       ,1135,839,1974,1135,839,1974
00317400,OKLAHOMA PANHANDLE STATE UNIVERSITY     ,OK,73939-0000,Public       ,520,169,689,520,169,689
00317600,CARL ALBERT STATE COLLEGE               ,OK,74953-5208,Public       ,749,664,1413,749,664,1413
00317800,SEMINOLE STATE COLLEGE                  ,OK,74818-0351,Public       ,518,425,943,518,425,943
00317900,SOUTHEASTERN OKLAHOMA STATE UNIV        ,OK,74701-0609,Public       ,1387,851,2238,1387,851,2238
00318000,SOUTHWESTERN CHRISTIAN UNIVERSITY       ,OK,73008-2335,Private      ,234,233,467,234,233,467
00318100,SOUTHWESTERN OKLAHOMA STATE UNIV        ,OK,73096-3098,Public       ,2048,792,2840,2048,792,2840
00318101,SOUTHWESTERN OK STATE UNIV AT SAYRE     ,OK,73662-0000,Public       ,86,59,145,86,59,145
00318300,ST GREGORY'S UNIVERSITY                 ,OK,74804-2499,Private      ,276,171,447,276,171,447
00318308,SAINT GREGORY'S UNIVERSITY - IPD TULSA  ,OK,74135-2499,Private      ,30,119,149,30,119,149
00318400,UNIVERSITY OF OKLAHOMA                  ,OK,73019-4078,Public       ,13733,5035,18768,13733,5035,18768
00318401,UNIVERSITY OF OKLAHOMA-HLTH SCI CTR     ,OK,73190-0000,Public       ,566,1776,2342,566,1776,2342
00318500,UNIVERSITY OF TULSA                     ,OK,74104-3189,Private      ,3062,1141,4203,3062,1141,4203
00398500,ORAL ROBERTS UNIVERSITY                 ,OK,74171-0001,Private      ,2037,856,2893,2037,856,2893
00531100,TULSA COUNTY AREA VOC TECH SCHOOL       ,OK,74145-0000,Public       ,230,633,863,230,633,863
00531200,RED RIVER TECHNOLOGY CENTER             ,OK,73533-2700,Public       ,15,40,55,15,40,55
00533900,METRO TECHNOLOGY CENTERS SCH DIST22     ,OK,73111-0000,Public       ,89,497,586,89,497,586
00533903,METRO TECHNOLOGY CENTERS SCH DIST22     ,OK,73129-0000,Public       ,59,262,321,59,262,321
00694200,MID-AMERICA CHRISTIAN UNIVERSITY        ,OK,73170-4504,Private      ,260,1058,1318,260,1058,1318
00767800,SPARTAN COLLEGE OF AERONAUTICS AND TECHN,OK,74115-5800,Proprietary  ,331,218,549,331,218,549
00791100,VIRGILS BEAUTY COLLEGE                  ,OK,74401-6802,Proprietary  ,6,16,22,6,16,22
00834300,AUTRY TECHNOLOGY CENTER                 ,OK,73703-2598,Public       ,51,93,144,51,93,144
00861900,TRI COUNTY TECHNOLOGY CENTER            ,OK,74006-6029,Public       ,39,92,131,39,92,131
00918500,ROSE STATE COLLEGE                      ,OK,73110-2799,Public       ,1280,1915,3195,1280,1915,3195
00920400,KIAMICHI TECHNOLOGY CENTER              ,OK,74578-0548,Public       ,84,286,370,84,286,370
00920408,KIAMICHI TECHNOLOGY CENTER - POTEAU CAMP,OK,74953-0825,Public       ,12,51,63,12,51,63
00961800,TULSA WELDING SCHOOL                    ,OK,74104-0000,Proprietary  ,542,459,1001,542,459,1001
00964700,"OKLAHOMA STATE UNIV, OKLA CITY          ",OK,73107-6159,Public       ,1566,2493,4059,1566,2493,4059
00970800,EVES COLLEGE OF HAIRSTYLING             ,OK,73501-4359,Proprietary  ,9,43,52,9,43,52
00976300,TULSA COMMUNITY COLLEGE                 ,OK,74135-6198,Public       ,3959,4888,8847,3959,4888,8847
00996300,CADDO KIOWA VOC TECH CENTER             ,OK,73038-0000,Public       ,23,83,106,23,83,106
00996400,CENTRAL OKLAHOMA AREA VOC TECH SCH      ,OK,74030-9613,Public       ,51,101,152,51,101,152
00996500,CANADIAN VALLEY TECHNOLOGY CENTER       ,OK,73036-9117,Public       ,39,169,208,39,169,208
00996800,GORDON COOPER TECHNOLOGY CENTER         ,OK,74804-9913,Public       ,57,170,227,57,170,227
01005300,INDIAN CAPITAL TECHNOLGY CENTER #4      ,OK,74403-9907,Public       ,113,265,378,113,265,378
01026600,HILLSDALE FREE WILL BAPTIST COLLEGE     ,OK,73153-0000,Private      ,113,46,159,113,46,159
01034200,SOUTHERN OKLAHOMA TECHNOLOGY CENTER     ,OK,73401-2100,Public       ,71,131,202,71,131,202
01039100,OKLAHOMA CITY COMMUNITY COLLEGE         ,OK,73159-4444,Public       ,2355,3434,5789,2355,3434,5789
01050304,WTI TULSA CAMPUS                        ,OK,74112-3140,Proprietary  ,19,76,95,19,76,95
01071700,GREAT PLAINS TECHNOLOGY CENTER SCHOOL DI,OK,73505-8399,Public       ,84,271,355,84,271,355
01076200,WESTERN OK AREA VOC TECH SCH DIST12     ,OK,73624-1469,Public       ,23,31,54,23,31,54
01120600,PIONEER TECHNOLOGY CENTER               ,OK,74601-1106,Public       ,12,81,93,12,81,93
01128200,OKLAHOMA STATE UNV CLG OSTEOPTHC MD     ,OK,74107-0000,Public       ,79,319,398,79,319,398
01153700,MID-AMERICA TECHNOLOGY CENTER           ,OK,73095-0210,Public       ,30,58,88,30,58,88
01227200,MOORE-NORMAN TECHNOLOGY CENTER          ,OK,73069-8399,Public       ,111,345,456,111,345,456
02052700,NORTHEAST TECHNOLOGY CENTER             ,OK,74361-0487,Public       ,57,179,236,57,179,236
02060800,MERIDIAN TECHNOLOGY CENTER              ,OK,74074-0000,Public       ,78,161,239,78,161,239
02126500,ENID BEAUTY COLLEGE                     ,OK,73701-0000,Proprietary  ,5,12,17,5,12,17
02184400,SAND SPRINGS BEAUTY COLLEGE             ,OK,74063-0000,Proprietary  ,8,26,34,8,26,34
02197300,HOLLYWOOD COSMETOLOGY CENTER            ,OK,73189-0000,Proprietary  ,13,27,40,13,27,40
02222700,FRANCIS TUTTLE TECHNOLOGY CENTER        ,OK,73142-0000,Public       ,125,558,683,125,558,683
02238500,CENTRAL STATE BEAUTY ACADEMY            ,OK,73162-6007,Proprietary  ,26,96,122,26,96,122
02250900,E OK COUNTY AREA VO-TECH                ,OK,73020-0000,Public       ,10,33,43,10,33,43
02256200,"BROKEN ARROW BEAUTY COLLEGE, INC        ",OK,74012-0000,Proprietary  ,16,58,74,16,58,74
02282100,HIGH PLAINS AREA VOC-TECH               ,OK,73801-0000,Public       ,7,20,27,7,20,27
02306800,PLATT COLLEGE                           ,OK,74145-0000,Proprietary  ,105,398,503,105,398,503
02510300,BEAUTY TECHNICAL COLLEGE                ,OK,74465-0000,Proprietary  ,7,10,17,7,10,17
02531200,WOODWARD BEAUTY COLLEGE                 ,OK,73801-0000,Proprietary  ,3,9,12,3,9,12
02554300,AMERICAN BEAUTY INSTITUTE               ,OK,74501-0000,Proprietary  ,4,17,21,4,17,21
02556500,YUKON BEAUTY COLLEGE                    ,OK,73099-4108,Proprietary  ,0,13,13,0,13,13
02560200,PHILLIPS THEOLOGICAL SEMINARY -         ,OK,74116-5612,Private      ,3,28,31,3,28,31
02581100,CLAREMORE BEAUTY COLLEGE                ,OK,74017-7034,Proprietary  ,4,13,17,4,13,17
02581200,CC'S COSMETOLOGY COLLEGE                ,OK,74129-0000,Proprietary  ,38,68,106,38,68,106
02591101,CAREER POINT INSTITUTE                  ,OK,74146-0000,Proprietary  ,44,146,190,44,146,190
02597400,PONTOTOC TECHNOLOGY CENTER SCHOOL       ,OK,74820-8621,Public       ,36,78,114,36,78,114
02599706,VATTEROTT COLLEGE - TULSA               ,OK,74146-2205,Proprietary  ,24,102,126,24,102,126
02600000,NORTHWEST TECHNOLOG CTR SCH DIST 10     ,OK,73717-9600,Public       ,13,15,28,13,15,28
02600500,WES WATKINS TECHNOLOGY CENTER           ,OK,74883-9660,Public       ,13,53,66,13,53,66
02609205,VATTEROTT COLLEGE - OKLAHOMA CITY       ,OK,73127-2103,Proprietary  ,27,161,188,27,161,188
03008700,SOUTHWEST TECHNOLOGY CENTER             ,OK,73521-1527,Public       ,12,44,56,12,44,56
03024700,STILLWATER BEAUTY ACADEMY               ,OK,74075-3467,Proprietary  ,10,14,24,10,14,24
03030700,OKLAHOMA SCHOOL OF PHOTOGRAPHY          ,OK,73160-3320,Proprietary  ,24,47,71,24,47,71
03030800,AMERICAN BROADCASTING SCHOOL            ,OK,73115-3334,Proprietary  ,20,95,115,20,95,115
03051100,CHISHOLM TRAIL TECHNOLOGY CENTER        ,OK,73764-6335,Public       ,0,24,24,0,24,24
03078500,TECH INST OF COSMETOLOGY ARTS & SCI     ,OK,74120-3610,Proprietary  ,30,34,64,30,34,64
03103800,SOUTHERN SCHOOL OF BEAUTY               ,OK,74701-5008,Proprietary  ,12,15,27,12,15,27
03109800,PONCA CITY BEAUTY COLLEGE               ,OK,74601-4201,Proprietary  ,1,15,16,1,15,16
03109801,BARTLESVILLE BEAUTY COLLEGE             ,OK,74003-2835,Proprietary  ,4,8,12,4,8,12
03115100,HERITAGE COLLEGE                        ,OK,73119-0000,Proprietary  ,57,186,243,57,186,243
03124800,PLATT COLLEGE                           ,OK,73501-3808,Proprietary  ,21,147,168,21,147,168
03124901,IMAGINE -  PAUL MITCHELL PARTNER SCHOOL ,OK,73072-4831,Proprietary  ,43,67,110,43,67,110
03126200,GREEN COUNTRY AREA VOC TECH SCHOOL      ,OK,74447-1217,Public       ,32,68,100,32,68,100
03198400,MID-DEL AREA VOCATIONAL & TECH SCH      ,OK,73110-4825,Public       ,15,40,55,15,40,55
03329400,PRYOR BEAUTY COLLEGE                    ,OK,74361-0000,Proprietary  ,4,8,12,4,8,12
03329401,PRYOR BEAUTY COLLEGE - GROVE BEAUTY COLL,OK,74345-0009,Proprietary  ,2,6,8,2,6,8
03367400,COMMUNITY CARE COLLEGE                  ,OK,74145-6420,Proprietary  ,123,386,509,123,386,509
03396400,OKLAHOMA HEALTH ACADEMY                 ,OK,73160-3667,Proprietary  ,3,3,6,3,3,6
03453400,SHAWNEE BEAUTY COLLEGE                  ,OK,74801-7014,Proprietary  ,9,16,25,9,16,25
03676300,FAMILY OF FAITH COLLEGE                 ,OK,74802-1805,Private      ,6,11,17,6,11,17
03831300,INSTITUTE OF HAIR DESIGN                ,OK,74804-0000,Proprietary  ,2,11,13,2,11,13
03928300,CENTRAL STATE MASSAGE ACADEMY           ,OK,73162-6007,Proprietary  ,10,43,53,10,43,53
04051324,ART INSTITUTE OF PHOENIX (THE) - BROWN M,OK,74146-5234,Proprietary  ,55,158,213,55,158,213
04060300,AMERICAN INSTITUTE OF MEDICAL TECHNOLOGY,OK,74146-5201,Proprietary  ,45,100,145,45,100,145
04062300,BROOKLINE COLLEGE                       ,OK,73114-6318,Proprietary  ,11,50,61,11,50,61
04133600,CUTTER'S EDGE SCHOOL OF COSMETOLOGY     ,OK,74023-2905,Proprietary  ,1,5,6,1,5,6
04144400,ACADEMY OF HAIR DESIGN (THE)            ,OK,73120-6808,Proprietary  ,25,59,84,25,59,84
00163700,BETHANY THEOLOGICAL SEMINARY            ,IN,47374-0000,Private      ,1,20,21,1,20,21
00178400,ANCILLA COLLEGE-FINANCIAL AID OFFC      ,IN,46513-0001,Private      ,393,338,731,393,338,731
00178500,ANDERSON UNIVERSITY                     ,IN,46012-3495,Private      ,2495,784,3279,2495,784,3279
00178600,BALL STATE UNIVERSITY                   ,IN,47306-0880,Public       ,22214,6596,28810,22214,6596,28810
00178700,BETHEL COLLEGE INC                      ,IN,46545-5591,Private      ,1631,1133,2764,1631,1133,2764
00178800,BUTLER UNIVERSITY                       ,IN,46208-3487,Private      ,8414,1890,10304,8414,1890,10304
00178900,CHRISTIAN THEOLOGICAL SEMINARY          ,IN,46208-0000,Private      ,21,234,255,21,234,255
00179200,DEPAUW UNIVERSITY                       ,IN,46135-0037,Private      ,2991,136,3127,2991,136,3127
00179300,EARLHAM COLLEGE                         ,IN,47374-4095,Private      ,1297,127,1424,1297,127,1424
00179301,EARLHAM SCHOOL OF RELIGION              ,IN,47374-0000,Private      ,12,22,34,12,22,34
00179500,UNIVERSITY OF EVANSVILLE                ,IN,47722-0002,Private      ,3554,708,4262,3554,708,4262
00179800,FRANKLIN COLLEGE OF INDIANA             ,IN,46131-2623,Private      ,1966,265,2231,1966,265,2231
00179900,GOSHEN COLLEGE                          ,IN,46526-4794,Private      ,859,336,1195,859,336,1195
00180000,GRACE COLLEGE & THEO SEMINARY           ,IN,46590-1224,Private      ,1920,373,2293,1920,373,2293
00180100,HANOVER COLLEGE                         ,IN,47243-0108,Private      ,2395,113,2508,2395,113,2508
00180300,HUNTINGTON UNIVERSITY                   ,IN,46750-1299,Private      ,1220,305,1525,1220,305,1525
00180400,UNIVERSITY OF INDIANAPOLIS              ,IN,46227-3697,Private      ,6489,4411,10900,6489,4411,10900
00180500,INDIANA INSTITUTE OF TECHNOLOGY         ,IN,46803-1297,Private      ,2074,3957,6031,2074,3957,6031
00180700,INDIANA STATE UNIVERSITY                ,IN,47809-2501,Public       ,13626,5147,18773,13626,5147,18773
00180800,UNIVERSITY OF SOUTHERN INDIANA          ,IN,47712-3596,Public       ,8561,2943,11504,8561,2943,11504
00180900,INDIANA UNIVERSITY-BLOOMINGTON          ,IN,47405-7000,Public       ,33290,8894,42184,33290,8894,42184
00181100,INDIANA UNIV-EAST                       ,IN,47374-1289,Public       ,1855,2038,3893,1855,2038,3893
00181300,INDIANA UNIV-PURDUE UNIV INDPLS         ,IN,46202-5145,Public       ,21873,18332,40205,21873,18332,40205
00181301,INDIANA UNIVERSITY - PURDUE UNIVERSITY I,IN,47203-1769,Public       ,1898,1599,3497,1898,1599,3497
00181400,INDIANA UNIV KOKOMO                     ,IN,46902-3557,Public       ,2244,2177,4421,2244,2177,4421
00181500,INDIANA UNIV-NORTHWEST                  ,IN,46408-1197,Public       ,3631,4183,7814,3631,4183,7814
00181600,INDIANA UNIVERSITY - SOUTH BEND         ,IN,46615-0000,Public       ,4777,4348,9125,4777,4348,9125
00181700,INDIANA UNIVERSITY-SOUTHEAST            ,IN,47150-6405,Public       ,3805,2549,6354,3805,2549,6354
00182000,MANCHESTER COLLEGE                      ,IN,46962-1276,Private      ,2212,380,2592,2212,380,2592
00182100,MARIAN UNIVERSITY                       ,IN,46222-1997,Private      ,2252,2233,4485,2252,2233,4485
00182200,INDIANA WESLEYAN UNIVERSITY             ,IN,46953-4974,Private      ,4151,8992,13143,4151,8992,13143
00182300,ASSOCIATED MENNONITE BIBLICAL SEM       ,IN,46517-1999,Private      ,8,45,53,8,45,53
00182400,OAKLAND CITY UNIVERSITY                 ,IN,47660-1099,Private      ,512,424,936,512,424,936
00182500,PURDUE UNIVERSITY                       ,IN,47907-2050,Public       ,30714,6409,37123,30714,6409,37123
00182600,PURDUE UNIV NORTH CENTRAL CAMPUS        ,IN,46391-9542,Public       ,2877,1918,4795,2877,1918,4795
00182700,PURDUE UNIV CALUMET                     ,IN,46323-2094,Public       ,4817,4349,9166,4817,4349,9166
00182800,INDIANA UNIV-PURDUE UNIV FORT WAYNE     ,IN,46805-1499,Public       ,9224,5900,15124,9224,5900,15124
00183000,ROSE HULMAN INSTITUTE OF TECHNOLOGY     ,IN,47803-3999,Private      ,3515,150,3665,3515,150,3665
00183200,UNIVERSITY OF SAINT FRANCIS             ,IN,46808-3994,Private      ,2332,1609,3941,2332,1609,3941
00183300,ST JOSEPH'S COLLEGE                     ,IN,47978-0000,Private      ,1457,183,1640,1457,183,1640
00183400,CALUMET COLLEGE OF SAINT JOSEPH         ,IN,46394-2195,Private      ,463,527,990,463,527,990
00183500,SAINT MARY-OF-THE-WOODS COLLEGE         ,IN,47876-0067,Private      ,365,709,1074,365,709,1074
00183600,ST MARY'S COLLEGE                       ,IN,46556-5007,Private      ,1779,115,1894,1779,115,1894
00183800,TAYLOR UNIVERSITY                       ,IN,46989-1001,Private      ,2333,199,2532,2333,199,2532
00183900,TRINE UNIVERSITY                        ,IN,46703-1764,Private      ,2873,810,3683,2873,810,3683
00184000,UNIVERSITY OF NOTRE DAME                ,IN,46556-5602,Private      ,11594,2396,13990,11594,2396,13990
00184200,VALPARAISO UNIVERSITY                   ,IN,46383-6493,Private      ,5168,1571,6739,5168,1571,6739
00184300,VINCENNES UNIVERSITY                    ,IN,47591-1523,Public       ,6239,2986,9225,6239,2986,9225
00184400,WABASH COLLEGE                          ,IN,47933-0352,Private      ,1312,57,1369,1312,57,1369
00457900,INTERNATIONAL BUSINESS COLLEGE          ,IN,46804-0000,Proprietary  ,599,327,926,599,327,926
00457901,INTERNATIONAL BUSINESS COLLEGE          ,IN,46256-0000,Proprietary  ,736,445,1181,736,445,1181
00625700,SAINT ELIZABETH SCHOOL OF NURSING       ,IN,47904-2198,Private      ,213,408,621,213,408,621
00726300,HOLY CROSS COLLEGE                      ,IN,46556-0308,Private      ,630,117,747,630,117,747
00727600,SAINT MEINRAD SCHOOL OF THEOLOGY        ,IN,47577-1002,Private      ,1,44,45,1,44,45
00732900,ITT TECHNICAL INSTITUTE                 ,IN,46268-1119,Proprietary  ,910,3159,4069,910,3159,4069
00732933,ITT TECHNICAL INSTITUTE                 ,IN,46635-1512,Proprietary  ,287,595,882,287,595,882
00732962,ITT TECHNICAL INSTITUTE                 ,IN,47630-7430,Proprietary  ,193,708,901,193,708,901
00732968,ITT TECHNICAL INSTITUTE                 ,IN,46410-0000,Proprietary  ,197,527,724,197,527,724
00732993,ITT TECHNICAL INSTITUTE                 ,IN,46825-2393,Proprietary  ,503,964,1467,503,964,1467
00736200,MEDTECH COLLEGE                         ,IN,46250-3970,Proprietary  ,281,1517,1798,281,1517,1798
00736202,MEDTECH COLLEGE - GREENWOOD             ,IN,46143-6478,Proprietary  ,155,674,829,155,674,829
00736204,MEDTECH COLLEGE - FORT WAYNE            ,IN,46804-2209,Proprietary  ,153,665,818,153,665,818
00793800,LINCOLN COLLEGE OF TECHNOLOGY           ,IN,46202-0000,Proprietary  ,1239,566,1805,1239,566,1805
00931306,DAYMAR COLLEGE - ROCKPORT               ,IN,47635-1506,Proprietary  ,8,19,27,8,19,27
00951500,J MICHAEL HARROLD BEAUTY ACADEMY        ,IN,47807-3390,Proprietary  ,47,85,132,47,85,132
00961200,"APEX SCHOOL OF BEAUTY CULTURE, INC      ",IN,46016-0000,Proprietary  ,23,38,61,23,38,61
00961300,MERRILLVILLE BEAUTY COLLEGE             ,IN,46410-3401,Proprietary  ,43,89,132,43,89,132
00967300,RUDAE'S SCHOOL OF BEAUTY CULTURE        ,IN,46825-5444,Proprietary  ,92,119,211,92,119,211
00977700,KAPLAN COLLEGE                          ,IN,46278-1736,Proprietary  ,263,862,1125,263,862,1125
00977702,KAPLAN COLLEGE - TEMPORARY FACILITY EXPA,IN,46268-4111,Proprietary  ,16,59,75,16,59,75
00977703,KAPLAN COLLEGE -  SE INDY               ,IN,46227-0000,Proprietary  ,130,418,548,130,418,548
00991700,IVY TECH COMMUNITY COLLEGE OF INDIANA   ,IN,46208-1763,Public       ,34694,62072,96766,34694,62072,96766
01015100,VINCENNES BEAUTY COLLEGE                ,IN,47591-1297,Proprietary  ,76,61,137,76,61,137
01040900,LAFAYETTE BEAUTY ACADEMY                ,IN,47901-1149,Proprietary  ,59,93,152,59,93,152
01048900,NATIONAL COLLEGE                        ,IN,46250-1930,Proprietary  ,39,243,282,39,243,282
01048910,NATIONAL COLLEGE - SOUTH BEND           ,IN,46617-3123,Proprietary  ,85,285,370,85,285,370
01048911,NATIONAL COLLEGE - FORT WAYNE           ,IN,46826-4905,Proprietary  ,60,211,271,60,211,271
01061800,MID-AMERICA CLG FUNERAL SERVICE         ,IN,47130-9990,Private      ,51,55,106,51,55,106
01150500,CREATIVE HAIR STYLING ACADEMY           ,IN,46322-1554,Proprietary  ,68,113,181,68,113,181
02084800,RAVENSCROFT BEAUTY COLLEGE              ,IN,46815-0000,Proprietary  ,63,131,194,63,131,194
02087600,CONCORDIA THEOLOGICAL SEMINARY          ,IN,46825-0000,Private      ,10,109,119,10,109,119
02100402,EVEREST INSTITUTE - EVEREST COLLEGE     ,IN,46410-7064,Proprietary  ,158,504,662,158,504,662
02140800,MARTIN UNIVERSITY                       ,IN,46218-0000,Private      ,152,908,1060,152,908,1060
02158400,HARRISON COLLEGE                        ,IN,46204-2611,Proprietary  ,430,2032,2462,430,2032,2462
02158401,HARRISON COLLEGE - COLUMBUS             ,IN,47203-1843,Proprietary  ,132,341,473,132,341,473
02158402,HARRISON COLLEGE - LAFAYETTE            ,IN,47905-4859,Proprietary  ,128,437,565,128,437,565
02158405,HARRISON COLLEGE - TERRE HAUTE          ,IN,47802-0000,Proprietary  ,95,387,482,95,387,482
02158407,HARRISON COLLEGE - ANDERSON             ,IN,46013-0000,Proprietary  ,100,371,471,100,371,471
02158409,HARRISON COLLEGE - EVANSVILLE           ,IN,47715-3901,Proprietary  ,149,330,479,149,330,479
02158410,HARRISON COLLEGE - EAST                 ,IN,46239-8903,Proprietary  ,199,708,907,199,708,907
02158412,HARRISON COLLEGE - FORT WAYNE           ,IN,46825-0000,Proprietary  ,123,424,547,123,424,547
02158413,HARRISON COLLEGE - NORTHWEST            ,IN,46278-0000,Proprietary  ,159,301,460,159,301,460
02158415,HARRISON COLLEGE - MUNCIE               ,IN,47303-0000,Proprietary  ,107,332,439,107,332,439
02158416,HARRISON COLLEGE - ELKHART              ,IN,46516-0000,Proprietary  ,58,220,278,58,220,278
02158800,DON ROBERTS BEAUTY SCHOOLS              ,IN,46383-0000,Proprietary  ,31,56,87,31,56,87
02164300,DON ROBERTS SCHOOL OF HAIR DESIGN       ,IN,46375-9999,Proprietary  ,25,31,56,25,31,56
02180108,ROSS MEDICAL EDUCATION CENTER -         ,IN,46530-4479,Proprietary  ,31,95,126,31,95,126
02201800,KAPLAN COLLEGE                          ,IN,46324-3347,Proprietary  ,150,410,560,150,410,560
02241700,PJ'S COLLEGE OF COSMETOLOGY             ,IN,47129-0000,Proprietary  ,35,83,118,35,83,118
02245505,FORTIS COLLEGE - INDIANAPOLIS CAMPUS    ,IN,46268-0000,Proprietary  ,68,277,345,68,277,345
02302700,J EVERETT LIGHT CAREER CENTER           ,IN,46240-0000,Public       ,91,375,466,91,375,466
02304800,PJ'S COLLEGE OF COSMETOLOGY             ,IN,47374-0000,Proprietary  ,30,74,104,30,74,104
02308900,MASTER'S OF COSMETOLOGY COLLEGE         ,IN,46809-0000,Proprietary  ,103,112,215,103,112,215
02339600,ROGER'S ACADEMY OF HAIR DESIGN          ,IN,47712-0000,Proprietary  ,52,64,116,52,64,116
02345200,EMPIRE BEAUTY SCHOOL                    ,IN,46237-0000,Proprietary  ,157,368,525,157,368,525
02351300,KNOX BEAUTY COLLEGE                     ,IN,46534-0000,Proprietary  ,22,24,46,22,24,46
02490500,HAIR FASHIONS BY KAYE BEAUTY CLG        ,IN,46250-0000,Proprietary  ,67,173,240,67,173,240
02490800,HAIR FASHIONS BY KAYE BEAUTY CLG        ,IN,46060-0000,Proprietary  ,20,36,56,20,36,56
02607000,HAIR ARTS ACADEMY                       ,IN,47404-2419,Proprietary  ,36,67,103,36,67,103
02615800,COLLEGE OF COURT REPORTING              ,IN,46342-5969,Proprietary  ,15,133,148,15,133,148
03100600,MARION COMM TUCKER AREA VOC SCHOOL      ,IN,46952-3831,Public       ,55,103,158,55,103,158
03176300,AVIATION INSTITUTE OF MAINTENANCE       ,IN,46241-1445,Proprietary  ,91,235,326,91,235,326
03262300,DAVID DEMUTH INSTITUTE OF COSM          ,IN,47374-4101,Proprietary  ,16,31,47,16,31,47
03456700,CROSSROADS BIBLE COLLEGE                ,IN,46219-4912,Private      ,71,295,366,71,295,366
03538300,ALEXANDRIA SCH OF SCIENTIFIC THERAP     ,IN,46001-0287,Proprietary  ,12,35,47,12,35,47
04038700,IDEAL BEAUTY ACADEMY                    ,IN,47130-4215,Proprietary  ,12,32,44,12,32,44
04051304,ART INSTITUTE OF PHOENIX (THE) - ART  IN,IN,46268-1170,Proprietary  ,905,715,1620,905,715,1620
04051311,ART INSTITUTE OF PHOENIX (THE) - BROWN M,IN,46410-5608,Proprietary  ,113,518,631,113,518,631
04051312,ART INSTITUTE OF PHOENIX (THE) - BROWN M,IN,46360-7362,Proprietary  ,85,274,359,85,274,359
04051318,ART INSTITUTE OF PHOENIX (THE) - BROWN M,IN,46204-1017,Proprietary  ,229,978,1207,229,978,1207
04051321,ART INSTITUTE OF PHOENIX (THE) - BROWN M,IN,46635-1176,Proprietary  ,151,474,625,151,474,625
04051322,ART INSTITUTE OF PHOENIX (THE) - BROWN M,IN,46805-0000,Proprietary  ,162,665,827,162,665,827
04100300,SUCCESS SCHOOLS                         ,IN,46410-5310,Proprietary  ,33,92,125,33,92,125
04121000,TECHSKILLS - INDIANAPOLIS               ,IN,46240-4302,Proprietary  ,92,169,261,92,169,261
04130900,HONORS BEAUTY COLLEGE                   ,IN,46256-3317,Proprietary  ,73,163,236,73,163,236
04155900,AVEDA FREDRIC'S INSTITUTE               ,IN,46250-4746,Proprietary  ,115,164,279,115,164,279
04166700,REM SPA INC                             ,IN,46013-3136,Proprietary  ,28,55,83,28,55,83
04171700,AVANT GARD THE SCHOOL                   ,IN,46214-6500,Proprietary  ,25,41,66,25,41,66
04172700,SALON PROFESSIONAL ACADEMY (THE)        ,IN,47715-7822,Proprietary  ,83,81,164,83,81,164
04184000,PAUL MITCHELL THE SCHOOL INDIANAPOLIS   ,IN,46227-6252,Proprietary  ,130,179,309,130,179,309
04186600,SALON PROFESSIONAL ACADEMY (THE)        ,IN,46901-6248,Proprietary  ,53,79,132,53,79,132
04205500,LIL LOU'S BARBER COLLEGE                ,IN,46409-2645,Proprietary  ,18,68,86,18,68,86
00190100,ALLEN COUNTY COMMUNITY COLLEGE          ,KS,66749-1607,Public       ,503,491,994,503,491,994
00190200,COWLEY COUNTY COMMUNITY COLLEGE & AREA V,KS,67005-2662,Public       ,737,787,1524,737,787,1524
00190300,BAKER UNIVERSITY                        ,KS,66006-0065,Private      ,1035,710,1745,1035,710,1745
00190400,BETHANY COLLEGE                         ,KS,67456-1897,Private      ,557,62,619,557,62,619
00190500,BETHEL COLLEGE                          ,KS,67117-8061,Private      ,494,82,576,494,82,576
00190600,BUTLER COUNTY COMMUNITY COLLEGE         ,KS,67042-3280,Public       ,2079,1580,3659,2079,1580,3659
00190700,CENTRAL BAPTIST THEOLOGY SEMINARY       ,KS,66226-3513,Private      ,0,18,18,0,18,18
00190800,CENTRAL CHRISTIAN COLLEGE OF KANSAS     ,KS,67460-5799,Private      ,263,155,418,263,155,418
00190900,CLOUD COUNTY COMMUNITY COLLEGE          ,KS,66901-1002,Public       ,470,314,784,470,314,784
00191000,COFFEYVILLE COMMUNITY COLLEGE           ,KS,67337-5064,Public       ,510,167,677,510,167,677
00191100,COLBY COMMUNITY COLLEGE                 ,KS,67701-4099,Public       ,350,174,524,350,174,524
00191300,DODGE CITY COMMUNITY COLLEGE            ,KS,67801-2399,Public       ,392,202,594,392,202,594
00191400,DONNELLY COLLEGE                        ,KS,66102-4298,Private      ,161,210,371,161,210,371
00191500,FORT HAYS STATE UNIVERSITY              ,KS,67601-4099,Public       ,2822,2813,5635,2822,2813,5635
00191600,FORT SCOTT COMMUNITY COLLEGE            ,KS,66701-3199,Public       ,558,314,872,558,314,872
00191700,BARCLAY COLLEGE                         ,KS,67059-0288,Private      ,74,32,106,74,32,106
00191800,FRIENDS UNIVERSITY                      ,KS,67213-3397,Private      ,991,974,1965,991,974,1965
00191900,GARDEN CITY COMMUNITY COLLEGE           ,KS,67846-6398,Public       ,440,187,627,440,187,627
00192000,HESSTON COLLEGE                         ,KS,67062-2093,Private      ,348,89,437,348,89,437
00192100,HIGHLAND COMMUNITY COLLEGE              ,KS,66035-4062,Public       ,678,517,1195,678,517,1195
00192300,HUTCHINSON COMMUNITY COLLEGE            ,KS,67501-5894,Public       ,1239,918,2157,1239,918,2157
00192400,INDEPENDENCE COMMUNITY COLLEGE          ,KS,67301-0708,Public       ,256,130,386,256,130,386
00192500,KANSAS CITY KANSAS COMMUNITY CLG        ,KS,66112-9978,Public       ,991,1583,2574,991,1583,2574
00192600,PITTSBURG STATE UNIVERSITY              ,KS,66762-7500,Public       ,3476,1174,4650,3476,1174,4650
00192700,EMPORIA STATE UNIVERSITY                ,KS,66801-5087,Public       ,2237,1341,3578,2237,1341,3578
00192800,KANSAS STATE UNIVERSITY                 ,KS,66506-1104,Public       ,12933,3914,16847,12933,3914,16847
00192900,KANSAS WESLEYAN UNIVERSITY              ,KS,67401-6196,Private      ,765,166,931,765,166,931
00193000,LABETTE COMMUNITY COLLEGE               ,KS,67357-4299,Public       ,263,263,526,263,263,526
00193100,MANHATTAN CHRISTIAN COLLEGE             ,KS,66502-4081,Private      ,215,44,259,215,44,259
00193300,MCPHERSON COLLEGE                       ,KS,67460-3899,Private      ,641,84,725,641,84,725
00193600,NEOSHO COUNTY COMMUNITY COLLEGE         ,KS,66720-2699,Public       ,454,462,916,454,462,916
00193700,OTTAWA UNIVERSITY                       ,KS,66067-3399,Private      ,631,805,1436,631,805,1436
00193800,PRATT COMMUNITY COLLEGE                 ,KS,67124-8432,Public       ,293,249,542,293,249,542
00193900,NEWMAN UNIVERSITY                       ,KS,67213-2084,Private      ,952,713,1665,952,713,1665
00194000,SOUTHWESTERN COLLEGE                    ,KS,67156-2499,Private      ,665,588,1253,665,588,1253
00194300,UNIVERSITY OF ST MARY                   ,KS,66048-5023,Private      ,449,283,732,449,283,732
00194500,STERLING COLLEGE                        ,KS,67579-1533,Private      ,604,95,699,604,95,699
00194600,TABOR COLLEGE                           ,KS,67063-1799,Private      ,654,98,752,654,98,752
00194800,UNIVERSITY OF KANSAS                    ,KS,66045-7535,Public       ,14101,6911,21012,14101,6911,21012
00194900,WASHBURN UNIVERSITY                     ,KS,66621-1110,Public       ,2580,2295,4875,2580,2295,4875
00194901,WASHBURN INSTITUTE OF TECHNOLOGY        ,KS,66604-2199,Public       ,181,322,503,181,322,503
00195000,WICHITA STATE UNIVERSITY                ,KS,67208-0001,Public       ,4856,3882,8738,4856,3882,8738
00460800,BARTON COUNTY COMMUNITY COLLEGE         ,KS,67530-9283,Public       ,477,761,1238,477,761,1238
00526400,FLINT HILLS TECHNICAL COLLEGE           ,KS,66801-5999,Public       ,137,173,310,137,173,310
00526500,NORTH CENTRAL KANSAS TECH COLG          ,KS,67420-0000,Public       ,182,103,285,182,103,285
00526700,NORTHWEST KANSAS TECHNICAL SCHOOL       ,KS,67735-3441,Public       ,127,51,178,127,51,178
00549800,WICHITA AREA TECHNICAL COLLEGE          ,KS,67211-2099,Public       ,260,811,1071,260,811,1071
00549900,SALINA AREA TECHNICAL COLLEGE           ,KS,67401-8195,Public       ,107,87,194,107,87,194
00550000,MANHATTAN AREA TECHNICAL COLLEGE        ,KS,66503-2499,Public       ,247,334,581,247,334,581
00675500,BROWN MACKIE COLLEGE (THE)              ,KS,67401-7307,Proprietary  ,166,506,672,166,506,672
00703200,MID AMERICA NAZARENE UNIVERSITY         ,KS,66062-1899,Private      ,825,494,1319,825,494,1319
00822800,SEWARD CO COMM CO/AREA TECHNICAL SCHOOL ,KS,67905-0000,Public       ,209,147,356,209,147,356
00824400,JOHNSON COUNTY COMMUNITY COLLEGE        ,KS,66210-1299,Public       ,3194,3008,6202,3194,3008,6202
00833200,B-STREET DESIGN SCHOOL OF INTERNATIONAL ,KS,66502-6082,Proprietary  ,14,19,33,14,19,33
00833201,B-STREET DESIGN SCHOOL OF INTERNATIONAL ,KS,66046-2743,Proprietary  ,10,15,25,10,15,25
01025600,BENEDICTINE COLLEGE                     ,KS,66002-1499,Private      ,1901,84,1985,1901,84,1985
01043800,HASKELL INDIAN NATIONS UNIVERSITY       ,KS,66046-4800,Public       ,524,286,810,524,286,810
01050300,WICHITA TECHNICAL INSTITUTE             ,KS,67213-1927,Proprietary  ,53,234,287,53,234,287
01050302,WICHITA TECHNICAL INSTITUTE - WTI TOPEKA,KS,66609-1217,Proprietary  ,16,71,87,16,71,87
01050305,WICHITA TECHNICAL INSTITUTE - EAST CAMPU,KS,67208-4243,Proprietary  ,33,117,150,33,117,150
02090700,CLEVELAND CHIROPRACTIC COLLEGE          ,KS,66210-1613,Private      ,24,224,248,24,224,248
02134800,OLD TOWN BARBER AND BEAUTY COLLEGE      ,KS,67211-0000,Proprietary  ,6,32,38,6,32,38
02257700,HAYS ACADEMY OF HAIR DESIGN             ,KS,67601-0000,Proprietary  ,33,35,68,33,35,68
02340700,LABARON HAIRDRESSING ACADEMY            ,KS,66204-0000,Proprietary  ,6,10,16,6,10,16
02590900,WRIGHT CAREER COLLEGE                   ,KS,66212-0000,Private      ,32,437,469,32,437,469
02599709,VATTEROTT COLLEGE - WICHITA             ,KS,67226-1304,Proprietary  ,28,153,181,28,153,181
02603100,XENON INTERNATIONAL ACADEMY             ,KS,67203-5428,Proprietary  ,31,56,87,31,56,87
02606300,PAUL MITCHELL THE SCHOOL WICHITA        ,KS,67226-2803,Proprietary  ,26,41,67,26,41,67
02611005,HERITAGE COLLEGE - WICHITA              ,KS,67210-1879,Proprietary  ,46,170,216,46,170,216
02613000,PINNACLE CAREER INSTITUTE               ,KS,66046-2703,Proprietary  ,18,91,109,18,91,109
03031300,XENON INTERNATIONAL ACADEMY IV          ,KS,66061-3765,Proprietary  ,11,24,35,11,24,35
03066200,BRYAN COLLEGE                           ,KS,66604-2496,Proprietary  ,7,64,71,7,64,71
03450300,B-STREET DESIGN SCHOOL OF INTERNATIONAL ,KS,66611-2373,Proprietary  ,20,41,61,20,41,61
03450301,B-STREET DESIGN SCHOOL OF INTERNATIONAL ,KS,67207-5148,Proprietary  ,12,23,35,12,23,35
03450302,B-STREET DESIGN SCHOOL OF INTERNATIONAL ,KS,66212-5451,Proprietary  ,6,29,35,6,29,35
03529300,SIDNEY'S HAIRDRESSING COLLEGE           ,KS,67501-7094,Proprietary  ,10,11,21,10,11,21
04132900,Z HAIR ACADEMY                          ,KS,66046-4040,Proprietary  ,18,23,41,18,23,41
04162700,ERIC FISHER ACADEMY                     ,KS,67212-3376,Proprietary  ,35,68,103,35,68,103
04175700,ACADEMY OF AESTHETIC ARTS               ,KS,66203-3502,Proprietary  ,6,16,22,6,16,22
04179600,ENTOURAGE INSTITUTE OF BEAUTY AND ESTHET,KS,66215-3803,Proprietary  ,6,9,15,6,9,15
04205300,MITSU SATO HAIR ACADEMY                 ,KS,66212-1457,Proprietary  ,9,11,20,9,11,20
04209300,PAUL MITCHELL THE SCHOOL - OVERLAND PARK,KS,66212-4050,Proprietary  ,40,61,101,40,61,101
00203300,UNIVERSITY OF MAINE-PRESQUE ISLE        ,ME,04769-2888,Public       ,689,336,1025,689,336,1025
00203500,BANGOR THEOLOGICAL SEMINARY             ,ME,04402-0411,Private      ,1,13,14,1,13,14
00203600,BATES COLLEGE                           ,ME,04240-6028,Private      ,2667,87,2754,2667,87,2754
00203800,BOWDOIN COLLEGE                         ,ME,04011-8451,Private      ,3634,95,3729,3634,95,3729
00203900,COLBY COLLEGE                           ,ME,04901-8841,Private      ,2739,77,2816,2739,77,2816
00204000,UNIVERSITY OF MAINE-FARMINGTON          ,ME,04938-1990,Public       ,2585,395,2980,2585,395,2980
00204100,UNIVERSITY OF MAINE-FORT KENT           ,ME,04743-1292,Public       ,554,288,842,554,288,842
00204300,HUSSON UNIVERSITY                       ,ME,04401-2999,Private      ,2210,874,3084,2210,874,3084
00204400,MAINE MARITIME ACADEMY                  ,ME,04420-0001,Public       ,1031,111,1142,1031,111,1142
00205000,UNIVERSITY OF NEW ENGLAND               ,ME,04005-9599,Private      ,4160,2362,6522,4160,2362,6522
00205100,SAINT JOSEPH'S COLLEGE                  ,ME,04084-5236,Private      ,1542,720,2262,1542,720,2262
00205200,THOMAS COLLEGE                          ,ME,04901-5097,Private      ,933,165,1098,933,165,1098
00205300,UNIVERSITY OF MAINE                     ,ME,04469-0001,Public       ,11032,2046,13078,11032,2046,13078
00205400,UNIVERSITY OF SOUTHERN MAINE            ,ME,04104-0000,Public       ,5743,3970,9713,5743,3970,9713
00205500,UNIVERSITY OF MAINE-MACHIAS             ,ME,04654-1397,Public       ,464,239,703,464,239,703
00458615,KAPLAN UNIVERSITY - PORTLAND            ,ME,04106-2415,Proprietary  ,67,426,493,67,426,493
00458616,KAPLAN UNIVERSITY - LEWISTON            ,ME,04240-0000,Proprietary  ,56,447,503,56,447,503
00520400,BEAL COLLEGE                            ,ME,04401-6896,Proprietary  ,185,291,476,185,291,476
00527600,CENTRAL MAINE COMMUNITY COLLEGE         ,ME,04210-6498,Public       ,922,960,1882,922,960,1882
00527700,EASTERN MAINE COMMUNITY COLLEGE         ,ME,04401-4280,Public       ,1119,878,1997,1119,878,1997
00552500,SOUTHERN MAINE COMMUNITY  COLLEGE       ,ME,04106-1698,Public       ,2315,1822,4137,2315,1822,4137
00576000,NORTHERN MAINE COMMUNITY COLLEGE        ,ME,04769-2016,Public       ,328,243,571,328,243,571
00630501,CENTRAL MAINE MEDICAL CENTER - COLLEGE O,ME,04240-4500,Private      ,83,173,256,83,173,256
00676000,UNIVERSITY OF MAINE-AUGUSTA             ,ME,04330-9410,Public       ,1143,2903,4046,1143,2903,4046
00685800,UNITY COLLEGE                           ,ME,04988-9502,Private      ,702,76,778,702,76,778
00903800,MR BERNARD'S SCH HAIR FASHION INC       ,ME,04243-1163,Proprietary  ,11,21,32,11,21,32
00923100,WASHINGTON COUNTY COMMUNITY COLLEGE     ,ME,04619-9704,Public       ,174,141,315,174,141,315
00945900,EMPIRE BEAUTY SCHOOL                    ,ME,04101-3348,Proprietary  ,85,92,177,85,92,177
00982600,KENNEBEC VALLEY  COMMUNITY  COLLEGE     ,ME,04937-1367,Public       ,577,884,1461,577,884,1461
01138500,COLLEGE OF THE ATLANTIC                 ,ME,04609-1105,Private      ,531,71,602,531,71,602
01167300,MAINE COLLEGE OF ART                    ,ME,04101-3987,Private      ,590,151,741,590,151,741
02104400,SPA TECH INSTITUTE                      ,ME,04093-0000,Proprietary  ,41,106,147,41,106,147
02347100,NEW ENGLAND SCHOOL OF COMMUNICATIONS    ,ME,04401-0000,Private      ,406,88,494,406,88,494
02361300,LANDING SCHOOL OF BOATBUILDING & DESIGN ,ME,04046-1490,Private      ,19,15,34,19,15,34
03122900,YORK COUNTY COMMUNITY COLLEGE           ,ME,04090-0529,Public       ,387,498,885,387,498,885
03429300,SEACOAST CAREER SCHOOLS                 ,ME,04073-0000,Proprietary  ,12,38,50,12,38,50
03612300,BIRTHWISE MIDWIFERY SCHOOL              ,ME,04009-1110,Proprietary  ,8,35,43,8,35,43
04177400,CAPILO SCHOOL OF HAIR DESIGN            ,ME,04330-0000,Proprietary  ,34,46,80,34,46,80
04185100,NORTHEAST TECHNICAL INSTITUTE           ,ME,04074-0000,Proprietary  ,39,153,192,39,153,192
04188800,INSTITUTE FOR DOCTORAL STUDIES IN THE VI,ME,04102-0000,Private      ,1,32,33,1,32,33
04214100,COSMOTECH SCHOOL OF COSMETOLOGY         ,ME,04092-2878,Proprietary  ,0,1,1,0,1,1
00209300,ST JOHN'S COLLEGE                       ,NM,87505-4599,Private      ,300,107,407,300,107,407
00264900,SANTA FE UNIVERSITY OF ART AND DESIGN   ,NM,87505-7634,Proprietary  ,690,140,830,690,140,830
00265000,UNIVERSITY OF THE SOUTHWEST             ,NM,88240-9129,Private      ,130,230,360,130,230,360
00265100,EASTERN NEW MEXICO UNIV PORTALES        ,NM,88130-6000,Public       ,1716,936,2652,1716,936,2652
00265101,EASTERN NEW MEXICO UNIV-ROSWELL CAM     ,NM,88202-0000,Public       ,453,389,842,453,389,842
00265300,NEW MEXICO HIGHLANDS UNIVERSITY         ,NM,87701-4436,Public       ,1467,1017,2484,1467,1017,2484
00265400,NEW MEXICO INST OF MINING & TECH        ,NM,87801-4796,Public       ,857,229,1086,857,229,1086
00265500,NEW MEXICO JUNIOR COLLEGE               ,NM,88240-9123,Public       ,268,219,487,268,219,487
00265600,NEW MEXICO MILITARY INSTITUTE           ,NM,88201-5173,Public       ,274,33,307,274,33,307
00265700,NEW MEXICO STATE UNIVERSITY             ,NM,88003-8001,Public       ,8066,3607,11673,8066,3607,11673
00265701,NEW MEXICO STATE UNIV-ALAMOGORDO        ,NM,88311-0000,Public       ,267,446,713,267,446,713
00265702,NEW MEXICO STATE UNIV.-DONA ANA CLG     ,NM,88003-0000,Public       ,1619,1699,3318,1619,1699,3318
00265703,NEW MEXICO STATE UNIV-CARLSBAD          ,NM,88220-0000,Public       ,162,168,330,162,168,330
00265704,NEW MEXICO STATE UNIV-GRANTS            ,NM,87020-0000,Public       ,107,159,266,107,159,266
00266000,SAN JUAN COLLEGE                        ,NM,87402-4699,Public       ,662,1454,2116,662,1454,2116
00266300,THE UNIVERSITY OF NEW MEXICO            ,NM,87131-0001,Public       ,13320,10344,23664,13320,10344,23664
00266400,WESTERN NEW MEXICO UNIVERSITY           ,NM,88061-5417,Public       ,895,721,1616,895,721,1616
00405701,NATIONAL AMERICAN UNIVERSITY            ,NM,87110-0000,Proprietary  ,47,251,298,47,251,298
00474200,CENTRAL NEW MEXICO COMMUNITY COLLEGE    ,NM,87106-4096,Public       ,3501,5601,9102,3501,5601,9102
00474300,CLOVIS COMMUNITY COLLEGE                ,NM,88101-8381,Public       ,202,408,610,202,408,610
00996200,LUNA COMMUNITY COLLEGE                  ,NM,87701-0000,Public       ,224,155,379,224,155,379
01063200,DEWOLFF CLG HAIRSTYLING/COSMETOLOGY     ,NM,87112-4113,Proprietary  ,30,49,79,30,49,79
01300500,OLYMPIAN UNIVERSITY OF COSMETOLOGY      ,NM,88310-5051,Proprietary  ,51,231,282,51,231,282
02083900,NORTHERN NEW MEXICO COLLEGE             ,NM,87530-0000,Public       ,266,273,539,266,273,539
02146400,INSTITUTE OF AMERICAN INDIAN ARTS       ,NM,87508-0000,Public       ,95,99,194,95,99,194
02151102,ATI COLLEGE OF HEALTH - ATI CAREER TRAIN,NM,87109-2016,Proprietary  ,5,20,25,5,20,25
02218808,BROOKLINE COLLEGE - ALBUQUERQUE         ,NM,87105-1649,Proprietary  ,97,217,314,97,217,314
02278100,SANTA FE COMMUNITY COLLEGE              ,NM,87507-0000,Public       ,378,702,1080,378,702,1080
02357600,NAVAJO TECHNICAL COLLEGE                ,NM,87313-0000,Public       ,122,235,357,122,235,357
02511000,SOUTHWESTERN INDIAN POLYTECH INST       ,NM,87184-0000,Public       ,99,155,254,99,155,254
02572003,COMPUTER CAREER CENTER - LAS CRUCES CAMP,NM,88011-8220,Proprietary  ,29,107,136,29,107,136
02622000,SOUTHWEST ACUPUNCTURE COLLEGE           ,NM,87505-0000,Proprietary  ,1,107,108,1,107,108
03076100,SOUTHWESTERN COLLEGE                    ,NM,87507-0000,Private      ,20,106,126,20,106,126
03206300,MESALANDS COMMUNITY COLLEGE             ,NM,88401-3352,Public       ,60,45,105,60,45,105
03430300,UNIVERSAL THERAPEUTIC MASSAGE INSTITUTE ,NM,87107-4403,Proprietary  ,19,61,80,19,61,80
03678300,PIMA MEDICAL INSTITUTE                  ,NM,87110-0000,Proprietary  ,197,305,502,197,305,502
03944300,MASSAGE THERAPY TRAINING INSTITUTE      ,NM,88007-0000,Proprietary  ,26,38,64,26,38,64
04162400,TONI AND GUY HAIR ACADEMY               ,NM,87106-4404,Proprietary  ,38,56,94,38,56,94
04174500,AVEDA INSTITUTE OF NEW MEXICO (THE)     ,NM,87110-3640,Proprietary  ,67,113,180,67,113,180
04178500,VOGUE COLLEGE OF COSMETOLOGY            ,NM,87505-7636,Proprietary  ,21,38,59,21,38,59
00223400,ADRIAN COLLEGE                          ,MI,49221-2575,Private      ,2501,230,2731,2501,230,2731
00223500,ALBION COLLEGE                          ,MI,49224-1831,Private      ,2368,103,2471,2368,103,2471
00223600,ALMA COLLEGE                            ,MI,48801-1599,Private      ,2500,134,2634,2500,134,2634
00223700,ALPENA COMMUNITY COLLEGE                ,MI,49707-1495,Public       ,697,460,1157,697,460,1157
00223800,ANDREWS UNIVERSITY                      ,MI,49104-0750,Private      ,1248,601,1849,1248,601,1849
00223900,AQUINAS COLLEGE                         ,MI,49506-1799,Private      ,2614,393,3007,2614,393,3007
00224000,BAY DE NOC COMMUNITY COLLEGE            ,MI,49829-2524,Public       ,706,511,1217,706,511,1217
00224100,CALVIN COLLEGE                          ,MI,49546-4388,Private      ,4363,358,4721,4363,358,4721
00224200,CALVIN THEOLOGICAL SEMINARY             ,MI,49546-4387,Private      ,19,151,170,19,151,170
00224300,CENTRAL MICHIGAN UNIVERSITY             ,MI,48859-0001,Public       ,18941,5662,24603,18941,5662,24603
00224600,CLEARY UNIVERSITY                       ,MI,48105-2659,Private      ,157,359,516,157,359,516
00224700,CONCORDIA UNIVERSITY-ANN ARBOR          ,MI,48105-2797,Private      ,810,175,985,810,175,985
00224800,CRANBROOK ACADEMY OF ART                ,MI,48303-0000,Private      ,21,193,214,21,193,214
00224900,DAVENPORT UNIVERSITY                    ,MI,49503-0000,Private      ,2685,6064,8749,2685,6064,8749
00225100,DELTA COLLEGE                           ,MI,48710-0001,Public       ,4184,3514,7698,4184,3514,7698
00225400,MICHIGAN STATE UNIVERSITY COLLEGE OF LAW,MI,48824-1300,Private      ,261,1549,1810,261,1549,1810
00225900,EASTERN MICHIGAN UNIVERSITY             ,MI,48197-2214,Public       ,14495,7293,21788,14495,7293,21788
00226000,FERRIS STATE UNIVERSITY                 ,MI,49307-2251,Public       ,12905,4890,17795,12905,4890,17795
00226100,CHARLES STEWART MOTT COMMUNITY CLG      ,MI,48503-2089,Public       ,3094,3503,6597,3094,3503,6597
00226200,KETTERING UNIVERSITY                    ,MI,48504-4898,Private      ,1880,231,2111,1880,231,2111
00226300,GLEN OAKS COMMUNITY COLLEGE             ,MI,49032-9784,Public       ,424,321,745,424,321,745
00226400,GOGEBIC COMMUNITY COLLEGE               ,MI,49938-1365,Public       ,450,216,666,450,216,666
00226500,GRACE BIBLE COLLEGE                     ,MI,49509-1998,Private      ,436,276,712,436,276,712
00226600,CORNERSTONE UNIVERSITY                  ,MI,49525-5897,Private      ,2086,930,3016,2086,930,3016
00226700,GRAND RAPIDS COMMUNITY COLLEGE          ,MI,49503-3295,Public       ,7426,5116,12542,7426,5116,12542
00226800,GRAND VALLEY STATE UNIVERSITY           ,MI,49401-9403,Public       ,23212,5418,28630,23212,5418,28630
00226900,GREAT LAKES CHRISTIAN COLLEGE           ,MI,48917-1299,Private      ,122,69,191,122,69,191
00227000,HENRY FORD COMMUNITY COLLEGE            ,MI,48128-1495,Public       ,5150,7329,12479,5150,7329,12479
00227300,HOPE COLLEGE                            ,MI,49423-3607,Private      ,4717,187,4904,4717,187,4904
00227400,JACKSON COMMUNITY COLLEGE               ,MI,49201-8399,Public       ,2208,1992,4200,2208,1992,4200
00227500,KALAMAZOO COLLEGE                       ,MI,49006-3295,Private      ,2144,171,2315,2144,171,2315
00227600,KELLOGG COMMUNITY COLLEGE               ,MI,49017-3397,Public       ,1828,2119,3947,1828,2119,3947
00227700,LAKE MICHIGAN COLLEGE                   ,MI,49022-1899,Public       ,1171,1222,2393,1171,1222,2393
00227800,LANSING COMMUNITY COLLEGE               ,MI,48933-1293,Public       ,5649,4182,9831,5649,4182,9831
00227900,LAWRENCE TECHNOLOGICAL UNIVERSITY       ,MI,48075-1058,Private      ,1683,647,2330,1683,647,2330
00228200,MADONNA UNIVERSITY                      ,MI,48150-1173,Private      ,1395,1686,3081,1395,1686,3081
00228400,MARYGROVE COLLEGE                       ,MI,48221-2599,Private      ,798,1438,2236,798,1438,2236
00228800,ROCHESTER COLLEGE                       ,MI,48307-2764,Private      ,548,391,939,548,391,939
00229000,MICHIGAN STATE UNIVERSITY               ,MI,48824-1113,Public       ,33045,8997,42042,33045,8997,42042
00229200,MICHIGAN TECHNOLOGICAL UNIV             ,MI,49931-1295,Public       ,5461,553,6014,5461,553,6014
00229300,LAKE SUPERIOR STATE UNIVERSITY          ,MI,49783-1691,Public       ,2256,535,2791,2256,535,2791
00229400,MONROE COUNTY COMMUNITY CLG             ,MI,48161-9746,Public       ,1014,930,1944,1014,930,1944
00229500,MONTCALM COMMUNITY COLLEGE              ,MI,48885-9723,Public       ,632,677,1309,632,677,1309
00229700,MUSKEGON COMMUNITY COLLEGE              ,MI,49442-1432,Public       ,2058,1483,3541,2058,1483,3541
00229900,NORTH CENTRAL MICHIGAN COLLEGE          ,MI,49770-8740,Public       ,735,593,1328,735,593,1328
00230100,NORTHERN MICHIGAN UNIVERSITY            ,MI,49855-5316,Public       ,6690,1483,8173,6690,1483,8173
00230200,NORTHWESTERN MICHIGAN COLLEGE           ,MI,49686-3061,Public       ,1894,1515,3409,1894,1515,3409
00230301,OAKLAND COMMUNITY COLLEGE - ORCHARD RIDG,MI,48334-4579,Public       ,2165,2372,4537,2165,2372,4537
00230302,OAKLAND COMMUNITY COLLEGE - ROYAL OAK CA,MI,48067-3898,Public       ,2491,3436,5927,2491,3436,5927
00230303,OAKLAND COMMUNITY COLLEGE - SOUTHFIELD C,MI,48075-4793,Public       ,2009,3966,5975,2009,3966,5975
00230304,OAKLAND COMMUNITY COLLEGE - AUBURN HILLS,MI,48323-2845,Public       ,2988,2896,5884,2988,2896,5884
00230305,OAKLAND COMMUNITY COLLEGE - HIGHLAND LAK,MI,48327-4187,Public       ,1432,1729,3161,1432,1729,3161
00230700,OAKLAND UNIVERSITY                      ,MI,48309-4401,Public       ,13151,5736,18887,13151,5736,18887
00230800,OLIVET COLLEGE                          ,MI,49076-9902,Private      ,1415,174,1589,1415,174,1589
00231000,ST. CLAIR COUNTY COMMUNITY COLLEGE      ,MI,48061-0000,Public       ,1371,1039,2410,1371,1039,2410
00231100,KUYPER COLLEGE                          ,MI,49525-9749,Private      ,340,120,460,340,120,460
00231300,SACRED HEART MAJOR SEMINARY             ,MI,48206-1799,Private      ,23,80,103,23,80,103
00231400,SAGINAW VALLEY STATE UNIV               ,MI,48710-0001,Public       ,8596,2275,10871,8596,2275,10871
00231500,SCHOOLCRAFT COLLEGE                     ,MI,48152-2696,Public       ,3803,4106,7909,3803,4106,7909
00231600,SIENA HEIGHTS UNIVERSITY                ,MI,49221-1796,Private      ,1441,1006,2447,1441,1006,2447
00231700,SOUTHWESTERN MICHIGAN COLLEGE           ,MI,49047-9793,Public       ,1525,786,2311,1525,786,2311
00231800,SPRING ARBOR UNIVERSITY                 ,MI,49283-9984,Private      ,1953,1389,3342,1953,1389,3342
00232200,FINLANDIA UNIVERSITY                    ,MI,49930-1882,Private      ,518,154,672,518,154,672
00232300,UNIVERSITY OF DETROIT MERCY             ,MI,48221-3038,Private      ,2885,2026,4911,2885,2026,4911
00232303,UNIV OF DETROIT MERCY - LAW SCHOOL      ,MI,48226-0000,Private      ,47,476,523,47,476,523
00232330,UNIV OF DETROIT MERCY - DENTAL SCHOOL   ,MI,48208-2576,Private      ,143,386,529,143,386,529
00232500,UNIVERSITY OF MICHIGAN - ANN ARBOR      ,MI,48109-1316,Public       ,33100,9273,42373,33100,9273,42373
00232501,UNIVERSITY OF MICHIGAN-MEDICAL SCH      ,MI,48109-0000,Public       ,270,897,1167,270,897,1167
00232503,UNIVERSITY OF MICHIGAN LAW SCHOOL       ,MI,48109-0000,Public       ,103,2017,2120,103,2017,2120
00232600,UNIVERSITY OF MICHIGAN-DEARBORN         ,MI,48128-2406,Public       ,5522,3153,8675,5522,3153,8675
00232700,UNIVERSITY OF MICHIGAN-FLINT            ,MI,48502-1950,Public       ,4051,3463,7514,4051,3463,7514
00232800,WASHTENAW COMMUNITY COLLEGE             ,MI,48106-0000,Public       ,2702,2723,5425,2702,2723,5425
00232900,WAYNE STATE UNIVERSITY                  ,MI,48202-0000,Public       ,14305,11193,25498,14305,11193,25498
00232901,WAYNE STATE UNIV SCH OF MEDICINE        ,MI,48201-3359,Public       ,666,1285,1951,666,1285,1951
00232902,WAYNE STATE UNIVERSITY - LAW SCHOOL     ,MI,48202-3424,Public       ,153,682,835,153,682,835
00233000,WESTERN MICHIGAN UNIVERSITY             ,MI,49008-3899,Public       ,18025,6099,24124,18025,6099,24124
00233100,WESTERN THEOLOGICAL SEMINARY            ,MI,49423-0000,Private      ,3,91,94,3,91,94
00407100,WALSH COLLEGE OF ACCT & BUS ADMN        ,MI,48007-7006,Private      ,243,969,1212,243,969,1212
00407200,NORTHWOOD UNIVERSITY                    ,MI,48640-2398,Private      ,1691,937,2628,1691,937,2628
00467300,BAKER COLLEGE - FLINT                   ,MI,48507-5508,Private      ,1514,2671,4185,1514,2671,4185
00467301,BAKER COLLEGE OF CADILLAC               ,MI,49601-0000,Private      ,353,684,1037,353,684,1037
00467302,BAKER COLLEGE OF CLINTON TOWNSHIP       ,MI,48035-0000,Private      ,868,1831,2699,868,1831,2699
00467303,BAKER COLLEGE OF MUSKEGON               ,MI,49442-0000,Private      ,1640,1473,3113,1640,1473,3113
00467304,BAKER COLLEGE OF OWOSSO                 ,MI,48867-0000,Private      ,975,771,1746,975,771,1746
00467305,BAKER COLLEGE OF AUBURN HILLS           ,MI,48326-0000,Private      ,562,1333,1895,562,1333,1895
00467306,BAKER COLLEGE OF PORT HURON             ,MI,48060-0000,Private      ,334,512,846,334,512,846
00467309,BAKER COLLEGE OF JACKSON                ,MI,49202-0000,Private      ,492,903,1395,492,903,1395
00467311,BAKER COLLEGE-CASS CITY                 ,MI,48726-0000,Private      ,107,137,244,107,137,244
00467313,BAKER COLLEGE - GRADUATE ON-LINE        ,MI,48507-0000,Private      ,256,2701,2957,256,2701,2957
00467317,BAKER COLLEGE-ALLEN PARK                ,MI,48101-0000,Private      ,698,1838,2536,698,1838,2536
00469200,DORSEY SCHOOL OF BUSINESS               ,MI,48195-2334,Proprietary  ,21,83,104,21,83,104
00469201,DORSEY SCHOOL OF BUSINESS               ,MI,48184-0000,Proprietary  ,17,89,106,17,89,106
00469202,DORSEY SCHOOL OF BUSINESS               ,MI,48071-0000,Proprietary  ,35,120,155,35,120,155
00469204,DORSEY SCHOOL OF BUSINESS               ,MI,48066-0000,Proprietary  ,31,139,170,31,139,170
00469205,DORSEY BUSINESS SCHOOL - FARMINGTON HILL,MI,48334-3385,Proprietary  ,12,63,75,12,63,75
00469206,DORSEY BUSINESS SCHOOL - ROSEVILLE CULIN,MI,48066-4555,Proprietary  ,49,97,146,49,97,146
00469207,DORSEY BUSINESS SCHOOL - WATERFORD/PONTI,MI,48341-1037,Proprietary  ,17,72,89,17,72,89
00469208,DORSEY BUSINESS SCHOOL - SAGINAW CAMPUS ,MI,48603-5201,Proprietary  ,24,74,98,24,74,98
00469209,DORSEY SCHOOL OF BUSINESS - LANSING     ,MI,48911-5744,Proprietary  ,17,58,75,17,58,75
00491003,KAPLAN CAREER INSTITUTE - DEARBORN      ,MI,48228-0000,Proprietary  ,56,216,272,56,216,272
00676800,MID MICHIGAN COMMUNITY COLLEGE          ,MI,48625-9447,Public       ,1388,1064,2452,1388,1064,2452
00677100,COLLEGE FOR CREATIVE STUDIES            ,MI,48202-4034,Private      ,1356,469,1825,1356,469,1825
00694900,KALAMAZOO VALLEY COMMUNITY COLLEGE      ,MI,49003-4070,Public       ,3455,2911,6366,3455,2911,6366
00717100,KIRTLAND COMMUNITY COLLEGE              ,MI,48653-0000,Public       ,502,629,1131,502,629,1131
00732991,ITT TECHNICAL INSTITUTE                 ,MI,49519-1851,Proprietary  ,238,591,829,238,591,829
00761700,CARNEGIE INSTITUTE                      ,MI,48083-1159,Proprietary  ,22,125,147,22,125,147
00795000,WEST SHORE COMMUNITY COLLEGE            ,MI,49454-0000,Public       ,353,388,741,353,388,741
00817800,EMPIRE BEAUTY SCHOOL                    ,MI,49525-2440,Proprietary  ,97,118,215,97,118,215
00890600,MACOMB COMMUNITY COLLEGE                ,MI,48088-3896,Public       ,7021,6041,13062,7021,6041,13062
00894600,PORT HURON COSMETOLOGY COLLEGE          ,MI,48329-1618,Proprietary  ,8,15,23,8,15,23
00923000,WAYNE COUNTY COMMUNITY CLG-DISTRICT     ,MI,48226-3010,Public       ,4199,10198,14397,4199,10198,14397
00982800,EVEREST INSTITUTE                       ,MI,48033-4400,Proprietary  ,90,413,503,90,413,503
00982801,EVEREST INSTITUTE- DEARBORN             ,MI,48124-1927,Proprietary  ,103,324,427,103,324,427
00982803,EVEREST INSTITUTE - DETROIT             ,MI,48207-4291,Proprietary  ,118,377,495,118,377,495
01047000,KALAMAZOO BEAUTY ACADEMY                ,MI,49002-5220,Proprietary  ,12,20,32,12,20,32
01082700,DAVID PRESSLEY PROF SCH OF COSMTLGY     ,MI,48067-3219,Proprietary  ,56,94,150,56,94,150
01109800,FLINT INSTITUTE OF BARBERING            ,MI,48504-4395,Proprietary  ,24,53,77,24,53,77
01229100,WRIGHT BEAUTY ACADEMY                   ,MI,49015-2696,Proprietary  ,18,37,55,18,37,55
01262700,THOMAS M. COOLEY LAW SCHOOL             ,MI,48901-1586,Private      ,25,1426,1451,25,1426,1451
01321800,M J MURPHY BTY CLG MT PLEASANT          ,MI,48858-2502,Proprietary  ,21,39,60,21,39,60
02060300,MICHIGAN INSTITUTE OF AERONAUTICS       ,MI,48188-2533,Proprietary  ,240,178,418,240,178,418
02099700,ROSS MEDICAL EDUCATION CENTER           ,MI,48532-0000,Proprietary  ,128,392,520,128,392,520
02099701,ROSS MEDICAL EDUCATION CENTER-SAGINAW   ,MI,48603-5227,Proprietary  ,34,62,96,34,62,96
02099702,ROSS MEDICAL EDUCATION CENTER-PORT HURON,MI,48060-1958,Proprietary  ,15,42,57,15,42,57
02099703,ROSS MEDICAL EDUCATION CENTER-ROOSEVELT ,MI,49441-4156,Proprietary  ,8,17,25,8,17,25
02100400,EVEREST INSTITUTE                       ,MI,49525-2301,Proprietary  ,100,310,410,100,310,410
02100401,EVEREST INSTITUTE - KALAMAZOO           ,MI,49009-3307,Proprietary  ,68,182,250,68,182,250
02125600,MICHIGAN COLLEGE OF BEAUTY              ,MI,48083-0000,Proprietary  ,63,99,162,63,99,162
02158600,MR BELA'S SCHOOL OF COSMETOLOGY         ,MI,48092-4637,Proprietary  ,26,57,83,26,57,83
02160303,INTERNATIONAL ACADEMY OF DESIGN AND TECH,MI,48083-2160,Proprietary  ,164,230,394,164,230,394
02180100,ROSS MEDICAL EDUCATION CENTER           ,MI,48092-0000,Proprietary  ,78,245,323,78,245,323
02180105,ROSS MEDICAL EDUCATION CENTER-REDFORD   ,MI,48239-1260,Proprietary  ,12,46,58,12,46,58
02198900,MICHIGAN SCHOOL OF PROFESSIONAL PSYCHOLO,MI,48334-4512,Private      ,22,121,143,22,121,143
02209200,TAYLORTOWN SCHOOL OF BEAUTY             ,MI,48180-0000,Proprietary  ,24,81,105,24,81,105
02237800,SPECS HOWARD SCHOOL OF MEDIA ARTS       ,MI,48075-0000,Proprietary  ,284,279,563,284,279,563
02285700,BAYSHIRE BEAUTY ACADEMY                 ,MI,48708-5614,Proprietary  ,16,41,57,16,41,57
02289801,KAPLAN INSTITUTE - DETROIT CAMPUS       ,MI,48202-0000,Proprietary  ,53,213,266,53,213,266
02324500,MICHIGAN COLLEGE OF BEAUTY              ,MI,48161-3901,Proprietary  ,31,58,89,31,58,89
02339700,ROSS MEDICAL EDUCATION CENTER           ,MI,48116-0000,Proprietary  ,44,266,310,44,266,310
02339701,ROSS MEDICAL EDUCATION CENTER-ANN ARBOR ,MI,48108-1411,Proprietary  ,22,74,96,22,74,96
02339703,ROSS MEDICAL EDUCATION CENTER - DAVISON ,MI,48423-1751,Proprietary  ,10,35,45,10,35,45
02361500,MICHIGAN BARBER COLLEGE                 ,MI,48204-2244,Private      ,63,196,259,63,196,259
02363800,YESHIVA GEDOLAH OF GREATER DETROIT      ,MI,48237-0000,Private      ,1,4,5,1,4,5
02491000,WEST MI COLG OF BARBERING & BEAUTY      ,MI,49008-0000,Proprietary  ,18,39,57,18,39,57
02531806,PAUL MITCHELL THE SCHOOL -MICHIGAN      ,MI,48313-0000,Proprietary  ,7,12,19,7,12,19
02533600,ROSS MEDICAL EDUCATION CENTER           ,MI,48917-2108,Proprietary  ,78,218,296,78,218,296
02533601,ROSS MEDICAL EDUCATION CENTER - GRAND RA,MI,49546-2430,Proprietary  ,48,134,182,48,134,182
02588200,DOUGLAS J AVEDA INSTITUTE               ,MI,48823-4351,Proprietary  ,336,345,681,336,345,681
02588201,DOUGLAS J AVEDA INSTITUTE - ANN ARBOR   ,MI,48104-2211,Proprietary  ,108,94,202,108,94,202
02595700,HILLSDALE BEAUTY COLLEGE                ,MI,49242-0000,Proprietary  ,58,10,68,58,10,68
02618400,MICHIGAN CAREER & TECHNICAL INST        ,MI,49080-9254,Public       ,126,37,163,126,37,163
03005700,DETROIT BUSINESS INST. DOWNRIVER        ,MI,48193-6761,Proprietary  ,17,63,80,17,63,80
03028500,LAWTON SCHOOL                           ,MI,48075-0000,Proprietary  ,6,36,42,6,36,42
03066600,BAY MILLS COMMUNITY COLLEGE             ,MI,49715-9750,Public       ,118,180,298,118,180,298
03075200,TWIN CITY BEAUTY COLLEGE                ,MI,49085-3305,Proprietary  ,42,49,91,42,49,91
03075201,TWIN CITY BEAUTY COLLEGE - TRAVERSE CITY,MI,49686-5119,Proprietary  ,21,26,47,21,26,47
03090000,SHARP'S ACADEMY OF HAIRSTYLING INC.     ,MI,48433-0000,Proprietary  ,17,17,34,17,17,34
03109700,HOUGHTON LAKE INST OF COSMETOLOGY       ,MI,48629-0669,Proprietary  ,13,17,30,13,17,30
03110300,THE SCHOOL OF CREATIVE HAIR DESIGN      ,MI,49036-1139,Proprietary  ,8,18,26,8,18,26
03124000,NORTHWESTERN TECHNOLOGICAL INST         ,MI,48075-2412,Proprietary  ,40,127,167,40,127,167
03284300,MICHIGAN JEWISH INSTITUTE               ,MI,48237-0000,Private      ,86,11,97,86,11,97
03490300,PAUL MITCHELL THE SCHOOL ESCANABA       ,MI,49829-0000,Proprietary  ,118,106,224,118,106,224
03588300,IRENE'S MYOMASSOLOGY INSTITUTE          ,MI,48033-2404,Proprietary  ,41,145,186,41,145,186
03704300,BLUE WATER COLLEGE OF COSMETOLOGY       ,MI,48040-2093,Proprietary  ,15,11,26,15,11,26
03772300,SAGINAW CHIPPEWA TRIBAL COLLEGE         ,MI,48858-0000,Public       ,7,28,35,7,28,35
03815300,IN SESSION-ARTS OF COSMETOLOGY BEAU     ,MI,48609-0000,Proprietary  ,29,43,72,29,43,72
03907300,PAUL MITCHELL THE SCHOOL GREAT LAKES    ,MI,48060-0000,Proprietary  ,56,67,123,56,67,123
03915300,CAREER QUEST LEARNING CENTER            ,MI,48910-4732,Proprietary  ,52,252,304,52,252,304
03915301,CAREER QUEST LEARNING CENTER - JACKSON  ,MI,49201-2475,Proprietary  ,21,86,107,21,86,107
03915302,CAREER QUEST LEARNING CENTER - KALAMAZOO,MI,49002-1711,Proprietary  ,18,98,116,18,98,116
03968300,LAKEWOOD SCHOOL OF THERAPEUTIC MASSAGE  ,MI,48060-0000,Proprietary  ,12,26,38,12,26,38
03976500,ANN ARBOR INSTITUTE OF MASSAGE THERAPY  ,MI,48103-0000,Proprietary  ,24,60,84,24,60,84
04002400,ECUMENICAL THEOLOGICAL SEMINARY         ,MI,48201-3035,Private      ,4,62,66,4,62,66
04006300,NUVO COLLEGE OF COSMETOLOGY             ,MI,49441-3822,Proprietary  ,13,30,43,13,30,43
04014300,P&A SCHOLARS BEAUTY SCHOOL              ,MI,48204-0000,Proprietary  ,81,206,287,81,206,287
04094300,ROBERT B. MILLER COLLEGE (THE)          ,MI,49017-3306,Private      ,68,234,302,68,234,302
04121100,GALLERY COLLEGE OF BEAUTY (THE)         ,MI,48036-3591,Proprietary  ,23,65,88,23,65,88
04136300,FOCUS:  HOPE INFORMATION TECHNOLOGIES CE,MI,48238-2949,Private      ,86,206,292,86,206,292
04138400,SCHOOL OF DESIGNING ARTS                ,MI,49015-2853,Proprietary  ,33,28,61,33,28,61
04140900,INTERNATIONAL COSMETOLOGY ACADEMY       ,MI,49508-1308,Proprietary  ,30,49,79,30,49,79
04141100,FRENCH ACADEMY OF COSMETOLOGY           ,MI,49456-3207,Proprietary  ,8,18,26,8,18,26
04158400,L'ESPRIT ACADEMY                        ,MI,48150-0000,Proprietary  ,27,54,81,27,54,81
04159300,MARKETTI ACADEMY OF COSMETOLOGY         ,MI,48329-3506,Proprietary  ,22,27,49,22,27,49
04163300,COMPASS COLLEGE OF CINEMATIC ARTS       ,MI,49503-4227,Private      ,97,39,136,97,39,136
04164700,KEWEENAW BAY OJIBWA COMMUNITY COLLEGE   ,MI,49908-0000,Public       ,4,14,18,4,14,18
04169300,SCHOLARS COSMETOLOGY UNIVERSITY         ,MI,48108-0000,Proprietary  ,16,38,54,16,38,54
04183300,ABCOTT INSTITUTE                        ,MI,48075-5227,Proprietary  ,13,60,73,13,60,73
04184700,PROTEGE ACADEMY                         ,MI,48823-8660,Proprietary  ,23,54,77,23,54,77
04207000,SCHOOL OF MISSIONARY AVIATION TECHNOLOGY,MI,48846-7412,Private      ,22,25,47,22,25,47
04211200,BRIGHTON INSTITUTE OF COSMETOLOGY       ,MI,48116-8360,Proprietary  ,18,20,38,18,20,38
00233200,ANOKA-RAMSEY CC-CAMBRIDGE/COONRAPID     ,MN,55433-3499,Public       ,946,1048,1994,946,1048,1994
00233400,AUGSBURG COLLEGE                        ,MN,55454-1351,Private      ,1979,763,2742,1979,763,2742
00233500,RIVERLAND COMMUNITY COLLEGE             ,MN,55912-1473,Public       ,236,369,605,236,369,605
00233600,BEMIDJI STATE UNIVERSITY                ,MN,56601-2699,Public       ,2203,776,2979,2203,776,2979
00233700,BETHANY LUTHERAN COLLEGE INC            ,MN,56001-6163,Private      ,378,32,410,378,32,410
00233900,CENTRAL LAKES COLG-BRAINERD/STAPLES     ,MN,56401-3900,Public       ,413,420,833,413,420,833
00234000,CARLETON COLLEGE                        ,MN,55057-4001,Private      ,3249,62,3311,3249,62,3311
00234100,COLLEGE OF ST BENEDICT                  ,MN,56374-2099,Private      ,1485,53,1538,1485,53,1538
00234200,ST. CATHERINE UNIVERSITY                ,MN,55105-1789,Private      ,1676,1189,2865,1676,1189,2865
00234300,COLLEGE OF ST SCHOLASTICA               ,MN,55811-4199,Private      ,1402,751,2153,1402,751,2153
00234500,UNIVERSITY OF ST THOMAS                 ,MN,55105-1096,Private      ,5175,1251,6426,5175,1251,6426
00234600,CONCORDIA COLLEGE-MOORHEAD              ,MN,56562-0001,Private      ,1782,75,1857,1782,75,1857
00234700,"CONCORDIA UNIVERSITY, ST PAUL, MN       ",MN,55104-5494,Private      ,955,773,1728,955,773,1728
00235000,VERMILION COMMUNITY COLLEGE             ,MN,55731-1996,Public       ,226,65,291,226,65,291
00235300,GUSTAVUS ADOLPHUS COLLEGE               ,MN,56082-1498,Private      ,2501,67,2568,2501,67,2568
00235400,HAMLINE UNIVERSITY                      ,MN,55104-1284,Private      ,2234,969,3203,2234,969,3203
00235500,HIBBING COMMUNITY COLLEGE               ,MN,55746-3300,Public       ,162,239,401,162,239,401
00235600,ITASCA COMMUNITY COLLEGE                ,MN,55744-3397,Public       ,325,151,476,325,151,476
00235700,LUTHER SEMINARY                         ,MN,55108-0000,Private      ,5,175,180,5,175,180
00235800,MACALESTER COLLEGE                      ,MN,55105-1899,Private      ,2995,110,3105,2995,110,3105
00236000,"MINNESOTA STATE UNIVERSITY, MANKATO     ",MN,56002-0000,Public       ,6807,1704,8511,6807,1704,8511
00236100,MARTIN LUTHER COLLEGE                   ,MN,56073-3965,Private      ,353,20,373,353,20,373
00236200,MINNEAPOLIS COMM AND TECH COLLEGE       ,MN,55403-1779,Public       ,1035,2671,3706,1035,2671,3706
00236500,MINNEAPOLIS COLLEGE OF ART & DESIGN     ,MN,55404-4343,Private      ,726,268,994,726,268,994
00236600,CROSSROADS COLLEGE                      ,MN,55902-2382,Private      ,27,27,54,27,27,54
00236700,MINNESOTA STATE UNIVERSITY MOORHEAD     ,MN,56563-0001,Public       ,2908,869,3777,2908,869,3777
00236900,NORTH CENTRAL UNIVERSITY                ,MN,55404-1391,Private      ,653,174,827,653,174,827
00237000,NORTH HENNEPIN COMMUNITY COLLEGE        ,MN,55445-2299,Public       ,827,1411,2238,827,1411,2238
00237100,NORTHWESTERN COLLEGE                    ,MN,55113-1598,Private      ,1412,254,1666,1412,254,1666
00237300,ROCHESTER COMMUNITY/TECH COLLEGE        ,MN,55904-4999,Public       ,827,823,1650,827,823,1650
00237500,SOUTHWEST MINNESOTA STATE UNIVERSITY    ,MN,56258-1598,Public       ,1341,374,1715,1341,374,1715
00237700,ST CLOUD STATE UNIVERSITY               ,MN,56301-4498,Public       ,4849,1559,6408,4849,1559,6408
00237900,SAINT JOHNS UNIVERSITY                  ,MN,56321-0000,Private      ,1322,46,1368,1322,46,1368
00238000,SAINT MARY'S UNIVERSITY                 ,MN,55987-1399,Private      ,1206,892,2098,1206,892,2098
00238200,ST OLAF COLLEGE                         ,MN,55057-1098,Private      ,2917,71,2988,2917,71,2988
00238300,CROWN COLLEGE                           ,MN,55375-9001,Private      ,552,243,795,552,243,795
00238500,NORTHLAND COMMUNITY & TECHNICAL CLG     ,MN,56701-2598,Public       ,395,412,807,395,412,807
00238600,UNITED THEOLGCL SEMINRY TWIN CITIES     ,MN,55112-0000,Private      ,6,26,32,6,26,32
00238800,"UNIVERSITY OF MINNESOTA, DULUTH         ",MN,55812-2496,Public       ,5794,866,6660,5794,866,6660
00238900,"UNIVERSITY OF MINNESOTA, MORRIS         ",MN,56267-2113,Public       ,1540,148,1688,1540,148,1688
00239100,WILLIAM MITCHELL COLLEGE OF LAW         ,MN,55105-0000,Private      ,4,457,461,4,457,461
00239300,MINNESOTA STATE COLLEGE-SE TECH         ,MN,55987-0409,Public       ,226,303,529,226,303,529
00239400,WINONA STATE UNIVERSITY                 ,MN,55987-5838,Public       ,3965,465,4430,3965,465,4430
00396900,UNIVERSITY OF MINNESOTA-TWIN CITIES     ,MN,55455-0422,Public       ,22830,7916,30746,22830,7916,30746
00400900,MESABI RANGE CMNTY & TECH COLLEGE       ,MN,55792-0000,Public       ,136,147,283,136,147,283
00405708,NATIONAL AMERICAN UNIVERSITY            ,MN,55113-0000,Proprietary  ,10,129,139,10,129,139
00405715,NATIONAL AMERICAN UNIVERSITY - BLOOMINGT,MN,55425-5550,Proprietary  ,7,178,185,7,178,185
00406900,UNIVERSITY OF MINNESOTA-CROOKSTON       ,MN,56716-5001,Public       ,591,290,881,591,290,881
00438600,VETERAN'S MEDICAL CTR- SCH RAD TECH     ,MN,55417-2399,Public       ,6,7,13,6,7,13
00464100,DUNWOODY COLLEGE OF TECHNOLOGY          ,MN,55403-1192,Private      ,181,325,506,181,325,506
00464200,GLOBE UNIVERSITY                        ,MN,55125-5408,Proprietary  ,222,835,1057,222,835,1057
00464500,MINNEAPOLIS BUSINESS COLLEGE            ,MN,55113-4036,Proprietary  ,184,66,250,184,66,250
00464600,MINNESOTA SCHOOL OF BUSINESS            ,MN,55423-0000,Proprietary  ,220,766,986,220,766,986
00525200,RIDGEWATER COLLEGE                      ,MN,56201-2098,Public       ,617,407,1024,617,407,1024
00526300,MINNESOTA WEST CMNTY & TECH COLG        ,MN,56241-1096,Public       ,243,316,559,243,316,559
00553300,"SAINT PAUL COLLEGE, COMMUNITY/TECHNICAL ",MN,55102-1800,Public       ,1063,1645,2708,1063,1645,2708
00553400,SAINT CLOUD TECHNICAL COLLEGE AND COMMUN,MN,56303-1240,Public       ,767,743,1510,767,743,1510
00553500,PINE TECHNICAL COLLEGE                  ,MN,55063-2198,Public       ,65,192,257,65,192,257
00553700,SOUTH CENTRAL COLLEGE                   ,MN,56003-0000,Public       ,508,607,1115,508,607,1115
00554100,MINNESOTA STATE COMMUNITY AND TECHNICAL ,MN,56573-1405,Public       ,569,838,1407,569,838,1407
00554400,ALEXANDRIA TECHNICAL COLLEGE            ,MN,56308-3799,Public       ,478,246,724,478,246,724
00575700,LAKE SUPERIOR COLLEGE                   ,MN,55811-3399,Public       ,602,722,1324,602,722,1324
00575900,NORTHWEST TECHNICAL COLLEGE - BEMIDJI   ,MN,56601-4907,Public       ,128,212,340,128,212,340
00677500,RAINY RIVER COMMUNITY COLLEGE           ,MN,56649-2187,Public       ,42,25,67,42,25,67
00735000,ANOKA-HENNEPIN TECHNICAL COLLEGE        ,MN,55303-1590,Public       ,276,642,918,276,642,918
00735100,BROWN COLLEGE                           ,MN,55120-1004,Proprietary  ,69,207,276,69,207,276
00746200,COLLEGE OF VISUAL ARTS                  ,MN,55102-2199,Private      ,46,33,79,46,33,79
00795400,NORMANDALE COMMUNITY COLLEGE            ,MN,55431-4399,Public       ,1459,1353,2812,1459,1353,2812
00826700,NORTHWEST TECHNICAL INSTITUTE           ,MN,55121-5001,Proprietary  ,4,15,19,4,15,19
00869400,RASMUSSEN COLLEGE - ST. CLOUD           ,MN,56301-3713,Proprietary  ,49,436,485,49,436,485
00869401,RASMUSSEN COLLEGE - BROOKLYN PARK       ,MN,55445-1512,Proprietary  ,54,296,350,54,296,350
00869406,RASMUSSEN COLLEGE - EAGAN               ,MN,55122-1346,Proprietary  ,34,321,355,34,321,355
00869407,RASMUSSEN COLLEGE - BLOOMINGTON         ,MN,55435-5444,Proprietary  ,44,437,481,44,437,481
00869409,RASMUSSEN COLLEGE - MANKATO             ,MN,56001-8658,Proprietary  ,78,285,363,78,285,363
00869412,RASMUSSEN COLLEGE - LAKE ELMO           ,MN,55042-8624,Proprietary  ,28,223,251,28,223,251
00869416,RASMUSSEN COLLEGE - MOORHEAD            ,MN,56560-4513,Proprietary  ,54,192,246,54,192,246
00869417,RASMUSSEN COLLEGE - BLAINE              ,MN,55014-0000,Proprietary  ,32,223,255,32,223,255
00905800,BETHEL UNIVERSITY                       ,MN,55112-6999,Private      ,1962,597,2559,1962,597,2559
00960000,COSMETOLOGY CAREERS UNLTD-DULUTH        ,MN,55802-2031,Proprietary  ,4,12,16,4,12,16
00972200,EMPIRE BEAUTY SCHOOL                    ,MN,55119-7003,Proprietary  ,19,53,72,19,53,72
00974000,INVER HILLS COMMUNITY COLLEGE           ,MN,55076-3224,Public       ,800,1106,1906,800,1106,1906
00983100,MODEL COLLEGE OF HAIR DESIGN            ,MN,56301-4280,Proprietary  ,31,33,64,31,33,64
00987000,EMPIRE BEAUTY SCHOOL                    ,MN,55420-2919,Proprietary  ,33,43,76,33,43,76
00989200,"DULUTH BUSINESS UNIV, INC.              ",MN,55807-0000,Proprietary  ,36,87,123,36,87,123
00999200,OAK HILLS CHRISTIAN COLLEGE             ,MN,56601-0000,Private      ,42,9,51,42,9,51
01024800,ART INSTITUTES INTL MINNESOTA           ,MN,55402-3137,Proprietary  ,555,456,1011,555,456,1011
01035602,EVEREST INSTITUTE - EAGAN               ,MN,55121-1696,Proprietary  ,16,115,131,16,115,131
01037400,METROPOLITAN STATE UNIVERSITY           ,MN,55106-5000,Public       ,808,2594,3402,808,2594,3402
01040200,DAKOTA COUNTY TECHNICAL COLLEGE         ,MN,55068-2999,Public       ,340,517,857,340,517,857
01049000,REGENCY BEAUTY INSTITUTE                ,MN,55428-0000,Proprietary  ,826,1581,2407,826,1581,2407
01049100,HENNEPIN TECHNICAL COLLEGE              ,MN,55445-2399,Public       ,502,1504,2006,502,1504,2006
01054600,CENTURY COLLEGE                         ,MN,55110-1894,Public       ,1406,1876,3282,1406,1876,3282
01173200,"MAYO CLINIC, COLLEGE OF MEDICINE        ",MN,55905-0000,Private      ,38,218,256,38,218,256
01173201,MAYO SCHOOL OF HEALTH-RELATED SCIEN     ,MN,55905-0000,Private      ,46,98,144,46,98,144
01173206,MAYO GRAD SCHOOL                        ,MN,55901-0000,Private      ,3,29,32,3,29,32
01173207,MAYO MEDICAL SCHOOL                     ,MN,55901-0000,Private      ,18,137,155,18,137,155
01232800,NORTHWESTERN HEALTH SCIENCES UNIV       ,MN,55431-1599,Private      ,37,267,304,37,267,304
02050300,ACADEMY COLLEGE                         ,MN,55420-1554,Proprietary  ,4,44,48,4,44,48
02097300,HASTINGS BEAUTY SCHOOL                  ,MN,55033-1205,Proprietary  ,1,7,8,1,7,8
02123200,AVEDA INSTITUTE                         ,MN,55414-0000,Proprietary  ,118,124,242,118,124,242
02159800,COSMETOLOGY CAREERS UNLTD - HIBBING     ,MN,55746-0000,Proprietary  ,7,12,19,7,12,19
02160901,"SALON PROFESSIONAL ACADEMY, THE - THE SA",MN,55428-4928,Proprietary  ,8,7,15,8,7,15
02238100,MINNESOTA SCHOOL OF COSMETOLOGY         ,MN,55125-0000,Proprietary  ,30,63,93,30,63,93
02260500,SUMMIT ACAD OPPORTUNITIES IND CTR       ,MN,55405-0000,Private      ,14,92,106,14,92,106
02263102,ANTHEM COLLEGE - ST. LOUIS PARK         ,MN,55416-2467,Proprietary  ,4,41,45,4,41,45
02504200,WALDEN UNIVERSITY                       ,MN,55401-2511,Proprietary  ,121,17980,18101,121,17980,18101
02514100,AMERICAN INDIAN OPPORTUNITIES CTR       ,MN,55404-0000,Private      ,8,39,47,8,39,47
03001200,MCNALLY SMITH COLLEGE OF MUSIC          ,MN,55101-2220,Proprietary  ,497,137,634,497,137,634
03051900,ALFRED ADLER GRADUATE SCHOOL            ,MN,55305-0000,Private      ,0,102,102,0,102,102
03096400,LEECH LAKE TRIBAL COLLEGE               ,MN,56633-0000,Public       ,12,53,65,12,53,65
03129100,FOND DU LAC TRIBAL & COMMUNITY CLG      ,MN,55720-2984,Public       ,127,167,294,127,167,294
03267300,CAPELLA UNIVERSITY                      ,MN,55402-3389,Proprietary  ,88,15158,15246,88,15158,15246
03833300,AMERICAN ACADEMY OF ACUPUNCTURE AND ORIE,MN,55113-0000,Proprietary  ,0,19,19,0,19,19
03921400,WHITE EARTH TRIBAL AND COMMUNITY COLLEGE,MN,56557-0478,Private      ,2,15,17,2,15,17
04044300,HAZELDEN GRADUATE SCHOOL OF ADDICTION ST,MN,55012-0000,Private      ,1,50,51,1,50,51
04130200,INST. OF PRODUCTION AND RECORDING       ,MN,55401-1315,Proprietary  ,144,118,262,144,118,262
04148800,CENTERPOINT MASSAGE & SHIATSU THERAPY SC,MN,55414-4525,Proprietary  ,11,42,53,11,42,53
04157600,NOVA ACADEMY OF COSMETOLOGY             ,MN,55906-4103,Proprietary  ,6,20,26,6,20,26
04160500,AVALON SCHOOL OF COSMETOLOGY            ,MN,56187-1930,Proprietary  ,4,16,20,4,16,20
04174400,ROCHESTER SCHOOL OF HAIR DESIGN         ,MN,55901-4310,Proprietary  ,3,11,14,3,11,14
04175600,PARK AVENUE SCHOOL OF COSMETOLOGY       ,MN,56470-3361,Proprietary  ,6,19,25,6,19,25
00239600,ALCORN STATE UNIVERSITY                 ,MS,39096-7500,Public       ,2073,1145,3218,2073,1145,3218
00239700,BELHAVEN UNIVERSITY                     ,MS,39202-1789,Private      ,980,1535,2515,980,1535,2515
00239800,BLUE MOUNTAIN COLLEGE                   ,MS,38610-9370,Private      ,271,102,373,271,102,373
00240100,COAHOMA COMMUNITY COLLEGE               ,MS,38614-9799,Public       ,602,573,1175,602,573,1175
00240200,COPIAH-LINCOLN COMMUNITY COLLEGE        ,MS,39191-0649,Public       ,817,616,1433,817,616,1433
00240300,DELTA STATE UNIVERSITY                  ,MS,38733-0000,Public       ,1806,952,2758,1806,952,2758
00240400,EAST CENTRAL COMMUNITY COLLEGE          ,MS,39327-0129,Public       ,855,564,1419,855,564,1419
00240500,EAST MISSISSIPPI COMM COLLEGE           ,MS,39358-0000,Public       ,1107,792,1899,1107,792,1899
00240700,HINDS COMMUNITY COLLEGE                 ,MS,39154-9799,Public       ,2824,2676,5500,2824,2676,5500
00240800,HOLMES COMMUNITY COLLEGE                ,MS,39079-0000,Public       ,1576,1740,3316,1576,1740,3316
00240900,ITAWAMBA COMMUNITY COLLEGE              ,MS,38843-1099,Public       ,1629,1000,2629,1629,1000,2629
00241000,JACKSON STATE UNIVERSITY                ,MS,39217-0001,Public       ,4447,3065,7512,4447,3065,7512
00241100,JONES COUNTY JUNIOR COLLEGE             ,MS,39437-3999,Public       ,1781,889,2670,1781,889,2670
00241300,MERIDIAN COMMUNITY COLLEGE              ,MS,39307-5890,Public       ,745,709,1454,745,709,1454
00241400,MILLSAPS COLLEGE                        ,MS,39201-0000,Private      ,1001,264,1265,1001,264,1265
00241500,MISSISSIPPI COLLEGE                     ,MS,39058-0001,Private      ,1610,1064,2674,1610,1064,2674
00241501,MISSISSIPPI COLLEGE - SCHOOL OF LAW     ,MS,39201-1391,Private      ,58,382,440,58,382,440
00241600,MISSISSIPPI DELTA CMTY COLLEGE          ,MS,38761-0000,Public       ,794,684,1478,794,684,1478
00241700,MISSISSIPPI GULF CST CLG-PERKINSTON     ,MS,39573-0000,Public       ,893,388,1281,893,388,1281
00241701,MISSISSIPPI GULF CST CLG-JEFF DAVIS     ,MS,39507-0000,Public       ,818,1275,2093,818,1275,2093
00241702,MISSISSIPPI GULF CST CLG-JACKSON CN     ,MS,39553-0000,Public       ,577,738,1315,577,738,1315
00242200,MISSISSIPPI UNIV FOR WOMEN              ,MS,39701-5818,Public       ,947,848,1795,947,848,1795
00242300,MISSISSIPPI STATE UNIVERSITY            ,MS,39762-9698,Public       ,10465,2908,13373,10465,2908,13373
00242400,MISSISSIPPI VALLEY STATE UNIVERSITY     ,MS,38941-1400,Public       ,1566,878,2444,1566,878,2444
00242600,NORTHEAST MS CMNTY COLLEGE              ,MS,38829-1731,Public       ,1166,529,1695,1166,529,1695
00242700,NORTHWEST MISSISSIPPI COMMUNITY CLG     ,MS,38668-1703,Public       ,2602,1781,4383,2602,1781,4383
00243000,PEARL RIVER COMMUNITY COLLEGE           ,MS,39470-2201,Public       ,1235,934,2169,1235,934,2169
00243300,RUST COLLEGE                            ,MS,38635-2328,Private      ,838,289,1127,838,289,1127
00243500,SOUTHEASTERN BAPTIST COLLEGE            ,MS,39440-0000,Private      ,8,28,36,8,28,36
00243600,SOUTHWEST MISSISSIPPI CMNTY CLG         ,MS,39666-8099,Public       ,512,349,861,512,349,861
00243900,TOUGALOO COLLEGE                        ,MS,39174-9799,Private      ,838,289,1127,838,289,1127
00244000,UNIVERSITY OF MISSISSIPPI               ,MS,38677-1848,Public       ,9994,2793,12787,9994,2793,12787
00244001,UNIVERSITY OF MISSISSIPPI - MED CTR     ,MS,39216-0000,Public       ,409,1177,1586,409,1177,1586
00244100,UNIVERSITY OF SOUTHERN MISSISSIPPI      ,MS,39406-0001,Public       ,7032,3846,10878,7032,3846,10878
00244700,WILLIAM CAREY UNIVERSITY                ,MS,39401-5499,Private      ,821,1430,2251,821,1430,2251
00489809,MCCANN SCHOOL OF BUSINESS & TECHNOLOGY -,MS,39503-3167,Proprietary  ,8,55,63,8,55,63
01289101,ANTONELLI COLLEGE - JACKSON             ,MS,39232-9514,Proprietary  ,47,313,360,47,313,360
01289102,ANTONELLI COLLEGE - HATTIESBURG         ,MS,39401-3056,Proprietary  ,37,187,224,37,187,224
02074900,CHRIS' BEAUTY COLLEGE                   ,MS,39501-0000,Proprietary  ,19,50,69,19,50,69
02160500,NORTH MISSISSIPPI MED CTR MED TECH      ,MS,38801-0000,Private      ,19,37,56,19,37,56
02235900,ACADEMY OF HAIR DESIGN #4               ,MS,39208-0000,Proprietary  ,25,48,73,25,48,73
02244300,ACADEMY OF HAIR DESIGN #1               ,MS,38901-0000,Proprietary  ,27,54,81,27,54,81
02249900,DELTA BEAUTY COLLEGE                    ,MS,38701-0000,Proprietary  ,16,23,39,16,23,39
02251600,ACADEMY OF HAIR DESIGN #6               ,MS,39401-7581,Proprietary  ,26,56,82,26,56,82
02251700,FOSTER'S COSMETOLOGY COLLEGE            ,MS,38663-0000,Proprietary  ,1,2,3,1,2,3
02302800,MISSISSIPPI COLLEGE OF BEAUTY CULT      ,MS,39440-0000,Proprietary  ,15,22,37,15,22,37
02320800,MAGNOLIA COLLEGE OF COSMETOLOGY         ,MS,39206-0000,Proprietary  ,40,93,133,40,93,133
02502100,CREATIONS COLLEGE OF COSMETOLOGY        ,MS,38803-0000,Proprietary  ,15,31,46,15,31,46
02516200,WESLEY BIBLICAL SEMINARY                ,MS,39206-0000,Private      ,3,49,52,3,49,52
02586000,J & J HAIR DESIGN COLLEGE               ,MS,39051-3716,Proprietary  ,10,19,29,10,19,29
03004000,FINAL TOUCH BEAUTY SCHOOL               ,MS,39307-2934,Proprietary  ,2,7,9,2,7,9
03010603,VIRGINIA COLLEGE - JACKSON              ,MS,39206-5602,Proprietary  ,53,299,352,53,299,352
03010610,VIRGINIA COLLEGE - BILOXI               ,MS,39532-2124,Proprietary  ,37,165,202,37,165,202
03032400,KC'S SCHOOL OF HAIR DESIGN              ,MS,38863-0000,Proprietary  ,5,33,38,5,33,38
03263300,TRAXLER'S SCHOOL OF HAIR                ,MS,39212-2529,Proprietary  ,10,31,41,10,31,41
03464300,ACADEMY OF HAIR DESIGN                  ,MS,39562-0000,Proprietary  ,0,12,12,0,12,12
03525300,BLUE CLIFF COLLEGE                      ,MS,39507-0000,Proprietary  ,32,135,167,32,135,167
03848300,DAY SPA CAREER COLLEGE                  ,MS,39564-0000,Proprietary  ,2,19,21,2,19,21
03963300,HEALING TOUCH SCHOOL OF MASSAGE THERAPY ,MS,39402-1300,Proprietary  ,21,57,78,21,57,78
04131300,CORINTH ACADEMY OF COSMETOLOGY          ,MS,38834-4813,Proprietary  ,12,29,41,12,29,41
04140200,"MISSISSIPPI INSTITUTE OF AESTHETICS, NAI",MS,39056-5628,Proprietary  ,7,27,34,7,27,34
00252600,CARROLL COLLEGE                         ,MT,59625-0002,Private      ,2112,194,2306,2112,194,2306
00252700,UNIVERSITY OF GREAT FALLS               ,MT,59405-4996,Private      ,585,308,893,585,308,893
00252800,MILES COMMUNITY COLLEGE                 ,MT,59301-4799,Public       ,145,91,236,145,91,236
00252900,DAWSON COMMUNITY COLLEGE                ,MT,59330-1405,Public       ,125,65,190,125,65,190
00253000,MONTANA STATE UNIVERSITY - BILLINGS     ,MT,59101-0298,Public       ,1863,1573,3436,1863,1573,3436
00253100,MONTANA TECH OF THE UNIV OF MONTANA     ,MT,59701-8997,Public       ,1168,689,1857,1168,689,1857
00253200,MONTANA STATE UNIVERSITY - BOZEMAN      ,MT,59717-4160,Public       ,10342,2770,13112,10342,2770,13112
00253300,MONTANA STATE UNIVERSITY-NORTHERN       ,MT,59501-3148,Public       ,559,347,906,559,347,906
00253400,ROCKY MOUNTAIN COLLEGE                  ,MT,59102-1796,Private      ,1013,254,1267,1013,254,1267
00253600,UNIVERSITY OF MONTANA (THE)             ,MT,59812-0001,Public       ,6162,4236,10398,6162,4236,10398
00253700,UNIVERSITY OF MONTANA WESTERN (THE)     ,MT,59725-3598,Public       ,1079,326,1405,1079,326,1405
00677700,FLATHEAD VALLEY COMMUNITY COLLEGE       ,MT,59901-2699,Public       ,542,802,1344,542,802,1344
00757000,HELENA COLLEGE OF TECHNOLOGY            ,MT,59601-3098,Public       ,311,541,852,311,541,852
00790000,BUTTE ACADEMY OF BEAUTY CULTURE         ,MT,59701-9197,Proprietary  ,16,21,37,16,21,37
00894700,"DAHL'S COLLEGE OF BEAUTY,INC            ",MT,59401-3731,Proprietary  ,10,18,28,10,18,28
00931400,GREAT FALLS COLLEGE MONTANA STATE UNIVER,MT,59405-4907,Public       ,345,565,910,345,565,910
02143400,SALISH KOOTENAI COLLEGE                 ,MT,59855-0000,Public       ,149,400,549,149,400,549
02286600,LITTLE BIG HORN COLLEGE                 ,MT,59022-0000,Public       ,27,39,66,27,39,66
02343000,FT PECK COMMUNITY COLLEGE               ,MT,59255-0000,Public       ,22,43,65,22,43,65
02510600,BLACKFEET COMMUNITY COLLEGE             ,MT,59417-0000,Private      ,78,123,201,78,123,201
02517500,FORT BELKNAP COLLEGE                    ,MT,59526-0000,Public       ,13,40,53,13,40,53
02545200,CHIEF DULL KNIFE COLLEGE                ,MT,59043-0098,Public       ,18,35,53,18,35,53
02610900,STONE CHILD COLLEGE                     ,MT,59521-9796,Public       ,49,51,100,49,51,100
02621300,ACADEMY OF COSMETOLOGY                  ,MT,59715-3544,Proprietary  ,18,23,41,18,23,41
03205300,MODERN BEAUTY SCHOOL                    ,MT,59801-8386,Proprietary  ,36,44,80,36,44,80
03763400,"ACADEMY OF NAIL, SKIN & HAIR            ",MT,59101-0000,Proprietary  ,30,43,73,30,43,73
03778300,HEALTH WORKS INSTITUTE                  ,MT,59715-0000,Proprietary  ,24,43,67,24,43,67
04163700,BITTERROOT SCHOOL OF COSMETOLOGY        ,MT,59840-3118,Proprietary  ,8,16,24,8,16,24
04164100,SALON PROFESSIONAL ACADEMY (THE)        ,MT,59405-0000,Proprietary  ,21,41,62,21,41,62
04187700,CREVIER'S SCHOOL OF COSMETOLOGY         ,MT,59901-4402,Proprietary  ,23,41,64,23,41,64
00253900,CHADRON STATE COLLEGE                   ,NE,69337-2690,Public       ,1330,486,1816,1330,486,1816
00254000,COLLEGE OF ST MARY                      ,NE,68106-2606,Private      ,381,546,927,381,546,927
00254100,CONCORDIA UNIVERSITY                    ,NE,68434-1594,Private      ,927,212,1139,927,212,1139
00254200,CREIGHTON UNIVERSITY                    ,NE,68178-0001,Private      ,4269,2949,7218,4269,2949,7218
00254400,DOANE COLLEGE                           ,NE,68333-2421,Private      ,1210,401,1611,1210,401,1611
00254700,GRACE UNIVERSITY                        ,NE,68108-3629,Private      ,196,107,303,196,107,303
00254800,HASTINGS COLLEGE                        ,NE,68901-7621,Private      ,972,78,1050,972,78,1050
00255100,UNIVERSITY OF NEBRASKA AT KEARNEY       ,NE,68849-0001,Public       ,3252,925,4177,3252,925,4177
00255300,MIDLAND UNIVERSITY                      ,NE,68025-4254,Private      ,1001,143,1144,1001,143,1144
00255400,UNIVERSITY OF NEBRASKA-OMAHA            ,NE,68182-0001,Public       ,6139,3302,9441,6139,3302,9441
00255500,NEBRASKA WESLEYAN UNIVERSITY            ,NE,68504-2796,Private      ,1400,284,1684,1400,284,1684
00255700,MID-PLAINS COMM COLLEGE - NORTH PLATTE  ,NE,69101-9420,Public       ,214,219,433,214,219,433
00255701,MID-PLAINS COMMUNITY COLLEGE - MCCOOK   ,NE,69001-2631,Public       ,110,52,162,110,52,162
00255900,PERU STATE COLLEGE                      ,NE,68421-0010,Public       ,727,443,1170,727,443,1170
00256000,WESTERN NEBRASKA COMMUNITY COLLEGE      ,NE,69361-1815,Public       ,433,387,820,433,387,820
00256300,UNION COLLEGE                           ,NE,68506-4387,Private      ,420,183,603,420,183,603
00256500,UNIVERSITY OF NEBRASKA-LINCOLN          ,NE,68588-0419,Public       ,11390,2718,14108,11390,2718,14108
00256596,UNIVERSITY OF NEBRASKA - CURTIS         ,NE,69025-9522,Public       ,134,18,152,134,18,152
00256600,WAYNE STATE COLLEGE                     ,NE,68787-1172,Public       ,2106,382,2488,2106,382,2488
00256700,YORK COLLEGE                            ,NE,68467-2699,Private      ,263,47,310,263,47,310
00443600,REGNL WST MEDCL CTR SCHL RAD            ,NE,69361-0000,Private      ,16,11,27,16,11,27
00458608,KAPLAN UNIVERSITY - OMAHA               ,NE,68134-1002,Proprietary  ,65,485,550,65,485,550
00458609,KAPLAN UNIVERSITY - LINCOLN             ,NE,68508-2668,Proprietary  ,47,331,378,47,331,378
00639900,BRYANLGH COLLEGE OF HEALTH SCIENCES     ,NE,68506-1398,Private      ,261,178,439,261,178,439
00640400,NEBR METHODIST CLG OF NURS ALLD HLTH    ,NE,68114-2852,Private      ,282,397,679,282,397,679
00689500,UNIVERSITY OF NEBRASKA-MED CTR          ,NE,68198-4265,Public       ,458,1329,1787,458,1329,1787
00750100,VATTEROTT COLLEGE                       ,NE,68137-1237,Proprietary  ,52,268,320,52,268,320
00849200,ALEGENT HEALTH SCHOOLS                  ,NE,68114-2767,Private      ,60,100,160,60,100,160
00952300,BAHNER COLLEGE OF HAIRSTYLING           ,NE,68025-3297,Proprietary  ,7,13,20,7,13,20
00961700,CAPITOL BEAUTY SCHOOL                   ,NE,68144-0000,Proprietary  ,47,51,98,47,51,98
00974300,BELLEVUE UNIVERSITY                     ,NE,68005-0000,Private      ,352,3210,3562,352,3210,3562
00986200,CLARKSON COLLEGE                        ,NE,68131-2739,Private      ,344,605,949,344,605,949
01151900,JOSEPH'S COLLEGE OF BEAUTY/ALL CAMPUSES ,NE,68510-2226,Proprietary  ,42,91,133,42,91,133
01166700,NORTHEAST COMMUNITY COLLEGE             ,NE,68702-0000,Public       ,971,432,1403,971,432,1403
01258600,METROPOLITAN COMMUNITY COLLEGE          ,NE,68103-0000,Public       ,2293,4562,6855,2293,4562,6855
01297600,NEBRASKA CHRISTIAN COLLEGE              ,NE,68046-4256,Private      ,79,22,101,79,22,101
02079700,COLLEGE OF HAIR DESIGN                  ,NE,68508-0000,Proprietary  ,47,44,91,47,44,91
02099500,CENTRAL COMMUNITY COLLEGE- GI           ,NE,68801-0000,Public       ,364,450,814,364,450,814
02099501,CENTRAL COMMUNITY COLLEGE - HASTINGS    ,NE,68902-0000,Public       ,541,271,812,541,271,812
02099502,CENTRAL COMMUNITY COLLEGE - COLUMBUS    ,NE,68602-0000,Public       ,271,182,453,271,182,453
02508300,SOUTHEAST COMM. COLLEGE-ALL CAMPUSES    ,NE,68520-0000,Public       ,2373,2287,4660,2373,2287,4660
02550800,NEBRASKA INDIAN COMMUNITY COLLEGE       ,NE,68039-0000,Public       ,6,24,30,6,24,30
02610500,XENON INTERNATIONAL ACADEMY II          ,NE,68127-3522,Proprietary  ,69,91,160,69,91,160
03164300,THE CREATIVE CENTER                     ,NE,68164-2911,Proprietary  ,65,34,99,65,34,99
03279300,MYOTHERAPY INSTITUTE                    ,NE,68516-0000,Proprietary  ,8,9,17,8,9,17
03323300,LITTLE PRIEST TRIBAL COLLEGE            ,NE,68071-0000,Private      ,2,14,16,2,14,16
03821400,UNIVERSAL COLLEGE OF HEALING ARTS       ,NE,68112-1810,Proprietary  ,7,44,51,7,44,51
00256800,UNIVERSITY OF NEVADA RENO               ,NV,89557-0002,Public       ,11959,3965,15924,11959,3965,15924
00256900,UNIVERSITY OF NEVADA-LAS VEGAS          ,NV,89154-1001,Public       ,14751,9377,24128,14751,9377,24128
00697700,GREAT BASIN COLLEGE                     ,NV,89801-3348,Public       ,328,486,814,328,486,814
00732954,ITT TECHNICAL INSTITUTE                 ,NV,89014-6712,Proprietary  ,108,204,312,108,204,312
00736700,MARINELLO SCHOOLS OF BEAUTY             ,NV,89110-3563,Proprietary  ,80,88,168,80,88,168
00736701,MARINELLO SCHOOLS OF BEAUTY -           ,NV,89014-2244,Proprietary  ,23,62,85,23,62,85
00737100,MARINELLO SCHOOL OF BEAUTY              ,NV,89502-6530,Proprietary  ,64,86,150,64,86,150
00844103,ANTHEM INSTITUTE - MORRISON UNIVERSITY  ,NV,89521-4826,Proprietary  ,39,151,190,39,151,190
00919200,SIERRA NEVADA COLLEGE                   ,NV,89451-0000,Private      ,361,249,610,361,249,610
01036200,COLLEGE OF SOUTHERN NEVADA              ,NV,89146-1139,Public       ,7600,9388,16988,7600,9388,16988
01036300,WESTERN NEVADA COLLEGE                  ,NV,89703-0000,Public       ,527,1038,1565,527,1038,1565
01323200,ACADEMY OF HAIR DESIGN                  ,NV,89146-1617,Proprietary  ,75,136,211,75,136,211
02107700,TRUCKEE MEADOWS COMMUNITY CLG           ,NV,89512-0000,Public       ,2266,2830,5096,2266,2830,5096
02237500,EVEREST COLLEGE                         ,NV,89103-0000,Proprietary  ,337,644,981,337,644,981
02338512,GLENDALE CAREER COLLEGE - NEVADA CAREER ,NV,89131-3268,Proprietary  ,40,114,154,40,114,154
02616703,SCOTTSDALE CULINARY INSTITUTE - LE CORDO,NV,89144-7047,Proprietary  ,83,186,269,83,186,269
02621500,CAREER COLLEGE OF NORTHERN NEVADA       ,NV,89434-7905,Proprietary  ,58,190,248,58,190,248
03030603,UTAH CLG OF MASSAGE THERAPY-NSMT        ,NV,89123-0000,Proprietary  ,39,99,138,39,99,138
03031405,INTERNATIONAL ACADEMY OF DESIGN AND TECH,NV,89074-7750,Proprietary  ,100,172,272,100,172,272
03043200,KAPLAN COLLEGE                          ,NV,89102-8618,Proprietary  ,277,833,1110,277,833,1110
03076404,BRYMAN SCHOOL OF ARIZONA (THE) - ANTHEM ,NV,89102-4514,Proprietary  ,41,110,151,41,110,151
03088200,CARSON CITY BEAUTY ACADEMY              ,NV,89706-0000,Proprietary  ,18,54,72,18,54,72
03232306,EUPHORIA INSTITUTE - SUMMERLIN          ,NV,89117-8803,Proprietary  ,49,109,158,49,109,158
03232307,EUPHORIA INSTITUTE - GREEN VALLEY       ,NV,89052-4964,Proprietary  ,17,51,68,17,51,68
03232308,EUPHORIA INSTITUTE - ALIANTE            ,NV,89131-1036,Proprietary  ,54,73,127,54,73,127
03787300,EXPERTISE SCHOOL OF BEAUTY              ,NV,89106-2516,Private      ,32,82,114,32,82,114
03838500,NORTHWEST HEALTH CAREERS                ,NV,89128-0255,Proprietary  ,101,239,340,101,239,340
03975300,INSTITUTE OF PROFESSIONAL CAREERS       ,NV,89119-7825,Proprietary  ,63,162,225,63,162,225
04051303,ART INSTITUTE OF PHOENIX (THE) - ART INS,NV,89074-7737,Proprietary  ,265,198,463,265,198,463
04065300,UNIVERSITY OF SOUTHERN NEVADA           ,NV,89014-2333,Private      ,360,1030,1390,360,1030,1390
04114300,NEVADA STATE COLLEGE                    ,NV,89002-9455,Public       ,1234,1572,2806,1234,1572,2806
04142601,TOURO UNIVERSITY - NEVADA               ,NV,89014-8800,Private      ,59,447,506,59,447,506
04144800,INTERNATIONAL ACADEMY OF STYLE          ,NV,89509-3450,Proprietary  ,26,57,83,26,57,83
04147600,AVEDA INSTITUTE LAS VEGAS               ,NV,89119-6103,Proprietary  ,62,148,210,62,148,210
04171000,ADVANCED TRAINING INSTITUTE             ,NV,89115-7504,Proprietary  ,45,162,207,45,162,207
04186300,PAUL MITCHELL THE SCHOOL LAS VEGAS      ,NV,89123-8014,Proprietary  ,104,124,228,104,124,228
04190300,AMERICAN INSTITUTE OF MEDICAL SONOGRAPHY,NV,89146-6597,Proprietary  ,80,229,309,80,229,309
04191100,DESTINATION ACADEMY FOR SPA AND SALON PR,NV,89147-8397,Proprietary  ,24,67,91,24,67,91
04203100,PAUL MITCHELL THE SCHOOL RENO           ,NV,89501-3356,Proprietary  ,64,76,140,64,76,140
00257200,COLBY-SAWYER COLLEGE                    ,NH,03257-4648,Private      ,2656,110,2766,2656,110,2766
00257300,DARTMOUTH COLLEGE                       ,NH,03755-3529,Private      ,11539,1267,12806,11539,1267,12806
00257500,FRANKLIN PIERCE UNIVERSITY              ,NH,03461-0060,Private      ,3325,577,3902,3325,577,3902
00257900,NEW ENGLAND COLLEGE                     ,NH,03242-3293,Private      ,1819,548,2367,1819,548,2367
00258000,SOUTHERN NEW HAMPSHIRE UNIVERSITY       ,NH,03106-1045,Private      ,5419,8845,14264,5419,8845,14264
00258100,NHTI  - CONCORD'S COMMUNITY COLLEGE     ,NH,03301-7412,Public       ,1475,767,2242,1475,767,2242
00258200,MANCHESTER COMMUNITY COLLEGE            ,NH,03102-8518,Public       ,607,593,1200,607,593,1200
00258300,GREAT BAY COMMUNITY COLLEGE             ,NH,03801-0000,Public       ,502,460,962,502,460,962
00258600,RIVIER COLLEGE                          ,NH,03060-5086,Private      ,1038,512,1550,1038,512,1550
00258700,SAINT ANSELM COLLEGE                    ,NH,03102-1310,Private      ,3517,110,3627,3517,110,3627
00258900,UNIVERSITY OF NEW HAMPSHIRE             ,NH,03824-2511,Public       ,20122,2631,22753,20122,2631,22753
00259000,KEENE STATE COLLEGE                     ,NH,03431-0000,Public       ,6976,471,7447,6976,471,7447
00259100,PLYMOUTH STATE UNIVERSITY               ,NH,03264-1595,Public       ,6214,970,7184,6214,970,7184
00301004,ANTIOCH UNIVERSITY                      ,NH,03431-0000,Private      ,4,544,548,4,544,548
00472900,HESSER COLLEGE                          ,NH,03103-7230,Proprietary  ,136,387,523,136,387,523
00472901,HESSER COLLEGE - NASHUA CAMPUS          ,NH,03063-1286,Proprietary  ,63,141,204,63,141,204
00472904,HESSER COLLEGE - PORTSMOUTH CAMPUS      ,NH,03801-3245,Proprietary  ,44,151,195,44,151,195
00472905,HESSER COLLEGE - SALEM CAMPUS           ,NH,03079-2842,Proprietary  ,63,140,203,63,140,203
00472906,HESSER COLLEGE - CONCORD CAMPUS         ,NH,03301-3415,Proprietary  ,40,147,187,40,147,187
00473100,DANIEL WEBSTER COLLEGE                  ,NH,03063-1300,Proprietary  ,543,107,650,543,107,650
00529100,WHITE MOUNTAINS COMMUNITY COLLEGE       ,NH,03570-3799,Public       ,170,186,356,170,186,356
00702500,LEBANON COLLEGE                         ,NH,03766-0000,Private      ,20,30,50,20,30,50
00755500,LAKES REGION COMMUNITY COLLEGE          ,NH,03246-1326,Public       ,316,270,586,316,270,586
00756000,RIVER VALLEY COMMUNITY COLLEGE          ,NH,03743-9707,Public       ,194,339,533,194,339,533
00864500,EMPIRE BEAUTY SCHOOL                    ,NH,03220-0000,Proprietary  ,24,29,53,24,29,53
00923600,NASHUA COMMUNITY COLLEGE                ,NH,03063-2052,Public       ,500,368,868,500,368,868
01318900,CONTINENTAL ACADEMIE OF HAIR DESIGN     ,NH,03051-3754,Proprietary  ,16,12,28,16,12,28
02097900,UNIVERSITY NEW HAMPSHIRE SCHOOL OF LAW  ,NH,03301-0000,Private      ,19,359,378,19,359,378
02140400,ST JOSEPH SCH OF PRAC NRSG              ,NH,03060-0000,Private      ,45,118,163,45,118,163
02174800,MICHAEL'S SCHOOL OF HAIR DESIGN & ESTHET,NH,03110-0000,Proprietary  ,45,33,78,45,33,78
02179600,EMPIRE BEAUTY SCHOOL                    ,NH,03878-0000,Proprietary  ,16,23,39,16,23,39
02211600,PORTSMOUTH BTY SCH OF HAIR DESIGN       ,NH,03801-4084,Proprietary  ,13,10,23,13,10,23
02245400,KEENE BEAUTY ACADEMY                    ,NH,03431-0000,Proprietary  ,14,12,26,14,12,26
02247000,NEW ENGLAND SCHOOL OF HAIR DESIGN       ,NH,03784-0000,Proprietary  ,25,13,38,25,13,38
03043100,THOMAS MORE COLLEGE OF LIBERAL ARTS     ,NH,03054-4818,Private      ,60,8,68,60,8,68
03101300,GRANITE STATE COLLEGE                   ,NH,03301-6400,Public       ,198,798,996,198,798,996
03182300,NEW HAMPSHIRE INSTITUTE OF ART          ,NH,03104-4858,Private      ,548,89,637,548,89,637
03437300,UPPER VALLEY TEACHER TRANING PROGRAM    ,NH,03766-1358,Private      ,1,21,22,1,21,22
03729300,NH INSTITUTE FOR THERAPEUTIC ARTS       ,NH,03051-4906,Proprietary  ,4,12,16,4,12,16
04162200,LAIRD INSTITUTE OF SPA THERAPY          ,NH,03102-5263,Proprietary  ,2,7,9,2,7,9
00267000,BAPTIST BIBLE COLG OF PENNSYLVANIA      ,PA,18411-1297,Private      ,291,144,435,291,144,435
00322800,BRYN ATHYN COLLEGE OF THE NEW CHURCH    ,PA,19009-0717,Private      ,207,33,240,207,33,240
00322900,ALBRIGHT COLLEGE                        ,PA,19612-5234,Private      ,3606,594,4200,3606,594,4200
00323000,ALLEGHENY COLLEGE                       ,PA,16335-3902,Private      ,3089,78,3167,3089,78,3167
00323100,COMM CLG OF ALLEGHENY-ALLEGHENY CMP     ,PA,15212-0000,Public       ,1021,1903,2924,1021,1903,2924
00323101,"COMM CLG OF ALLEGHENY, BOYCE CAMPUS     ",PA,15146-0000,Public       ,478,783,1261,478,783,1261
00323102,"COMM CLG OF ALLEGHENY, NORTH CAMPUS     ",PA,15237-0000,Public       ,579,788,1367,579,788,1367
00323103,"COMM CLG OF ALLEGHENY, SOUTH CAMPUS     ",PA,15122-0000,Public       ,606,773,1379,606,773,1379
00323300,ALVERNIA UNIVERSITY                     ,PA,19607-1799,Private      ,1731,721,2452,1731,721,2452
00323500,ARCADIA UNIVERSITY                      ,PA,19038-3295,Private      ,5413,1072,6485,5413,1072,6485
00323700,BRYN MAWR COLLEGE                       ,PA,19010-2899,Private      ,1483,392,1875,1483,392,1875
00323800,BUCKNELL UNIVERSITY                     ,PA,17837-2122,Private      ,4473,137,4610,4473,137,4610
00323900,BUCKS COUNTY COMMUNITY COLLEGE          ,PA,18940-1320,Public       ,1776,1402,3178,1776,1402,3178
00324000,BUTLER COUNTY COMMUNITY COLLEGE         ,PA,16001-0000,Public       ,725,645,1370,725,645,1370
00324100,CABRINI COLLEGE                         ,PA,19087-3698,Private      ,1499,299,1798,1499,299,1798
00324200,CARNEGIE MELLON UNIVERSITY              ,PA,15213-3890,Private      ,11853,1100,12953,11853,1100,12953
00324201,CARNEGIE MELLON UNIV- THE HEINZ COLLEGE ,PA,15213-0000,Private      ,128,465,593,128,465,593
00324202,CARNEGIE MELLON- TEPPER SCHOOL OF BUSINE,PA,15213-0000,Private      ,222,232,454,222,232,454
00324300,CEDAR CREST COLLEGE                     ,PA,18104-6196,Private      ,753,616,1369,753,616,1369
00324400,CHATHAM UNIVERSITY                      ,PA,15232-2826,Private      ,560,815,1375,560,815,1375
00324500,CHESTNUT HILL COLLEGE                   ,PA,19118-2693,Private      ,1177,972,2149,1177,972,2149
00324700,MISERICORDIA  UNIVERSITY                ,PA,18612-1008,Private      ,1987,634,2621,1987,634,2621
00324900,COMMUNITY COLLEGE OF PHILADELPHIA       ,PA,19130-3991,Public       ,5779,8534,14313,5779,8534,14313
00325100,CURTIS INSTITUTE OF MUSIC               ,PA,19103-6187,Private      ,268,92,360,268,92,360
00325200,DELAWARE VALLEY COLLEGE                 ,PA,18901-2697,Private      ,1598,181,1779,1598,181,1779
00325300,DICKINSON COLLEGE                       ,PA,17013-2896,Private      ,2920,108,3028,2920,108,3028
00325600,DREXEL UNIVERSITY                       ,PA,19104-2875,Private      ,29263,10457,39720,29263,10457,39720
00325800,DUQUESNE UNIVERSITY                     ,PA,15282-0001,Private      ,5398,1680,7078,5398,1680,7078
00325900,EASTERN UNIVERSITY                      ,PA,19087-3696,Private      ,1577,1171,2748,1577,1171,2748
00326200,ELIZABETHTOWN COLLEGE                   ,PA,17022-2298,Private      ,2780,338,3118,2780,338,3118
00326300,EVANGELICAL SCHOOL OF THEOLOGY          ,PA,17067-0000,Private      ,0,19,19,0,19,19
00326500,FRANKLIN & MARSHALL COLLEGE             ,PA,17604-0000,Private      ,2960,95,3055,2960,95,3055
00326600,GANNON UNIVERSITY                       ,PA,16541-0001,Private      ,3067,794,3861,3067,794,3861
00326700,GENEVA COLLEGE                          ,PA,15010-3599,Private      ,1522,321,1843,1522,321,1843
00326800,GETTYSBURG COLLEGE                      ,PA,17325-1486,Private      ,3522,101,3623,3522,101,3623
00326900,GROVE CITY COLLEGE                      ,PA,16127-2104,Private      ,1439,27,1466,1439,27,1466
00327000,GWYNEDD-MERCY COLLEGE                   ,PA,19437-0901,Private      ,1176,784,1960,1176,784,1960
00327200,HARCUM COLLEGE                          ,PA,19010-3476,Private      ,500,659,1159,500,659,1159
00327300,HARRISBURG AREA COMMUNITY COLLEGE       ,PA,17110-2999,Public       ,3768,5505,9273,3768,5505,9273
00327400,HAVERFORD COLLEGE                       ,PA,19041-1392,Private      ,1816,37,1853,1816,37,1853
00327500,HOLY FAMILY UNIVERSITY                  ,PA,19114-2094,Private      ,1594,1052,2646,1594,1052,2646
00327600,IMMACULATA UNIVERSITY                   ,PA,19345-0647,Private      ,1343,716,2059,1343,716,2059
00327700,INDIANA UNIVERSITY OF PENNSYLVANIA      ,PA,15705-1097,Public       ,9356,1653,11009,9356,1653,11009
00327900,JUNIATA COLLEGE                         ,PA,16652-2196,Private      ,2289,76,2365,2289,76,2365
00328000,KEYSTONE COLLEGE                        ,PA,18440-0200,Private      ,972,280,1252,972,280,1252
00328200,KINGS COLLEGE                           ,PA,18711-0801,Private      ,2323,274,2597,2323,274,2597
00328300,LACKAWANNA COLLEGE                      ,PA,18509-9961,Private      ,874,370,1244,874,370,1244
00328400,LAFAYETTE COLLEGE                       ,PA,18042-1768,Private      ,3877,90,3967,3877,90,3967
00328500,LANCASTER BIBLE COLLEGE                 ,PA,17601-5036,Private      ,424,370,794,424,370,794
00328600,LANCASTER THEOLOGICAL SEMINARY          ,PA,17603-0000,Private      ,2,41,43,2,41,43
00328700,LASALLE UNIVERSITY                      ,PA,19141-1199,Private      ,4870,2030,6900,4870,2030,6900
00328800,LEBANON VALLEY COLLEGE                  ,PA,17003-1400,Private      ,2604,192,2796,2604,192,2796
00328900,LEHIGH UNIVERSITY                       ,PA,18015-1588,Private      ,8185,538,8723,8185,538,8723
00329000,LINCOLN UNIVERSITY                      ,PA,19352-0999,Public       ,2749,636,3385,2749,636,3385
00329100,LUTHERAN THEOLOG SEMINARY-GETTYSBRG     ,PA,17325-0000,Private      ,0,44,44,0,44,44
00329200,LUTHERAN THEOLOGICAL SEMINARY           ,PA,19119-0000,Private      ,0,61,61,0,61,61
00329300,LYCOMING COLLEGE                        ,PA,17701-5192,Private      ,1519,81,1600,1519,81,1600
00329400,MANOR COLLEGE                           ,PA,19046-3399,Private      ,422,294,716,422,294,716
00329600,MARYWOOD UNIVERSITY                     ,PA,18509-1598,Private      ,2073,662,2735,2073,662,2735
00329700,MERCYHURST COLLEGE                      ,PA,16546-0001,Private      ,3203,996,4199,3203,996,4199
00329800,MESSIAH COLLEGE                         ,PA,17027-0000,Private      ,2983,218,3201,2983,218,3201
00330000,MOORE COLLEGE OF ART & DESIGN           ,PA,19103-1179,Private      ,500,210,710,500,210,710
00330100,MORAVIAN COLLEGE                        ,PA,18018-6650,Private      ,1598,191,1789,1598,191,1789
00330101,MORAVIAN THEOLOGICAL SEMINARY           ,PA,18018-0000,Private      ,9,19,28,9,19,28
00330200,MOUNT ALOYSIUS COLLEGE                  ,PA,16630-1999,Private      ,1040,415,1455,1040,415,1455
00330300,CARLOW UNIVERSITY                       ,PA,15213-3165,Private      ,749,827,1576,749,827,1576
00330400,MUHLENBERG COLLEGE                      ,PA,18104-5586,Private      ,3595,180,3775,3595,180,3775
00330600,VALLEY FORGE CHRISTIAN COLLEGE          ,PA,19460-2399,Private      ,446,101,547,446,101,547
00330900,PEIRCE COLLEGE                          ,PA,19102-4699,Private      ,306,958,1264,306,958,1264
00331100,SALUS UNIVERSITY                        ,PA,19027-1598,Private      ,5,793,798,5,793,798
00331300,WIDENER UNIVERSITY                      ,PA,19013-5792,Private      ,4045,1557,5602,4045,1557,5602
00331302,WIDENER UNIV SCH OF LAW- HARRISBURG     ,PA,17106-9381,Private      ,26,360,386,26,360,386
00331500,BLOOMSBURG UNIVERSITY OF PA             ,PA,17815-1301,Public       ,8777,1055,9832,8777,1055,9832
00331600,CALIFORNIA UNIV OF PENNSYLVANIA         ,PA,15419-1394,Public       ,3687,1640,5327,3687,1640,5327
00331700,CHEYNEY UNIVERSITY OF PENNSYLVANIA      ,PA,19319-0200,Public       ,1323,495,1818,1323,495,1818
00331800,CLARION UNIVERSITY OF PENNSYLVANIA      ,PA,16214-1232,Public       ,2812,873,3685,2812,873,3685
00332000,EAST STROUDSBURG UNIVERSITY             ,PA,18301-2999,Public       ,5132,886,6018,5132,886,6018
00332100,EDINBORO UNIVERSITY OF PENNSYLVANIA     ,PA,16444-0001,Public       ,4114,1432,5546,4114,1432,5546
00332200,KUTZTOWN UNIVERSITY OF PENNSYLVANIA     ,PA,19530-9339,Public       ,8314,1167,9481,8314,1167,9481
00332300,LOCK HAVEN UNIV OF PENNSYLVANIA         ,PA,17745-2439,Public       ,4336,769,5105,4336,769,5105
00332400,MANSFIELD UNIVERSITY                    ,PA,16933-1123,Public       ,1965,401,2366,1965,401,2366
00332500,MILLERSVILLE UNIVERSITY OF PA           ,PA,17551-1800,Public       ,6303,1289,7592,6303,1289,7592
00332600,SHIPPENSBURG UNIVERSITY                 ,PA,17257-2299,Public       ,5956,877,6833,5956,877,6833
00332700,SLIPPERY ROCK UNIVERSITY                ,PA,16057-1326,Public       ,5078,752,5830,5078,752,5830
00332800,WEST CHESTER UNIVERSITY                 ,PA,19383-0001,Public       ,13819,2586,16405,13819,2586,16405
00332900,PENN STATE UNIVERSITY                   ,PA,16802-1503,Public       ,49203,13328,62531,49203,13328,62531
00335000,UNIVERSITY OF THE ARTS (THE)            ,PA,19102-9493,Private      ,2407,389,2796,2407,389,2796
00335100,CAIRN UNIVERSITY                        ,PA,19047-2942,Private      ,437,165,602,437,165,602
00335200,PHILADELPHIA CLG OSTEOPATHIC MED        ,PA,19131-0000,Private      ,34,2692,2726,34,2692,2726
00335300,UNIVERSITY OF THE SCIENCES IN PHILADELPH,PA,19104-4495,Private      ,3211,1022,4233,3211,1022,4233
00335400,PHILADELPHIA UNIVERSITY                 ,PA,19144-5497,Private      ,3525,1069,4594,3525,1069,4594
00335600,PITTSBURGH THEOLOGICAL SEMINARY         ,PA,15206-0000,Private      ,2,106,108,2,106,108
00335700,POINT PARK UNIVERSITY                   ,PA,15222-1912,Private      ,2612,1009,3621,2612,1009,3621
00335800,REFORMED PRESBYTERIAN THEOL SEMINAR     ,PA,15208-0000,Private      ,0,6,6,0,6,6
00335900,ROBERT MORRIS UNIVERSITY                ,PA,15108-1189,Private      ,3613,839,4452,3613,839,4452
00336000,ROSEMONT COLLEGE                        ,PA,19010-1699,Private      ,533,236,769,533,236,769
00336200,SETON HILL UNIVERSITY                   ,PA,15601-1599,Private      ,1511,386,1897,1511,386,1897
00336400,ST. CHARLES BORROMEO SEMINARY           ,PA,19096-0000,Private      ,20,7,27,20,7,27
00336600,SAINT FRANCIS UNIVERSITY                ,PA,15940-0600,Private      ,1383,349,1732,1383,349,1732
00336700,SAINT JOSEPH'S UNIVERSITY               ,PA,19131-1395,Private      ,6130,1350,7480,6130,1350,7480
00336800,ST VINCENT COLLEGE                      ,PA,15650-2690,Private      ,1410,114,1524,1410,114,1524
00336900,SUSQUEHANNA UNIVERSITY                  ,PA,17870-1001,Private      ,2718,67,2785,2718,67,2785
00337000,SWARTHMORE COLLEGE                      ,PA,19081-1397,Private      ,3414,79,3493,3414,79,3493
00337100,TEMPLE UNIVERSITY                       ,PA,19122-6003,Private      ,30029,13703,43732,30029,13703,43732
00337600,THIEL COLLEGE                           ,PA,16125-2181,Private      ,1380,84,1464,1380,84,1464
00337800,UNIVERSITY OF PENNSYLVANIA              ,PA,19104-6216,Private      ,18343,8252,26595,18343,8252,26595
00337900,UNIVERSITY OF PITTSBURGH                ,PA,15260-0000,Public       ,23823,5758,29581,23823,5758,29581
00337906,UNIVERSITY OF PITTSBURGH - SCHOOL OF MED,PA,15261-0001,Public       ,139,670,809,139,670,809
00337907,UNIVERSITY OF PITTSBURGH - SCHOOL OF DEN,PA,15261-2523,Public       ,55,183,238,55,183,238
00338400,UNIVERSITY OF SCRANTON                  ,PA,18510-4622,Private      ,6298,625,6923,6298,625,6923
00338500,URSINUS COLLEGE                         ,PA,19426-1000,Private      ,2483,66,2549,2483,66,2549
00338600,VALLEY FORGE MILITARY COLLEGE           ,PA,19087-3695,Private      ,302,33,335,302,33,335
00338800,VILLANOVA UNIVERSITY                    ,PA,19085-1699,Private      ,10695,1305,12000,10695,1305,12000
00338801,VILLANOVA UNIV SCH OF LAW               ,PA,19085-0000,Private      ,24,718,742,24,718,742
00338900,WASHINGTON & JEFFERSON COLLEGE          ,PA,15301-4801,Private      ,2137,57,2194,2137,57,2194
00339100,WAYNESBURG UNIVERSITY                   ,PA,15370-1222,Private      ,1461,270,1731,1461,270,1731
00339200,WESTMINSTER COLLEGE                     ,PA,16172-0002,Private      ,1726,55,1781,1726,55,1781
00339300,WESTMINSTER THEOLOGICAL SEMINARY        ,PA,19038-0000,Private      ,2,118,120,2,118,120
00339400,WILKES UNIVERSITY                       ,PA,18766-0998,Private      ,2617,539,3156,2617,539,3156
00339500,PENNSYLVANIA COLLEGE OF TECHNOLOGY      ,PA,17701-5779,Public       ,2741,886,3627,2741,886,3627
00339600,WILSON COLLEGE                          ,PA,17201-1285,Private      ,281,168,449,281,168,449
00339900,YORK COLLEGE OF PENNSYLVANIA            ,PA,17405-7199,Private      ,7073,685,7758,7073,685,7758
00398600,DESALES UNIVERSITY                      ,PA,18034-9568,Private      ,2086,696,2782,2086,696,2782
00398700,LA ROCHE COLLEGE                        ,PA,15237-5898,Private      ,688,253,941,688,253,941
00398800,NEUMANN UNIVERSITY                      ,PA,19014-1298,Private      ,2151,618,2769,2151,618,2769
00405800,GRATZ COLLEGE                           ,PA,19027-3097,Private      ,0,34,34,0,34,34
00445200,MONTGOMERY COUNTY COMMUNITY COLLEGE     ,PA,19422-6300,Public       ,2317,2187,4504,2317,2187,4504
00488900,CAMBRIA-ROWE BUSINESS COLLEGE           ,PA,15902-2494,Proprietary  ,66,139,205,66,139,205
00489000,CENTRAL PENNSYLVANIA COLLEGE            ,PA,17093-0309,Proprietary  ,680,649,1329,680,649,1329
00489300,DU BOIS BUSINESS COLLEGE                ,PA,15801-2401,Proprietary  ,64,96,160,64,96,160
00489400,ERIE BUSINESS CENTER                    ,PA,16501-1305,Proprietary  ,45,144,189,45,144,189
00489401,ERIE BUSINESS CENTER - NEW CASTLE CAMPUS,PA,16101-3950,Proprietary  ,14,26,40,14,26,40
00489800,MCCANN SCHOOL OF BUSINESS & TECHNOL     ,PA,17901-1335,Proprietary  ,459,1640,2099,459,1640,2099
00489807,MCCANN SCHOOL OF BUSINESS & TECHNOLOGY -,PA,17013-3180,Proprietary  ,25,61,86,25,61,86
00489900,MERCY HOSP SCH OF NURSING               ,PA,15219-5166,Private      ,68,98,166,68,98,166
00490100,NEWPORT BUSINESS INSTITUTE              ,PA,15068-3929,Proprietary  ,7,25,32,7,25,32
00490200,PENN COMMERCIAL BUSINESS/TECHNICAL SCHL ,PA,15301-2871,Proprietary  ,54,66,120,54,66,120
00491000,KAPLAN CAREER INSTITUTE                 ,PA,17111-3571,Proprietary  ,78,271,349,78,271,349
00491001,THOMPSON INSTITUTE-PHILADEPHIA CAMPUS   ,PA,19104-3386,Proprietary  ,61,184,245,61,184,245
00491400,NEWPORT BUSINESS INSTITUTE              ,PA,17701-5855,Proprietary  ,4,37,41,4,37,41
00500701,WEST VIRGINIA CAREER INSTITUTE          ,PA,15456-0000,Proprietary  ,21,35,56,21,35,56
00531000,PITTSBURGH INST OF AERONAUTICS          ,PA,15236-0000,Private      ,150,88,238,150,88,238
00533000,FAYETTE CNTY AREA VOC TECH PRC NRSG     ,PA,15401-0000,Public       ,13,38,51,13,38,51
00533500,CENTRAL PENN INST OF SCI & TECH PNP     ,PA,16823-0000,Public       ,64,62,126,64,62,126
00536500,YORK CO AREA VOC-TECH SCH-PRAC NSG      ,PA,17402-0000,Public       ,24,103,127,24,103,127
00653400,CITIZENS SCHOOL OF NURSING              ,PA,15068-6591,Private      ,44,70,114,44,70,114
00653700,CONEMAUGH VLY MEM HOSP SCH NRSNG        ,PA,15905-4398,Private      ,57,41,98,57,41,98
00653702,CONEMAUGH HOSP- SCH HISTOTECHNOLOGY     ,PA,15905-0000,Private      ,4,3,7,4,3,7
00653704,CONEMAUGH VLY MEM HOSP SCH RAD TECH     ,PA,15905-0000,Private      ,19,7,26,19,7,26
00653706,CONEMAUGH VLY MEM HOSP SCH  MED TECH    ,PA,15905-4398,Private      ,9,7,16,9,7,16
00655100,ST MARGARET SCHL OF NURSING             ,PA,15238-3205,Private      ,47,87,134,47,87,134
00656000,OHIO VALLEY HOSP SCH OF NURSING         ,PA,15136-1694,Private      ,14,17,31,14,17,31
00656500,READING HOSPITAL SCHOOL OF HEALTH SCIENC,PA,19611-1744,Private      ,154,187,341,154,187,341
00657400,"ST LUKE'S HOSPITAL OF BETHLEHEM, PA     ",PA,18015-1065,Private      ,52,97,149,52,97,149
00657600,SEWICKLEY VALLEY HOSP SCH NRSNG         ,PA,15143-1498,Private      ,13,31,44,13,31,44
00657700,UPMC SHADYSIDE SCHOOL OF NURSING        ,PA,15232-1381,Private      ,86,160,246,86,160,246
00657800,SHARON REGIONAL SCHOOL OF NURSING       ,PA,16146-3395,Private      ,18,31,49,18,31,49
00658200,WASHINGTON HOSP SCH OF NURSING          ,PA,15301-3398,Private      ,10,35,45,10,35,45
00658202,WASHINGTON HOSP SCH OF RAD TECH         ,PA,15301-3398,Private      ,9,10,19,9,10,19
00658300,WESTERN PENN HOSP-SCH OF NURSING        ,PA,15224-1790,Private      ,58,76,134,58,76,134
00680700,COMMUNITY COLLEGE OF BEAVER COUNTY      ,PA,15061-2588,Public       ,522,425,947,522,425,947
00681000,LEHIGH CARBON COMMUNITY COLLEGE         ,PA,18078-2598,Public       ,1351,1442,2793,1351,1442,2793
00681100,LUZERNE COUNTY COMMUNITY COLLEGE        ,PA,18634-3899,Public       ,1253,1348,2601,1253,1348,2601
00708700,ABINGTON MEM HOSP SCHL OF NURSING       ,PA,19090-1284,Private      ,80,218,298,80,218,298
00709100,EVEREST INSTITUTE                       ,PA,15222-1320,Proprietary  ,49,183,232,49,183,232
00711000,DELAWARE COUNTY COMMUNITY COLLEGE       ,PA,19063-1094,Public       ,2608,3323,5931,2608,3323,5931
00719100,NORTHAMPTON COMMUNITY COLLEGE           ,PA,18020-7599,Public       ,3416,3014,6430,3416,3014,6430
00730305,LINCOLN TECHNICAL INSTITUTE - PHILADELPH,PA,19136-1530,Proprietary  ,116,126,242,116,126,242
00732955,ITT TECHNICAL INSTITUTE                 ,PA,19406-1212,Proprietary  ,76,162,238,76,162,238
00743000,ANTONELLI INST OF ART & PHOTOGRAPHY     ,PA,19038-8242,Proprietary  ,131,29,160,131,29,160
00743600,KAPLAN CAREER INSTITUTE - ICM CAMPUS    ,PA,15222-1977,Proprietary  ,73,265,338,73,265,338
00743700,PITTSBURGH TECHNICAL INSTITUTE          ,PA,15071-3205,Proprietary  ,1176,502,1678,1176,502,1678
00746900,"HUSSIAN SCHOOL OF ART, INC.             ",PA,19106-0000,Proprietary  ,54,9,63,54,9,63
00747000,"ART INSTITUTE OF PITTSBURGH, THE        ",PA,15219-1328,Proprietary  ,1537,3202,4739,1537,3202,4739
00752900,"CHESTER COUNTY INTERMEDIATE UNIT, PNP   ",PA,19335-3043,Public       ,11,61,72,11,61,72
00775900,LINCOLN TECHNICAL INSTITUTE             ,PA,18104-3298,Proprietary  ,79,160,239,79,160,239
00777900,LANSDALE SCHOOL OF BUSINESS             ,PA,19454-4114,Proprietary  ,25,124,149,25,124,149
00778000,NEW CASTLE SCHOOL OF TRADES             ,PA,16143-0000,Proprietary  ,73,106,179,73,106,179
00778100,CHI INSTITUTE/RETS CAMPUS               ,PA,19008-3516,Proprietary  ,13,87,100,13,87,100
00783900,TRIANGLE TECH                           ,PA,15214-3897,Proprietary  ,58,103,161,58,103,161
00791200,THADDEUS STEVENS CLG OF TECHNOLOGY      ,PA,17602-0000,Public       ,821,325,1146,821,325,1146
00791600,FRANKLIN CNTY CAREER & TECH CTR-PNP     ,PA,17201-0000,Public       ,9,42,51,9,42,51
00820000,JAMESON MEMORIAL HOSP SCH NURSING       ,PA,16105-2595,Private      ,21,42,63,21,42,63
00835000,ART INSTITUTE OF PHILADELPHIA           ,PA,19103-5198,Proprietary  ,1590,1174,2764,1590,1174,2764
00844100,ANTHEM INSTITUTE                        ,PA,19064-1243,Proprietary  ,45,117,162,45,117,162
00856800,VET TECH INSTITUTE                      ,PA,15222-3400,Proprietary  ,187,86,273,187,86,273
00865300,JEFFERSON CO DUBOIS VOC TECH-PR NSG     ,PA,15851-0000,Public       ,4,21,25,4,21,25
00895500,PRUONTOS HAIR DESIGN INSTITUTE          ,PA,16602-0000,Proprietary  ,12,8,20,12,8,20
00915705,WYOMING TECHNICAL INSTITUTE - BLAIRSVILL,PA,15717-8060,Proprietary  ,430,264,694,430,264,694
00918600,DEAN INSTITUTE OF TECHNOLOGY            ,PA,15226-1197,Proprietary  ,10,37,47,10,37,47
00944900,PENNCO TECH                             ,PA,19007-0000,Proprietary  ,36,109,145,36,109,145
00966400,EMPIRE BEAUTY SCHOOL                    ,PA,18052-5730,Proprietary  ,46,89,135,46,89,135
00966500,EMPIRE BEAUTY SCHOOL                    ,PA,17109-2210,Proprietary  ,33,63,96,33,63,96
00966600,EMPIRE BEAUTY SCHOOL                    ,PA,19605-2803,Proprietary  ,26,67,93,26,67,93
00972100,BRADFORD SCHOOL                         ,PA,15219-2602,Proprietary  ,342,84,426,342,84,426
00972300,ARIA HEALTH SCHOOL OF NURSING           ,PA,19053-6939,Private      ,88,165,253,88,165,253
00978300,GORDON PHILLIPS SCH OF BEAUTY CULT      ,PA,19135-0000,Proprietary  ,52,94,146,52,94,146
00986300,LANCASTER GENERAL COLLEGE OF NURSING AND,PA,17602-4955,Private      ,371,540,911,371,540,911
01000600,GREATER JOHNSTOWN AREA VOC TECH SCH     ,PA,15904-0000,Public       ,27,68,95,27,68,95
01005500,CRAWFORD CNTY AREA VO-TECH PRAC NUR     ,PA,16335-0000,Public       ,3,9,12,3,9,12
01017600,WESTMORELAND COUNTY COMMUNITY CLG       ,PA,15697-1895,Public       ,932,1086,2018,932,1086,2018
01038800,READING AREA COMMUNITY COLLEGE          ,PA,19603-1706,Public       ,760,1254,2014,760,1254,2014
01054100,EMPIRE BEAUTY SCHOOL                    ,PA,15146-2229,Proprietary  ,24,61,85,24,61,85
01054200,EMPIRE BEAUTY SCHOOL                    ,PA,18701-0000,Proprietary  ,51,59,110,51,59,110
01054300,EMPIRE BEAUTY SCHOOL                    ,PA,17701-3914,Proprietary  ,18,42,60,18,42,60
01081400,PITTSBURGH INST MORTUARY SCIENCE        ,PA,15206-3706,Private      ,61,112,173,61,112,173
01086000,GREATER ALTOONA CAREER/TECH CENTER      ,PA,16602-0000,Public       ,56,85,141,56,85,141
01096300,GREENE COUNTY VOC-TECH SCHOOL           ,PA,15370-0000,Public       ,3,12,15,3,12,15
01097000,EMPIRE BEAUTY SCHOOL                    ,PA,17042-5209,Proprietary  ,13,17,30,13,17,30
01099800,PENNSYLVANIA INSTITUTE OF TECH          ,PA,19063-4098,Private      ,176,250,426,176,250,426
01102000,EMPIRE BEAUTY SCHOOL                    ,PA,17604-4335,Proprietary  ,31,45,76,31,45,76
01102100,EMPIRE BEAUTY SCHOOL                    ,PA,17402-2862,Proprietary  ,39,67,106,39,67,106
01162100,AUTOMOTIVE TRAINING CENTER              ,PA,19341-1310,Proprietary  ,392,130,522,392,130,522
01162200,WELDER TRAINING & TESTING INST          ,PA,18109-3253,Proprietary  ,7,34,41,7,34,41
01163800,EMPIRE BEAUTY SCHOOL                    ,PA,17876-0000,Proprietary  ,6,11,17,6,11,17
01171500,SCHUYLKILL HEALTH SCHOOL OF NURSING     ,PA,17901-3692,Private      ,48,26,74,48,26,74
01191900,BEAVER FALLS BEAUTY ACADEMY             ,PA,15010-4208,Proprietary  ,5,8,13,5,8,13
01205000,ROSEDALE TECHNICAL INSTITUTE            ,PA,15205-9791,Private      ,97,134,231,97,134,231
01239300,THOMAS JEFF UNIV-CLG ALLIED HEALTH      ,PA,19107-0000,Private      ,240,939,1179,240,939,1179
01239301,THOMAS JEFFERSON UNIVERSITY - JEFFERSON ,PA,19107-5001,Private      ,281,1745,2026,281,1745,2026
01239303,THOMAS JEFFERSON UNIVERSITY - COLLEGE OF,PA,19107-6731,Private      ,153,535,688,153,535,688
01246104,LINCOLN TECHNICAL INSTITUTE             ,PA,19104-0202,Proprietary  ,105,175,280,105,175,280
01246105,LINCOLN TECHNICAL INSTITUTE             ,PA,19116-4202,Proprietary  ,84,168,252,84,168,252
01252300,TALMUDICAL YESHIVA OF PHILA             ,PA,19131-1296,Private      ,0,2,2,0,2,2
01260500,EMPIRE BEAUTY SCHOOL                    ,PA,17331-2405,Proprietary  ,19,58,77,19,58,77
01260600,EMPIRE BEAUTY SCHOOL                    ,PA,17901-3859,Proprietary  ,30,140,170,30,140,170
01260700,EMPIRE BEAUTY SCHOOL                    ,PA,16801-5218,Proprietary  ,12,11,23,12,11,23
01292900,SOUTH HILLS BEAUTY ACADEMY              ,PA,15216-2335,Proprietary  ,7,31,38,7,31,38
01301500,GORDON PHILLIPS SCH BEAUTY CULTURE      ,PA,19102-2701,Proprietary  ,38,141,179,38,141,179
01313400,YESHIVATH BETH MOSHE                    ,PA,18505-2196,Private      ,3,3,6,3,3,6
01321400,ROXBOROUGH MEM HOSP SCH OF NURSING      ,PA,19128-0000,Proprietary  ,54,176,230,54,176,230
01326300,SOUTH HILLS SCHOOL OF BUSINESS & TECHNOL,PA,16801-4516,Proprietary  ,225,167,392,225,167,392
02061000,VENUS BEAUTY ACADEMY                    ,PA,19079-0000,Proprietary  ,6,20,26,6,20,26
02068300,DOUGLAS SCHOOL OF BUSINESS              ,PA,15062-0000,Proprietary  ,101,80,181,101,80,181
02090200,TRIANGLE TECH                           ,PA,16502-0000,Proprietary  ,43,45,88,43,45,88
02092500,LAUREL TECHNICAL INSTITUTE              ,PA,16146-0000,Proprietary  ,50,87,137,50,87,137
02092502,BUSINESS INSTITUTE OF PENNSYLVANIA      ,PA,16335-0000,Proprietary  ,5,11,16,5,11,16
02104003,HARRIS SCHOOL OF BUSINESS - UPPER DARBY ,PA,19082-2528,Proprietary  ,8,13,21,8,13,21
02107300,PENNSYLVANIA ACADEMY OF FINE ARTS       ,PA,19102-1424,Private      ,222,208,430,222,208,430
02112200,GREAT LAKES INSTITUTE OF TECHNOLOGY     ,PA,16509-0000,Proprietary  ,146,128,274,146,128,274
02114200,JOHNSON COLLEGE                         ,PA,18508-0000,Private      ,212,88,300,212,88,300
02116001,SANFORD-BROWN INSTITUTE - TREVOSE       ,PA,19053-4700,Proprietary  ,28,69,97,28,69,97
02118000,LEVITTOWN BEAUTY ACADEMY LLC            ,PA,19054-1713,Proprietary  ,7,7,14,7,7,14
02119300,PA ACAD OF COSMETOLOGY ARTS & SCI       ,PA,15904-0000,Proprietary  ,13,26,39,13,26,39
02120800,"YORKTOWNE BUSINESS INSTITUTE, INC.      ",PA,17404-0000,Proprietary  ,28,105,133,28,105,133
02127400,YORK TECHNICAL INSTITUTE                ,PA,17402-0000,Proprietary  ,417,649,1066,417,649,1066
02129000,TRIANGLE TECH                           ,PA,15601-0000,Proprietary  ,69,88,157,69,88,157
02129001,TRIANGLE TECH - BUSINESS CAREERS INSTITU,PA,15601-3304,Proprietary  ,3,7,10,3,7,10
02144000,"VISION ACADEMY, THE                     ",PA,18103-0000,Proprietary  ,3,16,19,3,16,19
02149000,EMPIRE BEAUTY SCHOOL                    ,PA,19341-2804,Proprietary  ,44,69,113,44,69,113
02151500,CENTRAL SUSQUEHANNA LPN CENTER          ,PA,17837-8818,Public       ,21,69,90,21,69,90
02153500,OAKBRIDGE ACADEMY OF ARTS               ,PA,15068-0000,Proprietary  ,23,5,28,23,5,28
02158300,JUNIATA-MIFFLIN CO AREA VOC TECH        ,PA,17044-0000,Public       ,6,15,21,6,15,21
02161400,NORTHEASTERN HOSP SCH OF NRSG           ,PA,19134-0000,Private      ,43,132,175,43,132,175
02169600,CLEARFIELD CTY CAREER AND TECH CNTR     ,PA,16830-0000,Public       ,19,47,66,19,47,66
02174400,TRIANGLE TECH                           ,PA,15801-0000,Proprietary  ,112,87,199,112,87,199
02178900,ACADEMY OF HAIR DESIGN                  ,PA,18202-1465,Proprietary  ,4,21,25,4,21,25
02183000,ORLEANS TECHNICAL INSTITUTE             ,PA,19111-0000,Private      ,66,210,276,66,210,276
02192800,WALNUT HILL COLLEGE                     ,PA,19104-0000,Proprietary  ,282,160,442,282,160,442
02202300,SANFORD-BROWN INSTITUTE                 ,PA,15219-1907,Proprietary  ,57,241,298,57,241,298
02202301,SANFORD-BROWN INSTITUTE                 ,PA,15146-2141,Proprietary  ,17,56,73,17,56,73
02203900,ERIE INSTITUTE OF TECHNOLOGY            ,PA,16565-1002,Proprietary  ,84,92,176,84,92,176
02206200,"VISION ACADEMY, THE                     ",PA,19002-0000,Proprietary  ,8,7,15,8,7,15
02206300,STROUDSBURG SCHOOL OF COSMETOLOGY       ,PA,18360-0000,Proprietary  ,11,5,16,11,5,16
02212700,LANCASTER SCHOOL OF COSMETOLOGY         ,PA,17602-0000,Proprietary  ,9,34,43,9,34,43
02234200,ACADEMY OF MEDICAL ARTS & BUSINESS      ,PA,17112-0000,Proprietary  ,45,76,121,45,76,121
02251200,SCHUYLKILL COUNTY AREA VOC TECH SCH     ,PA,17931-0000,Public       ,7,32,39,7,32,39
02251202,SCHUYLKILL COUNTY AREA VOC TECH SCH     ,PA,17931-0000,Public       ,1,5,6,1,5,6
02253900,BERKS TECHNICAL INSTITUTE               ,PA,19610-0000,Proprietary  ,291,382,673,291,382,673
02255200,PENNSYLVANIA SCHOOL OF BUSINESS         ,PA,18101-1604,Proprietary  ,41,187,228,41,187,228
02269900,PENNSYLVANIA COLLEGE OF ART & DESIGN    ,PA,17603-3528,Private      ,252,51,303,252,51,303
02270500,BUCKS COUNTY SCHOOL OF BEAUTY CULT      ,PA,19053-0000,Proprietary  ,15,12,27,15,12,27
02273400,RECONSTRUCTIONIST RABBINICAL COLLEG     ,PA,19095-0000,Private      ,0,16,16,0,16,16
02276600,HANOVER PUBLIC SCH DIST PRAC NURSG      ,PA,17331-0000,Public       ,2,19,21,2,19,21
02282500,LENAPE SCHOOL OF PRACTICAL NURSING      ,PA,16226-0000,Public       ,11,59,70,11,59,70
02288800,EMPIRE BEAUTY SCHOOL                    ,PA,18974-4508,Proprietary  ,37,80,117,37,80,117
02289500,PACE INSTITUTE                          ,PA,19601-0000,Proprietary  ,12,70,82,12,70,82
02289600,CONSOLIDATED SCHOOL OF BUSINESS         ,PA,17404-0000,Proprietary  ,16,53,69,16,53,69
02289700,ACADEMY OF CREATIVE HAIR DESIGN         ,PA,18702-0000,Proprietary  ,15,27,42,15,27,42
02289800,CHI INSTITUTE - FRANKLIN MILLS          ,PA,19154-0000,Proprietary  ,97,178,275,97,178,275
02290400,"ALTOONA BEAUTY SCHOOL, INC              ",PA,16602-0000,Proprietary  ,20,16,36,20,16,36
02292700,LANSDALE SCHOOL OF COSMETOLOGY          ,PA,19446-0000,Proprietary  ,3,15,18,3,15,18
02299300,TRINITY EPISCOPAL SCHOOL MINISTRY       ,PA,15003-0000,Private      ,0,29,29,0,29,29
02301300,PRISM CAREER INSTITUTE                  ,PA,19082-2448,Proprietary  ,44,224,268,44,224,268
02304400,YTI CAREER INSTITUTE - MECHANICSBURG    ,PA,17055-0000,Proprietary  ,42,56,98,42,56,98
02306200,VENANGO COUNTY AREA VOC TECH SCHOOL     ,PA,16301-0000,Public       ,11,30,41,11,30,41
02310800,LANCASTER COUNTY CAREER & TECH CTR      ,PA,17584-0000,Public       ,61,158,219,61,158,219
02323000,BIBLICAL THEOLOGICAL SEMINARY           ,PA,19440-2421,Private      ,1,29,30,1,29,30
02330300,LEBANON CO CAREER & TECHNOLOGY CTR      ,PA,17042-0000,Public       ,15,75,90,15,75,90
02330600,PENNSYLVANIA GUNSMITH SCHOOL            ,PA,15202-0000,Proprietary  ,46,34,80,46,34,80
02350100,WESTERN AREA CAREER & TECHNOLOGY CT     ,PA,15317-0000,Public       ,9,17,26,9,17,26
02350200,INDIANA COUNTY TECH CTR SCH PR NSG      ,PA,15701-1465,Public       ,17,44,61,17,44,61
02353100,NORTHERN TIER CAREER CENTER             ,PA,18848-0000,Public       ,9,37,46,9,37,46
02362300,MERCER COUNTY AREA VOC TECH SCHOOL      ,PA,16137-0000,Public       ,3,18,21,3,18,21
02492600,EASTERN CTR ARTS AND TECH PR NSG        ,PA,19090-0000,Public       ,11,45,56,11,45,56
02495500,ALL-STATE CAREER SCHOOL                 ,PA,19029-0000,Proprietary  ,64,144,208,64,144,208
02529800,WILKES BARRE AREA CAREER AND TECHNICAL C,PA,18705-0000,Public       ,31,91,122,31,91,122
02536600,COMMONWEALTH TECH INSTIT @ HIRAM G      ,PA,15905-0000,Public       ,57,30,87,57,30,87
02544300,BUTLER BEAUTY SCHOOL                    ,PA,16001-0000,Proprietary  ,10,17,27,10,17,27
02545000,LAWRENCE COUNTY CAREER AND TECHNICAL CEN,PA,16101-0000,Public       ,9,21,30,9,21,30
02546200,LAUREL BUSINESS INSTITUTE               ,PA,15401-0877,Proprietary  ,45,52,97,45,52,97
02550000,CLARION CO AREA VOC-TECH PRAC NRSG      ,PA,16254-4637,Public       ,2,19,21,2,19,21
02554500,HAZLETON AREA CAREER CENTER PRACTICAL NU,PA,18201-0000,Public       ,15,32,47,15,32,47
02557800,ART INSTITUTE OF YORK (THE) - PENNSYLVAN,PA,17402-9012,Proprietary  ,311,114,425,311,114,425
02566400,ALBERT EINSTEIN MED CTR DEPT DNTL       ,PA,19141-3098,Private      ,15,47,62,15,47,62
02574800,PENNSYLVANIA INSTITUTE OF TAXIDERMY     ,PA,15931-0000,Proprietary  ,8,8,16,8,8,16
02609500,CAREER TRAINING ACADEMY                 ,PA,15068-6308,Proprietary  ,18,34,52,18,34,52
02609501,CAREER TRAINING ACADEMY                 ,PA,15146-0000,Proprietary  ,6,16,22,6,16,22
02616100,JEAN MADELINE ED CTR FOR COSM           ,PA,19147-1542,Proprietary  ,101,113,214,101,113,214
03006800,LE CORDON BLEU INSTITUTE OF CULINARY ART,PA,15222-3511,Proprietary  ,29,27,56,29,27,56
03010800,FORTIS INSTITUTE                        ,PA,16506-1013,Proprietary  ,262,751,1013,262,751,1013
03011500,FORTIS INSTITUTE                        ,PA,18702-0000,Proprietary  ,23,69,92,23,69,92
03011600,FORTIS INSTITUTE                        ,PA,18509-2903,Proprietary  ,56,138,194,56,138,194
03029900,CONSOLIDATED SCHOOL OF BUSINESS         ,PA,17603-2389,Proprietary  ,10,49,59,10,49,59
03067000,ANTONELLI MEDICAL & PROF INST           ,PA,19464-9244,Proprietary  ,10,24,34,10,24,34
03072600,DCI CAREER INSTITUTE                    ,PA,15061-2307,Proprietary  ,15,36,51,15,36,51
03081900,YTI CAREER INSTITUTE - ALTOONA          ,PA,16602-4457,Proprietary  ,92,120,212,92,120,212
03090800,LAKE ERIE COLL OF OSTEOPATHIC MED       ,PA,16509-0000,Private      ,52,2235,2287,52,2235,2287
03098600,CAREER TECH CTR OF LACKAWANNA CNTY      ,PA,18508-0000,Public       ,41,79,120,41,79,120
03101400,FORBES ROAD CAREER & TECHNOLOGY CTR     ,PA,15146-1550,Public       ,2,8,10,2,8,10
03101500,BIDWELL TRAINING CENTER                 ,PA,15233-2233,Private      ,11,34,45,11,34,45
03103300,JNA INSTITUTE OF CULINARY ARTS          ,PA,19146-3119,Proprietary  ,42,86,128,42,86,128
03109100,METROPOLITAN CAREER CENTER              ,PA,19144-0000,Private      ,10,50,60,10,50,60
03110700,AVIATION INSTITUTE OF MAINTENANCE       ,PA,19114-1017,Proprietary  ,30,101,131,30,101,131
03120400,REGIONAL CAREER & TECHNICAL CENTER      ,PA,16509-4699,Public       ,9,10,19,9,10,19
03128400,DELAWARE COUNTY TECHNICAL SCHOOL        ,PA,19008-1928,Public       ,21,68,89,21,68,89
03180400,PENNSYLVANIA HIGHLANDS COMMUNITY COLLEGE,PA,15904-2927,Public       ,442,341,783,442,341,783
03236400,LT INTERNATIONAL BEAUTY SCHOOL          ,PA,19130-2235,Proprietary  ,9,19,28,9,19,28
03353300,ACADEMY OF VOCAL ARTS                   ,PA,19103-6685,Private      ,28,40,68,28,40,68
03380301,STAR CAREER ACADEMY - STAR PHILADELPHIA ,PA,19114-2204,Proprietary  ,82,272,354,82,272,354
03380304,STAR CAREER ACADEMY - STAR NORRISTOWN   ,PA,19403-2422,Proprietary  ,12,59,71,12,59,71
03493302,ALL-STATE CAREER - WEST MIFFLIN CAMPUS  ,PA,15122-0000,Proprietary  ,8,26,34,8,26,34
03535300,HUNTINGDON COUNTY CAREER AND TECHNO     ,PA,17060-0905,Public       ,3,8,11,3,8,11
03561400,SUSQUEHANNA COUNTY CAREER & TECHNOL     ,PA,18816-0100,Public       ,4,18,22,4,18,22
03766300,PENNSYLVANIA SCHOOL OF MUSCLE THERAPY   ,PA,19406-3101,Proprietary  ,11,28,39,11,28,39
03781300,PRINCETON INFORMATION TECHNOLOGY CENTER ,PA,19038-4535,Proprietary  ,9,55,64,9,55,64
03899300,CALVARY BAPTIST THEOLOGICAL SEMINARY    ,PA,19446-4718,Private      ,1,6,7,1,6,7
03923300,PRECISION MANUFACTURING INSTITUTE       ,PA,16335-8380,Private      ,8,11,19,8,11,19
03948300,HARRISBURG UNIVERSITY OF SCIENCE AND TEC,PA,17101-2116,Private      ,632,134,766,632,134,766
03949300,WON INSTITUTE OF GRADUATE STUDIES       ,PA,19038-4535,Private      ,0,26,26,0,26,26
03950500,NORTHWEST REGIONAL TECHNOLOGY INSTITUTE ,PA,16508-2820,Proprietary  ,8,15,23,8,15,23
03952300,NATIONAL MASSAGE THERAPY INSTITUTE      ,PA,19116-3965,Proprietary  ,36,122,158,36,122,158
04024300,EDUCATION AND TECHNOLOGY INSTITUTE      ,PA,15601-9214,Private      ,7,9,16,7,9,16
04041300,BERKS CAREER & TECHNOLOGY CENTER        ,PA,19533-9112,Public       ,1,9,10,1,9,10
04118000,BYZANTINE CATHOLIC SEMINARY OF SAINTS CY,PA,15214-2229,Private      ,1,4,5,1,4,5
04127500,CAREER DEVELOPMENT & EMPLOYMENT         ,PA,18702-5253,Proprietary  ,3,22,25,3,22,25
04145800,PULSE BEAUTY ACADEMY A PAUL MITCHELL PAR,PA,19335-0000,Proprietary  ,18,20,38,18,20,38
04149800,SOMERSET COUNTY TECHNOLOGY CENTER       ,PA,15501-1444,Public       ,8,37,45,8,37,45
04151700,BELLA CAPELLI ACADEMY                   ,PA,15146-2388,Proprietary  ,14,14,28,14,14,28
04151701,BELLA CAPELLI ACADEMY -                 ,PA,15205-2388,Proprietary  ,22,18,40,22,18,40
04155100,INSTITUTE OF MEDICAL CAREERS            ,PA,15235-3718,Proprietary  ,13,25,38,13,25,38
04158000,METRO BEAUTY ACADEMY                    ,PA,18106-9693,Proprietary  ,17,42,59,17,42,59
04164900,BARONE BEAUTY ACADEMY                   ,PA,17701-5316,Proprietary  ,8,8,16,8,8,16
04167200,COMMONWEALTH MEDICAL COLLEGE (THE)      ,PA,18503-3251,Private      ,7,443,450,7,443,450
04167500,WORLD A CUTS BARBER INSTITUTE           ,PA,17401-1105,Proprietary  ,4,22,26,4,22,26
04175900,LEWISTOWN HOSPITAL SCHOOL OF NURSING    ,PA,17044-1167,Private      ,17,29,46,17,29,46
04209700,NEWCOURTLAND EDUCATION CENTER SCHOOL OF ,PA,19119-2126,Private      ,7,19,26,7,19,26
00153410,EVEREST UNIVERSITY - EVEREST COLLEGE - M,WI,53212-4006,Proprietary  ,39,107,146,39,107,146
00267813,BRYANT & STRATTON COLLEGE - MIL DOWNTOWN,WI,53203-2608,Proprietary  ,312,1247,1559,312,1247,1559
00383200,ALVERNO COLLEGE                         ,WI,53234-3922,Private      ,1128,1360,2488,1128,1360,2488
00383500,BELOIT COLLEGE                          ,WI,53511-5595,Private      ,1812,67,1879,1812,67,1879
00383700,CARDINAL STRITCH UNIVERSITY             ,WI,53217-9884,Private      ,942,1684,2626,942,1684,2626
00383800,CARROLL UNIVERSITY                      ,WI,53186-5593,Private      ,3230,475,3705,3230,475,3705
00383900,CARTHAGE COLLEGE                        ,WI,53141-0000,Private      ,4175,414,4589,4175,414,4589
00384000,WESTERN TECHNICAL COLLEGE               ,WI,54601-0908,Public       ,826,685,1511,826,685,1511
00384200,CONCORDIA UNIVERSITY WISCONSIN          ,WI,53097-2402,Private      ,2616,1752,4368,2616,1752,4368
00384800,EDGEWOOD COLLEGE                        ,WI,53711-1958,Private      ,1590,717,2307,1590,717,2307
00385000,SILVER LAKE COLLEGE                     ,WI,54220-9319,Private      ,138,133,271,138,133,271
00385400,LAKELAND COLLEGE                        ,WI,53082-0000,Private      ,1057,718,1775,1057,718,1775
00385600,LAWRENCE UNIVERSITY                     ,WI,54912-0599,Private      ,2090,96,2186,2090,96,2186
00386100,MARIAN UNIVERSITY                       ,WI,54935-4699,Private      ,1107,548,1655,1107,548,1655
00386300,MARQUETTE UNIVERSITY                    ,WI,53201-1881,Private      ,15824,3270,19094,15824,3270,19094
00386600,MILWAUKEE AREA TECH COLLEGE             ,WI,53233-1443,Public       ,2972,6327,9299,2972,6327,9299
00386800,MILWAUKEE SCHOOL OF ENGINEERING         ,WI,53202-3109,Private      ,2467,481,2948,2467,481,2948
00386900,MOUNT MARY COLLEGE                      ,WI,53222-4597,Private      ,619,763,1382,619,763,1382
00387400,NASHOTAH HOUSE                          ,WI,53058-0000,Private      ,0,25,25,0,25,25
00387500,NORTHLAND COLLEGE                       ,WI,54806-3999,Private      ,600,59,659,600,59,659
00388400,RIPON COLLEGE                           ,WI,54971-0248,Private      ,1129,53,1182,1129,53,1182
00389200,ST. NORBERT COLLEGE                     ,WI,54115-2099,Private      ,2361,76,2437,2361,76,2437
00389500,UNIVERSITY OF WISCONSIN-MADISON         ,WI,53715-1382,Public       ,20225,6339,26564,20225,6339,26564
00389600,UNIVERSITY OF WISCONSIN-MILWAUKEE       ,WI,53201-3165,Public       ,12692,6717,19409,12692,6717,19409
00389700,UNIVERSITY OF WISCONSIN COLLEGES        ,WI,53708-8680,Public       ,2081,963,3044,2081,963,3044
00389701,UNIVERSITY OF WISCONSIN-BARABOO         ,WI,53913-1098,Public       ,218,82,300,218,82,300
00389702,UNIVERSITY OF WISCONSIN-BARRON          ,WI,54868-2497,Public       ,186,73,259,186,73,259
00389703,UNIVERSITY OF WISCONSIN-FOND DU LAC     ,WI,54935-2998,Public       ,321,107,428,321,107,428
00389704,UNIVERSITY OF WISCONSIN-FOX VALLEY      ,WI,54952-1297,Public       ,689,202,891,689,202,891
00389705,UNIVERSITY OF WISCONSIN-MANITOWOC       ,WI,54220-6699,Public       ,184,58,242,184,58,242
00389706,UNIVERSITY OF WISCONSIN-MARATHON        ,WI,54401-5396,Public       ,494,170,664,494,170,664
00389707,UNIVERSITY OF WISCONSIN-MARINETTE       ,WI,54143-4299,Public       ,183,64,247,183,64,247
00389708,UNIVERSITY OF WISCONSIN-MARSHFIELD      ,WI,54449-3310,Public       ,193,79,272,193,79,272
00389709,UNIVERSITY OF WISCONSIN-RICHLAND        ,WI,53581-1399,Public       ,199,54,253,199,54,253
00389710,UNIVERSITY OF WISCONSIN COLLEGES - ROCK ,WI,53546-5699,Public       ,430,230,660,430,230,660
00389711,UNIVERSITY OF WISCONSIN-SHEBOYGAN       ,WI,53081-4789,Public       ,282,137,419,282,137,419
00389712,UNIVERSITY OF WISCONSIN-WASHINGTON      ,WI,53095-3699,Public       ,374,96,470,374,96,470
00389713,UNIVERSITY OF WISCONSIN-WAUKESHA        ,WI,53188-2799,Public       ,834,263,1097,834,263,1097
00389900,UNIVERSITY OF WISCONSIN-GREEN BAY       ,WI,54311-7001,Public       ,3394,1229,4623,3394,1229,4623
00391100,VITERBO UNIVERSITY                      ,WI,54601-4777,Private      ,1612,683,2295,1612,683,2295
00391500,UNIVERSITY OF WISCONSIN-STOUT           ,WI,54751-0790,Public       ,3742,866,4608,3742,866,4608
00391700,UNIVERSITY OF WISCONSIN-EAU CLAIRE      ,WI,54702-4004,Public       ,6158,818,6976,6158,818,6976
00391900,UNIVERSITY OF WISCONSIN-LA CROSSE       ,WI,54601-3742,Public       ,6835,976,7811,6835,976,7811
00392000,UNIVERSITY OF WISCONSIN-OSHKOSH         ,WI,54901-8604,Public       ,6126,1555,7681,6126,1555,7681
00392100,UNIVERSITY OF WISCONSIN-PLATTEVILLE     ,WI,53818-3099,Public       ,5469,885,6354,5469,885,6354
00392300,UNIVERSITY OF WISCONSIN-RIVER FALLS     ,WI,54022-5013,Public       ,2599,463,3062,2599,463,3062
00392400,UNIVERSITY OF WISCONSIN-STEVENS POINT   ,WI,54481-3871,Public       ,5413,968,6381,5413,968,6381
00392500,UNIVERSITY OF WISCONSIN-SUPERIOR        ,WI,54880-2898,Public       ,845,488,1333,845,488,1333
00392600,UNIVERSITY OF WISCONSIN-WHITEWATER      ,WI,53190-1792,Public       ,7483,1322,8805,7483,1322,8805
00400700,MADISON AREA TECHNICAL COLLEGE          ,WI,53704-2599,Public       ,2090,2748,4838,2090,2748,4838
00501500,UNIVERSITY OF WISCONSIN-PARKSIDE        ,WI,53141-2000,Public       ,2236,1006,3242,2236,1006,3242
00529400,WAUKESHA COUNTY TECHNICAL COLLEGE       ,WI,53072-4696,Public       ,613,1160,1773,613,1160,1773
00530100,NORTHEAST WISCONSIN TECHNICAL COLLEGE   ,WI,54307-9042,Public       ,1247,1663,2910,1247,1663,2910
00530400,CHIPPEWA VALLEY TECHNICAL COLLEGE       ,WI,54701-6162,Public       ,908,1084,1992,908,1084,1992
00538000,MID-STATE TECHNICAL COLLEGE             ,WI,54494-5512,Public       ,347,567,914,347,567,914
00538400,NICOLET AREA TECHNICAL COLLEGE          ,WI,54501-0000,Public       ,275,358,633,275,358,633
00538700,NORTHCENTRAL TECHNICAL COLLEGE          ,WI,54401-1899,Public       ,545,904,1449,545,904,1449
00538900,GATEWAY TECHNICAL COLLEGE               ,WI,53144-1690,Public       ,1105,3528,4633,1105,3528,4633
00539000,BLACKHAWK TECHNICAL COLLEGE             ,WI,53547-5009,Public       ,379,970,1349,379,970,1349
00663900,BELLIN COLLEGE                          ,WI,54305-0000,Private      ,231,118,349,231,118,349
00732934,ITT TECHNICAL INSTITUTE                 ,WI,53220-4612,Proprietary  ,67,241,308,67,241,308
00766900,SOUTHWEST WISCONSIN TECH COLLEGE        ,WI,53809-0000,Public       ,389,291,680,389,291,680
00821700,PAUL MITCHELL THE SCHOOL GREEN BAY      ,WI,54324-0257,Proprietary  ,33,45,78,33,45,78
00869405,RASMUSSEN COLLEGE - WAUSAU              ,WI,54401-7804,Proprietary  ,36,301,337,36,301,337
00869414,RASMUSSEN COLLEGE - GREEN BAY           ,WI,54303-2349,Proprietary  ,45,265,310,45,265,310
00869419,RASMUSSEN COLLEGE - APPLETON            ,WI,54915-7305,Proprietary  ,38,194,232,38,194,232
00919400,LAKESHORE TECHNICAL COLLEGE             ,WI,53015-1412,Public       ,334,583,917,334,583,917
00925600,MORAINE PARK TECHNICAL COLLEGE          ,WI,54936-0000,Public       ,461,1027,1488,461,1027,1488
00941900,STATE CLG OF BEAUTY CULT-WAUSAU         ,WI,54403-4667,Proprietary  ,12,21,33,12,21,33
00962100,HERZING UNIVERSITY                      ,WI,53718-4236,Proprietary  ,392,3776,4168,392,3776,4168
00974400,FOX VALLEY TECHNICAL COLLEGE            ,WI,54913-0000,Public       ,1406,2097,3503,1406,2097,3503
01091300,MADISON MEDIA INSTITUTE                 ,WI,53718-6787,Proprietary  ,215,181,396,215,181,396
01148400,ADVANCED INSTITUTE OF HAIR DESIGN       ,WI,53225-0000,Proprietary  ,85,96,181,85,96,181
01182400,WISCONSIN INDIANHEAD TECH CLG WITC      ,WI,54871-9300,Public       ,354,734,1088,354,734,1088
02077100,MILWAUKEE INST OF ART & DESIGN          ,WI,53202-0000,Private      ,774,173,947,774,173,947
02078000,SACRED HEART SCHOOL OF THEOLOGY         ,WI,53130-0000,Private      ,0,2,2,0,2,2
02136600,WISCONSIN LUTHERAN COLLEGE              ,WI,53226-0000,Private      ,942,120,1062,942,120,1062
02201803,KAPLAN COLLEGE - MILWAUKEE              ,WI,53212-3939,Proprietary  ,47,227,274,47,227,274
02239204,ANTHEM COLLEGE - BROOKFIELD             ,WI,53005-4207,Proprietary  ,9,47,56,9,47,56
02271300,WI SCH OF PROFESSIONAL PSYCHOLOGY       ,WI,53225-0000,Private      ,16,68,84,16,68,84
02317200,MARANATHA BAPTIST BIBLE COLLEGE         ,WI,53094-0000,Private      ,421,51,472,421,51,472
02324700,EMPIRE BEAUTY SCHOOL                    ,WI,53717-0000,Proprietary  ,27,66,93,27,66,93
02332100,EMPIRE BEAUTY SCHOOL                    ,WI,54220-0000,Proprietary  ,18,56,74,18,56,74
02332101,EMPIRE BEAUTY SCHOOL - APPLETON         ,WI,54914-4644,Proprietary  ,6,20,26,6,20,26
02453500,MEDICAL COLLEGE OF WISCONSIN            ,WI,53226-0000,Private      ,73,991,1064,73,991,1064
02494300,GILL-TECH ACADEMY OF HAIR DESIGN        ,WI,54911-0000,Proprietary  ,17,26,43,17,26,43
02532200,LAC COURTE OREILLES OJIBWA CMTY CLG     ,WI,54843-0000,Public       ,19,110,129,19,110,129
03061200,MIDWEST COLLEGE OF ORIENTAL MEDICINE    ,WI,53403-9747,Proprietary  ,8,85,93,8,85,93
03077600,EMPIRE BEAUTY SCHOOL                    ,WI,54304-4838,Proprietary  ,27,72,99,27,72,99
03125100,COLLEGE OF MENOMINEE NATION             ,WI,54135-0000,Private      ,33,152,185,33,152,185
03125102,COLLEGE OF  THE MENOMINEE NATION - GREEN,WI,54304-4964,Private      ,18,92,110,18,92,110
03220300,"SALON PROFESSIONAL ACADEMY, THE         ",WI,54701-7633,Proprietary  ,22,27,49,22,27,49
03309300,MONTESSORI INSTITUTE OF MILWAUKEE       ,WI,53207-0000,Private      ,2,17,19,2,17,19
03808300,INSTITUTE OF BEAUTY AND WELLNESS (THE)  ,WI,53202-5715,Proprietary  ,54,73,127,54,73,127
03822300,PAUL MITCHELL THE SCHOOL - MONROE       ,WI,53566-0000,Proprietary  ,8,12,20,8,12,20
03872500,NORTHLAND INTERNATIONAL UNIVERSITY      ,WI,54119-9285,Private      ,166,26,192,166,26,192
03925300,BLUE SKY SCHOOL OF PROFESSIONAL MASSAGE ,WI,53024-9699,Private      ,3,20,23,3,20,23
03925301,BLUE SKY SCHOOL OF PROFESSIONAL MASSAGE ,WI,54115-7407,Private      ,2,19,21,2,19,21
03925303,BLUE SKY SCHOOL OF PROFESSIONAL MASSAGE ,WI,53713-2366,Private      ,6,19,25,6,19,25
04117400,MILWAUKEE CAREER COLLEGE                ,WI,53222-4305,Proprietary  ,91,209,300,91,209,300
04118600,ACADEMY OF COSMETOLOGY                  ,WI,53548-3307,Proprietary  ,9,41,50,9,41,50
04124800,VISIONS IN HAIR DESIGN INSTITUTE OF COSM,WI,53210-1120,Proprietary  ,19,35,54,19,35,54
04132600,WISCONSIN ACADEMY (THE)                 ,WI,54157-1726,Proprietary  ,4,9,13,4,9,13
04137900,BRENSTEN EDUCATION                      ,WI,53186-0000,Proprietary  ,12,73,85,12,73,85
04138200,SALON PROFESSIONAL ACADEMY (THE)        ,WI,54914-3921,Proprietary  ,16,23,39,16,23,39
04157700,SALON PROFESSIONAL ACADEMY (THE)        ,WI,54650-8699,Proprietary  ,15,24,39,15,24,39
04159400,COLUMBIA COLLEGE OF NURSING             ,WI,53211-2952,Private      ,93,151,244,93,151,244
04165300,ACADEMY WAUKESHA (THE)                  ,WI,53072-5524,Proprietary  ,23,33,56,23,33,56
04179200,ADVANCED COLLEGE OF COSMETOLOGY         ,WI,53963-0000,Proprietary  ,10,4,14,10,4,14
04182100,FIRST CLASS COSMETOLOGY SCHOOL          ,WI,52511-0000,Proprietary  ,10,14,24,10,14,24
04183600,SALON PROFESSIONAL ACADEMY OF KENOSHA (T,WI,53142-4950,Proprietary  ,33,54,87,33,54,87
04193800,SHEPHERDS COLLEGE                       ,WI,53182-1527,Private      ,9,8,17,9,8,17
04202800,PANACHE ACADEMY OF BEAUTY               ,WI,53913-2596,Proprietary  ,10,15,25,10,15,25
00290500,NORTH CAROLINA A&T STATE UNIV           ,NC,27411-0001,Public       ,11636,3772,15408,11636,3772,15408
00290600,APPALACHIAN STATE UNIVERSITY            ,NC,28608-2059,Public       ,13614,2587,16201,13614,2587,16201
00290700,UNIVERSITY OF NC AT ASHEVILLE           ,NC,28804-3299,Public       ,3512,1086,4598,3512,1086,4598
00290800,BARTON COLLEGE                          ,NC,27893-3104,Private      ,1153,404,1557,1153,404,1557
00291000,BELMONT ABBEY COLLEGE                   ,NC,28012-1802,Private      ,1015,526,1541,1015,526,1541
00291100,BENNETT COLLEGE                         ,NC,27401-3239,Private      ,965,294,1259,965,294,1259
00291200,BREVARD COLLEGE                         ,NC,28712-3306,Private      ,862,104,966,862,104,966
00291300,CAMPBELL UNIVERSITY                     ,NC,27506-0036,Private      ,4426,1947,6373,4426,1947,6373
00291400,CATAWBA COLLEGE                         ,NC,28144-2488,Private      ,1498,378,1876,1498,378,1876
00291500,CENTRAL PIEDMONT COMMUNITY COLLEGE      ,NC,28204-2297,Public       ,4176,6301,10477,4176,6301,10477
00291600,CHOWAN UNIVERSITY                       ,NC,27855-1850,Private      ,1600,238,1838,1600,238,1838
00291700,COLLEGE OF THE ALBEMARLE                ,NC,27909-2327,Public       ,393,594,987,393,594,987
00291800,DAVIDSON COLLEGE                        ,NC,28035-7157,Private      ,2840,129,2969,2840,129,2969
00291900,DAVIDSON COUNTY COMMUNITY COLLEGE       ,NC,27293-0000,Public       ,737,1752,2489,737,1752,2489
00292000,DUKE UNIVERSITY                         ,NC,27708-0397,Private      ,16952,1394,18346,16952,1394,18346
00292001,DUKE UNIV - SCHOOL OF MEDICINE          ,NC,27710-0000,Private      ,147,706,853,147,706,853
00292002,DUKE UNIV - SCHOOL OF LAW               ,NC,27708-0000,Private      ,52,1807,1859,52,1807,1859
00292003,DUKE UNIV - GRAD SCH ARTS & SCIENCE     ,NC,27708-0000,Private      ,117,550,667,117,550,667
00292004,DUKE UNIV - FUQUA SCH OF BUSINESS       ,NC,27708-0000,Private      ,80,604,684,80,604,684
00292005,DUKE UNIV/NICHOLAS SCH OF ENVIRON.      ,NC,27708-0000,Private      ,37,274,311,37,274,311
00292006,DUKE UNIV - DIVINITY SCHOOL             ,NC,27708-0000,Private      ,301,429,730,301,429,730
00292007,DUKE UNIV - SCHOOL OF NURSING           ,NC,27710-0000,Private      ,159,692,851,159,692,851
00292010,DUKE UNIVERSITY - SCHOOL OF PUBLIC POLIC,NC,27708-0239,Private      ,38,203,241,38,203,241
00292300,EAST CAROLINA UNIVERSITY                ,NC,27858-1818,Public       ,17156,6264,23420,17156,6264,23420
00292600,ELIZABETH CITY STATE UNIVERSITY         ,NC,27909-7806,Public       ,2582,821,3403,2582,821,3403
00292700,ELON UNIVERSITY                         ,NC,27244-2010,Private      ,6717,779,7496,6717,779,7496
00292800,FAYETTEVILLE STATE UNIVERSITY           ,NC,28301-4298,Public       ,3447,3464,6911,3447,3464,6911
00292900,GARDNER-WEBB UNIVERSITY                 ,NC,28017-0000,Private      ,2397,1443,3840,2397,1443,3840
00293000,GREENSBORO COLLEGE                      ,NC,27401-1875,Private      ,1494,646,2140,1494,646,2140
00293100,GUILFORD COLLEGE                        ,NC,27410-4171,Private      ,2402,1418,3820,2402,1418,3820
00293300,HIGH POINT UNIVERSITY                   ,NC,27262-4221,Private      ,4432,419,4851,4432,419,4851
00293400,ISOTHERMAL COMMUNITY COLLEGE            ,NC,28160-0804,Public       ,389,466,855,389,466,855
00293500,LAUREL UNIVERSITY                       ,NC,27265-3197,Private      ,23,116,139,23,116,139
00293600,JOHNSON C SMITH UNIVERSITY              ,NC,28216-5398,Private      ,2030,877,2907,2030,877,2907
00293700,KING'S COLLEGE-CHARLOTTE                ,NC,28204-2435,Proprietary  ,488,353,841,488,353,841
00293900,LEES MCRAE COLLEGE                      ,NC,28604-0000,Private      ,928,173,1101,928,173,1101
00294000,LENOIR COMMUNITY COLLEGE                ,NC,28502-0188,Public       ,415,740,1155,415,740,1155
00294100,LENOIR-RHYNE UNIVERSITY                 ,NC,28603-0000,Private      ,2328,541,2869,2328,541,2869
00294200,LIVINGSTONE COLLEGE                     ,NC,28144-5298,Private      ,817,243,1060,817,243,1060
00294300,LOUISBURG COLLEGE                       ,NC,27549-2398,Private      ,692,119,811,692,119,811
00294400,MARS HILL COLLEGE                       ,NC,28754-0000,Private      ,1761,271,2032,1761,271,2032
00294500,MEREDITH COLLEGE                        ,NC,27607-5298,Private      ,1569,518,2087,1569,518,2087
00294600,METHODIST UNIVERSITY                    ,NC,28311-1420,Private      ,1878,833,2711,1878,833,2711
00294700,MITCHELL COMMUNITY COLLEGE              ,NC,28677-5264,Public       ,568,893,1461,568,893,1461
00294800,MONTREAT COLLEGE                        ,NC,28757-1267,Private      ,354,264,618,354,264,618
00294900,MOUNT OLIVE COLLEGE                     ,NC,28365-1299,Private      ,813,1506,2319,813,1506,2319
00295000,NORTH CAROLINA CENTRAL UNIVERSITY       ,NC,27707-3198,Public       ,6700,4091,10791,6700,4091,10791
00295100,NORTH CAROLINA WESLEYAN COLLEGE         ,NC,27804-8699,Private      ,740,597,1337,740,597,1337
00295300,PEACE COLLEGE                           ,NC,27604-1194,Private      ,962,383,1345,962,383,1345
00295400,UNIV OF NORTH CAROLINA AT PEMBROKE      ,NC,28372-1510,Public       ,4437,1814,6251,4437,1814,6251
00295500,PFEIFFER UNIVERSITY                     ,NC,28109-0000,Private      ,834,595,1429,834,595,1429
00295600,PIEDMONT BAPTIST COLLEGE AND GRADUATE SC,NC,27101-5025,Private      ,79,81,160,79,81,160
00295700,QUEENS UNIVERSITY OF CHARLOTTE          ,NC,28274-0001,Private      ,1656,970,2626,1656,970,2626
00295800,ROCKINGHAM COMMUNITY COLLEGE            ,NC,27375-0000,Public       ,537,628,1165,537,628,1165
00296000,SALEM COLLEGE                           ,NC,27108-0000,Private      ,711,439,1150,711,439,1150
00296100,SANDHILLS COMMUNITY COLLEGE             ,NC,28374-8283,Public       ,657,1067,1724,657,1067,1724
00296200,SHAW UNIVERSITY                         ,NC,27601-2393,Private      ,1971,992,2963,1971,992,2963
00296400,SOUTHEASTERN COMMUNITY COLLEGE          ,NC,28472-5422,Public       ,216,400,616,216,400,616
00296800,ST AUGUSTINES COLLEGE                   ,NC,27610-2298,Private      ,1534,507,2041,1534,507,2041
00297000,SURRY COMMUNITY COLLEGE                 ,NC,27017-0304,Public       ,626,711,1337,626,711,1337
00297200,NORTH CAROLINA STATE UNIV-RALEIGH       ,NC,27695-7001,Public       ,24179,6901,31080,24179,6901,31080
00297300,GASTON COLLEGE                          ,NC,28034-1499,Public       ,907,1716,2623,907,1716,2623
00297400,UNIVERSITY OF N C-CHAPEL HILL           ,NC,27514-0000,Public       ,24814,9322,34136,24814,9322,34136
00297500,UNIVERSITY OF NC AT CHARLOTTE           ,NC,28223-0001,Public       ,19861,7677,27538,19861,7677,27538
00297600,UNIVERSITY OF N C - GREENSBORO          ,NC,27412-0001,Public       ,13505,6135,19640,13505,6135,19640
00297800,WAKE FOREST UNIV - UNDERGRADUATE        ,NC,27109-7246,Private      ,7014,315,7329,7014,315,7329
00297801,WAKE FOREST UNIV - SCH OF MEDICINE      ,NC,27157-1090,Private      ,96,860,956,96,860,956
00297803,WAKE FOREST GRAD SCHOOLS OF BUSINESS    ,NC,27109-7659,Private      ,47,413,460,47,413,460
00297805,WAKE FOREST UNIV - SCH OF LAW           ,NC,27109-7206,Private      ,31,1057,1088,31,1057,1088
00297806,WAKE FOREST UNIV - GRAD A&S/DIVINITY    ,NC,27109-7246,Private      ,38,396,434,38,396,434
00297900,WARREN WILSON COLLEGE                   ,NC,28815-0000,Private      ,1036,274,1310,1036,274,1310
00298000,WAYNE COMMUNITY COLLEGE                 ,NC,27533-0000,Public       ,589,1235,1824,589,1235,1824
00298100,WESTERN CAROLINA UNIVERSITY             ,NC,28723-9731,Public       ,8106,2438,10544,8106,2438,10544
00298200,WESTERN PIEDMONT COMMUNITY COLLEGE      ,NC,28655-4504,Public       ,413,621,1034,413,621,1034
00298300,WILKES COMMUNITY COLLEGE                ,NC,28697-2100,Public       ,512,505,1017,512,505,1017
00298400,UNIVERSITY OF N C-WILMINGTON            ,NC,28403-3297,Public       ,11903,2918,14821,11903,2918,14821
00298500,WINGATE UNIVERSITY                      ,NC,28174-0159,Private      ,3203,640,3843,3203,640,3843
00298600,WINSTON-SALEM STATE UNIVERSITY          ,NC,27102-0000,Public       ,5580,2931,8511,5580,2931,8511
00398100,UNC SCHOOL OF THE ARTS                  ,NC,27127-2188,Public       ,1156,298,1454,1156,298,1454
00403300,ASHEVILLE BUNCOMBE TECH CMTY CLG        ,NC,28801-4897,Public       ,1100,2232,3332,1100,2232,3332
00406200,PITT COMMUNITY COLLEGE                  ,NC,28590-0000,Public       ,1991,2555,4546,1991,2555,4546
00483500,CALDWELL COMMUNITY CLG & TECH INST      ,NC,28638-2626,Public       ,754,1060,1814,754,1060,1814
00483800,GUILFORD TECHNICAL COMMUNITY CLG        ,NC,27282-0309,Public       ,3503,7218,10721,3503,7218,10721
00484400,WAKE TECHNICAL COMMUNITY COLLEGE        ,NC,27603-5696,Public       ,4182,6481,10663,4182,6481,10663
00484500,WILSON COMMUNITY COLLEGE                ,NC,27893-3310,Public       ,228,622,850,228,622,850
00499201,MILLER-MOTTE TECHNICAL COLLEGE - MILLER-,NC,27511-9209,Proprietary  ,34,133,167,34,133,167
00499202,MILLER-MOTTE TECHNICAL COLLEGE - MILLER-,NC,27604-6072,Proprietary  ,125,472,597,125,472,597
00499203,MILLER-MOTTE TECHNICAL COLLEGE - FAYETTE,NC,28311-7651,Proprietary  ,104,586,690,104,586,690
00499205,MILLER-MOTTE TECHNICAL COLLEGE - MILLER-,NC,28540-5901,Proprietary  ,34,318,352,34,318,352
00531600,COASTAL CAROLINA COMMUNITY COLLEGE      ,NC,28546-6816,Public       ,650,1577,2227,650,1577,2227
00531700,FORSYTH TECHNICAL COMMUNITY COLLEGE     ,NC,27103-5197,Public       ,1959,3835,5794,1959,3835,5794
00531800,CATAWBA VALLEY COMMUNITY COLLEGE        ,NC,28602-8302,Public       ,1144,1414,2558,1144,1414,2558
00532000,CAPE FEAR COMMUNITY COLLEGE             ,NC,28401-3910,Public       ,1733,2111,3844,1733,2111,3844
00544700,RANDOLPH COMMUNITY COLLEGE              ,NC,27204-1009,Public       ,574,1107,1681,574,1107,1681
00544800,DURHAM TECHNICAL CMNTY COLLEGE          ,NC,27703-5023,Public       ,908,2316,3224,908,2316,3224
00544900,CENTRAL CAROLINA COMMUNITY COLLEGE      ,NC,27330-9000,Public       ,644,1438,2082,644,1438,2082
00546300,ALAMANCE COMMUNITY COLLEGE              ,NC,27253-0000,Public       ,830,1447,2277,830,1447,2277
00546400,RICHMOND COMMUNITY COLLEGE              ,NC,28345-4522,Public       ,278,669,947,278,669,947
00575400,ROWAN-CABARRUS COMMUNITY COLLEGE        ,NC,28146-8357,Public       ,772,1649,2421,772,1649,2421
00647700,CABARRUS COLLEGE OF HEALTH SCIENCES     ,NC,28025-0000,Private      ,207,381,588,207,381,588
00647800,MERCY HOSP SCH OF NURSING               ,NC,28207-0000,Public       ,108,375,483,108,375,483
00648300,WATTS SCHOOL OF NURSING                 ,NC,27704-0000,Private      ,51,175,226,51,175,226
00679900,CRAVEN COMMUNITY COLLEGE                ,NC,28562-0000,Public       ,361,1171,1532,361,1171,1532
00703100,PAMLICO COMMUNITY COLLEGE               ,NC,28529-0000,Public       ,23,88,111,23,88,111
00764000,FAYETTEVILLE TECHNICAL CMTY COLLEGE     ,NC,28303-0236,Public       ,1437,5385,6822,1437,5385,6822
00768700,JAMES SPRUNT COMMUNITY COLLEGE          ,NC,28349-0398,Public       ,142,436,578,142,436,578
00781400,BROOKSTONE COLLEGE OF BUSINESS          ,NC,28262-1294,Proprietary  ,58,182,240,58,182,240
00781401,BROOKSTONE COLLEGE OF BUSINESS          ,NC,27409-0000,Proprietary  ,38,152,190,38,152,190
00789200,SAMPSON COMMUNITY COLLEGE               ,NC,28328-0000,Public       ,235,533,768,235,533,768
00798500,SOUTH PIEDMONT COMMUNITY COLLEGE        ,NC,28135-9703,Public       ,304,678,982,304,678,982
00798600,HALIFAX COMMUNITY COLLEGE               ,NC,27890-0089,Public       ,241,348,589,241,348,589
00798700,BLADEN COMMUNITY COLLEGE                ,NC,28332-0266,Public       ,152,415,567,152,415,567
00798800,MARTIN COMMUNITY COLLEGE                ,NC,27892-8307,Public       ,106,239,345,106,239,345
00808100,CARTERET COMMUNITY COLLEGE              ,NC,28557-2989,Public       ,236,562,798,236,562,798
00808200,CLEVELAND COMMUNITY COLLEGE             ,NC,28150-0000,Public       ,397,776,1173,397,776,1173
00808300,HAYWOOD COMMUNITY COLLEGE               ,NC,28721-0000,Public       ,236,522,758,236,522,758
00808500,MCDOWELL TECHNICAL COMMUNITY CLG        ,NC,28752-8728,Public       ,124,280,404,124,280,404
00808700,MONTGOMERY COMMUNITY COLLEGE            ,NC,27371-0787,Public       ,145,242,387,145,242,387
00846600,SOUTHWESTERN COMMUNITY COLLEGE          ,NC,28779-8581,Public       ,375,615,990,375,615,990
00855700,NASH COMMUNITY COLLEGE                  ,NC,27804-0488,Public       ,485,950,1435,485,950,1435
00855800,BEAUFORT COUNTY COMMUNITY COLLEGE       ,NC,27889-7889,Public       ,245,599,844,245,599,844
00861200,ROBESON COMMUNITY COLLEGE               ,NC,28359-2151,Public       ,302,913,1215,302,913,1215
00861300,ROANOKE-CHOWAN COMMUNITY COLLEGE        ,NC,27910-9522,Public       ,128,259,387,128,259,387
00885500,EDGECOMBE COMMUNITY COLLEGE             ,NC,27886-9399,Public       ,239,961,1200,239,961,1200
00902500,EMPIRE BEAUTY SCHOOL                    ,NC,28105-2508,Proprietary  ,42,102,144,42,102,144
00933600,JOHNSTON COMMUNITY COLLEGE              ,NC,27577-0000,Public       ,668,1248,1916,668,1248,1916
00943000,TRI-COUNTY COMMUNITY COLLEGE            ,NC,28906-7919,Public       ,145,240,385,145,240,385
00964600,PIEDMONT COMMUNITY COLLEGE              ,NC,27573-1197,Public       ,136,329,465,136,329,465
00968400,BLUE RIDGE COMMUNITY COLLEGE            ,NC,28731-9624,Public       ,284,537,821,284,537,821
00974701,GORDON-CONWELL THEO SEM - CHARLOTTE     ,NC,28273-0000,Private      ,6,105,111,6,105,111
00990300,VANCE-GRANVILLE CMTY COLLEGE            ,NC,27536-0917,Public       ,459,874,1333,459,874,1333
01026400,SOUTH COLLEGE                           ,NC,28803-3152,Proprietary  ,51,197,248,51,197,248
01119400,STANLY COMMUNITY COLLEGE                ,NC,28001-7458,Public       ,312,757,1069,312,757,1069
01119700,MAYLAND COMMUNITY COLLEGE               ,NC,28777-2777,Public       ,154,203,357,154,203,357
01179900,PAUL MITCHELL THE SCHOOL FAYETTEVILLE   ,NC,28303-5364,Proprietary  ,53,177,230,53,177,230
01192600,LEON'S BEAUTY SCHOOL                    ,NC,27403-2812,Proprietary  ,77,153,230,77,153,230
01303918,SOUTH UNIVERSITY - THE ART INSTITUTE OF ,NC,28217-4536,Proprietary  ,931,622,1553,931,622,1553
02056500,MITCHELL'S HAIR STYLING ACADEMY         ,NC,27893-0000,Proprietary  ,10,22,32,10,22,32
02056501,MITCHELL'S HAIR STYLING ACADEMY - MITCHE,NC,27606-3326,Proprietary  ,43,99,142,43,99,142
02158414,HARRISON COLLEGE - THE CHEF'S ACADEMY - ,NC,27560-0000,Proprietary  ,28,54,82,28,54,82
02170700,BRUNSWICK COMMUNITY COLLEGE             ,NC,28422-0000,Public       ,240,388,628,240,388,628
02205000,COLLEGE OF WILMINGTON                   ,NC,28403-0000,Proprietary  ,105,172,277,105,172,277
02210400,FAYETTEVILLE BEAUTY COLLEGE             ,NC,28303-0000,Proprietary  ,42,143,185,42,143,185
02227800,MITCHELL'S HAIR STYLING ACADEMY         ,NC,27534-0000,Proprietary  ,8,22,30,8,22,30
02227900,MITCHELL'S HAIR STYLING ACADEMY         ,NC,27858-0000,Proprietary  ,24,38,62,24,38,62
02280900,MID-ATLANTIC CHRISTIAN UNIVERSITY       ,NC,27909-0000,Private      ,84,58,142,84,58,142
02326203,KAPLAN CAREER INSTITUTE - KAPLAN COLLEGE,NC,28212-6830,Proprietary  ,116,559,675,116,559,675
02558900,CHEVEUX SCHOOL OF HAIR DESIGN           ,NC,28540-0000,Proprietary  ,4,32,36,4,32,36
02560600,PINNACLE INSTITUTE OF COSMETOLOGY       ,NC,28115-8020,Proprietary  ,27,32,59,27,32,59
02614201,MILLER-MOTTE BUSINESS COLLEGE           ,NC,28403-0000,Proprietary  ,113,1275,1388,113,1275,1388
02614205,MILLER - MOTTE TECHNICAL COLLEGE - MILLE,NC,27834-5052,Proprietary  ,112,366,478,112,366,478
03009500,WINSTON-SALEM BARBER SCHOOL             ,NC,27107-0000,Proprietary  ,26,57,83,26,57,83
03064400,REGENCY BEAUTY INSTITUTE                ,NC,27127-0000,Proprietary  ,32,90,122,32,90,122
03089300,HERITAGE BIBLE COLLEGE                  ,NC,28335-0000,Private      ,6,19,25,6,19,25
03104200,CAROLINAS COLLEGE OF HEALTH SCIENCE     ,NC,28232-2861,Public       ,275,609,884,275,609,884
03109000,LIVING ARTS COLLEGE                     ,NC,27614-7076,Proprietary  ,231,251,482,231,251,482
03361300,MEDICAL ARTS MASSAGE SCHOOL             ,NC,27616-6453,Proprietary  ,25,109,134,25,109,134
03513400,APEX SCHOOL OF THEOLOGY                 ,NC,27703-8024,Private      ,9,247,256,9,247,256
03555300,SOUTHEASTERN INSTITUTE                  ,NC,28217-0000,Proprietary  ,49,198,247,49,198,247
03555400,SOUTHEASTERN SCHOOL OF NEUROMUSCULAR  MA,NC,29406-0000,Proprietary  ,12,52,64,12,52,64
03570300,CAROLINA CHRISTIAN COLLEGE              ,NC,27105-3241,Private      ,19,68,87,19,68,87
03663300,HOOD THEOLOGICAL SEMINARY               ,NC,28144-5768,Private      ,1,64,65,1,64,65
03748500,LA SHE'S BEAUTY ACADEMY                 ,NC,27707-3569,Proprietary  ,13,27,40,13,27,40
03777300,PAUL MITCHELL THE SCHOOL GASTONIA       ,NC,28054-0460,Proprietary  ,50,106,156,50,106,156
03827300,NEW LIFE THEOLOGICAL SEMINARY           ,NC,28205-1648,Private      ,10,94,104,10,94,104
04073300,JUNG TAO SCHOOL OF CLASSICAL CHINESE MED,NC,28679-9657,Private      ,0,16,16,0,16,16
04101300,CAROLINA SCHOOL OF BROADCASTING         ,NC,28214-8085,Proprietary  ,59,147,206,59,147,206
04115700,REGINA'S COLLEGE OF BEAUTY              ,NC,28110-2831,Proprietary  ,10,39,49,10,39,49
04120300,"FILA ACADEMY, THE                       ",NC,27265-3114,Proprietary  ,5,23,28,5,23,28
04129400,CENTER FOR MASSAGE & NATURAL HEALTH     ,NC,28787-8331,Proprietary  ,13,34,47,13,34,47
04140700,AVEDA INSTITUTE CHAPEL HILL             ,NC,27516-2559,Proprietary  ,66,74,140,66,74,140
04143500,CHARLOTTE SCHOOL OF LAW                 ,NC,28208-2816,Proprietary  ,49,1203,1252,49,1203,1252
04146400,DAOIST TRADITIONS COLLEGE OF CHINESE MED,NC,28801-1060,Proprietary  ,1,42,43,1,42,43
04149300,PARK WEST BARBER SCHOOL                 ,NC,27701-4022,Proprietary  ,48,157,205,48,157,205
04154200,CAROLINA COLLEGE OF BIBLICAL STUDIES    ,NC,29303-5157,Private      ,7,109,116,7,109,116
04172800,BODY THERAPY INSTITUTE                  ,NC,27344-6728,Proprietary  ,10,28,38,10,28,38
04173000,SHEPHERDS THEOLOGICAL SEMINARY          ,NC,27518-9316,Private      ,0,9,9,0,9,9
04173700,GRACE COLLEGE OF DIVINITY               ,NC,28314-2343,Private      ,4,42,46,4,42,46
04178100,CAROLINA COLLEGE OF HAIR DESIGN         ,NC,28802-1232,Proprietary  ,19,44,63,19,44,63
04204700,PAUL MITCHELL THE SCHOOL RALEIGH        ,NC,27612-7358,Proprietary  ,40,63,103,40,63,103
04206500,MYCOMPUTERCAREER.COM                    ,NC,27606-3365,Proprietary  ,19,132,151,19,132,151
04214600,GRACE COLLEGE OF BARBERING              ,NC,28513-7178,Private      ,1,12,13,1,12,13
00298800,BISMARCK STATE COLLEGE                  ,ND,58501-1299,Public       ,717,472,1189,717,472,1189
00298900,DICKINSON STATE UNIVERSITY              ,ND,58601-4896,Public       ,413,220,633,413,220,633
00299000,JAMESTOWN COLLEGE                       ,ND,58405-3401,Private      ,589,74,663,589,74,663
00299100,LAKE REGION STATE COLLEGE               ,ND,58301-1598,Public       ,122,153,275,122,153,275
00299200,UNIVERSITY OF MARY                      ,ND,58504-9652,Private      ,968,641,1609,968,641,1609
00299300,MAYVILLE STATE UNIVERSITY               ,ND,58257-1299,Public       ,322,128,450,322,128,450
00299400,MINOT STATE UNIVERSITY                  ,ND,58707-0001,Public       ,831,523,1354,831,523,1354
00299500,DAKOTA COLLEGE AT BOTTINEAU             ,ND,58318-1159,Public       ,126,92,218,126,92,218
00299600,NORTH DAKOTA STATE CLG OF SCIENCE       ,ND,58076-0002,Public       ,685,241,926,685,241,926
00299700,NORTH DAKOTA STATE UNIVERSITY           ,ND,58108-6050,Public       ,5512,1315,6827,5512,1315,6827
00300500,UNIVERSITY OF NORTH DAKOTA              ,ND,58202-8193,Public       ,4486,2189,6675,4486,2189,6675
00300700,WILLISTON STATE COLLEGE                 ,ND,58802-1326,Public       ,116,105,221,116,105,221
00300800,VALLEY CITY STATE UNIVERSITY            ,ND,58072-0000,Public       ,336,113,449,336,113,449
00775600,JOSEF'S SCHOOL OF HAIR DESIGN INC       ,ND,58102-4977,Proprietary  ,23,18,41,23,18,41
00869408,RASMUSSEN COLLEGE - FARGO               ,ND,58103-7196,Proprietary  ,47,218,265,47,218,265
00869415,RASMUSSEN COLLEGE - BISMARCK            ,ND,58503-0000,Proprietary  ,19,112,131,19,112,131
00935400,MEDCENTER ONE COLLEGE OF NURSING        ,ND,58501-4494,Private      ,42,39,81,42,39,81
01040600,JOSEF'S SCHOOL OF HAIR DESIGN           ,ND,58201-6394,Proprietary  ,15,17,32,15,17,32
01205900,TRINITY BIBLE COLLEGE                   ,ND,58436-7150,Private      ,85,24,109,85,24,109
01229500,JZ TREND ACADEMY PAUL MITCHELL PARTNER S,ND,58501-0000,Proprietary  ,20,12,32,20,12,32
02188200,SITTING BULL COLLEGE                    ,ND,58538-9701,Public       ,23,61,84,23,61,84
02236500,LITTLE HOOP COMMUNITY COLLEGE           ,ND,58335-0000,Public       ,8,41,49,8,41,49
02242900,UNITED TRIBES TECHNICAL COLLEGE         ,ND,58504-0000,Private      ,70,219,289,70,219,289
02298200,HEADQUARTERS ACADEMY OF HAIR DESIGN     ,ND,58701-0000,Proprietary  ,10,25,35,10,25,35
02301100,TURTLE MTN CMNTY COLG-FIN AID OFC       ,ND,58316-0000,Private      ,52,96,148,52,96,148
02553700,FORT BERTHOLD COMMUNITY COLLEGE         ,ND,58763-0000,Public       ,6,32,38,6,32,38
03087200,MOLER BARBER CLG OF HAIRSTYLING         ,ND,58103-0000,Proprietary  ,1,6,7,1,6,7
04031300,SALON PROFESSIONAL ACADEMY (THE)        ,ND,58103-3337,Proprietary  ,28,16,44,28,16,44
04139400,HAIR ACADEMY (THE)                      ,ND,58501-4929,Proprietary  ,12,12,24,12,12,24
00301005,ANTIOCH UNIV/SEATTLE                    ,WA,98121-0000,Private      ,91,775,866,91,775,866
00376900,BELLEVUE COLLEGE                        ,WA,98007-6484,Public       ,4029,4705,8734,4029,4705,8734
00377000,BIG BEND COMMUNITY COLLEGE              ,WA,98837-3299,Public       ,831,924,1755,831,924,1755
00377100,"CENTRAL WASHINGTON UNIV., FIN AID       ",WA,98926-7495,Public       ,10446,4010,14456,10446,4010,14456
00377200,CENTRALIA COLLEGE                       ,WA,98531-4099,Public       ,927,1201,2128,927,1201,2128
00377300,CLARK COLLEGE                           ,WA,98663-3598,Public       ,3405,5233,8638,3405,5233,8638
00377400,COLUMBIA BASIN COLLEGE                  ,WA,99301-3379,Public       ,2593,2553,5146,2593,2553,5146
00377500,EASTERN WASHINGTON UNIVERSITY           ,WA,99004-2447,Public       ,11713,5958,17671,11713,5958,17671
00377600,EVERETT COMMUNITY COLLEGE               ,WA,98201-1352,Public       ,2584,4008,6592,2584,4008,6592
00377700,HERITAGE UNIVERSITY                     ,WA,98948-9562,Private      ,519,951,1470,519,951,1470
00377800,GONZAGA UNIVERSITY                      ,WA,99258-0083,Private      ,8234,2388,10622,8234,2388,10622
00377900,GRAYS HARBOR COLLEGE                    ,WA,98520-7599,Public       ,509,836,1345,509,836,1345
00378000,GREEN RIVER COMMUNITY COLLEGE           ,WA,98092-3622,Public       ,2366,3022,5388,2366,3022,5388
00378100,HIGHLINE COMMUNITY COLLEGE              ,WA,98198-9800,Public       ,2501,3277,5778,2501,3277,5778
00378200,LOWER COLUMBIA COLLEGE                  ,WA,98632-0310,Public       ,853,1629,2482,853,1629,2482
00378300,NORTHWEST UNIVERSITY                    ,WA,98083-0000,Private      ,1303,626,1929,1303,626,1929
00378400,OLYMPIC COLLEGE                         ,WA,98337-1600,Public       ,1374,3057,4431,1374,3057,4431
00378500,PACIFIC LUTHERAN UNIVERSITY             ,WA,98447-0003,Private      ,4589,1696,6285,4589,1696,6285
00378600,PENINSULA COLLEGE                       ,WA,98362-6660,Public       ,403,1053,1456,403,1053,1456
00378700,SEATTLE CENTRAL COMMUNITY COLLEGE       ,WA,98122-2413,Public       ,2637,4450,7087,2637,4450,7087
00378703,SEATTLE VOCATIONAL INSTITUTE            ,WA,98144-0000,Public       ,120,365,485,120,365,485
00378800,SEATTLE PACIFIC UNIVERSITY              ,WA,98119-1997,Private      ,6823,2035,8858,6823,2035,8858
00379000,SEATTLE UNIVERSITY                      ,WA,98122-1090,Private      ,9022,5192,14214,9022,5192,14214
00379100,SHORELINE COMMUNITY COLLEGE             ,WA,98133-5696,Public       ,1921,3141,5062,1921,3141,5062
00379200,SKAGIT VALLEY COLLEGE                   ,WA,98273-5899,Public       ,1229,1868,3097,1229,1868,3097
00379300,SPOKANE COMMUNITY COLLEGE               ,WA,99207-5399,Public       ,3300,6196,9496,3300,6196,9496
00379400,ST MARTIN'S UNIVERSITY                  ,WA,98503-7500,Private      ,1352,890,2242,1352,890,2242
00379600,TACOMA COMMUNITY COLLEGE                ,WA,98466-6100,Public       ,3214,6665,9879,3214,6665,9879
00379700,UNIVERSITY OF PUGET SOUND               ,WA,98416-1039,Private      ,4878,1483,6361,4878,1483,6361
00379800,UNIVERSITY OF WASHINGTON                ,WA,98195-5880,Public       ,35414,23974,59388,35414,23974,59388
00379900,WALLA WALLA UNIVERSITY                  ,WA,99324-1198,Private      ,1304,514,1818,1304,514,1818
00380000,WASHINGTON STATE UNIVERSITY             ,WA,99164-1035,Public       ,24646,10399,35045,24646,10399,35045
00380100,WENATCHEE VALLEY COLLEGE                ,WA,98801-1799,Public       ,1283,1386,2669,1283,1386,2669
00380200,WESTERN WASHINGTON UNIVERSITY           ,WA,98225-5946,Public       ,16532,3970,20502,16532,3970,20502
00380300,WHITMAN COLLEGE                         ,WA,99362-2067,Private      ,2297,138,2435,2297,138,2435
00380400,WHITWORTH UNIVERSITY                    ,WA,99251-0001,Private      ,3733,914,4647,3733,914,4647
00380500,YAKIMA VALLEY COMMUNITY COLLEGE         ,WA,98907-2520,Public       ,2475,2870,5345,2475,2870,5345
00499900,BELLINGHAM TECHNICAL COLLEGE            ,WA,98225-0000,Public       ,744,1423,2167,744,1423,2167
00500000,PIERCE COLLEGE                          ,WA,98498-1919,Public       ,2506,4657,7163,2506,4657,7163
00500100,EDMONDS COMMUNITY COLLEGE               ,WA,98036-5999,Public       ,1923,3007,4930,1923,3007,4930
00500600,WALLA WALLA COMMUNITY COLLEGE           ,WA,99362-9267,Public       ,1483,1720,3203,1483,1720,3203
00530600,BATES TECHNICAL COLLEGE                 ,WA,98405-0000,Public       ,738,2112,2850,738,2112,2850
00537200,SOUTH PUGET SOUND COMMUNITY COLLEGE     ,WA,98512-6292,Public       ,1554,3055,4609,1554,3055,4609
00537300,LAKE WASHINGTON TECHNICAL COLLEGE       ,WA,98034-8505,Public       ,574,1500,2074,574,1500,2074
00575200,CLOVER PARK TECHNICAL COLLEGE           ,WA,98499-0000,Public       ,934,3256,4190,934,3256,4190
00815500,EVERGREEN STATE COLLEGE (THE)           ,WA,98505-0002,Public       ,3220,3203,6423,3220,3203,6423
00907901,EVEREST COLLEGE                         ,WA,98684-6950,Proprietary  ,139,309,448,139,309,448
00938700,PERRY TECHNICAL INSTITUTE               ,WA,98903-1239,Private      ,466,571,1037,466,571,1037
00954400,SPOKANE FALLS COMMUNITY COLLEGE         ,WA,99224-5204,Public       ,3552,4328,7880,3552,4328,7880
00970400,NORTH SEATTLE COMMUNITY COLLEGE         ,WA,98103-3599,Public       ,1564,3375,4939,1564,3375,4939
00970600,SOUTH SEATTLE COMMUNITY COLLEGE         ,WA,98106-1499,Public       ,1864,2783,4647,1864,2783,4647
00973900,GLEN DOW ACAD OF HAIR DESIGN            ,WA,99201-0209,Proprietary  ,86,129,215,86,129,215
01036400,WHATCOM COMMUNITY COLLEGE               ,WA,98226-8003,Public       ,1642,2105,3747,1642,2105,3747
01043400,RENTON TECHNICAL COLLEGE                ,WA,98056-0000,Public       ,680,1530,2210,680,1530,2210
01148100,DIVERS INSTITUTE OF TECHNOLOGY          ,WA,98107-0000,Proprietary  ,88,227,315,88,227,315
01231500,CORNISH COLLEGE OF THE ARTS             ,WA,98121-4604,Private      ,1558,375,1933,1558,375,1933
01249600,"BEAUTIWORKS SEATTLE, LLC                ",WA,98133-5615,Proprietary  ,21,29,50,21,29,50
01302200,CITY UNIVERSITY OF SEATTLE              ,WA,98005-0000,Private      ,193,1006,1199,193,1006,1199
01309400,BELLINGHAM BEAUTY SCHOOL                ,WA,98225-0000,Proprietary  ,36,52,88,36,52,88
02105300,EVERGREEN BEAUTY AND BARBER COLLEGE     ,WA,98007-3722,Proprietary  ,45,62,107,45,62,107
02106700,TRINITY LUTHERAN COLLEGE                ,WA,98201-3569,Private      ,217,81,298,217,81,298
02180000,NORTHWEST INDIAN COLLEGE                ,WA,98226-9278,Public       ,92,333,425,92,333,425
02184200,PAROBA COLLEGE OF COSMETOLOGY           ,WA,98208-0000,Proprietary  ,18,62,80,18,62,80
02202200,STYLEMASTERS COLLEGE OF HAIR DESIGN     ,WA,98632-0000,Proprietary  ,20,49,69,20,49,69
02203300,GENE JUAREZ ACADEMY OF BEAUTY           ,WA,98125-0000,Proprietary  ,193,257,450,193,257,450
02222900,INTERNATIONAL AIR & HOSPITALITY ACADEMY ,WA,98661-4835,Proprietary  ,149,206,355,149,206,355
02236800,PROFESSIONAL BEAUTY SCHOOL              ,WA,98902-0000,Proprietary  ,40,56,96,40,56,96
02242500,BASTYR UNIVERSITY                       ,WA,98028-0000,Private      ,160,953,1113,160,953,1113
02291300,ART INSTITUTE OF SEATTLE                ,WA,98121-1622,Proprietary  ,1656,1275,2931,1656,1275,2931
02300100,EVEREST COLLEGE                         ,WA,98367-1835,Proprietary  ,53,192,245,53,192,245
02300103,EVEREST COLLEGE - EVERETT               ,WA,98208-2610,Proprietary  ,141,340,481,141,340,481
02300104,EVEREST COLLEGE - TACOMA                ,WA,98402-3004,Proprietary  ,268,755,1023,268,755,1023
02326500,INTERFACE COLLEGE                       ,WA,99201-4326,Proprietary  ,43,137,180,43,137,180
02331400,NORTHWEST HAIR ACADEMY                  ,WA,98273-0000,Proprietary  ,25,29,54,25,29,54
02331402,NORTHWEST HAIR ACADEMY - EVERETT        ,WA,98204-0000,Proprietary  ,19,39,58,19,39,58
02504900,ACADEMY OF HAIR DESIGN (THE)            ,WA,98801-0000,Proprietary  ,49,60,109,49,60,109
02541900,BJ'S BEAUTY AND BARBER COLLEGE          ,WA,98409-0000,Proprietary  ,40,158,198,40,158,198
02602100,NORTHWEST COLLEGE OF ART                ,WA,98370-8625,Proprietary  ,142,55,197,142,55,197
02606200,EVEREST COLLEGE                         ,WA,98055-2990,Proprietary  ,154,259,413,154,259,413
02617500,EVEREST COLLEGE                         ,WA,98133-9018,Proprietary  ,243,522,765,243,522,765
03031406,INTERNATIONAL ACADEMY OF DESIGN & TECH  ,WA,98188-3319,Proprietary  ,135,258,393,135,258,393
03065000,CLARE'S BEAUTY COLLEGE                  ,WA,99301-0000,Proprietary  ,44,65,109,44,65,109
03071800,ITT TECHNICAL INSTITUTE                 ,WA,99216-1589,Proprietary  ,204,473,677,204,473,677
03071805,ITT TECHNICAL INSTITUTE - SEATTLE       ,WA,98168-3346,Proprietary  ,306,568,874,306,568,874
03099000,CORTIVA INSTITUTE - SEATTLE             ,WA,98109-5474,Proprietary  ,64,169,233,64,169,233
03110800,BAKKE GRADUATE UNIVERSITY               ,WA,98104-1222,Private      ,5,39,44,5,39,44
03139500,MONTESSORI SCHOOLS OF WASHINGTON        ,WA,98203-6600,Private      ,1,16,17,1,16,17
03280300,SEATTLE INST OF ORIENTAL MEDICINE       ,WA,98115-0000,Proprietary  ,37,107,144,37,107,144
03283300,NORTHWEST HVAC/R ASSOCIATION & TRAINING ,WA,99202-0000,Private      ,25,62,87,25,62,87
03466400,SEATTLE SCHOOL OF THEOLOGY AND PSYCHOLOG,WA,98121-1177,Private      ,58,246,304,58,246,304
03483500,CASCADIA COMMUNITY COLLEGE              ,WA,98011-9510,Public       ,985,878,1863,985,878,1863
03490400,EMIL FRIES PIANO HOSPITAL & TRAININ     ,WA,98661-4323,Private      ,3,14,17,3,14,17
03689400,FAITH EVANGELICAL COLLEGE & SEMINARY    ,WA,98407-2607,Private      ,15,152,167,15,152,167
03724300,DIGIPEN INSTITUTE OF TECHNOLOGY         ,WA,98052-5170,Proprietary  ,842,329,1171,842,329,1171
03917300,EVERGREEN BEAUTY AND BARBER COLLEGE     ,WA,98208-3759,Proprietary  ,38,104,142,38,104,142
03932500,TOTAL COSMETOLOGY TRAINING CENTER       ,WA,99217-6231,Proprietary  ,49,113,162,49,113,162
03953300,YAKIMA BEAUTY SCHOOL                    ,WA,98901-2202,Proprietary  ,36,54,90,36,54,90
04120000,SUNNYSIDE BEAUTY ACADEMY                ,WA,98944-8711,Proprietary  ,13,21,34,13,21,34
04127200,VICTORIA'S ACADEMY OF COSMETOLOGY       ,WA,99336-3826,Proprietary  ,48,92,140,48,92,140
04130500,PACIFIC NORTHWEST UNIV OF HEALTH SCIENCE,WA,98901-1471,Private      ,54,359,413,54,359,413
04130800,CASCADE BEAUTY COLLEGE                  ,WA,98002-5504,Proprietary  ,19,55,74,19,55,74
04132800,INLAND MASSAGE INSTITUTE                ,WA,99218-5016,Proprietary  ,30,105,135,30,105,135
04149400,GARY MANUEL AVEDA INSTITUTE             ,WA,98122-3807,Proprietary  ,78,154,232,78,154,232
04149600,GP INSTITUTE OF COSMETOLOGY             ,WA,98118-2353,Proprietary  ,26,49,75,26,49,75
04155000,NORTHWEST SCHOOL OF WOODEN BOAT BUILDING,WA,98339-8706,Private      ,4,27,31,4,27,31
04161200,BAINBRIDGE GRADUATE INSTITUTE           ,WA,98110-2870,Private      ,2,45,47,2,45,47
04170100,SALON PROFESSIONAL ACADEMY (THE)        ,WA,98409-7360,Proprietary  ,69,149,218,69,149,218
04172900,ACADEMY OF COSMETOLOGY                  ,WA,99354-2651,Proprietary  ,46,72,118,46,72,118
04188900,NORTHWEST INSTITUTE OF LITERARY ARTS    ,WA,98249-0000,Private      ,8,28,36,8,28,36
04191900,PAUL MITCHELL THE SCHOOL SPOKANE        ,WA,99037-5041,Proprietary  ,131,161,292,131,161,292
00340100,BROWN UNIVERSITY                        ,RI,02912-9127,Private      ,16710,692,17402,16710,692,17402
00340101,BROWN UNIVERSITY - GRADUATE SCHOOL      ,RI,02912-1827,Private      ,41,1167,1208,41,1167,1208
00340102,BROWN MEDICAL SCHOOL                    ,RI,02912-0000,Private      ,31,452,483,31,452,483
00340200,BRYANT UNIVERSITY                       ,RI,02917-1284,Private      ,4939,378,5317,4939,378,5317
00340400,JOHNSON & WALES UNIVERSITY              ,RI,02903-3703,Private      ,16478,3119,19597,16478,3119,19597
00340600,PROVIDENCE COLLEGE                      ,RI,02918-0001,Private      ,7467,674,8141,7467,674,8141
00340700,RHODE ISLAND COLLEGE                    ,RI,02908-1991,Public       ,7635,3413,11048,7635,3413,11048
00340800,COMMUNITY COLLEGE OF RI - WARWICK       ,RI,02906-0000,Public       ,6587,6705,13292,6587,6705,13292
00340900,RHODE ISLAND SCHOOL OF DESIGN           ,RI,02903-2784,Private      ,2631,989,3620,2631,989,3620
00341000,ROGER WILLIAMS UNIVERSITY               ,RI,02809-2921,Private      ,8201,1206,9407,8201,1206,9407
00341100,SALVE REGINA UNIVERSITY                 ,RI,02840-4192,Private      ,4348,341,4689,4348,341,4689
00341400,UNIVERSITY OF RHODE ISLAND              ,RI,02881-0000,Public       ,21437,3092,24529,21437,3092,24529
00659100,ST. JOSEPH HOSP SCH OF NURSING          ,RI,02904-5199,Private      ,74,218,292,74,218,292
00784500,NEW ENGLAND INSTITUTE OF TECHNOLOGY     ,RI,02886-0000,Private      ,1704,1629,3333,1704,1629,3333
01164702,SBI CAMPUS - AN AFFILIATE OF SANFORD-BRO,RI,02920-7807,Proprietary  ,22,95,117,22,95,117
02071900,ARTHUR ANGELO SCH COSMET&HAIR DSGN      ,RI,02903-0000,Proprietary  ,58,105,163,58,105,163
02176900,WARWICK ACADEMY OF BEAUTY CULTURE       ,RI,02886-1534,Proprietary  ,50,67,117,50,67,117
02531802,PAUL MITCHELL THE SCHOOL-CRANSTON       ,RI,02920-0000,Proprietary  ,3,4,7,3,4,7
02584400,NEW ENGLAND TRACTOR TRAILER TRAINING SCH,RI,02860-1752,Proprietary  ,5,46,51,5,46,51
03080000,NEWPORT SCHOOL OF HAIRDRESSING          ,RI,02860-4038,Proprietary  ,6,33,39,6,33,39
03232300,LINCOLN TECHNICAL INSTITUTE             ,RI,02865-4211,Proprietary  ,223,415,638,223,415,638
03732300,INTERNATIONAL YACHT RESTORATION SCH     ,RI,02840-6720,Private      ,17,25,42,17,25,42
04141200,TONI & GUY HAIRDRESSING ACADEMY         ,RI,02920-0000,Proprietary  ,58,44,102,58,44,102
00341700,ALLEN UNIVERSITY                        ,SC,29204-1085,Private      ,505,259,764,505,259,764
00341800,ANDERSON UNIVERSITY                     ,SC,29621-4035,Private      ,2037,531,2568,2037,531,2568
00341900,CHARLESTON SOUTHERN UNIVERSITY          ,SC,29406-2160,Private      ,2962,952,3914,2962,952,3914
00342000,BENEDICT COLLEGE                        ,SC,29204-1086,Private      ,2128,725,2853,2128,725,2853
00342100,BOB JONES UNIVERSITY                    ,SC,29614-1000,Proprietary  ,1543,177,1720,1543,177,1720
00342200,SOUTHERN WESLEYAN UNIVERSITY            ,SC,29630-1020,Private      ,536,539,1075,536,539,1075
00342300,THE CITADEL                             ,SC,29409-0002,Public       ,2355,525,2880,2355,525,2880
00342400,CLAFLIN UNIVERSITY                      ,SC,29115-4498,Private      ,1427,359,1786,1427,359,1786
00342500,CLEMSON UNIVERSITY                      ,SC,29634-0001,Public       ,15428,1912,17340,15428,1912,17340
00342600,UNIV OF SC AT SUMTER                    ,SC,29150-2498,Public       ,449,269,718,449,269,718
00342700,COKER COLLEGE                           ,SC,29550-3797,Private      ,693,325,1018,693,325,1018
00342800,COLLEGE OF CHARLESTON                   ,SC,29424-0100,Public       ,8998,1456,10454,8998,1456,10454
00342900,COLUMBIA INTERNATIONAL UNIVERSITY       ,SC,29203-1599,Private      ,406,299,705,406,299,705
00343000,COLUMBIA COLLEGE                        ,SC,29203-5998,Private      ,605,610,1215,605,610,1215
00343100,CONVERSE COLLEGE                        ,SC,29302-1931,Private      ,810,291,1101,810,291,1101
00343200,ERSKINE COLLEGE                         ,SC,29639-0000,Private      ,437,31,468,437,31,468
00343201,ERSKINE THEOLOGICAL SEMINARY            ,SC,29639-0000,Private      ,2,32,34,2,32,34
00343400,FURMAN UNIVERSITY                       ,SC,29613-5253,Private      ,3485,233,3718,3485,233,3718
00343500,LANDER UNIVERSITY                       ,SC,29649-2099,Public       ,2898,473,3371,2898,473,3371
00343600,LIMESTONE COLLEGE                       ,SC,29340-3799,Private      ,1051,1132,2183,1051,1132,2183
00343700,LUTHERAN THEOLOGICAL SOUTHERN SEM       ,SC,29203-5898,Private      ,4,64,68,4,64,68
00343800,MEDICAL UNIV OF SOUTH CAROLINA - FA     ,SC,29425-1760,Public       ,272,2166,2438,272,2166,2438
00343900,MORRIS COLLEGE                          ,SC,29150-3599,Private      ,659,211,870,659,211,870
00344000,NEWBERRY COLLEGE                        ,SC,29108-2197,Private      ,1184,170,1354,1184,170,1354
00344100,NORTH GREENVILLE COLLEGE                ,SC,29688-1892,Private      ,1412,180,1592,1412,180,1592
00344500,PRESBYTERIAN COLLEGE                    ,SC,29325-2503,Private      ,1260,267,1527,1260,267,1527
00344600,SOUTH CAROLINA STATE UNIVERSITY         ,SC,29117-4427,Public       ,2535,924,3459,2535,924,3459
00344700,SPARTANBURG METHODIST COLLEGE           ,SC,29301-5899,Private      ,746,125,871,746,125,871
00344800,UNIVERSITY OF SOUTH CAROLINA            ,SC,29208-3999,Public       ,20907,6060,26967,20907,6060,26967
00344900,UNIVERSITY OF SOUTH CAROLINA AIKEN      ,SC,29801-6399,Public       ,1967,620,2587,1967,620,2587
00345000,UNIV OF SC AT BEAUFORT                  ,SC,29902-0000,Public       ,1153,496,1649,1153,496,1649
00345100,COASTAL CAROLINA UNIVERSITY             ,SC,29528-0000,Public       ,9803,1467,11270,9803,1467,11270
00345300,UNIV OF SC AT LANCASTER                 ,SC,29721-0889,Public       ,559,300,859,559,300,859
00345400,UNIV OF SC SYSTEM SALKEHATCHIE          ,SC,29810-0617,Public       ,258,237,495,258,237,495
00345500,VOORHEES COLLEGE                        ,SC,29042-0000,Private      ,318,107,425,318,107,425
00345600,WINTHROP UNIVERSITY                     ,SC,29733-0001,Public       ,4499,1015,5514,4499,1015,5514
00345700,WOFFORD COLLEGE                         ,SC,29303-3663,Private      ,2345,117,2462,2345,117,2462
00399000,FLORENCE-DARLINGTON TECH COLLEGE        ,SC,29501-0548,Public       ,1029,1768,2797,1029,1768,2797
00399100,GREENVILLE TECHNICAL COLLEGE            ,SC,29607-2439,Public       ,2824,3573,6397,2824,3573,6397
00399200,PIEDMONT TECHNICAL COLLEGE              ,SC,29648-1467,Public       ,773,1517,2290,773,1517,2290
00399300,MIDLANDS TECHNICAL COLLEGE              ,SC,29202-0000,Public       ,2532,3878,6410,2532,3878,6410
00399400,SPARTANBURG COMMUNITY COLLEGE           ,SC,29305-4386,Public       ,1260,1790,3050,1260,1790,3050
00399500,CENTRAL CAROLINA TECHNICAL COLLEGE      ,SC,29150-2499,Public       ,473,1177,1650,473,1177,1650
00399600,YORK TECHNICAL COLLEGE                  ,SC,29730-3395,Public       ,947,1530,2477,947,1530,2477
00492000,TRIDENT TECHNICAL COLLEGE               ,SC,29423-8067,Public       ,2015,4364,6379,2015,4364,6379
00492300,CLINTON JR COLLEGE                      ,SC,29730-5152,Private      ,52,52,104,52,52,104
00492400,FORREST JUNIOR COLLEGE                  ,SC,29624-2405,Proprietary  ,16,101,117,16,101,117
00492500,HORRY-GEORGETOWN TECH COLLEGE           ,SC,29526-9521,Public       ,1361,2496,3857,1361,2496,3857
00492600,TRI-COUNTY TECHNICAL COLLEGE            ,SC,29670-9133,Public       ,1777,1370,3147,1777,1370,3147
00492700,UNIV OF SC AT UNION                     ,SC,29379-0729,Public       ,129,110,239,129,110,239
00499204,MILLER-MOTTE TECHNICAL COLLEGE - CONWAY ,SC,29526-9508,Proprietary  ,133,418,551,133,418,551
00536300,DENMARK TECHNICAL COLLEGE               ,SC,29042-0000,Public       ,165,326,491,165,326,491
00681500,ORANGEBURG-CALHOUN TECHNICAL COLG       ,SC,29118-8299,Public       ,505,714,1219,505,714,1219
00695100,UNIVERSITY OF SOUTH CAROLINA UPSTATE    ,SC,29303-9972,Public       ,3943,1379,5322,3943,1379,5322
00760200,NORTHEASTERN TECHNICAL COLLEGE          ,SC,29520-7015,Public       ,195,304,499,195,304,499
00922600,FRANCIS MARION UNIVERSITY               ,SC,29501-0000,Public       ,2726,805,3531,2726,805,3531
00932200,WILLIAMSBURG TECHNICAL COLLEGE          ,SC,29556-4197,Public       ,93,177,270,93,177,270
00991000,TECHNICAL COLLEGE OF THE LOWCOUNTRY     ,SC,29902-5441,Public       ,332,1009,1341,332,1009,1341
00991100,UNIV OF SC-REGIONAL CAMPUSES ADMIN      ,SC,29208-0001,Public       ,144,137,281,144,137,281
01005600,AIKEN TECHNICAL COLLEGE                 ,SC,29802-0696,Public       ,545,1055,1600,545,1055,1600
01179901,PAUL MITCHELL THE SCHOOL COLUMBIA       ,SC,29201-3126,Proprietary  ,5,9,14,5,9,14
01179902,PAUL MITCHELL THE SCHOOL CHARLESTON     ,SC,29418-6993,Proprietary  ,4,6,10,4,6,10
01209200,KENNETH SHULER SCHOOL OF COSMETOLOGY    ,SC,29732-2169,Proprietary  ,31,92,123,31,92,123
01303907,SOUTH UNIVERSITY                        ,SC,29203-6400,Proprietary  ,186,853,1039,186,853,1039
02063700,SHERMAN CLG STRAIGHT CHIROPRACTIC       ,SC,29316-0000,Private      ,5,127,132,5,127,132
02338600,CHARZANNE BEAUTY COLLEGE                ,SC,29649-0000,Proprietary  ,6,18,24,6,18,24
02341100,KENNETH SHULER SCHOOL OF COSMETOLOGY & N,SC,29210-0000,Proprietary  ,68,152,220,68,152,220
02356600,CHARLESTON COSMETOLOGY INSTITUTE        ,SC,29420-0000,Proprietary  ,23,46,69,23,46,69
02359802,ITT TECHNICAL INSTITUTE -               ,SC,29615-4506,Proprietary  ,0,1,1,0,1,1
02552400,ACADEMY OF HAIR TECHNOLOGY              ,SC,29615-2363,Proprietary  ,11,50,61,11,50,61
02567600,SUMTER BEAUTY COLLEGE                   ,SC,29150-0000,Proprietary  ,10,34,44,10,34,44
02614202,MILLER - MOTTE TECHNICAL COLLEGE - NORTH,SC,29406-9239,Proprietary  ,92,350,442,92,350,442
03010614,VIRGINIA COLLEGE - GOLF ACADEMY OF AMERI,SC,29579-0000,Proprietary  ,64,72,136,64,72,136
03010617,VIRGINIA COLLEGE - GREENVILLE           ,SC,29607-7200,Proprietary  ,66,289,355,66,289,355
03010620,VIRGINIA COLLEGE - CHARLESTON           ,SC,29406-4999,Proprietary  ,58,259,317,58,259,317
03010621,VIRGINIA COLLEGE - COLUMBIA             ,SC,29223-7527,Proprietary  ,67,340,407,67,340,407
03052300,KENNETH SHULER SCH COSM & HAIR DESG     ,SC,29841-2013,Proprietary  ,14,61,75,14,61,75
03088300,ACADEMY OF COSMETOLOGY                  ,SC,29418-5667,Proprietary  ,8,15,23,8,15,23
03293300,STRAND COLLEGE OF HAIR DESIGN           ,SC,29572-4310,Proprietary  ,10,35,45,10,35,45
03304300,CENTURA COLLEGE                         ,SC,29406-9235,Proprietary  ,32,189,221,32,189,221
03513300,LACY COSMETOLOGY SCHOOL                 ,SC,29803-9084,Proprietary  ,5,12,17,5,12,17
03513301,LACY COSMETOLOGY SCHOOL -               ,SC,29072-0000,Proprietary  ,3,13,16,3,13,16
03513302,LACY COSMETOLOGY SCHOOL -               ,SC,29445-0000,Proprietary  ,0,11,11,0,11,11
03709301,EDWARD VIA VIRGINIA COLLEGE OF OSTEOPATH,SC,29303-3639,Private      ,5,236,241,5,236,241
03746300,LEGRAND INSTITUTE OF COSMETOLOGY        ,SC,29020-0000,Proprietary  ,5,20,25,5,20,25
03746400,SOUTHEASTERN INSTITUTE                  ,SC,29210-0000,Proprietary  ,22,99,121,22,99,121
03768400,STYLETRENDS BARBER AND HAIRSTYLING ACADE,SC,29730-4511,Proprietary  ,7,24,31,7,24,31
03856400,W. L. BONNER COLLEGE                    ,SC,29203-0000,Private      ,4,37,41,4,37,41
04083300,MARION COUNTY TECHNICAL EDUCATION CENTER,SC,29571-0000,Public       ,12,65,77,12,65,77
04096300,CHARLESTON SCHOOL OF LAW                ,SC,29402-0535,Proprietary  ,27,534,561,27,534,561
04158100,AIKEN SCHOOL OF COSMETOLOGY             ,SC,29801-4026,Proprietary  ,10,23,33,10,23,33
04166900,COSMETIC ARTS INSTITUTE                 ,SC,29488-2753,Proprietary  ,7,3,10,7,3,10
04172600,SALON 496 BARBER ACADEMY                ,SC,29607-2548,Proprietary  ,7,41,48,7,41,48
04192600,PALMETTO BEAUTY SCHOOL                  ,SC,29307-1424,Proprietary  ,13,31,44,13,31,44
04202900,JOLEI'S HAIR INSTITUTE                  ,SC,29114-9337,Proprietary  ,0,19,19,0,19,19
00345800,AUGUSTANA COLLEGE                       ,SD,57197-0001,Private      ,1072,92,1164,1072,92,1164
00345900,BLACK HILLS STATE UNIVERSITY            ,SD,57799-9670,Public       ,1288,637,1925,1288,637,1925
00346100,DAKOTA WESLEYAN UNIVERSITY              ,SD,57301-4398,Private      ,503,124,627,503,124,627
00346300,DAKOTA STATE UNIVERSITY                 ,SD,57042-1799,Public       ,714,346,1060,714,346,1060
00346500,MOUNT MARTY COLLEGE                     ,SD,57078-3724,Private      ,340,192,532,340,192,532
00346600,NORTHERN STATE UNIVERSITY               ,SD,57401-7198,Public       ,1255,369,1624,1255,369,1624
00346700,PRESENTATION COLLEGE                    ,SD,57401-1299,Private      ,378,199,577,378,199,577
00346900,UNIVERSITY OF SIOUX FALLS               ,SD,57105-1699,Private      ,1062,257,1319,1062,257,1319
00347000,SOUTH DAKOTA SCH OF MINES & TECH        ,SD,57701-3995,Public       ,1342,272,1614,1342,272,1614
00347100,SOUTH DAKOTA STATE UNIVERSITY           ,SD,57007-2298,Public       ,4758,1230,5988,4758,1230,5988
00347400,UNIVERSITY OF SOUTH DAKOTA              ,SD,57069-2390,Public       ,3226,1869,5095,3226,1869,5095
00405600,SIOUX FALLS SEMINARY                    ,SD,57105-2729,Private      ,2,19,21,2,19,21
00405700,NATIONAL AMERICAN UNIVERSITY            ,SD,57701-3692,Proprietary  ,147,2431,2578,147,2431,2578
00405707,NATIONAL AMERICAN UNIVERSITY            ,SD,57105-0000,Proprietary  ,29,347,376,29,347,376
00492900,MCKENNAN HOSP-RADOLOGICAL TECH          ,SD,57101-0000,Private      ,14,13,27,14,13,27
00530900,LAKE AREA TECHNICAL INSTITUTE           ,SD,57201-0730,Public       ,505,220,725,505,220,725
00598700,AVERA SACRED HEART HOSPITAL SCHOOL OF RA,SD,57078-3899,Private      ,3,6,9,3,6,9
00776400,SOUTHEAST TECHNICAL INST                ,SD,57107-0000,Public       ,544,544,1088,544,544,1088
00828400,MITCHELL TECHNICAL INSTITUTE            ,SD,57301-9931,Public       ,319,129,448,319,129,448
01013800,STEWART SCHOOL                          ,SD,57104-0000,Proprietary  ,53,33,86,53,33,86
01014804,COLORADO TECHNICAL UNIVERSITY           ,SD,57108-2272,Proprietary  ,40,195,235,40,195,235
01017000,WESTERN DAKOTA TECHNICAL INSTITUTE      ,SD,57701-4018,Public       ,158,300,458,158,300,458
01147701,SIOUX VALLEY HOSP-MEDICAL TECH          ,SD,57117-5039,Private      ,13,9,22,13,9,22
01465900,OGLALA LAKOTA COLLEGE                   ,SD,57752-0490,Public       ,68,244,312,68,244,312
02137100,BLACK HILLS BEAUTY COLLEGE              ,SD,57701-0000,Proprietary  ,37,44,81,37,44,81
02143700,SINTE GLESKA UNIVERSITY                 ,SD,57570-0000,Public       ,27,98,125,27,98,125
02144600,KILIAN COMMUNITY COLLEGE                ,SD,57103-7020,Private      ,34,106,140,34,106,140
02277300,SISSETON WAHPETON COLLEGE               ,SD,57262-0000,Public       ,6,30,36,6,30,36
02297800,HEADLINES ACADEMY                       ,SD,57701-0000,Proprietary  ,16,33,49,16,33,49
00347700,AQUINAS COLLEGE                         ,TN,37205-2086,Private      ,242,408,650,242,408,650
00347800,AUSTIN PEAY STATE UNIVERSITY            ,TN,37044-0002,Public       ,5947,3654,9601,5947,3654,9601
00347900,BELMONT UNIVERSITY                      ,TN,37212-3757,Private      ,6554,2007,8561,6554,2007,8561
00348000,BETHEL UNIVERSITY                       ,TN,38201-1705,Private      ,1804,3809,5613,1804,3809,5613
00348100,CARSON-NEWMAN COLLEGE                   ,TN,37760-2204,Private      ,2983,387,3370,2983,387,3370
00348200,CHRISTIAN BROTHERS UNIVERSITY           ,TN,38104-5581,Private      ,1970,1125,3095,1970,1125,3095
00348300,COLUMBIA STATE COMMUNITY COLLEGE        ,TN,38401-5653,Public       ,1917,1482,3399,1917,1482,3399
00348500,CUMBERLAND UNIVERSITY                   ,TN,37087-3554,Private      ,1205,485,1690,1205,485,1690
00348600,LIPSCOMB UNIVERSITY                     ,TN,37204-3951,Private      ,3189,1142,4331,3189,1142,4331
00348700,EAST TENNESSEE STATE UNIV - MAIN CAMPUS ,TN,37614-2857,Public       ,8705,4366,13071,8705,4366,13071
00348701,EAST TENNESSEE STATE UNIV - MEDICINE    ,TN,37614-1708,Public       ,286,332,618,286,332,618
00348709,EAST TENNESSEE STATE UNIV - PHARMACY    ,TN,37614-1704,Public       ,119,254,373,119,254,373
00349000,FISK UNIVERSITY                         ,TN,37208-3045,Private      ,1357,386,1743,1357,386,1743
00349200,FREED-HARDEMAN UNIVERSITY               ,TN,38340-2399,Private      ,1270,312,1582,1270,312,1582
00349400,HIWASSEE COLLEGE                        ,TN,37354-4001,Private      ,239,67,306,239,67,306
00349500,JOHNSON UNIVERSITY                      ,TN,37998-9775,Private      ,733,270,1003,733,270,1003
00349600,KING COLLEGE                            ,TN,37620-2699,Private      ,1066,1071,2137,1066,1071,2137
00349900,LANE COLLEGE                            ,TN,38301-4598,Private      ,1422,604,2026,1422,604,2026
00350000,LEE UNIVERSITY                          ,TN,37320-0000,Private      ,2866,778,3644,2866,778,3644
00350100,LEMOYNE-OWEN COLLEGE                    ,TN,38126-6510,Private      ,1269,1403,2672,1269,1403,2672
00350200,LINCOLN MEMORIAL UNIVERSITY             ,TN,37752-7920,Private      ,1442,1972,3414,1442,1972,3414
00350400,MARTIN METHODIST COLLEGE                ,TN,38478-2799,Private      ,868,289,1157,868,289,1157
00350500,MARYVILLE COLLEGE                       ,TN,37804-5907,Private      ,1902,216,2118,1902,216,2118
00350600,MEHARRY MEDICAL COLLEGE                 ,TN,37208-0000,Private      ,73,850,923,73,850,923
00350700,MEMPHIS COLLEGE OF ART                  ,TN,38104-2764,Private      ,579,217,796,579,217,796
00350900,UNIVERSITY OF MEMPHIS (THE)             ,TN,38152-4611,Public       ,12928,9531,22459,12928,9531,22459
00351000,MIDDLE TENNESSEE STATE UNIV             ,TN,37130-0000,Public       ,16505,6442,22947,16505,6442,22947
00351100,MILLIGAN COLLEGE                        ,TN,37682-4001,Private      ,995,388,1383,995,388,1383
00351700,SOUTHERN COLLEGE OF OPTOMETRY           ,TN,38104-2222,Private      ,57,536,593,57,536,593
00351800,SOUTHERN ADVENTIST UNIVERSITY           ,TN,37315-0370,Private      ,1902,470,2372,1902,470,2372
00351900,RHODES COLLEGE                          ,TN,38112-1690,Private      ,2783,381,3164,2783,381,3164
00352200,TENNESSEE STATE UNIVERSITY              ,TN,37209-1561,Public       ,8040,4619,12659,8040,4619,12659
00352300,TENNESSEE TECHNOLOGICAL UNIV            ,TN,38505-0001,Public       ,8595,1979,10574,8595,1979,10574
00352400,TENNESSEE TEMPLE UNIVERSITY             ,TN,37404-3587,Private      ,272,272,544,272,272,544
00352500,TENNESSEE WESLEYAN COLLEGE              ,TN,37371-0040,Private      ,933,431,1364,933,431,1364
00352600,TREVECCA NAZARENE UNIVERSITY            ,TN,37210-2877,Private      ,1193,862,2055,1193,862,2055
00352700,TUSCULUM COLLEGE                        ,TN,37743-0001,Private      ,2016,1128,3144,2016,1128,3144
00352800,UNION UNIVERSITY                        ,TN,38305-3697,Private      ,2374,1645,4019,2374,1645,4019
00352900,UNIVERSITY OF TENNESSEE-CHATTANOOGA     ,TN,37403-2598,Public       ,11969,2952,14921,11969,2952,14921
00353000,UNIVERSITY OF TENNESSEE-KNOXVILLE       ,TN,37996-0150,Public       ,23133,5930,29063,23133,5930,29063
00353006,UNIVERSITY OF TENNESSEE-HEALTH SCI CTR  ,TN,38103-0000,Public       ,453,1926,2379,453,1926,2379
00353100,UNIVERSITY OF TENNESSEE-MARTIN          ,TN,38238-0002,Public       ,6221,2075,8296,6221,2075,8296
00353400,UNIVERSITY OF THE SOUTH                 ,TN,37383-1000,Private      ,2313,91,2404,2313,91,2404
00353500,VANDERBILT UNIVERSITY                   ,TN,37240-0001,Private      ,17860,5033,22893,17860,5033,22893
00353501,VANDERBILT UNIV MED CTR ALLIEDHEAL      ,TN,37232-5510,Private      ,139,455,594,139,455,594
00353502,VANDERBILT UNIVERSITY - SCHOOL OF MEDICI,TN,37232-0000,Private      ,47,27,74,47,27,74
00353600,BRYAN COLLEGE                           ,TN,37321-7000,Private      ,1023,422,1445,1023,422,1445
00399800,CHATTANOOGA STATE COMMUNITY COLLEGE     ,TN,37406-1097,Public       ,3143,3785,6928,3143,3785,6928
00399900,CLEVELAND STATE COMMUNITY COLLEGE       ,TN,37312-2858,Public       ,1478,1126,2604,1478,1126,2604
00402500,TN TECHNOLOGY CTR AT KNOXVILLE          ,TN,37919-2327,Public       ,396,787,1183,396,787,1183
00402600,TENNESSEE TECH. CNTR AT CROSSVILLE      ,TN,38555-4142,Public       ,419,340,759,419,340,759
00461700,NATIONAL COLLEGE OF BUSINESS & TECH     ,TN,37211-6605,Proprietary  ,154,1052,1206,154,1052,1206
00493400,DAYMAR INSTITUTE                        ,TN,37217-1056,Proprietary  ,67,307,374,67,307,374
00493401,DAYMAR INSTITUTE - CLARKSVILLE          ,TN,37040-6718,Proprietary  ,76,380,456,76,380,456
00493404,DAYMAR INSTITUTE - MURFREESBORO         ,TN,37128-5508,Proprietary  ,82,271,353,82,271,353
00493700,JACKSON STATE COMMUNITY COLLEGE         ,TN,38301-3797,Public       ,2180,2064,4244,2180,2064,4244
00493800,SOUTH COLLEGE                           ,TN,37909-3323,Proprietary  ,362,950,1312,362,950,1312
00494700,WEST TENNESSEE BUSINESS COLLEGE         ,TN,38301-3256,Proprietary  ,84,291,375,84,291,375
00528000,TN TECHNOLOGY CTR AT COVINGTON          ,TN,38019-0249,Public       ,74,176,250,74,176,250
00528100,TN TECHNOLOGY CTR AT ELIZABETHTON       ,TN,37643-0789,Public       ,191,394,585,191,394,585
00528200,TN TECHNOLOGY CTR AT HARTSVILLE         ,TN,37074-0000,Public       ,145,160,305,145,160,305
00528300,TN TECHNOLOGY CTR AT NEWBERN            ,TN,38059-1198,Public       ,85,250,335,85,250,335
00530700,TN TECHNOLOGY CTR AT MCMINNVILLE        ,TN,37110-1322,Public       ,123,182,305,123,182,305
00535100,TENNESSEE TECHNOLOGY CENTER AT MORRISTOW,TN,37813-2094,Public       ,329,543,872,329,543,872
00535200,TN TECHNOLOGY CENTER AT MCKENZIE        ,TN,38201-1620,Public       ,82,163,245,82,163,245
00535300,TN TECHNOLOGY CENTER AT LIVINGSTON      ,TN,38570-0219,Public       ,158,204,362,158,204,362
00535400,TN TECHNOLOGY CTR AT JACKSON            ,TN,38301-0000,Public       ,320,618,938,320,618,938
00535600,TENNESSEE TECHNOLOGY CENTER AT HOHENWALD,TN,38462-0000,Public       ,144,181,325,144,181,325
00535700,TENNESSEE TECHNOLOGY CENTER AT CRUMP    ,TN,38327-3402,Public       ,109,202,311,109,202,311
00535800,TN TECHNOLOGY CENTER AT ATHENS          ,TN,37371-0848,Public       ,177,215,392,177,215,392
00535900,TENNESSEE TECHNOLOGY CENTER AT NASHVILLE,TN,37209-0000,Public       ,401,810,1211,401,810,1211
00536000,TENNESSEE TECHNOLOGY CENTER AT MEMPHIS  ,TN,38105-3604,Public       ,737,1316,2053,737,1316,2053
00537800,NORTHEAST STATE COMMUNITY COLLEGE       ,TN,37617-0246,Public       ,2168,2176,4344,2168,2176,4344
00537900,TN TECHNOLOGY CTR AT SHELBYVILLE        ,TN,37160-3697,Public       ,160,278,438,160,278,438
00683500,DYERSBURG STATE COMMUNITY COLLEGE       ,TN,38024-0000,Public       ,1148,1482,2630,1148,1482,2630
00683600,MOTLOW STATE COMMUNITY COLLEGE          ,TN,37388-7972,Public       ,1837,1360,3197,1837,1360,3197
00732941,ITT TECHNICAL INSTITUTE                 ,TN,37932-3343,Proprietary  ,345,677,1022,345,677,1022
00732958,ITT TECHNICAL INSTITUTE                 ,TN,37214-3717,Proprietary  ,272,559,831,272,559,831
00743900,FOUNTAINHEAD COLLEGE OF TECHNOLOGY      ,TN,37918-2583,Proprietary  ,119,249,368,119,249,368
00778200,TENNESSEE TECHNOLOGY CENTER AT DICKSON  ,TN,37055-0000,Public       ,195,405,600,195,405,600
00778300,MIDDLE TENNESSEE SCH OF ANESTHESIA      ,TN,37116-0000,Private      ,15,75,90,15,75,90
00793803,NASHVILLE AUTO DIESEL COLLEGE - NASHVILL,TN,37206-3210,Proprietary  ,1141,361,1502,1141,361,1502
00814500,NASHVILLE STATE TECH CMNTY COLLEGE      ,TN,37209-0000,Public       ,2481,3896,6377,2481,3896,6377
00865500,GENESIS CAREER COLLEGE OF COOKEVILLE    ,TN,38501-1959,Proprietary  ,47,112,159,47,112,159
00885900,JOHN A GUPTON COLLEGE                   ,TN,37203-2934,Private      ,58,102,160,58,102,160
00886300,WALTERS STATE COMMUNITY COLLEGE         ,TN,37813-6899,Public       ,3366,2133,5499,3366,2133,5499
00946400,TN TECHNOLOGY CTR AT PULASKI            ,TN,38478-4541,Public       ,71,120,191,71,120,191
00956700,TENNESSEE SCHOOL OF BEAUTY              ,TN,37921-3303,Proprietary  ,115,182,297,115,182,297
00971000,TENNESSEE TECHNOLOGY CENTER AT ONEIDA/HU,TN,37756-4149,Public       ,43,64,107,43,64,107
00991200,VOLUNTEER STATE COMMUNITY COLLEGE       ,TN,37066-3188,Public       ,2475,2081,4556,2475,2081,4556
00991400,ROANE STATE COMMUNITY COLLEGE           ,TN,37748-8664,Public       ,2904,2138,5042,2904,2138,5042
00998200,VICTORY UNIVERSITY                      ,TN,38111-4745,Proprietary  ,488,1467,1955,488,1467,1955
01032600,TN TECHNOLOGY CTR AT HARRIMAN           ,TN,37748-1109,Public       ,93,112,205,93,112,205
01043900,SOUTHWEST TENNESSEE COMMUNITY COLLG     ,TN,38104-3322,Public       ,5449,6946,12395,5449,6946,12395
01044700,"PLAZA BEAUTY SCHOOL, INC.               ",TN,38117-4822,Proprietary  ,88,139,227,88,139,227
01046000,AMERICAN BAPTIST THEOLOGICAL SEMINA     ,TN,37207-4994,Private      ,32,94,126,32,94,126
01052900,MEMPHIS THEOLOGICAL SEMINARY            ,TN,38104-0000,Private      ,17,117,134,17,117,134
01070000,TN TECHNOLOGY CENTER AT JACKSBORO       ,TN,37757-2461,Public       ,78,137,215,78,137,215
01155300,WM R MOORE COLLEGE OF TECHNOLOGY        ,TN,38104-0000,Private      ,70,179,249,70,179,249
01216400,TENNESSEE TECHNICAL CNTR AT RIPLEY      ,TN,38063-7359,Public       ,43,140,183,43,140,183
01254700,EMMANUEL SCHOOL OF RELIGION             ,TN,37601-0000,Private      ,4,18,22,4,18,22
01269300,PELLISSIPPI STATE COMMUNITY COLLEGE     ,TN,37933-0990,Public       ,4550,2775,7325,4550,2775,7325
02069303,VATTEROTT COLLEGE -                     ,TN,38016-5877,Proprietary  ,49,95,144,49,95,144
02092800,TENNESSEE TECHNOLOGY CENTER AT WHITEVILL,TN,38075-0000,Public       ,65,150,215,65,150,215
02103500,TN TECHNOLOGY CTR AT MURFREESBORO       ,TN,37129-0000,Public       ,183,331,514,183,331,514
02106400,O'MORE COLLEGE OF DESIGN                ,TN,37064-0000,Private      ,120,51,171,120,51,171
02125300,NASHVILLE CLG OF MEDICAL CAREERS        ,TN,37115-0000,Proprietary  ,22,55,77,22,55,77
02153100,JON NAVE UNIVERSITY OF COSMETOLOGY      ,TN,37013-3347,Proprietary  ,82,87,169,82,87,169
02157100,CONCORDE CAREER COLLEGE                 ,TN,38137-0000,Proprietary  ,413,1241,1654,413,1241,1654
02160307,INTERNATIONAL ACADEMY OF DESIGN & TECH  ,TN,37212-0000,Proprietary  ,119,144,263,119,144,263
02188300,PENTECOSTAL THEOLOGICAL SEMINARY        ,TN,37320-0000,Private      ,1,58,59,1,58,59
02204200,"CHATTANOOGA COLLEGE - MEDICAL, DENTAL AN",TN,37411-0000,Proprietary  ,131,355,486,131,355,486
02237900,TN TECHNOLOGY CENTER AT PARIS           ,TN,38242-0000,Public       ,85,268,353,85,268,353
02255000,KNOXVILLE INSTITUTE OF HAIR DESIGN      ,TN,37917-0000,Proprietary  ,51,116,167,51,116,167
02257400,ARNOLD'S BEAUTY SCHOOL                  ,TN,38358-0000,Proprietary  ,30,33,63,30,33,63
02263104,ANTHEM COLLEGE - ANTHEM CAREER COLLEGE -,TN,37214-2531,Proprietary  ,84,192,276,84,192,276
02275500,REUBEN-ALLEN COLLEGE                    ,TN,37922-0000,Proprietary  ,50,91,141,50,91,141
02278700,MR WAYNES SCH OF UNISEX HAIR DESIGN     ,TN,38501-0000,Proprietary  ,11,19,30,11,19,30
02293900,VOLUNTEER BEAUTY ACADEMY-NASHVILLE      ,TN,37115-2112,Proprietary  ,5,22,27,5,22,27
02294000,VOLUNTEER BEAUTY ACADEMY-DYERSBURG      ,TN,38024-1622,Proprietary  ,14,30,44,14,30,44
02326200,KAPLAN CAREER INSTITUTE                 ,TN,37212-5318,Proprietary  ,94,404,498,94,404,498
02326300,MEDVANCE INSTITUTE                      ,TN,38501-4305,Proprietary  ,53,105,158,53,105,158
02335900,VOLUNTEER BEAUTY ACADEMY-NASHVILLE      ,TN,37209-3033,Proprietary  ,33,46,79,33,46,79
02539800,QUEEN CITY COLLEGE                      ,TN,37042-0000,Proprietary  ,32,106,138,32,106,138
02540000,TENNESSEE ACADEMY OF COSMETOLOGY        ,TN,38133-0000,Proprietary  ,103,158,261,103,158,261
02578200,NOSSI COLLEGE OF ART                    ,TN,37115-5138,Proprietary  ,241,162,403,241,162,403
02595000,FAYETTEVILLE BEAUTY SCHOOL              ,TN,37334-2909,Proprietary  ,8,14,22,8,14,22
02599710,VATTEROTT COLLEGE - MEMPHIS             ,TN,38132-1714,Proprietary  ,261,814,1075,261,814,1075
02605501,REMINGTON COLLEGE - MEMPHIS CAMPUS      ,TN,38132-0000,Private      ,385,866,1251,385,866,1251
02609204,VATTEROTT COLLEGE - VATTEROTT CAREER COL,TN,38133-4727,Proprietary  ,182,481,663,182,481,663
02614200,MILLER MOTTE BUSINESS COLLEGE           ,TN,37040-6023,Proprietary  ,86,364,450,86,364,450
02614203,MILLER - MOTTE TECHNICAL COLLEGE - CHATT,TN,37421-7220,Proprietary  ,113,323,436,113,323,436
02614204,MILLER - MOTTE TECHNICAL COLLEGE - MADIS,TN,37072-1870,Proprietary  ,54,181,235,54,181,235
03001800,FREE WILL BAPTIST BIBLE COLLEGE         ,TN,37205-2498,Private      ,121,65,186,121,65,186
03008800,FRANKLIN ACADEMY                        ,TN,37312-3939,Private      ,12,30,42,12,30,42
03010606,VIRGINIA COLLEGE - SCH OF BUSNSS & HLTH ,TN,37411-5600,Proprietary  ,101,378,479,101,378,479
03024900,TENNESSEE ACADEMY OF COSMETOLOGY        ,TN,38125-3442,Proprietary  ,100,146,246,100,146,246
03061100,GENESIS CAREER COLLEGE OF LEBANON       ,TN,37087-2718,Proprietary  ,17,58,75,17,58,75
03076405,BRYMAN SCHOOL OF ARIZONA (THE) - ANTHEM ,TN,38134-7345,Proprietary  ,35,119,154,35,119,154
03079100,NORTH CENTRAL INSTITUTE                 ,TN,37042-3116,Proprietary  ,12,63,75,12,63,75
03088800,"WATKINS COLLEGE OF ART, DESIGN & FILM   ",TN,37228-1306,Private      ,420,160,580,420,160,580
03126900,STYLES & PROFILES BEAUTY COLLEGE        ,TN,38375-2109,Proprietary  ,9,9,18,9,9,18
03355400,RICHMONT GRADUATE UNIVERSITY            ,TN,37404-0000,Private      ,3,90,93,3,90,93
03440300,BAPTIST MEMORIAL COLLEGE OF HEALTH      ,TN,38104-3104,Private      ,937,1604,2541,937,1604,2541
03480303,MEDVANCE INSTITUTE - NASHVILLE          ,TN,37203-1536,Proprietary  ,37,169,206,37,169,206
03513500,WILLIAMSON CHRISTIAN COLLEGE            ,TN,37067-8237,Private      ,5,28,33,5,28,33
03647300,NEW CONCEPTS SCHOOL OF COSMETOLOGY      ,TN,37311-7373,Proprietary  ,10,26,36,10,26,36
03683300,INTERNATIONAL BARBER & STYLE COLLEGE    ,TN,37209-2205,Proprietary  ,22,52,74,22,52,74
03701300,MEMPHIS INSTITUTE OF BARBERING          ,TN,38107-4334,Proprietary  ,107,182,289,107,182,289
03774400,SHEAR ACADEMY                           ,TN,38555-4177,Proprietary  ,9,28,37,9,28,37
03830300,SAE INSTITUTE OF TECHNOLOGY             ,TN,37203-4310,Proprietary  ,53,79,132,53,79,132
03840300,OXFORD GRADUATE SCHOOL                  ,TN,37321-6736,Private      ,1,10,11,1,10,11
03841300,CAREER BEAUTY COLLEGE                   ,TN,38464-3634,Proprietary  ,6,14,20,6,14,20
03920300,INSTITUTE OF HAIR DESIGN                ,TN,38310-1801,Proprietary  ,8,16,24,8,16,24
03930300,BUCHANAN BEAUTY COLLEGE                 ,TN,37160-2741,Proprietary  ,11,29,40,11,29,40
03982300,VISIBLE SCHOOL - MUSIC AND WORSHIPS ARTS,TN,38104-5814,Private      ,71,50,121,71,50,121
04035300,TENNESSEE CAREER INSTITUTE              ,TN,38401-6335,Proprietary  ,40,83,123,40,83,123
04124100,ELITE COLLEGE OF COSMETOLOGY            ,TN,38351-1431,Proprietary  ,7,12,19,7,12,19
04157200,LOVE BEAUTY SCHOOL                      ,TN,37355-2950,Proprietary  ,8,15,23,8,15,23
04165000,MERIDIAN INSTITUTE OF SURGICAL ASSISTING,TN,37080-0758,Proprietary  ,7,78,85,7,78,85
04174600,NASHVILLE BARBER AND STYLE ACADEMY      ,TN,37208-2826,Proprietary  ,22,45,67,22,45,67
04210200,MID-SOUTH CHRISTIAN COLLEGE             ,TN,38118-3151,Private      ,1,12,13,1,12,13
04213800,SALON PROFESSIONAL ACADEMY (THE)        ,TN,37214-2163,Proprietary  ,45,39,84,45,39,84
00353700,ABILENE CHRISTIAN UNIVERSITY            ,TX,79699-3701,Private      ,4486,714,5200,4486,714,5200
00353900,ALVIN COMMUNITY COLLEGE                 ,TX,77511-4807,Public       ,662,1073,1735,662,1073,1735
00354000,AMARILLO COLLEGE                        ,TX,79109-2446,Public       ,1262,1788,3050,1262,1788,3050
00354100,ANGELO STATE UNIVERSITY                 ,TX,76909-5069,Public       ,3944,1342,5286,3944,1342,5286
00354300,AUSTIN COLLEGE                          ,TX,75090-4440,Private      ,1700,126,1826,1700,126,1826
00354400,AUSTIN PRESBYTERIAN THEOLOGICAL SEM     ,TX,78705-5797,Private      ,3,39,42,3,39,42
00354500,BAYLOR UNIVERSITY                       ,TX,76798-1458,Private      ,20959,3133,24092,20959,3133,24092
00354600,COASTAL BEND COLLEGE                    ,TX,78102-2197,Public       ,462,533,995,462,533,995
00354900,BLINN COLLEGE                           ,TX,77833-4098,Public       ,7194,2165,9359,7194,2165,9359
00355300,CISCO JUNIOR COLLEGE                    ,TX,76437-9803,Public       ,717,711,1428,717,711,1428
00355400,CLARENDON COLLEGE                       ,TX,79226-0000,Public       ,198,111,309,198,111,309
00355600,COMMONWEALTH INST OF FUNERAL SVC        ,TX,77090-5918,Private      ,29,184,213,29,184,213
00355700,CONCORDIA UNIVERSITY TEXAS              ,TX,78726-4141,Private      ,1066,783,1849,1066,783,1849
00355800,NORTH CENTRAL TEXAS COLLEGE             ,TX,76240-4699,Public       ,1366,1704,3070,1366,1704,3070
00356000,DALLAS BAPTIST UNIVERSITY               ,TX,75211-9299,Private      ,2039,1381,3420,2039,1381,3420
00356100,CEDAR VALLEY COLLEGE                    ,TX,75134-0000,Public       ,809,1381,2190,809,1381,2190
00356200,DALLAS THEOLOGICAL SEM                  ,TX,75204-0000,Private      ,24,320,344,24,320,344
00356300,DEL MAR COLLEGE                         ,TX,78404-3897,Public       ,2065,2450,4515,2065,2450,4515
00356400,EAST TEXAS BAPTIST UNIVERSITY           ,TX,75670-1423,Private      ,934,179,1113,934,179,1113
00356500,TEXAS A&M UNIVERSITY - COMMERCE         ,TX,75429-3011,Public       ,3800,2990,6790,3800,2990,6790
00356800,FRANK PHILLIPS COLLEGE                  ,TX,79008-0000,Public       ,127,121,248,127,121,248
00357000,GRAYSON COUNTY COLLEGE                  ,TX,75020-8299,Public       ,642,1068,1710,642,1068,1710
00357100,HARDIN-SIMMONS UNIVERSITY               ,TX,79698-6050,Private      ,1380,385,1765,1380,385,1765
00357200,TRINITY VALLEY COMMUNITY COLLEGE        ,TX,75751-2734,Public       ,991,1404,2395,991,1404,2395
00357300,HILL COLLEGE                            ,TX,76645-2711,Public       ,386,437,823,386,437,823
00357301,HILL COLLEGE                            ,TX,76031-0000,Public       ,358,606,964,358,606,964
00357400,HOWARD COLLEGE                          ,TX,79720-0213,Public       ,556,669,1225,556,669,1225
00357500,HOWARD PAYNE UNIVERSITY                 ,TX,76801-2715,Private      ,946,161,1107,946,161,1107
00357600,HOUSTON BAPTIST UNIVERSITY              ,TX,77074-3298,Private      ,3885,1496,5381,3885,1496,5381
00357700,HUSTON - TILLOTSON UNIVERSITY           ,TX,78702-2795,Private      ,717,412,1129,717,412,1129
00357800,UNIVERSITY OF THE INCARNATE WORD        ,TX,78209-6398,Private      ,4867,2990,7857,4867,2990,7857
00357900,JACKSONVILLE COLLEGE                    ,TX,75766-4759,Private      ,95,75,170,95,75,170
00358000,KILGORE COLLEGE                         ,TX,75662-3299,Public       ,1210,1345,2555,1210,1345,2555
00358100,LAMAR UNIVERSITY-BEAUMONT               ,TX,77710-0042,Public       ,4763,3301,8064,4763,3301,8064
00358200,LAREDO COMMUNITY COLLEGE                ,TX,78040-4395,Public       ,2797,1197,3994,2797,1197,3994
00358300,LEE COLLEGE                             ,TX,77520-4796,Public       ,635,1174,1809,635,1174,1809
00358400,LETOURNEAU UNIVERSITY                   ,TX,75607-0000,Private      ,1149,1002,2151,1149,1002,2151
00358600,LUBBOCK CHRISTIAN UNIVERSITY            ,TX,79407-2099,Private      ,787,563,1350,787,563,1350
00358800,UNIVERSITY OF MARY HARDIN-BAYLOR        ,TX,76513-2599,Private      ,3923,856,4779,3923,856,4779
00359000,MCLENNAN COMMUNITY COLLEGE              ,TX,76708-1498,Public       ,1987,2152,4139,1987,2152,4139
00359100,MCMURRY UNIVERSITY                      ,TX,79697-0001,Private      ,966,273,1239,966,273,1239
00359200,MIDWESTERN STATE UNIVERSITY             ,TX,76308-2099,Public       ,3078,1166,4244,3078,1166,4244
00359300,NAVARRO COLLEGE                         ,TX,75110-4818,Public       ,1835,1828,3663,1835,1828,3663
00359400,UNIVERSITY OF NORTH TEXAS               ,TX,76203-5017,Public       ,21535,9146,30681,21535,9146,30681
00359500,OBLATE SCHOOL OF THEOLOGY               ,TX,78216-0000,Private      ,4,27,31,4,27,31
00359600,ODESSA COLLEGE                          ,TX,79764-7127,Public       ,534,721,1255,534,721,1255
00359800,OUR LADY OF THE LAKE UNIVERSITY         ,TX,78207-4689,Private      ,2152,1474,3626,2152,1474,3626
00359900,UNIVERSITY OF TEXAS - PAN AMERICAN      ,TX,78541-2999,Public       ,14751,5661,20412,14751,5661,20412
00360000,PANOLA COLLEGE                          ,TX,75633-2397,Public       ,411,548,959,411,548,959
00360100,PARIS JR COLLEGE                        ,TX,75460-6298,Public       ,742,825,1567,742,825,1567
00360200,PAUL QUINN COLLEGE                      ,TX,75241-4398,Private      ,192,224,416,192,224,416
00360300,RANGER COLLEGE                          ,TX,76470-3298,Public       ,266,219,485,266,219,485
00360305,RANGER COLLEGE-STEPHENVILE BEAUTY COLLEG,TX,76401-5136,Public       ,24,32,56,24,32,56
00360400,RICE UNIVERSITY                         ,TX,77251-1892,Private      ,9257,1576,10833,9257,1576,10833
00360600,SAM HOUSTON STATE UNIVERSITY            ,TX,77340-0000,Public       ,13161,4250,17411,13161,4250,17411
00360700,ALAMO CMTY CLG DISTRICT PROGRAM         ,TX,78207-0000,Public       ,1125,1413,2538,1125,1413,2538
00360800,ST PHILLIPS COLLEGE                     ,TX,78203-2098,Public       ,2240,3611,5851,2240,3611,5851
00360900,SAN JACINTO CLG-CENTRAL-NORTH-SOUTH     ,TX,77501-0000,Public       ,3845,4996,8841,3845,4996,8841
00361000,SCHREINER UNIVERSITY                    ,TX,78028-5697,Private      ,1031,186,1217,1031,186,1217
00361100,SOUTH PLAINS COLLEGE                    ,TX,79336-6504,Public       ,1865,1551,3416,1865,1551,3416
00361200,UNIV OF HOUSTON-DOWNTOWN                ,TX,77002-1001,Public       ,6705,6935,13640,6705,6935,13640
00361300,SOUTHERN METHODIST UNIVERSITY           ,TX,75275-0181,Private      ,7144,2537,9681,7144,2537,9681
00361400,SOUTHWEST TEXAS JR COLLEGE              ,TX,78801-6221,Public       ,1047,735,1782,1047,735,1782
00361500,TEXAS STATE UNIVERSITY--SAN MARCOS      ,TX,78666-4602,Public       ,26339,8520,34859,26339,8520,34859
00361600,SOUTHWESTERN ASSEMBLIES OF GOD UNIV     ,TX,75165-2397,Private      ,790,380,1170,790,380,1170
00361800,SOUTHWESTERN CHRISTIAN COLLEGE          ,TX,75160-3400,Private      ,63,47,110,63,47,110
00361900,SOUTHWESTERN ADVENTIST UNIVERSITY       ,TX,76059-1922,Private      ,457,173,630,457,173,630
00362000,SOUTHWESTERN UNIVERSITY                 ,TX,78626-6111,Private      ,2307,183,2490,2307,183,2490
00362100,ST EDWARDS UNIVERSITY                   ,TX,78704-0000,Private      ,4371,1442,5813,4371,1442,5813
00362300,ST MARY'S UNIV OF SAN ANTONIO           ,TX,78228-8500,Private      ,4232,1798,6030,4232,1798,6030
00362400,STEPHEN F AUSTIN STATE UNIVERSITY       ,TX,75962-0001,Public       ,10189,2165,12354,10189,2165,12354
00362500,SUL ROSS STATE UNIVERSITY               ,TX,79832-0113,Public       ,917,594,1511,917,594,1511
00362600,TARRANT COUNTY COLLEGE                  ,TX,76102-6599,Public       ,7370,10627,17997,7370,10627,17997
00362700,TEMPLE COLLEGE                          ,TX,76504-7435,Public       ,944,1855,2799,944,1855,2799
00362800,TEXARKANA COLLEGE                       ,TX,75599-0001,Public       ,487,906,1393,487,906,1393
00363000,PRAIRIE VIEW A&M UNIVERSITY             ,TX,77446-2967,Public       ,7089,2503,9592,7089,2503,9592
00363100,TARLETON STATE UNIVERSITY               ,TX,76402-0000,Public       ,5579,2950,8529,5579,2950,8529
00363200,TEXAS A&M UNIVERSITY                    ,TX,77842-0000,Public       ,36273,6297,42570,36273,6297,42570
00363400,TEXAS STATE TECHNICAL CLG AT WACO       ,TX,76705-1695,Public       ,1183,1080,2263,1183,1080,2263
00363500,TEXAS CHIROPRACTIC COLLEGE              ,TX,77505-1699,Private      ,8,116,124,8,116,124
00363600,TEXAS CHRISTIAN UNIVERSITY              ,TX,76129-0001,Private      ,10960,2145,13105,10960,2145,13105
00363700,JARVIS CHRISTIAN COLLEGE                ,TX,75765-1470,Private      ,203,71,274,203,71,274
00363800,TEXAS COLLEGE                           ,TX,75702-4500,Private      ,419,340,759,419,340,759
00363900,TEXAS A&M UNIVERSITY-KINGSVILLE         ,TX,78363-8203,Public       ,7191,3502,10693,7191,3502,10693
00364100,TEXAS LUTHERAN UNIVERSITY               ,TX,78155-5999,Private      ,1332,157,1489,1332,157,1489
00364200,TEXAS SOUTHERN UNIVERSITY               ,TX,77004-4598,Public       ,5999,5070,11069,5999,5070,11069
00364400,TEXAS TECH UNIVERSITY                   ,TX,79409-2011,Public       ,19240,5320,24560,19240,5320,24560
00364500,TEXAS WESLEYAN UNIVERSITY               ,TX,76105-1536,Private      ,1041,1877,2918,1041,1877,2918
00364600,TEXAS WOMAN'S UNIVERSITY                ,TX,76204-5587,Public       ,6420,6741,13161,6420,6741,13161
00364700,TRINITY UNIVERSITY                      ,TX,78212-7200,Private      ,3008,471,3479,3008,471,3479
00364800,TYLER JUNIOR COLLEGE                    ,TX,75701-3436,Public       ,3541,2461,6002,3541,2461,6002
00365100,UNIVERSITY OF DALLAS                    ,TX,75062-4799,Private      ,1860,682,2542,1860,682,2542
00365200,UNIVERSITY OF HOUSTON                   ,TX,77204-2010,Public       ,22213,13171,35384,22213,13171,35384
00365400,UNIVERSITY OF ST THOMAS                 ,TX,77006-4626,Private      ,1145,1060,2205,1145,1060,2205
00365600,UNIVERSITY OF TEXAS-ARLINGTON           ,TX,76019-0000,Public       ,15960,12881,28841,15960,12881,28841
00365800,UNIVERSITY OF TEXAS-AUSTIN              ,TX,78713-7758,Public       ,40655,13949,54604,40655,13949,54604
00365900,UT HEALTH CENTER-SAN ANTONIO            ,TX,78229-3900,Public       ,896,2276,3172,896,2276,3172
00366100,UNIVERSITY OF TEXAS-EL PASO             ,TX,79968-0629,Public       ,11243,6132,17375,11243,6132,17375
00366200,VICTORIA COLLEGE                        ,TX,77901-4494,Public       ,662,882,1544,662,882,1544
00366300,WAYLAND BAPTIST UNIVERSITY              ,TX,79072-6998,Private      ,680,1381,2061,680,1381,2061
00366400,WEATHERFORD COLLEGE                     ,TX,76086-5699,Public       ,1000,1233,2233,1000,1233,2233
00366500,WEST TEXAS A&M UNIVERSITY               ,TX,79016-0000,Public       ,3496,1372,4868,3496,1372,4868
00366800,WHARTON COUNTY JR COLLEGE               ,TX,77488-3298,Public       ,1235,1128,2363,1235,1128,2363
00366900,WILEY COLLEGE                           ,TX,75670-5199,Private      ,595,250,845,595,250,845
00400300,CENTRAL TEXAS COLLEGE                   ,TX,76540-4199,Public       ,1216,6412,7628,1216,6412,7628
00407221,NORTHWOOD UNIVERSITY                    ,TX,75104-0000,Private      ,340,237,577,340,237,577
00445300,EL CENTRO COLLEGE                       ,TX,75202-3604,Public       ,2053,3936,5989,2053,3936,5989
00450303,EVEREST COLLEGE - FORT WORTH SOUTH      ,TX,76115-1407,Proprietary  ,64,253,317,64,253,317
00481102,EVEREST INSTITUTE - EVEREST COLLEGE     ,TX,76011-6630,Proprietary  ,60,233,293,60,233,293
00494800,TEXAS A&M UNIV SYSTEM HEALTH SCI CT     ,TX,77840-7896,Public       ,1306,1366,2672,1306,1366,2672
00494900,BAYLOR COLLEGE OF MEDICINE              ,TX,77030-0000,Private      ,537,1254,1791,537,1254,1791
00495100,UNIV OF TEXAS HEALTH SCIENCE CENTER     ,TX,77225-0000,Public       ,673,2432,3105,673,2432,3105
00495200,UNIV OF TEXAS MEDICAL BRANCH            ,TX,77550-0000,Public       ,469,1411,1880,469,1411,1880
00497200,GALVESTON COLLEGE                       ,TX,77550-7447,Public       ,399,615,1014,399,615,1014
00497700,SOUTH TEXAS COLLEGE OF LAW              ,TX,77002-0000,Private      ,52,1123,1175,52,1123,1175
00660600,BAPTIST HS SCHOOL OF HEALTH PROFESSIONS ,TX,78229-3234,Proprietary  ,117,590,707,117,590,707
00661200,COVENANT SCH OF NSG & ALLIED HEALTH     ,TX,79410-0000,Private      ,88,200,288,88,200,288
00666100,ANGELINA COLLEGE                        ,TX,75902-0000,Public       ,904,1121,2025,904,1121,2025
00694100,DALLAS CHRISTIAN COLLEGE                ,TX,75234-7229,Private      ,166,210,376,166,210,376
00709600,COLLEGE OF THE MAINLAND                 ,TX,77591-2499,Public       ,453,998,1451,453,998,1451
00728700,BRAZOSPORT COLLEGE                      ,TX,77566-3199,Public       ,477,563,1040,477,563,1040
00732907,ITT TECHNICAL INSTITUTE                 ,TX,77063-3751,Proprietary  ,197,418,615,197,418,615
00732913,ITT TECHNICAL INSTITUTE                 ,TX,76011-3919,Proprietary  ,111,260,371,111,260,371
00732975,ITT TECHNICAL INSTITUTE                 ,TX,78249-3303,Proprietary  ,133,282,415,133,282,415
00754805,WESTWOOD COLLEGE OF TECHNOLOGY          ,TX,77074-0000,Proprietary  ,31,112,143,31,112,143
00793804,LINCOLN COLLEGE OF TECHNOLOGY - GRAND PR,TX,75052-7605,Proprietary  ,236,172,408,236,172,408
00849800,MIMS CLASSIC BEAUTY COLLEGE             ,TX,78216-0000,Proprietary  ,12,33,45,12,33,45
00850300,MOUNTAIN VIEW COLLEGE                   ,TX,75211-6599,Public       ,1580,2012,3592,1580,2012,3592
00850400,RICHLAND COLLEGE                        ,TX,75243-2199,Public       ,2229,3003,5232,2229,3003,5232
00851000,EASTFIELD COLLEGE                       ,TX,75150-2099,Public       ,1729,2715,4444,1729,2715,4444
00907905,EVEREST COLLEGE                         ,TX,75206-5209,Proprietary  ,173,501,674,173,501,674
00908200,INTERNATIONAL BUSINESS COLLEGE          ,TX,79903-0000,Proprietary  ,47,93,140,47,93,140
00916300,SAN ANTONIO COLLEGE                     ,TX,78212-4299,Public       ,5550,6932,12482,5550,6932,12482
00922500,TEXAS STATE TECHNICAL COLLEGE  HARLINGEN,TX,78550-3697,Public       ,2177,1435,3612,2177,1435,3612
00946600,KAPLAN COLLEGE                          ,TX,78216-1899,Proprietary  ,130,449,579,130,449,579
00946607,KAPLAN COLLEGE - MCALLEN                ,TX,78503-1622,Proprietary  ,129,147,276,129,147,276
00946609,KAPLAN COLLEGE - CAREER CENTERS OF TEXAS,TX,78416-9900,Proprietary  ,72,229,301,72,229,301
00946610,KAPLAN COLLEGE - CAREER CENTERS OF TEXAS,TX,76103-2310,Proprietary  ,57,280,337,57,280,337
00954900,WESTERN TEXAS COLLEGE                   ,TX,79549-9501,Public       ,269,167,436,269,167,436
00965100,TEXAS A&M INTERNATIONAL UNIVERSITY      ,TX,78041-1900,Public       ,4135,1293,5428,4135,1293,5428
00974100,UNIVERSITY OF TEXAS AT DALLAS           ,TX,75083-0000,Public       ,8417,4721,13138,8417,4721,13138
00976800,UNIVERSITY OF NORTH TEXAS HEALTH SCIENCE,TX,76107-2699,Public       ,398,1657,2055,398,1657,2055
00979700,MIDLAND COLLEGE                         ,TX,79705-6397,Public       ,623,740,1363,623,740,1363
00982802,EVEREST INSTITUTE- AUSTIN               ,TX,78754-0000,Proprietary  ,110,275,385,110,275,385
00993000,UNIVERSITY OF TEXAS-PERMIAN BASIN       ,TX,79762-0001,Public       ,1023,933,1956,1023,933,1956
00993200,TEXAS STATE TECH CLG-WEST TEXAS         ,TX,79556-4108,Public       ,195,195,390,195,195,390
00993201,TEXAS STATE TECH COLLEGE-ABILENE        ,TX,79601-0000,Public       ,152,252,404,152,252,404
00993204,TEXAS STATE TECH CLG-BRECKENRIDGE       ,TX,76424-0000,Public       ,34,40,74,34,40,74
00993205,TEXAS STATE TECH COLLEGE-BROWNWOOD      ,TX,76801-0000,Public       ,50,96,146,50,96,146
01001900,UNIV OF TEXAS SOUTHWESTERN MED CTR      ,TX,75390-9096,Public       ,237,1620,1857,237,1620,1857
01005700,AMERICAN COMMERCIAL COLLEGE             ,TX,79602-1399,Proprietary  ,13,41,54,13,41,54
01005900,AMERICAN COMMERCIAL COLLEGE             ,TX,79761-0000,Proprietary  ,11,21,32,11,21,32
01005901,AMERICAN COMMERCIAL COLLEGE - AMERICAN C,TX,76310-2303,Proprietary  ,15,81,96,15,81,96
01006000,VERNON COLLEGE                          ,TX,76384-4092,Public       ,501,832,1333,501,832,1333
01011500,UNIVERSITY OF TEXAS-SAN ANTONIO         ,TX,78249-0600,Public       ,24488,9210,33698,24488,9210,33698
01013000,WADE COLLEGE                            ,TX,75207-3199,Proprietary  ,71,121,192,71,121,192
01038700,EL PASO COMMUNITY COLLEGE               ,TX,79998-0000,Public       ,7678,5806,13484,7678,5806,13484
01050900,HALLMARK COLLEGE OF AERONAUTICS         ,TX,78214-0000,Proprietary  ,49,231,280,49,231,280
01063300,HOUSTON COMMUNITY COLLEGE               ,TX,77002-0000,Public       ,9792,17884,27676,9792,17884,27676
01067400,TEXAS TECH U HEALTH SCIENCES CENTER     ,TX,79430-0000,Public       ,922,2501,3423,922,2501,3423
01076100,DALLAS INSTITUTE OF FUNERAL SERVICE     ,TX,75227-4314,Private      ,48,125,173,48,125,173
01114500,LONE STAR COLLEGE SYSTEM                ,TX,77073-3499,Public       ,8659,13868,22527,8659,13868,22527
01116100,TEXAS A&M UNIV CORPUS CHRISTI           ,TX,78412-5599,Public       ,8037,2637,10674,8037,2637,10674
01116300,UNIVERSITY OF TEXAS AT TYLER            ,TX,75799-6699,Public       ,3020,2087,5107,3020,2087,5107
01171100,UNIVERSITY OF HOUSTON-CLEAR LAKE        ,TX,77058-1002,Public       ,1185,3362,4547,1185,3362,4547
01201500,AUSTIN COMMUNITY COLLEGE                ,TX,78752-4390,Public       ,8741,9932,18673,8741,9932,18673
01202000,VICTORIA BEAUTY COLLEGE                 ,TX,77901-6233,Proprietary  ,9,29,38,9,29,38
01226800,BALDWIN BEAUTY SCHOOL #5                ,TX,78704-4785,Proprietary  ,63,137,200,63,137,200
01229700,LAREDO BEAUTY COLLEGE                   ,TX,78040-1051,Proprietary  ,51,62,113,51,62,113
01248300,COSMETOLOGY CAREER CENTER-A PAUL MITCHEL,TX,75006-2567,Proprietary  ,96,125,221,96,125,221
01248800,INTERNATIONAL BEAUTY COLLEGE NO 3       ,TX,75040-0000,Proprietary  ,6,16,22,6,16,22
01276400,METROPLEX BEAUTY SCHOOL                 ,TX,75149-0000,Proprietary  ,5,30,35,5,30,35
01293000,CHARLES & SUE'S SCH OF HAIR DESIGN      ,TX,77801-0000,Proprietary  ,26,33,59,26,33,59
01293200,TINT SCHOOL OF MAKEUP & COSMETOLOGY     ,TX,75061-4235,Proprietary  ,9,29,38,9,29,38
01300300,NEILSON BEAUTY COLLEGE                  ,TX,75208-4637,Proprietary  ,21,31,52,21,31,52
01301600,OGLE SCHOOL HAIR SKIN NAILS             ,TX,76013-7400,Proprietary  ,116,286,402,116,286,402
01303912,SOUTH UNIVERSITY - THE ART INSTITUTE OF ,TX,75231-5993,Proprietary  ,749,499,1248,749,499,1248
01303915,SOUTH UNIVERSITY - AUSTIN               ,TX,78729-8101,Proprietary  ,111,212,323,111,212,323
01323100,UNIVERSITY OF HOUSTON-VICTORIA          ,TX,77901-5731,Public       ,1609,1606,3215,1609,1606,3215
02058600,CONLEE'S COLLEGE OF COSMETOLOGY         ,TX,78028-0000,Proprietary  ,8,14,22,8,14,22
02074100,CAPITOL CITY TRADE & TECHNICAL SCH      ,TX,78704-0000,Proprietary  ,37,101,138,37,101,138
02077400,NORTH LAKE COLLEGE                      ,TX,75038-0000,Public       ,1119,1697,2816,1119,1697,2816
02081400,ARLINGTON BAPTIST COLLEGE               ,TX,76012-0000,Private      ,94,107,201,94,107,201
02093600,SOUTHWEST SCHOOL OF ELECTRONIC          ,TX,78735-0000,Proprietary  ,19,26,45,19,26,45
02098300,WESTERN TECHNICAL COLLEGE               ,TX,79927-2105,Proprietary  ,265,374,639,265,374,639
02100200,BROOKHAVEN COLLEGE                      ,TX,75244-0000,Public       ,1075,1990,3065,1075,1990,3065
02113610,AMERICAN INTERCONTINENTAL UNIV - HOUSTON,TX,77042-4516,Proprietary  ,72,399,471,72,399,471
02116008,SANFORD-BROWN COLLEGE - HOUSTON         ,TX,77042-8900,Proprietary  ,128,395,523,128,395,523
02116012,SANFORD-BROWN COLLEGE - HOUSTON NORTH LO,TX,77008-1058,Proprietary  ,40,145,185,40,145,185
02117100,ART INSTITUTE OF HOUSTON                ,TX,77056-0000,Proprietary  ,2032,1763,3795,2032,1763,3795
02119200,COURT REPORTING INSTITUTE OF DALLAS     ,TX,75247-6913,Proprietary  ,13,152,165,13,152,165
02119202,COURT REPORTING INSTIUTE OF DALLAS - COU,TX,77040-6315,Proprietary  ,5,40,45,5,40,45
02128302,INSTITUTE FOR BUSINESS & TECHNOLOGY - LA,TX,78230-2520,Proprietary  ,49,95,144,49,95,144
02136800,AMERICAN COMMERCIAL COLLEGE             ,TX,76904-0000,Proprietary  ,13,34,47,13,34,47
02144800,VET TECH INSTITUTE OF HOUSTON           ,TX,77027-9881,Proprietary  ,117,117,234,117,117,234
02176100,PIPO ACADEMY OF HAIR DESIGN             ,TX,79903-0000,Proprietary  ,20,48,68,20,48,68
02200800,AMERICAN COMMERCIAL COLLEGE             ,TX,79411-0000,Proprietary  ,6,5,11,6,5,11
02218300,SOUTHWEST SCHOOL OF BUSINESS & TECHNICAL,TX,78221-0000,Proprietary  ,30,98,128,30,98,128
02218305,SOUTHWEST SCHOOL OF BUSINESS AND TECHNIC,TX,78501-6053,Proprietary  ,14,35,49,14,35,49
02218306,SOUTHWEST SCHOOL OF BUSINESS AND TECHNIC,TX,78413-2045,Proprietary  ,15,43,58,15,43,58
02224600,TRI-STATE BEAUTY SCHOOL #1              ,TX,79915-0000,Proprietary  ,35,86,121,35,86,121
02230500,OGLE SCHOOL HAIR SKIN NAILS             ,TX,76132-3638,Proprietary  ,92,279,371,92,279,371
02230600,OGLE SCHOOL HAIR SKIN NAILS             ,TX,76053-4650,Proprietary  ,59,144,203,59,144,203
02239100,CENTRAL TEXAS BEAUTY COLLEGE #2         ,TX,78664-4204,Proprietary  ,27,86,113,27,86,113
02248200,MILAN INSTITUTE OF COSMETOLOGY          ,TX,79103-0000,Proprietary  ,100,297,397,100,297,397
02254800,TEXAS VOCATIONAL SCHOOLS                ,TX,77901-0000,Proprietary  ,15,34,49,15,34,49
02259400,AMBERTON UNIVERSITY                     ,TX,75041-0000,Private      ,9,143,152,9,143,152
02261300,EVEREST INSTITUTE                       ,TX,78213-3841,Proprietary  ,80,256,336,80,256,336
02261302,EVEREST INSTITUTE - HOUSTON GREENSPOINT ,TX,77060-3249,Proprietary  ,103,338,441,103,338,441
02261303,EVEREST INSTITUTE - HOUSTON HOBBY       ,TX,77087-2737,Proprietary  ,57,217,274,57,217,274
02267100,EXPOSITO SCHOOL OF HAIR DESIGN          ,TX,79109-0000,Proprietary  ,13,26,39,13,26,39
02276000,FRANKLIN BEAUTY SCHOOL #2               ,TX,77021-0000,Proprietary  ,36,110,146,36,110,146
02285900,UNIVERSITY OF COSMETOLOGY ARTS&SCI      ,TX,78504-0000,Proprietary  ,60,68,128,60,68,128
02294800,CAPITOL CITY CAREERS                    ,TX,78745-0000,Proprietary  ,13,68,81,13,68,81
02298501,EVEREST COLLEGE- FORT WORTH             ,TX,76137-2472,Proprietary  ,67,308,375,67,308,375
02305300,PARKER COLLEGE OF CHIROPRACTIC          ,TX,75229-0000,Private      ,44,592,636,44,592,636
02306700,FORT WORTH BEAUTY SCHOOL                ,TX,76116-3299,Proprietary  ,28,100,128,28,100,128
02312200,TEXAS SCHOOL OF BUSINESS                ,TX,77073-6032,Proprietary  ,98,303,401,98,303,401
02312201,TEXAS SCHOOL OF BUSINESS - SOUTHWEST CAM,TX,77057-5914,Proprietary  ,28,108,136,28,108,136
02312202,TEXAS SCHOOL OF BUSINESS - FRIENDSWOOD C,TX,77546-8938,Proprietary  ,17,82,99,17,82,99
02312203,TEXAS SCHOOL OF BUSINESS - EAST CAMPUS  ,TX,77029-1916,Proprietary  ,29,77,106,29,77,106
02313901,WESTWOOD COLLEGE - DALLAS               ,TX,75243-0000,Proprietary  ,53,185,238,53,185,238
02315400,NORTHEAST TEXAS COMMUNITY COLLEGE       ,TX,75456-0000,Public       ,576,557,1133,576,557,1133
02318200,"KD STUDIO, ACTOR'S CONSERVATORY         ",TX,75207-2111,Proprietary  ,60,85,145,60,85,145
02320200,HOUSTON GRADUATE SCHOOL OF THEOLOGY     ,TX,77092-0000,Private      ,12,92,104,12,92,104
02326000,SAN ANTONIO BEAUTY COLLEGE NO 3         ,TX,78217-0000,Proprietary  ,36,48,84,36,48,84
02331200,BAPTIST MISSIONARY ASSN THEOL SEM       ,TX,75766-0000,Private      ,0,27,27,0,27,27
02331300,INTERACTIVE LEARNING SYSTEMS            ,TX,77502-1201,Proprietary  ,8,22,30,8,22,30
02331301,INTERACTIVE LEARNING SYSTEMS            ,TX,77081-0000,Proprietary  ,16,116,132,16,116,132
02331304,INTERACTIVE LEARNING SYSTEMS            ,TX,77060-0000,Proprietary  ,2,44,46,2,44,46
02341300,PALO ALTO COLLEGE                       ,TX,78224-0000,Public       ,2240,2376,4616,2240,2376,4616
02348500,LAMAR STATE COLLEGE-PORT ARTHUR         ,TX,77640-0000,Public       ,442,689,1131,442,689,1131
02357700,PAUL MITCHELL THE SCHOOL                ,TX,77043-3412,Proprietary  ,146,235,381,146,235,381
02358200,LAMAR STATE COLLEGE-ORANGE              ,TX,77630-0000,Public       ,313,565,878,313,565,878
02361400,COLLIN COUNTY COMMUNITY COLLEGE         ,TX,75071-0000,Public       ,3246,4139,7385,3246,4139,7385
02362000,UNIVERSAL TECHNICAL INSTITUTE           ,TX,77073-0000,Proprietary  ,2304,1279,3583,2304,1279,3583
02362800,AUSTIN GRADUATE SCHOOL OF THEOLOGY      ,TX,78752-1333,Private      ,6,44,50,6,44,50
02521200,ARLINGTON CAREER INSTITUTE              ,TX,75050-0000,Proprietary  ,19,106,125,19,106,125
02521800,SEGUIN BEAUTY SCHOOL                    ,TX,78155-0000,Proprietary  ,9,21,30,9,21,30
02527500,HOUSTON TRAINING SCHOOLS                ,TX,77029-0000,Proprietary  ,43,166,209,43,166,209
02530700,SEBRING CAREER SCHOOLS                  ,TX,77083-1510,Proprietary  ,8,20,28,8,20,28
02548800,SOUTH TEXAS VO-TECH INSTITUTE           ,TX,78596-0000,Proprietary  ,64,53,117,64,53,117
02548802,SOUTH TEXAS VOCATIONAL TECHNICAL INSTITU,TX,78520-8710,Proprietary  ,53,51,104,53,51,104
02549400,SOUTH TEXAS VO-TECH INSTITUTE           ,TX,78501-0000,Proprietary  ,76,69,145,76,69,145
02549402,SOUTH TEXAS VOCATIONAL TECHNICAL INSTITU,TX,78416-1141,Proprietary  ,43,105,148,43,105,148
02555400,UNIV OF TX MD ANDERSON CANCER CTR       ,TX,77030-0000,Public       ,127,331,458,127,331,458
02568100,TEXAS BARBER COLLEGE                    ,TX,77063-3949,Proprietary  ,36,132,168,36,132,168
02568101,TEXAS BARBER COLLEGES & HAIRSTYLING SCHO,TX,75228-3841,Proprietary  ,29,96,125,29,96,125
02568106,TEXAS BARBER COLLEGES & HAIRSTYLING SCHO,TX,77009-0000,Proprietary  ,36,93,129,36,93,129
02568107,TEXAS BARBER COLLEGES & HAIRSTYLING SCHO,TX,77063-3951,Proprietary  ,39,93,132,39,93,132
02568108,TEXAS BARBER COLLEGES & HAIRSTYLING SCHO,TX,75241-1327,Proprietary  ,32,124,156,32,124,156
02568109,TEXAS BARBER COLLEGES & HAIRSTYLING SCHO,TX,77301-4407,Proprietary  ,12,40,52,12,40,52
02569300,LE CORDON BLEU COLLEGE OF CULINARY ARTS ,TX,78758-3647,Proprietary  ,495,921,1416,495,921,1416
02572000,COMPUTER CAREER CENTER                  ,TX,79925-2021,Proprietary  ,96,335,431,96,335,431
02572004,COMPUTER CAREER CENTER - AMARILLO CAMPUS,TX,79101-2404,Proprietary  ,23,54,77,23,54,77
02572005,COMPUTER CAREER CENTER - LUBBOCK CAMPUS ,TX,79414-3517,Proprietary  ,31,83,114,31,83,114
02572008,VISTA COLLEGE - BEAUMONT                ,TX,77701-3717,Proprietary  ,12,93,105,12,93,105
02572009,VISTA COLLEGE - LONGVIEW                ,TX,75604-1905,Proprietary  ,13,77,90,13,77,90
02572011,VISTA COLLEGE - KILLEEN                 ,TX,76541-7436,Proprietary  ,24,150,174,24,150,174
02591100,CAREER POINT COLLEGE                    ,TX,78201-2027,Proprietary  ,82,424,506,82,424,506
02591900,KAPLAN COLLEGE                          ,TX,79907-1525,Proprietary  ,157,345,502,157,345,502
02591905,KAPLAN COLLEGE - BROWNSVILLE            ,TX,78521-9905,Proprietary  ,76,180,256,76,180,256
02596400,REDSTONE COLLEGE - LOS ANGELES          ,TX,77061-0000,Proprietary  ,37,83,120,37,83,120
02596600,ATI-CAREER TRAINING CENTER              ,TX,75220-4443,Proprietary  ,40,146,186,40,146,186
02596601,ATI CAREER TRAINING CENTER - RICHARDSON ,TX,75081-1948,Proprietary  ,15,47,62,15,47,62
02596602,ATI CAREER TRAINING CENTER - DALLAS (STE,TX,75247-6103,Proprietary  ,70,186,256,70,186,256
02600200,OCEAN CORPORATION (THE)                 ,TX,77099-3479,Proprietary  ,57,237,294,57,237,294
02604700,CENTER FOR ADVANCED LEGAL STUDIES       ,TX,77098-4151,Proprietary  ,19,171,190,19,171,190
02606202,EVEREST COLLEGE - EVEREST INSTITUTE - BI,TX,77036-8014,Proprietary  ,100,474,574,100,474,574
02615000,SANFORD-BROWN COLLEGE                   ,TX,75247-6931,Proprietary  ,112,439,551,112,439,551
03009400,SW SCH BUS & TECH CAREERS               ,TX,78212-2840,Proprietary  ,10,48,58,10,48,58
03010604,VIRGINIA COLLEGE - VIRGINIA COLLEGE AT A,TX,78723-0000,Proprietary  ,77,300,377,77,300,377
03011800,UNIVERSITY OF COSMETOLOGY ARTS & SCIENCE,TX,78226-1160,Proprietary  ,42,46,88,42,46,88
03019800,PCI HEALTH TRAINING CENTER              ,TX,75247-4720,Proprietary  ,74,203,277,74,203,277
03021500,SW SCH BUS & TECH CAREERS               ,TX,78852-4859,Proprietary  ,74,65,139,74,65,139
03025000,TEXAS COLLEGE OF COSMETOLOGY            ,TX,79605-2001,Proprietary  ,21,67,88,21,67,88
03025001,TEXAS COLLEGE OF COSMETOLOGY - SAN ANGEL,TX,76903-4708,Proprietary  ,17,28,45,17,28,45
03026500,REMINGTON COLLEGE - HOUSTON CAMPUS      ,TX,77082-1849,Private      ,181,651,832,181,651,832
03026501,REMINGTON COLLEGE - NORTH HOUSTON CAMPUS,TX,77067-1849,Private      ,71,249,320,71,249,320
03026505,REMINGTON COLLEGE - HOUSTON CAMPUS - DAL,TX,75041-9935,Private      ,49,169,218,49,169,218
03026506,REMINGTON COLLEGE - FT. WORTH CAMPUS    ,TX,76112-1280,Private      ,80,227,307,80,227,307
03028800,CIRCLE J BEAUTY SCHOOL                  ,TX,77587-3714,Proprietary  ,15,24,39,15,24,39
03030608,UTAH COLLEGE OF MASSAGE THERAPY - TEXAS ,TX,75801-4848,Proprietary  ,26,60,86,26,60,86
03030609,UTAH COLLEGE OF MASSAGE THERAPY - TEXAS ,TX,77040-6307,Proprietary  ,41,127,168,41,127,168
03031408,INTERNATIONAL ACADEMY OF DESIGN & TECHNO,TX,78229-2263,Proprietary  ,104,233,337,104,233,337
03032300,SCHOOL OF AUTOMOTIVE MACHINISTS         ,TX,77055-1803,Proprietary  ,56,104,160,56,104,160
03035200,TINT SCHOOL OF MAKEUP & COSMETOLOGY     ,TX,75229-3734,Proprietary  ,45,86,131,45,86,131
03035300,SOUTHERN CAREERS INSTITUTE              ,TX,78704-5252,Proprietary  ,47,248,295,47,248,295
03035301,SOUTHERN CAREERS INSTITUTE-PHARR        ,TX,78577-2118,Proprietary  ,9,13,22,9,13,22
03035302,SOUTHERN CAREERS INSTITUTE - CORPUS CHRI,TX,78414-2904,Proprietary  ,26,56,82,26,56,82
03035303,SOUTHERN CAREERS INSTITUTE - SAN ANTONIO,TX,78221-4351,Proprietary  ,23,83,106,23,83,106
03035305,SOUTHERN CAREERS INSTITUTE - BROWNSVILLE,TX,78520-8680,Proprietary  ,41,30,71,41,30,71
03035306,SOUTHERN CAREERS INSTITUTE - HARLINGEN  ,TX,78550-7911,Proprietary  ,40,43,83,40,43,83
03035307,SOUTHERN CAREERS INSTITUTE - CORPUS CHRI,TX,78410-1609,Proprietary  ,14,44,58,14,44,58
03061800,STAR COLLEGE OF COSMETOLOGY             ,TX,75702-8214,Proprietary  ,45,83,128,45,83,128
03064600,UNIVERSITY OF TEXAS AT BROWNSVILLE      ,TX,78520-4993,Public       ,6322,3921,10243,6322,3921,10243
03075400,ICC TECHNICAL INSTITUTE                 ,TX,77004-2930,Private      ,36,80,116,36,80,116
03076403,BRYMAN SCHOOL OF ARIZONA (THE) - ANTHEM ,TX,75038-4201,Proprietary  ,5,39,44,5,39,44
03079201,WESTWOOD COLLEGE OF TECHNOLOGY          ,TX,76180-0000,Proprietary  ,7,23,30,7,23,30
03103400,SOUTH TEXAS COLLEGE                     ,TX,78501-6699,Public       ,6737,3748,10485,6737,3748,10485
03108700,ROYAL BEAUTY CAREERS                    ,TX,77069-4611,Proprietary  ,30,89,119,30,89,119
03115800,KAPLAN COLLEGE                          ,TX,78238-4203,Proprietary  ,84,267,351,84,267,351
03115802,KAPLAN COLLEGE - LAREDO                 ,TX,78041-6181,Proprietary  ,55,80,135,55,80,135
03115803,KAPLAN COLLEGE-BEAUMONT                 ,TX,77701-3706,Proprietary  ,37,179,216,37,179,216
03115804,KAPLAN COLLEGE - LUBBOCK                ,TX,79401-2601,Proprietary  ,29,115,144,29,115,144
03128100,ACADEMY OF HEALTH CARE PROFESSIONS      ,TX,77092-8108,Proprietary  ,186,663,849,186,663,849
03144300,NATIONAL BEAUTY COLLEGE                 ,TX,75043-4046,Proprietary  ,6,31,37,6,31,37
03153300,AMER COLL OF ACUPUNCTURE & O.M.         ,TX,77063-4104,Proprietary  ,6,45,51,6,45,51
03156400,ACADEMY OF ORIENTAL MEDICINE AT AUSTIN  ,TX,78757-1132,Proprietary  ,27,119,146,27,119,146
03159300,ARLINGTON MEDICAL INSTITUTE             ,TX,76011-0000,Proprietary  ,90,150,240,90,150,240
03170300,TEXAS A&M UNIVERSITY-TEXARKANA          ,TX,75501-0000,Public       ,690,733,1423,690,733,1423
03179500,TEXAS COLG TRADITIONAL CHINESE MED      ,TX,78704-6748,Proprietary  ,5,61,66,5,61,66
03237400,FARIS COMPUTER SCHOOL                   ,TX,77627-3829,Proprietary  ,2,3,5,2,3,5
03272300,KAPLAN COLLEGE                          ,TX,75234-7288,Proprietary  ,87,376,463,87,376,463
03272301,KAPLAN COLLEGE - MIDLAND                ,TX,79703-5531,Proprietary  ,26,58,84,26,58,84
03272303,KAPLAN COLLEGE - ARLINGTON              ,TX,76010-8121,Proprietary  ,87,262,349,87,262,349
03275300,TOUCH OF CLASS SCHOOL OF COSM           ,TX,75402-6314,Proprietary  ,7,23,30,7,23,30
03276300,ACADEMY OF HAIR DESIGN                  ,TX,75901-4900,Proprietary  ,16,55,71,16,55,71
03277300,ACADEMY OF HAIR DESIGN                  ,TX,77701-4650,Proprietary  ,12,53,65,12,53,65
03303300,NORTHWEST EDUCATIONAL CENTER            ,TX,77092-7055,Proprietary  ,19,62,81,19,62,81
03371300,TONI&GUY HAIRDRESSING ACADEMY           ,TX,75006-2351,Proprietary  ,34,50,84,34,50,84
03372300,NORTHWEST VISTA COLLEGE                 ,TX,78251-4217,Public       ,4153,3693,7846,4153,3693,7846
03396500,TEXAS STATE TECHNICAL COLG/MARSHALL     ,TX,75672-7402,Public       ,145,175,320,145,175,320
03400300,CAREER QUEST                            ,TX,78229-3539,Proprietary  ,25,114,139,25,114,139
03412300,ADVANCED BARBER COLLEGE & HAIR DESI     ,TX,78596-0000,Proprietary  ,16,37,53,16,37,53
03416500,DALLAS NURSING INSTITUTE                ,TX,75243-5502,Proprietary  ,140,392,532,140,392,532
03422300,MILAN INSTITUTE                         ,TX,78238-4103,Proprietary  ,167,446,613,167,446,613
03422400,COLLEGE OF BIBLICAL STUDIES-HOUSTON     ,TX,77036-3211,Private      ,46,373,419,46,373,419
03424400,MEDVANCE INSTITUTE                      ,TX,77057-7386,Proprietary  ,44,254,298,44,254,298
03426300,CAREER ADVANCEMENT CENTER               ,TX,78752-3630,Proprietary  ,23,106,129,23,106,129
03480304,MEDVANCE INSTITUTE OF BATON ROUGE - GRAN,TX,75050-2342,Proprietary  ,22,60,82,22,60,82
03520300,LUBBOCK HAIR ACADEMY                    ,TX,79410-3524,Proprietary  ,13,32,45,13,32,45
03542300,CONCORDE CAREER INSTITUTE               ,TX,76011-4016,Proprietary  ,88,456,544,88,456,544
03556400,KUSSAD INSTITUTE OF COURT REPORTING     ,TX,78704-5712,Proprietary  ,5,13,18,5,13,18
03573300,AVIATION INSTITUTE OF MAINTENANCE       ,TX,75209-3017,Proprietary  ,45,233,278,45,233,278
03610300,MJ'S BEAUTY ACADEMY INC                 ,TX,75224-4425,Proprietary  ,16,44,60,16,44,60
03612400,VALLEY GRANDE INSTITUTE FOR ACADEMI     ,TX,78596-0000,Private      ,36,57,93,36,57,93
03627300,LAMAR INSTITUTE OF TECHNOLOGY           ,TX,77705-4142,Public       ,699,1001,1700,699,1001,1700
03676400,HEALTHY HAIR ACADEMY                    ,TX,75227-0000,Proprietary  ,13,35,48,13,35,48
03680300,JAY'S TECHNICAL INSTITUTE               ,TX,77031-3509,Proprietary  ,5,39,44,5,39,44
03682400,DALLAS BARBER & STYLIST COLLEGE         ,TX,75231-0000,Proprietary  ,51,172,223,51,172,223
03714300,TREND BARBER COLLEGE                    ,TX,77071-2104,Proprietary  ,20,124,144,20,124,144
03723300,CULINARY INST ALAIN & MARIE LENOTRE     ,TX,77022-4322,Proprietary  ,89,205,294,89,205,294
03727600,CULINARY ACADEMY OF AUSTIN              ,TX,78752-0000,Proprietary  ,171,164,335,171,164,335
03731300,INTERNATIONAL RENOWNED BEAUTY ACADE     ,TX,76103-2504,Proprietary  ,4,12,16,4,12,16
03733300,BAPTIST UNIVERSITY OF THE AMERICAS      ,TX,78224-1336,Private      ,60,123,183,60,123,183
03756300,ANAMARC COLLEGE                         ,TX,79930-6230,Proprietary  ,133,374,507,133,374,507
03922300,SOUTH TEXAS BARBER COLLEGE              ,TX,78415-3463,Proprietary  ,14,23,37,14,23,37
03944400,PROFESSIONAL CAREERS INSTITUTE          ,TX,77036-2252,Proprietary  ,10,59,69,10,59,69
03944401,PROFESSIONAL CAREERS INSTITUTE          ,TX,77090-3914,Proprietary  ,17,73,90,17,73,90
03970300,HANDS ON THERAPY                        ,TX,75149-2294,Proprietary  ,9,25,34,9,25,34
03987300,TEXAS HEALTH SCHOOL                     ,TX,77079-2106,Proprietary  ,122,232,354,122,232,354
04036300,SOUTHEAST TEXAS CAREER INSTITUTE        ,TX,77656-8601,Proprietary  ,12,28,40,12,28,40
04045300,NORTHWEST BEAUTY SCHOOL                 ,TX,77091-1208,Proprietary  ,24,44,68,24,44,68
04045400,MAI-TRIX BEAUTY COLLEGE                 ,TX,77040-0000,Proprietary  ,22,56,78,22,56,78
04082300,PROFESSIONAL CAREER TRAINING INSTITUTE  ,TX,77090-0000,Proprietary  ,20,80,100,20,80,100
04089400,CCI TRAINING CENTER                     ,TX,76011-4857,Proprietary  ,20,95,115,20,95,115
04117900,CHAMPION BEAUTY COLLEGE                 ,TX,77069-4611,Proprietary  ,32,108,140,32,108,140
04121800,CRISWELL COLLEGE                        ,TX,75246-1537,Private      ,41,136,177,41,136,177
04125400,ACADEMY AT AUSTIN (THE)                 ,TX,78660-3287,Proprietary  ,28,67,95,28,67,95
04125500,MANUEL AND THERESA'S SCHOOL OF HAIR DESI,TX,77803-3236,Proprietary  ,13,18,31,13,18,31
04129800,MEDIATECH INSTITUTE DALLAS              ,TX,75039-3105,Proprietary  ,34,103,137,34,103,137
04129801,MEDIATECH INSTITUTE - AUSTIN            ,TX,78704-8933,Proprietary  ,33,50,83,33,50,83
04129802,MEDIATECH INSTITUTE HOUSTON             ,TX,77042-4712,Proprietary  ,29,76,105,29,76,105
04131700,SOUTHWEST CAREER COLLEGE                ,TX,79925-6230,Proprietary  ,312,497,809,312,497,809
04135600,CANNON INSTITUTE OF HIGHER LEARNING     ,TX,75247-9998,Proprietary  ,7,37,44,7,37,44
04136500,PCCENTER                                ,TX,75115-4214,Proprietary  ,4,15,19,4,15,19
04138500,CARDIOTECH ULTRASOUND SCHOOL            ,TX,77099-1440,Proprietary  ,52,165,217,52,165,217
04142300,AVEDA INSTITUTE SAN ANTONIO             ,TX,78215-1260,Proprietary  ,104,202,306,104,202,306
04146700,AVIATION INSTITUTE OF MAINTENANCE       ,TX,77061-4004,Proprietary  ,45,111,156,45,111,156
04146800,SOUTH TEXAS TRAINING CENTER             ,TX,78586-7721,Proprietary  ,6,11,17,6,11,17
04152700,ASTRODOME CAREER CENTERS                ,TX,77054-2678,Proprietary  ,12,62,74,12,62,74
04154800,DUVALL'S SCHOOL OF COSMETOLOGY          ,TX,76021-4159,Proprietary  ,16,8,24,16,8,24
04155800,ADVANCED BEAUTY COLLEGE                 ,TX,75061-1918,Proprietary  ,11,25,36,11,25,36
04158500,TEXAS BEAUTY COLLEGE                    ,TX,76117-3201,Proprietary  ,7,7,14,7,7,14
04160700,AVENUE FIVE INSTITUTE                   ,TX,78757-7000,Proprietary  ,41,122,163,41,122,163
04161100,CORPUS CHRISTI BEAUTY ACADEMY           ,TX,78412-3900,Proprietary  ,28,38,66,28,38,66
04165800,SALON PROFESSIONAL ACADEMY (THE)        ,TX,75067-5390,Proprietary  ,14,26,40,14,26,40
04168700,LAWYER'S ASSISTANT SCHOOL OF DALLAS     ,TX,75201-2829,Proprietary  ,24,117,141,24,117,141
04168800,ABC BEAUTY ACADEMY                      ,TX,75042-8682,Proprietary  ,9,28,37,9,28,37
04169000,SALON & SPA INSTITUTE                   ,TX,78521-1727,Proprietary  ,31,29,60,31,29,60
04169100,DIAMONDS COSMETOLOGY COLLEGE            ,TX,75090-2657,Proprietary  ,9,20,29,9,20,29
04177900,BUCKNER BARBER SCHOOL                   ,TX,75217-1775,Proprietary  ,20,56,76,20,56,76
04178200,VOGUE COLLEGE - SAN ANTONIO             ,TX,78201-5035,Proprietary  ,27,46,73,27,46,73
04178300,VOGUE BEAUTY ACADEMY                    ,TX,78238-4402,Proprietary  ,30,51,81,30,51,81
04178400,VOGUE COLLEGE - MCALLEN                 ,TX,78501-1945,Proprietary  ,27,44,71,27,44,71
04179500,NORTH AMERICAN COLLEGE                  ,TX,77038-0000,Private      ,88,89,177,88,89,177
04184800,EXCEL LEARNING CENTER                   ,TX,79907-1400,Proprietary  ,7,53,60,7,53,60
04187800,CYBERTEX INSTITUTE OF TECHNOLOGY        ,TX,78752-3825,Proprietary  ,23,53,76,23,53,76
04193000,RGV CAREERS AN INSTITUTE FOR HIGHER LEAR,TX,78577-2106,Proprietary  ,9,45,54,9,45,54
04205200,WADE GORDON HAIRDRESSING ACADEMY        ,TX,79121-0548,Proprietary  ,17,28,45,17,28,45
04213300,SPA PROFESSIONALS ACADEMY (THE)         ,TX,78504-2569,Proprietary  ,16,36,52,16,36,52
00367000,BRIGHAM YOUNG UNIVERSITY                ,UT,84602-8406,Private      ,9027,5521,14548,9027,5521,14548
00367100,DIXIE STATE COLLEGE OF UTAH             ,UT,84770-3876,Public       ,2165,1414,3579,2165,1414,3579
00367200,LDS BUSINESS COLLEGE                    ,UT,84101-3500,Private      ,503,385,888,503,385,888
00367400,STEVENS HENAGER COLLEGE                 ,UT,84401-1420,Proprietary  ,301,2949,3250,301,2949,3250
00367500,UNIVERSITY OF UTAH                      ,UT,84112-9055,Public       ,8411,8082,16493,8411,8082,16493
00367700,UTAH STATE UNIVERSITY                   ,UT,84322-1400,Public       ,6063,4556,10619,6063,4556,10619
00367800,SOUTHERN UTAH UNIVERSITY                ,UT,84720-2470,Public       ,2834,1053,3887,2834,1053,3887
00367900,SNOW COLLEGE                            ,UT,84627-1299,Public       ,1267,379,1646,1267,379,1646
00368000,WEBER STATE UNIVERSITY                  ,UT,84408-1136,Public       ,3689,5048,8737,3689,5048,8737
00368100,WESTMINSTER COLLEGE                     ,UT,84105-3697,Private      ,1772,694,2466,1772,694,2466
00402700,UTAH VALLEY UNIVERSITY                  ,UT,84058-5999,Public       ,3569,5073,8642,3569,5073,8642
00522000,SALT LAKE COMMUNITY COLLEGE             ,UT,84123-0000,Public       ,2900,5631,8531,2900,5631,8531
00732953,ITT TECHNICAL INSTITUTE                 ,UT,84123-2500,Proprietary  ,62,245,307,62,245,307
00943300,SHERMAN KENDALL'S ACADEMY OF BEAUTY     ,UT,84106-1836,Proprietary  ,8,20,28,8,20,28
01009800,NEUMONT UNIVERSITY                      ,UT,84095-0000,Proprietary  ,537,53,590,537,53,590
01116500,UINTAH BASIN APPLIED TECHNOLOGY CLG     ,UT,84066-0000,Public       ,8,26,34,8,26,34
01116600,BROADVIEW UNIVERSITY                    ,UT,84088-4021,Proprietary  ,104,253,357,104,253,357
02078800,SHERMAN KENDALL'S ACADEMY OF BEAUTY     ,UT,84047-0000,Proprietary  ,4,8,12,4,8,12
02115400,BRIDGERLAND APPLIED TECHNOLOGY COLLEGE  ,UT,84321-0000,Public       ,149,352,501,149,352,501
02156600,DAVIS APPLIED TECHNOLOGY COLLEGE        ,UT,84037-0000,Public       ,177,458,635,177,458,635
02178500,EAGLE GATE COLLEGE                      ,UT,84123-0000,Proprietary  ,57,322,379,57,322,379
02270800,AMERITECH COLLEGE                       ,UT,84604-6927,Proprietary  ,32,433,465,32,433,465
02270802,AMERITECH COLLEGE - DRAPER              ,UT,84020-6545,Proprietary  ,23,319,342,23,319,342
02298500,EVEREST COLLEGE                         ,UT,84119-2668,Proprietary  ,55,204,259,55,204,259
02346500,OGDEN-WEBER APPLIED TECHNOLOGY COLG     ,UT,84404-0000,Public       ,201,683,884,201,683,884
02360800,PROVO COLLEGE                           ,UT,84601-0000,Proprietary  ,59,144,203,59,144,203
02531800,PAUL MITCHELL THE SCHOOL - PROVO        ,UT,84606-0000,Proprietary  ,156,197,353,156,197,353
02556800,PAUL MITCHELL THE SCHOOL                ,UT,84117-7204,Proprietary  ,49,85,134,49,85,134
02556801,PAUL MITCHELL THE SCHOOL                ,UT,84780-0000,Proprietary  ,22,34,56,22,34,56
02572700,EVANS HAIRSTYLING COLLEGE               ,UT,84770-0000,Proprietary  ,13,14,27,13,14,27
02572800,VISTA COLLEGE                           ,UT,84015-0000,Proprietary  ,12,142,154,12,142,154
02573100,EVANS HAIRSTYLING COLLEGE               ,UT,84720-0000,Proprietary  ,12,14,26,12,14,26
02612200,MARINELLO SCHOOL OF BEAUTY              ,UT,84604-1585,Proprietary  ,21,26,47,21,26,47
03030600,UTAH COLLEGE OF MASSAGE THERAPY         ,UT,84111-1606,Proprietary  ,67,140,207,67,140,207
03030601,UTAH CLG OF MASSAGE THER-PROVO CMPS     ,UT,84042-0000,Proprietary  ,10,30,40,10,30,40
03082100,MYOTHERAPY COLLEGE OF UTAH              ,UT,84115-2522,Proprietary  ,8,21,29,8,21,29
03108200,ECHELON EDGE ACADEMY OF HAIR SKIN & NAIL,UT,84070-2004,Proprietary  ,3,18,21,3,18,21
03110400,HAIRITAGE HAIR ACADEMY                  ,UT,84770-5233,Proprietary  ,10,20,30,10,20,30
03339400,WESTERN GOVERNORS UNIVERSITY            ,UT,84107-2533,Private      ,502,14140,14642,502,14140,14642
03413300,MOUNTAINLAND APPLIED TECHNOLOGY COLLEGE ,UT,84058-5857,Public       ,95,245,340,95,245,340
03463300,CAREERS UNLIMITED                       ,UT,84058-0000,Proprietary  ,15,53,68,15,53,68
03467308,MARINELLO SCHOOL OF BEAUTY - OGDEN      ,UT,84405-1501,Proprietary  ,20,56,76,20,56,76
03467309,MARINELLO SCHOOL OF BEAUTY - LAYTON     ,UT,84041-3002,Proprietary  ,8,25,33,8,25,33
03617300,HEALING MOUNTAIN MASSAGE SCHOOL         ,UT,84111-0000,Proprietary  ,22,55,77,22,55,77
03829500,SKINWORKS SCHOOL OF ADVANCED SKINCARE   ,UT,84115-0000,Proprietary  ,11,23,34,11,23,34
03838300,NIGHTINGALE COLL. SCH. OF NURSING SCH. O,UT,84403-0000,Proprietary  ,17,63,80,17,63,80
03902300,RENAISSANCE SCHOOL OF THERAPEUTIC MASSAG,UT,84010-2835,Proprietary  ,2,6,8,2,6,8
03909300,MAXIMUM STYLE TEC SCHOOL OF COSMETOLOGY ,UT,84323-4679,Proprietary  ,21,21,42,21,21,42
03921300,CAMEO COLLEGE OF ESSENTIAL BEAUTY       ,UT,84115-0000,Proprietary  ,36,109,145,36,109,145
04054300,SOUTHWEST APPLIED TECHNOLOGY COLLEGE    ,UT,84720-6608,Public       ,31,76,107,31,76,107
04072300,AVEDA INSTITUTE PROVO                   ,UT,84604-1008,Proprietary  ,20,41,61,20,41,61
04118100,IMAGEWORKS ACADEMY OF HAIR DESIGN       ,UT,84660-1210,Proprietary  ,2,8,10,2,8,10
04121700,DIXIE APPLIED TECHNOLOGY COLLEGE        ,UT,84770-3025,Public       ,72,104,176,72,104,176
04142100,SKIN INSTITUTE (THE)                    ,UT,84770-6452,Proprietary  ,11,14,25,11,14,25
04145500,SKIN SCIENCE INSTITUTE (THE)            ,UT,84115-0000,Proprietary  ,17,40,57,17,40,57
04153000,RENAISSANCE ACADEMIE                    ,UT,84604-0000,Proprietary  ,6,23,29,6,23,29
04161900,MANDALYN ACADEMY                        ,UT,84003-2161,Proprietary  ,5,14,19,5,14,19
04165500,ACAYDIA SCHOOL OF AESTHETICS            ,UT,84601-0000,Proprietary  ,10,15,25,10,15,25
04169900,AMERICAN BEAUTY ACADEMY                 ,UT,84651-0000,Proprietary  ,8,11,19,8,11,19
04173200,TAYLOR ANDREWS ACADEMY OF HAIR DESIGN   ,UT,84088-6577,Proprietary  ,13,36,49,13,36,49
04183000,TOP NAILS & HAIR BEAUTY SCHOOL          ,UT,84118-0000,Proprietary  ,3,9,12,3,9,12
04184200,TAYLOR ANDREWS ACADEMY-ST. GEORGE       ,UT,84790-2139,Proprietary  ,22,33,55,22,33,55
04192700,BARBER SCHOOL (THE)                     ,UT,84047-3723,Proprietary  ,5,26,31,5,26,31
04193200,ROCKY MOUNTAIN UNIVERSITY OF HEALTH PROF,UT,84606-7312,Proprietary  ,14,123,137,14,123,137
04210300,MEDSPA ACADEMIES                        ,UT,84095-3519,Proprietary  ,7,32,39,7,32,39
04211500,BEAUTIFUL YOU SCHOOL OF NAIL TECHNOLOGY ,UT,84720-8360,Proprietary  ,4,5,9,4,5,9
04216800,BONNIE JOSEPH ACADEMY OF COSMETOLOGY & B,UT,84032-2044,Proprietary  ,1,9,10,1,9,10
04218300,MIDWIVES COLLEGE OF UTAH                ,UT,84106-2671,Private      ,7,33,40,7,33,40
00368200,BENNINGTON COLLEGE                      ,VT,05201-6001,Private      ,904,138,1042,904,138,1042
00368300,CASTLETON STATE COLLEGE                 ,VT,05735-0000,Public       ,2680,296,2976,2680,296,2976
00368400,CHAMPLAIN COLLEGE                       ,VT,05401-3950,Private      ,3512,612,4124,3512,612,4124
00368500,COLLEGE OF ST JOSEPH                    ,VT,05701-3899,Private      ,87,83,170,87,83,170
00368600,GODDARD COLLEGE                         ,VT,05667-0000,Private      ,25,367,392,25,367,392
00368700,GREEN MOUNTAIN COLLEGE                  ,VT,05764-1199,Private      ,613,124,737,613,124,737
00368800,JOHNSON STATE COLLEGE                   ,VT,05656-9898,Public       ,1009,407,1416,1009,407,1416
00368900,LYNDON STATE COLLEGE                    ,VT,05851-0919,Public       ,1645,235,1880,1645,235,1880
00369000,MARLBORO COLLEGE                        ,VT,05344-0300,Private      ,279,57,336,279,57,336
00369100,MIDDLEBURY COLLEGE                      ,VT,05753-0000,Private      ,3999,347,4346,3999,347,4346
00369200,NORWICH UNIVERSITY                      ,VT,05663-1035,Private      ,2753,535,3288,2753,535,3288
00369300,SOUTHERN VERMONT COLLEGE                ,VT,05201-6002,Private      ,452,75,527,452,75,527
00369400,ST MICHAELS COLLEGE                     ,VT,05439-0001,Private      ,3452,121,3573,3452,121,3573
00369600,UNIVERSITY OF VERMONT                   ,VT,05405-0160,Public       ,17799,2497,20296,17799,2497,20296
00369700,VERMONT COLLEGE OF FINE ARTS            ,VT,05602-3128,Private      ,16,204,220,16,204,220
00369800,VERMONT TECHNICAL COLLEGE               ,VT,05061-0000,Public       ,841,525,1366,841,525,1366
00857500,SALON PROFESSIONAL ACADEMY (THE)        ,VT,05495-4001,Proprietary  ,14,21,35,14,21,35
00865800,O'BRIENS AVEDA INSTITUTE                ,VT,05403-7747,Proprietary  ,15,25,40,15,25,40
00886000,SIT                                     ,VT,05301-4801,Private      ,123,287,410,123,287,410
01116700,COMMUNITY COLLEGE OF VERMONT            ,VT,05676-0000,Public       ,703,1578,2281,703,1578,2281
01193400,VERMONT LAW SCHOOL                      ,VT,05068-0000,Private      ,2,621,623,2,621,623
01218300,BURLINGTON COLLEGE                      ,VT,05401-8477,Private      ,199,91,290,199,91,290
02143500,STERLING COLLEGE                        ,VT,05827-0000,Private      ,80,29,109,80,29,109
02254000,NEW ENGLAND CULINARY INSTITUTE          ,VT,05602-0000,Proprietary  ,284,103,387,284,103,387
02532600,LANDMARK COLLEGE                        ,VT,05346-0000,Private      ,352,53,405,352,53,405
03708300,BURLINGTON TECHNICAL CENTER             ,VT,05401-2721,Public       ,12,18,30,12,18,30
04146900,ADVANCED WELDING INSTITUTE              ,VT,05403-0000,Proprietary  ,18,15,33,18,15,33
00392800,CASPER COLLEGE                          ,WY,82601-4612,Public       ,780,612,1392,780,612,1392
00392900,EASTERN WYOMING COLLEGE                 ,WY,82240-1603,Public       ,314,122,436,314,122,436
00393000,SHERIDAN COLLEGE                        ,WY,82801-9133,Public       ,564,481,1045,564,481,1045
00393100,NORTHWEST COLLEGE                       ,WY,82435-1895,Public       ,551,200,751,551,200,751
00393200,UNIVERSITY OF WYOMING                   ,WY,82071-3663,Public       ,5094,2403,7497,5094,2403,7497
00393300,WESTERN WYOMING COMMUNITY COLLEGE       ,WY,82902-0000,Public       ,427,390,817,427,390,817
00728900,CENTRAL WYOMING COLLEGE                 ,WY,82501-0000,Public       ,289,300,589,289,300,589
00915700,WYOMING TECHNICAL INSTITUTE             ,WY,82072-9519,Proprietary  ,525,280,805,525,280,805
00925900,LARAMIE COUNTY COMMUNITY CLG            ,WY,82007-3299,Public       ,813,825,1638,813,825,1638
02211900,CHEEKS INTERNATIONAL ACDMY              ,WY,82001-0000,Proprietary  ,13,36,49,13,36,49
00393500,UNIV OF GUAM                            ,GU,96923-0000,Public       ,711,506,1217,711,506,1217
01536100,GUAM COMMUNITY COLLEGE                  ,GU,96921-0000,Public       ,347,427,774,347,427,774
03438300,PACIFIC ISLANDS UNIVERSITY              ,GU,96913-2619,Private      ,28,39,67,28,39,67
00393600,PONTIFICAL CATHOLIC UNIV OF PR          ,PR,00717-0777,Private      ,1503,788,2291,1503,788,2291
00393700,UNIVERSITY OF THE SACRED HEART          ,PR,00914-0383,Private      ,716,532,1248,716,532,1248
00393800,INTER-AMER UNIV PR-CNTRL ADMN           ,PR,00936-0000,Private      ,336,651,987,336,651,987
00393801,INTER-AMER UNIV PR SCHL LAW             ,PR,00936-8351,Private      ,7,53,60,7,53,60
00393802,INTER AMERICAN UNIVERSITY OF PUERTO RICO,PR,00926-0000,Private      ,297,243,540,297,243,540
00393803,INTER AMERICAN UNIVERSITY OF PR         ,PR,00683-0000,Private      ,411,212,623,411,212,623
00393804,INTER-AMER UNIV PR-RECINTO AGUADILA     ,PR,00605-2000,Private      ,259,195,454,259,195,454
00393805,INTER-AMER UNIV PR-ARECIBO CAMPUS       ,PR,00614-4050,Private      ,282,245,527,282,245,527
00393806,INTER-AMER UNIV PR-BARRANQUITAS REG     ,PR,00794-0517,Private      ,234,52,286,234,52,286
00393807,INTER-AMER UNIV PR-FAJARDO REGIONAL     ,PR,00738-0000,Private      ,136,142,278,136,142,278
00393808,INTER-AMER UNIV PR - GUAYAMA CAMPUS     ,PR,00785-4004,Private      ,96,112,208,96,112,208
00393809,INTER-AMER UNIV PR-PONCE REGIONAL       ,PR,00715-0000,Private      ,429,380,809,429,380,809
00393811,INTER-AMER UNIV PR-BAYAMON REG CLG      ,PR,00959-0000,Private      ,498,215,713,498,215,713
00394100,COLEGIO UNIVERSITARIO DEL ESTE          ,PR,00983-0000,Private      ,586,688,1274,586,688,1274
00394200,UNIVERSITY OF PR-CENTRAL ADMINISTRATION ,PR,00936-4984,Public       ,83,66,149,83,66,149
00394300,UNIVERSITY OF PUERTO RICO - HUMACAO UNIV,PR,00791-4300,Public       ,454,80,534,454,80,534
00394400,UNIVERSITY OF PUERTO RICO - MAYAGUEZ    ,PR,00680-0000,Public       ,1534,349,1883,1534,349,1883
00501900,UNIV ADVENTISTA DE LAS ANTILLAS         ,PR,00681-0118,Private      ,129,77,206,129,77,206
00502200,BAYAMON CENTRAL UNIVERSITY              ,PR,00960-0000,Private      ,113,109,222,113,109,222
00710800,UNIVERSITY OF PUERTO RICO - RIO PIEDRAS ,PR,00931-3300,Public       ,1691,664,2355,1691,664,2355
00720600,UNIVERSITY OF PUERTO RICO - CAYEY UNIVER,PR,00736-5534,Public       ,971,159,1130,971,159,1130
00722800,UNIVERSITY OF PUERTO RICO - ARECIBO     ,PR,00614-4010,Public       ,776,123,899,776,123,899
00890200,COLUMBIA CENTRO UNIVERSITARIO           ,PR,00726-0000,Proprietary  ,130,88,218,130,88,218
00965200,"UNIVERSITY OF PUERTO RICO, PONCE TECH UN",PR,00716-0000,Public       ,833,141,974,833,141,974
01056700,COLEGIO TECNOLOGICO DE SAN JUAN         ,PR,00918-2973,Public       ,42,67,109,42,67,109
01072400,CARLOS ALBIZU UNIVERSITY                ,PR,00902-3711,Private      ,27,105,132,27,105,132
01081900,CONSERVATORIO DE MUSICA DE PUERTO RICO  ,PR,00907-3373,Public       ,43,20,63,43,20,63
01092200,UNIVERSITY OF PUERTO RICO - UTUADO      ,PR,00641-2500,Public       ,190,45,235,190,45,235
01097500,UNIVERSITY OF PUERTO RICO BAYAMON TECHNI,PR,00959-1911,Public       ,915,125,1040,915,125,1040
01120300,RYDER MEMORIAL HOSP SCH OF NURSING      ,PR,00792-0000,Private      ,5,7,12,5,7,12
01171900,UNIVERSIDAD DEL TURABO                  ,PR,00778-0000,Private      ,833,883,1716,833,883,1716
01194000,ICPR JUNIOR COLLEGE                     ,PR,00919-0000,Proprietary  ,53,117,170,53,117,170
01194100,AMERICAN UNIVERSITY OF PUERTO RICO      ,PR,00960-2037,Private      ,123,69,192,123,69,192
01194101,AMERICAN UNIVERSITY OF PUERTO RICO      ,PR,00674-0000,Private      ,137,87,224,137,87,224
01212300,"UNIVERSITY OF PUERTO RICO, AGUADILLA REG",PR,00604-0160,Public       ,637,144,781,637,144,781
01252500,CARIBBEAN UNIVERSITY                    ,PR,00960-0493,Private      ,269,320,589,269,320,589
02063100,MBTI BUSINESS TRNG INSTITUTE            ,PR,00907-3917,Proprietary  ,12,16,28,12,16,28
02100000,POLYTECHNIC UNIVERSITY OF PR            ,PR,00917-0000,Private      ,371,347,718,371,347,718
02163300,UNIVERSIDAD CENTRAL DEL CARIBE          ,PR,00960-0000,Private      ,35,70,105,35,70,105
02165100,EDP COLLEGE OF PUERTO RICO              ,PR,00919-0000,Private      ,18,97,115,18,97,115
02166000,CENTER FOR ADVANCED STUDIES OF PUER     ,PR,00902-0000,Private      ,3,36,39,3,36,39
02166400,INSTITUTO DE BANCA Y COMERCIO           ,PR,00925-0000,Proprietary  ,449,799,1248,449,799,1248
02170300,INST EDUC TECNIA OCUP LA REINA          ,PR,00674-0000,Proprietary  ,4,3,7,4,3,7
02189100,CENTRO DE ESTUDIOS MULTIDISCIPLIN       ,PR,00926-0000,Private      ,18,42,60,18,42,60
02189300,EMMA'S BEAUTY ACADEMY                   ,PR,00680-0000,Proprietary  ,5,2,7,5,2,7
02195400,MODERN HAIRSTYLING INSTITUTE            ,PR,00961-0000,Proprietary  ,12,3,15,12,3,15
02195500,MODERN HAIRSTYLING INSTITUTE            ,PR,00612-0000,Proprietary  ,2,3,5,2,3,5
02195800,LICEO E ARTE Y TECNOLGIA                ,PR,00919-0000,Proprietary  ,84,81,165,84,81,165
02195900,MODERN HAIRSTYLING INSTITUTE            ,PR,00980-0000,Proprietary  ,4,2,6,4,2,6
02234900,ANTILLES SCHOOL OF TECH CAREERS         ,PR,00909-3006,Proprietary  ,7,14,21,7,14,21
02241901,COMMONWEALTH OF PR DEPT OF EDUC - CARLOS,PR,00986-0000,Public       ,1,2,3,1,2,3
02241904,COMMONWEALTH OF PR DEPT OF EDUC - ITPR R,PR,00655-0000,Public       ,53,67,120,53,67,120
02241905,COMMONWEALTH OF PR DEPT OF EDUC - JOSE A,PR,00674-0000,Public       ,14,14,28,14,14,28
02241907,COMMONWEALTH OF PR DEPT OF EDUC - ITPR R,PR,00928-0000,Public       ,7,17,24,7,17,24
02241908,COMMONWEALTH OF PR DEPT OF EDUC - ITPR R,PR,00732-0000,Public       ,54,42,96,54,42,96
02241909,COMMONWEALTH OF PR DEPT OF EDUC - TROQUE,PR,00959-0000,Public       ,1,2,3,1,2,3
02241910,COMMONWEALTH OF PR DEPT OF EDUC - ITPR R,PR,00701-1091,Public       ,311,125,436,311,125,436
02260600,NATIONAL COLLEGE OF BUSINESS & TECH     ,PR,00960-2036,Proprietary  ,567,1127,1694,567,1127,1694
02260800,HUERTAS JUNIOR COLLEGE                  ,PR,00726-0000,Proprietary  ,31,38,69,31,38,69
02297700,AUTOMECA TECHNICAL COLLEGE              ,PR,00957-0000,Proprietary  ,58,26,84,58,26,84
02303800,AMERICAN EDUCATIONAL COLLEGE            ,PR,00961-0000,Proprietary  ,5,3,8,5,3,8
02335500,COLEGIO BIBLICO PENTECOSTAL DE PR       ,PR,00978-0000,Private      ,1,9,10,1,9,10
02340600,HUMACAO COMMUNITY COLLEGE               ,PR,00792-0000,Private      ,135,158,293,135,158,293
02343600,INSTITUTE OF BEAUTY CAREERS             ,PR,00613-0000,Proprietary  ,3,10,13,3,10,13
02460000,UNIVERSITY OF PUERTO RICO - MEDICAL SCIE,PR,00936-0000,Public       ,145,162,307,145,162,307
02482400,PONCE SCHOOL OF MEDICINE AND HEALTH SCIE,PR,00716-2347,Private      ,41,146,187,41,146,187
02502400,SERBIA'S SCHOOL OF BEAUTY CULTURE       ,PR,00785-0000,Proprietary  ,7,30,37,7,30,37
02504500,INSTITUCION CHAVIANO DE MAYAGUEZ        ,PR,00708-0000,Proprietary  ,3,7,10,3,7,10
02505400,ATLANTIC COLLEGE                        ,PR,00970-0000,Private      ,70,17,87,70,17,87
02534900,PONCE PARAMEDICAL COLLEGE (POPAC)       ,PR,00731-0000,Proprietary  ,91,80,171,91,80,171
02552300,COLEGIO MAYOR DE TECHNOLOGIA            ,PR,00714-0000,Proprietary  ,21,19,40,21,19,40
02562500,INTERNATIONAL TECHNICAL COLLEGE         ,PR,00918-0000,Proprietary  ,5,9,14,5,9,14
02563500,ROGIES SCHOOL OF BEAUTY CULTURE         ,PR,00910-0000,Proprietary  ,1,1,2,1,1,2
02569400,ESCUELA DE ARTES PLASTICAS              ,PR,00902-1112,Public       ,133,49,182,133,49,182
02570400,EDUCATIONAL TECHNICAL COLLEGE           ,PR,00925-3404,Proprietary  ,7,3,10,7,3,10
02576100,ESCUELA TECNICA DE ELECTRICIDAD         ,PR,00731-0000,Proprietary  ,22,45,67,22,45,67
02587500,UNIVERSIDAD METROPOLITANA               ,PR,00928-0000,Private      ,681,681,1362,681,681,1362
02588600,SEMINARIO EVANGELICO DE PUERTO RICO     ,PR,00925-0000,Private      ,0,9,9,0,9,9
02593700,HISPANIC AMERICAN COLLEGE               ,PR,00725-0000,Proprietary  ,4,10,14,4,10,14
03016000,UNIVERSITY OF PUERTO RICO CAROLINA REGIO,PR,00985-0000,Public       ,616,123,739,616,123,739
03021900,EDIC COLLEGE                            ,PR,00726-0000,Proprietary  ,20,10,30,20,10,30
03025500,MECH TECH COLLEGE                       ,PR,00725-6118,Proprietary  ,255,194,449,255,194,449
03025900,"LICEO DE ARTE, DISENOS Y COMERCIO       ",PR,00726-0000,Proprietary  ,21,15,36,21,15,36
03029700,"UNIVERSAL TECHNOLOGY CLG OF PR, INC     ",PR,00605-1955,Private      ,43,106,149,43,106,149
03061900,COLEGIO TECHNOLOGICO Y COMERCIAL        ,PR,00602-0960,Proprietary  ,1,2,3,1,2,3
03068400,STAR BEAUTY ACADEMY                     ,PR,00961-6312,Proprietary  ,2,0,2,2,0,2
03070500,D'MART INSTITUTE                        ,PR,00794-3517,Proprietary  ,95,188,283,95,188,283
03075600,EMMA'S BEAUTY ACADEMY                   ,PR,00795-0000,Proprietary  ,4,6,10,4,6,10
03085700,PROFESSIONAL TECHNICAL INSTITUTION      ,PR,00960-7061,Proprietary  ,4,2,6,4,2,6
03104400,PROFESSIONAL ELECTRIC SCHOOL            ,PR,00674-1797,Proprietary  ,5,4,9,5,4,9
03106900,ESCUELA DE PERITOS ELECTRICITAS         ,PR,00662-0457,Proprietary  ,1,0,1,1,0,1
03112100,JOHN DEWEY COLLEGE                      ,PR,00915-9538,Private      ,80,244,324,80,244,324
03112101,JOHN DEWEY COLLEGE                      ,PR,00986-0000,Private      ,28,76,104,28,76,104
03112102,JOHN DEWEY COLLEGE-BAYAMON CAMPUS       ,PR,00959-0000,Private      ,8,8,16,8,8,16
03112104,JOHN DEWEY COLLEGE - YABUCOA LRNING SITE,PR,00767-0767,Private      ,6,12,18,6,12,18
03112105,JOHN DEWEY COLLEGE - FAJARDO BRANCH     ,PR,00738-0738,Private      ,23,42,65,23,42,65
03112106,JOHN DEWEY COLLEGE - ARROYO BRANCH      ,PR,00714-0714,Private      ,1,1,2,1,1,2
03112107,JOHN DEWEY COLLEGE - JUANA DIAZ BRANCH  ,PR,00795-0000,Private      ,14,7,21,14,7,21
03112108,JOHN DEWEY COLLEGE - HATILLO CAMPUS     ,PR,00659-0000,Private      ,2,23,25,2,23,25
03112109,JOHN DEWEY COLLEGE - MANATI             ,PR,00674-0000,Private      ,6,8,14,6,8,14
03115900,TRINITY COLLEGE OF PUERTO RICO          ,PR,00734-0000,Private      ,8,5,13,8,5,13
03122500,ACADEMIA SERRANT INC.                   ,PR,00717-1568,Proprietary  ,9,24,33,9,24,33
03124200,NOVA COLLEGE DE PUERTO RICO             ,PR,00960-4016,Proprietary  ,12,12,24,12,12,24
03157600,"COLEGIO DE CINEMATOGRAFIA, ARTES Y TELEV",PR,00961-6345,Proprietary  ,25,20,45,25,20,45
03177300,SAN JUAN BAUTISTA SCH OF MEDICINE       ,PR,00726-0000,Private      ,6,109,115,6,109,115
03336300,CENTURY COLLEGE                         ,PR,00603-0000,Proprietary  ,3,6,9,3,6,9
03414300,MONTECLARO                              ,PR,00745-9612,Private      ,2,4,6,2,4,6
03452300,INSTITUTO PRE-VOCACIONAL E INDUSTRI     ,PR,00613-1800,Private      ,1,0,1,1,0,1
03469300,IVAEM COLLEGE                           ,PR,00725-0000,Proprietary  ,26,20,46,26,20,46
03531300,UNIVERSIDAD PENTECOSTAL MIZPA           ,PR,00928-0966,Private      ,4,21,25,4,21,25
03544300,ATENAS COLLEGE                          ,PR,00674-0000,Private      ,97,88,185,97,88,185
03585300,CENTRO DE CAPACITACION Y ASESORAMIE     ,PR,00612-0000,Private      ,1,3,4,1,3,4
03608300,CARIBBEAN FORENSIC & TECHNICAL COLL     ,PR,00926-0000,Proprietary  ,6,6,12,6,6,12
03638300,ROSSLYN TRAINING ACADEMY OF COSMETOLOGY ,PR,00602-3225,Proprietary  ,1,0,1,1,0,1
03735400,"CHARLIES GUARD,DETECTIVE BUREAU&ACA     ",PR,00605-0000,Proprietary  ,3,1,4,3,1,4
03751300,ESCUELA HOTELERA DE SAN JUAN            ,PR,00917-0091,Proprietary  ,48,22,70,48,22,70
03758300,BAYAMON COMMUNITY COLLEGE               ,PR,00960-0000,Proprietary  ,4,5,9,4,5,9
03781400,INDUSTRIAL TECHNICAL COLLEGE            ,PR,00792-0000,Proprietary  ,2,2,4,2,2,4
03785300,J.G. GUAYNABO TECHNICAL COLLEGE         ,PR,00960-0000,Proprietary  ,10,21,31,10,21,31
03800300,COLEGIO TECNICO DE ELECTRICIDAD GALLOSA ,PR,00602-0000,Proprietary  ,0,2,2,0,2,2
03800400,INSTITUTE OF BEAUTY OCCUPATIONS AND TECH,PR,00676-5071,Proprietary  ,1,2,3,1,2,3
03843300,ADVANCED TECH COLLEGE                   ,PR,00961-6321,Proprietary  ,4,11,15,4,11,15
03849300,AGUADILLA TECHNICAL COLLEGE             ,PR,00603-0000,Proprietary  ,8,8,16,8,8,16
03965400,MYRANGEL BEAUTY INSTITUTE               ,PR,00754-3917,Proprietary  ,2,0,2,2,0,2
04030300,"ASPIRA DE PUERTO RICO, ACADEMIA DE TECNO",PR,00987-0000,Private      ,2,4,6,2,4,6
04107300,CARIB TECHNOLOGICAL INSTITUTE           ,PR,00960-0000,Proprietary  ,0,1,1,0,1,1
04117200,INSTITUTO EDUCATIVO PREMIER             ,PR,00731-0000,Proprietary  ,3,9,12,3,9,12
04131600,LIBERTY TECHNICAL COLLEGE               ,PR,00737-1298,Proprietary  ,5,7,12,5,7,12
04176000,AMERICAN TECHNICAL INSTITUTE            ,PR,00957-0000,Proprietary  ,0,2,2,0,2,2
00394600,UNIVERSITY OF THE VIRGIN ISLANDS        ,VI,00802-6000,Public       ,669,370,1039,669,370,1039
00394601,UNIV OF THE VIRGIN ISLANDS-ST CROIX     ,VI,00850-0000,Public       ,307,282,589,307,282,589
00667700,MCGILL UNIVERSITY                       ,CN,00000-0000,Public       ,1195,249,1444,1195,249,1444
00667900,QUEEN'S UNIVERSITY AT KINGSTON          ,CN,00000-0000,Public       ,83,26,109,83,26,109
00668100,ST FRANCIS XAVIER UNIVERSITY            ,CN,00000-0000,Public       ,17,5,22,17,5,22
00668200,ST THOMAS UNIVERSITY                    ,CN,00000-0000,Public       ,31,2,33,31,2,33
00668300,UNIVERSITY OF GUELPH                    ,CN,00000-0000,Public       ,38,38,76,38,38,76
00668400,UNIVERSITY OF MANITOBA                  ,CN,00000-0000,Public       ,33,22,55,33,22,55
00668500,UNIVERSITY OF NEW BRUNSWICK (THE)       ,CN,00000-0000,Public       ,19,10,29,19,10,29
00668600,UNIVERSITY OF OTTAWA                    ,CN,00000-0000,Public       ,32,37,69,32,37,69
00668800,UNIVERSITY OF TORONTO                   ,CN,00000-0000,Public       ,251,233,484,251,233,484
00668900,UNIVERSITY OF WINDSOR                   ,CN,00000-0000,Public       ,17,18,35,17,18,35
00683700,UNIVERSITE LAVAL                        ,CN,00000-0000,Public       ,4,17,21,4,17,21
00683800,DALHOUSIE UNIVERSITY                    ,CN,00000-0000,Public       ,96,21,117,96,21,117
00685200,BISHOP'S UNIVERSITY                     ,CN,00000-0000,Private      ,51,3,54,51,3,54
00685300,MCMASTER UNIVERSITY                     ,CN,00000-0000,Public       ,21,15,36,21,15,36
00767900,YORK UNIVERSITY                         ,CN,00000-0000,Public       ,59,49,108,59,49,108
00787400,UNIVERSITY AT CALGARY (THE)             ,CN,00000-0000,Public       ,31,31,62,31,31,62
00814800,UNIVERSITY OF WINNIPEG                  ,CN,00000-0000,Public       ,17,8,25,17,8,25
00836200,UNIVERSITY OF ALBERTA (THE)             ,CN,00000-0000,Public       ,37,27,64,37,27,64
00836300,MOUNT SAINT VINCENT UNIVERSITY          ,CN,00000-0000,Public       ,7,2,9,7,2,9
00836400,SAINT MARY'S UNIVERSITY                 ,CN,00000-0000,Public       ,11,7,18,11,7,18
00836500,CONCORDIA UNIVERSITY - SIR GEORGE W     ,CN,00000-0000,Public       ,175,85,260,175,85,260
00836600,UNIVERSITE DE MONTREAL                  ,CN,00000-0000,Public       ,12,27,39,12,27,39
00836800,CARLETON UNIVERSITY                     ,CN,00000-0000,Public       ,43,22,65,43,22,65
00836900,UNIVERSITY OF BRITISH COLUMBIA          ,CN,00000-0000,Public       ,657,318,975,657,318,975
00837000,"SAFA, UNIVERSITY OF VICTORIA            ",CN,00000-0000,Public       ,113,38,151,113,38,151
00844400,SIMON FRASER UNIVERSITY                 ,CN,00000-0000,Public       ,103,54,157,103,54,157
00844600,UNIVERSITY OF WESTERN ONTARIO (THE)     ,CN,00000-0000,Public       ,39,37,76,39,37,76
00844800,UNIVERSITY OF REGINA                    ,CN,00000-0000,Public       ,4,4,8,4,4,8
00844900,ACADIA UNIVERSITY                       ,CN,00000-0000,Public       ,36,7,43,36,7,43
00852600,UNIVERSITY OF WATERLOO                  ,CN,00000-0000,Public       ,47,18,65,47,18,65
00858200,WILFRID LAURIER UNIVERSITY              ,CN,00000-0000,Public       ,6,4,10,6,4,10
00891300,LAKEHEAD UNIVERSITY                     ,CN,00000-0000,Public       ,2,2,4,2,2,4
00911900,UNIVERSITE DE MONCTON                   ,CN,00000-0000,Public       ,1,1,2,1,1,2
00925200,BROCK UNIVERSITY                        ,CN,00000-0000,Public       ,10,9,19,10,9,19
00936700,UNIVERSITY OF PRINCE EDWARD ISLAND      ,CN,00000-0000,Public       ,15,66,81,15,66,81
00942100,BRANDON UNIVERSITY                      ,CN,00000-0000,Public       ,6,9,15,6,9,15
00948600,TRINITY WESTERN UNIVERSITY              ,CN,00000-0000,Private      ,107,29,136,107,29,136
00950000,MEMORIAL UNIVERSITY OF NEWFOUNDLAND     ,CN,00000-0000,Public       ,8,17,25,8,17,25
00950100,UNIVERSITY OF KING'S COLLEGE            ,CN,00000-0000,Public       ,24,2,26,24,2,26
00950300,MOUNT ALLISON UNIVERSITY                ,CN,00000-0000,Public       ,16,0,16,16,0,16
00950400,NOVA SCOTIA AGRICULTURAL COLLEGE        ,CN,00000-0000,Public       ,1,1,2,1,1,2
00950500,TRENT UNIVERSITY                        ,CN,00000-0000,Public       ,7,2,9,7,2,9
00969800,MEDICINE HAT COLLEGE                    ,CN,00000-0000,Public       ,3,2,5,3,2,5
01012300,NOVA SCOTIA COLLEGE OF ART & DESIGN     ,CN,00000-0000,Public       ,11,5,16,11,5,16
01022100,SAINT PAUL UNIVERSITY                   ,CN,00000-0000,Public       ,1,8,9,1,8,9
01045800,SHERIDAN COLLEGE OF APPLIED ARTS AN     ,CN,00000-0000,Public       ,34,9,43,34,9,43
01067500,REGENT COLLEGE                          ,CN,00000-0000,Private      ,7,34,41,7,34,41
01070300,UNIVERSITY OF LETHBRIDGE                ,CN,00000-0000,Public       ,4,1,5,4,1,5
01072000,RYERSON UNIVERSITY                      ,CN,00000-0000,Public       ,41,28,69,41,28,69
01172200,BRIERCREST BIBLE COLLEGE                ,CN,00000-0000,Private      ,2,1,3,2,1,3
01222800,HUMBER COLLEGE                          ,CN,00000-0000,Public       ,22,26,48,22,26,48
01227400,PROVIDENCE COLLEGE                      ,CN,00000-0000,Private      ,24,2,26,24,2,26
02102100,KINGSWOOD UNIVERSITY                    ,CN,00000-0000,Private      ,27,3,30,27,3,30
02167000,PRAIRIE BIBLE INST                      ,CN,00000-0000,Private      ,9,2,11,9,2,11
02184600,INSTITUTE FOR CHRISTIAN STUDIES         ,CN,00000-0000,Private      ,1,0,1,1,0,1
02195700,TAYLOR UNIVERSITY COLLEGE AND SEMINARY  ,CN,00000-0000,Private      ,1,4,5,1,4,5
02201100,COLUMBIA BIBLE COLLEGE                  ,CN,00000-0000,Private      ,8,4,12,8,4,12
02216400,TYNDALE COLLEGE & SEMINARY              ,CN,00000-0000,Private      ,5,7,12,5,7,12
02219200,UNIVERSITY OF SASKATCHEWAN              ,CN,00000-0000,Public       ,9,16,25,9,16,25
02324900,EMMANUEL BIBLE COLLEGE                  ,CN,00000-0000,Private      ,1,1,2,1,1,2
02338800,EMILY CARR UNIVERSITY OF ART AND DESIGN ,CN,00000-0000,Public       ,44,26,70,44,26,70
02577200,SALVATION ARMY WM & CATHERINE BOOTH     ,CN,00000-0000,Private      ,1,0,1,1,0,1
02593800,CONCORDIA UNIVERSITY COLLEGE            ,CN,00000-0000,Private      ,6,6,12,6,6,12
02611900,THE KING'S UNIVERSITY COLLEGE           ,CN,00000-0000,Private      ,2,6,8,2,6,8
03033800,UNIVERSITY COLLEGE OF CAPE BRETON       ,CN,00000-0000,Public       ,5,3,8,5,3,8
03078300,VANCOUVER SCHOOL OF THEOLOGY            ,CN,00000-0000,Private      ,0,5,5,0,5,5
03273300,CANADIAN COLLEGE OF NATUROPATHIC ME     ,CN,00000-0000,Private      ,1,7,8,1,7,8
03298300,ALBERTA COLLEGE OF ART & DESIGN         ,CN,00000-0000,Public       ,18,11,29,18,11,29
03332500,KWANTLEN UNIVERSITY COLLEGE             ,CN,00000-0000,Public       ,1,5,6,1,5,6
03335400,CANADIAN UNIVERSITY COLLEGE             ,CN,00000-0000,Private      ,31,7,38,31,7,38
03348500,REDEEMER UNIVERSITY COLLEGE             ,CN,00000-0000,Private      ,9,1,10,9,1,10
03420300,HOLLAND COLLEGE                         ,CN,00000-0000,Public       ,7,2,9,7,2,9
03560400,NIAGARA COLLEGE-WELLAND CAMPUS          ,CN,00000-0000,Public       ,5,7,12,5,7,12
03613300,UNIV OF NORTHERN BRITISH COLUMBIA       ,CN,00000-0000,Public       ,5,7,12,5,7,12
03644400,CANADIAN MENNONITE UNIVERSITY           ,CN,00000-0000,Private      ,4,0,4,4,0,4
03674400,CANADIAN SOUTHERN BAPTIST SEMINARY      ,CN,00000-0000,Private      ,1,1,2,1,1,2
03711300,CAPILANO UNIVERSITY                     ,CN,00000-0000,Public       ,6,8,14,6,8,14
03846300,PACIFIC LIFE BIBLE COLLEGE              ,CN,00000-0000,Private      ,2,3,5,2,3,5
03847300,CRANDALL UNIVERSITY                     ,CN,00000-0000,Private      ,1,1,2,1,1,2
04075300,QUEST UNIVERSITY CANADA                 ,CN,00000-0000,Private      ,103,2,105,103,2,105
04123100,ATLANTIC SCHOOL OF THEOLOGY             ,CN,00000-0000,Public       ,1,1,2,1,1,2
04156700,AMBROSE UNIVERSITY COLLEGE              ,CN,00000-0000,Private      ,6,2,8,6,2,8
00814700,UNIVERSIDAD AUTONOMA DE GUADALAJARA     ,MX,00000-0000,Private      ,58,379,437,58,379,437
01041800,INST TEC Y DE ESTSUPER DE MONTERRE      ,MX,00000-0000,Private      ,33,34,67,33,34,67
01067600,UNIVERSIDAD DE MONTERREY                ,MX,00000-0000,Private      ,18,22,40,18,22,40
01093800,UNIVERSIDAD DE GUANAJUATO               ,MX,00000-0000,Public       ,17,25,42,17,25,42
02053300,CENTRO DE ESTUDIOS UNIVERSITARIOS D     ,MX,00000-0000,Private      ,26,25,51,26,25,51
04183900,CETYS UNIVERSIDAD                       ,MX,00000-0000,Private      ,63,25,88,63,25,88
01001000,AMERICAN SAMOA CMNTY COLLEGE            ,AS,96799-2609,Public       ,169,90,259,169,90,259
01034300,COLLEGE OF MICRONESIA - FSM             ,FM,96941-0159,Public       ,252,88,340,252,88,340
01100900,PALAU COMMUNITY COLLEGE                 ,PW,96940-0009,Public       ,298,84,382,298,84,382
03022400,COLLEGE OF THE MARSHALL ISLANDS         ,MH,96960-1258,Public       ,37,35,72,37,35,72
03033000,NORTHERN MARIANAS COLLEGE               ,MP,96950-0000,Public       ,118,81,199,118,81,199
