OPE ID,School,State,Zip Code,School Type,20142015Qtr1_Dependent Students,20142015Qtr1_Independent Students,Quarterly Total,YTD_20142015Qtr1_Dependent Students,YTD_20142015Qtr1_nan,Independent Students,Award Year To Date Total
00100200,ALABAMA AGRCLTL & MECHL UNIV            ,AL,35762-1357,Public       ,3633,1215,4848,3633,,1215,4848
00100300,FAULKNER UNIVERSITY                     ,AL,36109-3398,Private      ,1331,1171,2502,1331,,1171,2502
00100400,UNIVERSITY OF MONTEVALLO                ,AL,35115-6000,Public       ,1491,546,2037,1491,,546,2037
00100500,ALABAMA STATE UNIVERSITY                ,AL,36101-0000,Public       ,5408,2002,7410,5408,,2002,7410
00100700,CENTRAL ALABAMA COMMUNITY COLLEGE       ,AL,35011-0000,Public       ,693,426,1119,693,,426,1119
00100800,ATHENS STATE UNIVERSITY                 ,AL,35611-1999,Public       ,362,1017,1379,362,,1017,1379
00100900,AUBURN UNIVERSITY                       ,AL,36849-5113,Public       ,13566,3047,16613,13566,,3047,16613
00101200,BIRMINGHAM SOUTHERN COLLEGE             ,AL,35254-0002,Private      ,1549,280,1829,1549,,280,1829
00101300,CALHOUN COMMUNITY COLLEGE               ,AL,35609-0000,Public       ,1876,2013,3889,1876,,2013,3889
00101500,ENTERPRISE STATE COMMUNITY COLLEGE      ,AL,36331-1300,Public       ,584,420,1004,584,,420,1004
00101600,UNIVERSITY OF NORTH ALABAMA             ,AL,35632-0001,Public       ,2529,928,3457,2529,,928,3457
00101700,GADSDEN STATE COMMUNITY COLLEGE         ,AL,35903-2269,Public       ,1263,1376,2639,1263,,1376,2639
00101800,GEORGE C WALLACE COMMUNITY COLLEGE      ,AL,36303-0943,Public       ,898,1008,1906,898,,1008,1906
00101900,HUNTINGDON COLLEGE                      ,AL,36106-2148,Private      ,824,255,1079,824,,255,1079
00102000,JACKSONVILLE STATE UNIVERSITY           ,AL,36265-1602,Public       ,3817,1684,5501,3817,,1684,5501
00102100,JEFFERSON DAVIS COMMUNITY COLLEGE       ,AL,36427-2790,Public       ,189,236,425,189,,236,425
00102200,JEFFERSON STATE COMMUNITY COLLEGE       ,AL,35215-3098,Public       ,1696,2372,4068,1696,,2372,4068
00102300,JUDSON COLLEGE                          ,AL,36756-2504,Private      ,195,64,259,195,,64,259
00102400,UNIVERSITY OF WEST ALABAMA              ,AL,35470-0000,Public       ,1311,1124,2435,1311,,1124,2435
00102600,MARION MILITARY INSTITUTE               ,AL,36756-3214,Public       ,282,31,313,282,,31,313
00102800,MILES COLLEGE                           ,AL,35064-2697,Private      ,1290,459,1749,1290,,459,1749
00102900,UNIVERSITY OF MOBILE                    ,AL,36613-0000,Private      ,958,583,1541,958,,583,1541
00103000,BISHOP STATE COMMUNITY COLLEGE          ,AL,36603-5898,Public       ,718,1198,1916,718,,1198,1916
00103100,NORTHEAST ALABAMA STATE CMNTY COLG      ,AL,35986-0159,Public       ,431,347,778,431,,347,778
00103300,OAKWOOD COLLEGE                         ,AL,35896-0001,Private      ,927,378,1305,927,,378,1305
00103400,ALABAMA SOUTHERN COMMUNITY COLLEGE      ,AL,36460-5698,Public       ,407,249,656,407,,249,656
00103600,SAMFORD UNIVERSITY                      ,AL,35229-7000,Private      ,2859,1210,4069,2859,,1210,4069
00103800,SNEAD STATE COMMUNITY COLLEGE           ,AL,35957-0734,Public       ,844,504,1348,844,,504,1348
00104000,SOUTHERN UNION STATE COMMUNITY CLG      ,AL,36276-0000,Public       ,1608,1005,2613,1608,,1005,2613
00104100,SPRING HILL COLLEGE                     ,AL,36608-1791,Private      ,1791,319,2110,1791,,319,2110
00104400,STILLMAN COLLEGE                        ,AL,35403-0000,Private      ,986,279,1265,986,,279,1265
00104600,TALLADEGA COLLEGE                       ,AL,35160-2354,Private      ,654,200,854,654,,200,854
00104700,TROY UNIVERSITY                         ,AL,36082-0001,Public       ,4459,5320,9779,4459,,5320,9779
00105000,TUSKEGEE UNIVERSITY                     ,AL,36088-1645,Private      ,3515,804,4319,3515,,804,4319
00105100,UNIVERSITY OF ALABAMA (THE)             ,AL,35487-0120,Public       ,19729,4992,24721,19729,,4992,24721
00105200,UNIVERSITY OF ALABAMA AT BIRMINGHAM     ,AL,35294-1150,Public       ,6918,4736,11654,6918,,4736,11654
00105500,UNIVERSITY OF ALABAMA IN HUNTSVILLE     ,AL,35899-0001,Public       ,2726,1493,4219,2726,,1493,4219
00105700,UNIVERSITY OF SOUTH ALABAMA             ,AL,36688-0002,Public       ,5341,3417,8758,5341,,3417,8758
00105900,LAWSON STATE COMMUNITY COLLEGE          ,AL,35221-1798,Public       ,736,887,1623,736,,887,1623
00105901,LAWSON STATE COMMUNITY COLLEGE - BESSEME,AL,35021-0308,Public       ,274,400,674,274,,400,674
00106000,FAULKNER STATE COMMUNITY COLLEGE        ,AL,36507-2698,Public       ,1217,1031,2248,1217,,1031,2248
00526000,J.F. DRAKE STATE TECH COLLEGE           ,AL,35811-1584,Public       ,188,505,693,188,,505,693
00569100,SHELTON STATE COMMUNITY CLG             ,AL,35405-4017,Public       ,1515,1111,2626,1515,,1111,2626
00569200,REID STATE TECHNICAL COLLEGE            ,AL,36401-0000,Public       ,69,154,223,69,,154,223
00569700,NORTHWEST- SHOALS COMMUNITY COLLEGE     ,AL,35661-0000,Public       ,789,524,1313,789,,524,1313
00569900,GEORGE C WALLACE STATE CMTY COLLEGE     ,AL,36703-0000,Public       ,358,389,747,358,,389,747
00573300,BEVILL STATE CMTY COLLEGE-WALKER        ,AL,35148-0000,Public       ,1029,820,1849,1029,,820,1849
00573400,H. COUNCILL TRENHOLM STATE TECH COLLEGE ,AL,36108-0020,Public       ,235,492,727,235,,492,727
00573401,H. C. TRENHOLM ST TECH COL-PATTERSON CAM,AL,36116-2612,Public       ,156,321,477,156,,321,477
00787100,GEORGE C WALLACE STATE CMTY CLG         ,AL,35077-2000,Public       ,1266,1055,2321,1266,,1055,2321
00831000,AUBURN UNIVERSITY-MONTGOMERY            ,AL,36124-0000,Public       ,2684,1878,4562,2684,,1878,4562
00898800,LURLEEN B WALLACE COMMUNITY COLLEGE     ,AL,36420-0418,Public       ,556,337,893,556,,337,893
01055400,CONCORDIA COLLEGE                       ,AL,36701-3323,Private      ,217,123,340,217,,123,340
01218200,CHATTAHOOCHEE VALLEY CMTY CLG           ,AL,36869-7917,Public       ,410,597,1007,410,,597,1007
01303906,SOUTH UNIVERSITY - MONTGOMERY           ,AL,36116-1120,Proprietary  ,120,395,515,120,,395,515
02170600,UNITED STATES SPORTS ACADEMY            ,AL,36526-7055,Private      ,16,222,238,16,,222,238
02199700,HERITAGE CHRISTIAN UNIVERSITY           ,AL,35630-0000,Private      ,11,16,27,11,,16,27
02270400,SOUTHEASTERN BIBLE COLLEGE              ,AL,35244-2083,Private      ,49,92,141,49,,92,141
02285000,PAUL MITCHELL THE SCHOOL HUNTSVILLE     ,AL,35758-0000,Proprietary  ,29,55,84,29,,55,84
02296000,PRINCE INSTITUTE OF PROFESSIONAL STUDIES,AL,36117-0000,Proprietary  ,15,77,92,15,,77,92
02341000,FORTIS COLLEGE                          ,AL,36609-0000,Proprietary  ,152,626,778,152,,626,778
02503400,AMRIDGE UNIVERSITY                      ,AL,36124-0000,Private      ,27,275,302,27,,275,302
03010600,VIRGINIA COLLEGE                        ,AL,35209-5154,Proprietary  ,572,4165,4737,572,,4165,4737
03010602,VIRGINIA COLLEGE - HUNTSVILLE           ,AL,35805-0000,Proprietary  ,66,267,333,66,,267,333
03010607,VIRGINIA COLLEGE - MOBILE               ,AL,36608-1626,Proprietary  ,95,278,373,95,,278,373
03010616,VIRGINIA COLLEGE - MONTGOMERY           ,AL,36117-2802,Proprietary  ,109,519,628,109,,519,628
03026516,REMINGTON COLLEGE - MOBILE              ,AL,36609-5593,Private      ,92,193,285,92,,193,285
03032500,ALABAMA STATE CLG BARBER STYLING        ,AL,35215-0000,Proprietary  ,55,49,104,55,,49,104
03361400,FORTIS COLLEGE                          ,AL,36535-0000,Proprietary  ,33,123,156,33,,123,156
03459300,SOUTHEASTERN SCHOOL OF COSMETOLOGY      ,AL,35228-0000,Private      ,15,37,52,15,,37,52
03783300,BLUE CLIFF CAREER COLLEGE               ,AL,63306-4749,Proprietary  ,20,80,100,20,,80,100
03894300,HUNTSVILLE BIBLE COLLEGE                ,AL,35811-0000,Private      ,10,57,67,10,,57,67
04066300,CARDIAC AND VASCULAR INSTITUTE OF ULTRAS,AL,36604-1411,Proprietary  ,20,76,96,20,,76,96
04067300,SELMA UNIVERSITY                        ,AL,36701-0000,Private      ,74,171,245,74,,171,245
04121500,COLUMBIA SOUTHERN UNIVERSITY            ,AL,36561-3815,Proprietary  ,192,5448,5640,192,,5448,5640
04149200,XCELL ACADEMY-A PAUL MITCHELL PARTNER SC,AL,35216-4990,Proprietary  ,33,78,111,33,,78,111
04187200,NEW BEGINNING COLLEGE OF COSMETOLOGY    ,AL,35950-2415,Proprietary  ,31,36,67,31,,36,67
04187300,HAIR ACADEMY (THE)                      ,AL,36111-2201,Proprietary  ,14,34,48,14,,34,48
04197500,UNIVERSITY ACADEMY OF HAIR DESIGN       ,AL,35476-3100,Proprietary  ,16,17,33,16,,17,33
04211000,SALON PROFESSIONAL ACADEMY (THE)        ,AL,35816-1849,Proprietary  ,21,54,75,21,,54,75
04217900,NUNATION SCHOOL OF COSMETOLOGY          ,AL,35064-2222,Proprietary  ,0,5,5,0,,5,5
00111100,ALLAN HANCOCK COLLEGE                   ,CA,93454-6399,Public       ,3004,2035,5039,3004,,2035,5039
00111300,ANTELOPE VALLEY COLLEGE                 ,CA,93536-5426,Public       ,4433,4809,9242,4433,,4809,9242
00111600,ART CENTER COLLEGE OF DESIGN            ,CA,91103-1999,Private      ,1504,928,2432,1504,,928,2432
00111700,AZUSA PACIFIC UNIVERSITY                ,CA,91702-7000,Private      ,8805,4849,13654,8805,,4849,13654
00111800,BAKERSFIELD COLLEGE                     ,CA,93305-1299,Public       ,8215,5308,13523,8215,,5308,13523
00111900,BARSTOW COMMUNITY COLLEGE               ,CA,92311-6608,Public       ,689,1273,1962,689,,1273,1962
00112000,AMER BAPT SEM OF THE WEST-BERKELEY      ,CA,94704-0000,Private      ,9,20,29,9,,20,29
00112200,BIOLA UNIVERSITY                        ,CA,90639-0001,Private      ,5526,1381,6907,5526,,1381,6907
00112300,BROOKS INSTITUTE                        ,CA,93103-1809,Proprietary  ,364,186,550,364,,186,550
00112400,CABRILLO COLLEGE                        ,CA,95003-3194,Public       ,3453,2341,5794,3453,,2341,5794
00112500,CALIFORNIA BAPTIST UNIVERSITY           ,CA,92504-3297,Private      ,6779,3519,10298,6779,,3519,10298
00112700,CALIFORNIA COLLEGE OF THE ARTS          ,CA,94107-2206,Private      ,1925,1124,3049,1925,,1124,3049
00113100,CALIFORNIA INSTITUTE OF TECHNOLOGY      ,CA,91125-0001,Private      ,3525,493,4018,3525,,493,4018
00113200,CALIFORNIA INSTITUTE OF THE ARTS        ,CA,91355-2397,Private      ,2307,1304,3611,2307,,1304,3611
00113300,CALIFORNIA LUTHERAN UNIVERSITY          ,CA,91360-2787,Private      ,4746,930,5676,4746,,930,5676
00113400,CALIFORNIA MARITIME ACADEMY             ,CA,94590-8181,Public       ,1126,330,1456,1126,,330,1456
00113700,CALIF STATE UNIV-FULLERTON              ,CA,92831-3599,Public       ,47204,17992,65196,47204,,17992,65196
00113800,"CALIFORNIA STATE UNIVERSITY, EAST BAY   ",CA,94542-3000,Public       ,16439,10104,26543,16439,,10104,26543
00113900,CALIF STATE UNIV-LONG BEACH             ,CA,90840-0006,Public       ,55753,20485,76238,55753,,20485,76238
00114000,CALIF STATE UNIV-LOS ANGELES            ,CA,90032-4226,Public       ,35508,17593,53101,35508,,17593,53101
00114100,"CALIF STATE UNIV, DOMINGUEZ HILLS       ",CA,90747-0001,Public       ,18234,12149,30383,18234,,12149,30383
00114200,CALIF STATE UNIV SAN BERNARDINO         ,CA,92407-2397,Public       ,20366,10228,30594,20366,,10228,30594
00114300,CAL POLY STATE UNIVERSITY               ,CA,93407-0001,Public       ,38789,3882,42671,38789,,3882,42671
00114400,CALIF STATE POLYTECHNIC UNIV POMONA     ,CA,91768-2500,Public       ,35088,9607,44695,35088,,9607,44695
00114600,CALIF STATE UNIV - CHICO                ,CA,95929-0001,Public       ,22505,5480,27985,22505,,5480,27985
00114700,CALIF STATE UNIV - FRESNO               ,CA,93740-8026,Public       ,25383,9472,34855,25383,,9472,34855
00114900,HUMBOLDT STATE UNIVERSITY               ,CA,95521-8299,Public       ,12773,3599,16372,12773,,3599,16372
00115000,CALIF STATE UNIV-SACRAMENTO             ,CA,95819-6044,Public       ,31539,15177,46716,31539,,15177,46716
00115100,SAN DIEGO STATE UNIVERSITY              ,CA,92182-1690,Public       ,54333,15523,69856,54333,,15523,69856
00115300,CALIF STATE UNIV-NORTHRIDGE             ,CA,91330-8307,Public       ,43159,17174,60333,43159,,17174,60333
00115400,SAN FRANCISCO STATE UNIVERSITY          ,CA,94132-1740,Public       ,34794,13601,48395,34794,,13601,48395
00115500,SAN JOSE STATE UNIVERSITY               ,CA,95192-0036,Public       ,32341,12562,44903,32341,,12562,44903
00115600,SONOMA STATE UNIVERSITY                 ,CA,94928-3609,Public       ,13040,2770,15810,13040,,2770,15810
00115700,CALIF STATE UNIV-STANISLAUS             ,CA,95382-0299,Public       ,9832,4718,14550,9832,,4718,14550
00116100,CERRITOS COLLEGE                        ,CA,90650-6296,Public       ,12758,6849,19607,12758,,6849,19607
00116200,CHABOT COLLEGE                          ,CA,94545-2400,Public       ,4416,3152,7568,4416,,3152,7568
00116300,CHAFFEY COLLEGE                         ,CA,91737-9400,Public       ,10152,6692,16844,10152,,6692,16844
00116400,CHAPMAN UNIVERSITY                      ,CA,92866-1099,Private      ,11124,2484,13608,11124,,2484,13608
00116453,CHAPMAN UNIVERSITY DALE E. FOWLER SCHOOL,CA,92866-0000,Private      ,61,938,999,61,,938,999
00116500,CHURCH DIV SCH OF THE PACIFIC           ,CA,94709-0000,Private      ,2,43,45,2,,43,45
00116600,CITRUS COLLEGE                          ,CA,91741-1899,Public       ,7526,3815,11341,7526,,3815,11341
00116900,CLAREMONT GRADUATE UNIVERSITY           ,CA,91711-0000,Private      ,29,1159,1188,29,,1159,1188
00117000,CLAREMONT MCKENNA COLLEGE               ,CA,91711-6400,Private      ,3321,149,3470,3321,,149,3470
00117100,HARVEY MUDD COLLEGE                     ,CA,91711-5990,Private      ,2560,79,2639,2560,,79,2639
00117200,PITZER COLLEGE                          ,CA,91711-6101,Private      ,2681,133,2814,2681,,133,2814
00117300,POMONA COLLEGE                          ,CA,91711-6301,Private      ,4586,187,4773,4586,,187,4773
00117400,SCRIPPS COLLEGE                         ,CA,91711-3948,Private      ,1968,138,2106,1968,,138,2106
00117600,WEST HILLS COMMUNITY COLLEGE            ,CA,93210-1399,Public       ,1065,565,1630,1065,,565,1630
00117700,COGSWELL POLYTECHNICAL COLLEGE          ,CA,94089-1210,Proprietary  ,449,165,614,449,,165,614
00117800,COLLEGE OF MARIN                        ,CA,94904-2590,Public       ,823,1036,1859,823,,1036,1859
00117801,COLG OF MARIN-INDIAN VALLEY CMPS        ,CA,94949-0000,Public       ,239,308,547,239,,308,547
00117900,NOTRE DAME DE NAMUR UNIVERSITY          ,CA,94002-1997,Private      ,1567,807,2374,1567,,807,2374
00118100,COLLEGE OF SAN MATEO                    ,CA,94402-3784,Public       ,2652,1374,4026,2652,,1374,4026
00118200,COLLEGE OF THE DESERT                   ,CA,92260-9305,Public       ,4036,2722,6758,4036,,2722,6758
00118300,HOLY NAMES UNIVERSITY                   ,CA,94619-1699,Private      ,813,641,1454,813,,641,1454
00118500,COLLEGE OF THE REDWOODS                 ,CA,95501-9300,Public       ,1712,1571,3283,1712,,1571,3283
00118600,COLLEGE OF THE SEQUOIAS                 ,CA,93277-2234,Public       ,4623,3034,7657,4623,,3034,7657
00118700,COLLEGE OF THE SISKIYOUS                ,CA,96094-2899,Public       ,709,485,1194,709,,485,1194
00118701,COLLEGE OF THE SISKIYOUS - YREKA CENTER ,CA,96097-9538,Public       ,95,185,280,95,,185,280
00119000,CONTRA COSTA COLLEGE                    ,CA,94806-3195,Public       ,1710,1679,3389,1710,,1679,3389
00119100,DIABLO VALLEY COLLEGE                   ,CA,94523-1544,Public       ,4640,2832,7472,4640,,2832,7472
00119200,CUESTA COLLEGE                          ,CA,93403-8106,Public       ,3361,1831,5192,3361,,1831,5192
00119300,CYPRESS COLLEGE                         ,CA,90630-5897,Public       ,8767,4408,13175,8767,,4408,13175
00119600,DOMINICAN UNIVERSITY OF CALIFORNIA      ,CA,94901-2298,Private      ,2598,875,3473,2598,,875,3473
00119700,EL CAMINO COLLEGE                       ,CA,90506-0002,Public       ,11004,6209,17213,11004,,6209,17213
00119701,COMPTON COMMUNITY COLLEGE               ,CA,90221-5393,Public       ,2579,2482,5061,2579,,2482,5061
00119900,FOOTHILL COLLEGE                        ,CA,94022-4597,Public       ,2872,2230,5102,2872,,2230,5102
00120000,FULLER THEOLOGICAL SEMINARY             ,CA,91182-0000,Private      ,11,1388,1399,11,,1388,1399
00120100,FULLERTON COLLEGE                       ,CA,92832-2095,Public       ,11680,5126,16806,11680,,5126,16806
00120200,GAVILAN COLLEGE                         ,CA,95020-9599,Public       ,1160,734,1894,1160,,734,1894
00120300,GLENDALE COMMUNITY COLLEGE              ,CA,91208-2894,Public       ,7415,4487,11902,7415,,4487,11902
00120500,GOLDEN GATE UNIVERSITY                  ,CA,94105-2967,Private      ,142,1591,1733,142,,1591,1733
00120600,GOLDEN WEST COLLEGE                     ,CA,92647-2748,Public       ,7125,4038,11163,7125,,4038,11163
00120700,GRADUATE THEOLOGICAL UNION              ,CA,94709-0000,Private      ,3,192,195,3,,192,195
00120800,GROSSMONT COLLEGE                       ,CA,92020-1799,Public       ,6765,5215,11980,6765,,5215,11980
00120900,HARTNELL COMMUNITY COLLEGE              ,CA,93901-1697,Public       ,2759,1445,4204,2759,,1445,4204
00121200,HUMPHREYS COLLEGE                       ,CA,95207-3896,Private      ,232,590,822,232,,590,822
00121400,IMPERIAL VALLEY COLLEGE                 ,CA,92251-9787,Public       ,2637,1157,3794,2637,,1157,3794
00121500,LA SIERRA UNIVERSITY                    ,CA,92515-3332,Private      ,3259,959,4218,3259,,959,4218
00121600,UNIVERSITY OF LA VERNE                  ,CA,91750-4443,Private      ,5571,3794,9365,5571,,3794,9365
00121700,LASSEN COLLEGE                          ,CA,96130-3000,Public       ,329,237,566,329,,237,566
00121800,LOMA LINDA UNIVERSITY                   ,CA,92350-0001,Private      ,1064,4407,5471,1064,,4407,5471
00121900,LONG BEACH CITY COLLEGE                 ,CA,90808-1780,Public       ,13921,8038,21959,13921,,8038,21959
00122000,MASTER'S COLLEGE & SEMINARY (THE)       ,CA,91321-1200,Private      ,1192,261,1453,1192,,261,1453
00122300,LOS ANGELES CITY COLLEGE                ,CA,90029-3588,Public       ,7586,8130,15716,7586,,8130,15716
00122400,LOS ANGELES HARBOR COLLEGE              ,CA,90744-2397,Public       ,3249,2765,6014,3249,,2765,6014
00122600,LOS ANGELES PIERCE COLLEGE              ,CA,91371-0001,Public       ,9764,6189,15953,9764,,6189,15953
00122700,LOS ANGELES TRADE TECH COLLEGE          ,CA,90015-4181,Public       ,4854,6783,11637,4854,,6783,11637
00122800,LOS ANGELES VALLEY COLLEGE              ,CA,91401-4096,Public       ,7019,5995,13014,7019,,5995,13014
00122900,SO CA UNIV  HEALTH SCIENCES             ,CA,90604-4051,Private      ,41,285,326,41,,285,326
00123000,MARSHALL B. KETCHUM UNIVERSITY          ,CA,92831-1699,Private      ,13,345,358,13,,345,358
00123200,AMERICAN RIVER COLLEGE                  ,CA,95841-4286,Public       ,10053,10113,20166,10053,,10113,20166
00123300,SACRAMENTO CITY COLLEGE                 ,CA,95822-1386,Public       ,10962,9004,19966,10962,,9004,19966
00123600,MENLO COLLEGE                           ,CA,94027-4301,Private      ,1526,145,1671,1526,,145,1671
00123700,MERCED COMMUNITY COLLEGE                ,CA,95348-2898,Public       ,4800,2772,7572,4800,,2772,7572
00123800,MILLS COLLEGE                           ,CA,94613-1301,Private      ,1816,1513,3329,1816,,1513,3329
00123900,MIRACOSTA COLLEGE                       ,CA,92056-3899,Public       ,3592,3150,6742,3592,,3150,6742
00124000,MODESTO JUNIOR COLLEGE                  ,CA,95350-5800,Public       ,7369,5875,13244,7369,,5875,13244
00124200,MONTEREY PENINSULA COLLEGE              ,CA,93940-4799,Public       ,2268,1227,3495,2268,,1227,3495
00124300,MOUNT ST MARYS COLLEGE                  ,CA,90049-1599,Private      ,3332,1618,4950,3332,,1618,4950
00124500,MT. SAN ANTONIO COLLEGE                 ,CA,91789-1399,Public       ,14787,8309,23096,14787,,8309,23096
00124600,MT SAN JACINTO COLLEGE                  ,CA,92583-2399,Public       ,5642,5413,11055,5642,,5413,11055
00124700,NAPA VALLEY COLLEGE                     ,CA,94558-6236,Public       ,1997,1248,3245,1997,,1248,3245
00124900,OCCIDENTAL COLLEGE                      ,CA,90041-3314,Private      ,4887,269,5156,4887,,269,5156
00125000,ORANGE COAST COLLEGE - FIN AID OFF      ,CA,92628-5005,Public       ,10711,5631,16342,10711,,5631,16342
00125100,OTIS COLLEGE OF ART AND DESIGN          ,CA,90045-3505,Private      ,1530,561,2091,1530,,561,2091
00125200,HOPE INTERNATIONAL UNIVERSITY           ,CA,92631-0000,Private      ,684,629,1313,684,,629,1313
00125300,FRESNO PACIFIC UNIVERSITY               ,CA,93702-4798,Private      ,2209,2343,4552,2209,,2343,4552
00125400,PACIFIC LUTHERAN THEOLOGICAL SEM        ,CA,94708-0000,Private      ,5,56,61,5,,56,61
00125500,PACIFIC OAKS COLLEGE                    ,CA,91103-3606,Private      ,42,748,790,42,,748,790
00125600,PACIFIC SCHOOL OF RELIGION              ,CA,94709-0000,Private      ,3,142,145,3,,142,145
00125800,PACIFIC UNION COLLEGE                   ,CA,94508-9797,Private      ,1579,309,1888,1579,,309,1888
00125900,PALO VERDE COLLEGE                      ,CA,92225-0000,Public       ,109,149,258,109,,149,258
00126000,PALOMAR COLLEGE                         ,CA,92069-1486,Public       ,6908,4266,11174,6908,,4266,11174
00126100,PASADENA CITY COLLEGE                   ,CA,91106-2003,Public       ,14204,6796,21000,14204,,6796,21000
00126200,POINT LOMA NAZARENE UNIVERSITY          ,CA,92106-2899,Private      ,4036,785,4821,4036,,785,4821
00126600,LANEY COLLEGE                           ,CA,94607-4893,Public       ,2859,3530,6389,2859,,3530,6389
00126700,MERRITT COLLEGE                         ,CA,94619-3196,Public       ,1763,2394,4157,1763,,2394,4157
00126800,PORTERVILLE COLLEGE                     ,CA,93257-6059,Public       ,1574,961,2535,1574,,961,2535
00126900,RIO HONDO COLLEGE                       ,CA,90601-1699,Public       ,8959,4265,13224,8959,,4265,13224
00127000,RIVERSIDE CITY COLLEGE                  ,CA,92506-1299,Public       ,14203,9553,23756,14203,,9553,23756
00127200,SAN BERNARDINO VALLEY COLLEGE           ,CA,92410-2798,Public       ,6709,6430,13139,6709,,6430,13139
00127300,SAN DIEGO CITY COLLEGE                  ,CA,92101-4787,Public       ,7299,6745,14044,7299,,6745,14044
00127500,SAN DIEGO MESA COLLEGE                  ,CA,92111-4996,Public       ,8042,6013,14055,8042,,6013,14055
00127800,SAN FRANCISCO CONSERVATORY OF MUSIC     ,CA,94122-4498,Private      ,248,307,555,248,,307,555
00127900,SAN FRANCISCO THEOLOGICAL SEMINARY      ,CA,94960-0000,Private      ,8,28,36,8,,28,36
00128000,SAN JOAQUIN DELTA COLLEGE               ,CA,95207-6370,Public       ,7644,5210,12854,7644,,5210,12854
00128100,WILLIAM JESSUP UNIVERSITY               ,CA,95765-3707,Private      ,1102,446,1548,1102,,446,1548
00128200,SAN JOSE CITY COLLEGE                   ,CA,95128-2797,Public       ,3614,3048,6662,3614,,3048,6662
00128400,SANTA ANA COLLEGE                       ,CA,92706-3398,Public       ,7332,3944,11276,7332,,3944,11276
00128500,SANTA BARBARA CITY COLLEGE              ,CA,93109-2394,Public       ,7184,2770,9954,7184,,2770,9954
00128600,SANTA MONICA COLLEGE                    ,CA,90405-1644,Public       ,15494,6166,21660,15494,,6166,21660
00128700,SANTA ROSA JUNIOR COLLEGE               ,CA,95401-4395,Public       ,4650,3311,7961,4650,,3311,7961
00128800,CLAREMONT SCHOOL OF THEOLOGY            ,CA,91711-0000,Private      ,5,161,166,5,,161,166
00128900,SHASTA COLLEGE                          ,CA,96049-7692,Public       ,2694,2387,5081,2694,,2387,5081
00129000,SIERRA COLLEGE                          ,CA,95677-3397,Public       ,6057,4492,10549,6057,,4492,10549
00129100,SIMPSON UNIVERSITY                      ,CA,96003-8606,Private      ,1148,690,1838,1148,,690,1838
00129200,SOLANO COMMUNITY COLLEGE                ,CA,94534-3197,Public       ,2534,2545,5079,2534,,2545,5079
00129300,VANGUARD UNIVERSITY OF SOUTHERN CA      ,CA,92626-6597,Private      ,2017,758,2775,2017,,758,2775
00129400,SOUTHWESTERN COLLEGE                    ,CA,91910-7299,Public       ,7342,4796,12138,7342,,4796,12138
00129500,SOUTHWESTERN LAW SCHOOL                 ,CA,90010-1106,Private      ,42,1506,1548,42,,1506,1548
00129600,DOMINICAN SCH PHILOSOPHY & THEOLOGY     ,CA,94709-0000,Private      ,4,28,32,4,,28,32
00129900,ST JOHN'S SEMINARY COLLEGE              ,CA,93010-0000,Private      ,8,3,11,8,,3,11
00130200,SAINT MARY'S COLLEGE OF CALIFORNIA      ,CA,94556-2744,Private      ,5003,963,5966,5003,,963,5966
00130500,STANFORD UNIVERSITY                     ,CA,94305-6106,Private      ,24744,2672,27416,24744,,2672,27416
00130501,STANFORD UNIVERSITY - SCHOOL OF MEDICINE,CA,94305-5404,Private      ,114,944,1058,114,,944,1058
00130502,STANFORD UNIVERSITY - GRADUATE SCHOOL OF,CA,94305-7298,Private      ,70,1252,1322,70,,1252,1322
00130503,STANFORD UNIVERSITY - STANFORD LAW SCHOO,CA,94305-8610,Private      ,185,2098,2283,185,,2098,2283
00130700,FRESNO CITY COLLEGE                     ,CA,93741-0002,Public       ,12847,8352,21199,12847,,8352,21199
00130800,REEDLEY COLLEGE                         ,CA,93654-2099,Public       ,5610,2643,8253,5610,,2643,8253
00130900,TAFT COLLEGE                            ,CA,93268-2317,Public       ,1417,721,2138,1417,,721,2138
00131200,UNIVERSITY OF CALIFORNIA-BERKELEY       ,CA,94720-1520,Public       ,56817,15503,72320,56817,,15503,72320
00131300,UNIVERSITY OF CALIFORNIA-DAVIS          ,CA,95616-8558,Public       ,54333,12702,67035,54333,,12702,67035
00131400,UNIVERSITY OF CALIFORNIA-IRVINE         ,CA,92697-2825,Public       ,61381,11877,73258,61381,,11877,73258
00131500,UNIVERSITY OF CALIFORNIA (UCLA)         ,CA,90095-9000,Public       ,72219,20947,93166,72219,,20947,93166
00131502,UNIV OF CALIFORNIA LOS ANG SCH MED      ,CA,90095-0000,Public       ,286,1001,1287,286,,1001,1287
00131503,UNIV OF CALIFORNIA LOS ANG DENTAL       ,CA,90095-0000,Public       ,98,135,233,98,,135,233
00131600,UNIVERSITY OF CALIFORNIA-RIVERSIDE      ,CA,92521-0209,Public       ,40304,7914,48218,40304,,7914,48218
00131700,UNIVERSITY OF CALIFORNIA-SAN DIEGO      ,CA,92093-0013,Public       ,54671,8994,63665,54671,,8994,63665
00131900,UNIVERSITY OF CALIFORNIA-SFRANCISCO     ,CA,94143-0246,Public       ,1396,3686,5082,1396,,3686,5082
00132000,UNIVERSITY OF CALIFORNIA-SANTA BARB     ,CA,93106-3180,Public       ,52702,6455,59157,52702,,6455,59157
00132100,UNIVERSITY OF CALIFORNIA-SANTA CRUZ     ,CA,95064-0001,Public       ,36547,4530,41077,36547,,4530,41077
00132200,UNIVERSITY OF REDLANDS                  ,CA,92373-0999,Private      ,5142,2112,7254,5142,,2112,7254
00132500,UNIVERSITY OF SAN FRANCISCO             ,CA,94117-1080,Private      ,12795,5694,18489,12795,,5694,18489
00132600,SANTA CLARA UNIVERSITY                  ,CA,95053-4956,Private      ,10904,2177,13081,10904,,2177,13081
00132604,JESUIT SCHOOL OF THEOLOGY - BERKELEY    ,CA,94709-1193,Private      ,3,48,51,3,,48,51
00132800,UNIVERSITY OF SOUTHERN CALIFORNIA       ,CA,90089-0914,Private      ,42622,19463,62085,42622,,19463,62085
00132900,UNIVERSITY OF THE PACIFIC               ,CA,95211-0197,Private      ,9817,2578,12395,9817,,2578,12395
00132901,UNIVERSITY OF THE PACIFIC - MCGEORGE SCH,CA,95817-2799,Private      ,159,1044,1203,159,,1044,1203
00132902,UNIV OF THE PACIFIC SCH OF DENT         ,CA,94115-0000,Private      ,66,548,614,66,,548,614
00133400,VENTURA COLLEGE                         ,CA,93003-3899,Public       ,4036,2218,6254,4036,,2218,6254
00133500,VICTOR VALLEY COLLEGE                   ,CA,92395-5849,Public       ,4223,4222,8445,4223,,4222,8445
00133800,WEST VALLEY COLLEGE                     ,CA,95070-5697,Public       ,1993,1167,3160,1993,,1167,3160
00134100,WESTMONT COLLEGE                        ,CA,93108-1099,Private      ,2189,131,2320,2189,,131,2320
00134200,WHITTIER COLLEGE                        ,CA,90601-4413,Private      ,3905,402,4307,3905,,402,4307
00134201,WHITTIER COLLEGE - COLLEGE OF LAW       ,CA,92626-1501,Private      ,19,655,674,19,,655,674
00134300,WOODBURY UNIVERSITY                     ,CA,91510-7846,Private      ,1094,588,1682,1094,,588,1682
00134400,YUBA COLLEGE                            ,CA,95901-7699,Public       ,2300,1958,4258,2300,,1958,4258
00177212,TRINITY INTERNATIONAL UNIV-CA           ,CA,92705-0000,Private      ,5,125,130,5,,125,130
00188100,ASHFORD UNIVERSITY                      ,CA,92123-1406,Proprietary  ,709,28756,29465,709,,28756,29465
00274100,AMERICAN JEWISH UNIVERSITY              ,CA,90077-1599,Private      ,57,96,153,57,,96,153
00301002,ANTIOCH UNIV/LOS ANGELES                ,CA,90230-7615,Private      ,43,500,543,43,,500,543
00301003,ANTIOCH  UNIV/SANTA BARBARA             ,CA,93101-0000,Private      ,681,348,1029,681,,348,1029
00369110,MIDDLEBURY COLLEGE - MONTEREY INSTITUTE ,CA,93940-2691,Private      ,35,597,632,35,,597,632
00394700,UC-HASTINGS COLLEGE OF THE LAW          ,CA,94102-0000,Public       ,31,2331,2362,31,,2331,2362
00394800,SAN FRANCISCO ART INSTITUTE             ,CA,94133-2299,Private      ,1493,753,2246,1493,,753,2246
00408000,STARR KING SCHOOL FOR THE MINISTRY      ,CA,94709-1299,Private      ,3,65,68,3,,65,68
00448000,DE ANZA COLLEGE                         ,CA,95014-5793,Public       ,7001,3399,10400,7001,,3399,10400
00448100,OHLONE COLLEGE                          ,CA,94539-5847,Public       ,2592,1591,4183,2592,,1591,4183
00448400,JOHN F. KENNEDY UNIVERSITY              ,CA,94523-4817,Private      ,39,677,716,39,,677,716
00449400,EVEREST COLLEGE                         ,CA,92408-3752,Proprietary  ,299,328,627,299,,328,627
00450200,CITY COLLEGE OF SAN FRANCISCO           ,CA,94112-0000,Public       ,5772,4973,10745,5772,,4973,10745
00450302,EVEREST COLLEGE - SANTA ANA             ,CA,92701-4559,Proprietary  ,198,246,444,198,,246,444
00563800,DOWNEY ADULT SCHOOL                     ,CA,90241-5610,Public       ,135,313,448,135,,313,448
00565500,HACIENDA LA PUENTE ADULT EDUC CTR       ,CA,91746-0000,Public       ,92,220,312,92,,220,312
00616500,LA CNTY CLG OF NURSING & ALLD HLTH      ,CA,90033-1018,Public       ,166,406,572,166,,406,572
00672000,COLLEGE OF ALAMEDA                      ,CA,94501-2109,Public       ,1957,1810,3767,1957,,1810,3767
00673100,CASA LOMA COLLEGE                       ,CA,91405-4523,Private      ,105,234,339,105,,234,339
00697300,CANADA COLLEGE                          ,CA,94061-1099,Public       ,924,860,1784,924,,860,1784
00697500,LINCOLN UNIVERSITY                      ,CA,94612-2801,Private      ,30,75,105,30,,75,105
00701200,SAMUEL MERRITT COLLEGE                  ,CA,94609-3108,Private      ,360,1803,2163,360,,1803,2163
00704700,LOS ANGELES SOUTHWEST COLLEGE           ,CA,90047-4810,Public       ,2500,3916,6416,2500,,3916,6416
00705000,BELLUS ACADEMY                          ,CA,91950-3616,Proprietary  ,73,71,144,73,,71,144
00711500,MOORPARK COLLEGE                        ,CA,93021-1695,Public       ,4123,2029,6152,4123,,2029,6152
00713000,NEWBERRY SCHOOLS OF BEAUTY              ,CA,91344-7404,Proprietary  ,27,20,47,27,,20,47
00714200,LYLE'S COLLEGE OF BEAUTY                ,CA,93710-3948,Proprietary  ,78,50,128,78,,50,128
00716400,BRYAN COLLEGE                           ,CA,90057-0000,Proprietary  ,62,420,482,62,,420,482
00718700,NORTH ADRIAN'S COLLEGE OF BEAUTY        ,CA,95350-2381,Proprietary  ,55,62,117,55,,62,117
00719000,WYOTECH                                 ,CA,94539-7663,Proprietary  ,264,302,566,264,,302,566
00720300,SALON SUCCESS ACADEMY                   ,CA,91786-4060,Proprietary  ,35,49,84,35,,49,84
00720400,MODERN BEAUTY ACADEMY                   ,CA,93030-7016,Proprietary  ,34,16,50,34,,16,50
00720900,REDONDO BEACH BEAUTY COLLEGE            ,CA,90278-3111,Proprietary  ,4,9,13,4,,9,13
00723400,HEALD COLLEGE                           ,CA,94105-2206,Proprietary  ,312,713,1025,312,,713,1025
00723404,HEALD COLLEGE - CONCORD                 ,CA,94520-0000,Proprietary  ,429,970,1399,429,,970,1399
00723405,HEALD COLLEGE - MILPITAS                ,CA,95035-8008,Proprietary  ,377,950,1327,377,,950,1327
00723406,HEALD COLLEGE - HAYWARD                 ,CA,94545-2352,Proprietary  ,511,944,1455,511,,944,1455
00723407,HEALD COLLEGE - MODESTO                 ,CA,95368-9095,Proprietary  ,450,702,1152,450,,702,1152
00723408,HEALD COLLEGE - ROSEVILLE               ,CA,95678-5303,Proprietary  ,386,1028,1414,386,,1028,1414
00723409,HEALD COLLEGE - SALINAS                 ,CA,93906-5100,Proprietary  ,396,669,1065,396,,669,1065
00723410,HEALD COLLEGE - STOCKTON                ,CA,95210-5667,Proprietary  ,620,984,1604,620,,984,1604
00723411,HEALD COLLEGE - RANCHO CORDOVA          ,CA,95670-6005,Proprietary  ,304,811,1115,304,,811,1115
00723412,HEALD COLLEGE - FRESNO                  ,CA,93704-1706,Proprietary  ,829,1212,2041,829,,1212,2041
00725300,FEDERICO BEAUTY INSTITUTE               ,CA,95834-1905,Proprietary  ,153,152,305,153,,152,305
00729600,COLEMAN COLLEGE                         ,CA,92123-0000,Private      ,159,299,458,159,,299,458
00732909,ITT TECHNICAL INSTITUTE                 ,CA,92868-3506,Proprietary  ,189,647,836,189,,647,836
00732971,ITT TECHNICAL INSTITUTE                 ,CA,95670-6047,Proprietary  ,179,463,642,179,,463,642
00732976,ITT TECHNICAL INSTITUTE                 ,CA,92408-3519,Proprietary  ,414,851,1265,414,,851,1265
00732981,ITT TECHNICAL INSTITUTE                 ,CA,92123-2662,Proprietary  ,308,764,1072,308,,764,1072
00732985,ITT TECHNICAL INSTITUTE                 ,CA,91773-2933,Proprietary  ,160,425,585,160,,425,585
00732989,ITT TECHNICAL INSTITUTE                 ,CA,90502-1356,Proprietary  ,119,445,564,119,,445,564
00732994,ITT TECHNICAL INSTITUTE                 ,CA,91342-3664,Proprietary  ,106,325,431,106,,325,431
00747600,MARINELLO SCHOOLS OF BEAUTY             ,CA,90023-2666,Proprietary  ,144,144,288,144,,144,288
00747602,MARINELLO SCHOOLS OF BEAUTY - SPA ACADEM,CA,90048-5101,Proprietary  ,43,64,107,43,,64,107
00747603,MARINELLO SCHOOLS OF BEAUTY - INGLEWOOD ,CA,90301-2306,Proprietary  ,59,60,119,59,,60,119
00747604,MARINELLO SCHOOLS OF BEAUTY - RESEDA    ,CA,91335-4218,Proprietary  ,25,25,50,25,,25,50
00747606,MARINELLO SCHOOLS OF BEAUTY - WEST COVIN,CA,91790-2805,Proprietary  ,44,51,95,44,,51,95
00747607,MARINELLO SCHOOLS OF BEAUTY - SAN BERNAR,CA,92410-3261,Proprietary  ,80,86,166,80,,86,166
00747608,MARINELLO SCHOOLS OF BEAUTY - ONTARIO   ,CA,91762-2113,Proprietary  ,85,81,166,85,,81,166
00747609,MARINELLO SCHOOLS OF BEAUTY - WHITTIER  ,CA,90601-4107,Proprietary  ,57,40,97,57,,40,97
00747610,MARINELLO SCHOOLS OF BEAUTY - LOMITA    ,CA,90717-1460,Proprietary  ,22,34,56,22,,34,56
00747611,MARINELLO SCHOOLS OF BEAUTY - SAN DIEGO ,CA,92126-4217,Proprietary  ,116,120,236,116,,120,236
00747612,MARINELLO SCHOOLS OF BEAUTY - EL CAJON  ,CA,92020-2503,Proprietary  ,34,39,73,34,,39,73
00747613,MARINELLO SCHOOLS OF BEAUTY - VICTORVILL,CA,92392-5496,Proprietary  ,63,97,160,63,,97,160
00747614,MARINELLO SCHOOLS OF BEAUTY - ANAHEIM   ,CA,92801-4622,Proprietary  ,66,42,108,66,,42,108
00747615,MARINELLO SCHOOLS OF BEAUTY - SIMI VALLE,CA,93065-2801,Proprietary  ,19,29,48,19,,29,48
00753100,ACADEMY OF ART UNIVERSITY               ,CA,94105-3410,Proprietary  ,4524,4337,8861,4524,,4337,8861
00753600,COSUMNES RIVER COLLEGE                  ,CA,95823-5799,Public       ,7138,5584,12722,7138,,5584,12722
00754802,WESTWOOD COLLEGE OF TECHNOLOGY          ,CA,92801-0000,Proprietary  ,379,330,709,379,,330,709
00754803,WESTWOOD COLLEGE OF TECHNOLOGY          ,CA,91786-0000,Proprietary  ,440,447,887,440,,447,887
00760600,EVEREST COLLEGE                         ,CA,90010-2221,Proprietary  ,186,192,378,186,,192,378
00760700,CONCORDE CAREER INSTITUTE               ,CA,91606-3134,Proprietary  ,163,292,455,163,,292,455
00770700,COLUMBIA COLLEGE                        ,CA,95370-8580,Public       ,869,593,1462,869,,593,1462
00771300,SKYLINE COLLEGE                         ,CA,94066-1698,Public       ,2729,1592,4321,2729,,1592,4321
00793000,CONCORDE CAREER INSTITUTE               ,CA,92108-0000,Proprietary  ,160,448,608,160,,448,608
00799300,CALIF STATE UNIV BAKERSFIELD            ,CA,93311-1022,Public       ,10209,4692,14901,10209,,4692,14901
00807100,CONCORDE CAREER INSTITUTE               ,CA,92840-9201,Proprietary  ,151,315,466,151,,315,466
00807300,BUTTE COMMUNITY COLLEGE                 ,CA,95965-0000,Public       ,5234,3788,9022,5234,,3788,9022
00809000,EVEREST COLLEGE                         ,CA,91803-1310,Proprietary  ,84,203,287,84,,203,287
00853700,CONCORDE CAREER INSTITUTE               ,CA,92401-0000,Proprietary  ,189,415,604,189,,415,604
00859600,WEST LOS ANGELES COLLEGE                ,CA,90230-3500,Public       ,3636,4201,7837,3636,,4201,7837
00859700,FEATHER RIVER COLLEGE                   ,CA,95971-9124,Public       ,539,209,748,539,,209,748
00884400,CALIFORNIA CHRISTIAN COLLEGE            ,CA,93703-3599,Private      ,73,98,171,73,,98,171
00884600,WRIGHT INSTITUTE                        ,CA,94704-0000,Private      ,4,209,213,4,,209,213
00890300,COLLEGE OF THE CANYONS                  ,CA,91355-1899,Public       ,5957,2998,8955,5957,,2998,8955
00891800,SADDLEBACK COLLEGE                      ,CA,92692-3699,Public       ,4165,3346,7511,4165,,3346,7511
00902200,ASSOCIATED TECHNICAL COLLEGE            ,CA,90017-0000,Proprietary  ,101,115,216,101,,115,216
00903200,EMPIRE COLLEGE                          ,CA,95403-2122,Proprietary  ,88,150,238,88,,150,238
00915706,WYOMING TECHNICAL INSTITUTE - WEST SACRA,CA,95605-1507,Proprietary  ,16,23,39,16,,23,39
00927200,CRAFTON HILLS COLLEGE                   ,CA,92399-1799,Public       ,2887,1937,4824,2887,,1937,4824
00950900,SKILLS & BUSINESS EDUCATION CENTER      ,CA,95824-1529,Public       ,175,384,559,175,,384,559
00974800,CARRINGTON COLLEGE CALIFORNIA           ,CA,95826-3203,Proprietary  ,657,1116,1773,657,,1116,1773
00974801,CARRINGTON COLLEGE CALIFORNIA - SAN LEAN,CA,94578-3711,Proprietary  ,140,281,421,140,,281,421
00974802,CARRINGTON COLLEGE CALIFORNIA - PLEASANT,CA,94523-1984,Proprietary  ,169,337,506,169,,337,506
00974803,CARRINGTON COLLEGE CALIFORNIA - STOCKTON,CA,95207-5509,Proprietary  ,246,272,518,246,,272,518
00974804,CARRINGTON COLLEGE CALIFORNIA - CITRUS H,CA,95621-5577,Proprietary  ,128,224,352,128,,224,352
00974807,CARRINGTON COLLEGE CALIFORNIA - SAN JOSE,CA,95119-1325,Proprietary  ,378,571,949,378,,571,949
00998900,SANTA BARBARA BUSINESS COLLEGE          ,CA,93111-0000,Proprietary  ,193,236,429,193,,236,429
01011100,CERRO-COSO COMMUNITY COLLEGE            ,CA,93555-9571,Public       ,457,817,1274,457,,817,1274
01014900,PEPPERDINE UNIVERSITY                   ,CA,90263-0000,Private      ,7973,3513,11486,7973,,3513,11486
01034000,LOS MEDANOS COLLEGE                     ,CA,94565-5197,Public       ,2151,1929,4080,2151,,1929,4080
01036500,CHARLES R DREW UNIV OF MED & SCI        ,CA,90059-0000,Private      ,93,565,658,93,,565,658
01039500,UNIVERSITY OF SAN DIEGO                 ,CA,92110-2492,Private      ,16504,4156,20660,16504,,4156,20660
01039501,UNIVERSITY OF SAN DIEGO - SCHOOL OF LAW ,CA,92110-2492,Private      ,195,1654,1849,195,,1654,1849
01044100,PARDEE RAND GRADUATE SCHOOL             ,CA,90407-2138,Private      ,3,17,20,3,,17,20
01047400,MARYMOUNT COLLEGE OF PALOS VERDES       ,CA,90275-0000,Private      ,989,170,1159,989,,170,1159
01085400,THOMAS JEFFERSON SCHOOL OF LAW          ,CA,92110-0000,Private      ,30,914,944,30,,914,944
01102400,EVEREST COLLEGE                         ,CA,94103-2091,Proprietary  ,72,99,171,72,,99,171
01110700,EVEREST  COLLEGE                        ,CA,92801-5231,Proprietary  ,172,205,377,172,,205,377
01110900,EVEREST COLLEGE                         ,CA,91335-4631,Proprietary  ,138,214,352,138,,214,352
01111200,FIDM-FASHION INSTITUTE OF DESIGN        ,CA,90015-1421,Proprietary  ,3707,1131,4838,3707,,1131,4838
01111700,ALLIANT INTERNATIONAL UNIVERSITY        ,CA,92131-1799,Private      ,143,1237,1380,143,,1237,1380
01111705,ALLIANT INTERNATIONAL UNIVERSITY - LOS A,CA,91803-1360,Private      ,9,454,463,9,,454,463
01111706,ALLIANT INTERNATIONAL UNIVERSITY - SAN F,CA,94133-1221,Private      ,26,526,552,26,,526,552
01111707,ALLIANT INTERNATIONAL UNIVERSITY - FRESN,CA,93727-2014,Private      ,48,350,398,48,,350,398
01112100,EVEREST COLLEGE                         ,CA,94541-4007,Proprietary  ,70,88,158,70,,88,158
01112300,EVEREST COLLEGE                         ,CA,90247-4163,Proprietary  ,54,158,212,54,,158,212
01146000,NATIONAL UNIVERSITY                     ,CA,92037-1011,Private      ,552,7605,8157,552,,7605,8157
01162600,PRACTICAL SCHOOLS                       ,CA,92805-0000,Proprietary  ,160,271,431,160,,271,431
01164900,LOYOLA MARYMOUNT UNIVERSITY             ,CA,90045-0000,Private      ,11722,2403,14125,11722,,2403,14125
01164901,LMU  - LOYOLA LAW SCHOOL                ,CA,90015-0019,Private      ,153,2058,2211,153,,2058,2211
01167200,MENDOCINO COLLEGE                       ,CA,95482-3000,Public       ,812,765,1577,812,,765,1577
01170700,NORTH-WEST COLLEGE                      ,CA,91790-2097,Proprietary  ,131,195,326,131,,195,326
01179200,FRANCISCAN SCHOOL OF THEOLOGY           ,CA,94709-0000,Private      ,5,9,14,5,,9,14
01182000,SAN DIEGO MIRAMAR COLLEGE               ,CA,92126-0000,Public       ,3772,3548,7320,3772,,3548,7320
01186500,CALIFORNIA HAIR DESIGN ACADEMY          ,CA,92115-0000,Proprietary  ,65,66,131,65,,66,131
01186600,LU ROSS ACADEMY                         ,CA,93001-2927,Proprietary  ,71,78,149,71,,78,149
01202600,BELLUS ACADEMY                          ,CA,92021-6247,Proprietary  ,40,57,97,40,,57,97
01203100,SAN DIEGO CHRISTIAN COLLEGE             ,CA,92019-1157,Private      ,588,312,900,588,,312,900
01206100,EVEREST COLLEGE                         ,CA,95128-3908,Proprietary  ,140,178,318,140,,178,318
01215400,CALIFORNIA INSTITUTE OF INTEGRAL STUDIES,CA,94103-2557,Private      ,40,624,664,40,,624,664
01231600,MANCHESTER BEAUTY COLLEGE               ,CA,93726-5306,Proprietary  ,73,66,139,73,,66,139
01231700,TULARE BEAUTY COLLEGE                   ,CA,93274-3432,Proprietary  ,16,11,27,16,,11,27
01244600,UNIVERSAL COLLEGE OF BEAUTY             ,CA,90044-0044,Proprietary  ,48,46,94,48,,46,94
01245200,EVERGREEN VALLEY COLLEGE                ,CA,95135-1598,Public       ,3529,2632,6161,3529,,2632,6161
01255000,LOS ANGELES MISSION COLLEGE             ,CA,91342-3200,Public       ,4402,3140,7542,4402,,3140,7542
01265000,MARINELLO SCHOOL OF BEAUTY              ,CA,91502-2828,Proprietary  ,53,72,125,53,,72,125
01265001,MARINELLO SCHOOL OF BEAUTY - PALMDALE   ,CA,93550-4686,Proprietary  ,33,42,75,33,,42,75
01284200,OXNARD COLLEGE                          ,CA,93030-0000,Public       ,2230,1602,3832,2230,,1602,3832
01287200,NORTH-WEST COLLEGE                      ,CA,91768-3199,Proprietary  ,182,279,461,182,,279,461
01287300,WYOTECH                                 ,CA,90810-3800,Proprietary  ,367,456,823,367,,456,823
01287301,WYOTECH - EVEREST  COLLEGE              ,CA,90034-3158,Proprietary  ,147,188,335,147,,188,335
01287302,WYOTECH - EVEREST  COLLEGE              ,CA,91746-3412,Proprietary  ,121,197,318,121,,197,318
01290700,LAKE TAHOE COMMUNITY COLLEGE            ,CA,96150-4524,Public       ,381,380,761,381,,380,761
01291200,MTI COLLEGE                             ,CA,95841-0000,Proprietary  ,294,749,1043,294,,749,1043
01294200,ROSEMEAD BEAUTY SCHOOL                  ,CA,91770-1639,Proprietary  ,4,13,17,4,,13,17
01298400,PROFESSIONAL INSTITUTE OF BEAUTY        ,CA,91731-2613,Proprietary  ,10,7,17,10,,7,17
01298500,HAIR CALIFORNIA BEAUTY ACADEMY          ,CA,92867-7127,Proprietary  ,12,22,34,12,,22,34
01298900,OCEANSIDE COLLEGE OF BEAUTY             ,CA,92054-5393,Proprietary  ,60,63,123,60,,63,123
01301000,LANCASTER BEAUTY SCHOOL                 ,CA,93534-3098,Proprietary  ,43,71,114,43,,71,114
01307400,AMERICAN BEAUTY COLLEGE                 ,CA,91790-2906,Proprietary  ,20,26,46,20,,26,46
01309500,SALON SUCCESS ACADEMY                   ,CA,92879-6561,Proprietary  ,39,58,97,39,,58,97
01310300,CALIFORNIA WESTERN SCHOOL OF LAW        ,CA,92101-0000,Private      ,83,1144,1227,83,,1144,1227
01324000,LYTLE'S REDWOOD EMPIRE BEAUTY CLG       ,CA,95403-0000,Proprietary  ,73,72,145,73,,72,145
02054900,MARINELLO SCHOOL OF BEAUTY              ,CA,92630-0000,Proprietary  ,13,26,39,13,,26,39
02054902,MARINELLO SCHOOL OF BEAUTY - BAKERSFIELD,CA,93309-5001,Proprietary  ,242,157,399,242,,157,399
02054903,MARINELLO SCHOOL OF BEAUTY - VISALIA    ,CA,93277-6228,Proprietary  ,84,44,128,84,,44,128
02059800,PARIS BEAUTY COLLEGE                    ,CA,94520-2611,Proprietary  ,26,41,67,26,,41,67
02061600,WAYNES COLLEGE OF BEAUTY                ,CA,93906-2830,Proprietary  ,26,25,51,26,,25,51
02063500,COASTLINE COMMUNITY COLLEGE             ,CA,92708-0000,Public       ,1748,3437,5185,1748,,3437,5185
02064300,SIERRA COLLEGE OF BEAUTY                ,CA,95340-0000,Proprietary  ,54,34,88,54,,34,88
02065700,CALIFORNIA BEAUTY COLLEGE               ,CA,95354-0000,Proprietary  ,99,108,207,99,,108,207
02070500,CONCORDIA UNIVERSITY                    ,CA,92612-0000,Private      ,2825,1459,4284,2825,,1459,4284
02075800,SOUTHERN CA INST OF ARCHITECTURE        ,CA,90013-0000,Private      ,186,332,518,186,,332,518
02086400,MARINELLO SCHOOL OF BEAUTY              ,CA,95050-0000,Proprietary  ,35,32,67,35,,32,67
02086401,MARINELLO SCHOOL OF BEAUTY - SEASIDE    ,CA,93955-3615,Proprietary  ,21,38,59,21,,38,59
02086402,MARINELLO SCHOOL OF BEAUTY - SAN MATEO  ,CA,94401-3801,Proprietary  ,21,21,42,21,,21,42
02086403,MARINELLO SCHOOL OF BEAUTY - HAYWARD    ,CA,94541-5111,Proprietary  ,49,81,130,49,,81,130
02086404,MARINELLO SCHOOL OF BEAUTY - CASTRO VALL,CA,94546-5506,Proprietary  ,18,31,49,18,,31,49
02091200,ELEGANCE INTERNATIONAL                  ,CA,90028-0000,Proprietary  ,97,81,178,97,,81,178
02091700,KAPLAN COLLEGE                          ,CA,92123-1509,Proprietary  ,446,1050,1496,446,,1050,1496
02091702,KAPLAN COLLEGE - CHULA VISTA            ,CA,91910-5342,Proprietary  ,134,208,342,134,,208,342
02096100,FIELDING GRADUATE UNIVERSITY            ,CA,93105-0000,Private      ,2,369,371,2,,369,371
02099200,AMERICAN CONSERVATORY THEATER           ,CA,94108-0000,Private      ,62,169,231,62,,169,231
02110200,COLUMBIA COLLEGE                        ,CA,91356-0000,Private      ,303,90,393,303,,90,393
02110800,CALIFORNIA COLLEGE SAN DIEGO            ,CA,92108-3821,Proprietary  ,1588,1113,2701,1588,,1113,2701
02111300,CUYAMACA COLLEGE                        ,CA,92019-0000,Public       ,2967,3318,6285,2967,,3318,6285
02119100,MISSION COLLEGE                         ,CA,95054-1897,Public       ,2348,2237,4585,2348,,2237,4585
02120600,SAYBROOK GRADUATE SCHOOL                ,CA,94111-1920,Private      ,2,237,239,2,,237,239
02120700,SAN JOAQUIN VALLEY COLLEGE              ,CA,93291-0000,Proprietary  ,1072,1731,2803,1072,,1731,2803
02125000,CAREER ACADEMY OF BEAUTY                ,CA,92845-0000,Proprietary  ,27,52,79,27,,52,79
02128200,"VICTOR VALLEY BEAUTY COLLEGE, INC       ",CA,92392-0000,Proprietary  ,69,69,138,69,,69,138
02128300,INSTITUTE FOR BUSINESS & TECHNOLOGY     ,CA,95050-0000,Proprietary  ,56,129,185,56,,129,185
02128301,INSTITUTE FOR BUSINESS & TECHNOLOGY - NA,CA,95670-6351,Proprietary  ,31,83,114,31,,83,114
02138300,PALO ALTO UNIVERSITY                    ,CA,94304-1337,Private      ,70,577,647,70,,577,647
02161800,MUSICIANS INSTITUTE                     ,CA,90028-6157,Proprietary  ,614,366,980,614,,366,980
02167800,ESTES INSTITUTE OF COSMETOLOGY          ,CA,93291-0000,Proprietary  ,55,39,94,55,,39,94
02178700,CITRUS HEIGHTS BEAUTY COLLEGE           ,CA,95610-1410,Proprietary  ,69,50,119,69,,50,119
02179937,WESTERN STATE COLLEGE OF LAW            ,CA,92831-3014,Proprietary  ,28,481,509,28,,481,509
02179938,"ART INSTITUTE OF CALIFORNIA, HOLLYWOOD  ",CA,91601-3112,Proprietary  ,1651,853,2504,1651,,853,2504
02179941,"ART INSTITUTE OF CALIFORNIA, LOS ANGELES",CA,90405-3035,Proprietary  ,2320,1148,3468,2320,,1148,3468
02179947,"ART INSTITUTE OF CALIFORNIA, SAN DIEGO  ",CA,92108-4423,Proprietary  ,1768,1222,2990,1768,,1222,2990
02185800,MOLER BARBER COLLEGE                    ,CA,94611-0000,Proprietary  ,33,58,91,33,,58,91
02188400,SIERRA VALLEY COLLEGE OF COURT REPORTING,CA,93726-0000,Proprietary  ,46,63,109,46,,63,109
02208600,MADERA BEAUTY COLLEGE                   ,CA,93637-3519,Proprietary  ,39,25,64,39,,25,64
02211000,SALON SUCCESS ACADEMY                   ,CA,92405-0000,Proprietary  ,49,55,104,49,,55,104
02220000,COLLEEN O'HARA BEAUTY ACADEMY           ,CA,92701-0000,Proprietary  ,19,12,31,19,,12,31
02220200,CALIFORNIA CULINARY ACADEMY             ,CA,94102-3336,Proprietary  ,299,223,522,299,,223,522
02221300,MARINELLO SCHOOL OF BEAUTY              ,CA,92553-0000,Proprietary  ,74,83,157,74,,83,157
02221303,MARINELLO SCHOOL OF BEAUTY - SAN RAFAEL ,CA,94901-3224,Proprietary  ,14,25,39,14,,25,39
02222000,AMERICAN FILM INSTITUTE                 ,CA,90027-0000,Private      ,325,544,869,325,,544,869
02226000,EAST LOS ANGELES COLLEGE                ,CA,91754-0000,Public       ,11910,7670,19580,11910,,7670,19580
02228500,LIFE CHIROPRACTIC COLLEGE WEST          ,CA,94545-0000,Private      ,25,217,242,25,,217,242
02230900,FREDRICK & CHARLES BEAUTY COLLEGE       ,CA,95501-0000,Proprietary  ,44,59,103,44,,59,103
02231900,GEMOLOGICAL INSTITUTE OF AMERICA        ,CA,92008-4698,Private      ,32,141,173,32,,141,173
02236400,"THANH LE COLG, SCH OF COSMETOLOGY       ",CA,92840-0000,Proprietary  ,6,9,15,6,,9,15
02237200,PHILLIPS GRADUATE INSTITUTE             ,CA,91316-0000,Private      ,3,82,85,3,,82,85
02241800,AMERICAN CAREER COLLEGE                 ,CA,90004-0000,Proprietary  ,726,1305,2031,726,,1305,2031
02242700,BERKELEY CITY COLLEGE                   ,CA,94704-0000,Public       ,2829,2384,5213,2829,,2384,5213
02250602,EVEREST COLLEGE                         ,CA,91761-8525,Proprietary  ,276,524,800,276,,524,800
02255400,INTERNATIONAL SCHOOL OF COSMETOLOGY     ,CA,90250-0000,Proprietary  ,38,42,80,38,,42,80
02258600,ALAMEDA BEAUTY COLLEGE                  ,CA,94501-0000,Proprietary  ,68,89,157,68,,89,157
02262400,YESHIVA OHR ELCHONON CHABAD             ,CA,90046-0000,Private      ,44,0,44,44,,0,44
02263101,ANTHEM COLLEGE - SACRAMENTO             ,CA,95827-3378,Proprietary  ,44,137,181,44,,137,181
02267600,INSTITUTE OF TRANSPERSONAL PSYCHLGY     ,CA,94303-4624,Private      ,5,138,143,5,,138,143
02270600,LIFE PACIFIC COLLEGE                    ,CA,91773-0000,Private      ,315,125,440,315,,125,440
02276800,WESTMINSTER SEMINARY CALIFORNIA         ,CA,92027-0000,Private      ,7,115,122,7,,115,122
02277400,SOUTH COAST COLLEGE                     ,CA,92868-2616,Proprietary  ,133,178,311,133,,178,311
02282300,ALHAMBRA BEAUTY COLLEGE                 ,CA,91802-0000,Proprietary  ,18,27,45,18,,27,45
02285100,HILLTOP BEAUTY SCHOOL                   ,CA,94014-0000,Proprietary  ,7,19,26,7,,19,26
02298000,DESIGN INSTITUTE OF SAN DIEGO           ,CA,92121-0000,Proprietary  ,152,132,284,152,,132,284
02304300,"PLATT COLLEGE, SAN DIEGO                ",CA,92115-0000,Proprietary  ,135,137,272,135,,137,272
02306300,KAPLAN COLLEGE                          ,CA,95368-0000,Proprietary  ,130,206,336,130,,206,336
02306302,KAPLAN COLLEGE - FRESNO                 ,CA,93612-3802,Proprietary  ,81,113,194,81,,113,194
02309500,CLOVIS ADULT EDUC                       ,CA,93611-0000,Public       ,60,156,216,60,,156,216
02330500,LAGUNA COLLEGE OF ART AND DESIGN        ,CA,92651-0000,Private      ,617,213,830,617,,213,830
02332800,CENTER FOR EMPLOYMENT TRAINING          ,CA,95110-0000,Private      ,120,334,454,120,,334,454
02338500,GLENDALE CAREER COLLEGE                 ,CA,91203-1207,Proprietary  ,108,135,243,108,,135,243
02338700,MARINELLO SCHOOL OF BEAUTY              ,CA,94103-0000,Proprietary  ,63,58,121,63,,58,121
02338701,MARINELLO SCHOOL OF BEAUTY - CHICO      ,CA,95928-7184,Proprietary  ,65,75,140,65,,75,140
02338702,MARINELLO SCHOOL OF BEAUTY - REDDING    ,CA,96001-1023,Proprietary  ,44,76,120,44,,76,120
02338703,MARINELLO SCHOOL OF BEAUTY - FRESNO     ,CA,93711-3246,Proprietary  ,137,82,219,137,,82,219
02342400,ACADEMY OF RADIO BROADCASTING           ,CA,92647-3809,Proprietary  ,41,87,128,41,,87,128
02343400,BELLUS ACADEMY                          ,CA,92064-4633,Proprietary  ,90,115,205,90,,115,205
02351900,KAPLAN COLLEGE                          ,CA,95660-5512,Proprietary  ,333,631,964,333,,631,964
02351901,KAPLAN COLLEGE - BAKERSFIELD            ,CA,93304-0000,Proprietary  ,393,372,765,393,,372,765
02358000,THOMAS AQUINAS COLLEGE                  ,CA,93060-9622,Private      ,363,24,387,363,,24,387
02359300,SHASTA BIBLE COLLEGE                    ,CA,96002-0000,Private      ,44,29,73,44,,29,73
02482700,WESTERN UNIVERSITY OF HEALTH S          ,CA,91766-1854,Private      ,149,4651,4800,149,,4651,4800
02494800,LOLA BEAUTY COLLEGE                     ,CA,92641-0000,Proprietary  ,5,12,17,5,,12,17
02497300,TRINITY COLLEGE                         ,CA,93277-8109,Proprietary  ,68,156,224,68,,156,224
02500000,SAN JOAQUIN COLLEGE OF LAW              ,CA,93612-0000,Private      ,21,133,154,21,,133,154
02518400,THE NATIONAL HISPANIC UNIVERSITY        ,CA,95127-0000,Proprietary  ,201,321,522,201,,321,522
02519800,AVANCE BEAUTY COLLEGE                   ,CA,92154-0000,Proprietary  ,70,61,131,70,,61,131
02520200,CALIFORNIA CAREER SCHOOLS               ,CA,92805-0000,Proprietary  ,40,97,137,40,,97,137
02520300,INTERIOR DESIGNERS INSTITUTE            ,CA,92660-0000,Proprietary  ,19,54,73,19,,54,73
02520400,ADRIAN'S BEAUTY COLLEGE OF TURLOCK      ,CA,95382-0000,Proprietary  ,63,29,92,63,,29,92
02531801,PAUL MITCHELL THE SCHOOL-COSTA MESA     ,CA,92626-3804,Proprietary  ,103,76,179,103,,76,179
02531804,PAUL MITCHELL THE SCHOOL - SAN DIEGO    ,CA,92101-0000,Proprietary  ,191,167,358,191,,167,358
02537200,PALOMAR INSTITUTE OF COSMETOLOGY        ,CA,92069-0000,Proprietary  ,124,105,229,124,,105,229
02539100,KAPLAN COLLEGE                          ,CA,91606-3231,Proprietary  ,186,312,498,186,,312,498
02539102,KAPLAN COLLEGE -  RIVERSIDE             ,CA,92507-4223,Proprietary  ,218,321,539,218,,321,539
02539500,IRVINE VALLEY COLLEGE                   ,CA,92620-0000,Public       ,5386,2488,7874,5386,,2488,7874
02542300,NATIONAL HOLISTIC INSTITUTE             ,CA,94608-0000,Proprietary  ,81,309,390,81,,309,390
02543400,BROWNSON TECHNICAL SCHOOL               ,CA,92805-0000,Proprietary  ,23,31,54,23,,31,54
02545900,HYPNOSIS MOTIVATION INSTITUTE           ,CA,91356-0000,Private      ,1,20,21,1,,20,21
02546400,MTI BUSINESS COLLEGE INC                ,CA,95207-0000,Proprietary  ,40,71,111,40,,71,111
02549000,KAPLAN COLLEGE                          ,CA,92083-7736,Proprietary  ,185,409,594,185,,409,594
02549005,KAPLAN COLLEGE -  PALM SPRINGS          ,CA,92262-7011,Proprietary  ,142,199,341,142,,199,341
02553500,ASSOCIATED TECHNICAL COLLEGE            ,CA,92101-0000,Proprietary  ,73,89,162,73,,89,162
02553600,DIVERSIFIED LANGUAGE INSTITUTE          ,CA,90017-0000,Proprietary  ,10,104,114,10,,104,114
02559300,UNITED EDUCATION INSTITUTE              ,CA,90020-0000,Proprietary  ,181,413,594,181,,413,594
02559400,INTERCOAST COLLEGES                     ,CA,92868-1656,Proprietary  ,56,355,411,56,,355,411
02570300,LOS ANGELES ORT TECHNICAL INSTITUTE     ,CA,90048-4904,Private      ,71,137,208,71,,137,208
02577900,SANTA BARBARA BUSINESS COLLEGE          ,CA,93309-1664,Proprietary  ,305,405,710,305,,405,710
02578000,SANTA BARBARA BUSINESS COLLEGE          ,CA,93454-6943,Proprietary  ,96,130,226,96,,130,226
02591600,NORTH-WEST COLLEGE                      ,CA,91101-1744,Proprietary  ,54,85,139,54,,85,139
02595600,ASIAN AMERICAN INTERNATIONAL BTY CG     ,CA,92683-4043,Proprietary  ,5,9,14,5,,9,14
02597300,SOUTH BAYLO UNIVERSITY                  ,CA,92801-1701,Private      ,2,103,105,2,,103,105
02602300,CENTRAL COAST COLLEGE                   ,CA,93901-3301,Proprietary  ,139,166,305,139,,166,305
02608900,PINNACLE COLLEGE                        ,CA,91803-8842,Proprietary  ,37,31,68,37,,31,68
02608901,PINNACLE COLLEGE - SACRAMENTO           ,CA,95670-6386,Proprietary  ,44,46,90,44,,46,90
02609000,EMPERORS COLG OF TRAD ORIENTAL MED      ,CA,90403-5609,Proprietary  ,7,82,89,7,,82,89
03010611,VIRGINIA COLLEGE - GOLF ACADEMY OF AMERI,CA,92008-6512,Proprietary  ,16,31,47,16,,31,47
03011300,"CALIF STATE UNIV, SAN MARCOS            ",CA,92096-0001,Public       ,14899,5514,20413,14899,,5514,20413
03019900,CAPSTONE COLLEGE                        ,CA,91402-0000,Proprietary  ,16,13,29,16,,13,29
03025600,DELL'ARTE SCH OF PHYSICAL THEATRE       ,CA,95525-0816,Private      ,4,13,17,4,,13,17
03027700,PACIFIC COLLEGE OF ORIENTAL MED         ,CA,92108-4408,Proprietary  ,44,240,284,44,,240,284
03029600,POMONA ADULT SCHOOL                     ,CA,91766-0000,Public       ,43,106,149,43,,106,149
03031409,INTERNATIONAL ACADEMY OF DESIGN AND TECH,CA,95834-9664,Proprietary  ,144,142,286,144,,142,286
03035700,LAS POSITAS COLLEGE                     ,CA,94551-6750,Public       ,2142,1173,3315,2142,,1173,3315
03039900,FREMONT COLLEGE                         ,CA,90703-5342,Proprietary  ,198,140,338,198,,140,338
03043900,NEWSCHOOL OF ARCHITECTURE & DESIGN      ,CA,92101-6634,Proprietary  ,223,239,462,223,,239,462
03054100,ROYALE COLLEGE OF BEAUTY                ,CA,92590-2525,Proprietary  ,35,32,67,35,,32,67
03062300,WESTECH COLLEGE                         ,CA,91764-4988,Proprietary  ,122,214,336,122,,214,336
03062400,MT DIABLO ADULT EDUC LOMA VISTA CTR     ,CA,94518-1122,Public       ,73,107,180,73,,107,180
03062700,PLATT COLLEGE                           ,CA,90041-0000,Proprietary  ,236,342,578,236,,342,578
03062701,PLATT COLLEGE                           ,CA,91764-0000,Proprietary  ,233,250,483,233,,250,483
03062702,PLATT COLLEGE - RIVERSIDE               ,CA,92507-0730,Proprietary  ,321,291,612,321,,291,612
03063400,MODERN TECHNOLOGY SCHOOL                ,CA,92708-9821,Proprietary  ,27,72,99,27,,72,99
03067400,BALDWIN PARK ADULT SCHOOL               ,CA,91706-4897,Public       ,72,105,177,72,,105,177
03067500,INSTITUTE OF TECHNOLOGY                 ,CA,93612-3217,Proprietary  ,214,437,651,214,,437,651
03069500,SAGE COLLEGE                            ,CA,92557-6720,Proprietary  ,72,235,307,72,,235,307
03072300,EVEREST COLLEGE                         ,CA,91761-3222,Proprietary  ,169,228,397,169,,228,397
03072700,WESTWOOD COLLEGE - LOS ANGELES          ,CA,90010-1577,Proprietary  ,648,1178,1826,648,,1178,1826
03078200,AMERICAN CLG TRADITIONAL CHINESE MD     ,CA,94107-2813,Private      ,3,94,97,3,,94,97
03084700,VENTURA ADULT\CONTINUING EDUCATION      ,CA,93003-7313,Public       ,26,92,118,26,,92,118
03094400,ELITE PROGRESSIVE SCHOOL OF COSM        ,CA,95841-2909,Proprietary  ,49,108,157,49,,108,157
03094401,MARINELLO SCHOOL OF BEAUTY - CONCORD    ,CA,94520-2581,Proprietary  ,32,46,78,32,,46,78
03094402,MARINELLO SCHOOL OF BEAUTY- STOCKTON    ,CA,95203-3149,Proprietary  ,82,91,173,82,,91,173
03097700,CENTRAL CALIF SCH CONTINUING EDUC       ,CA,93401-6739,Proprietary  ,38,79,117,38,,79,117
03098200,YO SAN UNIV TRADITIONAL CHINESE MED     ,CA,90066-1103,Private      ,3,51,54,3,,51,54
03108100,SUMMIT CAREER COLLEGE                   ,CA,92324-3956,Proprietary  ,154,231,385,154,,231,385
03109500,DONGGUK  UNIVERSITY LOS ANGELES         ,CA,90020-1765,Private      ,27,40,67,27,,40,67
03113300,UEI COLLEGE                             ,CA,93727-1620,Proprietary  ,228,381,609,228,,381,609
03113600,SOUTHERN CALIFORNIA INST OF TECHNOL     ,CA,92805-3758,Proprietary  ,76,177,253,76,,177,253
03116600,EAST SAN GABRIEL VLY REG OCCUP PROG     ,CA,91790-2105,Public       ,171,81,252,171,,81,252
03125300,JOHN WESLEY INTER. BARBER & BTY CLG     ,CA,90813-4321,Proprietary  ,40,87,127,40,,87,127
03125800,PREMIERE CAREER COLLEGE                 ,CA,91706-3746,Proprietary  ,21,61,82,21,,61,82
03126800,PACIFICA GRADUATE INSTITUTE             ,CA,93013-0000,Proprietary  ,0,301,301,0,,301,301
03128700,MT SIERRA COLLEGE                       ,CA,91016-3414,Proprietary  ,204,183,387,204,,183,387
03131300,FIVE BRANCHES UNIVERSITY                ,CA,95062-4669,Proprietary  ,12,137,149,12,,137,149
03144400,AMERICAN CLG OF HEALTH PROFESSIONS      ,CA,92505-3038,Proprietary  ,135,212,347,135,,212,347
03150500,VIRGINIA SEWING MACHINES & SCH CTR      ,CA,90015-3535,Proprietary  ,8,18,26,8,,18,26
03162300,FOUR-D SUCCESS ACADEMY                  ,CA,92324-4218,Proprietary  ,39,101,140,39,,101,140
03163300,PACIFIC STATES UNIVERSITY               ,CA,90006-0000,Private      ,49,40,89,49,,40,89
03195400,EVEREST COLLEGE                         ,CA,90501-2867,Proprietary  ,55,93,148,55,,93,148
03210300,LE CORDON BLEU COLLEGE OF CULINARY ARTS ,CA,91101-5221,Proprietary  ,939,919,1858,939,,919,1858
03225300,AMERICAN UNIVERSITY OF HEALTH SCIENCES  ,CA,90755-3612,Proprietary  ,65,159,224,65,,159,224
03242300,CAREER NETWORK INSTITUTE                ,CA,92868-4710,Proprietary  ,37,149,186,37,,149,186
03250300,COMMUNITY BASED EDUCATION AND DEVELOPMEN,CA,90010-2722,Private      ,49,104,153,49,,104,153
03260300,CALIFORNIA STATE U-MONTEREY BAY         ,CA,93955-8001,Public       ,13216,2970,16186,13216,,2970,16186
03266300,BETHESDA UNIVERSITY OF CALIFORNIA       ,CA,92801-4132,Private      ,78,34,112,78,,34,112
03278300,CLARITA CAREER COLLEGE                  ,CA,91351-5432,Proprietary  ,50,119,169,50,,119,169
03288300,ACAD CHINESE CULTURE & HEALTH SCIS      ,CA,94512-0000,Private      ,18,69,87,18,,69,87
03299300,PACIFIC COLLEGE                         ,CA,92626-3160,Proprietary  ,58,113,171,58,,113,171
03308300,BRISTOL UNIVERSITY                      ,CA,92806-6198,Proprietary  ,32,74,106,32,,74,106
03327400,ACUPUNCTURE AND INTEGRATIVE MEDICINE COL,CA,94704-2724,Private      ,15,76,91,15,,76,91
03332300,SOUTHERN CA BIBLE CLG & SEMINARY        ,CA,92019-1109,Private      ,7,71,78,7,,71,78
03359300,ST. FRANCIS CAREER COLLEGE              ,CA,90262-2659,Proprietary  ,42,87,129,42,,87,129
03367300,PROFESSIONAL GOLFERS CAREER COLLEGE     ,CA,92591-6013,Proprietary  ,48,71,119,48,,71,119
03395300,INTERNATIONAL CAREER DEVELOPMENT        ,CA,90027-5794,Proprietary  ,116,1131,1247,116,,1131,1247
03399300,NORTHWESTERN TECHNICAL COLLEGE          ,CA,95670-4443,Proprietary  ,23,77,100,23,,77,100
03403300,EPIC BIBLE COLLEGE                      ,CA,95841-3546,Private      ,72,155,227,72,,155,227
03413400,ENGLISH CENTER  (THE)                   ,CA,94607-3734,Private      ,12,35,47,12,,35,47
03427400,CAREER COLLEGES OF AMERICA              ,CA,90280-7420,Proprietary  ,20,24,44,20,,24,44
03427500,UNIVERSITY OF ANTELOPE VALLEY           ,CA,93534-3324,Proprietary  ,300,444,744,300,,444,744
03440400,MARIAN HEALTH CAREERS CENTER            ,CA,90010-1728,Proprietary  ,24,57,81,24,,57,81
03458300,MY LE'S BEAUTY COLLEGE                  ,CA,95824-3039,Proprietary  ,40,89,129,40,,89,129
03467300,MARINELLO SCHOOL OF BEAUTY              ,CA,92545-3661,Proprietary  ,34,48,82,34,,48,82
03467301,MARINELLO SCHOOL OF BEAUTY - CATHEDRAL C,CA,92234-6656,Proprietary  ,17,12,29,17,,12,29
03467302,MARINELLO SCHOOL OF BEAUTY - MURRIETA   ,CA,92563-5039,Proprietary  ,41,40,81,41,,40,81
03467303,MARINELLO SCHOOL OF BEAUTY - NAPA       ,CA,94559-1237,Proprietary  ,27,28,55,27,,28,55
03467304,MARINELLO SCHOOL OF BEAUTY - CITY OF IND,CA,91748-1674,Proprietary  ,10,11,21,10,,11,21
03467305,MARINELLO SCHOOL OF BEAUTY - BELL       ,CA,90201-1193,Proprietary  ,20,14,34,20,,14,34
03467306,MARINELLO SCHOOL OF BEAUTY - PARAMOUNT  ,CA,90723-5256,Proprietary  ,49,56,105,49,,56,105
03467307,MARINELLO SCHOOL OF BEAUTY - HUNTINGTON ,CA,92646-2552,Proprietary  ,47,31,78,47,,31,78
03479300,PROFESSIONAL CAREER INSTITUTE           ,CA,90703-2522,Proprietary  ,57,42,99,57,,42,99
03516300,KING'S UNIVERSITY (THE)                 ,CA,91405-2233,Private      ,54,131,185,54,,131,185
03532400,ADVANCED TRAINING ASSOCIATES            ,CA,92020-1236,Proprietary  ,13,40,53,13,,40,53
03542400,COPPER MOUNTAIN COLLEGE                 ,CA,92252-6102,Public       ,321,623,944,321,,623,944
03577300,COBA ACADEMY                            ,CA,92866-1407,Proprietary  ,19,13,32,19,,13,32
03590400,NTMA TRAINING CENTERS OF SOUTHERN C     ,CA,90650-0000,Private      ,26,108,134,26,,108,134
03592400,IRELL & MANELLA GRADUATE SCHOOL OF BIOLO,CA,91010-0000,Private      ,0,7,7,0,,7,7
03598300,AVALON BEAUTY COLLEGE                   ,CA,93103-3137,Proprietary  ,49,38,87,49,,38,87
03614300,DAVID'S ACADEMY OF BEAUTY               ,CA,91780-1089,Proprietary  ,6,6,12,6,,6,12
03639300,WEST COAST ULTRASOUND INSTITUTE         ,CA,90211-3312,Proprietary  ,227,543,770,227,,543,770
03646300,DESIGN'S SCHOOL OF COSMETOLOGY          ,CA,93446-9530,Proprietary  ,21,27,48,21,,27,48
03681300,CALIFORNIA HEALING ARTS COLLEGE         ,CA,90025-0000,Proprietary  ,76,128,204,76,,128,204
03695300,COMMUNITY ENHANCEMENT SERVICES          ,CA,91502-2750,Private      ,5,22,27,5,,22,27
03695700,SANTIAGO CANYON COLLEGE                 ,CA,92869-4512,Public       ,3218,1287,4505,3218,,1287,4505
03696300,UNIVERSITY OF THE WEST                  ,CA,91770-3709,Private      ,51,69,120,51,,69,120
03698300,WEST COAST UNIVERSITY                   ,CA,91606-3206,Proprietary  ,1555,3506,5061,1555,,3506,5061
03698400,CA COLLEGE OF VOCATIONAL CAREER         ,CA,93301-1800,Proprietary  ,185,237,422,185,,237,422
03736300,ADVANCE BEAUTY COLLEGE                  ,CA,92843-4752,Proprietary  ,26,43,69,26,,43,69
03736301,ADVANCE BEAUTY COLLEGE - LAGUNA HILLS   ,CA,92653-1980,Proprietary  ,9,7,16,9,,7,16
03740400,ATI COLLEGE                             ,CA,90650-0000,Proprietary  ,28,49,77,28,,49,77
03752400,SCHOOL OF URBAN MISSIONS                ,CA,94603-0000,Private      ,46,77,123,46,,77,123
03759300,COMPUTER TUTOR BUSINESS & TECH INST     ,CA,95356-0000,Proprietary  ,44,82,126,44,,82,126
03786300,ADVANCED COLLEGE                        ,CA,90280-5255,Proprietary  ,44,58,102,44,,58,102
03797400,CAREER CARE INSTITUTE                   ,CA,93534-4766,Proprietary  ,100,249,349,100,,249,349
03797401,CAREER CARE INSTITUTE - VENTURA         ,CA,93003-0000,Proprietary  ,51,78,129,51,,78,129
03797402,CAREER CARE INSTITUTE - MORENO VALLEY   ,CA,92553-7519,Proprietary  ,43,77,120,43,,77,120
03814400,SOKA UNIVERSITY OF AMERICA              ,CA,92656-8081,Private      ,517,45,562,517,,45,562
03853300,KECK GRADUATE INSTITUTE OF APPLIED LIFE ,CA,91711-4817,Private      ,11,137,148,11,,137,148
03868300,WORLD MISSION UNIVERSITY                ,CA,90020-1789,Private      ,9,25,34,9,,25,34
03868400,LOS ANGELES MUSIC ACADEMY               ,CA,91105-2540,Proprietary  ,141,93,234,141,,93,234
03871300,FOLSOM LAKE COLLEGE                     ,CA,95630-6798,Public       ,2635,1846,4481,2635,,1846,4481
03874300,CAMBRIDGE JUNIOR COLLEGE                ,CA,95993-0000,Proprietary  ,120,232,352,120,,232,352
03874400,COMMMUNITY CHRISTIAN COLLEGE            ,CA,92373-4465,Private      ,70,51,121,70,,51,121
03889300,STANBRIDGE COLLEGE                      ,CA,92612-0000,Proprietary  ,184,563,747,184,,563,747
03901300,PACIFIC COAST TRADE SCHOOL              ,CA,93033-2441,Proprietary  ,48,55,103,48,,55,103
03910400,NATIONAL POLYTECHNIC COLLEGE            ,CA,90040-3066,Proprietary  ,22,16,38,22,,16,38
03933300,MUELLER COLLEGE OF HOLISTIC STUDIES     ,CA,92116-2630,Proprietary  ,26,61,87,26,,61,87
03935300,CALIFORNIA NURSES EDUCATIONAL INSTITUTE ,CA,92234-7248,Proprietary  ,62,65,127,62,,65,127
03962300,AMERICAN INSTITUTE OF MASSAGE THERAPY   ,CA,92705-5463,Proprietary  ,31,33,64,31,,33,64
03964400,INTERNATIONAL SCHOOL OF BEAUTY          ,CA,92260-2740,Proprietary  ,72,76,148,72,,76,148
03969600,AMERICAN AUTO INSTITUTE                 ,CA,90703-2637,Proprietary  ,123,210,333,123,,210,333
03971300,AMERICAN CAREER COLLEGE                 ,CA,91764-4906,Proprietary  ,404,722,1126,404,,722,1126
03973300,EX'PRESSION COLLEGE FOR DIGTAL ARTS     ,CA,94608-1021,Proprietary  ,335,225,560,335,,225,560
03974500,CALIFORNIA CAREER COLLEGE               ,CA,91303-2006,Proprietary  ,19,41,60,19,,41,60
03980300,CALIFORNIA STATE UNIVERSITY CHANNEL ISLA,CA,93012-8599,Public       ,9065,3015,12080,9065,,3015,12080
03995300,UNIVERSITY OF EAST-WEST MEDICINE        ,CA,94087-6106,Proprietary  ,4,30,34,4,,30,34
03999300,BEAUMONT ADULT SCHOOL                   ,CA,92223-1927,Public       ,7,34,41,7,,34,41
04001300,PALACE BEAUTY COLLEGE                   ,CA,90006-4233,Proprietary  ,46,62,108,46,,62,108
04003300,BLAKE AUSTIN COLLEGE                    ,CA,95687-3100,Proprietary  ,93,181,274,93,,181,274
04004300,THUY PRINCESS BEAUTY COLLEGE            ,CA,91766-0000,Proprietary  ,13,20,33,13,,20,33
04005300,UNITED STATES UNIVERSITY                ,CA,91911-1683,Proprietary  ,35,152,187,35,,152,187
04014400,PALLADIUM TECHNICAL ACADEMY             ,CA,91731-2429,Proprietary  ,13,8,21,13,,8,21
04037300,LOS ANGELES FILM SCHOOL (THE)           ,CA,90028-7300,Proprietary  ,880,820,1700,880,,820,1700
04056300,CAREER COLLEGE OF CALIFORNIA            ,CA,92705-5805,Proprietary  ,70,64,134,70,,64,134
04057300,TECHSKILLS OF CALIFORNIA                ,CA,95815-4025,Proprietary  ,115,209,324,115,,209,324
04076400,GNOMON SCHOOL OF VISUAL EFFECTS         ,CA,90038-2616,Proprietary  ,106,102,208,106,,102,208
04088300,WESTMED COLLEGE                         ,CA,95128-2541,Private      ,88,166,254,88,,166,254
04088301,WESTMED COLLEGE - MERCED                ,CA,95340-9165,Private      ,91,148,239,91,,148,239
04092300,COASTLINE BEAUTY COLLEGE                ,CA,92708-3847,Proprietary  ,48,47,95,48,,47,95
04092400,MAKE-UP DESIGNORY                       ,CA,91502-1322,Proprietary  ,129,130,259,129,,130,259
04100400,TAFT UNIVERSITY SYSTEM (THE)            ,CA,92704-6954,Proprietary  ,5,180,185,5,,180,185
04111300,WEST HILLS COLLEGE LEMOORE              ,CA,93245-9248,Public       ,1734,1485,3219,1734,,1485,3219
04114500,VALLEY COLLEGE OF MEDICAL CAREERS       ,CA,91304-2354,Proprietary  ,45,37,82,45,,37,82
04115300,COACHELLA VALLEY BEAUTY COLLEGE         ,CA,92253-2051,Proprietary  ,50,29,79,50,,29,79
04115600,MAYFIELD COLLEGE                        ,CA,92234-7014,Proprietary  ,73,102,175,73,,102,175
04116000,VIDEO SYMPHONY ENTERTRAINING            ,CA,91502-3253,Proprietary  ,43,83,126,43,,83,126
04118800,NEW YORK FILM ACADEMY                   ,CA,91608-1002,Proprietary  ,439,421,860,439,,421,860
04119200,CAREER COLLEGE CONSULTANTS              ,CA,90041-2088,Proprietary  ,22,26,48,22,,26,48
04126400,CHAMPION INSTITUTE OF COSMETOLOGY       ,CA,92264-7458,Proprietary  ,20,23,43,20,,23,43
04126500,COAST CAREER INSTITUTE                  ,CA,90015-3040,Proprietary  ,24,43,67,24,,43,67
04127100,"UNIVERSITY OF CALIFORNIA, MERCED        ",CA,95343-5001,Public       ,15235,1841,17076,15235,,1841,17076
04127900,TUI UNIVERSITY                          ,CA,90630-5023,Proprietary  ,22,971,993,22,,971,993
04129700,INTERNATIONAL POLYTECHNIC INSTITUTE     ,CA,92231-1737,Private      ,12,7,19,12,,7,19
04129803,MEDIATECH INSTITUTE - OCEANSIDE         ,CA,92054-5116,Proprietary  ,26,44,70,26,,44,70
04132400,ACADEMY OF ESTHETICS AND COSMETOLOGY    ,CA,91342-3373,Proprietary  ,35,29,64,35,,29,64
04132700,INFOTECH CAREER COLLEGE                 ,CA,90706-5579,Proprietary  ,24,48,72,24,,48,72
04133000,BIOHEALTH COLLEGE                       ,CA,95134-2033,Proprietary  ,44,88,132,44,,88,132
04133100,CALIFORNIA UNIVERSITY OF MANAGEMENT AND ,CA,92801-1702,Private      ,18,47,65,18,,47,65
04134500,CAREER COLLEGE OF SAN DIEGO             ,CA,92102-3348,Proprietary  ,172,224,396,172,,224,396
04134700,INTERNATL PROFESSIONAL SCHL OF BODYWORK ,CA,92123-1520,Proprietary  ,25,96,121,25,,96,121
04137200,BORNER'S BARBER COLLEGE                 ,CA,90047-3856,Proprietary  ,49,65,114,49,,65,114
04138700,CAO INSTITUTE OF AESTHETICS (THE)       ,CA,91801-3903,Proprietary  ,24,29,53,24,,29,53
04140500,HORIZON UNIVERSITY                      ,CA,92111-2622,Private      ,25,42,67,25,,42,67
04141300,SAN FRANCISCO INSTITUTE OF ESTHETICS    ,CA,94103-4083,Proprietary  ,51,60,111,51,,60,111
04141400,LAURUS COLLEGE                          ,CA,93401-5405,Proprietary  ,56,190,246,56,,190,246
04141700,HEALING HANDS SCHOOL OF HOLISTIC HEALTH ,CA,92025-1722,Proprietary  ,23,73,96,23,,73,96
04142500,TOURO COLLEGE LOS ANGELES               ,CA,90046-4506,Private      ,72,102,174,72,,102,174
04142600,TOURO UNIVERSITY                        ,CA,94592-1118,Private      ,23,1507,1530,23,,1507,1530
04143800,WOODLAND COMMUNITY COLLEGE              ,CA,95776-5156,Public       ,981,807,1788,981,,807,1788
04144200,CAREER DEVELOPMENT INSTITUTE            ,CA,90035-4364,Proprietary  ,24,51,75,24,,51,75
04145000,SAN DIEGO CULINARY INSTITUTE            ,CA,91941-6435,Proprietary  ,230,237,467,230,,237,467
04145600,INTERNATIONAL COLLEGE OF COSMETOLOGY    ,CA,94601-3525,Proprietary  ,40,65,105,40,,65,105
04146000,NATIONAL CAREER COLLEGE                 ,CA,91605-1400,Proprietary  ,21,43,64,21,,43,64
04148200,BEYOND 21ST CENTURY BEAUTY ACADEMY      ,CA,90670-6316,Proprietary  ,8,12,20,8,,12,20
04148900,N CALIF INSTITUTE OF COSMETOLOGY        ,CA,94577-2820,Proprietary  ,16,15,31,16,,15,31
04149700,HOMESTEAD SCHOOLS                       ,CA,90505-5945,Private      ,19,40,59,19,,40,59
04150000,CENTRAL NURSING COLLEGE                 ,CA,90010-2444,Proprietary  ,147,146,293,147,,146,293
04150100,GOLDEN STATE COLLEGE OF COURT REPORTING ,CA,94568-2948,Proprietary  ,6,19,25,6,,19,25
04150300,RWM FIBER OPTICS                        ,CA,90746-1051,Proprietary  ,4,15,19,4,,15,19
04150500,"PREFERRED COLLEGE OF NURSING, LOS ANGELE",CA,90010-2202,Proprietary  ,67,79,146,67,,79,146
04152800,CALIFORNIA ACADEMY (THE) - A PAUL MITCHE,CA,95825-2276,Proprietary  ,201,208,409,201,,208,409
04153900,PROVIDENCE CHRISTIAN COLLEGE            ,CA,91104-2635,Private      ,78,20,98,78,,20,98
04155500,"ACADEMY FOR JEWISH RELIGION, CALIFORNIA ",CA,90024-3234,Private      ,19,31,50,19,,31,50
04156100,TONI & GUY HAIRDRESSING ACADEMY         ,CA,95356-9695,Proprietary  ,43,59,102,43,,59,102
04157800,GRACE MISSION UNIVERSITY                ,CA,92833-3860,Private      ,12,25,37,12,,25,37
04158200,PAUL MITCHELL THE SCHOOL SHERMAN OAKS   ,CA,91403-5882,Proprietary  ,64,79,143,64,,79,143
04158700,HOLLYWOOD BEAUTY COLLEGE                ,CA,95210-3514,Proprietary  ,50,61,111,50,,61,111
04158900,FLAIR BEAUTY COLLEGE                    ,CA,91351-3381,Proprietary  ,9,11,20,9,,11,20
04159600,GALAXY MEDICAL COLLEGE                  ,CA,91606-1593,Proprietary  ,31,25,56,31,,25,56
04159700,AMERICAN MEDICAL SCIENCES CENTER        ,CA,91204-5108,Proprietary  ,46,41,87,46,,41,87
04160100,TRINITY VOCATIONAL CENTER               ,CA,90248-4334,Proprietary  ,12,43,55,12,,43,55
04160400,ANGELES COLLEGE OF NURSING              ,CA,90010-2100,Proprietary  ,321,294,615,321,,294,615
04161300,PREFERRED COLLEGE OF NURSING            ,CA,91401-1442,Proprietary  ,16,28,44,16,,28,44
04161700,SHASTA SCHOOL OF COSMETOLOGY            ,CA,96003-0000,Proprietary  ,63,56,119,63,,56,119
04161800,BRANDMAN UNIVERSITY                     ,CA,92618-3801,Private      ,297,3503,3800,297,,3503,3800
04162800,S.I.C.E PAUL MITCHELL PARTNER SCHOOL    ,CA,95350-1440,Proprietary  ,152,112,264,152,,112,264
04163400,COSMO BEAUTY ACADEMY                    ,CA,95605-1904,Proprietary  ,109,143,252,109,,143,252
04164400,ANGELES INSTITUTE                       ,CA,90712-2903,Proprietary  ,33,41,74,33,,41,74
04165900,PAUL MITCHELL THE SCHOOL FRESNO         ,CA,93710-7617,Proprietary  ,220,97,317,220,,97,317
04167000,PAUL MITCHELL THE SCHOOL TEMECULA       ,CA,92591-4663,Proprietary  ,135,91,226,135,,91,226
04169200,TRAMY BEAUTY SCHOOL                     ,CA,92115-6347,Proprietary  ,54,47,101,54,,47,101
04169700,UNITEK COLLEGE                          ,CA,94538-3185,Proprietary  ,187,673,860,187,,673,860
04169800,GURNICK ACADEMY OF MEDICAL ARTS         ,CA,94403-1849,Proprietary  ,163,729,892,163,,729,892
04172000,SOUTHERN CALIFORNIA UNIVERSITY SOMA     ,CA,90017-2211,Proprietary  ,170,170,340,170,,170,340
04173400,SANTA ANA BEAUTY ACADEMY                ,CA,92705-7820,Proprietary  ,28,22,50,28,,22,50
04173500,MORENO VALLEY COLLEGE                   ,CA,92551-2204,Public       ,3568,3404,6972,3568,,3404,6972
04175200,PAUL MITCHELL THE SCHOOL EAST BAY       ,CA,94523-5515,Proprietary  ,83,79,162,83,,79,162
04175400,ELITE COSMETOLOGY SCHOOL                ,CA,92284-2860,Proprietary  ,6,32,38,6,,32,38
04176100,NORCO COLLEGE                           ,CA,92860-2600,Public       ,3457,2489,5946,3457,,2489,5946
04176200,TWIN RIVERS ADULT SCHOOL                ,CA,95660-5523,Public       ,4,10,14,4,,10,14
04176300,BERGIN UNIVERSITY OF CANINE STUDIES     ,CA,95407-6834,Private      ,22,34,56,22,,34,56
04177200,REAL BARBERS COLLEGE (THE)              ,CA,92805-2533,Proprietary  ,27,35,62,27,,35,62
04178900,HANDS-ON MEDICAL MASSAGE SCHOOL         ,CA,92373-6271,Proprietary  ,13,29,42,13,,29,42
04180000,CINTA AVEDA INSTITUTE                   ,CA,94108-3204,Proprietary  ,77,146,223,77,,146,223
04181200,IPPT CAREER SCHOOL                      ,CA,91601-2028,Proprietary  ,10,17,27,10,,17,27
04181600,INTEGRITY COLLEGE OF HEALTH             ,CA,91104-2300,Proprietary  ,13,20,33,13,,20,33
04185200,SALINAS BEAUTY COLLEGE                  ,CA,93901-2405,Proprietary  ,35,28,63,35,,28,63
04185500,ACADEMY OF COUTURE ART                  ,CA,90069-5701,Proprietary  ,95,66,161,95,,66,161
04185600,MEDICAL ALLIED CAREER CENTER            ,CA,90670-4710,Proprietary  ,12,30,42,12,,30,42
04185700,ACADEMY FOR SALON PROFESSIONALS (THE)   ,CA,95050-4057,Proprietary  ,36,41,77,36,,41,77
04186900,"INTERNATIONAL COLLEGE OF BEAUTY, ARTS & ",CA,90039-1012,Proprietary  ,87,73,160,87,,73,160
04187900,JOE BLASCO MAKEUP ARTIST TRAINING CENTER,CA,90027-5580,Proprietary  ,4,7,11,4,,7,11
04189300,ALLIED AMERICAN UNIVERSITY              ,CA,92653-1337,Proprietary  ,36,610,646,36,,610,646
04189700,CALIFORNIA MIRAMAR UNIVERSITY           ,CA,92126-7501,Proprietary  ,324,290,614,324,,290,614
04189800,ACADEMY FOR SALON PROFESSIONALS         ,CA,91304-2305,Proprietary  ,24,33,57,24,,33,57
04190800,SANTA ANA BEAUTY COLLEGE                ,CA,92706-2321,Proprietary  ,45,29,74,45,,29,74
04190900,SUTTER BEAUTY COLLEGE                   ,CA,95991-3624,Proprietary  ,43,60,103,43,,60,103
04191300,ANNENBERG SCHOOL OF NURSING             ,CA,91335-5426,Private      ,34,31,65,34,,31,65
04193500,LEMELANGE ACADEMY OF HAIR               ,CA,94558-2935,Proprietary  ,13,17,30,13,,17,30
04193700,JOHN PAUL THE GREAT CATHOLIC UNIVERSITY ,CA,92131-1652,Private      ,163,38,201,163,,38,201
04194300,COLTON-REDLANDS-YUCAIPA REGIONAL OCCUPAT,CA,92374-2896,Public       ,59,70,129,59,,70,129
04194600,BRAND COLLEGE                           ,CA,91203-3646,Proprietary  ,21,21,42,21,,21,42
04195200,DIAMOND BEAUTY COLLEGE                  ,CA,91733-2180,Proprietary  ,10,9,19,10,,9,19
04195400,NCP COLLEGE OF NURSING                  ,CA,94080-1005,Proprietary  ,45,92,137,45,,92,137
04195401,NCP COLLEGE OF NURSING - HAYWARD CAMPUS ,CA,94541-7026,Proprietary  ,73,150,223,73,,150,223
04205800,"SAE INSTITUTE OF TECHNOLOGY, LOS ANGELES",CA,90028-7219,Proprietary  ,145,163,308,145,,163,308
04206800,ADVANCE BEAUTY TECHS ACADEMY            ,CA,92583-6572,Proprietary  ,20,26,46,20,,26,46
04208100,UKIAH ADULT SCHOOL                      ,CA,95482-3865,Public       ,11,33,44,11,,33,44
04208400,RIVERSIDE COUNTY OFFICE OF EDUCATION    ,CA,92503-3504,Public       ,217,219,436,217,,219,436
04208900,ADVANCED CAREER INSTITUTE               ,CA,93291-9254,Proprietary  ,40,63,103,40,,63,103
04209800,HINTON BARBER COLLEGE                   ,CA,94590-4547,Proprietary  ,12,27,39,12,,27,39
04210600,ADVANCED COMPUTING INSTITUTE            ,CA,90010-3911,Proprietary  ,98,65,163,98,,65,163
04211900,XAVIER COLLEGE SCHOOL OF NURSING        ,CA,95202-1332,Proprietary  ,107,152,259,107,,152,259
04212000,LAWRENCE & COMPANY COLLEGE OF COSMETOLOG,CA,93230-4102,Proprietary  ,42,28,70,42,,28,70
04215100,CALIFORNIA CAREER INSTITUTE             ,CA,92840-2816,Proprietary  ,23,73,96,23,,73,96
04215300,COSMO FACTORY COSMETOLOGY ACADEMY (THE) ,CA,95060-4401,Proprietary  ,33,34,67,33,,34,67
04216300,UEI COLLEGE                             ,CA,95065-1520,Proprietary  ,72,56,128,72,,56,128
04217100,RUDOLF STEINER COLLEGE                  ,CA,95628-6811,Private      ,3,32,35,3,,32,35
04217500,W INSTITUTE OF COSMETOLOGY              ,CA,94521-5385,Proprietary  ,20,27,47,20,,27,47
04221800,TONI&GUY HAIRDRESSING ACADEMY           ,CA,95337-5703,Proprietary  ,33,30,63,33,,30,63
04221900,COMPUTER TRAINING ACADEMY               ,CA,92507-2122,Proprietary  ,73,123,196,73,,123,196
04222200,FAB SCHOOL (THE)                        ,CA,92507-3434,Proprietary  ,58,67,125,58,,67,125
04223700,BAY AREA MEDICAL ACADEMY                ,CA,94102-2844,Proprietary  ,125,130,255,125,,130,255
04226100,LAWRENCE AND COMPANY COLLEGE OF COSMETOL,CA,93662-3509,Proprietary  ,10,14,24,10,,14,24
04228100,HIGH DESERT MEDICAL COLLEGE             ,CA,93534-1134,Proprietary  ,22,88,110,22,,88,110
00184600,BRIAR CLIFF UNIVERSITY                  ,IA,51104-2100,Private      ,883,253,1136,883,,253,1136
00184700,BUENA VISTA UNIVERSITY                  ,IA,50588-9987,Private      ,972,579,1551,972,,579,1551
00184800,SOUTHEASTERN COMMUNITY COLLEGE          ,IA,52655-0000,Public       ,574,486,1060,574,,486,1060
00185000,CENTRAL COLLEGE                         ,IA,50219-1999,Private      ,1765,55,1820,1765,,55,1820
00185200,CLARKE UNIVERSITY                       ,IA,52001-3198,Private      ,919,243,1162,919,,243,1162
00185400,COE COLLEGE                             ,IA,52402-5092,Private      ,2269,149,2418,2269,,149,2418
00185500,DES MOINES UNIV-OSTEOPATHIC MED CTR     ,IA,50312-0000,Private      ,40,743,783,40,,743,783
00185600,CORNELL COLLEGE                         ,IA,52314-1098,Private      ,1621,77,1698,1621,,77,1698
00185700,SOUTHWESTERN COMMUNITY COLLEGE          ,IA,50801-1098,Public       ,344,152,496,344,,152,496
00185800,DIVINE WORD COLLEGE                     ,IA,52045-0380,Private      ,5,3,8,5,,3,8
00185900,DORDT COLLEGE                           ,IA,51250-1697,Private      ,1159,48,1207,1159,,48,1207
00186000,DRAKE UNIVERSITY                        ,IA,50311-4505,Private      ,4371,1075,5446,4371,,1075,5446
00186200,ELLSWORTH COMMUNITY COLLEGE             ,IA,50126-1199,Public       ,458,103,561,458,,103,561
00186400,IOWA LAKES COMMUNITY COLLEGE            ,IA,51334-2234,Public       ,584,236,820,584,,236,820
00186500,IOWA CENTRAL COMMUNITY COLLEGE          ,IA,50501-0000,Public       ,1707,1010,2717,1707,,1010,2717
00186600,GRACELAND UNIVERSITY                    ,IA,50140-1699,Private      ,801,540,1341,801,,540,1341
00186700,GRAND VIEW UNIVERSITY                   ,IA,50316-1599,Private      ,1418,605,2023,1418,,605,2023
00186800,GRINNELL COLLEGE                        ,IA,50112-1690,Private      ,2858,89,2947,2858,,89,2947
00186900,IOWA STATE UNIV SCIENCE & TECHNOLOG     ,IA,50011-2028,Public       ,25527,4082,29609,25527,,4082,29609
00187100,IOWA WESLEYAN COLLEGE                   ,IA,52641-1398,Private      ,413,119,532,413,,119,532
00187300,LORAS COLLEGE                           ,IA,52004-0178,Private      ,1501,80,1581,1501,,80,1581
00187400,LUTHER COLLEGE                          ,IA,52101-1045,Private      ,2670,81,2751,2670,,81,2751
00187500,MARSHALLTOWN COMMUNITY COLLEGE          ,IA,50158-4760,Public       ,411,222,633,411,,222,633
00187700,NORTH IOWA AREA COMMUNITY COLLEGE       ,IA,50401-7299,Public       ,785,311,1096,785,,311,1096
00187900,MORNINGSIDE COLLEGE                     ,IA,51106-1751,Private      ,1746,283,2029,1746,,283,2029
00188000,MOUNT MERCY UNIVERSITY                  ,IA,52402-4797,Private      ,626,355,981,626,,355,981
00188300,NORTHWESTERN COLLEGE                    ,IA,51041-1996,Private      ,951,66,1017,951,,66,1017
00188700,SIMPSON COLLEGE                         ,IA,50125-1297,Private      ,1588,191,1779,1588,,191,1779
00188900,ST AMBROSE UNIVERSITY                   ,IA,52803-2898,Private      ,2517,640,3157,2517,,640,3157
00189000,UNIVERSITY OF NORTHERN IOWA             ,IA,50614-0002,Public       ,6998,1220,8218,6998,,1220,8218
00189100,UNIVERSITY OF DUBUQUE                   ,IA,52001-5099,Private      ,1525,281,1806,1525,,281,1806
00189200,UNIVERSITY OF IOWA                      ,IA,52242-1316,Public       ,17943,5578,23521,17943,,5578,23521
00189300,UPPER IOWA UNIVERSITY                   ,IA,52142-9206,Private      ,1113,1923,3036,1113,,1923,3036
00189500,WALDORF COLLEGE                         ,IA,50436-1700,Proprietary  ,385,354,739,385,,354,739
00189600,WARTBURG COLLEGE                        ,IA,50677-2200,Private      ,1882,69,1951,1882,,69,1951
00189700,WARTBURG THEOLOGICAL SEMINARY           ,IA,52004-5004,Private      ,9,58,67,9,,58,67
00190000,WILLIAM PENN UNIVERSITY                 ,IA,52577-1799,Private      ,697,340,1037,697,,340,1037
00396300,AIB COLLEGE OF BUSINESS                 ,IA,50321-1799,Private      ,505,338,843,505,,338,843
00407500,ESTRN IOWA COMMUNITY COLLEGE DIST       ,IA,52801-1221,Public       ,111,212,323,111,,212,323
00407501,CLINTON COMMUNITY COLLEGE               ,IA,52732-0000,Public       ,227,913,1140,227,,913,1140
00407502,MUSCATINE COMMUNITY COLLEGE             ,IA,52761-0000,Public       ,278,205,483,278,,205,483
00407503,SCOTT COMMUNITY COLLEGE                 ,IA,52722-0000,Public       ,633,855,1488,633,,855,1488
00407600,KIRKWOOD COMMUNITY COLLEGE              ,IA,52406-2068,Public       ,3122,1925,5047,3122,,1925,5047
00423300,MERCY/ST. LUKE'S SCH RAD TECH           ,IA,52402-0000,Private      ,21,14,35,21,,14,35
00458600,KAPLAN UNIVERSITY                       ,IA,52807-2095,Proprietary  ,920,21297,22217,920,,21297,22217
00458604,KAPLAN UNIVERSITY - CEDAR RAPIDS        ,IA,52404-2998,Proprietary  ,49,559,608,49,,559,608
00458605,KAPLAN UNIVERSITY - DES MOINES          ,IA,50323-5702,Proprietary  ,64,604,668,64,,604,668
00458606,KAPLAN UNIVERSITY - MASON CITY          ,IA,50401-4665,Proprietary  ,13,240,253,13,,240,253
00458607,KAPLAN UNIVERSITY - CEDAR FALLS         ,IA,50613-6309,Proprietary  ,35,432,467,35,,432,467
00458700,NORTHEAST IOWA COMMUNITY COLLEGE        ,IA,52132-0400,Public       ,338,201,539,338,,201,539
00458701,NORTHEAST IOWA COMMUNITY COLLEGE        ,IA,52068-0000,Public       ,463,368,831,463,,368,831
00459500,HAWKEYE COMMUNITY COLLEGE               ,IA,50701-0000,Public       ,1185,640,1825,1185,,640,1825
00459800,IOWA WESTERN CMTY CLG-COUNCIL BLUFF     ,IA,51502-0000,Public       ,1875,1361,3236,1875,,1361,3236
00460000,NORTHWEST IOWA COMMUNITY COLLEGE        ,IA,51201-1046,Public       ,282,124,406,282,,124,406
00626700,IOWA METHODIST MEDICAL CENTER SCHOOLS   ,IA,50309-1499,Private      ,29,37,66,29,,37,66
00627300,MERCY COLLEGE OF HEALTH SCIENCES        ,IA,50309-1239,Private      ,265,341,606,265,,341,606
00712000,DES MOINES AREA CMTY COLLEGE            ,IA,50021-0000,Public       ,3879,2992,6871,3879,,2992,6871
00712100,FAITH BAPTIST BIBLE CLG & THEOL SEM     ,IA,50021-0000,Private      ,163,23,186,163,,23,186
00729100,ST LUKE'S COLLEGE                       ,IA,51104-0263,Private      ,83,94,177,83,,94,177
00731600,WESTERN IOWA TECH COMMUNITY COLLEGE     ,IA,51106-0000,Public       ,947,920,1867,947,,920,1867
00758800,CAPRI COLLEGE                           ,IA,52004-0873,Proprietary  ,50,46,96,50,,46,96
00761100,EQ SCHOOL OF HAIR DESIGN                ,IA,51503-0813,Proprietary  ,14,10,24,14,,10,24
00765600,AMERICAN COLLEGE OF HARISTYLING -CR     ,IA,52402-0000,Proprietary  ,3,12,15,3,,12,15
00765800,AMER COLL OF HAIRSTYLING-DES MOINES     ,IA,50309-5446,Proprietary  ,13,15,28,13,,15,28
00765900,LA JAMES COLLEGE OF HAIRSTYLING         ,IA,50401-3308,Proprietary  ,29,20,49,29,,20,49
00771700,CAPRI COLLEGE                           ,IA,52807-2622,Proprietary  ,52,64,116,52,,64,116
00794100,COLLEGE OF HAIR DESIGN                  ,IA,50703-1834,Proprietary  ,4,17,21,4,,17,21
00826000,IOWA SCHOOL OF BEAUTY INC               ,IA,50322-0000,Proprietary  ,39,66,105,39,,66,105
00840300,INDIAN HILLS COMMUNITY COLLEGE          ,IA,52501-1398,Public       ,910,696,1606,910,,696,1606
00842400,LA JAMES INTERNATIONAL COLLEGE          ,IA,50501-5577,Proprietary  ,27,20,47,27,,20,47
00959300,LA'JAMES COLLEGE OF HAIRSTYLING         ,IA,52240-0000,Proprietary  ,20,17,37,20,,17,37
01111300,MAHARISHI UNIV OF MANAGEMENT            ,IA,52557-0001,Private      ,53,145,198,53,,145,198
01206400,HAMILTON TECHNICAL COLLEGE              ,IA,52807-2653,Proprietary  ,31,63,94,31,,63,94
01230000,PALMER COLLEGE OF CHIROPRACTIC          ,IA,52803-5287,Private      ,58,1001,1059,58,,1001,1059
01300600,LA' JAMES INTERNATIONAL COLLEGE-CF      ,IA,50613-5242,Proprietary  ,10,19,29,10,,19,29
02090300,CAPRI COLLEGE                           ,IA,52404-0000,Proprietary  ,46,51,97,46,,51,97
02134500,LA JAMES INTERNATIONAL COLLEGE - DAV    ,IA,52806-3952,Proprietary  ,10,30,40,10,,30,40
02160900,PCI ACADEMY                             ,IA,50010-6062,Proprietary  ,49,30,79,49,,30,79
02262500,FAUST INSTITUTE OF COSMETOLOGY          ,IA,50588-0000,Proprietary  ,10,2,12,10,,2,12
02274100,LA' JAMES INTERNATIONAL COLLEGE - DM    ,IA,50131-0000,Proprietary  ,21,27,48,21,,27,48
02289000,AMERICAN HAIR ACADEMY                   ,IA,52627-4530,Proprietary  ,6,15,21,6,,15,21
02306900,IOWA SCHOOL OF BEAUTY                   ,IA,52501-0000,Proprietary  ,15,20,35,15,,20,35
02328900,EMMAUS BIBLE COLLEGE                    ,IA,52001-0000,Private      ,153,16,169,153,,16,169
02330900,IOWA SCHOOL OF BEAUTY                   ,IA,50158-0000,Proprietary  ,7,12,19,7,,12,19
02609200,VATTEROTT COLLEGE                       ,IA,50321-4704,Proprietary  ,39,178,217,39,,178,217
03069100,ALLEN COLLEGE                           ,IA,50703-1916,Private      ,269,257,526,269,,257,526
03441300,IOWA SCHOOL OF BEAUTY                   ,IA,51106-5111,Proprietary  ,14,25,39,14,,25,39
03607400,TOTAL LOOK SCHOOL OF COSMETOLOGY AND MAS,IA,52136-1053,Proprietary  ,1,2,3,1,,2,3
03720300,CARLSON COLLEGE OF MASSAGE THERAPY      ,IA,52205-7519,Proprietary  ,7,5,12,7,,5,12
04051313,ART INSTITUTE OF PHOENIX (THE) - BROWN M,IA,52722-3628,Proprietary  ,10,37,47,10,,37,47
04177800,SALON PROFESSIONAL ACADEMY (THE)        ,IA,52240-6083,Proprietary  ,16,14,30,16,,14,30
04203300,AVEDA INSTITUTE DES MOINES              ,IA,50266-8137,Proprietary  ,64,50,114,64,,50,114
00259600,ATLANTIC COMMUNITY COLLEGE              ,NJ,08330-2699,Public       ,1267,1126,2393,1267,,1126,2393
00259700,BLOOMFIELD COLLEGE                      ,NJ,07003-3425,Private      ,1904,630,2534,1904,,630,2534
00259800,CALDWELL COLLEGE                        ,NJ,07006-6195,Private      ,1854,442,2296,1854,,442,2296
00259900,CENTENARY COLLEGE                       ,NJ,07840-2184,Private      ,1325,359,1684,1325,,359,1684
00260000,COLLEGE OF SAINT ELIZABETH              ,NJ,07960-6989,Private      ,845,262,1107,845,,262,1107
00260100,CUMBERLAND COUNTY COLLEGE               ,NJ,08362-9912,Public       ,625,806,1431,625,,806,1431
00260300,DREW UNIVERSITY                         ,NJ,07940-4063,Private      ,2242,283,2525,2242,,283,2525
00260700,FAIRLEIGH DICKINSON UNIV-TEANECK        ,NJ,07666-1996,Private      ,3228,1266,4494,3228,,1266,4494
00260701,FAIRLEIGH DICKINSON UNIV-FLORHAM        ,NJ,07940-0000,Private      ,3157,531,3688,3157,,531,3688
00260702,FAIRLEIGH DICKINSON UNIV-ED WMS CLG     ,NJ,07601-0000,Private      ,403,226,629,403,,226,629
00260703,FAIRLEIGH DICKINSON UNIVERSITY          ,NJ,07940-0000,Private      ,1210,327,1537,1210,,327,1537
00260800,GEORGIAN COURT UNIVERSITY               ,NJ,08701-2697,Private      ,987,479,1466,987,,479,1466
00260900,ROWAN UNIVERSITY                        ,NJ,08028-1702,Public       ,10647,2480,13127,10647,,2480,13127
00261000,FELICIAN COLLEGE                        ,NJ,07644-2198,Private      ,1233,480,1713,1233,,480,1713
00261300,NEW JERSEY CITY UNIVERSITY              ,NJ,07305-1597,Public       ,3029,2216,5245,3029,,2216,5245
00261500,MIDDLESEX COUNTY COLLEGE                ,NJ,08818-3050,Public       ,2527,1549,4076,2527,,1549,4076
00261600,MONMOUTH UNIVERSITY                     ,NJ,07764-1898,Private      ,6502,1201,7703,6502,,1201,7703
00261700,MONTCLAIR STATE UNIVERSITY              ,NJ,07043-9987,Public       ,14271,3438,17709,14271,,3438,17709
00261900,NEW BRUNSWICK THEOLOGICAL SEMINARY      ,NJ,08901-0000,Private      ,52,48,100,52,,48,100
00262100,NEW JERSEY INST OF TECHNOLOGY           ,NJ,07102-1982,Public       ,5359,1782,7141,5359,,1782,7141
00262200,KEAN UNIVERSITY                         ,NJ,07083-7131,Public       ,7137,3468,10605,7137,,3468,10605
00262400,OCEAN COUNTY COLLEGE                    ,NJ,08754-2001,Public       ,1766,1200,2966,1766,,1200,2966
00262500,WILLIAM PATERSON UNIVERSITY             ,NJ,07470-2152,Public       ,8652,1998,10650,8652,,1998,10650
00262600,PRINCETON THEOLOGICAL SEMINARY          ,NJ,08542-0000,Private      ,12,328,340,12,,328,340
00262700,PRINCETON UNIVERSITY                    ,NJ,08544-0001,Private      ,14519,1155,15674,14519,,1155,15674
00262800,RIDER UNIVERSITY                        ,NJ,08648-3099,Private      ,7105,859,7964,7105,,859,7964
00262900,"RUTGERS, THE STATE UNIVERSITY OF NJ     ",NJ,08901-1281,Public       ,37319,14328,51647,37319,,14328,51647
00263200,SETON HALL UNIVERSITY                   ,NJ,07079-2697,Private      ,10450,2086,12536,10450,,2086,12536
00263201,SETON HALL UNIVERSITY - SCHOOL OF LAW   ,NJ,07079-5210,Private      ,163,940,1103,163,,940,1103
00263800,SAINT PETER'S UNIVERSITY                ,NJ,07306-5997,Private      ,2739,731,3470,2739,,731,3470
00263900,STEVENS INSTITUTE OF TECHNOLOGY         ,NJ,07030-5370,Private      ,4094,260,4354,4094,,260,4354
00264200,COLLEGE OF NEW JERSEY (THE)             ,NJ,08628-0718,Public       ,10057,686,10743,10057,,686,10743
00264300,UNION COUNTY COLLEGE                    ,NJ,07016-1598,Public       ,1669,2077,3746,1669,,2077,3746
00473600,BERGEN COMMUNITY COLLEGE                ,NJ,07652-1595,Public       ,3672,2070,5742,3672,,2070,5742
00474000,MERCER COUNTY COMMUNITY COLLEGE         ,NJ,08690-0000,Public       ,1224,1186,2410,1224,,1186,2410
00539900,MONMOUTH COUNTY VOCATIONAL SCH DIST     ,NJ,07728-5033,Public       ,26,21,47,26,,21,47
00545200,TETERBORO SCH OF AERONAUTICS            ,NJ,07608-1083,Proprietary  ,32,30,62,32,,30,62
00546100,SALEM COMMUNITY COLLEGE                 ,NJ,08069-2799,Public       ,176,201,377,176,,201,377
00641700,HOLY NAME HOSPITAL SCH OF NURSING       ,NJ,07666-4254,Private      ,45,113,158,45,,113,158
00642000,MOUNTAINSIDE HOSP SCH NRSG              ,NJ,07042-4898,Proprietary  ,24,84,108,24,,84,108
00642100,MUHLENBERG SNYDER SCHOOLS               ,NJ,07061-3399,Private      ,42,151,193,42,,151,193
00642900,ST FRANCIS MEDICAL CTR SCH NURSING      ,NJ,08629-1986,Private      ,12,44,56,12,,44,56
00642902,ST FRANCIS MED CTR RAD TECH             ,NJ,08629-0000,Private      ,3,19,22,3,,19,22
00686500,CAMDEN COUNTY COLLEGE                   ,NJ,08012-3240,Public       ,2044,2340,4384,2044,,2340,4384
00690100,GLOUCESTER COUNTY COLLEGE               ,NJ,08080-4249,Public       ,1413,994,2407,1413,,994,2407
00710700,ESSEX COUNTY COLLEGE                    ,NJ,07102-1798,Public       ,2100,3116,5216,2100,,3116,5216
00750200,BERKELEY COLLEGE                        ,NJ,07424-3367,Proprietary  ,860,950,1810,860,,950,1810
00759300,PARISIAN BEAUTY ACADEMY                 ,NJ,07601-5509,Proprietary  ,37,42,79,37,,42,79
00772900,COUNTY COLLEGE OF MORRIS                ,NJ,07869-0000,Public       ,1537,584,2121,1537,,584,2121
00773000,BURLINGTON COUNTY COLLEGE               ,NJ,08068-1599,Public       ,1637,1548,3185,1637,,1548,3185
00773100,RARITAN VALLEY COMMUNITY COLLEGE        ,NJ,08876-1265,Public       ,1016,619,1635,1016,,619,1635
00780401,STAR CAREER ACADEMY - STAR LAKEWOOD     ,NJ,08701-5900,Proprietary  ,21,65,86,21,,65,86
00780402,STAR CAREER ACADEMY - STAR EGG HARBOR   ,NJ,08234-4863,Proprietary  ,12,52,64,12,,52,64
00793808,LINCOLN TECHNICAL INSTITUTE - SOUTH PLAI,NJ,07080-2424,Proprietary  ,37,35,72,37,,35,72
00793810,LINCOLN TECHNICAL INSTITUTE - MAHWAH    ,NJ,07430-2106,Proprietary  ,85,43,128,85,,43,128
00793811,LINCOLN TECHNICAL INSTITUTE - UNION     ,NJ,07083-5032,Proprietary  ,119,121,240,119,,121,240
00794700,BETH MEDRASH GOVOHA OF AMERICA          ,NJ,08701-0000,Private      ,13,73,86,13,,73,86
00840400,BROOKDALE COMMUNITY COLLEGE             ,NJ,07738-1597,Public       ,2036,1190,3226,2036,,1190,3226
00844101,ANTHEM INSTITUTE                        ,NJ,08002-0000,Proprietary  ,30,105,135,30,,105,135
00849400,HO HO KUS SCHL OF TRADE & TECH SCIENCES ,NJ,07513-1402,Proprietary  ,27,43,70,27,,43,70
00860900,RABBINICAL COLLEGE OF AMERICA           ,NJ,07960-3600,Private      ,5,2,7,5,,2,7
00907800,CAPRI INSTITUTE OF HAIR DESIGN          ,NJ,07011-2111,Proprietary  ,10,28,38,10,,28,38
00934400,RAMAPO COLLEGE OF NEW JERSEY            ,NJ,07430-1680,Public       ,5915,718,6633,5915,,718,6633
00934500,RICHARD STOCKTON COLLEGE OF NJ          ,NJ,08240-0000,Public       ,6655,1644,8299,6655,,1644,8299
00982804,EVEREST INSTITUTE - SOUTH PLAINFIELD    ,NJ,07080-1125,Proprietary  ,40,111,151,40,,111,151
00999400,PASSAIC COUNTY COMMUNITY COLLEGE        ,NJ,07505-1179,Public       ,1267,1183,2450,1267,,1183,2450
01062900,P B COSMETOLOGY EDUCATION CENTRE        ,NJ,08030-1750,Proprietary  ,19,18,37,19,,18,37
01085100,ANTHEM INSTITUTE                        ,NJ,07054-3409,Proprietary  ,28,140,168,28,,140,168
01085101,ANTHEM INSTITUTE                        ,NJ,07306-0000,Proprietary  ,15,38,53,15,,38,53
01085102,ANTHEM INSTITUTE                        ,NJ,08902-0000,Proprietary  ,18,35,53,18,,35,53
01090300,RIZZIERI INSTITUTE                      ,NJ,08043-4600,Proprietary  ,30,44,74,30,,44,74
01152300,MORRIS COUNTY SCHOOL OF TECHNOLOGY      ,NJ,07834-0000,Public       ,18,21,39,18,,21,39
01209000,ROBERT FIANCE BEAUTY SCHOOLS            ,NJ,08861-4118,Proprietary  ,8,15,23,8,,15,23
01246100,LINCOLN TECHNICAL INSTITUTE             ,NJ,08820-2896,Proprietary  ,69,157,226,69,,157,226
01246102,LINCOLN TECHNICAL INSTITUTE             ,NJ,08057-3212,Proprietary  ,50,126,176,50,,126,176
01246103,LINCOLN TECHNICAL INSTITUTE             ,NJ,07652-2106,Proprietary  ,94,188,282,94,,188,282
01246200,HOHOKUS - HACKENSACK SCHOOL OF BUSINESS ,NJ,07601-7197,Proprietary  ,16,96,112,16,,96,112
01295400,HUDSON COUNTY COMMUNITY COLLEGE         ,NJ,07306-4012,Public       ,1699,1420,3119,1699,,1420,3119
02053700,EASTWICK COLLEGE                        ,NJ,07446-0000,Proprietary  ,81,296,377,81,,296,377
02061800,ROMAN ACADEMY OF BEAUTY CULTURE         ,NJ,07506-0000,Proprietary  ,3,3,6,3,,3,6
02092300,HOHOKUS SCHOOL - RETS/NUTLEY            ,NJ,07110-0000,Proprietary  ,24,50,74,24,,50,74
02103700,CAPRI INSTITUTE OF HAIR DESIGN          ,NJ,07652-0000,Proprietary  ,13,23,36,13,,23,36
02104000,HARRIS SCHOOL OF BUSINESS               ,NJ,08002-2983,Proprietary  ,37,148,185,37,,148,185
02106601,AMERICAN INSTITUTE - CLIFTON            ,NJ,07011-2345,Proprietary  ,13,82,95,13,,82,95
02106605,AMERICAN INSTITUTE - TOMS RIVER         ,NJ,08755-1524,Proprietary  ,7,55,62,7,,55,62
02131100,DU CRET SCHOOL OF THE ARTS              ,NJ,07060-0000,Private      ,11,3,14,11,,3,14
02131600,PENNCO TECH                             ,NJ,08012-0000,Proprietary  ,64,98,162,64,,98,162
02132300,BERDAN INSTITUTE                        ,NJ,07512-0000,Proprietary  ,40,50,90,40,,50,90
02146800,JOE KUBERT SCH OF CARTOON & GRAPHIC     ,NJ,07801-0000,Proprietary  ,37,24,61,37,,24,61
02154000,DIVERS ACAD OF EASTERN SEABOARD         ,NJ,08081-1139,Proprietary  ,31,55,86,31,,55,86
02183600,CAPRI INSTITUTE OF HAIR DESIGN          ,NJ,07033-0000,Proprietary  ,17,22,39,17,,22,39
02192200,THOMAS EDISON STATE COLLEGE             ,NJ,08608-0000,Public       ,243,2646,2889,243,,2646,2889
02219600,OMEGA INSTITUTE                         ,NJ,08109-0000,Proprietary  ,13,37,50,13,,37,50
02223700,ROBERT FIANCE BEAUTY SCHOOLS            ,NJ,07093-4623,Proprietary  ,4,7,11,4,,7,11
02223900,DRAKE COLLEGE OF BUSINESS               ,NJ,07201-0000,Proprietary  ,12,46,58,12,,46,58
02223902,DRAKE COLLEGE OF BUSINESS - NEWARK CAMPU,NJ,07112-2760,Proprietary  ,41,112,153,41,,112,153
02232500,UNION COUNTY VOCATIONAL TECH INST       ,NJ,07076-0000,Public       ,30,32,62,30,,32,62
02234600,ATLANTIC BEAUTY & SPA ACADEMY           ,NJ,08234-2621,Proprietary  ,10,23,33,10,,23,33
02246000,ROSS UNIVERSITY - MEDICAL SCHOOL        ,NJ,08837-0000,Proprietary  ,20,1463,1483,20,,1463,1483
02248600,COOPER HEALTH SYS-CTR ALLIED HEALTH     ,NJ,08103-0000,Private      ,51,160,211,51,,160,211
02265500,CAPRI INSTITUTE OF HAIR DESIGN          ,NJ,08724-0000,Proprietary  ,10,16,26,10,,16,26
02277900,ROSS UNIV - SCH OF VETERINARY MED       ,NJ,08837-0000,Proprietary  ,11,1061,1072,11,,1061,1072
02312000,BERGEN COUNTY TECHNICAL SCHOOLS         ,NJ,07601-6110,Public       ,43,43,86,43,,43,86
02503900,WARREN COUNTY COMMUNITY COLLEGE         ,NJ,07882-0000,Public       ,213,215,428,213,,215,428
02523700,OCEAN COUNTY VOCATIONAL-TECH SCHOOL     ,NJ,08753-0000,Public       ,83,128,211,83,,128,211
02525900,ARTISTIC ACADEMY OF HAIR DESIGN         ,NJ,07950-1409,Proprietary  ,28,24,52,28,,24,52
02528200,ROBERT FIANCE BEAUTY SCHOOLS            ,NJ,07060-4840,Proprietary  ,6,16,22,6,,16,22
02558700,PRISM CAREER INSTITUTE                  ,NJ,08037-0000,Proprietary  ,34,201,235,34,,201,235
02568800,SUSSEX COUNTY COMMUNITY COLLEGE         ,NJ,07860-1149,Public       ,575,312,887,575,,312,887
02586900,HARRIS SCHOOL OF BUSINESS               ,NJ,08043-2604,Proprietary  ,12,51,63,12,,51,63
02616402,SANFORD-BROWN INSTITUTE - ISELIN        ,NJ,08830-0000,Proprietary  ,34,131,165,34,,131,165
03077500,RABBI JACOB JOSEPH SCHOOL               ,NJ,08817-4494,Private      ,1,2,3,1,,2,3
03122600,EASTERN INTERNATIONAL COLLEGE           ,NJ,07306-3906,Proprietary  ,26,76,102,26,,76,102
03187300,STENOTECH CAREER INSTITUTE              ,NJ,07004-3490,Proprietary  ,5,10,15,5,,10,15
03197300,INSTITUTE FOR HEALTH EDUCATION(THE)     ,NJ,07306-2929,Proprietary  ,11,38,49,11,,38,49
03324300,CENTRAL CAREER SCHOOL                   ,NJ,07080-2408,Proprietary  ,2,12,14,2,,12,14
03380302,STAR CAREER ACADEMY - STAR NEWARK       ,NJ,07102-4510,Proprietary  ,52,199,251,52,,199,251
03380303,STAR CAREER ACADEMY - STAR CLIFTON      ,NJ,07011-2248,Proprietary  ,6,24,30,6,,24,30
03389300,ACADEMY OF MASSAGE THERAPY              ,NJ,07631-0000,Proprietary  ,6,33,39,6,,33,39
03536300,INSTITUTE FOR THERAPEUTIC MASSAGE       ,NJ,07420-1452,Proprietary  ,5,21,26,5,,21,26
03650600,PC AGE                                  ,NJ,07306-3936,Proprietary  ,7,36,43,7,,36,43
03650603,PC AGE                                  ,NJ,08817-2842,Proprietary  ,4,14,18,4,,14,18
03666300,PILLAR COLLEGE                          ,NJ,07102-5511,Private      ,27,171,198,27,,171,198
03803300,HEALTHCARE TRAINING INSTITUTE           ,NJ,07083-3504,Proprietary  ,13,82,95,13,,82,95
03811300,EASTERN SCHOOL OF ACUPUNCTURE AND TRADIT,NJ,07042-3562,Proprietary  ,1,17,18,1,,17,18
04081300,BAIS MEDRASH TORAS CHESED               ,NJ,08701-0000,Private      ,1,0,1,1,,0,1
04123400,YESHIVAS BE'ER YITZCHOK                 ,NJ,07208-2380,Private      ,2,6,8,2,,6,8
04125000,GENTLE HEALING SCHOOL OF MASSAGE        ,NJ,08512-3600,Proprietary  ,1,3,4,1,,3,4
04131100,YESHIVA TORAS CHAIM                     ,NJ,08701-2120,Private      ,0,1,1,0,,1,1
04131200,TOTAL IMAGE BEAUTY ACADEMY              ,NJ,07307-2943,Proprietary  ,7,25,32,7,,25,32
04134100,CENTER FOR ALLIED HEALTH & NURSING EDUCA,NJ,07601-5801,Proprietary  ,35,467,502,35,,467,502
04136400,AMERICAN INSTITUTE OF MEDICAL SCIENCES &,NJ,07080-1183,Proprietary  ,20,72,92,20,,72,92
04154500,STARTING POINTS FOR CHILDREN            ,NJ,07306-0001,Private      ,2,20,22,2,,20,22
04154900,NATIONAL CAREER INSTITUTE               ,NJ,07018-2011,Proprietary  ,1,11,12,1,,11,12
04154901,NATIONAL CAREER INSTITUTE - JERSEY CITY ,NJ,07306-4300,Proprietary  ,8,22,30,8,,22,30
04173100,LAB PAUL MITCHELL PARTNER SCHOOL (THE)  ,NJ,08628-2500,Proprietary  ,13,19,32,13,,19,32
04180300,MESIVTA KESER TORAH                     ,NJ,07719-2409,Private      ,0,1,1,0,,1,1
04181400,BEST CARE TRAINING INSTITUTE            ,NJ,07018-1703,Proprietary  ,7,58,65,7,,58,65
04184500,CHRISTINE VALMY INTERNATIONAL SCHOOL OF ,NJ,07058-9589,Proprietary  ,5,7,12,5,,7,12
04188700,ASI CAREER INSTITUTE                    ,NJ,08012-1043,Proprietary  ,3,31,34,3,,31,34
04192400,YESHIVA GEDOLAH ZICHRON LEYMA           ,NJ,07036-3905,Private      ,0,1,1,0,,1,1
04207500,MEDICAL CAREER INSTITUTE                ,NJ,07712-7202,Proprietary  ,9,31,40,9,,31,40
04216000,UNIVERSAL TRAINING INSTITUTE            ,NJ,08861-4106,Proprietary  ,6,27,33,6,,27,33
04216100,YESHIVA YESODEI HATORAH                 ,NJ,08701-4946,Private      ,1,1,2,1,,1,2
04216500,RIZZIERI INSTITUTE                      ,NJ,08043-1911,Proprietary  ,16,22,38,16,,22,38
04218200,PAUL MITCHELL THE SCHOOL - JERSEY SHORE ,NJ,08723-3413,Proprietary  ,19,12,31,19,,12,31
04218500,SALON PROFESSIONAL ACADEMY THE          ,NJ,07080-0000,Proprietary  ,18,34,52,18,,34,52
00266500,VAUGHN COLLEGE OF AERONAUTICS AND TECHNO,NY,11369-9997,Private      ,630,294,924,630,,294,924
00266600,ADELPHI UNIVERSITY                      ,NY,11530-4299,Private      ,7262,2153,9415,7262,,2153,9415
00266700,DOWLING COLLEGE                         ,NY,11769-1999,Private      ,1348,487,1835,1348,,487,1835
00266800,ALFRED UNIVERSITY                       ,NY,14802-1205,Private      ,3127,314,3441,3127,,314,3441
00266900,BANK STREET COLLEGE OF EDUCATION        ,NY,10025-0000,Private      ,13,300,313,13,,300,313
00267100,BARD COLLEGE                            ,NY,12504-5000,Private      ,3370,562,3932,3370,,562,3932
00267400,NEW YORK THEOLOGICAL SEMINARY           ,NY,10115-0002,Private      ,2,69,71,2,,69,71
00267700,BROOKLYN LAW SCHOOL                     ,NY,11201-0000,Private      ,52,1485,1537,52,,1485,1537
00267800,BRYANT & STRATTON COLLEGE               ,NY,14203-1713,Proprietary  ,838,5208,6046,838,,5208,6046
00267803,BRYANT & STRATTON COLLEGE - GREECE      ,NY,14606-4227,Proprietary  ,123,407,530,123,,407,530
00267805,BRYANT & STRATTON COLLEGE - SYRACUSE    ,NY,13203-2502,Proprietary  ,229,553,782,229,,553,782
00267807,BRYANT & STRATTON COLLEGE - ALBANY      ,NY,12205-5230,Proprietary  ,95,366,461,95,,366,461
00268100,CANISIUS COLLEGE                        ,NY,14208-1098,Private      ,3448,745,4193,3448,,745,4193
00268500,CAZENOVIA COLLEGE                       ,NY,13035-1085,Private      ,1658,121,1779,1658,,121,1779
00268700,CUNY-BROOKLYN COLLEGE                   ,NY,11210-2814,Public       ,14279,5130,19409,14279,,5130,19409
00268800,CITY COLLEGE-CUNY                       ,NY,10031-9198,Public       ,15965,5111,21076,15965,,5111,21076
00268900,CUNY-HUNTER COLLEGE                     ,NY,10021-0000,Public       ,21305,7956,29261,21305,,7956,29261
00269000,QUEENS COLLEGE-CUNY                     ,NY,11367-1597,Public       ,13063,3770,16833,13063,,3770,16833
00269100,CUNY- BOROUGH OF MANHATTAN CMTY CLG     ,NY,10007-1047,Public       ,15324,6397,21721,15324,,6397,21721
00269200,CUNY BRONX COMMUNITY COLLEGE            ,NY,10453-3102,Public       ,5821,3659,9480,5821,,3659,9480
00269300,CUNY-JOHN JAY CLG CRIMINAL JUSTICE      ,NY,10019-1093,Public       ,11911,3749,15660,11911,,3749,15660
00269400,KINGSBOROUGH COMMUNITY COLLEGE          ,NY,11235-2398,Public       ,7981,3425,11406,7981,,3425,11406
00269600,NY CITY COLLEGE OF TECHNOLOGY-CUNY      ,NY,11201-2983,Public       ,12446,4031,16477,12446,,4031,16477
00269700,QUEENSBOROUGH COMMUNITY COLLEGE         ,NY,11364-1497,Public       ,7325,2354,9679,7325,,2354,9679
00269800,CUNY THE COLLEGE OF STATEN ISLAND       ,NY,10314-6600,Public       ,9166,1972,11138,9166,,1972,11138
00269900,CLARKSON UNIVERSITY                     ,NY,13699-5615,Private      ,5343,312,5655,5343,,312,5655
00270000,COLGATE ROCHESTER CROZER DIVINITY S     ,NY,14620-0000,Private      ,4,26,30,4,,26,30
00270100,COLGATE UNIVERSITY                      ,NY,13346-1386,Private      ,4108,76,4184,4108,,76,4184
00270300,COLLEGE OF MOUNT SAINT VINCENT          ,NY,10471-1093,Private      ,2063,242,2305,2063,,242,2305
00270400,COLLEGE OF NEW ROCHELLE                 ,NY,10805-2339,Private      ,907,781,1688,907,,781,1688
00270500,COLLEGE OF SAINT ROSE                   ,NY,12203-1490,Private      ,3832,749,4581,3832,,749,4581
00270700,COLUMBIA UNIVERSITY                     ,NY,10027-0000,Private      ,19701,14217,33918,19701,,14217,33918
00270800,BARNARD COLLEGE-COLUMBIA UNIV           ,NY,10027-6598,Private      ,3848,249,4097,3848,,249,4097
00270900,CONCORDIA COLLEGE                       ,NY,10708-1998,Private      ,665,203,868,665,,203,868
00271000,COOPER UNION                            ,NY,10003-7120,Private      ,1148,127,1275,1148,,127,1275
00271100,CORNELL UNIVERSITY                      ,NY,14853-2801,Private      ,25764,4311,30075,25764,,4311,30075
00271101,WEILL CORNELL MEDICAL COLLEGE AND GRADUA,NY,10021-0000,Private      ,20,412,432,20,,412,432
00271200,D'YOUVILLE COLLEGE                      ,NY,14201-1084,Private      ,1508,1072,2580,1508,,1072,2580
00271300,DOMINICAN COLLEGE                       ,NY,10962-1299,Private      ,1297,436,1733,1297,,436,1733
00271800,ELMIRA COLLEGE                          ,NY,14901-2099,Private      ,1851,132,1983,1851,,132,1983
00272200,FORDHAM UNIVERSITY                      ,NY,10458-5157,Private      ,23686,4915,28601,23686,,4915,28601
00272600,GENERAL THEOLOGICAL SEMINARY            ,NY,10011-0000,Private      ,3,38,41,3,,38,41
00272800,HAMILTON COLLEGE                        ,NY,13323-1218,Private      ,2509,55,2564,2509,,55,2564
00272900,HARTWICK COLLEGE                        ,NY,13820-4020,Private      ,3290,139,3429,3290,,139,3429
00273100,HOBART & WILLIAM SMITH COLLEGES         ,NY,14456-3397,Private      ,2846,65,2911,2846,,65,2911
00273200,HOFSTRA UNIVERSITY                      ,NY,11549-1010,Private      ,15603,2964,18567,15603,,2964,18567
00273400,HOUGHTON COLLEGE                        ,NY,14744-0128,Private      ,974,70,1044,974,,70,1044
00273500,HILBERT COLLEGE                         ,NY,14075-1597,Private      ,701,123,824,701,,123,824
00273700,IONA COLLEGE                            ,NY,10801-1890,Private      ,6296,498,6794,6296,,498,6794
00273900,ITHACA COLLEGE                          ,NY,14850-7130,Private      ,13695,717,14412,13695,,717,14412
00274000,JEWISH THEOLOGICAL SEMINARY OF AMER     ,NY,10027-4649,Private      ,123,124,247,123,,124,247
00274200,THE JUILLIARD SCHOOL                    ,NY,10023-6588,Private      ,1222,614,1836,1222,,614,1836
00274400,KEUKA COLLEGE                           ,NY,14478-0000,Private      ,1177,493,1670,1177,,493,1670
00274800,LEMOYNE COLLEGE                         ,NY,13214-1399,Private      ,4549,441,4990,4549,,441,4990
00274900,NEW YORK COLLEGE OF PODIATRIC MED       ,NY,10035-1940,Private      ,26,273,299,26,,273,299
00275100,LONG ISLAND UNIVERSITY                  ,NY,11548-1326,Private      ,9921,4443,14364,9921,,4443,14364
00275800,MANHATTAN COLLEGE                       ,NY,10471-4098,Private      ,5838,386,6224,5838,,386,6224
00275900,MANHATTAN SCHOOL OF MUSIC               ,NY,10027-4689,Private      ,498,396,894,498,,396,894
00276000,MANHATTANVILLE COLLEGE                  ,NY,10577-2132,Private      ,2630,323,2953,2630,,323,2953
00276300,MARIA COLLEGE                           ,NY,12208-1798,Private      ,113,272,385,113,,272,385
00276500,MARIST COLLEGE                          ,NY,12601-1387,Private      ,8166,604,8770,8166,,604,8770
00276900,MARYMOUNT MANHATTAN COLLEGE             ,NY,10021-4597,Private      ,3142,200,3342,3142,,200,3342
00277200,MERCY COLLEGE                           ,NY,10522-1189,Private      ,4331,2866,7197,4331,,2866,7197
00277500,MOLLOY COLLEGE                          ,NY,11570-1100,Private      ,2930,1004,3934,2930,,1004,3934
00277700,MEDAILLE COLLEGE                        ,NY,14214-2695,Private      ,1085,597,1682,1085,,597,1682
00277800,MOUNT SAINT MARY COLLEGE                ,NY,12550-3494,Private      ,3154,465,3619,3154,,465,3619
00277900,NAZARETH COLLEGE OF ROCHESTER           ,NY,14618-3790,Private      ,3092,656,3748,3092,,656,3748
00278200,NEW YORK INSTITUTE OF TECHNOLOGY        ,NY,11568-8000,Private      ,4679,1065,5744,4679,,1065,5744
00278202,NY INSTITUTE OF TECHNOLOGY-OSTEOPATHIC M,NY,11568-0000,Private      ,55,461,516,55,,461,516
00278300,NEW YORK LAW SCHOOL                     ,NY,10013-0000,Private      ,42,1242,1284,42,,1242,1284
00278400,NEW YORK MEDICAL COLLEGE                ,NY,10595-0000,Private      ,26,935,961,26,,935,961
00278500,NEW YORK UNIVERSITY                     ,NY,10012-1091,Private      ,36772,18415,55187,36772,,18415,55187
00278520,NEW YORK UNIVERSITY - BROOKLYN          ,NY,11201-3840,Private      ,751,163,914,751,,163,914
00278800,NIAGARA UNIVERSITY                      ,NY,14109-2010,Private      ,2728,360,3088,2728,,360,3088
00279000,NYACK COLLEGE                           ,NY,10960-3698,Private      ,864,492,1356,864,,492,1356
00279100,PACE UNIVERSITY - NEW YORK              ,NY,10038-1598,Private      ,11071,2102,13173,11071,,2102,13173
00279101,PACE UNIVERSITY-PLEASANTVILLE           ,NY,10570-0000,Private      ,3378,679,4057,3378,,679,4057
00279102,PACE UNIVERSITY - WHITE PLAINS          ,NY,10603-0000,Private      ,471,891,1362,471,,891,1362
00279500,PAUL SMITHS CLG OF ARTS & SCIENCES      ,NY,12970-0000,Private      ,778,72,850,778,,72,850
00279800,PRATT INSTITUTE                         ,NY,11205-3899,Private      ,4265,1400,5665,4265,,1400,5665
00280300,RENSSELAER POLYTECHNIC INSTITUTE        ,NY,12180-3590,Private      ,11558,464,12022,11558,,464,12022
00280500,ROBERTS WESLEYAN COLLEGE                ,NY,14624-1997,Private      ,928,485,1413,928,,485,1413
00280600,ROCHESTER INSTITUTE OF TECHNOLOGY       ,NY,14623-5608,Private      ,13222,1311,14533,13222,,1311,14533
00280700,ROCKEFELLER UNIVERSITY                  ,NY,10021-0000,Private      ,21,33,54,21,,33,54
00280800,DAEMEN COLLEGE                          ,NY,14226-3592,Private      ,2152,465,2617,2152,,465,2617
00281000,THE SAGE COLLEGES                       ,NY,12180-4199,Private      ,1550,936,2486,1550,,936,2486
00281200,TROCAIRE COLLEGE                        ,NY,14220-2094,Private      ,470,618,1088,470,,618,1088
00281300,SARAH LAWRENCE COLLEGE                  ,NY,10708-5999,Private      ,1999,484,2483,1999,,484,2483
00281400,SKIDMORE COLLEGE                        ,NY,12866-1632,Private      ,4062,91,4153,4062,,91,4153
00281500,ST BERNARDS SCH THEOLOGY & MINISTRY     ,NY,14618-3822,Private      ,1,19,20,1,,19,20
00281600,SIENA COLLEGE                           ,NY,12211-1462,Private      ,4955,161,5116,4955,,161,5116
00281700,ST BONAVENTURE UNIVERSITY               ,NY,14778-2284,Private      ,2295,218,2513,2295,,218,2513
00282000,ST FRANCIS COLLEGE                      ,NY,11201-4398,Private      ,1969,269,2238,1969,,269,2238
00282100,ST JOHN FISHER COLLEGE                  ,NY,14618-3597,Private      ,3799,836,4635,3799,,836,4635
00282200,CHRIST THE KING SEMINARY                ,NY,14052-0607,Private      ,0,2,2,0,,2,2
00282300,ST JOHN'S UNIVERSITY                    ,NY,11439-1343,Private      ,20973,3556,24529,20973,,3556,24529
00282500,ST JOSEPH'S COLLEGE                     ,NY,11205-3688,Private      ,1066,270,1336,1066,,270,1336
00282501,ST JOSEPH'S COLLEGE-SUFFOLK CAMPUS      ,NY,11772-0000,Private      ,1686,528,2214,1686,,528,2214
00282900,ST LAWRENCE UNIVERSITY                  ,NY,13617-1455,Private      ,2125,81,2206,2125,,81,2206
00283200,ST THOMAS AQUINAS COLLEGE               ,NY,10976-1050,Private      ,1285,105,1390,1285,,105,1390
00283300,ST VLADIMIR ORTHODOX THEOL SEM          ,NY,10707-0000,Private      ,0,25,25,0,,25,25
00283400,EXCELSIOR COLLEGE                       ,NY,12203-5159,Private      ,213,3680,3893,213,,3680,3893
00283500,SUNY AT ALBANY                          ,NY,12222-0001,Public       ,17274,2484,19758,17274,,2484,19758
00283600,BINGHAMTON UNIVERSITY (SUNY)            ,NY,13902-6000,Public       ,21629,1705,23334,21629,,1705,23334
00283700,SUNY AT BUFFALO                         ,NY,14260-0001,Public       ,20889,5730,26619,20889,,5730,26619
00283800,SUNY AT STONY BROOK                     ,NY,11794-0701,Public       ,24315,4186,28501,24315,,4186,28501
00283900,SUNY-DOWNSTATE MEDICAL CENTER           ,NY,11203-2098,Public       ,134,1290,1424,134,,1290,1424
00284000,SUNY UPSTATE MEDICAL UNIVERSITY         ,NY,13210-2375,Public       ,200,1006,1206,200,,1006,1206
00284100,SUNY BROCKPORT - FIN AID OFF            ,NY,14420-2914,Public       ,7794,1245,9039,7794,,1245,9039
00284200,BUFFALO STATE COLLEGE - SUNY            ,NY,14222-1095,Public       ,10131,2076,12207,10131,,2076,12207
00284300,SUNY COLLEGE-CORTLAND                   ,NY,13045-0900,Public       ,9506,686,10192,9506,,686,10192
00284400,SUNY AT FREDONIA                        ,NY,14063-1145,Public       ,5883,525,6408,5883,,525,6408
00284500,SUNY GENESEO                            ,NY,14454-1401,Public       ,8221,364,8585,8221,,364,8585
00284600,SUNY COLLEGE-NEW PALTZ                  ,NY,12561-2499,Public       ,10501,1168,11669,10501,,1168,11669
00284700,SUNY COLLEGE-ONEONTA                    ,NY,13820-4015,Public       ,9297,467,9764,9297,,467,9764
00284800,SUNY OSWEGO                             ,NY,13126-3599,Public       ,9517,936,10453,9517,,936,10453
00284900,SUNY COLLEGE AT PLATTSBURGH             ,NY,12901-2681,Public       ,6209,666,6875,6209,,666,6875
00285000,SUNY COLLEGE-POTSDAM                    ,NY,13676-2294,Public       ,4582,416,4998,4582,,416,4998
00285100,SUNY COLLEGE OF ENVIRONMENT SCIENCE AND ,NY,13210-2778,Public       ,1868,312,2180,1868,,312,2180
00285300,SUNY MARITIME COLLEGE                   ,NY,10465-4198,Public       ,1535,170,1705,1535,,170,1705
00285400,SUNY COLLEGE OF TECHNOLOGY-ALFRED       ,NY,14802-9951,Public       ,3394,452,3846,3394,,452,3846
00285500,SUNY CANTON COLG OF TECHNOLOGY          ,NY,13617-1098,Public       ,2841,739,3580,2841,,739,3580
00285600,SUNY AG & TECH COLLEGE-COBLESKILL       ,NY,12043-9986,Public       ,2361,262,2623,2361,,262,2623
00285700,SUNY DELHI                              ,NY,13753-1190,Public       ,3166,496,3662,3166,,496,3662
00285800,SUNY FARMINGDALE                        ,NY,11735-1021,Public       ,4750,1061,5811,4750,,1061,5811
00285900,SUNY COLLEGE OF AG & TECH AT MORRISVILLE,NY,13408-0901,Public       ,2843,427,3270,2843,,427,3270
00286000,ADIRONDACK COMMUNITY COLLEGE            ,NY,12804-2004,Public       ,1018,503,1521,1018,,503,1521
00286100,CAYUGA COMMUNITY COLLEGE                ,NY,13021-3099,Public       ,620,586,1206,620,,586,1206
00286200,BROOME COMMUNITY COLLEGE                ,NY,13902-0000,Public       ,1819,867,2686,1819,,867,2686
00286300,CORNING COMMUNITY COLLEGE               ,NY,14830-3297,Public       ,743,540,1283,743,,540,1283
00286400,DUTCHESS COMMUNITY COLLEGE              ,NY,12601-1595,Public       ,2047,735,2782,2047,,735,2782
00286600,FASHION INSTITUTE OF TECHNOLOGY         ,NY,10001-5992,Public       ,7458,1876,9334,7458,,1876,9334
00286700,SUNY FULTON MONTGOMERY COMM CLG         ,NY,12095-3790,Public       ,863,369,1232,863,,369,1232
00286800,HUDSON VALLEY COMMUNITY COLLEGE         ,NY,12180-6096,Public       ,2601,1313,3914,2601,,1313,3914
00286900,JAMESTOWN COMMUNITY COLLEGE             ,NY,14702-0020,Public       ,1219,563,1782,1219,,563,1782
00287000,JEFFERSON COMMUNITY COLLEGE             ,NY,13601-1897,Public       ,724,760,1484,724,,760,1484
00287100,"SUNY, MOHAWK VALLEY COMMUNITY CLG       ",NY,13501-5394,Public       ,1560,951,2511,1560,,951,2511
00287200,MONROE COMMUNITY COLLEGE                ,NY,14623-5780,Public       ,4017,2789,6806,4017,,2789,6806
00287300,NASSAU COMMUNITY COLLEGE                ,NY,11530-6793,Public       ,4889,1925,6814,4889,,1925,6814
00287400,NIAGARA COUNTY COMMUNITY COLLEGE        ,NY,14132-9460,Public       ,1706,960,2666,1706,,960,2666
00287500,ONONDAGA COMMUNITY COLLEGE              ,NY,13215-4585,Public       ,3723,1422,5145,3723,,1422,5145
00287600,ORANGE COUNTY COMMUNITY COLLEGE         ,NY,10940-6441,Public       ,1133,714,1847,1133,,714,1847
00287700,ROCKLAND COMMUNITY COLLEGE              ,NY,10901-3611,Public       ,794,456,1250,794,,456,1250
00287800,SUFFOLK COMMUNITY COLLEGE               ,NY,11784-2899,Public       ,3087,1110,4197,3087,,1110,4197
00287801,SUFFOLK COMMUNITY CLG-W. CAMPUS         ,NY,11717-0000,Public       ,2016,1022,3038,2016,,1022,3038
00287803,SUFFOLK COMMUNITY CLG-EASTRN CAMPUS     ,NY,11901-0000,Public       ,804,333,1137,804,,333,1137
00287900,SULLIVAN COUNTY COMMUNITY COLLEGE       ,NY,12759-5151,Public       ,662,210,872,662,,210,872
00288000,ULSTER COUNTY COMMUNITY COLLEGE         ,NY,12484-0557,Public       ,440,276,716,440,,276,716
00288100,SUNY WESTCHESTER COMMUNITY COLLEGE      ,NY,10595-1698,Public       ,2425,1428,3853,2425,,1428,3853
00288200,SYRACUSE UNIVERSITY                     ,NY,13244-2130,Private      ,21825,4153,25978,21825,,4153,25978
00288300,UTICA COLLEGE- UTICA                    ,NY,13502-4892,Private      ,2975,1101,4076,2975,,1101,4076
00288500,ALBANY COLLEGE OF PHARMACY AND HEALTH SC,NY,12208-3492,Private      ,1749,690,2439,1749,,690,2439
00288600,ALBANY LAW SCHOOL                       ,NY,12208-0000,Private      ,47,545,592,47,,545,592
00288700,ALBANY MEDICAL COLLEGE                  ,NY,12208-0000,Private      ,69,929,998,69,,929,998
00288900,UNION COLLEGE                           ,NY,12308-2311,Private      ,3183,80,3263,3183,,80,3263
00289000,UNION THEOLOGICAL SEMINARY              ,NY,10027-0000,Private      ,1,185,186,1,,185,186
00289200,UNITED STATES MERCHANT MARINE ACADEMY   ,NY,11024-1699,Public       ,297,7,304,297,,7,304
00289400,UNIVERSITY OF ROCHESTER                 ,NY,14627-9000,Private      ,7948,955,8903,7948,,955,8903
00289401,EASTMAN SCH OF MUSIC/UNIV ROCHESTER     ,NY,14604-0000,Private      ,734,286,1020,734,,286,1020
00289402,UNIV OF ROCHESTER SCHL OF MEDICINE      ,NY,14642-0000,Private      ,61,374,435,61,,374,435
00289500,VASSAR COLLEGE                          ,NY,12604-0008,Private      ,4057,120,4177,4057,,120,4177
00289600,VILLA MARIA COLLEGE-BUFFALO             ,NY,14225-3999,Private      ,251,120,371,251,,120,371
00289900,WAGNER COLLEGE                          ,NY,10301-4495,Private      ,2181,263,2444,2181,,263,2444
00290000,WEBB INSTITUTE                          ,NY,11542-1398,Private      ,68,3,71,68,,3,71
00290100,WELLS COLLEGE                           ,NY,13026-0500,Private      ,1133,72,1205,1133,,72,1205
00290300,YESHIVA UNIVERSITY                      ,NY,10033-3201,Private      ,1693,1622,3315,1693,,1622,3315
00290302,YESHIVA UNIVERSITY - BRONX CAMPUS       ,NY,10461-1975,Private      ,63,644,707,63,,644,707
00397400,MESIVTHA TIFERETH JERUSALEM OF AMER     ,NY,10002-6382,Private      ,5,1,6,5,,1,6
00397600,RABBINICAL ACAD MESIVTA RABBI CHAIM     ,NY,11230-4715,Private      ,2,0,2,2,,0,2
00397700,RABBINICAL COLLEGE CH'SAN SOFER         ,NY,11204-1252,Private      ,0,1,1,0,,1,1
00397800,RABBINICAL SEMINARY OF AMERICA          ,NY,11375-0000,Private      ,12,2,14,12,,2,14
00397900,COLUMBIA UNIV TEACHERS COLLEGE          ,NY,10027-0000,Private      ,78,2750,2828,78,,2750,2828
00405400,HEBREW UNION COL-JEWISH INST OF REL     ,NY,10012-0000,Private      ,2,75,77,2,,75,77
00475900,"CUNY, YORK COLLEGE                      ",NY,11451-0001,Public       ,8830,2474,11304,8830,,2474,11304
00476500,CUNY GRADUATE SCH & UNIV CTR            ,NY,10016-4309,Public       ,60,1321,1381,60,,1321,1381
00477600,CENTRAL YESHIVA TOMCHEI TMIMIM LUBA     ,NY,11230-2798,Private      ,5,4,9,5,,4,9
00478800,HERKIMER COUNTY COMMUNITY COLLEGE       ,NY,13350-1598,Public       ,1035,445,1480,1035,,445,1480
00479800,MIRRER YESHIVA CENTRAL INST             ,NY,11223-2010,Private      ,3,1,4,3,,1,4
00479900,MONROE COLLEGE                          ,NY,10468-4305,Proprietary  ,2587,2427,5014,2587,,2427,5014
00481100,EVEREST INSTITUTE                       ,NY,14621-3007,Proprietary  ,40,262,302,40,,262,302
00506400,SAINT JAMES MERCY HOSPITAL SCHOOL OF RAD,NY,14843-2197,Private      ,1,6,7,1,,6,7
00520800,THE COLLEGE OF WESTCHESTER              ,NY,10602-0000,Proprietary  ,389,238,627,389,,238,627
00587700,ROBERT J HOCHSTIM SCHOOL OF RADIOG      ,NY,11572-1151,Private      ,2,4,6,2,,4,6
00643501,ARNOT OGDEN MEDICAL CENTER              ,NY,14905-1676,Private      ,10,13,23,10,,13,23
00643800,PHILLIPS BETH ISRAEL SCH OF NURSING     ,NY,10001-6354,Private      ,29,125,154,29,,125,154
00644300,COCHRAN SCH NSG-ST JOHN RVSDE HOSP      ,NY,10701-1399,Private      ,14,55,69,14,,55,69
00644500,CROUSE HOSP SCH OF NURSING              ,NY,13210-1690,Private      ,150,146,296,150,,146,296
00644800,ELLIS HOSPITAL SCHOOL OF NURSING        ,NY,12308-0000,Private      ,36,67,103,36,,67,103
00646101,ST ELIZABETH COLLEGE OF NURSING         ,NY,13501-2998,Private      ,93,71,164,93,,71,164
00646102,ST ELIZABETH SCH OF RADIOGRAPHY         ,NY,13501-0000,Private      ,1,10,11,1,,10,11
00646700,SAINT JOSEPH'S COLLEGE OF NURSING       ,NY,13203-1806,Private      ,147,140,287,147,,140,287
00678200,GENESEE COMMUNITY COLLEGE               ,NY,14020-9704,Public       ,1361,709,2070,1361,,709,2070
00678500,SCHENECTADY COUNTY COMMUNITY CLG        ,NY,12305-2294,Public       ,901,673,1574,901,,673,1574
00678700,CLINTON COMMUNITY COLLEGE               ,NY,12901-5690,Public       ,507,232,739,507,,232,739
00678800,TOMPKINS CORTLAND COMMUNITY COLLEGE     ,NY,13053-8504,Public       ,1287,474,1761,1287,,474,1761
00678900,COLUMBIA-GREENE COMMUNITY COLLEGE       ,NY,12534-9543,Public       ,334,268,602,334,,268,602
00679100,SUNY AT PURCHASE                        ,NY,10577-1400,Public       ,6241,582,6823,6241,,582,6823
00702200,CUNY-LEHMAN COLLEGE                     ,NY,10468-1589,Public       ,9923,4730,14653,9923,,4730,14653
00702600,MOUNT SINAI SCHOOL OF MEDICINE          ,NY,10029-0000,Private      ,16,645,661,16,,645,661
00710900,SUNY COLLEGE-OLD WESTBURY               ,NY,11568-0210,Public       ,4063,968,5031,4063,,968,5031
00711100,NORTH COUNTRY COMMUNITY COLLEGE         ,NY,12983-2046,Public       ,314,159,473,314,,159,473
00726400,MESIFTA TORAH VODAATH RABBINCAL SEM     ,NY,11218-5209,Private      ,0,2,2,0,,2,2
00727300,CUNY-BERNARD BARUCH COLLEGE             ,NY,10010-5518,Public       ,13781,3948,17729,13781,,3948,17729
00730400,CULINARY INSTITUTE OF AMERICA           ,NY,12538-1499,Private      ,2378,636,3014,2378,,636,3014
00732916,ITT TECHNICAL INSTITUTE                 ,NY,12205-1003,Proprietary  ,62,121,183,62,,121,183
00737200,AUSTIN'S SCHOOL OF SPA TECHNOLOGY       ,NY,12206-1513,Proprietary  ,9,50,59,9,,50,59
00737500,ISLAND DRAFTING & TECHNICAL INST        ,NY,11701-2704,Proprietary  ,13,14,27,13,,14,27
00738700,LONG ISLAND BEAUTY SCHOOL               ,NY,11788-4346,Proprietary  ,32,44,76,32,,44,76
00738800,LONG ISLAND BEAUTY SCHOOL               ,NY,11550-3704,Proprietary  ,13,12,25,13,,12,25
00739100,BEAUTY SCHOOL OF MIDDLETOWN             ,NY,10940-6574,Proprietary  ,15,21,36,15,,21,36
00739400,BERKELEY COLLEGE                        ,NY,10017-0000,Proprietary  ,1204,1015,2219,1204,,1015,2219
00740100,MANDL SCHOOL                            ,NY,10019-5516,Proprietary  ,75,292,367,75,,292,367
00740500,WOOD TOBE-COBURN SCHOOL                 ,NY,10016-0102,Proprietary  ,212,63,275,212,,63,275
00746500,AMERICAN ACADEMY OF DRAMATIC ARTS       ,NY,10016-7089,Private      ,904,185,1089,904,,185,1089
00746600,LIM COLLEGE                             ,NY,10022-5268,Proprietary  ,1680,289,1969,1680,,289,1969
00746800,SCHOOL OF VISUAL ARTS                   ,NY,10010-3994,Proprietary  ,3012,970,3982,3012,,970,3982
00751800,APEX TECHNICAL SCHOOL                   ,NY,10011-0000,Proprietary  ,102,238,340,102,,238,340
00752200,CONTINENTAL SCH OF BEAUTY CULTURE       ,NY,14623-3231,Proprietary  ,19,40,59,19,,40,59
00752205,CONTINENTAL SCHOOL OF BEAUTY CULTURE - M,NY,13211-1003,Proprietary  ,4,12,16,4,,12,16
00753200,FINGER LAKES COMMUNITY COLLEGE          ,NY,14424-8395,Public       ,1828,912,2740,1828,,912,2740
00757200,AMERICAN MUSICAL AND DRAMATIC ACAD      ,NY,10023-2106,Private      ,2094,290,2384,2094,,290,2384
00757300,EMPIRE BEAUTY SCHOOL                    ,NY,11103-4028,Proprietary  ,127,347,474,127,,347,474
00780400,STAR CAREER ACADEMY                     ,NY,10011-7307,Proprietary  ,49,130,179,49,,130,179
00793809,LINCOLN TECHNICAL INSTITUTE - WHITESTONE,NY,11357-6092,Proprietary  ,120,70,190,120,,70,190
00818900,CONTINENTAL SCHOOL OF BEAUTY CULTURE - B,NY,14224-3402,Proprietary  ,7,10,17,7,,10,17
00818903,CONTINENTAL SCHOOL OF BEAUTY CULTURE - B,NY,14223-2911,Proprietary  ,31,42,73,31,,42,73
00843700,CHAMPLAIN VALLEY - TEC/PRN              ,NY,12901-0000,Public       ,17,24,41,17,,24,41
00849500,JAMESTOWN BUSINESS COLLEGE              ,NY,14702-0429,Proprietary  ,83,74,157,83,,74,157
00861100,"CUNY, HOSTOS CMTY COLLEGE               ",NY,10451-1499,Public       ,4695,2840,7535,4695,,2840,7535
00861400,RABBINICAL CLG BOBOVER YESHIVA BNEI     ,NY,11219-3293,Private      ,1,3,4,1,,3,4
00878800,STATE UNIVERSITY OF NEW YORK STUDENT LOA,NY,12246-0000,Public       ,340,169,509,340,,169,509
00902900,NEIGHBORHOOD PLAYHOUSE                  ,NY,10022-5017,Private      ,16,21,37,16,,21,37
00904300,ELMIRA BUSINESS INSTITUTE               ,NY,14901-2731,Proprietary  ,15,89,104,15,,89,104
00907700,UTICA SCHOOL OF COMMERCE                ,NY,13501-2280,Proprietary  ,22,91,113,22,,91,113
00924800,SAMARITAN HOSPITAL SCH NURSING          ,NY,12180-2475,Private      ,39,89,128,39,,89,128
00928300,MIDWAY-PARIS BEAUTY SCHOOL              ,NY,11385-3453,Proprietary  ,2,8,10,2,,8,10
00928400,BRITTANY BEAUTY SCHOOL                  ,NY,11756-1345,Proprietary  ,13,28,41,13,,28,41
00933500,MESIVTA EASTERN PKWY RABBINICAL CLG     ,NY,11218-5559,Private      ,2,3,5,2,,3,5
00947900,SAINT VINCENTS CMC SI NURSING SCHOOL    ,NY,10304-3850,Proprietary  ,63,156,219,63,,156,219
00976900,METROPOLITAN COLLEGE OF NEW YORK        ,NY,10013-1919,Private      ,82,626,708,82,,626,708
00992900,SUNY COLLEGE OF OPTOMETRY               ,NY,10036-8003,Public       ,17,187,204,17,,187,204
01005100,LA GUARDIA CMTY COLLEGE - CUNY          ,NY,11101-3083,Public       ,9904,4517,14421,9904,,4517,14421
01005200,JEFFERSON-LEWIS BOCES PRAC NRSGPRG      ,NY,13601-9509,Public       ,7,48,55,7,,48,55
01009700,CUNY-MEDGAR W EVERS COLLEGE             ,NY,11225-2010,Public       ,4474,2080,6554,4474,,2080,6554
01014200,TOURO COLLEGE                           ,NY,10010-4202,Private      ,928,2546,3474,928,,2546,3474
01014700,WESTERN SUFFOLK BOCES                   ,NY,11768-3499,Public       ,58,127,185,58,,127,185
01015300,HELENE FULD COL OF NRSNG/N GEN HOSP     ,NY,10035-0000,Private      ,9,160,169,9,,160,169
01028600,EMPIRE STATE COLLEGE                    ,NY,12866-4391,Public       ,443,5499,5942,443,,5499,5942
01037800,RABBINICAL COLLEGE OF LONG ISLAND       ,NY,11561-3244,Private      ,1,1,2,1,,1,2
01055100,NEW YORK SCH MED & DENTAL ASSISTANT     ,NY,11101-2327,Proprietary  ,33,57,90,33,,57,90
01064100,SOUTHERN WESTCHESTER BOCES              ,NY,10543-0000,Public       ,8,31,39,8,,31,39
01068400,ERIE COMMUNITY COLLEGE-ALL CAMPUSES     ,NY,14203-2698,Public       ,3039,2048,5087,3039,,2048,5087
01081300,AMERICAN ACAD MCALLISTER INST           ,NY,10019-3604,Private      ,63,307,370,63,,307,370
01083700,SIMMONS INST OF FUNERAL SERVICE         ,NY,13207-2098,Proprietary  ,1,4,5,1,,4,5
01095200,PNW BOCES LPN PROGRAM                   ,NY,10598-0000,Public       ,3,12,15,3,,12,15
01103100,TECHNICAL CAREER INSTITUTE              ,NY,10001-2789,Proprietary  ,133,449,582,133,,449,582
01118900,UNITED TALMUDICAL SEMINARY              ,NY,11211-7984,Private      ,2,1,3,2,,1,3
01119200,BETH HAMEDRASH SHAAREI YOSHER INST      ,NY,11204-1052,Private      ,1,1,2,1,,1,2
01161400,CHAMPLAIN VALLEY HOSP SCH RAD TECH      ,NY,12901-1490,Private      ,18,9,27,18,,9,27
01161700,NEW YORK METHODIST HOSPITAL             ,NY,11229-9023,Private      ,38,116,154,38,,116,154
01164700,SBI CAMPUS - AN AFFILIATE OF SANFORD-BRO,NY,11747-3785,Proprietary  ,25,66,91,25,,66,91
01167700,MEMORIAL SLOAN KETTERING CANCER CTR     ,NY,10021-6094,Private      ,0,21,21,0,,21,21
01167800,SUNY INST OF TECHNOLOGY UTICA ROME      ,NY,13504-3050,Public       ,1717,414,2131,1717,,414,2131
01183000,BERK TRADE AND BUSINESS SCHOOL          ,NY,11101-0000,Proprietary  ,18,29,47,18,,29,47
01185900,WORD OF LIFE BIBLE INSTITUTE            ,NY,12860-0129,Private      ,266,31,297,266,,31,297
01186000,MERCY MED CNTR SCHL OF RADIOGRAPHY      ,NY,11570-1098,Private      ,11,12,23,11,,12,23
01192100,WESTCHESTER SCH OF BEAUTY CULTURE       ,NY,10550-2295,Proprietary  ,10,24,34,10,,24,34
01192200,BETH HATALMUD RABBINICAL CLG            ,NY,11214-2594,Private      ,2,4,6,2,,4,6
01198400,OHR HAMEIR THEOLOGICAL SEMINARY         ,NY,10566-0990,Private      ,2,1,3,2,,1,3
01210700,INSTITUTE OF DESIGN & CONSTRUCTION      ,NY,11201-5380,Private      ,20,40,60,20,,40,60
01220300,MEMORIAL HOSPITAL SCH OF NURSING        ,NY,12204-1083,Private      ,35,73,108,35,,73,108
01227700,NEW YORK CHIROPRACTIC COLLEGE           ,NY,13148-0800,Private      ,4,424,428,4,,424,428
01229300,VEEB NASSAU CNTY SCHL OF PRACT NURS     ,NY,11553-3040,Public       ,21,86,107,21,,86,107
01235800,PLAZA COLLEGE                           ,NY,11372-6300,Proprietary  ,17,81,98,17,,81,98
01236400,SAINT VINCENTS CATHOLIC MEDICAL CENTERS ,NY,11354-0000,Proprietary  ,43,208,251,43,,208,251
01240700,SCHUYLER-CHEMUNG-TIOGA BOCES            ,NY,14903-1089,Public       ,20,74,94,20,,74,94
01240701,STEUBEN SCHUYLER CHEMUNG TIOGA ALLEGANY ,NY,14870-9518,Public       ,0,2,2,0,,2,2
01256100,FIVE TOWNS COLLEGE                      ,NY,11746-5871,Proprietary  ,358,86,444,358,,86,444
01258900,ERIE 1 BOCES                            ,NY,14224-0000,Public       ,43,168,211,43,,168,211
01265200,ONONDAGA CORTLAND MADISON BOCES         ,NY,13090-4500,Public       ,42,146,188,42,,146,188
01278300,OSWEGO COUNTY BOCES ADULT CAREERS       ,NY,13114-4498,Public       ,14,10,24,14,,10,24
01292700,CENTRAL TECH NURSING PROGRAM            ,NY,13202-3092,Public       ,15,38,53,15,,38,53
01302600,MACHZIKEI HADATH RABBINICAL COLLEGE     ,NY,11204-1805,Private      ,0,1,1,0,,1,1
01302900,BORICUA COLLEGE                         ,NY,10032-1599,Private      ,99,252,351,99,,252,351
02056400,CAPRI COSMETOLOGY LEARNING CENTER       ,NY,10954-0000,Proprietary  ,12,27,39,12,,27,39
02066200,THE NEW SCHOOL                          ,NY,10011-0000,Private      ,4621,2818,7439,4621,,2818,7439
02069000,NEW YORK SCHOOL OF INTERIOR DESIGN      ,NY,10021-0000,Private      ,131,148,279,131,,148,279
02075700,BRIARCLIFFE COLLEGE                     ,NY,11714-0000,Proprietary  ,270,721,991,270,,721,991
02075702,BRIARCLIFFE COLLEGE - PATCHOGUE         ,NY,11772-3019,Proprietary  ,297,418,715,297,,418,715
02092400,RIDLEY-LOWELL SCHOOL OF BUSINESS        ,NY,13905-0000,Proprietary  ,11,15,26,11,,15,26
02093700,LONG ISLAND BUSINESS INSTITUTE          ,NY,11725-0000,Proprietary  ,13,43,56,13,,43,56
02093701,LONG ISLAND BUSINESS INSTITUTE - FLUSHIN,NY,11354-4429,Proprietary  ,10,16,26,10,,16,26
02098400,HERKIMER COUNTY BOCES                   ,NY,13350-0000,Public       ,7,20,27,7,,20,27
02104300,OTSEGO AREA SCHOOL OF PRAC NURSING      ,NY,12167-0000,Public       ,3,2,5,3,,2,5
02105900,HAIR DESIGN INSTITUTE AT FIFTH AVE      ,NY,11220-0000,Proprietary  ,26,49,75,26,,49,75
02106800,BRAMSON ORT COLLEGE                     ,NY,11375-0000,Private      ,27,26,53,27,,26,53
02110900,CATTARAUGUS/ALLEGANY BOCES              ,NY,14760-0000,Public       ,25,21,46,25,,21,46
02112301,RIDLEY - LOWELL BUSINESS & TECHNICAL INS,NY,12601-3328,Proprietary  ,17,72,89,17,,72,89
02116011,SANFORD-BROWN INSTITUTE - NEW YORK      ,NY,10003-2103,Proprietary  ,115,377,492,115,,377,492
02118700,LONG ISLAND COLLEGE HOSPITAL - SCHOOL OF,NY,11201-6001,Private      ,73,108,181,73,,108,181
02118702,LONG ISLAND COLLEGE HOSPITAL - SCHOOL OF,NY,11201-6001,Private      ,89,136,225,89,,136,225
02124000,ORANGE ULSTER BOCES SCH OF PRAC NRS     ,NY,10924-9401,Public       ,11,54,65,11,,54,65
02125500,CIRCLE IN THE SQUARE THEATRE SCHOOL     ,NY,10019-0000,Private      ,26,36,62,26,,36,62
02126300,MADISON-ONEIDA BOCES PRAC NRS           ,NY,13478-0000,Public       ,5,7,12,5,,7,12
02138500,BOCES RENSSELAER SCHOOL OF PN           ,NY,12033-3221,Public       ,4,8,12,4,,8,12
02145800,CAYUGA ONONDAGA BOCES                   ,NY,13021-9430,Public       ,7,24,31,7,,24,31
02146000,WAYNE-FINGER LAKES BOCES                ,NY,14513-0000,Public       ,9,40,49,9,,40,49
02152000,YESHIVA SHAAR HATORAH ITRI TORAH        ,NY,11418-0000,Private      ,2,1,3,2,,1,3
02153600,BROOME-TIOGA BOCES PN PROG              ,NY,13905-0000,Public       ,10,41,51,10,,41,51
02157900,ROCHESTER GENERAL HOSPITAL              ,NY,14621-3001,Private      ,18,52,70,18,,52,70
02158200,WSHNGTN-SARTGA-WARN-HMLTN-ESX BOCES     ,NY,12839-1051,Public       ,1,13,14,1,,13,14
02160100,GENEVA GENERAL HOSPITAL                 ,NY,14456-0000,Private      ,21,44,65,21,,44,65
02163400,NEW YORK CAREER INSTITUTE               ,NY,10007-2801,Proprietary  ,47,163,210,47,,163,210
02169100,DAVIS COLLEGE                           ,NY,13790-0000,Private      ,59,38,97,59,,38,97
02170000,SWEDISH INSTITUTE                       ,NY,10001-0000,Proprietary  ,47,232,279,47,,232,279
02170200,ALBANY SCHOHARIE SCHENECTADY            ,NY,12205-0000,Public       ,12,17,29,12,,17,29
02171900,AILEY SCHOOL (THE)                      ,NY,10019-4402,Private      ,97,30,127,97,,30,127
02172100,HAMILTON-FULTON-MONTGOMERY BOCES        ,NY,12095-0665,Public       ,21,14,35,21,,14,35
02172800,DUTCHESS COUNTY BOCES SCH PRAC NURS     ,NY,12601-0000,Public       ,18,45,63,18,,45,63
02173200,EMPIRE BEAUTY SCHOOL                    ,NY,10001-0000,Proprietary  ,205,378,583,205,,378,583
02173900,ULSTER COUNTY BOCES PRACTICAL NRSG      ,NY,12466-0000,Public       ,10,58,68,10,,58,68
02176000,CHERYL FELL'S SCHOOL OF BUSINESS        ,NY,14304-0000,Proprietary  ,3,8,11,3,,8,11
02179400,EASTERN SUFFOLK BOCES                   ,NY,11713-0000,Public       ,41,97,138,41,,97,138
02182200,NEW SCHOOL OF RADIO & TELEVISION        ,NY,12206-1106,Proprietary  ,23,27,50,23,,27,50
02192500,BELLEVUE HOSP CTR SCH RAD TECH          ,NY,10016-0000,Public       ,11,35,46,11,,35,46
02199300,ORLEANS-NIAGARA BOCES                   ,NY,14132-0000,Public       ,6,25,31,6,,25,31
02206000,HUNTER BUSINESS SCHOOL                  ,NY,11756-0000,Proprietary  ,59,105,164,59,,105,164
02217800,D.HOPFER SCH NURSING AT MT.VRN HOSP     ,NY,10550-0000,Private      ,1,1,2,1,,1,2
02219500,MILDRED ELLEY                           ,NY,12206-1513,Proprietary  ,63,384,447,63,,384,447
02235600,ERIE 2-CHAUTAUQUA-CATTARAUGUS BOCES     ,NY,14006-0000,Public       ,6,15,21,6,,15,21
02265100,YESHIVA DERECH CHAIM                    ,NY,11218-0000,Private      ,3,1,4,3,,1,4
02272900,ROCKLAND COUNTY BOCES PRAC NRSG SCH     ,NY,10994-0000,Public       ,15,21,36,15,,21,36
02275900,"MODERN WELDING SCHOOL, INC.             ",NY,12304-0000,Proprietary  ,16,32,48,16,,32,48
02287800,NATIONAL TRACTOR TRAILER SCHOOL         ,NY,13088-2505,Proprietary  ,5,40,45,5,,40,45
02294900,INSTITUTE OF AUDIO RESEARCH             ,NY,10003-0000,Proprietary  ,80,111,191,80,,111,191
02306500,PROFESSIONAL BUSINESS COLLEGE           ,NY,10013-5049,Private      ,50,127,177,50,,127,177
02314200,NORTHERN WESTCHESTER SCH COSMETOL       ,NY,10566-0000,Proprietary  ,3,2,5,3,,2,5
02320100,OHR SOMAYACH TANENBAUM EDUCATIONAL CENTE,NY,10952-0000,Private      ,0,1,1,0,,1,1
02350600,YESHIVA AND KOLLEL HARBOTZAS TORAH      ,NY,11230-0000,Private      ,0,1,1,0,,1,1
02491400,SPANISH AMERICAN INSTITUTE              ,NY,10036-0000,Private      ,2,3,5,2,,3,5
02505800,YESHIVA KARLIN STOLIN RAB INSTITUTE     ,NY,11204-0000,Private      ,1,1,2,1,,1,2
02505900,SH-OR YOSHUV RABBINICAL COLLEGE         ,NY,11691-0000,Private      ,2,1,3,2,,1,3
02506000,ASSOCIATED BETH RIVKAH SCHOOLS          ,NY,11225-0000,Private      ,9,4,13,9,,4,13
02506100,CITY UNIV OF NEW YORK-CENTRAL           ,NY,10021-0000,Public       ,1557,635,2192,1557,,635,2192
02506800,YESHIVAT MIKDASH MELECH                 ,NY,11230-0000,Private      ,5,0,5,5,,0,5
02511500,JOFFREY BALLET SCHOOL                   ,NY,10011-0000,Proprietary  ,82,8,90,82,,8,90
02513500,MAR JON SCHOOL OF BEAUTY CULTURE        ,NY,14150-0000,Proprietary  ,11,14,25,11,,14,25
02525600,ART INSTITUTE OF NEW YORK CITY (THE)    ,NY,10013-2429,Proprietary  ,799,496,1295,799,,496,1295
02540800,"GLOBE INSTITUTE OF TECHNOLOGY, INC.     ",NY,10007-0000,Proprietary  ,114,80,194,114,,80,194
02546000,TRI-STATE COLLEGE OF ACUPUNCTURE        ,NY,10011-0000,Proprietary  ,0,31,31,0,,31,31
02546300,YESHIVA OF THE TELSHE ALUMNI            ,NY,10471-0000,Private      ,1,0,1,1,,0,1
02550600,TALMUDICAL INST OF UPSTATE NY           ,NY,14607-0000,Private      ,1,0,1,1,,0,1
02556700,SEMINAR L'MOROS BAIS YAAKOV             ,NY,11219-0000,Private      ,8,0,8,8,,0,8
02572900,BUSINESS INFORMATICS CENTER             ,NY,11580-0000,Proprietary  ,4,10,14,4,,10,14
02575400,FRENCH CULINARY INSTITUTE               ,NY,10013-2618,Proprietary  ,128,213,341,128,,213,341
02587600,ORLO SCH HAIR DESIGN & COSMETOLOGY      ,NY,12206-1723,Proprietary  ,12,9,21,12,,9,21
02599400,NEW YORK COLLEGE OF HEALTH PROFESSIONS  ,NY,11791-4413,Private      ,70,377,447,70,,377,447
02600100,NEW YORK ACADEMY OF ART (THE)           ,NY,10013-2911,Private      ,131,154,285,131,,154,285
02614900,SANFORD-BROWN INSTITUTE                 ,NY,10604-2910,Proprietary  ,13,35,48,13,,35,48
02615001,SANFORD-BROWN COLLEGE - SANFORD-BROWN IN,NY,11530-4734,Proprietary  ,59,116,175,59,,116,175
02616600,SHEAR EGO INTERNATIONAL SCHOOL OF HAIR D,NY,14617-3501,Proprietary  ,14,36,50,14,,36,50
02617000,CONTINENTAL SCH OF BEAUTY CULTURE       ,NY,14020-0000,Proprietary  ,4,2,6,4,,2,6
02617002,CONTINENTAL SCHOOL OF BEAUTY CULTURE  - ,NY,14020-1908,Proprietary  ,8,2,10,8,,2,10
02622900,BAIS MEDRASH ELYON                      ,NY,10952-3013,Private      ,1,0,1,1,,0,1
03000100,YESHIVA GEDOLAH IMREI YOSEF DSPINKA     ,NY,11219-4696,Private      ,0,2,2,0,,2,2
03007200,DANCE THEATRE OF HARLEM                 ,NY,10031-0000,Private      ,29,16,45,29,,16,45
03027701,PACIFIC COLLEGE OF ORIENTAL MEDICINE - N,NY,10010-7108,Proprietary  ,12,163,175,12,,163,175
03081600,DELAWARE CHENANGO MADISON OT. BOCES     ,NY,13815-9554,Public       ,6,8,14,6,,8,14
03095500,ASA INST BUSINESS & COMPUTER TECH       ,NY,11201-5208,Proprietary  ,171,295,466,171,,295,466
03096200,CHARLES STUART SCHOOL                   ,NY,11229-2004,Proprietary  ,3,4,7,3,,4,7
03103700,ADIRONDACK BEAUTY SCHOOL                ,NY,12801-3158,Proprietary  ,11,15,26,11,,15,26
03104900,SULLIVAN COUNTY BOCES                   ,NY,12754-2116,Public       ,8,12,20,8,,12,20
03115300,GENESEE VALLEY BOCES                    ,NY,14020-1099,Public       ,15,37,52,15,,37,52
03120700,NEW YORK CONSERVATORY FOR DRAMATIC ARTS ,NY,10011-4225,Proprietary  ,279,84,363,279,,84,363
03129200,RABBINICAL CLG OHR SHIMAR YISROEL       ,NY,11211-8102,Private      ,1,3,4,1,,3,4
03169300,STUDIO JEWELERS                         ,NY,10016-4112,Proprietary  ,0,16,16,0,,16,16
03181400,MERKAZ BNOS                             ,NY,11214-4911,Private      ,0,2,2,0,,2,2
03191300,CUNY SCHOOL OF LAW @ QUEENS COLLEGE     ,NY,11367-0000,Public       ,263,662,925,263,,662,925
03193300,MANHATTAN SCHOOL OF COMPUTER TECH       ,NY,11230-1617,Private      ,56,105,161,56,,105,161
03203300,NEW YORK INSTITUTE OF MASSAGE           ,NY,14221-6021,Proprietary  ,9,28,37,9,,28,37
03216300,UNIFICATION THEOLOGICAL SEMINARY        ,NY,12507-5021,Private      ,5,7,12,5,,7,12
03328300,FRANKLIN CAREER INSTITUTE               ,NY,11550-3003,Private      ,16,27,43,16,,27,43
03328301,FRANKLIN CAREER INSTITUTE - BROOKLYN    ,NY,11220-3110,Private      ,20,63,83,20,,63,83
03358300,ALLEN SCHOOL                            ,NY,11432-4901,Proprietary  ,22,260,282,22,,260,282
03358301,ALLEN SCHOOL - BROOKLYN                 ,NY,11201-0000,Proprietary  ,53,191,244,53,,191,244
03380300,STAR CAREER ACADEMY                     ,NY,11791-5311,Proprietary  ,34,68,102,34,,68,102
03419400,NORTHEASTERN SEMINARY                   ,NY,14624-1997,Private      ,24,39,63,24,,39,63
03433500,LIA SCHORR INSTITUTE OF COSMETIC SK     ,NY,10022-2614,Proprietary  ,2,10,12,2,,10,12
03443300,NEW YORK COLLEGE OF TRADITIONAL CHINESE ,NY,11501-0000,Private      ,1,19,20,1,,19,20
03496300,YESHIVA SHAAREI TORAH OF ROCKLAND       ,NY,10901-4003,Private      ,0,1,1,0,,1,1
03537300,NEW YORK AUTOMOTIVE & DIESEL INSTIT     ,NY,11101-0000,Proprietary  ,17,37,54,17,,37,54
03568300,LEON STUDIO ONE SCHOOL OF HAIR DESI     ,NY,14221-5323,Proprietary  ,8,13,21,8,,13,21
03651300,SAINT JOSEPH'S MEDICAL CENTER SCHOO     ,NY,10701-4080,Private      ,10,9,19,10,,9,19
03652300,METROPOLITAN LEARNING INSTITUTE         ,NY,11374-2101,Private      ,10,207,217,10,,207,217
03665400,CHRISTIE'S EDUCATION                    ,NY,10036-8002,Proprietary  ,3,18,21,3,,18,21
03713300,BEIS MEDRASH HEICHAL DOVID              ,NY,11691-4433,Private      ,2,0,2,2,,0,2
03773300,CENTER FOR NATURAL WELLNESS SCHOOL OF MA,NY,12205-1601,Proprietary  ,6,45,51,6,,45,51
03809400,MICROPOWER CAREER INSTITUTE             ,NY,10001-2812,Proprietary  ,9,15,24,9,,15,24
03839300,AVEDA INSTITUTE NEW YORK                ,NY,10013-1522,Proprietary  ,50,107,157,50,,107,157
03881300,UNION GRADUATE COLLEGE                  ,NY,12308-3131,Private      ,6,64,70,6,,64,70
03903400,AMERICAN BEAUTY SCHOOL                  ,NY,10462-8003,Proprietary  ,36,39,75,36,,39,75
03941400,ELITE ACADEMY OF BEAUTY ARTS            ,NY,11223-1630,Proprietary  ,14,17,31,14,,17,31
03983300,"SCHOOL OF PROFESSIONAL HORTICULTURE, AT ",NY,10458-5126,Private      ,5,22,27,5,,22,27
03988300,"SAE INSTITUTE OF TECHNOLOGY, NEW YORK   ",NY,10001-2915,Proprietary  ,140,140,280,140,,140,280
04043300,ACE COMPUTER TRAINING CENTER            ,NY,11375-5337,Proprietary  ,17,27,44,17,,27,44
04092401,MAKE-UP DESIGNORY -                     ,NY,10012-0041,Proprietary  ,124,118,242,124,,118,242
04095300,KING'S COLLEGE (THE)                    ,NY,10018-0110,Private      ,807,91,898,807,,91,898
04102300,NEW AGE TRAINING                        ,NY,10001-4006,Proprietary  ,7,34,41,7,,34,41
04115500,TALMUDICAL SEMINARY OF BOBOV            ,NY,11219-3826,Private      ,2,2,4,2,,2,4
04117100,EDP SCHOOL OF COMPUTER PROGRAMMING      ,NY,11235-0000,Private      ,8,30,38,8,,30,38
04117700,"MONROE 2-ORLEANS BOCES, CENTER FOR WORK ",NY,14624-1119,Public       ,30,70,100,30,,70,100
04123200,INSTITUTE OF ALLIED MEDICAL PROFESSIONS ,NY,11373-5541,Private      ,5,15,20,5,,15,20
04125600,CAREER SCHOOL OF NY                     ,NY,10301-2416,Private      ,19,16,35,19,,16,35
04131500,COLLECTIVE (THE)                        ,NY,10011-2026,Proprietary  ,8,8,16,8,,8,16
04133700,NEW YORK MEDICAL CAREER TRAINING CENTER ,NY,11354-6504,Proprietary  ,10,21,31,10,,21,31
04133701,NEW YORK MEDICAL CAREER TRAINING CENTER ,NY,10018-6504,Proprietary  ,36,68,104,36,,68,104
04134000,"JOHN PAOLO'S XTREME BEAUTY INSTITUTE, GO",NY,12020-1245,Proprietary  ,5,11,16,5,,11,16
04134001,"JOHN PAOLO'S XTREME BEAUTY INSTITUTE, GO",NY,13417-1319,Proprietary  ,5,20,25,5,,20,25
04137700,ANN MARIE'S WORLD OF BEAUTY SCHOOL      ,NY,13901-2308,Proprietary  ,3,4,7,3,,4,7
04144300,INSTITUTE OF CULINARY EDUCATION         ,NY,10010-5205,Proprietary  ,256,328,584,256,,328,584
04148000,NEW LIFE BUSINESS INSTITUTE             ,NY,11432-6149,Proprietary  ,14,66,80,14,,66,80
04151200,SALON PROFESSIONAL ACADEMY (THE)        ,NY,14150-9200,Proprietary  ,21,39,60,21,,39,60
04155300,ONONDAGA SCHOOL OF THERAPEUTIC MASSAGE  ,NY,13210-1533,Proprietary  ,15,53,68,15,,53,68
04156000,ACADEMY OF COSMETOLOGY & ESTHETICS NYC (,NY,10306-3003,Proprietary  ,52,42,94,52,,42,94
04157500,ACCESS CAREERS                          ,NY,11201-5826,Proprietary  ,20,42,62,20,,42,62
04165700,"JOHN PAOLO'S XTREME BEAUTY INSTITUTE, GO",NY,12110-3053,Proprietary  ,1,6,7,1,,6,7
04166000,MANHATTAN INSTITUTE (THE)               ,NY,10016-6516,Proprietary  ,52,78,130,52,,78,130
04167600,FINGER LAKES SCHOOL OF MASSAGE (THE)    ,NY,14850-1384,Proprietary  ,14,31,45,14,,31,45
04167601,FINGER LAKES SCHOOL OF MASSAGE (THE) -  ,NY,10549-1103,Proprietary  ,6,22,28,6,,22,28
04178700,ATELIER ESTHETIQUE INSTITUTE OF ESTHETIC,NY,10016-8804,Proprietary  ,4,47,51,4,,47,51
04179800,SOTHEBY'S INSTITUTE OF ART - NY         ,NY,10022-6717,Proprietary  ,13,81,94,13,,81,94
04180200,LONG ISLAND NAIL & SKIN CARE INSTITUTE  ,NY,11756-1316,Proprietary  ,3,18,21,3,,18,21
04189000,LONG ISLAND BARBER INSTITUTE (THE)      ,NY,11550-6317,Proprietary  ,3,16,19,3,,16,19
04190500,NEW YORK SCHOOL OF ESTHETICS & DAY SPA  ,NY,10591-3232,Proprietary  ,5,16,21,5,,16,21
04192800,BE'ER YAAKOV TALMUDIC SEMINARY          ,NY,10977-1912,Private      ,1,0,1,1,,0,1
04204300,AESTHETIC SCIENCE INSTITUTE (THE)       ,NY,12110-1095,Proprietary  ,5,18,23,5,,18,23
04206200,DIGITAL FILM ACADEMY                    ,NY,10036-3708,Proprietary  ,71,85,156,71,,85,156
04207600,AMERICAN ACADEMY OF PERSONAL TRAINING   ,NY,10011-7301,Proprietary  ,22,49,71,22,,49,71
04208600,RELAY SCHOOL OF EDUCATION               ,NY,10011-4233,Private      ,0,86,86,0,,86,86
04208800,GLORIA FRANCIS SCHOOL OF MAKE-UP ARTISTR,NY,11801-3873,Proprietary  ,4,10,14,4,,10,14
04210100,NEW COMMUNITY COLLEGE AT CUNY (THE)     ,NY,10018-2602,Public       ,2142,379,2521,2142,,379,2521
04210700,NEW YORK INSTITUTE OF BEAUTY            ,NY,11749-1479,Proprietary  ,5,14,19,5,,14,19
04212500,CACTUS ACADEMY (THE)                    ,NY,11530-3402,Proprietary  ,13,19,32,13,,19,32
04213400,ACCESS CAREERS                          ,NY,11550-0000,Proprietary  ,3,16,19,3,,16,19
04213500,SHARP EDGEZ BARBER INSTITUTE            ,NY,14620-0000,Proprietary  ,5,6,11,5,,6,11
04215900,YESHIVA GEDOLAH KESSER TORAH            ,NY,10952-2127,Private      ,1,0,1,1,,0,1
04223100,ARROJO COSMETOLOGY SCHOOL               ,NY,10014-4960,Proprietary  ,21,53,74,21,,53,74
04223800,ELECTRICAL TRAINING CENTER (THE)        ,NY,11726-2701,Proprietary  ,5,12,17,5,,12,17
00267808,BRYANT & STRATTON COLLEGE - PARMA       ,OH,44130-0000,Proprietary  ,177,1213,1390,177,,1213,1390
00301000,ANTIOCH UNIVERSITY                      ,OH,45387-1608,Private      ,178,284,462,178,,284,462
00301100,ART ACADEMY OF CINCINNATI               ,OH,45202-7106,Private      ,242,84,326,242,,84,326
00301200,ASHLAND UNIVERSITY                      ,OH,44805-3799,Private      ,3039,1069,4108,3039,,1069,4108
00301300,ATHENAEUM OF OHIO                       ,OH,45230-2000,Private      ,5,5,10,5,,5,10
00301400,BALDWIN-WALLACE COLLEGE                 ,OH,44017-2088,Private      ,3557,676,4233,3557,,676,4233
00301600,BLUFFTON UNIVERSITY                     ,OH,45817-2104,Private      ,1164,158,1322,1164,,158,1322
00301800,BOWLING GREEN STATE UNIVERSITY          ,OH,43403-0001,Public       ,14511,2812,17323,14511,,2812,17323
00302300,CAPITAL UNIVERSITY                      ,OH,43209-2394,Private      ,3302,1346,4648,3302,,1346,4648
00302400,CASE WESTERN RESERVE UNIV               ,OH,44106-0000,Private      ,9469,1015,10484,9469,,1015,10484
00302401,CASE WESTERN RESERVE UNIV - MED         ,OH,44106-0000,Private      ,67,668,735,67,,668,735
00302402,CASE WESTERN RESERVE UNIV - DENTAL      ,OH,44106-0000,Private      ,28,147,175,28,,147,175
00302403,CASE WESTERN RESERVE UNIV - LAW         ,OH,44106-0000,Private      ,20,502,522,20,,502,522
00302404,CASE WESTERN RESERVE UNIV - UG          ,OH,44106-0000,Private      ,165,11,176,165,,11,176
00302405,CASE WESTERN RESERVE UNIV - MSASS       ,OH,44106-0000,Private      ,13,366,379,13,,366,379
00302406,CASE WESTERN RESERVE UNIV - NURS UG     ,OH,44106-0000,Private      ,173,103,276,173,,103,276
00302407,CASE WESTERN RESERVE UNIV - WSOM        ,OH,44106-0000,Private      ,18,69,87,18,,69,87
00302408,CASE WESTERN RESERVE UNIV -A&S GRAD     ,OH,44106-0000,Private      ,9,141,150,9,,141,150
00302409,CASE WESTERN RESERVE UNIV -ENG GRAD     ,OH,44106-0000,Private      ,43,37,80,43,,37,80
00302410,CASE WESTERN RESERVE UNIV -NURS GRD     ,OH,44106-0000,Private      ,11,187,198,11,,187,198
00302500,CEDARVILLE UNIVERSITY                   ,OH,45314-8564,Private      ,3119,235,3354,3119,,235,3354
00302600,CENTRAL STATE UNIVERSITY                ,OH,45384-1004,Public       ,2176,742,2918,2176,,742,2918
00302900,CINCINNATI CHRISTIAN UNIVERSITY         ,OH,45204-3200,Private      ,397,247,644,397,,247,644
00303000,OHIO CHRISTIAN UNIVERSITY               ,OH,43113-9487,Private      ,535,1473,2008,535,,1473,2008
00303100,CLEVELAND INSTITUTE OF MUSIC            ,OH,44106-1776,Private      ,385,282,667,385,,282,667
00303200,CLEVELAND STATE UNIVERSITY              ,OH,44115-2214,Public       ,7009,5429,12438,7009,,5429,12438
00303300,COLLEGE OF MT ST JOSEPH                 ,OH,45233-1670,Private      ,1338,729,2067,1338,,729,2067
00303500,OHIO DOMINICAN UNIVERSITY               ,OH,43219-2099,Private      ,1507,1085,2592,1507,,1085,2592
00303600,FRANCISCAN UNIV OF STEUBENVILLE         ,OH,43952-1763,Private      ,1602,257,1859,1602,,257,1859
00303700,COLLEGE OF WOOSTER                      ,OH,44691-2363,Private      ,2870,73,2943,2870,,73,2943
00303900,COLUMBUS COLLEGE OF ART AND DESIGN      ,OH,43215-1758,Private      ,1181,369,1550,1181,,369,1550
00304000,CUYAHOGA COMMUNITY COLLEGE              ,OH,44115-2878,Public       ,4290,7394,11684,4290,,7394,11684
00304100,"DEFIANCE COLLEGE, THE                   ",OH,43512-1695,Private      ,1110,171,1281,1110,,171,1281
00304200,DENISON UNIVERSITY                      ,OH,43023-1329,Private      ,2684,79,2763,2684,,79,2763
00304400,TRINITY LUTHERAN SEMINARY               ,OH,43209-0000,Private      ,0,42,42,0,,42,42
00304500,UNIVERSITY OF FINDLAY                   ,OH,45840-3695,Private      ,2558,715,3273,2558,,715,3273
00304600,FRANKLIN UNIVERSITY                     ,OH,43215-5399,Private      ,556,4492,5048,556,,4492,5048
00304800,HEIDELBERG UNIVERSITY                   ,OH,44883-2462,Private      ,1441,131,1572,1441,,131,1572
00304900,HIRAM COLLEGE                           ,OH,44234-1808,Private      ,1355,163,1518,1355,,163,1518
00305000,JOHN CARROLL UNIVERSITY                 ,OH,44118-4581,Private      ,3682,463,4145,3682,,463,4145
00305100,KENT STATE UNIVERSITY                   ,OH,44242-0001,Public       ,19761,6510,26271,19761,,6510,26271
00305101,KENT STATE UNIVERSITY - GEAUGA CAMPUS   ,OH,44021-9500,Public       ,465,468,933,465,,468,933
00305102,KENT STATE UNIVERSITY - STARK CAMPUS    ,OH,44720-7599,Public       ,1891,1588,3479,1891,,1588,3479
00305103,KENT STATE UNIVERSITY - TUSCARAWAS CAMPU,OH,44663-9403,Public       ,564,609,1173,564,,609,1173
00305104,KENT STATE UNIVERSITY - TRUMBULL CAMPUS ,OH,44483-1998,Public       ,657,913,1570,657,,913,1570
00305105,KENT STATE UNIVERSITY - ASHTABULA CAMPUS,OH,44004-2299,Public       ,468,873,1341,468,,873,1341
00305106,KENT STATE UNIVERSITY - EAST LIVERPOOL C,OH,43920-3497,Public       ,259,403,662,259,,403,662
00305107,KENT STATE UNIVERSITY - SALEM CAMPUS    ,OH,44460-9412,Public       ,549,535,1084,549,,535,1084
00306500,KENYON COLLEGE                          ,OH,43022-9623,Private      ,3508,53,3561,3508,,53,3561
00306600,LAKE ERIE COLLEGE                       ,OH,44077-3389,Private      ,811,155,966,811,,155,966
00306800,LORAIN COUNTY COMMUNITY COLLEGE         ,OH,44035-1691,Public       ,1557,2246,3803,1557,,2246,3803
00306900,LOURDES COLLEGE                         ,OH,43560-2898,Private      ,699,589,1288,699,,589,1288
00307200,MALONE UNIVERSITY                       ,OH,44709-3897,Private      ,1478,576,2054,1478,,576,2054
00307300,MARIETTA COLLEGE                        ,OH,45750-4033,Private      ,1940,216,2156,1940,,216,2156
00307500,METHODIST THEOLOGICAL SCH IN OHIO       ,OH,43015-0000,Private      ,0,72,72,0,,72,72
00307700,MIAMI UNIVERSITY                        ,OH,45056-1831,Public       ,19514,3051,22565,19514,,3051,22565
00307800,WRIGHT STATE UNIVERSITY                 ,OH,45435-0002,Public       ,9242,5445,14687,9242,,5445,14687
00308300,UNIVERSITY OF MOUNT UNION               ,OH,44601-3993,Private      ,2544,206,2750,2544,,206,2750
00308400,MUSKINGUM UNIVERSITY                    ,OH,43762-1199,Private      ,1524,220,1744,1524,,220,1744
00308500,NOTRE DAME COLLEGE OF OHIO              ,OH,44121-4293,Private      ,1527,696,2223,1527,,696,2223
00308600,OBERLIN COLLEGE                         ,OH,44074-1090,Private      ,3980,129,4109,3980,,129,4109
00308900,OHIO NORTHERN UNIVERSITY                ,OH,45810-1555,Private      ,2853,466,3319,2853,,466,3319
00309000,OHIO STATE UNIVERSITY-ALL CAMPUSES      ,OH,43210-1358,Public       ,47709,15437,63146,47709,,15437,63146
00310000,OHIO UNIVERSITY                         ,OH,45701-2979,Public       ,19464,6122,25586,19464,,6122,25586
00310002,"OHIO UNIVERSITY, ZANESVILLE CAMPUS      ",OH,43701-0000,Public       ,825,746,1571,825,,746,1571
00310003,"OHIO UNIVERSITY, LANCASTER CAMPUS       ",OH,43130-0000,Public       ,932,842,1774,932,,842,1774
00310004,"OHIO UNIVERSITY, SOUTHERN CAMPUS        ",OH,45638-0000,Public       ,509,741,1250,509,,741,1250
00310005,"OHIO UNIVERSITY, CHILLICOTHE CAMPUS     ",OH,45601-0000,Public       ,681,847,1528,681,,847,1528
00310006,"OHIO UNIVERSITY, EASTERN CAMPUS         ",OH,43950-0000,Public       ,285,158,443,285,,158,443
00310008,OHIO UNIV COLL OF OSTEOPATHIC MED       ,OH,45701-0000,Public       ,19,260,279,19,,260,279
00310900,OHIO WESLEYAN UNIVERSITY                ,OH,43015-2398,Private      ,2704,130,2834,2704,,130,2834
00311000,OTTERBEIN UNIVERSITY                    ,OH,43081-2006,Private      ,2998,492,3490,2998,,492,3490
00311300,PONTIFICAL COLLEGE JOSEPHINUM           ,OH,43235-1498,Private      ,32,8,40,32,,8,40
00311400,FIRELANDS REGIONAL MEDICAL CENTER - SOUT,OH,44870-4788,Private      ,39,81,120,39,,81,120
00311600,UNIV OF RIO GRANDE                      ,OH,45674-3131,Private      ,856,659,1515,856,,659,1515
00311900,SINCLAIR COMMUNITY COLLEGE              ,OH,45402-1460,Public       ,3529,5103,8632,3529,,5103,8632
00312100,TIFFIN UNIVERSITY                       ,OH,44883-2161,Private      ,1717,1488,3205,1717,,1488,3205
00312200,UNITED THEOLOGICAL SEMINARY             ,OH,45406-0000,Private      ,1,266,267,1,,266,267
00312300,UNIVERSITY OF AKRON                     ,OH,44325-6211,Public       ,15230,6927,22157,15230,,6927,22157
00312500,UNIVERSITY OF CINCINNATI                ,OH,45221-0125,Public       ,21032,9933,30965,21032,,9933,30965
00312504,UNIVERSITY OF CINCINNATI - MEDICINE     ,OH,45267-0553,Public       ,256,931,1187,256,,931,1187
00312700,UNIVERSITY OF DAYTON                    ,OH,45469-0002,Private      ,10776,1627,12403,10776,,1627,12403
00313100,UNIVERSITY OF TOLEDO                    ,OH,43606-3390,Public       ,11528,4599,16127,11528,,4599,16127
00313300,URBANA UNIVERSITY                       ,OH,43078-2091,Private      ,586,294,880,586,,294,880
00313400,URSULINE COLLEGE                        ,OH,44124-4398,Private      ,399,472,871,399,,472,871
00313500,WALSH UNIVERSITY                        ,OH,44720-3396,Private      ,2113,723,2836,2113,,723,2836
00314100,WILBERFORCE UNIVERSITY                  ,OH,45384-1001,Private      ,332,187,519,332,,187,519
00314200,WILMINGTON COLLEGE                      ,OH,45177-2499,Private      ,1761,253,2014,1761,,253,2014
00314300,WITTENBERG UNIVERSITY                   ,OH,45501-2199,Private      ,3398,197,3595,3398,,197,3595
00314400,XAVIER UNIVERSITY                       ,OH,45207-1035,Private      ,7197,1362,8559,7197,,1362,8559
00314500,YOUNGSTOWN STATE UNIVERSITY             ,OH,44555-0001,Public       ,5858,3081,8939,5858,,3081,8939
00398200,CLEVELAND INSTITUTE OF ART              ,OH,44106-1700,Private      ,867,157,1024,867,,157,1024
00406000,WINEBRENNER THEOLOGICAL SEMINARY        ,OH,45840-0000,Private      ,0,14,14,0,,14,14
00485200,CLARK STATE COMMUNITY COLLEGE           ,OH,45505-4795,Public       ,740,1802,2542,740,,1802,2542
00485300,BRADFORD SCHOOL                         ,OH,43219-0000,Proprietary  ,274,232,506,274,,232,506
00485500,DAVIS COLLEGE                           ,OH,43623-4307,Proprietary  ,49,175,224,49,,175,224
00486100,UNIVERSITY OF NORTHWESTERN OHIO         ,OH,45805-1498,Private      ,3009,814,3823,3009,,814,3823
00486600,STAUTZENBERGER COLLEGE                  ,OH,43537-4007,Proprietary  ,106,270,376,106,,270,376
00510200,SCH OF DIAGNOSTIC IMAGING-CLEVELAND     ,OH,44119-0000,Private      ,5,12,17,5,,12,17
00531300,NORTH CENTRAL STATE COLLEGE             ,OH,44901-0000,Public       ,626,906,1532,626,,906,1532
00575300,OWENS STATE COMMUNITY COLLEGE           ,OH,43699-0000,Public       ,2225,3061,5286,2225,,3061,5286
00648700,AULTMAN COLLEGE OF NURSING AND HEALTH SC,OH,44710-1799,Private      ,113,246,359,113,,246,359
00648900,CHRIST COLLEGE OF NURSING AND HEALTH SCI,OH,45219-2906,Private      ,212,367,579,212,,367,579
00649400,GOOD SAMARITAN COLG-NURSING/HEALTH      ,OH,45220-2489,Private      ,189,267,456,189,,267,456
00650700,TRINIT HEALTH SYSTEM SCH OF NURSING     ,OH,43952-2667,Private      ,33,56,89,33,,56,89
00680400,LAKELAND COMMUNITY COLLEGE              ,OH,44094-5198,Public       ,1179,1883,3062,1179,,1883,3062
00686700,COLUMBUS STATE COMMUNITY COLLEGE        ,OH,43215-1786,Public       ,6452,8071,14523,6452,,8071,14523
00703500,KETTERING COLLEGE OF MEDICAL ARTS       ,OH,45429-1299,Private      ,374,343,717,374,,343,717
00708500,MOUNT VERNON NAZARENE UNIVERSITY        ,OH,43050-9500,Private      ,1061,427,1488,1061,,427,1488
00708501,MOUNT VERNON NAZARENE UNIV - AGS        ,OH,43050-0000,Private      ,57,223,280,57,,223,280
00727500,EASTERN GATEWAY COMMUNITY COLLEGE       ,OH,43952-3598,Public       ,467,870,1337,467,,870,1337
00732920,ITT TECHNICAL INSTITUTE                 ,OH,45414-3456,Proprietary  ,119,452,571,119,,452,571
00732992,ITT TECHNICAL INSTITUTE                 ,OH,44509-4098,Proprietary  ,172,693,865,172,,693,865
00747300,CHOFFIN CAREER & TECHNICAL CENTER       ,OH,44503-1628,Public       ,36,102,138,36,,102,138
00759800,HOCKING TECHNICAL COLLEGE               ,OH,45764-9582,Public       ,1425,932,2357,1425,,932,2357
00812900,ADULT AND COMMUNITY EDUCATION @ HUDSON  ,OH,43211-2017,Public       ,29,162,191,29,,162,191
00813200,TOLEDO SCHOOL OF PRACTICAL NURSING      ,OH,43613-5110,Public       ,58,166,224,58,,166,224
00813300,ZANE STATE COLLEGE                      ,OH,43701-2626,Public       ,639,710,1349,639,,710,1349
00819400,AKRON SCHOOL OF PRACTICAL NRSG          ,OH,44311-0000,Public       ,91,100,191,91,,100,191
00827800,TERRA COMMUNITY COLLEGE                 ,OH,43420-9670,Public       ,305,476,781,305,,476,781
00867700,NORTHWEST STATE COMMUNITY COLLEGE       ,OH,43502-9542,Public       ,472,639,1111,472,,639,1111
00888600,PORTAGE LAKES CAREER CENTER             ,OH,44685-9554,Public       ,7,25,32,7,,25,32
00915600,WAYNE COUNTY SCHOOLS CAREER CENTER      ,OH,44677-9672,Public       ,32,82,114,32,,82,114
00941200,FORTIS COLLEGE                          ,OH,44221-2998,Proprietary  ,33,239,272,33,,239,272
00953000,GERBER AKRON BEAUTY SCHOOL              ,OH,44313-6995,Proprietary  ,13,47,60,13,,47,60
00953100,SPA SCHOOL (THE)                        ,OH,43214-1524,Proprietary  ,19,97,116,19,,97,116
00966000,TIFFIN ACADEMY OF HAIR DESIGN           ,OH,44883-2833,Proprietary  ,14,23,37,14,,23,37
00994100,BELMONT TECHNICAL COLLEGE               ,OH,43950-9766,Public       ,263,327,590,263,,327,590
00994200,SHAWNEE STATE UNIVERSITY                ,OH,45662-4344,Public       ,2716,955,3671,2716,,955,3671
01001700,PAYNE THEOLOGICAL SEMINARY              ,OH,45384-0474,Private      ,2,41,43,2,,41,43
01002700,JAMES A. RHODES STATE COLLEGE           ,OH,45804-3597,Public       ,812,857,1669,812,,857,1669
01016800,NATIONWIDE BEAUTY ACADEMY               ,OH,43228-1000,Proprietary  ,34,71,105,34,,71,105
01028000,OHIO STATE BEAUTY ACADEMY               ,OH,45801-0000,Proprietary  ,52,57,109,52,,57,109
01032300,HANNAH E MULLINS SCH-PRAC NRSG          ,OH,44460-2906,Public       ,15,30,45,15,,30,45
01034500,CINCINNATI STATE TECH & COMM CLG        ,OH,45223-2690,Public       ,2364,4247,6611,2364,,4247,6611
01045300,WASHINGTON STATE CMTY COLLEGE           ,OH,45750-9225,Public       ,391,366,757,391,,366,757
01063000,NORTHERN INSTITUTE OF COSMETOLOGY       ,OH,44052-1803,Proprietary  ,4,23,27,4,,23,27
01073600,MARION TECHNICAL COLLEGE                ,OH,43302-5694,Public       ,451,690,1141,451,,690,1141
01088000,CHATFIELD COLLEGE                       ,OH,45118-9705,Private      ,33,103,136,33,,103,136
01088100,STARK STATE COLLEGE OF TECHNOLOGY       ,OH,44720-7299,Public       ,1602,3733,5335,1602,,3733,5335
01090600,CINCINNATI CLG OF MORTUARY SCIENCE      ,OH,45224-1428,Private      ,48,84,132,48,,84,132
01092300,UNION INSTITUTE & UNIVERSITY            ,OH,45206-1925,Private      ,32,669,701,32,,669,701
01099300,HOBART INSTITUTE OF WELDING TECHNOLOGY  ,OH,45373-2400,Private      ,225,110,335,225,,110,335
01100500,KAPLAN COLLEGE                          ,OH,43232-4827,Proprietary  ,12,81,93,12,,81,93
01104600,CENTRAL OHIO TECHNICAL COLLEGE          ,OH,43055-1767,Public       ,930,2193,3123,930,,2193,3123
01170300,PENTA COUNTY JOINT VOCATIONAL SCH       ,OH,43551-0000,Public       ,11,27,38,11,,27,38
01174400,NATIONAL BEAUTY COLLEGE                 ,OH,44720-0000,Proprietary  ,9,36,45,9,,36,45
01174500,OHIO TECHNICAL COLLEGE                  ,OH,44103-1228,Proprietary  ,821,391,1212,821,,391,1212
01212800,SOUTHWESTERN COLLEGE                    ,OH,45402-3003,Proprietary  ,8,69,77,8,,69,77
01212804,SOUTHWESTERN COLLEGE                    ,OH,45246-3121,Proprietary  ,18,49,67,18,,49,67
01212806,LINCOLN COLLEGE OF TECHNOLOGY - TOLEDO  ,OH,43615-6800,Proprietary  ,15,38,53,15,,38,53
01212808,LINCOLN COLLEGE OF TECHNOLOGY - CLEVELAN,OH,44114-3266,Proprietary  ,24,46,70,24,,46,70
01216600,CAROUSEL BEAUTY COLLEGE                 ,OH,45402-8935,Proprietary  ,28,77,105,28,,77,105
01224800,CENTRAL SCHOOL OF PRACTICAL NURSING     ,OH,44131-2155,Private      ,38,136,174,38,,136,174
01267200,CAROUSEL BEAUTY COLLEGE                 ,OH,45044-5113,Proprietary  ,3,11,14,3,,11,14
01267400,CAROUSEL OF MIAMI VALLEY BEAUTY CLG     ,OH,45424-2063,Proprietary  ,4,11,15,4,,11,15
01275000,EDISON COMMUNITY COLLEGE                ,OH,45356-9239,Public       ,418,817,1235,418,,817,1235
01284800,MOLER-HOLLYWOOD BEAUTY COLLEGE          ,OH,45202-2577,Proprietary  ,10,37,47,10,,37,47
01287000,SOUTHERN STATE COMMUNITY COLLEGE        ,OH,45133-9406,Public       ,395,623,1018,395,,623,1018
01289100,ANTONELLI COLLEGE                       ,OH,45202-2592,Proprietary  ,36,160,196,36,,160,196
01289600,VIRGINIA MARTI COLLEGE OF ART AND DESIGN,OH,44107-0778,Proprietary  ,61,44,105,61,,44,105
01303922,SOUTH UNIVERSITY - CLEVELAND            ,OH,44128-5919,Proprietary  ,18,152,170,18,,152,170
01313200,INTERNATIONAL CLG OF BROADCASTING       ,OH,45431-1898,Proprietary  ,29,50,79,29,,50,79
02052000,KAPLAN COLLEGE                          ,OH,45439-1984,Proprietary  ,69,404,473,69,,404,473
02054300,TRUMBULL BUSINESS COLLEGE               ,OH,44484-0000,Proprietary  ,14,106,120,14,,106,120
02056800,DAYMAR COLLEGE                          ,OH,45601-1038,Proprietary  ,11,48,59,11,,48,59
02056802,DAYMAR COLLEGE - LANCASTER              ,OH,43130-0000,Proprietary  ,7,45,52,7,,45,52
02056803,DAYMAR COLLEGE - NEW BOSTON             ,OH,45662-4900,Proprietary  ,3,40,43,3,,40,43
02056804,DAYMAR COLLEGE - JACKSON                ,OH,45640-1728,Proprietary  ,5,40,45,5,,40,45
02066100,OHIO STATE COLLEGE/BARBER STYLING       ,OH,43213-0000,Proprietary  ,56,101,157,56,,101,157
02073300,GALLIA-JACKSON-VINTON SCH ADULT ED      ,OH,45674-0000,Public       ,22,80,102,22,,80,102
02110700,CLEVELAND INST OF DENTAL-MED ASST       ,OH,44115-2285,Proprietary  ,42,147,189,42,,147,189
02116009,SANFORD-BROWN COLLEGE - MIDDLEBURG HEIGH,OH,44130-8362,Proprietary  ,8,53,61,8,,53,61
02116900,UPPER VALLEY JVS                        ,OH,45356-0000,Public       ,18,77,95,18,,77,95
02117300,GREAT OAKS INSTITUTE OF TECHNOLOGY      ,OH,45241-1581,Public       ,87,266,353,87,,266,353
02128600,THE ART INSTITUTE OF CINCINNATI         ,OH,45246-0000,Proprietary  ,267,139,406,267,,139,406
02140700,COMMUNITY EDUCATIONAL SERVICES          ,OH,44702-1710,Public       ,8,49,57,8,,49,57
02158417,"HARRISON COLLEGE - COLUMBUS, OH         ",OH,43123-0000,Proprietary  ,28,159,187,28,,159,187
02158500,OHIO BUSINESS COLLEGE                   ,OH,44035-0701,Proprietary  ,18,178,196,18,,178,196
02158501,OHIO BUSINESS COLLEGE                   ,OH,44870-9953,Proprietary  ,13,104,117,13,,104,117
02158503,OHIO BUSINESS COLLEGE - COLUMBUS        ,OH,43229-3523,Proprietary  ,70,155,225,70,,155,225
02158504,OHIO BUSINESS COLLEGE - DAYTON          ,OH,45417-4094,Proprietary  ,14,67,81,14,,67,81
02168100,TRI-COUNTY JOINT VOCATIONAL SCHOOL      ,OH,45764-0000,Public       ,23,48,71,23,,48,71
02187900,ASHTABULA CO JOINT VOC SCH ADULT ED     ,OH,44047-0000,Public       ,12,49,61,12,,49,61
02189000,ADULT CENTER FOR EDUCATION              ,OH,43701-0000,Public       ,50,103,153,50,,103,153
02190700,FORTIS COLLEGE                          ,OH,45459-0000,Proprietary  ,114,994,1108,114,,994,1108
02192100,BUTLER TECHNOLOGY AND CAREER DEVELOPMENT,OH,45011-0000,Public       ,88,182,270,88,,182,270
02196300,COLLINS CAREER CENTER                   ,OH,45619-0000,Public       ,77,177,254,77,,177,254
02210800,MEDINA COUNTY CAREER CENTER             ,OH,44256-0000,Public       ,6,34,40,6,,34,40
02220500,GOD'S BIBLE SCHOOL & COLLEGE            ,OH,45210-0000,Private      ,36,28,64,36,,28,64
02220800,CAREER & TECHNOLOGY EDUCATION CENTERS OF,OH,43055-0000,Public       ,53,114,167,53,,114,167
02239800,PIONEER CAREER & TECHNOLOGY CENTER      ,OH,44875-0000,Public       ,1,23,24,1,,23,24
02245600,WARREN COUNTY CAREER CENTER             ,OH,45036-0000,Public       ,27,84,111,27,,84,111
02246300,INSTITUTE OF MEDICAL-DENTAL TECH        ,OH,45246-3317,Proprietary  ,44,229,273,44,,229,273
02263700,MIAMI VALLEY CAREER TECHNOLOGY CTR      ,OH,45315-0000,Public       ,31,164,195,31,,164,195
02269400,EASTERN HILLS ACAD OF HAIR DESIGN       ,OH,45255-0000,Proprietary  ,4,15,19,4,,15,19
02269500,WESTERN HILLS SCHOOL OF BEAUTY & HAIR DE,OH,45211-0000,Proprietary  ,17,59,76,17,,59,76
02270100,OHIO HI-POINT CAREER CENTER             ,OH,43311-0000,Public       ,4,15,19,4,,15,19
02272700,COLUMBIANA COUNTY CAREER CENTER         ,OH,44432-0000,Public       ,12,52,64,12,,52,64
02287900,RAPHAEL'S SCHOOL OF BEAUTY CULTURE      ,OH,44446-0000,Proprietary  ,8,31,39,8,,31,39
02301400,OHIO VALLEY COLLEGE OF TECHNOLOGY       ,OH,43920-9139,Proprietary  ,29,54,83,29,,54,83
02303600,FORTIS COLLEGE - RAVENNA CAMPUS         ,OH,44266-0000,Proprietary  ,15,85,100,15,,85,100
02304700,TRI-RIVERS CAREER CENTER                ,OH,43302-0000,Public       ,32,87,119,32,,87,119
02311200,AMERICAN SCHOOL OF TECHNOLOGY           ,OH,43229-0000,Proprietary  ,29,155,184,29,,155,184
02315500,TOLEDO ACADEMY OF BEAUTY CULTURE - EAST ,OH,43616-0000,Proprietary  ,12,44,56,12,,44,56
02324400,ALLSTATE HAIRSTYLING & BARBER CLG       ,OH,44113-0000,Proprietary  ,18,112,130,18,,112,130
02328500,MOLER-PICKENS BEAUTY COLLEGE            ,OH,45014-0000,Proprietary  ,5,16,21,5,,16,21
02334300,INTERNATIONAL ACAD OF HAIR DESIGN       ,OH,45239-0000,Proprietary  ,24,56,80,24,,56,80
02336300,KNOX COUNTY CAREER CENTER               ,OH,43050-4298,Public       ,27,99,126,27,,99,126
02336700,CUYAHOGA VALLEY CAREER CENTER           ,OH,44141-1296,Public       ,21,58,79,21,,58,79
02337700,PROFESSIONAL SKILLS INSTITUTE           ,OH,43607-0000,Proprietary  ,36,179,215,36,,179,215
02351500,WILLOUGHBY EASTLAKE SCH OF PRAC NSG     ,OH,44094-0000,Public       ,10,90,100,10,,90,100
02352800,POLARIS CAREER CENTER-ADULT ED DEPT     ,OH,44130-0000,Public       ,36,115,151,36,,115,151
02354200,SCIOTO COUNTY JOINT VOCATIONAL SCH      ,OH,45648-0000,Public       ,35,94,129,35,,94,129
02454400,NORTHEAST OHIO MEDICAL UNIVERSITY       ,OH,44272-9621,Public       ,124,737,861,124,,737,861
02497800,GREENE COUNTY CAREER CENTER             ,OH,45385-0000,Public       ,7,40,47,7,,40,47
02519300,OHIO STATE SCH COSMETOLOGY              ,OH,43110-2754,Proprietary  ,29,61,90,29,,61,90
02522700,EASTLAND-FAIRFIELD CAREER AND TECHNICAL ,OH,43125-0000,Public       ,17,74,91,17,,74,91
02528300,TDDS TECHNICAL INSTITUTE                ,OH,44429-0000,Proprietary  ,22,96,118,22,,96,118
02529500,HAMRICK SCHOOL                          ,OH,44256-0000,Proprietary  ,4,39,43,4,,39,43
02545800,INNER STATE BEAUTY SCHOOLS              ,OH,44124-0000,Proprietary  ,14,45,59,14,,45,59
02553000,SCHOOL OF ADVERTISING ART               ,OH,45440-0000,Proprietary  ,151,28,179,151,,28,179
02560000,CASAL AVEDA INSTITUTE                   ,OH,44515-0000,Proprietary  ,43,55,98,43,,55,98
02560700,PICKAWAY ROSS CO JOINT VOC TECH SCH     ,OH,45601-0000,Public       ,21,90,111,21,,90,111
02562300,APOLLO CAREER CENTER-ADULT EDUC         ,OH,45806-0000,Public       ,42,141,183,42,,141,183
02563000,RAPHAELS SCHOOL OF BEAUTY CULTURE       ,OH,44601-2847,Proprietary  ,9,33,42,9,,33,42
02568600,MAHONING COUNTY CAREER & TECH CENTR     ,OH,44406-0000,Public       ,11,38,49,11,,38,49
02582900,KAPLAN CAREER INSTITUTE                 ,OH,44129-6810,Proprietary  ,14,164,178,14,,164,178
02586400,TRUMBULL CAREER & TECH CENTER-ADULT     ,OH,44483-1997,Public       ,18,75,93,18,,75,93
02588500,OHIO STATE SCHOOL OF COSMETOLOGY        ,OH,43081-0000,Proprietary  ,52,66,118,52,,66,118
02599711,VATTEROTT COLLEGE - CLEVELAND           ,OH,44147-3502,Proprietary  ,12,66,78,12,,66,78
02603800,LORAIN COUNTY JVS ADULT CAREER CTR      ,OH,44074-9799,Public       ,16,53,69,16,,53,69
02611007,HERITAGE COLLEGE - COLUMBUS             ,OH,43213-4440,Proprietary  ,67,241,308,67,,241,308
02620000,SANDUSKY CAREER CENTER                  ,OH,44870-4786,Public       ,7,28,35,7,,28,35
03007900,GALLIPOLIS CAREER COLLEGE               ,OH,45631-2600,Proprietary  ,6,27,33,6,,27,33
03015100,ALLIANCE HIGH SCH-CMTY SERVICES DIV     ,OH,44601-2899,Public       ,6,16,22,6,,16,22
03015300,EHOVE CAREER CENTER                     ,OH,44846-9500,Public       ,24,125,149,24,,125,149
03023700,MADISON ADULT CAREER CENTER             ,OH,44905-2718,Public       ,18,96,114,18,,96,114
03024300,VALLEY BEAUTY SCHOOL                    ,OH,43725-2332,Proprietary  ,6,4,10,6,,4,10
03026511,REMINGTON COLLEGE - CLEVELAND           ,OH,44125-1957,Private      ,73,233,306,73,,233,306
03026512,REMINGTON COLLEGE - CLEVELAND WEST      ,OH,44070-3129,Private      ,9,29,38,9,,29,38
03027100,FAIRVIEW ACADEMY                        ,OH,44126-2214,Proprietary  ,5,22,27,5,,22,27
03034200,WASHINGTON COUNTY CAREER CENTER ADULT TE,OH,45750-9290,Public       ,36,133,169,36,,133,169
03051400,AUBURN CAREER CENTER                    ,OH,44077-9723,Public       ,29,79,108,29,,79,108
03051500,US GRANT JOINT VOCATIONAL SCHOOL        ,OH,45106-9502,Public       ,2,4,6,2,,4,6
03065900,BUCKEYE CAREER CENTER                   ,OH,44663-9437,Public       ,23,55,78,23,,55,78
03067600,RAPHAEL'S SCHOOL OF BEAUTY CULTURE      ,OH,44512-2222,Proprietary  ,7,22,29,7,,22,29
03068200,OHIO CENTER FOR BROADCASTING            ,OH,44125-6273,Proprietary  ,16,22,38,16,,22,38
03068202,OHIO CENTER FOR BROADCASTING - COLUMBUS ,OH,43213-2571,Proprietary  ,18,77,95,18,,77,95
03071900,MOUNT CARMEL COLLEGE OF NURSING         ,OH,43222-1598,Private      ,505,434,939,505,,434,939
03072303,EVEREST INSTITUTE - COLUMBUS            ,OH,43230-6653,Proprietary  ,15,142,157,15,,142,157
03078000,OHIO CENTER FOR BROADCASTING            ,OH,45227-1509,Proprietary  ,13,44,57,13,,44,57
03079000,ETI TECHNICAL COLLEGE                   ,OH,44446-4398,Proprietary  ,18,60,78,18,,60,78
03084800,DELAWARE AREA CAREER CENTER             ,OH,43015-8969,Public       ,6,22,28,6,,22,28
03084801,DELAWARE AREA CAREER CENTER -           ,OH,43015-9001,Public       ,4,19,23,4,,19,23
03095600,VANTAGE CAREER CENTER                   ,OH,45891-1378,Public       ,8,30,38,8,,30,38
03097000,MERCY COLLEGE OF NORTHWEST OHIO         ,OH,43604-1132,Private      ,338,589,927,338,,589,927
03100100,PARAMOUNT BEAUTY ACADEMY                ,OH,45662-4136,Proprietary  ,13,34,47,13,,34,47
03116200,DAYTON BARBER COLLEGE                   ,OH,45342-0000,Proprietary  ,7,20,27,7,,20,27
03116300,OHIO COLLEGE OF MASSOTHERAPY            ,OH,44321-1363,Private      ,13,45,58,13,,45,58
03116400,VANGUARD-SENTINELL VOC SCH DISTRICT     ,OH,43420-1197,Public       ,3,17,20,3,,17,20
03117000,ASHLAND COUNTY-W HOLMES CAREER CTR      ,OH,44805-0000,Public       ,15,42,57,15,,42,57
03319300,CREATIVE IMAGES-A CERTIFIED MATRIX      ,OH,45414-2557,Proprietary  ,31,94,125,31,,94,125
03319301,CREATIVE IMAGES-A CERTIFIED MATRIX      ,OH,45459-0000,Proprietary  ,27,60,87,27,,60,87
03416400,VALLEY BEAUTY SCHOOL                    ,OH,43701-3624,Proprietary  ,2,10,12,2,,10,12
03425300,ROSEDALE BIBLE COLLEGE                  ,OH,43029-9517,Private      ,20,2,22,20,,2,22
03457300,ALLEGHENY WESLEYAN COLLEGE              ,OH,44460-9598,Private      ,15,4,19,15,,4,19
03468400,NATIONAL INSTITUTE OF MASSOTHERAPY      ,OH,44319-2100,Proprietary  ,4,37,41,4,,37,41
03468500,ATS INSTITUTE OF TECHNOLOGY             ,OH,44143-2216,Proprietary  ,22,235,257,22,,235,257
03475400,TRI-STATE BIBLE COLLEGE                 ,OH,45680-8402,Private      ,1,14,15,1,,14,15
03534400,AMERICAN INST OF ALTERNATIVE MEDICI     ,OH,43229-1113,Proprietary  ,26,206,232,26,,206,232
03626300,BROWN AVEDA INSTITUTE                   ,OH,44060-6212,Proprietary  ,59,98,157,59,,98,157
03700300,REGENCY BEAUTY INSTITUTE - CLEVELAND    ,OH,44094-0000,Proprietary  ,53,118,171,53,,118,171
03726300,TEMPLE BAPTIST COLLEGE                  ,OH,45240-0000,Private      ,6,12,18,6,,12,18
03747300,BEXLEY HALL SEMINARY                    ,OH,43209-2325,Private      ,1,17,18,1,,17,18
03776400,HEALING ARTS INSTITUTE                  ,OH,43551-3138,Proprietary  ,5,13,18,5,,13,18
03837300,AVEDA FREDRIC'S INSTITUTE               ,OH,45208-1304,Proprietary  ,59,88,147,59,,88,147
04051307,ART INSTITUTE OF PHOENIX (THE) - BROWN M,OH,45215-1107,Proprietary  ,71,358,429,71,,358,429
04051308,ART INSTITUTE OF PHOENIX (THE) - BROWN M,OH,44320-4420,Proprietary  ,56,254,310,56,,254,310
04051317,ART INSTITUTE OF PHOENIX (THE) - BROWN M,OH,45840-6848,Proprietary  ,176,891,1067,176,,891,1067
04051326,ART INSTITUTE OF PHOENIX (THE) - BROWN M,OH,44718-3674,Proprietary  ,15,151,166,15,,151,166
04068300,FOUR COUNTY CAREER CENTER               ,OH,43512-9541,Public       ,3,15,18,3,,15,18
04074300,HONDROS COLLEGE                         ,OH,43081-3855,Proprietary  ,142,1123,1265,142,,1123,1265
04117300,DAYTON SCHOOL OF MEDICAL MASSAGE        ,OH,45429-1111,Proprietary  ,32,145,177,32,,145,177
04118300,NORTHCOAST MEDICAL TRAINING ACADEMY     ,OH,44240-4174,Proprietary  ,13,47,60,13,,47,60
04124500,TECHSKILLS                              ,OH,43231-0000,Proprietary  ,18,88,106,18,,88,106
04126000,OHIO ACADEMY PAUL MITCHELL PARTNER SCHOO,OH,44087-3107,Proprietary  ,35,54,89,35,,54,89
04137800,AVEDA INSTITUTE COLUMBUS                ,OH,43201-2333,Proprietary  ,87,133,220,87,,133,220
04138000,INSTITUTE OF THERAPEUTIC MASSAGE        ,OH,45875-0350,Proprietary  ,4,6,10,4,,6,10
04149100,PAUL MITCHELL THE SCHOOL CINCINNATI     ,OH,45241-1702,Proprietary  ,64,88,152,64,,88,152
04149101,PAUL MITCHELL THE SCHOOL CINCINNATI - TO,OH,43560-2539,Proprietary  ,4,4,8,4,,4,8
04151400,VANITY SCHOOL OF COSMETOLOGY            ,OH,44035-0000,Proprietary  ,2,21,23,2,,21,23
04152100,TOLEDO RESTAURANT TRAINING CENTER       ,OH,43604-6508,Private      ,3,36,39,3,,36,39
04152600,PIKE COUNTY CAREER TECHNOLOGY CENTER    ,OH,45661-9114,Public       ,9,28,37,9,,28,37
04153300,OHIO ACADEMY COLUMBUS (THE)             ,OH,43231-6038,Proprietary  ,54,66,120,54,,66,120
04166800,SALON PROFESSIONAL ACADEMY (THE)        ,OH,45551-0000,Proprietary  ,13,30,43,13,,30,43
04167700,ARTISAN COLLEGE OF COSMETOLOGY (THE)    ,OH,45840-6848,Proprietary  ,5,5,10,5,,5,10
04185900,ELITE SCHOOL OF COSMETOLOGY             ,OH,44857-2714,Proprietary  ,4,14,18,4,,14,18
04189100,TONI & GUY HAIRDRESSING ACADEMY         ,OH,43615-1731,Proprietary  ,27,31,58,27,,31,58
04192200,ATHENA CAREER ACADEMY                   ,OH,43560-2796,Proprietary  ,19,125,144,19,,125,144
04206700,ELITE WELDING ACADEMY                   ,OH,45246-1013,Proprietary  ,0,3,3,0,,3,3
04220900,NATIONAL PERSONAL TRAINING INSTITUTE OF ,OH,43235-5739,Proprietary  ,15,40,55,15,,40,55
04225700,LABARBERIA INSTITUTE OF HAIR            ,OH,44106-1923,Proprietary  ,4,30,34,4,,30,34
        ,INVALID SCHOOL CODE                     ,  ,00000-0000,,264,939,1203,264,,939,1203
00134500,ADAMS STATE COLLEGE                     ,CO,81102-2373,Public       ,1861,703,2564,1861,,703,2564
00134600,ARAPAHOE COMMUNITY COLLEGE              ,CO,80160-9002,Public       ,1363,2171,3534,1363,,2171,3534
00134700,COLORADO COLLEGE                        ,CO,80903-3294,Private      ,2910,421,3331,2910,,421,3331
00134800,COLORADO SCHOOL OF MINES                ,CO,80401-1887,Public       ,6162,813,6975,6162,,813,6975
00134900,UNIVERSITY OF NORTHERN COLORADO         ,CO,80639-0001,Public       ,8374,2765,11139,8374,,2765,11139
00135000,COLORADO STATE UNIVERSITY               ,CO,80523-0100,Public       ,19560,6114,25674,19560,,6114,25674
00135200,DENVER  SEMINARY                        ,CO,80120-2192,Private      ,3,316,319,3,,316,319
00135300,FORT LEWIS COLLEGE                      ,CO,81301-3999,Public       ,3259,808,4067,3259,,808,4067
00135400,ILIFF SCHOOL OF THEOLOGY                ,CO,80210-0000,Private      ,2,173,175,2,,173,175
00135500,LAMAR COMMUNITY COLLEGE                 ,CO,81052-3999,Public       ,207,89,296,207,,89,296
00135800,COLORADO MESA UNIVERSITY                ,CO,81501-3122,Public       ,4615,1325,5940,4615,,1325,5940
00135900,COLORADO NORTHWESTERN COMMUNITY COLLEGE ,CO,81648-3598,Public       ,236,122,358,236,,122,358
00136000,METROPOLITAN STATE UNIVERSITY OF DENVER ,CO,80204-3362,Public       ,6719,6422,13141,6719,,6422,13141
00136100,NORTHEASTERN JUNIOR COLLEGE             ,CO,80751-2399,Public       ,660,145,805,660,,145,805
00136200,OTERO JUNIOR COLLEGE                    ,CO,81050-3346,Public       ,295,155,450,295,,155,450
00136300,REGIS UNIVERSITY                        ,CO,80221-1099,Private      ,2558,3669,6227,2558,,3669,6227
00136500,COLORADO STATE UNIVERSITY-PUEBLO        ,CO,81001-4901,Public       ,4042,1592,5634,4042,,1592,5634
00136800,TRINIDAD STATE JR COLLEGE               ,CO,81082-2396,Public       ,326,247,573,326,,247,573
00137000,UNIVERSITY OF COLORADO-BOULDER          ,CO,80309-0077,Public       ,22867,5911,28778,22867,,5911,28778
00137100,UNIVERSITY OF DENVER                    ,CO,80208-2000,Private      ,9047,6589,15636,9047,,6589,15636
00137200,WESTERN STATE COLLEGE                   ,CO,81231-0000,Public       ,1563,268,1831,1563,,268,1831
00405702,NATIONAL AMERICAN UNIVERSITY - COLORADO ,CO,80920-4001,Proprietary  ,26,166,192,26,,166,192
00405703,NATIONAL AMERICAN UNIVERSITY            ,CO,80222-0000,Proprietary  ,13,114,127,13,,114,127
00450300,EVEREST COLLEGE                         ,CO,80916-3548,Proprietary  ,64,473,537,64,,473,537
00450600,COLORADO MOUNTAIN COLLEGE               ,CO,81602-0000,Public       ,1086,778,1864,1086,,778,1864
00450700,EVEREST COLLEGE                         ,CO,80229-4339,Proprietary  ,42,161,203,42,,161,203
00450701,"EVEREST COLLEGE- EVEREST COLLEGE, AURORA",CO,80012-5692,Proprietary  ,51,168,219,51,,168,219
00450800,UNIVERSITY OF COLORADO DENVER           ,CO,80204-2029,Public       ,7316,7737,15053,7316,,7737,15053
00450900,UNIV OF COLORADO AT COLO SPRINGS        ,CO,80918-3735,Public       ,7399,3505,10904,7399,,3505,10904
00559600,EMILY GRIFFITH OPPORTUNITY SCH          ,CO,80204-2197,Public       ,328,695,1023,328,,695,1023
00729700,REDSTONE COLLEGE                        ,CO,80020-9988,Proprietary  ,84,182,266,84,,182,266
00732912,ITT TECHNICAL INSTITUTE                 ,CO,80229-5338,Proprietary  ,59,224,283,59,,224,283
00754800,WESTWOOD COLLEGE - DENVER NORTH         ,CO,80221-3653,Proprietary  ,98,442,540,98,,442,540
00754801,WESTWOOD COLLEGE - DENVER SOUTH         ,CO,80227-3653,Proprietary  ,50,340,390,50,,340,390
00758200,AIMS COMMUNITY COLLEGE                  ,CO,80632-0000,Public       ,1067,1439,2506,1067,,1439,2506
00764900,ROCKY MOUNTAIN COLG OF ART & DESIGN     ,CO,80214-0000,Proprietary  ,451,508,959,451,,508,959
00793300,FRONT RANGE COMMUNITY COLLEGE           ,CO,80031-2199,Public       ,3145,4417,7562,3145,,4417,7562
00793806,LINCOLN COLLEGE OF TECHNOLOGY - DENVER  ,CO,80239-3006,Proprietary  ,405,262,667,405,,262,667
00863500,INTELLITEC MEDICAL INSTITUTE            ,CO,80909-0000,Proprietary  ,20,151,171,20,,151,171
00887100,CONCORDE CAREER INSTITUTE               ,CO,80203-0000,Proprietary  ,91,433,524,91,,433,524
00889600,PIKES PEAK COMMUNITY COLLEGE            ,CO,80906-5498,Public       ,2016,3945,5961,2016,,3945,5961
00940100,COLORADO CHRISTIAN UNIVERSITY           ,CO,80226-7449,Private      ,1412,1660,3072,1412,,1660,3072
00954200,COMMUNITY COLLEGE OF DENVER             ,CO,80217-2026,Public       ,2851,3977,6828,2851,,3977,6828
00954300,RED ROCKS COMMUNITY COLLEGE             ,CO,80228-1255,Public       ,1458,1893,3351,1458,,1893,3351
00998100,MORGAN COMMUNITY COLLEGE                ,CO,80701-4399,Public       ,193,229,422,193,,229,422
01014800,COLORADO TECHNICAL UNIVERSITY           ,CO,80907-3896,Proprietary  ,186,1691,1877,186,,1691,1877
01014802,COLORADO TECHNICAL UNIV - DENVER        ,CO,80111-3201,Proprietary  ,45,332,377,45,,332,377
01014805,COLORADO TECH UNIV - ON LINE            ,CO,80907-0000,Proprietary  ,611,12510,13121,611,,12510,13121
01014812,COLORADO TECHNICAL UNIVERSITY - WESTMINS,CO,80021-3498,Proprietary  ,21,212,233,21,,212,233
01014815,COLORADO TECHNCL UNIV PUEBLO            ,CO,81003-2315,Proprietary  ,41,82,123,41,,82,123
01157200,COLORADO SCHOOL OF TRADES               ,CO,80215-2996,Proprietary  ,30,120,150,30,,120,150
01267000,BEL-REA INST OF ANIMAL TECH             ,CO,80247-3048,Proprietary  ,153,208,361,153,,208,361
01285000,INTERNATIONAL SALON AND SPA ACADEMY     ,CO,80918-3684,Proprietary  ,20,76,96,20,,76,96
01287500,PICKENS TECHNICAL COLLEGE               ,CO,80011-9307,Public       ,152,253,405,152,,253,405
01300700,NAZARENE BIBLE COLLEGE                  ,CO,80910-3717,Private      ,35,226,261,35,,226,261
02078900,ART INSTITUTE OF COLORADO (THE)         ,CO,80203-2983,Proprietary  ,779,610,1389,779,,610,1389
02116300,PUEBLO COMMUNITY COLLEGE                ,CO,81004-0000,Public       ,847,1703,2550,847,,1703,2550
02117500,NAROPA UNIVERSITY                       ,CO,80302-0000,Private      ,275,736,1011,275,,736,1011
02156200,DELTA - MONTROSE TECHNICAL COLLEGE      ,CO,81416-0000,Public       ,38,58,96,38,,58,96
02165200,SALON PROFESSIONAL ACADEMY (THE)        ,CO,81504-5309,Proprietary  ,21,24,45,21,,24,45
02211901,CHEEKS INTERNATIONAL ACADEMY OF BEAUTY C,CO,80525-3053,Proprietary  ,18,19,37,18,,19,37
02211902,CHEEKS INTERNATIONAL ACDMY BTY CULT     ,CO,80631-0000,Proprietary  ,11,16,27,11,,16,27
02253700,INTELLITEC COLLEGE                      ,CO,80909-0000,Proprietary  ,39,175,214,39,,175,214
02267500,GLENWOOD BEAUTY ACADEMY                 ,CO,81601-0000,Proprietary  ,4,7,11,4,,7,11
02276900,COMMUNITY COLLEGE OF AURORA             ,CO,80011-9036,Public       ,1199,1936,3135,1199,,1936,3135
02296004,PRINCE INSTITUTE - SOUTHEAST - PRINCE IN,CO,80031-2943,Proprietary  ,1,17,18,1,,17,18
02518500,HAIR DYNAMICS EDUCATION CENTER          ,CO,80525-0000,Proprietary  ,42,43,85,42,,43,85
02594300,COLLEGE AMERICA - DENVER                ,CO,80222-3380,Proprietary  ,81,507,588,81,,507,588
02611000,HERITAGE COLLEGE                        ,CO,80212-7413,Proprietary  ,54,171,225,54,,171,225
03006300,INST OF BUSINESS & MEDICAL CAREERS      ,CO,80525-3044,Proprietary  ,89,395,484,89,,395,484
03010622,VIRGINIA COLLEGE - ECOTECH INSTITUTE - A,CO,80014-1405,Proprietary  ,24,107,131,24,,107,131
03012100,REMINGTON COLLEGE - COLORADO SPRINGS CAM,CO,80215-0000,Private      ,4,3,7,4,,3,7
03014900,PLATT COLLEGE                           ,CO,80014-3141,Proprietary  ,26,107,133,26,,107,133
03027400,XENON INTERNATIONAL ACADEMY III         ,CO,80014-1193,Proprietary  ,14,36,50,14,,36,50
03030606,UTAH COLLEGE OF MASSAGE THERAPY - DENVER,CO,80031-2921,Proprietary  ,13,42,55,13,,42,55
03030607,UTAH COLLEGE OF MASSAGE THERAPY - DENVER,CO,80012-2523,Proprietary  ,14,53,67,14,,53,67
03066900,INTELLITEC COLLEGE                      ,CO,81506-3994,Proprietary  ,29,108,137,29,,108,137
03068201,OHIO CENTER FOR BROADCASTING - COLORADO ,CO,80214-4129,Proprietary  ,10,23,33,10,,23,33
03076401,BRYMAN SCHOOL OF ARIZONA (THE) - ANTHEM ,CO,80014-2622,Proprietary  ,3,15,18,3,,15,18
03289300,COLORADO HEIGHTS UNIVERSITY             ,CO,80236-2711,Private      ,56,78,134,56,,78,134
03306300,MONTESSORI EDUC CRT OF THE ROCKIES      ,CO,80301-2587,Private      ,2,30,32,2,,30,32
03534300,JONES INTERNATIONAL UNIVERSITY          ,CO,80112-3446,Proprietary  ,31,948,979,31,,948,979
03545300,UNIVERSITY OF THE ROCKIES               ,CO,80903-3612,Proprietary  ,52,984,1036,52,,984,1036
03584400,COLORADO SCHOOL OF HEALING ARTS         ,CO,80226-4332,Proprietary  ,17,76,93,17,,76,93
03670300,TONI & GUY HAIRDRESSING ACADEMY         ,CO,80911-0000,Proprietary  ,21,42,63,21,,42,63
03686300,COLORADO SCHOOL OF TRADITIONAL CHINESE M,CO,80206-2127,Proprietary  ,6,62,68,6,,62,68
03776300,AUGUSTE ESCOFFIER SCHOOL OF CULINARY ART,CO,80305-5961,Proprietary  ,121,114,235,121,,114,235
03976300,MASSAGE THERAPY INSTITUTE OF COLORADO   ,CO,80206-2127,Proprietary  ,48,75,123,48,,75,123
04080300,ASPEN UNIVERSITY                        ,CO,80246-1930,Proprietary  ,85,330,415,85,,330,415
04093300,ACADEMY OF NATURAL THERAPY              ,CO,80631-3425,Proprietary  ,25,38,63,25,,38,63
04121200,INSTITUTE OF TAOIST EDUCATION AND ACUPUN,CO,80027-1028,Private      ,0,11,11,0,,11,11
04125100,MONTESSORI CASA INTERNATIONAL           ,CO,80111-5263,Private      ,1,3,4,1,,3,4
04127700,AMERICAN SENTINEL UNIVERSITY            ,CO,80014-6510,Proprietary  ,7,494,501,7,,494,501
04139300,NATIONAL BEAUTY COLLEGE                 ,CO,80221-0000,Proprietary  ,28,47,75,28,,47,75
04148300,DENVER SCHOOL OF NURSING                ,CO,80202-1213,Proprietary  ,210,487,697,210,,487,697
04151100,SUMMIT SALON & BEAUTY SCHOOL            ,CO,80866-4569,Proprietary  ,1,0,1,1,,0,1
04167100,AVEDA INSTITUTE DENVER                  ,CO,80202-0000,Proprietary  ,130,134,264,130,,134,264
04170200,PAUL MITCHELL THE SCHOOL COLORADO SPRING,CO,80903-0000,Proprietary  ,34,102,136,34,,102,136
04172500,ROLF INSTITUTE OF STRUCTURAL INTEGRATION,CO,80301-0000,Private      ,3,50,53,3,,50,53
04173800,SALON PROFESSIONAL ACADEMY (THE)        ,CO,80918-2932,Proprietary  ,16,48,64,16,,48,64
04177100,PIMA MEDICAL INSTITUTE-SOUTH DENVER     ,CO,80231-0000,Proprietary  ,107,248,355,107,,248,355
04179700,UNITED BEAUTY COLLEGE                   ,CO,80223-2936,Proprietary  ,24,45,69,24,,45,69
04183700,HEALING ARTS INSTITUTE                  ,CO,80525-3479,Proprietary  ,16,42,58,16,,42,58
04184900,COLLEGE OF INTERNATIONAL ESTHETICS      ,CO,80002-3754,Proprietary  ,13,57,70,13,,57,70
04185000,COLORADO ACADEMY OF VETERINARY TECHNOLOG,CO,80906-4944,Proprietary  ,63,108,171,63,,108,171
04185400,NATIONAL PERSONAL TRAINING INSTITUTE OF ,CO,80401-3304,Proprietary  ,6,32,38,6,,32,38
04195300,LONGS PEAK ACADEMY                      ,CO,80501-6458,Proprietary  ,14,31,45,14,,31,45
04202600,NEW DIMENSIONS BEAUTY ACADEMY           ,CO,80138-9801,Proprietary  ,11,19,30,11,,19,30
04208700,COLORADO STATE UNIVERSITY - GLOBAL CAMPU,CO,80111-0000,Public       ,264,2743,3007,264,,2743,3007
04218900,ROCKY VISTA UNIVERSITY COLLEGE OF OSTEOP,CO,80134-9498,Proprietary  ,3,263,266,3,,263,266
04221400,PAUL MITCHELL THE SCHOOL DENVER         ,CO,80226-7395,Proprietary  ,32,44,76,32,,44,76
00267811,BRYANT & STRATTON COLLEGE - VIRGINIA BEA,VA,23462-4417,Proprietary  ,268,1101,1369,268,,1101,1369
00370200,AVERETT UNIVERSITY                      ,VA,24541-3692,Private      ,1007,513,1520,1007,,513,1520
00370300,BLUEFIELD COLLEGE                       ,VA,24605-1799,Private      ,638,256,894,638,,256,894
00370400,BRIDGEWATER COLLEGE                     ,VA,22812-1599,Private      ,3016,145,3161,3016,,145,3161
00370500,COLLEGE OF WILLIAM & MARY               ,VA,23187-8795,Public       ,10220,2804,13024,10220,,2804,13024
00370600,CHRISTOPHER NEWPORT UNIVERSITY          ,VA,23606-3072,Public       ,7128,674,7802,7128,,674,7802
00370700,RICHARD BLAND COLLEGE                   ,VA,23805-7100,Public       ,817,263,1080,817,,263,1080
00370800,EASTERN MENNONITE UNIVERSITY            ,VA,22802-2462,Private      ,1094,292,1386,1094,,292,1386
00370900,EMORY & HENRY COLLEGE                   ,VA,24327-0010,Private      ,1228,101,1329,1228,,101,1329
00371100,FERRUM COLLEGE                          ,VA,24088-2612,Private      ,2208,202,2410,2208,,202,2410
00371200,TIDEWATER COMMUNITY COLLEGE             ,VA,23510-1910,Public       ,4856,8468,13324,4856,,8468,13324
00371300,HAMPDEN-SYDNEY COLLEGE                  ,VA,23943-0128,Private      ,1311,31,1342,1311,,31,1342
00371400,HAMPTON UNIVERSITY                      ,VA,23668-0099,Private      ,7782,1745,9527,7782,,1745,9527
00371500,HOLLINS UNIVERSITY                      ,VA,24020-0000,Private      ,827,308,1135,827,,308,1135
00371900,LONGWOOD UNIVERSITY                     ,VA,23909-1899,Public       ,5117,609,5726,5117,,609,5726
00372000,LYNCHBURG COLLEGE                       ,VA,24501-3199,Private      ,2796,532,3328,2796,,532,3328
00372100,JAMES MADISON UNIVERSITY                ,VA,22807-3780,Public       ,21803,2044,23847,21803,,2044,23847
00372300,MARY BALDWIN COLLEGE                    ,VA,24401-3610,Private      ,1388,556,1944,1388,,556,1944
00372400,MARYMOUNT UNIVERSITY                    ,VA,22207-4224,Private      ,2133,1199,3332,2133,,1199,3332
00372600,NATIONAL COLLEGE                        ,VA,24153-4524,Proprietary  ,144,1659,1803,144,,1659,1803
00372700,NORTHERN VA CMTY CLG                    ,VA,22003-3743,Public       ,7499,7101,14600,7499,,7101,14600
00372800,OLD DOMINION UNIVERSITY                 ,VA,23529-0052,Public       ,14601,7716,22317,14601,,7716,22317
00373200,RADFORD UNIVERSITY                      ,VA,24142-6905,Public       ,8648,1620,10268,8648,,1620,10268
00373300,RANDOLPH-MACON COLLEGE                  ,VA,23005-5505,Private      ,2202,103,2305,2202,,103,2305
00373400,RANDOLPH COLLEGE                        ,VA,24503-1526,Private      ,854,96,950,854,,96,950
00373500,VIRGINIA COMMONWEALTH UNIVERSITY        ,VA,23284-9004,Public       ,19708,8122,27830,19708,,8122,27830
00373600,ROANOKE COLLEGE                         ,VA,24153-3794,Private      ,3102,191,3293,3102,,191,3293
00373700,SHENANDOAH UNIVERSITY                   ,VA,22601-5195,Private      ,2388,1219,3607,2388,,1219,3607
00373800,SOUTHERN VIRGINIA UNIVERSITY            ,VA,24416-3038,Private      ,576,118,694,576,,118,694
00374200,SWEET BRIAR COLLEGE                     ,VA,24595-9998,Private      ,727,51,778,727,,51,778
00374300,UNION PRESBYTERIAN SEMINARY             ,VA,23227-0000,Private      ,0,33,33,0,,33,33
00374400,UNIVERSITY OF RICHMOND                  ,VA,23173-0001,Private      ,5769,1463,7232,5769,,1463,7232
00374500,UNIVERSITY OF VIRGINIA - SFS            ,VA,22903-0000,Public       ,21028,5860,26888,21028,,5860,26888
00374600,UNIVERSITY OF MARY WASHINGTON           ,VA,22401-5358,Public       ,4888,828,5716,4888,,828,5716
00374700,UNIV OF VIRGINIA'S COLLEGE AT WISE      ,VA,24293-4412,Public       ,1352,288,1640,1352,,288,1640
00374800,EASTERN SHORE COMMUNITY COLLEGE         ,VA,23410-3001,Public       ,132,168,300,132,,168,300
00374900,GEORGE MASON UNIVERSITY                 ,VA,22030-4444,Public       ,21834,9463,31297,21834,,9463,31297
00375100,PATRICK HENRY COMMUNITY COLLEGE         ,VA,24112-5311,Public       ,490,535,1025,490,,535,1025
00375200,VIRGINIA INTERMONT COLLEGE              ,VA,24201-4298,Private      ,191,66,257,191,,66,257
00375300,VIRGINIA MILITARY INSTITUTE             ,VA,24450-2138,Public       ,1887,56,1943,1887,,56,1943
00375400,VIRGINIA POLYTECH INST & STATE UNIV     ,VA,24061-2000,Public       ,24477,3510,27987,24477,,3510,27987
00375800,DANVILLE COMMUNITY COLLEGE              ,VA,24541-4004,Public       ,589,658,1247,589,,658,1247
00375900,J. SARGEANT REYNOLDS COMMUNITY CLG      ,VA,23285-0000,Public       ,2429,4268,6697,2429,,4268,6697
00376000,VIRGINIA WESTERN CMTY COLLEGE           ,VA,24038-0000,Public       ,1934,1461,3395,1934,,1461,3395
00376100,WYTHEVILLE COMMUNITY COLLEGE            ,VA,24382-3308,Public       ,581,521,1102,581,,521,1102
00376200,VIRGINIA UNIVERSITY OF LYNCHBURG        ,VA,24501-6400,Private      ,124,173,297,124,,173,297
00376400,VIRGINIA STATE UNIVERSITY               ,VA,23806-0001,Public       ,6683,1764,8447,6683,,1764,8447
00376500,NORFOLK STATE UNIVERSITY                ,VA,23504-8000,Public       ,5305,3252,8557,5305,,3252,8557
00376600,VIRGINIA UNION UNIVERSITY               ,VA,23220-1711,Private      ,3381,789,4170,3381,,789,4170
00376700,VIRGINIA WESLEYAN COLLEGE               ,VA,23502-5599,Private      ,1861,418,2279,1861,,418,2279
00376800,WASHINGTON & LEE UNIVERSITY             ,VA,24450-0303,Private      ,2617,821,3438,2617,,821,3438
00400400,JOHN TYLER COMMUNITY COLLEGE            ,VA,23831-5316,Public       ,1718,2095,3813,1718,,2095,3813
00450301,EVEREST COLLEGE -  MCLEAN               ,VA,22182-2214,Proprietary  ,14,89,103,14,,89,103
00498800,CENTRAL VIRGINIA COMMUNITY COLLEGE      ,VA,24502-2498,Public       ,793,743,1536,793,,743,1536
00499200,MILLER-MOTTE TECHNICAL COLLEGE          ,VA,24505-0000,Proprietary  ,79,215,294,79,,215,294
00499600,DABNEY S LANCASTER COMMUNITY CLG        ,VA,24422-1000,Public       ,273,190,463,273,,190,463
00522300,NEW RIVER COMMUNITY COLLEGE             ,VA,24084-1127,Public       ,808,855,1663,808,,855,1663
00662200,COLLEGE OF HEALTH SCIENCES - CHRV       ,VA,24031-0000,Private      ,502,637,1139,502,,637,1139
00681900,BLUE RIDGE COMMUNITY COLLEGE            ,VA,24486-0080,Public       ,1321,1038,2359,1321,,1038,2359
00687100,THOMAS NELSON COMMUNITY COLLEGE         ,VA,23670-0000,Public       ,1662,3208,4870,1662,,3208,4870
00709900,VIRGINIA HIGHLANDS COMMUNITY CLG        ,VA,24210-4210,Public       ,465,498,963,465,,498,963
00726000,SOUTHWEST VIRGINIA COMMUNITY CLG        ,VA,24641-0000,Public       ,531,468,999,531,,468,999
00865900,LORD FAIRFAX COMMUNITY COLLEGE          ,VA,22645-0047,Public       ,966,963,1929,966,,963,1929
00866000,GERMANNA COMMUNITY COLLEGE              ,VA,22508-0339,Public       ,1279,1467,2746,1279,,1467,2746
00866100,SOUTHSIDE VIRGINIA CMTY CLG             ,VA,23821-2930,Public       ,470,592,1062,470,,592,1062
00915900,PAUL D CAMP COMMUNITY COLLEGE           ,VA,23851-0737,Public       ,187,342,529,187,,342,529
00916000,RAPPAHANNOCK COMMUNITY COLLEGE          ,VA,23149-2616,Public       ,438,442,880,438,,442,880
00926700,EVEREST COLLEGE                         ,VA,23606-4203,Proprietary  ,42,223,265,42,,223,265
00926701,EVEREST COLLEGE - CHESAPEAKE            ,VA,23320-2637,Proprietary  ,46,236,282,46,,236,282
00942000,SANFORD-BROWN COLLEGE                   ,VA,22182-3913,Proprietary  ,6,35,41,6,,35,41
00953500,STAUNTON SCHOOL OF COSMETOLOGY          ,VA,24401-4323,Proprietary  ,7,17,24,7,,17,24
00953700,VIRGINIA SCH OF HAIR DESIGN             ,VA,23669-0000,Proprietary  ,11,43,54,11,,43,54
00962900,MOUNTAIN EMPIRE COMMUNITY COLLEGE       ,VA,24219-0700,Public       ,414,416,830,414,,416,830
00992800,PIEDMONT VIRGINIA COMMUNITY COLLEGE     ,VA,22902-7589,Public       ,826,1013,1839,826,,1013,1839
01004300,BON SECOURS MEMORIAL COLLEGE OF NURSING ,VA,23227-4612,Private      ,203,348,551,203,,348,551
01019800,ECPI UNIVERSITY                         ,VA,23462-6542,Proprietary  ,307,1645,1952,307,,1645,1952
01019802,ECPI UNIVERSITY - NEWPORT NEWS          ,VA,23606-4298,Proprietary  ,125,592,717,125,,592,717
01019807,ECPI UNIVERSITY - MANASSAS              ,VA,20109-2665,Proprietary  ,36,203,239,36,,203,239
01019813,ECPI UNIVERSITY - CULINARY INSTITUTE OF ,VA,23513-2448,Proprietary  ,99,150,249,99,,150,249
01019814,ECPI UNIVERSITY - VIRGINIA BEACH HEALTH ,VA,23462-6540,Proprietary  ,58,325,383,58,,325,383
01019815,ECPI UNIVERSITY - RICHMOND SOUTH        ,VA,23236-3659,Proprietary  ,99,253,352,99,,253,352
01019816,ECPI UNIVERSITY - INNSBROOK             ,VA,23060-3359,Proprietary  ,33,85,118,33,,85,118
01019817,ECPI UNIVERSITY - RICHMOND WEST         ,VA,23294-3730,Proprietary  ,80,261,341,80,,261,341
01033800,EASTERN VIRGINIA MEDICAL SCHOOL         ,VA,23501-1980,Public       ,78,1311,1389,78,,1311,1389
01159600,SYLVAIN MELLOUL INTERNATIONAL HAIR ACADE,VA,24502-2652,Proprietary  ,15,40,55,15,,40,55
01162601,WESTWOOD COLLEGE - SOUTH BAY - ARLINGTON,VA,22203-4167,Proprietary  ,73,221,294,73,,221,294
01162602,WESTWOOD COLLEGE - SOUTH BAY - ANNANDALE,VA,22003-2602,Proprietary  ,50,211,261,50,,211,261
01274400,SOUTHSIDE REGIONAL MED CTR PROF SCHOOLS ,VA,23803-5133,Proprietary  ,63,124,187,63,,124,187
02053000,LIBERTY UNIVERSITY                      ,VA,24502-0000,Private      ,13986,26234,40220,13986,,26234,40220
02108800,WARDS CORNER BEAUTY ACADEMY             ,VA,23505-0000,Proprietary  ,28,85,113,28,,85,113
02111600,DANVILLE REGIONAL MEDICAL CENTER SCHOOL ,VA,24541-0000,Proprietary  ,25,33,58,25,,33,58
02128700,CENTRAL SCHOOL OF PRACTICAL NURSING     ,VA,23502-2230,Public       ,50,118,168,50,,118,168
02140000,RIVERSIDE SCHOOL OF HEALTH CAREERS      ,VA,23608-3802,Private      ,95,269,364,95,,269,364
02149901,PAUL MITCHELL THE SCHOOL-JACKSONVILLE - ,VA,22102-0000,Proprietary  ,20,31,51,20,,31,51
02149902,PAUL MITCHELL THE SCHOOL-JACKSONVILLE - ,VA,22192-0000,Proprietary  ,24,63,87,24,,63,87
02175800,LYNCHBURG GENERAL HOSP SCH OF NURSG     ,VA,24501-0000,Private      ,45,79,124,45,,79,124
02197600,WOODROW WILSON REHABILITATION CTR       ,VA,22939-0000,Public       ,12,7,19,12,,7,19
02242400,HENRICO CTY ST MARYS HOSP PRAC NRSG     ,VA,23075-0000,Public       ,7,34,41,7,,34,41
02320900,TIDEWATER TECH                          ,VA,23502-1747,Proprietary  ,78,280,358,78,,280,358
02334400,CENTURA COLLEGE                         ,VA,23452-0000,Proprietary  ,84,484,568,84,,484,568
02342700,FORTIS COLLEGE                          ,VA,23502-4101,Proprietary  ,75,337,412,75,,337,412
02342701,FORTIS COLLEGE - RICHMOND CAMPUS        ,VA,23236-3472,Proprietary  ,78,251,329,78,,251,329
02358500,BON SECOURS SAINT MARY'S HOSPITAL SCHOOL,VA,23227-4612,Private      ,74,131,205,74,,131,205
02538800,SUFFOLK BEAUTY ACADEMY                  ,VA,23434-0000,Proprietary  ,6,22,28,6,,22,28
02541200,STRATFORD UNIVERSITY                    ,VA,22043-0000,Proprietary  ,205,833,1038,205,,833,1038
02541201,STRATFORD UNIVERSITY-WOODBRIDGE         ,VA,22192-0000,Proprietary  ,67,302,369,67,,302,369
02588900,MEDTECH INSTITUTE                       ,VA,22042-3013,Proprietary  ,63,262,325,63,,262,325
02610100,WASHINGTON COUNTY ADULT SKILL CTR       ,VA,24210-2346,Public       ,27,46,73,27,,46,73
02617508,EVEREST COLLEGE - WOODBRIDGE            ,VA,22192-6808,Proprietary  ,42,170,212,42,,170,212
03002400,GRAHAM WEBB INTERNATIONAL ACAD HAIR     ,VA,22209-2129,Proprietary  ,16,39,55,16,,39,55
03010700,BAR PALMA BEAUTY CAREERS  ACADEMY       ,VA,24014-2255,Proprietary  ,7,32,39,7,,32,39
03042800,"VIRGINIA BEACH CITY SCHOOLS, SCH.-PR.NSG",VA,23456-0038,Public       ,24,79,103,24,,79,103
03091300,REGENT UNIVERSITY                       ,VA,23464-9800,Private      ,1133,2429,3562,1133,,2429,3562
03092700,SKYLINE COLLEGE                         ,VA,24012-1603,Proprietary  ,41,124,165,41,,124,165
03096500,SPRINGFIELD BEAUTY ACADEMY              ,VA,22003-3016,Proprietary  ,4,17,21,4,,17,21
03106500,SENTARA NORFOLK GENERAL HOSPITAL        ,VA,23320-2843,Private      ,99,352,451,99,,352,451
03116900,BAPTIST THEOLOGICAL SEM.-RICHMOND       ,VA,23227-0000,Private      ,9,36,45,9,,36,45
03126300,AVIATION INSTITUTE OF MAINTENANCE       ,VA,23320-5987,Proprietary  ,28,137,165,28,,137,165
03126400,CENTURA COLLEGE                         ,VA,23235-5230,Proprietary  ,56,277,333,56,,277,333
03127500,ADVANCED TECHNOLOGY INSTITUTE           ,VA,23462-2409,Proprietary  ,186,253,439,186,,253,439
03280400,VIRGINIA SCHOOL OF MASSAGE              ,VA,22903-0000,Proprietary  ,8,34,42,8,,34,42
03409500,RICHMOND SCHOOL OF HEALTH AND TECH      ,VA,23227-0000,Proprietary  ,47,130,177,47,,130,177
03455300,CRESCENT COSMETOLOGY UNIVERSITY         ,VA,23666-3115,Proprietary  ,2,22,24,2,,22,24
03559300,APPALACHIAN SCHOOL OF LAW               ,VA,24614-0000,Private      ,2,191,193,2,,191,193
03645400,RUDY & KELLY ACADEMY OF HAIR AND NA     ,VA,23464-6857,Proprietary  ,41,85,126,41,,85,126
03654300,CAREER TRAINING SOLUTIONS               ,VA,22406-1014,Proprietary  ,45,255,300,45,,255,300
03709300,EDWARD VIA VIRGINIA CLG OSTEOPATHIC MED ,VA,24060-6360,Private      ,11,432,443,11,,432,443
03862600,VIRGINIA BAPTIST COLLEGE                ,VA,22407-0000,Private      ,10,32,42,10,,32,42
03872400,INSTITUTE FOR THE PSYCHOLOGICAL SCIENCES,VA,22202-3609,Private      ,13,60,73,13,,60,73
03876300,CULPEPER COSMETOLOGY TRAINING CENTER    ,VA,22701-3155,Public       ,6,21,27,6,,21,27
03883400,AVIATION INSTITUTE OF MAINTENANCE       ,VA,20110-4156,Proprietary  ,23,68,91,23,,68,91
04038400,AVI CAREER INSTITUTE                    ,VA,22066-1839,Proprietary  ,5,10,15,5,,10,15
04110300,UNIVERSITY OF MANAGEMENT AND TECHNOLOGY ,VA,22209-1609,Proprietary  ,13,147,160,13,,147,160
04124000,DOMINION SCHOOL OF HAIR DESIGN          ,VA,23062-2221,Proprietary  ,4,11,15,4,,11,15
04127300,COLUMBIA COLLEGE                        ,VA,22031-4413,Proprietary  ,37,72,109,37,,72,109
04133400,CENTURA COLLEGE                         ,VA,22312-2670,Proprietary  ,20,76,96,20,,76,96
04137300,CAYCE/REILLY SCHOOL OF MASSOTHERAPY     ,VA,23451-2061,Private      ,8,40,48,8,,40,48
04140000,GLOBAL HEALTH NURSE TRAINING SERVICES   ,VA,22314-4585,Proprietary  ,14,226,240,14,,226,240
04153800,BETHEL COLLEGE                          ,VA,23666-3122,Private      ,17,46,63,17,,46,63
04156200,INSTITUTE OF ADVANCED MEDICAL ESTHETICS ,VA,23294-4701,Proprietary  ,12,37,49,12,,37,49
04169400,NORTHERN VIRGINIA SCHOOL OF THERAPEUTIC ,VA,22046-4302,Proprietary  ,14,51,65,14,,51,65
04171500,COSMOPOLITAN BEAUTY & TECH SCHOOL       ,VA,22003-3204,Proprietary  ,4,24,28,4,,24,28
04179900,TOMORROW'S IMAGE BARBER ACADEMY OF VIRGI,VA,23602-5532,Proprietary  ,6,20,26,6,,20,26
04180600,APPALACHIAN COLLEGE OF PHARMACY         ,VA,24631-9210,Private      ,20,146,166,20,,146,166
04218600,VIRGINIA TECH CARILION SCHOOL OF MEDICIN,VA,24016-4950,Private      ,136,251,387,136,,251,387
04219000,IGLOBAL UNIVERSITY                      ,VA,22003-2400,Proprietary  ,1,16,17,1,,16,17
04220100,NATIONAL PERSONAL TRAINING INSTITUTE    ,VA,22182-2412,Proprietary  ,0,1,1,0,,1,1
04220400,CHRYSM INSTITUTE OF ESTHETICS (THE)     ,VA,23462-3650,Proprietary  ,6,51,57,6,,51,57
04221000,"STANDARD HEALTHCARE SERVICES, COLLEGE OF",VA,22046-4612,Proprietary  ,6,94,100,6,,94,100
00107000,THUNDERBIRD SCHOOL OF GLOBAL MANAGEMENT ,AZ,85306-6000,Private      ,15,200,215,15,,200,215
00107100,ARIZONA WESTERN COLLEGE                 ,AZ,85366-0000,Public       ,1932,1288,3220,1932,,1288,3220
00107200,COCHISE COLLEGE                         ,AZ,85607-6190,Public       ,602,753,1355,602,,753,1355
00107300,EASTERN ARIZONA COLLEGE                 ,AZ,85552-0769,Public       ,701,415,1116,701,,415,1116
00107400,GRAND CANYON UNIVERSITY                 ,AZ,85017-3030,Proprietary  ,11327,18285,29612,11327,,18285,29612
00107600,GLENDALE COMMUNITY COLLEGE              ,AZ,85302-3090,Public       ,4445,4702,9147,4445,,4702,9147
00107700,MESA COMMUNITY COLLEGE                  ,AZ,85202-4866,Public       ,4155,5129,9284,4155,,5129,9284
00107800,PHOENIX COLLEGE                         ,AZ,85013-4234,Public       ,2768,4335,7103,2768,,4335,7103
00107900,YAVAPAI COLLEGE                         ,AZ,86301-3297,Public       ,955,1497,2452,955,,1497,2452
00108100,ARIZONA STATE UNIV (ALL CAMPUSES)       ,AZ,85287-0412,Public       ,42389,23695,66084,42389,,23695,66084
00108200,NORTHERN ARIZONA UNIVERSITY             ,AZ,86011-0001,Public       ,25431,7590,33021,25431,,7590,33021
00108300,UNIVERSITY OF ARIZONA                   ,AZ,85721-0066,Public       ,27478,9415,36893,27478,,9415,36893
00165701,MIDWESTERN UNIVERSITY                   ,AZ,85308-0000,Private      ,142,2685,2827,142,,2685,2827
00446700,TUCSON COLLEGE                          ,AZ,85711-3781,Proprietary  ,138,233,371,138,,233,371
00711300,ARIZONA CHRISTIAN UNIVERSITY            ,AZ,85032-7097,Private      ,819,257,1076,819,,257,1076
00726600,PIMA COUNTY COMMUNITY COLLEGE           ,AZ,85709-1110,Public       ,4485,5233,9718,4485,,5233,9718
00728300,CENTRAL ARIZONA COLLEGE                 ,AZ,85228-9779,Public       ,1014,1298,2312,1014,,1298,2312
00732911,ITT TECHNICAL INSTITUTE                 ,AZ,85282-9272,Proprietary  ,182,513,695,182,,513,695
00732990,ITT TECHNICAL INSTITUTE                 ,AZ,85704-5829,Proprietary  ,133,302,435,133,,302,435
00822100,UNIVERSAL TECHNICAL INSTITUTE           ,AZ,85323-7946,Proprietary  ,4913,2915,7828,4913,,2915,7828
00824600,DINÉ COLLEGE                            ,AZ,86556-0126,Public       ,163,298,461,163,,298,461
00830300,GATEWAY COMMUNITY COLLEGE               ,AZ,85034-1795,Public       ,1515,2600,4115,1515,,2600,4115
00830302,MARICOPA SKILL CENTER                   ,AZ,85034-0000,Public       ,156,413,569,156,,413,569
00830400,SCOTTSDALE COMMUNITY COLLEGE            ,AZ,85250-0000,Public       ,1866,1623,3489,1866,,1623,3489
00886400,ARIZONA ACADEMY OF BEAUTY               ,AZ,85712-5021,Proprietary  ,44,51,95,44,,51,95
01084700,ARIZONA AUTOMOTIVE INSTITUTE            ,AZ,85301-3503,Proprietary  ,86,248,334,86,,248,334
01085800,AVALON SCHOOL OF COSMETOLOGY            ,AZ,85210-4010,Proprietary  ,116,186,302,116,,186,302
01168900,REFRIGERATION SCHOOL                    ,AZ,85034-0000,Proprietary  ,24,202,226,24,,202,226
01180200,ARIZONA ACADEMY OF BEAUTY-NORTH         ,AZ,85705-2720,Proprietary  ,23,26,49,23,,26,49
01186200,NORTHLAND PIONEER COLLEGE               ,AZ,86025-0610,Public       ,175,503,678,175,,503,678
01186400,MOHAVE COMMUNITY COLLEGE                ,AZ,86409-1238,Public       ,389,1046,1435,389,,1046,1435
01218400,INTERNATIONAL ACAD OF HAIR DESIGN       ,AZ,85225-7198,Proprietary  ,13,35,48,13,,35,48
02065300,PRESCOTT COLLEGE                        ,AZ,86301-0000,Private      ,405,376,781,405,,376,781
02071200,KAPLAN COLLEGE                          ,AZ,85029-4349,Proprietary  ,65,330,395,65,,330,395
02098800,UNIVERSITY OF PHOENIX                   ,AZ,85040-0000,Proprietary  ,4004,61307,65311,4004,,61307,65311
02100500,UNIVERSAL TECHNICAL INSTITUTE           ,AZ,85027-0000,Proprietary  ,3188,3750,6938,3188,,3750,6938
02100600,CARRINGTON COLLEGE                      ,AZ,85015-4096,Proprietary  ,557,1364,1921,557,,1364,1921
02113800,ROBERTO-VENN SCH OF LUTHIERY            ,AZ,85040-0000,Proprietary  ,20,16,36,20,,16,36
02146600,SOUTH MOUNTAIN COMMUNITY COLLEGE        ,AZ,85040-0000,Public       ,1033,1294,2327,1033,,1294,2327
02160305,COLLINS COLLEGE                         ,AZ,85040-4000,Proprietary  ,51,120,171,51,,120,171
02160306,INTERNATIONAL ACADEMY OF DESIGN AND TECH,AZ,85281-6705,Proprietary  ,24,34,58,24,,34,58
02171500,WESTERN INTERNATIONAL UNIVERSITY        ,AZ,85021-0000,Proprietary  ,49,294,343,49,,294,343
02177500,RIO SALADO COMMUNITY COLLEGE            ,AZ,85281-6948,Public       ,1071,4780,5851,1071,,4780,5851
02199900,AMERICAN INDIAN CLG-ASSEMBLIES GOD      ,AZ,85021-0000,Private      ,28,41,69,28,,41,69
02217100,PIMA MEDICAL INSTITUTE                  ,AZ,85716-0000,Proprietary  ,930,2451,3381,930,,2451,3381
02218800,BROOKLINE COLLEGE                       ,AZ,85021-5815,Proprietary  ,117,532,649,117,,532,649
02218804,BROOKLINE COLLEGE - MESA                ,AZ,85204-4448,Proprietary  ,50,184,234,50,,184,234
02218805,BROOKLINE COLLEGE - TUCSON              ,AZ,85711-5444,Proprietary  ,73,235,308,73,,235,308
02263100,ANTHEM COLLEGE                          ,AZ,85014-0000,Proprietary  ,159,561,720,159,,561,720
02280500,CHARLES OF ITALY BEAUTY COLLEGE         ,AZ,86403-0000,Proprietary  ,7,27,34,7,,27,34
02295000,EVEREST COLLEGE                         ,AZ,85021-1610,Proprietary  ,223,1658,1881,223,,1658,1881
02295002,EVEREST COLLEGE - MESA                  ,AZ,85206-4704,Proprietary  ,59,395,454,59,,395,454
02317800,AMERICAN INSTITUTE OF TECHNOLOGY        ,AZ,85043-0000,Proprietary  ,72,180,252,72,,180,252
02491500,THE ART CENTER DESIGN COLLEGE           ,AZ,85716-0000,Proprietary  ,69,87,156,69,,87,156
02533200,FRANK LLOYD WRIGHT SCHOOL OF ARCHITECTUR,AZ,85261-4430,Private      ,9,24,33,9,,24,33
02559000,UNIVERSITY OF ADVANCING TECHNOLOGY      ,AZ,85283-0000,Proprietary  ,584,304,888,584,,304,888
02561900,BRILLARE HAIRDRESSING ACADEMY           ,AZ,85254-3301,Proprietary  ,14,26,40,14,,26,40
02582700,CORTIVA INSTITUTE - TUCSON              ,AZ,85710-3503,Proprietary  ,20,50,70,20,,50,70
02616700,LE CORDON BLEU COLLEGE OF CULINARY ARTS ,AZ,85251-2729,Proprietary  ,287,1193,1480,287,,1193,1480
02623600,PARADISE VALLEY COMMUNITY COLLEGE       ,AZ,85032-1210,Public       ,1509,1573,3082,1509,,1573,3082
02623800,CORTIVA INSTITUTE - SCOTTSDALE          ,AZ,85257-4218,Proprietary  ,7,30,37,7,,30,37
03005000,SAFFORD COLLEGE OF BEAUTY CULTURE       ,AZ,85546-3309,Proprietary  ,2,3,5,2,,3,5
03010613,VIRGINIA COLLEGE - GOLF ACADEMY OF ARIZO,AZ,85225-6742,Proprietary  ,7,28,35,7,,28,35
03030604,UTAH COLLEGE OF MASSAGE THERAPY - ARIZON,AZ,85282-0000,Proprietary  ,22,56,78,22,,56,78
03030605,UTAH COLLEGE OF MASSAGE THERAPY - ARIZON,AZ,85051-3470,Proprietary  ,31,73,104,31,,73,104
03034400,CONSERVATORY RECORDING ARTS & SCIS      ,AZ,85282-1707,Proprietary  ,263,269,532,263,,269,532
03072200,CHANDLER-GILBERT COMMUNITY COLLEGE      ,AZ,85225-2499,Public       ,2256,1972,4228,2256,,1972,4228
03076400,BRYMAN SCHOOL OF ARIZONA                ,AZ,85029-4919,Proprietary  ,52,192,244,52,,192,244
03097800,CARSTEN INSTITUTE OF HAIR & BEAUTY      ,AZ,85282-5404,Proprietary  ,28,68,96,28,,68,96
03100400,COCONINO COUNTY COMMUNITY COLLEGE       ,AZ,86001-0000,Public       ,881,798,1679,881,,798,1679
03107000,SOUTHWEST CLG OF NATUROPATHIC MED       ,AZ,85282-0000,Private      ,10,230,240,10,,230,240
03115000,ARIZONA COLLEGE OF ALLIED HEALTH        ,AZ,85302-3843,Proprietary  ,89,273,362,89,,273,362
03120300,COLLEGE AMERICA                         ,AZ,86004-3936,Proprietary  ,97,379,476,97,,379,476
03156300,ESTRELLA MOUNTAIN COMMUNITY COLLEGE     ,AZ,85392-1010,Public       ,1935,2354,4289,1935,,2354,4289
03347300,INTERNATIONAL BAPTIST COLLEGE           ,AZ,85282-6799,Private      ,15,9,24,15,,9,24
03445300,HDS TRUCK DRIVING INSTITUTE             ,AZ,85731-0000,Proprietary  ,9,36,45,9,,36,45
03478400,PHOENIX SEMINARY                        ,AZ,85018-7611,Private      ,2,72,74,2,,72,74
03572300,EAST VALLEY INSTITUTE OF TECHNOLOGY     ,AZ,85201-6910,Public       ,145,245,390,145,,245,390
03593300,SOUTHWEST INSTITUTE OF HEALING ARTS     ,AZ,85281-3658,Proprietary  ,48,546,594,48,,546,594
03617500,PHOENIX INSTITUTE OF HERBAL MEDICINE & A,AZ,85012-0000,Proprietary  ,29,143,172,29,,143,172
03695500,ARIZONA SCHOOL OF ACUPUNCTURE AND ORIENT,AZ,85712-1100,Proprietary  ,5,42,47,5,,42,47
03784400,TOHONO O'ODHAM COMMUNITY COLLEGE        ,AZ,85634-3129,Public       ,18,19,37,18,,19,37
03813300,NORTHCENTRAL UNIVERSITY                 ,AZ,86314-2336,Proprietary  ,44,2672,2716,44,,2672,2716
03814300,TURNING POINT BEAUTY COLLEGE            ,AZ,85222-4229,Proprietary  ,7,14,21,7,,14,21
04051300,ART INSTITUTE OF PHOENIX (THE)          ,AZ,85021-2859,Proprietary  ,2161,6567,8728,2161,,6567,8728
04051306,ART INSTITUTE OF PHOENIX (THE) - ART INS,AZ,85712-2732,Proprietary  ,223,221,444,223,,221,444
04051325,ART INSTITUTE OF PHOENIX (THE) - BROWN M,AZ,85712-5300,Proprietary  ,60,274,334,60,,274,334
04051327,ART INSTITUTE OF PHOENIX (THE) - BROWN M,AZ,85029-1348,Proprietary  ,82,153,235,82,,153,235
04059300,TUCSON COLLEGE OF BEAUTY                ,AZ,85705-2451,Proprietary  ,27,52,79,27,,52,79
04120900,ARIZONA CULINARY INSTITUTE              ,AZ,85259-4939,Proprietary  ,95,108,203,95,,108,203
04131400,PHOENIX SCHOOL OF LAW                   ,AZ,85012-3330,Proprietary  ,44,453,497,44,,453,497
04139200,UNIVERSAL BARBER COLLEGE                ,AZ,85007-3914,Proprietary  ,1,1,2,1,,1,2
04148700,AMERICAN INSTITUTE OF INTERIOR DESIGN   ,AZ,85268-3827,Proprietary  ,11,30,41,11,,30,41
04152900,STUDIO ACADEMY OF BEAUTY (THE)          ,AZ,85224-3600,Proprietary  ,29,54,83,29,,54,83
04157400,NATIONAL PARALEGAL COLLEGE              ,AZ,85014-1262,Proprietary  ,29,617,646,29,,617,646
04174100,PAUL MITCHELL THE SCHOOL PHOENIX        ,AZ,85017-1919,Proprietary  ,69,118,187,69,,118,187
04174200,ALL BEAUTY COLLEGE                      ,AZ,86426-8326,Proprietary  ,12,36,48,12,,36,48
04175300,PENROSE ACADEMY                         ,AZ,85254-4065,Proprietary  ,27,52,79,27,,52,79
04177500,PURE AESTHETICS                         ,AZ,85711-2328,Proprietary  ,13,34,47,13,,34,47
04191200,CLASSIC COOKING ACADEMY                 ,AZ,85255-8699,Private      ,4,7,11,4,,7,11
04194500,AVEDA INSTITUTE TUCSON                  ,AZ,85719-4876,Proprietary  ,66,104,170,66,,104,170
04217600,SESSIONS COLLEGE FOR PROFESSIONAL DESIGN,AZ,85281-2840,Proprietary  ,10,40,50,10,,40,50
04233100,ARIZONA SCHOOL OF INTEGRATIVE STUDIES   ,AZ,86324-3106,Proprietary  ,5,9,14,5,,9,14
04233101,ARIZONA SCHOOL OF INTEGRATIVE STUDIES - ,AZ,86001-5510,Proprietary  ,1,5,6,1,,5,6
04233102,ARIZONA SCHOOL OF INTEGRATIVE STUDIES - ,AZ,86303-4711,Proprietary  ,0,3,3,0,,3,3
04233103,ARIZONA SCHOOL OF INTEGRATIVE STUDIES - ,AZ,85705-8330,Proprietary  ,1,3,4,1,,3,4
00142800,DELAWARE STATE UNIVERSITY               ,DE,19901-2277,Public       ,6292,1348,7640,6292,,1348,7640
00142900,GOLDEY BEACOM COLLEGE                   ,DE,19808-1993,Private      ,360,173,533,360,,173,533
00143100,UNIVERSITY OF DELAWARE                  ,DE,19716-0099,Public       ,21527,1677,23204,21527,,1677,23204
00143300,WESLEY COLLEGE                          ,DE,19901-3875,Private      ,1741,352,2093,1741,,352,2093
00143301,WESLEY COLLEGE-CTR FOR ADULT STUDIE     ,DE,19720-0000,Private      ,1,0,1,1,,0,1
00331301,WIDENER UNIV SCHOOL OF LAW - DE         ,DE,19803-0000,Private      ,40,620,660,40,,620,660
00705300,DELAWARE TECH & CMTY COLLEGE-OWENS      ,DE,19947-0000,Public       ,1014,1025,2039,1014,,1025,2039
00794800,WILMINGTON UNIVERSITY                   ,DE,19720-6491,Private      ,1507,3322,4829,1507,,3322,4829
01172700,DELAWARE TECH & CMTY CLG-TERRY          ,DE,19901-8736,Public       ,901,896,1797,901,,896,1797
02125200,BEEBE SCHOOL OF NURSING                 ,DE,19958-1462,Private      ,36,41,77,36,,41,77
02144900,DELAWARE TECH & CMTY CLG-STANTN/WLM     ,DE,19801-0000,Public       ,1637,1462,3099,1637,,1462,3099
02190400,SCHILLING DOUGLAS SCH OF HAIR DSGN      ,DE,19711-0000,Proprietary  ,12,20,32,12,,20,32
02586902,STAR TECHNICAL INSTITUTE -              ,DE,19901-4615,Proprietary  ,12,35,47,12,,35,47
03025800,DAWN TRAINING CENTRE                    ,DE,19805-1511,Proprietary  ,22,156,178,22,,156,178
03543300,HARRIS SCHOOL OF BUSINESS               ,DE,19803-5341,Proprietary  ,22,56,78,22,,56,78
03702300,DELAWARE LEARNING INSTITUTE OF COSMETOLO,DE,19939-9759,Proprietary  ,16,25,41,16,,25,41
04130700,ACADEMY OF MASSAGE AND BODYWORK         ,DE,19701-1321,Proprietary  ,5,14,19,5,,14,19
04139800,DELAWARE COLLEGE OF ART & DESIGN        ,DE,19801-3007,Private      ,276,65,341,276,,65,341
04171100,DELAWARE ACADEMY PAUL MITCHELL PARTNER S,DE,19702-5108,Proprietary  ,23,32,55,23,,32,55
        ,FEDERAL STUDENT AID USE ONLY            ,DC,20202-0000,,0,1,1,0,,1,1
00143400,AMERICAN UNIVERSITY                     ,DC,20016-8020,Private      ,11378,6697,18075,11378,,6697,18075
00143700,CATHOLIC UNIVERSITY OF AMERICA          ,DC,20064-0002,Private      ,4657,1248,5905,4657,,1248,5905
00143711,"CATHOLIC UNIV AMERICA, LAW SCHOOL       ",DC,20064-0000,Private      ,70,736,806,70,,736,806
00144100,UNIV OF THE DISTRICT OF COLUMBIA        ,DC,20008-0000,Public       ,1482,2739,4221,1482,,2739,4221
00144102,UNIV OF THE DIST OF COLU -SCHOOL OF LAW ,DC,20008-1173,Public       ,32,480,512,32,,480,512
00144300,GALLAUDET UNIVERSITY                    ,DC,20002-3695,Private      ,558,623,1181,558,,623,1181
00144400,GEORGE WASHINGTON UNIVERSITY            ,DC,20052-2353,Private      ,12316,6569,18885,12316,,6569,18885
00144402,GEORGE WASHINGTON UNIV LAW SCHL         ,DC,20052-0000,Private      ,62,2948,3010,62,,2948,3010
00144403,GEORGE WASHINGTON UNIV SCH MED          ,DC,20052-0000,Private      ,84,1073,1157,84,,1073,1157
00144500,GEORGETOWN UNIVERSITY                   ,DC,20057-1252,Private      ,10939,2447,13386,10939,,2447,13386
00144501,"GEORGETOWN UNIV, SCH OF MEDICINE        ",DC,20007-0000,Private      ,73,998,1071,73,,998,1071
00144502,GEORGETOWN UNIVERSITY - GRADUATE SCHOOL ,DC,20057-0004,Private      ,47,2730,2777,47,,2730,2777
00144503,GEORGETOWN UNIV LAW CENTER              ,DC,20001-0000,Private      ,50,3768,3818,50,,3768,3818
00144800,HOWARD UNIVERSITY                       ,DC,20059-0001,Private      ,12644,5883,18527,12644,,5883,18527
00145900,STRAYER UNIVERSITY                      ,DC,20005-2603,Proprietary  ,412,9338,9750,412,,9338,9750
00146000,TRINITY UNIVERSITY                      ,DC,20017-1004,Private      ,1082,1336,2418,1082,,1336,2418
00146400,WESLEY THEOLOGICAL SEMINARY             ,DC,20016-0000,Private      ,1,147,148,1,,147,148
00207701,JOHNS HOPKINS UNIV SCH ADV INTL STU     ,DC,20036-0000,Private      ,75,1167,1242,75,,1167,1242
01006500,WASHINGTON THEOLOGICAL UNION            ,DC,20012-0000,Private      ,2,12,14,2,,12,14
01195000,THE CORCORAN COLLEGE OF ART & DESIG     ,DC,20006-4804,Private      ,241,177,418,241,,177,418
01280300,DOMINICAN HOUSE OF STUDIES              ,DC,20017-1584,Private      ,2,13,15,2,,13,15
02132800,NAT'L CONSERVATORY DRAMATIC ARTS        ,DC,20007-2758,Private      ,12,24,36,12,,24,36
03104300,CAREER BLAZERS LEARNING CENTER OF WASHIN,DC,20037-1881,Proprietary  ,9,51,60,9,,51,60
03218300,POTOMAC COLLEGE                         ,DC,20016-1860,Proprietary  ,36,134,170,36,,134,170
03409600,BENNETT CAREER INSTITUTE                ,DC,20017-1754,Proprietary  ,42,104,146,42,,104,146
03750300,TECHNICAL LEARNING CENTERS              ,DC,20006-3749,Proprietary  ,16,59,75,16,,59,75
04114400,INSTITUTE OF WORLD POLITICS (THE)       ,DC,20036-1464,Private      ,4,82,86,4,,82,86
04142700,PONTIFICAL JOHN PAUL II INSTITUTE FOR ST,DC,20064-0001,Private      ,1,11,12,1,,11,12
04190000,RADIANS COLLEGE                         ,DC,20005-3542,Proprietary  ,25,355,380,25,,355,380
04202500,GRADUATE SCHOOL                         ,DC,20024-2520,Private      ,1,20,21,1,,20,21
00154100,ABRAHAM BALDWIN AGRICULTURAL CLG        ,GA,31794-0000,Public       ,1195,490,1685,1195,,490,1685
00154200,AGNES SCOTT COLLEGE                     ,GA,30030-3770,Private      ,1141,243,1384,1141,,243,1384
00154300,DARTON COLLEGE                          ,GA,31707-3098,Public       ,1211,1694,2905,1211,,1694,2905
00154400,ALBANY STATE UNIVERSITY                 ,GA,31705-2796,Public       ,3084,1621,4705,3084,,1621,4705
00154500,ANDREW COLLEGE                          ,GA,39840-1395,Private      ,197,39,236,197,,39,236
00154600,ARMSTRONG ATLANTIC STATE UNIVERSITY     ,GA,31419-1997,Public       ,3549,2736,6285,3549,,2736,6285
00154700,POINT UNIVERSITY                        ,GA,30344-1999,Private      ,506,372,878,506,,372,878
00155200,AUGUSTA STATE UNIVERSITY                ,GA,30904-2200,Public       ,644,618,1262,644,,618,1262
00155400,BERRY COLLEGE                           ,GA,30149-5007,Private      ,2865,179,3044,2865,,179,3044
00155500,THOMAS UNIVERSITY                       ,GA,31792-7499,Private      ,183,401,584,183,,401,584
00155600,BRENAU UNIVERSITY                       ,GA,30501-3668,Private      ,1204,1333,2537,1204,,1333,2537
00155700,BREWTON PARKER COLLEGE                  ,GA,30445-0000,Private      ,215,56,271,215,,56,271
00155800,COLLEGE OF COASTAL GEORGIA              ,GA,31520-3644,Public       ,873,835,1708,873,,835,1708
00155900,CLARK ATLANTA UNIVERSITY                ,GA,30314-4385,Private      ,7364,2786,10150,7364,,2786,10150
00156000,COLUMBIA THEOLOGICAL SEMINARY           ,GA,30031-0000,Private      ,3,59,62,3,,59,62
00156100,COLUMBUS STATE UNIVERSITY               ,GA,31907-5645,Public       ,3473,2564,6037,3473,,2564,6037
00156200,GEORGIA PERIMETER COLLEGE               ,GA,30021-0000,Public       ,5583,7576,13159,5583,,7576,13159
00156300,EMMANUEL COLLEGE                        ,GA,30639-0000,Private      ,452,70,522,452,,70,522
00156400,EMORY UNIVERSITY                        ,GA,30322-1960,Private      ,11294,6651,17945,11294,,6651,17945
00156600,FORT VALLEY STATE UNIVERSITY            ,GA,31030-3298,Public       ,1956,925,2881,1956,,925,2881
00156800,INTERDENOMINATIONAL THEOLOGY CENTER     ,GA,30314-0000,Private      ,4,156,160,4,,156,160
00156900,GEORGIA INSTITUTE OF TECHNOLOGY         ,GA,30332-0325,Public       ,16650,3101,19751,16650,,3101,19751
00157000,SOUTHERN POLYTECHNIC STATE UNIV         ,GA,30060-2896,Public       ,3447,2234,5681,3447,,2234,5681
00157100,GEORGIA MILITARY COLLEGE                ,GA,31061-3398,Public       ,1615,1975,3590,1615,,1975,3590
00157200,GEORGIA SOUTHERN UNIVERSITY             ,GA,30460-8065,Public       ,11974,3029,15003,11974,,3029,15003
00157300,GEORGIA SOUTHWESTERN STATE UNIV         ,GA,31709-4693,Public       ,1321,732,2053,1321,,732,2053
00157400,GEORGIA STATE UNIVERSITY                ,GA,30303-3010,Public       ,18157,11984,30141,18157,,11984,30141
00157500,GORDON COLLEGE                          ,GA,30204-1762,Public       ,1482,860,2342,1482,,860,2342
00157700,KENNESAW STATE UNIVERSITY               ,GA,30144-5591,Public       ,13141,6228,19369,13141,,6228,19369
00157800,LAGRANGE COLLEGE                        ,GA,30240-2999,Private      ,940,228,1168,940,,228,1168
00157900,GEORGIA REGENTS UNIVERSITY              ,GA,30912-0004,Public       ,2030,2672,4702,2030,,2672,4702
00158000,MERCER UNIVERSITY                       ,GA,31207-0003,Private      ,4059,3407,7466,4059,,3407,7466
00158100,MIDDLE GEORGIA STATE COLLEGE            ,GA,31014-1599,Public       ,1852,1487,3339,1852,,1487,3339
00158103,MIDDLE GEORGIA STATE COLLEGE - MACON CAM,GA,31206-5145,Public       ,448,487,935,448,,487,935
00158200,MOREHOUSE COLLEGE                       ,GA,30314-3773,Private      ,2948,708,3656,2948,,708,3656
00158500,UNIVERSITY OF NORTH GEORGIA             ,GA,30597-0001,Public       ,6266,2053,8319,6266,,2053,8319
00158600,OGLETHORPE UNIVERSITY                   ,GA,30319-2737,Private      ,1626,295,1921,1626,,295,1921
00158700,PAINE COLLEGE                           ,GA,30901-3182,Private      ,633,335,968,633,,335,968
00158800,PIEDMONT COLLEGE                        ,GA,30535-5644,Private      ,656,500,1156,656,,500,1156
00158900,REINHARDT UNIVERSITY                    ,GA,30183-2981,Private      ,860,225,1085,860,,225,1085
00159000,SAVANNAH STATE UNIVERSITY               ,GA,31404-5298,Public       ,4075,1471,5546,4075,,1471,5546
00159100,SHORTER UNIVERSITY                      ,GA,30165-4298,Private      ,1032,810,1842,1032,,810,1842
00159200,SOUTH GEORGIA COLLEGE                   ,GA,31533-8104,Public       ,459,323,782,459,,323,782
00159203,SOUTH GEORGIA STATE COLLEGE - WAYCROSS C,GA,31503-0110,Public       ,220,240,460,220,,240,460
00159400,SPELMAN COLLEGE                         ,GA,30314-4399,Private      ,4723,888,5611,4723,,888,5611
00159600,TOCCOA FALLS COLLEGE                    ,GA,30598-0001,Private      ,447,97,544,447,,97,544
00159700,TRUETT MCCONNELL COLLEGE                ,GA,30528-1264,Private      ,395,90,485,395,,90,485
00159800,UNIVERSITY OF GEORGIA                   ,GA,30602-6114,Public       ,19247,5418,24665,19247,,5418,24665
00159900,VALDOSTA STATE UNIVERSITY               ,GA,31698-0001,Public       ,6052,2330,8382,6052,,2330,8382
00160000,WESLEYAN COLLEGE                        ,GA,31210-4407,Private      ,339,254,593,339,,254,593
00160100,UNIV OF WEST GEORGIA                    ,GA,30118-0002,Public       ,6533,2385,8918,6533,,2385,8918
00160200,GEORGIA COLLEGE & STATE UNIVERSITY      ,GA,31061-0490,Public       ,4312,832,5144,4312,,832,5144
00160400,YOUNG HARRIS COLLEGE                    ,GA,30582-4137,Private      ,913,85,998,913,,85,998
00348400,COVENANT COLLEGE                        ,GA,30750-4164,Private      ,1074,72,1146,1074,,72,1146
00395600,DALTON STATE COLLEGE                    ,GA,30720-3797,Public       ,1768,1238,3006,1768,,1238,3006
00402400,GEORGIA NORTHWESTERN TECHNICAL COLLEGE  ,GA,30161-6757,Public       ,764,1701,2465,764,,1701,2465
00411700,GRADY HEALTH SYSTEM                     ,GA,30303-3050,Public       ,83,362,445,83,,362,445
00489808,MCCANN SCHOOL OF BUSINESS & TECHNOLOGY -,GA,31210-0246,Proprietary  ,15,47,62,15,,47,62
00525400,LANIER TECHNICAL COLLEGE                ,GA,30566-3499,Public       ,478,1040,1518,478,,1040,1518
00525500,MOULTRIE TECHNICAL COLLEGE              ,GA,31768-0000,Public       ,130,456,586,130,,456,586
00525600,WIREGRASS GEORGIA TECHNICAL COLLEGE     ,GA,31602-0929,Public       ,358,1115,1473,358,,1115,1473
00551100,OKEFENOKEE TECHNICAL COLLEGE            ,GA,31501-4016,Public       ,102,310,412,102,,310,412
00559900,AUGUSTA TECHNICAL COLLEGE               ,GA,30906-3399,Public       ,584,1563,2147,584,,1563,2147
00560000,ATHENS TECHNICAL COLLEGE                ,GA,30601-1579,Public       ,769,1432,2201,769,,1432,2201
00560100,ALBANY TECHNICAL COLLEGE                ,GA,31701-2648,Public       ,355,1227,1582,355,,1227,1582
00561500,SOUTHWEST GEORGIA TECHNICAL COLLEGE     ,GA,31792-2622,Public       ,205,477,682,205,,477,682
00561700,SOUTH GEORGIA TECHNICAL COLLEGE         ,GA,31709-8167,Public       ,186,285,471,186,,285,471
00561800,SAVANNAH TECHNICAL COLLEGE              ,GA,31405-5594,Public       ,697,2501,3198,697,,2501,3198
00561900,NORTH GEORGIA TECHNICAL COLLEGE         ,GA,30523-0000,Public       ,479,789,1268,479,,789,1268
00562000,CHATTAHOOCHEE TECHNICAL COLLEGE         ,GA,30060-3398,Public       ,1561,3133,4694,1561,,3133,4694
00562100,SOUTHERN CRESCENT TECHNICAL COLLEGE     ,GA,30223-2097,Public       ,530,1593,2123,530,,1593,2123
00562200,DEKALB TECHNICAL COLLEGE                ,GA,30021-0000,Public       ,438,2043,2481,438,,2043,2481
00562400,COLUMBUS TECHNICAL COLLEGE              ,GA,31904-6572,Public       ,572,1329,1901,572,,1329,1901
00576300,CENTRAL GEORGIA TECHNICAL COLLEGE       ,GA,31206-3628,Public       ,677,1913,2590,677,,1913,2590
00854300,ATLANTA TECHNICAL COLLEGE               ,GA,30310-4499,Public       ,973,4123,5096,973,,4123,5096
00897600,CLAYTON STATE UNIVERSITY                ,GA,30260-0285,Public       ,2759,3412,6171,2759,,3412,6171
00927000,ART INSTITUTE OF ATLANTA (THE)          ,GA,30328-1649,Proprietary  ,3230,2318,5548,3230,,2318,5548
00950700,GEORGIA HIGHLANDS COLLEGE               ,GA,30162-0000,Public       ,1525,1205,2730,1525,,1205,2730
01031903,MEDIX SCHOOL                            ,GA,30080-7630,Proprietary  ,34,196,230,34,,196,230
01048700,WEST GEORGIA TECHNICAL COLLEGE          ,GA,30182-6476,Public       ,1101,2064,3165,1101,,2064,3165
01077100,GUPTON JONES COLLEGE                    ,GA,30035-4022,Private      ,64,136,200,64,,136,200
01099700,EAST GEORGIA COLLEGE                    ,GA,30401-2699,Public       ,1101,435,1536,1101,,435,1536
01107400,BAINBRIDGE COLLEGE                      ,GA,39819-8400,Public       ,312,690,1002,312,,690,1002
01110901,EVEREST COLLEGE - EVEREST INSTITUTE     ,GA,30067-8340,Proprietary  ,42,226,268,42,,226,268
01110902,EVEREST COLLEGE - ATLANTA               ,GA,30331-2620,Proprietary  ,107,455,562,107,,455,562
01112301,EVEREST COLLEGE - EVEREST INSTITUTE- NOR,GA,30093-2813,Proprietary  ,37,231,268,37,,231,268
01157400,BAUDER COLLEGE                          ,GA,30313-2439,Proprietary  ,146,631,777,146,,631,777
01205100,PRO WAY HAIR SCHOOL                     ,GA,30083-2884,Proprietary  ,19,55,74,19,,55,74
01216500,ATLANTA METROPOLITAN COLLEGE            ,GA,30310-4498,Public       ,1284,2691,3975,1284,,2691,3975
01246109,LINCOLN COLLEGE OF TECHNOLOGY - MARIETTA,GA,30067-8638,Proprietary  ,32,161,193,32,,161,193
01303900,SOUTH UNIVERSITY                        ,GA,31406-4881,Proprietary  ,813,4859,5672,813,,4859,5672
02060900,BROWN CLG OF COURT REPORTING & M.T.     ,GA,30318-2570,Proprietary  ,13,142,155,13,,142,155
02074800,LIFE UNIVERSITY                         ,GA,30060-0000,Private      ,329,1827,2156,329,,1827,2156
02113613,AMERICAN INTERCONTINENTAL UNIVERSITY    ,GA,30328-1649,Proprietary  ,268,951,1219,268,,951,1219
02116000,SANFORD-BROWN COLLEGE                   ,GA,30328-4803,Proprietary  ,79,352,431,79,,352,431
02141500,SAVANNAH COLLEGE OF ART & DESIGN        ,GA,31402-3146,Private      ,7172,2041,9213,7172,,2041,9213
02202800,AUGUSTA AREA DIET INTERN UNIV HOSP      ,GA,30901-0000,Private      ,8,34,42,8,,34,42
02217200,PORTFOLIO CENTER                        ,GA,30309-0000,Proprietary  ,14,43,57,14,,43,57
02266200,AMERICAN PROFESSIONAL INSTITUTE         ,GA,31201-3185,Private      ,15,61,76,15,,61,76
02284300,INTERACTIVE COLLEGE OF TECHNOLOGY       ,GA,30341-0000,Proprietary  ,21,207,228,21,,207,228
02284308,INTERACTIVE LEARNING SYSTEMS            ,GA,30260-0000,Proprietary  ,7,38,45,7,,38,45
02284309,INTERACTIVE COLLEGE OF TECHNOLOGY       ,GA,30501-0000,Proprietary  ,15,68,83,15,,68,83
02285500,"CREATIVE CIRCUS, THE                    ",GA,30324-0000,Proprietary  ,31,109,140,31,,109,140
02288400,GWINNETT TECHNICAL COLLEGE              ,GA,30043-5702,Public       ,1210,2846,4056,1210,,2846,4056
02313902,WESTWOOD COLLEGE - O'HARE AIRPORT - ATLA,GA,30345-2807,Proprietary  ,45,248,293,45,,248,293
02321400,ROFFLER-MOLER HAIRSTYLING COLLEGE       ,GA,30062-0000,Proprietary  ,8,44,52,8,,44,52
02482100,MOREHOUSE SCHOOL OF MEDICINE            ,GA,30310-0000,Private      ,104,578,682,104,,578,682
02520000,INTERNATIONAL SCH SKIN & NAILCARE       ,GA,30342-1119,Proprietary  ,28,147,175,28,,147,175
02559315,(UNITED EDUCATION INSTITUTE) - UEI MORRO,GA,30260-2941,Proprietary  ,13,74,87,13,,74,87
02577000,PAUL MITCHELL THE SCHOOL - ESANI        ,GA,30076-1507,Proprietary  ,33,78,111,33,,78,111
02577700,BEAUTY COLLEGE OF AMERICA               ,GA,30297-0000,Proprietary  ,9,44,53,9,,44,53
02580100,IVERSON INSTITUTE                       ,GA,30341-3662,Proprietary  ,5,35,40,5,,35,40
02580200,ATLANTA SCHOOL OF MASSAGE               ,GA,30338-0000,Proprietary  ,39,219,258,39,,219,258
02583000,GWINNETT COLLEGE OF BUSINESS            ,GA,30047-3447,Proprietary  ,37,162,199,37,,162,199
02614206,MILLER - MOTTE TECHNICAL COLLEGE - COLUM,GA,31907-3222,Proprietary  ,60,290,350,60,,290,350
02614207,MILLER - MOTTE TECHNICAL COLLEGE - AUGUS,GA,30907-0921,Proprietary  ,57,254,311,57,,254,311
03005400,GEORGIA CAREER INSTITUTE                ,GA,30013-2076,Proprietary  ,48,146,194,48,,146,194
03010619,VIRGINIA COLLEGE - AUGUSTA              ,GA,30909-5515,Proprietary  ,71,383,454,71,,383,454
03010623,VIRGINIA COLLEGE - MACON                ,GA,31206-3180,Proprietary  ,58,240,298,58,,240,298
03022601,WESTERN CULINARY INSTITUTE - LE CORDON B,GA,30084-5893,Proprietary  ,184,395,579,184,,395,579
03030000,OGEECHEE TECHNICAL COLLEGE              ,GA,30458-8049,Public       ,367,830,1197,367,,830,1197
03032100,ALTAMAHA TECHNICAL COLLEGE              ,GA,31545-4465,Public       ,116,354,470,116,,354,470
03042700,LAURUSTECHNICAL INSTITUTE               ,GA,30030-1506,Proprietary  ,20,166,186,20,,166,186
03066500,SOUTHEASTERN TECHNICAL COLLEGE          ,GA,30474-8817,Public       ,137,424,561,137,,424,561
03072304,EVEREST COLLEGE - EVEREST INSTITUTE     ,GA,30236-0000,Proprietary  ,34,194,228,34,,194,228
03076300,BEULAH HEIGHTS BIBLE COLLEGE            ,GA,30316-1873,Private      ,16,222,238,16,,222,238
03079202,WESTWOOD COLLEGE - ATLANTA MIDTOWN      ,GA,30309-2848,Proprietary  ,138,447,585,138,,447,585
03081500,SOUTHEASTERN BEAUTY SCHOOL              ,GA,31917-0000,Proprietary  ,22,55,77,22,,55,77
03089100,GEORGIA INSTITUTE OF COSMETOLOGY        ,GA,30606-3152,Proprietary  ,70,96,166,70,,96,166
03090600,COBB BEAUTY COLLEGE                     ,GA,30144-2828,Proprietary  ,16,55,71,16,,55,71
03100900,LUTHER RICE UNIVERSITY                  ,GA,30038-2454,Private      ,13,367,380,13,,367,380
03102000,RIVERTOWN SCHOOL OF BEAUTY              ,GA,31904-4747,Proprietary  ,29,64,93,29,,64,93
03104500,ATLANTA INSTITUTE OF MUSIC              ,GA,30096-4988,Proprietary  ,120,146,266,120,,146,266
03116100,VOGUE BEAUTY AND BARBER SCHOOL          ,GA,30141-2226,Proprietary  ,23,72,95,23,,72,95
03155500,OCONEE FALL LINE TECHNICAL COLLEGE      ,GA,31082-6179,Public       ,112,317,429,112,,317,429
03173300,ATLANTA'S JOHN MARSHALL LAW SCHOOL      ,GA,30309-0000,Proprietary  ,35,585,620,35,,585,620
03418300,GWINNETT COLLEGE-SANDY SPRINGS          ,GA,30328-3161,Proprietary  ,48,123,171,48,,123,171
03445500,FAYETTE BEAUTY ACADEMY                  ,GA,30214-1191,Proprietary  ,5,43,48,5,,43,48
03523300,AVIATION INSTITUTE OF MAINTENANCE       ,GA,30045-0000,Proprietary  ,32,158,190,32,,158,190
03635300,CARVER BIBLE COLLEGE                    ,GA,30331-1300,Private      ,58,97,155,58,,97,155
03748300,KEVOSNIK SCHOOL OF HAIR DESIGN          ,GA,31021-0000,Proprietary  ,2,14,16,2,,14,16
03804400,MEDTECH INSTITUTE                       ,GA,30339-6040,Proprietary  ,61,272,333,61,,272,333
03812300,OMNITECH INSTITUTE                      ,GA,30035-1206,Proprietary  ,14,86,100,14,,86,100
04021300,AUGUSTA SCHOOL OF MASSAGE               ,GA,30809-0000,Proprietary  ,5,26,31,5,,26,31
04051331,ART INSTITUTE OF PHOENIX (THE) - BROWN M,GA,30319-3054,Proprietary  ,88,201,289,88,,201,289
04142900,GEORGIA GWINNETT COLLEGE                ,GA,30043-7409,Public       ,4076,2588,6664,4076,,2588,6664
04147000,PAUL MITCHELL THE SCHOOL ATLANTA        ,GA,30318-5241,Proprietary  ,116,226,342,116,,226,342
04147700,LAKE LANIER SCHOOL OF MASSAGE           ,GA,30501-4546,Proprietary  ,4,40,44,4,,40,44
04149900,PROFILE INSTITUTE OF BARBER-STYLING     ,GA,30315-8459,Proprietary  ,13,70,83,13,,70,83
04150900,PROCESS INSTITUTE OF COSMETOLOGY (THE)  ,GA,30043-7344,Proprietary  ,29,64,93,29,,64,93
04152300,GEORGIA BEAUTY ACADEMY                  ,GA,30721-3952,Proprietary  ,23,50,73,23,,50,73
04156500,GEORGIA CHRISTIAN UNIVERSITY            ,GA,30047-3778,Private      ,18,39,57,18,,39,57
04160200,ATLANTA BEAUTY ACADEMY                  ,GA,30340-1334,Proprietary  ,36,93,129,36,,93,129
04203800,WOODRUFF MEDICAL TRAINING AND TESTING   ,GA,30033-6103,Proprietary  ,13,61,74,13,,61,74
04204500,ELAINE STERLING INSTITUTE(THE)          ,GA,30342-2633,Proprietary  ,12,39,51,12,,39,51
04206400,HELMS COLLEGE                           ,GA,31206-5309,Private      ,29,85,114,29,,85,114
04206600,SAE INSTITUTE OF TECHNOLOGY - ATLANTA   ,GA,30303-1736,Proprietary  ,91,226,317,91,,226,317
04208000,TECHNOLOGY CENTER                       ,GA,30071-3519,Proprietary  ,7,45,52,7,,45,52
04218000,UNITED MEDICAL AND BUSINESS INSTITUTE   ,GA,30344-6977,Proprietary  ,9,46,55,9,,46,55
04221100,NEW HORIZONS MEDICAL INSTITUTE          ,GA,30071-2965,Proprietary  ,27,171,198,27,,171,198
00149911,EVEREST COLLEGE - MERRIONETTE PARK      ,IL,60803-4517,Proprietary  ,64,193,257,64,,193,257
00162800,AMERICAN ACADEMY OF ART                 ,IL,60604-4302,Proprietary  ,745,238,983,745,,238,983
00163300,AUGUSTANA COLLEGE                       ,IL,61201-2296,Private      ,4675,209,4884,4675,,209,4884
00163400,AURORA UNIVERSITY                       ,IL,60506-4892,Private      ,3683,2111,5794,3683,,2111,5794
00163600,SOUTHWESTERN ILLINOIS COLLEGE           ,IL,62221-5899,Public       ,2414,2758,5172,2414,,2758,5172
00163800,BLACK HAWK COLLEGE                      ,IL,61265-5899,Public       ,1651,1273,2924,1651,,1273,2924
00163900,BLACKBURN COLLEGE                       ,IL,62626-1498,Private      ,776,141,917,776,,141,917
00164000,PRAIRIE STATE COLLEGE                   ,IL,60411-8226,Public       ,2112,2646,4758,2112,,2646,4758
00164100,BRADLEY UNIVERSITY                      ,IL,61625-0002,Private      ,7527,826,8353,7527,,826,8353
00164300,SPOON RIVER COLLEGE                     ,IL,61520-8907,Public       ,580,511,1091,580,,511,1091
00164700,CITY COLLEGES OF CHICAGO                ,IL,60606-6998,Public       ,2661,3241,5902,2661,,3241,5902
00164800,TRUMAN COLLEGE                          ,IL,60640-5691,Public       ,2384,3318,5702,2384,,3318,5702
00164900,RICHARD J DALEY COLLEGE                 ,IL,60652-1299,Public       ,2925,2795,5720,2925,,2795,5720
00165000,CITY COLLEGES OF CHICAGO-MALCOLM X      ,IL,60612-3197,Public       ,3386,5008,8394,3386,,5008,8394
00165200,HAROLD WASHINGTON COLLEGE               ,IL,60601-2403,Public       ,6662,5411,12073,6662,,5411,12073
00165400,KENNEDY KING COLLEGE                    ,IL,60621-3798,Public       ,2064,4209,6273,2064,,4209,6273
00165500,WRIGHT COLLEGE                          ,IL,60634-1591,Public       ,4579,3672,8251,4579,,3672,8251
00165700,MIDWESTERN UNIVERSITY                   ,IL,60515-1200,Private      ,113,2450,2563,113,,2450,2563
00165900,ROSALIND FRANKLIN UNIVERSITY OF MEDICINE,IL,60064-3095,Private      ,75,1809,1884,75,,1809,1884
00166100,CHICAGO THEOLOGICAL SEMINARY            ,IL,60637-0000,Private      ,22,163,185,22,,163,185
00166300,SPERTUS COLLEGE                         ,IL,60605-1995,Private      ,4,36,40,4,,36,40
00166400,UNIVERSITY OF ST FRANCIS                ,IL,60435-6188,Private      ,1798,1222,3020,1798,,1222,3020
00166500,COLUMBIA COLLEGE                        ,IL,60605-1996,Private      ,11869,3449,15318,11869,,3449,15318
00166600,CONCORDIA UNIVERSITY                    ,IL,60305-1499,Private      ,2582,1682,4264,2582,,1682,4264
00166900,DANVILLE AREA COMMUNITY COLLEGE         ,IL,61832-5199,Public       ,615,587,1202,615,,587,1202
00167100,DEPAUL UNIVERSITY                       ,IL,60604-2287,Private      ,21906,11122,33028,21906,,11122,33028
00167400,EASTERN ILLINOIS UNIVERSITY             ,IL,61920-3099,Public       ,9651,2564,12215,9651,,2564,12215
00167500,ELGIN COMMUNITY COLLEGE                 ,IL,60123-7193,Public       ,2664,1898,4562,2664,,1898,4562
00167600,ELMHURST COLLEGE                        ,IL,60126-3296,Private      ,3761,950,4711,3761,,950,4711
00167800,EUREKA COLLEGE                          ,IL,61530-9976,Private      ,966,160,1126,966,,160,1126
00168100,HIGHLAND COMMUNITY COLLEGE              ,IL,61032-9341,Public       ,541,422,963,541,,422,963
00168200,GARRETT-EVANGELICAL THEOLOGICAL SEM     ,IL,60201-0000,Private      ,1,111,112,1,,111,112
00168400,GREENVILLE COLLEGE                      ,IL,62246-1199,Private      ,1531,316,1847,1531,,316,1847
00168500,HEBREW THEOLOGICAL COLLEGE              ,IL,60077-3263,Private      ,291,18,309,291,,18,309
00168800,ILLINOIS COLLEGE                        ,IL,62650-2299,Private      ,1867,175,2042,1867,,175,2042
00168900,ILLINOIS COLLEGE OF OPTOMETRY           ,IL,60616-3878,Private      ,30,533,563,30,,533,563
00169100,ILLINOIS INSTITUTE OF TECHNOLOGY        ,IL,60616-0000,Private      ,3364,1670,5034,3364,,1670,5034
00169103,CHICAGO KENT COLLEGE OF LAW             ,IL,60661-0000,Private      ,57,1044,1101,57,,1044,1101
00169200,ILLINOIS STATE UNIVERSITY               ,IL,61790-1000,Public       ,21264,3605,24869,21264,,3605,24869
00169300,NORTHEASTERN ILLINOIS UNIV              ,IL,60625-4699,Public       ,6479,5285,11764,6479,,5285,11764
00169400,CHICAGO STATE UNIVERSITY                ,IL,60628-1598,Public       ,5146,7347,12493,5146,,7347,12493
00169600,ILLINOIS WESLEYAN UNIVERSITY            ,IL,61701-0000,Private      ,3196,163,3359,3196,,163,3359
00169800,JOHN MARSHALL LAW SCHOOL                ,IL,60604-0000,Private      ,72,1411,1483,72,,1411,1483
00169900,JOLIET JUNIOR COLLEGE                   ,IL,60431-8938,Public       ,4939,3174,8113,4939,,3174,8113
00170000,JUDSON UNIVERSITY                       ,IL,60123-1498,Private      ,1003,520,1523,1003,,520,1523
00170100,KASKASKIA COLLEGE                       ,IL,62801-7878,Public       ,943,739,1682,943,,739,1682
00170300,KENDALL COLLEGE                         ,IL,60622-4278,Proprietary  ,749,1045,1794,749,,1045,1794
00170400,KNOX COLLEGE                            ,IL,61401-4999,Private      ,2598,133,2731,2598,,133,2731
00170500,ILLINOIS VALLEY COMMUNITY COLLEGE       ,IL,61348-9692,Public       ,1076,845,1921,1076,,845,1921
00170600,LAKE FOREST COLLEGE                     ,IL,60045-2399,Private      ,2291,180,2471,2291,,180,2471
00170700,LEWIS UNIVERSITY                        ,IL,60446-2200,Private      ,5286,2025,7311,5286,,2025,7311
00170800,LINCOLN CHRISTIAN UNIVERSITY            ,IL,62656-2167,Private      ,346,375,721,346,,375,721
00170900,LINCOLN COLLEGE                         ,IL,62656-1699,Private      ,1136,481,1617,1136,,481,1617
00171000,LOYOLA UNIVERSITY CHICAGO               ,IL,60626-0000,Private      ,17865,8031,25896,17865,,8031,25896
00171200,LUTHERAN SCHOOL OF THEOL AT CHICAGO     ,IL,60615-0000,Private      ,1,53,54,1,,53,54
00171600,MACCORMAC COLLEGE                       ,IL,60602-4405,Private      ,52,167,219,52,,167,219
00171700,MACMURRAY COLLEGE                       ,IL,62650-2590,Private      ,789,211,1000,789,,211,1000
00172100,MCCORMICK THEOLOGICAL SEMINARY          ,IL,60615-5108,Private      ,5,57,62,5,,57,62
00172200,MCKENDREE UNIVERSITY                    ,IL,62254-1299,Private      ,1844,805,2649,1844,,805,2649
00172300,MEADVILLE LOMBARD THEOLOGICAL SCHOOL    ,IL,60637-1602,Private      ,1,75,76,1,,75,76
00172400,MILLIKIN UNIVERSITY                     ,IL,62522-2084,Private      ,2952,610,3562,2952,,610,3562
00172500,MONMOUTH COLLEGE                        ,IL,61462-1963,Private      ,2357,151,2508,2357,,151,2508
00172700,MOODY BIBLE INSTITUTE                   ,IL,60610-3214,Private      ,1213,773,1986,1213,,773,1986
00172800,MORTON COLLEGE                          ,IL,60804-4398,Public       ,1727,1043,2770,1727,,1043,2770
00173200,NATIONAL UNIV OF HEALTH SCIENCES        ,IL,60148-4583,Private      ,30,351,381,30,,351,381
00173300,NATIONAL-LOUIS UNIVERSITY               ,IL,60603-3032,Private      ,413,2907,3320,413,,2907,3320
00173400,NORTH CENTRAL COLLEGE                   ,IL,60540-4690,Private      ,4382,605,4987,4382,,605,4987
00173500,NORTH PARK UNIVERSITY                   ,IL,60625-4895,Private      ,2879,1198,4077,2879,,1198,4077
00173600,NORTHERN BAPTIST THEOL SEMINARY         ,IL,60148-0000,Private      ,3,24,27,3,,24,27
00173700,NORTHERN ILLINOIS UNIVERSITY            ,IL,60115-2854,Public       ,20997,6895,27892,20997,,6895,27892
00173900,NORTHWESTERN UNIV                       ,IL,60208-0001,Private      ,18927,6493,25420,18927,,6493,25420
00174100,OLIVET NAZARENE UNIVERSITY              ,IL,60914-2271,Private      ,3911,1376,5287,3911,,1376,5287
00174200,IL EASTERN COMM COLGS-OLNEY CENTRAL     ,IL,62450-1099,Public       ,439,308,747,439,,308,747
00174500,QUINCY UNIVERSITY                       ,IL,62301-2699,Private      ,1421,349,1770,1421,,349,1770
00174600,ROBERT MORRIS UNIVERSITY ILLINOIS       ,IL,60605-1225,Private      ,4705,3411,8116,4705,,3411,8116
00174700,ROCK VALLEY COLLEGE                     ,IL,61114-5699,Public       ,2364,2281,4645,2364,,2281,4645
00174800,ROCKFORD UNIVERSITY                     ,IL,61108-2393,Private      ,1341,797,2138,1341,,797,2138
00174900,ROOSEVELT UNIVERSITY                    ,IL,60605-1394,Private      ,5953,4734,10687,5953,,4734,10687
00175000,DOMINICAN UNIVERSITY                    ,IL,60305-1066,Private      ,3553,1081,4634,3553,,1081,4634
00175200,SAUK VALLEY COMMUNITY COLLEGE           ,IL,61021-9112,Public       ,658,521,1179,658,,521,1179
00175300,SCHOOL OF ART INSTITUTE OF CHICAGO      ,IL,60603-3013,Private      ,3772,1789,5561,3772,,1789,5561
00175600,SHIMER COLLEGE                          ,IL,60616-3893,Private      ,70,39,109,70,,39,109
00175700,SOUTHEASTERN ILLINOIS COLLEGE           ,IL,62946-4925,Public       ,485,395,880,485,,395,880
00175800,SOUTHERN ILL UNIV-CARBONDALE            ,IL,62901-0000,Public       ,16026,5237,21263,16026,,5237,21263
00175900,SOUTHERN ILL UNIV-EDWARDSVILLE          ,IL,62026-1060,Public       ,11805,3719,15524,11805,,3719,15524
00175924,SO IL UNIV-SCHL OF DENTAL MEDICINE      ,IL,62002-0000,Public       ,7,106,113,7,,106,113
00176500,UNIVERSITY OF ST MARY OF THE LAKE       ,IL,60060-0000,Private      ,5,8,13,5,,8,13
00176700,BENEDICTINE UNIVERSITY                  ,IL,60532-0900,Private      ,3569,2233,5802,3569,,2233,5802
00176800,ST XAVIER UNIVERSITY                    ,IL,60655-3199,Private      ,6551,2217,8768,6551,,2217,8768
00176900,SOUTH SUBURBAN COLLEGE                  ,IL,60473-9978,Public       ,1948,2829,4777,1948,,2829,4777
00177100,TRINITY CHRISTIAN COLLEGE               ,IL,60463-0929,Private      ,1226,588,1814,1226,,588,1814
00177200,TRINITY INTERNATIONAL UNIVERSITY        ,IL,60015-1283,Private      ,743,559,1302,743,,559,1302
00177300,TRITON COLLEGE                          ,IL,60171-1995,Public       ,3073,2522,5595,3073,,2522,5595
00177400,UNIVERSITY OF CHICAGO                   ,IL,60637-1476,Private      ,17027,2981,20008,17027,,2981,20008
00177401,UNIV OF CHICAGO PRITZKER SCH OF MED     ,IL,60637-0000,Private      ,63,442,505,63,,442,505
00177403,"UNIV OF CHICAGO, BOOTH SCH OF BUS       ",IL,60637-0000,Private      ,125,493,618,125,,493,618
00177405,UNIVERSITY OF CHICAGO GRADUATE          ,IL,60637-0000,Private      ,122,3300,3422,122,,3300,3422
00177500,UNIV OF ILLINOIS @ URBANA-CHAMPAIGN     ,IL,61820-5796,Public       ,30999,6500,37499,30999,,6500,37499
00177600,UNIV OF ILLINOIS AT CHICAGO             ,IL,60607-0000,Public       ,24945,13312,38257,24945,,13312,38257
00177800,VANDERCOOK COLLEGE OF MUSIC             ,IL,60616-3731,Private      ,155,69,224,155,,69,224
00177900,IL EASTERN COMM COLGS-WABASH VALLEY     ,IL,62863-2699,Public       ,347,166,513,347,,166,513
00178000,WESTERN ILLINOIS UNIVERSITY             ,IL,61455-1390,Public       ,11730,3294,15024,11730,,3294,15024
00178100,WHEATON COLLEGE                         ,IL,60187-5535,Private      ,2546,304,2850,2546,,304,2850
00178300,WORSHAM COLLEGE OF MORTUARY SCIENCE     ,IL,60090-2646,Proprietary  ,40,84,124,40,,84,124
00396100,HARPER COLLEGE                          ,IL,60067-7398,Public       ,3674,1910,5584,3674,,1910,5584
00456000,GEM CITY COLLEGE                        ,IL,62301-4949,Proprietary  ,7,21,28,7,,21,28
00456800,MIDSTATE COLLEGE                        ,IL,61614-3558,Proprietary  ,60,536,596,60,,536,596
00621400,BLESSING RIEMAN COLLEGE OF NURSING      ,IL,62301-0000,Private      ,140,144,284,140,,144,284
00621401,BLESSING HOSPITAL - SCHOOL OF MEDICAL LA,IL,62305-7005,Private      ,10,18,28,10,,18,28
00621402,BLESSING HOSPITAL - SCHOOL OF RADIOLOGIC,IL,62305-7005,Private      ,39,22,61,39,,22,61
00622500,TRINITY COLLEGE OF NURSING AND HEALTH SC,IL,61201-5317,Private      ,115,174,289,115,,174,289
00622800,METHODIST MED CTR OF ILL SCH NRSNG      ,IL,61636-0000,Private      ,262,480,742,262,,480,742
00624000,ST FRANCIS MED CLG OF NRSG              ,IL,61603-3783,Private      ,315,401,716,315,,401,716
00638500,CHAMBERLAIN COLLEGE OF NURSING          ,IL,60101-0000,Proprietary  ,1579,10048,11627,1579,,10048,11627
00665600,COLLEGE OF DUPAGE                       ,IL,60137-6599,Public       ,7478,4608,12086,7478,,4608,12086
00675300,ILLINOIS CENTRAL COLLEGE                ,IL,61635-0001,Public       ,2957,2228,5185,2957,,2228,5185
00693100,WAUBONSEE COMMUNITY COLLEGE             ,IL,60554-0000,Public       ,2237,1761,3998,2237,,1761,3998
00711800,PARKLAND COLLEGE                        ,IL,61821-1899,Public       ,3340,1871,5211,3340,,1871,5211
00711900,REND LAKE COLLEGE                       ,IL,62846-9801,Public       ,772,512,1284,772,,512,1284
00717000,LINCOLN LAND COMMUNITY COLLEGE          ,IL,62794-9256,Public       ,1967,1786,3753,1967,,1786,3753
00726500,CARL SANDBURG COLLEGE                   ,IL,61401-9576,Public       ,868,809,1677,868,,809,1677
00730307,LINCOLN COLLEGE OF TECHNOLOGY - MELROSE ,IL,60160-1605,Proprietary  ,254,180,434,254,,180,434
00750103,VATTEROTT COLLEGE - FAIRVIEW HEIGHTS    ,IL,62208-2029,Proprietary  ,32,106,138,32,,106,138
00754900,COYNE AMERICAN INSTITUTE                ,IL,60607-1300,Proprietary  ,202,346,548,202,,346,548
00764400,LAKE LAND COLLEGE                       ,IL,61938-9366,Public       ,1637,1031,2668,1637,,1031,2668
00768400,KISHWAUKEE COLLEGE                      ,IL,60150-9699,Public       ,1627,1186,2813,1627,,1186,2813
00769000,KANKAKEE COMMUNITY COLLEGE              ,IL,60901-6505,Public       ,958,1011,1969,958,,1011,1969
00769100,MCHENRY COUNTY COLLEGE                  ,IL,60012-2761,Public       ,1382,1046,2428,1382,,1046,2428
00769200,MORAINE VALLEY COMMUNITY COLLEGE        ,IL,60465-0937,Public       ,5456,3345,8801,5456,,3345,8801
00769300,SHAWNEE COMMUNITY COLLEGE               ,IL,62992-9725,Public       ,479,346,825,479,,346,825
00769400,COLLEGE OF LAKE COUNTY                  ,IL,60030-1198,Public       ,2924,2041,4965,2924,,2041,4965
00793700,MS ROBERTS ACADEMY OF BEAUTY CULT       ,IL,60181-2930,Proprietary  ,8,15,23,8,,15,23
00807600,JOHN A LOGAN COLLEGE                    ,IL,62918-2500,Public       ,1299,1054,2353,1299,,1054,2353
00809003,EVEREST COLLEGE - BEDFORD PARK          ,IL,60629-5819,Proprietary  ,85,215,300,85,,215,300
00825900,EDUCATORS OF BEAUTY                     ,IL,61081-3611,Proprietary  ,13,31,44,13,,31,44
00825901,EDUCATORS OF BEAUTY                     ,IL,61104-0000,Proprietary  ,22,49,71,22,,49,71
00832800,ALVAREITA'S COLLEGE OF COSMETOLOGY      ,IL,62025-2041,Proprietary  ,34,31,65,34,,31,65
00869402,RASMUSSEN COLLEGE - ROCKFORD            ,IL,61108-2513,Proprietary  ,126,612,738,126,,612,738
00869403,RASMUSSEN COLLEGE - AURORA              ,IL,60506-6219,Proprietary  ,93,259,352,93,,259,352
00869404,RASMUSSEN COLLEGE - ROMEOVILLE          ,IL,60446-0000,Proprietary  ,79,370,449,79,,370,449
00869418,RASMUSSEN COLLEGE -  MOKENA             ,IL,60448-0000,Proprietary  ,37,214,251,37,,214,251
00888000,MORRISON INSTITUTE OF TECHNOLOGY        ,IL,61270-2959,Private      ,97,12,109,97,,12,109
00893800,GRAHAM HOSPITAL SCH OF NURSING          ,IL,61520-2497,Private      ,32,77,109,32,,77,109
00893900,CANNELLA SCHOOL OF HAIR DESIGN          ,IL,60406-2130,Proprietary  ,13,39,52,13,,39,52
00914500,GOVERNORS STATE UNIVERSITY              ,IL,60466-0975,Public       ,1578,4326,5904,1578,,4326,5904
00923200,CATHOLIC THEOLOGICAL UNION              ,IL,60615-0000,Private      ,5,37,42,5,,37,42
00933300,UNIV OF ILLINOIS AT SPRINGFIELD         ,IL,62703-5407,Public       ,2487,2042,4529,2487,,2042,4529
00947500,EDUCATORS OF BEAUTY                     ,IL,61301-2404,Proprietary  ,6,13,19,6,,13,19
00959500,CANNELLA SCHOOL OF HAIR DESIGN          ,IL,60617-4303,Proprietary  ,46,87,133,46,,87,133
00976700,OLIVE-HARVEY COLLEGE                    ,IL,60628-1696,Public       ,1516,2750,4266,1516,,2750,4266
00978600,IL EASTERN COMM COLGS-LINCOLN TRAIL     ,IL,62454-5708,Public       ,293,185,478,293,,185,478
00980000,RUSH UNIVERSITY                         ,IL,60612-3806,Private      ,354,2436,2790,354,,2436,2790
00989600,OAKTON COMMUNITY COLLEGE                ,IL,60016-1268,Public       ,2814,1672,4486,2814,,1672,4486
00998700,SAINT ANTHONY COLLEGE OF NURSING        ,IL,61108-2468,Private      ,149,272,421,149,,272,421
01002000,LEWIS AND CLARK COMMUNITY COLLEGE       ,IL,62035-2466,Public       ,1349,1101,2450,1349,,1101,2450
01050100,LAKEVIEW  COLLEGE OF NURSING            ,IL,61832-3781,Private      ,164,199,363,164,,199,363
01069500,TRI-COUNTY BEAUTY ACADEMY               ,IL,62056-2036,Proprietary  ,4,9,13,4,,9,13
01071000,CAPITAL AREA SCH OF PRAC NRSG           ,IL,62707-0000,Public       ,58,239,297,58,,239,297
01072700,DEVRY UNIVERSITY                        ,IL,60618-5994,Proprietary  ,5681,33245,38926,5681,,33245,38926
01083600,PIVOT POINT INTNL CSMTLGY RSRCH CTR     ,IL,60626-0000,Proprietary  ,153,232,385,153,,232,385
01087900,RICHLAND COMMUNITY COLLEGE              ,IL,62521-8513,Public       ,695,967,1662,695,,967,1662
01091303,ROCKFORD CAREER COLLEGE                 ,IL,61108-3900,Proprietary  ,152,322,474,152,,322,474
01151002,EVEREST INSTITUTE - EVEREST COLLEGE     ,IL,60542-1610,Proprietary  ,68,119,187,68,,119,187
01181000,TAYLOR BUSINESS INSTITUTE               ,IL,60606-5111,Proprietary  ,20,62,82,20,,62,82
01185800,EVEREST COLLEGE                         ,IL,60077-1074,Proprietary  ,56,122,178,56,,122,178
01185802,EVEREST COLLEGE - BURR RIDGE            ,IL,60527-7826,Proprietary  ,35,107,142,35,,107,142
01185803,EVEREST COLLEGE - MELROSE PARK          ,IL,60160-1526,Proprietary  ,60,197,257,60,,197,257
01236200,NORTHWESTERN COLLEGE                    ,IL,60630-2298,Proprietary  ,1425,2272,3697,1425,,2272,3697
01238500,BLOOMINGTON-NORMAL SCH RADIOGRAPHY      ,IL,61761-4604,Private      ,23,38,61,23,,38,61
01258400,ILLINOIS INSTITUTE OF ART (THE)         ,IL,60654-1593,Proprietary  ,3357,2070,5427,3357,,2070,5427
01281300,JOHN WOOD COMMUNITY COLLEGE             ,IL,62305-0401,Public       ,807,618,1425,807,,618,1425
01308700,CAPRI BEAUTY COLLEGE                    ,IL,60629-1613,Proprietary  ,36,78,114,36,,78,114
01308800,CAPRI OAK FOREST COLLEGE OF BEAUTY      ,IL,60452-2798,Proprietary  ,34,61,95,34,,61,95
02055200,HARRINGTON COLLEGE OF DESIGN            ,IL,60606-3433,Proprietary  ,187,253,440,187,,253,440
02068100,ADLER SCH OF PROFESSIONAL PSYCHLGY      ,IL,60601-0000,Private      ,92,917,1009,92,,917,1009
02069300,VATTEROTT COLLEGE                       ,IL,62305-5938,Proprietary  ,50,77,127,50,,77,127
02073200,TELSHE YESHIVA-CHICAGO                  ,IL,60625-0000,Private      ,28,4,32,28,,4,32
02074400,IL EASTERN COMM COLGS-FRONTIER          ,IL,62837-0000,Public       ,109,126,235,109,,126,235
02075400,KELLER GRADUATE SCHOOL OF MGMT.         ,IL,60515-5683,Proprietary  ,39,5597,5636,39,,5597,5636
02113600,AMERICAN INTERCONTINENTAL UNIVERSITY    ,IL,60192-3713,Proprietary  ,379,6985,7364,379,,6985,7364
02117400,BECK AREA CAREER CENTER                 ,IL,62278-0000,Public       ,18,68,86,18,,68,86
02124400,UNIVERSITY OF SPA & COSMETOLOGY ART     ,IL,62704-0000,Proprietary  ,43,70,113,43,,70,113
02150600,COSMETOLOGY AND SPA INSTITUTE (THE)     ,IL,60014-4003,Proprietary  ,26,55,81,26,,55,81
02155300,THE CHICAGO SCHOOL OF PROF PSYCHOLOGY   ,IL,60610-4705,Private      ,64,2400,2464,64,,2400,2464
02160300,INTERNATIONAL ACAD OF DESIGN & TECH     ,IL,60602-3319,Proprietary  ,173,263,436,173,,263,436
02160304,INTERNATIONAL ACADEMY OF DESIGN AND TECH,IL,60173-5160,Proprietary  ,62,91,153,62,,91,153
02168600,EAST WEST UNIVERSITY                    ,IL,60605-0000,Private      ,650,832,1482,650,,832,1482
02179900,ARGOSY UNIVERSITY                       ,IL,60601-7757,Proprietary  ,2935,8888,11823,2935,,8888,11823
02185400,ST AUGUSTINE COLLEGE                    ,IL,60640-0000,Private      ,555,1573,2128,555,,1573,2128
02192400,MR JOHNS SCHOOL OF COSMETOLOGY          ,IL,62521-0000,Proprietary  ,12,19,31,12,,19,31
02202600,CANNELLA SCHOOL OF HAIR DESIGN          ,IL,60181-1321,Proprietary  ,3,29,32,3,,29,32
02214100,RESURRECTION UNIVERSITY                 ,IL,60302-2519,Private      ,226,530,756,226,,530,756
02228100,MAC DANIEL'S BEAUTY SCHOOL              ,IL,60640-0000,Proprietary  ,22,37,59,22,,37,59
02261200,HAIR PROFESSIONALS ACAD COSMETOLOGY     ,IL,60118-0000,Proprietary  ,8,28,36,8,,28,36
02261201,HAIR PROFESSIONALS ACADEMY OF COSMETOLOG,IL,60118-9333,Proprietary  ,5,11,16,5,,11,16
02262100,HAIR PROFESSIONALS SCH COSMETOLOGY      ,IL,60543-0000,Proprietary  ,8,9,17,8,,9,17
02291200,CANNELLA SCHOOL OF HAIR DESIGN          ,IL,60639-0000,Proprietary  ,54,91,145,54,,91,145
02295500,CANNELLA SCHOOL OF HAIR DESIGN          ,IL,60120-0000,Proprietary  ,10,10,20,10,,10,20
02297500,OEHRLEIN SCHOOL OF COSMETOLOGY          ,IL,61611-0000,Proprietary  ,17,34,51,17,,34,51
02312300,LA' JAMES COLLEGE HAIRSTYLING           ,IL,61244-0000,Proprietary  ,5,20,25,5,,20,25
02313900,WESTWOOD COLLEGE - O'HARE AIRPORT       ,IL,60631-2801,Proprietary  ,112,282,394,112,,282,394
02317300,CONCEPT COLLEGE OF COSMETOLOGY          ,IL,61832-0000,Proprietary  ,15,38,53,15,,38,53
02319200,LAKE FOREST GRAD SCHL OF MGMT           ,IL,60045-4824,Private      ,7,70,77,7,,70,77
02323300,PROFESSIONAL'S CHOICE HAIR DSN ACAD     ,IL,60435-0000,Proprietary  ,16,35,51,16,,35,51
02332200,HAIR PROFESSIONALS CAREER COLLEGE       ,IL,60178-0000,Proprietary  ,8,6,14,8,,6,14
02349400,ALVAREITA'S COLLEGE OF COSMETOLOGY      ,IL,62035-0000,Proprietary  ,27,39,66,27,,39,66
02349500,CANNELLA SCHOOL OF HAIR DESIGN          ,IL,60632-0000,Proprietary  ,64,96,160,64,,96,160
02352200,LE CORDON BLEU COLLEGE OF CULINARY ARTS ,IL,60610-3050,Proprietary  ,598,706,1304,598,,706,1304
02498200,G SKIN & BEAUTY INSTITUTE               ,IL,60523-1805,Proprietary  ,25,65,90,25,,65,90
02498201,HAIR PROFESSIONALS ACADEMY OF COSMETOLOG,IL,60563-0000,Proprietary  ,18,16,34,18,,16,34
02522800,FOX COLLEGE                             ,IL,60638-1999,Proprietary  ,274,288,562,274,,288,562
02522801,FOX COLLEGE -  VET TECH INSTITUTE       ,IL,60477-4451,Proprietary  ,38,32,70,38,,32,70
02527600,LEXINGTON COLLEGE                       ,IL,60607-0000,Private      ,90,47,137,90,,47,137
02536700,BELL MAR BEAUTY COLLEGE                 ,IL,60650-0000,Proprietary  ,15,24,39,15,,24,39
02556100,ENVIRONMENTAL TECHNICAL INSTITUTE       ,IL,60143-0000,Proprietary  ,27,54,81,27,,54,81
02556600,NILES SCHOOL OF COSMETOLOGY             ,IL,60714-0000,Proprietary  ,7,11,18,7,,11,18
02573700,INSTITUTE FOR CLINICAL SOCIAL WORK      ,IL,60605-1229,Private      ,26,129,155,26,,129,155
02584900,"FIRST INSTITUTE, INC.                   ",IL,60014-7489,Proprietary  ,23,78,101,23,,78,101
02587700,HAIR PROFESSIONALS CAREER COLLEGE       ,IL,60465-1929,Proprietary  ,20,27,47,20,,27,47
02622700,KNOWLEDGE SYSTEMS INSTITUTE             ,IL,60076-0000,Private      ,1,2,3,1,,2,3
03002000,HAIRMASTERS INST OF COSMETOLOGY         ,IL,61701-5547,Proprietary  ,15,22,37,15,,22,37
03027702,PACIFIC COLLEGE OF ORIENTAL MEDICINE - C,IL,60613-4418,Proprietary  ,21,136,157,21,,136,157
03065300,TREND SETTERS COLL OF COSMETOLOGY       ,IL,60915-0000,Proprietary  ,31,32,63,31,,32,63
03072701,WESTWOOD COLLEGE - RIVER OAKS           ,IL,60409-5503,Proprietary  ,49,185,234,49,,185,234
03072702,WESTWOOD COLLEGE OF TECHNOLOGY          ,IL,60602-0000,Proprietary  ,154,423,577,154,,423,577
03078400,CAMEO BEAUTY ACADEMY                    ,IL,60453-3196,Proprietary  ,18,31,49,18,,31,49
03079200,WESTWOOD COLLEGE - DUPAGE               ,IL,60517-2321,Proprietary  ,108,248,356,108,,248,356
03082900,ROSEL SCHOOL OF COSMETOLOGY             ,IL,60659-1913,Proprietary  ,20,28,48,20,,28,48
03083800,HEARTLAND COMMUNITY COLLEGE             ,IL,61761-9446,Public       ,1701,1050,2751,1701,,1050,2751
03098000,ST JOHN'S COLLEGE OF NURSING            ,IL,62702-5321,Private      ,126,162,288,126,,162,288
03098002,ST JOHN'S HOSP SCH MED TECH             ,IL,62769-5324,Private      ,25,37,62,25,,37,62
03099700,CAIN'S BARBER COLLEGE                   ,IL,60615-3510,Proprietary  ,77,175,252,77,,175,252
03099800,ILLINOIS SCHOOL OF HEALTH CAREERS       ,IL,60604-0000,Proprietary  ,187,434,621,187,,434,621
03101800,ILLINOIS CENTER FOR BROADCASTING        ,IL,60148-7015,Proprietary  ,44,78,122,44,,78,122
03128500,NATIONAL LATINO EDUCATION INSTITUTE     ,IL,60609-2205,Private      ,41,65,106,41,,65,106
03199300,CHRISTIAN LIFE COLLEGE                  ,IL,60056-2522,Private      ,9,8,17,9,,8,17
03368300,MIDWEST TECHNICAL INSTITUTE             ,IL,62707-8805,Proprietary  ,323,779,1102,323,,779,1102
03416300,COMPUTER SYSTEMS INSTITUTE              ,IL,60077-0000,Proprietary  ,102,250,352,102,,250,352
03448300,BUSINESS INDUSTRIAL RESOURCES           ,IL,60659-1298,Proprietary  ,125,637,762,125,,637,762
03455700,CORTIVA INSTITUTE - CHICAGO             ,IL,60602-3315,Proprietary  ,49,101,150,49,,101,150
03455701,CORTIVA INSTITUTE - CHICAGO             ,IL,60014-6285,Proprietary  ,7,12,19,7,,12,19
03490301,PAUL MITCHELL THE SCHOOL CHICAGO        ,IL,60607-0000,Proprietary  ,314,296,610,314,,296,610
03490302,PAUL MITCHELL THE SCHOOL ESCANABA - PAUL,IL,60148-0000,Proprietary  ,8,20,28,8,,20,28
03510300,ERIKSON INSTITUTE                       ,IL,60654-4510,Private      ,6,216,222,6,,216,222
03643300,"MR. JOHN'S SCHOOL OF JACKSONVILLE,  INC,",IL,62650-3488,Proprietary  ,6,5,11,6,,5,11
03655300,ILLINOIS CAREERPATH INSTITUTE           ,IL,60610-4705,Private      ,6,28,34,6,,28,34
03684300,NORTHSHORE UNIVERSITY HEALTHSYSTEM SCHOO,IL,60201-9872,Private      ,6,42,48,6,,42,48
03881400,EUROPEAN MASSAGE THERAPY SCHOOL         ,IL,60077-2269,Proprietary  ,8,22,30,8,,22,30
03891300,SOMA INSTITUTE - THE NATIONAL SCHOOL OF ,IL,60604-4466,Proprietary  ,19,30,49,19,,30,49
03914300,"CALC, INSTITUTE OF TECHNOLOGY           ",IL,62002-5931,Proprietary  ,14,43,57,14,,43,57
04117500,SOLEX MEDICAL ACADEMY                   ,IL,60090-3104,Proprietary  ,1,8,9,1,,8,9
04117600,LARRY'S BARBER COLLEGE                  ,IL,60628-2322,Proprietary  ,86,208,294,86,,208,294
04118400,ZAREM /GOLDE ORT TECHNICAL INSTITUTE    ,IL,60077-3210,Private      ,5,42,47,5,,42,47
04124700,AMBRIA COLLEGE OF NURSING               ,IL,60192-3712,Proprietary  ,58,329,387,58,,329,387
04136900,UNIVERSITY OF AESTHETICS (THE)          ,IL,60622-2151,Proprietary  ,12,30,42,12,,30,42
04137000,UNIVERSITY OF AESTHETICS & COSMETOLOGY (,IL,60515-4607,Proprietary  ,10,11,21,10,,11,21
04137500,TRICOCI UNIVERSITY OF BEAUTY CULTURE    ,IL,60656-1805,Proprietary  ,136,141,277,136,,141,277
04139000,MIDWESTERN CAREER COLLEGE               ,IL,60606-3103,Proprietary  ,50,221,271,50,,221,271
04141000,AVEDA INSTITUTE CHICAGO                 ,IL,60647-0000,Proprietary  ,143,196,339,143,,196,339
04147100,TRICOCI UNIVERSITY OF BEAUTY CULTURE    ,IL,60048-2906,Proprietary  ,24,38,62,24,,38,62
04147200,TRICOCI UNIVERSITY OF BEAUTY CULTURE    ,IL,60455-1824,Proprietary  ,44,60,104,44,,60,104
04147300,TRICOCI UNIVERSITY OF BEAUTY CULTURE    ,IL,60139-3119,Proprietary  ,31,41,72,31,,41,72
04147400,TRICOCI UNIVERSITY OF BEAUTY CULTURE    ,IL,61614-4831,Proprietary  ,35,64,99,35,,64,99
04147500,TRICOCI UNIVERSITY OF BEAUTY CULTURE    ,IL,61108-2337,Proprietary  ,54,74,128,54,,74,128
04160600,PAUL MITCHELL THE SCHOOL NORMAL         ,IL,61761-0000,Proprietary  ,60,35,95,60,,35,95
04167800,INNOVATIONS DESIGN ACADEMY              ,IL,61520-2625,Proprietary  ,9,19,28,9,,19,28
04168500,SOLEX COLLEGE                           ,IL,60090-3192,Proprietary  ,4,20,24,4,,20,24
04170800,UNITY COSMETOLOGY COLLEGE               ,IL,61764-9652,Proprietary  ,10,20,30,10,,20,30
04171600,SALON PROFESSIONAL ACADEMY OF ELGIN (THE,IL,60123-2319,Proprietary  ,12,28,40,12,,28,40
04174900,SKIN CARE AND SPA INSTITUTE             ,IL,60077-2200,Proprietary  ,5,13,18,5,,13,18
04175000,UNIVERSAL SPA TRAINING ACADEMY          ,IL,60515-0000,Proprietary  ,12,32,44,12,,32,44
04175800,J RENEE CAREER FACILITATION             ,IL,60014-7986,Proprietary  ,3,44,47,3,,44,47
04179100,PCCTI  IT & HEALTHCARE                  ,IL,60523-0000,Proprietary  ,10,146,156,10,,146,156
04179101,PCCTI  IT & HEALTHCARE -                ,IL,60606-0000,Proprietary  ,12,135,147,12,,135,147
04186000,CHICAGO SCHOOL FOR PIANO TECHNOLOGY (THE,IL,60612-1630,Private      ,20,19,39,20,,19,39
04187400,COSMETOLOGY CONCEPTS                    ,IL,60452-2501,Proprietary  ,38,70,108,38,,70,108
04189200,SALON PROFESSIONAL ACADEMY (THE)        ,IL,60404-8789,Proprietary  ,10,22,32,10,,22,32
04189400,SHEAR LEARNING ACADEMY OF COSMETOLOGY   ,IL,62523-1208,Proprietary  ,10,16,26,10,,16,26
04189600,STATE CAREER SCHOOL                     ,IL,60085-5129,Proprietary  ,15,53,68,15,,53,68
04192000,CURVE METRIC SCHOOL OF HAIR DESIGN      ,IL,60707-1118,Proprietary  ,1,3,4,1,,3,4
04195600,TRIBECA FLASHPOINT MEDIA ARTS ACADEMY   ,IL,60602-2716,Proprietary  ,310,133,443,310,,133,443
04224400,NETWORKS BARBER COLLEGE                 ,IL,60409-3401,Proprietary  ,3,15,18,3,,15,18
04224500,TRENZ BEAUTY ACADEMY                    ,IL,60409-0000,Proprietary  ,9,31,40,9,,31,40
04225300,CREATIVE TOUCH COSMETOLOGY SCHOOL       ,IL,62298-1609,Proprietary  ,4,11,15,4,,11,15
04227900,MORTHLAND COLLEGE                       ,IL,62896-2742,Private      ,30,12,42,30,,12,42
04229900,DEBUTANTES SCHOOL OF COSMETOLOGY AND NAI,IL,60115-3301,Proprietary  ,18,23,41,18,,23,41
00195100,ALICE LLOYD COLLEGE                     ,KY,41844-9703,Private      ,1117,179,1296,1117,,179,1296
00195200,ASBURY COLLEGE                          ,KY,40390-1198,Private      ,1521,408,1929,1521,,408,1929
00195300,ASBURY THEOLOGICAL SEMINARY             ,KY,40390-0000,Private      ,19,871,890,19,,871,890
00195400,BELLARMINE UNIVERSITY                   ,KY,40205-1877,Private      ,4994,1196,6190,4994,,1196,6190
00195500,BEREA COLLEGE                           ,KY,40403-0000,Private      ,2810,640,3450,2810,,640,3450
00195800,BRESCIA UNIVERSITY                      ,KY,42301-3023,Private      ,963,630,1593,963,,630,1593
00195900,CAMPBELLSVILLE UNIVERSITY               ,KY,42718-2799,Private      ,2479,1028,3507,2479,,1028,3507
00196000,SPALDING UNIVERSITY                     ,KY,40203-2188,Private      ,1219,1805,3024,1219,,1805,3024
00196100,CENTRE COLLEGE                          ,KY,40422-1394,Private      ,2431,100,2531,2431,,100,2531
00196200,UNIVERSITY OF THE CUMBERLANDS           ,KY,40769-1372,Private      ,2465,1498,3963,2465,,1498,3963
00196300,EASTERN KENTUCKY UNIVERSITY             ,KY,40475-3102,Public       ,11690,5857,17547,11690,,5857,17547
00196400,GEORGETOWN COLLEGE                      ,KY,40324-1628,Private      ,2161,369,2530,2161,,369,2530
00196500,KENTUCKY CHRISTIAN UNIVERSITY           ,KY,41143-2205,Private      ,810,182,992,810,,182,992
00196800,KENTUCKY STATE UNIVERSITY               ,KY,40601-2355,Public       ,2525,1152,3677,2525,,1152,3677
00196900,KENTUCKY WESLEYAN COLLEGE               ,KY,42301-6057,Private      ,1104,279,1383,1104,,279,1383
00197100,LEXINGTON THEOLOGICAL SEMINARY          ,KY,40508-0000,Private      ,4,41,45,4,,41,45
00197200,LINDSEY WILSON COLLEGE                  ,KY,42728-1223,Private      ,2766,1140,3906,2766,,1140,3906
00197400,LOUISVILLE PRESBYTERIAN THEOL SEM       ,KY,40205-0000,Private      ,16,66,82,16,,66,82
00197500,MIDWAY COLLEGE                          ,KY,40347-1120,Private      ,508,960,1468,508,,960,1468
00197600,MOREHEAD STATE UNIVERSITY               ,KY,40351-1689,Public       ,7046,2686,9732,7046,,2686,9732
00197700,MURRAY STATE UNIVERSITY                 ,KY,42071-0009,Public       ,6454,2347,8801,6454,,2347,8801
00197900,WEST KENTUCKY CMNTY & TECHNICAL COLG    ,KY,42002-7380,Public       ,1439,2108,3547,1439,,2108,3547
00198000,UNIVERSITY OF PIKEVILLE                 ,KY,41501-1194,Private      ,2228,1109,3337,2228,,1109,3337
00198300,ST. CATHARINE COLLEGE                   ,KY,40061-9499,Private      ,676,252,928,676,,252,928
00198700,TRANSYLVANIA UNIVERSITY                 ,KY,40508-1797,Private      ,1814,173,1987,1814,,173,1987
00198800,UNION COLLEGE                           ,KY,40906-1499,Private      ,1194,389,1583,1194,,389,1583
00198900,UNIVERSITY OF KENTUCKY                  ,KY,40506-0054,Public       ,20645,6196,26841,20645,,6196,26841
00198901,UNIV OF KY-COLLEGE OF DENTISTRY         ,KY,40536-0000,Public       ,47,156,203,47,,156,203
00198902,UNIV OF KY-COLLEGE OF MEDICINE          ,KY,40536-0000,Public       ,104,461,565,104,,461,565
00199000,ASHLAND COMMUNITY AND TECHNICAL COLLEGE ,KY,41101-3683,Public       ,922,1186,2108,922,,1186,2108
00199100,ELIZABETHTOWN COMMUNITY  AND TECHNICAL C,KY,42701-3081,Public       ,1780,2443,4223,1780,,2443,4223
00199300,HENDERSON COMMUNITY COLLEGE             ,KY,42420-4699,Public       ,417,659,1076,417,,659,1076
00199400,HOPKINSVILLE COMMUNITY COLLEGE          ,KY,42241-2621,Public       ,596,1577,2173,596,,1577,2173
00199600,BIG SANDY COMMUNITY AND TECHNICAL COLG  ,KY,41653-1815,Public       ,1552,1627,3179,1552,,1627,3179
00199700,SOMERSET COMMUNITY COLLEGE              ,KY,42501-2973,Public       ,2150,3317,5467,2150,,3317,5467
00199800,SOUTHEAST KENTUCKY COMMUNITY AND TECHNIC,KY,40823-1099,Public       ,819,940,1759,819,,940,1759
00199900,UNIVERSITY OF LOUISVILLE                ,KY,40292-0000,Public       ,14373,8014,22387,14373,,8014,22387
00200100,THOMAS MORE COLLEGE                     ,KY,41017-3495,Private      ,1312,374,1686,1312,,374,1686
00200200,WESTERN KENTUCKY UNIVERSITY             ,KY,42101-3576,Public       ,13155,5182,18337,13155,,5182,18337
00461800,SPENCERIAN COLLEGE                      ,KY,40216-2605,Proprietary  ,376,673,1049,376,,673,1049
00461900,SULLIVAN UNIVERSITY                     ,KY,40205-3000,Proprietary  ,1366,2826,4192,1366,,2826,4192
00493402,DAYMAR COLLEGE - BOWLING GREEN          ,KY,42101-4063,Proprietary  ,49,148,197,49,,148,197
00493403,DAYMAR COLLEGE - CLINTON                ,KY,42031-9998,Proprietary  ,0,7,7,0,,7,7
00493406,DAYMAR COLLEGE - RUSSELLVILLE           ,KY,42276-1622,Proprietary  ,7,36,43,7,,36,43
00524400,BLUEGRASS COMMUNITY & TECHNICAL COLLEGE ,KY,40506-0235,Public       ,3684,4665,8349,3684,,4665,8349
00527100,BOWLING GREEN TECHNICAL COLLEGE         ,KY,42101-3601,Public       ,1311,1711,3022,1311,,1711,3022
00527300,GATEWAY COMMUNITY & TECHNOLOGY COLL     ,KY,41011-0000,Public       ,905,1730,2635,905,,1730,2635
00696000,MAYSVILLE CMNTY & TECHNCL COLG          ,KY,41056-8910,Public       ,793,1401,2194,793,,1401,2194
00696100,JEFFERSON COMMUNITY AND TECHNICAL COLLEG,KY,40202-2005,Public       ,4630,7241,11871,4630,,7241,11871
00696200,HAZARD COMMUNITY COLLEGE                ,KY,41701-2402,Public       ,1109,1387,2496,1109,,1387,2496
00696203,KY TECH-KNOTT CO. TECHNOLOGY CTR        ,KY,41822-0000,Public       ,5,13,18,5,,13,18
00696204,KY TECH-LESLIE COUNTY AREA TECH CTR     ,KY,41749-0000,Public       ,3,3,6,3,,3,6
00696205,KY TECH-LEE COUNTY AREA TECH CTR        ,KY,41311-0000,Public       ,1,1,2,1,,1,2
00696206,KY TECH-LETCHER CNTY AREA TECH CTR      ,KY,41858-0000,Public       ,19,23,42,19,,23,42
00696207,KY TECH-BREATHITT COUNTY VOC ED CTR     ,KY,41339-0000,Public       ,14,20,34,14,,20,34
00736205,MEDTECH COLLEGE - LEXINGTON             ,KY,40511-1200,Proprietary  ,64,221,285,64,,221,285
00842500,DAYMAR COLLEGE                          ,KY,42001-0000,Proprietary  ,31,129,160,31,,129,160
00901000,MADISONVILLE COMMUNITY COLLEGE          ,KY,42431-9199,Public       ,738,1033,1771,738,,1033,1771
00927500,NORTHERN KENTUCKY UNIVERSITY            ,KY,41099-0001,Public       ,8109,3751,11860,8109,,3751,11860
00931300,DAYMAR COLLEGE                          ,KY,42301-5830,Proprietary  ,51,524,575,51,,524,575
00931302,DAYMAR COLLEGE - LOUISVILLE             ,KY,40219-1973,Proprietary  ,60,263,323,60,,263,323
00931304,DAYMAR COLLEGE - ALBANY                 ,KY,42602-1235,Proprietary  ,3,8,11,3,,8,11
00931305,DAYMAR COLLEGE - BELLEVUE               ,KY,41073-2416,Proprietary  ,9,29,38,9,,29,38
00931308,DAYMAR COLLEGE -  SCOTTSVILLE           ,KY,42164-1505,Proprietary  ,4,30,34,4,,30,34
00931309,DAYMAR COLLEGE - LOUISVILLE EAST        ,KY,40245-1629,Proprietary  ,34,122,156,34,,122,156
00931310,DAYMAR COLLEGE -  MADISONVILLE          ,KY,42431-0000,Proprietary  ,11,50,61,11,,50,61
01042400,SALON PROFESSIONAL ACADEMY THE          ,KY,40502-0000,Proprietary  ,54,128,182,54,,128,182
01048901,NATIONAL COLLEGE - FLORENCE CAMPUS      ,KY,41042-1812,Proprietary  ,23,119,142,23,,119,142
01048902,NATIONAL COLLEGE - PIKEVILLE CAMPUS     ,KY,41501-1518,Proprietary  ,126,283,409,126,,283,409
01048903,NATIONAL COLLEGE - DANVILLE CAMPUS      ,KY,40422-1517,Proprietary  ,32,198,230,32,,198,230
01048904,NATIONAL COLLEGE - RICHMOND CAMPUS      ,KY,40475-2309,Proprietary  ,30,197,227,30,,197,227
01048906,NATIONAL COLLEGE - LOUISVILLE CAMPUS    ,KY,40216-4147,Proprietary  ,70,417,487,70,,417,487
01048907,NATIONAL COLLEGE - LEXINGTON CAMPUS     ,KY,40509-2256,Proprietary  ,54,380,434,54,,380,434
01172500,COLLINS SCHOOL OF COSMETOLOGY           ,KY,40965-2809,Proprietary  ,22,29,51,22,,29,51
01208800,SULLIVAN COLLEGE OF TECHNOLOGY AND DESIG,KY,40218-4528,Proprietary  ,333,379,712,333,,379,712
01212801,SOUTHWESTERN COLLEGE                    ,KY,41042-1466,Proprietary  ,11,32,43,11,,32,43
01272300,KY TECH-WAYNE COUNTY AREA TECH CTR      ,KY,42633-1088,Public       ,1,6,7,1,,6,7
02159100,"APPALACHIAN BEAUTY SCHOOL, INC.         ",KY,41503-0000,Proprietary  ,22,22,44,22,,22,44
02251500,TREND SETTERS ACAD OF BEAUTY CULT       ,KY,40258-0000,Proprietary  ,38,71,109,38,,71,109
02275000,JENNY LEA ACADEMY OF COSMETOLOGY        ,KY,40831-0000,Proprietary  ,25,68,93,25,,68,93
02284306,INTERACTIVE LEARNING SYSTEMS            ,KY,41042-0000,Proprietary  ,5,13,18,5,,13,18
02323700,PAT WILSON'S BEAUTY COLLEGE             ,KY,42420-0000,Proprietary  ,6,18,24,6,,18,24
02337200,PJ'S COLLEGE OF COSMETOLOGY             ,KY,42101-0000,Proprietary  ,47,138,185,47,,138,185
02340800,PAUL MITCHELL THE SCHOOL LEXINGTON      ,KY,40514-1545,Proprietary  ,89,116,205,89,,116,205
02351700,PAUL MITCHELL THE SCHOOL - LOUISVILLE   ,KY,40222-0000,Proprietary  ,114,153,267,114,,153,267
02491100,BECKFIELD COLLEGE                       ,KY,41042-0000,Proprietary  ,143,740,883,143,,740,883
02518900,BARRETT & COMPANY SCH HAIR DESIGN       ,KY,40356-0000,Proprietary  ,27,31,58,27,,31,58
02526100,JENNY LEA ACADEMY OF COSMETOLOGY        ,KY,41858-0000,Proprietary  ,17,17,34,17,,17,34
02535600,CLEAR CREEK BAPTIST BIBLE COLLEGE       ,KY,40977-0000,Private      ,20,48,68,20,,48,68
02551100,PJ'S COLLEGE OF COSMETOLOGY             ,KY,42141-2434,Proprietary  ,23,35,58,23,,35,58
02560800,SOUTHEAST SCHOOL OF COSMETOLOGY         ,KY,40962-0000,Proprietary  ,11,22,33,11,,22,33
02576200,MID-CONTINENT UNIVERSITY                ,KY,42066-9007,Private      ,281,2292,2573,281,,2292,2573
03002100,KENTUCKY MOUNTAIN BIBLE COLLEGE         ,KY,41385-0010,Private      ,24,8,32,24,,8,32
03007000,FRONTIER SCH OF MIDWIFERY&FAMILY NU     ,KY,41749-0000,Private      ,9,640,649,9,,640,649
03026200,HEAD'S WEST KENTUCKY BEAUTY COLLEGE     ,KY,42431-0000,Proprietary  ,16,37,53,16,,37,53
03029200,NU-TEK ACADEMY OF BEAUTY                ,KY,40353-9767,Proprietary  ,8,20,28,8,,20,28
03034500,OWENSBORO COMMUNITY & TECHNICAL COLLEGE ,KY,42303-1899,Public       ,1221,1360,2581,1221,,1360,2581
03083700,GALEN HEALTH INSTITUTES                 ,KY,40207-1047,Proprietary  ,410,2687,3097,410,,2687,3097
03516500,EZELL'S COSMETOLOGY SCHOOL              ,KY,42071-2530,Proprietary  ,0,3,3,0,,3,3
03611300,BRIGHTON CENTER'S CENTER FOR EMPLOY     ,KY,41071-1968,Private      ,5,10,15,5,,10,15
03804300,BELLEFONTE ACADEMY OF BEAUTY            ,KY,41169-2015,Proprietary  ,13,30,43,13,,30,43
03885300,EMPLOYMENT SOLUTIONS                    ,KY,40517-3260,Private      ,21,120,141,21,,120,141
03886300,REGENCY SCHOOL OF HAIR DESIGN           ,KY,41653-1278,Proprietary  ,19,26,45,19,,26,45
04038300,ATA CAREER EDUCATION                    ,KY,40223-3832,Proprietary  ,100,417,517,100,,417,517
04051316,ART INSTITUTE OF PHOENIX (THE) - ATS - (,KY,41017-2136,Proprietary  ,52,240,292,52,,240,292
04051319,ART INSTITUTE OF PHOENIX (THE) - BROWN M,KY,40219-1916,Proprietary  ,139,386,525,139,,386,525
04051320,ART INSTITUTE OF PHOENIX (THE) - BROWN M,KY,42240-3579,Proprietary  ,36,147,183,36,,147,183
04123900,LEXINGTON HEALING ARTS ACADEMY          ,KY,40503-1932,Proprietary  ,24,85,109,24,,85,109
04177600,LINDSEY INSTITUTE OF COSMETOLOGY        ,KY,42103-8036,Proprietary  ,41,42,83,41,,42,83
04177700,TRI-STATE INSTITUTE OF HAIR DESIGN      ,KY,40744-5234,Proprietary  ,22,38,60,22,,38,60
04178000,SIMMONS COLLEGE OF KENTUCKY             ,KY,40203-3322,Private      ,41,94,135,41,,94,135
04229300,MEDQUEST COLLEGE                        ,KY,40243-1882,Proprietary  ,21,35,56,21,,35,56
00200300,CENTENARY COLLEGE OF LOUISIANA          ,LA,71104-3396,Private      ,513,133,646,513,,133,646
00200400,DILLARD UNIVERSITY                      ,LA,70122-3097,Private      ,1614,515,2129,1614,,515,2129
00200500,NICHOLLS STATE UNIVERSITY               ,LA,70310-0001,Public       ,2462,853,3315,2462,,853,3315
00200600,GRAMBLING STATE UNIVERSITY              ,LA,71245-2215,Public       ,2395,1243,3638,2395,,1243,3638
00200700,LOUISIANA COLLEGE                       ,LA,71359-0000,Private      ,543,216,759,543,,216,759
00200800,LOUISIANA TECH UNIVERSITY               ,LA,71272-0001,Public       ,3595,1059,4654,3595,,1059,4654
00201000,LOUISIANA STATE UNIV & A&M COLG         ,LA,70803-5710,Public       ,14486,3565,18051,14486,,3565,18051
00201100,LOUISIANA STATE UNIV-ALEXANDRIA         ,LA,71302-9121,Public       ,1169,835,2004,1169,,835,2004
00201200,LOUISIANA STATE UNIV-EUNICE             ,LA,70535-6726,Public       ,870,706,1576,870,,706,1576
00201300,LOUISIANA STATE UNIV-SHREVEPORT         ,LA,71115-2399,Public       ,1196,1141,2337,1196,,1141,2337
00201400,LA STATE UNIV HEALTH SCIENCES CTR       ,LA,70112-2223,Public       ,276,1168,1444,276,,1168,1444
00201500,(THE) UNIVERSITY OF NEW ORLEANS         ,LA,70148-0001,Public       ,3124,2251,5375,3124,,2251,5375
00201600,LOYOLA UNIVERSITY NEW ORLEANS           ,LA,70118-6195,Private      ,3510,1100,4610,3510,,1100,4610
00201700,MCNEESE STATE UNIVERSITY                ,LA,70609-4510,Public       ,2321,1193,3514,2321,,1193,3514
00201900,NEW ORLEANS BAPTIST THEOL SEMINARY      ,LA,70126-0000,Private      ,24,78,102,24,,78,102
00202000,UNIVERSITY OF LOUISIANA AT MONROE       ,LA,71209-9001,Public       ,3126,1593,4719,3126,,1593,4719
00202100,NORTHWESTERN STATE UNIVERSITY           ,LA,71497-0001,Public       ,2714,1866,4580,2714,,1866,4580
00202200,NOTRE DAME SEMINARY                     ,LA,70118-0000,Private      ,7,11,18,7,,11,18
00202300,OUR LADY OF HOLY CROSS COLLEGE          ,LA,70131-7399,Private      ,278,428,706,278,,428,706
00202400,SOUTHEASTERN LOUISIANA UNIV             ,LA,70402-0001,Public       ,4787,1707,6494,4787,,1707,6494
00202500,SOUTHERN UNIVERSITY A & M COLLEGE       ,LA,70813-9374,Public       ,3989,2703,6692,3989,,2703,6692
00202600,SOUTHERN UNIV NEW ORLEANS               ,LA,70126-0002,Public       ,888,1315,2203,888,,1315,2203
00202700,ST JOSEPH SEMINARY COLLEGE              ,LA,70457-9990,Private      ,17,4,21,17,,4,21
00202900,TULANE UNIVERSITY                       ,LA,70118-5698,Private      ,9769,3743,13512,9769,,3743,13512
00203100,UNIV OF LOUISIANA AT LAFAYETTE          ,LA,70504-0001,Public       ,6666,2237,8903,6666,,2237,8903
00203200,XAVIER UNIVERSITY OF LOUISIANA          ,LA,70125-1098,Private      ,3132,699,3831,3132,,699,3831
00462100,AYERS CAREER COLLEGE                    ,LA,71108-5845,Proprietary  ,15,105,120,15,,105,120
00462500,DELGADO COMMUNITY COLLEGE               ,LA,70119-0000,Public       ,2478,5020,7498,2478,,5020,7498
00546700,SOWELA TECHNICAL COMMUNITY COLLEGE      ,LA,70616-6950,Public       ,474,538,1012,474,,538,1012
00546702,SOWELA TECHNICAL COMMUNITY COLLEGE - MOR,LA,70546-1327,Public       ,27,41,68,27,,41,68
00548000,"LOUISIANA TECHNICAL COLLEGE, HUEY P. LON",LA,71483-3599,Public       ,1,0,1,1,,0,1
00548800,CAPITAL AREA TECHNICAL COLLEGE          ,LA,70807-0000,Public       ,128,251,379,128,,251,379
00548812,LOUISIANA TECH COLG-FOLKES CAMPUS       ,LA,70748-0000,Public       ,6,10,16,6,,10,16
00548817,LOUISIANA TEC CLG-JUMONVILLE MEM CP     ,LA,70760-0000,Public       ,5,11,16,5,,11,16
00548832,LOUISIANA TECH COLG-SHELBY JACKSON      ,LA,71334-0000,Public       ,1,1,2,1,,1,2
00548842,LOUISIANA TECHNICAL COLLEGE - WESTSIDE C,LA,70765-0733,Public       ,13,30,43,13,,30,43
00548900,CENTRAL LOUISIANA TECHNICAL COLLEGE     ,LA,71302-3137,Public       ,148,293,441,148,,293,441
00552600,SOUTH CENTRAL LOUISIANA TECHNICAL COLG  ,LA,70381-2148,Public       ,38,95,133,38,,95,133
00552602,SOUTH CENTRAL LOUISIANA TECHNICAL COLG  ,LA,70302-4336,Public       ,29,57,86,29,,57,86
00552603,SOUTH CENTRAL LOUISIANA TECHNICAL COLG  ,LA,70084-6632,Public       ,118,162,280,118,,162,280
00576100,L. E. FLETCHER TECHNICAL COMMUNITY COLLE,LA,70360-2863,Public       ,353,394,747,353,,394,747
00675600,NORTHSHORE TECHNICAL COLLEGE            ,LA,70427-5866,Public       ,184,297,481,184,,297,481
00675603,NORTHSHORE TECHNICAL COLLEGE - HAMMOND  ,LA,70401-0000,Public       ,1,0,1,1,,0,1
00768600,SOUTHERN UNIV AT SHREVEPORT/BOSSIER     ,LA,71107-4795,Public       ,586,780,1366,586,,780,1366
00806700,LSU HEALTH SCIENCES CENTR-SHREVEPOR     ,LA,71130-3932,Public       ,155,409,564,155,,409,564
00989800,DEMMON SCHOOL OF BEAUTY                 ,LA,70607-2128,Proprietary  ,11,17,28,11,,17,28
00997500,NORTHWEST LOUISIANA TECHNICAL COLLEGE   ,LA,71055-2422,Public       ,65,104,169,65,,104,169
00997503,NORTHWEST LOUISIANA TECHNICAL COLLEGE   ,LA,71137-8527,Public       ,97,286,383,97,,286,383
00997504,NORTHWEST LOUISIANA TECHNICAL COLLEGE   ,LA,71052-1236,Public       ,9,29,38,9,,29,38
00997505,NORTHWEST LOUISIANA TECHNICAL COLLEGE   ,LA,71449-0790,Public       ,8,27,35,8,,27,35
00997506,NORTHWEST LOUISIANA TECHNICAL COLLEGE   ,LA,71458-0657,Public       ,57,85,142,57,,85,142
01109700,CLOYD'S BEAUTY SCHOOL #1                ,LA,71291-3131,Proprietary  ,9,29,38,9,,29,38
01163100,"D-JAY'S SCHL OF BEAUTY, ARTS & SCI      ",LA,70806-0000,Proprietary  ,14,35,49,14,,35,49
01184100,JOHN JAY BEAUTY COLLEGE                 ,LA,70124-2592,Proprietary  ,33,63,96,33,,63,96
01282300,PAT GOINS RUSTON BEAUTY SCHOOL          ,LA,71270-4301,Proprietary  ,6,13,19,6,,13,19
01287900,PAT GOINS BENTON ROAD BEAUTY SCHOOL     ,LA,71111-4838,Proprietary  ,6,30,36,6,,30,36
01288000,CELEBRITY STYLIST BEAUTY SCHOOL         ,LA,71201-5167,Proprietary  ,16,25,41,16,,25,41
02055400,BOSSIER PARISH COMMUNITY COLLEGE        ,LA,71111-0000,Public       ,908,1478,2386,908,,1478,2386
02055500,DELTA SCH OF BUSINESS & TECHNOLOGY      ,LA,70601-0000,Proprietary  ,46,80,126,46,,80,126
02117800,AVEDA INSTITUTE LAFAYETTE               ,LA,70503-3246,Proprietary  ,40,53,93,40,,53,93
02166100,NUNEZ COMMUNITY COLLEGE                 ,LA,70043-0000,Public       ,206,448,654,206,,448,654
02166200,ITI TECHNICAL COLLEGE                   ,LA,70817-0000,Proprietary  ,108,207,315,108,,207,315
02197500,BATON ROUGE SCHOOL OF COMPUTERS         ,LA,70809-8188,Proprietary  ,25,36,61,25,,36,61
02234000,CAMERON COLLEGE                         ,LA,70119-0000,Proprietary  ,28,85,113,28,,85,113
02258400,AVEDA INSTITUTE BATON ROUGE             ,LA,70816-2246,Proprietary  ,50,91,141,50,,91,141
02260200,DIESEL DRIVING ACADEMY                  ,LA,71109-5617,Proprietary  ,11,50,61,11,,50,61
02265600,JOHN JAY KENNER ACADEMY                 ,LA,70062-0000,Proprietary  ,8,46,54,8,,46,54
02269300,STEVENSON'S ACADEMY OF HAIR DESIGN      ,LA,70116-0000,Proprietary  ,25,55,80,25,,55,80
02327800,PINEVILLE BEAUTY SCHOOL                 ,LA,71360-0000,Proprietary  ,12,28,40,12,,28,40
02335700,BATON ROUGE GENERAL MEDICAL CENTER      ,LA,70806-3889,Private      ,42,68,110,42,,68,110
02335701,BATON ROUGE GEN MED CTR SCH NSG         ,LA,70821-0000,Private      ,45,89,134,45,,89,134
02335702,BATON ROUGE GEN MED CTR-RAD TECH        ,LA,70806-0000,Private      ,31,45,76,31,,45,76
02338000,"CLOYD'S BEAUTY SCHOOL #2, INC           ",LA,71202-3539,Proprietary  ,15,43,58,15,,43,58
02352500,"CLOYD'S BEAUTY SCHOOL #3, INC           ",LA,71201-3211,Proprietary  ,12,34,46,12,,34,46
02358600,"STAGE ONE THE HAIR SCHOOL, INC.         ",LA,70605-0000,Proprietary  ,21,33,54,21,,33,54
02518300,SOUTH LOUISIANA BEAUTY COLLEGE          ,LA,70363-0000,Proprietary  ,12,22,34,12,,22,34
02536400,LOUISIANA ACADEMY OF BEAUTY             ,LA,70535-0000,Proprietary  ,12,22,34,12,,22,34
02538300,DELTA COLLEGE OF ARTS & TECH INC        ,LA,70806-1529,Proprietary  ,46,158,204,46,,158,204
02538301,DELTA COLLEGE OF ARTS & TECHNOLOGY - LAF,LA,70508-6831,Proprietary  ,37,121,158,37,,121,158
02548500,COSMETOLOGY TRAINING CENTER             ,LA,70503-0000,Proprietary  ,27,21,48,27,,21,48
02554800,VANGUARD COLLEGE OF COSMETOLOGY         ,LA,70458-8823,Proprietary  ,45,51,96,45,,51,96
02582200,"GUY'S ACADEMY HAIR, SKIN & NAILS        ",LA,71105-2404,Proprietary  ,14,42,56,14,,42,56
02600900,AVEDA INSTITUTE                         ,LA,70433-2922,Proprietary  ,294,514,808,294,,514,808
02601000,AMERICAN SCHOOL OF BUSINESS             ,LA,71105-5646,Proprietary  ,14,39,53,14,,39,53
02601100,OPELOUSAS SCHOOL OF COSMETOLOGY         ,LA,70570-6156,Proprietary  ,7,21,28,7,,21,28
02619200,DENHAM SPRINGS BEAUTY COLLEGE           ,LA,70726-3829,Proprietary  ,14,30,44,14,,30,44
03010400,CRESCENT CITY SCH GAMING & BARTENDG     ,LA,70119-5507,Proprietary  ,19,121,140,19,,121,140
03010624,VIRGINIA COLLEGE - BATON ROUGE          ,LA,70815-8604,Proprietary  ,45,183,228,45,,183,228
03023500,CAMELOT CAREER COLLEGE                  ,LA,70805-7539,Proprietary  ,24,71,95,24,,71,95
03026514,REMINGTON COLLEGE - LAFAYETTE           ,LA,70508-5760,Private      ,52,89,141,52,,89,141
03026515,REMINGTON COLLEGE - BATON ROUGE         ,LA,70816-4040,Private      ,45,99,144,45,,99,144
03027300,BLALOCK'S PROFESSIONAL BEAUTY COLLEGE   ,LA,71108-3246,Proprietary  ,8,18,26,8,,18,26
03030900,DIESEL DRIVING ACADEMY                  ,LA,70815-8109,Proprietary  ,13,77,90,13,,77,90
03106200,OUR LADY OF THE LAKE COLLEGE            ,LA,70808-4345,Private      ,462,628,1090,462,,628,1090
03294300,BLUE CLIFF SCH THERAPEUTIC MASSAGE      ,LA,70002-3458,Proprietary  ,66,406,472,66,,406,472
03294303,BLUE CLIFF COLLEGE - LAFAYETTE          ,LA,70508-3256,Proprietary  ,43,112,155,43,,112,155
03294306,BLUE CLIFF COLLEGE - SHREVEPORT         ,LA,71105-6520,Proprietary  ,30,103,133,30,,103,133
03332600,DELTA COLLEGE                           ,LA,70433-9042,Proprietary  ,48,112,160,48,,112,160
03332601,DELTA COLLEGE - SLIDELL                 ,LA,70460-2624,Proprietary  ,44,134,178,44,,134,178
03356300,MEDICAL TRAINING COLLEGE                ,LA,70816-5820,Proprietary  ,38,121,159,38,,121,159
03480300,MEDVANCE INSTITUTE                      ,LA,70809-1908,Proprietary  ,16,70,86,16,,70,86
03498400,OMEGA INSTITUTE OF COSMETOLOGY          ,LA,70360-0000,Proprietary  ,15,18,33,15,,18,33
03727500,MOORE CAREER COLLEGE                    ,LA,70808-4191,Proprietary  ,8,21,29,8,,21,29
03730300,BATON ROUGE COMMUNITY COLLEGE           ,LA,78806-4129,Public       ,1848,2077,3925,1848,,2077,3925
03789300,UNITECH TRAINING ACADEMY                ,LA,70503-5132,Proprietary  ,39,90,129,39,,90,129
03789301,UNITECH TRAINING ACADEMY - WEST MONROE  ,LA,71291-2913,Proprietary  ,31,136,167,31,,136,167
03789302,UNITECH TRAINING ACADEMY - HOUMA        ,LA,70363-5556,Proprietary  ,12,45,57,12,,45,57
03789303,UNITECH TRAINING ACADEMY -  ALEXANDRIA  ,LA,71303-3625,Proprietary  ,16,50,66,16,,50,66
03789304,UNITECH TRAINING ACADEMY - LAKE CHARLES ,LA,70601-7887,Proprietary  ,31,74,105,31,,74,105
03789400,RIVER PARISHES COMMUNITY COLLEGE        ,LA,70778-0310,Public       ,253,236,489,253,,236,489
03795300,CASSIA BEAUTY COLLEGE                   ,LA,70126-0000,Proprietary  ,16,21,37,16,,21,37
03810500,COURT REPORTING INSTITUTE OF LOUISI     ,LA,70816-0000,Proprietary  ,4,20,24,4,,20,24
03956300,SOUTH LOUISIANA COMMUNITY COLLEGE       ,LA,70506-0000,Public       ,1093,1221,2314,1093,,1221,2314
03956309,SOUTH LOUISIANA COMMUNITY COLLEGE - ACAD,LA,70526-4109,Public       ,19,43,62,19,,43,62
03956310,SOUTH LOUISIANA COMMUNITY COLLEGE - EVAN,LA,70582-0000,Public       ,17,21,38,17,,21,38
03956311,SOUTH LOUISIANA COMMUNITY COLLEGE - GULF,LA,70510-0000,Public       ,29,61,90,29,,61,90
03956312,SOUTH LOUISIANA COMMUNITY COLLEGE - T. H,LA,70570-0000,Public       ,75,96,171,75,,96,171
03956313,SOUTH LOUISIANA COMMUNITY COLLEGE - TECH,LA,70562-0000,Public       ,53,80,133,53,,80,133
03956315,SOUTH LOUISIANA COMMUNITY COLLEGE - C B ,LA,70586-0000,Public       ,24,33,57,24,,33,57
03956317,SOUTH LOUISIANA COMMUNITY COLLEGE - ARDO,LA,70506-0000,Public       ,88,186,274,88,,186,274
04040300,COMPASS CAREER COLLEGE                  ,LA,70403-0653,Proprietary  ,45,81,126,45,,81,126
04112300,LOUISIANA CULINARY INSTITUTE            ,LA,70816-4109,Proprietary  ,86,135,221,86,,135,221
04130100,LOUISIANA DELTA COMMUNITY COLLEGE       ,LA,71203-3618,Public       ,616,1061,1677,616,,1061,1677
04149500,A & W HEALTHCARE EDUCATORS              ,LA,70122-3146,Proprietary  ,18,125,143,18,,125,143
04151600,MY-LE'S BEAUTY COLLEGE                  ,LA,70056-3150,Proprietary  ,4,16,20,4,,16,20
04217000,HEALTHCARE TRAINING INSTITUTE           ,LA,70062-7630,Proprietary  ,13,36,49,13,,36,49
04225900,SETTING THE STANDARD BARBERING AND NATUR,LA,71109-4124,Proprietary  ,0,14,14,0,,14,14
04226000,BOS-MAN'S BARBER COLLEGE                ,LA,71106-2653,Proprietary  ,5,24,29,5,,24,29
00143600,CAPITOL COLLEGE                         ,MD,20708-9759,Private      ,356,251,607,356,,251,607
00205700,ALLEGANY COLLEGE OF MARYLAND            ,MD,21502-2596,Public       ,1792,1022,2814,1792,,1022,2814
00205800,ANNE ARUNDEL COMMUNITY COLLEGE          ,MD,21012-1895,Public       ,3168,4129,7297,3168,,4129,7297
00206100,BALTIMORE CITY COMMUNITY COLLEGE        ,MD,21215-7893,Public       ,2456,5019,7475,2456,,5019,7475
00206200,BOWIE STATE UNIVERSITY                  ,MD,20715-9465,Public       ,6066,3743,9809,6066,,3743,9809
00206300,COMMUNITY COLLEGE OF BALTIMORE COUNTY   ,MD,21228-5381,Public       ,6293,8350,14643,6293,,8350,14643
00206400,COLLEGE OF SOUTHERN MARYLAND            ,MD,20646-0910,Public       ,2402,2353,4755,2402,,2353,4755
00206500,NOTRE DAME OF MARYLAND UNIVERSITY       ,MD,21210-2476,Private      ,993,1379,2372,993,,1379,2372
00206700,WASHINGTON ADVENTIST UNIVERSITY         ,MD,20912-7796,Private      ,573,518,1091,573,,518,1091
00206800,COPPIN STATE UNIVERSITY                 ,MD,21216-3698,Public       ,3115,3331,6446,3115,,3331,6446
00207100,FREDERICK COMMUNITY COLLEGE             ,MD,21702-9745,Public       ,1402,1331,2733,1402,,1331,2733
00207200,FROSTBURG STATE UNIVERSITY              ,MD,21532-1099,Public       ,5958,1306,7264,5958,,1306,7264
00207300,GOUCHER COLLEGE                         ,MD,21204-2794,Private      ,2727,565,3292,2727,,565,3292
00207400,HAGERSTOWN COMMUNITY COLLEGE            ,MD,21742-6514,Public       ,1254,1296,2550,1254,,1296,2550
00207500,HARFORD COMMUNITY COLLEGE               ,MD,21015-1696,Public       ,1443,1247,2690,1443,,1247,2690
00207600,HOOD COLLEGE                            ,MD,21701-8575,Private      ,1968,552,2520,1968,,552,2520
00207700,JOHNS HOPKINS UNIVERSITY                ,MD,21218-2693,Private      ,9669,1471,11140,9669,,1471,11140
00207702,JOHNS HOPKINS UNIV SCH ARTS/SCI/ENG     ,MD,21218-0000,Private      ,4068,1083,5151,4068,,1083,5151
00207703,JOHNS HOPKINS UNIV SCH OF BUS/ED        ,MD,21046-0000,Private      ,66,604,670,66,,604,670
00207705,JOHNS HOPKINS BLOOMBERG SCH OF PH       ,MD,21205-0000,Private      ,65,1233,1298,65,,1233,1298
00207706,JOHNS HOPKINS UNIV SCH OF MEDICINE      ,MD,21205-0000,Private      ,241,883,1124,241,,883,1124
00207707,JOHNS HOPKINS UNIV SCH OF NURSING       ,MD,21205-0000,Private      ,288,1062,1350,288,,1062,1350
00207708,JOHNS HOPKINS UNIV PEABODY CONSERV      ,MD,21202-2397,Private      ,449,320,769,449,,320,769
00207764,JOHNS HOPKINS UNIVERSITY - CAREY BUSINES,MD,21202-4649,Private      ,56,374,430,56,,374,430
00207800,LOYOLA UNIVERSITY MARYLAND              ,MD,21210-2699,Private      ,9006,1631,10637,9006,,1631,10637
00208000,MARYLAND INST COLLEGE OF ART            ,MD,21217-4191,Private      ,2406,694,3100,2406,,694,3100
00208300,MORGAN STATE UNIVERSITY                 ,MD,21251-0002,Public       ,7991,4249,12240,7991,,4249,12240
00208600,MOUNT SAINT MARY'S UNIVERSITY           ,MD,21727-7799,Private      ,3760,287,4047,3760,,287,4047
00208700,NER ISRAEL RABBINICAL COLLEGE           ,MD,21208-1198,Private      ,73,14,87,73,,14,87
00208900,PRINCE GEORGES COMMUNITY COLLEGE        ,MD,20774-2199,Public       ,4543,5870,10413,4543,,5870,10413
00209100,SALISBURY UNIVERSITY                    ,MD,21801-6862,Public       ,10076,1737,11813,10076,,1737,11813
00209200,ST JOHN'S COLLEGE                       ,MD,21404-0000,Private      ,487,107,594,487,,107,594
00209500,ST. MARY'S COLLEGE OF MARYLAND          ,MD,20686-3001,Public       ,2362,246,2608,2362,,246,2608
00209600,ST MARY'S SEMINARY & UNIV               ,MD,21210-1994,Private      ,22,43,65,22,,43,65
00209900,TOWSON UNIVERSITY                       ,MD,21252-0002,Public       ,22919,6350,29269,22919,,6350,29269
00210200,UNIVERSITY OF BALTIMORE                 ,MD,21201-5779,Public       ,1818,4589,6407,1818,,4589,6407
00210300,"UNIVERSITY OF MARYLAND, COLLEGE PARK    ",MD,20742-5145,Public       ,30473,8943,39416,30473,,8943,39416
00210400,"UNIVERSITY OF MARYLAND, BALTIMORE       ",MD,21201-1691,Public       ,4153,7914,12067,4153,,7914,12067
00210500,UMBC                                    ,MD,21250-0002,Public       ,9685,4191,13876,9685,,4191,13876
00210600,UNIVERSITY MARYLAND EASTERN SHORE       ,MD,21853-4053,Public       ,4702,1698,6400,4702,,1698,6400
00210700,STEVENSON UNIVERSITY                    ,MD,21153-0641,Private      ,5678,1475,7153,5678,,1475,7153
00210800,WASHINGTON COLLEGE                      ,MD,21620-1197,Private      ,2315,99,2414,2315,,99,2414
00210900,MCDANIEL COLLEGE                        ,MD,21157-4390,Private      ,3054,399,3453,3054,,399,3453
00458612,KAPLAN COLLEGE                          ,MD,21742-2797,Proprietary  ,130,900,1030,130,,900,1030
00465000,CHESAPEAKE COLLEGE                      ,MD,21679-0008,Public       ,798,697,1495,798,,697,1495
00691100,MONTGOMERY COLLEGE                      ,MD,20850-1195,Public       ,7914,6444,14358,7914,,6444,14358
00734100,INTERNATIONAL BEAUTY SCHOOL             ,MD,21502-2370,Proprietary  ,9,24,33,9,,24,33
00744700,DEL-MAR-VA BEAUTY ACADEMY               ,MD,21804-0000,Proprietary  ,24,51,75,24,,51,75
00749100,TESST COLLEGE OF TECHNOLOGY             ,MD,21227-1063,Proprietary  ,235,672,907,235,,672,907
00793600,LINCOLN TECHNICAL INSTITUTE             ,MD,21046-1544,Proprietary  ,202,205,407,202,,205,407
00817500,HOWARD COMMUNITY COLLEGE                ,MD,21044-3197,Public       ,2742,2567,5309,2742,,2567,5309
00826300,AWARD BEAUTY SCHOOL                     ,MD,21740-5624,Proprietary  ,14,50,64,14,,50,64
00830800,CECIL COLLEGE                           ,MD,21901-1999,Public       ,711,684,1395,711,,684,1395
00907906,EVEREST COLLEGE- EVEREST INSTITUTE      ,MD,20910-3737,Proprietary  ,97,279,376,97,,279,376
01001400,GARRETT COMMUNITY COLLEGE               ,MD,21541-1265,Public       ,652,210,862,652,,210,862
01031900,MEDIX SCHOOL                            ,MD,21204-2538,Proprietary  ,159,719,878,159,,719,878
01041000,TESST COLLEGE OF TECHNOLOGY             ,MD,21286-2201,Proprietary  ,98,238,336,98,,238,336
01164400,UNIV OF MARYLAND UNIVERSITY COLLEGE     ,MD,20783-8078,Public       ,1727,15338,17065,1727,,15338,17065
01164402,U OF MD UNIVERSITY COLLEGE - EUROPE     ,MD,20832-0000,Public       ,258,363,621,258,,363,621
01164404,U OF MD UNIVERSITY COLLEGE - ASIA       ,MD,31207-0000,Public       ,63,437,500,63,,437,500
02073900,WOR-WIC COMMUNITY COLLEGE               ,MD,21804-0000,Public       ,963,1171,2134,963,,1171,2134
02083600,TESST COLLEGE OF TECHNOLOGY             ,MD,20705-2698,Proprietary  ,59,171,230,59,,171,230
02127900,SOJOURNER DOUGLASS COLLEGE              ,MD,21205-0000,Private      ,164,1465,1629,164,,1465,1629
02155100,MARYLAND COLLEGE OF ART AND DESIGN      ,MD,20902-0000,Private      ,110,103,213,110,,103,213
02269700,"COLORLAB ACADEMY OF HAIR, THE           ",MD,21014-3639,Proprietary  ,19,24,43,19,,24,43
02331000,MARYLAND BEAUTY ACADEMY OF ESSEX        ,MD,21221-0000,Proprietary  ,42,94,136,42,,94,136
02333000,HAIR ACADEMY                            ,MD,20784-0000,Proprietary  ,37,63,100,37,,63,100
02343800,MONTGOMERY BEAUTY SCHOOL                ,MD,20901-0000,Proprietary  ,44,77,121,44,,77,121
02494700,BALTIMORE STUDIO OF HAIR DESIGN         ,MD,21201-0000,Proprietary  ,64,124,188,64,,124,188
02495000,ROBERT PAUL ACAD COSMTGY ARTS & SCI     ,MD,21093-0000,Proprietary  ,25,23,48,25,,23,48
02495100,MARYLAND BEAUTY ACADEMY                 ,MD,21136-0000,Proprietary  ,13,31,44,13,,31,44
02545400,NORTH AMERICAN TRADE SCHOOLS            ,MD,21244-0069,Proprietary  ,85,309,394,85,,309,394
02573800,"L' ACADEMIE DE CUISINE, INC.            ",MD,20877-0000,Proprietary  ,47,121,168,47,,121,168
02578400,MARYLAND UNIVERSITY OF INTEGRATIVE HEALT,MD,20723-6010,Private      ,9,187,196,9,,187,196
03027200,BLADES SCHOOL OF HAIR DESIGN            ,MD,20619-0226,Proprietary  ,6,27,33,6,,27,33
03064900,AARON'S ACADEMY OF BEAUTY               ,MD,20602-2715,Proprietary  ,19,57,76,19,,57,76
03097200,AESTHETICS INSTITUTE OF COSMETOLOGY     ,MD,20877-1305,Proprietary  ,19,42,61,19,,42,61
03100700,CARROLL COMMUNITY COLLEGE               ,MD,21157-6913,Public       ,867,689,1556,867,,689,1556
03148300,AMERICAN BEAUTY ACADEMY                 ,MD,20902-1911,Proprietary  ,68,131,199,68,,131,199
03296300,BALTIMORE SCHOOL OF MASSAGE             ,MD,21090-2261,Proprietary  ,43,124,167,43,,124,167
03327300,NEW CREATIONS ACADEMY OF HAIR DSN       ,MD,20746-0000,Proprietary  ,14,40,54,14,,40,54
03455500,NATIONAL LABOR COLLEGE                  ,MD,20903-1790,Private      ,4,45,49,4,,45,49
03493300,ALL-STATE CAREER SCHOOL                 ,MD,21224-6658,Proprietary  ,145,562,707,145,,562,707
03667300,FAITH THEOLOGICAL SEMINARY              ,MD,21212-2624,Private      ,4,71,75,4,,71,75
03822400,MAPLE SPRINGS BAPTIST BIBLE COLLEGE & SE,MD,20743-5711,Private      ,4,26,30,4,,26,30
03937300,YESHIVA COLLEGE OF THE NATION'S CAPITAL ,MD,20902-1700,Private      ,6,16,22,6,,16,22
03965500,HAIR EXPRESSIONS ACADEMY                ,MD,20852-1729,Proprietary  ,44,64,108,44,,64,108
04121600,FILA ACADEMY (THE)                      ,MD,21061-1634,Proprietary  ,11,18,29,11,,18,29
04139700,FREDERICK SCHOOL OF COSMETOLOGY         ,MD,21701-0000,Proprietary  ,22,38,60,22,,38,60
04141600,OMEGA STUDIOS' SCHOOL OF APPLIED RECORDI,MD,20852-1731,Proprietary  ,31,60,91,31,,60,91
04151800,TEMPLE (THE): A PAUL MITCHELL PARTNER SC,MD,21701-5409,Proprietary  ,54,59,113,54,,59,113
04167602,FINGER LAKES SCHOOL OF MASSAGE (THE)    ,MD,21701-3030,Proprietary  ,7,18,25,7,,18,25
04168900,HOLISTIC MASSAGE TRAINING INSTITUTE     ,MD,21218-2407,Proprietary  ,14,65,79,14,,65,79
04171501,COSMOPOLITAN BEAUTY & TECH SCHOOL -     ,MD,20143-3370,Proprietary  ,11,20,31,11,,20,31
04188400,BAIS HAMEDRASH AND MESIVTA OF BALTIMORE ,MD,21209-1613,Private      ,33,7,40,33,,7,40
04204000,ASPEN BEAUTY ACADEMY - LAUREL           ,MD,20724-2013,Proprietary  ,12,47,59,12,,47,59
04209600,INSTITUTE OF HEALTH SCIENCES            ,MD,21031-1408,Proprietary  ,18,83,101,18,,83,101
04211700,HARMON'S BEAUTY SCHOOL                  ,MD,20785-2135,Proprietary  ,12,25,37,12,,25,37
00211400,AMERICAN INTERNATIONAL COLLEGE          ,MA,01109-3189,Private      ,1598,1302,2900,1598,,1302,2900
00211500,AMHERST COLLEGE                         ,MA,01002-5000,Private      ,4083,225,4308,4083,,225,4308
00211600,ANDOVER NEWTON THEOLOGICAL SCHOOL       ,MA,02459-0000,Private      ,2,87,89,2,,87,89
00211700,ANNA MARIA COLLEGE                      ,MA,01612-1198,Private      ,1482,306,1788,1482,,306,1788
00211800,ASSUMPTION COLLEGE                      ,MA,01615-1294,Private      ,4125,564,4689,4125,,564,4689
00212000,MERRIMACK COLLEGE                       ,MA,01845-5800,Private      ,5821,350,6171,5821,,350,6171
00212100,BABSON COLLEGE                          ,MA,02457-0310,Private      ,2439,284,2723,2439,,284,2723
00212200,BAY PATH COLLEGE                        ,MA,01106-2212,Private      ,697,1047,1744,697,,1047,1744
00212300,BECKER COLLEGE-WORCESTER                ,MA,01615-0071,Private      ,2242,534,2776,2242,,534,2776
00212400,BENTLEY UNIVERSITY                      ,MA,02452-4705,Private      ,5396,415,5811,5396,,415,5811
00212600,BERKLEE COLLEGE OF MUSIC                ,MA,02215-3693,Private      ,3369,872,4241,3369,,872,4241
00212800,BOSTON COLLEGE                          ,MA,02467-3800,Private      ,14313,4053,18366,14313,,4053,18366
00212900,BOSTON CONSERVATORY OF MUSIC            ,MA,02215-9830,Private      ,910,248,1158,910,,248,1158
00213000,BOSTON UNIVERSITY                       ,MA,02215-1789,Private      ,33907,10795,44702,33907,,10795,44702
00213300,BRANDEIS UNIVERSITY                     ,MA,02453-2700,Private      ,5402,948,6350,5402,,948,6350
00213900,CLARK UNIVERSITY                        ,MA,01610-1473,Private      ,4093,477,4570,4093,,477,4570
00214000,ELMS COLLEGE                            ,MA,01013-2839,Private      ,1178,657,1835,1178,,657,1835
00214100,COLLEGE OF THE HOLY CROSS               ,MA,01610-2395,Private      ,4251,100,4351,4251,,100,4351
00214300,CURRY COLLEGE                           ,MA,02186-2395,Private      ,4641,716,5357,4641,,716,5357
00214400,DEAN COLLEGE                            ,MA,02038-1994,Private      ,1460,179,1639,1460,,179,1639
00214500,EASTERN NAZARENE COLLEGE                ,MA,02170-2999,Private      ,665,338,1003,665,,338,1003
00214507,EASTERN NAZARENE CLG - LEAD PROGRAM     ,MA,02170-0000,Private      ,27,163,190,27,,163,190
00214600,EMERSON COLLEGE                         ,MA,02116-4624,Private      ,6672,1031,7703,6672,,1031,7703
00214700,EMMANUEL COLLEGE                        ,MA,02115-5798,Private      ,4499,267,4766,4499,,267,4766
00214800,ENDICOTT COLLEGE                        ,MA,01915-2098,Private      ,4557,394,4951,4557,,394,4951
00214900,EPISCOPAL DIVINITY SCHOOL               ,MA,02138-0000,Private      ,0,33,33,0,,33,33
00215000,FISHER COLLEGE                          ,MA,02116-1500,Private      ,1122,646,1768,1122,,646,1768
00215100,BENJAMIN FRANKLIN INSTITUTE OF TECH     ,MA,02116-6296,Public       ,333,147,480,333,,147,480
00215300,GORDON COLLEGE                          ,MA,01984-1899,Private      ,1761,113,1874,1761,,113,1874
00215400,HELLENIC COLLEGE                        ,MA,02445-7496,Private      ,30,40,70,30,,40,70
00215500,HARVARD UNIVERSITY                      ,MA,02138-3800,Private      ,3916,625,4541,3916,,625,4541
00215501,AMRCN REPERTORY THTR INST ADV THTR      ,MA,02138-0000,Private      ,4,99,103,4,,99,103
00215502,HARVARD BUSINESS SCHOOL                 ,MA,02163-0000,Private      ,136,997,1133,136,,997,1133
00215503,HARVARD EXTENSION SCHOOL                ,MA,02138-0000,Private      ,60,610,670,60,,610,670
00215504,HARVARD SCH OF DENTAL MEDICINE          ,MA,02115-0000,Private      ,16,113,129,16,,113,129
00215505,HARVARD UNIV GRAD SCH DESIGN            ,MA,02138-0000,Private      ,12,812,824,12,,812,824
00215506,HARVARD DIVINITY SCHOOL                 ,MA,02138-0000,Private      ,9,446,455,9,,446,455
00215507,HARVARD UNIV GRAD SCH ED                ,MA,02138-0000,Private      ,5,997,1002,5,,997,1002
00215508,HARVARD UNIV GRAD S OF ARTS & SCIEN     ,MA,02138-0000,Private      ,33,609,642,33,,609,642
00215509,HARVARD KENNEDY SCHOOL                  ,MA,02138-0000,Private      ,8,1019,1027,8,,1019,1027
00215510,HARVARD LAW SCHOOL                      ,MA,02138-0000,Private      ,77,2187,2264,77,,2187,2264
00215511,HARVARD UNIV MEDICAL SCHOOL             ,MA,02115-0000,Private      ,101,685,786,101,,685,786
00215512,HARVARD UNIV SCH PUBLIC HEALTH          ,MA,02115-0000,Private      ,30,947,977,30,,947,977
00215513,HARVARD UNIVERSITY-HARVARD COLLEGE      ,MA,02138-0000,Private      ,16530,871,17401,16530,,871,17401
00215700,HEBREW COLLEGE                          ,MA,02459-2237,Private      ,1,63,64,1,,63,64
00215800,LASELL COLLEGE                          ,MA,02466-2716,Private      ,2660,296,2956,2660,,296,2956
00216000,LESLEY UNIVERSITY                       ,MA,02138-2790,Private      ,2438,1424,3862,2438,,1424,3862
00216100,UMASS LOWELL                            ,MA,01854-3089,Public       ,12195,3141,15336,12195,,3141,15336
00216400,NEW ENGLAND COLLEGE OF OPTOMETRY        ,MA,02115-1129,Private      ,7,329,336,7,,329,336
00216500,MASS. COLLEGE OF PHARMACY  & HEALTH SCIE,MA,02115-5804,Private      ,5020,3114,8134,5020,,3114,8134
00216700,BERKSHIRE COMMUNITY COLLEGE             ,MA,01201-5786,Public       ,363,458,821,363,,458,821
00216800,CAPE COD COMMUNITY COLLEGE              ,MA,02668-1599,Public       ,668,792,1460,668,,792,1460
00216900,GREENFIELD COMMUNITY COLLEGE            ,MA,01301-9739,Public       ,362,548,910,362,,548,910
00217000,HOLYOKE COMMUNITY COLLEGE               ,MA,01040-1099,Public       ,1770,1693,3463,1770,,1693,3463
00217100,MASSACHUSETTS BAY COMMUNITY COLLEGE     ,MA,02181-0000,Public       ,1101,1014,2115,1101,,1014,2115
00217200,MOUNT WACHUSETT COMMUNITY COLLEGE       ,MA,01440-1000,Public       ,1004,1327,2331,1004,,1327,2331
00217300,NORTH SHORE COMMUNITY COLLEGE           ,MA,01923-4093,Public       ,1345,1423,2768,1345,,1423,2768
00217400,NORTHERN ESSEX COMMUNITY COLLEGE        ,MA,01830-2399,Public       ,1422,1358,2780,1422,,1358,2780
00217500,QUINSIGAMOND COMMUNITY COLLEGE          ,MA,01606-2092,Public       ,2267,2750,5017,2267,,2750,5017
00217600,BRISTOL COMMUNITY COLLEGE               ,MA,02720-7399,Public       ,2186,2295,4481,2186,,2295,4481
00217700,MASSASOIT COMMUNITY COLLEGE             ,MA,02302-3996,Public       ,1658,1660,3318,1658,,1660,3318
00217800,MASSACHUSETTS INST OF TECHNOLOGY        ,MA,02139-4307,Private      ,11006,1902,12908,11006,,1902,12908
00218000,MASSACHUSETTS COLLEGE OF ART AND DESIGN ,MA,02115-5803,Public       ,2089,536,2625,2089,,536,2625
00218100,MASSACHUSETTS MARITIME ACADEMY          ,MA,02532-3400,Public       ,1135,73,1208,1135,,73,1208
00218300,BRIDGEWATER STATE COLLEGE               ,MA,02325-0001,Public       ,9794,2283,12077,9794,,2283,12077
00218400,FITCHBURG STATE UNIVERSITY              ,MA,01420-2697,Public       ,5694,1029,6723,5694,,1029,6723
00218500,FRAMINGHAM STATE COLLEGE                ,MA,01702-2471,Public       ,6192,968,7160,6192,,968,7160
00218700,MASSACHUSETTS CLG OF LIBERAL ARTS       ,MA,01247-4100,Public       ,2198,332,2530,2198,,332,2530
00218800,SALEM STATE UNIVERSITY                  ,MA,01970-5353,Public       ,7539,2269,9808,7539,,2269,9808
00218900,WESTFIELD STATE COLLEGE                 ,MA,01086-1630,Public       ,7132,1213,8345,7132,,1213,8345
00219000,WORCESTER STATE COLLEGE                 ,MA,01602-2597,Public       ,5575,1570,7145,5575,,1570,7145
00219200,MOUNT HOLYOKE COLLEGE                   ,MA,01075-1492,Private      ,1954,226,2180,1954,,226,2180
00219300,MOUNT IDA COLLEGE                       ,MA,02459-3323,Private      ,1461,241,1702,1461,,241,1702
00219400,NEW ENGLAND CONSERVATORY OF MUSIC       ,MA,02115-5018,Private      ,668,511,1179,668,,511,1179
00219700,NICHOLS COLLEGE                         ,MA,01571-6346,Private      ,1934,213,2147,1934,,213,2147
00219900,NORTHEASTERN UNIVERSITY                 ,MA,02115-5000,Private      ,30651,7079,37730,30651,,7079,37730
00220100,PINE MANOR COLLEGE                      ,MA,02167-0000,Private      ,274,86,360,274,,86,360
00220500,QUINCY COLLEGE                          ,MA,02169-4324,Public       ,823,1492,2315,823,,1492,2315
00220600,REGIS COLLEGE                           ,MA,02193-0000,Private      ,1795,505,2300,1795,,505,2300
00220800,SIMMONS COLLEGE                         ,MA,02115-5898,Private      ,2849,2682,5531,2849,,2682,5531
00220900,SMITH COLLEGE                           ,MA,01063-2936,Private      ,3304,385,3689,3304,,385,3689
00220901,"SMITH COLLEGE, SCH FOR SOCIAL WORK      ",MA,01063-0000,Private      ,9,455,464,9,,455,464
00221000,UNIV OF MASSACHUSETTS-DARTMOUTH         ,MA,02747-2300,Public       ,10859,2522,13381,10859,,2522,13381
00221100,SPRINGFIELD COLLEGE                     ,MA,01109-3797,Private      ,3136,1850,4986,3136,,1850,4986
00221400,ST JOHN'S SEMINARY                      ,MA,02135-8839,Private      ,1,6,7,1,,6,7
00221700,STONEHILL COLLEGE                       ,MA,02357-6110,Private      ,5511,139,5650,5511,,139,5650
00221800,SUFFOLK UNIVERSITY                      ,MA,02108-2770,Private      ,7035,2747,9782,7035,,2747,9782
00221900,TUFTS UNIVERSITY                        ,MA,02155-5808,Private      ,10012,1660,11672,10012,,1660,11672
00221901,TUFTS UNIV SCH OF DENTAL MEDICINE       ,MA,02111-0000,Private      ,29,447,476,29,,447,476
00221902,TUFTS UNIVERSITY - CUMMINGS SCHOOL OF VE,MA,01536-0000,Private      ,26,353,379,26,,353,379
00221904,TUFTS UNIV SCHOOL OF MEDICINE           ,MA,02111-0000,Private      ,75,1676,1751,75,,1676,1751
00222100,UNIV OF MASSACHUSETTS-AMHERST           ,MA,01003-0000,Public       ,35727,4598,40325,35727,,4598,40325
00222200,UNIV OF MASSACHUSETTS-BOSTON            ,MA,02125-3393,Public       ,10209,5696,15905,10209,,5696,15905
00222400,WELLESLEY COLLEGE                       ,MA,02481-8203,Private      ,2827,145,2972,2827,,145,2972
00222500,WENTWORTH INSTITUTE OF TECHNOLOGY       ,MA,02115-5998,Private      ,5379,496,5875,5379,,496,5875
00222600,WESTERN NEW ENGLAND UNIVERSITY          ,MA,01119-2654,Private      ,5356,975,6331,5356,,975,6331
00222700,WHEATON COLLEGE                         ,MA,02766-2322,Private      ,2288,79,2367,2288,,79,2367
00222800,WHEELOCK COLLEGE                        ,MA,02215-4176,Private      ,1341,464,1805,1341,,464,1805
00222900,WILLIAMS COLLEGE                        ,MA,01267-2600,Private      ,3090,83,3173,3090,,83,3173
00223300,WORCESTER POLYTECHNIC INSTITUTE         ,MA,01609-2280,Private      ,7618,401,8019,7618,,401,8019
00267104,BARD COLLEGE - LONGY SCHOOL OF MUSIC    ,MA,02138-3599,Private      ,34,92,126,34,,92,126
00396500,BAY STATE COLLEGE                       ,MA,02116-2901,Proprietary  ,777,662,1439,777,,662,1439
00396600,BOSTON ARCHITECTURAL COLLEGE            ,MA,02115-2795,Private      ,168,263,431,168,,263,431
00466100,HAMPSHIRE COLLEGE                       ,MA,01002-3359,Private      ,1940,135,2075,1940,,135,2075
00466600,SALTER COLLEGE                          ,MA,01583-1700,Proprietary  ,57,381,438,57,,381,438
00466700,SCHOOL OF MUSEUM OF FINE ARTS           ,MA,02115-5534,Private      ,421,192,613,421,,192,613
00466900,UPPER CAPE COD REGIONAL VOC TECH        ,MA,02532-3310,Public       ,16,56,72,16,,56,72
00527900,GREATER LOWELL REGNL VOC TECH SCH       ,MA,01879-0000,Public       ,13,49,62,13,,49,62
00551900,DIMAN REGIONAL VOC TECH INST            ,MA,02723-3519,Public       ,21,96,117,21,,96,117
00552300,BLUE HILLS REGIONAL VOC TECH            ,MA,02021-1398,Public       ,16,53,69,16,,53,69
00555700,MCCANN TECHNICAL SCHOOL                 ,MA,01247-0000,Public       ,11,22,33,11,,22,33
00613600,NATIONAL AVIATION ACADEMY - NEW ENGLAND ,MA,01730-2620,Proprietary  ,46,89,135,46,,89,135
00632200,BROCKTON HOSPITAL SCH OF NURSING        ,MA,02302-0000,Private      ,91,245,336,91,,245,336
00632400,LABOURE COLLEGE                         ,MA,02124-5698,Private      ,101,368,469,101,,368,469
00633100,LAWRENCE MEM HOSPITAL SCH OF NRSNG      ,MA,02155-1643,Private      ,25,136,161,25,,136,161
00635200,BAYSTATE MEDICAL CENTER                 ,MA,01199-0001,Private      ,20,45,65,20,,45,65
00687300,MARIAN COURT COLLEGE                    ,MA,01907-2896,Private      ,72,43,115,72,,43,115
00748100,GIBBS COLLEGE                           ,MA,02116-2904,Proprietary  ,6,12,18,6,,12,18
00748400,NEWBURY COLLEGE                         ,MA,02445-5796,Private      ,1626,189,1815,1626,,189,1815
00748600,THE NEW ENGLAND INSTITUTE OF ART        ,MA,02445-7295,Proprietary  ,433,178,611,433,,178,611
00748800,KAPLAN CAREER INSTITUTE                 ,MA,02129-1644,Proprietary  ,1,12,13,1,,12,13
00807800,SPRINGFIELD TECHNICAL COMMUNITY CLG     ,MA,01105-0000,Public       ,1604,1920,3524,1604,,1920,3524
00809002,EVEREST COLLEGE - EVEREST INSTITUTE     ,MA,02150-2333,Proprietary  ,21,78,99,21,,78,99
00891600,NEW ENGLAND SCHOOL OF LAW               ,MA,02116-0000,Private      ,20,943,963,20,,943,963
00964500,BARD COLLEGE AT SIMON'S ROCK            ,MA,01230-9702,Private      ,229,4,233,229,,4,233
00974700,GORDON-CONWELL THEOLOGICAL SEMINARY     ,MA,01982-0000,Private      ,5,191,196,5,,191,196
00975600,UNIVERSITY OF MASS MEDICAL CENTER       ,MA,01655-0000,Public       ,40,434,474,40,,434,474
00987700,HENRI'S SCHOOL OF HAIR DESIGN           ,MA,01420-5675,Proprietary  ,12,14,26,12,,14,26
00989900,LOWELL ACADEMY HAIRSTYLING INST         ,MA,01852-1909,Proprietary  ,17,23,40,17,,23,40
00993600,MIDDLESEX COMMUNITY COLLEGE             ,MA,01730-1197,Public       ,769,591,1360,769,,591,1360
00993602,"MIDDLESEX COMMUNITY COLLEGE, LOWELL     ",MA,01852-0000,Public       ,1341,1082,2423,1341,,1082,2423
01121000,BUNKER HILL COMMUNITY COLLEGE           ,MA,02129-2991,Public       ,2937,3913,6850,2937,,3913,6850
01151000,EVEREST INSTITUTE                       ,MA,02135-7638,Proprietary  ,12,49,61,12,,49,61
01193000,ROXBURY COMMUNITY COLLEGE               ,MA,02120-3400,Public       ,382,1014,1396,382,,1014,1396
01204200,MANSFIELD BEAUTY SCHOOLS                ,MA,02169-5061,Proprietary  ,6,14,20,6,,14,20
01206800,MANSFIELD BEAUTY SCHOOL                 ,MA,01103-1410,Proprietary  ,10,18,28,10,,18,28
01218700,BLACKSTONE VALLEY VOCATIONAL REGIONAL SC,MA,01568-1499,Public       ,4,29,33,4,,29,33
01238600,SOUTHEASTERN TECHNICAL INSTITUTE        ,MA,02375-1780,Public       ,21,77,98,21,,77,98
01246108,LINCOLN TECHNICAL INSTITUTE - BROCKTON  ,MA,02401-1818,Proprietary  ,39,93,132,39,,93,132
01246114,LINCOLN TECHNICAL INSTITUTE - LOWELL    ,MA,01852-5119,Proprietary  ,49,93,142,49,,93,142
01246115,LINCOLN TECHNICAL INSTITUTE - SOMERVILLE,MA,02145-1102,Proprietary  ,28,78,106,28,,78,106
01288100,MONTACHUSETT REG VOC TECH SCH           ,MA,01420-4649,Public       ,22,48,70,22,,48,70
01294800,ROB ROY ACADEMY                         ,MA,02721-5330,Proprietary  ,9,13,22,9,,13,22
02063000,MONTSERRAT COLLEGE OF ART               ,MA,01915-0000,Private      ,543,40,583,543,,40,583
02079400,EMPIRE BEAUTY SCHOOL                    ,MA,01702-5232,Proprietary  ,158,365,523,158,,365,523
02092100,MASSACHUSETTS SCHOOL OF BARBERING       ,MA,02169-5058,Proprietary  ,9,22,31,9,,22,31
02122000,NEW ENGLAND HAIR ACADEMY                ,MA,02148-0000,Proprietary  ,12,19,31,12,,19,31
02137000,ROB ROY ACADEMY                         ,MA,02780-0000,Proprietary  ,6,7,13,6,,7,13
02137200,MASS GEN HOSP DIETETIC INTERNSHIP       ,MA,02114-0000,Private      ,2,18,20,2,,18,20
02163500,NEW ENGLAND SCHOOL OF PHOTOGRAPHY       ,MA,02215-0000,Proprietary  ,39,43,82,39,,43,82
02163600,MASS SCH OF PROFESSIONAL PSYCHOLOGY     ,MA,02132-0000,Private      ,16,521,537,16,,521,537
02169900,ASSABET VALLEY REGIONAL VOC SCHOOL      ,MA,01752-0000,Public       ,9,45,54,9,,45,54
02181600,ROB ROY ACADEMY                         ,MA,01609-0000,Proprietary  ,6,24,30,6,,24,30
02182900,CAMBRIDGE COLLEGE                       ,MA,02138-5304,Private      ,152,800,952,152,,800,952
02197900,NORTH BENNET STREET SCHOOL              ,MA,02113-0000,Private      ,28,76,104,28,,76,104
02215100,HALLMARK INSTITUTE OF PHOTOGRAPHY       ,MA,01376-0000,Proprietary  ,63,45,108,63,,45,108
02219501,MILDRED ELLEY - PITTSFIELD              ,MA,01201-5300,Proprietary  ,7,30,37,7,,30,37
02220400,CATHERINE HINDS INST OF ESTHETICS       ,MA,01801-0000,Proprietary  ,15,51,66,15,,51,66
02231600,MGH INSTITUTE OF HEALTH PROFESSION      ,MA,02129-0000,Private      ,45,935,980,45,,935,980
02274300,CONWAY SCHOOL OF LANDSCAPE DESIGN       ,MA,01341-0179,Private      ,2,13,15,2,,13,15
02325700,LABARON HAIRDRESSING ACADEMY            ,MA,02740-0000,Proprietary  ,5,6,11,5,,6,11
02325800,LABARON HAIRDRESSING ACAD-BROCKTON      ,MA,02301-0000,Proprietary  ,6,8,14,6,,8,14
02337400,BANCROFT SCHOOL OF MASSAGE THERAPY      ,MA,01604-4614,Proprietary  ,7,33,40,7,,33,40
02338200,BAY STATE SCHOOL OF TECHNOLOGY          ,MA,02021-0000,Proprietary  ,17,31,48,17,,31,48
02339400,ROB ROY ACADEMY                         ,MA,02746-0000,Proprietary  ,4,4,8,4,,4,8
02491700,CORTIVA INSTITUTE -  BOSTON             ,MA,02472-2577,Proprietary  ,7,23,30,7,,23,30
02523900,ELIZABETH GRADY SCHOOL OF ESTHETICS     ,MA,02155-0000,Proprietary  ,17,63,80,17,,63,80
02579800,NEW ENGLAND SCHOOL OF ACUPUNCTURE       ,MA,02458-0000,Private      ,0,45,45,0,,45,45
02616704,LE CORDON BLEU COLLEGE OF CULINARY ARTS ,MA,02142-1221,Proprietary  ,101,100,201,101,,100,201
03066700,AILANO SCHOOL OF COSMETOLOGY            ,MA,02303-4740,Proprietary  ,6,10,16,6,,10,16
03104000,SHAWSHEEN ADULT TECHNICAL INSTITUTE     ,MA,01821-5499,Public       ,10,23,33,10,,23,33
03115200,MOTORING TECHNICAL TRAINING INST        ,MA,02771-5933,Proprietary  ,55,75,130,55,,75,130
03120800,KAY HARVEY HAIRDRESSING ACADEMY         ,MA,01089-2701,Proprietary  ,12,12,24,12,,12,24
03130500,URBAN COLLEGE OF BOSTON                 ,MA,02111-1093,Private      ,20,164,184,20,,164,184
03194300,BOSTON GRAD SCH OF PSYCHOANALYSIS       ,MA,02446-4602,Private      ,1,25,26,1,,25,26
03205400,JOLIE HAIR & BEAUTY ACADEMY             ,MA,01056-2769,Proprietary  ,8,14,22,8,,14,22
03235300,MASSACHUSETTS SCHOOL OF LAW             ,MA,01810-1094,Private      ,2,184,186,2,,184,186
03240300,TONI & GUY HAIRDRESSING ACADEMY         ,MA,01605-2213,Proprietary  ,23,21,44,23,,21,44
03240301,TONI & GUY HAIRDRESSING ACADEMY - BRAINT,MA,02184-2807,Proprietary  ,16,17,33,16,,17,33
03248300,BOSTON BAPTIST COLLEGE                  ,MA,02136-4030,Private      ,34,27,61,34,,27,61
03316400,FUNERAL INSTITUTE OF THE NORTHEAST      ,MA,02062-4766,Proprietary  ,10,33,43,10,,33,43
03504300,NATL GRAD SCH OF QUALITY SYSTM MGMT     ,MA,02540-0000,Private      ,0,28,28,0,,28,28
03570500,NORTHPOINT BIBLE COLLEGE                ,MA,01835-0000,Private      ,87,63,150,87,,63,150
03763300,MEDICAL PROFESSIONAL INSTITUTE          ,MA,02148-8143,Proprietary  ,15,124,139,15,,124,139
03859300,E.I.N.E.                                ,MA,01876-4709,Proprietary  ,1,18,19,1,,18,19
03927303,BRIO ACADEMY OF COSMETOLOGY - NORTHHAMPT,MA,01060-3947,Proprietary  ,12,17,29,12,,17,29
03946300,FRANKLIN W. OLIN COLLEGE OF ENGINEERING ,MA,02492-1200,Private      ,524,11,535,524,,11,535
03965300,NEW ENGLAND COLLEGE OF FINANCE          ,MA,02110-1605,Proprietary  ,46,272,318,46,,272,318
04039300,SULLIVAN AND COGLIANO TRAINING CENTER   ,MA,02301-4921,Proprietary  ,3,136,139,3,,136,139
04116900,DIGRIGOLI SCHOOL OF COSMETOLOGY         ,MA,01089-4623,Proprietary  ,19,14,33,19,,14,33
04122000,TRI COUNTY REGIONAL VOCATIONAL TECHNICAL,MA,02038-0000,Public       ,12,30,42,12,,30,42
04128000,MILLENNIUM TRAINING INSTITUTE           ,MA,01801-6386,Proprietary  ,0,25,25,0,,25,25
04128900,CENTRAL MASS SCHOOL OF MASSAGE AND THERA,MA,01562-1712,Proprietary  ,4,5,9,4,,5,9
04143200,HULT INTERNATIONAL BUSINESS SCHOOL      ,MA,02141-1805,Private      ,81,128,209,81,,128,209
04153200,SOUTHERN WORCESTER COUNTY REGIONAL VOC S,MA,01507-1331,Public       ,6,18,24,6,,18,24
04193100,ALEXANDER ACADEMY                       ,MA,01420-0000,Proprietary  ,8,12,20,8,,12,20
04229200,JUPITER BEAUTY ACADEMY                  ,MA,02122-2834,Proprietary  ,4,5,9,4,,5,9
00401200,HEBREW UNIVERSITY OF JERUSALEM (THE)    ,FC,00000-0000,Public       ,10,29,39,10,,29,39
00403000,UNIVERSITY OF CAMBRIDGE                 ,FC,00000-0000,Public       ,10,48,58,10,,48,58
00503400,AMERICAN UNIVERSITY OF CAIRO            ,FC,00000-0000,Private      ,21,48,69,21,,48,69
00667100,KATHOLIEKE UNIVERSITEIT LEUVEN          ,FC,00000-0000,Private      ,0,24,24,0,,24,24
00669000,UNIVERSITY OF COPENHAGEN                ,FC,00000-0000,Public       ,2,27,29,2,,27,29
00669100,UNIVERSITY OF CAMBRIDGE - PEMBROKE      ,FC,00000-0000,Public       ,0,4,4,0,,4,4
00669200,UNIVERSITY OF LEEDS                     ,FC,00000-0000,Public       ,21,55,76,21,,55,76
00669300,UNIV OF LONDON-LONDON SCHOOL ECON       ,FC,00000-0000,Public       ,12,225,237,12,,225,237
00669400,UNIVERSITY OF LONDON - SCHOOL OF ORIENTA,FC,00000-0000,Public       ,9,93,102,9,,93,102
00669500,UNIV OF LONDON-UNIVERSITY COLLEGE       ,FC,00000-0000,Public       ,40,231,271,40,,231,271
00669600,UNIV OF LONDON-SCH ADVANCED STUDY       ,FC,00000-0000,Public       ,0,5,5,0,,5,5
00669700,"QUEEN MARY, UNIVERSITY OF LONDON        ",FC,00000-0000,Public       ,34,91,125,34,,91,125
00669900,UNIVERSITY OF SUSSEX                    ,FC,00000-0000,Public       ,13,42,55,13,,42,55
00670000,"UNIVERSITY OF YORK, THE                 ",FC,00000-0000,Public       ,22,94,116,22,,94,116
00670400,UNIVERSITY COLLEGE CORK                 ,FC,00000-0000,Public       ,17,42,59,17,,42,59
00671300,UPPSALA UNIVERSITY                      ,FC,00000-0000,Public       ,5,26,31,5,,26,31
00671500,UNIVERSITY OF GENEVA                    ,FC,00000-0000,Public       ,0,59,59,0,,59,59
00683900,UNIVERSITY OF EDINBURGH                 ,FC,00000-0000,Public       ,184,377,561,184,,377,561
00684200,UNIVERSITY OF DUBLIN TRINITY COLLEG     ,FC,00000-0000,Public       ,45,104,149,45,,104,149
00763200,UNIVERSITY OF BRISTOL                   ,FC,00000-0000,Public       ,21,47,68,21,,47,68
00768100,COLLEGE OF EUROPE                       ,FC,00000-0000,Private      ,0,6,6,0,,6,6
00770500,ROYAL COLLEGE OF SURGEONS IN IRELAN     ,FC,00000-0000,Private      ,6,14,20,6,,14,20
00788100,AMERICAN UNIVERSITY OF PARIS            ,FC,00000-0000,Private      ,399,178,577,399,,178,577
00837100,AMERICAN UNIVERSITY OF BEIRUT           ,FC,00000-0000,Private      ,36,27,63,36,,27,63
00837300,TEL-AVIV UNIVERSITY                     ,FC,00000-0000,Public       ,13,41,54,13,,41,54
00837600,VRIJE UNIVERSITEIT AMSTERDAM            ,FC,00000-0000,Public       ,4,23,27,4,,23,27
00837700,UNIVERSITEIT VAN AMSTERDAM(UNIVERSI     ,FC,00000-0000,Public       ,8,70,78,8,,70,78
00838000,UNIVERSITY OF WARWICK                   ,FC,00000-0000,Public       ,8,37,45,8,,37,45
00838300,UNIVERSITY OF GLASGOW                   ,FC,00000-0000,Public       ,60,201,261,60,,201,261
00839300,UNIVERSITY OF OSLO                      ,FC,00000-0000,Public       ,6,15,21,6,,15,21
00839400,UNIVERSITY OF OXFORD                    ,FC,00000-0000,Public       ,16,139,155,16,,139,155
00839800,UNIVERSITY OF SHEFFIELD (THE)           ,FC,00000-0000,Public       ,9,46,55,9,,46,55
00839900,UNIVERSITY OF SOUTHAMPTON               ,FC,00000-0000,Public       ,9,41,50,9,,41,50
00845200,ABERYSTWYTH UNIVERSITY                  ,FC,00000-0000,Public       ,20,42,62,20,,42,62
00845800,LOUGHBOROUGH UNIVERSITY                 ,FC,00000-0000,Public       ,2,8,10,2,,8,10
00846000,UNIVERSITY OF NEWCASTLE UPON TYNE       ,FC,00000-0000,Public       ,20,52,72,20,,52,72
00846100,UNIVERSITY OF SAINT ANDREWS             ,FC,00000-0000,Private      ,242,85,327,242,,85,327
00850500,UNIVERSITY OF MELBOURNE                 ,FC,00000-0000,Public       ,10,74,84,10,,74,84
00858600,SWANSEA UNIVERSITY                      ,FC,00000-0000,Public       ,10,29,39,10,,29,39
00858700,UNIVERSITY OF DURHAM                    ,FC,00000-0000,Public       ,22,109,131,22,,109,131
00866500,UNIVERSITY OF KENT AT CANTERBURY (THE)  ,FC,00000-0000,Public       ,34,86,120,34,,86,120
00867000,UNIVERSITY OF NEW SOUTH WALES           ,FC,00000-0000,Public       ,11,41,52,11,,41,52
00868700,UNIVERSITY OF ESSEX                     ,FC,00000-0000,Public       ,27,98,125,27,,98,125
00869300,CITY UNIVERSITY                         ,FC,00000-0000,Public       ,22,99,121,22,,99,121
00890800,THE UNIVERSITY OF BIRMINGHAM            ,FC,00000-0000,Public       ,23,66,89,23,,66,89
00891000,UNIVERSITY OF HULL                      ,FC,00000-0000,Public       ,4,7,11,4,,7,11
00892000,UNIVERSITY OF NOTTINGHAM                ,FC,00000-0000,Public       ,20,50,70,20,,50,70
00900600,UNIVERSITY OF SALFORD (THE)             ,FC,00000-0000,Public       ,8,9,17,8,,9,17
00908400,"UNIV OF LONDON, BIRKBECK                ",FC,00000-0000,Public       ,5,47,52,5,,47,52
00908500,UNIV OF LONDON KING'S COLLEGE           ,FC,00000-0000,Public       ,108,225,333,108,,225,333
00908600,UNIVERSITY OF LONDON - ROYAL HOLLOWAY   ,FC,00000-0000,Public       ,26,44,70,26,,44,70
00914300,BAR-ILAN UNIVERSITY                     ,FC,00000-0000,Private      ,7,9,16,7,,9,16
00924900,UNIVERSITY OF LIVERPOOL                 ,FC,00000-0000,Public       ,15,60,75,15,,60,75
00936800,UNIVERSITY OF ABERDEEN                  ,FC,00000-0000,Public       ,40,78,118,40,,78,118
00942300,ROYAL COLLEGE OF ART                    ,FC,00000-0000,Public       ,4,26,30,4,,26,30
00942800,TECHNION-ISRAEL INST OF TECHLGY         ,FC,00000-0000,Public       ,2,19,21,2,,19,21
00944200,UNIVERSITY OF EXETER                    ,FC,00000-0000,Public       ,22,54,76,22,,54,76
00944400,UNIVERSITY OF LANCASTER                 ,FC,00000-0000,Public       ,9,22,31,9,,22,31
00963400,UNIVERSITY OF OXFORD ST CATHERINE'S     ,FC,00000-0000,Public       ,1,1,2,1,,1,2
00980800,UNIVERSITY OF STRATHCLYDE               ,FC,00000-0000,Public       ,11,26,37,11,,26,37
00986000,UNIVERSITY OF SURREY                    ,FC,00000-0000,Public       ,11,28,39,11,,28,39
00988800,KAROLINSKA INSTITUTET                   ,FC,00000-0000,Public       ,0,9,9,0,,9,9
00990600,PONTIFICAL NORTH AMERICAN COLLEGE       ,FC,00000-0000,Private      ,0,2,2,0,,2,2
00992700,UNIVERSITY OF CAMBRIDGE - FITZWILLI     ,FC,00000-0000,Public       ,0,1,1,0,,1,1
01006700,LUND UNIVERSITY                         ,FC,00000-0000,Public       ,9,57,66,9,,57,66
01008400,UNIVERSITY OF CAPE TOWN                 ,FC,00000-0000,Public       ,8,37,45,8,,37,45
01008800,UNIVERSITY OF OXFORD - CORPUS CHRIS     ,FC,00000-0000,Public       ,1,2,3,1,,2,3
01008900,CENTRAL SCHOOL OF SPEECH AND DRAMA      ,FC,00000-0000,Private      ,15,38,53,15,,38,53
01009000,UNIVERSITY OF OXFORD - BALLIOL COLL     ,FC,00000-0000,Public       ,1,5,6,1,,5,6
01014300,UNIVERSITY OF READING                   ,FC,00000-0000,Public       ,7,28,35,7,,28,35
01015700,CARDIFF UNIVERSITY                      ,FC,00000-0000,Public       ,23,40,63,23,,40,63
01015900,PONTIFICIA UNIVERSITA GREGORIANA        ,FC,00000-0000,Private      ,1,1,2,1,,1,2
01016000,CG JUNG INST                            ,FC,00000-0000,Private      ,0,1,1,0,,1,1
01018800,UNIVERSITY COLLEGE DUBLIN               ,FC,00000-0000,Public       ,52,149,201,52,,149,201
01019000,UNIVERSITY OF CAMBRIDGE CHURCHILL C     ,FC,00000-0000,Public       ,1,1,2,1,,1,2
01022800,UNIVERSITY OF STIRLING                  ,FC,00000-0000,Public       ,23,31,54,23,,31,54
01033200,UNIVERSITY OF CAMBRIDGE - CLARE COL     ,FC,00000-0000,Public       ,1,5,6,1,,5,6
01045600,UNIVERSITY OF HAIFA                     ,FC,00000-0000,Public       ,3,26,29,3,,26,29
01047200,INST EUROPEEN OPEEN D'ADMINISTRATIO     ,FC,00000-0000,Private      ,0,27,27,0,,27,27
01049300,CRANFIELD UNIVERSITY                    ,FC,00000-0000,Public       ,0,13,13,0,,13,13
01052000,TRINITY LABAN CONSERVATOIRE OF MUSIC AND,FC,00000-0000,Public       ,3,7,10,3,,7,10
01052500,UNIVERSITY OF HERTFORDSHIRE             ,FC,00000-0000,Public       ,26,15,41,26,,15,41
01057400,LONDON INTRNTL FILM SCHOOL              ,FC,00000-0000,Private      ,7,9,16,7,,9,16
01058800,AUSTRALIAN NATIONAL UNIVERSITY          ,FC,00000-0000,Public       ,7,20,27,7,,20,27
01058900,BANGOR UNIVERSITY                       ,FC,00000-0000,Public       ,14,16,30,14,,16,30
01059400,"RICHMOND, THE AMERICAN INT UNI IN LONDON",FC,00000-0000,Private      ,319,48,367,319,,48,367
01059900,INST D'ETUDES POLITIQUES DE PARIS       ,FC,00000-0000,Public       ,7,79,86,7,,79,86
01068100,MACQUARIE UNIVERSITY                    ,FC,00000-0000,Public       ,4,8,12,4,,8,12
01069200,UNIVERSITY OF QUEENSLAND (THE)          ,FC,00000-0000,Public       ,7,88,95,7,,88,95
01079700,"NATIONAL UNIVERSITY OF IRELAND, MAY     ",FC,00000-0000,Public       ,8,7,15,8,,7,15
01081600,KINGSTON UNIVERSITY                     ,FC,00000-0000,Public       ,46,120,166,46,,120,166
01083800,UNIVERSITITY OF BERGEN (UOB)            ,FC,00000-0000,Public       ,3,4,7,3,,4,7
01086400,UNIV OF DUNDEE                          ,FC,00000-0000,Public       ,3,21,24,3,,21,24
01086600,UNIVERSITY OF OXFORD - MAGDALEN COLLEGE ,FC,00000-0000,Public       ,1,8,9,1,,8,9
01086700,UNIVERSITY OF OXFORD ST JOHN'S COLL     ,FC,00000-0000,Public       ,0,2,2,0,,2,2
01091400,MONASH UNIVERSITY                       ,FC,00000-0000,Public       ,3,17,20,3,,17,20
01091500,UNIV OF EAST ANGLIA                     ,FC,00000-0000,Public       ,18,48,66,18,,48,66
01094200,UNIVERSITY OF OXFORD - ST HUGH'S CO     ,FC,00000-0000,Public       ,0,1,1,0,,1,1
01097700,UNIVERSIDAD CENTRAL DEL ESTE            ,FC,00000-0000,Private      ,11,49,60,11,,49,60
01098000,SOMERVILLE COLLEGE                      ,FC,00000-0000,Public       ,0,1,1,0,,1,1
01099900,UNIV OF OXFORD - WADHAM COLLEGE         ,FC,00000-0000,Public       ,0,3,3,0,,3,3
01104400,PONTIFICIA UNIVERSITA SAN TOMMASO       ,FC,00000-0000,Private      ,0,1,1,0,,1,1
01105300,UNIVERSITY OF OXFORD - ST HILDA'S C     ,FC,00000-0000,Public       ,0,1,1,0,,1,1
01105400,UNIVERSITY OF OXFORD - ST ANNE'S CO     ,FC,00000-0000,Public       ,1,3,4,1,,3,4
01105500,UNIV OF OXFORD - LADY MARGARET HALL     ,FC,00000-0000,Public       ,0,2,2,0,,2,2
01105600,UNIVERSITY OF OXFORD - UNIVERSITY C     ,FC,00000-0000,Public       ,9,25,34,9,,25,34
01105700,UNIVERSITY OF OXFORD - TRINITY COLL     ,FC,00000-0000,Public       ,1,3,4,1,,3,4
01105800,UNIVERSITY OF OXFORD-ST EDMUND HALL     ,FC,00000-0000,Public       ,1,4,5,1,,4,5
01105900,UNIVERSITY OF OXFORD ST ANTONY'S CO     ,FC,00000-0000,Public       ,0,7,7,0,,7,7
01106000,UNIVERSITY OF OXFORD - QUEEN'S COLL     ,FC,00000-0000,Public       ,0,3,3,0,,3,3
01106100,UNIVERSITY OF OXFORD - PEMBROKE COL     ,FC,00000-0000,Public       ,0,2,2,0,,2,2
01106200,UNIVERSITY OF OXFORD - ORIEL COLLEG     ,FC,00000-0000,Public       ,0,2,2,0,,2,2
01106400,UNIVERSITY OF OXFORD - NEW COLLEGE      ,FC,00000-0000,Public       ,3,4,7,3,,4,7
01106500,UNIVERSITY OF OXFORD MERTON COLLEGE     ,FC,00000-0000,Public       ,0,2,2,0,,2,2
01106600,UNIVERSITY OF OXFORD - LINCOLN COLL     ,FC,00000-0000,Public       ,0,2,2,0,,2,2
01106700,UNIVERSITY OF OXFORD - KEBLE COLLEG     ,FC,00000-0000,Public       ,0,2,2,0,,2,2
01106800,UNIVERSITY OF OXFORD - JESUS COLLEG     ,FC,00000-0000,Public       ,0,2,2,0,,2,2
01107000,UNIVERSITY OF OXFORD EXETER COLLEGE     ,FC,00000-0000,Public       ,1,5,6,1,,5,6
01107100,UNIV OF OXFORD - CHRIST CHURCH          ,FC,00000-0000,Public       ,0,3,3,0,,3,3
01107200,UNIVERSITY OF OXFORD - BRASENOSE CO     ,FC,00000-0000,Public       ,0,6,6,0,,6,6
01109100,FLINDERS UNIVERSITY OF S AUSTRALIA      ,FC,00000-0000,Public       ,1,13,14,1,,13,14
01109400,UNIVERSITY OF WESTERN AUSTRALIA (THE)   ,FC,00000-0000,Public       ,1,13,14,1,,13,14
01121400,UNIVERSITY OF THE WITWATERSRAND         ,FC,00000-0000,Public       ,2,9,11,2,,9,11
01122600,AARHUS UNIVERSITY                       ,FC,00000-0000,Public       ,2,14,16,2,,14,16
01156700,"IMPERIAL COLLEGE OF SCIENCE, TECHNOLOGY ",FC,00000-0000,Public       ,16,36,52,16,,36,52
01167900,UNIVERSITY OF BATH                      ,FC,00000-0000,Public       ,17,13,30,17,,13,30
01168300,FRANKLIN COLLEGE  SWITZERLAND           ,FC,00000-0000,Private      ,276,13,289,276,,13,289
01175800,UNIV OF CAMBRIDGE - PETERHOUSE          ,FC,00000-0000,Public       ,0,1,1,0,,1,1
01176400,ROYAL ACADEMY OF MUSIC                  ,FC,00000-0000,Public       ,10,9,19,10,,9,19
01176500,GOLDSMITHS' COLLEGE-UNIV OF LONDON      ,FC,00000-0000,Public       ,36,96,132,36,,96,132
01176600,UNIV OF LONDON - INST OF EDUC           ,FC,00000-0000,Public       ,0,24,24,0,,24,24
01178000,BRUNEL UNIVERSITY                       ,FC,00000-0000,Public       ,10,26,36,10,,26,36
01183800,UNIVERSITY OF OXFORD - MANSFIELD CO     ,FC,00000-0000,Public       ,0,1,1,0,,1,1
01207500,UNIVERSITY CAMBRIDGE - TRINITY COLL     ,FC,00000-0000,Public       ,0,5,5,0,,5,5
01207800,VICTORIA UNIV OF WELLINGTON             ,FC,00000-0000,Public       ,9,17,26,9,,17,26
01209600,ECOLE HÔTELIERE DE LAUSANNE             ,FC,00000-0000,Private      ,4,6,10,4,,6,10
01210100,UNIVERSITY OF CAMBRIDGE - GIRTON CO     ,FC,00000-0000,Public       ,0,4,4,0,,4,4
01213600,VICTORIA UNIV OF MANCHESTER (THE)       ,FC,00000-0000,Public       ,31,72,103,31,,72,103
01219800,UNIVERSITY OF BRADFORD                  ,FC,00000-0000,Public       ,2,12,14,2,,12,14
01220100,UNIVERSITY OF OXFORD - REGENT'S PAR     ,FC,00000-0000,Public       ,3,1,4,3,,1,4
01220600,JAMES COOK UNIVERSITY                   ,FC,00000-0000,Public       ,6,21,27,6,,21,27
01221500,BIRMINGHAM CITY UNIVERSITY              ,FC,00000-0000,Public       ,7,16,23,7,,16,23
01222300,JAGIELLONIAN UNIVERSITY COLLEGIUM M     ,FC,00000-0000,Public       ,4,9,13,4,,9,13
01222500,UNIVERSITY OF SZEGED FACULTY OF MEDICINE,FC,00000-0000,Public       ,2,1,3,2,,1,3
01225800,ASTON UNIVERSITY                        ,FC,00000-0000,Public       ,2,8,10,2,,8,10
01227500,UNIVERSITY OF OXFORD - WOLFSON COLL     ,FC,00000-0000,Public       ,0,5,5,0,,5,5
01233500,ROYAL COLLEGE OF MUSIC                  ,FC,00000-0000,Public       ,7,8,15,7,,8,15
01234100,UNIVERSITY OF WALES - ST DAVID'S UN     ,FC,00000-0000,Public       ,1,4,5,1,,4,5
01242100,UNIV OF AUCKLAND                        ,FC,00000-0000,Public       ,13,42,55,13,,42,55
01254000,UNIVERSIDAD DE NAVARRA                  ,FC,00000-0000,Private      ,2,13,15,2,,13,15
01276500,UNIVERSITY OF OXFORD - LINACRE COLL     ,FC,00000-0000,Public       ,0,3,3,0,,3,3
01276600,"NATIONAL UNIVERSITY IRELAND, GALWAY     ",FC,00000-0000,Public       ,16,52,68,16,,52,68
01280200,PONTIFICIA UNIV CATOLICA MAD Y MAES     ,FC,00000-0000,Private      ,21,37,58,21,,37,58
01281100,INST TECNOLOGICO DE SANTO DOMINGO       ,FC,00000-0000,Private      ,12,23,35,12,,23,35
01283900,UNIVERSITY OF CAMBRIDGE - SAINT JOH     ,FC,00000-0000,Public       ,1,6,7,1,,6,7
01297800,UNIVERSITY OF HUDDERSFIELD (THE)        ,FC,00000-0000,Public       ,9,10,19,9,,10,19
01315300,MASSEY UNIVERSITY                       ,FC,00000-0000,Public       ,4,29,33,4,,29,33
02052400,DARWIN COLLEGE                          ,FC,00000-0000,Public       ,0,3,3,0,,3,3
02082400,UNIVERSITY OF CAMBRIDGE - QUEEN'S C     ,FC,00000-0000,Public       ,0,5,5,0,,5,5
02083400,UNIVERSITY OF CAMBRIDGE - WOLFSON C     ,FC,00000-0000,Public       ,0,6,6,0,,6,6
02087400,UNIVERSITY OF CAMBRIDGE - NEWNHAM C     ,FC,00000-0000,Public       ,1,3,4,1,,3,4
02087900,OXFORD BROOKES UNIVERSITY               ,FC,00000-0000,Public       ,21,42,63,21,,42,63
02094100,BEN-GURION UNIV                         ,FC,00000-0000,Public       ,0,63,63,0,,63,63
02094400,UNIV OF CAMBRIDGE - ST EDMUND'S HOU     ,FC,00000-0000,Public       ,0,5,5,0,,5,5
02095500,LONDON BUS SCHOOL                       ,FC,00000-0000,Public       ,1,47,48,1,,47,48
02101900,ROEHAMPTON UNIVERSITY                   ,FC,00000-0000,Public       ,24,48,72,24,,48,72
02108600,LONDON ACADEMY OF MUSIC & DRAMATIC      ,FC,00000-0000,Private      ,24,31,55,24,,31,55
02115900,UNIVERSITY OF PORTSMOUTH                ,FC,00000-0000,Public       ,11,9,20,11,,9,20
02116700,UNIVERSITY OF CAMBRIDGE - LUCY CAVE     ,FC,00000-0000,Public       ,0,4,4,0,,4,4
02120000,UNIV OF LONDON - COURTALD INST OF A     ,FC,00000-0000,Public       ,2,11,13,2,,11,13
02133400,UNIVERSITY OF CAMBRIDGE - SIDNEY SU     ,FC,00000-0000,Public       ,1,5,6,1,,5,6
02142000,UNIVERSITY OF CAMBRIDGE - HOMERTON      ,FC,00000-0000,Public       ,0,3,3,0,,3,3
02149700,UNIVERSITY OF WINCHESTER (THE)          ,FC,00000-0000,Public       ,16,9,25,16,,9,25
02156800,UNIV OF OTAGO                           ,FC,00000-0000,Public       ,8,22,30,8,,22,30
02162300,"IESE BUSINESS SCH, UNIV OF NAVARRA      ",FC,00000-0000,Private      ,2,34,36,2,,34,36
02167400,UNIVERSITY OF CAMBRIDGE - CORPUS CH     ,FC,00000-0000,Public       ,0,3,3,0,,3,3
02177700,KING'S COLLEGE- UNIV OF CAMBRIDGE       ,FC,00000-0000,Public       ,9,16,25,9,,16,25
02180500,MIDDLESEX UNIVERSITY                    ,FC,00000-0000,Public       ,32,55,87,32,,55,87
02181000,UNIVERSITY OF SOUTH AUSTRALIA           ,FC,00000-0000,Public       ,5,3,8,5,,3,8
02183500,UNIV OF OXFORD - WYCLIFFE HALL          ,FC,00000-0000,Public       ,1,3,4,1,,3,4
02186000,UNIVERSITY OF CAMBRIDGE - MAGDALENE     ,FC,00000-0000,Public       ,2,4,6,2,,4,6
02186100,UNIVERSITY OF CAMBRIDGE - EMMANUEL      ,FC,00000-0000,Public       ,0,2,2,0,,2,2
02189600,UNIVERSITY OF GRONINGEN                 ,FC,00000-0000,Public       ,1,11,12,1,,11,12
02194800,UNIVERSITY OF THE WEST OF ENGLAND -     ,FC,00000-0000,Public       ,7,2,9,7,,2,9
02195100,UNIV OF WESTMINSTER                     ,FC,00000-0000,Public       ,42,62,104,42,,62,104
02196700,GUILDHALL SCHOOL OF MUSIC & DRAMA       ,FC,00000-0000,Public       ,7,10,17,7,,10,17
02207300,UNIVERSITY OF CAMBRIDGE - CHRIST'S      ,FC,00000-0000,Public       ,0,5,5,0,,5,5
02207400,CHINESE UNIVERSITY OF HONG KONG (THE)   ,FC,00000-0000,Public       ,11,27,38,11,,27,38
02209500,UNIVERSITEIT UTRECHT                    ,FC,00000-0000,Public       ,7,37,44,7,,37,44
02210000,UNIV OF LONDON - LONDON SCHOOL OF H     ,FC,00000-0000,Public       ,0,33,33,0,,33,33
02225300,UNIVERSITY OF CANTERBURY                ,FC,00000-0000,Public       ,6,19,25,6,,19,25
02229100,UNIVERSITY OF LEICESTER                 ,FC,00000-0000,Public       ,8,68,76,8,,68,76
02229600,SACKLER SCHOOL OF MEDICINE              ,FC,00000-0000,Public       ,0,37,37,0,,37,37
02232100,UNIVERSITY OF CAMBRIDGE                 ,FC,00000-0000,Public       ,0,17,17,0,,17,17
02233300,"ST GEORGE'S UNIVERSITY, SCHOOL OF MEDICI",FC,00000-0000,Proprietary  ,10,1195,1205,10,,1195,1205
02235300,LONDON METROPOLITAN UNIVERSITY          ,FC,00000-0000,Public       ,15,44,59,15,,44,59
02244400,AMERICAN UNIV OF THE CARIBBEAN          ,FC,00000-0000,Proprietary  ,7,817,824,7,,817,824
02266600,UNIVERSITY OF LONDON - SAINT GEORGE     ,FC,00000-0000,Public       ,2,18,20,2,,18,20
02271700,UNIVERSITY OF CAMBRIDGE - CLARE HAL     ,FC,00000-0000,Public       ,0,1,1,0,,1,1
02272200,UNIV OF CAMBRIDGE - NEW HALL            ,FC,00000-0000,Public       ,1,1,2,1,,1,2
02273600,QUEEN'S UNIV OF BELFAST (THE)           ,FC,00000-0000,Public       ,5,36,41,5,,36,41
02273900,HERIOT WATT UNIVERSITY                  ,FC,00000-0000,Public       ,9,16,25,9,,16,25
02276700,NYENRODE BUSINESS UNIVERSITEIT          ,FC,00000-0000,Private      ,0,4,4,0,,4,4
02293400,ECOLE DES HAUTES ETUDES COMERCIALS      ,FC,00000-0000,Public       ,0,12,12,0,,12,12
02296300,UNIVERSITY OF CAMBRIDGE - JESUS COL     ,FC,00000-0000,Public       ,0,5,5,0,,5,5
02310500,DE MONTFORT UNIVERSITY                  ,FC,00000-0000,Public       ,2,5,7,2,,5,7
02320500,ROYAL NORTHERN COLLEGE OF MUSIC         ,FC,00000-0000,Public       ,2,4,6,2,,4,6
02335100,UNIV OF CAMBRIDGE - TRINITY HALL        ,FC,00000-0000,Public       ,1,5,6,1,,5,6
02338900,UNIVERSITY  FOR THE CREATIVE ARTS       ,FC,00000-0000,Public       ,4,3,7,4,,3,7
02351800,UNIVERSIDAD IBEROAMERICANA (UNIBE       ,FC,00000-0000,Private      ,32,105,137,32,,105,137
02352100,UNIVERSITY OF PLYMOUTH                  ,FC,00000-0000,Public       ,8,9,17,8,,9,17
02493000,ESCUELA SUPERIOR ADMINISTRACION Y D     ,FC,00000-0000,Private      ,0,21,21,0,,21,21
02496700,NATIONAL FILM & TV SCHOOL               ,FC,00000-0000,Public       ,2,5,7,2,,5,7
02545700,GLASGOW SCHOOL OF ART                   ,FC,00000-0000,Public       ,5,14,19,5,,14,19
02561600,SOUTHAMPTON SOLENT UNIVERSITY           ,FC,00000-0000,Public       ,6,3,9,6,,3,9
02579600,MURDOCH UNIVERSITY                      ,FC,00000-0000,Public       ,2,19,21,2,,19,21
02588000,UNIVERSITY OF ULSTER                    ,FC,00000-0000,Public       ,2,11,13,2,,11,13
02591800,CURTIN UNIVERSITY OF TECHNOLOGY         ,FC,00000-0000,Public       ,0,5,5,0,,5,5
02611700,DUBLIN CITY UNIVERSITY                  ,FC,00000-0000,Public       ,12,27,39,12,,27,39
02623200,UNIVERSITY OF NEWCASTLE (THE)           ,FC,00000-0000,Public       ,2,5,7,2,,5,7
03012700,UNIVERSITY OF BUCKINGHAM                ,FC,00000-0000,Private      ,3,8,11,3,,8,11
03029400,KEELE UNIVERSITY                        ,FC,00000-0000,Public       ,10,11,21,10,,11,21
03029500,NORTHUMBRIA UNIVERSITY                  ,FC,00000-0000,Public       ,9,13,22,9,,13,22
03033300,MANCHESTER METROPOLITAN UNIV            ,FC,00000-0000,Public       ,26,24,50,26,,24,50
03045000,UNIVERSITY OF EAST LONDON               ,FC,00000-0000,Public       ,19,42,61,19,,42,61
03050100,STUDIO ART CENTERS INTERNATIONAL        ,FC,00000-0000,Private      ,9,47,56,9,,47,56
03067200,UNIVERSITY OF SYDNEY                    ,FC,00000-0000,Public       ,18,96,114,18,,96,114
03073800,UNIV OF DEBRECEN MED & HEALTH SCI       ,FC,00000-0000,Public       ,3,4,7,3,,4,7
03078700,UNIVERSITA COMMERCIALE L BOCCONI        ,FC,00000-0000,Private      ,1,1,2,1,,1,2
03080300,SHEFFIELD HALLAM UNIVERSITY             ,FC,00000-0000,Public       ,1,4,5,1,,4,5
03084300,UNIVERSITY OF LIMERICK                  ,FC,00000-0000,Public       ,15,39,54,15,,39,54
03088700,ROYAL SCOTTISH ACAD MUSIC & DRAMA       ,FC,00000-0000,Public       ,17,16,33,17,,16,33
03091400,UNIVERSITY OF WOLLONGONG                ,FC,00000-0000,Public       ,1,10,11,1,,10,11
03091500,UNIVERSITY OF CANBERRA                  ,FC,00000-0000,Public       ,2,2,4,2,,2,4
03091700,POZNAN UNIVERSITY OF MEDICAL SCIENCES   ,FC,00000-0000,Public       ,5,17,22,5,,17,22
03092500,NOTTINGHAM TRENT UNIVERSITY             ,FC,00000-0000,Public       ,6,12,18,6,,12,18
03095000,RMIT UNIVERSITY                         ,FC,00000-0000,Public       ,4,14,18,4,,14,18
03095400,BOND UNIVERSITY                         ,FC,00000-0000,Private      ,11,21,32,11,,21,32
03095900,ESSEC BUSINESS SCHOOL                   ,FC,00000-0000,Private      ,1,8,9,1,,8,9
03096100,LA TROBE UNIVERSITY                     ,FC,00000-0000,Public       ,0,10,10,0,,10,10
03096900,DEAKIN UNIVERSITY                       ,FC,00000-0000,Public       ,3,5,8,3,,5,8
03097100,UNIVERSITY OF WESTERN SYDNEY            ,FC,00000-0000,Public       ,1,1,2,1,,1,2
03097300,VICTORIA UNIVERSITY OF TECHNOLOGY       ,FC,00000-0000,Public       ,3,4,7,3,,4,7
03097500,CENTRAL QUEENSLAND UNIVERSITY           ,FC,00000-0000,Public       ,0,4,4,0,,4,4
03100000,UNIVERSITY OF ADELAIDE (THE)            ,FC,00000-0000,Public       ,2,10,12,2,,10,12
03101600,ASIAN INSTITUTE OF MANAGEMENT           ,FC,00000-0000,Private      ,1,4,5,1,,4,5
03102500,AMERICAN UNIVERSITY OF ROME             ,FC,00000-0000,Private      ,107,30,137,107,,30,137
03102800,ROBERT GORDON UNIVERSITY (THE)          ,FC,00000-0000,Public       ,2,20,22,2,,20,22
03104800,GRIFFITH UNIVERSITY                     ,FC,00000-0000,Public       ,7,18,25,7,,18,25
03136300,AUSTRALIAN CATHOLIC UNIVERSITY          ,FC,00000-0000,Public       ,2,3,5,2,,3,5
03140300,EDITH COWAN UNIVERSITY                  ,FC,00000-0000,Public       ,1,1,2,1,,1,2
03140500,QUEENSLAND UNIVERSITY OF TECHNOLOGY     ,FC,00000-0000,Public       ,1,4,5,1,,4,5
03140600,SOUTHERN CROSS UNIVERSITY               ,FC,00000-0000,Public       ,0,5,5,0,,5,5
03140700,SWINBURNE UNIVERSITY OF TECHNOLOGY      ,FC,00000-0000,Public       ,0,4,4,0,,4,4
03150400,"UNIVERSITY OF TECHNOLOGY, SYDNEY        ",FC,00000-0000,Public       ,3,16,19,3,,16,19
03287300,LIVERPOOL INSTITUTE FOR PERFORMING ARTS ,FC,00000-0000,Public       ,11,1,12,11,,1,12
03300300,"2ND SCHOOL OF MEDICINE, CHARLES UNI     ",FC,00000-0000,Public       ,2,5,7,2,,5,7
03300400,"FIRST FACULTY OF MEDICINE, CHARLES UNIV.",FC,00000-0000,Public       ,2,6,8,2,,6,8
03329300,JOHN CABOT UNIVERSITY                   ,FC,00000-0000,Private      ,148,22,170,148,,22,170
03333300,MEDICAL UNIVERSITY SCHOOL OF LUBLIN     ,FC,00000-0000,Public       ,2,48,50,2,,48,50
03334300,UNIVERSIDAD NORDESTANA                  ,FC,00000-0000,Private      ,9,28,37,9,,28,37
03335300,MEDICAL UNIVERSITY OF SILESIA           ,FC,00000-0000,Public       ,2,13,15,2,,13,15
03342300,GLASGOW CALEDONIAN UNIVERSITY           ,FC,00000-0000,Public       ,2,13,15,2,,13,15
03349400,"QUEEN MARGARET UNIVERSITY, EDINBURGH    ",FC,00000-0000,Public       ,2,13,15,2,,13,15
03350300,BOURNEMOUTH UNIVERSITY                  ,FC,00000-0000,Public       ,7,16,23,7,,16,23
03352300,LONDON SOUTH BANK UNIVERSITY            ,FC,00000-0000,Private      ,11,20,31,11,,20,31
03364300,"FACULTY OF MEDICINE, PALACKY UNIVER     ",FC,00000-0000,Public       ,1,1,2,1,,1,2
03365400,AUCKLAND INSTITUTE OF TECHNOLOGY        ,FC,00000-0000,Public       ,4,2,6,4,,2,6
03378300,"THE 3RD FACULTY OF MEDICINE, CHARLE     ",FC,00000-0000,Public       ,0,1,1,0,,1,1
03418400,NAPIER UNIVERSITY                       ,FC,00000-0000,Public       ,10,33,43,10,,33,43
03435300,ANGLIA  RUSKIN UNIVERSITY               ,FC,00000-0000,Private      ,16,23,39,16,,23,39
03460300,INTERNATIONALES THEOLOGISCHES INSTI     ,FC,00000-0000,Private      ,0,2,2,0,,2,2
03473300,UNIV OF ARTS LONDON - LON COLL FASHION  ,FC,00000-0000,Public       ,90,59,149,90,,59,149
03478300,ROYAL WELSH COLLEGE OF MUSIC AND DRAMA  ,FC,00000-0000,Public       ,17,12,29,17,,12,29
03492300,UNIVERSITY OF OXFORD - GREEN TEMPLETON C,FC,00000-0000,Public       ,0,2,2,0,,2,2
03492400,UNIV OF CAMBRIDGE-ST CATHERINE'S CG     ,FC,00000-0000,Public       ,1,3,4,1,,3,4
03494400,UNIV OF CAMBRIDGE-SELWYN COLLEGE        ,FC,00000-0000,Public       ,0,2,2,0,,2,2
03494600,UNIV OF OXFORD-HARRIS MANCHESTER        ,FC,00000-0000,Public       ,3,4,7,3,,4,7
03501400,LEEDS METROPOLITAN UNIVERSITY           ,FC,00000-0000,Public       ,9,21,30,9,,21,30
03507300,UNIVERSITY OF SUNDERLAND                ,FC,00000-0000,Public       ,5,4,9,5,,4,9
03515300,UNIVERSITY OF CENTRAL LANCASHIRE        ,FC,00000-0000,Public       ,8,15,23,8,,15,23
03517300,UNIVERSITY OF BRIGHTON                  ,FC,00000-0000,Public       ,17,17,34,17,,17,34
03518300,EUROPEAN GRADUATE SCHOOL                ,FC,00000-0000,Private      ,0,40,40,0,,40,40
03527300,SOFIA UNIVERSITY ST. KLIMENT OHRIDSKI   ,FC,00000-0000,Public       ,2,4,6,2,,4,6
03533300,BATH SPA UNIVERSITY                     ,FC,00000-0000,Public       ,7,8,15,7,,8,15
03547300,UNIVERSITY OF GLAMORGAN                 ,FC,00000-0000,Public       ,1,4,5,1,,4,5
03580300,LIVERPOOL JOHN MOORES UNIVERSITY        ,FC,00000-0000,Public       ,3,6,9,3,,6,9
03589400,ARTS INSTITUTE AT BOURNEMOUTH (THE)     ,FC,00000-0000,Public       ,15,12,27,15,,12,27
03590300,AVONDALE COLLEGE LIMITED                ,FC,00000-0000,Private      ,1,0,1,1,,0,1
03594300,GROUP ESC GRENOBLE GRAD SCH OF BUS.     ,FC,00000-0000,Private      ,1,14,15,1,,14,15
03597300,JAGIELLONIAN UNIVERSITY                 ,FC,00000-0000,Public       ,6,8,14,6,,8,14
03601300,UNIVERSITAT JAUME I DE CASTELLO (UJI)   ,FC,00000-0000,Public       ,0,2,2,0,,2,2
03619300,UNIVERSITY OF GREENWICH                 ,FC,00000-0000,Public       ,19,24,43,19,,24,43
03653400,UNIVERSIDAD DE IBEROAMERICA - UNIBE     ,FC,00000-0000,Private      ,2,14,16,2,,14,16
03674300,UNIVERSITY OF ABERTAY DUNDEE            ,FC,00000-0000,Public       ,3,2,5,3,,2,5
03684400,UNIVERSITY OF LINCOLN                   ,FC,00000-0000,Public       ,3,13,16,3,,13,16
03684500,MEDICAL UNIVERSITY OF GDANSK            ,FC,00000-0000,Public       ,1,10,11,1,,10,11
03694300,UNIVERSITY OF CHICHESTER                ,FC,00000-0000,Public       ,1,0,1,1,,0,1
03716300,"UNIVERSITY OF WALES, NEWPORT            ",FC,00000-0000,Public       ,1,1,2,1,,1,2
03727400,UNIVERSITY OF WAIKATO (THE)             ,FC,00000-0000,Public       ,3,5,8,3,,5,8
03728300,UNIVERSITY OF DERBY                     ,FC,00000-0000,Public       ,1,2,3,1,,2,3
03738300,LONDON SCHOOL OF THEOLOGY               ,FC,00000-0000,Private      ,0,5,5,0,,5,5
03741300,ALRA (ACADEMY OF LIVE AND RECORDED ARTS),FC,00000-0000,Private      ,3,7,10,3,,7,10
03770300,NAZARENE THEOLOGICAL COLLEGE            ,FC,00000-0000,Private      ,0,1,1,0,,1,1
03780300,SABA UNIVERSITY SCHOOL OF MEDICINE      ,FC,00000-0000,Proprietary  ,1,186,187,1,,186,187
03784300,MEDICAL UNIVERSITY OF BIALYSTOK         ,FC,00000-0000,Public       ,1,1,2,1,,1,2
03794400,ANGLO EUROPEAN COLLEGE OF CHIROPRACTIC  ,FC,00000-0000,Private      ,1,0,1,1,,0,1
03807300,ROSE BRUFORD COLLEGE                    ,FC,00000-0000,Public       ,1,8,9,1,,8,9
03816400,AMERICAN GRAD SCH OF INTERNTL REL & DIPL,FC,00000-0000,Private      ,3,34,37,3,,34,37
03818300,LEIPZIG GRADUATE SCHOOL OF MANAGEMENT   ,FC,00000-0000,Private      ,1,3,4,1,,3,4
03824300,"ROYAL VETERINARY COLLEGE (THE), UNIVERSI",FC,00000-0000,Public       ,2,40,42,2,,40,42
03850500,MEDICAL UNIVERSITY OF LODZ              ,FC,00000-0000,Public       ,3,6,9,3,,6,9
03859400,UNIVERSITY COLLEGE FALMOUTH             ,FC,00000-0000,Public       ,12,5,17,12,,5,17
03873300,COPENHAGEN BUSINESS SCHOOL              ,FC,00000-0000,Public       ,2,16,18,2,,16,18
03880300,UNIVERSITY OF GLOUCESTERSHIRE (THE)     ,FC,00000-0000,Public       ,1,4,5,1,,4,5
03897400,INTERNATIONAL SPACE UNIVERSITY          ,FC,00000-0000,Private      ,1,4,5,1,,4,5
03974300,"ST. GEORGE'S UNIVERSITY, SCHOOL OF VETER",FC,00000-0000,Proprietary  ,4,297,301,4,,297,301
04021400,"AMERICAN COLLEGE, DUBLIN LIMITED (THE)  ",FC,00000-0000,Private      ,12,18,30,12,,18,30
04021500,CENTRAL EUROPEAN UNIVERSITY             ,FC,00000-0000,Private      ,0,47,47,0,,47,47
04032300,YORK ST JOHN UNIVERSITY                 ,FC,00000-0000,Public       ,7,4,11,7,,4,11
04046300,HK UNIVERSITY OF SCI & TECH (HKUST)     ,FC,00000-0000,Public       ,6,10,16,6,,10,16
04070300,"RAPHAEL RECANATI INTERNATIONAL SCHOOL, T",FC,00000-0000,Private      ,29,17,46,29,,17,46
04076300,NEWCASTLE COLLEGE                       ,FC,00000-0000,Public       ,3,2,5,3,,2,5
04085400,NEW ZEALAND COLLEGE OF CHIROPRACTIC     ,FC,00000-0000,Private      ,0,1,1,0,,1,1
04113300,LEBANESE AMERICAN UNIVERSITY            ,FC,00000-0000,Private      ,17,10,27,17,,10,27
04115900,LIVERPOOL HOPE UNIVERSITY               ,FC,00000-0000,Public       ,3,3,6,3,,3,6
04116300,EDHEC BUSINESS SCHOOL                   ,FC,00000-0000,Private      ,0,11,11,0,,11,11
04128600,UNIVERSITY OF WORCESTER                 ,FC,00000-0000,Public       ,4,1,5,4,,1,5
04128700,HERTIE SCHOOL OF GOVERNANCE             ,FC,00000-0000,Private      ,2,22,24,2,,22,24
04134200,LONDON CONTEMPORARY DANCE SCHOOL        ,FC,00000-0000,Private      ,2,1,3,2,,1,3
04139100,UNIVERSITA DEGLI STUDI DI SCIENZE GASTRO,FC,00000-0000,Private      ,1,11,12,1,,11,12
04143700,ST MARY'S UNIVERSITY COLLEGE TWICKENHAM ,FC,00000-0000,Public       ,6,7,13,6,,7,13
04168200,EUROPEAN UNIVERSITY AT ST. PETERSBURG   ,FC,00000-0000,Private      ,1,13,14,1,,13,14
04176500,ESMT EUROPEAN SCHOOL OF MANAGEMENT AND T,FC,00000-0000,Private      ,1,6,7,1,,6,7
04219400,UNIVERSIDAD TORCUATO DI TELLA           ,FC,00000-0000,Private      ,1,6,7,1,,6,7
00380600,ALDERSON BROADDUS UNIVERSITY            ,WV,26416-1051,Private      ,1504,284,1788,1504,,284,1788
00380700,MOUNTAIN STATE UNIVERSITY               ,WV,25801-5624,Private      ,69,82,151,69,,82,151
00380800,BETHANY COLLEGE                         ,WV,26032-0417,Private      ,874,85,959,874,,85,959
00380900,BLUEFIELD STATE COLLEGE                 ,WV,24701-2198,Public       ,885,765,1650,885,,765,1650
00381000,CONCORD UNIVERSITY                      ,WV,24712-0000,Public       ,1971,731,2702,1971,,731,2702
00381100,DAVIS & ELKINS COLLEGE                  ,WV,26241-3996,Private      ,861,181,1042,861,,181,1042
00381200,FAIRMONT STATE UNIVERSITY               ,WV,26554-2470,Public       ,3742,1608,5350,3742,,1608,5350
00381300,GLENVILLE STATE COLLEGE                 ,WV,26351-1292,Public       ,1214,313,1527,1214,,313,1527
00381500,MARSHALL UNIVERSITY                     ,WV,25755-3300,Public       ,8077,3840,11917,8077,,3840,11917
00381600,SOUTHERN WV COMMUNITY COLLEGE           ,WV,25637-2900,Public       ,909,600,1509,909,,600,1509
00381800,UNIVERSITY OF CHARLESTON                ,WV,25304-1099,Private      ,1571,1041,2612,1571,,1041,2612
00381900,OHIO VALLEY COLLEGE                     ,WV,26105-8000,Private      ,335,66,401,335,,66,401
00382000,SALEM INTERNATIONAL UNIVERSITY          ,WV,26426-0500,Proprietary  ,151,176,327,151,,176,327
00382200,SHEPHERD UNIVERSITY                     ,WV,25443-5000,Public       ,3682,988,4670,3682,,988,4670
00382300,WEST LIBERTY UNIVERSITY                 ,WV,26074-0295,Public       ,2151,491,2642,2151,,491,2642
00382600,WEST VIRGINIA STATE UNIVERSITY          ,WV,25112-0000,Public       ,1875,983,2858,1875,,983,2858
00382700,WEST VIRGINIA UNIVERSITY                ,WV,26506-6201,Public       ,22357,6637,28994,22357,,6637,28994
00382711,WEST VIRGINIA UNIVERSITY - POTOMAC STATE,WV,26726-3000,Public       ,1431,377,1808,1431,,377,1808
00382721,WEST VIRGINIA UNIV INST OF TECH         ,WV,25136-2436,Public       ,1201,357,1558,1201,,357,1558
00382800,WEST VIRGINIA UNIV AT PARKERSBURG       ,WV,26101-9577,Public       ,1067,1111,2178,1067,,1111,2178
00383000,WEST VIRGINIA WESLEYAN COLLEGE          ,WV,26201-2600,Private      ,1882,193,2075,1882,,193,2075
00383100,WHEELING JESUIT UNIVERSITY              ,WV,26003-6243,Private      ,1017,458,1475,1017,,458,1475
00500700,WEST VIRGINIA JUNIOR COLLEGE            ,WV,26505-5596,Proprietary  ,184,289,473,184,,289,473
00500800,MOUNTAIN STATE COLLEGE                  ,WV,26101-3993,Proprietary  ,30,146,176,30,,146,176
00754400,APPALACHIAN BIBLE COLLEGE               ,WV,25818-1353,Private      ,164,30,194,164,,30,194
00757800,HUNTINGTON SCHOOL OF BEAUTY CULTURE     ,WV,25705-2030,Proprietary  ,35,34,69,35,,34,69
00760000,INTERNATIONAL BEAUTY SCHOOL             ,WV,25401-3231,Proprietary  ,10,17,27,10,,17,27
00835500,JAMES RUMSEY TECHNICAL INSTITUTE        ,WV,25403-0259,Public       ,75,149,224,75,,149,224
00895900,CLARKSBURG BEAUTY ACADEMY               ,WV,26301-2903,Proprietary  ,18,27,45,18,,27,45
00904700,HUNTINGTON JUNIOR COLLEGE               ,WV,25701-2004,Proprietary  ,93,433,526,93,,433,526
00905400,WEST VIRGINIA NORTHERN CMTY COLLEGE     ,WV,26003-0000,Public       ,568,600,1168,568,,600,1168
01014000,MINERAL COUNTY VOCATIONAL TECH CTR      ,WV,26726-0000,Public       ,16,29,45,16,,29,45
01035600,EVEREST INSTITUTE                       ,WV,25313-1304,Proprietary  ,36,93,129,36,,93,129
01057300,WEST VIRGINIA JUNIOR COLLEGE            ,WV,25322-0000,Proprietary  ,106,195,301,106,,195,301
01057302,WEST VIRGINIA JUNIOR COLLEGE            ,WV,26330-0000,Proprietary  ,119,145,264,119,,145,264
01086100,WEST VIRGINIA BUSINESS COLLEGE          ,WV,26301-0000,Proprietary  ,18,62,80,18,,62,80
01124500,WEST VIRGINIA SCH OSTEOPATHIC MED       ,WV,24901-1128,Public       ,13,596,609,13,,596,609
01174900,WOOD COUNTY SCH OF PRAC NURSING         ,WV,26101-6424,Public       ,15,43,58,15,,43,58
01235900,B M SPURR SCHOOL OF PRAC NURSING        ,WV,26038-1660,Private      ,13,18,31,13,,18,31
01257300,WEST VIRGINIA UNIV-HOSP-RAD TECH        ,WV,26506-8062,Private      ,133,98,231,133,,98,231
01274300,BENJAMIN FRANKLIN CAREER&TECH           ,WV,25064-0000,Public       ,43,81,124,43,,81,124
01290400,MONONGALIA CNTY TECH ED CTR             ,WV,26501-6841,Public       ,59,73,132,59,,73,132
01290500,ACADEMY OF CAREERS AND TECHNOLOGY       ,WV,25801-0000,Public       ,68,115,183,68,,115,183
02057400,ROANE-JACKSON TECHNICAL CENTER          ,WV,25252-0000,Public       ,16,21,37,16,,21,37
02068000,UNITED TECHNICAL CENTER                 ,WV,26301-0000,Public       ,28,75,103,28,,75,103
02073400,CARVER CAREER TECH ED CTR               ,WV,25306-6397,Public       ,126,180,306,126,,180,306
02145100,SCOTT COLLEGE OF COSMETOLOGY            ,WV,26003-0000,Proprietary  ,24,29,53,24,,29,53
02178200,CHARLESTON SCHOOL OF BEAUTY CULTURE     ,WV,25301-0000,Proprietary  ,52,80,132,52,,80,132
02218200,GARNET CAREER CENTER                    ,WV,25301-0000,Public       ,57,174,231,57,,174,231
02275300,CABELL COUNTY CAREER TECHNOLOGY CTR     ,WV,25705-0000,Public       ,53,113,166,53,,113,166
02524500,RALPH R WILLIS VOCATIONAL CENTER        ,WV,25601-0000,Public       ,24,30,54,24,,30,54
02534800,FRED W EBERLE TECHNICAL CENTER          ,WV,26201-0000,Public       ,31,29,60,31,,29,60
02535500,MERCER COUNTY TECH EDUC CNTR            ,WV,24740-0000,Public       ,41,118,159,41,,118,159
02579900,NORTH CENTRAL OPPORTUNITIES INDUSTRIALIZ,WV,26554-2936,Private      ,16,32,48,16,,32,48
02609400,VALLEY COLLEGE                          ,WV,25404-5711,Proprietary  ,15,99,114,15,,99,114
03052000,MEREDITH MANOR EQUESTRIAN CENTRE        ,WV,26184-9707,Proprietary  ,114,55,169,114,,55,169
03076500,FAYETTE INSTITUTE OF TECHNOLOGY         ,WV,25901-2174,Public       ,17,32,49,17,,32,49
03084200,VALLEY COLLEGE                          ,WV,24740-3141,Proprietary  ,18,50,68,18,,50,68
03084400,VALLEY COLLEGE                          ,WV,25801-2643,Proprietary  ,31,130,161,31,,130,161
03098300,PUTNAM CAREER & TECHNICAL CENTER        ,WV,25070-0000,Public       ,36,57,93,36,,57,93
03102100,MORGANTOWN BEAUTY COLLEGE               ,WV,26505-5430,Proprietary  ,47,42,89,47,,42,89
03123200,STANLEY TECHNICAL INSTITUTE             ,WV,26505-3751,Private      ,17,22,39,17,,22,39
03327500,SOUTH BRANCH VOCATIONAL TECH CENTER     ,WV,26847-1698,Public       ,11,5,16,11,,5,16
03734300,JOHN D. ROCKEFELLER IV CAREER CENTER    ,WV,26047-9424,Public       ,5,10,15,5,,10,15
03819300,AMERICAN PUBLIC UNIVERSITY SYSTEM       ,WV,25414-1621,Proprietary  ,791,20851,21642,791,,20851,21642
03957300,BLUE RIDGE COMMUNITY AND TECHNICAL COLLE,WV,25401-3244,Public       ,558,880,1438,558,,880,1438
03960300,NEW RIVER COMMUNITY AND TECHNICAL COLLEG,WV,25801-2636,Public       ,702,945,1647,702,,945,1647
04028300,MOUNTAIN STATE SCHOOL OF MASSAGE        ,WV,25304-2025,Proprietary  ,11,37,48,11,,37,48
04038500,PIERPONT COMMUNITY & TECHNICAL COLLEGE  ,WV,26554-2451,Public       ,1105,831,1936,1105,,831,1936
04038600,KANAWHA VALLEY COMMUNITY & TECH COLLEGE ,WV,25112-1000,Public       ,449,705,1154,449,,705,1154
04041400,MOUNTWEST COMMUNITY AND TECHNICAL COLLEG,WV,25755-3300,Public       ,581,771,1352,581,,771,1352
04047300,BRIDGEMONT COMMUNITY & TECHNICAL COLLEGE,WV,25136-2435,Public       ,327,163,490,327,,163,490
04119000,EASTERN WEST VIRGINIA COMMUNITY & TECHNI,WV,26836-0000,Public       ,145,196,341,145,,196,341
04139900,FUTURE GENERATIONS GRADUATE SCHOOL      ,WV,26807-0000,Private      ,0,4,4,0,,4,4
00106100,ALASKA PACIFIC UNIVERSITY               ,AK,99508-4672,Private      ,324,323,647,324,,323,647
00106300,UNIVERSITY OF ALASKA FAIRBANKS          ,AK,99775-7500,Public       ,2296,1751,4047,2296,,1751,4047
00106500,UNIVERSITY OF ALASKA SOUTHEAST          ,AK,99801-8680,Public       ,535,615,1150,535,,615,1150
00884300,ALASKA BIBLE COLLEGE                    ,AK,99588-0000,Private      ,15,10,25,15,,10,25
01146200,UNIVERSITY OF ALASKA ANCHORAGE          ,AK,99514-1608,Public       ,3785,3689,7474,3785,,3689,7474
02541000,ALASKA CAREER COLLEGE                   ,AK,99507-1033,Proprietary  ,110,314,424,110,,314,424
02576900,CHARTER COLLEGE                         ,AK,99508-0000,Proprietary  ,147,660,807,147,,660,807
03160300,AVTEC                                   ,AK,99664-0889,Public       ,119,129,248,119,,129,248
03461300,ILISAGVIK COLLEGE                       ,AK,99723-0749,Public       ,13,9,22,13,,9,22
04138600,ALASKA CHRISTIAN COLLEGE                ,AK,99669-9755,Private      ,18,17,35,18,,17,35
00108500,UNIV ARKANSAS MONTICELLO                ,AR,71656-0000,Public       ,1036,604,1640,1036,,604,1640
00108600,UNIV OF ARKANSAS AT PINE BLUFF          ,AR,71601-2790,Public       ,1631,578,2209,1631,,578,2209
00108700,ARKANSAS BAPTIST COLLEGE                ,AR,72202-6099,Private      ,253,319,572,253,,319,572
00108800,LYON COLLEGE                            ,AR,72501-3699,Private      ,786,69,855,786,,69,855
00108900,ARKANSAS TECH UNIVERSITY                ,AR,72801-2222,Public       ,3362,1648,5010,3362,,1648,5010
00109000,ARKANSAS STATE UNIVERSITY               ,AR,72467-0000,Public       ,4569,3060,7629,4569,,3060,7629
00109100,ARKANSAS STATE UNIVERSITY - BEEBE       ,AR,72012-1000,Public       ,954,914,1868,954,,914,1868
00109200,UNIVERSITY OF CENTRAL ARKANSAS          ,AR,72035-0001,Public       ,5127,1586,6713,5127,,1586,6713
00109300,CENTRAL BAPTIST COLLEGE                 ,AR,72034-6470,Private      ,316,222,538,316,,222,538
00109400,UNIVERSITY OF THE OZARKS                ,AR,72830-2880,Private      ,384,62,446,384,,62,446
00109500,CROWLEYS RIDGE COLLEGE                  ,AR,72450-9775,Private      ,93,45,138,93,,45,138
00109700,HARDING UNIVERSITY                      ,AR,72149-0001,Private      ,2223,536,2759,2223,,536,2759
00109800,HENDERSON STATE UNIVERSITY              ,AR,71999-0001,Public       ,1781,529,2310,1781,,529,2310
00109900,HENDRIX COLLEGE                         ,AR,72032-3080,Private      ,1749,122,1871,1749,,122,1871
00110000,JOHN BROWN UNIVERSITY                   ,AR,72761-2747,Private      ,1152,541,1693,1152,,541,1693
00110100,UNIV ARKANSAS LITTLE ROCK               ,AR,72204-1099,Public       ,2589,3314,5903,2589,,3314,5903
00110200,OUACHITA BAPTIST UNIVERSITY             ,AR,71998-0001,Private      ,1083,80,1163,1083,,80,1163
00110300,PHILANDER SMITH COLLEGE                 ,AR,72202-3718,Private      ,621,294,915,621,,294,915
00110400,PHILLIPS COUNTY COMMUNITY COLLEGE       ,AR,72342-0000,Public       ,132,163,295,132,,163,295
00110500,SHORTER COLLEGE                         ,AR,72114-4885,Private      ,43,258,301,43,,258,301
00110600,WILLIAMS BAPTIST COLLEGE                ,AR,72476-4661,Private      ,323,55,378,323,,55,378
00110700,SOUTHERN ARKANSAS UNIVERSITY            ,AR,71754-0000,Public       ,1492,506,1998,1492,,506,1998
00110800,UNIV ARKANSAS FAYETTEVILLE              ,AR,72701-0000,Public       ,10409,2624,13033,10409,,2624,13033
00110900,UNIVERSITY OF ARKANSAS FOR MEDICAL SCIEN,AR,72205-7102,Public       ,324,1229,1553,324,,1229,1553
00111000,UNIVERSITY OF ARKANSAS-FORT SMITH       ,AR,72904-7397,Public       ,1930,1245,3175,1930,,1245,3175
00524500,U OF A COMM COLLEGE AT MORRILTON        ,AR,72110-9601,Public       ,437,522,959,437,,522,959
00570700,SEARK COLLEGE                           ,AR,71603-0000,Public       ,207,458,665,207,,458,665
00573200,UNIV AR COMMUNITY COLLEGE AT HOPE       ,AR,71801-0000,Public       ,240,285,525,240,,285,525
00704400,CROWLEYS RIDGE TECHNICAL INSTITUTE      ,AR,72336-0000,Public       ,23,57,80,23,,57,80
00732967,ITT TECHNICAL INSTITUTE                 ,AR,72204-7739,Proprietary  ,74,215,289,74,,215,289
00773800,SOUTHERN ARKANSAS UNIVERSITY TECH       ,AR,71701-1900,Public       ,230,232,462,230,,232,462
00792100,PAUL MITCHELL THE SCHOOL ARKANSAS       ,AR,72701-0000,Proprietary  ,32,33,65,32,,33,65
00997600,COLLEGE OF THE OUACHITAS                ,AR,72104-0816,Public       ,138,329,467,138,,329,467
01074100,MELLIE'S BEAUTY COLLEGE                 ,AR,72901-3833,Proprietary  ,16,47,63,16,,47,63
01210500,NATIONAL PARK COMMUNITY COLLEGE         ,AR,71913-9174,Public       ,322,588,910,322,,588,910
01226000,EAST ARKANSAS COMMUNITY COLLEGE         ,AR,72335-2204,Public       ,150,185,335,150,,185,335
01226100,NORTH ARKANSAS COLLEGE                  ,AR,72601-5508,Public       ,407,542,949,407,,542,949
01286000,ARKANSAS NORTHEASTERN COLLEGE           ,AR,72316-1109,Public       ,296,243,539,296,,243,539
02052200,BLACK RIVER TECHNICAL COLLEGE           ,AR,72455-0000,Public       ,225,435,660,225,,435,660
02073500,UNIVERSITY OF ARKANSAS COMMUNITY COLLEGE,AR,72503-0000,Public       ,214,279,493,214,,279,493
02073700,NORTHWEST TECHNICAL INSTITUTE           ,AR,72765-0000,Public       ,103,160,263,103,,160,263
02074600,SOUTH ARKANSAS COMMUNITY COLLEGE        ,AR,71731-0000,Public       ,225,473,698,225,,473,698
02075300,PULASKI TECHNICAL COLLEGE               ,AR,72118-0000,Public       ,1161,3114,4275,1161,,3114,4275
02087000,OZARKA COLLEGE                          ,AR,72556-0000,Public       ,146,303,449,146,,303,449
02111100,RICH MOUNTAIN COMMUNITY COLLEGE         ,AR,71953-0000,Public       ,85,79,164,85,,79,164
02202400,PROFESSIONAL COSMETOLOGY EDUC CTR       ,AR,71730-5828,Proprietary  ,10,23,33,10,,23,33
02220900,COSSATOT COMMUNITY COLLEGE              ,AR,71832-0000,Public       ,207,268,475,207,,268,475
02272400,EASTERN COLLEGE OF HEALTH VOCATIONS     ,AR,72205-3535,Proprietary  ,35,166,201,35,,166,201
02284200,NEW TYLER BARBER COLLEGE INC            ,AR,72114-0000,Proprietary  ,17,37,54,17,,37,54
02287400,MARSHA KAY BEAUTY COLLEGE               ,AR,72653-0000,Proprietary  ,4,11,15,4,,11,15
02330800,JEFFERSON SCHOOL OF NURSING             ,AR,71603-0000,Private      ,33,85,118,33,,85,118
02339800,SOUTHERN INSTITUTE OF COSMETOLOGY       ,AR,72301-0000,Proprietary  ,4,11,15,4,,11,15
02341700,CAREER ACADEMY OF HAIR DESIGN           ,AR,72764-4304,Proprietary  ,8,20,28,8,,20,28
02341701,CAREER ACADEMY OF HAIR DESIGN - ROGERS  ,AR,72756-2102,Proprietary  ,13,22,35,13,,22,35
02341702,CAREER ACADEMY OF HAIR DESIGN - SILOAM  ,AR,72761-4217,Proprietary  ,5,8,13,5,,8,13
02341703,CAREER ACADEMY OF HAIR DESIGN - FAYETTEV,AR,72701-7731,Proprietary  ,12,7,19,12,,7,19
02348200,MID-SOUTH COMMUNITY COLLEGE             ,AR,72301-0000,Public       ,269,508,777,269,,508,777
02363500,ARTHUR'S BEAUTY COLLEGE                 ,AR,72901-0000,Proprietary  ,14,57,71,14,,57,71
02525800,LEE'S SCHOOL OF COSMETOLOGY             ,AR,72114-0000,Proprietary  ,12,25,37,12,,25,37
02538500,ARTHUR'S BEAUTY COLLEGE                 ,AR,72076-0000,Proprietary  ,21,66,87,21,,66,87
02569600,SEARCY BEAUTY COLLEGE                   ,AR,72143-0000,Proprietary  ,9,32,41,9,,32,41
03005100,ARKANSAS BEAUTY SCHOOL                  ,AR,72209-5116,Proprietary  ,19,50,69,19,,50,69
03007100,HOT SPRINGS BEAUTY COLLEGE              ,AR,71901-5432,Proprietary  ,7,20,27,7,,20,27
03007600,ARKANSAS BEAUTY SCHOOL-CONWAY           ,AR,72032-4354,Proprietary  ,30,38,68,30,,38,68
03023400,ARKANSAS COLLEGE OF BARBERING           ,AR,72114-5615,Proprietary  ,19,46,65,19,,46,65
03063300,NORTHWEST ARKANSAS COMMUNITY COLLEG     ,AR,72712-5190,Public       ,1191,1515,2706,1191,,1515,2706
03065100,ABC BEAUTY COLLEGE                      ,AR,71923-4206,Proprietary  ,9,10,19,9,,10,19
03066302,BRYAN COLLEGE -                         ,AR,72756-1825,Proprietary  ,16,53,69,16,,53,69
03105200,BAPTIST HEALTH SCHOOLS LITTLE ROCK      ,AR,72210-2820,Private      ,187,627,814,187,,627,814
03115102,HERITAGE COLLEGE - LITTLE ROCK          ,AR,72227-5544,Proprietary  ,42,199,241,42,,199,241
03124900,IMAGINE -  PAUL MITCHELL PARTNER SCHOOL ,AR,72117-2516,Proprietary  ,59,94,153,59,,94,153
03214300,VELVATEX COLLEGE OF BEAUTY CULTURE      ,AR,72202-5452,Proprietary  ,10,15,25,10,,15,25
03254300,MARGARET'S HAIR ACADEMY                 ,AR,71655-4905,Proprietary  ,7,32,39,7,,32,39
03519400,"LYNNDALE FUNDAMENTALS OF BEAUTY SCHOOL, ",AR,71730-4804,Proprietary  ,3,8,11,3,,8,11
03855300,ECCLESIA COLLEGE                        ,AR,72762-8159,Private      ,82,38,120,82,,38,120
03912300,CROSSETT SCHOOL OF COSMETOLOGY          ,AR,71635-0000,Proprietary  ,4,8,12,4,,8,12
03997300,ARKANSAS BEAUTY COLLEGE                 ,AR,72801-3741,Proprietary  ,12,22,34,12,,22,34
04183100,WASHINGTON BARBER COLLEGE               ,AR,72209-3820,Proprietary  ,10,36,46,10,,36,46
04183400,SALON PROFESSIONAL ACADEMY (THE)        ,AR,72116-7310,Proprietary  ,21,29,50,21,,29,50
04203400,ARKANSAS STATE UNIVERSITY - NEWPORT     ,AR,72112-9073,Public       ,293,428,721,293,,428,721
04220000,DESIGNER BARBER & STYLIST SCHOOL        ,AR,72903-3753,Proprietary  ,4,24,28,4,,24,28
00133900,CORBAN UNIVERSITY                       ,OR,97301-9392,Private      ,1770,469,2239,1770,,469,2239
00318600,BLUE MOUNTAIN COMMUNITY COLLEGE         ,OR,97801-0000,Public       ,872,979,1851,872,,979,1851
00318800,CENTRAL OREGON COMMUNITY COLLEGE        ,OR,97701-5998,Public       ,1983,3166,5149,1983,,3166,5149
00318900,CLATSOP COMMUNITY COLLEGE               ,OR,97103-3698,Public       ,365,555,920,365,,555,920
00319100,CONCORDIA UNIVERSITY                    ,OR,97211-6099,Private      ,1800,3086,4886,1800,,3086,4886
00319300,EASTERN OREGON UNIVERSITY               ,OR,97850-2899,Public       ,2345,2045,4390,2345,,2045,4390
00319400,GEORGE FOX UNIVERSITY                   ,OR,97132-2697,Private      ,3656,1281,4937,3656,,1281,4937
00319600,LANE COMMUNITY COLLEGE                  ,OR,97405-0640,Public       ,4672,6718,11390,4672,,6718,11390
00319700,LEWIS & CLARK COLLEGE                   ,OR,97219-7899,Private      ,5193,2414,7607,5193,,2414,7607
00319800,LINFIELD COLLEGE                        ,OR,97128-6894,Private      ,3366,777,4143,3366,,777,4143
00319801,LINFIELD COLLEGE - PORTLAND CAMPUS      ,OR,97210-0000,Private      ,644,814,1458,644,,814,1458
00319900,MARYLHURST UNIVERSITY                   ,OR,97036-7036,Private      ,99,805,904,99,,805,904
00320300,MOUNT ANGEL SEMINARY                    ,OR,97373-0505,Private      ,5,15,20,5,,15,20
00320400,MOUNT HOOD COMMUNITY COLLEGE            ,OR,97030-3300,Public       ,3561,4939,8500,3561,,4939,8500
00320600,MULTNOMAH UNIVERSITY                    ,OR,97220-5898,Private      ,321,417,738,321,,417,738
00320700,PACIFIC NORTHWEST COLLEGE OF ART        ,OR,97209-3023,Private      ,557,528,1085,557,,528,1085
00320800,NORTHWEST CHRISTIAN UNIVERSITY          ,OR,97401-3727,Private      ,641,523,1164,641,,523,1164
00320900,WESTERN OREGON UNIVERSITY               ,OR,97361-1394,Public       ,6750,2467,9217,6750,,2467,9217
00321000,OREGON STATE UNIVERSITY                 ,OR,97331-8507,Public       ,23434,9978,33412,23434,,9978,33412
00321100,OREGON INSTITUTE OF TECHNOLOGY          ,OR,97601-8801,Public       ,2493,1738,4231,2493,,1738,4231
00321200,PACIFIC UNIVERSITY                      ,OR,97116-1797,Private      ,3770,2656,6426,3770,,2656,6426
00321300,PORTLAND COMMUNITY COLLEGE              ,OR,97219-7198,Public       ,10236,19916,30152,10236,,19916,30152
00321311,PORTLAND COMMUNITY COLLEGE - TILLAMOOK B,OR,97141-2599,Public       ,154,210,364,154,,210,364
00321600,PORTLAND STATE UNIVERSITY               ,OR,97207-0000,Public       ,14259,15795,30054,14259,,15795,30054
00321700,REED COLLEGE                            ,OR,97202-8199,Private      ,3033,508,3541,3033,,508,3541
00321800,CHEMEKETA COMMUNITY COLLEGE             ,OR,97309-1500,Public       ,4889,7390,12279,4889,,7390,12279
00321900,SOUTHERN OREGON UNIVERSITY              ,OR,97520-5010,Public       ,4986,2492,7478,4986,,2492,7478
00322000,SOUTHWESTERN OREGON COMMUNITY CLG       ,OR,97420-2956,Public       ,1209,965,2174,1209,,965,2174
00322100,TREASURE VALLEY COMMUNITY COLLEGE       ,OR,97914-3423,Public       ,1044,1039,2083,1044,,1039,2083
00322200,UMPQUA COMMUNITY COLLEGE                ,OR,97470-0226,Public       ,902,1314,2216,902,,1314,2216
00322300,UNIVERSITY OF OREGON                    ,OR,97403-1226,Public       ,22852,7456,30308,22852,,7456,30308
00322400,UNIVERSITY OF PORTLAND                  ,OR,97203-5798,Private      ,10385,2216,12601,10385,,2216,12601
00322500,WARNER PACIFIC COLLEGE                  ,OR,97215-4099,Private      ,994,1092,2086,994,,1092,2086
00322700,WILLAMETTE UNIVERSITY                   ,OR,97301-3930,Private      ,4648,976,5624,4648,,976,5624
00487800,CLACKAMAS COMMUNITY COLLEGE             ,OR,97045-7998,Public       ,2688,3242,5930,2688,,3242,5930
00488200,OREGON HEALTH & SCIENCE UNIVERSITY      ,OR,97239-0000,Public       ,937,3372,4309,937,,3372,4309
00693800,LINN BENTON COMMUNITY COLLEGE           ,OR,97321-3774,Public       ,2726,2985,5711,2726,,2985,5711
00717800,WESTERN SEMINARY                        ,OR,97215-0000,Private      ,22,259,281,22,,259,281
00723402,HEALD COLLEGE - PORTLAND                ,OR,97205-3432,Proprietary  ,158,578,736,158,,578,736
00732969,ITT TECHNICAL INSTITUTE                 ,OR,97220-6819,Proprietary  ,258,749,1007,258,,749,1007
00737101,MARINELLO SCHOOL OF BEAUTY - PORTLAND   ,OR,97212-3732,Proprietary  ,64,104,168,64,,104,168
00781900,ART INSTITUTE OF PORTLAND (THE)         ,OR,97209-2911,Proprietary  ,1017,963,1980,1017,,963,1980
00888700,CONCORDE CAREER INSTITUTE               ,OR,97232-2242,Proprietary  ,195,525,720,195,,525,720
00907900,EVEREST COLLEGE                         ,OR,97204-2296,Proprietary  ,153,447,600,153,,447,600
00958100,SPRINGFIELD COLLEGE OF BEAUTY           ,OR,97477-5474,Proprietary  ,37,70,107,37,,70,107
01012200,PHAGANS' MEDFORD BEAUTY SCHOOL          ,OR,97504-5297,Proprietary  ,41,82,123,41,,82,123
01018200,ROGUE COMMUNITY COLLEGE                 ,OR,97527-0000,Public       ,1967,3811,5778,1967,,3811,5778
01050700,ACADEMY OF HAIR DESIGN                  ,OR,97301-3526,Proprietary  ,42,107,149,42,,107,149
01230900,UNIVERSITY OF WESTERN STATES            ,OR,97230-3099,Private      ,73,391,464,73,,391,464
01234700,PHAGANS CENTRAL OREGON BEAUTY CLG       ,OR,97701-5175,Proprietary  ,55,84,139,55,,84,139
01234800,PHAGANS BEAUTY COLLEGE                  ,OR,97333-4716,Proprietary  ,34,57,91,34,,57,91
01235000,PHAGANS SCHOOL OF HAIR DESIGN           ,OR,97086-7721,Proprietary  ,33,75,108,33,,75,108
01235100,PHAGANS SCHOOL OF BEAUTY                ,OR,97301-4732,Proprietary  ,45,107,152,45,,107,152
01300800,PHAGANS TIGARD BEAUTY SCHOOL            ,OR,97223-0000,Proprietary  ,12,22,34,12,,22,34
02101000,NORTHWEST COLLEGE OF HAIR DESIGN        ,OR,97086-7702,Proprietary  ,88,230,318,88,,230,318
02101002,NORTHWEST COLLEGE                       ,OR,97007-3954,Proprietary  ,23,41,64,23,,41,64
02104900,COLLEGE OF LEGAL ARTS                   ,OR,97219-9998,Proprietary  ,61,222,283,61,,222,283
02106100,COLLEGE OF COSMETOLOGY                  ,OR,97601-0000,Proprietary  ,26,34,60,26,,34,60
02154400,BEAU MONDE CLG OF HAIR DESIGN           ,OR,97205-0000,Proprietary  ,71,150,221,71,,150,221
02159700,NEW HOPE CHRISTIAN COLLEGE              ,OR,97405-1194,Private      ,166,127,293,166,,127,293
02201900,PHAGANS' SCHOOL OF HAIR DESIGN          ,OR,97232-0000,Proprietary  ,85,194,279,85,,194,279
02239203,ANTHEM COLLEGE - BEAVERTON              ,OR,97005-0000,Proprietary  ,47,140,187,47,,140,187
02311000,PAUL MITCHELL THE SCHOOL                ,OR,97205-3724,Proprietary  ,126,154,280,126,,154,280
02330100,PIONEER PACIFIC COLLEGE                 ,OR,97070-0000,Proprietary  ,157,373,530,157,,373,530
02330102,PIONEER PACIFIC COLLEGE                 ,OR,97403-0000,Proprietary  ,146,463,609,146,,463,609
02337900,COLLEGE OF HAIR DESIGN CAREERS          ,OR,97301-0000,Proprietary  ,39,93,132,39,,93,132
02344100,ROSEBURG BEAUTY COLLEGE                 ,OR,97470-0000,Proprietary  ,25,71,96,25,,71,96
02534000,NATIONAL COLLEGE OF NATURAL MEDICINE    ,OR,97201-0000,Private      ,63,718,781,63,,718,781
02578800,NORTHWEST NANNIES INSTITUTE             ,OR,97035-0000,Proprietary  ,13,11,24,13,,11,24
02603700,OREGON COL OF ORIENTAL MEDICINE         ,OR,97216-0000,Private      ,27,282,309,27,,282,309
02617506,EVEREST COLLEGE - EVEREST INSTITUTE     ,OR,97223-6581,Proprietary  ,63,145,208,63,,145,208
03007300,OREGON COLLEGE OF ART & CRAFT           ,OR,97225-6399,Private      ,257,341,598,257,,341,598
03022600,LE CORDON BLEU COLLEGE OF CULINARY ARTS ,OR,97205-2793,Proprietary  ,409,600,1009,409,,600,1009
03042500,CARRINGTON COLLEGE                      ,OR,97232-1302,Proprietary  ,82,266,348,82,,266,348
03074400,PHAGANS NEWPORT ACAD CSMTLGY CAREER     ,OR,97365-4963,Proprietary  ,14,26,40,14,,26,40
03074500,EAST-WEST COLLEGE OF THE HEALING ARTS   ,OR,97232-2765,Proprietary  ,56,231,287,56,,231,287
03185300,PHAGANS GRANTS PASS COLLEGE OF BTY      ,OR,97527-0000,Proprietary  ,30,39,69,30,,39,69
03428300,KLAMATH COMMUNITY COLLEGE               ,OR,97603-7121,Public       ,437,775,1212,437,,775,1212
03642300,INSTITUTE OF TECHNOLOGY                 ,OR,97305-1373,Proprietary  ,78,220,298,78,,220,298
03668300,BIRTHINGWAY COLLEGE OF MIDWIFERY        ,OR,97266-4042,Private      ,30,158,188,30,,158,188
03783400,ABDILL CAREER COLLEGE                   ,OR,97504-7137,Proprietary  ,44,159,203,44,,159,203
04146500,PORTLAND ACTORS CONSERVATORY            ,OR,97201-2557,Private      ,42,87,129,42,,87,129
04151900,COLUMBIA GORGE COMMUNITY COLLEGE        ,OR,97058-3434,Public       ,414,513,927,414,,513,927
04167400,SAGE SCHOOL OF MASSAGE & HEALING ARTS   ,OR,97701-4082,Proprietary  ,20,73,93,20,,73,93
04171400,AVEDA INSTITUTE PORTLAND                ,OR,97209-3144,Proprietary  ,178,247,425,178,,247,425
04194400,AMERICAN COLLEGE OF HEALTHCARE SCIENCES ,OR,97239-3719,Proprietary  ,112,478,590,112,,478,590
04194900,TILLAMOOK BAY COMMUNITY COLLEGE         ,OR,97141-2807,Public       ,122,237,359,122,,237,359
00137400,ALBERTUS MAGNUS COLLEGE                 ,CT,06511-1189,Private      ,838,809,1647,838,,809,1647
00137800,CENTRAL CONNECTICUT STATE UNIV          ,CT,06050-2490,Public       ,9436,2734,12170,9436,,2734,12170
00137900,CONNECTICUT COLLEGE                     ,CT,06320-4196,Private      ,3003,129,3132,3003,,129,3132
00138000,WESTERN CONNECTICUT STATE UNIV          ,CT,06810-6826,Public       ,4927,1158,6085,4927,,1158,6085
00138500,FAIRFIELD UNIVERSITY                    ,CT,06430-0000,Private      ,6804,618,7422,6804,,618,7422
00138700,HARTFORD SEMINARY                       ,CT,06105-0000,Private      ,18,49,67,18,,49,67
00138900,HOLY APOSTLES COLLEGE & SEMINARY        ,CT,06416-2027,Private      ,8,27,35,8,,27,35
00139200,MANCHESTER COMMUNITY COLLEGE            ,CT,06045-1046,Public       ,1989,1483,3472,1989,,1483,3472
00139300,MITCHELL COLLEGE                        ,CT,06320-4498,Private      ,725,150,875,725,,150,875
00139700,UNIVERSITY OF NEW HAVEN                 ,CT,06516-1999,Private      ,8915,1335,10250,8915,,1335,10250
00139800,NORTHWESTERN CT COMMUNITY COLLEGE       ,CT,06098-1747,Public       ,298,275,573,298,,275,573
00139900,NORWALK COMMUNITY TECHNICAL COLLEGE     ,CT,06854-1655,Public       ,1119,1018,2137,1119,,1018,2137
00140100,POST UNIVERSITY                         ,CT,06723-3240,Proprietary  ,947,3549,4496,947,,3549,4496
00140200,QUINNIPIAC UNIVERSITY                   ,CT,06518-1908,Private      ,16196,1913,18109,16196,,1913,18109
00140201,QUINNIPIAC UNIVERSITY SCHOOL OF LAW     ,CT,06518-0000,Private      ,76,446,522,76,,446,522
00140300,SACRED HEART UNIVERSITY                 ,CT,06825-1000,Private      ,7910,1609,9519,7910,,1609,9519
00140600,SOUTHERN CONNECTICUT STATE UNIV         ,CT,06515-1355,Public       ,8169,3323,11492,8169,,3323,11492
00140900,SAINT JOSEPH COLLEGE                    ,CT,06117-2791,Private      ,875,939,1814,875,,939,1814
00141400,TRINITY COLLEGE                         ,CT,06106-3100,Private      ,3091,210,3301,3091,,210,3301
00141600,UNIVERSITY OF BRIDGEPORT                ,CT,06601-5650,Private      ,2950,1782,4732,2950,,1782,4732
00141700,UNIVERSITY OF CONNECTICUT-STORRS        ,CT,06269-2151,Public       ,29929,4354,34283,29929,,4354,34283
00141702,UNIV CONN STAMFORD                      ,CT,06901-0000,Public       ,843,385,1228,843,,385,1228
00141703,UNIV OF CONNECTICUT - TORINGTON         ,CT,06790-0000,Public       ,210,79,289,210,,79,289
00141706,UNIV OF CONNECTICUT SCH LAW             ,CT,06105-0000,Public       ,42,649,691,42,,649,691
00141707,UNIV OF CT - SCH OF SOCIAL WORK         ,CT,06117-0000,Public       ,127,503,630,127,,503,630
00141708,UNIVERSITY OF CONNECTICUT - SCHOOL OF ME,CT,06030-1920,Public       ,133,382,515,133,,382,515
00141709,UNIVERSITY OF CONNECTICUT - SCHOOL OF DE,CT,06030-1920,Public       ,254,177,431,254,,177,431
00142200,UNIVERSITY OF HARTFORD                  ,CT,06117-1599,Private      ,8454,1299,9753,8454,,1299,9753
00142400,WESLEYAN UNIVERSITY                     ,CT,06459-3208,Private      ,4400,211,4611,4400,,211,4611
00142500,EASTERN CONNECTICUT STATE UNIV          ,CT,06226-2295,Public       ,6109,947,7056,6109,,947,7056
00142600,YALE UNIVERSITY                         ,CT,06520-8288,Private      ,17195,6537,23732,17195,,6537,23732
00280301,RENSSELAER POLYTECHNIC INSTITUTE-RENSSEL,CT,06120-2991,Private      ,13,11,24,13,,11,24
00451300,HOUSATONIC COMMUNITY COLLEGE            ,CT,06604-4704,Public       ,1282,1391,2673,1282,,1391,2673
00618100,BRIDGEPORT HOSP SCHL OF NURSING         ,CT,06610-2896,Private      ,109,269,378,109,,269,378
00619100,ST. VINCENT'S COLLEGE                   ,CT,06606-9966,Private      ,188,361,549,188,,361,549
00698200,NAUGATUCK VALLEY COMM-TECH COLG         ,CT,06708-3089,Public       ,1606,1596,3202,1606,,1596,3202
00730000,ELI WHITNEY TECHNICAL HIGH SCHOOL       ,CT,06514-0000,Public       ,10,25,35,10,,25,35
00730300,LINCOLN TECHNICAL INSTITUTE             ,CT,06051-0000,Proprietary  ,155,260,415,155,,260,415
00730306,LINCOLN TECHNICAL INSTITUTE - EAST WINDS,CT,06088-9631,Proprietary  ,331,158,489,331,,158,489
00730500,PORTER AND CHESTER INSTITUTE OF BRANFORD,CT,06405-4022,Proprietary  ,67,94,161,67,,94,161
00731100,WINDHAM TECHNICAL HIGH SCHOOL           ,CT,06226-2100,Public       ,0,2,2,0,,2,2
00745900,PAIER COLLEGE OF ART                    ,CT,06514-3902,Proprietary  ,67,24,91,67,,24,91
00763500,CAPITAL COMMUNITY COLLEGE               ,CT,06103-1207,Public       ,754,1392,2146,754,,1392,2146
00803700,GATEWAY COMMUNITY-TECHNICAL COLLEGE     ,CT,06511-0000,Public       ,1895,2220,4115,1895,,2220,4115
00803800,MIDDLESEX COMMUNITY CLG                 ,CT,06457-4889,Public       ,608,604,1212,608,,604,1212
00887300,PAUL MITCHELL THE SCHOOL                ,CT,06810-6716,Proprietary  ,26,33,59,26,,33,59
00887400,BRIO ACADEMY OF COSMETOLOGY             ,CT,06450-4836,Proprietary  ,4,13,17,4,,13,17
00887401,BRIO ACADEMY OF COSMETOLOGY - HAMDEN    ,CT,06514-4132,Proprietary  ,7,14,21,7,,14,21
00887402,BRIO ACADEMY OF COSMETOLOGY - FAIRFIELD ,CT,06824-6690,Proprietary  ,9,21,30,9,,21,30
00887403,BRIO ACADEMY OF COSMETOLOGY - WILLIMANTI,CT,06226-1940,Proprietary  ,6,9,15,6,,9,15
00927700,E C GOODWIN TECHNICAL HIGH SCHOOL       ,CT,06053-0000,Public       ,8,17,25,8,,17,25
00940700,LINCOLN COLLEGE OF NEW ENGLAND          ,CT,06489-1057,Proprietary  ,228,178,406,228,,178,406
00976400,TUNXIS COMMUNITY COLLEGE                ,CT,06032-3187,Public       ,1162,899,2061,1162,,899,2061
00976500,THREE RIVERS COMMUNITY COLLEGE          ,CT,06360-6598,Public       ,1014,1134,2148,1014,,1134,2148
00982200,ALBERT I PRINCE TECHNICAL HIGH SCHOOL   ,CT,06106-3799,Public       ,14,24,38,14,,24,38
01041700,BRIO ACADEMY OF EAST HARTFORD           ,CT,06108-2220,Proprietary  ,23,38,61,23,,38,61
01053000,QUINEBAUG VALLEY COMMUNITY COLLEGE      ,CT,06239-1440,Public       ,393,433,826,393,,433,826
01077900,PORTER AND CHESTER INSTITUTE-ALLCAMPUSES,CT,06615-7158,Proprietary  ,412,1011,1423,412,,1011,1423
01115000,ASNUNTUCK COMMUNITY COLLEGE             ,CT,06082-3800,Public       ,283,294,577,283,,294,577
01149600,BULLARD HAVENS VOC TECH SCHOOL          ,CT,06610-3499,Public       ,20,45,65,20,,45,65
01169700,VINAL REGIONAL VOC TECH SCHOOL          ,CT,06457-4918,Public       ,2,18,20,2,,18,20
01184300,NORWICH TECHNICAL HIGH SCHOOL           ,CT,06360-7097,Public       ,8,28,36,8,,28,36
01242500,STONE ACADEMY                           ,CT,06516-4049,Proprietary  ,28,132,160,28,,132,160
01242503,STONE ACADEMY -WATERBURY                ,CT,06705-3823,Proprietary  ,16,40,56,16,,40,56
01242504,STONE ACADEMY -  EAST HARTFORD          ,CT,06118-0000,Proprietary  ,28,94,122,28,,94,122
01287700,SANFORD-BROWN COLLEGE                   ,CT,06855-1436,Proprietary  ,14,14,28,14,,14,28
01291300,LEON INSTITUTE OF HAIR DESIGN           ,CT,06604-4226,Proprietary  ,0,4,4,0,,4,4
02074000,BRANFORD HALL CAREER INSTITUTE          ,CT,06405-0000,Proprietary  ,66,276,342,66,,276,342
02106600,AMERICAN INSTITUTE                      ,CT,06110-1922,Proprietary  ,17,88,105,17,,88,105
02112300,RIDLEY LOWELL BUSINESS & TECH INST      ,CT,06320-0000,Proprietary  ,43,188,231,43,,188,231
02112700,NORTH HAVEN ACADEMY                     ,CT,06473-3108,Proprietary  ,34,30,64,34,,30,64
02148700,CONNECTICUT INST OF HAIR DESIGN         ,CT,06716-0000,Proprietary  ,4,5,9,4,,5,9
02202500,NEW ENGLAND TRACTOR TRAILER SCH         ,CT,06071-2036,Proprietary  ,4,35,39,4,,35,39
02244900,GOODWIN COLLEGE                         ,CT,06118-9980,Private      ,632,2294,2926,632,,2294,2926
02245300,HOWELL CHENEY TECHNICAL HIGH SCHOOL     ,CT,06040-0000,Public       ,4,10,14,4,,10,14
02265900,WINDHAM COMMUNITY MEM HOSP-RAD TECH     ,CT,06226-0000,Private      ,9,15,24,9,,15,24
02296100,YALE-NEW HAVEN HOSP DIETETIC INTERN     ,CT,06510-8900,Private      ,15,21,36,15,,21,36
02300000,W F KAYNOR TECHNICAL HIGH SCHOOL        ,CT,06708-0000,Public       ,10,24,34,10,,24,34
02316600,CONNECTICUT CTR FOR MASSAGE THERAPY     ,CT,06111-3975,Proprietary  ,12,25,37,12,,25,37
02316601,CONNECTICUT CENTER FOR MASSAGE THERAPY -,CT,06880-4619,Proprietary  ,11,27,38,11,,27,38
02316603,CONNECTICUT CENTER FOR MASSAGE THERAPY -,CT,06340-4619,Proprietary  ,7,16,23,7,,16,23
02565000,PLATT TECHNICAL HIGH SCHOOL             ,CT,06460-2105,Public       ,2,7,9,2,,7,9
03079400,LYME ACADEMY COLLEGE OF FINE ARTS       ,CT,06371-2333,Private      ,79,19,98,79,,19,98
03094800,INDUSTRIAL MANAGEMENT & TRAINING        ,CT,06706-1211,Proprietary  ,10,29,39,10,,29,39
03234300,CHARTER OAK STATE COLLEGE               ,CT,06053-2150,Public       ,70,757,827,70,,757,827
03316300,LINCOLN TECHNICAL INSTITUTE - HARTFORD  ,CT,06105-3630,Proprietary  ,233,180,413,233,,180,413
03927300,ALBERT SCHOOL (THE)                     ,CT,06357-2447,Proprietary  ,3,7,10,3,,7,10
03927301,BRIO ACADEMY OF COSMETOLOGY - TORRINGTON,CT,06790-5425,Proprietary  ,4,8,12,4,,8,12
03927302,BRIO ACADEMY OF COSMETOLOGY  -  ENFIELD ,CT,06082-2946,Proprietary  ,7,8,15,7,,8,15
04104300,ACADEMY DI CAPELLI - SCHOOL OF COSMETOLO,CT,06492-0000,Proprietary  ,27,23,50,27,,23,50
04128800,BRANFORD ACADEMY OF HAIR & COSMETOLOGY  ,CT,06405-0000,Proprietary  ,6,12,18,6,,12,18
04145400,OXFORD ACADEMY OF HAIR DESIGN           ,CT,06483-2911,Proprietary  ,9,10,19,9,,10,19
04148400,EUROPEAN ACADEMY OF COSMETOLOGY AND HAIR,CT,06437-0000,Proprietary  ,5,3,8,5,,3,8
04152400,INTERNATIONAL INSTITUTE OF COSMETOLOGY  ,CT,06109-0000,Proprietary  ,23,39,62,23,,39,62
04219200,ACE COSMETOLOGY & BARBERING TRAINING CEN,CT,06716-0000,Proprietary  ,5,6,11,5,,6,11
04224200,BELLE ACADEMY OF COSMETOLOGY            ,CT,06704-0135,Proprietary  ,11,20,31,11,,20,31
04230900,RICCI'S ACADEMY OF COSMETOLOGY          ,CT,06470-0000,Proprietary  ,14,19,33,14,,19,33
00146600,BARRY UNIVERSITY                        ,FL,33161-6695,Private      ,3842,3568,7410,3842,,3568,7410
00146601,BARRY UNIVERSITY - ORLANDO              ,FL,32807-3673,Private      ,245,857,1102,245,,857,1102
00146700,BETHUNE COOKMAN UNIVERSITY              ,FL,32114-3099,Private      ,5472,1171,6643,5472,,1171,6643
00146800,ST THOMAS UNIVERSITY                    ,FL,33054-0000,Private      ,1034,1068,2102,1034,,1068,2102
00146900,FLORIDA INSTITUTE OF TECHNOLOGY         ,FL,32901-6988,Private      ,3699,2865,6564,3699,,2865,6564
00147000,BREVARD COMMUNITY COLLEGE               ,FL,32922-6503,Public       ,1997,2801,4798,1997,,2801,4798
00147100,COLLEGE OF CENTRAL FLORIDA              ,FL,34474-4415,Public       ,1738,2714,4452,1738,,2714,4452
00147200,CHIPOLA  COLLEGE                        ,FL,32446-2053,Public       ,378,366,744,378,,366,744
00147300,CLEARWATER CHRISTIAN COLLEGE            ,FL,33759-0000,Private      ,442,93,535,442,,93,535
00147500,DAYTONA STATE COLLEGE                   ,FL,32114-2800,Public       ,2923,3909,6832,2923,,3909,6832
00147700,EDISON STATE COLLEGE                    ,FL,33906-6210,Public       ,3428,3191,6619,3428,,3191,6619
00147800,EDWARD WATERS COLLEGE                   ,FL,32209-6199,Private      ,614,392,1006,614,,392,1006
00147900,EMBRY-RIDDLE AERONAUTICAL UNIV          ,FL,32114-3900,Private      ,5445,3300,8745,5445,,3300,8745
00148000,FLORIDA A & M UNIVERSITY                ,FL,32307-3100,Public       ,10110,4375,14485,10110,,4375,14485
00148100,FLORIDA ATLANTIC UNIVERSITY             ,FL,33431-6498,Public       ,17728,8387,26115,17728,,8387,26115
00148101,FLORIDA ATLANTIC UNIVERSITY/DAVIE       ,FL,33314-0000,Public       ,1666,2292,3958,1666,,2292,3958
00148103,FLORIDA ATLANTIC UNIV-JUPITER/PSL       ,FL,33458-0000,Public       ,889,652,1541,889,,652,1541
00148200,FLORIDA COLLEGE                         ,FL,33617-5578,Private      ,257,38,295,257,,38,295
00148400,FLORIDA STATE COLLEGE AT JACKSONVILLE   ,FL,32202-4030,Public       ,5259,9066,14325,5259,,9066,14325
00148500,FLORIDA KEYS COMMUNITY COLLEGE          ,FL,33040-4397,Public       ,305,257,562,305,,257,562
00148600,FLORIDA MEMORIAL UNIVERSITY             ,FL,33054-6199,Private      ,1707,643,2350,1707,,643,2350
00148700,ECKERD COLLEGE                          ,FL,33711-4744,Private      ,2695,399,3094,2695,,399,3094
00148800,FLORIDA SOUTHERN COLLEGE                ,FL,33801-5698,Private      ,3100,549,3649,3100,,549,3649
00148900,FLORIDA STATE UNIVERSITY                ,FL,32306-2430,Public       ,35912,10284,46196,35912,,10284,46196
00149000,GULF COAST STATE COLLEGE                ,FL,32401-1058,Public       ,1035,1598,2633,1035,,1598,2633
00149300,INDIAN RIVER STATE COLLEGE              ,FL,34981-5596,Public       ,2540,3208,5748,2540,,3208,5748
00149500,JACKSONVILLE UNIVERSITY                 ,FL,32211-3394,Private      ,2489,1623,4112,2489,,1623,4112
00149700,JONES COLLEGE                           ,FL,32211-5588,Private      ,43,341,384,43,,341,384
00149900,EVEREST UNIVERSITY                      ,FL,32810-5601,Proprietary  ,293,1829,2122,293,,1829,2122
00149901,EVEREST UNIVERSITY - ORLANDO SOUTH      ,FL,32819-7666,Proprietary  ,665,9618,10283,665,,9618,10283
00149902,EVEREST UNIVERSITY - MELBOURNE          ,FL,32905-6609,Proprietary  ,57,282,339,57,,282,339
00149904,EVEREST UNIVERSITY - TAMPA              ,FL,33614-5801,Proprietary  ,215,1696,1911,215,,1696,1911
00149905,EVEREST UNIVERSITY - BRANDON            ,FL,33619-1354,Proprietary  ,126,1716,1842,126,,1716,1842
00149906,EVEREST UNIVERSITY - ORANGE PARK        ,FL,32073-1111,Proprietary  ,46,413,459,46,,413,459
00149907,EVEREST UNIVERSITY - LARGO              ,FL,33770-2556,Proprietary  ,34,338,372,34,,338,372
00149908,EVEREST UNIVERSITY - LAKELAND           ,FL,33801-3801,Proprietary  ,57,267,324,57,,267,324
00149909,EVEREST UNIVERSITY - JACKSONVILLE       ,FL,32256-0000,Proprietary  ,122,527,649,122,,527,649
00149910,EVEREST UNIVERSITY - POMPANO            ,FL,33062-2522,Proprietary  ,76,844,920,76,,844,920
00149913,EVEREST INSTITUTE - MIAMI               ,FL,33169-4759,Proprietary  ,73,266,339,73,,266,339
00149914,EVEREST INSTITUTE - KENDALL             ,FL,33186-1410,Proprietary  ,66,198,264,66,,198,264
00150000,BROWARD COLLEGE- DOWNTOWN CTR           ,FL,33301-2298,Public       ,2530,4390,6920,2530,,4390,6920
00150001,BROWARD COLLEGE - DAVIE CAMPUS          ,FL,33314-0000,Public       ,4708,5014,9722,4708,,5014,9722
00150002,BROWARD COLLEGE- NORTH CAMPUS           ,FL,33066-0000,Public       ,2914,4264,7178,2914,,4264,7178
00150003,BROWARD COLLEGE- SOUTH CAMPUS           ,FL,33024-0000,Public       ,3214,3919,7133,3214,,3919,7133
00150100,FLORIDA GATEWAY COLLEGE                 ,FL,32025-2007,Public       ,432,798,1230,432,,798,1230
00150200,LAKE SUMTER COMMUNITY COLLEGE           ,FL,34788-8751,Public       ,1091,1143,2234,1091,,1143,2234
00150400,"STATE COLLEGE OF FLORIDA, MANATEE-SARASO",FL,34207-3596,Public       ,2155,2537,4692,2155,,2537,4692
00150500,LYNN UNIVERSITY                         ,FL,33431-5598,Private      ,2072,543,2615,2072,,543,2615
00150600,MIAMI DADE COLLEGE ADMINISTRATION ONLY  ,FL,33176-3393,Public       ,257,309,566,257,,309,566
00150601,MIAMI DADE COLLEGE - NORTH CAMPUS       ,FL,33167-3495,Public       ,6013,5606,11619,6013,,5606,11619
00150602,MIAMI DADE COLLEGE - KENDALL CAMPUS     ,FL,33176-3393,Public       ,7908,5113,13021,7908,,5113,13021
00150603,MIAMI DADE COLLEGE - WOLFSON CAMPUS     ,FL,33132-2297,Public       ,5117,4099,9216,5117,,4099,9216
00150604,MIAMI DADE COLLEGE - MEDICAL CAMPUS     ,FL,33127-4693,Public       ,1713,2462,4175,1713,,2462,4175
00150605,MIAMI DADE COLLEGE - HOMESTEAD CAMPUS   ,FL,33030-6009,Public       ,1312,1261,2573,1312,,1261,2573
00150606,MIAMI DADE COLLEGE -INTERAMERICAN CAMPUS,FL,33135-0000,Public       ,1585,2275,3860,1585,,2275,3860
00150607,MIAMI DADE COLLEGE - HIALEAH CAMPUS     ,FL,33012-2918,Public       ,1654,1493,3147,1654,,1493,3147
00150800,NORTH FLORIDA COMMUNITY COLLEGE         ,FL,32340-1699,Public       ,218,242,460,218,,242,460
00150900,NOVA SOUTHEASTERN UNIVERSITY            ,FL,33314-7796,Private      ,5073,14231,19304,5073,,14231,19304
00151000,NORTHWEST FLORIDA STATE COLLEGE         ,FL,32578-1295,Public       ,831,1452,2283,831,,1452,2283
00151200,PALM BEACH COMMUNITY COLLEGE            ,FL,33461-4796,Public       ,5670,5615,11285,5670,,5615,11285
00151300,PENSACOLA STATE COLLEGE                 ,FL,32504-8998,Public       ,1822,2905,4727,1822,,2905,4727
00151400,POLK STATE COLLEGE                      ,FL,33881-4256,Public       ,1906,2795,4701,1906,,2795,4701
00151500,ROLLINS COLLEGE                         ,FL,32789-4499,Private      ,2565,560,3125,2565,,560,3125
00151900,SANTA FE COLLEGE                        ,FL,32606-6200,Public       ,4917,3654,8571,4917,,3654,8571
00152000,SEMINOLE STATE COLLEGE OF FLORIDA       ,FL,32773-6199,Public       ,3661,4844,8505,3661,,4844,8505
00152100,SOUTHEASTERN UNIVERSITY                 ,FL,33801-6099,Private      ,2388,727,3115,2388,,727,3115
00152200,SOUTH FLORIDA COMMUNITY COLLEGE         ,FL,33825-9399,Public       ,525,603,1128,525,,603,1128
00152300,SAINT JOHNS RIVER STATE COLLEGE         ,FL,32177-3897,Public       ,1188,1694,2882,1188,,1694,2882
00152600,SAINT LEO UNIVERSITY                    ,FL,33574-6665,Private      ,3274,7619,10893,3274,,7619,10893
00152800,ST. PETERSBURG COLLEGE                  ,FL,33760-3768,Public       ,3955,8869,12824,3955,,8869,12824
00153100,STETSON UNIVERSITY                      ,FL,32723-3761,Private      ,5748,520,6268,5748,,520,6268
00153101,STETSON UNIVERSITY - COLLEGE OF LAW     ,FL,33707-3299,Private      ,78,876,954,78,,876,954
00153300,TALLAHASSEE COMMUNITY COLLEGE           ,FL,32304-2895,Public       ,4707,3359,8066,4707,,3359,8066
00153500,UNIVERSITY OF FLORIDA                   ,FL,32611-3150,Public       ,35096,12185,47281,35096,,12185,47281
00153600,UNIVERSITY OF MIAMI                     ,FL,33146-6531,Private      ,19397,3978,23375,19397,,3978,23375
00153601,UNIV OF MIAMI SCHOOL OF LAW             ,FL,33124-0000,Private      ,127,1309,1436,127,,1309,1436
00153602,UNIV OF MIAMI-SCH OF MEDICINE           ,FL,33136-0000,Private      ,637,1175,1812,637,,1175,1812
00153700,UNIVERSITY OF SOUTH FLORIDA             ,FL,33620-6960,Public       ,31331,13288,44619,31331,,13288,44619
00153701,UNIV OF SOUTH FLORIDA-ST PETERSBURG     ,FL,33701-0000,Public       ,3376,1933,5309,3376,,1933,5309
00153702,UNIV OF SOUTH FLORIDA-SARASOTA          ,FL,34243-2025,Public       ,826,1052,1878,826,,1052,1878
00153705,UNIV OF SOUTH FLORIDA                   ,FL,33803-0000,Public       ,799,561,1360,799,,561,1360
00153706,UNIV OF SOUTH FLORIDA- MEDICINE         ,FL,33612-0000,Public       ,1145,1491,2636,1145,,1491,2636
00153800,UNIVERSITY OF TAMPA                     ,FL,33606-1490,Private      ,10986,1944,12930,10986,,1944,12930
00154000,WEBBER INTERNATIONAL UNIVERSITY         ,FL,33827-0096,Private      ,840,168,1008,840,,168,1008
00173308,NATIONAL-LOUIS UNIVERSITY               ,FL,33609-0000,Private      ,9,33,42,9,,33,42
00177201,TRINITY INTERNATIONAL UNIVERSITY - SOUTH,FL,33324-4611,Private      ,39,184,223,39,,184,223
00395400,UNIV OF CENTRAL FLORIDA                 ,FL,32816-0001,Public       ,44805,16142,60947,44805,,16142,60947
00395500,UNIVERSITY OF WEST FLORIDA              ,FL,32514-5750,Public       ,6463,3453,9916,6463,,3453,9916
00407215,NORTHWOOD UNIVERSITY                    ,FL,33409-0000,Private      ,467,192,659,467,,192,659
00491005,KAPLAN COLLEGE JACKSONVILLE             ,FL,32216-3216,Proprietary  ,69,947,1016,69,,947,1016
00558500,LIVELY TECHNICAL CENTER                 ,FL,32304-0000,Public       ,180,630,810,180,,630,810
00558600,LINDSEY HOPKINS TECHNICAL ED CENTER     ,FL,33127-4692,Public       ,101,262,363,101,,262,363
00559400,D G ERWIN TECHNICAL CENTER              ,FL,33610-8255,Public       ,228,697,925,228,,697,925
00560500,PINELLAS TECH ED CTR-CLEARWATER         ,FL,33760-2194,Public       ,118,412,530,118,,412,530
00560700,SARASOTA COUNTY TECHNICAL INSTITUTE     ,FL,34233-0000,Public       ,120,293,413,120,,293,413
00560800,MAYNARD A. TRAVISS CAREER CENTER        ,FL,33803-9709,Public       ,82,338,420,82,,338,420
00561200,MANATEE TECHNICAL INSTITUTE             ,FL,34210-0000,Public       ,150,385,535,150,,385,535
00561201,MANATEE TECHNICAL INSTITUTE-EAST        ,FL,34211-0000,Public       ,119,248,367,119,,248,367
00675000,VALENCIA COMMUNITY COLLEGE              ,FL,32802-3028,Public       ,13686,10569,24255,13686,,10569,24255
00732910,ITT TECHNICAL INSTITUTE                 ,FL,33634-7515,Proprietary  ,251,830,1081,251,,830,1081
00732947,ITT TECHNICAL INSTITUTE                 ,FL,32746-1607,Proprietary  ,111,638,749,111,,638,749
00736206,MEDTECH COLLEGE - MEDTECH INSTITUTE - OR,FL,32826-4906,Proprietary  ,75,276,351,75,,276,351
00752500,SUWANNEE-HAMILTON AREA VOC TECH CTR     ,FL,32060-0000,Public       ,15,95,110,15,,95,110
00752600,WASHINGTON HOLMES TECHNICAL CENTER      ,FL,32428-1699,Public       ,41,111,152,41,,111,152
00755800,LEE COUNTY HIGH TECH CENTER CENTRAL     ,FL,33916-2299,Public       ,133,318,451,133,,318,451
00787000,HILLSBOROUGH COMMUNITY COLLEGE          ,FL,33606-3572,Public       ,6232,7919,14151,6232,,7919,14151
00789300,FLAGLER COLLEGE                         ,FL,32085-1027,Private      ,3557,420,3977,3557,,420,3977
00789301,FLAGLER COLLEGE - TALLAHASSEE COMMUNITY ,FL,32304-2895,Private      ,264,358,622,264,,358,622
00807500,ST JOHN VIANNEY COLLEGE SEMINARY        ,FL,33165-3244,Private      ,12,8,20,12,,8,20
00822300,ST VINCENT DE PAUL REGIONL SEMINARY     ,FL,33436-0000,Private      ,0,8,8,0,,8,8
00841700,STENOTYPE INST OF JACKSONVILLE          ,FL,32207-0000,Proprietary  ,10,87,97,10,,87,97
00869410,RASMUSSEN COLLEGE - OCALA               ,FL,34471-7051,Proprietary  ,240,2160,2400,240,,2160,2400
00869411,RASMUSSEN COLLEGE - NEW PORT RICHEY     ,FL,34690-4554,Proprietary  ,62,422,484,62,,422,484
00869413,RASMUSSEN COLLEGE - FORT MYERS          ,FL,33905-7805,Proprietary  ,144,565,709,144,,565,709
00869420,RASMUSSEN COLLEGE - TAMPA               ,FL,33610-9558,Proprietary  ,85,413,498,85,,413,498
00869422,RASMUSSEN COLLEGE - PASCO               ,FL,33558-0000,Proprietary  ,25,149,174,25,,149,174
00884800,WARNER UNIVERSITY                       ,FL,33859-8725,Private      ,555,291,846,555,,291,846
00884900,PALM BEACH ATLANTIC UNIVERSITY          ,FL,33401-6505,Private      ,2408,1108,3516,2408,,1108,3516
00887800,MIAMI INTERNATIONAL UNIV ART&DESIGN     ,FL,33132-1418,Proprietary  ,1092,848,1940,1092,,848,1940
00910400,TONI & GUY HAIRDRESSING ACADEMY         ,FL,32256-3810,Proprietary  ,6,22,28,6,,22,28
00963500,FLORIDA INTERNATIONAL UNIVERSITY        ,FL,33199-0001,Public       ,28470,16944,45414,28470,,16944,45414
00984100,UNIVERSITY OF NORTH FLORIDA             ,FL,32224-2645,Public       ,10126,4450,14576,10126,,4450,14576
00990200,SHERIDAN TECHNICAL CENTER               ,FL,33021-3399,Public       ,207,622,829,207,,622,829
01016100,"LORAINE'S ACADEMY, INC                  ",FL,33710-0000,Proprietary  ,18,65,83,18,,65,83
01019500,ART INSTITUTE OF FT LAUDERDALE          ,FL,33316-3000,Proprietary  ,753,641,1394,753,,641,1394
01065200,PASCO-HERNANDO COMMUNITY CLG            ,FL,34654-5199,Public       ,1913,2401,4314,1913,,2401,4314
01072401,CARLOS ALBIZU UNIVERSITY                ,FL,33172-0000,Private      ,56,317,373,56,,317,373
01082600,TOM P. HANEY TECHNICAL CENTER           ,FL,32405-5099,Public       ,64,298,362,64,,298,362
01112700,GOODING INST OF NUR ANES BAY MED CT     ,FL,32401-0000,Proprietary  ,7,40,47,7,,40,47
01226300,ATLANTIC TECHNICAL CENTER               ,FL,33063-3902,Public       ,150,410,560,150,,410,560
01246117,LINCOLN COLLEGE OF TECHNOLOGY - WEST PAL,FL,33407-3105,Proprietary  ,116,193,309,116,,193,309
01254400,FIRST COAST TECHNICAL COLLEGE           ,FL,32084-1921,Public       ,123,323,446,123,,323,446
01257400,RINGLING SCHOOL OF ART AND DESIGN       ,FL,34234-5895,Private      ,1533,245,1778,1533,,245,1778
01303904,SOUTH UNIVERSITY - WEST PALM BEACH CAMPU,FL,33409-5149,Proprietary  ,266,659,925,266,,659,925
01323400,LORENZO WALKER INST OF TECHNOLOGY       ,FL,34104-4405,Public       ,113,230,343,113,,230,343
02089600,CONCORDE CAREER INSTITUTE               ,FL,32211-0000,Proprietary  ,77,500,577,77,,500,577
02113609,AMERICAN INTERCONTINENTAL UNIV - WESTON ,FL,33326-3233,Proprietary  ,23,73,96,23,,73,96
02115300,PINELLAS TECHNICAL EDUCATION CENTERS - S,FL,33711-0000,Public       ,139,668,807,139,,668,807
02116006,SANFORD-BROWN INSTITUTE - FT. LAUDERDALE,FL,33309-1906,Proprietary  ,52,171,223,52,,171,223
02148200,FASHION FOCUS HAIR ACADEMY              ,FL,34231-0000,Proprietary  ,11,25,36,11,,25,36
02148300,MANHATTAN BEAUTY SCHOOL                 ,FL,33611-0000,Proprietary  ,23,71,94,23,,71,94
02149900,PAUL MITCHELL THE SCHOOL-JACKSONVILLE   ,FL,32205-0000,Proprietary  ,44,98,142,44,,98,142
02151900,KEISER  UNIVERSITY                      ,FL,33309-0000,Private      ,1418,5051,6469,1418,,5051,6469
02156700,FLORIDA CHRISTIAN COLLEGE               ,FL,34744-0000,Private      ,136,76,212,136,,76,212
02159600,BAPTIST COLLEGE OF FLORIDA (THE)        ,FL,32440-0000,Private      ,95,84,179,95,,84,179
02172700,CONCORDE CAREER INSTITUTE               ,FL,33607-0000,Proprietary  ,57,265,322,57,,265,322
02188900,HOBE SOUND BIBLE COLLEGE                ,FL,33475-0000,Private      ,26,42,68,26,,42,68
02200100,BRADENTON BEAUTY & BARBER ACADEMY       ,FL,34209-0000,Proprietary  ,8,25,33,8,,25,33
02218700,FLORIDA TECHNICAL COLLEGE               ,FL,32826-2707,Proprietary  ,311,944,1255,311,,944,1255
02218707,FLORIDA TECHNICAL COLLEGE - LAKELAND    ,FL,33813-2101,Proprietary  ,123,216,339,123,,216,339
02218709,FLORIDA TECHNICAL COLLEGE - DELAND      ,FL,32720-7415,Proprietary  ,41,241,282,41,,241,282
02228300,LAKE TECHNICAL CENTER                   ,FL,32726-0000,Public       ,138,392,530,138,,392,530
02245500,FORTIS COLLEGE                          ,FL,32789-4679,Proprietary  ,31,194,225,31,,194,225
02257900,INTERNATIONAL ACADEMY                   ,FL,32119-3541,Proprietary  ,13,41,54,13,,41,54
02275100,CONCORDE CAREER INSTITUTE               ,FL,33025-0000,Proprietary  ,53,149,202,53,,149,202
02278800,SOUTHWEST FLORIDA COLLEGE               ,FL,33907-0000,Proprietary  ,234,619,853,234,,619,853
02278801,SOUTHWEST FLORIDA COLLEGE - TAMPA       ,FL,33619-1344,Proprietary  ,230,389,619,230,,389,619
02278802,SOUTHWEST FLORIDA COLLEGE - INSTITUTUE O,FL,33928-9469,Proprietary  ,23,40,63,23,,40,63
02278803,SOUTHWEST FLORIDA COLLEGE - PORT CHARLOT,FL,33953-3100,Proprietary  ,73,239,312,73,,239,312
02279600,CORTIVA INSTITUTE - FLORIDA             ,FL,33781-0000,Proprietary  ,9,44,53,9,,44,53
02283800,BEAUTY SCHOOLS OF AMERICA               ,FL,33012-3322,Proprietary  ,68,189,257,68,,189,257
02287100,LA BELLE BEAUTY SCHOOL                  ,FL,33012-3224,Proprietary  ,6,5,11,6,,5,11
02293600,ADVANCED TECHNICAL CENTERS              ,FL,33266-1597,Private      ,21,27,48,21,,27,48
02297000,CHARLOTTE TECHNICAL CENTER              ,FL,33948-0000,Public       ,83,135,218,83,,135,218
02300900,WITHLACOOCHEE TECHNICAL INSTITUTE       ,FL,34450-0000,Public       ,49,185,234,49,,185,234
02305700,FORTIS COLLEGE                          ,FL,33619-1283,Proprietary  ,4,11,15,4,,11,15
02305800,FLORIDA CAREER COLLEGE                  ,FL,33012-7028,Proprietary  ,163,1173,1336,163,,1173,1336
02305810,FLORIDA CAREER COLLEGE - CLEARWATER     ,FL,33759-3924,Proprietary  ,40,101,141,40,,101,141
02307400,GEORGE STONE AREA VOCATIONAL TECHNICAL  ,FL,32526-0000,Public       ,92,388,480,92,,388,480
02314100,SCHILLER INTERNATIONAL UNIVERSITY       ,FL,33770-0000,Proprietary  ,35,74,109,35,,74,109
02316200,MIAMI LAKES TECHNICAL EDUCATION CTR     ,FL,33014-0000,Public       ,151,335,486,151,,335,486
02321200,ORANGE TECH EDUC CTR- WESTSIDE TECH     ,FL,34787-0000,Public       ,83,198,281,83,,198,281
02325100,KEY COLLEGE                             ,FL,33004-3046,Proprietary  ,5,31,36,5,,31,36
02326303,MEDVANCE INSTITUTE - WEST PALM          ,FL,33461-2171,Proprietary  ,17,95,112,17,,95,112
02326306,MEDVANCE INSTITUTE - MIAMI              ,FL,33173-3431,Proprietary  ,7,32,39,7,,32,39
02326800,MERIDIAN COLLEGE                        ,FL,34240-8478,Proprietary  ,16,53,69,16,,53,69
02326900,SUNSTATE ACADEMY OF HAIR DESIGN         ,FL,33907-1415,Proprietary  ,34,117,151,34,,117,151
02329900,FLORIDA INSTITUTE OF ULTRASOUND         ,FL,32514-0000,Proprietary  ,35,130,165,35,,130,165
02338400,FT PIERCE BEAUTY ACADEMY                ,FL,34982-0000,Proprietary  ,11,46,57,11,,46,57
02346200,WYOTECH                                 ,FL,32174-1010,Proprietary  ,82,161,243,82,,161,243
02362100,FULL SAIL UNIVERSITY                    ,FL,32792-0000,Proprietary  ,6337,8402,14739,6337,,8402,14739
02499000,ACADEMY OF COSMETOLOGY                  ,FL,32953-3311,Proprietary  ,18,41,59,18,,41,59
02501500,"O*TEC, MID-FLORIDA TECH                 ",FL,32809-0000,Public       ,129,427,556,129,,427,556
02502700,UEI (UNITED EDUCATION INSTITUTE)        ,FL,32207-5627,Proprietary  ,25,66,91,25,,66,91
02504600,WINTER PARK TECH                        ,FL,32789-0000,Public       ,41,168,209,41,,168,209
02508900,TALMUDIC COLLEGE OF FLORIDA             ,FL,33139-0000,Private      ,6,3,9,6,,3,9
02511700,RIDGE TECHNICAL CENTER                  ,FL,33881-0000,Public       ,88,282,370,88,,282,370
02513200,ORLANDO TECHNICAL CENTER                ,FL,32801-0000,Public       ,170,459,629,170,,459,629
02515400,CITY COLLEGE                            ,FL,33309-3073,Private      ,132,661,793,132,,661,793
02517100,SARASOTA SCHOOL OF MASSAGE THERAPY      ,FL,34243-6130,Proprietary  ,15,37,52,15,,37,52
02524000,SUNSTATE ACADEMY OF HAIR DESIGN         ,FL,34624-0000,Proprietary  ,16,28,44,16,,28,44
02524200,ROBERT MORGAN EDUCATIONAL CENTER        ,FL,33177-0000,Public       ,113,251,364,113,,251,364
02531803,PAUL MITCHELL THE SCHOOL - ORLANDO      ,FL,32765-6444,Proprietary  ,63,60,123,63,,60,123
02531805,PAUL MITCHELL THE SCHOOL -TAMPA         ,FL,33613-0000,Proprietary  ,48,84,132,48,,84,132
02547600,FLORIDA NATIONAL COLLEGE                ,FL,33012-0000,Proprietary  ,91,283,374,91,,283,374
02547601,FLORIDA NATIONAL UNIVERSITY - SOUTH CAMP,FL,33175-2478,Proprietary  ,238,314,552,238,,314,552
02547602,FLORIDA NATIONAL UNIVERSITY - TRAINING A,FL,33012-4108,Proprietary  ,55,109,164,55,,109,164
02554200,RADFORD LOCKLIN TECH CENTER             ,FL,32570-0000,Public       ,25,139,164,25,,139,164
02573200,LA BELLE BEAUTY ACADEMY                 ,FL,33135-0000,Proprietary  ,29,34,63,29,,34,63
02597100,HERITAGE INSTITUTE                      ,FL,33912-7132,Proprietary  ,100,255,355,100,,255,355
02598200,SOUTHERN CAREER COLLEGE                 ,FL,32211-0000,Proprietary  ,19,85,104,19,,85,104
02601600,HENRY W BREWSTER TECHNICAL CENTER       ,FL,33602-0000,Public       ,51,231,282,51,,231,282
02612700,"SALON PROFESSIONAL ACADEMY - MELBOURNE, ",FL,32904-3919,Proprietary  ,11,46,57,11,,46,57
02616400,SANFORD-BROWN INSTITUTE                 ,FL,32256-3520,Proprietary  ,53,247,300,53,,247,300
02616401,SANFORD-BROWN INSTITUTE - TAMPA         ,FL,33610-8304,Proprietary  ,45,150,195,45,,150,195
02616705,LE CORDON BLEU COLLEGE OF CULINARY ARTS ,FL,33025-3929,Proprietary  ,188,228,416,188,,228,416
03003600,MCFATTER TECHNICAL CENTER               ,FL,33317-7499,Public       ,155,375,530,155,,375,530
03008600,FLORIDA COLLEGE OF NATURAL HEALTH       ,FL,33064-1342,Proprietary  ,41,110,151,41,,110,151
03010608,VIRGINIA COLLEGE - PENSACOLA            ,FL,32501-5650,Proprietary  ,57,291,348,57,,291,348
03010612,VIRGINIA COLLEGE - GOLF ACADEMY OF AMERI,FL,32701-0000,Proprietary  ,18,33,51,18,,33,51
03010618,VIRGINIA COLLEGE - JACKSONVILLE         ,FL,32207-5167,Proprietary  ,71,298,369,71,,298,369
03012300,ASM BEAUTY WORLD ACADEMY                ,FL,33021-0000,Proprietary  ,9,32,41,9,,32,41
03018500,BENE'S INTERNATIONAL SCHOOL OF BEAUTY   ,FL,34652-1637,Proprietary  ,23,113,136,23,,113,136
03026508,REMINGTON COLLEGE - TAMPA               ,FL,33619-1177,Private      ,54,223,277,54,,223,277
03028200,TRINITY COLLEGE OF FLORIDA              ,FL,34655-4401,Private      ,61,63,124,61,,63,124
03031400,INTERNATIONAL ACADEMY OF DESIGN AND TECH,FL,33634-6313,Proprietary  ,295,1118,1413,295,,1118,1413
03031402,INTERNATIONAL ACADEMY OF DESIGN AND TECH,FL,32809-4613,Proprietary  ,132,235,367,132,,235,367
03031403,IADT - ORLANDO CULINARY ACADEMY         ,FL,32819-0000,Proprietary  ,88,160,248,88,,160,248
03035800,HERITAGE INSTITUTE                      ,FL,32216-0948,Proprietary  ,20,141,161,20,,141,161
03035900,NATIONAL AVIATION ACADEMY               ,FL,33760-3931,Proprietary  ,139,322,461,139,,322,461
03037500,HODGES UNIVERSITY                       ,FL,34119-7932,Private      ,246,1015,1261,246,,1015,1261
03054200,FORTIS COLLEGE                          ,FL,33144-2373,Proprietary  ,22,74,96,22,,74,96
03071600,COLLEGE OF BUSINESS & TECHNOLOGY        ,FL,33176-0000,Proprietary  ,123,170,293,123,,170,293
03076402,BRYMAN SCHOOL OF ARIZONA (THE) - ANTHEM ,FL,32803-3509,Proprietary  ,35,142,177,35,,142,177
03078003,OHIO CENTER FOR BROADCASTING - MIAMI MED,FL,33130-3042,Proprietary  ,10,23,33,10,,23,33
03079800,GEORGE T BAKER AVIATION                 ,FL,33142-5687,Public       ,118,143,261,118,,143,261
03079900,CITY COLLEGE                            ,FL,32707-0000,Private      ,15,144,159,15,,144,159
03087601,ITT TECHNICAL INSTITUTE                 ,FL,33126-1823,Proprietary  ,0,1,1,0,,1,1
03089200,NOUVELLE INSTITUTE                      ,FL,33125-4141,Proprietary  ,0,4,4,0,,4,4
03096300,FORTIS INSTITUTE                        ,FL,33860-0000,Proprietary  ,5,49,54,5,,49,54
03100800,TAYLOR TECHNICAL INSTITUTE              ,FL,32348-0894,Public       ,7,29,36,7,,29,36
03101900,TRINITY BAPTIST COLLEGE                 ,FL,32221-1398,Private      ,144,89,233,144,,89,233
03103900,MARION COUNTY COMMUNITY TECH & ADUL     ,FL,34474-3172,Public       ,134,492,626,134,,492,626
03108500,EVERGLADES UNIVERSITY                   ,FL,33431-0000,Private      ,78,402,480,78,,402,480
03108600,COM-PU-MED VOCATIONAL CAREERS           ,FL,33012-4861,Proprietary  ,11,6,17,11,,6,17
03113400,ACADEMY OF HEALING ARTS                 ,FL,33463-2113,Proprietary  ,11,29,40,11,,29,40
03114700,PRAXIS INSTITUTE                        ,FL,33135-2657,Proprietary  ,7,30,37,7,,30,37
03115500,ADVENTIST UNIVERSITY OF HEALTH SCIENCES ,FL,32803-1237,Private      ,668,931,1599,668,,931,1599
03123900,KEISER CAREER COLLEGE                   ,FL,33413-0000,Proprietary  ,64,324,388,64,,324,388
03125600,MIAMI AD SCHOOL                         ,FL,33139-5203,Proprietary  ,37,146,183,37,,146,183
03127900,TECHNICAL EDUCATION CTR OSCEOLA         ,FL,34744-4459,Public       ,120,270,390,120,,270,390
03158300,LEE COUNTY HIGH TECH CENTER NORTH       ,FL,33993-2479,Public       ,48,111,159,48,,111,159
03171300,UNIVERSITY OF ST. AUGUSTINE FOR HEALTH S,FL,32084-4215,Proprietary  ,76,762,838,76,,762,838
03224300,NEW PROFESSIONS TECHNICAL INSTITUTE     ,FL,33134-1640,Proprietary  ,14,96,110,14,,96,110
03230300,CHOICE HIGH SCHOOL AND TECHNICAL CENTER ,FL,32547-1299,Public       ,28,162,190,28,,162,190
03238300,FLORIDA COLLEGE OF INTEGRATIVE MED      ,FL,32809-5721,Proprietary  ,65,132,197,65,,132,197
03255300,FLORIDA GULF COAST UNIVERSITY           ,FL,33965-6565,Public       ,14328,3057,17385,14328,,3057,17385
03256300,YESHIVA GEDOLAH RABBINICAL COLLEGE      ,FL,33139-4708,Private      ,4,4,8,4,,4,8
03264300,SOUTH FLORIDA BIBLE COLLEGE AND THEOLOGI,FL,33441-5768,Private      ,5,24,29,5,,24,29
03346300,ACAD FOR PRAC NURSING & HEALTH OCCP     ,FL,33417-4574,Private      ,68,217,285,68,,217,285
03348400,PROFESSIONAL TRAINING CENTERS           ,FL,33184-0000,Proprietary  ,16,71,87,16,,71,87
03373300,BEACON COLLEGE                          ,FL,34748-5224,Private      ,104,57,161,104,,57,161
03374300,FLORIDA COASTAL SCHOOL OF LAW           ,FL,32256-0000,Proprietary  ,35,1086,1121,35,,1086,1121
03382300,BRADFORD-UNION AREA CAREERTECHNICAL CENT,FL,32091-2434,Public       ,18,114,132,18,,114,132
03390300,LINCOLN TECHNICAL INSTITUTE             ,FL,32730-2351,Proprietary  ,22,103,125,22,,103,125
03411400,INTERNATIONAL TRAINING CAREERS          ,FL,33155-1462,Private      ,11,29,40,11,,29,40
03414500,ACUPUNCTURE AND MASSAGE COLLEGE         ,FL,33176-1509,Proprietary  ,33,75,108,33,,75,108
03425400,CENTRAL FLORIDA INSTITUTE               ,FL,34684-4436,Proprietary  ,19,49,68,19,,49,68
03429600,ATLANTIC INST OF ORIENTAL MEDICINE      ,FL,33316-0000,Private      ,9,69,78,9,,69,78
03429700,EAST WEST COLLG OF NATURAL MEDICINE     ,FL,34236-4959,Proprietary  ,16,57,73,16,,57,73
03433400,NEW CONCEPT MASSAGE AND BEAUTY SCHO     ,FL,33135-0000,Proprietary  ,8,15,23,8,,15,23
03434300,FORTIS COLLEGE                          ,FL,32073-2999,Proprietary  ,38,162,200,38,,162,200
03480301,MEDVANCE INSTITUTE - FORT LAUDERDALE    ,FL,33313-7261,Proprietary  ,7,64,71,7,,64,71
03480302,MEDVANCE INSTITUTE - STUART             ,FL,34994-3000,Proprietary  ,27,152,179,27,,152,179
03491400,AMERICAN ADVANCED TECHNICIANS INST      ,FL,33014-4430,Proprietary  ,16,35,51,16,,35,51
03549300,ULTIMATE MEDICAL ACADEMY                ,FL,33756-4917,Proprietary  ,299,3618,3917,299,,3618,3917
03553300,KEISER CAREER COLLEGE                   ,FL,32216-0000,Proprietary  ,137,467,604,137,,467,604
03557300,NORTH FLORIDA COSMETOLOGY INSTITUTE     ,FL,32312-0000,Proprietary  ,58,143,201,58,,143,201
03564300,"INTERNATIONAL SCHOOL OF HEALTH, BEAUTY &",FL,33311-1141,Proprietary  ,5,14,19,5,,14,19
03570400,ENGLISH CENTER (THE)                    ,FL,33133-2703,Public       ,9,41,50,9,,41,50
03611400,FLORIDA BARBER ACADEMY                  ,FL,33441-0000,Proprietary  ,12,51,63,12,,51,63
03618300,FLORIDA INSTITUTE OF ANIMAL ARTS        ,FL,32792-0000,Proprietary  ,43,59,102,43,,59,102
03627400,JACKSONVILLE BEAUTY INSTITUTE           ,FL,32208-1885,Proprietary  ,24,79,103,24,,79,103
03627600,FLORIDA EDUCATION INSTITUTE             ,FL,33144-5036,Proprietary  ,22,77,99,22,,77,99
03661400,SOUTH FLORIDA INSTITUTE OF TECHNOLO     ,FL,33135-0000,Proprietary  ,81,211,292,81,,211,292
03691400,AVE MARIA SCHOOL OF LAW                 ,FL,34119-1376,Private      ,48,231,279,48,,231,279
03696400,SABER                                   ,FL,33134-1604,Private      ,20,136,156,20,,136,156
03706300,AMERICAN INSTITUTE                      ,FL,33319-0000,Proprietary  ,16,57,73,16,,57,73
03757300,ADVANCE SCIENCE INSTITUTE               ,FL,33012-0000,Proprietary  ,18,13,31,18,,13,31
03801400,BEAUTY INSTITUTE (THE)                  ,FL,33409-2972,Proprietary  ,17,25,42,17,,25,42
03801401,BEAUTY INSTITUTE (THE) - MARGATE        ,FL,33068-5704,Proprietary  ,9,20,29,9,,20,29
03816300,ARTISTIC NAILS & BEAUTY ACADEMY         ,FL,33605-5919,Proprietary  ,39,84,123,39,,84,123
03823300,FLORIDA ACADEMY OF HEALTH & BEAUTY      ,FL,33311-0000,Proprietary  ,3,4,7,3,,4,7
03832300,DADE MEDICAL COLLEGE                    ,FL,33126-5534,Proprietary  ,332,1138,1470,332,,1138,1470
03842500,CAMBRIDGE INSTITUTE OF ALLIED HEALTH    ,FL,32750-0000,Proprietary  ,4,80,84,4,,80,84
03856300,UNIVERSAL BEAUTY SCHOOL                 ,FL,33174-4406,Proprietary  ,1,2,3,1,,2,3
03856500,FLORIDA SCHOOL OF TRADITIONAL MIDWIFERY ,FL,32601-5507,Private      ,11,69,80,11,,69,80
03875300,MCI INSTITUTE OF TECHNOLOGY             ,FL,33409-4937,Proprietary  ,24,49,73,24,,49,73
03888300,DRAGON RISES COLLEGE OF ORIENTAL MEDICIN,FL,32601-5089,Proprietary  ,5,27,32,5,,27,32
03903500,SOUTHERN TECHNICAL COLLEGE              ,FL,32809-0000,Proprietary  ,97,463,560,97,,463,560
03907301,PAUL MITCHELL THE SCHOOL FT MYERS       ,FL,33907-0000,Proprietary  ,31,49,80,31,,49,80
03911300,TOTAL INTERNATIONAL CAREER INSTITUTE    ,FL,33012-0000,Proprietary  ,3,3,6,3,,3,6
03939300,WOLFORD COLLEGE                         ,FL,34108-1931,Proprietary  ,12,67,79,12,,67,79
03939400,CENTURA INSTITUTE                       ,FL,32807-3566,Proprietary  ,31,97,128,31,,97,128
03939600,DAYTONA COLLEGE                         ,FL,32174-8445,Proprietary  ,52,125,177,52,,125,177
03941300,AVE MARIA UNIVERSITY                    ,FL,34142-9505,Private      ,915,95,1010,915,,95,1010
03957400,NEW COLLEGE OF FLORIDA                  ,FL,34243-2109,Public       ,1620,214,1834,1620,,214,1834
03985300,COMMERCIAL DIVING ACADEMY               ,FL,32208-0000,Proprietary  ,109,229,338,109,,229,338
03986300,AVIATOR COLLEGE OF AERONAUTICAL SCIENCE ,FL,34946-9022,Proprietary  ,35,74,109,35,,74,109
04016500,AMERICAN INSTITUTE OF BEAUTY            ,FL,33773-0000,Proprietary  ,12,44,56,12,,44,56
04029300,TRENDSETTERS OF FLORIDA SCHOOL OF BEAUTY,FL,32205-4737,Proprietary  ,11,42,53,11,,42,53
04038302,ATA COLLEGE-ATA CAREER EDUCATION        ,FL,34606-4300,Proprietary  ,28,112,140,28,,112,140
04083400,CAMBRIDGE INSTITUTE OF ALLIED HEALTH & T,FL,33484-6543,Proprietary  ,18,87,105,18,,87,105
04105400,PENSACOLA SCHOOL OF MASSAGE THERAPY & HE,FL,32504-7337,Proprietary  ,16,104,120,16,,104,120
04106300,PALM BEACH ACADEMY OF HEALTH & BEAUTY   ,FL,33403-2130,Proprietary  ,12,40,52,12,,40,52
04116400,FUTURE-TECH INSTITUTE                   ,FL,33135-4142,Proprietary  ,16,9,25,16,,9,25
04116600,TAYLOR COLLEGE                          ,FL,34420-8714,Proprietary  ,30,249,279,30,,249,279
04119400,AVEDA INSTITUTE - SAINT PETERSBURG      ,FL,33701-4242,Proprietary  ,142,227,369,142,,227,369
04120400,HI-TECH SCHOOL OF COSMETOLOGY           ,FL,33174-0000,Proprietary  ,23,30,53,23,,30,53
04126900,ACADEMY OF CAREER TRAINING              ,FL,34741-4644,Proprietary  ,45,106,151,45,,106,151
04127400,DIGITAL MEDIA ARTS COLLEGE              ,FL,33431-5919,Proprietary  ,129,62,191,129,,62,191
04128400,MANAGEMENT RESOURCES INSTITUTE          ,FL,33126-5473,Proprietary  ,6,43,49,6,,43,49
04129900,FLORIDA SCHOOL OF MASSAGE               ,FL,32608-5419,Proprietary  ,23,76,99,23,,76,99
04130400,SHEAR EXCELLENCE INTERNATIONAL HAIR ACAD,FL,33614-2783,Proprietary  ,3,26,29,3,,26,29
04133500,ACADEMY FOR FIVE ELEMENT ACUPUNCTURE    ,FL,32601-6811,Private      ,5,41,46,5,,41,46
04133900,FUTURA CAREER INSTITUTE                 ,FL,33012-3325,Proprietary  ,2,2,4,2,,2,4
04134800,AVEDA INSTITUTE - TALLAHASSEE           ,FL,32304-3186,Proprietary  ,117,214,331,117,,214,331
04135000,COZMO THE SCHOOL                        ,FL,34135-4810,Proprietary  ,2,14,16,2,,14,16
04135900,ALLIED HEALTH INSTITUTE                 ,FL,33068-0000,Proprietary  ,24,335,359,24,,335,359
04140800,NORTH FLORIDA ACADEMY                   ,FL,32065-7758,Proprietary  ,9,26,35,9,,26,35
04143100,PROFESSIONAL HANDS INSTITUTE            ,FL,33135-1939,Proprietary  ,3,8,11,3,,8,11
04145900,CELEBRITY SCHOOL OF BEAUTY              ,FL,33144-4153,Proprietary  ,32,43,75,32,,43,75
04146200,WALTON CAREER DEVELOPMENT CENTER        ,FL,32433-1557,Public       ,13,63,76,13,,63,76
04146300,MARCHMAN TECHNICAL EDUCATION CENTER     ,FL,34653-1211,Public       ,59,115,174,59,,115,174
04148500,MEDICAL INSTITUTE OF PALM BEACH         ,FL,33460-5042,Proprietary  ,37,51,88,37,,51,88
04150800,IMMOKALEE TECHNICAL CENTER              ,FL,34142-3146,Public       ,55,69,124,55,,69,124
04151500,AMERICAN ACADEMY OF COSMETOLOGY         ,FL,32065-8026,Proprietary  ,13,45,58,13,,45,58
04156300,UNIVERSITY OF FORT LAUDERDALE           ,FL,33313-5809,Private      ,38,45,83,38,,45,83
04156400,AVIATION INSTITUTE OF MAINTENANCE       ,FL,32803-6487,Proprietary  ,79,163,242,79,,163,242
04157100,AEROSIM FLIGHT ACADEMY                  ,FL,32773-9683,Proprietary  ,52,69,121,52,,69,121
04158300,FLAGLER TECHNICAL INSTITUTE             ,FL,32137-4714,Public       ,40,106,146,40,,106,146
04162000,JOSE MARIA VARGAS UNIVERSITY            ,FL,33025-4534,Proprietary  ,5,21,26,5,,21,26
04162500,HOLLYWOOD INSTITUTE OF BEAUTY CAREERS   ,FL,33020-4807,Proprietary  ,23,114,137,23,,114,137
04163000,SALON PROFESSIONAL ACADEMY (THE)        ,FL,33624-6321,Proprietary  ,23,44,67,23,,44,67
04163100,SALON PROFESSIONAL ACADEMY (THE)        ,FL,32607-1672,Proprietary  ,39,68,107,39,,68,107
04163200,SALON PROFESSIONAL ACADEMY (THE)        ,FL,32162-9311,Proprietary  ,16,34,50,16,,34,50
04164500,EUREKA INSTITUTE OF HEALTH AND BEAUTY   ,FL,33174-4205,Proprietary  ,9,17,26,9,,17,26
04164600,D. A. DORSEY EDUCATIONAL CENTER         ,FL,33147-6304,Public       ,20,67,87,20,,67,87
04167300,SALON PROFESSIONAL ACADEMY (THE)        ,FL,33904-4824,Proprietary  ,12,30,42,12,,30,42
04170300,BEAUTY ACADEMY OF SOUTH FLORIDA         ,FL,33012-3221,Proprietary  ,8,11,19,8,,11,19
04172300,ETERNITY COSMETOLOGY SCHOOL             ,FL,33415-5719,Proprietary  ,9,18,27,9,,18,27
04176800,PROGRESSIVE TRAINING CENTERS            ,FL,33060-9238,Proprietary  ,2,8,10,2,,8,10
04176900,AMERICAN HEALTH INSTITUTE               ,FL,34654-3743,Proprietary  ,17,37,54,17,,37,54
04182500,MILLENNIA ATLANTIC UNIVERSITY           ,FL,33178-2369,Proprietary  ,13,20,33,13,,20,33
04188300,FLORIDA ACADEMY                         ,FL,33966-1155,Proprietary  ,38,86,124,38,,86,124
04192100,AMERICAN MEDICAL ACADEMY                ,FL,33186-4830,Proprietary  ,74,95,169,74,,95,169
04195100,AMBIANCE BEAUTY & BARBER ACADEMY        ,FL,32935-8771,Proprietary  ,10,30,40,10,,30,40
04197600,"FLORIDA INSTITUTE OF RECORDING, SOUND AN",FL,32804-3309,Proprietary  ,99,120,219,99,,120,219
04204600,BEAUTY AND HEALTH INSTITUTE             ,FL,33626-2610,Proprietary  ,19,70,89,19,,70,89
04206300,FLORIDA VOCATIONAL INSTITUTE            ,FL,33155-3762,Proprietary  ,15,41,56,15,,41,56
04207900,SAE INSTITUTE OF TECHNOLOGY - MIAMI     ,FL,33160-4307,Proprietary  ,55,81,136,55,,81,136
04209500,SHEAR FINESSE HAIRSTYLING ACADEMY       ,FL,32208-5005,Proprietary  ,13,27,40,13,,27,40
04210800,ULTRASOUND MEDICAL INSTITUTE            ,FL,33462-4221,Proprietary  ,8,12,20,8,,12,20
04212600,COSMIX SCHOOL OF MAKEUP ARTISTRY        ,FL,33306-1640,Proprietary  ,38,54,92,38,,54,92
04213200,KAIZEN BEAUTY ACADEMY                   ,FL,33024-6609,Proprietary  ,8,13,21,8,,13,21
04214500,PRESTIGE HEALTH & BEAUTY SCIENCES ACADEM,FL,33160-4102,Proprietary  ,9,12,21,9,,12,21
04216600,AZURE COLLEGE                           ,FL,33169-5345,Proprietary  ,40,365,405,40,,365,405
04217800,BOCA BEAUTY ACADEMY                     ,FL,33434-4178,Proprietary  ,29,52,81,29,,52,81
04220200,MORE TECH INSTITUTE                     ,FL,33012-2165,Proprietary  ,7,9,16,7,,9,16
04221200,BLY'S SCHOOL OF COSMETOLOGY             ,FL,32601-4021,Proprietary  ,19,54,73,19,,54,73
04222100,ANTON AESTHETICS ACADEMY                ,FL,33416-4629,Proprietary  ,7,21,28,7,,21,28
04225000,PARISIAN SPA INSTITUTE                  ,FL,32204-4127,Proprietary  ,12,45,57,12,,45,57
04225200,YECHANLAZ INSTITUTO VOCACIONAL          ,FL,33144-4817,Proprietary  ,2,3,5,2,,3,5
04227500,MERRYFIELD SCHOOL OF PET GROOMING       ,FL,33334-4925,Proprietary  ,3,16,19,3,,16,19
04228900,BEAUTY ANATOMY INSTITUTE OF COSMETOLOGY ,FL,33069-4313,Proprietary  ,12,20,32,12,,20,32
04229700,FIRST COAST BARBER ACADEMY              ,FL,32210-8054,Proprietary  ,11,27,38,11,,27,38
00160500,CHAMINADE UNIV OF HONOLULU              ,HI,96816-1578,Private      ,1587,1014,2601,1587,,1014,2601
00160600,BRIGHAM YOUNG UNIV-HAWAII CAMPUS        ,HI,96762-1294,Private      ,1200,371,1571,1200,,371,1571
00161000,UNIVERSITY OF HAWAII AT MANOA           ,HI,96822-2399,Public       ,11826,5882,17708,11826,,5882,17708
00161100,UNIVERSITY OF HAWAII AT HILO            ,HI,96720-4091,Public       ,3050,1840,4890,3050,,1840,4890
00161200,HONOLULU COMMUNITY COLLEGE              ,HI,96817-4598,Public       ,1412,1264,2676,1412,,1264,2676
00161300,KAPIOLANI COMMUNITY COLLEGE             ,HI,96816-4421,Public       ,2258,1730,3988,2258,,1730,3988
00161400,KAUAI COMMUNITY COLLEGE                 ,HI,96766-9591,Public       ,360,324,684,360,,324,684
00161500,UNIVERSITY OF HAWAII MAUI COLLEGE       ,HI,96732-1644,Public       ,1055,1090,2145,1055,,1090,2145
00454900,LEEWARD COMMUNITY COLLEGE               ,HI,96782-3393,Public       ,1606,1545,3151,1606,,1545,3151
00525800,HAWAII COMMUNITY COLLEGE                ,HI,96720-4075,Public       ,1105,1295,2400,1105,,1295,2400
00723401,HEALD COLLEGE - HONOLULU                ,HI,96814-0000,Proprietary  ,435,788,1223,435,,788,1223
00727900,HAWAII PACIFIC UNIVERSITY               ,HI,96813-2882,Private      ,3923,1734,5657,3923,,1734,5657
01122000,WINDWARD COMMUNITY COLLEGE              ,HI,96744-0000,Public       ,653,791,1444,653,,791,1444
02100300,MED-ASSIST SCHOOL OF HAWAII             ,HI,96813-0000,Proprietary  ,72,108,180,72,,108,180
02107800,UNIVERSITY OF HAWAII - WEST OAHU        ,HI,96782-0000,Public       ,1503,1323,2826,1503,,1323,2826
02139500,HAWAII INSTITUTE OF HAIR DESIGN         ,HI,96817-5195,Proprietary  ,32,47,79,32,,47,79
03017800,TRAVEL INSTITUTE OF THE PACIFIC         ,HI,96814-1946,Proprietary  ,27,77,104,27,,77,104
03072500,WORLD MEDICINE INSTITUTE                ,HI,96826-0000,Private      ,30,71,101,30,,71,101
03735300,INST OF CLINICAL ACUPUNCTURE & ORIENT MD,HI,96813-2307,Proprietary  ,7,41,48,7,,41,48
03999400,TRADITIONAL CHINESE MEDICAL COLLEGE OF H,HI,96743-8324,Private      ,6,20,26,6,,20,26
04165200,MAUNA LOA HELICOPTERS                   ,HI,96740-2650,Proprietary  ,11,24,35,11,,24,35
04175100,PAUL MITCHELL THE SCHOOL HONOLULU       ,HI,96816-2433,Proprietary  ,64,67,131,64,,67,131
04182200,HAWAII MEDICAL INSTITUTE                ,HI,96814-3518,Proprietary  ,128,263,391,128,,263,391
00161600,BOISE STATE UNIVERSITY                  ,ID,83725-1000,Public       ,11327,6391,17718,11327,,6391,17718
00161700,"COLLEGE OF IDAHO, THE                   ",ID,83605-4432,Private      ,1545,288,1833,1545,,288,1833
00161900,COLLEGE OF SOUTHERN IDAHO               ,ID,83301-0000,Public       ,1961,1429,3390,1961,,1429,3390
00162000,IDAHO STATE UNIVERSITY                  ,ID,83209-5377,Public       ,4247,3438,7685,4247,,3438,7685
00162100,LEWIS-CLARK STATE COLLEGE               ,ID,83501-2698,Public       ,2122,1435,3557,2122,,1435,3557
00162300,NORTH IDAHO COLLEGE                     ,ID,83814-2199,Public       ,1993,2069,4062,1993,,2069,4062
00162400,NORTHWEST NAZARENE UNIVERSITY           ,ID,83686-5897,Private      ,1441,761,2202,1441,,761,2202
00162500,BRIGHAM YOUNG UNIVERSITY-IDAHO          ,ID,83460-1650,Private      ,7033,4559,11592,7033,,4559,11592
00162600,UNIVERSITY OF IDAHO                     ,ID,83844-4291,Public       ,8791,2822,11613,8791,,2822,11613
00732915,ITT TECHNICAL INSTITUTE                 ,ID,83713-1529,Proprietary  ,161,398,559,161,,398,559
00987300,MR JUAN'S CLG OF HAIR DESIGN            ,ID,83301-4154,Proprietary  ,13,31,44,13,,31,44
01113300,EASTERN IDAHO TECHNICAL COLLEGE         ,ID,83404-5788,Public       ,200,384,584,200,,384,584
02218000,CARRINGTON COLLEGE                      ,ID,83704-0000,Proprietary  ,199,604,803,199,,604,803
02234500,BOISE BIBLE COLLEGE                     ,ID,83714-1220,Private      ,129,66,195,129,,66,195
02275800,MR LEONS SCHOOL OF HAIR DESIGN          ,ID,83843-8384,Proprietary  ,5,10,15,5,,10,15
02275801,MR. LEON'S SCHOOL OF HAIR DESIGN        ,ID,83501-1910,Proprietary  ,3,8,11,3,,8,11
02314000,SCHOOL OF HAIRSTYLING (THE)             ,ID,83202-0000,Proprietary  ,3,16,19,3,,16,19
02319800,TONI&GUY HAIRDRESSING ACADEMY           ,ID,83814-2822,Proprietary  ,34,46,80,34,,46,80
02319801,TONI&GUY HAIRDRESSING ACADEMY - BOISE   ,ID,83705-2636,Proprietary  ,34,50,84,34,,50,84
02349200,HEADMASTERS SCHOOL OF HAIR DESIGN       ,ID,83501-0000,Proprietary  ,15,20,35,15,,20,35
02559500,RAZZLE DAZZLE CLG OF HAIR DESIGN        ,ID,83686-5104,Proprietary  ,34,50,84,34,,50,84
02607100,PAUL MITCHELL THE SCHOOL BOISE          ,ID,83709-1662,Proprietary  ,82,85,167,82,,85,167
03098700,ACADEMY OF COURT REPORTING              ,ID,83704-8320,Proprietary  ,29,114,143,29,,114,143
03832400,COSMETOLOGY SCHOOL OF ARTS & SCIENCES   ,ID,83318-1327,Proprietary  ,7,12,19,7,,12,19
04051323,ART INSTITUTE OF PHOENIX (THE) - BROWN M,ID,83709-2746,Proprietary  ,29,77,106,29,,77,106
04134300,EVANS HAIRSTYLING COLLEGE               ,ID,83440-5277,Proprietary  ,26,18,44,26,,18,44
04144500,HAIR ACDMY PAUL MITCHELL PARTNER SCHOOL ,ID,83440-2600,Proprietary  ,29,30,59,29,,30,59
04150600,D & L ACADEMY OF HAIR DESIGN            ,ID,83301-6229,Proprietary  ,6,20,26,6,,20,26
04155200,OLIVER FINLEY ACADEMY OF COSMETOLOGY    ,ID,83704-8011,Proprietary  ,47,68,115,47,,68,115
04163800,MASTER EDUCATORS BEAUTY SCHOOL          ,ID,83301-4118,Proprietary  ,14,19,33,14,,19,33
04168600,COLLEGE OF MASSAGE THERAPY              ,ID,83221-1758,Proprietary  ,9,12,21,9,,12,21
04176700,D'SHAW INSTITUTE OF COSMETOLOGY         ,ID,83704-4406,Proprietary  ,23,33,56,23,,33,56
04194800,VELVET TOUCH ACADEMY OF COSMETOLOGY     ,ID,83687-5020,Proprietary  ,19,41,60,19,,41,60
04203200,BOISE BARBER COLLEGE                    ,ID,83704-5919,Proprietary  ,9,28,37,9,,28,37
04203500,AUSTIN KADE ACADEMY                     ,ID,83404-5540,Proprietary  ,26,60,86,26,,60,86
04207200,ACADEMY DI FIRENZE                      ,ID,83338-2329,Proprietary  ,6,10,16,6,,10,16
04211800,COLLEGE OF WESTERN IDAHO                ,ID,83687-5505,Public       ,2574,2979,5553,2574,,2979,5553
00163200,AQUINAS INSTITUTE OF THEOLOGY           ,MO,63108-3323,Private      ,2,32,34,2,,32,34
00244900,AVILA UNIVERSITY                        ,MO,64145-1698,Private      ,1055,731,1786,1055,,731,1786
00245000,CALVARY BIBLE COLLEGE                   ,MO,64147-1341,Private      ,98,70,168,98,,70,168
00245300,CENTRAL METHODIST UNIVERSITY            ,MO,65248-1198,Private      ,1585,1307,2892,1585,,1307,2892
00245400,UNIVERSITY OF CENTRAL MISSOURI          ,MO,64093-5178,Public       ,6134,2146,8280,6134,,2146,8280
00245600,COLUMBIA COLLEGE                        ,MO,65216-4581,Private      ,1945,11051,12996,1945,,11051,12996
00245700,CONCORDIA SEMINARY                      ,MO,63105-3199,Private      ,1,317,318,1,,317,318
00245800,COTTEY COLLEGE                          ,MO,64772-2790,Private      ,266,35,301,266,,35,301
00245900,CROWDER COLLEGE                         ,MO,64850-9165,Public       ,1344,1130,2474,1344,,1130,2474
00246000,CULVER STOCKTON COLLEGE                 ,MO,63435-1299,Private      ,1120,125,1245,1120,,125,1245
00246100,DRURY UNIVERSITY                        ,MO,65802-3791,Private      ,1701,1414,3115,1701,,1414,3115
00246200,EDEN THEOLOGICAL SEMINARY               ,MO,63119-0000,Private      ,1,54,55,1,,54,55
00246300,EVANGEL UNIVERSITY                      ,MO,65802-2125,Private      ,1419,396,1815,1419,,396,1815
00246302,EVANGEL UNIVERSITY - ASSEMBLIES OF GOD T,MO,65802-2131,Private      ,130,91,221,130,,91,221
00246400,FONTBONNE UNIVERSITY                    ,MO,63105-3098,Private      ,934,964,1898,934,,964,1898
00246600,HARRIS-STOWE STATE COLLEGE              ,MO,63103-2199,Public       ,728,743,1471,728,,743,1471
00246700,CONCEPTION SEMINARY COLLEGE             ,MO,64433-0502,Private      ,23,3,26,23,,3,26
00246800,JEFFERSON COLLEGE                       ,MO,63050-2441,Public       ,1376,954,2330,1376,,954,2330
00247100,ST LOUIS COMMUNITY COLLEGE              ,MO,63102-0000,Public       ,5193,5239,10432,5193,,5239,10432
00247300,KANSAS CITY ART INSTITUTE               ,MO,64111-1874,Private      ,930,205,1135,930,,205,1135
00247400,KANSAS CITY UNIV OF MED AND BIOSCIENCES ,MO,64106-0000,Private      ,67,786,853,67,,786,853
00247600,KENRICK-GLENNON SEMINARY                ,MO,63119-4330,Private      ,17,7,24,17,,7,24
00247700,A.T. STILL UNIV OF HEALTH SCIENCES      ,MO,63501-0000,Private      ,23,1711,1734,23,,1711,1734
00247900,LINCOLN UNIVERSITY                      ,MO,65101-3500,Public       ,1596,811,2407,1596,,811,2407
00248000,LINDENWOOD UNIVERSITY                   ,MO,63301-1695,Private      ,4876,3250,8126,4876,,3250,8126
00248200,MARYVILLE UNIVERSITY                    ,MO,63141-7299,Private      ,2127,1899,4026,2127,,1899,4026
00248400,METROPOLITAN COMMUNITY COLLEGE          ,MO,64111-2408,Public       ,4147,4733,8880,4147,,4733,8880
00248500,MIDWESTERN BAPTIST THEOL SEMINARY       ,MO,64118-4697,Private      ,36,138,174,36,,138,174
00248600,MINERAL AREA COLLEGE                    ,MO,63601-1000,Public       ,1069,902,1971,1069,,902,1971
00248800,MISSOURI SOUTHERN STATE UNIVERSITY      ,MO,64801-1595,Public       ,2778,1560,4338,2778,,1560,4338
00248900,MISSOURI VALLEY COLLEGE                 ,MO,65340-3197,Private      ,1119,205,1324,1119,,205,1324
00249000,MISSOURI WESTERN STATE UNIVERSITY       ,MO,64507-2294,Public       ,3201,1236,4437,3201,,1236,4437
00249100,MOBERLY AREA COMMUNITY COLLEGE          ,MO,65270-1304,Public       ,1721,1208,2929,1721,,1208,2929
00249400,NAZARENE THEOLOGICAL SEMINARY           ,MO,64131-1246,Private      ,6,100,106,6,,100,106
00249500,TRUMAN STATE UNIVERSITY                 ,MO,63501-4221,Public       ,4843,374,5217,4843,,374,5217
00249600,NORTHWEST MISSOURI STATE UNIV           ,MO,64468-6001,Public       ,4740,776,5516,4740,,776,5516
00249800,PARK UNIVERSITY                         ,MO,64152-3795,Private      ,880,3552,4432,880,,3552,4432
00249900,ROCKHURST UNIVERSITY                    ,MO,64110-2561,Private      ,1961,644,2605,1961,,644,2605
00250000,COLLEGE OF THE OZARKS                   ,MO,65726-2502,Private      ,3111,251,3362,3111,,251,3362
00250100,SOUTHEAST MISSOURI STATE UNIV           ,MO,63701-4799,Public       ,7387,2411,9798,7387,,2411,9798
00250200,SOUTHWEST BAPTIST UNIVERSITY            ,MO,65613-2597,Private      ,1596,782,2378,1596,,782,2378
00250300,MISSOURI STATE UNIVERSITY               ,MO,65897-0094,Public       ,12266,4367,16633,12266,,4367,16633
00250400,ST LOUIS COLLEGE OF PHARMACY            ,MO,63110-1088,Private      ,613,462,1075,613,,462,1075
00250600,SAINT LOUIS UNIVERSITY                  ,MO,63103-2097,Private      ,9056,4532,13588,9056,,4532,13588
00250900,SAINT PAUL SCHOOL OF THEOLOGY           ,MO,64127-2499,Private      ,2,39,41,2,,39,41
00251200,STEPHENS COLLEGE                        ,MO,65215-0001,Private      ,854,286,1140,854,,286,1140
00251400,NORTH CENTRAL MISSOURI COLLEGE          ,MO,64683-1824,Public       ,560,348,908,560,,348,908
00251600,UNIVERSITY OF MISSOURI-COLUMBIA         ,MO,65211-1600,Public       ,23325,5524,28849,23325,,5524,28849
00251700,MISSOURI UNIVERSITY OF SCIENCE & TECHNOL,MO,65409-0250,Public       ,5291,833,6124,5291,,833,6124
00251800,UNIVERSITY OF MISSOURI-KANSAS CITY      ,MO,64110-2497,Public       ,5846,4799,10645,5846,,4799,10645
00251900,UNIVERSITY OF MISSOURI-ST LOUIS         ,MO,63121-4499,Public       ,4758,4926,9684,4758,,4926,9684
00252000,WASHINGTON UNIVERSITY                   ,MO,63130-4899,Private      ,14885,3592,18477,14885,,3592,18477
00252001,WASHINGTON UNIV-SCHOOL OF MEDICINE      ,MO,63110-0000,Private      ,133,989,1122,133,,989,1122
00252100,WEBSTER UNIVERSITY                      ,MO,63119-3194,Private      ,2814,5262,8076,2814,,5262,8076
00252200,WENTWORTH MILITARY ACADEMY              ,MO,64067-1799,Private      ,153,98,251,153,,98,251
00252300,WESTMINSTER COLLEGE                     ,MO,65251-1299,Private      ,1011,118,1129,1011,,118,1129
00252400,WILLIAM JEWELL COLLEGE                  ,MO,64068-1896,Private      ,1095,134,1229,1095,,134,1229
00252500,WILLIAM WOODS UNIVERSITY                ,MO,65251-2388,Private      ,750,420,1170,750,,420,1170
00405704,NATIONAL AMERICAN UNIVERSITY            ,MO,64057-1791,Proprietary  ,24,265,289,24,,265,289
00441300,MERCY HOSPITAL SPRINGFIELD SCHOOL OF RAD,MO,65804-2263,Private      ,76,109,185,76,,109,185
00470300,LOGAN COLLEGE OF CHIROPRACTIC           ,MO,63006-0000,Private      ,31,389,420,31,,389,420
00470700,COVENANT THEOLOGICAL SEMINARY           ,MO,63141-8697,Private      ,3,233,236,3,,233,236
00471100,LINN STATE TECHNICAL COLLEGE            ,MO,65051-9607,Public       ,1061,258,1319,1061,,258,1319
00471300,THREE RIVERS COMMUNITY COLLEGE          ,MO,63901-2393,Public       ,1059,1297,2356,1059,,1297,2356
00528800,KIRKSVILLE AREA TECHNICAL CENTER        ,MO,63501-0000,Public       ,25,35,60,25,,35,60
00528900,WAYNESVILLE CAREER CENTER               ,MO,65583-2131,Public       ,29,51,80,29,,51,80
00542400,SOUTH CENTRAL CAREER CENTER             ,MO,65775-3334,Public       ,22,61,83,22,,61,83
00542600,SIKESTON CAREER AND TECHNOLOGY CTR      ,MO,63801-0000,Public       ,61,107,168,61,,107,168
00542900,ROLLA TECHNICAL INSTITUTE               ,MO,65401-3601,Public       ,184,173,357,184,,173,357
00543000,POPLAR BLUFF TECHNICAL CAREER CNTR      ,MO,63901-0000,Public       ,31,84,115,31,,84,115
00543800,SALINE COUNTY CAREER CENTER             ,MO,65340-0000,Public       ,13,40,53,13,,40,53
00544500,TRUMAN MEDICAL CENTER SCHOOL OF NURSE AN,MO,64108-2677,Private      ,46,92,138,46,,92,138
00553100,GRAND RIVER TECHNICAL SCHOOL            ,MO,64601-1299,Public       ,37,26,63,37,,26,63
00553200,CAPE GIRARDEAU CAREER & TECHNOLOGY CENTE,MO,63703-7511,Public       ,174,241,415,174,,241,415
00638900,BARNES JEWISH COLLEGE OF NURSING AND ALL,MO,63110-1091,Private      ,386,624,1010,386,,624,1010
00639200,RESEARCH COLLEGE OF NURSING             ,MO,64132-1199,Proprietary  ,89,161,250,89,,161,250
00639201,RESEARCH MEDICAL CENTER - COLLEGE OF NUR,MO,64132-1199,Proprietary  ,31,90,121,31,,90,121
00639202,RESEARCH MED CTR SCHL OF RAD TECH       ,MO,64132-0000,Proprietary  ,9,40,49,9,,40,49
00666600,LUTHERAN  SCHOOL OF NURSING             ,MO,63118-3909,Proprietary  ,65,238,303,65,,238,303
00732923,ITT TECHNICAL INSTITUTE                 ,MO,63045-1122,Proprietary  ,166,664,830,166,,664,830
00754000,MISSOURI BAPTIST UNIVERSITY             ,MO,63141-8698,Private      ,1229,1019,2248,1229,,1019,2248
00808000,STATE FAIR COMMUNITY COLLEGE            ,MO,65301-0000,Public       ,1143,1041,2184,1143,,1041,2184
00826900,HILLYARD TECHNICAL CENTER               ,MO,64506-0000,Public       ,91,131,222,91,,131,222
00855200,STEVENS INSTITUTE OF BUSINESS & ARTS    ,MO,63103-0000,Proprietary  ,54,94,148,54,,94,148
00860600,TRI-COUNTY TECHNICAL SCHOOL             ,MO,65026-0000,Public       ,4,14,18,4,,14,18
00886200,EAST CENTRAL COLLEGE                    ,MO,63084-0529,Public       ,1176,931,2107,1176,,931,2107
00908900,HANNIBAL-LAGRANGE COLLEGE               ,MO,63401-1999,Private      ,593,244,837,593,,244,837
00952000,NATIONAL ACADEMY OF BEAUTY ARTS         ,MO,63128-1307,Proprietary  ,26,71,97,26,,71,97
00959000,INDEPENDENCE COLLEGE OF COSMETOLOGY     ,MO,64055-1105,Proprietary  ,16,42,58,16,,42,58
00960700,HOUSE OF HEAVILIN BEAUTY COLLEGE        ,MO,64110-2826,Proprietary  ,8,32,40,8,,32,40
00978200,SAINT LUKE'S COLLEGE OF HEALTH SCIENCES ,MO,64114-3237,Private      ,154,248,402,154,,248,402
00979500,MISSOURI COLLEGE                        ,MO,63144-2901,Proprietary  ,77,160,237,77,,160,237
01014814,COLORADO TECHNL UNIV NORTH KANSAS CITY  ,MO,64116-3614,Proprietary  ,28,104,132,28,,104,132
01027900,HICKEY COLLEGE                          ,MO,63146-0000,Proprietary  ,242,147,389,242,,147,389
01040500,PINNACLE CAREER INSTITUTE               ,MO,64131-3367,Proprietary  ,24,217,241,24,,217,241
01040501,PINNACLE CAREER INSTITUTE - NORTH KANSAS,MO,64153-1151,Proprietary  ,20,101,121,20,,101,121
01050303,WICHITA TECHNICAL INSTITUTE - WTI JOPLIN,MO,64801-2970,Proprietary  ,14,79,93,14,,79,93
01102600,WARRENSBURG AREA VOC TECH SCH           ,MO,64093-0000,Public       ,30,59,89,30,,59,89
01173500,PIKE/LINCOLN TECHNICAL CENTER           ,MO,63344-0000,Public       ,13,23,36,13,,23,36
01250000,RANKEN TECHNICAL COLLEGE                ,MO,63113-2811,Private      ,793,664,1457,793,,664,1457
01258000,ST LOUIS CHRISTIAN COLLEGE              ,MO,63033-6499,Private      ,69,60,129,69,,60,129
01320800,BAPTIST BIBLE COLLEGE                   ,MO,65803-3498,Private      ,128,96,224,128,,96,224
02056100,FOUR RIVERS CAREER CENTER               ,MO,63090-0000,Public       ,8,31,39,8,,31,39
02068200,COX HEALTH - COX COLLEGE                ,MO,65802-0000,Private      ,231,562,793,231,,562,793
02119204,COURT REPORTING INSTITUTE OF DALLAS - CO,MO,63105-3329,Proprietary  ,10,84,94,10,,84,94
02121100,MIDWEST INSTITUTE                       ,MO,63122-0000,Proprietary  ,24,32,56,24,,32,56
02124500,FRANKLIN TECHNOLOGY CENTER              ,MO,64801-0000,Public       ,40,145,185,40,,145,185
02142200,LEX LA RAY TECHNICAL CENTER             ,MO,64067-0000,Public       ,14,47,61,14,,47,61
02154900,MISSOURI SCH OF BARB & HAIR             ,MO,63031-0000,Proprietary  ,4,28,32,4,,28,32
02164200,FOREST INST PROFESSIONAL PSYCHOLOGY     ,MO,65807-0000,Private      ,4,126,130,4,,126,130
02165900,CHILLICOTHE BEAUTY ACADEMY              ,MO,64601-0000,Proprietary  ,3,8,11,3,,8,11
02180200,METRO BUSINESS COLLEGE                  ,MO,63701-0000,Proprietary  ,45,202,247,45,,202,247
02188000,NORTHWEST TECHNICAL SCHOOL              ,MO,64468-0000,Public       ,31,22,53,31,,22,53
02188100,NORTHLAND CAREER CENTER                 ,MO,64079-8333,Public       ,13,28,41,13,,28,41
02202700,OZARK CHRISTIAN COLLEGE                 ,MO,64801-0000,Private      ,417,103,520,417,,103,520
02203400,NEVADA REGIONAL TECHNICAL CENTER        ,MO,64772-0000,Public       ,31,19,50,31,,19,50
02205200,SANFORD-BROWN COLLEGE                   ,MO,63026-7305,Proprietary  ,9,39,48,9,,39,48
02205203,SANFORD BROWN COLLEGE-ST. PETERS        ,MO,63376-5950,Proprietary  ,10,39,49,10,,39,49
02214500,SALEM COLLEGE OF HAIRSTYLING            ,MO,65401-0000,Proprietary  ,4,13,17,4,,13,17
02239200,ANTHEM COLLEGE                          ,MO,63043-0000,Proprietary  ,18,88,106,18,,88,106
02239202,ANTHEM COLLEGE - METRO SOUTH            ,MO,63026-0000,Proprietary  ,17,75,92,17,,75,92
02250600,EVEREST COLLEGE                         ,MO,65807-2446,Proprietary  ,47,223,270,47,,223,270
02263106,ANTHEM COLLEGE - ANTHEM COLLEGE - KANSAS,MO,64114-3232,Proprietary  ,9,41,50,9,,41,50
02263400,LAKE CAREER AND TECHNICAL CENTER        ,MO,65020-0000,Public       ,7,23,30,7,,23,30
02266400,CENTRAL CHRISTIAN CLG OF THE BIBLE      ,MO,65270-0000,Private      ,123,53,176,123,,53,176
02277500,HOUSE OF HEAVILIN OF BLUE SPRINGS       ,MO,64014-3953,Proprietary  ,14,28,42,14,,28,42
02289200,COLUMBIA AREA CAREER CENTER             ,MO,65203-0000,Public       ,84,176,260,84,,176,260
02295700,MISSOURI BEAUTY ACADEMY                 ,MO,63640-1827,Proprietary  ,15,25,40,15,,25,40
02300105,EVEREST COLLEGE - EARTH CITY            ,MO,63045-1100,Proprietary  ,24,100,124,24,,100,124
02304000,MISSOURI TECH                           ,MO,63303-3887,Proprietary  ,37,77,114,37,,77,114
02309100,AMERICAN COLLEGE OF HAIR DESIGN         ,MO,65301-2144,Proprietary  ,10,11,21,10,,11,21
02313000,CASS CAREER CENTER                      ,MO,64701-0000,Public       ,7,52,59,7,,52,59
02340500,ST LOUIS COLLEGE OF HEALTH CAREERS      ,MO,63110-0000,Proprietary  ,95,310,405,95,,310,405
02342100,CAREER & TECHNOLOGY CTR AT FT OSAGE     ,MO,64058-0000,Public       ,6,20,26,6,,20,26
02361600,CONCORDE CAREER COLLEGE                 ,MO,64111-0000,Proprietary  ,88,440,528,88,,440,528
02497500,CLINTON TECHNICAL SCHOOL                ,MO,64735-2966,Public       ,9,27,36,9,,27,36
02520800,MERRELL UNIV OF BTY ARTS & SCIENCES     ,MO,65109-0000,Proprietary  ,42,56,98,42,,56,98
02530600,SAINT CHARLES COMMUNITY COLLEGE         ,MO,63376-0975,Public       ,1977,1046,3023,1977,,1046,3023
02543800,PARIS II EDUCATIONAL CENTER (THE)       ,MO,64118-0000,Proprietary  ,9,25,34,9,,25,34
02564700,ELAINE STEVEN BEAUTY COLLEGE            ,MO,63136-0000,Proprietary  ,25,70,95,25,,70,95
02564702,ELAINE STEVEN BEAUTY COLLEGE - ADVANCE B,MO,63401-2269,Proprietary  ,10,7,17,10,,7,17
02568500,GRABBER SCHOOL OF HAIR DESIGN           ,MO,63011-0000,Proprietary  ,26,27,53,26,,27,53
02599700,VATTEROTT COLLEGE                       ,MO,63134-2900,Proprietary  ,46,293,339,46,,293,339
02599701,VATTEROTT COLLEGE - KANSAS CITY         ,MO,64117-0000,Proprietary  ,50,201,251,50,,201,251
02599702,VATTEROTT COLLEGE - SPRINGFIELD LOCATION,MO,65807-5340,Proprietary  ,44,216,260,44,,216,260
02599703,VATTEROTT COLLEGE - JOPLIN              ,MO,64801-5033,Proprietary  ,24,146,170,24,,146,170
02599705,VATTEROTT COLLEGE - SUNSET HILLS        ,MO,63127-1516,Proprietary  ,28,157,185,28,,157,185
02599712,VATTEROTT COLLEGE - O'FALLON            ,MO,63366-2748,Proprietary  ,25,138,163,25,,138,163
02599714,VATTEROTT COLLEGE - EX'TREME INSTITUTE B,MO,63102-2115,Proprietary  ,93,222,315,93,,222,315
02608000,NEOSHO BEAUTY COLLEGE                   ,MO,64850-1525,Proprietary  ,9,14,23,9,,14,23
02609202,VATTEROTT COLLEGE-ST JOSEPH             ,MO,64501-2911,Proprietary  ,31,154,185,31,,154,185
02609203,VATTEROTT COLLEGE - L'ECOLE CULINAIRE   ,MO,63124-1103,Proprietary  ,40,141,181,40,,141,181
02609206,VATTEROTT COLLEGE - L'ECOLE CULINAIRE   ,MO,64112-2110,Proprietary  ,22,68,90,22,,68,90
02611004,HERITAGE COLLEGE-KANSAS CITY            ,MO,64131-4203,Proprietary  ,65,235,300,65,,235,300
03042400,LEBANON TECHNOLOGY & CAREER CENTER      ,MO,65536-3296,Public       ,31,41,72,31,,41,72
03066300,BRYAN CAREER COLLEGE                    ,MO,65806-2507,Proprietary  ,23,112,135,23,,112,135
03066303,BRYAN COLLEGE - COLUMBIA                ,MO,65201-8248,Proprietary  ,47,106,153,47,,106,153
03068600,SPECIAL SCHOOL DISTRICT OF ST. LOUIS CO.,MO,63127-0000,Public       ,18,144,162,18,,144,162
03070200,CENTRAL COLLEGE OF COSMETOLOGY          ,MO,65583-0000,Proprietary  ,5,17,22,5,,17,22
03070900,SE MO HOSP CLG NURSING & HEALTH SCI     ,MO,63703-4507,Private      ,120,279,399,120,,279,399
03072800,DALLAS COUNTY CAREER CENTER             ,MO,65685-9152,Public       ,0,1,1,0,,1,1
03077200,COSMETOLOGY CONCEPTS INSTITUTE          ,MO,65202-1972,Proprietary  ,21,38,59,21,,38,59
03083000,OZARKS TECHNICAL COMMUNITY COLLEGE      ,MO,65802-3601,Public       ,3563,3570,7133,3563,,3570,7133
03092600,MESSENGER COLLEGE                       ,MO,64804-0000,Private      ,13,26,39,13,,26,39
03097600,ST LOUIS HAIR ACADEMY                   ,MO,63107-1737,Proprietary  ,25,49,74,25,,49,74
03101000,NEW DIMENSION SCHOOL OF HAIR DESIGN     ,MO,64801-5017,Proprietary  ,14,26,40,14,,26,40
03106000,MISSOURI STATE UNIVERSITY - WEST PLAINS ,MO,65775-2715,Public       ,783,485,1268,783,,485,1268
03110900,HOUSE OF HEAVILIN BEAUTY COLLEGE        ,MO,64083-9195,Proprietary  ,6,8,14,6,,8,14
03174300,HERNDON CAREER CENTER                   ,MO,64138-2695,Public       ,5,6,11,5,,6,11
03519300,MISSOURI COLLEGE OF COSMETOLOGY NORTH   ,MO,65803-0000,Proprietary  ,25,57,82,25,,57,82
03579300,TEXAS COUNTY TECHNICAL INSTITUTE        ,MO,65483-2700,Private      ,18,137,155,18,,137,155
03616300,AVIATION INSTITUTE OF MAINTENANCE       ,MO,64129-1811,Proprietary  ,10,52,62,10,,52,62
03878300,PROFESSIONAL MASSAGE TRAINING CENTER    ,MO,65803-2939,Proprietary  ,9,29,38,9,,29,38
03916300,ECLIPS SCHOOL OF COSMETOLOGY AND BARBERI,MO,63703-5809,Proprietary  ,26,46,72,26,,46,72
03924300,HAIR ACADEMY 110 (THE)                  ,MO,63501-2915,Proprietary  ,3,5,8,3,,5,8
03970400,WELLSPRING SCHOOL OF ALLIED HEALTH      ,MO,64114-3313,Proprietary  ,14,66,80,14,,66,80
04037500,ACADEMY OF HAIR DESIGN                  ,MO,65804-2303,Proprietary  ,23,72,95,23,,72,95
04051329,ART INSTITUTE OF PHOENIX (THE) - BROWN M,MO,63026-2564,Proprietary  ,43,83,126,43,,83,126
04118700,AMERICAN COLLEGE OF TECHNOLOGY          ,MO,64506-2006,Proprietary  ,15,300,315,15,,300,315
04119100,CITY VISION COLLEGE                     ,MO,64141-3188,Private      ,9,52,61,9,,52,61
04122300,GRANTHAM UNIVERSITY                     ,MO,64153-2262,Proprietary  ,199,4033,4232,199,,4033,4232
04130300,VICTORY TRADE SCHOOL                    ,MO,65803-2754,Private      ,7,40,47,7,,40,47
04130600,"CENTER FOR HEALING ARTS (THE), LLC      ",MO,63143-2103,Proprietary  ,7,54,61,7,,54,61
04133300,TREND SETTERS SCHOOL OF COSMETOLOGY     ,MO,63702-7607,Proprietary  ,23,31,54,23,,31,54
04145200,TRANSFORMED BARBER AND COSMETOLOGY ACADE,MO,64137-1207,Proprietary  ,21,77,98,21,,77,98
04145700,THE SYSTEM A PAUL MITCHELL PARTNER SCHL ,MO,65807-5969,Proprietary  ,35,51,86,35,,51,86
04146100,URSHAN GRADUATE SCHOOL OF THEOLOGY      ,MO,63031-7526,Private      ,22,12,34,22,,12,34
04152200,CARTHAGE R-9 SCHOOL DISTRICT/CARTHAGE TE,MO,64836-1332,Public       ,1,16,17,1,,16,17
04170600,SALON PROFESSIONAL ACADEMY (THE)        ,MO,63301-1021,Proprietary  ,11,29,40,11,,29,40
04170700,PAUL MITCHELL THE SCHOOL ST LOUIS       ,MO,63108-1554,Proprietary  ,75,78,153,75,,78,153
04173900,COSMETOLOGY COLLEGE OF FRANKLIN COUNTY  ,MO,63077-3448,Proprietary  ,3,14,17,3,,14,17
04174000,SKIN INSTITUTE                          ,MO,63128-1307,Proprietary  ,15,31,46,15,,31,46
04174800,AMERICAN TRADE SCHOOL                   ,MO,63074-1807,Proprietary  ,16,49,65,16,,49,65
04179000,"SALON PROFESSIONAL ACADEMY, THE         ",MO,65616-7216,Proprietary  ,4,18,22,4,,18,22
04184400,SEYMOUR BEAUTY ACADEMY                  ,MO,65746-8743,Proprietary  ,3,5,8,3,,5,8
04187000,DONNA'S ACADEMY OF HAIR DESIGN          ,MO,64089-9042,Proprietary  ,2,7,9,2,,7,9
04212100,ACADEMY OF SALON PROFESSIONALS          ,MO,65301-6910,Proprietary  ,6,18,24,6,,18,24
04218400,CITY POINTE BEAUTY ACADEMY              ,MO,64870-2502,Proprietary  ,15,12,27,15,,12,27
00314600,WESTERN OKLAHOMA STATE COLLEGE          ,OK,73521-1397,Public       ,252,265,517,252,,265,517
00314700,BACONE COLLEGE                          ,OK,74403-1597,Private      ,471,255,726,471,,255,726
00314900,SOUTHERN NAZARENE UNIVERSITY            ,OK,73008-2694,Private      ,678,628,1306,678,,628,1306
00315000,CAMERON UNIVERSITY                      ,OK,73505-6377,Public       ,1135,1461,2596,1135,,1461,2596
00315100,OKLAHOMA WESLEYAN UNIVERSITY            ,OK,74006-6299,Private      ,814,469,1283,814,,469,1283
00315200,UNIV OF CENTRAL OKLAHOMA                ,OK,73034-5209,Public       ,5889,2937,8826,5889,,2937,8826
00315300,CONNORS STATE COLLEGE                   ,OK,74469-9700,Public       ,664,658,1322,664,,658,1322
00315400,EAST CENTRAL UNIVERSITY                 ,OK,74820-6999,Public       ,1782,1004,2786,1782,,1004,2786
00315500,EASTERN OKLAHOMA STATE COLLEGE          ,OK,74578-4999,Public       ,487,395,882,487,,395,882
00315600,REDLANDS COMMUNITY COLLEGE              ,OK,73036-5304,Public       ,426,325,751,426,,325,751
00315700,LANGSTON UNIVERSITY                     ,OK,73050-0000,Public       ,1982,879,2861,1982,,879,2861
00315800,MURRAY STATE COLLEGE                    ,OK,73460-3137,Public       ,682,578,1260,682,,578,1260
00316000,NORTHEASTERN OKLAHOMA A & M COLLEGE     ,OK,74354-6497,Public       ,1034,449,1483,1034,,449,1483
00316100,NORTHEASTERN STATE UNIVERSITY           ,OK,74464-2399,Public       ,3151,2661,5812,3151,,2661,5812
00316200,NORTHERN OKLAHOMA COLLEGE               ,OK,74653-0310,Public       ,849,661,1510,849,,661,1510
00316300,NORTHWESTERN OKLAHOMA STATE UNIV        ,OK,73717-2799,Public       ,839,362,1201,839,,362,1201
00316400,OKLAHOMA BAPTIST UNIVERSITY             ,OK,74801-2590,Private      ,2142,254,2396,2142,,254,2396
00316500,OKLAHOMA CHRISTIAN UNIVERSITY           ,OK,73131-0000,Private      ,1623,388,2011,1623,,388,2011
00316600,OKLAHOMA CITY UNIVERSITY                ,OK,73106-1493,Private      ,1858,1148,3006,1858,,1148,3006
00316700,UNIV OF SCIENCE & ARTS OF OKLAHOMA      ,OK,73018-5322,Public       ,481,191,672,481,,191,672
00316800,ROGERS STATE UNIVERSITY                 ,OK,74017-3252,Public       ,1581,1155,2736,1581,,1155,2736
00317000,OKLAHOMA STATE UNIVERSITY               ,OK,74078-1026,Public       ,13455,4007,17462,13455,,4007,17462
00317200,OKLAHOMA STATE UNIVERSITY-OKMULGEE      ,OK,74447-3901,Public       ,1086,975,2061,1086,,975,2061
00317400,OKLAHOMA PANHANDLE STATE UNIVERSITY     ,OK,73939-0000,Public       ,474,141,615,474,,141,615
00317600,CARL ALBERT STATE COLLEGE               ,OK,74953-5208,Public       ,744,616,1360,744,,616,1360
00317800,SEMINOLE STATE COLLEGE                  ,OK,74818-0351,Public       ,492,399,891,492,,399,891
00317900,SOUTHEASTERN OKLAHOMA STATE UNIV        ,OK,74701-0609,Public       ,1468,1030,2498,1468,,1030,2498
00318000,SOUTHWESTERN CHRISTIAN UNIVERSITY       ,OK,73008-2335,Private      ,236,189,425,236,,189,425
00318100,SOUTHWESTERN OKLAHOMA STATE UNIV        ,OK,73096-3098,Public       ,2112,824,2936,2112,,824,2936
00318101,SOUTHWESTERN OK STATE UNIV AT SAYRE     ,OK,73662-0000,Public       ,81,57,138,81,,57,138
00318300,ST GREGORY'S UNIVERSITY                 ,OK,74804-2499,Private      ,270,143,413,270,,143,413
00318308,SAINT GREGORY'S UNIVERSITY - IPD TULSA  ,OK,74135-2499,Private      ,22,95,117,22,,95,117
00318400,UNIVERSITY OF OKLAHOMA                  ,OK,73019-4078,Public       ,13606,4717,18323,13606,,4717,18323
00318401,UNIVERSITY OF OKLAHOMA-HLTH SCI CTR     ,OK,73190-0000,Public       ,516,1734,2250,516,,1734,2250
00318500,UNIVERSITY OF TULSA                     ,OK,74104-3189,Private      ,3117,981,4098,3117,,981,4098
00398500,ORAL ROBERTS UNIVERSITY                 ,OK,74171-0001,Private      ,1822,777,2599,1822,,777,2599
00531100,TULSA COUNTY AREA VOC TECH SCHOOL       ,OK,74145-0000,Public       ,249,586,835,249,,586,835
00531200,RED RIVER TECHNOLOGY CENTER             ,OK,73533-2700,Public       ,11,51,62,11,,51,62
00533900,METRO TECHNOLOGY CENTERS SCH DIST22     ,OK,73111-0000,Public       ,97,359,456,97,,359,456
00533903,METRO TECHNOLOGY CENTERS SCH DIST22     ,OK,73129-0000,Public       ,54,249,303,54,,249,303
00694200,MID-AMERICA CHRISTIAN UNIVERSITY        ,OK,73170-4504,Private      ,266,1114,1380,266,,1114,1380
00767800,SPARTAN COLLEGE OF AERONAUTICS AND TECHN,OK,74115-5800,Proprietary  ,375,189,564,375,,189,564
00791100,VIRGILS BEAUTY COLLEGE                  ,OK,74401-6802,Proprietary  ,5,16,21,5,,16,21
00834300,AUTRY TECHNOLOGY CENTER                 ,OK,73703-2598,Public       ,44,87,131,44,,87,131
00861900,TRI COUNTY TECHNOLOGY CENTER            ,OK,74006-6029,Public       ,19,51,70,19,,51,70
00918500,ROSE STATE COLLEGE                      ,OK,73110-2799,Public       ,1327,1613,2940,1327,,1613,2940
00920400,KIAMICHI TECHNOLOGY CENTER              ,OK,74578-0548,Public       ,123,311,434,123,,311,434
00961800,TULSA WELDING SCHOOL                    ,OK,74104-0000,Proprietary  ,584,461,1045,584,,461,1045
00964700,"OKLAHOMA STATE UNIV, OKLA CITY          ",OK,73107-6159,Public       ,1685,2211,3896,1685,,2211,3896
00970800,EVES COLLEGE OF HAIRSTYLING             ,OK,73501-4359,Proprietary  ,6,26,32,6,,26,32
00976300,TULSA COMMUNITY COLLEGE                 ,OK,74135-6198,Public       ,3735,4469,8204,3735,,4469,8204
00996300,CADDO KIOWA VOC TECH CENTER             ,OK,73038-0000,Public       ,27,98,125,27,,98,125
00996400,CENTRAL OKLAHOMA AREA VOC TECH SCH      ,OK,74030-9613,Public       ,31,105,136,31,,105,136
00996500,CANADIAN VALLEY TECHNOLOGY CENTER       ,OK,73036-9117,Public       ,33,92,125,33,,92,125
00996800,GORDON COOPER TECHNOLOGY CENTER         ,OK,74804-9913,Public       ,50,150,200,50,,150,200
01005300,INDIAN CAPITAL TECHNOLGY CENTER #4      ,OK,74403-9907,Public       ,115,259,374,115,,259,374
01026600,HILLSDALE FREE WILL BAPTIST COLLEGE     ,OK,73153-0000,Private      ,88,27,115,88,,27,115
01034200,SOUTHERN OKLAHOMA TECHNOLOGY CENTER     ,OK,73401-2100,Public       ,34,95,129,34,,95,129
01039100,OKLAHOMA CITY COMMUNITY COLLEGE         ,OK,73159-4444,Public       ,2414,3020,5434,2414,,3020,5434
01050304,WTI TULSA CAMPUS                        ,OK,74112-3140,Proprietary  ,9,50,59,9,,50,59
01071700,GREAT PLAINS TECHNOLOGY CENTER SCHOOL DI,OK,73505-8399,Public       ,67,217,284,67,,217,284
01076200,WESTERN OK AREA VOC TECH SCH DIST12     ,OK,73624-1469,Public       ,16,40,56,16,,40,56
01120600,PIONEER TECHNOLOGY CENTER               ,OK,74601-1106,Public       ,23,54,77,23,,54,77
01128200,OKLAHOMA STATE UNV CLG OSTEOPTHC MD     ,OK,74107-0000,Public       ,88,325,413,88,,325,413
01153700,MID-AMERICA TECHNOLOGY CENTER           ,OK,73095-0210,Public       ,11,40,51,11,,40,51
01227200,MOORE-NORMAN TECHNOLOGY CENTER          ,OK,73069-8399,Public       ,107,313,420,107,,313,420
02052700,NORTHEAST TECHNOLOGY CENTER             ,OK,74361-0487,Public       ,52,168,220,52,,168,220
02060800,MERIDIAN TECHNOLOGY CENTER              ,OK,74074-0000,Public       ,70,114,184,70,,114,184
02126500,ENID BEAUTY COLLEGE                     ,OK,73701-0000,Proprietary  ,5,13,18,5,,13,18
02184400,SAND SPRINGS BEAUTY COLLEGE             ,OK,74063-0000,Proprietary  ,5,15,20,5,,15,20
02197300,HOLLYWOOD COSMETOLOGY CENTER            ,OK,73189-0000,Proprietary  ,8,18,26,8,,18,26
02222700,FRANCIS TUTTLE TECHNOLOGY CENTER        ,OK,73142-0000,Public       ,143,502,645,143,,502,645
02238500,CENTRAL STATE BEAUTY ACADEMY            ,OK,73162-6007,Proprietary  ,20,73,93,20,,73,93
02250900,E OK COUNTY AREA VO-TECH                ,OK,73020-0000,Public       ,19,25,44,19,,25,44
02256200,"BROKEN ARROW BEAUTY COLLEGE, INC        ",OK,74012-0000,Proprietary  ,31,47,78,31,,47,78
02282100,HIGH PLAINS AREA VOC-TECH               ,OK,73801-0000,Public       ,11,23,34,11,,23,34
02306800,PLATT COLLEGE                           ,OK,74145-0000,Proprietary  ,75,333,408,75,,333,408
02510300,BEAUTY TECHNICAL COLLEGE                ,OK,74465-0000,Proprietary  ,11,14,25,11,,14,25
02531200,WOODWARD BEAUTY COLLEGE                 ,OK,73801-0000,Proprietary  ,1,5,6,1,,5,6
02554300,AMERICAN BEAUTY INSTITUTE               ,OK,74501-0000,Proprietary  ,7,15,22,7,,15,22
02556500,YUKON BEAUTY COLLEGE                    ,OK,73099-4108,Proprietary  ,4,4,8,4,,4,8
02560200,PHILLIPS THEOLOGICAL SEMINARY -         ,OK,74116-5612,Private      ,1,22,23,1,,22,23
02581100,CLAREMORE BEAUTY COLLEGE                ,OK,74017-7034,Proprietary  ,6,9,15,6,,9,15
02581200,CC'S COSMETOLOGY COLLEGE                ,OK,74129-0000,Proprietary  ,24,60,84,24,,60,84
02591101,CAREER POINT INSTITUTE                  ,OK,74146-0000,Proprietary  ,30,103,133,30,,103,133
02597400,PONTOTOC TECHNOLOGY CENTER SCHOOL       ,OK,74820-8621,Public       ,23,63,86,23,,63,86
02599706,VATTEROTT COLLEGE - TULSA               ,OK,74146-2205,Proprietary  ,20,84,104,20,,84,104
02600000,NORTHWEST TECHNOLOG CTR SCH DIST 10     ,OK,73717-9600,Public       ,11,13,24,11,,13,24
02600500,WES WATKINS TECHNOLOGY CENTER           ,OK,74883-9660,Public       ,13,53,66,13,,53,66
02609205,VATTEROTT COLLEGE - OKLAHOMA CITY       ,OK,73127-2103,Proprietary  ,28,187,215,28,,187,215
03008700,SOUTHWEST TECHNOLOGY CENTER             ,OK,73521-1527,Public       ,14,46,60,14,,46,60
03024700,STILLWATER BEAUTY ACADEMY               ,OK,74075-3467,Proprietary  ,16,18,34,16,,18,34
03030700,OKLAHOMA SCHOOL OF PHOTOGRAPHY          ,OK,73160-3320,Proprietary  ,15,38,53,15,,38,53
03030800,AMERICAN BROADCASTING SCHOOL            ,OK,73115-3334,Proprietary  ,13,85,98,13,,85,98
03051100,CHISHOLM TRAIL TECHNOLOGY CENTER        ,OK,73764-6335,Public       ,3,19,22,3,,19,22
03078500,TECH INST OF COSMETOLOGY ARTS & SCI     ,OK,74120-3610,Proprietary  ,13,32,45,13,,32,45
03103800,SOUTHERN SCHOOL OF BEAUTY               ,OK,74701-5008,Proprietary  ,13,21,34,13,,21,34
03109800,PONCA CITY BEAUTY COLLEGE               ,OK,74601-4201,Proprietary  ,4,11,15,4,,11,15
03109801,BARTLESVILLE BEAUTY COLLEGE             ,OK,74003-2835,Proprietary  ,1,11,12,1,,11,12
03115100,HERITAGE COLLEGE                        ,OK,73119-0000,Proprietary  ,78,297,375,78,,297,375
03124800,PLATT COLLEGE                           ,OK,73501-3808,Proprietary  ,27,122,149,27,,122,149
03124901,IMAGINE -  PAUL MITCHELL PARTNER SCHOOL ,OK,73072-4831,Proprietary  ,35,47,82,35,,47,82
03126200,GREEN COUNTRY AREA VOC TECH SCHOOL      ,OK,74447-1217,Public       ,21,52,73,21,,52,73
03198400,MID-DEL AREA VOCATIONAL & TECH SCH      ,OK,73110-4825,Public       ,18,62,80,18,,62,80
03329400,PRYOR BEAUTY COLLEGE                    ,OK,74361-0000,Proprietary  ,3,8,11,3,,8,11
03329401,PRYOR BEAUTY COLLEGE - GROVE BEAUTY COLL,OK,74345-0009,Proprietary  ,4,5,9,4,,5,9
03329402,PRYOR BEAUTY COLLEGE - NORTH EAST OKLAHO,OK,74338-0000,Proprietary  ,1,1,2,1,,1,2
03367400,COMMUNITY CARE COLLEGE                  ,OK,74145-6420,Proprietary  ,138,436,574,138,,436,574
03453400,SHAWNEE BEAUTY COLLEGE                  ,OK,74801-7014,Proprietary  ,2,19,21,2,,19,21
03676300,FAMILY OF FAITH COLLEGE                 ,OK,74802-1805,Private      ,9,9,18,9,,9,18
03831300,INSTITUTE OF HAIR DESIGN                ,OK,74804-0000,Proprietary  ,1,8,9,1,,8,9
03928300,CENTRAL STATE MASSAGE ACADEMY           ,OK,73162-6007,Proprietary  ,11,29,40,11,,29,40
04051324,ART INSTITUTE OF PHOENIX (THE) - BROWN M,OK,74146-5234,Proprietary  ,45,182,227,45,,182,227
04060300,AMERICAN INSTITUTE OF MEDICAL TECHNOLOGY,OK,74146-5201,Proprietary  ,51,104,155,51,,104,155
04133600,CUTTER'S EDGE SCHOOL OF COSMETOLOGY     ,OK,74023-2905,Proprietary  ,4,5,9,4,,5,9
04144400,ACADEMY OF HAIR DESIGN (THE)            ,OK,73120-6808,Proprietary  ,28,46,74,28,,46,74
04184300,PAUL MITCHELL THE SCHOOL ARDMORE        ,OK,73401-3912,Proprietary  ,7,17,24,7,,17,24
04213600,RIVER VALLEY COSMETOLOGY INSTITUTE      ,OK,74953-5260,Proprietary  ,8,20,28,8,,20,28
04224700,JB'S HAIR DESIGN AND BARBER COLLEGE     ,OK,73139-1602,Proprietary  ,7,36,43,7,,36,43
04224900,COLLEGE OF THE MUSCOGEE NATION          ,OK,74447-0917,Public       ,49,74,123,49,,74,123
00163700,BETHANY THEOLOGICAL SEMINARY            ,IN,47374-0000,Private      ,3,19,22,3,,19,22
00178400,ANCILLA COLLEGE-FINANCIAL AID OFFC      ,IN,46513-0001,Private      ,425,282,707,425,,282,707
00178500,ANDERSON UNIVERSITY                     ,IN,46012-3495,Private      ,2462,746,3208,2462,,746,3208
00178600,BALL STATE UNIVERSITY                   ,IN,47306-0880,Public       ,22040,6367,28407,22040,,6367,28407
00178700,BETHEL COLLEGE INC                      ,IN,46545-5591,Private      ,1513,1017,2530,1513,,1017,2530
00178800,BUTLER UNIVERSITY                       ,IN,46208-3487,Private      ,8448,1741,10189,8448,,1741,10189
00178900,CHRISTIAN THEOLOGICAL SEMINARY          ,IN,46208-0000,Private      ,18,193,211,18,,193,211
00179200,DEPAUW UNIVERSITY                       ,IN,46135-0037,Private      ,3040,142,3182,3040,,142,3182
00179300,EARLHAM COLLEGE                         ,IN,47374-4095,Private      ,1319,106,1425,1319,,106,1425
00179301,EARLHAM SCHOOL OF RELIGION              ,IN,47374-0000,Private      ,12,14,26,12,,14,26
00179500,UNIVERSITY OF EVANSVILLE                ,IN,47722-0002,Private      ,3245,657,3902,3245,,657,3902
00179800,FRANKLIN COLLEGE OF INDIANA             ,IN,46131-2623,Private      ,1948,274,2222,1948,,274,2222
00179900,GOSHEN COLLEGE                          ,IN,46526-4794,Private      ,830,395,1225,830,,395,1225
00180000,GRACE COLLEGE & THEO SEMINARY           ,IN,46590-1224,Private      ,2065,440,2505,2065,,440,2505
00180100,HANOVER COLLEGE                         ,IN,47243-0108,Private      ,2184,105,2289,2184,,105,2289
00180300,HUNTINGTON UNIVERSITY                   ,IN,46750-1299,Private      ,1318,353,1671,1318,,353,1671
00180400,UNIVERSITY OF INDIANAPOLIS              ,IN,46227-3697,Private      ,6586,4134,10720,6586,,4134,10720
00180500,INDIANA INSTITUTE OF TECHNOLOGY         ,IN,46803-1297,Private      ,2292,4804,7096,2292,,4804,7096
00180700,INDIANA STATE UNIVERSITY                ,IN,47809-2501,Public       ,14187,5355,19542,14187,,5355,19542
00180800,UNIVERSITY OF SOUTHERN INDIANA          ,IN,47712-3596,Public       ,8260,2770,11030,8260,,2770,11030
00180900,INDIANA UNIVERSITY-BLOOMINGTON          ,IN,47405-7000,Public       ,33128,8501,41629,33128,,8501,41629
00181100,INDIANA UNIV-EAST                       ,IN,47374-1289,Public       ,1971,1946,3917,1971,,1946,3917
00181300,INDIANA UNIV-PURDUE UNIV INDPLS         ,IN,46202-5145,Public       ,22783,17971,40754,22783,,17971,40754
00181301,INDIANA UNIVERSITY - PURDUE UNIVERSITY I,IN,47203-1769,Public       ,2041,1599,3640,2041,,1599,3640
00181400,INDIANA UNIV KOKOMO                     ,IN,46902-3557,Public       ,2392,2093,4485,2392,,2093,4485
00181500,INDIANA UNIV-NORTHWEST                  ,IN,46408-1197,Public       ,3835,3905,7740,3835,,3905,7740
00181600,INDIANA UNIVERSITY - SOUTH BEND         ,IN,46615-0000,Public       ,4833,4088,8921,4833,,4088,8921
00181700,INDIANA UNIVERSITY-SOUTHEAST            ,IN,47150-6405,Public       ,3965,2656,6621,3965,,2656,6621
00182000,MANCHESTER COLLEGE                      ,IN,46962-1276,Private      ,2396,453,2849,2396,,453,2849
00182100,MARIAN UNIVERSITY                       ,IN,46222-1997,Private      ,2364,2411,4775,2364,,2411,4775
00182200,INDIANA WESLEYAN UNIVERSITY             ,IN,46953-4974,Private      ,3956,8923,12879,3956,,8923,12879
00182300,ASSOCIATED MENNONITE BIBLICAL SEM       ,IN,46517-1999,Private      ,1,39,40,1,,39,40
00182400,OAKLAND CITY UNIVERSITY                 ,IN,47660-1099,Private      ,497,412,909,497,,412,909
00182500,PURDUE UNIVERSITY                       ,IN,47907-2050,Public       ,32621,6026,38647,32621,,6026,38647
00182600,PURDUE UNIV NORTH CENTRAL CAMPUS        ,IN,46391-9542,Public       ,2864,1781,4645,2864,,1781,4645
00182700,PURDUE UNIV CALUMET                     ,IN,46323-2094,Public       ,4763,4310,9073,4763,,4310,9073
00182800,INDIANA UNIV-PURDUE UNIV FORT WAYNE     ,IN,46805-1499,Public       ,9220,5479,14699,9220,,5479,14699
00183000,ROSE HULMAN INSTITUTE OF TECHNOLOGY     ,IN,47803-3999,Private      ,3381,154,3535,3381,,154,3535
00183200,UNIVERSITY OF SAINT FRANCIS             ,IN,46808-3994,Private      ,2349,1636,3985,2349,,1636,3985
00183300,ST JOSEPH'S COLLEGE                     ,IN,47978-0000,Private      ,1409,206,1615,1409,,206,1615
00183400,CALUMET COLLEGE OF SAINT JOSEPH         ,IN,46394-2195,Private      ,478,485,963,478,,485,963
00183500,SAINT MARY-OF-THE-WOODS COLLEGE         ,IN,47876-0067,Private      ,386,704,1090,386,,704,1090
00183600,ST MARY'S COLLEGE                       ,IN,46556-5007,Private      ,1829,74,1903,1829,,74,1903
00183800,TAYLOR UNIVERSITY                       ,IN,46989-1001,Private      ,2267,208,2475,2267,,208,2475
00183900,TRINE UNIVERSITY                        ,IN,46703-1764,Private      ,2970,824,3794,2970,,824,3794
00184000,UNIVERSITY OF NOTRE DAME                ,IN,46556-5602,Private      ,11097,2303,13400,11097,,2303,13400
00184200,VALPARAISO UNIVERSITY                   ,IN,46383-6493,Private      ,5495,1435,6930,5495,,1435,6930
00184300,VINCENNES UNIVERSITY                    ,IN,47591-1523,Public       ,6656,3142,9798,6656,,3142,9798
00184400,WABASH COLLEGE                          ,IN,47933-0352,Private      ,1390,58,1448,1390,,58,1448
00457900,INTERNATIONAL BUSINESS COLLEGE          ,IN,46804-0000,Proprietary  ,612,274,886,612,,274,886
00457901,INTERNATIONAL BUSINESS COLLEGE          ,IN,46256-0000,Proprietary  ,649,406,1055,649,,406,1055
00625700,SAINT ELIZABETH SCHOOL OF NURSING       ,IN,47904-2198,Private      ,198,357,555,198,,357,555
00638510,CHAMBERLAIN COLLEGE OF NURSING - INDIANA,IN,46240-2158,Proprietary  ,130,791,921,130,,791,921
00726300,HOLY CROSS COLLEGE                      ,IN,46556-0308,Private      ,654,88,742,654,,88,742
00727600,SAINT MEINRAD SCHOOL OF THEOLOGY        ,IN,47577-1002,Private      ,4,35,39,4,,35,39
00732900,ITT TECHNICAL INSTITUTE                 ,IN,46268-1119,Proprietary  ,1099,4598,5697,1099,,4598,5697
00732933,ITT TECHNICAL INSTITUTE                 ,IN,46635-1512,Proprietary  ,260,611,871,260,,611,871
00732962,ITT TECHNICAL INSTITUTE                 ,IN,47630-7430,Proprietary  ,203,927,1130,203,,927,1130
00732968,ITT TECHNICAL INSTITUTE                 ,IN,46410-0000,Proprietary  ,215,576,791,215,,576,791
00732993,ITT TECHNICAL INSTITUTE                 ,IN,46825-2393,Proprietary  ,469,917,1386,469,,917,1386
00736200,MEDTECH COLLEGE                         ,IN,46250-3970,Proprietary  ,254,1383,1637,254,,1383,1637
00736202,MEDTECH COLLEGE - GREENWOOD             ,IN,46143-6478,Proprietary  ,120,626,746,120,,626,746
00736204,MEDTECH COLLEGE - FORT WAYNE            ,IN,46804-2209,Proprietary  ,184,694,878,184,,694,878
00793800,LINCOLN COLLEGE OF TECHNOLOGY           ,IN,46202-0000,Proprietary  ,1103,592,1695,1103,,592,1695
00931306,DAYMAR COLLEGE - ROCKPORT               ,IN,47635-1506,Proprietary  ,5,11,16,5,,11,16
00951500,J MICHAEL HARROLD BEAUTY ACADEMY        ,IN,47807-3390,Proprietary  ,48,89,137,48,,89,137
00961200,"APEX SCHOOL OF BEAUTY CULTURE, INC      ",IN,46016-0000,Proprietary  ,20,37,57,20,,37,57
00961300,MERRILLVILLE BEAUTY COLLEGE             ,IN,46410-3401,Proprietary  ,47,109,156,47,,109,156
00967300,RUDAE'S SCHOOL OF BEAUTY CULTURE        ,IN,46825-5444,Proprietary  ,108,123,231,108,,123,231
00977700,KAPLAN COLLEGE                          ,IN,46278-1736,Proprietary  ,66,365,431,66,,365,431
00977702,KAPLAN COLLEGE - TEMPORARY FACILITY EXPA,IN,46268-4111,Proprietary  ,2,8,10,2,,8,10
00991700,IVY TECH COMMUNITY COLLEGE OF INDIANA   ,IN,46208-1763,Public       ,35541,59644,95185,35541,,59644,95185
01015100,VINCENNES BEAUTY COLLEGE                ,IN,47591-1297,Proprietary  ,73,70,143,73,,70,143
01040900,LAFAYETTE BEAUTY ACADEMY                ,IN,47901-1149,Proprietary  ,65,112,177,65,,112,177
01048900,NATIONAL COLLEGE                        ,IN,46250-1930,Proprietary  ,38,299,337,38,,299,337
01048910,NATIONAL COLLEGE - SOUTH BEND           ,IN,46617-3123,Proprietary  ,66,287,353,66,,287,353
01048911,NATIONAL COLLEGE - FORT WAYNE           ,IN,46826-4905,Proprietary  ,45,197,242,45,,197,242
01061800,MID-AMERICA CLG FUNERAL SERVICE         ,IN,47130-9990,Private      ,36,67,103,36,,67,103
01150500,CREATIVE HAIR STYLING ACADEMY           ,IN,46322-1554,Proprietary  ,47,94,141,47,,94,141
02084800,RAVENSCROFT BEAUTY COLLEGE              ,IN,46815-0000,Proprietary  ,74,105,179,74,,105,179
02087600,CONCORDIA THEOLOGICAL SEMINARY          ,IN,46825-0000,Private      ,12,87,99,12,,87,99
02100402,EVEREST INSTITUTE - EVEREST COLLEGE     ,IN,46410-7064,Proprietary  ,165,559,724,165,,559,724
02140800,MARTIN UNIVERSITY                       ,IN,46218-0000,Private      ,155,884,1039,155,,884,1039
02158400,HARRISON COLLEGE                        ,IN,46204-2611,Proprietary  ,421,1979,2400,421,,1979,2400
02158401,HARRISON COLLEGE - COLUMBUS             ,IN,47203-1843,Proprietary  ,115,401,516,115,,401,516
02158402,HARRISON COLLEGE - LAFAYETTE            ,IN,47905-4859,Proprietary  ,142,391,533,142,,391,533
02158405,HARRISON COLLEGE - TERRE HAUTE          ,IN,47802-0000,Proprietary  ,86,453,539,86,,453,539
02158407,HARRISON COLLEGE - ANDERSON             ,IN,46013-0000,Proprietary  ,114,448,562,114,,448,562
02158409,HARRISON COLLEGE - EVANSVILLE           ,IN,47715-3901,Proprietary  ,137,322,459,137,,322,459
02158410,HARRISON COLLEGE - EAST                 ,IN,46239-8903,Proprietary  ,204,827,1031,204,,827,1031
02158412,HARRISON COLLEGE - FORT WAYNE           ,IN,46825-0000,Proprietary  ,112,416,528,112,,416,528
02158413,HARRISON COLLEGE - NORTHWEST            ,IN,46278-0000,Proprietary  ,169,342,511,169,,342,511
02158415,HARRISON COLLEGE - MUNCIE               ,IN,47303-0000,Proprietary  ,97,164,261,97,,164,261
02158416,HARRISON COLLEGE - ELKHART              ,IN,46516-0000,Proprietary  ,49,181,230,49,,181,230
02158800,DON ROBERTS BEAUTY SCHOOLS              ,IN,46383-0000,Proprietary  ,20,41,61,20,,41,61
02164300,DON ROBERTS SCHOOL OF HAIR DESIGN       ,IN,46375-9999,Proprietary  ,18,26,44,18,,26,44
02180108,ROSS MEDICAL EDUCATION CENTER -         ,IN,46530-4479,Proprietary  ,34,105,139,34,,105,139
02201800,KAPLAN COLLEGE                          ,IN,46324-3347,Proprietary  ,114,345,459,114,,345,459
02201806,KAPLAN COLLEGE - SOUTHEAST INDIANAPOLIS ,IN,46227-1493,Proprietary  ,238,732,970,238,,732,970
02241700,PJ'S COLLEGE OF COSMETOLOGY             ,IN,47129-0000,Proprietary  ,30,75,105,30,,75,105
02245505,FORTIS COLLEGE - INDIANAPOLIS CAMPUS    ,IN,46268-0000,Proprietary  ,52,330,382,52,,330,382
02302700,J EVERETT LIGHT CAREER CENTER           ,IN,46240-0000,Public       ,62,290,352,62,,290,352
02304800,PJ'S COLLEGE OF COSMETOLOGY             ,IN,47374-0000,Proprietary  ,30,46,76,30,,46,76
02308900,MASTER'S OF COSMETOLOGY COLLEGE         ,IN,46809-0000,Proprietary  ,95,104,199,95,,104,199
02339600,ROGER'S ACADEMY OF HAIR DESIGN          ,IN,47712-0000,Proprietary  ,41,66,107,41,,66,107
02351300,KNOX BEAUTY COLLEGE                     ,IN,46534-0000,Proprietary  ,9,19,28,9,,19,28
02490500,HAIR FASHIONS BY KAYE BEAUTY CLG        ,IN,46250-0000,Proprietary  ,78,177,255,78,,177,255
02490800,HAIR FASHIONS BY KAYE BEAUTY CLG        ,IN,46060-0000,Proprietary  ,27,35,62,27,,35,62
02607000,HAIR ARTS ACADEMY                       ,IN,47404-2419,Proprietary  ,43,85,128,43,,85,128
02615800,COLLEGE OF COURT REPORTING              ,IN,46342-5969,Proprietary  ,12,95,107,12,,95,107
03100600,MARION COMM TUCKER AREA VOC SCHOOL      ,IN,46952-3831,Public       ,34,78,112,34,,78,112
03176300,AVIATION INSTITUTE OF MAINTENANCE       ,IN,46241-1445,Proprietary  ,84,189,273,84,,189,273
03456700,CROSSROADS BIBLE COLLEGE                ,IN,46219-4912,Private      ,64,310,374,64,,310,374
03538300,ALEXANDRIA SCH OF SCIENTIFIC THERAP     ,IN,46001-0287,Proprietary  ,19,39,58,19,,39,58
04038700,IDEAL BEAUTY ACADEMY                    ,IN,47130-4215,Proprietary  ,9,32,41,9,,32,41
04051304,ART INSTITUTE OF PHOENIX (THE) - ART  IN,IN,46268-1170,Proprietary  ,894,725,1619,894,,725,1619
04051311,ART INSTITUTE OF PHOENIX (THE) - BROWN M,IN,46410-5608,Proprietary  ,124,404,528,124,,404,528
04051312,ART INSTITUTE OF PHOENIX (THE) - BROWN M,IN,46360-7362,Proprietary  ,49,204,253,49,,204,253
04051318,ART INSTITUTE OF PHOENIX (THE) - BROWN M,IN,46204-1017,Proprietary  ,230,851,1081,230,,851,1081
04051321,ART INSTITUTE OF PHOENIX (THE) - BROWN M,IN,46635-1176,Proprietary  ,104,367,471,104,,367,471
04051322,ART INSTITUTE OF PHOENIX (THE) - BROWN M,IN,46805-0000,Proprietary  ,158,474,632,158,,474,632
04100300,SUCCESS SCHOOLS                         ,IN,46410-5310,Proprietary  ,47,90,137,47,,90,137
04121000,TECHSKILLS - INDIANAPOLIS               ,IN,46240-4302,Proprietary  ,95,280,375,95,,280,375
04130900,HONORS BEAUTY COLLEGE                   ,IN,46256-3317,Proprietary  ,78,182,260,78,,182,260
04155900,AVEDA FREDRIC'S INSTITUTE               ,IN,46250-4746,Proprietary  ,131,149,280,131,,149,280
04166700,REM SPA INC                             ,IN,46013-3136,Proprietary  ,35,68,103,35,,68,103
04171700,AVANT GARD THE SCHOOL                   ,IN,46214-6500,Proprietary  ,22,50,72,22,,50,72
04172700,SALON PROFESSIONAL ACADEMY (THE)        ,IN,47715-7822,Proprietary  ,90,85,175,90,,85,175
04184000,PAUL MITCHELL THE SCHOOL INDIANAPOLIS   ,IN,46227-6252,Proprietary  ,141,180,321,141,,180,321
04186600,SALON PROFESSIONAL ACADEMY (THE)        ,IN,46901-6248,Proprietary  ,53,62,115,53,,62,115
04205500,LIL LOU'S BARBER COLLEGE                ,IN,46409-2645,Proprietary  ,20,62,82,20,,62,82
04230300,EXCEL ACADEMIES OF COSMETOLOGY - MERRILL,IN,46410-5540,Proprietary  ,33,28,61,33,,28,61
00190100,ALLEN COUNTY COMMUNITY COLLEGE          ,KS,66749-1607,Public       ,488,464,952,488,,464,952
00190200,COWLEY COUNTY COMMUNITY COLLEGE & AREA V,KS,67005-2662,Public       ,766,616,1382,766,,616,1382
00190300,BAKER UNIVERSITY                        ,KS,66006-0065,Private      ,1055,693,1748,1055,,693,1748
00190400,BETHANY COLLEGE                         ,KS,67456-1897,Private      ,670,66,736,670,,66,736
00190500,BETHEL COLLEGE                          ,KS,67117-8061,Private      ,567,86,653,567,,86,653
00190600,BUTLER COUNTY COMMUNITY COLLEGE         ,KS,67042-3280,Public       ,1997,1382,3379,1997,,1382,3379
00190700,CENTRAL BAPTIST THEOLOGY SEMINARY       ,KS,66226-3513,Private      ,1,17,18,1,,17,18
00190800,CENTRAL CHRISTIAN COLLEGE OF KANSAS     ,KS,67460-5799,Private      ,230,180,410,230,,180,410
00190900,CLOUD COUNTY COMMUNITY COLLEGE          ,KS,66901-1002,Public       ,408,372,780,408,,372,780
00191000,COFFEYVILLE COMMUNITY COLLEGE           ,KS,67337-5064,Public       ,436,122,558,436,,122,558
00191100,COLBY COMMUNITY COLLEGE                 ,KS,67701-4099,Public       ,358,184,542,358,,184,542
00191300,DODGE CITY COMMUNITY COLLEGE            ,KS,67801-2399,Public       ,429,220,649,429,,220,649
00191400,DONNELLY COLLEGE                        ,KS,66102-4298,Private      ,225,204,429,225,,204,429
00191500,FORT HAYS STATE UNIVERSITY              ,KS,67601-4099,Public       ,2946,2877,5823,2946,,2877,5823
00191600,FORT SCOTT COMMUNITY COLLEGE            ,KS,66701-3199,Public       ,568,286,854,568,,286,854
00191700,BARCLAY COLLEGE                         ,KS,67059-0288,Private      ,69,29,98,69,,29,98
00191800,FRIENDS UNIVERSITY                      ,KS,67213-3397,Private      ,976,784,1760,976,,784,1760
00191900,GARDEN CITY COMMUNITY COLLEGE           ,KS,67846-6398,Public       ,495,226,721,495,,226,721
00192000,HESSTON COLLEGE                         ,KS,67062-2093,Private      ,331,92,423,331,,92,423
00192100,HIGHLAND COMMUNITY COLLEGE              ,KS,66035-4062,Public       ,664,468,1132,664,,468,1132
00192300,HUTCHINSON COMMUNITY COLLEGE            ,KS,67501-5894,Public       ,1173,837,2010,1173,,837,2010
00192400,INDEPENDENCE COMMUNITY COLLEGE          ,KS,67301-0708,Public       ,277,96,373,277,,96,373
00192500,KANSAS CITY KANSAS COMMUNITY CLG        ,KS,66112-9978,Public       ,968,1574,2542,968,,1574,2542
00192600,PITTSBURG STATE UNIVERSITY              ,KS,66762-7500,Public       ,3457,1140,4597,3457,,1140,4597
00192700,EMPORIA STATE UNIVERSITY                ,KS,66801-5087,Public       ,2310,1238,3548,2310,,1238,3548
00192800,KANSAS STATE UNIVERSITY                 ,KS,66506-1104,Public       ,13285,3737,17022,13285,,3737,17022
00192900,KANSAS WESLEYAN UNIVERSITY              ,KS,67401-6196,Private      ,701,181,882,701,,181,882
00193000,LABETTE COMMUNITY COLLEGE               ,KS,67357-4299,Public       ,287,239,526,287,,239,526
00193100,MANHATTAN CHRISTIAN COLLEGE             ,KS,66502-4081,Private      ,219,54,273,219,,54,273
00193300,MCPHERSON COLLEGE                       ,KS,67460-3899,Private      ,579,100,679,579,,100,679
00193600,NEOSHO COUNTY COMMUNITY COLLEGE         ,KS,66720-2699,Public       ,421,418,839,421,,418,839
00193700,OTTAWA UNIVERSITY                       ,KS,66067-3399,Private      ,723,788,1511,723,,788,1511
00193800,PRATT COMMUNITY COLLEGE                 ,KS,67124-8432,Public       ,292,245,537,292,,245,537
00193900,NEWMAN UNIVERSITY                       ,KS,67213-2084,Private      ,1002,680,1682,1002,,680,1682
00194000,SOUTHWESTERN COLLEGE                    ,KS,67156-2499,Private      ,651,497,1148,651,,497,1148
00194300,UNIVERSITY OF ST MARY                   ,KS,66048-5023,Private      ,468,362,830,468,,362,830
00194500,STERLING COLLEGE                        ,KS,67579-1533,Private      ,781,70,851,781,,70,851
00194600,TABOR COLLEGE                           ,KS,67063-1799,Private      ,618,98,716,618,,98,716
00194800,UNIVERSITY OF KANSAS                    ,KS,66045-7535,Public       ,15672,6672,22344,15672,,6672,22344
00194900,WASHBURN UNIVERSITY                     ,KS,66621-1110,Public       ,2649,2056,4705,2649,,2056,4705
00194901,WASHBURN INSTITUTE OF TECHNOLOGY        ,KS,66604-2199,Public       ,170,298,468,170,,298,468
00195000,WICHITA STATE UNIVERSITY                ,KS,67208-0000,Public       ,5392,3167,8559,5392,,3167,8559
00460800,BARTON COUNTY COMMUNITY COLLEGE         ,KS,67530-9283,Public       ,486,731,1217,486,,731,1217
00526400,FLINT HILLS TECHNICAL COLLEGE           ,KS,66801-5999,Public       ,129,149,278,129,,149,278
00526500,NORTH CENTRAL KANSAS TECH COLG          ,KS,67420-0000,Public       ,187,102,289,187,,102,289
00526700,NORTHWEST KANSAS TECHNICAL SCHOOL       ,KS,67735-3441,Public       ,135,40,175,135,,40,175
00549800,WICHITA AREA TECHNICAL COLLEGE          ,KS,67211-2099,Public       ,284,730,1014,284,,730,1014
00549900,SALINA AREA TECHNICAL COLLEGE           ,KS,67401-8195,Public       ,97,89,186,97,,89,186
00550000,MANHATTAN AREA TECHNICAL COLLEGE        ,KS,66503-2499,Public       ,208,222,430,208,,222,430
00675500,BROWN MACKIE COLLEGE (THE)              ,KS,67401-7307,Proprietary  ,133,584,717,133,,584,717
00703200,MID AMERICA NAZARENE UNIVERSITY         ,KS,66062-1899,Private      ,780,496,1276,780,,496,1276
00822800,SEWARD CO COMM CO/AREA TECHNICAL SCHOOL ,KS,67905-0000,Public       ,223,114,337,223,,114,337
00824400,JOHNSON COUNTY COMMUNITY COLLEGE        ,KS,66210-1299,Public       ,3180,2658,5838,3180,,2658,5838
00833200,B-STREET DESIGN SCHOOL OF INTERNATIONAL ,KS,66502-6082,Proprietary  ,8,22,30,8,,22,30
00833201,B-STREET DESIGN SCHOOL OF INTERNATIONAL ,KS,66046-2743,Proprietary  ,7,14,21,7,,14,21
00869423,RASMUSSEN COLLEGE - OVERLAND PARK       ,KS,66210-2786,Proprietary  ,4,47,51,4,,47,51
00869424,RASMUSSEN COLLEGE - TOPEKA              ,KS,66606-2339,Proprietary  ,31,100,131,31,,100,131
01025600,BENEDICTINE COLLEGE                     ,KS,66002-1499,Private      ,1956,106,2062,1956,,106,2062
01043800,HASKELL INDIAN NATIONS UNIVERSITY       ,KS,66046-4800,Public       ,471,270,741,471,,270,741
01050300,WICHITA TECHNICAL INSTITUTE             ,KS,67213-1927,Proprietary  ,54,171,225,54,,171,225
01050302,WICHITA TECHNICAL INSTITUTE - WTI TOPEKA,KS,66609-1217,Proprietary  ,18,83,101,18,,83,101
01050305,WICHITA TECHNICAL INSTITUTE - EAST CAMPU,KS,67208-4243,Proprietary  ,21,85,106,21,,85,106
02090700,CLEVELAND CHIROPRACTIC COLLEGE          ,KS,66210-1613,Private      ,32,164,196,32,,164,196
02134800,OLD TOWN BARBER AND BEAUTY COLLEGE      ,KS,67211-0000,Proprietary  ,12,39,51,12,,39,51
02257700,HAYS ACADEMY OF HAIR DESIGN             ,KS,67601-3685,Proprietary  ,31,12,43,31,,12,43
02257702,HAYS ACADEMY OF HAIR DESIGN -           ,KS,67401-0000,Proprietary  ,14,22,36,14,,22,36
02340700,LABARON HAIRDRESSING ACADEMY            ,KS,66204-0000,Proprietary  ,3,12,15,3,,12,15
02590900,WRIGHT CAREER COLLEGE                   ,KS,66212-0000,Private      ,73,718,791,73,,718,791
02599709,VATTEROTT COLLEGE - WICHITA             ,KS,67226-1304,Proprietary  ,32,168,200,32,,168,200
02603100,XENON INTERNATIONAL ACADEMY             ,KS,67203-5428,Proprietary  ,36,75,111,36,,75,111
02606300,PAUL MITCHELL THE SCHOOL WICHITA        ,KS,67226-2803,Proprietary  ,45,53,98,45,,53,98
02611005,HERITAGE COLLEGE - WICHITA              ,KS,67210-1879,Proprietary  ,38,137,175,38,,137,175
02613000,PINNACLE CAREER INSTITUTE               ,KS,66046-2703,Proprietary  ,15,69,84,15,,69,84
03031300,XENON INTERNATIONAL ACADEMY IV          ,KS,66061-3765,Proprietary  ,7,14,21,7,,14,21
03066200,BRYAN COLLEGE                           ,KS,66604-2496,Proprietary  ,12,45,57,12,,45,57
03450300,B-STREET DESIGN SCHOOL OF INTERNATIONAL ,KS,66611-2373,Proprietary  ,16,25,41,16,,25,41
03450301,B-STREET DESIGN SCHOOL OF INTERNATIONAL ,KS,67207-5148,Proprietary  ,5,27,32,5,,27,32
03450302,MARINELLO SCHOOL OF BEAUTY - OVERLAND PA,KS,66212-5451,Proprietary  ,21,36,57,21,,36,57
03529300,SIDNEY'S HAIRDRESSING COLLEGE           ,KS,67501-7094,Proprietary  ,12,6,18,12,,6,18
04132900,Z HAIR ACADEMY                          ,KS,66046-4040,Proprietary  ,17,13,30,17,,13,30
04162700,ERIC FISHER ACADEMY                     ,KS,67212-3376,Proprietary  ,56,66,122,56,,66,122
04175700,ACADEMY OF AESTHETIC ARTS               ,KS,66203-3502,Proprietary  ,6,18,24,6,,18,24
04179600,ENTOURAGE INSTITUTE OF BEAUTY AND ESTHET,KS,66215-3803,Proprietary  ,11,26,37,11,,26,37
04205300,MITSU SATO HAIR ACADEMY                 ,KS,66212-1457,Proprietary  ,5,13,18,5,,13,18
04209300,PAUL MITCHELL THE SCHOOL - OVERLAND PARK,KS,66212-4050,Proprietary  ,40,48,88,40,,48,88
00203300,UNIVERSITY OF MAINE-PRESQUE ISLE        ,ME,04769-2888,Public       ,657,286,943,657,,286,943
00203600,BATES COLLEGE                           ,ME,04240-6028,Private      ,2555,70,2625,2555,,70,2625
00203800,BOWDOIN COLLEGE                         ,ME,04011-8451,Private      ,3474,84,3558,3474,,84,3558
00203900,COLBY COLLEGE                           ,ME,04901-8841,Private      ,2570,56,2626,2570,,56,2626
00204000,UNIVERSITY OF MAINE-FARMINGTON          ,ME,04938-1990,Public       ,2198,370,2568,2198,,370,2568
00204100,UNIVERSITY OF MAINE-FORT KENT           ,ME,04743-1292,Public       ,558,282,840,558,,282,840
00204300,HUSSON UNIVERSITY                       ,ME,04401-2999,Private      ,2472,931,3403,2472,,931,3403
00204400,MAINE MARITIME ACADEMY                  ,ME,04420-0001,Public       ,1096,110,1206,1096,,110,1206
00205000,UNIVERSITY OF NEW ENGLAND               ,ME,04005-9599,Private      ,4066,2595,6661,4066,,2595,6661
00205100,SAINT JOSEPH'S COLLEGE                  ,ME,04084-5236,Private      ,1454,607,2061,1454,,607,2061
00205200,THOMAS COLLEGE                          ,ME,04901-5097,Private      ,897,163,1060,897,,163,1060
00205300,UNIVERSITY OF MAINE                     ,ME,04469-0001,Public       ,12384,1885,14269,12384,,1885,14269
00205400,UNIVERSITY OF SOUTHERN MAINE            ,ME,04104-0000,Public       ,5420,3707,9127,5420,,3707,9127
00205500,UNIVERSITY OF MAINE-MACHIAS             ,ME,04654-1397,Public       ,390,198,588,390,,198,588
00458615,KAPLAN UNIVERSITY - PORTLAND            ,ME,04106-2415,Proprietary  ,71,398,469,71,,398,469
00458616,KAPLAN UNIVERSITY - LEWISTON            ,ME,04240-0000,Proprietary  ,44,429,473,44,,429,473
00458617,KAPLAN UNIVERSITY - AUGUSTA             ,ME,04330-8038,Proprietary  ,57,373,430,57,,373,430
00520400,BEAL COLLEGE                            ,ME,04401-6896,Proprietary  ,140,316,456,140,,316,456
00527600,CENTRAL MAINE COMMUNITY COLLEGE         ,ME,04210-6498,Public       ,975,936,1911,975,,936,1911
00527700,EASTERN MAINE COMMUNITY COLLEGE         ,ME,04401-4280,Public       ,1192,862,2054,1192,,862,2054
00552500,SOUTHERN MAINE COMMUNITY  COLLEGE       ,ME,04106-1698,Public       ,2200,1685,3885,2200,,1685,3885
00576000,NORTHERN MAINE COMMUNITY COLLEGE        ,ME,04769-2016,Public       ,283,241,524,283,,241,524
00630500,CENTRAL MAINE MEDICAL CENTER COLLEGE OF ,ME,04243-9986,Private      ,85,186,271,85,,186,271
00676000,UNIVERSITY OF MAINE-AUGUSTA             ,ME,04330-9410,Public       ,1173,2808,3981,1173,,2808,3981
00685800,UNITY COLLEGE                           ,ME,04988-9502,Private      ,803,52,855,803,,52,855
00903800,MR BERNARD'S SCH HAIR FASHION INC       ,ME,04243-1163,Proprietary  ,11,31,42,11,,31,42
00923100,WASHINGTON COUNTY COMMUNITY COLLEGE     ,ME,04619-9704,Public       ,186,89,275,186,,89,275
00945900,EMPIRE BEAUTY SCHOOL                    ,ME,04101-3348,Proprietary  ,136,266,402,136,,266,402
00982600,KENNEBEC VALLEY  COMMUNITY  COLLEGE     ,ME,04937-1367,Public       ,652,964,1616,652,,964,1616
01138500,COLLEGE OF THE ATLANTIC                 ,ME,04609-1105,Private      ,576,68,644,576,,68,644
01167300,MAINE COLLEGE OF ART                    ,ME,04101-3987,Private      ,633,165,798,633,,165,798
02104400,SPA TECH INSTITUTE                      ,ME,04093-0000,Proprietary  ,56,107,163,56,,107,163
02347100,NEW ENGLAND SCHOOL OF COMMUNICATIONS    ,ME,04401-0000,Private      ,352,67,419,352,,67,419
02361300,LANDING SCHOOL OF BOATBUILDING & DESIGN ,ME,04046-1490,Private      ,20,20,40,20,,20,40
03122900,YORK COUNTY COMMUNITY COLLEGE           ,ME,04090-0529,Public       ,385,441,826,385,,441,826
03429300,SEACOAST CAREER SCHOOLS                 ,ME,04073-0000,Proprietary  ,20,62,82,20,,62,82
03612300,BIRTHWISE MIDWIFERY SCHOOL              ,ME,04009-1110,Proprietary  ,3,37,40,3,,37,40
04177400,CAPILO SCHOOL OF HAIR DESIGN            ,ME,04330-0000,Proprietary  ,35,43,78,35,,43,78
04185100,NORTHEAST TECHNICAL INSTITUTE           ,ME,04074-0000,Proprietary  ,44,197,241,44,,197,241
04188800,INSTITUTE FOR DOCTORAL STUDIES IN THE VI,ME,04102-0000,Private      ,2,19,21,2,,19,21
04214100,COSMOTECH SCHOOL OF COSMETOLOGY         ,ME,04092-2878,Proprietary  ,18,13,31,18,,13,31
00209300,ST JOHN'S COLLEGE                       ,NM,87505-4599,Private      ,296,98,394,296,,98,394
00264900,SANTA FE UNIVERSITY OF ART AND DESIGN   ,NM,87505-7634,Proprietary  ,845,145,990,845,,145,990
00265000,UNIVERSITY OF THE SOUTHWEST             ,NM,88240-9129,Private      ,113,272,385,113,,272,385
00265100,EASTERN NEW MEXICO UNIV PORTALES        ,NM,88130-6000,Public       ,1700,865,2565,1700,,865,2565
00265101,EASTERN NEW MEXICO UNIV-ROSWELL CAM     ,NM,88202-0000,Public       ,376,354,730,376,,354,730
00265300,NEW MEXICO HIGHLANDS UNIVERSITY         ,NM,87701-4436,Public       ,1326,909,2235,1326,,909,2235
00265400,NEW MEXICO INST OF MINING & TECH        ,NM,87801-4796,Public       ,953,230,1183,953,,230,1183
00265500,NEW MEXICO JUNIOR COLLEGE               ,NM,88240-9123,Public       ,257,198,455,257,,198,455
00265600,NEW MEXICO MILITARY INSTITUTE           ,NM,88201-5173,Public       ,305,32,337,305,,32,337
00265700,NEW MEXICO STATE UNIVERSITY             ,NM,88003-8001,Public       ,7508,3227,10735,7508,,3227,10735
00265701,NEW MEXICO STATE UNIV-ALAMOGORDO        ,NM,88311-0000,Public       ,245,372,617,245,,372,617
00265702,NEW MEXICO STATE UNIV.-DONA ANA CLG     ,NM,88003-0000,Public       ,1643,1581,3224,1643,,1581,3224
00265703,NEW MEXICO STATE UNIV-CARLSBAD          ,NM,88220-0000,Public       ,123,154,277,123,,154,277
00265704,NEW MEXICO STATE UNIV-GRANTS            ,NM,87020-0000,Public       ,92,151,243,92,,151,243
00266000,SAN JUAN COLLEGE                        ,NM,87402-4699,Public       ,682,1405,2087,682,,1405,2087
00266300,THE UNIVERSITY OF NEW MEXICO            ,NM,87131-0001,Public       ,14190,10790,24980,14190,,10790,24980
00266400,WESTERN NEW MEXICO UNIVERSITY           ,NM,88061-5417,Public       ,879,735,1614,879,,735,1614
00405701,NATIONAL AMERICAN UNIVERSITY            ,NM,87110-0000,Proprietary  ,64,278,342,64,,278,342
00474200,CENTRAL NEW MEXICO COMMUNITY COLLEGE    ,NM,87106-4096,Public       ,3904,5378,9282,3904,,5378,9282
00474300,CLOVIS COMMUNITY COLLEGE                ,NM,88101-8381,Public       ,203,341,544,203,,341,544
00996200,LUNA COMMUNITY COLLEGE                  ,NM,87701-0000,Public       ,202,132,334,202,,132,334
01063200,DEWOLFF CLG HAIRSTYLING/COSMETOLOGY     ,NM,87112-4113,Proprietary  ,39,65,104,39,,65,104
01300500,OLYMPIAN UNIVERSITY OF COSMETOLOGY      ,NM,88310-5051,Proprietary  ,41,178,219,41,,178,219
02083900,NORTHERN NEW MEXICO COLLEGE             ,NM,87530-0000,Public       ,264,271,535,264,,271,535
02146400,INSTITUTE OF AMERICAN INDIAN ARTS       ,NM,87508-0000,Public       ,67,141,208,67,,141,208
02218808,BROOKLINE COLLEGE - ALBUQUERQUE         ,NM,87105-1649,Proprietary  ,103,223,326,103,,223,326
02278100,SANTA FE COMMUNITY COLLEGE              ,NM,87507-0000,Public       ,403,638,1041,403,,638,1041
02357600,NAVAJO TECHNICAL COLLEGE                ,NM,87313-0000,Public       ,128,218,346,128,,218,346
02511000,SOUTHWESTERN INDIAN POLYTECH INST       ,NM,87184-0000,Public       ,84,164,248,84,,164,248
02572003,COMPUTER CAREER CENTER - LAS CRUCES CAMP,NM,88011-8220,Proprietary  ,38,82,120,38,,82,120
02622000,SOUTHWEST ACUPUNCTURE COLLEGE           ,NM,87505-0000,Proprietary  ,2,83,85,2,,83,85
03076100,SOUTHWESTERN COLLEGE                    ,NM,87507-0000,Private      ,15,101,116,15,,101,116
03206300,MESALANDS COMMUNITY COLLEGE             ,NM,88401-3352,Public       ,50,33,83,50,,33,83
03430300,UNIVERSAL THERAPEUTIC MASSAGE INSTITUTE ,NM,87107-4403,Proprietary  ,21,62,83,21,,62,83
03678300,PIMA MEDICAL INSTITUTE                  ,NM,87110-0000,Proprietary  ,204,300,504,204,,300,504
03944300,MASSAGE THERAPY TRAINING INSTITUTE      ,NM,88007-0000,Proprietary  ,18,27,45,18,,27,45
04162400,TONI AND GUY HAIR ACADEMY               ,NM,87106-4404,Proprietary  ,42,75,117,42,,75,117
04174500,AVEDA INSTITUTE OF NEW MEXICO (THE)     ,NM,87110-3640,Proprietary  ,61,110,171,61,,110,171
04178500,VOGUE COLLEGE OF COSMETOLOGY            ,NM,87505-7636,Proprietary  ,17,25,42,17,,25,42
00223400,ADRIAN COLLEGE                          ,MI,49221-2575,Private      ,2576,206,2782,2576,,206,2782
00223500,ALBION COLLEGE                          ,MI,49224-1831,Private      ,2286,101,2387,2286,,101,2387
00223600,ALMA COLLEGE                            ,MI,48801-1599,Private      ,2358,97,2455,2358,,97,2455
00223700,ALPENA COMMUNITY COLLEGE                ,MI,49707-1495,Public       ,664,390,1054,664,,390,1054
00223800,ANDREWS UNIVERSITY                      ,MI,49104-0750,Private      ,1196,560,1756,1196,,560,1756
00223900,AQUINAS COLLEGE                         ,MI,49506-1799,Private      ,2442,345,2787,2442,,345,2787
00224000,BAY DE NOC COMMUNITY COLLEGE            ,MI,49829-2524,Public       ,702,483,1185,702,,483,1185
00224100,CALVIN COLLEGE                          ,MI,49546-4388,Private      ,4262,284,4546,4262,,284,4546
00224200,CALVIN THEOLOGICAL SEMINARY             ,MI,49546-4387,Private      ,12,121,133,12,,121,133
00224300,CENTRAL MICHIGAN UNIVERSITY             ,MI,48859-0001,Public       ,19271,5707,24978,19271,,5707,24978
00224600,CLEARY UNIVERSITY                       ,MI,48105-2659,Private      ,173,338,511,173,,338,511
00224700,CONCORDIA UNIVERSITY-ANN ARBOR          ,MI,48105-2797,Private      ,874,159,1033,874,,159,1033
00224800,CRANBROOK ACADEMY OF ART                ,MI,48303-0000,Private      ,27,167,194,27,,167,194
00224900,DAVENPORT UNIVERSITY                    ,MI,49503-0000,Private      ,2781,4743,7524,2781,,4743,7524
00225100,DELTA COLLEGE                           ,MI,48710-0001,Public       ,3806,2905,6711,3806,,2905,6711
00225400,MICHIGAN STATE UNIVERSITY COLLEGE OF LAW,MI,48824-1300,Private      ,264,1331,1595,264,,1331,1595
00225900,EASTERN MICHIGAN UNIVERSITY             ,MI,48197-2214,Public       ,14062,6812,20874,14062,,6812,20874
00226000,FERRIS STATE UNIVERSITY                 ,MI,49307-2251,Public       ,12542,4479,17021,12542,,4479,17021
00226100,CHARLES STEWART MOTT COMMUNITY CLG      ,MI,48503-2089,Public       ,3038,3315,6353,3038,,3315,6353
00226200,KETTERING UNIVERSITY                    ,MI,48504-4898,Private      ,1883,234,2117,1883,,234,2117
00226300,GLEN OAKS COMMUNITY COLLEGE             ,MI,49032-9784,Public       ,353,277,630,353,,277,630
00226400,GOGEBIC COMMUNITY COLLEGE               ,MI,49938-1365,Public       ,469,199,668,469,,199,668
00226500,GRACE BIBLE COLLEGE                     ,MI,49509-1998,Private      ,390,233,623,390,,233,623
00226600,CORNERSTONE UNIVERSITY                  ,MI,49525-5897,Private      ,1887,867,2754,1887,,867,2754
00226700,GRAND RAPIDS COMMUNITY COLLEGE          ,MI,49503-3295,Public       ,7118,4008,11126,7118,,4008,11126
00226800,GRAND VALLEY STATE UNIVERSITY           ,MI,49401-9403,Public       ,23432,5247,28679,23432,,5247,28679
00226900,GREAT LAKES CHRISTIAN COLLEGE           ,MI,48917-1299,Private      ,108,70,178,108,,70,178
00227000,HENRY FORD COMMUNITY COLLEGE            ,MI,48128-1495,Public       ,5085,5523,10608,5085,,5523,10608
00227300,HOPE COLLEGE                            ,MI,49423-3607,Private      ,4625,156,4781,4625,,156,4781
00227400,JACKSON COMMUNITY COLLEGE               ,MI,49201-8399,Public       ,2206,1581,3787,2206,,1581,3787
00227500,KALAMAZOO COLLEGE                       ,MI,49006-3295,Private      ,2182,166,2348,2182,,166,2348
00227600,KELLOGG COMMUNITY COLLEGE               ,MI,49017-3397,Public       ,1784,1783,3567,1784,,1783,3567
00227700,LAKE MICHIGAN COLLEGE                   ,MI,49022-1899,Public       ,1244,1116,2360,1244,,1116,2360
00227800,LANSING COMMUNITY COLLEGE               ,MI,48933-1293,Public       ,5550,3366,8916,5550,,3366,8916
00227900,LAWRENCE TECHNOLOGICAL UNIVERSITY       ,MI,48075-1058,Private      ,1821,621,2442,1821,,621,2442
00228200,MADONNA UNIVERSITY                      ,MI,48150-1173,Private      ,1255,1514,2769,1255,,1514,2769
00228400,MARYGROVE COLLEGE                       ,MI,48221-2599,Private      ,748,1246,1994,748,,1246,1994
00228800,ROCHESTER COLLEGE                       ,MI,48307-2764,Private      ,570,373,943,570,,373,943
00229000,MICHIGAN STATE UNIVERSITY               ,MI,48824-1113,Public       ,33200,8687,41887,33200,,8687,41887
00229200,MICHIGAN TECHNOLOGICAL UNIV             ,MI,49931-1295,Public       ,5617,625,6242,5617,,625,6242
00229300,LAKE SUPERIOR STATE UNIVERSITY          ,MI,49783-1691,Public       ,2217,481,2698,2217,,481,2698
00229400,MONROE COUNTY COMMUNITY CLG             ,MI,48161-9746,Public       ,958,719,1677,958,,719,1677
00229500,MONTCALM COMMUNITY COLLEGE              ,MI,48885-9723,Public       ,612,620,1232,612,,620,1232
00229700,MUSKEGON COMMUNITY COLLEGE              ,MI,49442-1432,Public       ,2104,1242,3346,2104,,1242,3346
00229900,NORTH CENTRAL MICHIGAN COLLEGE          ,MI,49770-8740,Public       ,713,482,1195,713,,482,1195
00230100,NORTHERN MICHIGAN UNIVERSITY            ,MI,49855-5316,Public       ,6860,1488,8348,6860,,1488,8348
00230200,NORTHWESTERN MICHIGAN COLLEGE           ,MI,49686-3061,Public       ,1826,1262,3088,1826,,1262,3088
00230301,OAKLAND COMMUNITY COLLEGE - ORCHARD RIDG,MI,48334-4579,Public       ,2114,2355,4469,2114,,2355,4469
00230302,OAKLAND COMMUNITY COLLEGE - ROYAL OAK CA,MI,48067-3898,Public       ,2492,3314,5806,2492,,3314,5806
00230303,OAKLAND COMMUNITY COLLEGE - SOUTHFIELD C,MI,48075-4793,Public       ,2082,3809,5891,2082,,3809,5891
00230304,OAKLAND COMMUNITY COLLEGE - AUBURN HILLS,MI,48323-2845,Public       ,2977,2650,5627,2977,,2650,5627
00230305,OAKLAND COMMUNITY COLLEGE - HIGHLAND LAK,MI,48327-4187,Public       ,1542,1619,3161,1542,,1619,3161
00230700,OAKLAND UNIVERSITY                      ,MI,48309-4401,Public       ,13391,5549,18940,13391,,5549,18940
00230800,OLIVET COLLEGE                          ,MI,49076-9902,Private      ,1332,173,1505,1332,,173,1505
00231000,ST. CLAIR COUNTY COMMUNITY COLLEGE      ,MI,48061-0000,Public       ,1332,841,2173,1332,,841,2173
00231100,KUYPER COLLEGE                          ,MI,49525-9749,Private      ,304,83,387,304,,83,387
00231300,SACRED HEART MAJOR SEMINARY             ,MI,48206-1799,Private      ,24,85,109,24,,85,109
00231400,SAGINAW VALLEY STATE UNIV               ,MI,48710-0001,Public       ,8576,2263,10839,8576,,2263,10839
00231500,SCHOOLCRAFT COLLEGE                     ,MI,48152-2696,Public       ,4083,4009,8092,4083,,4009,8092
00231600,SIENA HEIGHTS UNIVERSITY                ,MI,49221-1796,Private      ,1500,958,2458,1500,,958,2458
00231700,SOUTHWESTERN MICHIGAN COLLEGE           ,MI,49047-9793,Public       ,1674,842,2516,1674,,842,2516
00231800,SPRING ARBOR UNIVERSITY                 ,MI,49283-9984,Private      ,1979,1251,3230,1979,,1251,3230
00232200,FINLANDIA UNIVERSITY                    ,MI,49930-1882,Private      ,435,119,554,435,,119,554
00232300,UNIVERSITY OF DETROIT MERCY             ,MI,48221-3038,Private      ,2648,1874,4522,2648,,1874,4522
00232303,UNIV OF DETROIT MERCY - LAW SCHOOL      ,MI,48226-0000,Private      ,42,368,410,42,,368,410
00232330,UNIV OF DETROIT MERCY - DENTAL SCHOOL   ,MI,48208-2576,Private      ,113,395,508,113,,395,508
00232500,UNIVERSITY OF MICHIGAN - ANN ARBOR      ,MI,48109-1316,Public       ,32815,8494,41309,32815,,8494,41309
00232501,UNIVERSITY OF MICHIGAN-MEDICAL SCH      ,MI,48109-0000,Public       ,221,861,1082,221,,861,1082
00232503,UNIVERSITY OF MICHIGAN LAW SCHOOL       ,MI,48109-0000,Public       ,90,1837,1927,90,,1837,1927
00232600,UNIVERSITY OF MICHIGAN-DEARBORN         ,MI,48128-2406,Public       ,5888,2978,8866,5888,,2978,8866
00232700,UNIVERSITY OF MICHIGAN-FLINT            ,MI,48502-1950,Public       ,4182,3656,7838,4182,,3656,7838
00232800,WASHTENAW COMMUNITY COLLEGE             ,MI,48106-0000,Public       ,2795,2689,5484,2795,,2689,5484
00232900,WAYNE STATE UNIVERSITY                  ,MI,48202-0000,Public       ,14254,10702,24956,14254,,10702,24956
00232901,WAYNE STATE UNIV SCH OF MEDICINE        ,MI,48201-3359,Public       ,633,1290,1923,633,,1290,1923
00232902,WAYNE STATE UNIVERSITY - LAW SCHOOL     ,MI,48202-3424,Public       ,159,562,721,159,,562,721
00233000,WESTERN MICHIGAN UNIVERSITY             ,MI,49008-3899,Public       ,17548,5812,23360,17548,,5812,23360
00233100,WESTERN THEOLOGICAL SEMINARY            ,MI,49423-0000,Private      ,4,79,83,4,,79,83
00407100,WALSH COLLEGE OF ACCT & BUS ADMN        ,MI,48007-7006,Private      ,223,895,1118,223,,895,1118
00407200,NORTHWOOD UNIVERSITY                    ,MI,48640-2398,Private      ,1656,821,2477,1656,,821,2477
00467300,BAKER COLLEGE - FLINT                   ,MI,48507-5508,Private      ,1443,2448,3891,1443,,2448,3891
00467301,BAKER COLLEGE OF CADILLAC               ,MI,49601-0000,Private      ,325,582,907,325,,582,907
00467302,BAKER COLLEGE OF CLINTON TOWNSHIP       ,MI,48035-0000,Private      ,771,1531,2302,771,,1531,2302
00467303,BAKER COLLEGE OF MUSKEGON               ,MI,49442-0000,Private      ,1608,1241,2849,1608,,1241,2849
00467304,BAKER COLLEGE OF OWOSSO                 ,MI,48867-0000,Private      ,1011,764,1775,1011,,764,1775
00467305,BAKER COLLEGE OF AUBURN HILLS           ,MI,48326-0000,Private      ,562,1173,1735,562,,1173,1735
00467306,BAKER COLLEGE OF PORT HURON             ,MI,48060-0000,Private      ,314,443,757,314,,443,757
00467309,BAKER COLLEGE OF JACKSON                ,MI,49202-0000,Private      ,474,839,1313,474,,839,1313
00467311,BAKER COLLEGE-CASS CITY                 ,MI,48726-0000,Private      ,99,127,226,99,,127,226
00467313,BAKER COLLEGE - GRADUATE ON-LINE        ,MI,48507-0000,Private      ,239,2414,2653,239,,2414,2653
00467317,BAKER COLLEGE-ALLEN PARK                ,MI,48101-0000,Private      ,658,1647,2305,658,,1647,2305
00469200,DORSEY SCHOOL OF BUSINESS               ,MI,48195-2334,Proprietary  ,21,60,81,21,,60,81
00469201,DORSEY SCHOOL OF BUSINESS               ,MI,48184-0000,Proprietary  ,12,57,69,12,,57,69
00469202,DORSEY SCHOOL OF BUSINESS               ,MI,48071-0000,Proprietary  ,24,112,136,24,,112,136
00469204,DORSEY SCHOOL OF BUSINESS               ,MI,48066-0000,Proprietary  ,31,127,158,31,,127,158
00469205,DORSEY BUSINESS SCHOOL - FARMINGTON HILL,MI,48334-3385,Proprietary  ,10,62,72,10,,62,72
00469206,DORSEY BUSINESS SCHOOL - ROSEVILLE CULIN,MI,48066-4555,Proprietary  ,33,104,137,33,,104,137
00469207,DORSEY BUSINESS SCHOOL - WATERFORD/PONTI,MI,48341-1037,Proprietary  ,31,76,107,31,,76,107
00469208,DORSEY BUSINESS SCHOOL - SAGINAW CAMPUS ,MI,48603-5201,Proprietary  ,28,83,111,28,,83,111
00469209,DORSEY SCHOOL OF BUSINESS - LANSING     ,MI,48911-5744,Proprietary  ,25,56,81,25,,56,81
00469210,DORSEY SCHOOL OF BUSINESS - DEARBORN    ,MI,48228-3858,Proprietary  ,63,197,260,63,,197,260
00491003,KAPLAN CAREER INSTITUTE - DEARBORN      ,MI,48228-0000,Proprietary  ,51,217,268,51,,217,268
00676800,MID MICHIGAN COMMUNITY COLLEGE          ,MI,48625-9447,Public       ,1289,879,2168,1289,,879,2168
00677100,COLLEGE FOR CREATIVE STUDIES            ,MI,48202-4034,Private      ,1410,433,1843,1410,,433,1843
00694900,KALAMAZOO VALLEY COMMUNITY COLLEGE      ,MI,49003-4070,Public       ,3402,2404,5806,3402,,2404,5806
00717100,KIRTLAND COMMUNITY COLLEGE              ,MI,48653-0000,Public       ,529,597,1126,529,,597,1126
00732991,ITT TECHNICAL INSTITUTE                 ,MI,49519-1851,Proprietary  ,247,768,1015,247,,768,1015
00761700,CARNEGIE INSTITUTE                      ,MI,48083-1159,Proprietary  ,20,114,134,20,,114,134
00795000,WEST SHORE COMMUNITY COLLEGE            ,MI,49454-0000,Public       ,352,368,720,352,,368,720
00817800,EMPIRE BEAUTY SCHOOL                    ,MI,49525-2440,Proprietary  ,178,295,473,178,,295,473
00890600,MACOMB COMMUNITY COLLEGE                ,MI,48088-3896,Public       ,6812,5322,12134,6812,,5322,12134
00894600,PORT HURON COSMETOLOGY COLLEGE          ,MI,48329-1618,Proprietary  ,9,9,18,9,,9,18
00923000,WAYNE COUNTY COMMUNITY CLG-DISTRICT     ,MI,48226-3010,Public       ,4050,9115,13165,4050,,9115,13165
00982800,EVEREST INSTITUTE                       ,MI,48033-4400,Proprietary  ,83,357,440,83,,357,440
00982801,EVEREST INSTITUTE- DEARBORN             ,MI,48124-1927,Proprietary  ,111,288,399,111,,288,399
00982803,EVEREST INSTITUTE - DETROIT             ,MI,48207-4291,Proprietary  ,121,314,435,121,,314,435
01047000,KALAMAZOO BEAUTY ACADEMY                ,MI,49002-5220,Proprietary  ,10,20,30,10,,20,30
01082700,DAVID PRESSLEY PROF SCH OF COSMTLGY     ,MI,48067-3219,Proprietary  ,54,85,139,54,,85,139
01109800,FLINT INSTITUTE OF BARBERING            ,MI,48504-4395,Proprietary  ,17,59,76,17,,59,76
01229100,WRIGHT BEAUTY ACADEMY                   ,MI,49015-2696,Proprietary  ,10,38,48,10,,38,48
01262700,THOMAS M. COOLEY LAW SCHOOL             ,MI,48901-1586,Private      ,18,1083,1101,18,,1083,1101
01321800,M J MURPHY BTY CLG MT PLEASANT          ,MI,48858-2502,Proprietary  ,19,21,40,19,,21,40
02060300,MICHIGAN INSTITUTE OF AERONAUTICS       ,MI,48188-2533,Proprietary  ,234,156,390,234,,156,390
02099700,ROSS MEDICAL EDUCATION CENTER           ,MI,48532-0000,Proprietary  ,112,341,453,112,,341,453
02099701,ROSS MEDICAL EDUCATION CENTER-SAGINAW   ,MI,48603-5227,Proprietary  ,33,65,98,33,,65,98
02099702,ROSS MEDICAL EDUCATION CENTER-PORT HURON,MI,48060-1958,Proprietary  ,15,25,40,15,,25,40
02099703,ROSS MEDICAL EDUCATION CENTER-ROOSEVELT ,MI,49441-4156,Proprietary  ,3,11,14,3,,11,14
02100400,EVEREST INSTITUTE                       ,MI,49525-2301,Proprietary  ,82,270,352,82,,270,352
02100401,EVEREST INSTITUTE - KALAMAZOO           ,MI,49009-3307,Proprietary  ,49,123,172,49,,123,172
02125600,MICHIGAN COLLEGE OF BEAUTY              ,MI,48083-0000,Proprietary  ,72,100,172,72,,100,172
02158600,MR BELA'S SCHOOL OF COSMETOLOGY         ,MI,48092-4637,Proprietary  ,24,35,59,24,,35,59
02160303,INTERNATIONAL ACADEMY OF DESIGN AND TECH,MI,48083-2160,Proprietary  ,84,102,186,84,,102,186
02180100,ROSS MEDICAL EDUCATION CENTER           ,MI,48092-0000,Proprietary  ,84,273,357,84,,273,357
02180105,ROSS MEDICAL EDUCATION CENTER-REDFORD   ,MI,48239-1260,Proprietary  ,14,51,65,14,,51,65
02198900,MICHIGAN SCHOOL OF PROFESSIONAL PSYCHOLO,MI,48334-4512,Private      ,13,108,121,13,,108,121
02209200,TAYLORTOWN SCHOOL OF BEAUTY             ,MI,48180-0000,Proprietary  ,38,84,122,38,,84,122
02237800,SPECS HOWARD SCHOOL OF MEDIA ARTS       ,MI,48075-0000,Proprietary  ,275,289,564,275,,289,564
02285700,BAYSHIRE BEAUTY ACADEMY                 ,MI,48708-5614,Proprietary  ,24,51,75,24,,51,75
02324500,MICHIGAN COLLEGE OF BEAUTY              ,MI,48161-3901,Proprietary  ,34,48,82,34,,48,82
02339700,ROSS MEDICAL EDUCATION CENTER           ,MI,48116-0000,Proprietary  ,61,320,381,61,,320,381
02339701,ROSS MEDICAL EDUCATION CENTER-ANN ARBOR ,MI,48108-1411,Proprietary  ,23,51,74,23,,51,74
02339703,ROSS MEDICAL EDUCATION CENTER - DAVISON ,MI,48423-1751,Proprietary  ,7,29,36,7,,29,36
02361500,MICHIGAN BARBER COLLEGE                 ,MI,48204-2244,Private      ,49,145,194,49,,145,194
02363800,YESHIVA GEDOLAH OF GREATER DETROIT      ,MI,48237-0000,Private      ,0,6,6,0,,6,6
02491000,WEST MI COLG OF BARBERING & BEAUTY      ,MI,49008-0000,Proprietary  ,18,37,55,18,,37,55
02531806,PAUL MITCHELL THE SCHOOL -MICHIGAN      ,MI,48313-0000,Proprietary  ,84,89,173,84,,89,173
02533600,ROSS MEDICAL EDUCATION CENTER           ,MI,48917-2108,Proprietary  ,59,215,274,59,,215,274
02533601,ROSS MEDICAL EDUCATION CENTER - GRAND RA,MI,49546-2430,Proprietary  ,44,102,146,44,,102,146
02588200,DOUGLAS J AVEDA INSTITUTE               ,MI,48823-4351,Proprietary  ,301,235,536,301,,235,536
02588201,DOUGLAS J AVEDA INSTITUTE - ANN ARBOR   ,MI,48104-2211,Proprietary  ,84,66,150,84,,66,150
02595700,HILLSDALE BEAUTY COLLEGE                ,MI,49242-0000,Proprietary  ,59,11,70,59,,11,70
02618400,MICHIGAN CAREER & TECHNICAL INST        ,MI,49080-9254,Public       ,146,46,192,146,,46,192
03005700,DETROIT BUSINESS INST. DOWNRIVER        ,MI,48193-6761,Proprietary  ,13,41,54,13,,41,54
03066600,BAY MILLS COMMUNITY COLLEGE             ,MI,49715-9750,Public       ,127,148,275,127,,148,275
03075200,TWIN CITY BEAUTY COLLEGE                ,MI,49085-3305,Proprietary  ,42,41,83,42,,41,83
03075201,TWIN CITY BEAUTY COLLEGE - TRAVERSE CITY,MI,49686-5119,Proprietary  ,17,20,37,17,,20,37
03090000,SHARP'S ACADEMY OF HAIRSTYLING          ,MI,48439-1838,Proprietary  ,7,11,18,7,,11,18
03109700,HOUGHTON LAKE INST OF COSMETOLOGY       ,MI,48629-0669,Proprietary  ,6,21,27,6,,21,27
03110300,THE SCHOOL OF CREATIVE HAIR DESIGN      ,MI,49036-1139,Proprietary  ,9,12,21,9,,12,21
03124000,NORTHWESTERN TECHNOLOGICAL INST         ,MI,48075-2412,Proprietary  ,37,95,132,37,,95,132
03284300,MICHIGAN JEWISH INSTITUTE               ,MI,48237-0000,Private      ,75,20,95,75,,20,95
03490300,PAUL MITCHELL THE SCHOOL ESCANABA       ,MI,49829-0000,Proprietary  ,40,30,70,40,,30,70
03588300,IRENE'S MYOMASSOLOGY INSTITUTE          ,MI,48033-2404,Proprietary  ,35,124,159,35,,124,159
03704300,BLUE WATER COLLEGE OF COSMETOLOGY       ,MI,48040-2093,Proprietary  ,8,13,21,8,,13,21
03772300,SAGINAW CHIPPEWA TRIBAL COLLEGE         ,MI,48858-0000,Public       ,11,30,41,11,,30,41
03815300,IN SESSION-ARTS OF COSMETOLOGY BEAU     ,MI,48609-0000,Proprietary  ,31,50,81,31,,50,81
03907300,PAUL MITCHELL THE SCHOOL GREAT LAKES    ,MI,48060-0000,Proprietary  ,29,21,50,29,,21,50
03915300,CAREER QUEST LEARNING CENTER            ,MI,48910-4732,Proprietary  ,54,127,181,54,,127,181
03915301,CAREER QUEST LEARNING CENTER - JACKSON  ,MI,49201-2475,Proprietary  ,29,98,127,29,,98,127
03915302,CAREER QUEST LEARNING CENTER - KALAMAZOO,MI,49002-1711,Proprietary  ,22,60,82,22,,60,82
03968300,LAKEWOOD SCHOOL OF THERAPEUTIC MASSAGE  ,MI,48060-0000,Proprietary  ,10,15,25,10,,15,25
03976500,ANN ARBOR INSTITUTE OF MASSAGE THERAPY  ,MI,48103-0000,Proprietary  ,30,50,80,30,,50,80
04002400,ECUMENICAL THEOLOGICAL SEMINARY         ,MI,48201-3035,Private      ,5,53,58,5,,53,58
04006300,NUVO COLLEGE OF COSMETOLOGY             ,MI,49441-3822,Proprietary  ,14,12,26,14,,12,26
04014300,P&A SCHOLARS BEAUTY SCHOOL              ,MI,48204-0000,Proprietary  ,67,198,265,67,,198,265
04094300,ROBERT B. MILLER COLLEGE (THE)          ,MI,49017-3306,Private      ,62,193,255,62,,193,255
04121100,GALLERY COLLEGE OF BEAUTY (THE)         ,MI,48036-3591,Proprietary  ,11,46,57,11,,46,57
04136300,FOCUS:  HOPE INFORMATION TECHNOLOGIES CE,MI,48238-2949,Private      ,44,157,201,44,,157,201
04138400,SCHOOL OF DESIGNING ARTS                ,MI,49015-2853,Proprietary  ,33,40,73,33,,40,73
04140900,INTERNATIONAL COSMETOLOGY ACADEMY       ,MI,49508-1308,Proprietary  ,34,44,78,34,,44,78
04141100,FRENCH ACADEMY OF COSMETOLOGY           ,MI,49456-3207,Proprietary  ,19,17,36,19,,17,36
04158400,L'ESPRIT ACADEMY                        ,MI,48150-0000,Proprietary  ,35,62,97,35,,62,97
04159300,MARKETTI ACADEMY OF COSMETOLOGY         ,MI,48329-3506,Proprietary  ,18,21,39,18,,21,39
04163300,COMPASS COLLEGE OF CINEMATIC ARTS       ,MI,49503-4227,Private      ,123,45,168,123,,45,168
04164700,KEWEENAW BAY OJIBWA COMMUNITY COLLEGE   ,MI,49908-0000,Public       ,5,23,28,5,,23,28
04169300,SCHOLARS COSMETOLOGY UNIVERSITY         ,MI,48108-0000,Proprietary  ,7,21,28,7,,21,28
04183300,ABCOTT INSTITUTE                        ,MI,48075-5227,Proprietary  ,10,47,57,10,,47,57
04184700,PROTEGE ACADEMY                         ,MI,48823-8660,Proprietary  ,25,39,64,25,,39,64
04207000,SCHOOL OF MISSIONARY AVIATION TECHNOLOGY,MI,48846-7412,Private      ,22,17,39,22,,17,39
04211200,BRIGHTON INSTITUTE OF COSMETOLOGY       ,MI,48116-8360,Proprietary  ,17,20,37,17,,20,37
04222300,MANTHANO CHRISTIAN COLLEGE              ,MI,48185-1919,Private      ,4,22,26,4,,22,26
04230200,EXCEL ACADEMIES OF COSMETOLOGY          ,MI,48085-1300,Proprietary  ,6,6,12,6,,6,12
04230400,EXCEL ACADEMIES OF COSMETOLOGY          ,MI,48912-4686,Proprietary  ,13,18,31,13,,18,31
04230500,EXCEL ACADEMIES OF COSMETOLOGY          ,MI,49512-1781,Proprietary  ,18,10,28,18,,10,28
00233200,ANOKA-RAMSEY CC-CAMBRIDGE/COONRAPID     ,MN,55433-3499,Public       ,1076,1299,2375,1076,,1299,2375
00233400,AUGSBURG COLLEGE                        ,MN,55454-1351,Private      ,1931,664,2595,1931,,664,2595
00233500,RIVERLAND COMMUNITY COLLEGE             ,MN,55912-1473,Public       ,252,343,595,252,,343,595
00233600,BEMIDJI STATE UNIVERSITY                ,MN,56601-2699,Public       ,2300,774,3074,2300,,774,3074
00233700,BETHANY LUTHERAN COLLEGE INC            ,MN,56001-6163,Private      ,390,34,424,390,,34,424
00233900,CENTRAL LAKES COLG-BRAINERD/STAPLES     ,MN,56401-3900,Public       ,370,382,752,370,,382,752
00234000,CARLETON COLLEGE                        ,MN,55057-4001,Private      ,3174,71,3245,3174,,71,3245
00234100,COLLEGE OF ST BENEDICT                  ,MN,56374-2099,Private      ,1495,41,1536,1495,,41,1536
00234200,ST. CATHERINE UNIVERSITY                ,MN,55105-1789,Private      ,1813,1194,3007,1813,,1194,3007
00234300,COLLEGE OF ST SCHOLASTICA               ,MN,55811-4199,Private      ,1546,819,2365,1546,,819,2365
00234500,UNIVERSITY OF ST THOMAS                 ,MN,55105-1096,Private      ,5168,1158,6326,5168,,1158,6326
00234600,CONCORDIA COLLEGE-MOORHEAD              ,MN,56562-0001,Private      ,1851,103,1954,1851,,103,1954
00234700,"CONCORDIA UNIVERSITY, ST PAUL, MN       ",MN,55104-5494,Private      ,996,872,1868,996,,872,1868
00235000,VERMILION COMMUNITY COLLEGE             ,MN,55731-1996,Public       ,190,57,247,190,,57,247
00235300,GUSTAVUS ADOLPHUS COLLEGE               ,MN,56082-1498,Private      ,2440,56,2496,2440,,56,2496
00235400,HAMLINE UNIVERSITY                      ,MN,55104-1284,Private      ,2184,857,3041,2184,,857,3041
00235500,HIBBING COMMUNITY COLLEGE               ,MN,55746-3300,Public       ,161,181,342,161,,181,342
00235600,ITASCA COMMUNITY COLLEGE                ,MN,55744-3397,Public       ,346,146,492,346,,146,492
00235700,LUTHER SEMINARY                         ,MN,55108-0000,Private      ,0,165,165,0,,165,165
00235800,MACALESTER COLLEGE                      ,MN,55105-1899,Private      ,2890,92,2982,2890,,92,2982
00236000,"MINNESOTA STATE UNIVERSITY, MANKATO     ",MN,56002-0000,Public       ,7432,1727,9159,7432,,1727,9159
00236100,MARTIN LUTHER COLLEGE                   ,MN,56073-3965,Private      ,415,21,436,415,,21,436
00236200,MINNEAPOLIS COMM AND TECH COLLEGE       ,MN,55403-1779,Public       ,1067,2283,3350,1067,,2283,3350
00236500,MINNEAPOLIS COLLEGE OF ART & DESIGN     ,MN,55404-4343,Private      ,656,232,888,656,,232,888
00236600,CROSSROADS COLLEGE                      ,MN,55902-2382,Private      ,29,22,51,29,,22,51
00236700,MINNESOTA STATE UNIVERSITY MOORHEAD     ,MN,56563-0001,Public       ,2848,869,3717,2848,,869,3717
00236900,NORTH CENTRAL UNIVERSITY                ,MN,55404-1391,Private      ,608,158,766,608,,158,766
00237000,NORTH HENNEPIN COMMUNITY COLLEGE        ,MN,55445-2299,Public       ,842,1291,2133,842,,1291,2133
00237100,UNIVERSITY OF NORTHWESTERN- ST PAUL     ,MN,55113-1598,Private      ,1296,236,1532,1296,,236,1532
00237300,ROCHESTER COMMUNITY/TECH COLLEGE        ,MN,55904-4999,Public       ,809,804,1613,809,,804,1613
00237500,SOUTHWEST MINNESOTA STATE UNIVERSITY    ,MN,56258-1598,Public       ,1337,363,1700,1337,,363,1700
00237700,ST CLOUD STATE UNIVERSITY               ,MN,56301-4498,Public       ,5007,1474,6481,5007,,1474,6481
00237900,SAINT JOHNS UNIVERSITY                  ,MN,56321-0000,Private      ,1314,49,1363,1314,,49,1363
00238000,SAINT MARY'S UNIVERSITY                 ,MN,55987-1399,Private      ,1388,891,2279,1388,,891,2279
00238200,ST OLAF COLLEGE                         ,MN,55057-1098,Private      ,2834,73,2907,2834,,73,2907
00238300,CROWN COLLEGE                           ,MN,55375-9001,Private      ,568,267,835,568,,267,835
00238500,NORTHLAND COMMUNITY & TECHNICAL CLG     ,MN,56701-2598,Public       ,361,364,725,361,,364,725
00238600,UNITED THEOLGCL SEMINRY TWIN CITIES     ,MN,55112-0000,Private      ,1,23,24,1,,23,24
00238800,"UNIVERSITY OF MINNESOTA, DULUTH         ",MN,55812-2496,Public       ,5793,828,6621,5793,,828,6621
00238900,"UNIVERSITY OF MINNESOTA, MORRIS         ",MN,56267-2113,Public       ,1495,127,1622,1495,,127,1622
00239100,WILLIAM MITCHELL COLLEGE OF LAW         ,MN,55105-0000,Private      ,1,340,341,1,,340,341
00239300,MINNESOTA STATE COLLEGE-SE TECH         ,MN,55987-0409,Public       ,206,310,516,206,,310,516
00239400,WINONA STATE UNIVERSITY                 ,MN,55987-5838,Public       ,4016,505,4521,4016,,505,4521
00396900,UNIVERSITY OF MINNESOTA-TWIN CITIES     ,MN,55455-0422,Public       ,23530,7338,30868,23530,,7338,30868
00400900,MESABI RANGE CMNTY & TECH COLLEGE       ,MN,55792-0000,Public       ,131,115,246,131,,115,246
00405708,NATIONAL AMERICAN UNIVERSITY            ,MN,55113-0000,Proprietary  ,5,109,114,5,,109,114
00405715,NATIONAL AMERICAN UNIVERSITY - BLOOMINGT,MN,55425-5550,Proprietary  ,9,162,171,9,,162,171
00406900,UNIVERSITY OF MINNESOTA-CROOKSTON       ,MN,56716-5001,Public       ,626,292,918,626,,292,918
00438600,VETERAN'S MEDICAL CTR- SCH RAD TECH     ,MN,55417-2399,Public       ,3,6,9,3,,6,9
00464100,DUNWOODY COLLEGE OF TECHNOLOGY          ,MN,55403-1192,Private      ,191,263,454,191,,263,454
00464200,GLOBE UNIVERSITY                        ,MN,55125-5408,Proprietary  ,220,610,830,220,,610,830
00464500,MINNEAPOLIS BUSINESS COLLEGE            ,MN,55113-4036,Proprietary  ,133,60,193,133,,60,193
00464600,MINNESOTA SCHOOL OF BUSINESS            ,MN,55423-0000,Proprietary  ,158,530,688,158,,530,688
00525200,RIDGEWATER COLLEGE                      ,MN,56201-2098,Public       ,594,407,1001,594,,407,1001
00526300,MINNESOTA WEST CMNTY & TECH COLG        ,MN,56241-1096,Public       ,241,359,600,241,,359,600
00553300,"SAINT PAUL COLLEGE, COMMUNITY/TECHNICAL ",MN,55102-1800,Public       ,1213,1584,2797,1213,,1584,2797
00553400,SAINT CLOUD TECHNICAL COLLEGE AND COMMUN,MN,56303-1240,Public       ,815,676,1491,815,,676,1491
00553500,PINE TECHNICAL COLLEGE                  ,MN,55063-2198,Public       ,71,182,253,71,,182,253
00553700,SOUTH CENTRAL COLLEGE                   ,MN,56003-0000,Public       ,486,543,1029,486,,543,1029
00554100,MINNESOTA STATE COMMUNITY AND TECHNICAL ,MN,56573-1405,Public       ,537,739,1276,537,,739,1276
00554400,ALEXANDRIA TECHNICAL COLLEGE            ,MN,56308-3799,Public       ,430,209,639,430,,209,639
00575700,LAKE SUPERIOR COLLEGE                   ,MN,55811-3399,Public       ,547,675,1222,547,,675,1222
00575900,NORTHWEST TECHNICAL COLLEGE - BEMIDJI   ,MN,56601-4907,Public       ,129,215,344,129,,215,344
00677500,RAINY RIVER COMMUNITY COLLEGE           ,MN,56649-2187,Public       ,46,27,73,46,,27,73
00735000,ANOKA-HENNEPIN TECHNICAL COLLEGE        ,MN,55303-1590,Public       ,275,563,838,275,,563,838
00735100,BROWN COLLEGE                           ,MN,55120-1004,Proprietary  ,50,132,182,50,,132,182
00795400,NORMANDALE COMMUNITY COLLEGE            ,MN,55431-4399,Public       ,1441,1331,2772,1441,,1331,2772
00826700,NORTHWEST TECHNICAL INSTITUTE           ,MN,55121-5001,Proprietary  ,6,15,21,6,,15,21
00869400,RASMUSSEN COLLEGE - ST. CLOUD           ,MN,56301-3713,Proprietary  ,64,411,475,64,,411,475
00869401,RASMUSSEN COLLEGE - BROOKLYN PARK       ,MN,55445-1512,Proprietary  ,64,321,385,64,,321,385
00869406,RASMUSSEN COLLEGE - EAGAN               ,MN,55122-1346,Proprietary  ,42,378,420,42,,378,420
00869407,RASMUSSEN COLLEGE - BLOOMINGTON         ,MN,55435-5444,Proprietary  ,67,437,504,67,,437,504
00869409,RASMUSSEN COLLEGE - MANKATO             ,MN,56001-8658,Proprietary  ,60,271,331,60,,271,331
00869412,RASMUSSEN COLLEGE - LAKE ELMO           ,MN,55042-8624,Proprietary  ,27,242,269,27,,242,269
00869416,RASMUSSEN COLLEGE - MOORHEAD            ,MN,56560-4513,Proprietary  ,36,182,218,36,,182,218
00869417,RASMUSSEN COLLEGE - BLAINE              ,MN,55014-0000,Proprietary  ,50,260,310,50,,260,310
00905800,BETHEL UNIVERSITY                       ,MN,55112-6999,Private      ,1957,560,2517,1957,,560,2517
00960000,COSMETOLOGY CAREERS UNLTD-DULUTH        ,MN,55802-2031,Proprietary  ,4,8,12,4,,8,12
00974000,INVER HILLS COMMUNITY COLLEGE           ,MN,55076-3224,Public       ,711,955,1666,711,,955,1666
00983100,MODEL COLLEGE OF HAIR DESIGN            ,MN,56301-4280,Proprietary  ,24,22,46,24,,22,46
00989200,"DULUTH BUSINESS UNIV, INC.              ",MN,55807-0000,Proprietary  ,35,112,147,35,,112,147
00999200,OAK HILLS CHRISTIAN COLLEGE             ,MN,56601-0000,Private      ,51,13,64,51,,13,64
01024800,ART INSTITUTES INTL MINNESOTA           ,MN,55402-3137,Proprietary  ,363,248,611,363,,248,611
01035602,EVEREST INSTITUTE - EAGAN               ,MN,55121-1696,Proprietary  ,5,59,64,5,,59,64
01037400,METROPOLITAN STATE UNIVERSITY           ,MN,55106-5000,Public       ,895,2440,3335,895,,2440,3335
01040200,DAKOTA COUNTY TECHNICAL COLLEGE         ,MN,55068-2999,Public       ,328,443,771,328,,443,771
01049000,REGENCY BEAUTY INSTITUTE                ,MN,55428-0000,Proprietary  ,670,1112,1782,670,,1112,1782
01049100,HENNEPIN TECHNICAL COLLEGE              ,MN,55445-2399,Public       ,508,1357,1865,508,,1357,1865
01054600,CENTURY COLLEGE                         ,MN,55110-1894,Public       ,1439,1779,3218,1439,,1779,3218
01173200,"MAYO CLINIC, COLLEGE OF MEDICINE        ",MN,55905-0000,Private      ,38,240,278,38,,240,278
01173201,MAYO SCHOOL OF HEALTH-RELATED SCIEN     ,MN,55905-0000,Private      ,51,122,173,51,,122,173
01173206,MAYO GRAD SCHOOL                        ,MN,55901-0000,Private      ,3,30,33,3,,30,33
01173207,MAYO MEDICAL SCHOOL                     ,MN,55901-0000,Private      ,16,104,120,16,,104,120
01232800,NORTHWESTERN HEALTH SCIENCES UNIV       ,MN,55431-1599,Private      ,30,240,270,30,,240,270
02050300,ACADEMY COLLEGE                         ,MN,55420-1554,Proprietary  ,12,27,39,12,,27,39
02097300,HASTINGS BEAUTY SCHOOL                  ,MN,55033-1205,Proprietary  ,1,4,5,1,,4,5
02123200,AVEDA INSTITUTE                         ,MN,55414-0000,Proprietary  ,106,132,238,106,,132,238
02159800,COSMETOLOGY CAREERS UNLTD - HIBBING     ,MN,55746-0000,Proprietary  ,2,5,7,2,,5,7
02160901,PCI ACADEMY - PCI ACADEMY               ,MN,55446-4928,Proprietary  ,6,14,20,6,,14,20
02238100,MINNESOTA SCHOOL OF COSMETOLOGY         ,MN,55125-0000,Proprietary  ,38,49,87,38,,49,87
02260500,SUMMIT ACAD OPPORTUNITIES IND CTR       ,MN,55405-0000,Private      ,16,118,134,16,,118,134
02263102,ANTHEM COLLEGE - ST. LOUIS PARK         ,MN,55416-2467,Proprietary  ,1,11,12,1,,11,12
02504200,WALDEN UNIVERSITY                       ,MN,55401-2511,Proprietary  ,138,18737,18875,138,,18737,18875
02514100,AMERICAN INDIAN OPPORTUNITIES CTR       ,MN,55404-0000,Private      ,3,37,40,3,,37,40
03001200,MCNALLY SMITH COLLEGE OF MUSIC          ,MN,55101-2220,Proprietary  ,334,96,430,334,,96,430
03051900,ALFRED ADLER GRADUATE SCHOOL            ,MN,55305-0000,Private      ,0,98,98,0,,98,98
03096400,LEECH LAKE TRIBAL COLLEGE               ,MN,56633-0000,Public       ,15,54,69,15,,54,69
03129100,FOND DU LAC TRIBAL & COMMUNITY CLG      ,MN,55720-2984,Public       ,118,149,267,118,,149,267
03267300,CAPELLA UNIVERSITY                      ,MN,55402-3389,Proprietary  ,117,16390,16507,117,,16390,16507
03833300,AMERICAN ACADEMY OF ACUPUNCTURE AND ORIE,MN,55113-0000,Proprietary  ,0,20,20,0,,20,20
03921400,WHITE EARTH TRIBAL AND COMMUNITY COLLEGE,MN,56557-0478,Private      ,3,9,12,3,,9,12
04044300,HAZELDEN GRADUATE SCHOOL OF ADDICTION ST,MN,55012-0000,Private      ,0,49,49,0,,49,49
04130200,INST. OF PRODUCTION AND RECORDING       ,MN,55401-1315,Proprietary  ,93,76,169,93,,76,169
04148800,CENTERPOINT MASSAGE & SHIATSU THERAPY SC,MN,55414-4525,Proprietary  ,10,32,42,10,,32,42
04157600,NOVA ACADEMY OF COSMETOLOGY             ,MN,55906-4103,Proprietary  ,6,15,21,6,,15,21
04160500,AVALON SCHOOL OF COSMETOLOGY            ,MN,56187-1930,Proprietary  ,3,8,11,3,,8,11
04174400,ROCHESTER SCHOOL OF HAIR DESIGN         ,MN,55901-4310,Proprietary  ,6,7,13,6,,7,13
04175600,PARK AVENUE SCHOOL OF COSMETOLOGY       ,MN,56470-3361,Proprietary  ,3,22,25,3,,22,25
00239600,ALCORN STATE UNIVERSITY                 ,MS,39096-7500,Public       ,2189,1072,3261,2189,,1072,3261
00239700,BELHAVEN UNIVERSITY                     ,MS,39202-1789,Private      ,1158,1755,2913,1158,,1755,2913
00239800,BLUE MOUNTAIN COLLEGE                   ,MS,38610-9370,Private      ,334,129,463,334,,129,463
00240100,COAHOMA COMMUNITY COLLEGE               ,MS,38614-9799,Public       ,467,391,858,467,,391,858
00240200,COPIAH-LINCOLN COMMUNITY COLLEGE        ,MS,39191-0649,Public       ,793,519,1312,793,,519,1312
00240300,DELTA STATE UNIVERSITY                  ,MS,38733-0000,Public       ,2121,919,3040,2121,,919,3040
00240400,EAST CENTRAL COMMUNITY COLLEGE          ,MS,39327-0129,Public       ,996,488,1484,996,,488,1484
00240500,EAST MISSISSIPPI COMM COLLEGE           ,MS,39358-0000,Public       ,1260,766,2026,1260,,766,2026
00240700,HINDS COMMUNITY COLLEGE                 ,MS,39154-9799,Public       ,2947,2560,5507,2947,,2560,5507
00240800,HOLMES COMMUNITY COLLEGE                ,MS,39079-0000,Public       ,1593,1558,3151,1593,,1558,3151
00240900,ITAWAMBA COMMUNITY COLLEGE              ,MS,38843-1099,Public       ,1676,864,2540,1676,,864,2540
00241000,JACKSON STATE UNIVERSITY                ,MS,39217-0001,Public       ,4715,3035,7750,4715,,3035,7750
00241100,JONES COUNTY JUNIOR COLLEGE             ,MS,39437-3999,Public       ,1718,740,2458,1718,,740,2458
00241300,MERIDIAN COMMUNITY COLLEGE              ,MS,39307-5890,Public       ,782,690,1472,782,,690,1472
00241400,MILLSAPS COLLEGE                        ,MS,39201-0000,Private      ,1190,247,1437,1190,,247,1437
00241500,MISSISSIPPI COLLEGE                     ,MS,39058-0001,Private      ,1737,1072,2809,1737,,1072,2809
00241501,MISSISSIPPI COLLEGE - SCHOOL OF LAW     ,MS,39201-1391,Private      ,47,323,370,47,,323,370
00241600,MISSISSIPPI DELTA CMTY COLLEGE          ,MS,38761-0000,Public       ,747,591,1338,747,,591,1338
00241700,MISSISSIPPI GULF CST CLG-PERKINSTON     ,MS,39573-0000,Public       ,1896,1727,3623,1896,,1727,3623
00242200,MISSISSIPPI UNIV FOR WOMEN              ,MS,39701-5818,Public       ,987,847,1834,987,,847,1834
00242300,MISSISSIPPI STATE UNIVERSITY            ,MS,39762-9698,Public       ,10786,2831,13617,10786,,2831,13617
00242400,MISSISSIPPI VALLEY STATE UNIVERSITY     ,MS,38941-1400,Public       ,1806,831,2637,1806,,831,2637
00242600,NORTHEAST MS CMNTY COLLEGE              ,MS,38829-1731,Public       ,1283,562,1845,1283,,562,1845
00242700,NORTHWEST MISSISSIPPI COMMUNITY CLG     ,MS,38668-1703,Public       ,2673,1487,4160,2673,,1487,4160
00243000,PEARL RIVER COMMUNITY COLLEGE           ,MS,39470-2201,Public       ,1296,877,2173,1296,,877,2173
00243300,RUST COLLEGE                            ,MS,38635-2328,Private      ,822,296,1118,822,,296,1118
00243500,SOUTHEASTERN BAPTIST COLLEGE            ,MS,39440-0000,Private      ,12,18,30,12,,18,30
00243600,SOUTHWEST MISSISSIPPI CMNTY CLG         ,MS,39666-8099,Public       ,535,340,875,535,,340,875
00243900,TOUGALOO COLLEGE                        ,MS,39174-9799,Private      ,746,289,1035,746,,289,1035
00244000,UNIVERSITY OF MISSISSIPPI               ,MS,38677-1848,Public       ,10908,2534,13442,10908,,2534,13442
00244001,UNIVERSITY OF MISSISSIPPI - MED CTR     ,MS,39216-0000,Public       ,484,1164,1648,484,,1164,1648
00244100,UNIVERSITY OF SOUTHERN MISSISSIPPI      ,MS,39406-0001,Public       ,7568,4051,11619,7568,,4051,11619
00244700,WILLIAM CAREY UNIVERSITY                ,MS,39401-5499,Private      ,994,1403,2397,994,,1403,2397
00489809,MCCANN SCHOOL OF BUSINESS & TECHNOLOGY -,MS,39503-3167,Proprietary  ,11,64,75,11,,64,75
01289101,ANTONELLI COLLEGE - JACKSON             ,MS,39232-9514,Proprietary  ,29,240,269,29,,240,269
01289102,ANTONELLI COLLEGE - HATTIESBURG         ,MS,39401-3056,Proprietary  ,56,129,185,56,,129,185
02074900,CHRIS' BEAUTY COLLEGE                   ,MS,39501-0000,Proprietary  ,17,36,53,17,,36,53
02160500,NORTH MISSISSIPPI MED CTR MED TECH      ,MS,38801-0000,Private      ,37,50,87,37,,50,87
02235900,ACADEMY OF HAIR DESIGN #4               ,MS,39208-0000,Proprietary  ,19,56,75,19,,56,75
02244300,ACADEMY OF HAIR DESIGN #1               ,MS,39204-5008,Proprietary  ,60,109,169,60,,109,169
02244305,ACADEMY OF HAIR DESIGN #1-ACADEMY OF HAI,MS,38901-5108,Proprietary  ,19,33,52,19,,33,52
02249900,DELTA BEAUTY COLLEGE                    ,MS,38701-0000,Proprietary  ,17,26,43,17,,26,43
02251600,ACADEMY OF HAIR DESIGN #6               ,MS,39401-7581,Proprietary  ,33,74,107,33,,74,107
02251700,FOSTER'S COSMETOLOGY COLLEGE            ,MS,38663-0000,Proprietary  ,2,11,13,2,,11,13
02302800,MISSISSIPPI COLLEGE OF BEAUTY CULT      ,MS,39440-0000,Proprietary  ,14,18,32,14,,18,32
02320800,MAGNOLIA COLLEGE OF COSMETOLOGY         ,MS,39206-0000,Proprietary  ,34,81,115,34,,81,115
02502100,CREATIONS COLLEGE OF COSMETOLOGY        ,MS,38803-0000,Proprietary  ,9,41,50,9,,41,50
02516200,WESLEY BIBLICAL SEMINARY                ,MS,39206-0000,Private      ,3,37,40,3,,37,40
02586000,J & J HAIR DESIGN COLLEGE               ,MS,39051-3716,Proprietary  ,5,20,25,5,,20,25
03010603,VIRGINIA COLLEGE - JACKSON              ,MS,39206-5602,Proprietary  ,40,232,272,40,,232,272
03010610,VIRGINIA COLLEGE - BILOXI               ,MS,39532-2124,Proprietary  ,38,167,205,38,,167,205
03032400,KC'S SCHOOL OF HAIR DESIGN              ,MS,38863-0000,Proprietary  ,14,28,42,14,,28,42
03263300,TRAXLER'S SCHOOL OF HAIR                ,MS,39212-2529,Proprietary  ,9,22,31,9,,22,31
03294305,BLUE CLIFF COLLEGE - GULFPORT           ,MS,39503-0000,Proprietary  ,27,106,133,27,,106,133
03464300,ACADEMY OF HAIR DESIGN                  ,MS,39562-0000,Proprietary  ,5,9,14,5,,9,14
03848300,DAY SPA CAREER COLLEGE                  ,MS,39564-0000,Proprietary  ,3,26,29,3,,26,29
03963300,HEALING TOUCH SCHOOL OF MASSAGE THERAPY ,MS,39402-1300,Proprietary  ,28,72,100,28,,72,100
04131300,CORINTH ACADEMY OF COSMETOLOGY          ,MS,38834-4813,Proprietary  ,9,39,48,9,,39,48
04140200,"MISSISSIPPI INSTITUTE OF AESTHETICS, NAI",MS,39056-5628,Proprietary  ,9,41,50,9,,41,50
00252600,CARROLL COLLEGE                         ,MT,59625-0002,Private      ,2165,162,2327,2165,,162,2327
00252700,UNIVERSITY OF GREAT FALLS               ,MT,59405-4996,Private      ,726,290,1016,726,,290,1016
00252800,MILES COMMUNITY COLLEGE                 ,MT,59301-4799,Public       ,151,81,232,151,,81,232
00252900,DAWSON COMMUNITY COLLEGE                ,MT,59330-1405,Public       ,135,46,181,135,,46,181
00253000,MONTANA STATE UNIVERSITY - BILLINGS     ,MT,59101-0298,Public       ,2013,1372,3385,2013,,1372,3385
00253100,MONTANA TECH OF THE UNIV OF MONTANA     ,MT,59701-8997,Public       ,1255,792,2047,1255,,792,2047
00253200,MONTANA STATE UNIVERSITY - BOZEMAN      ,MT,59717-4160,Public       ,10831,2606,13437,10831,,2606,13437
00253300,MONTANA STATE UNIVERSITY-NORTHERN       ,MT,59501-3148,Public       ,563,338,901,563,,338,901
00253400,ROCKY MOUNTAIN COLLEGE                  ,MT,59102-1796,Private      ,997,232,1229,997,,232,1229
00253600,UNIVERSITY OF MONTANA (THE)             ,MT,59812-0001,Public       ,6518,4232,10750,6518,,4232,10750
00253700,UNIVERSITY OF MONTANA WESTERN (THE)     ,MT,59725-3598,Public       ,1057,284,1341,1057,,284,1341
00677700,FLATHEAD VALLEY COMMUNITY COLLEGE       ,MT,59901-2699,Public       ,517,720,1237,517,,720,1237
00757000,HELENA COLLEGE OF TECHNOLOGY            ,MT,59601-3098,Public       ,331,456,787,331,,456,787
00790000,BUTTE ACADEMY OF BEAUTY CULTURE         ,MT,59701-9197,Proprietary  ,9,20,29,9,,20,29
00931400,GREAT FALLS COLLEGE MONTANA STATE UNIVER,MT,59405-4907,Public       ,402,610,1012,402,,610,1012
02143400,SALISH KOOTENAI COLLEGE                 ,MT,59855-0000,Public       ,168,329,497,168,,329,497
02286600,LITTLE BIG HORN COLLEGE                 ,MT,59022-0000,Public       ,43,49,92,43,,49,92
02343000,FT PECK COMMUNITY COLLEGE               ,MT,59255-0000,Public       ,18,35,53,18,,35,53
02510600,BLACKFEET COMMUNITY COLLEGE             ,MT,59417-0000,Private      ,88,123,211,88,,123,211
02517500,FORT BELKNAP COLLEGE                    ,MT,59526-0000,Public       ,16,27,43,16,,27,43
02545200,CHIEF DULL KNIFE COLLEGE                ,MT,59043-0098,Public       ,33,55,88,33,,55,88
02610900,STONE CHILD COLLEGE                     ,MT,59521-9796,Public       ,34,53,87,34,,53,87
02621300,ACADEMY OF COSMETOLOGY                  ,MT,59715-3544,Proprietary  ,24,29,53,24,,29,53
03205300,MODERN BEAUTY SCHOOL                    ,MT,59801-8386,Proprietary  ,25,40,65,25,,40,65
03763400,"ACADEMY OF NAIL, SKIN & HAIR            ",MT,59101-0000,Proprietary  ,37,49,86,37,,49,86
03778300,HEALTH WORKS INSTITUTE                  ,MT,59715-0000,Proprietary  ,20,37,57,20,,37,57
04163700,BITTERROOT SCHOOL OF COSMETOLOGY        ,MT,59840-3118,Proprietary  ,6,17,23,6,,17,23
04164100,SALON PROFESSIONAL ACADEMY (THE)        ,MT,59405-0000,Proprietary  ,31,37,68,31,,37,68
04187700,CREVIER'S SCHOOL OF COSMETOLOGY         ,MT,59901-4402,Proprietary  ,25,37,62,25,,37,62
00253900,CHADRON STATE COLLEGE                   ,NE,69337-2690,Public       ,1149,393,1542,1149,,393,1542
00254000,COLLEGE OF ST MARY                      ,NE,68106-2606,Private      ,357,459,816,357,,459,816
00254100,CONCORDIA UNIVERSITY                    ,NE,68434-1594,Private      ,1080,206,1286,1080,,206,1286
00254200,CREIGHTON UNIVERSITY                    ,NE,68178-0001,Private      ,5168,3116,8284,5168,,3116,8284
00254400,DOANE COLLEGE                           ,NE,68333-2421,Private      ,1141,416,1557,1141,,416,1557
00254700,GRACE UNIVERSITY                        ,NE,68108-3629,Private      ,257,116,373,257,,116,373
00254800,HASTINGS COLLEGE                        ,NE,68901-7621,Private      ,1061,120,1181,1061,,120,1181
00255100,UNIVERSITY OF NEBRASKA AT KEARNEY       ,NE,68849-0001,Public       ,3164,873,4037,3164,,873,4037
00255300,MIDLAND UNIVERSITY                      ,NE,68025-4254,Private      ,1018,123,1141,1018,,123,1141
00255400,UNIVERSITY OF NEBRASKA-OMAHA            ,NE,68182-0001,Public       ,6465,3377,9842,6465,,3377,9842
00255500,NEBRASKA WESLEYAN UNIVERSITY            ,NE,68504-2796,Private      ,1273,303,1576,1273,,303,1576
00255700,MID-PLAINS COMM COLLEGE - NORTH PLATTE  ,NE,69101-9420,Public       ,229,254,483,229,,254,483
00255701,MID-PLAINS COMMUNITY COLLEGE - MCCOOK   ,NE,69001-2631,Public       ,121,65,186,121,,65,186
00255900,PERU STATE COLLEGE                      ,NE,68421-0010,Public       ,787,432,1219,787,,432,1219
00256000,WESTERN NEBRASKA COMMUNITY COLLEGE      ,NE,69361-1815,Public       ,400,376,776,400,,376,776
00256300,UNION COLLEGE                           ,NE,68506-4387,Private      ,438,165,603,438,,165,603
00256500,UNIVERSITY OF NEBRASKA-LINCOLN          ,NE,68588-0419,Public       ,12474,2737,15211,12474,,2737,15211
00256596,UNIVERSITY OF NEBRASKA - CURTIS         ,NE,69025-9522,Public       ,155,23,178,155,,23,178
00256600,WAYNE STATE COLLEGE                     ,NE,68787-1172,Public       ,2162,363,2525,2162,,363,2525
00256700,YORK COLLEGE                            ,NE,68467-2699,Private      ,190,39,229,190,,39,229
00443600,REGNL WST MEDCL CTR SCHL RAD            ,NE,69361-0000,Private      ,17,16,33,17,,16,33
00458608,KAPLAN UNIVERSITY - OMAHA               ,NE,68134-1002,Proprietary  ,55,419,474,55,,419,474
00458609,KAPLAN UNIVERSITY - LINCOLN             ,NE,68508-2668,Proprietary  ,43,337,380,43,,337,380
00639900,BRYANLGH COLLEGE OF HEALTH SCIENCES     ,NE,68506-1398,Private      ,303,202,505,303,,202,505
00640400,NEBR METHODIST CLG OF NURS ALLD HLTH    ,NE,68114-2852,Private      ,296,385,681,296,,385,681
00689500,UNIVERSITY OF NEBRASKA-MED CTR          ,NE,68198-4265,Public       ,461,1187,1648,461,,1187,1648
00750100,VATTEROTT COLLEGE                       ,NE,68137-1237,Proprietary  ,43,194,237,43,,194,237
00849200,ALEGENT HEALTH SCHOOLS                  ,NE,68114-2767,Private      ,54,105,159,54,,105,159
00952300,BAHNER COLLEGE OF HAIRSTYLING           ,NE,68025-3297,Proprietary  ,8,6,14,8,,6,14
00961700,CAPITOL BEAUTY SCHOOL                   ,NE,68144-0000,Proprietary  ,51,59,110,51,,59,110
00974300,BELLEVUE UNIVERSITY                     ,NE,68005-0000,Private      ,345,2848,3193,345,,2848,3193
00986200,CLARKSON COLLEGE                        ,NE,68131-2739,Private      ,325,537,862,325,,537,862
01151900,JOSEPH'S COLLEGE OF BEAUTY/ALL CAMPUSES ,NE,68510-2226,Proprietary  ,49,71,120,49,,71,120
01166700,NORTHEAST COMMUNITY COLLEGE             ,NE,68702-0000,Public       ,1029,397,1426,1029,,397,1426
01258600,METROPOLITAN COMMUNITY COLLEGE          ,NE,68103-0000,Public       ,2439,4202,6641,2439,,4202,6641
01297600,NEBRASKA CHRISTIAN COLLEGE              ,NE,68046-4256,Private      ,78,9,87,78,,9,87
02079700,COLLEGE OF HAIR DESIGN                  ,NE,68508-0000,Proprietary  ,58,65,123,58,,65,123
02099500,CENTRAL COMMUNITY COLLEGE               ,NE,68801-7299,Public       ,987,692,1679,987,,692,1679
02099501,CENTRAL COMMUNITY COLLEGE - HASTINGS CAM,NE,68902-7712,Public       ,1,0,1,1,,0,1
02099502,CENTRAL COMMUNITY COLLEGE - COLUMBUS CAM,NE,68602-8031,Public       ,0,1,1,0,,1,1
02508300,SOUTHEAST COMM. COLLEGE-ALL CAMPUSES    ,NE,68520-0000,Public       ,2432,2243,4675,2432,,2243,4675
02550800,NEBRASKA INDIAN COMMUNITY COLLEGE       ,NE,68039-0000,Public       ,9,25,34,9,,25,34
02610500,XENON INTERNATIONAL ACADEMY II          ,NE,68127-3522,Proprietary  ,81,96,177,81,,96,177
03164300,THE CREATIVE CENTER                     ,NE,68164-2911,Proprietary  ,65,30,95,65,,30,95
03279300,MYOTHERAPY INSTITUTE                    ,NE,68516-0000,Proprietary  ,11,9,20,11,,9,20
03323300,LITTLE PRIEST TRIBAL COLLEGE            ,NE,68071-0000,Private      ,7,23,30,7,,23,30
03821400,UNIVERSAL COLLEGE OF HEALING ARTS       ,NE,68112-1810,Proprietary  ,12,39,51,12,,39,51
00256800,UNIVERSITY OF NEVADA RENO               ,NV,89557-0002,Public       ,13401,4028,17429,13401,,4028,17429
00256900,UNIVERSITY OF NEVADA-LAS VEGAS          ,NV,89154-1001,Public       ,15582,9230,24812,15582,,9230,24812
00697700,GREAT BASIN COLLEGE                     ,NV,89801-3348,Public       ,346,412,758,346,,412,758
00732954,ITT TECHNICAL INSTITUTE                 ,NV,89014-6712,Proprietary  ,114,320,434,114,,320,434
00736700,MARINELLO SCHOOLS OF BEAUTY             ,NV,89110-3563,Proprietary  ,76,119,195,76,,119,195
00736701,MARINELLO SCHOOLS OF BEAUTY -           ,NV,89014-2244,Proprietary  ,25,65,90,25,,65,90
00737100,MARINELLO SCHOOL OF BEAUTY              ,NV,89502-6530,Proprietary  ,52,60,112,52,,60,112
00844103,ANTHEM INSTITUTE - MORRISON UNIVERSITY  ,NV,89521-4826,Proprietary  ,30,158,188,30,,158,188
00919200,SIERRA NEVADA COLLEGE                   ,NV,89451-0000,Private      ,367,247,614,367,,247,614
01036200,COLLEGE OF SOUTHERN NEVADA              ,NV,89146-1139,Public       ,8103,9360,17463,8103,,9360,17463
01036300,WESTERN NEVADA COLLEGE                  ,NV,89703-0000,Public       ,522,935,1457,522,,935,1457
01246110,LINCOLN TECHNICAL INSTITUTE-EUPH INST OF,NV,89117-8803,Proprietary  ,30,72,102,30,,72,102
01246111,LINCOLN TECHNICAL INSTITUTE-EUPH INS OFB,NV,89052-4964,Proprietary  ,11,31,42,11,,31,42
01246112,LINCOLN TECHNICAL INSTITUTE- EUPH INST O,NV,89131-1036,Proprietary  ,37,62,99,37,,62,99
01323200,ACADEMY OF HAIR DESIGN                  ,NV,89146-1617,Proprietary  ,84,146,230,84,,146,230
02107700,TRUCKEE MEADOWS COMMUNITY CLG           ,NV,89512-0000,Public       ,2439,2612,5051,2439,,2612,5051
02237500,EVEREST COLLEGE                         ,NV,89103-0000,Proprietary  ,368,671,1039,368,,671,1039
02338512,GLENDALE CAREER COLLEGE - NEVADA CAREER ,NV,89131-3268,Proprietary  ,30,116,146,30,,116,146
02616703,SCOTTSDALE CULINARY INSTITUTE - LE CORDO,NV,89144-7047,Proprietary  ,111,175,286,111,,175,286
02621500,CAREER COLLEGE OF NORTHERN NEVADA       ,NV,89434-7905,Proprietary  ,69,193,262,69,,193,262
03030603,UTAH CLG OF MASSAGE THERAPY-NSMT        ,NV,89123-0000,Proprietary  ,44,106,150,44,,106,150
03031405,INTERNATIONAL ACADEMY OF DESIGN AND TECH,NV,89074-7750,Proprietary  ,88,154,242,88,,154,242
03043200,KAPLAN COLLEGE                          ,NV,89102-8618,Proprietary  ,306,891,1197,306,,891,1197
03076404,BRYMAN SCHOOL OF ARIZONA (THE) - ANTHEM ,NV,89102-4514,Proprietary  ,36,143,179,36,,143,179
03088200,CARSON CITY BEAUTY ACADEMY              ,NV,89706-0000,Proprietary  ,9,42,51,9,,42,51
03787300,EXPERTISE SCHOOL OF BEAUTY              ,NV,89106-2516,Private      ,38,71,109,38,,71,109
03838500,NORTHWEST HEALTH CAREERS                ,NV,89128-0255,Proprietary  ,123,205,328,123,,205,328
03975300,INSTITUTE OF PROFESSIONAL CAREERS       ,NV,89119-7825,Proprietary  ,44,159,203,44,,159,203
04051303,ART INSTITUTE OF PHOENIX (THE) - ART INS,NV,89074-7737,Proprietary  ,245,178,423,245,,178,423
04065300,ROSEMAN UNIVERSITY OF HEALTH SCIENCES   ,NV,89014-2333,Private      ,287,1112,1399,287,,1112,1399
04114300,NEVADA STATE COLLEGE                    ,NV,89002-9455,Public       ,1418,1729,3147,1418,,1729,3147
04142601,TOURO UNIVERSITY - NEVADA               ,NV,89014-8800,Private      ,72,488,560,72,,488,560
04144800,INTERNATIONAL ACADEMY OF STYLE          ,NV,89509-3450,Proprietary  ,32,49,81,32,,49,81
04147600,AVEDA INSTITUTE LAS VEGAS               ,NV,89119-6103,Proprietary  ,61,139,200,61,,139,200
04171000,ADVANCED TRAINING INSTITUTE             ,NV,89115-7504,Proprietary  ,47,181,228,47,,181,228
04186300,PAUL MITCHELL THE SCHOOL LAS VEGAS      ,NV,89123-8014,Proprietary  ,130,143,273,130,,143,273
04190300,AMERICAN INSTITUTE OF MEDICAL SONOGRAPHY,NV,89146-6597,Proprietary  ,69,187,256,69,,187,256
04191100,DESTINATION ACADEMY FOR SPA AND SALON PR,NV,89147-8397,Proprietary  ,8,16,24,8,,16,24
04203100,PAUL MITCHELL THE SCHOOL RENO           ,NV,89501-3356,Proprietary  ,58,68,126,58,,68,126
04226200,HEALTHCARE PREPARATORY INSTITUTE        ,NV,89130-2580,Proprietary  ,73,160,233,73,,160,233
00257200,COLBY-SAWYER COLLEGE                    ,NH,03257-4648,Private      ,2471,105,2576,2471,,105,2576
00257300,DARTMOUTH COLLEGE                       ,NH,03755-3529,Private      ,9893,1264,11157,9893,,1264,11157
00257500,FRANKLIN PIERCE UNIVERSITY              ,NH,03461-0060,Private      ,2917,539,3456,2917,,539,3456
00257900,NEW ENGLAND COLLEGE                     ,NH,03242-3293,Private      ,1951,638,2589,1951,,638,2589
00258000,SOUTHERN NEW HAMPSHIRE UNIVERSITY       ,NH,03106-1045,Private      ,5841,16871,22712,5841,,16871,22712
00258100,NHTI  - CONCORD'S COMMUNITY COLLEGE     ,NH,03301-7412,Public       ,1430,729,2159,1430,,729,2159
00258200,MANCHESTER COMMUNITY COLLEGE            ,NH,03102-8518,Public       ,603,629,1232,603,,629,1232
00258300,GREAT BAY COMMUNITY COLLEGE             ,NH,03801-0000,Public       ,472,411,883,472,,411,883
00258600,RIVIER UNIVERSITY                       ,NH,03060-5086,Private      ,1146,493,1639,1146,,493,1639
00258700,SAINT ANSELM COLLEGE                    ,NH,03102-1310,Private      ,3339,107,3446,3339,,107,3446
00258900,UNIVERSITY OF NEW HAMPSHIRE             ,NH,03824-2511,Public       ,20197,2603,22800,20197,,2603,22800
00259000,KEENE STATE COLLEGE                     ,NH,03431-0000,Public       ,6883,500,7383,6883,,500,7383
00259100,PLYMOUTH STATE UNIVERSITY               ,NH,03264-1595,Public       ,5689,881,6570,5689,,881,6570
00301004,ANTIOCH UNIVERSITY                      ,NH,03431-0000,Private      ,6,510,516,6,,510,516
00472900,HESSER COLLEGE                          ,NH,03103-7230,Proprietary  ,100,321,421,100,,321,421
00472901,HESSER COLLEGE - NASHUA CAMPUS          ,NH,03063-1286,Proprietary  ,30,103,133,30,,103,133
00472904,HESSER COLLEGE - PORTSMOUTH CAMPUS      ,NH,03801-3245,Proprietary  ,11,33,44,11,,33,44
00472905,HESSER COLLEGE - SALEM CAMPUS           ,NH,03079-2842,Proprietary  ,31,92,123,31,,92,123
00472906,HESSER COLLEGE - CONCORD CAMPUS         ,NH,03301-3415,Proprietary  ,12,28,40,12,,28,40
00473100,DANIEL WEBSTER COLLEGE                  ,NH,03063-1300,Proprietary  ,461,95,556,461,,95,556
00529100,WHITE MOUNTAINS COMMUNITY COLLEGE       ,NH,03570-3799,Public       ,177,156,333,177,,156,333
00702500,LEBANON COLLEGE                         ,NH,03766-0000,Private      ,15,24,39,15,,24,39
00755500,LAKES REGION COMMUNITY COLLEGE          ,NH,03246-1326,Public       ,324,278,602,324,,278,602
00756000,RIVER VALLEY COMMUNITY COLLEGE          ,NH,03743-9707,Public       ,150,299,449,150,,299,449
00864500,EMPIRE BEAUTY SCHOOL                    ,NH,03220-0000,Proprietary  ,21,29,50,21,,29,50
00923600,NASHUA COMMUNITY COLLEGE                ,NH,03063-2052,Public       ,507,373,880,507,,373,880
01318900,CONTINENTAL ACADEMIE OF HAIR DESIGN     ,NH,03051-3754,Proprietary  ,18,6,24,18,,6,24
02097900,UNIVERSITY NEW HAMPSHIRE SCHOOL OF LAW  ,NH,03301-0000,Private      ,23,272,295,23,,272,295
02140400,ST JOSEPH SCH OF PRAC NRSG              ,NH,03060-0000,Private      ,24,93,117,24,,93,117
02174800,MICHAEL'S SCHOOL OF HAIR DESIGN & ESTHET,NH,03110-0000,Proprietary  ,31,29,60,31,,29,60
02179600,EMPIRE BEAUTY SCHOOL                    ,NH,03878-0000,Proprietary  ,12,13,25,12,,13,25
02211600,PORTSMOUTH BTY SCH OF HAIR DESIGN       ,NH,03801-4084,Proprietary  ,7,2,9,7,,2,9
02245400,KEENE BEAUTY ACADEMY                    ,NH,03431-0000,Proprietary  ,19,8,27,19,,8,27
02247000,NEW ENGLAND SCHOOL OF HAIR DESIGN       ,NH,03784-0000,Proprietary  ,12,11,23,12,,11,23
03043100,THOMAS MORE COLLEGE OF LIBERAL ARTS     ,NH,03054-4818,Private      ,56,9,65,56,,9,65
03101300,GRANITE STATE COLLEGE                   ,NH,03301-6400,Public       ,221,806,1027,221,,806,1027
03182300,NEW HAMPSHIRE INSTITUTE OF ART          ,NH,03104-4858,Private      ,498,86,584,498,,86,584
03437300,UPPER VALLEY TEACHER TRANING PROGRAM    ,NH,03766-1358,Private      ,1,12,13,1,,12,13
03729300,NH INSTITUTE FOR THERAPEUTIC ARTS       ,NH,03051-4906,Proprietary  ,1,17,18,1,,17,18
04162200,LAIRD INSTITUTE OF SPA THERAPY          ,NH,03102-5263,Proprietary  ,6,16,22,6,,16,22
00267000,BAPTIST BIBLE COLG OF PENNSYLVANIA      ,PA,18411-1297,Private      ,282,159,441,282,,159,441
00322800,BRYN ATHYN COLLEGE OF THE NEW CHURCH    ,PA,19009-0717,Private      ,198,21,219,198,,21,219
00322900,ALBRIGHT COLLEGE                        ,PA,19612-5234,Private      ,3932,577,4509,3932,,577,4509
00323000,ALLEGHENY COLLEGE                       ,PA,16335-3902,Private      ,2733,62,2795,2733,,62,2795
00323100,COMM CLG OF ALLEGHENY-ALLEGHENY CMP     ,PA,15212-0000,Public       ,1021,1896,2917,1021,,1896,2917
00323101,"COMM CLG OF ALLEGHENY, BOYCE CAMPUS     ",PA,15146-0000,Public       ,514,755,1269,514,,755,1269
00323102,"COMM CLG OF ALLEGHENY, NORTH CAMPUS     ",PA,15237-0000,Public       ,641,741,1382,641,,741,1382
00323103,"COMM CLG OF ALLEGHENY, SOUTH CAMPUS     ",PA,15122-0000,Public       ,597,713,1310,597,,713,1310
00323300,ALVERNIA UNIVERSITY                     ,PA,19607-1799,Private      ,1790,762,2552,1790,,762,2552
00323500,ARCADIA UNIVERSITY                      ,PA,19038-3295,Private      ,5608,1154,6762,5608,,1154,6762
00323700,BRYN MAWR COLLEGE                       ,PA,19010-2899,Private      ,1510,309,1819,1510,,309,1819
00323800,BUCKNELL UNIVERSITY                     ,PA,17837-2122,Private      ,4564,167,4731,4564,,167,4731
00323900,BUCKS COUNTY COMMUNITY COLLEGE          ,PA,18940-1320,Public       ,1665,1332,2997,1665,,1332,2997
00324000,BUTLER COUNTY COMMUNITY COLLEGE         ,PA,16001-0000,Public       ,777,633,1410,777,,633,1410
00324100,CABRINI COLLEGE                         ,PA,19087-3698,Private      ,1437,281,1718,1437,,281,1718
00324200,CARNEGIE MELLON UNIVERSITY              ,PA,15213-3890,Private      ,11667,1078,12745,11667,,1078,12745
00324201,CARNEGIE MELLON UNIV- THE HEINZ COLLEGE ,PA,15213-0000,Private      ,111,426,537,111,,426,537
00324202,CARNEGIE MELLON- TEPPER SCHOOL OF BUSINE,PA,15213-0000,Private      ,214,199,413,214,,199,413
00324300,CEDAR CREST COLLEGE                     ,PA,18104-6196,Private      ,806,684,1490,806,,684,1490
00324400,CHATHAM UNIVERSITY                      ,PA,15232-2826,Private      ,523,808,1331,523,,808,1331
00324500,CHESTNUT HILL COLLEGE                   ,PA,19118-2693,Private      ,1190,942,2132,1190,,942,2132
00324700,MISERICORDIA  UNIVERSITY                ,PA,18612-1008,Private      ,1935,601,2536,1935,,601,2536
00324900,COMMUNITY COLLEGE OF PHILADELPHIA       ,PA,19130-3991,Public       ,5789,8217,14006,5789,,8217,14006
00325100,CURTIS INSTITUTE OF MUSIC               ,PA,19103-6187,Private      ,230,100,330,230,,100,330
00325200,DELAWARE VALLEY COLLEGE                 ,PA,18901-2697,Private      ,1696,171,1867,1696,,171,1867
00325300,DICKINSON COLLEGE                       ,PA,17013-2896,Private      ,2954,110,3064,2954,,110,3064
00325600,DREXEL UNIVERSITY                       ,PA,19104-2875,Private      ,28550,8937,37487,28550,,8937,37487
00325800,DUQUESNE UNIVERSITY                     ,PA,15282-0001,Private      ,5463,1677,7140,5463,,1677,7140
00325900,EASTERN UNIVERSITY                      ,PA,19087-3696,Private      ,1552,1132,2684,1552,,1132,2684
00326200,ELIZABETHTOWN COLLEGE                   ,PA,17022-2298,Private      ,2600,372,2972,2600,,372,2972
00326300,EVANGELICAL SCHOOL OF THEOLOGY          ,PA,17067-0000,Private      ,0,23,23,0,,23,23
00326500,FRANKLIN & MARSHALL COLLEGE             ,PA,17604-0000,Private      ,3040,105,3145,3040,,105,3145
00326600,GANNON UNIVERSITY                       ,PA,16541-0001,Private      ,3203,754,3957,3203,,754,3957
00326700,GENEVA COLLEGE                          ,PA,15010-3599,Private      ,1422,326,1748,1422,,326,1748
00326800,GETTYSBURG COLLEGE                      ,PA,17325-1486,Private      ,3323,106,3429,3323,,106,3429
00326900,GROVE CITY COLLEGE                      ,PA,16127-2104,Private      ,1475,29,1504,1475,,29,1504
00327000,GWYNEDD-MERCY COLLEGE                   ,PA,19437-0901,Private      ,1011,624,1635,1011,,624,1635
00327200,HARCUM COLLEGE                          ,PA,19010-3476,Private      ,470,730,1200,470,,730,1200
00327300,HARRISBURG AREA COMMUNITY COLLEGE       ,PA,17110-2999,Public       ,3667,5215,8882,3667,,5215,8882
00327400,HAVERFORD COLLEGE                       ,PA,19041-1392,Private      ,1793,54,1847,1793,,54,1847
00327500,HOLY FAMILY UNIVERSITY                  ,PA,19114-2094,Private      ,1392,868,2260,1392,,868,2260
00327600,IMMACULATA UNIVERSITY                   ,PA,19345-0647,Private      ,1267,633,1900,1267,,633,1900
00327700,INDIANA UNIVERSITY OF PENNSYLVANIA      ,PA,15705-1097,Public       ,9370,1682,11052,9370,,1682,11052
00327900,JUNIATA COLLEGE                         ,PA,16652-2196,Private      ,2269,67,2336,2269,,67,2336
00328000,KEYSTONE COLLEGE                        ,PA,18440-0200,Private      ,939,259,1198,939,,259,1198
00328200,KINGS COLLEGE                           ,PA,18711-0801,Private      ,2373,262,2635,2373,,262,2635
00328300,LACKAWANNA COLLEGE                      ,PA,18509-9961,Private      ,861,380,1241,861,,380,1241
00328400,LAFAYETTE COLLEGE                       ,PA,18042-1768,Private      ,4368,101,4469,4368,,101,4469
00328500,LANCASTER BIBLE COLLEGE                 ,PA,17601-5036,Private      ,498,409,907,498,,409,907
00328600,LANCASTER THEOLOGICAL SEMINARY          ,PA,17603-0000,Private      ,0,33,33,0,,33,33
00328700,LASALLE UNIVERSITY                      ,PA,19141-1199,Private      ,4900,2068,6968,4900,,2068,6968
00328800,LEBANON VALLEY COLLEGE                  ,PA,17003-1400,Private      ,2634,181,2815,2634,,181,2815
00328900,LEHIGH UNIVERSITY                       ,PA,18015-1588,Private      ,7632,521,8153,7632,,521,8153
00329000,LINCOLN UNIVERSITY                      ,PA,19352-0999,Public       ,2256,567,2823,2256,,567,2823
00329100,LUTHERAN THEOLOG SEMINARY-GETTYSBRG     ,PA,17325-0000,Private      ,0,27,27,0,,27,27
00329200,LUTHERAN THEOLOGICAL SEMINARY           ,PA,19119-0000,Private      ,1,67,68,1,,67,68
00329300,LYCOMING COLLEGE                        ,PA,17701-5192,Private      ,1460,81,1541,1460,,81,1541
00329400,MANOR COLLEGE                           ,PA,19046-3399,Private      ,408,260,668,408,,260,668
00329600,MARYWOOD UNIVERSITY                     ,PA,18509-1598,Private      ,2138,712,2850,2138,,712,2850
00329700,MERCYHURST UNIVERSITY                   ,PA,16546-0001,Private      ,2944,858,3802,2944,,858,3802
00329800,MESSIAH COLLEGE                         ,PA,17027-0000,Private      ,2819,250,3069,2819,,250,3069
00330000,MOORE COLLEGE OF ART & DESIGN           ,PA,19103-1179,Private      ,569,235,804,569,,235,804
00330100,MORAVIAN COLLEGE                        ,PA,18018-6650,Private      ,1668,243,1911,1668,,243,1911
00330101,MORAVIAN THEOLOGICAL SEMINARY           ,PA,18018-0000,Private      ,7,25,32,7,,25,32
00330200,MOUNT ALOYSIUS COLLEGE                  ,PA,16630-1999,Private      ,1025,475,1500,1025,,475,1500
00330300,CARLOW UNIVERSITY                       ,PA,15213-3165,Private      ,748,867,1615,748,,867,1615
00330400,MUHLENBERG COLLEGE                      ,PA,18104-5586,Private      ,3162,179,3341,3162,,179,3341
00330600,VALLEY FORGE CHRISTIAN COLLEGE          ,PA,19460-2399,Private      ,435,112,547,435,,112,547
00330900,PEIRCE COLLEGE                          ,PA,19102-4699,Private      ,232,1025,1257,232,,1025,1257
00331100,SALUS UNIVERSITY                        ,PA,19027-1598,Private      ,12,820,832,12,,820,832
00331300,WIDENER UNIVERSITY                      ,PA,19013-5792,Private      ,4184,1519,5703,4184,,1519,5703
00331302,WIDENER UNIV SCH OF LAW- HARRISBURG     ,PA,17106-9381,Private      ,18,311,329,18,,311,329
00331500,BLOOMSBURG UNIVERSITY OF PA             ,PA,17815-1301,Public       ,9000,1107,10107,9000,,1107,10107
00331600,CALIFORNIA UNIV OF PENNSYLVANIA         ,PA,15419-1394,Public       ,3629,1648,5277,3629,,1648,5277
00331700,CHEYNEY UNIVERSITY OF PENNSYLVANIA      ,PA,19319-0200,Public       ,1168,421,1589,1168,,421,1589
00331800,CLARION UNIVERSITY OF PENNSYLVANIA      ,PA,16214-1232,Public       ,2755,959,3714,2755,,959,3714
00332000,EAST STROUDSBURG UNIVERSITY             ,PA,18301-2999,Public       ,5430,952,6382,5430,,952,6382
00332100,EDINBORO UNIVERSITY OF PENNSYLVANIA     ,PA,16444-0001,Public       ,4447,1711,6158,4447,,1711,6158
00332200,KUTZTOWN UNIVERSITY OF PENNSYLVANIA     ,PA,19530-9339,Public       ,7982,1133,9115,7982,,1133,9115
00332300,LOCK HAVEN UNIV OF PENNSYLVANIA         ,PA,17745-2439,Public       ,3977,771,4748,3977,,771,4748
00332400,MANSFIELD UNIVERSITY                    ,PA,16933-1123,Public       ,2055,370,2425,2055,,370,2425
00332500,MILLERSVILLE UNIVERSITY OF PA           ,PA,17551-1800,Public       ,6307,1313,7620,6307,,1313,7620
00332600,SHIPPENSBURG UNIVERSITY                 ,PA,17257-2299,Public       ,6263,891,7154,6263,,891,7154
00332700,SLIPPERY ROCK UNIVERSITY                ,PA,16057-1326,Public       ,5439,860,6299,5439,,860,6299
00332800,WEST CHESTER UNIVERSITY                 ,PA,19383-0001,Public       ,13622,2564,16186,13622,,2564,16186
00332900,PENN STATE UNIVERSITY                   ,PA,16802-1503,Public       ,53219,14106,67325,53219,,14106,67325
00335000,UNIVERSITY OF THE ARTS (THE)            ,PA,19102-9493,Private      ,2149,371,2520,2149,,371,2520
00335100,CAIRN UNIVERSITY                        ,PA,19047-2942,Private      ,459,148,607,459,,148,607
00335200,PHILADELPHIA CLG OSTEOPATHIC MED        ,PA,19131-0000,Private      ,31,2311,2342,31,,2311,2342
00335300,UNIVERSITY OF THE SCIENCES IN PHILADELPH,PA,19104-4495,Private      ,3062,1041,4103,3062,,1041,4103
00335400,PHILADELPHIA UNIVERSITY                 ,PA,19144-5497,Private      ,3601,1107,4708,3601,,1107,4708
00335600,PITTSBURGH THEOLOGICAL SEMINARY         ,PA,15206-0000,Private      ,0,108,108,0,,108,108
00335700,POINT PARK UNIVERSITY                   ,PA,15222-1912,Private      ,2809,1054,3863,2809,,1054,3863
00335800,REFORMED PRESBYTERIAN THEOL SEMINAR     ,PA,15208-0000,Private      ,2,5,7,2,,5,7
00335900,ROBERT MORRIS UNIVERSITY                ,PA,15108-1189,Private      ,3702,938,4640,3702,,938,4640
00336000,ROSEMONT COLLEGE                        ,PA,19010-1699,Private      ,462,260,722,462,,260,722
00336200,SETON HILL UNIVERSITY                   ,PA,15601-1599,Private      ,1469,395,1864,1469,,395,1864
00336400,ST. CHARLES BORROMEO SEMINARY           ,PA,19096-0000,Private      ,12,8,20,12,,8,20
00336600,SAINT FRANCIS UNIVERSITY                ,PA,15940-0600,Private      ,1447,383,1830,1447,,383,1830
00336700,SAINT JOSEPH'S UNIVERSITY               ,PA,19131-1395,Private      ,6578,1420,7998,6578,,1420,7998
00336800,ST VINCENT COLLEGE                      ,PA,15650-2690,Private      ,1342,128,1470,1342,,128,1470
00336900,SUSQUEHANNA UNIVERSITY                  ,PA,17870-1001,Private      ,3221,85,3306,3221,,85,3306
00337000,SWARTHMORE COLLEGE                      ,PA,19081-1397,Private      ,2797,66,2863,2797,,66,2863
00337100,TEMPLE UNIVERSITY                       ,PA,19122-6003,Private      ,29732,12075,41807,29732,,12075,41807
00337600,THIEL COLLEGE                           ,PA,16125-2181,Private      ,1367,82,1449,1367,,82,1449
00337800,UNIVERSITY OF PENNSYLVANIA              ,PA,19104-6216,Private      ,19665,8132,27797,19665,,8132,27797
00337900,UNIVERSITY OF PITTSBURGH                ,PA,15260-0000,Public       ,25191,5345,30536,25191,,5345,30536
00337906,UNIVERSITY OF PITTSBURGH - SCHOOL OF MED,PA,15261-0001,Public       ,143,610,753,143,,610,753
00337907,UNIVERSITY OF PITTSBURGH - SCHOOL OF DEN,PA,15261-2523,Public       ,65,200,265,65,,200,265
00338400,UNIVERSITY OF SCRANTON                  ,PA,18510-4622,Private      ,6678,628,7306,6678,,628,7306
00338500,URSINUS COLLEGE                         ,PA,19426-1000,Private      ,1972,52,2024,1972,,52,2024
00338600,VALLEY FORGE MILITARY COLLEGE           ,PA,19087-3695,Private      ,392,51,443,392,,51,443
00338800,VILLANOVA UNIVERSITY                    ,PA,19085-1699,Private      ,10930,1374,12304,10930,,1374,12304
00338801,VILLANOVA UNIV SCH OF LAW               ,PA,19085-0000,Private      ,27,557,584,27,,557,584
00338900,WASHINGTON & JEFFERSON COLLEGE          ,PA,15301-4801,Private      ,2228,57,2285,2228,,57,2285
00339100,WAYNESBURG UNIVERSITY                   ,PA,15370-1222,Private      ,1345,255,1600,1345,,255,1600
00339200,WESTMINSTER COLLEGE                     ,PA,16172-0002,Private      ,1349,76,1425,1349,,76,1425
00339300,WESTMINSTER THEOLOGICAL SEMINARY        ,PA,19038-0000,Private      ,3,119,122,3,,119,122
00339400,WILKES UNIVERSITY                       ,PA,18766-0998,Private      ,2482,526,3008,2482,,526,3008
00339500,PENNSYLVANIA COLLEGE OF TECHNOLOGY      ,PA,17701-5779,Public       ,2867,926,3793,2867,,926,3793
00339600,WILSON COLLEGE                          ,PA,17201-1285,Private      ,404,198,602,404,,198,602
00339900,YORK COLLEGE OF PENNSYLVANIA            ,PA,17405-7199,Private      ,6673,624,7297,6673,,624,7297
00398600,DESALES UNIVERSITY                      ,PA,18034-9568,Private      ,2128,667,2795,2128,,667,2795
00398700,LA ROCHE COLLEGE                        ,PA,15237-5898,Private      ,645,223,868,645,,223,868
00398800,NEUMANN UNIVERSITY                      ,PA,19014-1298,Private      ,2052,642,2694,2052,,642,2694
00405800,GRATZ COLLEGE                           ,PA,19027-3097,Private      ,1,29,30,1,,29,30
00445200,MONTGOMERY COUNTY COMMUNITY COLLEGE     ,PA,19422-6300,Public       ,2209,2016,4225,2209,,2016,4225
00488900,CAMBRIA-ROWE BUSINESS COLLEGE           ,PA,15902-2494,Proprietary  ,48,78,126,48,,78,126
00488901,CAMBRIA ROWE BUSINESS COLLEGE - INDIANA ,PA,15701-2804,Proprietary  ,27,49,76,27,,49,76
00489000,CENTRAL PENNSYLVANIA COLLEGE            ,PA,17093-0309,Proprietary  ,631,712,1343,631,,712,1343
00489300,DU BOIS BUSINESS COLLEGE                ,PA,15801-2401,Proprietary  ,55,125,180,55,,125,180
00489400,ERIE BUSINESS CENTER                    ,PA,16501-1305,Proprietary  ,31,106,137,31,,106,137
00489401,ERIE BUSINESS CENTER - NEW CASTLE CAMPUS,PA,16101-3950,Proprietary  ,7,34,41,7,,34,41
00489800,MCCANN SCHOOL OF BUSINESS & TECHNOL     ,PA,17901-1335,Proprietary  ,466,1538,2004,466,,1538,2004
00489807,MCCANN SCHOOL OF BUSINESS & TECHNOLOGY -,PA,17013-3180,Proprietary  ,27,56,83,27,,56,83
00489900,MERCY HOSP SCH OF NURSING               ,PA,15219-5166,Private      ,84,77,161,84,,77,161
00490200,PENN COMMERCIAL BUSINESS/TECHNICAL SCHL ,PA,15301-2871,Proprietary  ,61,104,165,61,,104,165
00491000,KAPLAN CAREER INSTITUTE                 ,PA,17111-3571,Proprietary  ,65,214,279,65,,214,279
00491001,THOMPSON INSTITUTE-PHILADEPHIA CAMPUS   ,PA,19104-3386,Proprietary  ,64,189,253,64,,189,253
00500701,WEST VIRGINIA CAREER INSTITUTE          ,PA,15456-0000,Proprietary  ,23,35,58,23,,35,58
00531000,PITTSBURGH INST OF AERONAUTICS          ,PA,15236-0000,Private      ,177,112,289,177,,112,289
00533000,FAYETTE CNTY AREA VOC TECH PRC NRSG     ,PA,15401-0000,Public       ,17,29,46,17,,29,46
00533500,CENTRAL PENN INST OF SCI & TECH PNP     ,PA,16823-0000,Public       ,57,67,124,57,,67,124
00536500,YORK CO AREA VOC-TECH SCH-PRAC NSG      ,PA,17402-0000,Public       ,24,102,126,24,,102,126
00653400,CITIZENS SCHOOL OF NURSING              ,PA,15068-6591,Private      ,42,75,117,42,,75,117
00653700,CONEMAUGH VLY MEM HOSP SCH NRSNG        ,PA,15905-4398,Private      ,87,46,133,87,,46,133
00653704,CONEMAUGH VLY MEM HOSP SCH RAD TECH     ,PA,15905-0000,Private      ,29,12,41,29,,12,41
00655100,ST MARGARET SCHL OF NURSING             ,PA,15238-3205,Private      ,52,91,143,52,,91,143
00656000,OHIO VALLEY HOSP SCH OF NURSING         ,PA,15136-1694,Private      ,20,22,42,20,,22,42
00656500,READING HOSPITAL SCHOOL OF HEALTH SCIENC,PA,19611-1744,Private      ,116,203,319,116,,203,319
00657400,"ST LUKE'S HOSPITAL OF BETHLEHEM, PA     ",PA,18015-1065,Private      ,51,135,186,51,,135,186
00657700,UPMC SHADYSIDE SCHOOL OF NURSING        ,PA,15232-1381,Private      ,130,160,290,130,,160,290
00657800,SHARON REGIONAL SCHOOL OF NURSING       ,PA,16146-3395,Private      ,23,48,71,23,,48,71
00658200,WASHINGTON HOSP SCH OF NURSING          ,PA,15301-3398,Private      ,14,36,50,14,,36,50
00658202,WASHINGTON HOSP SCH OF RAD TECH         ,PA,15301-3398,Private      ,4,3,7,4,,3,7
00658300,WESTERN PENN HOSP-SCH OF NURSING        ,PA,15224-1790,Private      ,73,84,157,73,,84,157
00680700,COMMUNITY COLLEGE OF BEAVER COUNTY      ,PA,15061-2588,Public       ,439,464,903,439,,464,903
00681000,LEHIGH CARBON COMMUNITY COLLEGE         ,PA,18078-2598,Public       ,1305,1453,2758,1305,,1453,2758
00681100,LUZERNE COUNTY COMMUNITY COLLEGE        ,PA,18634-3899,Public       ,1176,1271,2447,1176,,1271,2447
00708700,ABINGTON MEM HOSP SCHL OF NURSING       ,PA,19090-1284,Private      ,86,252,338,86,,252,338
00709100,EVEREST INSTITUTE                       ,PA,15222-1320,Proprietary  ,52,248,300,52,,248,300
00711000,DELAWARE COUNTY COMMUNITY COLLEGE       ,PA,19063-1094,Public       ,2581,3135,5716,2581,,3135,5716
00719100,NORTHAMPTON COMMUNITY COLLEGE           ,PA,18020-7599,Public       ,3722,3027,6749,3722,,3027,6749
00730305,LINCOLN TECHNICAL INSTITUTE - PHILADELPH,PA,19136-1530,Proprietary  ,104,165,269,104,,165,269
00732955,ITT TECHNICAL INSTITUTE                 ,PA,19406-1212,Proprietary  ,92,265,357,92,,265,357
00743000,ANTONELLI INST OF ART & PHOTOGRAPHY     ,PA,19038-8242,Proprietary  ,154,20,174,154,,20,174
00743600,KAPLAN CAREER INSTITUTE - ICM CAMPUS    ,PA,15222-1977,Proprietary  ,69,277,346,69,,277,346
00743700,PITTSBURGH TECHNICAL INSTITUTE          ,PA,15071-3205,Proprietary  ,1188,586,1774,1188,,586,1774
00746900,"HUSSIAN SCHOOL OF ART, INC.             ",PA,19106-0000,Proprietary  ,50,29,79,50,,29,79
00747000,"ART INSTITUTE OF PITTSBURGH, THE        ",PA,15219-1328,Proprietary  ,1202,2716,3918,1202,,2716,3918
00752900,"CHESTER COUNTY INTERMEDIATE UNIT, PNP   ",PA,19335-3043,Public       ,12,68,80,12,,68,80
00777900,LANSDALE SCHOOL OF BUSINESS             ,PA,19454-4114,Proprietary  ,15,110,125,15,,110,125
00778000,NEW CASTLE SCHOOL OF TRADES             ,PA,16143-0000,Proprietary  ,97,134,231,97,,134,231
00778100,CHI INSTITUTE/RETS CAMPUS               ,PA,19008-3516,Proprietary  ,21,101,122,21,,101,122
00783900,TRIANGLE TECH                           ,PA,15214-3897,Proprietary  ,100,142,242,100,,142,242
00791200,THADDEUS STEVENS CLG OF TECHNOLOGY      ,PA,17602-0000,Public       ,912,313,1225,912,,313,1225
00791600,FRANKLIN CNTY CAREER & TECH CTR-PNP     ,PA,17201-0000,Public       ,9,39,48,9,,39,48
00793807,LINCOLN TECHNICAL INSITUTE - ALLENTOWN  ,PA,18104-3212,Proprietary  ,98,151,249,98,,151,249
00820000,JAMESON MEMORIAL HOSP SCH NURSING       ,PA,16105-2595,Private      ,24,52,76,24,,52,76
00835000,ART INSTITUTE OF PHILADELPHIA           ,PA,19103-5198,Proprietary  ,1373,968,2341,1373,,968,2341
00844100,ANTHEM INSTITUTE                        ,PA,19064-1243,Proprietary  ,28,123,151,28,,123,151
00856800,VET TECH INSTITUTE                      ,PA,15222-3400,Proprietary  ,179,86,265,179,,86,265
00865300,JEFFERSON CO DUBOIS VOC TECH-PR NSG     ,PA,15851-0000,Public       ,5,4,9,5,,4,9
00895500,PRUONTOS HAIR DESIGN INSTITUTE          ,PA,16602-0000,Proprietary  ,9,7,16,9,,7,16
00915705,WYOMING TECHNICAL INSTITUTE - BLAIRSVILL,PA,15717-8060,Proprietary  ,324,261,585,324,,261,585
00918600,DEAN INSTITUTE OF TECHNOLOGY            ,PA,15226-1197,Proprietary  ,9,28,37,9,,28,37
00944900,PENNCO TECH                             ,PA,19007-0000,Proprietary  ,31,74,105,31,,74,105
00966400,EMPIRE BEAUTY SCHOOL                    ,PA,18052-5730,Proprietary  ,119,262,381,119,,262,381
00972100,BRADFORD SCHOOL                         ,PA,15219-2602,Proprietary  ,370,88,458,370,,88,458
00972300,ARIA HEALTH SCHOOL OF NURSING           ,PA,19053-6939,Private      ,63,139,202,63,,139,202
00986300,LANCASTER GENERAL COLLEGE OF NURSING AND,PA,17602-4955,Private      ,411,465,876,411,,465,876
01000600,GREATER JOHNSTOWN AREA VOC TECH SCH     ,PA,15904-0000,Public       ,36,59,95,36,,59,95
01005500,CRAWFORD CNTY AREA VO-TECH PRAC NUR     ,PA,16335-0000,Public       ,3,14,17,3,,14,17
01017600,WESTMORELAND COUNTY COMMUNITY CLG       ,PA,15697-1895,Public       ,1004,1031,2035,1004,,1031,2035
01038800,READING AREA COMMUNITY COLLEGE          ,PA,19603-1706,Public       ,715,1127,1842,715,,1127,1842
01054200,EMPIRE BEAUTY SCHOOL                    ,PA,18701-0000,Proprietary  ,147,311,458,147,,311,458
01081400,PITTSBURGH INST MORTUARY SCIENCE        ,PA,15206-3706,Private      ,47,110,157,47,,110,157
01086000,GREATER ALTOONA CAREER/TECH CENTER      ,PA,16602-0000,Public       ,38,72,110,38,,72,110
01096300,GREENE COUNTY VOC-TECH SCHOOL           ,PA,15370-0000,Public       ,4,7,11,4,,7,11
01099800,PENNSYLVANIA INSTITUTE OF TECH          ,PA,19063-4098,Private      ,165,284,449,165,,284,449
01162100,AUTOMOTIVE TRAINING CENTER              ,PA,19341-1310,Proprietary  ,312,111,423,312,,111,423
01162200,WELDER TRAINING & TESTING INST          ,PA,18109-3253,Proprietary  ,17,39,56,17,,39,56
01171500,SCHUYLKILL HEALTH SCHOOL OF NURSING     ,PA,17901-3692,Private      ,37,24,61,37,,24,61
01191900,BEAVER FALLS BEAUTY ACADEMY             ,PA,15010-4208,Proprietary  ,9,12,21,9,,12,21
01205000,ROSEDALE TECHNICAL INSTITUTE            ,PA,15205-9791,Private      ,120,145,265,120,,145,265
01239300,THOMAS JEFF UNIV-CLG ALLIED HEALTH      ,PA,19107-0000,Private      ,229,980,1209,229,,980,1209
01239301,THOMAS JEFFERSON UNIVERSITY - JEFFERSON ,PA,19107-5001,Private      ,313,1706,2019,313,,1706,2019
01239303,THOMAS JEFFERSON UNIVERSITY - COLLEGE OF,PA,19107-6731,Private      ,141,454,595,141,,454,595
01246104,LINCOLN TECHNICAL INSTITUTE             ,PA,19104-0202,Proprietary  ,101,205,306,101,,205,306
01246105,LINCOLN TECHNICAL INSTITUTE             ,PA,19116-4202,Proprietary  ,75,167,242,75,,167,242
01252300,TALMUDICAL YESHIVA OF PHILA             ,PA,19131-1296,Private      ,1,0,1,1,,0,1
01260600,EMPIRE BEAUTY SCHOOL                    ,PA,17901-3859,Proprietary  ,133,299,432,133,,299,432
01292900,SOUTH HILLS BEAUTY ACADEMY              ,PA,15216-2335,Proprietary  ,12,47,59,12,,47,59
01313400,YESHIVATH BETH MOSHE                    ,PA,18505-2196,Private      ,1,2,3,1,,2,3
01321400,ROXBOROUGH MEM HOSP SCH OF NURSING      ,PA,19128-0000,Proprietary  ,40,178,218,40,,178,218
01326300,SOUTH HILLS SCHOOL OF BUSINESS & TECHNOL,PA,16801-4516,Proprietary  ,200,173,373,200,,173,373
02061000,VENUS BEAUTY ACADEMY                    ,PA,19079-0000,Proprietary  ,13,13,26,13,,13,26
02068300,DOUGLAS SCHOOL OF BUSINESS              ,PA,15062-0000,Proprietary  ,80,74,154,80,,74,154
02090200,TRIANGLE TECH                           ,PA,16502-0000,Proprietary  ,35,34,69,35,,34,69
02092500,LAUREL TECHNICAL INSTITUTE              ,PA,16146-0000,Proprietary  ,53,114,167,53,,114,167
02092502,BUSINESS INSTITUTE OF PENNSYLVANIA      ,PA,16335-0000,Proprietary  ,8,11,19,8,,11,19
02104003,HARRIS SCHOOL OF BUSINESS - UPPER DARBY ,PA,19082-2528,Proprietary  ,11,19,30,11,,19,30
02107300,PENNSYLVANIA ACADEMY OF FINE ARTS       ,PA,19102-1424,Private      ,209,199,408,209,,199,408
02112200,GREAT LAKES INSTITUTE OF TECHNOLOGY     ,PA,16509-0000,Proprietary  ,120,121,241,120,,121,241
02114200,JOHNSON COLLEGE                         ,PA,18508-0000,Private      ,235,123,358,235,,123,358
02116001,SANFORD-BROWN INSTITUTE - TREVOSE       ,PA,19053-4700,Proprietary  ,2,6,8,2,,6,8
02118000,LEVITTOWN BEAUTY ACADEMY LLC            ,PA,19054-1713,Proprietary  ,3,5,8,3,,5,8
02119300,PA ACAD OF COSMETOLOGY ARTS & SCI       ,PA,15904-0000,Proprietary  ,18,10,28,18,,10,28
02120800,"YORKTOWNE BUSINESS INSTITUTE, INC.      ",PA,17404-0000,Proprietary  ,37,81,118,37,,81,118
02127400,YORK TECHNICAL INSTITUTE                ,PA,17402-0000,Proprietary  ,470,673,1143,470,,673,1143
02129000,TRIANGLE TECH                           ,PA,15601-0000,Proprietary  ,74,87,161,74,,87,161
02129001,TRIANGLE TECH - BUSINESS CAREERS INSTITU,PA,15601-3304,Proprietary  ,6,2,8,6,,2,8
02144000,"VISION ACADEMY, THE                     ",PA,18103-0000,Proprietary  ,3,10,13,3,,10,13
02151500,CENTRAL SUSQUEHANNA LPN CENTER          ,PA,17837-8818,Public       ,27,74,101,27,,74,101
02158300,JUNIATA-MIFFLIN CO AREA VOC TECH        ,PA,17044-0000,Public       ,7,18,25,7,,18,25
02161400,NORTHEASTERN HOSP SCH OF NRSG           ,PA,19134-0000,Private      ,35,145,180,35,,145,180
02169600,CLEARFIELD CTY CAREER AND TECH CNTR     ,PA,16830-0000,Public       ,19,33,52,19,,33,52
02174400,TRIANGLE TECH                           ,PA,15801-0000,Proprietary  ,101,76,177,101,,76,177
02178900,ACADEMY OF HAIR DESIGN                  ,PA,18202-1465,Proprietary  ,8,46,54,8,,46,54
02183000,ORLEANS TECHNICAL INSTITUTE             ,PA,19111-0000,Private      ,57,122,179,57,,122,179
02192800,WALNUT HILL COLLEGE                     ,PA,19104-0000,Proprietary  ,232,152,384,232,,152,384
02202300,SANFORD-BROWN INSTITUTE                 ,PA,15219-1907,Proprietary  ,24,81,105,24,,81,105
02202301,SANFORD-BROWN INSTITUTE                 ,PA,15146-2141,Proprietary  ,3,8,11,3,,8,11
02203900,ERIE INSTITUTE OF TECHNOLOGY            ,PA,16565-1002,Proprietary  ,74,91,165,74,,91,165
02206200,"VISION ACADEMY, THE                     ",PA,19002-0000,Proprietary  ,6,19,25,6,,19,25
02206300,STROUDSBURG SCHOOL OF COSMETOLOGY       ,PA,18360-0000,Proprietary  ,7,7,14,7,,7,14
02212700,LANCASTER SCHOOL OF COSMETOLOGY         ,PA,17602-0000,Proprietary  ,19,21,40,19,,21,40
02234200,ACADEMY OF MEDICAL ARTS & BUSINESS      ,PA,17112-0000,Proprietary  ,89,112,201,89,,112,201
02251200,SCHUYLKILL COUNTY AREA VOC TECH SCH     ,PA,17931-0000,Public       ,11,34,45,11,,34,45
02251202,SCHUYLKILL COUNTY AREA VOC TECH SCH     ,PA,17931-0000,Public       ,4,12,16,4,,12,16
02253900,BERKS TECHNICAL INSTITUTE               ,PA,19610-1168,Proprietary  ,352,483,835,352,,483,835
02255200,PENNSYLVANIA SCHOOL OF BUSINESS         ,PA,18101-1604,Proprietary  ,4,2,6,4,,2,6
02269900,PENNSYLVANIA COLLEGE OF ART & DESIGN    ,PA,17603-3528,Private      ,286,39,325,286,,39,325
02270500,BUCKS COUNTY SCHOOL OF BEAUTY CULT      ,PA,19053-0000,Proprietary  ,9,10,19,9,,10,19
02273400,RECONSTRUCTIONIST RABBINICAL COLLEG     ,PA,19095-0000,Private      ,0,9,9,0,,9,9
02276600,HANOVER PUBLIC SCH DIST PRAC NURSG      ,PA,17331-0000,Public       ,2,23,25,2,,23,25
02282500,LENAPE SCHOOL OF PRACTICAL NURSING      ,PA,16226-0000,Public       ,19,45,64,19,,45,64
02289500,PACE INSTITUTE                          ,PA,19601-0000,Proprietary  ,13,18,31,13,,18,31
02289600,CONSOLIDATED SCHOOL OF BUSINESS         ,PA,17404-0000,Proprietary  ,11,44,55,11,,44,55
02289700,ACADEMY OF CREATIVE HAIR DESIGN         ,PA,18702-0000,Proprietary  ,19,34,53,19,,34,53
02289800,CHI INSTITUTE - FRANKLIN MILLS          ,PA,19154-0000,Proprietary  ,71,196,267,71,,196,267
02290400,"ALTOONA BEAUTY SCHOOL, INC              ",PA,16602-0000,Proprietary  ,17,18,35,17,,18,35
02292700,LANSDALE SCHOOL OF COSMETOLOGY          ,PA,19446-0000,Proprietary  ,0,12,12,0,,12,12
02299300,TRINITY EPISCOPAL SCHOOL MINISTRY       ,PA,15003-0000,Private      ,2,24,26,2,,24,26
02301300,PRISM CAREER INSTITUTE                  ,PA,19082-2448,Proprietary  ,43,123,166,43,,123,166
02304400,YTI CAREER INSTITUTE - MECHANICSBURG    ,PA,17055-0000,Proprietary  ,26,23,49,26,,23,49
02306200,VENANGO COUNTY AREA VOC TECH SCHOOL     ,PA,16301-0000,Public       ,10,19,29,10,,19,29
02310800,LANCASTER COUNTY CAREER & TECH CTR      ,PA,17584-0000,Public       ,69,146,215,69,,146,215
02323000,BIBLICAL THEOLOGICAL SEMINARY           ,PA,19440-2421,Private      ,0,23,23,0,,23,23
02330300,LEBANON CO CAREER & TECHNOLOGY CTR      ,PA,17042-0000,Public       ,14,61,75,14,,61,75
02330600,PENNSYLVANIA GUNSMITH SCHOOL            ,PA,15202-0000,Proprietary  ,37,45,82,37,,45,82
02350100,WESTERN AREA CAREER & TECHNOLOGY CT     ,PA,15317-0000,Public       ,12,25,37,12,,25,37
02350200,INDIANA COUNTY TECH CTR SCH PR NSG      ,PA,15701-1465,Public       ,11,34,45,11,,34,45
02353100,NORTHERN TIER CAREER CENTER             ,PA,18848-0000,Public       ,11,33,44,11,,33,44
02362300,MERCER COUNTY AREA VOC TECH SCHOOL      ,PA,16137-0000,Public       ,7,18,25,7,,18,25
02492600,EASTERN CTR ARTS AND TECH PR NSG        ,PA,19090-0000,Public       ,5,46,51,5,,46,51
02495500,ALL-STATE CAREER SCHOOL                 ,PA,19029-0000,Proprietary  ,50,186,236,50,,186,236
02529800,WILKES BARRE AREA CAREER AND TECHNICAL C,PA,18705-0000,Public       ,35,71,106,35,,71,106
02536600,COMMONWEALTH TECH INSTIT @ HIRAM G      ,PA,15905-0000,Public       ,72,25,97,72,,25,97
02544300,BUTLER BEAUTY SCHOOL                    ,PA,16001-0000,Proprietary  ,11,15,26,11,,15,26
02545000,LAWRENCE COUNTY CAREER AND TECHNICAL CEN,PA,16101-0000,Public       ,7,21,28,7,,21,28
02546200,LAUREL BUSINESS INSTITUTE               ,PA,15401-0877,Proprietary  ,51,65,116,51,,65,116
02550000,CLARION CO AREA VOC-TECH PRAC NRSG      ,PA,16254-4637,Public       ,7,13,20,7,,13,20
02554500,HAZLETON AREA CAREER CENTER PRACTICAL NU,PA,18201-0000,Public       ,18,16,34,18,,16,34
02557800,ART INSTITUTE OF YORK (THE) - PENNSYLVAN,PA,17402-9012,Proprietary  ,249,97,346,249,,97,346
02566400,ALBERT EINSTEIN MED CTR DEPT DNTL       ,PA,19141-3098,Private      ,15,45,60,15,,45,60
02574800,PENNSYLVANIA INSTITUTE OF TAXIDERMY     ,PA,15931-0000,Proprietary  ,6,4,10,6,,4,10
02609500,CAREER TRAINING ACADEMY                 ,PA,15068-6308,Proprietary  ,14,58,72,14,,58,72
02609501,CAREER TRAINING ACADEMY                 ,PA,15146-0000,Proprietary  ,5,14,19,5,,14,19
02616100,JEAN MADELINE ED CTR FOR COSM           ,PA,19147-1542,Proprietary  ,102,101,203,102,,101,203
02617507,EVEREST COLLEGE - EVEREST INSTITUTE - BE,PA,19020-2062,Proprietary  ,48,109,157,48,,109,157
03010800,FORTIS INSTITUTE                        ,PA,16506-1013,Proprietary  ,216,570,786,216,,570,786
03011500,FORTIS INSTITUTE                        ,PA,18702-0000,Proprietary  ,18,36,54,18,,36,54
03011600,FORTIS INSTITUTE                        ,PA,18509-2903,Proprietary  ,58,147,205,58,,147,205
03029900,CONSOLIDATED SCHOOL OF BUSINESS         ,PA,17603-2389,Proprietary  ,22,38,60,22,,38,60
03067000,ANTONELLI MEDICAL & PROF INST           ,PA,19464-9244,Proprietary  ,7,13,20,7,,13,20
03072600,DCI CAREER INSTITUTE                    ,PA,15061-2307,Proprietary  ,14,31,45,14,,31,45
03081900,YTI CAREER INSTITUTE - ALTOONA          ,PA,16602-4457,Proprietary  ,80,145,225,80,,145,225
03090800,LAKE ERIE COLL OF OSTEOPATHIC MED       ,PA,16509-0000,Private      ,76,2340,2416,76,,2340,2416
03098600,CAREER TECH CTR OF LACKAWANNA CNTY      ,PA,18508-0000,Public       ,29,67,96,29,,67,96
03101400,FORBES ROAD CAREER & TECHNOLOGY CTR     ,PA,15146-1550,Public       ,6,9,15,6,,9,15
03101500,BIDWELL TRAINING CENTER                 ,PA,15233-2233,Private      ,5,29,34,5,,29,34
03103300,JNA INSTITUTE OF CULINARY ARTS          ,PA,19146-3119,Proprietary  ,54,68,122,54,,68,122
03109100,METROPOLITAN CAREER CENTER              ,PA,19144-0000,Private      ,15,50,65,15,,50,65
03110700,AVIATION INSTITUTE OF MAINTENANCE       ,PA,19114-1017,Proprietary  ,39,102,141,39,,102,141
03120400,REGIONAL CAREER & TECHNICAL CENTER      ,PA,16509-4699,Public       ,4,13,17,4,,13,17
03128400,DELAWARE COUNTY TECHNICAL SCHOOL        ,PA,19008-1928,Public       ,21,63,84,21,,63,84
03180400,PENNSYLVANIA HIGHLANDS COMMUNITY COLLEGE,PA,15904-2927,Public       ,466,356,822,466,,356,822
03236400,LT INTERNATIONAL BEAUTY SCHOOL          ,PA,19130-2235,Proprietary  ,11,33,44,11,,33,44
03353300,ACADEMY OF VOCAL ARTS                   ,PA,19103-6685,Private      ,16,45,61,16,,45,61
03380301,STAR CAREER ACADEMY - STAR PHILADELPHIA ,PA,19114-2204,Proprietary  ,89,257,346,89,,257,346
03380304,STAR CAREER ACADEMY - STAR NORRISTOWN   ,PA,19403-2422,Proprietary  ,8,13,21,8,,13,21
03493302,ALL-STATE CAREER - WEST MIFFLIN CAMPUS  ,PA,15122-0000,Proprietary  ,16,19,35,16,,19,35
03535300,HUNTINGDON COUNTY CAREER AND TECHNO     ,PA,17060-0905,Public       ,3,6,9,3,,6,9
03561400,SUSQUEHANNA COUNTY CAREER & TECHNOL     ,PA,18816-0100,Public       ,7,17,24,7,,17,24
03766300,PENNSYLVANIA SCHOOL OF MUSCLE THERAPY   ,PA,19406-3101,Proprietary  ,9,15,24,9,,15,24
03781300,PRINCETON INFORMATION TECHNOLOGY CENTER ,PA,19038-4535,Proprietary  ,5,51,56,5,,51,56
03899300,CALVARY BAPTIST THEOLOGICAL SEMINARY    ,PA,19446-4718,Private      ,0,4,4,0,,4,4
03923300,PRECISION MANUFACTURING INSTITUTE       ,PA,16335-8380,Private      ,4,23,27,4,,23,27
03948300,HARRISBURG UNIVERSITY OF SCIENCE AND TEC,PA,17101-2116,Private      ,356,111,467,356,,111,467
03949300,WON INSTITUTE OF GRADUATE STUDIES       ,PA,19038-4535,Private      ,2,15,17,2,,15,17
03950500,NORTHWEST REGIONAL TECHNOLOGY INSTITUTE ,PA,16508-2820,Proprietary  ,4,10,14,4,,10,14
03952300,NATIONAL MASSAGE THERAPY INSTITUTE      ,PA,19116-3965,Proprietary  ,12,44,56,12,,44,56
04024300,EDUCATION AND TECHNOLOGY INSTITUTE      ,PA,15601-9214,Private      ,8,6,14,8,,6,14
04041300,BERKS CAREER & TECHNOLOGY CENTER        ,PA,19533-9112,Public       ,14,13,27,14,,13,27
04118000,BYZANTINE CATHOLIC SEMINARY OF SAINTS CY,PA,15214-2229,Private      ,0,6,6,0,,6,6
04127500,CAREER DEVELOPMENT & EMPLOYMENT         ,PA,18702-5253,Proprietary  ,2,8,10,2,,8,10
04145800,PULSE BEAUTY ACADEMY A PAUL MITCHELL PAR,PA,19335-0000,Proprietary  ,25,14,39,25,,14,39
04149800,SOMERSET COUNTY TECHNOLOGY CENTER       ,PA,15501-1444,Public       ,16,40,56,16,,40,56
04151700,BELLA CAPELLI ACADEMY                   ,PA,15146-2388,Proprietary  ,18,15,33,18,,15,33
04151701,BELLA CAPELLI ACADEMY -                 ,PA,15205-2388,Proprietary  ,20,26,46,20,,26,46
04155100,INSTITUTE OF MEDICAL CAREERS            ,PA,15235-3718,Proprietary  ,10,36,46,10,,36,46
04158000,METRO BEAUTY ACADEMY                    ,PA,18106-9693,Proprietary  ,25,41,66,25,,41,66
04164900,BARONE BEAUTY ACADEMY                   ,PA,17701-5316,Proprietary  ,8,26,34,8,,26,34
04167200,COMMONWEALTH MEDICAL COLLEGE (THE)      ,PA,18503-3251,Private      ,9,407,416,9,,407,416
04167500,WORLD A CUTS BARBER INSTITUTE           ,PA,17401-1105,Proprietary  ,1,11,12,1,,11,12
04215500,CHAMP'S BARBER SCHOOL                   ,PA,17603-3809,Proprietary  ,8,19,27,8,,19,27
04221300,PHILADELPHIA TECHNICIAN TRAINING        ,PA,19138-1324,Private      ,14,62,76,14,,62,76
04224600,BARBER SCHOOL OF PITTSBURGH             ,PA,15220-5537,Proprietary  ,10,39,49,10,,39,49
04226300,DIVINE CROWN ACADEMY OF COSMETOLOGY     ,PA,17104-2103,Proprietary  ,11,16,27,11,,16,27
00267813,BRYANT & STRATTON COLLEGE - MIL DOWNTOWN,WI,53203-2608,Proprietary  ,312,1071,1383,312,,1071,1383
00383200,ALVERNO COLLEGE                         ,WI,53234-3922,Private      ,1037,1230,2267,1037,,1230,2267
00383500,BELOIT COLLEGE                          ,WI,53511-5595,Private      ,1797,94,1891,1797,,94,1891
00383700,CARDINAL STRITCH UNIVERSITY             ,WI,53217-9884,Private      ,966,1450,2416,966,,1450,2416
00383800,CARROLL UNIVERSITY                      ,WI,53186-5593,Private      ,3278,444,3722,3278,,444,3722
00383900,CARTHAGE COLLEGE                        ,WI,53141-0000,Private      ,4155,430,4585,4155,,430,4585
00384000,WESTERN TECHNICAL COLLEGE               ,WI,54601-0908,Public       ,861,615,1476,861,,615,1476
00384200,CONCORDIA UNIVERSITY WISCONSIN          ,WI,53097-2402,Private      ,2975,1711,4686,2975,,1711,4686
00384800,EDGEWOOD COLLEGE                        ,WI,53711-1958,Private      ,1504,612,2116,1504,,612,2116
00385000,SILVER LAKE COLLEGE                     ,WI,54220-9319,Private      ,125,104,229,125,,104,229
00385400,LAKELAND COLLEGE                        ,WI,53082-0000,Private      ,1019,745,1764,1019,,745,1764
00385600,LAWRENCE UNIVERSITY                     ,WI,54912-0599,Private      ,1962,81,2043,1962,,81,2043
00386100,MARIAN UNIVERSITY                       ,WI,54935-4699,Private      ,1066,458,1524,1066,,458,1524
00386300,MARQUETTE UNIVERSITY                    ,WI,53201-1881,Private      ,15905,2922,18827,15905,,2922,18827
00386600,MILWAUKEE AREA TECH COLLEGE             ,WI,53233-1443,Public       ,2808,5656,8464,2808,,5656,8464
00386800,MILWAUKEE SCHOOL OF ENGINEERING         ,WI,53202-3109,Private      ,2755,505,3260,2755,,505,3260
00386900,MOUNT MARY UNIVERSITY                   ,WI,53222-4597,Private      ,719,762,1481,719,,762,1481
00387400,NASHOTAH HOUSE                          ,WI,53058-0000,Private      ,1,17,18,1,,17,18
00387500,NORTHLAND COLLEGE                       ,WI,54806-3999,Private      ,676,53,729,676,,53,729
00388400,RIPON COLLEGE                           ,WI,54971-0248,Private      ,1226,57,1283,1226,,57,1283
00389200,ST. NORBERT COLLEGE                     ,WI,54115-2099,Private      ,2227,75,2302,2227,,75,2302
00389500,UNIVERSITY OF WISCONSIN-MADISON         ,WI,53715-1382,Public       ,20504,5627,26131,20504,,5627,26131
00389600,UNIVERSITY OF WISCONSIN-MILWAUKEE       ,WI,53201-3165,Public       ,12063,6386,18449,12063,,6386,18449
00389700,UNIVERSITY OF WISCONSIN COLLEGES        ,WI,53708-8680,Public       ,2056,901,2957,2056,,901,2957
00389701,UNIVERSITY OF WISCONSIN-BARABOO         ,WI,53913-1098,Public       ,231,77,308,231,,77,308
00389702,UNIVERSITY OF WISCONSIN-BARRON          ,WI,54868-2497,Public       ,207,76,283,207,,76,283
00389703,UNIVERSITY OF WISCONSIN-FOND DU LAC     ,WI,54935-2998,Public       ,250,108,358,250,,108,358
00389704,UNIVERSITY OF WISCONSIN-FOX VALLEY      ,WI,54952-1297,Public       ,648,180,828,648,,180,828
00389705,UNIVERSITY OF WISCONSIN-MANITOWOC       ,WI,54220-6699,Public       ,156,54,210,156,,54,210
00389706,UNIVERSITY OF WISCONSIN-MARATHON        ,WI,54401-5396,Public       ,465,126,591,465,,126,591
00389707,UNIVERSITY OF WISCONSIN-MARINETTE       ,WI,54143-4299,Public       ,192,45,237,192,,45,237
00389708,UNIVERSITY OF WISCONSIN-MARSHFIELD      ,WI,54449-3310,Public       ,187,65,252,187,,65,252
00389709,UNIVERSITY OF WISCONSIN-RICHLAND        ,WI,53581-1399,Public       ,151,40,191,151,,40,191
00389710,UNIVERSITY OF WISCONSIN COLLEGES - ROCK ,WI,53546-5699,Public       ,375,227,602,375,,227,602
00389711,UNIVERSITY OF WISCONSIN-SHEBOYGAN       ,WI,53081-4789,Public       ,307,116,423,307,,116,423
00389712,UNIVERSITY OF WISCONSIN-WASHINGTON      ,WI,53095-3699,Public       ,336,90,426,336,,90,426
00389713,UNIVERSITY OF WISCONSIN-WAUKESHA        ,WI,53188-2799,Public       ,878,282,1160,878,,282,1160
00389900,UNIVERSITY OF WISCONSIN-GREEN BAY       ,WI,54311-7001,Public       ,3063,1165,4228,3063,,1165,4228
00391100,VITERBO UNIVERSITY                      ,WI,54601-4777,Private      ,1613,622,2235,1613,,622,2235
00391500,UNIVERSITY OF WISCONSIN-STOUT           ,WI,54751-0790,Public       ,3881,823,4704,3881,,823,4704
00391700,UNIVERSITY OF WISCONSIN-EAU CLAIRE      ,WI,54702-4004,Public       ,6040,766,6806,6040,,766,6806
00391900,UNIVERSITY OF WISCONSIN-LA CROSSE       ,WI,54601-3742,Public       ,7031,903,7934,7031,,903,7934
00392000,UNIVERSITY OF WISCONSIN-OSHKOSH         ,WI,54901-8604,Public       ,6384,1597,7981,6384,,1597,7981
00392100,UNIVERSITY OF WISCONSIN-PLATTEVILLE     ,WI,53818-3099,Public       ,5619,837,6456,5619,,837,6456
00392300,UNIVERSITY OF WISCONSIN-RIVER FALLS     ,WI,54022-5013,Public       ,2638,445,3083,2638,,445,3083
00392400,UNIVERSITY OF WISCONSIN-STEVENS POINT   ,WI,54481-3871,Public       ,5432,923,6355,5432,,923,6355
00392500,UNIVERSITY OF WISCONSIN-SUPERIOR        ,WI,54880-2898,Public       ,901,517,1418,901,,517,1418
00392600,UNIVERSITY OF WISCONSIN-WHITEWATER      ,WI,53190-1792,Public       ,7385,1336,8721,7385,,1336,8721
00400700,MADISON AREA TECHNICAL COLLEGE          ,WI,53704-2599,Public       ,2058,2674,4732,2058,,2674,4732
00501500,UNIVERSITY OF WISCONSIN-PARKSIDE        ,WI,53141-2000,Public       ,2200,987,3187,2200,,987,3187
00529400,WAUKESHA COUNTY TECHNICAL COLLEGE       ,WI,53072-4696,Public       ,637,1056,1693,637,,1056,1693
00530100,NORTHEAST WISCONSIN TECHNICAL COLLEGE   ,WI,54307-9042,Public       ,1273,1643,2916,1273,,1643,2916
00530400,CHIPPEWA VALLEY TECHNICAL COLLEGE       ,WI,54701-6162,Public       ,949,1083,2032,949,,1083,2032
00538000,MID-STATE TECHNICAL COLLEGE             ,WI,54494-5512,Public       ,322,568,890,322,,568,890
00538400,NICOLET AREA TECHNICAL COLLEGE          ,WI,54501-0000,Public       ,231,266,497,231,,266,497
00538700,NORTHCENTRAL TECHNICAL COLLEGE          ,WI,54401-1899,Public       ,509,770,1279,509,,770,1279
00538900,GATEWAY TECHNICAL COLLEGE               ,WI,53144-1690,Public       ,979,3098,4077,979,,3098,4077
00539000,BLACKHAWK TECHNICAL COLLEGE             ,WI,53547-5009,Public       ,386,785,1171,386,,785,1171
00663900,BELLIN COLLEGE                          ,WI,54305-0000,Private      ,236,92,328,236,,92,328
00732934,ITT TECHNICAL INSTITUTE                 ,WI,53220-4612,Proprietary  ,64,294,358,64,,294,358
00766900,SOUTHWEST WISCONSIN TECH COLLEGE        ,WI,53809-0000,Public       ,435,305,740,435,,305,740
00821700,PAUL MITCHELL THE SCHOOL GREEN BAY      ,WI,54324-0257,Proprietary  ,22,34,56,22,,34,56
00869405,RASMUSSEN COLLEGE - WAUSAU              ,WI,54401-7804,Proprietary  ,28,263,291,28,,263,291
00869414,RASMUSSEN COLLEGE - GREEN BAY           ,WI,54303-2349,Proprietary  ,53,249,302,53,,249,302
00869419,RASMUSSEN COLLEGE - APPLETON            ,WI,54915-7305,Proprietary  ,24,197,221,24,,197,221
00919400,LAKESHORE TECHNICAL COLLEGE             ,WI,53015-1412,Public       ,300,534,834,300,,534,834
00925600,MORAINE PARK TECHNICAL COLLEGE          ,WI,54936-0000,Public       ,445,966,1411,445,,966,1411
00941900,STATE CLG OF BEAUTY CULT-WAUSAU         ,WI,54403-4667,Proprietary  ,13,22,35,13,,22,35
00962100,HERZING UNIVERSITY                      ,WI,53718-4236,Proprietary  ,389,3890,4279,389,,3890,4279
00974400,FOX VALLEY TECHNICAL COLLEGE            ,WI,54913-0000,Public       ,1341,1909,3250,1341,,1909,3250
01091300,MADISON MEDIA INSTITUTE                 ,WI,53718-6787,Proprietary  ,228,174,402,228,,174,402
01148400,ADVANCED INSTITUTE OF HAIR DESIGN       ,WI,53225-0000,Proprietary  ,68,72,140,68,,72,140
01182400,WISCONSIN INDIANHEAD TECH CLG WITC      ,WI,54871-9300,Public       ,389,658,1047,389,,658,1047
02077100,MILWAUKEE INST OF ART & DESIGN          ,WI,53202-0000,Private      ,630,167,797,630,,167,797
02078000,SACRED HEART SCHOOL OF THEOLOGY         ,WI,53130-0000,Private      ,0,1,1,0,,1,1
02136600,WISCONSIN LUTHERAN COLLEGE              ,WI,53226-0000,Private      ,981,139,1120,981,,139,1120
02239204,ANTHEM COLLEGE - BROOKFIELD             ,WI,53005-4207,Proprietary  ,6,37,43,6,,37,43
02271300,WI SCH OF PROFESSIONAL PSYCHOLOGY       ,WI,53225-0000,Private      ,20,61,81,20,,61,81
02317200,MARANATHA BAPTIST BIBLE COLLEGE         ,WI,53094-0000,Private      ,366,52,418,366,,52,418
02453500,MEDICAL COLLEGE OF WISCONSIN            ,WI,53226-0000,Private      ,61,1031,1092,61,,1031,1092
02494300,GILL-TECH ACADEMY OF HAIR DESIGN        ,WI,54911-0000,Proprietary  ,17,19,36,17,,19,36
02532200,LAC COURTE OREILLES OJIBWA CMTY CLG     ,WI,54843-0000,Public       ,22,71,93,22,,71,93
03061200,MIDWEST COLLEGE OF ORIENTAL MEDICINE    ,WI,53403-9747,Proprietary  ,14,71,85,14,,71,85
03125100,COLLEGE OF MENOMINEE NATION             ,WI,54135-0000,Private      ,32,101,133,32,,101,133
03125102,COLLEGE OF  THE MENOMINEE NATION - GREEN,WI,54304-4964,Private      ,16,86,102,16,,86,102
03220300,"SALON PROFESSIONAL ACADEMY, THE         ",WI,54701-7633,Proprietary  ,14,26,40,14,,26,40
03309300,MONTESSORI INSTITUTE OF MILWAUKEE       ,WI,53207-0000,Private      ,4,13,17,4,,13,17
03808300,INSTITUTE OF BEAUTY AND WELLNESS (THE)  ,WI,53202-5715,Proprietary  ,65,75,140,65,,75,140
03822300,PAUL MITCHELL THE SCHOOL - MONROE       ,WI,53566-0000,Proprietary  ,15,7,22,15,,7,22
03872500,NORTHLAND INTERNATIONAL UNIVERSITY      ,WI,54119-9285,Private      ,103,14,117,103,,14,117
03925300,BLUE SKY SCHOOL OF PROFESSIONAL MASSAGE ,WI,53024-9699,Private      ,5,7,12,5,,7,12
03925301,BLUE SKY SCHOOL OF PROFESSIONAL MASSAGE ,WI,54115-7407,Private      ,2,10,12,2,,10,12
03925303,BLUE SKY SCHOOL OF PROFESSIONAL MASSAGE ,WI,53713-2366,Private      ,4,20,24,4,,20,24
04117400,MILWAUKEE CAREER COLLEGE                ,WI,53222-4305,Proprietary  ,85,187,272,85,,187,272
04118600,ACADEMY OF COSMETOLOGY                  ,WI,53548-3307,Proprietary  ,17,37,54,17,,37,54
04124800,VISIONS IN HAIR DESIGN INSTITUTE OF COSM,WI,53210-1120,Proprietary  ,15,26,41,15,,26,41
04132600,WISCONSIN ACADEMY (THE)                 ,WI,54157-1726,Proprietary  ,6,15,21,6,,15,21
04137900,BRENSTEN EDUCATION                      ,WI,53186-0000,Proprietary  ,10,112,122,10,,112,122
04138200,SALON PROFESSIONAL ACADEMY (THE)        ,WI,54914-3921,Proprietary  ,16,25,41,16,,25,41
04157700,SALON PROFESSIONAL ACADEMY (THE)        ,WI,54650-8699,Proprietary  ,14,16,30,14,,16,30
04159400,COLUMBIA COLLEGE OF NURSING             ,WI,53211-2952,Private      ,129,139,268,129,,139,268
04165300,ACADEMY WAUKESHA (THE)                  ,WI,53072-5524,Proprietary  ,25,34,59,25,,34,59
04179200,ADVANCED COLLEGE OF COSMETOLOGY         ,WI,53963-0000,Proprietary  ,9,9,18,9,,9,18
04182100,FIRST CLASS COSMETOLOGY SCHOOL          ,WI,52511-0000,Proprietary  ,13,29,42,13,,29,42
04183600,SALON PROFESSIONAL ACADEMY OF KENOSHA (T,WI,53142-4950,Proprietary  ,22,45,67,22,,45,67
04193800,SHEPHERDS COLLEGE                       ,WI,53182-1527,Private      ,12,6,18,12,,6,18
04202800,PANACHE ACADEMY OF BEAUTY               ,WI,53913-2596,Proprietary  ,9,10,19,9,,10,19
04219300,EAST-WEST HEALING ARTS INSTITUTE        ,WI,53719-1133,Proprietary  ,7,23,30,7,,23,30
00290500,NORTH CAROLINA A&T STATE UNIV           ,NC,27411-0001,Public       ,11371,3535,14906,11371,,3535,14906
00290600,APPALACHIAN STATE UNIVERSITY            ,NC,28608-2059,Public       ,14296,2813,17109,14296,,2813,17109
00290700,UNIVERSITY OF NC AT ASHEVILLE           ,NC,28804-3299,Public       ,3427,1024,4451,3427,,1024,4451
00290800,BARTON COLLEGE                          ,NC,27893-3104,Private      ,1093,345,1438,1093,,345,1438
00291000,BELMONT ABBEY COLLEGE                   ,NC,28012-1802,Private      ,968,455,1423,968,,455,1423
00291100,BENNETT COLLEGE                         ,NC,27401-3239,Private      ,794,262,1056,794,,262,1056
00291200,BREVARD COLLEGE                         ,NC,28712-3306,Private      ,918,108,1026,918,,108,1026
00291300,CAMPBELL UNIVERSITY                     ,NC,27506-0036,Private      ,3720,1938,5658,3720,,1938,5658
00291400,CATAWBA COLLEGE                         ,NC,28144-2488,Private      ,1458,283,1741,1458,,283,1741
00291500,CENTRAL PIEDMONT COMMUNITY COLLEGE      ,NC,28204-2297,Public       ,4089,5862,9951,4089,,5862,9951
00291600,CHOWAN UNIVERSITY                       ,NC,27855-1850,Private      ,1840,271,2111,1840,,271,2111
00291700,COLLEGE OF THE ALBEMARLE                ,NC,27909-2327,Public       ,423,537,960,423,,537,960
00291800,DAVIDSON COLLEGE                        ,NC,28035-7157,Private      ,3250,120,3370,3250,,120,3370
00291900,DAVIDSON COUNTY COMMUNITY COLLEGE       ,NC,27293-0000,Public       ,772,1642,2414,772,,1642,2414
00292000,DUKE UNIVERSITY                         ,NC,27708-0397,Private      ,16995,1785,18780,16995,,1785,18780
00292001,DUKE UNIV - SCHOOL OF MEDICINE          ,NC,27710-0000,Private      ,161,690,851,161,,690,851
00292002,DUKE UNIV - SCHOOL OF LAW               ,NC,27708-0000,Private      ,48,1771,1819,48,,1771,1819
00292003,DUKE UNIV - GRAD SCH ARTS & SCIENCE     ,NC,27708-0000,Private      ,141,527,668,141,,527,668
00292004,DUKE UNIV - FUQUA SCH OF BUSINESS       ,NC,27708-0000,Private      ,99,473,572,99,,473,572
00292005,DUKE UNIV/NICHOLAS SCH OF ENVIRON.      ,NC,27708-0000,Private      ,21,279,300,21,,279,300
00292006,DUKE UNIV - DIVINITY SCHOOL             ,NC,27708-0000,Private      ,292,444,736,292,,444,736
00292007,DUKE UNIV - SCHOOL OF NURSING           ,NC,27710-0000,Private      ,135,782,917,135,,782,917
00292010,DUKE UNIVERSITY - SCHOOL OF PUBLIC POLIC,NC,27708-0239,Private      ,28,156,184,28,,156,184
00292300,EAST CAROLINA UNIVERSITY                ,NC,27858-1818,Public       ,17167,6126,23293,17167,,6126,23293
00292600,ELIZABETH CITY STATE UNIVERSITY         ,NC,27909-7806,Public       ,1928,677,2605,1928,,677,2605
00292700,ELON UNIVERSITY                         ,NC,27244-2010,Private      ,6711,768,7479,6711,,768,7479
00292800,FAYETTEVILLE STATE UNIVERSITY           ,NC,28301-4298,Public       ,3288,2985,6273,3288,,2985,6273
00292900,GARDNER-WEBB UNIVERSITY                 ,NC,28017-0000,Private      ,2192,1290,3482,2192,,1290,3482
00293000,GREENSBORO COLLEGE                      ,NC,27401-1875,Private      ,1093,495,1588,1093,,495,1588
00293100,GUILFORD COLLEGE                        ,NC,27410-4171,Private      ,2153,1136,3289,2153,,1136,3289
00293300,HIGH POINT UNIVERSITY                   ,NC,27262-4221,Private      ,5145,444,5589,5145,,444,5589
00293400,ISOTHERMAL COMMUNITY COLLEGE            ,NC,28160-0804,Public       ,339,431,770,339,,431,770
00293500,LAUREL UNIVERSITY                       ,NC,27265-3197,Private      ,20,120,140,20,,120,140
00293600,JOHNSON C SMITH UNIVERSITY              ,NC,28216-5398,Private      ,1735,800,2535,1735,,800,2535
00293700,KING'S COLLEGE-CHARLOTTE                ,NC,28204-2435,Proprietary  ,420,300,720,420,,300,720
00293900,LEES MCRAE COLLEGE                      ,NC,28604-0000,Private      ,776,236,1012,776,,236,1012
00294000,LENOIR COMMUNITY COLLEGE                ,NC,28502-0188,Public       ,450,812,1262,450,,812,1262
00294100,LENOIR-RHYNE UNIVERSITY                 ,NC,28603-0000,Private      ,2023,586,2609,2023,,586,2609
00294200,LIVINGSTONE COLLEGE                     ,NC,28144-5298,Private      ,965,296,1261,965,,296,1261
00294300,LOUISBURG COLLEGE                       ,NC,27549-2398,Private      ,654,98,752,654,,98,752
00294400,MARS HILL COLLEGE                       ,NC,28754-0000,Private      ,1692,258,1950,1692,,258,1950
00294500,MEREDITH COLLEGE                        ,NC,27607-5298,Private      ,1590,419,2009,1590,,419,2009
00294600,METHODIST UNIVERSITY                    ,NC,28311-1420,Private      ,2075,854,2929,2075,,854,2929
00294700,MITCHELL COMMUNITY COLLEGE              ,NC,28677-5264,Public       ,442,687,1129,442,,687,1129
00294800,MONTREAT COLLEGE                        ,NC,28757-1267,Private      ,345,262,607,345,,262,607
00294900,UNIVERSITY OF MOUNT OLIVE               ,NC,28365-1299,Private      ,909,1543,2452,909,,1543,2452
00295000,NORTH CAROLINA CENTRAL UNIVERSITY       ,NC,27707-3198,Public       ,7592,4055,11647,7592,,4055,11647
00295100,NORTH CAROLINA WESLEYAN COLLEGE         ,NC,27804-8699,Private      ,927,635,1562,927,,635,1562
00295300,PEACE COLLEGE                           ,NC,27604-1194,Private      ,922,377,1299,922,,377,1299
00295400,UNIV OF NORTH CAROLINA AT PEMBROKE      ,NC,28372-1510,Public       ,4533,1717,6250,4533,,1717,6250
00295500,PFEIFFER UNIVERSITY                     ,NC,28109-0000,Private      ,676,422,1098,676,,422,1098
00295600,PIEDMONT INTERNATIONAL UNIVERSITY       ,NC,27101-5025,Private      ,62,67,129,62,,67,129
00295700,QUEENS UNIVERSITY OF CHARLOTTE          ,NC,28274-0001,Private      ,1747,882,2629,1747,,882,2629
00295800,ROCKINGHAM COMMUNITY COLLEGE            ,NC,27375-0000,Public       ,455,533,988,455,,533,988
00296000,SALEM COLLEGE                           ,NC,27108-0000,Private      ,736,406,1142,736,,406,1142
00296100,SANDHILLS COMMUNITY COLLEGE             ,NC,28374-8283,Public       ,715,1021,1736,715,,1021,1736
00296200,SHAW UNIVERSITY                         ,NC,27601-2393,Private      ,1874,874,2748,1874,,874,2748
00296300,SOUTHEASTERN BAPTIST THEOL SEMINARY     ,NC,27588-0000,Private      ,74,110,184,74,,110,184
00296400,SOUTHEASTERN COMMUNITY COLLEGE          ,NC,28472-5422,Public       ,201,278,479,201,,278,479
00296800,ST AUGUSTINES COLLEGE                   ,NC,27610-2298,Private      ,1095,370,1465,1095,,370,1465
00297000,SURRY COMMUNITY COLLEGE                 ,NC,27017-0304,Public       ,571,584,1155,571,,584,1155
00297200,NORTH CAROLINA STATE UNIV-RALEIGH       ,NC,27695-7001,Public       ,23354,6444,29798,23354,,6444,29798
00297300,GASTON COLLEGE                          ,NC,28034-1499,Public       ,950,1492,2442,950,,1492,2442
00297400,UNIVERSITY OF N C-CHAPEL HILL           ,NC,27514-0000,Public       ,24845,8703,33548,24845,,8703,33548
00297500,UNIVERSITY OF NC AT CHARLOTTE           ,NC,28223-0001,Public       ,19996,6974,26970,19996,,6974,26970
00297600,UNIVERSITY OF N C - GREENSBORO          ,NC,27412-0001,Public       ,12688,5789,18477,12688,,5789,18477
00297800,WAKE FOREST UNIV - UNDERGRADUATE        ,NC,27109-7246,Private      ,6701,294,6995,6701,,294,6995
00297801,WAKE FOREST UNIV - SCH OF MEDICINE      ,NC,27157-1090,Private      ,87,908,995,87,,908,995
00297803,WAKE FOREST GRAD SCHOOLS OF BUSINESS    ,NC,27109-7659,Private      ,29,328,357,29,,328,357
00297805,WAKE FOREST UNIV - SCH OF LAW           ,NC,27109-7206,Private      ,23,798,821,23,,798,821
00297806,WAKE FOREST UNIV - GRAD A&S/DIVINITY    ,NC,27109-7246,Private      ,27,404,431,27,,404,431
00297900,WARREN WILSON COLLEGE                   ,NC,28815-0000,Private      ,986,270,1256,986,,270,1256
00298000,WAYNE COMMUNITY COLLEGE                 ,NC,27533-0000,Public       ,568,1014,1582,568,,1014,1582
00298100,WESTERN CAROLINA UNIVERSITY             ,NC,28723-9731,Public       ,8021,2171,10192,8021,,2171,10192
00298200,WESTERN PIEDMONT COMMUNITY COLLEGE      ,NC,28655-4504,Public       ,388,454,842,388,,454,842
00298300,WILKES COMMUNITY COLLEGE                ,NC,28697-2100,Public       ,472,456,928,472,,456,928
00298400,UNIVERSITY OF N C-WILMINGTON            ,NC,28403-3297,Public       ,11807,3072,14879,11807,,3072,14879
00298500,WINGATE UNIVERSITY                      ,NC,28174-0159,Private      ,3361,730,4091,3361,,730,4091
00298600,WINSTON-SALEM STATE UNIVERSITY          ,NC,27102-0000,Public       ,5378,2715,8093,5378,,2715,8093
00398100,UNC SCHOOL OF THE ARTS                  ,NC,27127-2188,Public       ,1198,273,1471,1198,,273,1471
00403300,ASHEVILLE BUNCOMBE TECH CMTY CLG        ,NC,28801-4897,Public       ,1002,1887,2889,1002,,1887,2889
00406200,PITT COMMUNITY COLLEGE                  ,NC,28590-0000,Public       ,1803,2488,4291,1803,,2488,4291
00483500,CALDWELL COMMUNITY CLG & TECH INST      ,NC,28638-2626,Public       ,664,871,1535,664,,871,1535
00483800,GUILFORD TECHNICAL COMMUNITY CLG        ,NC,27282-0309,Public       ,3032,5535,8567,3032,,5535,8567
00484400,WAKE TECHNICAL COMMUNITY COLLEGE        ,NC,27603-5696,Public       ,4139,6619,10758,4139,,6619,10758
00484500,WILSON COMMUNITY COLLEGE                ,NC,27893-3310,Public       ,228,563,791,228,,563,791
00499201,MILLER-MOTTE TECHNICAL COLLEGE - MILLER-,NC,27511-9209,Proprietary  ,35,144,179,35,,144,179
00499202,MILLER-MOTTE TECHNICAL COLLEGE - MILLER-,NC,27604-6072,Proprietary  ,114,449,563,114,,449,563
00499203,MILLER-MOTTE TECHNICAL COLLEGE - FAYETTE,NC,28311-7651,Proprietary  ,104,560,664,104,,560,664
00499205,MILLER-MOTTE TECHNICAL COLLEGE - MILLER-,NC,28540-5901,Proprietary  ,36,248,284,36,,248,284
00531600,COASTAL CAROLINA COMMUNITY COLLEGE      ,NC,28546-6816,Public       ,614,1461,2075,614,,1461,2075
00531700,FORSYTH TECHNICAL COMMUNITY COLLEGE     ,NC,27103-5197,Public       ,1721,3441,5162,1721,,3441,5162
00531800,CATAWBA VALLEY COMMUNITY COLLEGE        ,NC,28602-8302,Public       ,1075,1204,2279,1075,,1204,2279
00532000,CAPE FEAR COMMUNITY COLLEGE             ,NC,28401-3910,Public       ,1682,1914,3596,1682,,1914,3596
00544700,RANDOLPH COMMUNITY COLLEGE              ,NC,27204-1009,Public       ,532,847,1379,532,,847,1379
00544800,DURHAM TECHNICAL CMNTY COLLEGE          ,NC,27703-5023,Public       ,853,2135,2988,853,,2135,2988
00544900,CENTRAL CAROLINA COMMUNITY COLLEGE      ,NC,27330-9000,Public       ,673,1318,1991,673,,1318,1991
00546300,ALAMANCE COMMUNITY COLLEGE              ,NC,27253-0000,Public       ,767,1331,2098,767,,1331,2098
00546400,RICHMOND COMMUNITY COLLEGE              ,NC,28345-4522,Public       ,262,536,798,262,,536,798
00575400,ROWAN-CABARRUS COMMUNITY COLLEGE        ,NC,28146-8357,Public       ,742,1498,2240,742,,1498,2240
00647700,CABARRUS COLLEGE OF HEALTH SCIENCES     ,NC,28025-0000,Private      ,213,356,569,213,,356,569
00647800,MERCY HOSP SCH OF NURSING               ,NC,28207-0000,Public       ,98,335,433,98,,335,433
00648300,WATTS SCHOOL OF NURSING                 ,NC,27704-0000,Private      ,56,178,234,56,,178,234
00679900,CRAVEN COMMUNITY COLLEGE                ,NC,28562-0000,Public       ,367,1190,1557,367,,1190,1557
00703100,PAMLICO COMMUNITY COLLEGE               ,NC,28529-0000,Public       ,20,84,104,20,,84,104
00764000,FAYETTEVILLE TECHNICAL CMTY COLLEGE     ,NC,28303-0236,Public       ,1324,4685,6009,1324,,4685,6009
00768700,JAMES SPRUNT COMMUNITY COLLEGE          ,NC,28349-0398,Public       ,128,359,487,128,,359,487
00781400,BROOKSTONE COLLEGE OF BUSINESS          ,NC,28262-1294,Proprietary  ,38,183,221,38,,183,221
00781401,BROOKSTONE COLLEGE OF BUSINESS          ,NC,27409-0000,Proprietary  ,26,130,156,26,,130,156
00789200,SAMPSON COMMUNITY COLLEGE               ,NC,28328-0000,Public       ,209,436,645,209,,436,645
00798500,SOUTH PIEDMONT COMMUNITY COLLEGE        ,NC,28135-9703,Public       ,325,511,836,325,,511,836
00798600,HALIFAX COMMUNITY COLLEGE               ,NC,27890-0089,Public       ,211,309,520,211,,309,520
00798700,BLADEN COMMUNITY COLLEGE                ,NC,28332-0266,Public       ,145,365,510,145,,365,510
00798800,MARTIN COMMUNITY COLLEGE                ,NC,27892-8307,Public       ,123,218,341,123,,218,341
00808100,CARTERET COMMUNITY COLLEGE              ,NC,28557-2989,Public       ,217,490,707,217,,490,707
00808200,CLEVELAND COMMUNITY COLLEGE             ,NC,28150-0000,Public       ,346,659,1005,346,,659,1005
00808300,HAYWOOD COMMUNITY COLLEGE               ,NC,28721-0000,Public       ,224,514,738,224,,514,738
00808500,MCDOWELL TECHNICAL COMMUNITY CLG        ,NC,28752-8728,Public       ,108,223,331,108,,223,331
00808700,MONTGOMERY COMMUNITY COLLEGE            ,NC,27371-0787,Public       ,121,243,364,121,,243,364
00846600,SOUTHWESTERN COMMUNITY COLLEGE          ,NC,28779-8581,Public       ,384,550,934,384,,550,934
00855700,NASH COMMUNITY COLLEGE                  ,NC,27804-0488,Public       ,498,932,1430,498,,932,1430
00855800,BEAUFORT COUNTY COMMUNITY COLLEGE       ,NC,27889-7889,Public       ,234,549,783,234,,549,783
00861200,ROBESON COMMUNITY COLLEGE               ,NC,28359-2151,Public       ,323,737,1060,323,,737,1060
00861300,ROANOKE-CHOWAN COMMUNITY COLLEGE        ,NC,27910-9522,Public       ,122,212,334,122,,212,334
00885500,EDGECOMBE COMMUNITY COLLEGE             ,NC,27886-9399,Public       ,242,908,1150,242,,908,1150
00933600,JOHNSTON COMMUNITY COLLEGE              ,NC,27577-0000,Public       ,650,1148,1798,650,,1148,1798
00943000,TRI-COUNTY COMMUNITY COLLEGE            ,NC,28906-7919,Public       ,126,200,326,126,,200,326
00964600,PIEDMONT COMMUNITY COLLEGE              ,NC,27573-1197,Public       ,135,281,416,135,,281,416
00968400,BLUE RIDGE COMMUNITY COLLEGE            ,NC,28731-9624,Public       ,272,536,808,272,,536,808
00974701,GORDON-CONWELL THEO SEM - CHARLOTTE     ,NC,28273-0000,Private      ,6,101,107,6,,101,107
00990300,VANCE-GRANVILLE CMTY COLLEGE            ,NC,27536-0917,Public       ,390,786,1176,390,,786,1176
01019804,ECPI UNIVERSITY - GREENSBORO            ,NC,27409-9048,Proprietary  ,83,361,444,83,,361,444
01019805,ECPI UNIVERSITY - CHARLOTTE             ,NC,28208-5886,Proprietary  ,127,551,678,127,,551,678
01019810,ECPI UNIVERSITY - RALEIGH               ,NC,27613-7387,Proprietary  ,90,361,451,90,,361,451
01019812,ECPI UNIVERSITY - CONCORD               ,NC,28262-0000,Proprietary  ,40,175,215,40,,175,215
01026400,SOUTH COLLEGE                           ,NC,28803-3152,Proprietary  ,57,192,249,57,,192,249
01119400,STANLY COMMUNITY COLLEGE                ,NC,28001-7458,Public       ,302,656,958,302,,656,958
01119700,MAYLAND COMMUNITY COLLEGE               ,NC,28777-2777,Public       ,132,168,300,132,,168,300
01179900,PAUL MITCHELL THE SCHOOL FAYETTEVILLE   ,NC,28303-5364,Proprietary  ,53,156,209,53,,156,209
01192600,LEON'S BEAUTY SCHOOL                    ,NC,27403-2812,Proprietary  ,78,128,206,78,,128,206
01303918,SOUTH UNIVERSITY - THE ART INSTITUTE OF ,NC,28217-4536,Proprietary  ,668,506,1174,668,,506,1174
02056500,MITCHELL'S HAIR STYLING ACADEMY         ,NC,27893-0000,Proprietary  ,7,34,41,7,,34,41
02056501,MITCHELL'S HAIR STYLING ACADEMY - MITCHE,NC,27606-3326,Proprietary  ,23,97,120,23,,97,120
02158414,HARRISON COLLEGE - THE CHEF'S ACADEMY - ,NC,27560-0000,Proprietary  ,31,88,119,31,,88,119
02170700,BRUNSWICK COMMUNITY COLLEGE             ,NC,28422-0000,Public       ,278,331,609,278,,331,609
02205000,COLLEGE OF WILMINGTON                   ,NC,28403-0000,Proprietary  ,88,154,242,88,,154,242
02210400,FAYETTEVILLE BEAUTY COLLEGE             ,NC,28303-0000,Proprietary  ,33,124,157,33,,124,157
02227800,MITCHELL'S HAIR STYLING ACADEMY         ,NC,27534-0000,Proprietary  ,7,24,31,7,,24,31
02227900,MITCHELL'S HAIR STYLING ACADEMY         ,NC,27858-0000,Proprietary  ,12,23,35,12,,23,35
02280900,MID-ATLANTIC CHRISTIAN UNIVERSITY       ,NC,27909-0000,Private      ,106,58,164,106,,58,164
02326203,KAPLAN CAREER INSTITUTE - KAPLAN COLLEGE,NC,28212-6830,Proprietary  ,95,551,646,95,,551,646
02558900,CHEVEUX SCHOOL OF HAIR DESIGN           ,NC,28540-0000,Proprietary  ,2,25,27,2,,25,27
02560600,PINNACLE INSTITUTE OF COSMETOLOGY       ,NC,28115-8020,Proprietary  ,10,29,39,10,,29,39
02614201,MILLER-MOTTE BUSINESS COLLEGE           ,NC,28403-0000,Proprietary  ,136,1602,1738,136,,1602,1738
02614205,MILLER - MOTTE TECHNICAL COLLEGE - MILLE,NC,27834-5052,Proprietary  ,59,246,305,59,,246,305
03009500,WINSTON-SALEM BARBER SCHOOL             ,NC,27107-0000,Proprietary  ,20,36,56,20,,36,56
03064400,REGENCY BEAUTY INSTITUTE                ,NC,27127-0000,Proprietary  ,32,81,113,32,,81,113
03089300,HERITAGE BIBLE COLLEGE                  ,NC,28335-0000,Private      ,8,25,33,8,,25,33
03104200,CAROLINAS COLLEGE OF HEALTH SCIENCE     ,NC,28232-2861,Public       ,269,559,828,269,,559,828
03109000,LIVING ARTS COLLEGE                     ,NC,27614-7076,Proprietary  ,173,227,400,173,,227,400
03361300,MEDICAL ARTS MASSAGE SCHOOL             ,NC,27616-6453,Proprietary  ,19,104,123,19,,104,123
03513400,APEX SCHOOL OF THEOLOGY                 ,NC,27703-8024,Private      ,5,255,260,5,,255,260
03555300,SOUTHEASTERN INSTITUTE                  ,NC,28217-0000,Proprietary  ,36,203,239,36,,203,239
03555400,SOUTHEASTERN SCHOOL OF NEUROMUSCULAR  MA,NC,29406-0000,Proprietary  ,2,13,15,2,,13,15
03570300,CAROLINA CHRISTIAN COLLEGE              ,NC,27105-3241,Private      ,14,57,71,14,,57,71
03663300,HOOD THEOLOGICAL SEMINARY               ,NC,28144-5768,Private      ,2,63,65,2,,63,65
03748500,LA SHE'S BEAUTY ACADEMY                 ,NC,27707-3569,Proprietary  ,11,24,35,11,,24,35
03777300,PAUL MITCHELL THE SCHOOL GASTONIA       ,NC,28054-0460,Proprietary  ,42,86,128,42,,86,128
03827300,NEW LIFE THEOLOGICAL SEMINARY           ,NC,28205-1648,Private      ,6,82,88,6,,82,88
04073300,JUNG TAO SCHOOL OF CLASSICAL CHINESE MED,NC,28679-9657,Private      ,1,20,21,1,,20,21
04101300,CAROLINA SCHOOL OF BROADCASTING         ,NC,28214-8085,Proprietary  ,61,101,162,61,,101,162
04115700,REGINA'S COLLEGE OF BEAUTY              ,NC,28110-2831,Proprietary  ,12,23,35,12,,23,35
04120300,HEALTH AND STYLE INSTITUTE              ,NC,27265-3114,Proprietary  ,17,43,60,17,,43,60
04129400,CENTER FOR MASSAGE & NATURAL HEALTH     ,NC,28787-8331,Proprietary  ,5,33,38,5,,33,38
04140700,AVEDA INSTITUTE CHAPEL HILL             ,NC,27516-2559,Proprietary  ,47,65,112,47,,65,112
04143500,CHARLOTTE SCHOOL OF LAW                 ,NC,28208-2816,Proprietary  ,39,999,1038,39,,999,1038
04146400,DAOIST TRADITIONS COLLEGE OF CHINESE MED,NC,28801-1060,Proprietary  ,4,37,41,4,,37,41
04149300,PARK WEST BARBER SCHOOL                 ,NC,27701-4022,Proprietary  ,43,219,262,43,,219,262
04154200,CAROLINA COLLEGE OF BIBLICAL STUDIES    ,NC,29303-5157,Private      ,12,99,111,12,,99,111
04172800,BODY THERAPY INSTITUTE                  ,NC,27344-6728,Proprietary  ,8,32,40,8,,32,40
04173000,SHEPHERDS THEOLOGICAL SEMINARY          ,NC,27518-9316,Private      ,2,8,10,2,,8,10
04173700,GRACE COLLEGE OF DIVINITY               ,NC,28314-2343,Private      ,5,44,49,5,,44,49
04178100,CAROLINA COLLEGE OF HAIR DESIGN         ,NC,28802-1232,Proprietary  ,16,38,54,16,,38,54
04204700,PAUL MITCHELL THE SCHOOL RALEIGH        ,NC,27612-7358,Proprietary  ,29,73,102,29,,73,102
04206500,MYCOMPUTERCAREER.COM                    ,NC,27606-3365,Proprietary  ,12,94,106,12,,94,106
04214600,GRACE COLLEGE OF BARBERING              ,NC,28513-7178,Private      ,4,6,10,4,,6,10
04219100,ALEXANDER PAUL INSTITUTE OF HAIR DESIGN ,NC,27858-3344,Proprietary  ,9,18,27,9,,18,27
04228400,BEYOND MEASURE BARBERING INSTITUTE      ,NC,27302-2323,Proprietary  ,3,8,11,3,,8,11
00298800,BISMARCK STATE COLLEGE                  ,ND,58501-1299,Public       ,711,414,1125,711,,414,1125
00298900,DICKINSON STATE UNIVERSITY              ,ND,58601-4896,Public       ,406,183,589,406,,183,589
00299000,JAMESTOWN COLLEGE                       ,ND,58405-3401,Private      ,577,78,655,577,,78,655
00299100,LAKE REGION STATE COLLEGE               ,ND,58301-1598,Public       ,152,133,285,152,,133,285
00299200,UNIVERSITY OF MARY                      ,ND,58504-9652,Private      ,1015,500,1515,1015,,500,1515
00299300,MAYVILLE STATE UNIVERSITY               ,ND,58257-1299,Public       ,418,135,553,418,,135,553
00299400,MINOT STATE UNIVERSITY                  ,ND,58707-0001,Public       ,790,512,1302,790,,512,1302
00299500,DAKOTA COLLEGE AT BOTTINEAU             ,ND,58318-1159,Public       ,163,112,275,163,,112,275
00299600,NORTH DAKOTA STATE CLG OF SCIENCE       ,ND,58076-0002,Public       ,688,216,904,688,,216,904
00299700,NORTH DAKOTA STATE UNIVERSITY           ,ND,58108-6050,Public       ,5483,1221,6704,5483,,1221,6704
00300500,UNIVERSITY OF NORTH DAKOTA              ,ND,58202-8193,Public       ,4508,2195,6703,4508,,2195,6703
00300700,WILLISTON STATE COLLEGE                 ,ND,58802-1326,Public       ,119,115,234,119,,115,234
00300800,VALLEY CITY STATE UNIVERSITY            ,ND,58072-0000,Public       ,389,117,506,389,,117,506
00775600,JOSEF'S SCHOOL OF HAIR DESIGN INC       ,ND,58102-4977,Proprietary  ,16,20,36,16,,20,36
00869408,RASMUSSEN COLLEGE - FARGO               ,ND,58103-7196,Proprietary  ,38,173,211,38,,173,211
00869415,RASMUSSEN COLLEGE - BISMARCK            ,ND,58503-0000,Proprietary  ,7,65,72,7,,65,72
00935400,MEDCENTER ONE COLLEGE OF NURSING        ,ND,58501-4494,Private      ,55,30,85,55,,30,85
01040600,JOSEF'S SCHOOL OF HAIR DESIGN           ,ND,58201-6394,Proprietary  ,16,26,42,16,,26,42
01205900,TRINITY BIBLE COLLEGE                   ,ND,58436-7150,Private      ,92,25,117,92,,25,117
01229500,JZ TREND ACADEMY PAUL MITCHELL PARTNER S,ND,58501-0000,Proprietary  ,17,11,28,17,,11,28
02188200,SITTING BULL COLLEGE                    ,ND,58538-9701,Public       ,13,39,52,13,,39,52
02236500,LITTLE HOOP COMMUNITY COLLEGE           ,ND,58335-0000,Public       ,10,36,46,10,,36,46
02242900,UNITED TRIBES TECHNICAL COLLEGE         ,ND,58504-0000,Private      ,103,212,315,103,,212,315
02298200,HEADQUARTERS ACADEMY OF HAIR DESIGN     ,ND,58701-0000,Proprietary  ,10,26,36,10,,26,36
02301100,TURTLE MTN CMNTY COLG-FIN AID OFC       ,ND,58316-0000,Private      ,59,104,163,59,,104,163
02553700,FORT BERTHOLD COMMUNITY COLLEGE         ,ND,58763-0000,Public       ,7,22,29,7,,22,29
03087200,MOLER BARBER CLG OF HAIRSTYLING         ,ND,58103-0000,Proprietary  ,4,8,12,4,,8,12
04031300,SALON PROFESSIONAL ACADEMY (THE)        ,ND,58103-3337,Proprietary  ,31,20,51,31,,20,51
04139400,HAIR ACADEMY (THE)                      ,ND,58501-4929,Proprietary  ,11,10,21,11,,10,21
04223500,LYNNES WELDING TRAINING                 ,ND,58102-4018,Proprietary  ,10,11,21,10,,11,21
00301005,ANTIOCH UNIV/SEATTLE                    ,WA,98121-0000,Private      ,87,666,753,87,,666,753
00376900,BELLEVUE COLLEGE                        ,WA,98007-6484,Public       ,3859,4152,8011,3859,,4152,8011
00377000,BIG BEND COMMUNITY COLLEGE              ,WA,98837-3299,Public       ,836,868,1704,836,,868,1704
00377100,"CENTRAL WASHINGTON UNIV., FIN AID       ",WA,98926-7495,Public       ,10312,4516,14828,10312,,4516,14828
00377200,CENTRALIA COLLEGE                       ,WA,98531-4099,Public       ,984,1169,2153,984,,1169,2153
00377300,CLARK COLLEGE                           ,WA,98663-3598,Public       ,3370,4584,7954,3370,,4584,7954
00377400,COLUMBIA BASIN COLLEGE                  ,WA,99301-3379,Public       ,2484,2536,5020,2484,,2536,5020
00377500,EASTERN WASHINGTON UNIVERSITY           ,WA,99004-2447,Public       ,11322,5580,16902,11322,,5580,16902
00377600,EVERETT COMMUNITY COLLEGE               ,WA,98201-1352,Public       ,2702,3852,6554,2702,,3852,6554
00377700,HERITAGE UNIVERSITY                     ,WA,98948-9562,Private      ,572,952,1524,572,,952,1524
00377800,GONZAGA UNIVERSITY                      ,WA,99258-0083,Private      ,7895,2219,10114,7895,,2219,10114
00377900,GRAYS HARBOR COLLEGE                    ,WA,98520-7599,Public       ,516,858,1374,516,,858,1374
00378000,GREEN RIVER COMMUNITY COLLEGE           ,WA,98092-3622,Public       ,2289,2817,5106,2289,,2817,5106
00378100,HIGHLINE COMMUNITY COLLEGE              ,WA,98198-9800,Public       ,2391,2998,5389,2391,,2998,5389
00378200,LOWER COLUMBIA COLLEGE                  ,WA,98632-0310,Public       ,853,1605,2458,853,,1605,2458
00378300,NORTHWEST UNIVERSITY                    ,WA,98083-0000,Private      ,1220,606,1826,1220,,606,1826
00378400,OLYMPIC COLLEGE                         ,WA,98337-1600,Public       ,1420,2985,4405,1420,,2985,4405
00378500,PACIFIC LUTHERAN UNIVERSITY             ,WA,98447-0003,Private      ,4254,1613,5867,4254,,1613,5867
00378600,PENINSULA COLLEGE                       ,WA,98362-6660,Public       ,398,905,1303,398,,905,1303
00378700,SEATTLE CENTRAL COMMUNITY COLLEGE       ,WA,98122-2413,Public       ,2549,3979,6528,2549,,3979,6528
00378703,SEATTLE VOCATIONAL INSTITUTE            ,WA,98144-0000,Public       ,109,324,433,109,,324,433
00378800,SEATTLE PACIFIC UNIVERSITY              ,WA,98119-1997,Private      ,6490,2067,8557,6490,,2067,8557
00379000,SEATTLE UNIVERSITY                      ,WA,98122-1090,Private      ,8805,4884,13689,8805,,4884,13689
00379100,SHORELINE COMMUNITY COLLEGE             ,WA,98133-5696,Public       ,1920,2999,4919,1920,,2999,4919
00379200,SKAGIT VALLEY COLLEGE                   ,WA,98273-5899,Public       ,1218,1802,3020,1218,,1802,3020
00379300,SPOKANE COMMUNITY COLLEGE               ,WA,99207-5399,Public       ,3046,5336,8382,3046,,5336,8382
00379400,ST MARTIN'S UNIVERSITY                  ,WA,98503-7500,Private      ,1236,838,2074,1236,,838,2074
00379600,TACOMA COMMUNITY COLLEGE                ,WA,98466-6100,Public       ,2972,5901,8873,2972,,5901,8873
00379700,UNIVERSITY OF PUGET SOUND               ,WA,98416-1039,Private      ,5013,1443,6456,5013,,1443,6456
00379800,UNIVERSITY OF WASHINGTON                ,WA,98195-5880,Public       ,35739,23031,58770,35739,,23031,58770
00379900,WALLA WALLA UNIVERSITY                  ,WA,99324-1198,Private      ,1340,465,1805,1340,,465,1805
00380000,WASHINGTON STATE UNIVERSITY             ,WA,99164-1035,Public       ,27010,10794,37804,27010,,10794,37804
00380100,WENATCHEE VALLEY COLLEGE                ,WA,98801-1799,Public       ,1335,1297,2632,1335,,1297,2632
00380200,WESTERN WASHINGTON UNIVERSITY           ,WA,98225-5946,Public       ,16097,3916,20013,16097,,3916,20013
00380300,WHITMAN COLLEGE                         ,WA,99362-2067,Private      ,2608,119,2727,2608,,119,2727
00380400,WHITWORTH UNIVERSITY                    ,WA,99251-0001,Private      ,3730,929,4659,3730,,929,4659
00380500,YAKIMA VALLEY COMMUNITY COLLEGE         ,WA,98907-2520,Public       ,2241,2843,5084,2241,,2843,5084
00499900,BELLINGHAM TECHNICAL COLLEGE            ,WA,98225-0000,Public       ,761,1348,2109,761,,1348,2109
00500000,PIERCE COLLEGE                          ,WA,98498-1919,Public       ,2371,4279,6650,2371,,4279,6650
00500100,EDMONDS COMMUNITY COLLEGE               ,WA,98036-5999,Public       ,1838,2680,4518,1838,,2680,4518
00500600,WALLA WALLA COMMUNITY COLLEGE           ,WA,99362-9267,Public       ,1509,1496,3005,1509,,1496,3005
00530600,BATES TECHNICAL COLLEGE                 ,WA,98405-0000,Public       ,706,1910,2616,706,,1910,2616
00537200,SOUTH PUGET SOUND COMMUNITY COLLEGE     ,WA,98512-6292,Public       ,1486,2758,4244,1486,,2758,4244
00537300,LAKE WASHINGTON TECHNICAL COLLEGE       ,WA,98034-8505,Public       ,548,1387,1935,548,,1387,1935
00575200,CLOVER PARK TECHNICAL COLLEGE           ,WA,98499-0000,Public       ,916,2930,3846,916,,2930,3846
00815500,EVERGREEN STATE COLLEGE (THE)           ,WA,98505-0002,Public       ,2992,3119,6111,2992,,3119,6111
00907901,EVEREST COLLEGE                         ,WA,98684-6950,Proprietary  ,108,274,382,108,,274,382
00938700,PERRY TECHNICAL INSTITUTE               ,WA,98903-1239,Private      ,503,606,1109,503,,606,1109
00954400,SPOKANE FALLS COMMUNITY COLLEGE         ,WA,99224-5204,Public       ,3275,3946,7221,3275,,3946,7221
00970400,NORTH SEATTLE COMMUNITY COLLEGE         ,WA,98103-3599,Public       ,1485,3134,4619,1485,,3134,4619
00970600,SOUTH SEATTLE COMMUNITY COLLEGE         ,WA,98106-1499,Public       ,1810,2569,4379,1810,,2569,4379
00973900,GLEN DOW ACAD OF HAIR DESIGN            ,WA,99201-0209,Proprietary  ,90,111,201,90,,111,201
01036400,WHATCOM COMMUNITY COLLEGE               ,WA,98226-8003,Public       ,1655,1928,3583,1655,,1928,3583
01043400,RENTON TECHNICAL COLLEGE                ,WA,98056-0000,Public       ,689,1570,2259,689,,1570,2259
01148100,DIVERS INSTITUTE OF TECHNOLOGY          ,WA,98107-0000,Proprietary  ,69,222,291,69,,222,291
01231500,CORNISH COLLEGE OF THE ARTS             ,WA,98121-4604,Private      ,1375,337,1712,1375,,337,1712
01249600,TONI & GUY HAIRDRESSING ACADEMY         ,WA,98133-5615,Proprietary  ,14,12,26,14,,12,26
01302200,CITY UNIVERSITY OF SEATTLE              ,WA,98005-0000,Private      ,218,1125,1343,218,,1125,1343
01309400,BELLINGHAM BEAUTY SCHOOL                ,WA,98225-0000,Proprietary  ,4,2,6,4,,2,6
02105300,EVERGREEN BEAUTY AND BARBER COLLEGE     ,WA,98007-3722,Proprietary  ,42,58,100,42,,58,100
02106700,TRINITY LUTHERAN COLLEGE                ,WA,98201-3569,Private      ,222,89,311,222,,89,311
02180000,NORTHWEST INDIAN COLLEGE                ,WA,98226-9278,Public       ,95,328,423,95,,328,423
02184200,PAROBA COLLEGE OF COSMETOLOGY           ,WA,98208-0000,Proprietary  ,21,66,87,21,,66,87
02202200,STYLEMASTERS COLLEGE OF HAIR DESIGN     ,WA,98632-0000,Proprietary  ,21,75,96,21,,75,96
02203300,GENE JUAREZ BEAUTY SCHOOLS              ,WA,98043-5427,Proprietary  ,113,159,272,113,,159,272
02222900,INTERNATIONAL AIR & HOSPITALITY ACADEMY ,WA,98661-4835,Proprietary  ,130,215,345,130,,215,345
02236800,PROFESSIONAL BEAUTY SCHOOL              ,WA,98902-0000,Proprietary  ,47,83,130,47,,83,130
02242500,BASTYR UNIVERSITY                       ,WA,98028-0000,Private      ,144,1017,1161,144,,1017,1161
02291300,ART INSTITUTE OF SEATTLE                ,WA,98121-1622,Proprietary  ,1302,1022,2324,1302,,1022,2324
02300100,EVEREST COLLEGE                         ,WA,98367-1835,Proprietary  ,72,193,265,72,,193,265
02300103,EVEREST COLLEGE - EVERETT               ,WA,98208-2610,Proprietary  ,143,317,460,143,,317,460
02300104,EVEREST COLLEGE - TACOMA                ,WA,98402-3004,Proprietary  ,220,630,850,220,,630,850
02326500,INTERFACE COLLEGE                       ,WA,99201-4326,Proprietary  ,23,115,138,23,,115,138
02331400,NORTHWEST HAIR ACADEMY                  ,WA,98273-0000,Proprietary  ,22,49,71,22,,49,71
02331402,NORTHWEST HAIR ACADEMY - EVERETT        ,WA,98204-0000,Proprietary  ,14,41,55,14,,41,55
02504900,ACADEMY OF HAIR DESIGN (THE)            ,WA,98801-0000,Proprietary  ,27,51,78,27,,51,78
02541900,BJ'S BEAUTY AND BARBER COLLEGE          ,WA,98409-0000,Proprietary  ,30,154,184,30,,154,184
02602100,NORTHWEST COLLEGE OF ART                ,WA,98370-8625,Proprietary  ,132,46,178,132,,46,178
02606200,EVEREST COLLEGE                         ,WA,98055-2990,Proprietary  ,139,273,412,139,,273,412
02617500,EVEREST COLLEGE                         ,WA,98133-9018,Proprietary  ,200,292,492,200,,292,492
03031406,INTERNATIONAL ACADEMY OF DESIGN & TECH  ,WA,98188-3319,Proprietary  ,155,252,407,155,,252,407
03065000,CLARE'S BEAUTY COLLEGE                  ,WA,99301-0000,Proprietary  ,36,61,97,36,,61,97
03071800,ITT TECHNICAL INSTITUTE                 ,WA,99216-1589,Proprietary  ,153,466,619,153,,466,619
03071805,ITT TECHNICAL INSTITUTE - SEATTLE       ,WA,98168-3346,Proprietary  ,266,673,939,266,,673,939
03099000,CORTIVA INSTITUTE - SEATTLE             ,WA,98109-5474,Proprietary  ,35,124,159,35,,124,159
03110800,BAKKE GRADUATE UNIVERSITY               ,WA,98104-1222,Private      ,4,30,34,4,,30,34
03139500,MONTESSORI SCHOOLS OF WASHINGTON        ,WA,98203-6600,Private      ,7,19,26,7,,19,26
03280300,SEATTLE INST OF ORIENTAL MEDICINE       ,WA,98115-0000,Proprietary  ,35,97,132,35,,97,132
03283300,NORTHWEST HVAC/R ASSOCIATION & TRAINING ,WA,99202-0000,Private      ,17,67,84,17,,67,84
03466400,SEATTLE SCHOOL OF THEOLOGY AND PSYCHOLOG,WA,98121-1177,Private      ,66,251,317,66,,251,317
03483500,CASCADIA COMMUNITY COLLEGE              ,WA,98011-9510,Public       ,979,878,1857,979,,878,1857
03490400,EMIL FRIES PIANO HOSPITAL & TRAININ     ,WA,98661-4323,Private      ,3,16,19,3,,16,19
03670301,TONI&GUY HAIRDRESSING ACADEMY -         ,WA,98225-4526,Proprietary  ,36,62,98,36,,62,98
03689400,FAITH EVANGELICAL COLLEGE & SEMINARY    ,WA,98407-2607,Private      ,17,136,153,17,,136,153
03724300,DIGIPEN INSTITUTE OF TECHNOLOGY         ,WA,98052-5170,Proprietary  ,906,309,1215,906,,309,1215
03917300,EVERGREEN BEAUTY AND BARBER COLLEGE     ,WA,98208-3759,Proprietary  ,44,109,153,44,,109,153
03932500,TOTAL COSMETOLOGY TRAINING CENTER       ,WA,99217-6231,Proprietary  ,39,93,132,39,,93,132
03953300,YAKIMA BEAUTY SCHOOL                    ,WA,98901-2202,Proprietary  ,1,6,7,1,,6,7
04120000,SUNNYSIDE BEAUTY ACADEMY                ,WA,98944-8711,Proprietary  ,6,24,30,6,,24,30
04127200,VICTORIA'S ACADEMY OF COSMETOLOGY       ,WA,99336-3826,Proprietary  ,38,88,126,38,,88,126
04130500,PACIFIC NORTHWEST UNIV OF HEALTH SCIENCE,WA,98901-1471,Private      ,52,390,442,52,,390,442
04130800,CASCADE BEAUTY COLLEGE                  ,WA,98002-5504,Proprietary  ,19,49,68,19,,49,68
04132800,INLAND MASSAGE INSTITUTE                ,WA,99218-5016,Proprietary  ,29,85,114,29,,85,114
04149400,GARY MANUEL AVEDA INSTITUTE             ,WA,98122-3807,Proprietary  ,101,173,274,101,,173,274
04155000,NORTHWEST SCHOOL OF WOODEN BOAT BUILDING,WA,98339-8706,Private      ,6,43,49,6,,43,49
04161200,BAINBRIDGE GRADUATE INSTITUTE           ,WA,98110-2870,Private      ,2,55,57,2,,55,57
04170100,SALON PROFESSIONAL ACADEMY (THE)        ,WA,98409-7360,Proprietary  ,66,131,197,66,,131,197
04172900,ACADEMY OF COSMETOLOGY                  ,WA,99354-2651,Proprietary  ,34,62,96,34,,62,96
04188900,NORTHWEST INSTITUTE OF LITERARY ARTS    ,WA,98249-0000,Private      ,7,29,36,7,,29,36
04191900,PAUL MITCHELL THE SCHOOL SPOKANE        ,WA,99037-5041,Proprietary  ,100,112,212,100,,112,212
04223600,ACADEMY OF INTERACTIVE ENTERTAINMENT    ,WA,98109-4623,Private      ,109,93,202,109,,93,202
00340100,BROWN UNIVERSITY                        ,RI,02912-9127,Private      ,17245,689,17934,17245,,689,17934
00340101,BROWN UNIVERSITY - GRADUATE SCHOOL      ,RI,02912-1827,Private      ,66,1179,1245,66,,1179,1245
00340102,BROWN MEDICAL SCHOOL                    ,RI,02912-0000,Private      ,43,468,511,43,,468,511
00340200,BRYANT UNIVERSITY                       ,RI,02917-1284,Private      ,4988,343,5331,4988,,343,5331
00340400,JOHNSON & WALES UNIVERSITY              ,RI,02903-3703,Private      ,15822,2868,18690,15822,,2868,18690
00340600,PROVIDENCE COLLEGE                      ,RI,02918-0001,Private      ,6881,589,7470,6881,,589,7470
00340700,RHODE ISLAND COLLEGE                    ,RI,02908-1991,Public       ,7470,3472,10942,7470,,3472,10942
00340800,COMMUNITY COLLEGE OF RI - WARWICK       ,RI,02906-0000,Public       ,6382,6415,12797,6382,,6415,12797
00340900,RHODE ISLAND SCHOOL OF DESIGN           ,RI,02903-2784,Private      ,2445,748,3193,2445,,748,3193
00341000,ROGER WILLIAMS UNIVERSITY               ,RI,02809-2921,Private      ,8605,1106,9711,8605,,1106,9711
00341100,SALVE REGINA UNIVERSITY                 ,RI,02840-4192,Private      ,4178,399,4577,4178,,399,4577
00341400,UNIVERSITY OF RHODE ISLAND              ,RI,02881-0000,Public       ,21205,2932,24137,21205,,2932,24137
00659100,ST. JOSEPH HOSP SCH OF NURSING          ,RI,02904-5199,Private      ,71,215,286,71,,215,286
00784400,SANFORD-BROWN INSTITUTE                 ,RI,02920-7807,Proprietary  ,5,17,22,5,,17,22
00784500,NEW ENGLAND INSTITUTE OF TECHNOLOGY     ,RI,02886-0000,Private      ,1912,1657,3569,1912,,1657,3569
01246116,LINCOLN TECHNICAL INSTITUTE - LINCOLN   ,RI,02865-4211,Proprietary  ,192,431,623,192,,431,623
02531802,PAUL MITCHELL THE SCHOOL-CRANSTON       ,RI,02920-0000,Proprietary  ,58,57,115,58,,57,115
02584400,NEW ENGLAND TRACTOR TRAILER TRAINING SCH,RI,02860-1752,Proprietary  ,17,41,58,17,,41,58
03080000,NEWPORT SCHOOL OF HAIRDRESSING          ,RI,02860-4038,Proprietary  ,8,27,35,8,,27,35
03732300,INTERNATIONAL YACHT RESTORATION SCH     ,RI,02840-6720,Private      ,37,18,55,37,,18,55
04141200,TONI & GUY HAIRDRESSING ACADEMY         ,RI,02920-0000,Proprietary  ,40,46,86,40,,46,86
00341700,ALLEN UNIVERSITY                        ,SC,29204-1085,Private      ,424,198,622,424,,198,622
00341800,ANDERSON UNIVERSITY                     ,SC,29621-4035,Private      ,2111,536,2647,2111,,536,2647
00341900,CHARLESTON SOUTHERN UNIVERSITY          ,SC,29406-2160,Private      ,2880,989,3869,2880,,989,3869
00342000,BENEDICT COLLEGE                        ,SC,29204-1086,Private      ,1896,662,2558,1896,,662,2558
00342100,BOB JONES UNIVERSITY                    ,SC,29614-1000,Proprietary  ,1308,169,1477,1308,,169,1477
00342200,SOUTHERN WESLEYAN UNIVERSITY            ,SC,29630-1020,Private      ,522,475,997,522,,475,997
00342300,THE CITADEL                             ,SC,29409-0002,Public       ,2227,485,2712,2227,,485,2712
00342400,CLAFLIN UNIVERSITY                      ,SC,29115-4498,Private      ,1392,399,1791,1392,,399,1791
00342500,CLEMSON UNIVERSITY                      ,SC,29634-0001,Public       ,15906,1871,17777,15906,,1871,17777
00342600,UNIV OF SC AT SUMTER                    ,SC,29150-2498,Public       ,389,244,633,389,,244,633
00342700,COKER COLLEGE                           ,SC,29550-3797,Private      ,708,295,1003,708,,295,1003
00342800,COLLEGE OF CHARLESTON                   ,SC,29424-0100,Public       ,8637,1400,10037,8637,,1400,10037
00342900,COLUMBIA INTERNATIONAL UNIVERSITY       ,SC,29203-1599,Private      ,352,254,606,352,,254,606
00343000,COLUMBIA COLLEGE                        ,SC,29203-5998,Private      ,592,531,1123,592,,531,1123
00343100,CONVERSE COLLEGE                        ,SC,29302-1931,Private      ,839,289,1128,839,,289,1128
00343200,ERSKINE COLLEGE                         ,SC,29639-0000,Private      ,469,28,497,469,,28,497
00343201,ERSKINE THEOLOGICAL SEMINARY            ,SC,29639-0000,Private      ,2,22,24,2,,22,24
00343400,FURMAN UNIVERSITY                       ,SC,29613-5253,Private      ,2884,202,3086,2884,,202,3086
00343500,LANDER UNIVERSITY                       ,SC,29649-2099,Public       ,2795,462,3257,2795,,462,3257
00343600,LIMESTONE COLLEGE                       ,SC,29340-3799,Private      ,1211,1130,2341,1211,,1130,2341
00343700,LUTHERAN THEOLOGICAL SOUTHERN SEM       ,SC,29203-5898,Private      ,1,55,56,1,,55,56
00343800,MEDICAL UNIV OF SOUTH CAROLINA - FA     ,SC,29425-1760,Public       ,259,2112,2371,259,,2112,2371
00343900,MORRIS COLLEGE                          ,SC,29150-3599,Private      ,551,183,734,551,,183,734
00344000,NEWBERRY COLLEGE                        ,SC,29108-2197,Private      ,1210,168,1378,1210,,168,1378
00344100,NORTH GREENVILLE COLLEGE                ,SC,29688-1892,Private      ,1415,164,1579,1415,,164,1579
00344500,PRESBYTERIAN COLLEGE                    ,SC,29325-2503,Private      ,1214,219,1433,1214,,219,1433
00344600,SOUTH CAROLINA STATE UNIVERSITY         ,SC,29117-4427,Public       ,2601,916,3517,2601,,916,3517
00344700,SPARTANBURG METHODIST COLLEGE           ,SC,29301-5899,Private      ,703,100,803,703,,100,803
00344800,UNIVERSITY OF SOUTH CAROLINA            ,SC,29208-3999,Public       ,21890,6436,28326,21890,,6436,28326
00344900,UNIVERSITY OF SOUTH CAROLINA AIKEN      ,SC,29801-6399,Public       ,2130,663,2793,2130,,663,2793
00345000,UNIV OF SC AT BEAUFORT                  ,SC,29902-0000,Public       ,1202,542,1744,1202,,542,1744
00345100,COASTAL CAROLINA UNIVERSITY             ,SC,29528-0000,Public       ,10191,1466,11657,10191,,1466,11657
00345300,UNIV OF SC AT LANCASTER                 ,SC,29721-0889,Public       ,494,265,759,494,,265,759
00345400,UNIV OF SC SYSTEM SALKEHATCHIE          ,SC,29810-0617,Public       ,240,183,423,240,,183,423
00345500,VOORHEES COLLEGE                        ,SC,29042-0000,Private      ,280,78,358,280,,78,358
00345600,WINTHROP UNIVERSITY                     ,SC,29733-0001,Public       ,4516,950,5466,4516,,950,5466
00345700,WOFFORD COLLEGE                         ,SC,29303-3663,Private      ,2277,113,2390,2277,,113,2390
00399000,FLORENCE-DARLINGTON TECH COLLEGE        ,SC,29501-0548,Public       ,1017,1751,2768,1017,,1751,2768
00399100,GREENVILLE TECHNICAL COLLEGE            ,SC,29607-2439,Public       ,2589,3188,5777,2589,,3188,5777
00399200,PIEDMONT TECHNICAL COLLEGE              ,SC,29648-1467,Public       ,663,1300,1963,663,,1300,1963
00399300,MIDLANDS TECHNICAL COLLEGE              ,SC,29202-0000,Public       ,2724,3526,6250,2724,,3526,6250
00399400,SPARTANBURG COMMUNITY COLLEGE           ,SC,29305-4386,Public       ,1108,1422,2530,1108,,1422,2530
00399500,CENTRAL CAROLINA TECHNICAL COLLEGE      ,SC,29150-2499,Public       ,445,1015,1460,445,,1015,1460
00399600,YORK TECHNICAL COLLEGE                  ,SC,29730-3395,Public       ,976,1399,2375,976,,1399,2375
00492000,TRIDENT TECHNICAL COLLEGE               ,SC,29423-8067,Public       ,2052,4264,6316,2052,,4264,6316
00492300,CLINTON JR COLLEGE                      ,SC,29730-5152,Private      ,53,56,109,53,,56,109
00492400,FORREST JUNIOR COLLEGE                  ,SC,29624-2405,Proprietary  ,8,73,81,8,,73,81
00492500,HORRY-GEORGETOWN TECH COLLEGE           ,SC,29526-9521,Public       ,1528,2459,3987,1528,,2459,3987
00492600,TRI-COUNTY TECHNICAL COLLEGE            ,SC,29670-9133,Public       ,1863,1266,3129,1863,,1266,3129
00492700,UNIV OF SC AT UNION                     ,SC,29379-0729,Public       ,142,105,247,142,,105,247
00499204,MILLER-MOTTE TECHNICAL COLLEGE - CONWAY ,SC,29526-9508,Proprietary  ,102,347,449,102,,347,449
00536300,DENMARK TECHNICAL COLLEGE               ,SC,29042-0000,Public       ,155,307,462,155,,307,462
00681500,ORANGEBURG-CALHOUN TECHNICAL COLG       ,SC,29118-8299,Public       ,495,658,1153,495,,658,1153
00695100,UNIVERSITY OF SOUTH CAROLINA UPSTATE    ,SC,29303-9972,Public       ,3849,1362,5211,3849,,1362,5211
00760200,NORTHEASTERN TECHNICAL COLLEGE          ,SC,29520-7015,Public       ,178,267,445,178,,267,445
00922600,FRANCIS MARION UNIVERSITY               ,SC,29501-0000,Public       ,2697,808,3505,2697,,808,3505
00932200,WILLIAMSBURG TECHNICAL COLLEGE          ,SC,29556-4197,Public       ,91,145,236,91,,145,236
00991000,TECHNICAL COLLEGE OF THE LOWCOUNTRY     ,SC,29902-5441,Public       ,340,972,1312,340,,972,1312
00991100,UNIV OF SC-REGIONAL CAMPUSES ADMIN      ,SC,29208-0001,Public       ,180,160,340,180,,160,340
01005600,AIKEN TECHNICAL COLLEGE                 ,SC,29802-0696,Public       ,484,954,1438,484,,954,1438
01019806,ECPI UNIVERSITY - GREENVILLE            ,SC,29615-4232,Proprietary  ,29,228,257,29,,228,257
01019809,ECPI UNIVERSITY - CHARLESTON            ,SC,29420-4264,Proprietary  ,26,181,207,26,,181,207
01019811,ECPI UNIVERSITY - COLUMBIA              ,SC,29210-6467,Proprietary  ,22,132,154,22,,132,154
01179901,PAUL MITCHELL THE SCHOOL COLUMBIA       ,SC,29201-3126,Proprietary  ,29,62,91,29,,62,91
01179902,PAUL MITCHELL THE SCHOOL CHARLESTON     ,SC,29418-6993,Proprietary  ,27,89,116,27,,89,116
01179903,PAUL MITCHELL THE SCHOOL FAYETTEVILLE - ,SC,29607-0000,Proprietary  ,6,25,31,6,,25,31
01209200,KENNETH SHULER SCHOOL OF COSMETOLOGY    ,SC,29732-2169,Proprietary  ,33,87,120,33,,87,120
01303907,SOUTH UNIVERSITY                        ,SC,29203-6400,Proprietary  ,189,889,1078,189,,889,1078
02063700,SHERMAN CLG STRAIGHT CHIROPRACTIC       ,SC,29316-0000,Private      ,9,179,188,9,,179,188
02338600,CHARZANNE BEAUTY COLLEGE                ,SC,29649-0000,Proprietary  ,9,16,25,9,,16,25
02341100,KENNETH SHULER SCHOOL OF COSMETOLOGY & N,SC,29210-0000,Proprietary  ,58,133,191,58,,133,191
02356600,CHARLESTON COSMETOLOGY INSTITUTE        ,SC,29420-0000,Proprietary  ,15,31,46,15,,31,46
02359802,ITT TECHNICAL INSTITUTE -               ,SC,29615-4506,Proprietary  ,0,1,1,0,,1,1
02552400,ACADEMY OF HAIR TECHNOLOGY              ,SC,29615-2363,Proprietary  ,11,46,57,11,,46,57
02567600,SUMTER BEAUTY COLLEGE                   ,SC,29150-0000,Proprietary  ,4,24,28,4,,24,28
02614202,MILLER - MOTTE TECHNICAL COLLEGE - NORTH,SC,29406-9239,Proprietary  ,57,262,319,57,,262,319
03010614,VIRGINIA COLLEGE - GOLF ACADEMY OF AMERI,SC,29579-0000,Proprietary  ,47,79,126,47,,79,126
03010617,VIRGINIA COLLEGE - GREENVILLE           ,SC,29607-7200,Proprietary  ,57,272,329,57,,272,329
03010620,VIRGINIA COLLEGE - CHARLESTON           ,SC,29406-4999,Proprietary  ,49,197,246,49,,197,246
03010621,VIRGINIA COLLEGE - COLUMBIA             ,SC,29223-7527,Proprietary  ,54,301,355,54,,301,355
03052300,KENNETH SHULER SCH COSM & HAIR DESG     ,SC,29841-2013,Proprietary  ,23,58,81,23,,58,81
03293300,STRAND COLLEGE OF HAIR DESIGN           ,SC,29572-4310,Proprietary  ,7,27,34,7,,27,34
03304300,CENTURA COLLEGE                         ,SC,29406-9235,Proprietary  ,22,128,150,22,,128,150
03513300,LACY COSMETOLOGY SCHOOL                 ,SC,29803-9084,Proprietary  ,5,9,14,5,,9,14
03513301,LACY COSMETOLOGY SCHOOL -               ,SC,29072-0000,Proprietary  ,3,8,11,3,,8,11
03513302,LACY COSMETOLOGY SCHOOL -               ,SC,29445-0000,Proprietary  ,6,5,11,6,,5,11
03513303,LACY COSMETOLOGY SCHOOL - WEST ASHLEY   ,SC,29407-4605,Proprietary  ,3,6,9,3,,6,9
03709301,EDWARD VIA VIRGINIA COLLEGE OF OSTEOPATH,SC,29303-3639,Private      ,10,259,269,10,,259,269
03746300,LEGRAND INSTITUTE OF COSMETOLOGY        ,SC,29020-0000,Proprietary  ,7,15,22,7,,15,22
03746400,SOUTHEASTERN INSTITUTE                  ,SC,29210-0000,Proprietary  ,24,106,130,24,,106,130
03768400,STYLETRENDS BARBER AND HAIRSTYLING ACADE,SC,29730-4511,Proprietary  ,3,12,15,3,,12,15
04083300,MARION COUNTY TECHNICAL EDUCATION CENTER,SC,29571-0000,Public       ,8,46,54,8,,46,54
04096300,CHARLESTON SCHOOL OF LAW                ,SC,29402-0535,Proprietary  ,26,442,468,26,,442,468
04158100,AIKEN SCHOOL OF COSMETOLOGY             ,SC,29801-4026,Proprietary  ,14,19,33,14,,19,33
04166900,COSMETIC ARTS INSTITUTE                 ,SC,29488-2753,Proprietary  ,9,9,18,9,,9,18
04172600,SALON 496 BARBER ACADEMY                ,SC,29607-2548,Proprietary  ,4,28,32,4,,28,32
04192600,PALMETTO BEAUTY SCHOOL                  ,SC,29307-1424,Proprietary  ,10,28,38,10,,28,38
04202900,JOLEI'S HAIR INSTITUTE                  ,SC,29114-9337,Proprietary  ,0,10,10,0,,10,10
00345800,AUGUSTANA COLLEGE                       ,SD,57197-0001,Private      ,1038,101,1139,1038,,101,1139
00345900,BLACK HILLS STATE UNIVERSITY            ,SD,57799-9670,Public       ,1258,608,1866,1258,,608,1866
00346100,DAKOTA WESLEYAN UNIVERSITY              ,SD,57301-4398,Private      ,479,127,606,479,,127,606
00346300,DAKOTA STATE UNIVERSITY                 ,SD,57042-1799,Public       ,763,376,1139,763,,376,1139
00346500,MOUNT MARTY COLLEGE                     ,SD,57078-3724,Private      ,312,154,466,312,,154,466
00346600,NORTHERN STATE UNIVERSITY               ,SD,57401-7198,Public       ,1225,390,1615,1225,,390,1615
00346700,PRESENTATION COLLEGE                    ,SD,57401-1299,Private      ,373,196,569,373,,196,569
00346900,UNIVERSITY OF SIOUX FALLS               ,SD,57105-1699,Private      ,987,270,1257,987,,270,1257
00347000,SOUTH DAKOTA SCH OF MINES & TECH        ,SD,57701-3995,Public       ,1452,248,1700,1452,,248,1700
00347100,SOUTH DAKOTA STATE UNIVERSITY           ,SD,57007-2298,Public       ,4845,1137,5982,4845,,1137,5982
00347400,UNIVERSITY OF SOUTH DAKOTA              ,SD,57069-2390,Public       ,3146,1772,4918,3146,,1772,4918
00405600,SIOUX FALLS SEMINARY                    ,SD,57105-2729,Private      ,2,18,20,2,,18,20
00405700,NATIONAL AMERICAN UNIVERSITY            ,SD,57701-3692,Proprietary  ,104,2486,2590,104,,2486,2590
00405707,NATIONAL AMERICAN UNIVERSITY            ,SD,57105-0000,Proprietary  ,28,348,376,28,,348,376
00492900,MCKENNAN HOSP-RADOLOGICAL TECH          ,SD,57101-0000,Private      ,21,14,35,21,,14,35
00530900,LAKE AREA TECHNICAL INSTITUTE           ,SD,57201-0730,Public       ,636,226,862,636,,226,862
00598700,AVERA SACRED HEART HOSPITAL SCHOOL OF RA,SD,57078-3899,Private      ,6,7,13,6,,7,13
00776400,SOUTHEAST TECHNICAL INST                ,SD,57107-0000,Public       ,536,501,1037,536,,501,1037
00828400,MITCHELL TECHNICAL INSTITUTE            ,SD,57301-9931,Public       ,349,150,499,349,,150,499
01013800,STEWART SCHOOL                          ,SD,57104-0000,Proprietary  ,38,33,71,38,,33,71
01014804,COLORADO TECHNICAL UNIVERSITY           ,SD,57108-2272,Proprietary  ,26,104,130,26,,104,130
01017000,WESTERN DAKOTA TECHNICAL INSTITUTE      ,SD,57701-4018,Public       ,161,245,406,161,,245,406
01147701,SIOUX VALLEY HOSP-MEDICAL TECH          ,SD,57117-5039,Private      ,13,10,23,13,,10,23
01465900,OGLALA LAKOTA COLLEGE                   ,SD,57752-0490,Public       ,79,270,349,79,,270,349
02137100,BLACK HILLS BEAUTY COLLEGE              ,SD,57701-0000,Proprietary  ,38,46,84,38,,46,84
02143700,SINTE GLESKA UNIVERSITY                 ,SD,57570-0000,Public       ,36,121,157,36,,121,157
02144600,KILIAN COMMUNITY COLLEGE                ,SD,57103-7020,Private      ,28,83,111,28,,83,111
02277300,SISSETON WAHPETON COLLEGE               ,SD,57262-0000,Public       ,6,25,31,6,,25,31
02297800,HEADLINES ACADEMY                       ,SD,57701-0000,Proprietary  ,21,35,56,21,,35,56
00347700,AQUINAS COLLEGE                         ,TN,37205-2086,Private      ,211,304,515,211,,304,515
00347800,AUSTIN PEAY STATE UNIVERSITY            ,TN,37044-0002,Public       ,5969,3687,9656,5969,,3687,9656
00347900,BELMONT UNIVERSITY                      ,TN,37212-3757,Private      ,6955,2067,9022,6955,,2067,9022
00348000,BETHEL UNIVERSITY                       ,TN,38201-1705,Private      ,1519,3709,5228,1519,,3709,5228
00348100,CARSON - NEWMAN UNIVERSITY              ,TN,37760-2204,Private      ,2903,436,3339,2903,,436,3339
00348200,CHRISTIAN BROTHERS UNIVERSITY           ,TN,38104-5581,Private      ,2098,1020,3118,2098,,1020,3118
00348300,COLUMBIA STATE COMMUNITY COLLEGE        ,TN,38401-5653,Public       ,1965,1265,3230,1965,,1265,3230
00348500,CUMBERLAND UNIVERSITY                   ,TN,37087-3554,Private      ,1180,538,1718,1180,,538,1718
00348600,LIPSCOMB UNIVERSITY                     ,TN,37204-3951,Private      ,3166,1112,4278,3166,,1112,4278
00348700,EAST TENNESSEE STATE UNIV - MAIN CAMPUS ,TN,37614-2857,Public       ,9238,4386,13624,9238,,4386,13624
00348701,EAST TENNESSEE STATE UNIV - MEDICINE    ,TN,37614-1708,Public       ,314,404,718,314,,404,718
00348709,EAST TENNESSEE STATE UNIV - PHARMACY    ,TN,37614-1704,Public       ,110,245,355,110,,245,355
00349000,FISK UNIVERSITY                         ,TN,37208-3045,Private      ,1394,473,1867,1394,,473,1867
00349200,FREED-HARDEMAN UNIVERSITY               ,TN,38340-2399,Private      ,1342,383,1725,1342,,383,1725
00349400,HIWASSEE COLLEGE                        ,TN,37354-4001,Private      ,261,104,365,261,,104,365
00349500,JOHNSON UNIVERSITY                      ,TN,37998-9775,Private      ,767,320,1087,767,,320,1087
00349600,KING COLLEGE                            ,TN,37620-2699,Private      ,1047,1355,2402,1047,,1355,2402
00349900,LANE COLLEGE                            ,TN,38301-4598,Private      ,1342,575,1917,1342,,575,1917
00350000,LEE UNIVERSITY                          ,TN,37320-0000,Private      ,2937,719,3656,2937,,719,3656
00350100,LEMOYNE-OWEN COLLEGE                    ,TN,38126-6510,Private      ,1293,1291,2584,1293,,1291,2584
00350200,LINCOLN MEMORIAL UNIVERSITY             ,TN,37752-7920,Private      ,1567,1896,3463,1567,,1896,3463
00350400,MARTIN METHODIST COLLEGE                ,TN,38478-2799,Private      ,789,246,1035,789,,246,1035
00350500,MARYVILLE COLLEGE                       ,TN,37804-5907,Private      ,1874,191,2065,1874,,191,2065
00350600,MEHARRY MEDICAL COLLEGE                 ,TN,37208-0000,Private      ,80,820,900,80,,820,900
00350700,MEMPHIS COLLEGE OF ART                  ,TN,38104-2764,Private      ,623,220,843,623,,220,843
00350900,UNIVERSITY OF MEMPHIS (THE)             ,TN,38152-4611,Public       ,13352,9438,22790,13352,,9438,22790
00351000,MIDDLE TENNESSEE STATE UNIV             ,TN,37130-0000,Public       ,16692,6010,22702,16692,,6010,22702
00351100,MILLIGAN COLLEGE                        ,TN,37682-4001,Private      ,969,329,1298,969,,329,1298
00351700,SOUTHERN COLLEGE OF OPTOMETRY           ,TN,38104-2222,Private      ,34,526,560,34,,526,560
00351800,SOUTHERN ADVENTIST UNIVERSITY           ,TN,37315-0370,Private      ,1789,474,2263,1789,,474,2263
00351900,RHODES COLLEGE                          ,TN,38112-1690,Private      ,2643,327,2970,2643,,327,2970
00352200,TENNESSEE STATE UNIVERSITY              ,TN,37209-1561,Public       ,8724,4564,13288,8724,,4564,13288
00352300,TENNESSEE TECHNOLOGICAL UNIV            ,TN,38505-0001,Public       ,8355,1745,10100,8355,,1745,10100
00352400,TENNESSEE TEMPLE UNIVERSITY             ,TN,37404-3587,Private      ,195,248,443,195,,248,443
00352500,TENNESSEE WESLEYAN COLLEGE              ,TN,37371-0040,Private      ,1007,364,1371,1007,,364,1371
00352600,TREVECCA NAZARENE UNIVERSITY            ,TN,37210-2877,Private      ,1245,832,2077,1245,,832,2077
00352700,TUSCULUM COLLEGE                        ,TN,37743-0001,Private      ,1993,910,2903,1993,,910,2903
00352800,UNION UNIVERSITY                        ,TN,38305-3697,Private      ,2175,1508,3683,2175,,1508,3683
00352900,UNIVERSITY OF TENNESSEE-CHATTANOOGA     ,TN,37403-2598,Public       ,11377,2668,14045,11377,,2668,14045
00353000,UNIVERSITY OF TENNESSEE-KNOXVILLE       ,TN,37996-0150,Public       ,23447,5834,29281,23447,,5834,29281
00353006,UNIVERSITY OF TENNESSEE-HEALTH SCI CTR  ,TN,38103-0000,Public       ,502,3069,3571,502,,3069,3571
00353100,UNIVERSITY OF TENNESSEE-MARTIN          ,TN,38238-0002,Public       ,5885,1787,7672,5885,,1787,7672
00353400,UNIVERSITY OF THE SOUTH                 ,TN,37383-1000,Private      ,2200,102,2302,2200,,102,2302
00353500,VANDERBILT UNIVERSITY                   ,TN,37240-0001,Private      ,17699,4901,22600,17699,,4901,22600
00353501,VANDERBILT UNIV MED CTR ALLIEDHEAL      ,TN,37232-5510,Private      ,166,402,568,166,,402,568
00353600,BRYAN COLLEGE                           ,TN,37321-7000,Private      ,901,434,1335,901,,434,1335
00399800,CHATTANOOGA STATE COMMUNITY COLLEGE     ,TN,37406-1097,Public       ,2963,3104,6067,2963,,3104,6067
00399900,CLEVELAND STATE COMMUNITY COLLEGE       ,TN,37312-2858,Public       ,1598,978,2576,1598,,978,2576
00402500,TN TECHNOLOGY CTR AT KNOXVILLE          ,TN,37919-2327,Public       ,450,802,1252,450,,802,1252
00402600,TENNESSEE TECH. CNTR AT CROSSVILLE      ,TN,38555-4142,Public       ,465,277,742,465,,277,742
00461700,NATIONAL COLLEGE OF BUSINESS & TECH     ,TN,37211-6605,Proprietary  ,170,931,1101,170,,931,1101
00493400,DAYMAR INSTITUTE                        ,TN,37217-1056,Proprietary  ,42,175,217,42,,175,217
00493401,DAYMAR INSTITUTE - CLARKSVILLE          ,TN,37040-6718,Proprietary  ,79,405,484,79,,405,484
00493404,DAYMAR INSTITUTE - MURFREESBORO         ,TN,37128-5508,Proprietary  ,50,143,193,50,,143,193
00493700,JACKSON STATE COMMUNITY COLLEGE         ,TN,38301-3797,Public       ,2206,1764,3970,2206,,1764,3970
00493800,SOUTH COLLEGE                           ,TN,37909-3323,Proprietary  ,343,1047,1390,343,,1047,1390
00494700,WEST TENNESSEE BUSINESS COLLEGE         ,TN,38301-3256,Proprietary  ,68,234,302,68,,234,302
00528000,TN TECHNOLOGY CTR AT COVINGTON          ,TN,38019-0249,Public       ,80,171,251,80,,171,251
00528100,TN TECHNOLOGY CTR AT ELIZABETHTON       ,TN,37643-0789,Public       ,196,362,558,196,,362,558
00528200,TN TECHNOLOGY CTR AT HARTSVILLE         ,TN,37074-0000,Public       ,126,144,270,126,,144,270
00528300,TN TECHNOLOGY CTR AT NEWBERN            ,TN,38059-1198,Public       ,121,191,312,121,,191,312
00530700,TENNESSEE COLLEGE OF APPLIED TECHNOLOGY-,TN,37110-1322,Public       ,136,142,278,136,,142,278
00535100,TENNESSEE TECHNOLOGY CENTER AT MORRISTOW,TN,37813-2094,Public       ,354,497,851,354,,497,851
00535200,TN TECHNOLOGY CENTER AT MCKENZIE        ,TN,38201-1620,Public       ,81,119,200,81,,119,200
00535300,TN TECHNOLOGY CENTER AT LIVINGSTON      ,TN,38570-1291,Public       ,201,173,374,201,,173,374
00535400,TN TECHNOLOGY CTR AT JACKSON            ,TN,38301-0000,Public       ,305,504,809,305,,504,809
00535600,TENNESSEE TECHNOLOGY CENTER AT HOHENWALD,TN,38462-0000,Public       ,112,138,250,112,,138,250
00535700,TENNESSEE TECHNOLOGY CENTER AT CRUMP    ,TN,38327-3402,Public       ,97,178,275,97,,178,275
00535800,TN TECHNOLOGY CENTER AT ATHENS          ,TN,37371-0848,Public       ,187,192,379,187,,192,379
00535900,TENNESSEE TECHNOLOGY CENTER AT NASHVILLE,TN,37209-0000,Public       ,446,778,1224,446,,778,1224
00536000,TENNESSEE TECHNOLOGY CENTER AT MEMPHIS  ,TN,38105-3604,Public       ,753,1177,1930,753,,1177,1930
00537800,NORTHEAST STATE COMMUNITY COLLEGE       ,TN,37617-0246,Public       ,2167,1832,3999,2167,,1832,3999
00537900,TN TECHNOLOGY CTR AT SHELBYVILLE        ,TN,37160-3697,Public       ,217,257,474,217,,257,474
00683500,DYERSBURG STATE COMMUNITY COLLEGE       ,TN,38024-0000,Public       ,1092,1075,2167,1092,,1075,2167
00683600,MOTLOW STATE COMMUNITY COLLEGE          ,TN,37388-7972,Public       ,2059,1263,3322,2059,,1263,3322
00732941,ITT TECHNICAL INSTITUTE                 ,TN,37932-3343,Proprietary  ,311,630,941,311,,630,941
00732958,ITT TECHNICAL INSTITUTE                 ,TN,37214-3717,Proprietary  ,289,719,1008,289,,719,1008
00743900,FOUNTAINHEAD COLLEGE OF TECHNOLOGY      ,TN,37918-0000,Proprietary  ,122,250,372,122,,250,372
00778200,TENNESSEE TECHNOLOGY CENTER AT DICKSON  ,TN,37055-0000,Public       ,212,361,573,212,,361,573
00778300,MIDDLE TENNESSEE SCH OF ANESTHESIA      ,TN,37116-0000,Private      ,16,79,95,16,,79,95
00793803,NASHVILLE AUTO DIESEL COLLEGE - NASHVILL,TN,37206-3210,Proprietary  ,881,251,1132,881,,251,1132
00814500,NASHVILLE STATE TECH CMNTY COLLEGE      ,TN,37209-0000,Public       ,3082,4056,7138,3082,,4056,7138
00865500,GENESIS CAREER COLLEGE OF COOKEVILLE    ,TN,38501-1959,Proprietary  ,46,104,150,46,,104,150
00885900,JOHN A GUPTON COLLEGE                   ,TN,37203-2934,Private      ,58,105,163,58,,105,163
00886300,WALTERS STATE COMMUNITY COLLEGE         ,TN,37813-6899,Public       ,3390,1754,5144,3390,,1754,5144
00946400,TN TECHNOLOGY CTR AT PULASKI            ,TN,38478-4541,Public       ,88,110,198,88,,110,198
00956700,TENNESSEE SCHOOL OF BEAUTY              ,TN,37921-3303,Proprietary  ,136,178,314,136,,178,314
00971000,TENNESSEE TECHNOLOGY CENTER AT ONEIDA/HU,TN,37756-4149,Public       ,54,65,119,54,,65,119
00991200,VOLUNTEER STATE COMMUNITY COLLEGE       ,TN,37066-3188,Public       ,2625,1868,4493,2625,,1868,4493
00991400,ROANE STATE COMMUNITY COLLEGE           ,TN,37748-8664,Public       ,3209,1863,5072,3209,,1863,5072
00998200,VICTORY UNIVERSITY                      ,TN,38111-4745,Proprietary  ,445,1200,1645,445,,1200,1645
01032600,TN TECHNOLOGY CTR AT HARRIMAN           ,TN,37748-1109,Public       ,112,127,239,112,,127,239
01043900,SOUTHWEST TENNESSEE COMMUNITY COLLG     ,TN,38104-3322,Public       ,5850,6130,11980,5850,,6130,11980
01044700,"PLAZA BEAUTY SCHOOL, INC.               ",TN,38117-4822,Proprietary  ,89,114,203,89,,114,203
01046000,AMERICAN BAPTIST THEOLOGICAL SEMINA     ,TN,37207-4994,Private      ,32,144,176,32,,144,176
01052900,MEMPHIS THEOLOGICAL SEMINARY            ,TN,38104-0000,Private      ,12,125,137,12,,125,137
01070000,TN TECHNOLOGY CENTER AT JACKSBORO       ,TN,37757-2461,Public       ,97,132,229,97,,132,229
01155300,WM R MOORE COLLEGE OF TECHNOLOGY        ,TN,38104-0000,Private      ,116,170,286,116,,170,286
01216400,TENNESSEE TECHNICAL CNTR AT RIPLEY      ,TN,38063-7359,Public       ,33,117,150,33,,117,150
01254700,EMMANUEL SCHOOL OF RELIGION             ,TN,37601-0000,Private      ,5,27,32,5,,27,32
01269300,PELLISSIPPI STATE COMMUNITY COLLEGE     ,TN,37933-0990,Public       ,4918,2620,7538,4918,,2620,7538
02069303,VATTEROTT COLLEGE -                     ,TN,38016-5877,Proprietary  ,52,92,144,52,,92,144
02092800,TENNESSEE TECHNOLOGY CENTER AT WHITEVILL,TN,38075-0000,Public       ,76,104,180,76,,104,180
02103500,TENNESSEE COLLEGE OF APPLIED TECHNOLOGY ,TN,37129-3311,Public       ,340,357,697,340,,357,697
02106400,O'MORE COLLEGE OF DESIGN                ,TN,37064-0000,Private      ,134,56,190,134,,56,190
02125300,NASHVILLE CLG OF MEDICAL CAREERS        ,TN,37115-0000,Proprietary  ,21,82,103,21,,82,103
02153100,JON NAVE UNIVERSITY OF COSMETOLOGY      ,TN,37013-3347,Proprietary  ,54,75,129,54,,75,129
02157100,CONCORDE CAREER COLLEGE                 ,TN,38137-0000,Proprietary  ,432,1298,1730,432,,1298,1730
02160307,INTERNATIONAL ACADEMY OF DESIGN & TECH  ,TN,37212-0000,Proprietary  ,69,94,163,69,,94,163
02188300,PENTECOSTAL THEOLOGICAL SEMINARY        ,TN,37320-0000,Private      ,3,72,75,3,,72,75
02204200,"CHATTANOOGA COLLEGE - MEDICAL, DENTAL AN",TN,37411-0000,Proprietary  ,113,332,445,113,,332,445
02237900,TN TECHNOLOGY CENTER AT PARIS           ,TN,38242-0000,Public       ,87,215,302,87,,215,302
02255000,KNOXVILLE INSTITUTE OF HAIR DESIGN      ,TN,37917-0000,Proprietary  ,60,114,174,60,,114,174
02257400,ARNOLD'S BEAUTY SCHOOL                  ,TN,38358-0000,Proprietary  ,26,38,64,26,,38,64
02263104,ANTHEM COLLEGE - ANTHEM CAREER COLLEGE -,TN,37214-2531,Proprietary  ,76,213,289,76,,213,289
02275500,REUBEN-ALLEN COLLEGE                    ,TN,37922-0000,Proprietary  ,41,88,129,41,,88,129
02278700,MR WAYNES SCH OF UNISEX HAIR DESIGN     ,TN,38501-0000,Proprietary  ,14,21,35,14,,21,35
02293900,VOLUNTEER BEAUTY ACADEMY-NASHVILLE      ,TN,37115-2112,Proprietary  ,7,19,26,7,,19,26
02294000,VOLUNTEER BEAUTY ACADEMY-DYERSBURG      ,TN,38024-1622,Proprietary  ,8,25,33,8,,25,33
02326200,KAPLAN CAREER INSTITUTE                 ,TN,37212-5318,Proprietary  ,100,373,473,100,,373,473
02326300,MEDVANCE INSTITUTE                      ,TN,38501-4305,Proprietary  ,46,78,124,46,,78,124
02335900,VOLUNTEER BEAUTY ACADEMY-NASHVILLE      ,TN,37209-3033,Proprietary  ,23,50,73,23,,50,73
02539800,QUEEN CITY COLLEGE                      ,TN,37042-0000,Proprietary  ,21,106,127,21,,106,127
02540000,TENNESSEE ACADEMY OF COSMETOLOGY        ,TN,38133-0000,Proprietary  ,121,146,267,121,,146,267
02578200,NOSSI COLLEGE OF ART                    ,TN,37115-5138,Proprietary  ,276,168,444,276,,168,444
02595000,FAYETTEVILLE BEAUTY SCHOOL              ,TN,37334-2909,Proprietary  ,6,15,21,6,,15,21
02599710,VATTEROTT COLLEGE - MEMPHIS             ,TN,38132-1714,Proprietary  ,225,860,1085,225,,860,1085
02609204,VATTEROTT COLLEGE - VATTEROTT CAREER COL,TN,38133-4727,Proprietary  ,167,426,593,167,,426,593
02614200,MILLER MOTTE BUSINESS COLLEGE           ,TN,37040-6023,Proprietary  ,79,355,434,79,,355,434
02614203,MILLER - MOTTE TECHNICAL COLLEGE - CHATT,TN,37421-7220,Proprietary  ,102,330,432,102,,330,432
02614204,MILLER - MOTTE TECHNICAL COLLEGE - MADIS,TN,37072-1870,Proprietary  ,39,126,165,39,,126,165
03001800,FREE WILL BAPTIST BIBLE COLLEGE         ,TN,37205-2498,Private      ,129,53,182,129,,53,182
03008800,FRANKLIN ACADEMY                        ,TN,37312-3939,Private      ,22,33,55,22,,33,55
03010606,VIRGINIA COLLEGE - SCH OF BUSNSS & HLTH ,TN,37411-5600,Proprietary  ,100,420,520,100,,420,520
03024900,TENNESSEE ACADEMY OF COSMETOLOGY        ,TN,38125-3442,Proprietary  ,126,150,276,126,,150,276
03026517,REMINGTON COLLEGE - MEMPHIS             ,TN,38132-2107,Private      ,273,526,799,273,,526,799
03061100,GENESIS CAREER COLLEGE OF LEBANON       ,TN,37087-2718,Proprietary  ,28,50,78,28,,50,78
03076405,BRYMAN SCHOOL OF ARIZONA (THE) - ANTHEM ,TN,38134-7345,Proprietary  ,45,215,260,45,,215,260
03079100,NORTH CENTRAL INSTITUTE                 ,TN,37042-3116,Proprietary  ,18,67,85,18,,67,85
03088800,"WATKINS COLLEGE OF ART, DESIGN & FILM   ",TN,37228-1306,Private      ,431,141,572,431,,141,572
03126900,STYLES & PROFILES BEAUTY COLLEGE        ,TN,38375-2109,Proprietary  ,9,10,19,9,,10,19
03253300,PAUL MITCHELL THE SCHOOL MEMPHIS        ,TN,38133-4067,Proprietary  ,87,75,162,87,,75,162
03355400,RICHMONT GRADUATE UNIVERSITY            ,TN,37404-0000,Private      ,8,85,93,8,,85,93
03440300,BAPTIST MEMORIAL COLLEGE OF HEALTH      ,TN,38104-3104,Private      ,930,1540,2470,930,,1540,2470
03480303,MEDVANCE INSTITUTE - NASHVILLE          ,TN,37203-1536,Proprietary  ,31,155,186,31,,155,186
03513500,WILLIAMSON CHRISTIAN COLLEGE            ,TN,37067-8237,Private      ,24,22,46,24,,22,46
03647300,NEW CONCEPTS SCHOOL OF COSMETOLOGY      ,TN,37311-7373,Proprietary  ,14,32,46,14,,32,46
03683300,INTERNATIONAL BARBER & STYLE COLLEGE    ,TN,37209-2205,Proprietary  ,29,38,67,29,,38,67
03701300,MEMPHIS INSTITUTE OF BARBERING          ,TN,38107-4334,Proprietary  ,96,160,256,96,,160,256
03774400,SHEAR ACADEMY                           ,TN,38555-4177,Proprietary  ,6,22,28,6,,22,28
03830300,SAE INSTITUTE OF TECHNOLOGY             ,TN,37203-4310,Proprietary  ,85,129,214,85,,129,214
03840300,OXFORD GRADUATE SCHOOL                  ,TN,37321-6736,Private      ,4,13,17,4,,13,17
03841300,CAREER BEAUTY COLLEGE                   ,TN,38464-3634,Proprietary  ,18,13,31,18,,13,31
03920300,INSTITUTE OF HAIR DESIGN                ,TN,38310-1801,Proprietary  ,12,10,22,12,,10,22
03930300,BUCHANAN BEAUTY COLLEGE                 ,TN,37160-2741,Proprietary  ,9,25,34,9,,25,34
03982300,VISIBLE SCHOOL - MUSIC AND WORSHIPS ARTS,TN,38104-5814,Private      ,69,41,110,69,,41,110
04035300,TENNESSEE CAREER INSTITUTE              ,TN,38401-6335,Proprietary  ,38,64,102,38,,64,102
04124100,ELITE COLLEGE OF COSMETOLOGY            ,TN,38351-1431,Proprietary  ,16,13,29,16,,13,29
04157200,LOVE BEAUTY SCHOOL                      ,TN,37355-2950,Proprietary  ,18,9,27,18,,9,27
04165000,MERIDIAN INSTITUTE OF SURGICAL ASSISTING,TN,37080-0758,Proprietary  ,2,87,89,2,,87,89
04174600,NASHVILLE BARBER AND STYLE ACADEMY      ,TN,37208-2826,Proprietary  ,28,59,87,28,,59,87
04210200,MID-SOUTH CHRISTIAN COLLEGE             ,TN,38118-3151,Private      ,37,89,126,37,,89,126
04213800,SALON PROFESSIONAL ACADEMY (THE)        ,TN,37214-2163,Proprietary  ,46,59,105,46,,59,105
04215200,VIBE BARBER COLLEGE                     ,TN,38107-2538,Proprietary  ,12,32,44,12,,32,44
04223900,MIND BODY INSTITUTE                     ,TN,37214-1012,Proprietary  ,6,22,28,6,,22,28
00353700,ABILENE CHRISTIAN UNIVERSITY            ,TX,79699-3701,Private      ,3998,579,4577,3998,,579,4577
00353900,ALVIN COMMUNITY COLLEGE                 ,TX,77511-4807,Public       ,602,869,1471,602,,869,1471
00354000,AMARILLO COLLEGE                        ,TX,79109-2446,Public       ,1333,1564,2897,1333,,1564,2897
00354100,ANGELO STATE UNIVERSITY                 ,TX,76909-5069,Public       ,3880,1209,5089,3880,,1209,5089
00354300,AUSTIN COLLEGE                          ,TX,75090-4440,Private      ,1618,111,1729,1618,,111,1729
00354400,AUSTIN PRESBYTERIAN THEOLOGICAL SEM     ,TX,78705-5797,Private      ,3,59,62,3,,59,62
00354500,BAYLOR UNIVERSITY                       ,TX,76798-7048,Private      ,22598,3086,25684,22598,,3086,25684
00354600,COASTAL BEND COLLEGE                    ,TX,78102-2197,Public       ,544,503,1047,544,,503,1047
00354900,BLINN COLLEGE                           ,TX,77833-4098,Public       ,7606,2085,9691,7606,,2085,9691
00355300,CISCO JUNIOR COLLEGE                    ,TX,76437-9803,Public       ,745,617,1362,745,,617,1362
00355400,CLARENDON COLLEGE                       ,TX,79226-0000,Public       ,202,129,331,202,,129,331
00355600,COMMONWEALTH INST OF FUNERAL SVC        ,TX,77090-5918,Private      ,34,187,221,34,,187,221
00355700,CONCORDIA UNIVERSITY TEXAS              ,TX,78726-4141,Private      ,980,954,1934,980,,954,1934
00355800,NORTH CENTRAL TEXAS COLLEGE             ,TX,76240-4699,Public       ,1367,1582,2949,1367,,1582,2949
00356000,DALLAS BAPTIST UNIVERSITY               ,TX,75211-9299,Private      ,2257,1391,3648,2257,,1391,3648
00356100,CEDAR VALLEY COLLEGE                    ,TX,75134-0000,Public       ,845,1380,2225,845,,1380,2225
00356200,DALLAS THEOLOGICAL SEM                  ,TX,75204-0000,Private      ,18,302,320,18,,302,320
00356300,DEL MAR COLLEGE                         ,TX,78404-3897,Public       ,2203,2374,4577,2203,,2374,4577
00356400,EAST TEXAS BAPTIST UNIVERSITY           ,TX,75670-1423,Private      ,1100,204,1304,1100,,204,1304
00356500,TEXAS A&M UNIVERSITY - COMMERCE         ,TX,75429-3011,Public       ,4151,2972,7123,4151,,2972,7123
00356800,FRANK PHILLIPS COLLEGE                  ,TX,79008-0000,Public       ,133,113,246,133,,113,246
00357000,GRAYSON COUNTY COLLEGE                  ,TX,75020-8299,Public       ,617,972,1589,617,,972,1589
00357100,HARDIN-SIMMONS UNIVERSITY               ,TX,79698-6050,Private      ,1182,371,1553,1182,,371,1553
00357200,TRINITY VALLEY COMMUNITY COLLEGE        ,TX,75751-2734,Public       ,1027,1258,2285,1027,,1258,2285
00357300,HILL COLLEGE                            ,TX,76645-2711,Public       ,444,408,852,444,,408,852
00357301,HILL COLLEGE                            ,TX,76031-0000,Public       ,377,597,974,377,,597,974
00357400,HOWARD COUNTY JUNIOR COLLEGE DISTRICT   ,TX,79720-0213,Public       ,574,581,1155,574,,581,1155
00357500,HOWARD PAYNE UNIVERSITY                 ,TX,76801-2715,Private      ,967,135,1102,967,,135,1102
00357600,HOUSTON BAPTIST UNIVERSITY              ,TX,77074-3298,Private      ,4219,1453,5672,4219,,1453,5672
00357700,HUSTON - TILLOTSON UNIVERSITY           ,TX,78702-2795,Private      ,618,414,1032,618,,414,1032
00357800,UNIVERSITY OF THE INCARNATE WORD        ,TX,78209-6398,Private      ,4934,3059,7993,4934,,3059,7993
00357900,JACKSONVILLE COLLEGE                    ,TX,75766-4759,Private      ,138,69,207,138,,69,207
00358000,KILGORE COLLEGE                         ,TX,75662-3299,Public       ,1187,1206,2393,1187,,1206,2393
00358100,LAMAR UNIVERSITY-BEAUMONT               ,TX,77710-0042,Public       ,4905,3483,8388,4905,,3483,8388
00358200,LAREDO COMMUNITY COLLEGE                ,TX,78040-4395,Public       ,2708,945,3653,2708,,945,3653
00358300,LEE COLLEGE                             ,TX,77520-4796,Public       ,791,1120,1911,791,,1120,1911
00358400,LETOURNEAU UNIVERSITY                   ,TX,75607-0000,Private      ,1056,814,1870,1056,,814,1870
00358600,LUBBOCK CHRISTIAN UNIVERSITY            ,TX,79407-2099,Private      ,827,512,1339,827,,512,1339
00358800,UNIVERSITY OF MARY HARDIN-BAYLOR        ,TX,76513-2599,Private      ,4419,920,5339,4419,,920,5339
00359000,MCLENNAN COMMUNITY COLLEGE              ,TX,76708-1498,Public       ,1989,2027,4016,1989,,2027,4016
00359100,MCMURRY UNIVERSITY                      ,TX,79697-0001,Private      ,672,201,873,672,,201,873
00359200,MIDWESTERN STATE UNIVERSITY             ,TX,76308-2099,Public       ,3342,1210,4552,3342,,1210,4552
00359300,NAVARRO COLLEGE                         ,TX,75110-4818,Public       ,2031,1660,3691,2031,,1660,3691
00359400,UNIVERSITY OF NORTH TEXAS               ,TX,76203-5017,Public       ,22665,9226,31891,22665,,9226,31891
00359500,OBLATE SCHOOL OF THEOLOGY               ,TX,78216-0000,Private      ,5,25,30,5,,25,30
00359600,ODESSA COLLEGE                          ,TX,79764-7127,Public       ,631,720,1351,631,,720,1351
00359800,OUR LADY OF THE LAKE UNIVERSITY         ,TX,78207-4689,Private      ,2211,1616,3827,2211,,1616,3827
00359900,UNIVERSITY OF TEXAS - PAN AMERICAN      ,TX,78541-2999,Public       ,16316,5728,22044,16316,,5728,22044
00360000,PANOLA COLLEGE                          ,TX,75633-2397,Public       ,478,543,1021,478,,543,1021
00360100,PARIS JR COLLEGE                        ,TX,75460-6298,Public       ,727,756,1483,727,,756,1483
00360200,PAUL QUINN COLLEGE                      ,TX,75241-4398,Private      ,246,204,450,246,,204,450
00360300,RANGER COLLEGE                          ,TX,76470-3298,Public       ,275,267,542,275,,267,542
00360305,RANGER COLLEGE-STEPHENVILE BEAUTY COLLEG,TX,76401-5136,Public       ,40,24,64,40,,24,64
00360400,RICE UNIVERSITY                         ,TX,77251-1892,Private      ,10163,1570,11733,10163,,1570,11733
00360600,SAM HOUSTON STATE UNIVERSITY            ,TX,77340-0000,Public       ,14298,4520,18818,14298,,4520,18818
00360700,ALAMO CMTY CLG DISTRICT PROGRAM         ,TX,78207-0000,Public       ,823,998,1821,823,,998,1821
00360800,ST PHILLIPS COLLEGE                     ,TX,78203-2098,Public       ,2532,3576,6108,2532,,3576,6108
00360900,SAN JACINTO CLG-CENTRAL-NORTH-SOUTH     ,TX,77501-0000,Public       ,3950,4487,8437,3950,,4487,8437
00361000,SCHREINER UNIVERSITY                    ,TX,78028-5697,Private      ,1055,177,1232,1055,,177,1232
00361100,SOUTH PLAINS COLLEGE                    ,TX,79336-6504,Public       ,2001,1472,3473,2001,,1472,3473
00361200,UNIV OF HOUSTON-DOWNTOWN                ,TX,77002-1001,Public       ,7429,7667,15096,7429,,7667,15096
00361300,SOUTHERN METHODIST UNIVERSITY           ,TX,75275-0181,Private      ,6498,2402,8900,6498,,2402,8900
00361400,SOUTHWEST TEXAS JR COLLEGE              ,TX,78801-6221,Public       ,1077,735,1812,1077,,735,1812
00361500,TEXAS STATE UNIVERSITY--SAN MARCOS      ,TX,78666-4602,Public       ,27884,8004,35888,27884,,8004,35888
00361600,SOUTHWESTERN ASSEMBLIES OF GOD UNIV     ,TX,75165-2397,Private      ,883,391,1274,883,,391,1274
00361800,SOUTHWESTERN CHRISTIAN COLLEGE          ,TX,75160-3400,Private      ,73,40,113,73,,40,113
00361900,SOUTHWESTERN ADVENTIST UNIVERSITY       ,TX,76059-1922,Private      ,414,151,565,414,,151,565
00362000,SOUTHWESTERN UNIVERSITY                 ,TX,78626-6111,Private      ,2216,205,2421,2216,,205,2421
00362100,ST EDWARDS UNIVERSITY                   ,TX,78704-0000,Private      ,4456,1192,5648,4456,,1192,5648
00362300,ST MARY'S UNIV OF SAN ANTONIO           ,TX,78228-8500,Private      ,3498,1686,5184,3498,,1686,5184
00362400,STEPHEN F AUSTIN STATE UNIVERSITY       ,TX,75962-0001,Public       ,9916,2095,12011,9916,,2095,12011
00362500,SUL ROSS STATE UNIVERSITY               ,TX,79832-0113,Public       ,1026,599,1625,1026,,599,1625
00362600,TARRANT COUNTY COLLEGE                  ,TX,76102-6599,Public       ,7662,9910,17572,7662,,9910,17572
00362700,TEMPLE COLLEGE                          ,TX,76504-7435,Public       ,947,1797,2744,947,,1797,2744
00362800,TEXARKANA COLLEGE                       ,TX,75599-0001,Public       ,482,844,1326,482,,844,1326
00363000,PRAIRIE VIEW A&M UNIVERSITY             ,TX,77446-2967,Public       ,6749,2309,9058,6749,,2309,9058
00363100,TARLETON STATE UNIVERSITY               ,TX,76402-0000,Public       ,6747,2609,9356,6747,,2609,9356
00363102,TARLETON STATE UNIVERSITY - TAMU CENTRAL,TX,76549-4111,Public       ,311,1157,1468,311,,1157,1468
00363200,TEXAS A&M UNIVERSITY                    ,TX,77843-1246,Public       ,38050,8046,46096,38050,,8046,46096
00363208,TEXAS A&M UNIVERSITY - HEALTH SCIENCE CE,TX,77807-3260,Public       ,582,873,1455,582,,873,1455
00363400,TEXAS STATE TECHNICAL CLG AT WACO       ,TX,76705-1695,Public       ,1285,1076,2361,1285,,1076,2361
00363500,TEXAS CHIROPRACTIC COLLEGE              ,TX,77505-1699,Private      ,10,103,113,10,,103,113
00363600,TEXAS CHRISTIAN UNIVERSITY              ,TX,76129-0001,Private      ,9978,1946,11924,9978,,1946,11924
00363700,JARVIS CHRISTIAN COLLEGE                ,TX,75765-1470,Private      ,209,81,290,209,,81,290
00363800,TEXAS COLLEGE                           ,TX,75702-4500,Private      ,341,280,621,341,,280,621
00363900,TEXAS A&M UNIVERSITY-KINGSVILLE         ,TX,78363-8203,Public       ,7541,3698,11239,7541,,3698,11239
00364100,TEXAS LUTHERAN UNIVERSITY               ,TX,78155-5999,Private      ,1347,186,1533,1347,,186,1533
00364200,TEXAS SOUTHERN UNIVERSITY               ,TX,77004-4598,Public       ,6159,4858,11017,6159,,4858,11017
00364400,TEXAS TECH UNIVERSITY                   ,TX,79409-2011,Public       ,20710,5214,25924,20710,,5214,25924
00364500,TEXAS WESLEYAN UNIVERSITY               ,TX,76105-1536,Private      ,1088,1393,2481,1088,,1393,2481
00364600,TEXAS WOMAN'S UNIVERSITY                ,TX,76204-5587,Public       ,6505,6626,13131,6505,,6626,13131
00364700,TRINITY UNIVERSITY                      ,TX,78212-7200,Private      ,2872,485,3357,2872,,485,3357
00364800,TYLER JUNIOR COLLEGE                    ,TX,75701-3436,Public       ,4041,2302,6343,4041,,2302,6343
00365100,UNIVERSITY OF DALLAS                    ,TX,75062-4799,Private      ,1799,677,2476,1799,,677,2476
00365200,UNIVERSITY OF HOUSTON                   ,TX,77204-2010,Public       ,22789,12506,35295,22789,,12506,35295
00365400,UNIVERSITY OF ST THOMAS                 ,TX,77006-4626,Private      ,1215,1007,2222,1215,,1007,2222
00365600,UNIVERSITY OF TEXAS-ARLINGTON           ,TX,76019-0000,Public       ,16241,13314,29555,16241,,13314,29555
00365800,UNIVERSITY OF TEXAS-AUSTIN              ,TX,78713-7758,Public       ,39529,13044,52573,39529,,13044,52573
00365900,UT HEALTH CENTER-SAN ANTONIO            ,TX,78229-3900,Public       ,925,2184,3109,925,,2184,3109
00366100,UNIVERSITY OF TEXAS-EL PASO             ,TX,79968-0629,Public       ,11611,6058,17669,11611,,6058,17669
00366200,VICTORIA COLLEGE                        ,TX,77901-4494,Public       ,678,810,1488,678,,810,1488
00366300,WAYLAND BAPTIST UNIVERSITY              ,TX,79072-6998,Private      ,728,1238,1966,728,,1238,1966
00366400,WEATHERFORD COLLEGE                     ,TX,76086-5699,Public       ,1021,1131,2152,1021,,1131,2152
00366500,WEST TEXAS A&M UNIVERSITY               ,TX,79016-0000,Public       ,3898,1601,5499,3898,,1601,5499
00366800,WHARTON COUNTY JR COLLEGE               ,TX,77488-3298,Public       ,1416,1019,2435,1416,,1019,2435
00366900,WILEY COLLEGE                           ,TX,75670-5199,Private      ,501,225,726,501,,225,726
00400300,CENTRAL TEXAS COLLEGE                   ,TX,76540-4199,Public       ,1193,5642,6835,1193,,5642,6835
00407221,NORTHWOOD UNIVERSITY                    ,TX,75104-0000,Private      ,274,234,508,274,,234,508
00445300,EL CENTRO COLLEGE                       ,TX,75202-3604,Public       ,2116,3784,5900,2116,,3784,5900
00450303,EVEREST COLLEGE - FORT WORTH SOUTH      ,TX,76115-1407,Proprietary  ,67,243,310,67,,243,310
00481102,EVEREST INSTITUTE - EVEREST COLLEGE     ,TX,76011-6630,Proprietary  ,62,218,280,62,,218,280
00494900,BAYLOR COLLEGE OF MEDICINE              ,TX,77030-0000,Private      ,621,1420,2041,621,,1420,2041
00495100,UNIV OF TEXAS HEALTH SCIENCE CENTER     ,TX,77225-0000,Public       ,749,2344,3093,749,,2344,3093
00495200,UNIV OF TEXAS MEDICAL BRANCH            ,TX,77550-0000,Public       ,509,1417,1926,509,,1417,1926
00497200,GALVESTON COLLEGE                       ,TX,77550-7447,Public       ,403,556,959,403,,556,959
00497700,SOUTH TEXAS COLLEGE OF LAW              ,TX,77002-0000,Private      ,63,992,1055,63,,992,1055
00660600,BAPTIST HS SCHOOL OF HEALTH PROFESSIONS ,TX,78229-3234,Proprietary  ,135,642,777,135,,642,777
00661200,COVENANT SCH OF NSG & ALLIED HEALTH     ,TX,79410-0000,Private      ,81,172,253,81,,172,253
00666100,ANGELINA COLLEGE                        ,TX,75902-0000,Public       ,1003,1014,2017,1003,,1014,2017
00694100,DALLAS CHRISTIAN COLLEGE                ,TX,75234-7229,Private      ,162,207,369,162,,207,369
00709600,COLLEGE OF THE MAINLAND                 ,TX,77591-2499,Public       ,402,856,1258,402,,856,1258
00728700,BRAZOSPORT COLLEGE                      ,TX,77566-3199,Public       ,485,601,1086,485,,601,1086
00732907,ITT TECHNICAL INSTITUTE                 ,TX,77063-3751,Proprietary  ,174,549,723,174,,549,723
00732913,ITT TECHNICAL INSTITUTE                 ,TX,76011-3919,Proprietary  ,123,359,482,123,,359,482
00732975,ITT TECHNICAL INSTITUTE                 ,TX,78249-3303,Proprietary  ,126,332,458,126,,332,458
00793804,LINCOLN COLLEGE OF TECHNOLOGY - GRAND PR,TX,75052-7605,Proprietary  ,221,162,383,221,,162,383
00849800,MIMS CLASSIC BEAUTY COLLEGE             ,TX,78216-0000,Proprietary  ,9,23,32,9,,23,32
00850300,MOUNTAIN VIEW COLLEGE                   ,TX,75211-6599,Public       ,1653,2044,3697,1653,,2044,3697
00850400,RICHLAND COLLEGE                        ,TX,75243-2199,Public       ,2405,2787,5192,2405,,2787,5192
00851000,EASTFIELD COLLEGE                       ,TX,75150-2099,Public       ,1980,2496,4476,1980,,2496,4476
00907905,EVEREST COLLEGE                         ,TX,75206-5209,Proprietary  ,138,515,653,138,,515,653
00908200,INTERNATIONAL BUSINESS COLLEGE          ,TX,79903-0000,Proprietary  ,66,96,162,66,,96,162
00916300,SAN ANTONIO COLLEGE                     ,TX,78212-4299,Public       ,5981,6817,12798,5981,,6817,12798
00922500,TEXAS STATE TECHNICAL COLLEGE  HARLINGEN,TX,78550-3697,Public       ,2174,1290,3464,2174,,1290,3464
00946600,KAPLAN COLLEGE                          ,TX,78216-1899,Proprietary  ,88,377,465,88,,377,465
00946607,KAPLAN COLLEGE - MCALLEN                ,TX,78503-1622,Proprietary  ,128,155,283,128,,155,283
00946609,KAPLAN COLLEGE - CAREER CENTERS OF TEXAS,TX,78416-9900,Proprietary  ,84,260,344,84,,260,344
00946610,KAPLAN COLLEGE - CAREER CENTERS OF TEXAS,TX,76103-2310,Proprietary  ,43,219,262,43,,219,262
00954900,WESTERN TEXAS COLLEGE                   ,TX,79549-9501,Public       ,261,154,415,261,,154,415
00965100,TEXAS A&M INTERNATIONAL UNIVERSITY      ,TX,78041-1900,Public       ,4756,1287,6043,4756,,1287,6043
00974100,UNIVERSITY OF TEXAS AT DALLAS           ,TX,75083-0000,Public       ,9702,4728,14430,9702,,4728,14430
00976800,UNIVERSITY OF NORTH TEXAS HEALTH SCIENCE,TX,76107-2699,Public       ,405,1794,2199,405,,1794,2199
00979700,MIDLAND COLLEGE                         ,TX,79705-6397,Public       ,660,627,1287,660,,627,1287
00982802,EVEREST INSTITUTE- AUSTIN               ,TX,78754-0000,Proprietary  ,105,273,378,105,,273,378
00993000,UNIVERSITY OF TEXAS-PERMIAN BASIN       ,TX,79762-0001,Public       ,1230,1067,2297,1230,,1067,2297
00993200,TEXAS STATE TECH CLG-WEST TEXAS         ,TX,79556-4108,Public       ,218,218,436,218,,218,436
00993201,TEXAS STATE TECH COLLEGE-ABILENE        ,TX,79601-0000,Public       ,157,235,392,157,,235,392
00993204,TEXAS STATE TECH CLG-BRECKENRIDGE       ,TX,76424-0000,Public       ,24,41,65,24,,41,65
00993205,TEXAS STATE TECH COLLEGE-BROWNWOOD      ,TX,76801-0000,Public       ,49,88,137,49,,88,137
01001900,UNIV OF TEXAS SOUTHWESTERN MED CTR      ,TX,75390-9096,Public       ,267,1474,1741,267,,1474,1741
01005900,AMERICAN COMMERCIAL COLLEGE             ,TX,79761-0000,Proprietary  ,13,28,41,13,,28,41
01005901,AMERICAN COMMERCIAL COLLEGE - AMERICAN C,TX,76310-2303,Proprietary  ,22,69,91,22,,69,91
01006000,VERNON COLLEGE                          ,TX,76384-4092,Public       ,504,812,1316,504,,812,1316
01011500,UNIVERSITY OF TEXAS-SAN ANTONIO         ,TX,78249-0600,Public       ,25571,9135,34706,25571,,9135,34706
01013000,WADE COLLEGE                            ,TX,75207-3199,Proprietary  ,92,119,211,92,,119,211
01038700,EL PASO COMMUNITY COLLEGE               ,TX,79998-0000,Public       ,7908,5546,13454,7908,,5546,13454
01050900,HALLMARK COLLEGE OF AERONAUTICS         ,TX,78214-0000,Proprietary  ,51,251,302,51,,251,302
01062400,LIGHTHOUSE CAREER INSTITUTE             ,TX,75231-5033,Private      ,9,27,36,9,,27,36
01063300,HOUSTON COMMUNITY COLLEGE               ,TX,77002-0000,Public       ,9724,16583,26307,9724,,16583,26307
01067400,TEXAS TECH U HEALTH SCIENCES CENTER     ,TX,79430-0000,Public       ,1006,2352,3358,1006,,2352,3358
01076100,DALLAS INSTITUTE OF FUNERAL SERVICE     ,TX,75227-4314,Private      ,43,131,174,43,,131,174
01114500,LONE STAR COLLEGE SYSTEM                ,TX,77073-3499,Public       ,8669,12805,21474,8669,,12805,21474
01116100,TEXAS A&M UNIV CORPUS CHRISTI           ,TX,78412-5599,Public       ,8663,2769,11432,8663,,2769,11432
01116300,UNIVERSITY OF TEXAS AT TYLER            ,TX,75799-6699,Public       ,3354,2397,5751,3354,,2397,5751
01171100,UNIVERSITY OF HOUSTON-CLEAR LAKE        ,TX,77058-1002,Public       ,1822,3344,5166,1822,,3344,5166
01201500,AUSTIN COMMUNITY COLLEGE                ,TX,78752-4390,Public       ,9232,9218,18450,9232,,9218,18450
01202000,VICTORIA BEAUTY COLLEGE                 ,TX,77901-6233,Proprietary  ,14,40,54,14,,40,54
01226800,BALDWIN BEAUTY SCHOOL #5                ,TX,78704-4785,Proprietary  ,49,105,154,49,,105,154
01229700,LAREDO BEAUTY COLLEGE                   ,TX,78040-1051,Proprietary  ,48,50,98,48,,50,98
01248300,COSMETOLOGY CAREER CENTER-A PAUL MITCHEL,TX,75006-2567,Proprietary  ,88,129,217,88,,129,217
01248800,INTERNATIONAL BEAUTY COLLEGE NO 3       ,TX,75040-0000,Proprietary  ,5,28,33,5,,28,33
01276400,METROPLEX BEAUTY SCHOOL                 ,TX,75149-0000,Proprietary  ,7,22,29,7,,22,29
01293000,CHARLES & SUE'S SCH OF HAIR DESIGN      ,TX,77801-0000,Proprietary  ,20,36,56,20,,36,56
01293200,TINT SCHOOL OF MAKEUP & COSMETOLOGY     ,TX,75061-4235,Proprietary  ,9,44,53,9,,44,53
01300300,NEILSON BEAUTY COLLEGE                  ,TX,75208-4637,Proprietary  ,13,36,49,13,,36,49
01301600,OGLE SCHOOL HAIR SKIN NAILS             ,TX,76013-7400,Proprietary  ,101,190,291,101,,190,291
01303912,SOUTH UNIVERSITY - THE ART INSTITUTE OF ,TX,75231-5993,Proprietary  ,632,441,1073,632,,441,1073
01303915,SOUTH UNIVERSITY - AUSTIN               ,TX,78729-8101,Proprietary  ,92,217,309,92,,217,309
01323100,UNIVERSITY OF HOUSTON-VICTORIA          ,TX,77901-5731,Public       ,1994,1583,3577,1994,,1583,3577
02058600,CONLEE'S COLLEGE OF COSMETOLOGY         ,TX,78028-0000,Proprietary  ,11,14,25,11,,14,25
02074100,CAPITOL CITY TRADE & TECHNICAL SCH      ,TX,78704-0000,Proprietary  ,33,91,124,33,,91,124
02077400,NORTH LAKE COLLEGE                      ,TX,75038-0000,Public       ,1216,1781,2997,1216,,1781,2997
02081400,ARLINGTON BAPTIST COLLEGE               ,TX,76012-0000,Private      ,87,111,198,87,,111,198
02093600,SOUTHWEST SCHOOL OF ELECTRONIC          ,TX,78735-0000,Proprietary  ,11,33,44,11,,33,44
02098300,WESTERN TECHNICAL COLLEGE               ,TX,79927-2105,Proprietary  ,318,432,750,318,,432,750
02100200,BROOKHAVEN COLLEGE                      ,TX,75244-0000,Public       ,1203,1929,3132,1203,,1929,3132
02113610,AMERICAN INTERCONTINENTAL UNIV - HOUSTON,TX,77042-4516,Proprietary  ,90,402,492,90,,402,492
02116008,SANFORD-BROWN COLLEGE - HOUSTON         ,TX,77042-8900,Proprietary  ,116,370,486,116,,370,486
02116012,SANFORD-BROWN COLLEGE - HOUSTON NORTH LO,TX,77008-1058,Proprietary  ,36,107,143,36,,107,143
02117100,ART INSTITUTE OF HOUSTON                ,TX,77056-0000,Proprietary  ,1757,1435,3192,1757,,1435,3192
02119200,COURT REPORTING INSTITUTE OF DALLAS     ,TX,75247-6913,Proprietary  ,11,148,159,11,,148,159
02128302,INSTITUTE FOR BUSINESS & TECHNOLOGY - LA,TX,78230-2520,Proprietary  ,61,107,168,61,,107,168
02136800,AMERICAN COMMERCIAL COLLEGE             ,TX,76904-0000,Proprietary  ,14,33,47,14,,33,47
02144800,VET TECH INSTITUTE OF HOUSTON           ,TX,77027-9881,Proprietary  ,128,118,246,128,,118,246
02176100,PIPO ACADEMY OF HAIR DESIGN             ,TX,79903-0000,Proprietary  ,24,29,53,24,,29,53
02218300,SOUTHWEST SCHOOL OF BUSINESS & TECHNICAL,TX,78221-0000,Proprietary  ,38,71,109,38,,71,109
02218305,SOUTHWEST SCHOOL OF BUSINESS AND TECHNIC,TX,78501-6053,Proprietary  ,28,45,73,28,,45,73
02218306,SOUTHWEST SCHOOL OF BUSINESS AND TECHNIC,TX,78413-2045,Proprietary  ,2,15,17,2,,15,17
02224600,TRI-STATE BEAUTY SCHOOL #1              ,TX,79915-0000,Proprietary  ,32,57,89,32,,57,89
02230500,OGLE SCHOOL HAIR SKIN NAILS             ,TX,76132-3638,Proprietary  ,81,222,303,81,,222,303
02230600,OGLE SCHOOL HAIR SKIN NAILS             ,TX,76053-4650,Proprietary  ,39,101,140,39,,101,140
02239100,CENTRAL TEXAS BEAUTY COLLEGE #2         ,TX,78664-4204,Proprietary  ,28,79,107,28,,79,107
02248200,MILAN INSTITUTE OF COSMETOLOGY          ,TX,79103-0000,Proprietary  ,106,322,428,106,,322,428
02254800,TEXAS VOCATIONAL SCHOOLS                ,TX,77901-0000,Proprietary  ,8,52,60,8,,52,60
02259400,AMBERTON UNIVERSITY                     ,TX,75041-0000,Private      ,25,134,159,25,,134,159
02261300,EVEREST INSTITUTE                       ,TX,78213-3841,Proprietary  ,89,234,323,89,,234,323
02261302,EVEREST INSTITUTE - HOUSTON GREENSPOINT ,TX,77060-3249,Proprietary  ,112,370,482,112,,370,482
02261303,EVEREST INSTITUTE - HOUSTON HOBBY       ,TX,77087-2737,Proprietary  ,46,204,250,46,,204,250
02267100,EXPOSITO SCHOOL OF HAIR DESIGN          ,TX,79109-0000,Proprietary  ,10,20,30,10,,20,30
02276000,FRANKLIN BEAUTY SCHOOL #2               ,TX,77021-0000,Proprietary  ,19,83,102,19,,83,102
02285900,UNIVERSITY OF COSMETOLOGY ARTS&SCI      ,TX,78504-0000,Proprietary  ,60,76,136,60,,76,136
02294800,CAPITOL CITY CAREERS                    ,TX,78745-0000,Proprietary  ,12,72,84,12,,72,84
02298501,EVEREST COLLEGE- FORT WORTH             ,TX,76137-2472,Proprietary  ,59,264,323,59,,264,323
02305300,PARKER COLLEGE OF CHIROPRACTIC          ,TX,75229-0000,Private      ,32,459,491,32,,459,491
02306700,FORT WORTH BEAUTY SCHOOL                ,TX,76116-3299,Proprietary  ,27,90,117,27,,90,117
02312200,TEXAS SCHOOL OF BUSINESS                ,TX,77073-6032,Proprietary  ,99,323,422,99,,323,422
02312202,TEXAS SCHOOL OF BUSINESS - FRIENDSWOOD C,TX,77546-8938,Proprietary  ,13,72,85,13,,72,85
02313901,WESTWOOD COLLEGE - DALLAS               ,TX,75243-0000,Proprietary  ,41,176,217,41,,176,217
02315400,NORTHEAST TEXAS COMMUNITY COLLEGE       ,TX,75456-0000,Public       ,593,610,1203,593,,610,1203
02318200,"KD STUDIO, ACTOR'S CONSERVATORY         ",TX,75207-2111,Proprietary  ,58,90,148,58,,90,148
02320200,HOUSTON GRADUATE SCHOOL OF THEOLOGY     ,TX,77092-0000,Private      ,8,84,92,8,,84,92
02326000,SAN ANTONIO BEAUTY COLLEGE NO 3         ,TX,78217-0000,Proprietary  ,27,38,65,27,,38,65
02331200,BAPTIST MISSIONARY ASSN THEOL SEM       ,TX,75766-0000,Private      ,3,22,25,3,,22,25
02331300,INTERACTIVE LEARNING SYSTEMS            ,TX,77502-1201,Proprietary  ,3,25,28,3,,25,28
02331301,INTERACTIVE LEARNING SYSTEMS            ,TX,77081-0000,Proprietary  ,18,122,140,18,,122,140
02331304,INTERACTIVE LEARNING SYSTEMS            ,TX,77060-0000,Proprietary  ,13,48,61,13,,48,61
02341300,PALO ALTO COLLEGE                       ,TX,78224-0000,Public       ,2511,2466,4977,2511,,2466,4977
02348500,LAMAR STATE COLLEGE-PORT ARTHUR         ,TX,77640-0000,Public       ,420,604,1024,420,,604,1024
02357700,PAUL MITCHELL THE SCHOOL                ,TX,77043-3412,Proprietary  ,115,232,347,115,,232,347
02358200,LAMAR STATE COLLEGE-ORANGE              ,TX,77630-0000,Public       ,339,528,867,339,,528,867
02361400,COLLIN COUNTY COMMUNITY COLLEGE         ,TX,75071-0000,Public       ,3501,3803,7304,3501,,3803,7304
02362000,UNIVERSAL TECHNICAL INSTITUTE           ,TX,77073-0000,Proprietary  ,3153,1870,5023,3153,,1870,5023
02362800,AUSTIN GRADUATE SCHOOL OF THEOLOGY      ,TX,78752-1333,Private      ,9,39,48,9,,39,48
02521200,ARLINGTON CAREER INSTITUTE              ,TX,75050-0000,Proprietary  ,19,105,124,19,,105,124
02521800,SEGUIN BEAUTY SCHOOL                    ,TX,78155-0000,Proprietary  ,8,16,24,8,,16,24
02527500,HOUSTON TRAINING SCHOOLS                ,TX,77029-0000,Proprietary  ,34,174,208,34,,174,208
02530700,SEBRING CAREER SCHOOLS                  ,TX,77083-1510,Proprietary  ,4,19,23,4,,19,23
02548800,SOUTH TEXAS VO-TECH INSTITUTE           ,TX,78596-0000,Proprietary  ,25,25,50,25,,25,50
02548802,SOUTH TEXAS VOCATIONAL TECHNICAL INSTITU,TX,78520-8710,Proprietary  ,47,48,95,47,,48,95
02549400,SOUTH TEXAS VO-TECH INSTITUTE           ,TX,78501-0000,Proprietary  ,22,43,65,22,,43,65
02549402,SOUTH TEXAS VOCATIONAL TECHNICAL INSTITU,TX,78416-1141,Proprietary  ,27,68,95,27,,68,95
02555400,UNIV OF TX MD ANDERSON CANCER CTR       ,TX,77030-0000,Public       ,142,328,470,142,,328,470
02568100,TEXAS BARBER COLLEGE                    ,TX,77063-3949,Proprietary  ,24,136,160,24,,136,160
02568101,TEXAS BARBER COLLEGES & HAIRSTYLING SCHO,TX,75228-3841,Proprietary  ,21,87,108,21,,87,108
02568106,TEXAS BARBER COLLEGES & HAIRSTYLING SCHO,TX,77009-0000,Proprietary  ,21,119,140,21,,119,140
02568107,TEXAS BARBER COLLEGES & HAIRSTYLING SCHO,TX,77063-3951,Proprietary  ,16,122,138,16,,122,138
02568108,TEXAS BARBER COLLEGES & HAIRSTYLING SCHO,TX,75241-1327,Proprietary  ,23,83,106,23,,83,106
02568109,TEXAS BARBER COLLEGES & HAIRSTYLING SCHO,TX,77301-4407,Proprietary  ,2,19,21,2,,19,21
02569300,LE CORDON BLEU COLLEGE OF CULINARY ARTS ,TX,78758-3647,Proprietary  ,455,845,1300,455,,845,1300
02572000,COMPUTER CAREER CENTER                  ,TX,79925-2021,Proprietary  ,81,185,266,81,,185,266
02572004,COMPUTER CAREER CENTER - AMARILLO CAMPUS,TX,79101-2404,Proprietary  ,19,105,124,19,,105,124
02572005,COMPUTER CAREER CENTER - LUBBOCK CAMPUS ,TX,79414-3517,Proprietary  ,26,128,154,26,,128,154
02572008,VISTA COLLEGE - BEAUMONT                ,TX,77701-3717,Proprietary  ,38,242,280,38,,242,280
02572009,VISTA COLLEGE - LONGVIEW                ,TX,75604-1905,Proprietary  ,28,145,173,28,,145,173
02572011,VISTA COLLEGE - KILLEEN                 ,TX,76541-7436,Proprietary  ,51,361,412,51,,361,412
02591100,CAREER POINT COLLEGE                    ,TX,78201-2027,Proprietary  ,84,580,664,84,,580,664
02591900,KAPLAN COLLEGE                          ,TX,79907-1525,Proprietary  ,184,344,528,184,,344,528
02591905,KAPLAN COLLEGE - BROWNSVILLE            ,TX,78521-9905,Proprietary  ,81,167,248,81,,167,248
02596400,REDSTONE COLLEGE - LOS ANGELES          ,TX,77061-0000,Proprietary  ,47,172,219,47,,172,219
02600200,OCEAN CORPORATION (THE)                 ,TX,77099-3479,Proprietary  ,47,226,273,47,,226,273
02604700,CENTER FOR ADVANCED LEGAL STUDIES       ,TX,77098-4151,Proprietary  ,23,186,209,23,,186,209
02606202,EVEREST COLLEGE - EVEREST INSTITUTE - BI,TX,77036-8014,Proprietary  ,100,372,472,100,,372,472
02615000,SANFORD-BROWN COLLEGE                   ,TX,75247-6931,Proprietary  ,113,387,500,113,,387,500
03009400,SW SCH BUS & TECH CAREERS               ,TX,78212-2840,Proprietary  ,18,28,46,18,,28,46
03010604,VIRGINIA COLLEGE - VIRGINIA COLLEGE AT A,TX,78723-0000,Proprietary  ,61,229,290,61,,229,290
03011800,UNIVERSITY OF COSMETOLOGY ARTS & SCIENCE,TX,78226-1160,Proprietary  ,27,49,76,27,,49,76
03019800,PCI HEALTH TRAINING CENTER              ,TX,75247-4720,Proprietary  ,54,190,244,54,,190,244
03019801,PCI HEALTH TRAINING CENTER - RICHARDSON ,TX,75081-2321,Proprietary  ,26,63,89,26,,63,89
03021500,SW SCH BUS & TECH CAREERS               ,TX,78852-4859,Proprietary  ,60,50,110,60,,50,110
03025000,TEXAS COLLEGE OF COSMETOLOGY            ,TX,79605-2001,Proprietary  ,27,55,82,27,,55,82
03025001,TEXAS COLLEGE OF COSMETOLOGY - SAN ANGEL,TX,76903-4708,Proprietary  ,23,20,43,23,,20,43
03026500,REMINGTON COLLEGE - HOUSTON CAMPUS      ,TX,77082-1849,Private      ,270,1226,1496,270,,1226,1496
03026501,REMINGTON COLLEGE - NORTH HOUSTON CAMPUS,TX,77067-1849,Private      ,77,225,302,77,,225,302
03026506,REMINGTON COLLEGE - FT. WORTH CAMPUS    ,TX,76112-1280,Private      ,98,291,389,98,,291,389
03028800,CIRCLE J BEAUTY SCHOOL                  ,TX,77587-3714,Proprietary  ,15,58,73,15,,58,73
03030608,UTAH COLLEGE OF MASSAGE THERAPY - TEXAS ,TX,75801-4848,Proprietary  ,26,58,84,26,,58,84
03030609,UTAH COLLEGE OF MASSAGE THERAPY - TEXAS ,TX,77040-6307,Proprietary  ,30,112,142,30,,112,142
03031408,INTERNATIONAL ACADEMY OF DESIGN & TECHNO,TX,78229-2263,Proprietary  ,73,136,209,73,,136,209
03032300,SCHOOL OF AUTOMOTIVE MACHINISTS         ,TX,77055-1803,Proprietary  ,63,97,160,63,,97,160
03035200,TINT SCHOOL OF MAKEUP & COSMETOLOGY     ,TX,75229-3734,Proprietary  ,40,106,146,40,,106,146
03035300,SOUTHERN CAREERS INSTITUTE              ,TX,78704-5252,Proprietary  ,102,366,468,102,,366,468
03035301,SOUTHERN CAREERS INSTITUTE-PHARR        ,TX,78577-2118,Proprietary  ,23,76,99,23,,76,99
03035302,SOUTHERN CAREERS INSTITUTE - CORPUS CHRI,TX,78414-2904,Proprietary  ,40,93,133,40,,93,133
03035303,SOUTHERN CAREERS INSTITUTE - SAN ANTONIO,TX,78221-4351,Proprietary  ,34,64,98,34,,64,98
03035305,SOUTHERN CAREERS INSTITUTE - BROWNSVILLE,TX,78520-8680,Proprietary  ,74,59,133,74,,59,133
03035306,SOUTHERN CAREERS INSTITUTE - HARLINGEN  ,TX,78550-7911,Proprietary  ,54,47,101,54,,47,101
03035308,SOUTHERN CAREERS INSTITUTE - SAN ANTONIO,TX,78238-4114,Proprietary  ,27,123,150,27,,123,150
03061800,STAR COLLEGE OF COSMETOLOGY             ,TX,75702-8214,Proprietary  ,36,53,89,36,,53,89
03064600,UNIVERSITY OF TEXAS AT BROWNSVILLE      ,TX,78520-4993,Public       ,6186,3223,9409,6186,,3223,9409
03075400,ICC TECHNICAL INSTITUTE                 ,TX,77004-2930,Private      ,37,72,109,37,,72,109
03076403,BRYMAN SCHOOL OF ARIZONA (THE) - ANTHEM ,TX,75038-4201,Proprietary  ,5,35,40,5,,35,40
03103400,SOUTH TEXAS COLLEGE                     ,TX,78501-6699,Public       ,7846,3797,11643,7846,,3797,11643
03108700,ROYAL BEAUTY CAREERS                    ,TX,77069-4611,Proprietary  ,29,110,139,29,,110,139
03115800,KAPLAN COLLEGE                          ,TX,78238-4203,Proprietary  ,74,318,392,74,,318,392
03115802,KAPLAN COLLEGE - LAREDO                 ,TX,78041-6181,Proprietary  ,48,67,115,48,,67,115
03115803,KAPLAN COLLEGE-BEAUMONT                 ,TX,77701-3706,Proprietary  ,41,184,225,41,,184,225
03115804,KAPLAN COLLEGE - LUBBOCK                ,TX,79401-2601,Proprietary  ,33,82,115,33,,82,115
03128100,COLLEGE OF HEALTH CARE PROFESSIONS (THE),TX,77092-8108,Proprietary  ,232,765,997,232,,765,997
03144300,NATIONAL BEAUTY COLLEGE                 ,TX,75043-4046,Proprietary  ,7,22,29,7,,22,29
03153300,AMER COLL OF ACUPUNCTURE & O.M.         ,TX,77063-4104,Proprietary  ,10,54,64,10,,54,64
03156400,ACADEMY OF ORIENTAL MEDICINE AT AUSTIN  ,TX,78757-1132,Proprietary  ,36,107,143,36,,107,143
03159300,ARLINGTON MEDICAL INSTITUTE             ,TX,76011-0000,Proprietary  ,86,129,215,86,,129,215
03170300,TEXAS A&M UNIVERSITY-TEXARKANA          ,TX,75501-0000,Public       ,778,783,1561,778,,783,1561
03179500,TEXAS HEALTH AND SCIENCE UNIVERSITY     ,TX,78704-6748,Proprietary  ,217,235,452,217,,235,452
03237400,FARIS COMPUTER SCHOOL                   ,TX,77627-3829,Proprietary  ,1,4,5,1,,4,5
03272300,KAPLAN COLLEGE                          ,TX,75234-7288,Proprietary  ,102,494,596,102,,494,596
03272301,KAPLAN COLLEGE - MIDLAND                ,TX,79703-5531,Proprietary  ,1,14,15,1,,14,15
03272303,KAPLAN COLLEGE - ARLINGTON              ,TX,76010-8121,Proprietary  ,57,243,300,57,,243,300
03275300,TOUCH OF CLASS SCHOOL OF COSM           ,TX,75402-6314,Proprietary  ,6,14,20,6,,14,20
03276300,ACADEMY OF HAIR DESIGN                  ,TX,75901-4900,Proprietary  ,24,60,84,24,,60,84
03277300,ACADEMY OF HAIR DESIGN                  ,TX,77701-4650,Proprietary  ,8,64,72,8,,64,72
03303300,NORTHWEST EDUCATIONAL CENTER            ,TX,77092-7055,Proprietary  ,7,55,62,7,,55,62
03371300,TONI&GUY HAIRDRESSING ACADEMY           ,TX,75006-2351,Proprietary  ,32,51,83,32,,51,83
03372300,NORTHWEST VISTA COLLEGE                 ,TX,78251-4217,Public       ,4532,3792,8324,4532,,3792,8324
03396500,TEXAS STATE TECHNICAL COLG/MARSHALL     ,TX,75672-7402,Public       ,141,156,297,141,,156,297
03400300,CAREER QUEST                            ,TX,78229-3539,Proprietary  ,29,113,142,29,,113,142
03412300,ADVANCED BARBER COLLEGE & HAIR DESI     ,TX,78596-0000,Proprietary  ,19,37,56,19,,37,56
03416500,DALLAS NURSING INSTITUTE                ,TX,75243-5502,Proprietary  ,153,441,594,153,,441,594
03422300,MILAN INSTITUTE                         ,TX,78238-4103,Proprietary  ,185,456,641,185,,456,641
03422400,COLLEGE OF BIBLICAL STUDIES-HOUSTON     ,TX,77036-3211,Private      ,40,307,347,40,,307,347
03424400,MEDVANCE INSTITUTE                      ,TX,77057-7386,Proprietary  ,39,201,240,39,,201,240
03426300,COLLEGE OF HEALTH CARE PROFESSIONS (THE),TX,78752-3630,Proprietary  ,97,213,310,97,,213,310
03480304,MEDVANCE INSTITUTE OF BATON ROUGE - GRAN,TX,75050-2342,Proprietary  ,9,66,75,9,,66,75
03520300,LUBBOCK HAIR ACADEMY                    ,TX,79410-3524,Proprietary  ,11,25,36,11,,25,36
03542300,CONCORDE CAREER INSTITUTE               ,TX,76011-4016,Proprietary  ,71,437,508,71,,437,508
03556400,KUSSAD INSTITUTE OF COURT REPORTING     ,TX,78704-5712,Proprietary  ,1,13,14,1,,13,14
03573300,AVIATION INSTITUTE OF MAINTENANCE       ,TX,75209-3017,Proprietary  ,42,142,184,42,,142,184
03610300,MJ'S BEAUTY ACADEMY INC                 ,TX,75224-0000,Proprietary  ,19,53,72,19,,53,72
03612400,VALLEY GRANDE INSTITUTE FOR ACADEMI     ,TX,78596-0000,Private      ,35,60,95,35,,60,95
03627300,LAMAR INSTITUTE OF TECHNOLOGY           ,TX,77705-4142,Public       ,780,941,1721,780,,941,1721
03680300,JAY'S TECHNICAL INSTITUTE               ,TX,77031-3509,Proprietary  ,4,32,36,4,,32,36
03682400,DALLAS BARBER & STYLIST COLLEGE         ,TX,75231-0000,Proprietary  ,30,167,197,30,,167,197
03714300,TREND BARBER COLLEGE                    ,TX,77071-2104,Proprietary  ,17,87,104,17,,87,104
03723300,CULINARY INST ALAIN & MARIE LENOTRE     ,TX,77022-4322,Proprietary  ,103,203,306,103,,203,306
03727600,CULINARY ACADEMY OF AUSTIN              ,TX,78752-0000,Proprietary  ,156,147,303,156,,147,303
03733300,BAPTIST UNIVERSITY OF THE AMERICAS      ,TX,78224-1336,Private      ,53,122,175,53,,122,175
03756300,ANAMARC COLLEGE                         ,TX,79930-6230,Proprietary  ,119,381,500,119,,381,500
03922300,SOUTH TEXAS BARBER COLLEGE              ,TX,78415-3463,Proprietary  ,20,34,54,20,,34,54
03944400,PROFESSIONAL CAREERS INSTITUTE          ,TX,77036-2252,Proprietary  ,12,51,63,12,,51,63
03944401,PROFESSIONAL CAREERS INSTITUTE          ,TX,77090-3914,Proprietary  ,8,58,66,8,,58,66
03970300,HANDS ON THERAPY                        ,TX,75149-2294,Proprietary  ,6,22,28,6,,22,28
03987300,TEXAS HEALTH SCHOOL                     ,TX,77079-2106,Proprietary  ,142,217,359,142,,217,359
04036300,SOUTHEAST TEXAS CAREER INSTITUTE        ,TX,77656-8601,Proprietary  ,6,40,46,6,,40,46
04045300,NORTHWEST BEAUTY SCHOOL                 ,TX,77091-1208,Proprietary  ,23,58,81,23,,58,81
04045400,MAI-TRIX BEAUTY COLLEGE                 ,TX,77040-0000,Proprietary  ,14,47,61,14,,47,61
04082300,PROFESSIONAL CAREER TRAINING INSTITUTE  ,TX,77090-0000,Proprietary  ,15,88,103,15,,88,103
04089400,CCI TRAINING CENTER                     ,TX,76011-4857,Proprietary  ,12,71,83,12,,71,83
04117900,CHAMPION BEAUTY COLLEGE                 ,TX,77069-4611,Proprietary  ,34,122,156,34,,122,156
04121800,CRISWELL COLLEGE                        ,TX,75246-1537,Private      ,46,142,188,46,,142,188
04125400,ACADEMY AT AUSTIN (THE)                 ,TX,78660-3287,Proprietary  ,20,44,64,20,,44,64
04125500,MANUEL AND THERESA'S SCHOOL OF HAIR DESI,TX,77803-3236,Proprietary  ,6,19,25,6,,19,25
04129800,MEDIATECH INSTITUTE DALLAS              ,TX,75039-3105,Proprietary  ,33,70,103,33,,70,103
04129801,MEDIATECH INSTITUTE - AUSTIN            ,TX,78704-8933,Proprietary  ,31,60,91,31,,60,91
04129802,MEDIATECH INSTITUTE HOUSTON             ,TX,77042-4712,Proprietary  ,28,60,88,28,,60,88
04131700,SOUTHWEST CAREER COLLEGE                ,TX,79925-6230,Proprietary  ,347,435,782,347,,435,782
04135600,CANNON INSTITUTE OF HIGHER LEARNING     ,TX,75247-9998,Proprietary  ,6,24,30,6,,24,30
04136500,PCCENTER                                ,TX,75115-4214,Proprietary  ,10,12,22,10,,12,22
04138500,CARDIOTECH ULTRASOUND SCHOOL            ,TX,77099-1440,Proprietary  ,40,189,229,40,,189,229
04142300,AVEDA INSTITUTE SAN ANTONIO             ,TX,78215-1260,Proprietary  ,87,145,232,87,,145,232
04146700,AVIATION INSTITUTE OF MAINTENANCE       ,TX,77061-4004,Proprietary  ,43,101,144,43,,101,144
04146800,SOUTH TEXAS TRAINING CENTER             ,TX,78586-7721,Proprietary  ,6,13,19,6,,13,19
04152700,ASTRODOME CAREER CENTERS                ,TX,77054-2678,Proprietary  ,17,65,82,17,,65,82
04154800,DUVALL'S SCHOOL OF COSMETOLOGY          ,TX,76021-4159,Proprietary  ,8,20,28,8,,20,28
04155800,ADVANCED BEAUTY COLLEGE                 ,TX,75061-1918,Proprietary  ,9,28,37,9,,28,37
04158500,TEXAS BEAUTY COLLEGE                    ,TX,76117-3201,Proprietary  ,3,4,7,3,,4,7
04160700,AVENUE FIVE INSTITUTE                   ,TX,78757-7000,Proprietary  ,48,104,152,48,,104,152
04165800,SALON PROFESSIONAL ACADEMY (THE)        ,TX,75067-5390,Proprietary  ,10,26,36,10,,26,36
04168700,LAWYER'S ASSISTANT SCHOOL OF DALLAS     ,TX,75201-2829,Proprietary  ,28,108,136,28,,108,136
04168800,ABC BEAUTY ACADEMY                      ,TX,75042-8682,Proprietary  ,14,21,35,14,,21,35
04169000,SALON & SPA INSTITUTE                   ,TX,78521-1727,Proprietary  ,20,22,42,20,,22,42
04169100,DIAMONDS COSMETOLOGY COLLEGE            ,TX,75090-2657,Proprietary  ,3,22,25,3,,22,25
04177900,BUCKNER BARBER SCHOOL                   ,TX,75217-1775,Proprietary  ,15,44,59,15,,44,59
04178200,VOGUE COLLEGE - SAN ANTONIO             ,TX,78201-5035,Proprietary  ,18,40,58,18,,40,58
04178300,VOGUE BEAUTY ACADEMY                    ,TX,78238-4402,Proprietary  ,28,42,70,28,,42,70
04178400,VOGUE COLLEGE - MCALLEN                 ,TX,78501-1945,Proprietary  ,35,38,73,35,,38,73
04179500,NORTH AMERICAN COLLEGE                  ,TX,77038-0000,Private      ,113,96,209,113,,96,209
04184800,EXCEL LEARNING CENTER                   ,TX,79907-1400,Proprietary  ,23,55,78,23,,55,78
04187800,CYBERTEX INSTITUTE OF TECHNOLOGY        ,TX,78752-3825,Proprietary  ,27,72,99,27,,72,99
04193000,RGV CAREERS AN INSTITUTE FOR HIGHER LEAR,TX,78577-2106,Proprietary  ,17,42,59,17,,42,59
04205200,WADE GORDON HAIRDRESSING ACADEMY        ,TX,79121-0548,Proprietary  ,16,33,49,16,,33,49
04206501,MYCOMPUTERCAREER.COM - DALLAS           ,TX,75062-8173,Proprietary  ,3,36,39,3,,36,39
04206502,MYCOMPUTERCAREER.COM - HOUSTON          ,TX,77056-6764,Proprietary  ,18,98,116,18,,98,116
04207300,SCHOOL FOR ALLIED HEALTH PROFESSIONALS  ,TX,76018-4104,Proprietary  ,11,39,50,11,,39,50
04213300,SPA PROFESSIONALS ACADEMY (THE)         ,TX,78504-2569,Proprietary  ,16,36,52,16,,36,52
04215000,TOTAL TRANSFORMATION INSTITUTE OF COSMET,TX,78666-8115,Proprietary  ,22,24,46,22,,24,46
04215400,GRACE SCHOOL OF THEOLOGY                ,TX,77384-4894,Private      ,4,23,27,4,,23,27
04219700,GEMINI SCHOOL OF VISUAL ARTS & COMMUNICA,TX,78613-2642,Proprietary  ,7,8,15,7,,8,15
04224100,COSMETOLOGY ACADEMY OF TEXARKANA        ,TX,75503-4855,Proprietary  ,22,60,82,22,,60,82
04226400,MT TRAINING CENTER                      ,TX,75051-3542,Proprietary  ,7,19,26,7,,19,26
04229000,BARBER INSTITUTE OF TEXAS               ,TX,75602-3456,Proprietary  ,6,15,21,6,,15,21
04231200,NEECEE'S COLLEGE OF COSMETOLOGY         ,TX,79605-4735,Proprietary  ,5,31,36,5,,31,36
04231300,YAHWEH BEAUTY ACADEMY                   ,TX,76543-4153,Proprietary  ,5,57,62,5,,57,62
04231900,ALAMO CITY BARBER COLLEGE               ,TX,78250-3227,Proprietary  ,49,112,161,49,,112,161
04232900,PREPARING PEOPLE BARBER STYLING COLLEGE ,TX,75215-2415,Proprietary  ,2,11,13,2,,11,13
00367000,BRIGHAM YOUNG UNIVERSITY                ,UT,84602-8406,Private      ,8215,5126,13341,8215,,5126,13341
00367100,DIXIE STATE COLLEGE OF UTAH             ,UT,84770-3876,Public       ,2983,1171,4154,2983,,1171,4154
00367200,LDS BUSINESS COLLEGE                    ,UT,84101-3500,Private      ,411,318,729,411,,318,729
00367400,STEVENS HENAGER COLLEGE                 ,UT,84401-1420,Proprietary  ,242,2911,3153,242,,2911,3153
00367500,UNIVERSITY OF UTAH                      ,UT,84112-9055,Public       ,9015,7611,16626,9015,,7611,16626
00367700,UTAH STATE UNIVERSITY                   ,UT,84322-1400,Public       ,6608,4149,10757,6608,,4149,10757
00367800,SOUTHERN UTAH UNIVERSITY                ,UT,84720-2470,Public       ,2877,1032,3909,2877,,1032,3909
00367900,SNOW COLLEGE                            ,UT,84627-1299,Public       ,1469,316,1785,1469,,316,1785
00368000,WEBER STATE UNIVERSITY                  ,UT,84408-1136,Public       ,3799,4431,8230,3799,,4431,8230
00368100,WESTMINSTER COLLEGE                     ,UT,84105-3697,Private      ,1679,703,2382,1679,,703,2382
00402700,UTAH VALLEY UNIVERSITY                  ,UT,84058-5999,Public       ,4144,4424,8568,4144,,4424,8568
00522000,SALT LAKE COMMUNITY COLLEGE             ,UT,84123-0000,Public       ,3025,5400,8425,3025,,5400,8425
00732953,ITT TECHNICAL INSTITUTE                 ,UT,84123-2500,Proprietary  ,71,408,479,71,,408,479
00943300,SHERMAN KENDALL'S ACADEMY OF BEAUTY     ,UT,84106-1836,Proprietary  ,7,22,29,7,,22,29
01009800,NEUMONT UNIVERSITY                      ,UT,84095-0000,Proprietary  ,478,62,540,478,,62,540
01116500,UINTAH BASIN APPLIED TECHNOLOGY CLG     ,UT,84066-0000,Public       ,17,36,53,17,,36,53
01116600,BROADVIEW UNIVERSITY                    ,UT,84088-4021,Proprietary  ,93,250,343,93,,250,343
02078800,SHERMAN KENDALL'S ACADEMY OF BEAUTY     ,UT,84047-0000,Proprietary  ,4,5,9,4,,5,9
02115400,BRIDGERLAND APPLIED TECHNOLOGY COLLEGE  ,UT,84321-0000,Public       ,145,247,392,145,,247,392
02156600,DAVIS APPLIED TECHNOLOGY COLLEGE        ,UT,84037-0000,Public       ,145,488,633,145,,488,633
02178500,EAGLE GATE COLLEGE                      ,UT,84123-0000,Proprietary  ,45,288,333,45,,288,333
02270800,AMERITECH COLLEGE                       ,UT,84604-6927,Proprietary  ,28,266,294,28,,266,294
02270802,AMERITECH COLLEGE - DRAPER              ,UT,84020-6545,Proprietary  ,22,222,244,22,,222,244
02298500,EVEREST COLLEGE                         ,UT,84119-2668,Proprietary  ,48,186,234,48,,186,234
02346500,OGDEN-WEBER APPLIED TECHNOLOGY COLG     ,UT,84404-0000,Public       ,209,675,884,209,,675,884
02360800,PROVO COLLEGE                           ,UT,84601-0000,Proprietary  ,58,123,181,58,,123,181
02531800,PAUL MITCHELL THE SCHOOL - PROVO        ,UT,84606-0000,Proprietary  ,30,29,59,30,,29,59
02556800,PAUL MITCHELL THE SCHOOL                ,UT,84117-7204,Proprietary  ,33,59,92,33,,59,92
02556801,PAUL MITCHELL THE SCHOOL                ,UT,84780-0000,Proprietary  ,10,21,31,10,,21,31
02572700,EVANS HAIRSTYLING COLLEGE               ,UT,84770-0000,Proprietary  ,11,10,21,11,,10,21
02572800,VISTA COLLEGE                           ,UT,84015-0000,Proprietary  ,11,129,140,11,,129,140
02573100,EVANS HAIRSTYLING COLLEGE               ,UT,84720-0000,Proprietary  ,17,12,29,17,,12,29
02612200,MARINELLO SCHOOL OF BEAUTY              ,UT,84604-1585,Proprietary  ,14,25,39,14,,25,39
03030600,UTAH COLLEGE OF MASSAGE THERAPY         ,UT,84111-1606,Proprietary  ,53,130,183,53,,130,183
03030601,UTAH CLG OF MASSAGE THER-PROVO CMPS     ,UT,84042-0000,Proprietary  ,10,19,29,10,,19,29
03082100,MYOTHERAPY COLLEGE OF UTAH              ,UT,84115-2522,Proprietary  ,4,33,37,4,,33,37
03108200,ECHELON EDGE ACADEMY OF HAIR SKIN & NAIL,UT,84070-2004,Proprietary  ,7,17,24,7,,17,24
03110400,HAIRITAGE HAIR ACADEMY                  ,UT,84770-5233,Proprietary  ,4,12,16,4,,12,16
03339400,WESTERN GOVERNORS UNIVERSITY            ,UT,84107-2533,Private      ,668,17956,18624,668,,17956,18624
03413300,MOUNTAINLAND APPLIED TECHNOLOGY COLLEGE ,UT,84058-5857,Public       ,94,217,311,94,,217,311
03463300,CAREERS UNLIMITED                       ,UT,84058-0000,Proprietary  ,22,73,95,22,,73,95
03467308,MARINELLO SCHOOL OF BEAUTY - OGDEN      ,UT,84405-1501,Proprietary  ,14,52,66,14,,52,66
03467309,MARINELLO SCHOOL OF BEAUTY - LAYTON     ,UT,84041-3002,Proprietary  ,6,31,37,6,,31,37
03617300,HEALING MOUNTAIN MASSAGE SCHOOL         ,UT,84111-0000,Proprietary  ,16,69,85,16,,69,85
03829500,SKINWORKS SCHOOL OF ADVANCED SKINCARE   ,UT,84115-0000,Proprietary  ,12,40,52,12,,40,52
03838300,NIGHTINGALE COLL. SCH. OF NURSING SCH. O,UT,84403-0000,Proprietary  ,11,114,125,11,,114,125
03909300,MAXIMUM STYLE TEC SCHOOL OF COSMETOLOGY ,UT,84323-4679,Proprietary  ,14,21,35,14,,21,35
03921300,CAMEO COLLEGE OF ESSENTIAL BEAUTY       ,UT,84115-0000,Proprietary  ,21,95,116,21,,95,116
04054300,SOUTHWEST APPLIED TECHNOLOGY COLLEGE    ,UT,84720-6608,Public       ,34,70,104,34,,70,104
04072300,AVEDA INSTITUTE PROVO                   ,UT,84604-1008,Proprietary  ,22,28,50,22,,28,50
04121700,DIXIE APPLIED TECHNOLOGY COLLEGE        ,UT,84770-3025,Public       ,102,103,205,102,,103,205
04145500,SKIN SCIENCE INSTITUTE (THE)            ,UT,84115-0000,Proprietary  ,15,59,74,15,,59,74
04153000,RENAISSANCE ACADEMIE                    ,UT,84604-0000,Proprietary  ,11,26,37,11,,26,37
04161900,MANDALYN ACADEMY                        ,UT,84003-2161,Proprietary  ,4,16,20,4,,16,20
04165500,ACAYDIA SCHOOL OF AESTHETICS            ,UT,84601-0000,Proprietary  ,13,14,27,13,,14,27
04169900,AMERICAN BEAUTY ACADEMY                 ,UT,84651-0000,Proprietary  ,4,10,14,4,,10,14
04173200,TAYLOR ANDREWS ACADEMY OF HAIR DESIGN   ,UT,84088-6577,Proprietary  ,23,40,63,23,,40,63
04173201,TAYLOR ANDREWS ACADEMY -  OREM          ,UT,84004-1872,Proprietary  ,16,18,34,16,,18,34
04183000,TOP NAILS & HAIR BEAUTY SCHOOL          ,UT,84118-0000,Proprietary  ,1,19,20,1,,19,20
04184200,TAYLOR ANDREWS ACADEMY-ST. GEORGE       ,UT,84790-2139,Proprietary  ,14,39,53,14,,39,53
04192700,BARBER SCHOOL (THE)                     ,UT,84047-3723,Proprietary  ,6,34,40,6,,34,40
04193200,ROCKY MOUNTAIN UNIVERSITY OF HEALTH PROF,UT,84606-7312,Proprietary  ,11,173,184,11,,173,184
04210300,MEDSPA ACADEMIES                        ,UT,84095-3519,Proprietary  ,12,63,75,12,,63,75
04211500,BEAUTIFUL YOU SCHOOL OF NAIL TECHNOLOGY ,UT,84720-8360,Proprietary  ,5,9,14,5,,9,14
04216800,BONNIE JOSEPH ACADEMY OF COSMETOLOGY & B,UT,84032-2044,Proprietary  ,2,3,5,2,,3,5
04218300,MIDWIVES COLLEGE OF UTAH                ,UT,84106-2671,Private      ,8,121,129,8,,121,129
00368200,BENNINGTON COLLEGE                      ,VT,05201-6001,Private      ,840,119,959,840,,119,959
00368300,CASTLETON STATE COLLEGE                 ,VT,05735-0000,Public       ,2400,264,2664,2400,,264,2664
00368400,CHAMPLAIN COLLEGE                       ,VT,05401-3950,Private      ,3801,678,4479,3801,,678,4479
00368500,COLLEGE OF ST JOSEPH                    ,VT,05701-3899,Private      ,150,82,232,150,,82,232
00368600,GODDARD COLLEGE                         ,VT,05667-0000,Private      ,35,296,331,35,,296,331
00368700,GREEN MOUNTAIN COLLEGE                  ,VT,05764-1199,Private      ,651,122,773,651,,122,773
00368800,JOHNSON STATE COLLEGE                   ,VT,05656-9898,Public       ,962,397,1359,962,,397,1359
00368900,LYNDON STATE COLLEGE                    ,VT,05851-0919,Public       ,1500,198,1698,1500,,198,1698
00369000,MARLBORO COLLEGE                        ,VT,05344-0300,Private      ,249,63,312,249,,63,312
00369100,MIDDLEBURY COLLEGE                      ,VT,05753-0000,Private      ,3455,353,3808,3455,,353,3808
00369200,NORWICH UNIVERSITY                      ,VT,05663-1035,Private      ,2631,559,3190,2631,,559,3190
00369300,SOUTHERN VERMONT COLLEGE                ,VT,05201-6002,Private      ,443,85,528,443,,85,528
00369400,ST MICHAELS COLLEGE                     ,VT,05439-0001,Private      ,3340,118,3458,3340,,118,3458
00369600,UNIVERSITY OF VERMONT                   ,VT,05405-0160,Public       ,18052,2336,20388,18052,,2336,20388
00369700,VERMONT COLLEGE OF FINE ARTS            ,VT,05602-3128,Private      ,10,177,187,10,,177,187
00369800,VERMONT TECHNICAL COLLEGE               ,VT,05061-0000,Public       ,808,523,1331,808,,523,1331
00857500,SALON PROFESSIONAL ACADEMY (THE)        ,VT,05495-4001,Proprietary  ,13,21,34,13,,21,34
00865800,O'BRIENS AVEDA INSTITUTE                ,VT,05403-7747,Proprietary  ,22,20,42,22,,20,42
00886000,SIT                                     ,VT,05301-4801,Private      ,190,335,525,190,,335,525
01116700,COMMUNITY COLLEGE OF VERMONT            ,VT,05676-0000,Public       ,632,1429,2061,632,,1429,2061
01193400,VERMONT LAW SCHOOL                      ,VT,05068-0000,Private      ,5,526,531,5,,526,531
01218300,BURLINGTON COLLEGE                      ,VT,05401-8477,Private      ,202,88,290,202,,88,290
02143500,STERLING COLLEGE                        ,VT,05827-0000,Private      ,97,30,127,97,,30,127
02254000,NEW ENGLAND CULINARY INSTITUTE          ,VT,05602-0000,Proprietary  ,207,89,296,207,,89,296
02532600,LANDMARK COLLEGE                        ,VT,05346-0000,Private      ,380,76,456,380,,76,456
04146900,ADVANCED WELDING INSTITUTE              ,VT,05403-0000,Proprietary  ,23,15,38,23,,15,38
00392800,CASPER COLLEGE                          ,WY,82601-4612,Public       ,800,576,1376,800,,576,1376
00392900,EASTERN WYOMING COLLEGE                 ,WY,82240-1603,Public       ,310,134,444,310,,134,444
00393000,SHERIDAN COLLEGE                        ,WY,82801-9133,Public       ,576,396,972,576,,396,972
00393100,NORTHWEST COLLEGE                       ,WY,82435-1895,Public       ,549,174,723,549,,174,723
00393200,UNIVERSITY OF WYOMING                   ,WY,82071-2000,Public       ,4962,2303,7265,4962,,2303,7265
00393300,WESTERN WYOMING COMMUNITY COLLEGE       ,WY,82902-0000,Public       ,435,357,792,435,,357,792
00728900,CENTRAL WYOMING COLLEGE                 ,WY,82501-0000,Public       ,291,267,558,291,,267,558
00915700,WYOMING TECHNICAL INSTITUTE             ,WY,82072-9519,Proprietary  ,446,252,698,446,,252,698
00925900,LARAMIE COUNTY COMMUNITY CLG            ,WY,82007-3299,Public       ,865,773,1638,865,,773,1638
02211900,CHEEKS INTERNATIONAL ACDMY              ,WY,82001-0000,Proprietary  ,19,26,45,19,,26,45
00393500,UNIV OF GUAM                            ,GU,96923-0000,Public       ,897,567,1464,897,,567,1464
01536100,GUAM COMMUNITY COLLEGE                  ,GU,96921-0000,Public       ,440,498,938,440,,498,938
03438300,PACIFIC ISLANDS UNIVERSITY              ,GU,96913-2619,Private      ,32,29,61,32,,29,61
00393600,PONTIFICAL CATHOLIC UNIV OF PR          ,PR,00717-0777,Private      ,1698,808,2506,1698,,808,2506
00393700,UNIVERSITY OF THE SACRED HEART          ,PR,00914-0383,Private      ,780,426,1206,780,,426,1206
00393800,INTER-AMER UNIV PR-CNTRL ADMN           ,PR,00936-0000,Private      ,390,645,1035,390,,645,1035
00393801,INTER-AMER UNIV PR SCHL LAW             ,PR,00936-8351,Private      ,10,86,96,10,,86,96
00393802,INTER AMERICAN UNIVERSITY OF PUERTO RICO,PR,00926-0000,Private      ,285,207,492,285,,207,492
00393803,INTER AMERICAN UNIVERSITY OF PR         ,PR,00683-0000,Private      ,435,233,668,435,,233,668
00393804,INTER-AMER UNIV PR-RECINTO AGUADILA     ,PR,00605-2000,Private      ,503,246,749,503,,246,749
00393805,INTER-AMER UNIV PR-ARECIBO CAMPUS       ,PR,00614-4050,Private      ,540,378,918,540,,378,918
00393806,INTER-AMER UNIV PR-BARRANQUITAS REG     ,PR,00794-0517,Private      ,369,109,478,369,,109,478
00393807,INTER-AMER UNIV PR-FAJARDO REGIONAL     ,PR,00738-0000,Private      ,180,134,314,180,,134,314
00393808,INTER-AMER UNIV PR - GUAYAMA CAMPUS     ,PR,00785-4004,Private      ,153,170,323,153,,170,323
00393809,INTER-AMER UNIV PR-PONCE REGIONAL       ,PR,00715-0000,Private      ,661,410,1071,661,,410,1071
00393811,INTER-AMER UNIV PR-BAYAMON REG CLG      ,PR,00959-0000,Private      ,704,256,960,704,,256,960
00394100,COLEGIO UNIVERSITARIO DEL ESTE          ,PR,00983-0000,Private      ,1185,877,2062,1185,,877,2062
00394200,UNIVERSITY OF PR-CENTRAL ADMINISTRATION ,PR,00936-4984,Public       ,131,56,187,131,,56,187
00394300,UNIVERSITY OF PUERTO RICO - HUMACAO UNIV,PR,00791-4300,Public       ,457,72,529,457,,72,529
00394400,UNIVERSITY OF PUERTO RICO - MAYAGUEZ    ,PR,00680-0000,Public       ,2020,409,2429,2020,,409,2429
00501900,UNIV ADVENTISTA DE LAS ANTILLAS         ,PR,00681-0118,Private      ,219,109,328,219,,109,328
00502200,BAYAMON CENTRAL UNIVERSITY              ,PR,00960-0000,Private      ,108,91,199,108,,91,199
00710800,UNIVERSITY OF PUERTO RICO - RIO PIEDRAS ,PR,00931-3300,Public       ,2055,604,2659,2055,,604,2659
00720600,UNIVERSITY OF PUERTO RICO - CAYEY UNIVER,PR,00736-5534,Public       ,1675,209,1884,1675,,209,1884
00722800,UNIVERSITY OF PUERTO RICO - ARECIBO     ,PR,00614-4010,Public       ,631,99,730,631,,99,730
00890200,COLUMBIA CENTRO UNIVERSITARIO           ,PR,00726-0000,Proprietary  ,200,167,367,200,,167,367
00965200,"UNIVERSITY OF PUERTO RICO, PONCE TECH UN",PR,00716-0000,Public       ,969,137,1106,969,,137,1106
01056700,COLEGIO TECNOLOGICO DE SAN JUAN         ,PR,00918-2973,Public       ,36,62,98,36,,62,98
01072400,CARLOS ALBIZU UNIVERSITY                ,PR,00902-3711,Private      ,33,156,189,33,,156,189
01081900,CONSERVATORIO DE MUSICA DE PUERTO RICO  ,PR,00907-3373,Public       ,67,21,88,67,,21,88
01092200,UNIVERSITY OF PUERTO RICO - UTUADO      ,PR,00641-2500,Public       ,275,43,318,275,,43,318
01097500,UNIVERSITY OF PUERTO RICO BAYAMON TECHNI,PR,00959-1911,Public       ,1191,174,1365,1191,,174,1365
01120300,RYDER MEMORIAL HOSP SCH OF NURSING      ,PR,00792-0000,Private      ,2,7,9,2,,7,9
01171900,UNIVERSIDAD DEL TURABO                  ,PR,00778-0000,Private      ,1381,1193,2574,1381,,1193,2574
01194000,ICPR JUNIOR COLLEGE                     ,PR,00919-0000,Proprietary  ,85,158,243,85,,158,243
01194100,AMERICAN UNIVERSITY OF PUERTO RICO      ,PR,00960-2037,Private      ,108,82,190,108,,82,190
01194101,AMERICAN UNIVERSITY OF PUERTO RICO      ,PR,00674-0000,Private      ,167,87,254,167,,87,254
01212300,"UNIVERSITY OF PUERTO RICO, AGUADILLA REG",PR,00604-0160,Public       ,634,112,746,634,,112,746
01252500,CARIBBEAN UNIVERSITY                    ,PR,00960-0493,Private      ,249,258,507,249,,258,507
02063100,MBTI BUSINESS TRNG INSTITUTE            ,PR,00907-3917,Proprietary  ,48,279,327,48,,279,327
02100000,POLYTECHNIC UNIVERSITY OF PR            ,PR,00917-0000,Private      ,407,337,744,407,,337,744
02163300,UNIVERSIDAD CENTRAL DEL CARIBE          ,PR,00960-0000,Private      ,54,73,127,54,,73,127
02165100,EDP COLLEGE OF PUERTO RICO              ,PR,00919-0000,Private      ,26,135,161,26,,135,161
02166000,CENTER FOR ADVANCED STUDIES OF PUER     ,PR,00902-0000,Private      ,2,39,41,2,,39,41
02166400,INSTITUTO DE BANCA Y COMERCIO           ,PR,00925-0000,Proprietary  ,965,1510,2475,965,,1510,2475
02170300,INST EDUC TECNIA OCUP LA REINA          ,PR,00674-0000,Proprietary  ,2,4,6,2,,4,6
02189100,CENTRO DE ESTUDIOS MULTIDISCIPLIN       ,PR,00926-0000,Private      ,44,63,107,44,,63,107
02189300,EMMA'S BEAUTY ACADEMY                   ,PR,00680-0000,Proprietary  ,5,5,10,5,,5,10
02195400,MODERN HAIRSTYLING INSTITUTE            ,PR,00961-0000,Proprietary  ,9,7,16,9,,7,16
02195500,MODERN HAIRSTYLING INSTITUTE            ,PR,00612-0000,Proprietary  ,0,2,2,0,,2,2
02195800,LICEO E ARTE Y TECNOLGIA                ,PR,00919-0000,Proprietary  ,164,132,296,164,,132,296
02195900,MODERN HAIRSTYLING INSTITUTE            ,PR,00980-0000,Proprietary  ,2,3,5,2,,3,5
02234900,ANTILLES SCHOOL OF TECH CAREERS         ,PR,00909-3006,Proprietary  ,10,13,23,10,,13,23
02241901,COMMONWEALTH OF PR DEPT OF EDUC - CARLOS,PR,00986-0000,Public       ,2,3,5,2,,3,5
02241902,COMMONWEALTH OF PR DEPT OF EDUC - TOMAS ,PR,00613-0000,Public       ,2,2,4,2,,2,4
02241904,COMMONWEALTH OF PR DEPT OF EDUC - ITPR R,PR,00655-0000,Public       ,53,40,93,53,,40,93
02241905,COMMONWEALTH OF PR DEPT OF EDUC - JOSE A,PR,00674-0000,Public       ,7,4,11,7,,4,11
02241907,COMMONWEALTH OF PR DEPT OF EDUC - ITPR R,PR,00928-0000,Public       ,21,9,30,21,,9,30
02241908,COMMONWEALTH OF PR DEPT OF EDUC - ITPR R,PR,00732-0000,Public       ,44,57,101,44,,57,101
02241909,COMMONWEALTH OF PR DEPT OF EDUC - TROQUE,PR,00959-0000,Public       ,8,2,10,8,,2,10
02241910,COMMONWEALTH OF PR DEPT OF EDUC - ITPR R,PR,00701-1091,Public       ,175,65,240,175,,65,240
02260600,NATIONAL COLLEGE OF BUSINESS & TECH     ,PR,00960-2036,Proprietary  ,932,1861,2793,932,,1861,2793
02260800,HUERTAS COLLEGE                         ,PR,00726-0000,Proprietary  ,67,83,150,67,,83,150
02297700,AUTOMECA TECHNICAL COLLEGE              ,PR,00957-0000,Proprietary  ,52,59,111,52,,59,111
02303800,AMERICAN EDUCATIONAL COLLEGE            ,PR,00961-0000,Proprietary  ,3,11,14,3,,11,14
02335500,COLEGIO BIBLICO PENTECOSTAL DE PR       ,PR,00978-0000,Private      ,2,9,11,2,,9,11
02340600,HUMACAO COMMUNITY COLLEGE               ,PR,00792-0000,Private      ,130,144,274,130,,144,274
02343600,INSTITUTE OF BEAUTY CAREERS             ,PR,00613-0000,Proprietary  ,6,8,14,6,,8,14
02460000,UNIVERSITY OF PUERTO RICO - MEDICAL SCIE,PR,00936-0000,Public       ,174,157,331,174,,157,331
02482400,PONCE SCHOOL OF MEDICINE AND HEALTH SCIE,PR,00716-2347,Private      ,31,159,190,31,,159,190
02502400,SERBIA'S SCHOOL OF BEAUTY CULTURE       ,PR,00785-0000,Proprietary  ,11,20,31,11,,20,31
02504500,INSTITUCION CHAVIANO DE MAYAGUEZ        ,PR,00708-0000,Proprietary  ,1,1,2,1,,1,2
02505400,ATLANTIC COLLEGE                        ,PR,00970-0000,Private      ,91,27,118,91,,27,118
02534900,PONCE PARAMEDICAL COLLEGE (POPAC)       ,PR,00731-0000,Proprietary  ,51,44,95,51,,44,95
02552300,COLEGIO MAYOR DE TECHNOLOGIA            ,PR,00714-0000,Proprietary  ,12,20,32,12,,20,32
02562500,INTERNATIONAL TECHNICAL COLLEGE         ,PR,00918-0000,Proprietary  ,3,6,9,3,,6,9
02563500,ROGIES SCHOOL OF BEAUTY CULTURE         ,PR,00910-0000,Proprietary  ,1,2,3,1,,2,3
02569400,ESCUELA DE ARTES PLASTICAS              ,PR,00902-1112,Public       ,110,33,143,110,,33,143
02570400,EDUCATIONAL TECHNICAL COLLEGE           ,PR,00925-3404,Proprietary  ,13,15,28,13,,15,28
02576100,ESCUELA TECNICA DE ELECTRICIDAD         ,PR,00731-0000,Proprietary  ,27,32,59,27,,32,59
02587500,UNIVERSIDAD METROPOLITANA               ,PR,00928-0000,Private      ,1081,883,1964,1081,,883,1964
02588600,SEMINARIO EVANGELICO DE PUERTO RICO     ,PR,00925-0000,Private      ,1,7,8,1,,7,8
02593700,HISPANIC AMERICAN COLLEGE               ,PR,00725-0000,Proprietary  ,9,7,16,9,,7,16
03016000,UNIVERSITY OF PUERTO RICO CAROLINA REGIO,PR,00985-0000,Public       ,808,169,977,808,,169,977
03021900,EDIC COLLEGE                            ,PR,00726-0000,Proprietary  ,32,27,59,32,,27,59
03025500,MECH TECH COLLEGE                       ,PR,00725-6118,Proprietary  ,384,274,658,384,,274,658
03025900,"LICEO DE ARTE, DISENOS Y COMERCIO       ",PR,00726-0000,Proprietary  ,6,5,11,6,,5,11
03029700,"UNIVERSAL TECHNOLOGY CLG OF PR, INC     ",PR,00605-1955,Private      ,141,220,361,141,,220,361
03068400,STAR BEAUTY ACADEMY                     ,PR,00961-6312,Proprietary  ,2,4,6,2,,4,6
03070500,D'MART INSTITUTE                        ,PR,00794-3517,Proprietary  ,132,185,317,132,,185,317
03075600,EMMA'S BEAUTY ACADEMY                   ,PR,00795-0000,Proprietary  ,4,5,9,4,,5,9
03085700,PROFESSIONAL TECHNICAL INSTITUTION      ,PR,00960-7061,Proprietary  ,7,7,14,7,,7,14
03104400,PROFESSIONAL ELECTRIC SCHOOL            ,PR,00674-1797,Proprietary  ,3,0,3,3,,0,3
03106900,ESCUELA DE PERITOS ELECTRICITAS         ,PR,00662-0457,Proprietary  ,2,1,3,2,,1,3
03112100,JOHN DEWEY COLLEGE                      ,PR,00915-9538,Private      ,92,176,268,92,,176,268
03112101,JOHN DEWEY COLLEGE                      ,PR,00986-0000,Private      ,9,8,17,9,,8,17
03112102,JOHN DEWEY COLLEGE-BAYAMON CAMPUS       ,PR,00959-0000,Private      ,3,9,12,3,,9,12
03112105,JOHN DEWEY COLLEGE - FAJARDO BRANCH     ,PR,00738-0738,Private      ,31,94,125,31,,94,125
03112106,JOHN DEWEY COLLEGE - ARROYO BRANCH      ,PR,00714-0714,Private      ,8,32,40,8,,32,40
03112107,JOHN DEWEY COLLEGE - JUANA DIAZ BRANCH  ,PR,00795-0000,Private      ,48,64,112,48,,64,112
03112108,JOHN DEWEY COLLEGE - HATILLO CAMPUS     ,PR,00659-0000,Private      ,1,2,3,1,,2,3
03112109,JOHN DEWEY COLLEGE - MANATI             ,PR,00674-0000,Private      ,10,7,17,10,,7,17
03115900,TRINITY COLLEGE OF PUERTO RICO          ,PR,00734-0000,Private      ,6,8,14,6,,8,14
03122500,ACADEMIA SERRANT INC.                   ,PR,00717-1568,Proprietary  ,9,14,23,9,,14,23
03123100,GLOBELLE TECHNICAL INSTITUTE            ,PR,00693-4218,Proprietary  ,1,1,2,1,,1,2
03124200,NOVA COLLEGE DE PUERTO RICO             ,PR,00960-4016,Proprietary  ,4,13,17,4,,13,17
03157600,"COLEGIO DE CINEMATOGRAFIA, ARTES Y TELEV",PR,00961-6345,Proprietary  ,27,19,46,27,,19,46
03177300,SAN JUAN BAUTISTA SCH OF MEDICINE       ,PR,00726-0000,Private      ,7,147,154,7,,147,154
03336300,CENTURY COLLEGE                         ,PR,00603-0000,Proprietary  ,7,9,16,7,,9,16
03414300,MONTECLARO                              ,PR,00745-9612,Private      ,5,6,11,5,,6,11
03452300,INSTITUTO PRE-VOCACIONAL E INDUSTRI     ,PR,00613-1800,Private      ,2,3,5,2,,3,5
03469300,IVAEM COLLEGE                           ,PR,00725-0000,Proprietary  ,7,5,12,7,,5,12
03531300,UNIVERSIDAD PENTECOSTAL MIZPA           ,PR,00928-0966,Private      ,3,24,27,3,,24,27
03544300,ATENAS COLLEGE                          ,PR,00674-0000,Private      ,99,84,183,99,,84,183
03552300,LESTON COLLEGE                          ,PR,00961-6309,Proprietary  ,0,2,2,0,,2,2
03608300,CARIBBEAN FORENSIC & TECHNICAL COLL     ,PR,00926-0000,Proprietary  ,3,6,9,3,,6,9
03735400,"CHARLIES GUARD,DETECTIVE BUREAU&ACA     ",PR,00605-0000,Proprietary  ,4,1,5,4,,1,5
03751300,ESCUELA HOTELERA DE SAN JUAN            ,PR,00917-0091,Proprietary  ,141,72,213,141,,72,213
03758300,BAYAMON COMMUNITY COLLEGE               ,PR,00960-0000,Proprietary  ,4,3,7,4,,3,7
03781400,INDUSTRIAL TECHNICAL COLLEGE            ,PR,00792-0000,Proprietary  ,0,2,2,0,,2,2
03785300,J.G. GUAYNABO TECHNICAL COLLEGE         ,PR,00960-0000,Proprietary  ,0,3,3,0,,3,3
03800300,COLEGIO TECNICO DE ELECTRICIDAD GALLOSA ,PR,00602-0000,Proprietary  ,1,1,2,1,,1,2
03800400,INSTITUTE OF BEAUTY OCCUPATIONS AND TECH,PR,00676-5071,Proprietary  ,25,54,79,25,,54,79
03843300,ADVANCED TECH COLLEGE                   ,PR,00961-6321,Proprietary  ,4,7,11,4,,7,11
03849300,AGUADILLA TECHNICAL COLLEGE             ,PR,00603-0000,Proprietary  ,6,4,10,6,,4,10
03965400,MYRANGEL BEAUTY INSTITUTE               ,PR,00754-3917,Proprietary  ,1,1,2,1,,1,2
04107300,CARIB TECHNOLOGICAL INSTITUTE           ,PR,00960-0000,Proprietary  ,1,2,3,1,,2,3
04117200,INSTITUTO EDUCATIVO PREMIER             ,PR,00731-0000,Proprietary  ,8,6,14,8,,6,14
04131600,LIBERTY TECHNICAL COLLEGE               ,PR,00737-1298,Proprietary  ,2,7,9,2,,7,9
04164300,GLOBAL INSTITUTE                        ,PR,00725-6485,Proprietary  ,0,1,1,0,,1,1
04176000,AMERICAN TECHNICAL INSTITUTE            ,PR,00957-0000,Proprietary  ,4,7,11,4,,7,11
00394600,UNIVERSITY OF THE VIRGIN ISLANDS        ,VI,00802-9990,Public       ,727,334,1061,727,,334,1061
00394601,UNIV OF THE VIRGIN ISLANDS-ST CROIX     ,VI,00850-0000,Public       ,266,263,529,266,,263,529
00667700,MCGILL UNIVERSITY                       ,CN,00000-0000,Public       ,1214,222,1436,1214,,222,1436
00667900,QUEEN'S UNIVERSITY AT KINGSTON          ,CN,00000-0000,Public       ,64,18,82,64,,18,82
00668100,ST FRANCIS XAVIER UNIVERSITY            ,CN,00000-0000,Public       ,26,3,29,26,,3,29
00668200,ST THOMAS UNIVERSITY                    ,CN,00000-0000,Public       ,21,1,22,21,,1,22
00668300,UNIVERSITY OF GUELPH                    ,CN,00000-0000,Public       ,26,36,62,26,,36,62
00668400,UNIVERSITY OF MANITOBA                  ,CN,00000-0000,Public       ,47,22,69,47,,22,69
00668500,UNIVERSITY OF NEW BRUNSWICK (THE)       ,CN,00000-0000,Public       ,24,6,30,24,,6,30
00668600,UNIVERSITY OF OTTAWA                    ,CN,00000-0000,Public       ,42,28,70,42,,28,70
00668800,UNIVERSITY OF TORONTO                   ,CN,00000-0000,Public       ,357,219,576,357,,219,576
00668900,UNIVERSITY OF WINDSOR                   ,CN,00000-0000,Public       ,17,21,38,17,,21,38
00683700,UNIVERSITE LAVAL                        ,CN,00000-0000,Public       ,4,19,23,4,,19,23
00683800,DALHOUSIE UNIVERSITY                    ,CN,00000-0000,Public       ,84,40,124,84,,40,124
00683805,DALHOUSIE UNIVERSITY - AGRICULTURAL CAMP,CN,00000-0000,Public       ,3,2,5,3,,2,5
00685200,BISHOP'S UNIVERSITY                     ,CN,00000-0000,Private      ,43,2,45,43,,2,45
00685300,MCMASTER UNIVERSITY                     ,CN,00000-0000,Public       ,30,18,48,30,,18,48
00767900,YORK UNIVERSITY                         ,CN,00000-0000,Public       ,50,42,92,50,,42,92
00787400,UNIVERSITY AT CALGARY (THE)             ,CN,00000-0000,Public       ,30,38,68,30,,38,68
00814800,UNIVERSITY OF WINNIPEG                  ,CN,00000-0000,Public       ,18,8,26,18,,8,26
00836200,UNIVERSITY OF ALBERTA (THE)             ,CN,00000-0000,Public       ,31,12,43,31,,12,43
00836300,MOUNT SAINT VINCENT UNIVERSITY          ,CN,00000-0000,Public       ,2,3,5,2,,3,5
00836400,SAINT MARY'S UNIVERSITY                 ,CN,00000-0000,Public       ,17,8,25,17,,8,25
00836500,CONCORDIA UNIVERSITY - SIR GEORGE W     ,CN,00000-0000,Public       ,205,74,279,205,,74,279
00836600,UNIVERSITE DE MONTREAL                  ,CN,00000-0000,Public       ,16,28,44,16,,28,44
00836800,CARLETON UNIVERSITY                     ,CN,00000-0000,Public       ,37,25,62,37,,25,62
00836900,UNIVERSITY OF BRITISH COLUMBIA          ,CN,00000-0000,Public       ,718,297,1015,718,,297,1015
00837000,"SAFA, UNIVERSITY OF VICTORIA            ",CN,00000-0000,Public       ,129,34,163,129,,34,163
00844400,SIMON FRASER UNIVERSITY                 ,CN,00000-0000,Public       ,105,49,154,105,,49,154
00844600,UNIVERSITY OF WESTERN ONTARIO (THE)     ,CN,00000-0000,Public       ,43,31,74,43,,31,74
00844800,UNIVERSITY OF REGINA                    ,CN,00000-0000,Public       ,4,3,7,4,,3,7
00844900,ACADIA UNIVERSITY                       ,CN,00000-0000,Public       ,34,8,42,34,,8,42
00852600,UNIVERSITY OF WATERLOO                  ,CN,00000-0000,Public       ,58,17,75,58,,17,75
00858200,WILFRID LAURIER UNIVERSITY              ,CN,00000-0000,Public       ,8,7,15,8,,7,15
00891300,LAKEHEAD UNIVERSITY                     ,CN,00000-0000,Public       ,7,3,10,7,,3,10
00936700,UNIVERSITY OF PRINCE EDWARD ISLAND      ,CN,00000-0000,Public       ,14,57,71,14,,57,71
00942100,BRANDON UNIVERSITY                      ,CN,00000-0000,Public       ,4,11,15,4,,11,15
00948600,TRINITY WESTERN UNIVERSITY              ,CN,00000-0000,Private      ,91,21,112,91,,21,112
00950000,MEMORIAL UNIVERSITY OF NEWFOUNDLAND     ,CN,00000-0000,Public       ,21,18,39,21,,18,39
00950100,UNIVERSITY OF KING'S COLLEGE            ,CN,00000-0000,Public       ,7,0,7,7,,0,7
00950300,MOUNT ALLISON UNIVERSITY                ,CN,00000-0000,Public       ,20,0,20,20,,0,20
00950500,TRENT UNIVERSITY                        ,CN,00000-0000,Public       ,4,2,6,4,,2,6
00969800,MEDICINE HAT COLLEGE                    ,CN,00000-0000,Public       ,2,1,3,2,,1,3
01012300,NOVA SCOTIA COLLEGE OF ART & DESIGN     ,CN,00000-0000,Public       ,10,4,14,10,,4,14
01022100,SAINT PAUL UNIVERSITY                   ,CN,00000-0000,Public       ,0,7,7,0,,7,7
01045800,SHERIDAN COLLEGE OF APPLIED ARTS AN     ,CN,00000-0000,Public       ,55,16,71,55,,16,71
01067500,REGENT COLLEGE                          ,CN,00000-0000,Private      ,4,28,32,4,,28,32
01070300,UNIVERSITY OF LETHBRIDGE                ,CN,00000-0000,Public       ,7,2,9,7,,2,9
01072000,RYERSON UNIVERSITY                      ,CN,00000-0000,Public       ,48,28,76,48,,28,76
01172200,BRIERCREST BIBLE COLLEGE                ,CN,00000-0000,Private      ,2,1,3,2,,1,3
01222800,HUMBER COLLEGE                          ,CN,00000-0000,Public       ,24,22,46,24,,22,46
01227400,PROVIDENCE COLLEGE                      ,CN,00000-0000,Private      ,17,3,20,17,,3,20
02102100,KINGSWOOD UNIVERSITY                    ,CN,00000-0000,Private      ,19,4,23,19,,4,23
02167000,PRAIRIE BIBLE INST                      ,CN,00000-0000,Private      ,10,3,13,10,,3,13
02184600,INSTITUTE FOR CHRISTIAN STUDIES         ,CN,00000-0000,Private      ,2,2,4,2,,2,4
02195700,TAYLOR UNIVERSITY COLLEGE AND SEMINARY  ,CN,00000-0000,Private      ,0,2,2,0,,2,2
02201100,COLUMBIA BIBLE COLLEGE                  ,CN,00000-0000,Private      ,4,2,6,4,,2,6
02216400,TYNDALE COLLEGE & SEMINARY              ,CN,00000-0000,Private      ,5,3,8,5,,3,8
02219200,UNIVERSITY OF SASKATCHEWAN              ,CN,00000-0000,Public       ,16,7,23,16,,7,23
02324900,EMMANUEL BIBLE COLLEGE                  ,CN,00000-0000,Private      ,1,1,2,1,,1,2
02338800,EMILY CARR UNIVERSITY OF ART AND DESIGN ,CN,00000-0000,Public       ,32,17,49,32,,17,49
02577200,SALVATION ARMY WM & CATHERINE BOOTH     ,CN,00000-0000,Private      ,1,1,2,1,,1,2
02593800,CONCORDIA UNIVERSITY COLLEGE            ,CN,00000-0000,Private      ,3,6,9,3,,6,9
02611900,THE KING'S UNIVERSITY COLLEGE           ,CN,00000-0000,Private      ,1,1,2,1,,1,2
03033800,UNIVERSITY COLLEGE OF CAPE BRETON       ,CN,00000-0000,Public       ,2,4,6,2,,4,6
03078300,VANCOUVER SCHOOL OF THEOLOGY            ,CN,00000-0000,Private      ,3,7,10,3,,7,10
03273300,CANADIAN COLLEGE OF NATUROPATHIC ME     ,CN,00000-0000,Private      ,6,11,17,6,,11,17
03298300,ALBERTA COLLEGE OF ART & DESIGN         ,CN,00000-0000,Public       ,26,7,33,26,,7,33
03332500,KWANTLEN UNIVERSITY COLLEGE             ,CN,00000-0000,Public       ,5,5,10,5,,5,10
03335400,CANADIAN UNIVERSITY COLLEGE             ,CN,00000-0000,Private      ,16,5,21,16,,5,21
03339300,ST. STEPHENS UNIVERSITY                 ,CN,00000-0000,Private      ,3,0,3,3,,0,3
03348500,REDEEMER UNIVERSITY COLLEGE             ,CN,00000-0000,Private      ,5,0,5,5,,0,5
03420300,HOLLAND COLLEGE                         ,CN,00000-0000,Public       ,10,4,14,10,,4,14
03560400,NIAGARA COLLEGE-WELLAND CAMPUS          ,CN,00000-0000,Public       ,5,3,8,5,,3,8
03613300,UNIV OF NORTHERN BRITISH COLUMBIA       ,CN,00000-0000,Public       ,3,9,12,3,,9,12
03644400,CANADIAN MENNONITE UNIVERSITY           ,CN,00000-0000,Private      ,4,2,6,4,,2,6
03711300,CAPILANO UNIVERSITY                     ,CN,00000-0000,Public       ,13,12,25,13,,12,25
03846300,PACIFIC LIFE BIBLE COLLEGE              ,CN,00000-0000,Private      ,5,1,6,5,,1,6
03847300,CRANDALL UNIVERSITY                     ,CN,00000-0000,Private      ,1,0,1,1,,0,1
04075300,QUEST UNIVERSITY CANADA                 ,CN,00000-0000,Private      ,134,10,144,134,,10,144
04123100,ATLANTIC SCHOOL OF THEOLOGY             ,CN,00000-0000,Public       ,1,3,4,1,,3,4
04156700,AMBROSE UNIVERSITY COLLEGE              ,CN,00000-0000,Private      ,8,4,12,8,,4,12
00814700,UNIVERSIDAD AUTONOMA DE GUADALAJARA     ,MX,00000-0000,Private      ,47,366,413,47,,366,413
01041800,INST TEC Y DE ESTSUPER DE MONTERRE      ,MX,00000-0000,Private      ,48,39,87,48,,39,87
01067600,UNIVERSIDAD DE MONTERREY                ,MX,00000-0000,Private      ,22,14,36,22,,14,36
01093800,UNIVERSIDAD DE GUANAJUATO               ,MX,00000-0000,Public       ,14,19,33,14,,19,33
01230100,UNIV AUTON DE TAMAULIPAS FAC DEMED      ,MX,00000-0000,Public       ,3,4,7,3,,4,7
02053300,CENTRO DE ESTUDIOS UNIVERSITARIOS D     ,MX,00000-0000,Private      ,9,28,37,9,,28,37
04183900,CETYS UNIVERSIDAD                       ,MX,00000-0000,Private      ,55,22,77,55,,22,77
01001000,AMERICAN SAMOA CMNTY COLLEGE            ,AS,96799-2609,Public       ,148,81,229,148,,81,229
01034300,COLLEGE OF MICRONESIA - FSM             ,FM,96941-0159,Public       ,207,66,273,207,,66,273
01100900,PALAU COMMUNITY COLLEGE                 ,PW,96940-0009,Public       ,254,85,339,254,,85,339
03022400,COLLEGE OF THE MARSHALL ISLANDS         ,MH,96960-1258,Public       ,33,15,48,33,,15,48
03033000,NORTHERN MARIANAS COLLEGE               ,MP,96950-0000,Public       ,115,74,189,115,,74,189
