OPE ID,School,State,Zip Code,School Type,20152016Qtr1_Dependent Students,20152016Qtr1_Independent Students,Quarterly Total,YTD_20152016Qtr1_Dependent Students,YTD_20152016Qtr1_Independent Students,Award Year To Date Total
00100200,ALABAMA AGRCLTL & MECHL UNIV            ,AL,35762-1357,Public       ,3700,1215,4915,3700,1215,4915
00100300,FAULKNER UNIVERSITY                     ,AL,36109-3398,Private      ,1217,1172,2389,1217,1172,2389
00100400,UNIVERSITY OF MONTEVALLO                ,AL,35115-6000,Public       ,1442,483,1925,1442,483,1925
00100500,ALABAMA STATE UNIVERSITY                ,AL,36101-0000,Public       ,5229,1840,7069,5229,1840,7069
00100700,CENTRAL ALABAMA COMMUNITY COLLEGE       ,AL,35011-0000,Public       ,670,418,1088,670,418,1088
00100800,ATHENS STATE UNIVERSITY                 ,AL,35611-1999,Public       ,329,849,1178,329,849,1178
00100900,AUBURN UNIVERSITY                       ,AL,36849-5113,Public       ,14136,2954,17090,14136,2954,17090
00101200,BIRMINGHAM SOUTHERN COLLEGE             ,AL,35254-0002,Private      ,1747,273,2020,1747,273,2020
00101300,CALHOUN COMMUNITY COLLEGE               ,AL,35609-0000,Public       ,1808,1706,3514,1808,1706,3514
00101500,ENTERPRISE STATE COMMUNITY COLLEGE      ,AL,36331-1300,Public       ,457,311,768,457,311,768
00101600,UNIVERSITY OF NORTH ALABAMA             ,AL,35632-0001,Public       ,2725,849,3574,2725,849,3574
00101700,GADSDEN STATE COMMUNITY COLLEGE         ,AL,35903-2269,Public       ,1211,1188,2399,1211,1188,2399
00101800,GEORGE C WALLACE COMMUNITY COLLEGE      ,AL,36303-0943,Public       ,989,993,1982,989,993,1982
00101900,HUNTINGDON COLLEGE                      ,AL,36106-2148,Private      ,831,218,1049,831,218,1049
00102000,JACKSONVILLE STATE UNIVERSITY           ,AL,36265-1602,Public       ,3495,1481,4976,3495,1481,4976
00102100,JEFFERSON DAVIS COMMUNITY COLLEGE       ,AL,36427-2790,Public       ,205,200,405,205,200,405
00102200,JEFFERSON STATE COMMUNITY COLLEGE       ,AL,35215-3098,Public       ,1648,2061,3709,1648,2061,3709
00102300,JUDSON COLLEGE                          ,AL,36756-2504,Private      ,168,56,224,168,56,224
00102400,UNIVERSITY OF WEST ALABAMA              ,AL,35470-0000,Public       ,1326,972,2298,1326,972,2298
00102600,MARION MILITARY INSTITUTE               ,AL,36756-3214,Public       ,293,29,322,293,29,322
00102800,MILES COLLEGE                           ,AL,35064-2697,Private      ,1263,381,1644,1263,381,1644
00102900,UNIVERSITY OF MOBILE                    ,AL,36613-0000,Private      ,853,508,1361,853,508,1361
00103000,BISHOP STATE COMMUNITY COLLEGE          ,AL,36603-5898,Public       ,662,1083,1745,662,1083,1745
00103100,NORTHEAST ALABAMA STATE CMNTY COLG      ,AL,35986-0159,Public       ,363,281,644,363,281,644
00103300,OAKWOOD COLLEGE                         ,AL,35896-0001,Private      ,834,310,1144,834,310,1144
00103400,ALABAMA SOUTHERN COMMUNITY COLLEGE      ,AL,36460-5698,Public       ,427,205,632,427,205,632
00103600,SAMFORD UNIVERSITY                      ,AL,35229-7000,Private      ,2902,1128,4030,2902,1128,4030
00103800,SNEAD STATE COMMUNITY COLLEGE           ,AL,35957-0734,Public       ,877,503,1380,877,503,1380
00104000,SOUTHERN UNION STATE COMMUNITY CLG      ,AL,36276-0000,Public       ,1566,949,2515,1566,949,2515
00104100,SPRING HILL COLLEGE                     ,AL,36608-1791,Private      ,1840,304,2144,1840,304,2144
00104400,STILLMAN COLLEGE                        ,AL,35403-0000,Private      ,1011,228,1239,1011,228,1239
00104600,TALLADEGA COLLEGE                       ,AL,35160-2354,Private      ,660,183,843,660,183,843
00104700,TROY UNIVERSITY                         ,AL,36082-0001,Public       ,4688,4774,9462,4688,4774,9462
00105000,TUSKEGEE UNIVERSITY                     ,AL,36088-1645,Private      ,3812,753,4565,3812,753,4565
00105100,UNIVERSITY OF ALABAMA (THE)             ,AL,35487-0120,Public       ,20612,4173,24785,20612,4173,24785
00105200,UNIVERSITY OF ALABAMA AT BIRMINGHAM     ,AL,35294-1150,Public       ,6322,4248,10570,6322,4248,10570
00105500,UNIVERSITY OF ALABAMA IN HUNTSVILLE     ,AL,35899-0001,Public       ,2948,1205,4153,2948,1205,4153
00105700,UNIVERSITY OF SOUTH ALABAMA             ,AL,36688-0002,Public       ,5498,3360,8858,5498,3360,8858
00105900,LAWSON STATE COMMUNITY COLLEGE          ,AL,35221-1798,Public       ,789,804,1593,789,804,1593
00105901,LAWSON STATE COMMUNITY COLLEGE - BESSEME,AL,35021-0308,Public       ,286,374,660,286,374,660
00106000,FAULKNER STATE COMMUNITY COLLEGE        ,AL,36507-2698,Public       ,1230,950,2180,1230,950,2180
00526000,J.F. DRAKE STATE TECH COLLEGE           ,AL,35811-1584,Public       ,173,401,574,173,401,574
00569100,SHELTON STATE COMMUNITY CLG             ,AL,35405-4017,Public       ,1384,924,2308,1384,924,2308
00569200,REID STATE TECHNICAL COLLEGE            ,AL,36401-0000,Public       ,54,111,165,54,111,165
00569700,NORTHWEST- SHOALS COMMUNITY COLLEGE     ,AL,35661-0000,Public       ,847,473,1320,847,473,1320
00569900,GEORGE C WALLACE STATE CMTY COLLEGE     ,AL,36703-0000,Public       ,311,384,695,311,384,695
00573300,BEVILL STATE CMTY COLLEGE-WALKER        ,AL,35148-0000,Public       ,981,757,1738,981,757,1738
00573400,H. COUNCILL TRENHOLM STATE TECH COLLEGE ,AL,36108-0020,Public       ,201,473,674,201,473,674
00573401,H. C. TRENHOLM ST TECH COL-PATTERSON CAM,AL,36116-2612,Public       ,144,311,455,144,311,455
00787100,GEORGE C WALLACE STATE CMTY CLG         ,AL,35077-2000,Public       ,1291,944,2235,1291,944,2235
00831000,AUBURN UNIVERSITY-MONTGOMERY            ,AL,36124-0000,Public       ,2864,1598,4462,2864,1598,4462
00898800,LURLEEN B WALLACE COMMUNITY COLLEGE     ,AL,36420-0418,Public       ,511,285,796,511,285,796
01055400,CONCORDIA COLLEGE                       ,AL,36701-3323,Private      ,311,122,433,311,122,433
01218200,CHATTAHOOCHEE VALLEY CMTY CLG           ,AL,36869-7917,Public       ,391,519,910,391,519,910
01303906,SOUTH UNIVERSITY - MONTGOMERY           ,AL,36116-1120,Proprietary  ,104,370,474,104,370,474
02170600,UNITED STATES SPORTS ACADEMY            ,AL,36526-7055,Private      ,16,177,193,16,177,193
02199700,HERITAGE CHRISTIAN UNIVERSITY           ,AL,35630-0000,Private      ,11,15,26,11,15,26
02270400,SOUTHEASTERN BIBLE COLLEGE              ,AL,35244-2083,Private      ,39,65,104,39,65,104
02285000,PAUL MITCHELL THE SCHOOL HUNTSVILLE     ,AL,35758-0000,Proprietary  ,19,51,70,19,51,70
02296000,PRINCE INSTITUTE OF PROFESSIONAL STUDIES,AL,36117-0000,Proprietary  ,8,42,50,8,42,50
02341000,FORTIS COLLEGE                          ,AL,36609-0000,Proprietary  ,153,623,776,153,623,776
02503400,AMRIDGE UNIVERSITY                      ,AL,36124-0000,Private      ,38,257,295,38,257,295
03010600,VIRGINIA COLLEGE                        ,AL,35209-5154,Proprietary  ,690,5165,5855,690,5165,5855
03010602,VIRGINIA COLLEGE - HUNTSVILLE           ,AL,35801-5608,Proprietary  ,68,293,361,68,293,361
03010607,VIRGINIA COLLEGE - MOBILE               ,AL,36608-1626,Proprietary  ,53,232,285,53,232,285
03010616,VIRGINIA COLLEGE - MONTGOMERY           ,AL,36117-2802,Proprietary  ,86,317,403,86,317,403
03026516,REMINGTON COLLEGE - MOBILE              ,AL,36609-5593,Private      ,67,178,245,67,178,245
03032500,ALABAMA STATE CLG BARBER STYLING        ,AL,35215-0000,Proprietary  ,32,58,90,32,58,90
03361400,FORTIS COLLEGE                          ,AL,36535-0000,Proprietary  ,25,177,202,25,177,202
03459300,SOUTHEASTERN SCHOOL OF COSMETOLOGY      ,AL,35228-0000,Private      ,9,26,35,9,26,35
03783300,BLUE CLIFF CAREER COLLEGE               ,AL,63306-4749,Proprietary  ,17,69,86,17,69,86
03894300,HUNTSVILLE BIBLE COLLEGE                ,AL,35811-0000,Private      ,13,51,64,13,51,64
04066300,CARDIAC AND VASCULAR INSTITUTE OF ULTRAS,AL,36604-1411,Proprietary  ,20,66,86,20,66,86
04067300,SELMA UNIVERSITY                        ,AL,36701-0000,Private      ,63,130,193,63,130,193
04121500,COLUMBIA SOUTHERN UNIVERSITY            ,AL,36561-3815,Proprietary  ,190,5214,5404,190,5214,5404
04149200,XCELL ACADEMY-A PAUL MITCHELL PARTNER SC,AL,35216-4990,Proprietary  ,31,71,102,31,71,102
04187200,NEW BEGINNING COLLEGE OF COSMETOLOGY    ,AL,35950-2415,Proprietary  ,18,38,56,18,38,56
04187300,HAIR ACADEMY (THE)                      ,AL,36111-2201,Proprietary  ,17,40,57,17,40,57
04197500,UNIVERSITY ACADEMY OF HAIR DESIGN       ,AL,35476-3100,Proprietary  ,16,27,43,16,27,43
04211000,SALON PROFESSIONAL ACADEMY (THE)        ,AL,35816-1849,Proprietary  ,21,41,62,21,41,62
04217900,NUNATION SCHOOL OF COSMETOLOGY          ,AL,35064-2222,Proprietary  ,8,16,24,8,16,24
04226700,ALABAMA COLLEGE OF OSTEOPATHIC MEDICINE ,AL,36303-2251,Private      ,24,247,271,24,247,271
00111100,ALLAN HANCOCK COLLEGE                   ,CA,93454-6399,Public       ,2787,1878,4665,2787,1878,4665
00111300,ANTELOPE VALLEY COLLEGE                 ,CA,93536-5426,Public       ,4525,4501,9026,4525,4501,9026
00111600,ART CENTER COLLEGE OF DESIGN            ,CA,91103-1999,Private      ,1490,935,2425,1490,935,2425
00111700,AZUSA PACIFIC UNIVERSITY                ,CA,91702-7000,Private      ,8686,4686,13372,8686,4686,13372
00111800,BAKERSFIELD COLLEGE                     ,CA,93305-1299,Public       ,8785,5326,14111,8785,5326,14111
00111900,BARSTOW COMMUNITY COLLEGE               ,CA,92311-6608,Public       ,648,1265,1913,648,1265,1913
00112000,AMER BAPT SEM OF THE WEST-BERKELEY      ,CA,94704-0000,Private      ,8,30,38,8,30,38
00112200,BIOLA UNIVERSITY                        ,CA,90639-0001,Private      ,5013,1262,6275,5013,1262,6275
00112300,BROOKS INSTITUTE                        ,CA,93103-1809,Proprietary  ,244,182,426,244,182,426
00112400,CABRILLO COLLEGE                        ,CA,95003-3194,Public       ,3366,2159,5525,3366,2159,5525
00112500,CALIFORNIA BAPTIST UNIVERSITY           ,CA,92504-3297,Private      ,6910,3706,10616,6910,3706,10616
00112700,CALIFORNIA COLLEGE OF THE ARTS          ,CA,94107-2206,Private      ,1770,985,2755,1770,985,2755
00113100,CALIFORNIA INSTITUTE OF TECHNOLOGY      ,CA,91125-0001,Private      ,3453,449,3902,3453,449,3902
00113200,CALIFORNIA INSTITUTE OF THE ARTS        ,CA,91355-2397,Private      ,2347,1266,3613,2347,1266,3613
00113300,CALIFORNIA LUTHERAN UNIVERSITY          ,CA,91360-2787,Private      ,4540,883,5423,4540,883,5423
00113400,CALIFORNIA MARITIME ACADEMY             ,CA,94590-8181,Public       ,1134,323,1457,1134,323,1457
00113700,CALIF STATE UNIV-FULLERTON              ,CA,92831-3599,Public       ,49839,18240,68079,49839,18240,68079
00113800,"CALIFORNIA STATE UNIVERSITY, EAST BAY   ",CA,94542-3000,Public       ,17166,9477,26643,17166,9477,26643
00113900,CALIF STATE UNIV-LONG BEACH             ,CA,90840-0006,Public       ,57253,21004,78257,57253,21004,78257
00114000,CALIF STATE UNIV-LOS ANGELES            ,CA,90032-4226,Public       ,37991,18428,56419,37991,18428,56419
00114100,"CALIF STATE UNIV, DOMINGUEZ HILLS       ",CA,90747-0001,Public       ,18897,12182,31079,18897,12182,31079
00114200,CALIF STATE UNIV SAN BERNARDINO         ,CA,92407-2397,Public       ,21515,10512,32027,21515,10512,32027
00114300,CAL POLY STATE UNIVERSITY               ,CA,93407-0001,Public       ,41533,4055,45588,41533,4055,45588
00114400,CALIF STATE POLYTECHNIC UNIV POMONA     ,CA,91768-2500,Public       ,37644,10585,48229,37644,10585,48229
00114600,CALIF STATE UNIV - CHICO                ,CA,95929-0001,Public       ,24074,5594,29668,24074,5594,29668
00114700,CALIF STATE UNIV - FRESNO               ,CA,93740-8026,Public       ,27364,9777,37141,27364,9777,37141
00114900,HUMBOLDT STATE UNIVERSITY               ,CA,95521-8299,Public       ,13760,3934,17694,13760,3934,17694
00115000,CALIF STATE UNIV-SACRAMENTO             ,CA,95819-6044,Public       ,33587,15875,49462,33587,15875,49462
00115100,SAN DIEGO STATE UNIVERSITY              ,CA,92182-1690,Public       ,57697,15094,72791,57697,15094,72791
00115300,CALIF STATE UNIV-NORTHRIDGE             ,CA,91330-8307,Public       ,45480,18021,63501,45480,18021,63501
00115400,SAN FRANCISCO STATE UNIVERSITY          ,CA,94132-1740,Public       ,38156,13409,51565,38156,13409,51565
00115500,SAN JOSE STATE UNIVERSITY               ,CA,95192-0036,Public       ,33037,12570,45607,33037,12570,45607
00115600,SONOMA STATE UNIVERSITY                 ,CA,94928-3609,Public       ,13729,2808,16537,13729,2808,16537
00115700,CALIF STATE UNIV-STANISLAUS             ,CA,95382-0299,Public       ,10573,4932,15505,10573,4932,15505
00116100,CERRITOS COLLEGE                        ,CA,90650-6296,Public       ,12091,6750,18841,12091,6750,18841
00116200,CHABOT COLLEGE                          ,CA,94545-2400,Public       ,4254,2979,7233,4254,2979,7233
00116300,CHAFFEY COLLEGE                         ,CA,91737-9400,Public       ,10068,6750,16818,10068,6750,16818
00116400,CHAPMAN UNIVERSITY                      ,CA,92866-1099,Private      ,11324,3194,14518,11324,3194,14518
00116500,CHURCH DIV SCH OF THE PACIFIC           ,CA,94709-0000,Private      ,1,44,45,1,44,45
00116600,CITRUS COLLEGE                          ,CA,91741-1899,Public       ,6859,3666,10525,6859,3666,10525
00116900,CLAREMONT GRADUATE UNIVERSITY           ,CA,91711-0000,Private      ,24,1036,1060,24,1036,1060
00117000,CLAREMONT MCKENNA COLLEGE               ,CA,91711-6400,Private      ,3578,158,3736,3578,158,3736
00117100,HARVEY MUDD COLLEGE                     ,CA,91711-5990,Private      ,2669,75,2744,2669,75,2744
00117200,PITZER COLLEGE                          ,CA,91711-6101,Private      ,2422,144,2566,2422,144,2566
00117300,POMONA COLLEGE                          ,CA,91711-6301,Private      ,4370,200,4570,4370,200,4570
00117400,SCRIPPS COLLEGE                         ,CA,91711-3948,Private      ,1817,106,1923,1817,106,1923
00117600,WEST HILLS COMMUNITY COLLEGE            ,CA,93210-1399,Public       ,1079,511,1590,1079,511,1590
00117700,COGSWELL POLYTECHNICAL COLLEGE          ,CA,94089-1210,Proprietary  ,485,179,664,485,179,664
00117800,COLLEGE OF MARIN                        ,CA,94904-2590,Public       ,786,892,1678,786,892,1678
00117801,COLG OF MARIN-INDIAN VALLEY CMPS        ,CA,94949-0000,Public       ,253,283,536,253,283,536
00117900,NOTRE DAME DE NAMUR UNIVERSITY          ,CA,94002-1997,Private      ,1313,681,1994,1313,681,1994
00118100,COLLEGE OF SAN MATEO                    ,CA,94402-3784,Public       ,2466,1254,3720,2466,1254,3720
00118200,COLLEGE OF THE DESERT                   ,CA,92260-9305,Public       ,4269,2798,7067,4269,2798,7067
00118300,HOLY NAMES UNIVERSITY                   ,CA,94619-1699,Private      ,771,468,1239,771,468,1239
00118500,COLLEGE OF THE REDWOODS                 ,CA,95501-9300,Public       ,1647,1486,3133,1647,1486,3133
00118600,COLLEGE OF THE SEQUOIAS                 ,CA,93277-2234,Public       ,4828,2976,7804,4828,2976,7804
00118700,COLLEGE OF THE SISKIYOUS                ,CA,96094-2899,Public       ,690,486,1176,690,486,1176
00118701,COLLEGE OF THE SISKIYOUS - YREKA CENTER ,CA,96097-9538,Public       ,89,154,243,89,154,243
00119000,CONTRA COSTA COLLEGE                    ,CA,94806-3195,Public       ,1578,1491,3069,1578,1491,3069
00119100,DIABLO VALLEY COLLEGE                   ,CA,94523-1544,Public       ,4528,2883,7411,4528,2883,7411
00119200,CUESTA COLLEGE                          ,CA,93403-8106,Public       ,2936,1677,4613,2936,1677,4613
00119300,CYPRESS COLLEGE                         ,CA,90630-5897,Public       ,8719,4701,13420,8719,4701,13420
00119600,DOMINICAN UNIVERSITY OF CALIFORNIA      ,CA,94901-2298,Private      ,2372,761,3133,2372,761,3133
00119700,EL CAMINO COLLEGE                       ,CA,90506-0002,Public       ,11111,6278,17389,11111,6278,17389
00119701,COMPTON COMMUNITY COLLEGE               ,CA,90221-5393,Public       ,2488,2552,5040,2488,2552,5040
00119900,FOOTHILL COLLEGE                        ,CA,94022-4597,Public       ,2867,2094,4961,2867,2094,4961
00120000,FULLER THEOLOGICAL SEMINARY             ,CA,91182-0000,Private      ,9,1412,1421,9,1412,1421
00120100,FULLERTON COLLEGE                       ,CA,92832-2095,Public       ,11539,5060,16599,11539,5060,16599
00120200,GAVILAN COLLEGE                         ,CA,95020-9599,Public       ,1134,766,1900,1134,766,1900
00120300,GLENDALE COMMUNITY COLLEGE              ,CA,91208-2894,Public       ,6981,4616,11597,6981,4616,11597
00120500,GOLDEN GATE UNIVERSITY                  ,CA,94105-2967,Private      ,164,1350,1514,164,1350,1514
00120600,GOLDEN WEST COLLEGE                     ,CA,92647-2748,Public       ,6833,3717,10550,6833,3717,10550
00120700,GRADUATE THEOLOGICAL UNION              ,CA,94709-0000,Private      ,1,181,182,1,181,182
00120800,GROSSMONT COLLEGE                       ,CA,92020-1799,Public       ,6520,5041,11561,6520,5041,11561
00120900,HARTNELL COMMUNITY COLLEGE              ,CA,93901-1697,Public       ,3013,1538,4551,3013,1538,4551
00121200,HUMPHREYS COLLEGE                       ,CA,95207-3896,Private      ,200,477,677,200,477,677
00121400,IMPERIAL VALLEY COLLEGE                 ,CA,92251-9787,Public       ,2934,1360,4294,2934,1360,4294
00121500,LA SIERRA UNIVERSITY                    ,CA,92515-3332,Private      ,3147,866,4013,3147,866,4013
00121600,UNIVERSITY OF LA VERNE                  ,CA,91750-4443,Private      ,5493,3908,9401,5493,3908,9401
00121700,LASSEN COLLEGE                          ,CA,96130-3000,Public       ,290,201,491,290,201,491
00121800,LOMA LINDA UNIVERSITY                   ,CA,92350-0001,Private      ,987,4107,5094,987,4107,5094
00121900,LONG BEACH CITY COLLEGE                 ,CA,90808-1780,Public       ,13440,7898,21338,13440,7898,21338
00122000,MASTER'S COLLEGE & SEMINARY (THE)       ,CA,91321-1200,Private      ,1150,237,1387,1150,237,1387
00122300,LOS ANGELES CITY COLLEGE                ,CA,90029-3588,Public       ,7180,8431,15611,7180,8431,15611
00122400,LOS ANGELES HARBOR COLLEGE              ,CA,90744-2397,Public       ,3212,2907,6119,3212,2907,6119
00122600,LOS ANGELES PIERCE COLLEGE              ,CA,91371-0001,Public       ,9394,6597,15991,9394,6597,15991
00122700,LOS ANGELES TRADE TECH COLLEGE          ,CA,90015-4181,Public       ,4744,6948,11692,4744,6948,11692
00122800,LOS ANGELES VALLEY COLLEGE              ,CA,91401-4096,Public       ,6551,6131,12682,6551,6131,12682
00122900,SO CA UNIV  HEALTH SCIENCES             ,CA,90604-4051,Private      ,36,391,427,36,391,427
00123000,MARSHALL B. KETCHUM UNIVERSITY          ,CA,92831-1699,Private      ,6,388,394,6,388,394
00123200,AMERICAN RIVER COLLEGE                  ,CA,95841-4286,Public       ,10655,11332,21987,10655,11332,21987
00123300,SACRAMENTO CITY COLLEGE                 ,CA,95822-1386,Public       ,11082,9068,20150,11082,9068,20150
00123600,MENLO COLLEGE                           ,CA,94027-4301,Private      ,993,126,1119,993,126,1119
00123700,MERCED COMMUNITY COLLEGE                ,CA,95348-2898,Public       ,4665,2775,7440,4665,2775,7440
00123800,MILLS COLLEGE                           ,CA,94613-1301,Private      ,1272,1144,2416,1272,1144,2416
00123900,MIRACOSTA COLLEGE                       ,CA,92056-3899,Public       ,3643,3395,7038,3643,3395,7038
00124000,MODESTO JUNIOR COLLEGE                  ,CA,95350-5800,Public       ,7434,6066,13500,7434,6066,13500
00124200,MONTEREY PENINSULA COLLEGE              ,CA,93940-4799,Public       ,2142,1325,3467,2142,1325,3467
00124300,MOUNT ST MARYS COLLEGE                  ,CA,90049-1599,Private      ,3338,1669,5007,3338,1669,5007
00124500,MT. SAN ANTONIO COLLEGE                 ,CA,91789-1399,Public       ,14808,8333,23141,14808,8333,23141
00124600,MT SAN JACINTO COLLEGE                  ,CA,92583-2399,Public       ,6216,5693,11909,6216,5693,11909
00124700,NAPA VALLEY COLLEGE                     ,CA,94558-6236,Public       ,1977,1216,3193,1977,1216,3193
00124900,OCCIDENTAL COLLEGE                      ,CA,90041-3314,Private      ,4696,252,4948,4696,252,4948
00125000,ORANGE COAST COLLEGE - FIN AID OFF      ,CA,92628-5005,Public       ,10195,5156,15351,10195,5156,15351
00125100,OTIS COLLEGE OF ART AND DESIGN          ,CA,90045-3505,Private      ,1567,466,2033,1567,466,2033
00125200,HOPE INTERNATIONAL UNIVERSITY           ,CA,92631-0000,Private      ,752,543,1295,752,543,1295
00125300,FRESNO PACIFIC UNIVERSITY               ,CA,93702-4798,Private      ,2018,2271,4289,2018,2271,4289
00125400,PACIFIC LUTHERAN THEOLOGICAL SEM        ,CA,94708-0000,Private      ,2,36,38,2,36,38
00125500,PACIFIC OAKS COLLEGE                    ,CA,91103-3606,Private      ,41,802,843,41,802,843
00125600,PACIFIC SCHOOL OF RELIGION              ,CA,94709-0000,Private      ,1,119,120,1,119,120
00125800,PACIFIC UNION COLLEGE                   ,CA,94508-9797,Private      ,1416,283,1699,1416,283,1699
00125900,PALO VERDE COLLEGE                      ,CA,92225-0000,Public       ,100,127,227,100,127,227
00126000,PALOMAR COLLEGE                         ,CA,92069-1486,Public       ,6933,4195,11128,6933,4195,11128
00126100,PASADENA CITY COLLEGE                   ,CA,91106-2003,Public       ,13574,6528,20102,13574,6528,20102
00126200,POINT LOMA NAZARENE UNIVERSITY          ,CA,92106-2899,Private      ,3752,801,4553,3752,801,4553
00126600,LANEY COLLEGE                           ,CA,94607-4893,Public       ,2664,3232,5896,2664,3232,5896
00126700,MERRITT COLLEGE                         ,CA,94619-3196,Public       ,1693,2132,3825,1693,2132,3825
00126800,PORTERVILLE COLLEGE                     ,CA,93257-6059,Public       ,1557,900,2457,1557,900,2457
00126900,RIO HONDO COLLEGE                       ,CA,90601-1699,Public       ,8694,4383,13077,8694,4383,13077
00127000,RIVERSIDE CITY COLLEGE                  ,CA,92506-1299,Public       ,14286,9124,23410,14286,9124,23410
00127200,SAN BERNARDINO VALLEY COLLEGE           ,CA,92410-2798,Public       ,6992,6792,13784,6992,6792,13784
00127300,SAN DIEGO CITY COLLEGE                  ,CA,92101-4787,Public       ,7598,6659,14257,7598,6659,14257
00127500,SAN DIEGO MESA COLLEGE                  ,CA,92111-4996,Public       ,8014,5992,14006,8014,5992,14006
00127800,SAN FRANCISCO CONSERVATORY OF MUSIC     ,CA,94122-4498,Private      ,222,248,470,222,248,470
00127900,SAN FRANCISCO THEOLOGICAL SEMINARY      ,CA,94960-0000,Private      ,10,33,43,10,33,43
00128000,SAN JOAQUIN DELTA COLLEGE               ,CA,95207-6370,Public       ,7017,5458,12475,7017,5458,12475
00128100,WILLIAM JESSUP UNIVERSITY               ,CA,95765-3707,Private      ,1070,383,1453,1070,383,1453
00128200,SAN JOSE CITY COLLEGE                   ,CA,95128-2797,Public       ,3561,2901,6462,3561,2901,6462
00128400,SANTA ANA COLLEGE                       ,CA,92706-3398,Public       ,7191,3980,11171,7191,3980,11171
00128500,SANTA BARBARA CITY COLLEGE              ,CA,93109-2394,Public       ,6662,2622,9284,6662,2622,9284
00128600,SANTA MONICA COLLEGE                    ,CA,90405-1644,Public       ,14288,6279,20567,14288,6279,20567
00128700,SANTA ROSA JUNIOR COLLEGE               ,CA,95401-4395,Public       ,4323,2879,7202,4323,2879,7202
00128800,CLAREMONT SCHOOL OF THEOLOGY            ,CA,91711-0000,Private      ,7,150,157,7,150,157
00128900,SHASTA COLLEGE                          ,CA,96049-7692,Public       ,2422,2218,4640,2422,2218,4640
00129000,SIERRA COLLEGE                          ,CA,95677-3397,Public       ,5636,4103,9739,5636,4103,9739
00129100,SIMPSON UNIVERSITY                      ,CA,96003-8606,Private      ,1053,689,1742,1053,689,1742
00129200,SOLANO COMMUNITY COLLEGE                ,CA,94534-3197,Public       ,2496,2493,4989,2496,2493,4989
00129300,VANGUARD UNIVERSITY OF SOUTHERN CA      ,CA,92626-6597,Private      ,2035,685,2720,2035,685,2720
00129400,SOUTHWESTERN COLLEGE                    ,CA,91910-7299,Public       ,7508,4511,12019,7508,4511,12019
00129500,SOUTHWESTERN LAW SCHOOL                 ,CA,90010-1106,Private      ,51,1570,1621,51,1570,1621
00129600,DOMINICAN SCH PHILOSOPHY & THEOLOGY     ,CA,94709-0000,Private      ,4,26,30,4,26,30
00129900,ST JOHN'S SEMINARY COLLEGE              ,CA,93010-0000,Private      ,3,6,9,3,6,9
00130200,SAINT MARY'S COLLEGE OF CALIFORNIA      ,CA,94556-2744,Private      ,4604,856,5460,4604,856,5460
00130500,STANFORD UNIVERSITY                     ,CA,94305-6106,Private      ,23930,2178,26108,23930,2178,26108
00130501,STANFORD UNIVERSITY - SCHOOL OF MEDICINE,CA,94305-5404,Private      ,177,582,759,177,582,759
00130502,STANFORD UNIVERSITY - GRADUATE SCHOOL OF,CA,94305-7298,Private      ,69,1637,1706,69,1637,1706
00130503,STANFORD UNIVERSITY - STANFORD LAW SCHOO,CA,94305-8610,Private      ,129,1671,1800,129,1671,1800
00130700,FRESNO CITY COLLEGE                     ,CA,93741-0002,Public       ,12712,8458,21170,12712,8458,21170
00130800,REEDLEY COLLEGE                         ,CA,93654-2099,Public       ,5474,2629,8103,5474,2629,8103
00130900,TAFT COLLEGE                            ,CA,93268-2317,Public       ,1301,758,2059,1301,758,2059
00131200,"UNIVERSITY OF CALIFORNIA, BERKELEY      ",CA,94720-1520,Public       ,59284,14695,73979,59284,14695,73979
00131300,UNIVERSITY OF CALIFORNIA-DAVIS          ,CA,95616-8558,Public       ,56522,12848,69370,56522,12848,69370
00131400,UNIVERSITY OF CALIFORNIA-IRVINE         ,CA,92697-2825,Public       ,63891,11890,75781,63891,11890,75781
00131500,UNIVERSITY OF CALIFORNIA (UCLA)         ,CA,90095-9000,Public       ,75238,20326,95564,75238,20326,95564
00131502,UNIV OF CALIFORNIA LOS ANG SCH MED      ,CA,90095-0000,Public       ,210,879,1089,210,879,1089
00131503,UNIV OF CALIFORNIA LOS ANG DENTAL       ,CA,90095-0000,Public       ,97,143,240,97,143,240
00131600,UNIVERSITY OF CALIFORNIA-RIVERSIDE      ,CA,92521-0209,Public       ,42592,7977,50569,42592,7977,50569
00131700,UNIVERSITY OF CALIFORNIA-SAN DIEGO      ,CA,92093-0013,Public       ,56439,8950,65389,56439,8950,65389
00131900,UNIVERSITY OF CALIFORNIA-SFRANCISCO     ,CA,94143-0246,Public       ,1253,3438,4691,1253,3438,4691
00132000,UNIVERSITY OF CALIFORNIA-SANTA BARB     ,CA,93106-3180,Public       ,54885,6316,61201,54885,6316,61201
00132100,UNIVERSITY OF CALIFORNIA-SANTA CRUZ     ,CA,95064-0001,Public       ,39455,4659,44114,39455,4659,44114
00132200,UNIVERSITY OF REDLANDS                  ,CA,92373-0999,Private      ,5190,1884,7074,5190,1884,7074
00132500,UNIVERSITY OF SAN FRANCISCO             ,CA,94117-1080,Private      ,12114,5081,17195,12114,5081,17195
00132600,SANTA CLARA UNIVERSITY                  ,CA,95053-4956,Private      ,10077,2080,12157,10077,2080,12157
00132604,JESUIT SCHOOL OF THEOLOGY - BERKELEY    ,CA,94709-1193,Private      ,0,41,41,0,41,41
00132800,UNIVERSITY OF SOUTHERN CALIFORNIA       ,CA,90089-0914,Private      ,40847,18734,59581,40847,18734,59581
00132900,UNIVERSITY OF THE PACIFIC               ,CA,95211-0197,Private      ,8555,2392,10947,8555,2392,10947
00132901,UNIVERSITY OF THE PACIFIC - MCGEORGE SCH,CA,95817-2799,Private      ,135,900,1035,135,900,1035
00132902,UNIV OF THE PACIFIC SCH OF DENT         ,CA,94115-0000,Private      ,50,527,577,50,527,577
00133400,VENTURA COLLEGE                         ,CA,93003-3899,Public       ,4287,2384,6671,4287,2384,6671
00133500,VICTOR VALLEY COLLEGE                   ,CA,92395-5849,Public       ,4494,4189,8683,4494,4189,8683
00133800,WEST VALLEY COLLEGE                     ,CA,95070-5697,Public       ,1815,1122,2937,1815,1122,2937
00134100,WESTMONT COLLEGE                        ,CA,93108-1099,Private      ,2232,110,2342,2232,110,2342
00134200,WHITTIER COLLEGE                        ,CA,90601-0000,Private      ,3777,368,4145,3777,368,4145
00134201,WHITTIER COLLEGE - COLLEGE OF LAW       ,CA,92626-1501,Private      ,27,696,723,27,696,723
00134300,WOODBURY UNIVERSITY                     ,CA,91510-7846,Private      ,1081,562,1643,1081,562,1643
00134400,YUBA COLLEGE                            ,CA,95901-7699,Public       ,2450,2013,4463,2450,2013,4463
00177212,TRINITY INTERNATIONAL UNIV-CA           ,CA,92705-0000,Private      ,2,116,118,2,116,118
00188100,ASHFORD UNIVERSITY                      ,CA,92123-1406,Proprietary  ,628,24810,25438,628,24810,25438
00274100,AMERICAN JEWISH UNIVERSITY              ,CA,90077-1599,Private      ,56,72,128,56,72,128
00301002,ANTIOCH UNIV/LOS ANGELES                ,CA,90230-7615,Private      ,42,484,526,42,484,526
00301003,ANTIOCH  UNIV/SANTA BARBARA             ,CA,93101-0000,Private      ,586,306,892,586,306,892
00369110,MIDDLEBURY COLLEGE - MONTEREY INSTITUTE ,CA,93940-2691,Private      ,27,587,614,27,587,614
00394700,UC-HASTINGS COLLEGE OF THE LAW          ,CA,94102-0000,Public       ,26,2292,2318,26,2292,2318
00394800,SAN FRANCISCO ART INSTITUTE             ,CA,94133-2299,Private      ,1086,578,1664,1086,578,1664
00408000,STARR KING SCHOOL FOR THE MINISTRY      ,CA,94709-1299,Private      ,1,49,50,1,49,50
00448000,DE ANZA COLLEGE                         ,CA,95014-5793,Public       ,6872,3328,10200,6872,3328,10200
00448100,OHLONE COLLEGE                          ,CA,94539-5847,Public       ,2471,1461,3932,2471,1461,3932
00448400,JOHN F. KENNEDY UNIVERSITY              ,CA,94523-4817,Private      ,28,586,614,28,586,614
00449400,EVEREST COLLEGE                         ,CA,92408-3752,Proprietary  ,192,236,428,192,236,428
00449401,EVEREST COLLEGE - SANTA ANA             ,CA,92701-4559,Proprietary  ,100,152,252,100,152,252
00449402,EVEREST COLLEGE - ONTARIO               ,CA,91761-8525,Proprietary  ,112,326,438,112,326,438
00450200,CITY COLLEGE OF SAN FRANCISCO           ,CA,94112-0000,Public       ,5565,4818,10383,5565,4818,10383
00563800,DOWNEY ADULT SCHOOL                     ,CA,90241-5610,Public       ,132,292,424,132,292,424
00565500,HACIENDA LA PUENTE ADULT EDUC CTR       ,CA,91746-0000,Public       ,111,199,310,111,199,310
00616500,LA CNTY CLG OF NURSING & ALLD HLTH      ,CA,90033-1018,Public       ,147,352,499,147,352,499
00672000,COLLEGE OF ALAMEDA                      ,CA,94501-2109,Public       ,1773,1694,3467,1773,1694,3467
00673100,CASA LOMA COLLEGE                       ,CA,91405-4523,Private      ,67,207,274,67,207,274
00697300,CANADA COLLEGE                          ,CA,94061-1099,Public       ,916,804,1720,916,804,1720
00697500,LINCOLN UNIVERSITY                      ,CA,94612-2801,Private      ,31,59,90,31,59,90
00701200,SAMUEL MERRITT COLLEGE                  ,CA,94609-3108,Private      ,300,1686,1986,300,1686,1986
00704700,LOS ANGELES SOUTHWEST COLLEGE           ,CA,90047-4810,Public       ,2443,4125,6568,2443,4125,6568
00705000,BELLUS ACADEMY                          ,CA,91950-3616,Proprietary  ,52,47,99,52,47,99
00711500,MOORPARK COLLEGE                        ,CA,93021-1695,Public       ,4059,2012,6071,4059,2012,6071
00713000,NEWBERRY SCHOOLS OF BEAUTY              ,CA,91344-7404,Proprietary  ,27,23,50,27,23,50
00714200,LYLE'S COLLEGE OF BEAUTY                ,CA,93710-3948,Proprietary  ,44,50,94,44,50,94
00716400,BRYAN COLLEGE                           ,CA,90057-0000,Proprietary  ,56,540,596,56,540,596
00718700,NORTH ADRIAN'S COLLEGE OF BEAUTY        ,CA,95350-2381,Proprietary  ,47,47,94,47,47,94
00719000,WYOTECH                                 ,CA,94539-7663,Proprietary  ,114,114,228,114,114,228
00720300,SALON SUCCESS ACADEMY                   ,CA,91786-4060,Proprietary  ,38,43,81,38,43,81
00720400,MODERN BEAUTY ACADEMY                   ,CA,93030-7016,Proprietary  ,20,26,46,20,26,46
00720900,REDONDO BEACH BEAUTY COLLEGE            ,CA,90278-3111,Proprietary  ,6,10,16,6,10,16
00723400,HEALD COLLEGE                           ,CA,94105-2206,Proprietary  ,177,449,626,177,449,626
00723404,HEALD COLLEGE - CONCORD                 ,CA,94520-0000,Proprietary  ,322,703,1025,322,703,1025
00723405,HEALD COLLEGE - MILPITAS                ,CA,95035-8008,Proprietary  ,304,710,1014,304,710,1014
00723406,HEALD COLLEGE - HAYWARD                 ,CA,94545-2352,Proprietary  ,349,605,954,349,605,954
00723407,HEALD COLLEGE - MODESTO                 ,CA,95368-9095,Proprietary  ,395,510,905,395,510,905
00723408,HEALD COLLEGE - ROSEVILLE               ,CA,95678-5303,Proprietary  ,280,720,1000,280,720,1000
00723409,HEALD COLLEGE - SALINAS                 ,CA,93906-5100,Proprietary  ,288,420,708,288,420,708
00723410,HEALD COLLEGE - STOCKTON                ,CA,95210-5667,Proprietary  ,455,741,1196,455,741,1196
00723411,HEALD COLLEGE - RANCHO CORDOVA          ,CA,95670-6005,Proprietary  ,202,617,819,202,617,819
00723412,HEALD COLLEGE - FRESNO                  ,CA,93704-1706,Proprietary  ,627,955,1582,627,955,1582
00725300,FEDERICO BEAUTY INSTITUTE               ,CA,95834-1905,Proprietary  ,115,116,231,115,116,231
00729600,COLEMAN COLLEGE                         ,CA,92123-0000,Private      ,101,196,297,101,196,297
00732909,ITT TECHNICAL INSTITUTE                 ,CA,92868-3506,Proprietary  ,152,533,685,152,533,685
00732971,ITT TECHNICAL INSTITUTE                 ,CA,95670-6047,Proprietary  ,115,483,598,115,483,598
00732976,ITT TECHNICAL INSTITUTE                 ,CA,92408-3519,Proprietary  ,374,875,1249,374,875,1249
00732981,ITT TECHNICAL INSTITUTE                 ,CA,92123-2662,Proprietary  ,269,708,977,269,708,977
00732985,ITT TECHNICAL INSTITUTE                 ,CA,91773-2933,Proprietary  ,130,585,715,130,585,715
00732989,ITT TECHNICAL INSTITUTE                 ,CA,90502-1356,Proprietary  ,113,475,588,113,475,588
00732994,ITT TECHNICAL INSTITUTE                 ,CA,91342-3664,Proprietary  ,123,428,551,123,428,551
00746901,HUSSIAN SCHOOL OF ART-RELATIVITY CAMPUS ,CA,90017-2019,Proprietary  ,77,9,86,77,9,86
00747600,MARINELLO SCHOOLS OF BEAUTY             ,CA,90023-2666,Proprietary  ,115,147,262,115,147,262
00747602,MARINELLO SCHOOLS OF BEAUTY - SPA ACADEM,CA,90048-5101,Proprietary  ,44,58,102,44,58,102
00747603,MARINELLO SCHOOLS OF BEAUTY - INGLEWOOD ,CA,90301-2306,Proprietary  ,66,65,131,66,65,131
00747604,MARINELLO SCHOOLS OF BEAUTY - RESEDA    ,CA,91335-4218,Proprietary  ,35,21,56,35,21,56
00747606,MARINELLO SCHOOLS OF BEAUTY - WEST COVIN,CA,91790-2805,Proprietary  ,35,32,67,35,32,67
00747607,MARINELLO SCHOOLS OF BEAUTY - SAN BERNAR,CA,92410-3261,Proprietary  ,86,88,174,86,88,174
00747608,MARINELLO SCHOOLS OF BEAUTY - ONTARIO   ,CA,91762-2113,Proprietary  ,65,67,132,65,67,132
00747609,MARINELLO SCHOOLS OF BEAUTY - WHITTIER  ,CA,90601-4107,Proprietary  ,37,51,88,37,51,88
00747610,MARINELLO SCHOOLS OF BEAUTY - LOMITA    ,CA,90717-1460,Proprietary  ,22,30,52,22,30,52
00747611,MARINELLO SCHOOLS OF BEAUTY - SAN DIEGO ,CA,92126-4217,Proprietary  ,99,99,198,99,99,198
00747612,MARINELLO SCHOOLS OF BEAUTY - EL CAJON  ,CA,92020-2503,Proprietary  ,34,37,71,34,37,71
00747613,MARINELLO SCHOOLS OF BEAUTY - VICTORVILL,CA,92392-5496,Proprietary  ,51,85,136,51,85,136
00747614,MARINELLO SCHOOLS OF BEAUTY - ANAHEIM   ,CA,92801-4622,Proprietary  ,60,36,96,60,36,96
00747615,MARINELLO SCHOOLS OF BEAUTY - SIMI VALLE,CA,93065-2801,Proprietary  ,16,11,27,16,11,27
00753100,ACADEMY OF ART UNIVERSITY               ,CA,94105-3410,Proprietary  ,3688,3792,7480,3688,3792,7480
00753600,COSUMNES RIVER COLLEGE                  ,CA,95823-5799,Public       ,7260,5711,12971,7260,5711,12971
00754802,WESTWOOD COLLEGE OF TECHNOLOGY          ,CA,92801-0000,Proprietary  ,268,267,535,268,267,535
00754803,WESTWOOD COLLEGE OF TECHNOLOGY          ,CA,91786-0000,Proprietary  ,363,425,788,363,425,788
00760700,CONCORDE CAREER INSTITUTE               ,CA,91606-3134,Proprietary  ,146,280,426,146,280,426
00770700,COLUMBIA COLLEGE                        ,CA,95370-8580,Public       ,768,646,1414,768,646,1414
00771300,SKYLINE COLLEGE                         ,CA,94066-1698,Public       ,2504,1408,3912,2504,1408,3912
00793000,CONCORDE CAREER INSTITUTE               ,CA,92108-0000,Proprietary  ,117,363,480,117,363,480
00799300,CALIF STATE UNIV BAKERSFIELD            ,CA,93311-1022,Public       ,11083,4997,16080,11083,4997,16080
00807100,CONCORDE CAREER INSTITUTE               ,CA,92840-9201,Proprietary  ,104,285,389,104,285,389
00807300,BUTTE COMMUNITY COLLEGE                 ,CA,95965-0000,Public       ,4814,3408,8222,4814,3408,8222
00809000,EVEREST COLLEGE                         ,CA,91803-1310,Proprietary  ,78,118,196,78,118,196
00853700,CONCORDE CAREER INSTITUTE               ,CA,92401-0000,Proprietary  ,201,316,517,201,316,517
00859600,WEST LOS ANGELES COLLEGE                ,CA,90230-3500,Public       ,3594,4212,7806,3594,4212,7806
00859700,FEATHER RIVER COLLEGE                   ,CA,95971-9124,Public       ,454,204,658,454,204,658
00884400,CALIFORNIA CHRISTIAN COLLEGE            ,CA,93703-3599,Private      ,60,64,124,60,64,124
00884600,WRIGHT INSTITUTE                        ,CA,94704-0000,Private      ,2,220,222,2,220,222
00890300,COLLEGE OF THE CANYONS                  ,CA,91355-1899,Public       ,5886,2934,8820,5886,2934,8820
00891800,SADDLEBACK COLLEGE                      ,CA,92692-3699,Public       ,3781,3187,6968,3781,3187,6968
00902200,ASSOCIATED TECHNICAL COLLEGE            ,CA,90017-0000,Proprietary  ,64,88,152,64,88,152
00903200,EMPIRE COLLEGE                          ,CA,95403-2122,Proprietary  ,53,129,182,53,129,182
00927200,CRAFTON HILLS COLLEGE                   ,CA,92399-1799,Public       ,2722,1964,4686,2722,1964,4686
00950900,SKILLS & BUSINESS EDUCATION CENTER      ,CA,95824-1529,Public       ,159,351,510,159,351,510
00974800,CARRINGTON COLLEGE                      ,CA,95826-3203,Proprietary  ,1154,2224,3378,1154,2224,3378
00974801,CARRINGTON COLLEGE  - SAN LEANDRO CAMPUS,CA,94578-3711,Proprietary  ,6,28,34,6,28,34
00974802,CARRINGTON COLLEGE  - PLEASANT HILL CAMP,CA,94523-1984,Proprietary  ,10,29,39,10,29,39
00974803,CARRINGTON COLLEGE  - STOCKTON          ,CA,95207-5509,Proprietary  ,26,38,64,26,38,64
00974804,CARRINGTON COLLEGE  - CITRUS HEIGHTS    ,CA,95621-5577,Proprietary  ,14,16,30,14,16,30
00974807,CARRINGTON COLLEGE  - SAN JOSE          ,CA,95119-1325,Proprietary  ,42,59,101,42,59,101
00998900,SANTA BARBARA BUSINESS COLLEGE          ,CA,93111-0000,Proprietary  ,191,233,424,191,233,424
01011100,CERRO-COSO COMMUNITY COLLEGE            ,CA,93555-9571,Public       ,461,849,1310,461,849,1310
01014900,PEPPERDINE UNIVERSITY                   ,CA,90263-0000,Private      ,7799,3498,11297,7799,3498,11297
01034000,LOS MEDANOS COLLEGE                     ,CA,94565-5197,Public       ,2329,1990,4319,2329,1990,4319
01036500,CHARLES R DREW UNIV OF MED & SCI        ,CA,90059-0000,Private      ,88,623,711,88,623,711
01039500,UNIVERSITY OF SAN DIEGO                 ,CA,92110-2492,Private      ,15691,4019,19710,15691,4019,19710
01039501,UNIVERSITY OF SAN DIEGO - SCHOOL OF LAW ,CA,92110-2492,Private      ,144,1796,1940,144,1796,1940
01044100,PARDEE RAND GRADUATE SCHOOL             ,CA,90407-2138,Private      ,1,12,13,1,12,13
01047400,MARYMOUNT COLLEGE OF PALOS VERDES       ,CA,90275-0000,Private      ,925,194,1119,925,194,1119
01085400,THOMAS JEFFERSON SCHOOL OF LAW          ,CA,92110-0000,Private      ,21,761,782,21,761,782
01110700,EVEREST  COLLEGE                        ,CA,92801-5231,Proprietary  ,144,175,319,144,175,319
01110900,EVEREST COLLEGE                         ,CA,91335-4631,Proprietary  ,64,124,188,64,124,188
01111200,FIDM-FASHION INSTITUTE OF DESIGN        ,CA,90015-1421,Proprietary  ,3168,991,4159,3168,991,4159
01111700,ALLIANT INTERNATIONAL UNIVERSITY        ,CA,92131-1799,Private      ,167,1212,1379,167,1212,1379
01111705,ALLIANT INTERNATIONAL UNIVERSITY - LOS A,CA,91803-1360,Private      ,4,427,431,4,427,431
01111706,ALLIANT INTERNATIONAL UNIVERSITY - SAN F,CA,94133-1221,Private      ,33,422,455,33,422,455
01111707,ALLIANT INTERNATIONAL UNIVERSITY - FRESN,CA,93727-2014,Private      ,44,307,351,44,307,351
01112300,EVEREST COLLEGE                         ,CA,90247-4163,Proprietary  ,66,146,212,66,146,212
01146000,NATIONAL UNIVERSITY                     ,CA,92037-1011,Private      ,443,7219,7662,443,7219,7662
01162600,PRACTICAL SCHOOLS                       ,CA,92805-0000,Proprietary  ,143,297,440,143,297,440
01164900,LOYOLA MARYMOUNT UNIVERSITY             ,CA,90045-0000,Private      ,12223,2138,14361,12223,2138,14361
01164901,LMU  - LOYOLA LAW SCHOOL                ,CA,90015-0019,Private      ,115,1876,1991,115,1876,1991
01167200,MENDOCINO COLLEGE                       ,CA,95482-3000,Public       ,786,820,1606,786,820,1606
01170700,NORTH-WEST COLLEGE                      ,CA,91790-2097,Proprietary  ,109,168,277,109,168,277
01179200,FRANCISCAN SCHOOL OF THEOLOGY           ,CA,94709-0000,Private      ,0,15,15,0,15,15
01182000,SAN DIEGO MIRAMAR COLLEGE               ,CA,92126-0000,Public       ,3824,3599,7423,3824,3599,7423
01186500,CALIFORNIA HAIR DESIGN ACADEMY          ,CA,92115-0000,Proprietary  ,43,49,92,43,49,92
01186600,LU ROSS ACADEMY                         ,CA,93001-2927,Proprietary  ,60,90,150,60,90,150
01202600,BELLUS ACADEMY                          ,CA,92021-6247,Proprietary  ,49,45,94,49,45,94
01203100,SAN DIEGO CHRISTIAN COLLEGE             ,CA,92019-1157,Private      ,691,410,1101,691,410,1101
01215400,CALIFORNIA INSTITUTE OF INTEGRAL STUDIES,CA,94103-2557,Private      ,31,648,679,31,648,679
01231600,MANCHESTER BEAUTY COLLEGE               ,CA,93726-5306,Proprietary  ,45,40,85,45,40,85
01231700,TULARE BEAUTY COLLEGE                   ,CA,93274-3432,Proprietary  ,10,8,18,10,8,18
01244600,UNIVERSAL COLLEGE OF BEAUTY             ,CA,90044-0044,Proprietary  ,33,49,82,33,49,82
01245200,EVERGREEN VALLEY COLLEGE                ,CA,95135-1598,Public       ,3610,2675,6285,3610,2675,6285
01255000,LOS ANGELES MISSION COLLEGE             ,CA,91342-3200,Public       ,4218,3211,7429,4218,3211,7429
01265000,MARINELLO SCHOOL OF BEAUTY              ,CA,91502-2828,Proprietary  ,49,58,107,49,58,107
01265001,MARINELLO SCHOOL OF BEAUTY - PALMDALE   ,CA,93550-4686,Proprietary  ,37,41,78,37,41,78
01284200,OXNARD COLLEGE                          ,CA,93030-0000,Public       ,2343,1652,3995,2343,1652,3995
01287200,NORTH-WEST COLLEGE                      ,CA,91768-3199,Proprietary  ,190,352,542,190,352,542
01287300,WYOTECH                                 ,CA,90810-3800,Proprietary  ,236,292,528,236,292,528
01287301,WYOTECH - EVEREST  COLLEGE              ,CA,90034-3158,Proprietary  ,75,101,176,75,101,176
01287302,WYOTECH - EVEREST  COLLEGE              ,CA,91746-3412,Proprietary  ,65,109,174,65,109,174
01290700,LAKE TAHOE COMMUNITY COLLEGE            ,CA,96150-4524,Public       ,363,391,754,363,391,754
01291200,MTI COLLEGE                             ,CA,95841-0000,Proprietary  ,272,721,993,272,721,993
01294200,ROSEMEAD BEAUTY SCHOOL                  ,CA,91770-1639,Proprietary  ,7,22,29,7,22,29
01298400,PROFESSIONAL INSTITUTE OF BEAUTY        ,CA,91731-2613,Proprietary  ,3,4,7,3,4,7
01298500,HAIR CALIFORNIA BEAUTY ACADEMY          ,CA,92867-7127,Proprietary  ,6,17,23,6,17,23
01298900,OCEANSIDE COLLEGE OF BEAUTY             ,CA,92054-5393,Proprietary  ,33,56,89,33,56,89
01301000,LANCASTER BEAUTY SCHOOL                 ,CA,93534-3098,Proprietary  ,30,60,90,30,60,90
01307400,AMERICAN BEAUTY COLLEGE                 ,CA,91790-2906,Proprietary  ,25,27,52,25,27,52
01309500,SALON SUCCESS ACADEMY                   ,CA,92879-0000,Proprietary  ,41,70,111,41,70,111
01310300,CALIFORNIA WESTERN SCHOOL OF LAW        ,CA,92101-0000,Private      ,68,1039,1107,68,1039,1107
01324000,LYTLE'S REDWOOD EMPIRE BEAUTY CLG       ,CA,95403-0000,Proprietary  ,44,72,116,44,72,116
02054900,MARINELLO SCHOOL OF BEAUTY              ,CA,92630-0000,Proprietary  ,19,39,58,19,39,58
02054902,MARINELLO SCHOOL OF BEAUTY - BAKERSFIELD,CA,93309-5001,Proprietary  ,192,127,319,192,127,319
02054903,MARINELLO SCHOOL OF BEAUTY - VISALIA    ,CA,93277-6228,Proprietary  ,83,58,141,83,58,141
02059800,PARIS BEAUTY COLLEGE                    ,CA,94520-2611,Proprietary  ,24,32,56,24,32,56
02061600,WAYNES COLLEGE OF BEAUTY                ,CA,93906-2830,Proprietary  ,38,32,70,38,32,70
02063500,COASTLINE COMMUNITY COLLEGE             ,CA,92708-0000,Public       ,1781,3257,5038,1781,3257,5038
02064300,SIERRA COLLEGE OF BEAUTY                ,CA,95340-0000,Proprietary  ,46,48,94,46,48,94
02065700,CALIFORNIA BEAUTY COLLEGE               ,CA,95354-0000,Proprietary  ,68,78,146,68,78,146
02070500,CONCORDIA UNIVERSITY                    ,CA,92612-0000,Private      ,2611,1409,4020,2611,1409,4020
02075800,SOUTHERN CA INST OF ARCHITECTURE        ,CA,90013-0000,Private      ,140,250,390,140,250,390
02086400,MARINELLO SCHOOL OF BEAUTY              ,CA,95050-0000,Proprietary  ,28,68,96,28,68,96
02086401,MARINELLO SCHOOL OF BEAUTY - SEASIDE    ,CA,93955-3615,Proprietary  ,28,34,62,28,34,62
02086402,MARINELLO SCHOOL OF BEAUTY - SAN MATEO  ,CA,94401-3801,Proprietary  ,19,35,54,19,35,54
02086403,MARINELLO SCHOOL OF BEAUTY - HAYWARD    ,CA,94541-5111,Proprietary  ,51,73,124,51,73,124
02086404,MARINELLO SCHOOL OF BEAUTY - CASTRO VALL,CA,94546-5506,Proprietary  ,12,23,35,12,23,35
02091200,ELEGANCE INTERNATIONAL                  ,CA,90028-0000,Proprietary  ,112,132,244,112,132,244
02091700,KAPLAN COLLEGE                          ,CA,92123-1509,Proprietary  ,339,932,1271,339,932,1271
02091702,KAPLAN COLLEGE - CHULA VISTA            ,CA,91910-5342,Proprietary  ,118,136,254,118,136,254
02096100,FIELDING GRADUATE UNIVERSITY            ,CA,93105-0000,Private      ,5,426,431,5,426,431
02099200,AMERICAN CONSERVATORY THEATER           ,CA,94108-0000,Private      ,41,176,217,41,176,217
02110200,COLUMBIA COLLEGE                        ,CA,91356-0000,Private      ,378,114,492,378,114,492
02110800,CALIFORNIA COLLEGE SAN DIEGO            ,CA,92108-3821,Proprietary  ,1305,869,2174,1305,869,2174
02111300,CUYAMACA COLLEGE                        ,CA,92019-0000,Public       ,2949,3160,6109,2949,3160,6109
02119100,MISSION COLLEGE                         ,CA,95054-1897,Public       ,2282,2032,4314,2282,2032,4314
02120600,SAYBROOK GRADUATE SCHOOL                ,CA,94111-1920,Private      ,4,257,261,4,257,261
02120601,SAYBROOK UNIVERSITY -  WESTIN HOTEL     ,CA,94030-3120,Private      ,0,41,41,0,41,41
02120700,SAN JOAQUIN VALLEY COLLEGE              ,CA,93291-0000,Proprietary  ,1096,1771,2867,1096,1771,2867
02125000,CAREER ACADEMY OF BEAUTY                ,CA,92845-0000,Proprietary  ,26,40,66,26,40,66
02128200,"VICTOR VALLEY BEAUTY COLLEGE, INC       ",CA,92392-0000,Proprietary  ,69,85,154,69,85,154
02128300,INSTITUTE FOR BUSINESS & TECHNOLOGY     ,CA,95050-0000,Proprietary  ,50,159,209,50,159,209
02128301,INSTITUTE FOR BUSINESS & TECHNOLOGY - NA,CA,95670-6351,Proprietary  ,24,131,155,24,131,155
02138300,PALO ALTO UNIVERSITY                    ,CA,94304-1337,Private      ,57,676,733,57,676,733
02161800,MUSICIANS INSTITUTE                     ,CA,90028-6157,Proprietary  ,493,302,795,493,302,795
02167800,ESTES INSTITUTE OF COSMETOLOGY          ,CA,93291-0000,Proprietary  ,58,42,100,58,42,100
02178700,CITRUS HEIGHTS BEAUTY COLLEGE           ,CA,95610-1410,Proprietary  ,62,74,136,62,74,136
02179937,WESTERN STATE COLLEGE OF LAW            ,CA,92831-3014,Proprietary  ,19,464,483,19,464,483
02179938,"ART INSTITUTE OF CALIFORNIA, HOLLYWOOD  ",CA,91601-3112,Proprietary  ,1186,614,1800,1186,614,1800
02179941,"ART INSTITUTE OF CALIFORNIA, LOS ANGELES",CA,90405-3035,Proprietary  ,1588,775,2363,1588,775,2363
02179947,"ART INSTITUTE OF CALIFORNIA, SAN DIEGO  ",CA,92108-4423,Proprietary  ,1435,995,2430,1435,995,2430
02185800,MOLER BARBER COLLEGE                    ,CA,94611-0000,Proprietary  ,27,59,86,27,59,86
02188400,SIERRA VALLEY COLLEGE OF COURT REPORTING,CA,93726-0000,Proprietary  ,32,54,86,32,54,86
02208600,MADERA BEAUTY COLLEGE                   ,CA,93637-3519,Proprietary  ,35,19,54,35,19,54
02211000,SALON SUCCESS ACADEMY                   ,CA,92405-0000,Proprietary  ,41,51,92,41,51,92
02220000,COLLEEN O'HARA BEAUTY ACADEMY           ,CA,92701-0000,Proprietary  ,16,23,39,16,23,39
02220200,CALIFORNIA CULINARY ACADEMY             ,CA,94102-3336,Proprietary  ,208,218,426,208,218,426
02221300,MARINELLO SCHOOL OF BEAUTY              ,CA,92553-0000,Proprietary  ,70,68,138,70,68,138
02221303,MARINELLO SCHOOL OF BEAUTY - SAN RAFAEL ,CA,94901-3224,Proprietary  ,16,21,37,16,21,37
02222000,AMERICAN FILM INSTITUTE                 ,CA,90027-0000,Private      ,301,465,766,301,465,766
02226000,EAST LOS ANGELES COLLEGE                ,CA,91754-0000,Public       ,11350,7886,19236,11350,7886,19236
02228500,LIFE CHIROPRACTIC COLLEGE WEST          ,CA,94545-0000,Private      ,11,222,233,11,222,233
02230900,FREDRICK & CHARLES BEAUTY COLLEGE       ,CA,95501-0000,Proprietary  ,39,43,82,39,43,82
02231900,GEMOLOGICAL INSTITUTE OF AMERICA        ,CA,92008-4698,Private      ,25,131,156,25,131,156
02236400,"THANH LE COLG, SCH OF COSMETOLOGY       ",CA,92840-0000,Proprietary  ,3,6,9,3,6,9
02237200,PHILLIPS GRADUATE INSTITUTE             ,CA,91316-0000,Private      ,6,93,99,6,93,99
02241800,AMERICAN CAREER COLLEGE                 ,CA,90004-0000,Proprietary  ,750,1462,2212,750,1462,2212
02242700,BERKELEY CITY COLLEGE                   ,CA,94704-0000,Public       ,2665,2059,4724,2665,2059,4724
02255400,INTERNATIONAL SCHOOL OF COSMETOLOGY     ,CA,90250-0000,Proprietary  ,46,62,108,46,62,108
02258600,ALAMEDA BEAUTY COLLEGE                  ,CA,94501-0000,Proprietary  ,56,60,116,56,60,116
02262400,YESHIVA OHR ELCHONON CHABAD             ,CA,90046-0000,Private      ,62,1,63,62,1,63
02267600,INSTITUTE OF TRANSPERSONAL PSYCHLGY     ,CA,94303-4624,Proprietary  ,7,97,104,7,97,104
02270600,LIFE PACIFIC COLLEGE                    ,CA,91773-0000,Private      ,328,122,450,328,122,450
02276800,WESTMINSTER SEMINARY CALIFORNIA         ,CA,92027-0000,Private      ,6,105,111,6,105,111
02277400,SOUTH COAST COLLEGE                     ,CA,92868-2616,Proprietary  ,112,159,271,112,159,271
02282300,ALHAMBRA BEAUTY COLLEGE                 ,CA,91802-0000,Proprietary  ,8,11,19,8,11,19
02285100,HILLTOP BEAUTY SCHOOL                   ,CA,94014-0000,Proprietary  ,5,4,9,5,4,9
02298000,DESIGN INSTITUTE OF SAN DIEGO           ,CA,92121-0000,Proprietary  ,117,131,248,117,131,248
02304300,"PLATT COLLEGE, SAN DIEGO                ",CA,92115-0000,Proprietary  ,105,110,215,105,110,215
02306300,KAPLAN COLLEGE                          ,CA,95368-0000,Proprietary  ,92,179,271,92,179,271
02306302,KAPLAN COLLEGE - FRESNO                 ,CA,93612-3802,Proprietary  ,105,162,267,105,162,267
02309500,CLOVIS ADULT EDUC                       ,CA,93611-0000,Public       ,128,171,299,128,171,299
02330500,LAGUNA COLLEGE OF ART AND DESIGN        ,CA,92651-0000,Private      ,636,196,832,636,196,832
02332800,CENTER FOR EMPLOYMENT TRAINING          ,CA,95110-0000,Private      ,106,300,406,106,300,406
02338500,GLENDALE CAREER COLLEGE                 ,CA,91203-1207,Proprietary  ,119,163,282,119,163,282
02338700,MARINELLO SCHOOL OF BEAUTY              ,CA,94103-1600,Proprietary  ,58,59,117,58,59,117
02338701,MARINELLO SCHOOL OF BEAUTY - CHICO      ,CA,95928-7184,Proprietary  ,59,37,96,59,37,96
02338702,MARINELLO SCHOOL OF BEAUTY - REDDING    ,CA,96001-1023,Proprietary  ,39,71,110,39,71,110
02338703,MARINELLO SCHOOL OF BEAUTY - FRESNO     ,CA,93711-3246,Proprietary  ,104,91,195,104,91,195
02342400,ACADEMY OF RADIO BROADCASTING           ,CA,92647-3809,Proprietary  ,35,65,100,35,65,100
02343400,BELLUS ACADEMY                          ,CA,92064-4633,Proprietary  ,93,121,214,93,121,214
02351900,KAPLAN COLLEGE                          ,CA,95660-5512,Proprietary  ,253,598,851,253,598,851
02351901,KAPLAN COLLEGE - BAKERSFIELD            ,CA,93304-0000,Proprietary  ,322,348,670,322,348,670
02358000,THOMAS AQUINAS COLLEGE                  ,CA,93060-9622,Private      ,331,21,352,331,21,352
02359300,SHASTA BIBLE COLLEGE                    ,CA,96002-0000,Private      ,23,38,61,23,38,61
02482700,WESTERN UNIVERSITY OF HEALTH S          ,CA,91766-1854,Private      ,124,4551,4675,124,4551,4675
02494800,LOLA BEAUTY COLLEGE                     ,CA,92641-0000,Proprietary  ,4,12,16,4,12,16
02497300,TRINITY COLLEGE                         ,CA,93277-8109,Proprietary  ,71,167,238,71,167,238
02500000,SAN JOAQUIN COLLEGE OF LAW              ,CA,93612-0000,Private      ,26,144,170,26,144,170
02518400,THE NATIONAL HISPANIC UNIVERSITY        ,CA,95127-0000,Proprietary  ,80,100,180,80,100,180
02519800,AVANCE BEAUTY COLLEGE                   ,CA,92154-0000,Proprietary  ,60,63,123,60,63,123
02520200,CALIFORNIA CAREER SCHOOLS               ,CA,92805-0000,Proprietary  ,37,85,122,37,85,122
02520300,INTERIOR DESIGNERS INSTITUTE            ,CA,92660-0000,Proprietary  ,25,32,57,25,32,57
02520400,ADRIAN'S BEAUTY COLLEGE OF TURLOCK      ,CA,95382-0000,Proprietary  ,41,40,81,41,40,81
02531801,PAUL MITCHELL THE SCHOOL-COSTA MESA     ,CA,92626-3804,Proprietary  ,80,69,149,80,69,149
02531804,PAUL MITCHELL THE SCHOOL - SAN DIEGO    ,CA,92101-0000,Proprietary  ,139,133,272,139,133,272
02537200,PALOMAR INSTITUTE OF COSMETOLOGY        ,CA,92069-0000,Proprietary  ,87,83,170,87,83,170
02539100,KAPLAN COLLEGE                          ,CA,91606-3231,Proprietary  ,117,279,396,117,279,396
02539102,KAPLAN COLLEGE -  RIVERSIDE             ,CA,92507-4223,Proprietary  ,211,299,510,211,299,510
02539500,IRVINE VALLEY COLLEGE                   ,CA,92620-0000,Public       ,5133,2594,7727,5133,2594,7727
02542300,NATIONAL HOLISTIC INSTITUTE             ,CA,94608-0000,Proprietary  ,66,287,353,66,287,353
02543400,BROWNSON TECHNICAL SCHOOL               ,CA,92805-0000,Proprietary  ,13,29,42,13,29,42
02545900,HYPNOSIS MOTIVATION INSTITUTE           ,CA,91356-0000,Private      ,2,23,25,2,23,25
02546400,MTI BUSINESS COLLEGE INC                ,CA,95207-0000,Proprietary  ,32,72,104,32,72,104
02549000,KAPLAN COLLEGE                          ,CA,92083-7736,Proprietary  ,178,423,601,178,423,601
02549005,KAPLAN COLLEGE -  PALM SPRINGS          ,CA,92262-7011,Proprietary  ,213,248,461,213,248,461
02553500,ASSOCIATED TECHNICAL COLLEGE            ,CA,92101-0000,Proprietary  ,65,79,144,65,79,144
02553600,DIVERSIFIED LANGUAGE INSTITUTE          ,CA,90017-0000,Proprietary  ,15,77,92,15,77,92
02559300,UNITED EDUCATION INSTITUTE              ,CA,90020-0000,Proprietary  ,276,712,988,276,712,988
02559400,INTERCOAST COLLEGES                     ,CA,92868-1656,Proprietary  ,60,338,398,60,338,398
02570300,LOS ANGELES ORT TECHNICAL INSTITUTE     ,CA,90048-4904,Private      ,119,178,297,119,178,297
02577900,SANTA BARBARA BUSINESS COLLEGE          ,CA,93309-1664,Proprietary  ,249,340,589,249,340,589
02578000,SANTA BARBARA BUSINESS COLLEGE          ,CA,93454-6943,Proprietary  ,85,126,211,85,126,211
02591600,NORTH-WEST COLLEGE                      ,CA,91101-1744,Proprietary  ,68,110,178,68,110,178
02595600,ASIAN AMERICAN INTERNATIONAL BTY CG     ,CA,92683-4043,Proprietary  ,9,13,22,9,13,22
02596400,CRIMSON TECHNICAL COLLEGE - LOS ANGELES ,CA,90301-2904,Proprietary  ,97,214,311,97,214,311
02597300,SOUTH BAYLO UNIVERSITY                  ,CA,92801-1701,Private      ,7,89,96,7,89,96
02602300,CENTRAL COAST COLLEGE                   ,CA,93901-3301,Proprietary  ,127,136,263,127,136,263
02608900,PINNACLE COLLEGE                        ,CA,91803-8842,Proprietary  ,34,19,53,34,19,53
02608901,PINNACLE COLLEGE - SACRAMENTO           ,CA,95670-6386,Proprietary  ,34,54,88,34,54,88
02609000,EMPERORS COLG OF TRAD ORIENTAL MED      ,CA,90403-5609,Proprietary  ,2,62,64,2,62,64
03010611,VIRGINIA COLLEGE - GOLF ACADEMY OF AMERI,CA,92008-6512,Proprietary  ,9,28,37,9,28,37
03011300,"CALIF STATE UNIV, SAN MARCOS            ",CA,92096-0001,Public       ,16129,6164,22293,16129,6164,22293
03019900,CAPSTONE COLLEGE                        ,CA,91402-0000,Proprietary  ,13,15,28,13,15,28
03025600,DELL'ARTE SCH OF PHYSICAL THEATRE       ,CA,95525-0816,Private      ,3,10,13,3,10,13
03027700,PACIFIC COLLEGE OF ORIENTAL MED         ,CA,92108-4408,Proprietary  ,36,248,284,36,248,284
03029600,POMONA ADULT SCHOOL                     ,CA,91766-0000,Public       ,46,73,119,46,73,119
03031409,INTERNATIONAL ACADEMY OF DESIGN AND TECH,CA,95834-9664,Proprietary  ,91,98,189,91,98,189
03035700,LAS POSITAS COLLEGE                     ,CA,94551-6750,Public       ,2056,1110,3166,2056,1110,3166
03039900,FREMONT COLLEGE                         ,CA,90703-5342,Proprietary  ,203,192,395,203,192,395
03043900,NEWSCHOOL OF ARCHITECTURE & DESIGN      ,CA,92101-6634,Proprietary  ,223,258,481,223,258,481
03054100,ROYALE COLLEGE OF BEAUTY                ,CA,92590-2525,Proprietary  ,38,32,70,38,32,70
03062300,WESTECH COLLEGE                         ,CA,91764-4988,Proprietary  ,76,121,197,76,121,197
03062400,MT DIABLO ADULT EDUC LOMA VISTA CTR     ,CA,94518-1122,Public       ,53,89,142,53,89,142
03062700,PLATT COLLEGE                           ,CA,90041-0000,Proprietary  ,299,429,728,299,429,728
03062701,PLATT COLLEGE                           ,CA,91764-0000,Proprietary  ,221,290,511,221,290,511
03062702,PLATT COLLEGE - RIVERSIDE               ,CA,92507-0730,Proprietary  ,344,323,667,344,323,667
03063400,MODERN TECHNOLOGY SCHOOL                ,CA,92708-9821,Proprietary  ,23,72,95,23,72,95
03067400,BALDWIN PARK ADULT SCHOOL               ,CA,91706-4897,Public       ,64,94,158,64,94,158
03067500,INSTITUTE OF TECHNOLOGY                 ,CA,93612-3217,Proprietary  ,158,393,551,158,393,551
03069500,SAGE COLLEGE                            ,CA,92557-6720,Proprietary  ,34,244,278,34,244,278
03072300,EVEREST COLLEGE                         ,CA,91761-3222,Proprietary  ,95,188,283,95,188,283
03072700,WESTWOOD COLLEGE - LOS ANGELES          ,CA,90010-1577,Proprietary  ,470,1050,1520,470,1050,1520
03078200,AMERICAN CLG TRADITIONAL CHINESE MD     ,CA,94107-2813,Private      ,5,63,68,5,63,68
03084700,VENTURA ADULT\CONTINUING EDUCATION      ,CA,93003-7313,Public       ,24,100,124,24,100,124
03094400,MARINELLO SCHOOL OF BEAUTY              ,CA,95841-2909,Proprietary  ,130,143,273,130,143,273
03094401,MARINELLO SCHOOL OF BEAUTY - CONCORD    ,CA,94520-2581,Proprietary  ,34,68,102,34,68,102
03094402,MARINELLO SCHOOL OF BEAUTY- STOCKTON    ,CA,95203-3149,Proprietary  ,71,83,154,71,83,154
03097700,CENTRAL CALIF SCH CONTINUING EDUC       ,CA,93401-6739,Proprietary  ,19,48,67,19,48,67
03098200,YO SAN UNIV TRADITIONAL CHINESE MED     ,CA,90066-1103,Private      ,4,49,53,4,49,53
03108100,SUMMIT COLLEGE                          ,CA,92324-3956,Proprietary  ,129,221,350,129,221,350
03109500,DONGGUK  UNIVERSITY LOS ANGELES         ,CA,90020-1765,Private      ,16,42,58,16,42,58
03113300,UEI COLLEGE                             ,CA,93727-1620,Proprietary  ,281,441,722,281,441,722
03113600,SOUTHERN CALIFORNIA INST OF TECHNOL     ,CA,92805-3758,Proprietary  ,66,240,306,66,240,306
03116600,EAST SAN GABRIEL VLY REG OCCUP PROG     ,CA,91790-2105,Public       ,200,100,300,200,100,300
03125300,JOHN WESLEY INTER. BARBER & BTY CLG     ,CA,90813-4321,Proprietary  ,41,83,124,41,83,124
03125800,PREMIERE CAREER COLLEGE                 ,CA,91706-3746,Proprietary  ,21,57,78,21,57,78
03126800,PACIFICA GRADUATE INSTITUTE             ,CA,93013-0000,Proprietary  ,2,269,271,2,269,271
03128700,MT SIERRA COLLEGE                       ,CA,91016-3414,Proprietary  ,178,197,375,178,197,375
03131300,FIVE BRANCHES UNIVERSITY                ,CA,95062-4669,Proprietary  ,7,91,98,7,91,98
03144400,AMERICAN CLG OF HEALTH PROFESSIONS      ,CA,92505-3038,Proprietary  ,115,149,264,115,149,264
03150500,VIRGINIA SEWING MACHINES & SCH CTR      ,CA,90015-3535,Proprietary  ,4,13,17,4,13,17
03162300,FOUR-D SUCCESS ACADEMY                  ,CA,92324-4218,Proprietary  ,47,130,177,47,130,177
03163300,PACIFIC STATES UNIVERSITY               ,CA,90006-0000,Private      ,38,38,76,38,38,76
03195400,EVEREST COLLEGE                         ,CA,90501-2867,Proprietary  ,40,83,123,40,83,123
03210300,LE CORDON BLEU COLLEGE OF CULINARY ARTS ,CA,91101-5221,Proprietary  ,753,738,1491,753,738,1491
03225300,AMERICAN UNIVERSITY OF HEALTH SCIENCES  ,CA,90755-3612,Proprietary  ,53,220,273,53,220,273
03242300,CAREER NETWORK INSTITUTE                ,CA,92868-4710,Proprietary  ,42,161,203,42,161,203
03250300,COMMUNITY BASED EDUCATION AND DEVELOPMEN,CA,90010-2722,Private      ,63,147,210,63,147,210
03260300,CALIFORNIA STATE U-MONTEREY BAY         ,CA,93955-8001,Public       ,14257,3319,17576,14257,3319,17576
03266300,BETHESDA UNIVERSITY OF CALIFORNIA       ,CA,92801-4132,Private      ,110,90,200,110,90,200
03278300,CHARTER COLLEGE                         ,CA,91351-5432,Proprietary  ,50,122,172,50,122,172
03288300,ACAD CHINESE CULTURE & HEALTH SCIS      ,CA,94512-0000,Private      ,16,60,76,16,60,76
03299300,PACIFIC COLLEGE                         ,CA,92626-3160,Proprietary  ,51,142,193,51,142,193
03308300,BRISTOL UNIVERSITY                      ,CA,92806-6198,Proprietary  ,95,77,172,95,77,172
03327400,ACUPUNCTURE AND INTEGRATIVE MEDICINE COL,CA,94704-2724,Private      ,19,76,95,19,76,95
03332300,SOUTHERN CA BIBLE CLG & SEMINARY        ,CA,92019-1109,Private      ,6,101,107,6,101,107
03359300,ST. FRANCIS CAREER COLLEGE              ,CA,90262-2659,Proprietary  ,67,116,183,67,116,183
03367300,PROFESSIONAL GOLFERS CAREER COLLEGE     ,CA,92591-6013,Proprietary  ,36,29,65,36,29,65
03395300,INTERNATIONAL CAREER DEVELOPMENT        ,CA,90027-5794,Proprietary  ,159,1773,1932,159,1773,1932
03399300,NORTHWESTERN TECHNICAL COLLEGE          ,CA,95670-4443,Proprietary  ,8,5,13,8,5,13
03403300,EPIC BIBLE COLLEGE                      ,CA,95841-3546,Private      ,54,173,227,54,173,227
03413400,ENGLISH CENTER  (THE)                   ,CA,94607-3734,Private      ,5,42,47,5,42,47
03427500,UNIVERSITY OF ANTELOPE VALLEY           ,CA,93534-3324,Proprietary  ,340,368,708,340,368,708
03440400,MARIAN HEALTH CAREERS CENTER            ,CA,90010-1728,Proprietary  ,21,35,56,21,35,56
03458300,MY LE'S BEAUTY COLLEGE                  ,CA,95824-0000,Proprietary  ,53,69,122,53,69,122
03467300,MARINELLO SCHOOL OF BEAUTY              ,CA,92545-3661,Proprietary  ,24,39,63,24,39,63
03467302,MARINELLO SCHOOL OF BEAUTY - MURRIETA   ,CA,92563-5039,Proprietary  ,52,51,103,52,51,103
03467303,MARINELLO SCHOOL OF BEAUTY - NAPA       ,CA,94559-1237,Proprietary  ,20,28,48,20,28,48
03467304,MARINELLO SCHOOL OF BEAUTY - CITY OF IND,CA,91748-1674,Proprietary  ,14,9,23,14,9,23
03467305,MARINELLO SCHOOL OF BEAUTY - BELL       ,CA,90201-1193,Proprietary  ,25,35,60,25,35,60
03467306,MARINELLO SCHOOL OF BEAUTY - PARAMOUNT  ,CA,90723-5256,Proprietary  ,43,53,96,43,53,96
03467307,MARINELLO SCHOOL OF BEAUTY - HUNTINGTON ,CA,92646-2552,Proprietary  ,41,45,86,41,45,86
03479300,PROFESSIONAL CAREER INSTITUTE           ,CA,90703-2522,Proprietary  ,33,32,65,33,32,65
03516300,KING'S UNIVERSITY (THE)                 ,CA,91405-2233,Private      ,70,151,221,70,151,221
03532400,ADVANCED TRAINING ASSOCIATES            ,CA,92020-1236,Proprietary  ,12,43,55,12,43,55
03542400,COPPER MOUNTAIN COLLEGE                 ,CA,92252-6102,Public       ,342,666,1008,342,666,1008
03577300,COBA ACADEMY                            ,CA,92866-1407,Proprietary  ,13,13,26,13,13,26
03590400,NTMA TRAINING CENTERS OF SOUTHERN C     ,CA,90650-0000,Private      ,29,85,114,29,85,114
03592400,IRELL & MANELLA GRADUATE SCHOOL OF BIOLO,CA,91010-0000,Private      ,4,6,10,4,6,10
03598300,AVALON BEAUTY COLLEGE                   ,CA,93103-3137,Proprietary  ,45,34,79,45,34,79
03614300,DAVID'S ACADEMY OF BEAUTY               ,CA,91780-1089,Proprietary  ,6,13,19,6,13,19
03639300,WEST COAST ULTRASOUND INSTITUTE         ,CA,90211-3312,Proprietary  ,157,420,577,157,420,577
03646300,DESIGN'S SCHOOL OF COSMETOLOGY          ,CA,93446-9530,Proprietary  ,25,36,61,25,36,61
03681300,CALIFORNIA HEALING ARTS COLLEGE         ,CA,90025-0000,Proprietary  ,51,92,143,51,92,143
03695300,COMMUNITY ENHANCEMENT SERVICES          ,CA,91502-2750,Private      ,5,13,18,5,13,18
03695700,SANTIAGO CANYON COLLEGE                 ,CA,92869-4512,Public       ,3187,1297,4484,3187,1297,4484
03696300,UNIVERSITY OF THE WEST                  ,CA,91770-3709,Private      ,50,60,110,50,60,110
03698300,WEST COAST UNIVERSITY                   ,CA,91606-3206,Proprietary  ,1132,3239,4371,1132,3239,4371
03736300,ADVANCE BEAUTY COLLEGE                  ,CA,92843-4752,Proprietary  ,20,75,95,20,75,95
03736301,ADVANCE BEAUTY COLLEGE - LAGUNA HILLS   ,CA,92653-1980,Proprietary  ,19,24,43,19,24,43
03740400,ATI COLLEGE                             ,CA,90650-0000,Proprietary  ,20,47,67,20,47,67
03752400,SCHOOL OF URBAN MISSIONS                ,CA,94603-0000,Private      ,47,80,127,47,80,127
03759300,COMPUTER TUTOR BUSINESS & TECH INST     ,CA,95356-0000,Proprietary  ,40,89,129,40,89,129
03786300,ADVANCED COLLEGE                        ,CA,90280-5255,Proprietary  ,32,49,81,32,49,81
03797400,CAREER CARE INSTITUTE                   ,CA,93534-4766,Proprietary  ,70,181,251,70,181,251
03797401,CAREER CARE INSTITUTE - VENTURA         ,CA,93001-0000,Proprietary  ,41,75,116,41,75,116
03797402,CAREER CARE INSTITUTE - MORENO VALLEY   ,CA,92553-7519,Proprietary  ,41,46,87,41,46,87
03814400,SOKA UNIVERSITY OF AMERICA              ,CA,92656-8081,Private      ,503,54,557,503,54,557
03853300,KECK GRADUATE INSTITUTE OF APPLIED LIFE ,CA,91711-4817,Private      ,18,219,237,18,219,237
03868300,WORLD MISSION UNIVERSITY                ,CA,90020-1789,Private      ,7,19,26,7,19,26
03868400,LOS ANGELES MUSIC ACADEMY               ,CA,91105-2540,Proprietary  ,127,82,209,127,82,209
03871300,FOLSOM LAKE COLLEGE                     ,CA,95630-6798,Public       ,2690,1985,4675,2690,1985,4675
03874300,CAMBRIDGE JUNIOR COLLEGE                ,CA,95993-0000,Proprietary  ,122,214,336,122,214,336
03874400,COMMMUNITY CHRISTIAN COLLEGE            ,CA,92373-4465,Private      ,69,37,106,69,37,106
03889300,STANBRIDGE COLLEGE                      ,CA,92612-0000,Proprietary  ,254,871,1125,254,871,1125
03910400,NATIONAL POLYTECHNIC COLLEGE            ,CA,90040-3066,Proprietary  ,20,35,55,20,35,55
03933300,MUELLER COLLEGE OF HOLISTIC STUDIES     ,CA,92116-2630,Proprietary  ,16,88,104,16,88,104
03935300,CALIFORNIA NURSES EDUCATIONAL INSTITUTE ,CA,92234-7248,Proprietary  ,45,88,133,45,88,133
03962300,AMERICAN INSTITUTE OF MASSAGE THERAPY   ,CA,92705-5463,Proprietary  ,24,45,69,24,45,69
03964400,INTERNATIONAL SCHOOL OF BEAUTY          ,CA,92260-2740,Proprietary  ,58,70,128,58,70,128
03969600,UEI COLLEGE                             ,CA,90703-2637,Proprietary  ,190,338,528,190,338,528
03971300,AMERICAN CAREER COLLEGE                 ,CA,91764-4906,Proprietary  ,402,760,1162,402,760,1162
03973300,EX'PRESSION COLLEGE FOR DIGTAL ARTS     ,CA,94608-1021,Proprietary  ,288,180,468,288,180,468
03974500,CALIFORNIA CAREER COLLEGE               ,CA,91303-2006,Proprietary  ,19,53,72,19,53,72
03980300,CALIFORNIA STATE UNIVERSITY CHANNEL ISLA,CA,93012-8599,Public       ,9958,3294,13252,9958,3294,13252
03995300,UNIVERSITY OF EAST-WEST MEDICINE        ,CA,94085-3922,Proprietary  ,9,25,34,9,25,34
03999300,BEAUMONT ADULT SCHOOL                   ,CA,92223-1927,Public       ,11,31,42,11,31,42
04001300,PALACE BEAUTY COLLEGE                   ,CA,90006-4233,Proprietary  ,41,51,92,41,51,92
04003300,BLAKE AUSTIN COLLEGE                    ,CA,95687-3100,Proprietary  ,69,161,230,69,161,230
04004300,THUY PRINCESS BEAUTY COLLEGE            ,CA,91766-0000,Proprietary  ,5,3,8,5,3,8
04005300,UNITED STATES UNIVERSITY                ,CA,91911-1683,Proprietary  ,34,131,165,34,131,165
04014400,PALLADIUM TECHNICAL ACADEMY             ,CA,91731-2429,Proprietary  ,5,12,17,5,12,17
04037300,LOS ANGELES FILM SCHOOL (THE)           ,CA,90028-7300,Proprietary  ,953,1033,1986,953,1033,1986
04056300,CAREER COLLEGE OF CALIFORNIA            ,CA,92705-5805,Proprietary  ,46,81,127,46,81,127
04057300,TECHSKILLS OF CALIFORNIA                ,CA,95815-4025,Proprietary  ,96,200,296,96,200,296
04076400,GNOMON SCHOOL OF VISUAL EFFECTS         ,CA,90038-2616,Proprietary  ,95,89,184,95,89,184
04088300,WESTMED COLLEGE                         ,CA,95128-2541,Private      ,89,135,224,89,135,224
04088301,WESTMED COLLEGE - MERCED                ,CA,95340-9165,Private      ,77,136,213,77,136,213
04088302,WESTMED COLLEGE - FRESNO                ,CA,93720-1551,Private      ,22,34,56,22,34,56
04088303,WESTMED COLLEGE - CHULA VISTA           ,CA,91910-5200,Private      ,6,12,18,6,12,18
04092300,COASTLINE BEAUTY COLLEGE                ,CA,92708-3847,Proprietary  ,35,45,80,35,45,80
04092400,MAKE-UP DESIGNORY                       ,CA,91502-1322,Proprietary  ,112,93,205,112,93,205
04100400,TAFT UNIVERSITY SYSTEM (THE)            ,CA,92704-6954,Proprietary  ,6,164,170,6,164,170
04111300,WEST HILLS COLLEGE LEMOORE              ,CA,93245-9248,Public       ,1762,1269,3031,1762,1269,3031
04114500,VALLEY COLLEGE OF MEDICAL CAREERS       ,CA,91304-2354,Proprietary  ,21,33,54,21,33,54
04115300,COACHELLA VALLEY BEAUTY COLLEGE         ,CA,92253-2051,Proprietary  ,33,39,72,33,39,72
04115600,MAYFIELD COLLEGE                        ,CA,92234-7014,Proprietary  ,36,68,104,36,68,104
04118800,NEW YORK FILM ACADEMY                   ,CA,91608-1002,Proprietary  ,452,396,848,452,396,848
04119200,CAREER COLLEGE CONSULTANTS              ,CA,90041-2088,Proprietary  ,14,11,25,14,11,25
04119800,GDS INSTITUTE                           ,CA,90280-2072,Proprietary  ,4,7,11,4,7,11
04126400,CHAMPION INSTITUTE OF COSMETOLOGY       ,CA,92264-7458,Proprietary  ,21,18,39,21,18,39
04126500,COAST CAREER INSTITUTE                  ,CA,90015-3040,Proprietary  ,7,30,37,7,30,37
04127100,"UNIVERSITY OF CALIFORNIA, MERCED        ",CA,95343-5001,Public       ,16685,1775,18460,16685,1775,18460
04127900,TRIDENT UNIVERSITY INTERNATIONAL        ,CA,90630-5023,Proprietary  ,28,1099,1127,28,1099,1127
04129700,INTERNATIONAL POLYTECHNIC INSTITUTE     ,CA,92231-1737,Private      ,12,14,26,12,14,26
04129803,MEDIATECH INSTITUTE - OCEANSIDE         ,CA,92054-5116,Proprietary  ,30,52,82,30,52,82
04132400,ACADEMY OF ESTHETICS AND COSMETOLOGY    ,CA,91342-3373,Proprietary  ,24,24,48,24,24,48
04132700,INFOTECH CAREER COLLEGE                 ,CA,90706-5579,Proprietary  ,16,35,51,16,35,51
04133100,CALIFORNIA UNIVERSITY OF MANAGEMENT AND ,CA,92801-1702,Private      ,12,36,48,12,36,48
04134500,CAREER COLLEGE OF SAN DIEGO             ,CA,92102-3348,Proprietary  ,112,163,275,112,163,275
04134700,INTERNATL PROFESSIONAL SCHL OF BODYWORK ,CA,92123-1520,Proprietary  ,13,63,76,13,63,76
04137200,BORNER'S BARBER COLLEGE                 ,CA,90047-3856,Proprietary  ,45,78,123,45,78,123
04138700,PAUL MITCHELL THE SCHOOL - PASADENA     ,CA,91801-3903,Proprietary  ,62,46,108,62,46,108
04140500,HORIZON UNIVERSITY                      ,CA,92111-2622,Private      ,17,46,63,17,46,63
04141300,SAN FRANCISCO INSTITUTE OF ESTHETICS    ,CA,94103-4083,Proprietary  ,42,62,104,42,62,104
04141400,LAURUS COLLEGE                          ,CA,93401-5405,Proprietary  ,52,305,357,52,305,357
04141700,HEALING HANDS SCHOOL OF HOLISTIC HEALTH ,CA,92025-1722,Proprietary  ,18,78,96,18,78,96
04142500,TOURO COLLEGE LOS ANGELES               ,CA,90046-4506,Private      ,73,212,285,73,212,285
04142600,TOURO UNIVERSITY                        ,CA,94592-1118,Private      ,39,1388,1427,39,1388,1427
04143800,WOODLAND COMMUNITY COLLEGE              ,CA,95776-5156,Public       ,1010,868,1878,1010,868,1878
04144200,CAREER DEVELOPMENT INSTITUTE            ,CA,90035-4364,Proprietary  ,15,52,67,15,52,67
04145000,SAN DIEGO CULINARY INSTITUTE            ,CA,91941-6435,Proprietary  ,196,185,381,196,185,381
04145600,INTERNATIONAL COLLEGE OF COSMETOLOGY    ,CA,94601-3525,Proprietary  ,30,53,83,30,53,83
04146000,NATIONAL CAREER COLLEGE                 ,CA,91605-1400,Proprietary  ,20,45,65,20,45,65
04148200,BEYOND 21ST CENTURY BEAUTY ACADEMY      ,CA,90670-6316,Proprietary  ,15,15,30,15,15,30
04148900,N CALIF INSTITUTE OF COSMETOLOGY        ,CA,94577-2820,Proprietary  ,5,12,17,5,12,17
04149700,HOMESTEAD SCHOOLS                       ,CA,90505-5945,Private      ,12,39,51,12,39,51
04150000,CENTRAL NURSING COLLEGE                 ,CA,90010-2444,Proprietary  ,9,5,14,9,5,14
04150100,GOLDEN STATE COLLEGE OF COURT REPORTING ,CA,94568-2948,Proprietary  ,10,13,23,10,13,23
04150300,RWM FIBER OPTICS                        ,CA,90746-1051,Proprietary  ,5,6,11,5,6,11
04150500,"PREFERRED COLLEGE OF NURSING, LOS ANGELE",CA,90010-2202,Proprietary  ,44,83,127,44,83,127
04152800,CALIFORNIA ACADEMY (THE) - A PAUL MITCHE,CA,95825-2276,Proprietary  ,217,206,423,217,206,423
04153900,PROVIDENCE CHRISTIAN COLLEGE            ,CA,91104-2635,Private      ,143,20,163,143,20,163
04155500,"ACADEMY FOR JEWISH RELIGION, CALIFORNIA ",CA,90024-3234,Private      ,16,37,53,16,37,53
04156100,TONI & GUY HAIRDRESSING ACADEMY         ,CA,95356-9695,Proprietary  ,56,71,127,56,71,127
04157800,GRACE MISSION UNIVERSITY                ,CA,92833-3860,Private      ,4,18,22,4,18,22
04158200,PAUL MITCHELL THE SCHOOL SHERMAN OAKS   ,CA,91403-5882,Proprietary  ,62,65,127,62,65,127
04158700,HOLLYWOOD BEAUTY COLLEGE                ,CA,95210-3514,Proprietary  ,4,4,8,4,4,8
04158900,FLAIR BEAUTY COLLEGE                    ,CA,91351-3381,Proprietary  ,13,19,32,13,19,32
04159600,GALAXY MEDICAL COLLEGE                  ,CA,91606-1593,Proprietary  ,36,21,57,36,21,57
04159700,AMERICAN MEDICAL SCIENCES CENTER        ,CA,91204-5108,Proprietary  ,27,29,56,27,29,56
04160100,TRINITY VOCATIONAL CENTER               ,CA,90248-4334,Proprietary  ,1,9,10,1,9,10
04160400,ANGELES COLLEGE OF NURSING              ,CA,90010-2100,Proprietary  ,277,274,551,277,274,551
04161300,PREFERRED COLLEGE OF NURSING            ,CA,91401-1442,Proprietary  ,22,26,48,22,26,48
04161700,SHASTA SCHOOL OF COSMETOLOGY            ,CA,96003-0000,Proprietary  ,48,48,96,48,48,96
04161800,BRANDMAN UNIVERSITY                     ,CA,92618-3801,Private      ,255,3234,3489,255,3234,3489
04162800,S.I.C.E PAUL MITCHELL PARTNER SCHOOL    ,CA,95350-1440,Proprietary  ,100,94,194,100,94,194
04163400,COSMO BEAUTY ACADEMY                    ,CA,95605-1904,Proprietary  ,126,126,252,126,126,252
04164400,ANGELES INSTITUTE                       ,CA,90712-2903,Proprietary  ,24,41,65,24,41,65
04165900,PAUL MITCHELL THE SCHOOL FRESNO         ,CA,93710-7617,Proprietary  ,200,116,316,200,116,316
04167000,PAUL MITCHELL THE SCHOOL TEMECULA       ,CA,92591-4663,Proprietary  ,115,83,198,115,83,198
04169200,TRAMY BEAUTY SCHOOL                     ,CA,92115-6347,Proprietary  ,51,56,107,51,56,107
04169700,UNITEK COLLEGE                          ,CA,94538-3185,Proprietary  ,231,889,1120,231,889,1120
04169800,GURNICK ACADEMY OF MEDICAL ARTS         ,CA,94403-1849,Proprietary  ,178,890,1068,178,890,1068
04172000,SOUTHERN CALIFORNIA UNIVERSITY SOMA     ,CA,90017-2211,Proprietary  ,132,138,270,132,138,270
04173400,SANTA ANA BEAUTY ACADEMY                ,CA,92705-7820,Proprietary  ,28,21,49,28,21,49
04173500,MORENO VALLEY COLLEGE                   ,CA,92551-2204,Public       ,3569,3323,6892,3569,3323,6892
04175200,PAUL MITCHELL THE SCHOOL EAST BAY       ,CA,94523-5515,Proprietary  ,101,79,180,101,79,180
04175400,ELITE COSMETOLOGY SCHOOL                ,CA,92284-2860,Proprietary  ,11,19,30,11,19,30
04176100,NORCO COLLEGE                           ,CA,92860-2600,Public       ,3764,2667,6431,3764,2667,6431
04176300,BERGIN UNIVERSITY OF CANINE STUDIES     ,CA,95407-6834,Private      ,17,33,50,17,33,50
04177200,REAL BARBERS COLLEGE (THE)              ,CA,92805-2533,Proprietary  ,21,18,39,21,18,39
04178900,HANDS-ON MEDICAL MASSAGE SCHOOL         ,CA,92373-6271,Proprietary  ,5,19,24,5,19,24
04180000,CINTA AVEDA INSTITUTE                   ,CA,94108-3204,Proprietary  ,71,125,196,71,125,196
04181200,SOUTHERN CALIFORNIA HEALTH INSTITUTE    ,CA,91601-3100,Proprietary  ,36,71,107,36,71,107
04181600,INTEGRITY COLLEGE OF HEALTH             ,CA,91104-2300,Proprietary  ,14,23,37,14,23,37
04185200,SALINAS BEAUTY COLLEGE                  ,CA,93901-2405,Proprietary  ,21,26,47,21,26,47
04185500,ACADEMY OF COUTURE ART                  ,CA,90069-5701,Proprietary  ,70,78,148,70,78,148
04185600,MEDICAL ALLIED CAREER CENTER            ,CA,90670-4710,Proprietary  ,14,33,47,14,33,47
04185700,ACADEMY FOR SALON PROFESSIONALS (THE)   ,CA,95050-4057,Proprietary  ,35,35,70,35,35,70
04186900,"INTERNATIONAL COLLEGE OF BEAUTY, ARTS & ",CA,90039-1012,Proprietary  ,68,63,131,68,63,131
04189300,ALLIED AMERICAN UNIVERSITY              ,CA,92653-1337,Proprietary  ,33,701,734,33,701,734
04189700,CALIFORNIA MIRAMAR UNIVERSITY           ,CA,92126-7501,Proprietary  ,283,311,594,283,311,594
04189800,ACADEMY FOR SALON PROFESSIONALS         ,CA,91304-2305,Proprietary  ,24,52,76,24,52,76
04190800,SANTA ANA BEAUTY COLLEGE                ,CA,92706-2321,Proprietary  ,54,47,101,54,47,101
04190900,SUTTER BEAUTY COLLEGE                   ,CA,95991-3624,Proprietary  ,30,38,68,30,38,68
04191300,ANNENBERG SCHOOL OF NURSING             ,CA,91335-5426,Private      ,33,40,73,33,40,73
04192500,WESTCHESTER COLLEGE OF NURSING & ALLIED ,CA,90045-3647,Proprietary  ,17,27,44,17,27,44
04193500,LEMELANGE ACADEMY OF HAIR               ,CA,94558-2935,Proprietary  ,12,16,28,12,16,28
04193700,JOHN PAUL THE GREAT CATHOLIC UNIVERSITY ,CA,92131-1652,Private      ,184,54,238,184,54,238
04194300,COLTON-REDLANDS-YUCAIPA REGIONAL OCCUPAT,CA,92374-2896,Public       ,54,70,124,54,70,124
04194600,BRAND COLLEGE                           ,CA,91203-3646,Proprietary  ,6,29,35,6,29,35
04195200,DIAMOND BEAUTY COLLEGE                  ,CA,91733-2180,Proprietary  ,8,8,16,8,8,16
04195400,NCP COLLEGE OF NURSING                  ,CA,94080-1005,Proprietary  ,57,102,159,57,102,159
04195401,NCP COLLEGE OF NURSING - HAYWARD CAMPUS ,CA,94541-7026,Proprietary  ,60,117,177,60,117,177
04205800,"SAE INSTITUTE OF TECHNOLOGY, LOS ANGELES",CA,90028-7219,Proprietary  ,105,104,209,105,104,209
04206800,ADVANCE BEAUTY TECHS ACADEMY            ,CA,92583-6572,Proprietary  ,28,23,51,28,23,51
04208100,UKIAH ADULT SCHOOL                      ,CA,95482-3865,Public       ,13,41,54,13,41,54
04208400,RIVERSIDE COUNTY OFFICE OF EDUCATION    ,CA,92503-3504,Public       ,203,188,391,203,188,391
04208900,ADVANCED CAREER INSTITUTE               ,CA,93291-9254,Proprietary  ,39,55,94,39,55,94
04209000,SAN FRANCISCO COLLEGE OF COSMETOLOGY    ,CA,94110-1217,Proprietary  ,72,39,111,72,39,111
04209800,HINTON BARBER COLLEGE                   ,CA,94590-4547,Proprietary  ,16,29,45,16,29,45
04210600,ADVANCED COMPUTING INSTITUTE            ,CA,90010-3911,Proprietary  ,97,72,169,97,72,169
04211900,XAVIER COLLEGE SCHOOL OF NURSING        ,CA,95202-1332,Proprietary  ,92,147,239,92,147,239
04212000,LAWRENCE & COMPANY COLLEGE OF COSMETOLOG,CA,93230-4102,Proprietary  ,36,29,65,36,29,65
04215100,CALIFORNIA CAREER INSTITUTE             ,CA,92840-2816,Proprietary  ,28,64,92,28,64,92
04215300,COSMO FACTORY COSMETOLOGY ACADEMY (THE) ,CA,95060-4401,Proprietary  ,24,21,45,24,21,45
04216300,UEI COLLEGE                             ,CA,95065-1520,Proprietary  ,32,28,60,32,28,60
04217100,RUDOLF STEINER COLLEGE                  ,CA,95628-6811,Private      ,0,17,17,0,17,17
04217400,HIGH TECH HIGH GRADUATE SCHOOL OF EDUCAT,CA,92106-6025,Private      ,17,40,57,17,40,57
04217500,W INSTITUTE OF COSMETOLOGY              ,CA,94521-5385,Proprietary  ,10,21,31,10,21,31
04221700,ZMS THE ACADEMY                         ,CA,90042-4231,Proprietary  ,2,4,6,2,4,6
04221800,TONI&GUY HAIRDRESSING ACADEMY           ,CA,95337-5703,Proprietary  ,22,20,42,22,20,42
04221900,COMPUTER TRAINING ACADEMY               ,CA,92507-2122,Proprietary  ,64,117,181,64,117,181
04222200,FAB SCHOOL (THE)                        ,CA,92507-3434,Proprietary  ,56,58,114,56,58,114
04223700,BAY AREA MEDICAL ACADEMY                ,CA,94102-2844,Proprietary  ,126,135,261,126,135,261
04226100,LAWRENCE AND COMPANY COLLEGE OF COSMETOL,CA,93662-3509,Proprietary  ,12,18,30,12,18,30
04228100,HIGH DESERT MEDICAL COLLEGE             ,CA,93534-1134,Proprietary  ,97,200,297,97,200,297
04228800,BAY AREA COLLEGE OF NURSING             ,CA,94303-4617,Proprietary  ,33,61,94,33,61,94
04234000,SAN FRANCISCO SCHOOL OF DIGITAL FILMMAKI,CA,94103-2835,Proprietary  ,60,69,129,60,69,129
04235500,PRESIDIO GRADUATE SCHOOL                ,CA,94129-1749,Private      ,2,56,58,2,56,58
04237100,SALON PROFESSIONAL ACADEMY (THE)        ,CA,95129-5101,Proprietary  ,48,56,104,48,56,104
04237800,CALIFORNIA BARBER AND BEAUTY COLLEGE    ,CA,92115-4730,Proprietary  ,85,107,192,85,107,192
04240200,AVIATION INSTITUTE OF MAINTENANCE       ,CA,94621-4527,Proprietary  ,31,74,105,31,74,105
04241700,SAINT JOSEPH'S SCHOOL OF NURSING        ,CA,93534-2304,Proprietary  ,27,36,63,27,36,63
00184600,BRIAR CLIFF UNIVERSITY                  ,IA,51104-2100,Private      ,784,300,1084,784,300,1084
00184700,BUENA VISTA UNIVERSITY                  ,IA,50588-9987,Private      ,981,551,1532,981,551,1532
00184800,SOUTHEASTERN COMMUNITY COLLEGE          ,IA,52655-0000,Public       ,561,392,953,561,392,953
00185000,CENTRAL COLLEGE                         ,IA,50219-1999,Private      ,1529,50,1579,1529,50,1579
00185200,CLARKE UNIVERSITY                       ,IA,52001-3198,Private      ,817,193,1010,817,193,1010
00185400,COE COLLEGE                             ,IA,52402-5092,Private      ,2358,152,2510,2358,152,2510
00185500,DES MOINES UNIV-OSTEOPATHIC MED CTR     ,IA,50312-0000,Private      ,21,670,691,21,670,691
00185600,CORNELL COLLEGE                         ,IA,52314-1098,Private      ,1542,77,1619,1542,77,1619
00185700,SOUTHWESTERN COMMUNITY COLLEGE          ,IA,50801-1098,Public       ,317,144,461,317,144,461
00185800,DIVINE WORD COLLEGE                     ,IA,52045-0380,Private      ,5,3,8,5,3,8
00185900,DORDT COLLEGE                           ,IA,51250-1697,Private      ,1071,41,1112,1071,41,1112
00186000,DRAKE UNIVERSITY                        ,IA,50311-4505,Private      ,4059,970,5029,4059,970,5029
00186200,ELLSWORTH COMMUNITY COLLEGE             ,IA,50126-1199,Public       ,355,87,442,355,87,442
00186400,IOWA LAKES COMMUNITY COLLEGE            ,IA,51334-2234,Public       ,508,198,706,508,198,706
00186500,IOWA CENTRAL COMMUNITY COLLEGE          ,IA,50501-0000,Public       ,1377,816,2193,1377,816,2193
00186600,GRACELAND UNIVERSITY                    ,IA,50140-1699,Private      ,797,593,1390,797,593,1390
00186700,GRAND VIEW UNIVERSITY                   ,IA,50316-1599,Private      ,1471,578,2049,1471,578,2049
00186800,GRINNELL COLLEGE                        ,IA,50112-1690,Private      ,2691,58,2749,2691,58,2749
00186900,IOWA STATE UNIV SCIENCE & TECHNOLOG     ,IA,50011-2028,Public       ,26463,4028,30491,26463,4028,30491
00187100,IOWA WESLEYAN COLLEGE                   ,IA,52641-1398,Private      ,1053,200,1253,1053,200,1253
00187300,LORAS COLLEGE                           ,IA,52004-0178,Private      ,1454,85,1539,1454,85,1539
00187400,LUTHER COLLEGE                          ,IA,52101-1045,Private      ,2775,81,2856,2775,81,2856
00187500,MARSHALLTOWN COMMUNITY COLLEGE          ,IA,50158-4760,Public       ,308,206,514,308,206,514
00187700,NORTH IOWA AREA COMMUNITY COLLEGE       ,IA,50401-7299,Public       ,736,250,986,736,250,986
00187900,MORNINGSIDE COLLEGE                     ,IA,51106-1751,Private      ,1692,274,1966,1692,274,1966
00188000,MOUNT MERCY UNIVERSITY                  ,IA,52402-4797,Private      ,740,317,1057,740,317,1057
00188300,NORTHWESTERN COLLEGE                    ,IA,51041-1996,Private      ,840,70,910,840,70,910
00188700,SIMPSON COLLEGE                         ,IA,50125-1297,Private      ,1461,164,1625,1461,164,1625
00188900,ST AMBROSE UNIVERSITY                   ,IA,52803-2898,Private      ,2232,590,2822,2232,590,2822
00189000,UNIVERSITY OF NORTHERN IOWA             ,IA,50614-0002,Public       ,6708,1129,7837,6708,1129,7837
00189100,UNIVERSITY OF DUBUQUE                   ,IA,52001-5099,Private      ,1416,300,1716,1416,300,1716
00189200,UNIVERSITY OF IOWA                      ,IA,52242-1316,Public       ,18467,5315,23782,18467,5315,23782
00189300,UPPER IOWA UNIVERSITY                   ,IA,52142-9206,Private      ,1107,1481,2588,1107,1481,2588
00189500,WALDORF COLLEGE                         ,IA,50436-1700,Proprietary  ,393,472,865,393,472,865
00189600,WARTBURG COLLEGE                        ,IA,50677-2200,Private      ,1597,58,1655,1597,58,1655
00189700,WARTBURG THEOLOGICAL SEMINARY           ,IA,52004-5004,Private      ,3,29,32,3,29,32
00190000,WILLIAM PENN UNIVERSITY                 ,IA,52577-1799,Private      ,654,276,930,654,276,930
00396300,AIB COLLEGE OF BUSINESS                 ,IA,50321-1799,Private      ,283,205,488,283,205,488
00407500,ESTRN IOWA COMMUNITY COLLEGE DIST       ,IA,52801-1201,Public       ,133,172,305,133,172,305
00407501,CLINTON COMMUNITY COLLEGE               ,IA,52732-0000,Public       ,229,444,673,229,444,673
00407502,MUSCATINE COMMUNITY COLLEGE             ,IA,52761-0000,Public       ,267,189,456,267,189,456
00407503,SCOTT COMMUNITY COLLEGE                 ,IA,52722-0000,Public       ,600,717,1317,600,717,1317
00407600,KIRKWOOD COMMUNITY COLLEGE              ,IA,52406-2068,Public       ,3151,1702,4853,3151,1702,4853
00423300,MERCY/ST. LUKE'S SCH RAD TECH           ,IA,52402-0000,Private      ,11,15,26,11,15,26
00458600,KAPLAN UNIVERSITY                       ,IA,52807-2095,Proprietary  ,956,20584,21540,956,20584,21540
00458604,KAPLAN UNIVERSITY - CEDAR RAPIDS        ,IA,52404-2998,Proprietary  ,51,443,494,51,443,494
00458605,KAPLAN UNIVERSITY - DES MOINES          ,IA,50323-5702,Proprietary  ,56,550,606,56,550,606
00458606,KAPLAN UNIVERSITY - MASON CITY          ,IA,50401-4665,Proprietary  ,21,230,251,21,230,251
00458607,KAPLAN UNIVERSITY - CEDAR FALLS         ,IA,50613-6309,Proprietary  ,41,368,409,41,368,409
00458700,NORTHEAST IOWA COMMUNITY COLLEGE        ,IA,52132-0400,Public       ,332,154,486,332,154,486
00458701,NORTHEAST IOWA COMMUNITY COLLEGE        ,IA,52068-0000,Public       ,397,308,705,397,308,705
00459500,HAWKEYE COMMUNITY COLLEGE               ,IA,50701-0000,Public       ,1128,669,1797,1128,669,1797
00459800,IOWA WESTERN CMTY CLG-COUNCIL BLUFF     ,IA,51502-0000,Public       ,1618,1040,2658,1618,1040,2658
00460000,NORTHWEST IOWA COMMUNITY COLLEGE        ,IA,51201-1046,Public       ,274,120,394,274,120,394
00626700,IOWA METHODIST MEDICAL CENTER SCHOOLS   ,IA,50309-1499,Private      ,26,26,52,26,26,52
00627300,MERCY COLLEGE OF HEALTH SCIENCES        ,IA,50309-1239,Private      ,252,282,534,252,282,534
00712000,DES MOINES AREA CMTY COLLEGE            ,IA,50021-0000,Public       ,3628,2698,6326,3628,2698,6326
00712100,FAITH BAPTIST BIBLE CLG & THEOL SEM     ,IA,50021-0000,Private      ,155,16,171,155,16,171
00729100,ST LUKE'S COLLEGE                       ,IA,51104-0263,Private      ,78,91,169,78,91,169
00731600,WESTERN IOWA TECH COMMUNITY COLLEGE     ,IA,51106-0000,Public       ,785,709,1494,785,709,1494
00758800,CAPRI COLLEGE                           ,IA,52004-0873,Proprietary  ,46,61,107,46,61,107
00761100,EQ SCHOOL OF HAIR DESIGN                ,IA,51503-0813,Proprietary  ,3,17,20,3,17,20
00765600,AMERICAN COLLEGE OF HARISTYLING -CR     ,IA,52402-0000,Proprietary  ,4,12,16,4,12,16
00765800,AMER COLL OF HAIRSTYLING-DES MOINES     ,IA,50309-5446,Proprietary  ,7,16,23,7,16,23
00765900,LA JAMES COLLEGE OF HAIRSTYLING         ,IA,50401-3308,Proprietary  ,18,18,36,18,18,36
00771700,CAPRI COLLEGE                           ,IA,52807-2622,Proprietary  ,48,49,97,48,49,97
00794100,COLLEGE OF HAIR DESIGN                  ,IA,50703-1834,Proprietary  ,0,10,10,0,10,10
00826000,IOWA SCHOOL OF BEAUTY INC               ,IA,50322-0000,Proprietary  ,22,55,77,22,55,77
00840300,INDIAN HILLS COMMUNITY COLLEGE          ,IA,52501-1398,Public       ,867,676,1543,867,676,1543
00842400,LA JAMES INTERNATIONAL COLLEGE          ,IA,50501-5577,Proprietary  ,18,12,30,18,12,30
00959300,LA'JAMES COLLEGE OF HAIRSTYLING         ,IA,52240-0000,Proprietary  ,17,14,31,17,14,31
01111300,MAHARISHI UNIV OF MANAGEMENT            ,IA,52557-0001,Private      ,52,134,186,52,134,186
01206400,HAMILTON TECHNICAL COLLEGE              ,IA,52807-2653,Proprietary  ,35,55,90,35,55,90
01230000,PALMER COLLEGE OF CHIROPRACTIC          ,IA,52803-5287,Private      ,49,904,953,49,904,953
01300600,LA' JAMES INTERNATIONAL COLLEGE-CF      ,IA,50613-5242,Proprietary  ,7,6,13,7,6,13
02090300,CAPRI COLLEGE                           ,IA,52404-0000,Proprietary  ,45,65,110,45,65,110
02134500,LA JAMES INTERNATIONAL COLLEGE - DAV    ,IA,52806-3952,Proprietary  ,5,23,28,5,23,28
02160900,PCI ACADEMY                             ,IA,50010-6062,Proprietary  ,34,28,62,34,28,62
02262500,FAUST INSTITUTE OF COSMETOLOGY          ,IA,50588-0000,Proprietary  ,6,8,14,6,8,14
02274100,LA' JAMES INTERNATIONAL COLLEGE - DM    ,IA,50131-0000,Proprietary  ,13,29,42,13,29,42
02289000,AMERICAN HAIR ACADEMY                   ,IA,52627-4530,Proprietary  ,3,5,8,3,5,8
02306900,IOWA SCHOOL OF BEAUTY                   ,IA,52501-0000,Proprietary  ,9,13,22,9,13,22
02328900,EMMAUS BIBLE COLLEGE                    ,IA,52001-0000,Private      ,129,21,150,129,21,150
02330900,IOWA SCHOOL OF BEAUTY                   ,IA,50158-0000,Proprietary  ,5,7,12,5,7,12
02609200,VATTEROTT COLLEGE                       ,IA,50321-4704,Proprietary  ,19,132,151,19,132,151
03065302,PAUL MITCHELL THE SCHOOL DAVENPORT      ,IA,52806-4000,Proprietary  ,13,10,23,13,10,23
03069100,ALLEN COLLEGE                           ,IA,50703-1916,Private      ,270,267,537,270,267,537
03441300,IOWA SCHOOL OF BEAUTY                   ,IA,51106-5111,Proprietary  ,19,15,34,19,15,34
03720300,CARLSON COLLEGE OF MASSAGE THERAPY      ,IA,52205-7519,Proprietary  ,4,11,15,4,11,15
04051313,ART INSTITUTE OF PHOENIX (THE) - BROWN M,IA,52722-3628,Proprietary  ,7,28,35,7,28,35
04177800,SALON PROFESSIONAL ACADEMY (THE)        ,IA,52240-6083,Proprietary  ,12,13,25,12,13,25
04203300,AVEDA INSTITUTE DES MOINES              ,IA,50266-8137,Proprietary  ,49,50,99,49,50,99
00259600,ATLANTIC COMMUNITY COLLEGE              ,NJ,08330-2699,Public       ,1210,1223,2433,1210,1223,2433
00259700,BLOOMFIELD COLLEGE                      ,NJ,07003-3425,Private      ,1909,588,2497,1909,588,2497
00259800,CALDWELL COLLEGE                        ,NJ,07006-6195,Private      ,2080,493,2573,2080,493,2573
00259900,CENTENARY COLLEGE                       ,NJ,07840-2184,Private      ,1302,491,1793,1302,491,1793
00260000,COLLEGE OF SAINT ELIZABETH              ,NJ,07960-6989,Private      ,409,219,628,409,219,628
00260100,CUMBERLAND COUNTY COLLEGE               ,NJ,08362-9912,Public       ,634,799,1433,634,799,1433
00260300,DREW UNIVERSITY                         ,NJ,07940-4063,Private      ,2112,300,2412,2112,300,2412
00260700,FAIRLEIGH DICKINSON UNIV-TEANECK        ,NJ,07666-1996,Private      ,3526,1038,4564,3526,1038,4564
00260701,FAIRLEIGH DICKINSON UNIV-FLORHAM        ,NJ,07940-0000,Private      ,3461,490,3951,3461,490,3951
00260702,FAIRLEIGH DICKINSON UNIV-ED WMS CLG     ,NJ,07601-0000,Private      ,320,170,490,320,170,490
00260703,FAIRLEIGH DICKINSON UNIVERSITY          ,NJ,07940-0000,Private      ,1226,307,1533,1226,307,1533
00260800,GEORGIAN COURT UNIVERSITY               ,NJ,08701-2697,Private      ,961,389,1350,961,389,1350
00260900,ROWAN UNIVERSITY                        ,NJ,08028-1702,Public       ,12157,2705,14862,12157,2705,14862
00261000,FELICIAN COLLEGE                        ,NJ,07644-2198,Private      ,1289,483,1772,1289,483,1772
00261300,NEW JERSEY CITY UNIVERSITY              ,NJ,07305-1597,Public       ,2676,1896,4572,2676,1896,4572
00261500,MIDDLESEX COUNTY COLLEGE                ,NJ,08818-3050,Public       ,2453,1458,3911,2453,1458,3911
00261600,MONMOUTH UNIVERSITY                     ,NJ,07764-1898,Private      ,6778,1175,7953,6778,1175,7953
00261700,MONTCLAIR STATE UNIVERSITY              ,NJ,07043-9987,Public       ,15266,3654,18920,15266,3654,18920
00261900,NEW BRUNSWICK THEOLOGICAL SEMINARY      ,NJ,08901-0000,Private      ,35,56,91,35,56,91
00262100,NEW JERSEY INST OF TECHNOLOGY           ,NJ,07102-1982,Public       ,6132,1536,7668,6132,1536,7668
00262200,KEAN UNIVERSITY                         ,NJ,07083-7131,Public       ,8060,3480,11540,8060,3480,11540
00262400,OCEAN COUNTY COLLEGE                    ,NJ,08754-2001,Public       ,1639,1137,2776,1639,1137,2776
00262500,WILLIAM PATERSON UNIVERSITY             ,NJ,07470-2152,Public       ,8603,1963,10566,8603,1963,10566
00262600,PRINCETON THEOLOGICAL SEMINARY          ,NJ,08542-0000,Private      ,9,334,343,9,334,343
00262700,PRINCETON UNIVERSITY                    ,NJ,08544-0001,Private      ,14535,1031,15566,14535,1031,15566
00262800,RIDER UNIVERSITY                        ,NJ,08648-3099,Private      ,7326,855,8181,7326,855,8181
00262900,"RUTGERS, THE STATE UNIVERSITY OF NJ     ",NJ,08901-1281,Public       ,40347,14561,54908,40347,14561,54908
00263200,SETON HALL UNIVERSITY                   ,NJ,07079-2697,Private      ,11178,1984,13162,11178,1984,13162
00263201,SETON HALL UNIVERSITY - SCHOOL OF LAW   ,NJ,07079-5210,Private      ,226,834,1060,226,834,1060
00263800,SAINT PETER'S UNIVERSITY                ,NJ,07306-5997,Private      ,2782,665,3447,2782,665,3447
00263900,STEVENS INSTITUTE OF TECHNOLOGY         ,NJ,07030-5370,Private      ,4956,277,5233,4956,277,5233
00264200,COLLEGE OF NEW JERSEY (THE)             ,NJ,08628-0718,Public       ,10078,675,10753,10078,675,10753
00264300,UNION COUNTY COLLEGE                    ,NJ,07016-1598,Public       ,1748,2122,3870,1748,2122,3870
00473600,BERGEN COMMUNITY COLLEGE                ,NJ,07652-1595,Public       ,3482,1806,5288,3482,1806,5288
00474000,MERCER COUNTY COMMUNITY COLLEGE         ,NJ,08690-0000,Public       ,1204,984,2188,1204,984,2188
00539900,MONMOUTH COUNTY VOCATIONAL SCH DIST     ,NJ,07728-5033,Public       ,30,38,68,30,38,68
00545200,TETERBORO SCH OF AERONAUTICS            ,NJ,07608-1083,Proprietary  ,22,15,37,22,15,37
00546100,SALEM COMMUNITY COLLEGE                 ,NJ,08069-2799,Public       ,147,207,354,147,207,354
00641700,HOLY NAME MEDICAL CENTER SCHOOL OF NURSI,NJ,07666-4254,Private      ,27,73,100,27,73,100
00642000,MOUNTAINSIDE HOSP SCH NRSG              ,NJ,07042-4898,Proprietary  ,6,55,61,6,55,61
00642100,MUHLENBERG SNYDER SCHOOLS               ,NJ,07061-3399,Private      ,39,155,194,39,155,194
00642900,ST FRANCIS MEDICAL CTR SCH NURSING      ,NJ,08629-1986,Private      ,9,46,55,9,46,55
00642902,ST FRANCIS MED CTR RAD TECH             ,NJ,08629-0000,Private      ,4,13,17,4,13,17
00686500,CAMDEN COUNTY COLLEGE                   ,NJ,08012-3240,Public       ,1994,2202,4196,1994,2202,4196
00690100,GLOUCESTER COUNTY COLLEGE               ,NJ,08080-4249,Public       ,1464,895,2359,1464,895,2359
00710700,ESSEX COUNTY COLLEGE                    ,NJ,07102-1798,Public       ,2048,2821,4869,2048,2821,4869
00750200,BERKELEY COLLEGE                        ,NJ,07424-3367,Proprietary  ,1106,1107,2213,1106,1107,2213
00759300,PARISIAN BEAUTY ACADEMY                 ,NJ,07601-5509,Proprietary  ,29,46,75,29,46,75
00772900,COUNTY COLLEGE OF MORRIS                ,NJ,07869-0000,Public       ,1528,638,2166,1528,638,2166
00773000,BURLINGTON COUNTY COLLEGE               ,NJ,08068-1599,Public       ,1515,1537,3052,1515,1537,3052
00773100,RARITAN VALLEY COMMUNITY COLLEGE        ,NJ,08876-1265,Public       ,1045,589,1634,1045,589,1634
00780401,STAR CAREER ACADEMY - STAR LAKEWOOD     ,NJ,08701-5900,Proprietary  ,25,70,95,25,70,95
00780402,STAR CAREER ACADEMY - STAR EGG HARBOR   ,NJ,08234-4863,Proprietary  ,16,50,66,16,50,66
00793808,LINCOLN TECHNICAL INSTITUTE - SOUTH PLAI,NJ,07080-2424,Proprietary  ,57,49,106,57,49,106
00793810,LINCOLN TECHNICAL INSTITUTE - MAHWAH    ,NJ,07430-2106,Proprietary  ,84,43,127,84,43,127
00793811,LINCOLN TECHNICAL INSTITUTE - UNION     ,NJ,07083-5032,Proprietary  ,130,105,235,130,105,235
00794700,BETH MEDRASH GOVOHA OF AMERICA          ,NJ,08701-0000,Private      ,6,14,20,6,14,20
00840400,BROOKDALE COMMUNITY COLLEGE             ,NJ,07738-1597,Public       ,1959,1095,3054,1959,1095,3054
00849400,HO HO KUS SCHL OF TRADE & TECH SCIENCES ,NJ,07513-1402,Proprietary  ,18,25,43,18,25,43
00860900,RABBINICAL COLLEGE OF AMERICA           ,NJ,07960-3600,Private      ,8,2,10,8,2,10
00907800,CAPRI INSTITUTE OF HAIR DESIGN          ,NJ,07011-2111,Proprietary  ,18,29,47,18,29,47
00934400,RAMAPO COLLEGE OF NEW JERSEY            ,NJ,07430-1680,Public       ,6142,740,6882,6142,740,6882
00934500,RICHARD STOCKTON COLLEGE OF NJ          ,NJ,08205-9441,Public       ,6764,1629,8393,6764,1629,8393
00982804,EVEREST INSTITUTE - SOUTH PLAINFIELD    ,NJ,07080-1125,Proprietary  ,31,65,96,31,65,96
00999400,PASSAIC COUNTY COMMUNITY COLLEGE        ,NJ,07505-1179,Public       ,1233,1129,2362,1233,1129,2362
01062900,P B COSMETOLOGY EDUCATION CENTRE        ,NJ,08030-1750,Proprietary  ,26,24,50,26,24,50
01085100,ANTHEM INSTITUTE                        ,NJ,07054-3409,Proprietary  ,12,64,76,12,64,76
01085101,ANTHEM INSTITUTE                        ,NJ,07306-0000,Proprietary  ,10,30,40,10,30,40
01085102,ANTHEM INSTITUTE                        ,NJ,08902-0000,Proprietary  ,10,16,26,10,16,26
01090300,RIZZIERI INSTITUTE                      ,NJ,08043-4600,Proprietary  ,25,38,63,25,38,63
01152300,MORRIS COUNTY SCHOOL OF TECHNOLOGY      ,NJ,07834-0000,Public       ,22,20,42,22,20,42
01198900,TALMUDICAL ACADEMY                      ,NJ,07710-0000,Private      ,2,1,3,2,1,3
01209000,ROBERT FIANCE BEAUTY SCHOOLS            ,NJ,08861-4118,Proprietary  ,12,13,25,12,13,25
01246100,LINCOLN TECHNICAL INSTITUTE             ,NJ,08820-2896,Proprietary  ,72,126,198,72,126,198
01246102,LINCOLN TECHNICAL INSTITUTE             ,NJ,08057-3212,Proprietary  ,45,187,232,45,187,232
01246103,LINCOLN TECHNICAL INSTITUTE             ,NJ,07652-2106,Proprietary  ,117,151,268,117,151,268
01246200,HOHOKUS - HACKENSACK SCHOOL OF BUSINESS ,NJ,07601-7197,Proprietary  ,22,110,132,22,110,132
01295400,HUDSON COUNTY COMMUNITY COLLEGE         ,NJ,07306-4012,Public       ,1645,1405,3050,1645,1405,3050
02053700,EASTWICK COLLEGE                        ,NJ,07446-0000,Proprietary  ,83,291,374,83,291,374
02061800,ROMAN ACADEMY OF BEAUTY CULTURE         ,NJ,07506-0000,Proprietary  ,5,3,8,5,3,8
02092300,HOHOKUS SCHOOL - RETS/NUTLEY            ,NJ,07110-0000,Proprietary  ,23,68,91,23,68,91
02103700,CAPRI INSTITUTE OF HAIR DESIGN          ,NJ,07652-0000,Proprietary  ,16,10,26,16,10,26
02104000,HARRIS SCHOOL OF BUSINESS               ,NJ,08002-2983,Proprietary  ,26,143,169,26,143,169
02106601,AMERICAN INSTITUTE - CLIFTON            ,NJ,07011-2345,Proprietary  ,21,140,161,21,140,161
02106605,AMERICAN INSTITUTE - TOMS RIVER         ,NJ,08755-1524,Proprietary  ,14,58,72,14,58,72
02131100,DU CRET SCHOOL OF THE ARTS              ,NJ,07060-0000,Private      ,13,8,21,13,8,21
02131600,PENNCO TECH                             ,NJ,08012-0000,Proprietary  ,91,163,254,91,163,254
02132300,FORTIS INSTITUTE                        ,NJ,07470-7041,Proprietary  ,46,81,127,46,81,127
02146800,JOE KUBERT SCH OF CARTOON & GRAPHIC     ,NJ,07801-0000,Proprietary  ,30,30,60,30,30,60
02154000,DIVERS ACAD OF EASTERN SEABOARD         ,NJ,08081-1139,Proprietary  ,18,27,45,18,27,45
02183600,CAPRI INSTITUTE OF HAIR DESIGN          ,NJ,07033-0000,Proprietary  ,12,16,28,12,16,28
02192200,THOMAS EDISON STATE COLLEGE             ,NJ,08608-0000,Public       ,191,2468,2659,191,2468,2659
02219600,OMEGA INSTITUTE                         ,NJ,08109-0000,Proprietary  ,3,13,16,3,13,16
02223700,ROBERT FIANCE BEAUTY SCHOOLS            ,NJ,07093-4623,Proprietary  ,6,13,19,6,13,19
02223900,DRAKE COLLEGE OF BUSINESS               ,NJ,07201-0000,Proprietary  ,16,18,34,16,18,34
02223902,DRAKE COLLEGE OF BUSINESS - NEWARK CAMPU,NJ,07112-2760,Proprietary  ,37,63,100,37,63,100
02232500,UNION COUNTY VOCATIONAL TECH INST       ,NJ,07076-0000,Public       ,29,23,52,29,23,52
02234600,ATLANTIC BEAUTY & SPA ACADEMY           ,NJ,08234-2621,Proprietary  ,16,17,33,16,17,33
02246000,ROSS UNIVERSITY - MEDICAL SCHOOL        ,NJ,08837-0000,Proprietary  ,14,1288,1302,14,1288,1302
02248600,COOPER HEALTH SYS-CTR ALLIED HEALTH     ,NJ,08103-0000,Private      ,52,128,180,52,128,180
02265500,CAPRI INSTITUTE OF HAIR DESIGN          ,NJ,08724-0000,Proprietary  ,5,14,19,5,14,19
02277900,ROSS UNIV - SCH OF VETERINARY MED       ,NJ,08837-0000,Proprietary  ,10,970,980,10,970,980
02312000,BERGEN COUNTY TECHNICAL SCHOOLS         ,NJ,07601-6110,Public       ,35,37,72,35,37,72
02503900,WARREN COUNTY COMMUNITY COLLEGE         ,NJ,07882-0000,Public       ,185,162,347,185,162,347
02523700,OCEAN COUNTY VOCATIONAL-TECH SCHOOL     ,NJ,08753-0000,Public       ,70,122,192,70,122,192
02525900,ARTISTIC ACADEMY OF HAIR DESIGN         ,NJ,07950-1409,Proprietary  ,26,31,57,26,31,57
02528200,ROBERT FIANCE BEAUTY SCHOOLS            ,NJ,07060-4840,Proprietary  ,6,15,21,6,15,21
02558700,PRISM CAREER INSTITUTE                  ,NJ,08037-0000,Proprietary  ,30,144,174,30,144,174
02568800,SUSSEX COUNTY COMMUNITY COLLEGE         ,NJ,07860-1149,Public       ,447,244,691,447,244,691
02586900,HARRIS SCHOOL OF BUSINESS               ,NJ,08043-2604,Proprietary  ,7,44,51,7,44,51
02616402,SANFORD-BROWN INSTITUTE - ISELIN        ,NJ,08830-0000,Proprietary  ,22,80,102,22,80,102
03077500,RABBI JACOB JOSEPH SCHOOL               ,NJ,08817-4494,Private      ,4,0,4,4,0,4
03122600,EASTERN INTERNATIONAL COLLEGE           ,NJ,07306-3906,Proprietary  ,25,108,133,25,108,133
03187300,STENOTECH CAREER INSTITUTE              ,NJ,07004-0000,Proprietary  ,3,10,13,3,10,13
03197300,INSTITUTE FOR HEALTH EDUCATION(THE)     ,NJ,07306-2929,Proprietary  ,2,7,9,2,7,9
03324300,CENTRAL CAREER SCHOOL                   ,NJ,07080-2408,Proprietary  ,5,13,18,5,13,18
03380302,STAR CAREER ACADEMY - STAR NEWARK       ,NJ,07102-4510,Proprietary  ,39,137,176,39,137,176
03380303,STAR CAREER ACADEMY - STAR CLIFTON      ,NJ,07011-2248,Proprietary  ,8,32,40,8,32,40
03536300,INSTITUTE FOR THERAPEUTIC MASSAGE       ,NJ,07420-1452,Proprietary  ,2,25,27,2,25,27
03650600,PC AGE                                  ,NJ,07306-3936,Proprietary  ,8,67,75,8,67,75
03650603,PC AGE                                  ,NJ,08817-2842,Proprietary  ,8,11,19,8,11,19
03666300,PILLAR COLLEGE                          ,NJ,07102-5511,Private      ,20,155,175,20,155,175
03803300,HEALTHCARE TRAINING INSTITUTE           ,NJ,07083-3504,Proprietary  ,19,59,78,19,59,78
03811300,EASTERN SCHOOL OF ACUPUNCTURE AND TRADIT,NJ,07042-3562,Proprietary  ,2,16,18,2,16,18
04081300,BAIS MEDRASH TORAS CHESED               ,NJ,08701-0000,Private      ,4,0,4,4,0,4
04123400,YESHIVAS BE'ER YITZCHOK                 ,NJ,07208-2380,Private      ,2,9,11,2,9,11
04125000,GENTLE HEALING SCHOOL OF MASSAGE        ,NJ,08512-3600,Proprietary  ,0,9,9,0,9,9
04131100,YESHIVA TORAS CHAIM                     ,NJ,08701-2120,Private      ,1,0,1,1,0,1
04131200,TOTAL IMAGE BEAUTY ACADEMY              ,NJ,07307-2943,Proprietary  ,6,12,18,6,12,18
04134100,JERSEY COLLEGE                          ,NJ,07608-1104,Proprietary  ,43,597,640,43,597,640
04136400,AMERICAN INSTITUTE OF MEDICAL SCIENCES &,NJ,07080-1183,Proprietary  ,25,72,97,25,72,97
04154500,STARTING POINTS FOR CHILDREN            ,NJ,07306-0001,Private      ,7,12,19,7,12,19
04154900,NATIONAL CAREER INSTITUTE               ,NJ,07018-2011,Proprietary  ,3,10,13,3,10,13
04154901,NATIONAL CAREER INSTITUTE - JERSEY CITY ,NJ,07306-4300,Proprietary  ,6,19,25,6,19,25
04173100,LAB PAUL MITCHELL PARTNER SCHOOL (THE)  ,NJ,08628-2500,Proprietary  ,9,9,18,9,9,18
04180300,MESIVTA KESER TORAH                     ,NJ,07719-2409,Private      ,1,0,1,1,0,1
04181400,BEST CARE TRAINING INSTITUTE            ,NJ,07018-1703,Proprietary  ,7,32,39,7,32,39
04184500,CHRISTINE VALMY INTERNATIONAL SCHOOL OF ,NJ,07058-9589,Proprietary  ,7,9,16,7,9,16
04188700,ASI CAREER INSTITUTE                    ,NJ,08012-1043,Proprietary  ,4,36,40,4,36,40
04192400,YESHIVA GEDOLAH ZICHRON LEYMA           ,NJ,07036-3905,Private      ,2,1,3,2,1,3
04207500,MEDICAL CAREER INSTITUTE                ,NJ,07712-7202,Proprietary  ,5,18,23,5,18,23
04215600,AMERICAN INSTITUTE OF PHARMACEUTICAL TEC,NJ,07601-9991,Proprietary  ,7,16,23,7,16,23
04216000,UNIVERSAL TRAINING INSTITUTE            ,NJ,08861-4106,Proprietary  ,6,23,29,6,23,29
04216100,YESHIVA YESODEI HATORAH                 ,NJ,08701-4946,Private      ,1,0,1,1,0,1
04216500,RIZZIERI INSTITUTE                      ,NJ,08043-1911,Proprietary  ,11,15,26,11,15,26
04218200,PAUL MITCHELL THE SCHOOL - JERSEY SHORE ,NJ,08723-3413,Proprietary  ,16,22,38,16,22,38
04218500,SALON PROFESSIONAL ACADEMY THE          ,NJ,07080-0000,Proprietary  ,11,24,35,11,24,35
00266500,VAUGHN COLLEGE OF AERONAUTICS AND TECHNO,NY,11369-9997,Private      ,584,273,857,584,273,857
00266600,ADELPHI UNIVERSITY                      ,NY,11530-4299,Private      ,7548,2013,9561,7548,2013,9561
00266700,DOWLING COLLEGE                         ,NY,11769-1999,Private      ,1170,352,1522,1170,352,1522
00266800,ALFRED UNIVERSITY                       ,NY,14802-1205,Private      ,3186,291,3477,3186,291,3477
00266900,BANK STREET COLLEGE OF EDUCATION        ,NY,10025-0000,Private      ,7,325,332,7,325,332
00267100,BARD COLLEGE                            ,NY,12504-5000,Private      ,3478,474,3952,3478,474,3952
00267400,NEW YORK THEOLOGICAL SEMINARY           ,NY,10115-0002,Private      ,1,80,81,1,80,81
00267700,BROOKLYN LAW SCHOOL                     ,NY,11201-0000,Private      ,31,1416,1447,31,1416,1447
00267800,BRYANT & STRATTON COLLEGE               ,NY,14203-1713,Proprietary  ,681,4848,5529,681,4848,5529
00267803,BRYANT & STRATTON COLLEGE - GREECE      ,NY,14606-4227,Proprietary  ,110,469,579,110,469,579
00267805,BRYANT & STRATTON COLLEGE - SYRACUSE    ,NY,13203-2502,Proprietary  ,222,511,733,222,511,733
00267807,BRYANT & STRATTON COLLEGE - ALBANY      ,NY,12205-5230,Proprietary  ,63,291,354,63,291,354
00268100,CANISIUS COLLEGE                        ,NY,14208-1098,Private      ,3769,757,4526,3769,757,4526
00268500,CAZENOVIA COLLEGE                       ,NY,13035-1085,Private      ,1772,137,1909,1772,137,1909
00268700,CUNY-BROOKLYN COLLEGE                   ,NY,11210-2814,Public       ,14583,5102,19685,14583,5102,19685
00268800,CITY COLLEGE-CUNY                       ,NY,10031-9198,Public       ,15697,4936,20633,15697,4936,20633
00268900,CUNY-HUNTER COLLEGE                     ,NY,10021-0000,Public       ,20642,7042,27684,20642,7042,27684
00269000,QUEENS COLLEGE-CUNY                     ,NY,11367-1597,Public       ,13105,3613,16718,13105,3613,16718
00269100,CUNY- BOROUGH OF MANHATTAN CMTY CLG     ,NY,10007-1047,Public       ,14854,6254,21108,14854,6254,21108
00269200,CUNY BRONX COMMUNITY COLLEGE            ,NY,10453-3102,Public       ,5760,3642,9402,5760,3642,9402
00269300,CUNY-JOHN JAY CLG CRIMINAL JUSTICE      ,NY,10019-1093,Public       ,11485,3741,15226,11485,3741,15226
00269400,KINGSBOROUGH COMMUNITY COLLEGE          ,NY,11235-2398,Public       ,7023,2835,9858,7023,2835,9858
00269600,NY CITY COLLEGE OF TECHNOLOGY-CUNY      ,NY,11201-2983,Public       ,12530,4094,16624,12530,4094,16624
00269700,QUEENSBOROUGH COMMUNITY COLLEGE         ,NY,11364-1497,Public       ,7543,2361,9904,7543,2361,9904
00269800,CUNY THE COLLEGE OF STATEN ISLAND       ,NY,10314-6600,Public       ,8755,1869,10624,8755,1869,10624
00269900,CLARKSON UNIVERSITY                     ,NY,13699-5615,Private      ,5362,299,5661,5362,299,5661
00270000,COLGATE ROCHESTER CROZER DIVINITY S     ,NY,14620-0000,Private      ,5,19,24,5,19,24
00270100,COLGATE UNIVERSITY                      ,NY,13346-1386,Private      ,3891,82,3973,3891,82,3973
00270300,COLLEGE OF MOUNT SAINT VINCENT          ,NY,10471-1093,Private      ,2018,208,2226,2018,208,2226
00270400,COLLEGE OF NEW ROCHELLE                 ,NY,10805-2339,Private      ,672,898,1570,672,898,1570
00270500,COLLEGE OF SAINT ROSE                   ,NY,12203-1490,Private      ,3780,663,4443,3780,663,4443
00270700,COLUMBIA UNIVERSITY                     ,NY,10027-0000,Private      ,21701,14027,35728,21701,14027,35728
00270800,BARNARD COLLEGE-COLUMBIA UNIV           ,NY,10027-6598,Private      ,4286,238,4524,4286,238,4524
00270900,CONCORDIA COLLEGE                       ,NY,10708-1998,Private      ,607,251,858,607,251,858
00271000,COOPER UNION                            ,NY,10003-7120,Private      ,1668,128,1796,1668,128,1796
00271100,CORNELL UNIVERSITY                      ,NY,14853-2801,Private      ,25052,4069,29121,25052,4069,29121
00271101,WEILL CORNELL MEDICAL COLLEGE AND GRADUA,NY,10021-0000,Private      ,29,431,460,29,431,460
00271200,D'YOUVILLE COLLEGE                      ,NY,14201-1084,Private      ,1392,1027,2419,1392,1027,2419
00271300,DOMINICAN COLLEGE                       ,NY,10962-1299,Private      ,1144,317,1461,1144,317,1461
00271800,ELMIRA COLLEGE                          ,NY,14901-2099,Private      ,1693,128,1821,1693,128,1821
00272200,FORDHAM UNIVERSITY                      ,NY,10458-5157,Private      ,23960,4528,28488,23960,4528,28488
00272600,GENERAL THEOLOGICAL SEMINARY            ,NY,10011-0000,Private      ,2,23,25,2,23,25
00272800,HAMILTON COLLEGE                        ,NY,13323-1218,Private      ,2600,67,2667,2600,67,2667
00272900,HARTWICK COLLEGE                        ,NY,13820-4020,Private      ,1961,87,2048,1961,87,2048
00273100,HOBART & WILLIAM SMITH COLLEGES         ,NY,14456-3397,Private      ,2459,70,2529,2459,70,2529
00273200,HOFSTRA UNIVERSITY                      ,NY,11549-1010,Private      ,15285,2751,18036,15285,2751,18036
00273400,HOUGHTON COLLEGE                        ,NY,14744-0128,Private      ,943,64,1007,943,64,1007
00273500,HILBERT COLLEGE                         ,NY,14075-1597,Private      ,657,134,791,657,134,791
00273700,IONA COLLEGE                            ,NY,10801-1890,Private      ,6738,629,7367,6738,629,7367
00273900,ITHACA COLLEGE                          ,NY,14850-7130,Private      ,12923,816,13739,12923,816,13739
00274000,JEWISH THEOLOGICAL SEMINARY OF AMER     ,NY,10027-4649,Private      ,119,102,221,119,102,221
00274200,THE JUILLIARD SCHOOL                    ,NY,10023-6588,Private      ,1211,602,1813,1211,602,1813
00274400,KEUKA COLLEGE                           ,NY,14478-0000,Private      ,1551,514,2065,1551,514,2065
00274800,LEMOYNE COLLEGE                         ,NY,13214-1399,Private      ,4376,435,4811,4376,435,4811
00274900,NEW YORK COLLEGE OF PODIATRIC MED       ,NY,10035-1940,Private      ,21,268,289,21,268,289
00275100,LONG ISLAND UNIVERSITY                  ,NY,11548-1326,Private      ,9376,4031,13407,9376,4031,13407
00275800,MANHATTAN COLLEGE                       ,NY,10471-4098,Private      ,5798,393,6191,5798,393,6191
00275900,MANHATTAN SCHOOL OF MUSIC               ,NY,10027-4689,Private      ,542,474,1016,542,474,1016
00276000,MANHATTANVILLE COLLEGE                  ,NY,10577-2132,Private      ,2583,320,2903,2583,320,2903
00276300,MARIA COLLEGE                           ,NY,12208-1798,Private      ,156,222,378,156,222,378
00276500,MARIST COLLEGE                          ,NY,12601-1387,Private      ,7358,499,7857,7358,499,7857
00276900,MARYMOUNT MANHATTAN COLLEGE             ,NY,10021-4597,Private      ,3416,190,3606,3416,190,3606
00277200,MERCY COLLEGE                           ,NY,10522-1189,Private      ,3858,2484,6342,3858,2484,6342
00277500,MOLLOY COLLEGE                          ,NY,11570-1100,Private      ,3068,948,4016,3068,948,4016
00277700,MEDAILLE COLLEGE                        ,NY,14214-2695,Private      ,966,596,1562,966,596,1562
00277800,MOUNT SAINT MARY COLLEGE                ,NY,12550-3494,Private      ,2923,464,3387,2923,464,3387
00277900,NAZARETH COLLEGE OF ROCHESTER           ,NY,14618-3790,Private      ,2963,643,3606,2963,643,3606
00278200,NEW YORK INSTITUTE OF TECHNOLOGY        ,NY,11568-8000,Private      ,4718,982,5700,4718,982,5700
00278202,NY INSTITUTE OF TECHNOLOGY-OSTEOPATHIC M,NY,11568-0000,Private      ,45,502,547,45,502,547
00278300,NEW YORK LAW SCHOOL                     ,NY,10013-0000,Private      ,34,1183,1217,34,1183,1217
00278400,NEW YORK MEDICAL COLLEGE                ,NY,10595-0000,Private      ,16,843,859,16,843,859
00278500,NEW YORK UNIVERSITY                     ,NY,10012-1091,Private      ,40244,16574,56818,40244,16574,56818
00278800,NIAGARA UNIVERSITY                      ,NY,14109-2010,Private      ,2856,387,3243,2856,387,3243
00279000,NYACK COLLEGE                           ,NY,10960-3698,Private      ,714,470,1184,714,470,1184
00279100,PACE UNIVERSITY - NEW YORK              ,NY,10038-1598,Private      ,11451,2001,13452,11451,2001,13452
00279101,PACE UNIVERSITY-PLEASANTVILLE           ,NY,10570-0000,Private      ,3276,572,3848,3276,572,3848
00279102,PACE UNIVERSITY - WHITE PLAINS          ,NY,10603-0000,Private      ,475,751,1226,475,751,1226
00279500,PAUL SMITHS CLG OF ARTS & SCIENCES      ,NY,12970-0000,Private      ,883,74,957,883,74,957
00279800,PRATT INSTITUTE                         ,NY,11205-3899,Private      ,4138,1206,5344,4138,1206,5344
00280300,RENSSELAER POLYTECHNIC INSTITUTE        ,NY,12180-3590,Private      ,11061,463,11524,11061,463,11524
00280500,ROBERTS WESLEYAN COLLEGE                ,NY,14624-1997,Private      ,1139,456,1595,1139,456,1595
00280600,ROCHESTER INSTITUTE OF TECHNOLOGY       ,NY,14623-5608,Private      ,14029,1232,15261,14029,1232,15261
00280700,ROCKEFELLER UNIVERSITY                  ,NY,10021-0000,Private      ,16,22,38,16,22,38
00280800,DAEMEN COLLEGE                          ,NY,14226-3592,Private      ,2145,426,2571,2145,426,2571
00281000,THE SAGE COLLEGES                       ,NY,12180-4199,Private      ,1784,1052,2836,1784,1052,2836
00281200,TROCAIRE COLLEGE                        ,NY,14220-2094,Private      ,415,558,973,415,558,973
00281300,SARAH LAWRENCE COLLEGE                  ,NY,10708-5999,Private      ,1948,454,2402,1948,454,2402
00281400,SKIDMORE COLLEGE                        ,NY,12866-1632,Private      ,4098,88,4186,4098,88,4186
00281500,ST BERNARDS SCH THEOLOGY & MINISTRY     ,NY,14618-3822,Private      ,1,16,17,1,16,17
00281600,SIENA COLLEGE                           ,NY,12211-1462,Private      ,4974,179,5153,4974,179,5153
00281700,ST BONAVENTURE UNIVERSITY               ,NY,14778-2284,Private      ,2324,179,2503,2324,179,2503
00282000,ST FRANCIS COLLEGE                      ,NY,11201-4398,Private      ,1959,304,2263,1959,304,2263
00282100,ST JOHN FISHER COLLEGE                  ,NY,14618-3597,Private      ,3874,728,4602,3874,728,4602
00282200,CHRIST THE KING SEMINARY                ,NY,14052-0607,Private      ,0,1,1,0,1,1
00282300,ST JOHN'S UNIVERSITY                    ,NY,11439-1343,Private      ,18718,3279,21997,18718,3279,21997
00282500,ST JOSEPH'S COLLEGE                     ,NY,11205-3688,Private      ,1097,239,1336,1097,239,1336
00282501,ST JOSEPH'S COLLEGE-SUFFOLK CAMPUS      ,NY,11772-0000,Private      ,1614,504,2118,1614,504,2118
00282900,ST LAWRENCE UNIVERSITY                  ,NY,13617-1455,Private      ,2579,85,2664,2579,85,2664
00283200,ST THOMAS AQUINAS COLLEGE               ,NY,10976-1050,Private      ,1210,92,1302,1210,92,1302
00283300,ST VLADIMIR ORTHODOX THEOL SEM          ,NY,10707-0000,Private      ,0,27,27,0,27,27
00283400,EXCELSIOR COLLEGE                       ,NY,12203-5159,Private      ,187,4142,4329,187,4142,4329
00283500,SUNY AT ALBANY                          ,NY,12222-0001,Public       ,17090,2290,19380,17090,2290,19380
00283600,BINGHAMTON UNIVERSITY (SUNY)            ,NY,13902-6000,Public       ,22837,1595,24432,22837,1595,24432
00283700,SUNY AT BUFFALO                         ,NY,14260-0001,Public       ,20610,5726,26336,20610,5726,26336
00283800,SUNY AT STONY BROOK                     ,NY,11794-0701,Public       ,23592,3881,27473,23592,3881,27473
00283900,SUNY-DOWNSTATE MEDICAL CENTER           ,NY,11203-2098,Public       ,111,1191,1302,111,1191,1302
00284000,SUNY UPSTATE MEDICAL UNIVERSITY         ,NY,13210-2375,Public       ,181,915,1096,181,915,1096
00284100,SUNY BROCKPORT - FIN AID OFF            ,NY,14420-2914,Public       ,7453,1241,8694,7453,1241,8694
00284200,BUFFALO STATE COLLEGE - SUNY            ,NY,14222-1095,Public       ,10541,1953,12494,10541,1953,12494
00284300,SUNY COLLEGE-CORTLAND                   ,NY,13045-0900,Public       ,9071,674,9745,9071,674,9745
00284400,SUNY AT FREDONIA                        ,NY,14063-1145,Public       ,5543,515,6058,5543,515,6058
00284500,SUNY GENESEO                            ,NY,14454-1401,Public       ,7841,343,8184,7841,343,8184
00284600,SUNY COLLEGE-NEW PALTZ                  ,NY,12561-2499,Public       ,10850,1108,11958,10850,1108,11958
00284700,SUNY COLLEGE-ONEONTA                    ,NY,13820-4015,Public       ,9093,469,9562,9093,469,9562
00284800,SUNY OSWEGO                             ,NY,13126-3599,Public       ,8910,874,9784,8910,874,9784
00284900,SUNY COLLEGE AT PLATTSBURGH             ,NY,12901-2681,Public       ,6206,620,6826,6206,620,6826
00285000,SUNY COLLEGE-POTSDAM                    ,NY,13676-2294,Public       ,4394,441,4835,4394,441,4835
00285100,SUNY COLLEGE OF ENVIRONMENT SCIENCE AND ,NY,13210-2778,Public       ,1939,280,2219,1939,280,2219
00285300,SUNY MARITIME COLLEGE                   ,NY,10465-4198,Public       ,1553,201,1754,1553,201,1754
00285400,SUNY COLLEGE OF TECHNOLOGY-ALFRED       ,NY,14802-9951,Public       ,3320,417,3737,3320,417,3737
00285500,SUNY CANTON COLG OF TECHNOLOGY          ,NY,13617-1098,Public       ,2720,652,3372,2720,652,3372
00285600,SUNY AG & TECH COLLEGE-COBLESKILL       ,NY,12043-9986,Public       ,2369,254,2623,2369,254,2623
00285700,SUNY DELHI                              ,NY,13753-1190,Public       ,2839,514,3353,2839,514,3353
00285800,SUNY FARMINGDALE                        ,NY,11735-1021,Public       ,4547,1014,5561,4547,1014,5561
00285900,SUNY COLLEGE OF AG & TECH AT MORRISVILLE,NY,13408-0901,Public       ,2656,349,3005,2656,349,3005
00286000,ADIRONDACK COMMUNITY COLLEGE            ,NY,12804-1445,Public       ,952,466,1418,952,466,1418
00286100,CAYUGA COMMUNITY COLLEGE                ,NY,13021-3099,Public       ,663,528,1191,663,528,1191
00286200,BROOME COMMUNITY COLLEGE                ,NY,13902-0000,Public       ,2211,858,3069,2211,858,3069
00286300,CORNING COMMUNITY COLLEGE               ,NY,14830-3297,Public       ,756,504,1260,756,504,1260
00286400,DUTCHESS COMMUNITY COLLEGE              ,NY,12601-1595,Public       ,2021,649,2670,2021,649,2670
00286600,FASHION INSTITUTE OF TECHNOLOGY         ,NY,10001-5992,Public       ,7676,1775,9451,7676,1775,9451
00286700,SUNY FULTON MONTGOMERY COMM CLG         ,NY,12095-3790,Public       ,651,330,981,651,330,981
00286800,HUDSON VALLEY COMMUNITY COLLEGE         ,NY,12180-6096,Public       ,2441,1187,3628,2441,1187,3628
00286900,JAMESTOWN COMMUNITY COLLEGE             ,NY,14702-0020,Public       ,1069,462,1531,1069,462,1531
00287000,JEFFERSON COMMUNITY COLLEGE             ,NY,13601-1897,Public       ,730,700,1430,730,700,1430
00287100,"SUNY, MOHAWK VALLEY COMMUNITY CLG       ",NY,13501-5394,Public       ,1425,763,2188,1425,763,2188
00287200,MONROE COMMUNITY COLLEGE                ,NY,14623-5780,Public       ,3901,2748,6649,3901,2748,6649
00287300,NASSAU COMMUNITY COLLEGE                ,NY,11530-6793,Public       ,4322,1937,6259,4322,1937,6259
00287400,NIAGARA COUNTY COMMUNITY COLLEGE        ,NY,14132-9460,Public       ,1609,888,2497,1609,888,2497
00287500,ONONDAGA COMMUNITY COLLEGE              ,NY,13215-4585,Public       ,3524,1314,4838,3524,1314,4838
00287600,ORANGE COUNTY COMMUNITY COLLEGE         ,NY,10940-6441,Public       ,1022,617,1639,1022,617,1639
00287700,ROCKLAND COMMUNITY COLLEGE              ,NY,10901-3611,Public       ,754,430,1184,754,430,1184
00287800,SUFFOLK COMMUNITY COLLEGE               ,NY,11784-2899,Public       ,2858,1022,3880,2858,1022,3880
00287801,SUFFOLK COMMUNITY CLG-W. CAMPUS         ,NY,11717-0000,Public       ,1851,931,2782,1851,931,2782
00287803,SUFFOLK COMMUNITY CLG-EASTRN CAMPUS     ,NY,11901-0000,Public       ,719,296,1015,719,296,1015
00287900,SULLIVAN COUNTY COMMUNITY COLLEGE       ,NY,12759-5151,Public       ,448,201,649,448,201,649
00288000,ULSTER COUNTY COMMUNITY COLLEGE         ,NY,12484-0557,Public       ,443,257,700,443,257,700
00288100,SUNY WESTCHESTER COMMUNITY COLLEGE      ,NY,10595-1698,Public       ,2256,1386,3642,2256,1386,3642
00288200,SYRACUSE UNIVERSITY                     ,NY,13244-2130,Private      ,23922,4109,28031,23922,4109,28031
00288300,UTICA COLLEGE- UTICA                    ,NY,13502-4892,Private      ,3733,1156,4889,3733,1156,4889
00288500,ALBANY COLLEGE OF PHARMACY AND HEALTH SC,NY,12208-3492,Private      ,1561,642,2203,1561,642,2203
00288600,ALBANY LAW SCHOOL                       ,NY,12208-0000,Private      ,29,514,543,29,514,543
00288700,ALBANY MEDICAL COLLEGE                  ,NY,12208-0000,Private      ,47,811,858,47,811,858
00288900,UNION COLLEGE                           ,NY,12308-2311,Private      ,3443,95,3538,3443,95,3538
00289000,UNION THEOLOGICAL SEMINARY              ,NY,10027-0000,Private      ,4,178,182,4,178,182
00289200,UNITED STATES MERCHANT MARINE ACADEMY   ,NY,11024-1634,Public       ,256,9,265,256,9,265
00289400,UNIVERSITY OF ROCHESTER                 ,NY,14627-9000,Private      ,7720,976,8696,7720,976,8696
00289401,EASTMAN SCH OF MUSIC/UNIV ROCHESTER     ,NY,14604-0000,Private      ,661,257,918,661,257,918
00289402,UNIV OF ROCHESTER SCHL OF MEDICINE      ,NY,14642-0000,Private      ,47,430,477,47,430,477
00289500,VASSAR COLLEGE                          ,NY,12604-0008,Private      ,4035,116,4151,4035,116,4151
00289600,VILLA MARIA COLLEGE-BUFFALO             ,NY,14225-3999,Private      ,274,121,395,274,121,395
00289900,WAGNER COLLEGE                          ,NY,10301-4495,Private      ,2169,252,2421,2169,252,2421
00290000,WEBB INSTITUTE                          ,NY,11542-1398,Private      ,85,3,88,85,3,88
00290100,WELLS COLLEGE                           ,NY,13026-0500,Private      ,1115,47,1162,1115,47,1162
00290300,YESHIVA UNIVERSITY                      ,NY,10033-3201,Private      ,1603,1399,3002,1603,1399,3002
00290302,YESHIVA UNIVERSITY - BRONX CAMPUS       ,NY,10461-1975,Private      ,66,641,707,66,641,707
00397400,MESIVTHA TIFERETH JERUSALEM OF AMER     ,NY,10002-6382,Private      ,2,2,4,2,2,4
00397600,RABBINICAL ACAD MESIVTA RABBI CHAIM     ,NY,11230-4715,Private      ,0,1,1,0,1,1
00397800,RABBINICAL SEMINARY OF AMERICA          ,NY,11375-0000,Private      ,11,9,20,11,9,20
00397900,COLUMBIA UNIV TEACHERS COLLEGE          ,NY,10027-0000,Private      ,71,2585,2656,71,2585,2656
00405400,HEBREW UNION COL-JEWISH INST OF REL     ,NY,10012-0000,Private      ,0,85,85,0,85,85
00475900,"CUNY, YORK COLLEGE                      ",NY,11451-0001,Public       ,8683,2204,10887,8683,2204,10887
00476500,CUNY GRADUATE SCH & UNIV CTR            ,NY,10016-4309,Public       ,45,1211,1256,45,1211,1256
00477600,CENTRAL YESHIVA TOMCHEI TMIMIM LUBA     ,NY,11230-2798,Private      ,5,2,7,5,2,7
00478800,HERKIMER COUNTY COMMUNITY COLLEGE       ,NY,13350-1598,Public       ,1064,380,1444,1064,380,1444
00479800,MIRRER YESHIVA CENTRAL INST             ,NY,11223-2010,Private      ,2,2,4,2,2,4
00479900,MONROE COLLEGE                          ,NY,10468-4305,Proprietary  ,2023,1896,3919,2023,1896,3919
00481100,EVEREST INSTITUTE                       ,NY,14621-3007,Proprietary  ,21,179,200,21,179,200
00506400,SAINT JAMES MERCY HOSPITAL SCHOOL OF RAD,NY,14843-2197,Private      ,1,2,3,1,2,3
00520800,THE COLLEGE OF WESTCHESTER              ,NY,10602-0000,Proprietary  ,366,197,563,366,197,563
00587700,ROBERT J HOCHSTIM SCHOOL OF RADIOG      ,NY,11572-1151,Private      ,0,3,3,0,3,3
00643501,ARNOT OGDEN MEDICAL CENTER              ,NY,14905-1676,Private      ,18,18,36,18,18,36
00643800,PHILLIPS BETH ISRAEL SCH OF NURSING     ,NY,10001-6354,Private      ,35,98,133,35,98,133
00644300,COCHRAN SCH NSG-ST JOHN RVSDE HOSP      ,NY,10701-1399,Private      ,13,42,55,13,42,55
00644500,CROUSE HOSP SCH OF NURSING              ,NY,13210-1690,Private      ,114,100,214,114,100,214
00644800,BELANGER SCHOOL OF NURSING              ,NY,12304-1009,Private      ,25,68,93,25,68,93
00646100,SAINT ELIZABETH MEDICAL CENTER          ,NY,13501-2998,Private      ,65,53,118,65,53,118
00646700,SAINT JOSEPH'S COLLEGE OF NURSING       ,NY,13203-1806,Private      ,135,125,260,135,125,260
00678200,GENESEE COMMUNITY COLLEGE               ,NY,14020-9704,Public       ,1262,726,1988,1262,726,1988
00678500,SCHENECTADY COUNTY COMMUNITY CLG        ,NY,12305-2294,Public       ,813,594,1407,813,594,1407
00678700,CLINTON COMMUNITY COLLEGE               ,NY,12901-5690,Public       ,444,197,641,444,197,641
00678800,TOMPKINS CORTLAND COMMUNITY COLLEGE     ,NY,13053-0139,Public       ,1283,496,1779,1283,496,1779
00678900,COLUMBIA-GREENE COMMUNITY COLLEGE       ,NY,12534-9543,Public       ,262,224,486,262,224,486
00679100,SUNY AT PURCHASE                        ,NY,10577-1400,Public       ,5956,554,6510,5956,554,6510
00702200,CUNY-LEHMAN COLLEGE                     ,NY,10468-1589,Public       ,9651,4587,14238,9651,4587,14238
00702600,MOUNT SINAI SCHOOL OF MEDICINE          ,NY,10029-0000,Private      ,21,608,629,21,608,629
00710900,SUNY COLLEGE-OLD WESTBURY               ,NY,11568-0210,Public       ,3919,881,4800,3919,881,4800
00711100,NORTH COUNTRY COMMUNITY COLLEGE         ,NY,12983-2046,Public       ,310,172,482,310,172,482
00727300,CUNY-BERNARD BARUCH COLLEGE             ,NY,10010-5518,Public       ,14244,4021,18265,14244,4021,18265
00730400,CULINARY INSTITUTE OF AMERICA           ,NY,12538-1499,Private      ,2335,592,2927,2335,592,2927
00732916,ITT TECHNICAL INSTITUTE                 ,NY,12205-1003,Proprietary  ,50,148,198,50,148,198
00737200,AUSTIN'S SCHOOL OF SPA TECHNOLOGY       ,NY,12206-1513,Proprietary  ,19,32,51,19,32,51
00737500,ISLAND DRAFTING & TECHNICAL INST        ,NY,11701-2704,Proprietary  ,13,11,24,13,11,24
00738700,LONG ISLAND BEAUTY SCHOOL               ,NY,11788-4346,Proprietary  ,24,39,63,24,39,63
00738800,LONG ISLAND BEAUTY SCHOOL               ,NY,11550-3704,Proprietary  ,8,25,33,8,25,33
00739100,BEAUTY SCHOOL OF MIDDLETOWN             ,NY,10940-6574,Proprietary  ,14,16,30,14,16,30
00739400,BERKELEY COLLEGE                        ,NY,10017-0000,Proprietary  ,1125,1078,2203,1125,1078,2203
00740100,MANDL SCHOOL                            ,NY,10019-5516,Proprietary  ,44,258,302,44,258,302
00740500,WOOD TOBE-COBURN SCHOOL                 ,NY,10016-0102,Proprietary  ,199,45,244,199,45,244
00746500,AMERICAN ACADEMY OF DRAMATIC ARTS       ,NY,10016-7089,Private      ,795,178,973,795,178,973
00746600,LIM COLLEGE                             ,NY,10022-5268,Proprietary  ,1557,282,1839,1557,282,1839
00746800,SCHOOL OF VISUAL ARTS                   ,NY,10010-3994,Proprietary  ,2865,919,3784,2865,919,3784
00751800,APEX TECHNICAL SCHOOL                   ,NY,10011-0000,Proprietary  ,92,253,345,92,253,345
00752200,CONTINENTAL SCH OF BEAUTY CULTURE       ,NY,14623-3231,Proprietary  ,28,32,60,28,32,60
00752205,CONTINENTAL SCHOOL OF BEAUTY CULTURE - M,NY,13211-1003,Proprietary  ,7,8,15,7,8,15
00753200,FINGER LAKES COMMUNITY COLLEGE          ,NY,14424-8395,Public       ,1678,873,2551,1678,873,2551
00757200,AMERICAN MUSICAL AND DRAMATIC ACAD      ,NY,10023-2106,Private      ,2271,314,2585,2271,314,2585
00757300,EMPIRE BEAUTY SCHOOL                    ,NY,11103-4028,Proprietary  ,167,516,683,167,516,683
00780400,STAR CAREER ACADEMY                     ,NY,10011-7307,Proprietary  ,34,123,157,34,123,157
00793809,LINCOLN TECHNICAL INSTITUTE - WHITESTONE,NY,11357-6092,Proprietary  ,126,81,207,126,81,207
00818900,CONTINENTAL SCHOOL OF BEAUTY CULTURE - B,NY,14224-3402,Proprietary  ,5,8,13,5,8,13
00818903,CONTINENTAL SCHOOL OF BEAUTY CULTURE - B,NY,14223-2911,Proprietary  ,32,33,65,32,33,65
00843700,CHAMPLAIN VALLEY - TEC/PRN              ,NY,12901-0000,Public       ,17,24,41,17,24,41
00849500,JAMESTOWN BUSINESS COLLEGE              ,NY,14702-0429,Proprietary  ,74,46,120,74,46,120
00861100,"CUNY, HOSTOS CMTY COLLEGE               ",NY,10451-1499,Public       ,4620,2652,7272,4620,2652,7272
00861400,RABBINICAL CLG BOBOVER YESHIVA BNEI     ,NY,11219-3293,Private      ,1,2,3,1,2,3
00878800,STATE UNIVERSITY OF NEW YORK STUDENT LOA,NY,12246-0000,Public       ,258,141,399,258,141,399
00902900,NEIGHBORHOOD PLAYHOUSE                  ,NY,10022-5017,Private      ,20,12,32,20,12,32
00904300,ELMIRA BUSINESS INSTITUTE               ,NY,14901-2731,Proprietary  ,13,32,45,13,32,45
00907700,UTICA SCHOOL OF COMMERCE                ,NY,13501-2280,Proprietary  ,19,56,75,19,56,75
00924800,SAMARITAN HOSPITAL SCH NURSING          ,NY,12180-2475,Private      ,28,84,112,28,84,112
00928300,MIDWAY-PARIS BEAUTY SCHOOL              ,NY,11385-3453,Proprietary  ,3,8,11,3,8,11
00928400,BRITTANY BEAUTY SCHOOL                  ,NY,11756-1345,Proprietary  ,11,21,32,11,21,32
00933500,MESIVTA EASTERN PKWY RABBINICAL CLG     ,NY,11218-5559,Private      ,2,0,2,2,0,2
00947900,SAINT VINCENTS CMC SI NURSING SCHOOL    ,NY,10304-3850,Proprietary  ,61,157,218,61,157,218
00976900,METROPOLITAN COLLEGE OF NEW YORK        ,NY,10013-1919,Private      ,86,788,874,86,788,874
00992900,SUNY COLLEGE OF OPTOMETRY               ,NY,10036-8003,Public       ,7,175,182,7,175,182
01005100,LA GUARDIA CMTY COLLEGE - CUNY          ,NY,11101-3083,Public       ,9067,4178,13245,9067,4178,13245
01005200,JEFFERSON-LEWIS BOCES PRAC NRSGPRG      ,NY,13601-9509,Public       ,8,39,47,8,39,47
01009700,CUNY-MEDGAR W EVERS COLLEGE             ,NY,11225-2010,Public       ,4642,2127,6769,4642,2127,6769
01014200,TOURO COLLEGE                           ,NY,10010-4202,Private      ,866,2601,3467,866,2601,3467
01014700,WESTERN SUFFOLK BOCES                   ,NY,11768-3499,Public       ,48,92,140,48,92,140
01015300,HELENE FULD COL OF NRSNG/N GEN HOSP     ,NY,10035-0000,Private      ,9,185,194,9,185,194
01028600,EMPIRE STATE COLLEGE                    ,NY,12866-4391,Public       ,392,4772,5164,392,4772,5164
01037800,RABBINICAL COLLEGE OF LONG ISLAND       ,NY,11561-3244,Private      ,3,1,4,3,1,4
01054900,KEHILATH YAKOV RABBINICAL SEMINARY      ,NY,10562-1001,Private      ,1,1,2,1,1,2
01055100,NEW YORK SCH MED & DENTAL ASSISTANT     ,NY,11101-2327,Proprietary  ,30,55,85,30,55,85
01064100,SOUTHERN WESTCHESTER BOCES              ,NY,10543-0000,Public       ,11,24,35,11,24,35
01068400,ERIE COMMUNITY COLLEGE-ALL CAMPUSES     ,NY,14203-2698,Public       ,2673,1924,4597,2673,1924,4597
01081300,AMERICAN ACAD MCALLISTER INST           ,NY,10019-3604,Private      ,68,365,433,68,365,433
01095200,PNW BOCES LPN PROGRAM                   ,NY,10598-0000,Public       ,4,8,12,4,8,12
01103100,TECHNICAL CAREER INSTITUTE              ,NY,10001-2789,Proprietary  ,100,441,541,100,441,541
01118900,UNITED TALMUDICAL SEMINARY              ,NY,11211-7984,Private      ,1,1,2,1,1,2
01161400,CHAMPLAIN VALLEY HOSP SCH RAD TECH      ,NY,12901-1490,Private      ,13,9,22,13,9,22
01161700,NEW YORK METHODIST HOSPITAL             ,NY,11229-9023,Private      ,40,124,164,40,124,164
01164700,SBI CAMPUS - AN AFFILIATE OF SANFORD-BRO,NY,11747-3785,Proprietary  ,11,44,55,11,44,55
01167700,MEMORIAL SLOAN KETTERING CANCER CTR     ,NY,10021-6094,Private      ,2,8,10,2,8,10
01167800,SUNY INST OF TECHNOLOGY UTICA ROME      ,NY,13504-3050,Public       ,1736,389,2125,1736,389,2125
01183000,BERK TRADE AND BUSINESS SCHOOL          ,NY,11101-0000,Proprietary  ,19,36,55,19,36,55
01185900,WORD OF LIFE BIBLE INSTITUTE            ,NY,12860-0129,Private      ,311,31,342,311,31,342
01186000,MERCY MED CNTR SCHL OF RADIOGRAPHY      ,NY,11570-1098,Private      ,11,14,25,11,14,25
01192100,WESTCHESTER SCH OF BEAUTY CULTURE       ,NY,10550-2295,Proprietary  ,7,14,21,7,14,21
01192200,BETH HATALMUD RABBINICAL CLG            ,NY,11214-2594,Private      ,3,1,4,3,1,4
01198400,OHR HAMEIR THEOLOGICAL SEMINARY         ,NY,10566-0990,Private      ,1,0,1,1,0,1
01201100,TALMUDICAL SEM OHOLEI TORAH             ,NY,11213-3310,Private      ,1,0,1,1,0,1
01210700,INSTITUTE OF DESIGN & CONSTRUCTION      ,NY,11201-5380,Private      ,22,36,58,22,36,58
01220300,MEMORIAL HOSPITAL SCH OF NURSING        ,NY,12204-1083,Private      ,23,42,65,23,42,65
01227700,NEW YORK CHIROPRACTIC COLLEGE           ,NY,13148-0800,Private      ,9,317,326,9,317,326
01229300,VEEB NASSAU CNTY SCHL OF PRACT NURS     ,NY,11553-3040,Public       ,12,69,81,12,69,81
01235800,PLAZA COLLEGE                           ,NY,11372-6300,Proprietary  ,34,123,157,34,123,157
01236400,SAINT VINCENTS CATHOLIC MEDICAL CENTERS ,NY,11354-0000,Proprietary  ,32,165,197,32,165,197
01240700,SCHUYLER-CHEMUNG-TIOGA BOCES            ,NY,14903-1089,Public       ,7,52,59,7,52,59
01240701,STEUBEN SCHUYLER CHEMUNG TIOGA ALLEGANY ,NY,14870-9518,Public       ,0,1,1,0,1,1
01256100,FIVE TOWNS COLLEGE                      ,NY,11746-5871,Proprietary  ,364,60,424,364,60,424
01258900,ERIE 1 BOCES                            ,NY,14224-0000,Public       ,40,162,202,40,162,202
01265200,ONONDAGA CORTLAND MADISON BOCES         ,NY,13090-4500,Public       ,49,125,174,49,125,174
01278300,OSWEGO COUNTY BOCES ADULT CAREERS       ,NY,13114-4498,Public       ,10,20,30,10,20,30
01292700,SYRACUSE CITY SCHOOL DISTRICT           ,NY,13202-3092,Public       ,20,11,31,20,11,31
01302600,MACHZIKEI HADATH RABBINICAL COLLEGE     ,NY,11204-1805,Private      ,1,0,1,1,0,1
01302900,BORICUA COLLEGE                         ,NY,10032-1599,Private      ,78,242,320,78,242,320
02056400,CAPRI COSMETOLOGY LEARNING CENTER       ,NY,10954-0000,Proprietary  ,18,37,55,18,37,55
02066200,THE NEW SCHOOL                          ,NY,10011-0000,Private      ,5080,2578,7658,5080,2578,7658
02069000,NEW YORK SCHOOL OF INTERIOR DESIGN      ,NY,10021-0000,Private      ,99,137,236,99,137,236
02075700,BRIARCLIFFE COLLEGE                     ,NY,11714-0000,Proprietary  ,218,572,790,218,572,790
02075702,BRIARCLIFFE COLLEGE - PATCHOGUE         ,NY,11772-3019,Proprietary  ,267,365,632,267,365,632
02092400,RIDLEY-LOWELL SCHOOL OF BUSINESS        ,NY,13905-0000,Proprietary  ,19,36,55,19,36,55
02093700,LONG ISLAND BUSINESS INSTITUTE          ,NY,11725-0000,Proprietary  ,32,109,141,32,109,141
02093701,LONG ISLAND BUSINESS INSTITUTE - FLUSHIN,NY,11354-4429,Proprietary  ,8,11,19,8,11,19
02098400,HERKIMER COUNTY BOCES                   ,NY,13350-0000,Public       ,11,17,28,11,17,28
02104300,OTSEGO AREA SCHOOL OF PRAC NURSING      ,NY,12167-0000,Public       ,2,2,4,2,2,4
02105900,HAIR DESIGN INSTITUTE AT FIFTH AVE      ,NY,11220-0000,Proprietary  ,19,27,46,19,27,46
02106800,BRAMSON ORT COLLEGE                     ,NY,11375-0000,Private      ,23,24,47,23,24,47
02110900,CATTARAUGUS/ALLEGANY BOCES              ,NY,14760-0000,Public       ,18,26,44,18,26,44
02112301,RIDLEY - LOWELL BUSINESS & TECHNICAL INS,NY,12601-3328,Proprietary  ,14,59,73,14,59,73
02116011,SANFORD-BROWN INSTITUTE - NEW YORK      ,NY,10003-2103,Proprietary  ,77,259,336,77,259,336
02124000,ORANGE ULSTER BOCES SCH OF PRAC NRS     ,NY,10924-9401,Public       ,15,44,59,15,44,59
02125500,CIRCLE IN THE SQUARE THEATRE SCHOOL     ,NY,10019-0000,Private      ,31,26,57,31,26,57
02126300,MADISON-ONEIDA BOCES PRAC NRS           ,NY,13478-0000,Public       ,5,11,16,5,11,16
02138500,BOCES RENSSELAER SCHOOL OF PN           ,NY,12033-3221,Public       ,1,3,4,1,3,4
02145800,CAYUGA ONONDAGA BOCES                   ,NY,13021-9430,Public       ,15,23,38,15,23,38
02146000,WAYNE-FINGER LAKES BOCES                ,NY,14513-0000,Public       ,16,69,85,16,69,85
02152000,YESHIVA SHAAR HATORAH ITRI TORAH        ,NY,11418-0000,Private      ,1,0,1,1,0,1
02153600,BROOME-TIOGA BOCES PN PROG              ,NY,13905-0000,Public       ,15,40,55,15,40,55
02157900,ROCHESTER GENERAL HOSPITAL              ,NY,14621-3001,Private      ,11,17,28,11,17,28
02158200,WSHNGTN-SARTGA-WARN-HMLTN-ESX BOCES     ,NY,12839-1051,Public       ,4,18,22,4,18,22
02160100,GENEVA GENERAL HOSPITAL                 ,NY,14456-0000,Private      ,19,42,61,19,42,61
02163400,NEW YORK CAREER INSTITUTE               ,NY,10007-2801,Proprietary  ,40,188,228,40,188,228
02169100,DAVIS COLLEGE                           ,NY,13790-0000,Private      ,60,28,88,60,28,88
02170000,SWEDISH INSTITUTE                       ,NY,10001-0000,Proprietary  ,54,361,415,54,361,415
02170200,ALBANY SCHOHARIE SCHENECTADY            ,NY,12205-0000,Public       ,12,22,34,12,22,34
02171900,AILEY SCHOOL (THE)                      ,NY,10019-4402,Private      ,96,32,128,96,32,128
02172100,HAMILTON-FULTON-MONTGOMERY BOCES        ,NY,12095-0665,Public       ,18,19,37,18,19,37
02172800,DUTCHESS COUNTY BOCES SCH PRAC NURS     ,NY,12601-0000,Public       ,26,46,72,26,46,72
02173200,EMPIRE BEAUTY SCHOOL                    ,NY,10001-0000,Proprietary  ,171,462,633,171,462,633
02173900,ULSTER COUNTY BOCES PRACTICAL NRSG      ,NY,12466-0000,Public       ,6,46,52,6,46,52
02176000,CHERYL FELL'S SCHOOL OF BUSINESS        ,NY,14304-0000,Proprietary  ,4,6,10,4,6,10
02179400,EASTERN SUFFOLK BOCES                   ,NY,11713-0000,Public       ,39,76,115,39,76,115
02182200,NEW SCHOOL OF RADIO & TELEVISION        ,NY,12206-1106,Proprietary  ,25,26,51,25,26,51
02191600,TORAH TEMIMAH TALMUDICAL SEMINARY       ,NY,11218-0000,Private      ,1,0,1,1,0,1
02192500,BELLEVUE HOSP CTR SCH RAD TECH          ,NY,10016-0000,Public       ,8,41,49,8,41,49
02199300,ORLEANS-NIAGARA BOCES                   ,NY,14132-0000,Public       ,8,32,40,8,32,40
02206000,HUNTER BUSINESS SCHOOL                  ,NY,11756-0000,Proprietary  ,47,116,163,47,116,163
02219500,MILDRED ELLEY                           ,NY,12206-1513,Proprietary  ,32,291,323,32,291,323
02235600,ERIE 2-CHAUTAUQUA-CATTARAUGUS BOCES     ,NY,14006-0000,Public       ,6,14,20,6,14,20
02265100,YESHIVA DERECH CHAIM                    ,NY,11218-0000,Private      ,5,1,6,5,1,6
02272900,ROCKLAND COUNTY BOCES PRAC NRSG SCH     ,NY,10994-0000,Public       ,6,13,19,6,13,19
02275900,"MODERN WELDING SCHOOL, INC.             ",NY,12304-0000,Proprietary  ,25,32,57,25,32,57
02287800,NATIONAL TRACTOR TRAILER SCHOOL         ,NY,13088-2505,Proprietary  ,3,34,37,3,34,37
02294900,INSTITUTE OF AUDIO RESEARCH             ,NY,10003-0000,Proprietary  ,43,85,128,43,85,128
02306500,PROFESSIONAL BUSINESS COLLEGE           ,NY,10013-5049,Private      ,12,28,40,12,28,40
02314200,EMPIRE BEAUTY SCHOOL                    ,NY,10566-3805,Proprietary  ,4,4,8,4,4,8
02350600,YESHIVA AND KOLLEL HARBOTZAS TORAH      ,NY,11230-0000,Private      ,1,1,2,1,1,2
02491400,SPANISH AMERICAN INSTITUTE              ,NY,10036-0000,Private      ,2,7,9,2,7,9
02505800,YESHIVA KARLIN STOLIN RAB INSTITUTE     ,NY,11204-0000,Private      ,2,3,5,2,3,5
02505900,SH-OR YOSHUV RABBINICAL COLLEGE         ,NY,11691-0000,Private      ,3,0,3,3,0,3
02506000,ASSOCIATED BETH RIVKAH SCHOOLS          ,NY,11225-0000,Private      ,7,1,8,7,1,8
02506100,CITY UNIV OF NEW YORK-CENTRAL           ,NY,10021-0000,Public       ,1305,639,1944,1305,639,1944
02506800,YESHIVAT MIKDASH MELECH                 ,NY,11230-0000,Private      ,8,1,9,8,1,9
02511500,JOFFREY BALLET SCHOOL                   ,NY,10011-0000,Proprietary  ,79,7,86,79,7,86
02513500,MAR JON SCHOOL OF BEAUTY CULTURE        ,NY,14150-0000,Proprietary  ,4,10,14,4,10,14
02525600,ART INSTITUTE OF NEW YORK CITY (THE)    ,NY,10013-2429,Proprietary  ,625,390,1015,625,390,1015
02540800,"GLOBE INSTITUTE OF TECHNOLOGY, INC.     ",NY,10007-0000,Proprietary  ,84,53,137,84,53,137
02546000,TRI-STATE COLLEGE OF ACUPUNCTURE        ,NY,10011-0000,Proprietary  ,1,22,23,1,22,23
02550600,TALMUDICAL INST OF UPSTATE NY           ,NY,14607-0000,Private      ,1,1,2,1,1,2
02556700,SEMINAR L'MOROS BAIS YAAKOV             ,NY,11219-0000,Private      ,2,0,2,2,0,2
02572900,BUSINESS INFORMATICS CENTER             ,NY,11580-0000,Proprietary  ,2,6,8,2,6,8
02575400,FRENCH CULINARY INSTITUTE               ,NY,10013-2618,Proprietary  ,88,195,283,88,195,283
02587600,ORLO SCH HAIR DESIGN & COSMETOLOGY      ,NY,12206-1723,Proprietary  ,4,12,16,4,12,16
02599400,NEW YORK COLLEGE OF HEALTH PROFESSIONS  ,NY,11791-4413,Private      ,48,276,324,48,276,324
02600100,NEW YORK ACADEMY OF ART (THE)           ,NY,10013-2911,Private      ,93,145,238,93,145,238
02614900,SANFORD-BROWN INSTITUTE                 ,NY,10604-2910,Proprietary  ,6,17,23,6,17,23
02615001,SANFORD-BROWN COLLEGE - SANFORD-BROWN IN,NY,11530-4734,Proprietary  ,46,110,156,46,110,156
02616600,SHEAR EGO INTERNATIONAL SCHOOL OF HAIR D,NY,14617-3501,Proprietary  ,14,33,47,14,33,47
02617000,CONTINENTAL SCH OF BEAUTY CULTURE       ,NY,14020-0000,Proprietary  ,2,1,3,2,1,3
02617002,CONTINENTAL SCHOOL OF BEAUTY CULTURE  - ,NY,14020-1908,Proprietary  ,1,5,6,1,5,6
03000100,YESHIVA GEDOLAH IMREI YOSEF DSPINKA     ,NY,11219-4696,Private      ,1,0,1,1,0,1
03007200,DANCE THEATRE OF HARLEM                 ,NY,10031-0000,Private      ,22,19,41,22,19,41
03027701,PACIFIC COLLEGE OF ORIENTAL MEDICINE - N,NY,10010-7108,Proprietary  ,5,182,187,5,182,187
03081600,DELAWARE CHENANGO MADISON OT. BOCES     ,NY,13815-9554,Public       ,3,9,12,3,9,12
03095500,ASA INST BUSINESS & COMPUTER TECH       ,NY,11201-5208,Proprietary  ,211,283,494,211,283,494
03096200,CHARLES STUART SCHOOL                   ,NY,11229-2004,Proprietary  ,3,2,5,3,2,5
03103700,ADIRONDACK BEAUTY SCHOOL                ,NY,12801-3158,Proprietary  ,11,15,26,11,15,26
03104900,SULLIVAN COUNTY BOCES                   ,NY,12754-2116,Public       ,4,7,11,4,7,11
03115300,GENESEE VALLEY BOCES                    ,NY,14020-1099,Public       ,5,35,40,5,35,40
03120700,NEW YORK CONSERVATORY FOR DRAMATIC ARTS ,NY,10011-4225,Proprietary  ,237,64,301,237,64,301
03129200,RABBINICAL CLG OHR SHIMAR YISROEL       ,NY,11211-8102,Private      ,0,1,1,0,1,1
03169300,STUDIO JEWELERS                         ,NY,10016-4112,Proprietary  ,1,8,9,1,8,9
03191300,CUNY SCHOOL OF LAW @ QUEENS COLLEGE     ,NY,11367-0000,Public       ,406,678,1084,406,678,1084
03193300,MANHATTAN SCHOOL OF COMPUTER TECH       ,NY,11230-1617,Private      ,71,147,218,71,147,218
03203300,NEW YORK INSTITUTE OF MASSAGE           ,NY,14221-6021,Proprietary  ,6,25,31,6,25,31
03216300,UNIFICATION THEOLOGICAL SEMINARY        ,NY,12507-5021,Private      ,4,12,16,4,12,16
03328300,FRANKLIN CAREER INSTITUTE               ,NY,11550-3003,Private      ,6,12,18,6,12,18
03328301,FRANKLIN CAREER INSTITUTE - BROOKLYN    ,NY,11220-3110,Private      ,28,107,135,28,107,135
03358300,ALLEN SCHOOL                            ,NY,11432-4901,Proprietary  ,26,209,235,26,209,235
03358301,ALLEN SCHOOL - BROOKLYN                 ,NY,11201-0000,Proprietary  ,39,154,193,39,154,193
03380300,STAR CAREER ACADEMY                     ,NY,11791-5311,Proprietary  ,16,45,61,16,45,61
03419400,NORTHEASTERN SEMINARY                   ,NY,14624-1997,Private      ,18,23,41,18,23,41
03433500,LIA SCHORR INSTITUTE OF COSMETIC SK     ,NY,10022-2614,Proprietary  ,3,3,6,3,3,6
03443300,NEW YORK COLLEGE OF TRADITIONAL CHINESE ,NY,11501-0000,Private      ,1,20,21,1,20,21
03537300,NEW YORK AUTOMOTIVE & DIESEL INSTIT     ,NY,11101-0000,Proprietary  ,13,28,41,13,28,41
03651300,SAINT JOSEPH'S MEDICAL CENTER SCHOO     ,NY,10701-4080,Private      ,1,7,8,1,7,8
03652300,METROPOLITAN LEARNING INSTITUTE         ,NY,11374-2101,Private      ,0,33,33,0,33,33
03665400,CHRISTIE'S EDUCATION                    ,NY,10036-8002,Proprietary  ,0,20,20,0,20,20
03713300,BEIS MEDRASH HEICHAL DOVID              ,NY,11691-4433,Private      ,1,0,1,1,0,1
03773300,CENTER FOR NATURAL WELLNESS SCHOOL OF MA,NY,12205-1601,Proprietary  ,14,40,54,14,40,54
03802300,UTA MESIVTA OF KIRYAS JOEL              ,NY,10950-2169,Private      ,1,0,1,1,0,1
03839300,AVEDA INSTITUTE NEW YORK                ,NY,10013-1522,Proprietary  ,37,87,124,37,87,124
03881300,UNION GRADUATE COLLEGE                  ,NY,12308-3131,Private      ,11,65,76,11,65,76
03903400,AMERICAN BEAUTY SCHOOL                  ,NY,10462-8003,Proprietary  ,35,69,104,35,69,104
03941400,ELITE ACADEMY OF BEAUTY ARTS            ,NY,11223-1630,Proprietary  ,1,2,3,1,2,3
03983300,"SCHOOL OF PROFESSIONAL HORTICULTURE, AT ",NY,10458-5126,Private      ,4,12,16,4,12,16
03988300,"SAE INSTITUTE OF TECHNOLOGY, NEW YORK   ",NY,10001-2915,Proprietary  ,126,125,251,126,125,251
04043300,ACE COMPUTER TRAINING CENTER            ,NY,11375-5337,Proprietary  ,9,21,30,9,21,30
04092401,MAKE-UP DESIGNORY -                     ,NY,10012-0041,Proprietary  ,106,109,215,106,109,215
04095300,KING'S COLLEGE (THE)                    ,NY,10018-0110,Private      ,800,73,873,800,73,873
04102300,NEW AGE TRAINING                        ,NY,10001-4006,Proprietary  ,3,18,21,3,18,21
04115500,TALMUDICAL SEMINARY OF BOBOV            ,NY,11219-3826,Private      ,0,1,1,0,1,1
04117100,EDP SCHOOL OF COMPUTER PROGRAMMING      ,NY,11235-0000,Private      ,11,35,46,11,35,46
04117700,"MONROE 2-ORLEANS BOCES, CENTER FOR WORK ",NY,14624-1119,Public       ,32,49,81,32,49,81
04119600,YESHIVA OF FAR ROCKAWAY DERECH AYSON RAB,NY,11691-5219,Private      ,1,0,1,1,0,1
04125600,CAREER SCHOOL OF NY                     ,NY,10301-2416,Private      ,13,23,36,13,23,36
04131500,COLLECTIVE (THE)                        ,NY,10011-2026,Proprietary  ,9,4,13,9,4,13
04133700,NEW YORK MEDICAL CAREER TRAINING CENTER ,NY,11354-6504,Proprietary  ,7,35,42,7,35,42
04133701,NEW YORK MEDICAL CAREER TRAINING CENTER ,NY,10018-6504,Proprietary  ,26,68,94,26,68,94
04134000,"JOHN PAOLO'S XTREME BEAUTY INSTITUTE, GO",NY,12020-1245,Proprietary  ,4,11,15,4,11,15
04134001,"JOHN PAOLO'S XTREME BEAUTY INSTITUTE, GO",NY,13417-1319,Proprietary  ,6,24,30,6,24,30
04137700,ANN MARIE'S WORLD OF BEAUTY SCHOOL      ,NY,13901-2308,Proprietary  ,2,2,4,2,2,4
04138100,YESHIVA OF MACHZIKAI HADAS              ,NY,11219-1408,Private      ,1,0,1,1,0,1
04144300,INSTITUTE OF CULINARY EDUCATION         ,NY,10010-5205,Proprietary  ,182,270,452,182,270,452
04148000,NEW LIFE BUSINESS INSTITUTE             ,NY,11432-6149,Proprietary  ,4,19,23,4,19,23
04151200,SALON PROFESSIONAL ACADEMY (THE)        ,NY,14150-9200,Proprietary  ,10,29,39,10,29,39
04155300,ONONDAGA SCHOOL OF THERAPEUTIC MASSAGE  ,NY,13210-1533,Proprietary  ,26,48,74,26,48,74
04156000,ACADEMY OF COSMETOLOGY & ESTHETICS NYC (,NY,10306-3003,Proprietary  ,47,48,95,47,48,95
04157500,ACCESS CAREERS                          ,NY,11201-5826,Proprietary  ,18,44,62,18,44,62
04165700,"JOHN PAOLO'S XTREME BEAUTY INSTITUTE, GO",NY,12110-3053,Proprietary  ,1,7,8,1,7,8
04166000,MANHATTAN INSTITUTE (THE)               ,NY,10016-6516,Proprietary  ,52,56,108,52,56,108
04167600,FINGER LAKES SCHOOL OF MASSAGE (THE)    ,NY,14850-1384,Proprietary  ,11,22,33,11,22,33
04167601,FINGER LAKES SCHOOL OF MASSAGE (THE) -  ,NY,10549-1103,Proprietary  ,5,18,23,5,18,23
04178700,ATELIER ESTHETIQUE INSTITUTE OF ESTHETIC,NY,10016-8804,Proprietary  ,5,33,38,5,33,38
04179800,SOTHEBY'S INSTITUTE OF ART - NY         ,NY,10022-6717,Proprietary  ,13,64,77,13,64,77
04180200,LONG ISLAND NAIL & SKIN CARE INSTITUTE  ,NY,11756-1316,Proprietary  ,2,18,20,2,18,20
04189000,LONG ISLAND BARBER INSTITUTE (THE)      ,NY,11550-6317,Proprietary  ,7,10,17,7,10,17
04190500,NEW YORK SCHOOL OF ESTHETICS & DAY SPA  ,NY,10591-3232,Proprietary  ,5,18,23,5,18,23
04204300,AESTHETIC SCIENCE INSTITUTE (THE)       ,NY,12110-1095,Proprietary  ,7,19,26,7,19,26
04206200,DIGITAL FILM ACADEMY                    ,NY,10036-3708,Proprietary  ,63,74,137,63,74,137
04207400,YESHIVA GEDOLA OHR YISRAEL              ,NY,11229-1817,Private      ,1,0,1,1,0,1
04207600,AMERICAN ACADEMY OF PERSONAL TRAINING   ,NY,10011-7301,Proprietary  ,16,46,62,16,46,62
04208600,RELAY SCHOOL OF EDUCATION               ,NY,10011-4233,Private      ,2,68,70,2,68,70
04208800,GLORIA FRANCIS SCHOOL OF MAKE-UP ARTISTR,NY,11801-3873,Proprietary  ,3,2,5,3,2,5
04210100,STELLA AND CHARLES GUTTMAN COMMUNITY COL,NY,10018-2602,Public       ,2490,284,2774,2490,284,2774
04210700,NEW YORK INSTITUTE OF BEAUTY            ,NY,11749-1479,Proprietary  ,9,11,20,9,11,20
04212500,CACTUS ACADEMY (THE)                    ,NY,11530-3402,Proprietary  ,15,22,37,15,22,37
04213400,ACCESS CAREERS                          ,NY,11550-0000,Proprietary  ,9,15,24,9,15,24
04213500,SHARP EDGEZ BARBER INSTITUTE            ,NY,14620-0000,Proprietary  ,2,4,6,2,4,6
04223100,ARROJO COSMETOLOGY SCHOOL               ,NY,10014-4960,Proprietary  ,34,56,90,34,56,90
04223200,GRACE INTERNATIONAL BEAUTY SCHOOL       ,NY,11355-2446,Proprietary  ,3,21,24,3,21,24
04223300,ALLIANCE COMPUTING SOLUTIONS            ,NY,11354-6507,Proprietary  ,5,5,10,5,5,10
04223800,ELECTRICAL TRAINING CENTER (THE)        ,NY,11726-2701,Proprietary  ,13,28,41,13,28,41
04225500,WESTCHESTER SCHOOL FOR DENTAL ASSISTANTS,NY,10606-1246,Proprietary  ,2,19,21,2,19,21
04227200,BET MEDRASH GADOL ATERET TORAH          ,NY,11223-1933,Private      ,2,1,3,2,1,3
04228300,PAUL MITCHELL THE SCHOOL                ,NY,12305-2303,Proprietary  ,31,23,54,31,23,54
04231500,YESHIVA SHOLOM SHACHNA                  ,NY,11230-2621,Private      ,1,0,1,1,0,1
04233700,CHRISTINE VALMY INTERNATIONAL SCHOOL FOR,NY,10016-7701,Proprietary  ,7,56,63,7,56,63
04234200,CENTER FOR ULTRASOUND RESEARCH & EDUCATI,NY,10801-5104,Proprietary  ,6,11,17,6,11,17
04234300,CULINARY TECH CENTER                    ,NY,10001-2320,Proprietary  ,37,83,120,37,83,120
04237500,DERMALOGICA ACADEMY                     ,NY,10011-2420,Proprietary  ,5,26,31,5,26,31
00267808,BRYANT & STRATTON COLLEGE - PARMA       ,OH,44130-0000,Proprietary  ,148,880,1028,148,880,1028
00301000,ANTIOCH UNIVERSITY                      ,OH,45387-1608,Private      ,136,265,401,136,265,401
00301100,ART ACADEMY OF CINCINNATI               ,OH,45202-7106,Private      ,263,92,355,263,92,355
00301200,ASHLAND UNIVERSITY                      ,OH,44805-3799,Private      ,2908,1034,3942,2908,1034,3942
00301300,ATHENAEUM OF OHIO                       ,OH,45230-2000,Private      ,1,8,9,1,8,9
00301400,BALDWIN-WALLACE COLLEGE                 ,OH,44017-2088,Private      ,3438,726,4164,3438,726,4164
00301600,BLUFFTON UNIVERSITY                     ,OH,45817-2104,Private      ,984,168,1152,984,168,1152
00301800,BOWLING GREEN STATE UNIVERSITY          ,OH,43403-0001,Public       ,14494,2777,17271,14494,2777,17271
00302300,CAPITAL UNIVERSITY                      ,OH,43209-2394,Private      ,3224,1130,4354,3224,1130,4354
00302400,CASE WESTERN RESERVE UNIV               ,OH,44106-0000,Private      ,9428,1042,10470,9428,1042,10470
00302401,CASE WESTERN RESERVE UNIV - MED         ,OH,44106-0000,Private      ,65,717,782,65,717,782
00302402,CASE WESTERN RESERVE UNIV - DENTAL      ,OH,44106-0000,Private      ,31,177,208,31,177,208
00302403,CASE WESTERN RESERVE UNIV - LAW         ,OH,44106-0000,Private      ,20,522,542,20,522,542
00302404,CASE WESTERN RESERVE UNIV - UG          ,OH,44106-0000,Private      ,126,19,145,126,19,145
00302405,CASE WESTERN RESERVE UNIV - MSASS       ,OH,44106-0000,Private      ,12,356,368,12,356,368
00302406,CASE WESTERN RESERVE UNIV - NURS UG     ,OH,44106-0000,Private      ,152,80,232,152,80,232
00302407,CASE WESTERN RESERVE UNIV - WSOM        ,OH,44106-0000,Private      ,9,71,80,9,71,80
00302408,CASE WESTERN RESERVE UNIV -A&S GRAD     ,OH,44106-0000,Private      ,4,123,127,4,123,127
00302409,CASE WESTERN RESERVE UNIV -ENG GRAD     ,OH,44106-0000,Private      ,21,38,59,21,38,59
00302410,CASE WESTERN RESERVE UNIV -NURS GRD     ,OH,44106-0000,Private      ,15,175,190,15,175,190
00302500,CEDARVILLE UNIVERSITY                   ,OH,45314-8564,Private      ,2994,246,3240,2994,246,3240
00302600,CENTRAL STATE UNIVERSITY                ,OH,45384-1004,Public       ,2083,655,2738,2083,655,2738
00302900,CINCINNATI CHRISTIAN UNIVERSITY         ,OH,45204-3200,Private      ,383,230,613,383,230,613
00303000,OHIO CHRISTIAN UNIVERSITY               ,OH,43113-9487,Private      ,530,1569,2099,530,1569,2099
00303100,CLEVELAND INSTITUTE OF MUSIC            ,OH,44106-1776,Private      ,385,286,671,385,286,671
00303200,CLEVELAND STATE UNIVERSITY              ,OH,44115-2214,Public       ,8168,5150,13318,8168,5150,13318
00303300,MOUNT ST. JOSEPH UNIVERSITY             ,OH,45233-1670,Private      ,1537,701,2238,1537,701,2238
00303500,OHIO DOMINICAN UNIVERSITY               ,OH,43219-2099,Private      ,1408,898,2306,1408,898,2306
00303600,FRANCISCAN UNIV OF STEUBENVILLE         ,OH,43952-1763,Private      ,1575,291,1866,1575,291,1866
00303700,COLLEGE OF WOOSTER                      ,OH,44691-2363,Private      ,2954,79,3033,2954,79,3033
00303900,COLUMBUS COLLEGE OF ART AND DESIGN      ,OH,43215-1758,Private      ,1061,267,1328,1061,267,1328
00304000,CUYAHOGA COMMUNITY COLLEGE              ,OH,44115-2878,Public       ,4372,6719,11091,4372,6719,11091
00304100,"DEFIANCE COLLEGE, THE                   ",OH,43512-1695,Private      ,848,117,965,848,117,965
00304200,DENISON UNIVERSITY                      ,OH,43023-1329,Private      ,3088,97,3185,3088,97,3185
00304400,TRINITY LUTHERAN SEMINARY               ,OH,43209-0000,Private      ,1,46,47,1,46,47
00304500,UNIVERSITY OF FINDLAY                   ,OH,45840-3695,Private      ,2679,671,3350,2679,671,3350
00304600,FRANKLIN UNIVERSITY                     ,OH,43215-5399,Private      ,484,3827,4311,484,3827,4311
00304800,HEIDELBERG UNIVERSITY                   ,OH,44883-2462,Private      ,1271,123,1394,1271,123,1394
00304900,HIRAM COLLEGE                           ,OH,44234-1808,Private      ,1131,152,1283,1131,152,1283
00305000,JOHN CARROLL UNIVERSITY                 ,OH,44118-4581,Private      ,3635,345,3980,3635,345,3980
00305100,KENT STATE UNIVERSITY                   ,OH,44242-0001,Public       ,19119,6004,25123,19119,6004,25123
00305101,KENT STATE UNIVERSITY - GEAUGA CAMPUS   ,OH,44021-9500,Public       ,429,444,873,429,444,873
00305102,KENT STATE UNIVERSITY - STARK CAMPUS    ,OH,44720-7599,Public       ,1700,1336,3036,1700,1336,3036
00305103,KENT STATE UNIVERSITY - TUSCARAWAS CAMPU,OH,44663-9403,Public       ,517,405,922,517,405,922
00305104,KENT STATE UNIVERSITY - TRUMBULL CAMPUS ,OH,44483-1998,Public       ,676,824,1500,676,824,1500
00305105,KENT STATE UNIVERSITY - ASHTABULA CAMPUS,OH,44004-2299,Public       ,475,694,1169,475,694,1169
00305106,KENT STATE UNIVERSITY - EAST LIVERPOOL C,OH,43920-3497,Public       ,209,317,526,209,317,526
00305107,KENT STATE UNIVERSITY - SALEM CAMPUS    ,OH,44460-9412,Public       ,536,460,996,536,460,996
00306500,KENYON COLLEGE                          ,OH,43022-9623,Private      ,3700,72,3772,3700,72,3772
00306600,LAKE ERIE COLLEGE                       ,OH,44077-3389,Private      ,844,168,1012,844,168,1012
00306800,LORAIN COUNTY COMMUNITY COLLEGE         ,OH,44035-1691,Public       ,1501,1929,3430,1501,1929,3430
00306900,LOURDES COLLEGE                         ,OH,43560-2898,Private      ,633,473,1106,633,473,1106
00307200,MALONE UNIVERSITY                       ,OH,44709-3897,Private      ,1347,483,1830,1347,483,1830
00307300,MARIETTA COLLEGE                        ,OH,45750-4033,Private      ,1670,171,1841,1670,171,1841
00307500,METHODIST THEOLOGICAL SCH IN OHIO       ,OH,43015-0000,Private      ,1,59,60,1,59,60
00307700,MIAMI UNIVERSITY                        ,OH,45056-1831,Public       ,19821,2615,22436,19821,2615,22436
00307800,WRIGHT STATE UNIVERSITY                 ,OH,45435-0002,Public       ,9247,5001,14248,9247,5001,14248
00308300,UNIVERSITY OF MOUNT UNION               ,OH,44601-3993,Private      ,2362,180,2542,2362,180,2542
00308400,MUSKINGUM UNIVERSITY                    ,OH,43762-1199,Private      ,1431,211,1642,1431,211,1642
00308500,NOTRE DAME COLLEGE OF OHIO              ,OH,44121-4293,Private      ,1532,572,2104,1532,572,2104
00308600,OBERLIN COLLEGE                         ,OH,44074-1090,Private      ,4351,123,4474,4351,123,4474
00308900,OHIO NORTHERN UNIVERSITY                ,OH,45810-1555,Private      ,2666,429,3095,2666,429,3095
00309000,OHIO STATE UNIVERSITY-ALL CAMPUSES      ,OH,43210-1358,Public       ,48217,14738,62955,48217,14738,62955
00310000,OHIO UNIVERSITY                         ,OH,45701-2979,Public       ,19412,5808,25220,19412,5808,25220
00310002,"OHIO UNIVERSITY, ZANESVILLE CAMPUS      ",OH,43701-0000,Public       ,748,559,1307,748,559,1307
00310003,"OHIO UNIVERSITY, LANCASTER CAMPUS       ",OH,43130-0000,Public       ,939,720,1659,939,720,1659
00310004,"OHIO UNIVERSITY, SOUTHERN CAMPUS        ",OH,45638-0000,Public       ,499,710,1209,499,710,1209
00310005,"OHIO UNIVERSITY, CHILLICOTHE CAMPUS     ",OH,45601-0000,Public       ,672,721,1393,672,721,1393
00310006,"OHIO UNIVERSITY, EASTERN CAMPUS         ",OH,43950-0000,Public       ,249,149,398,249,149,398
00310008,OHIO UNIV COLL OF OSTEOPATHIC MED       ,OH,45701-0000,Public       ,19,499,518,19,499,518
00310900,OHIO WESLEYAN UNIVERSITY                ,OH,43015-2398,Private      ,2523,118,2641,2523,118,2641
00311000,OTTERBEIN UNIVERSITY                    ,OH,43081-2006,Private      ,3108,502,3610,3108,502,3610
00311300,PONTIFICAL COLLEGE JOSEPHINUM           ,OH,43235-1498,Private      ,24,4,28,24,4,28
00311400,FIRELANDS REGIONAL MEDICAL CENTER - SOUT,OH,44870-4788,Private      ,36,64,100,36,64,100
00311500,RABBINICAL COLLEGE OF TELSHE            ,OH,44092-2584,Private      ,3,0,3,3,0,3
00311600,UNIV OF RIO GRANDE                      ,OH,45674-3131,Private      ,818,564,1382,818,564,1382
00311900,SINCLAIR COMMUNITY COLLEGE              ,OH,45402-1460,Public       ,3349,4184,7533,3349,4184,7533
00312100,TIFFIN UNIVERSITY                       ,OH,44883-2161,Private      ,1663,1196,2859,1663,1196,2859
00312200,UNITED THEOLOGICAL SEMINARY             ,OH,45406-0000,Private      ,0,239,239,0,239,239
00312300,UNIVERSITY OF AKRON                     ,OH,44325-6211,Public       ,16195,6362,22557,16195,6362,22557
00312500,UNIVERSITY OF CINCINNATI                ,OH,45221-0125,Public       ,20404,9087,29491,20404,9087,29491
00312504,UNIVERSITY OF CINCINNATI - MEDICINE     ,OH,45267-0553,Public       ,203,845,1048,203,845,1048
00312700,UNIVERSITY OF DAYTON                    ,OH,45469-0002,Private      ,11063,1437,12500,11063,1437,12500
00313100,UNIVERSITY OF TOLEDO                    ,OH,43606-3390,Public       ,11476,4301,15777,11476,4301,15777
00313300,URBANA UNIVERSITY                       ,OH,43078-2091,Private      ,424,257,681,424,257,681
00313400,URSULINE COLLEGE                        ,OH,44124-4398,Private      ,535,449,984,535,449,984
00313500,WALSH UNIVERSITY                        ,OH,44720-3396,Private      ,1943,602,2545,1943,602,2545
00314100,WILBERFORCE UNIVERSITY                  ,OH,45384-1001,Private      ,325,172,497,325,172,497
00314200,WILMINGTON COLLEGE                      ,OH,45177-2499,Private      ,1505,203,1708,1505,203,1708
00314300,WITTENBERG UNIVERSITY                   ,OH,45501-2199,Private      ,3401,193,3594,3401,193,3594
00314400,XAVIER UNIVERSITY                       ,OH,45207-1035,Private      ,6406,1193,7599,6406,1193,7599
00314500,YOUNGSTOWN STATE UNIVERSITY             ,OH,44555-0001,Public       ,6305,2745,9050,6305,2745,9050
00398200,CLEVELAND INSTITUTE OF ART              ,OH,44106-1700,Private      ,838,118,956,838,118,956
00406000,WINEBRENNER THEOLOGICAL SEMINARY        ,OH,45840-0000,Private      ,1,12,13,1,12,13
00485200,CLARK STATE COMMUNITY COLLEGE           ,OH,45505-4795,Public       ,785,1695,2480,785,1695,2480
00485300,BRADFORD SCHOOL                         ,OH,43219-0000,Proprietary  ,276,242,518,276,242,518
00485500,DAVIS COLLEGE                           ,OH,43623-4307,Proprietary  ,32,150,182,32,150,182
00486100,UNIVERSITY OF NORTHWESTERN OHIO         ,OH,45805-1498,Private      ,2892,708,3600,2892,708,3600
00486600,STAUTZENBERGER COLLEGE                  ,OH,43537-4007,Proprietary  ,126,265,391,126,265,391
00510200,SCH OF DIAGNOSTIC IMAGING-CLEVELAND     ,OH,44119-0000,Private      ,2,9,11,2,9,11
00531300,NORTH CENTRAL STATE COLLEGE             ,OH,44901-0000,Public       ,569,749,1318,569,749,1318
00575300,OWENS STATE COMMUNITY COLLEGE           ,OH,43699-0000,Public       ,1842,2226,4068,1842,2226,4068
00648700,AULTMAN COLLEGE OF NURSING AND HEALTH SC,OH,44710-1799,Private      ,104,196,300,104,196,300
00648900,CHRIST COLLEGE OF NURSING AND HEALTH SCI,OH,45219-2906,Private      ,254,364,618,254,364,618
00649400,GOOD SAMARITAN COLG-NURSING/HEALTH      ,OH,45220-2489,Private      ,168,222,390,168,222,390
00650700,TRINIT HEALTH SYSTEM SCH OF NURSING     ,OH,43952-2667,Private      ,35,56,91,35,56,91
00680400,LAKELAND COMMUNITY COLLEGE              ,OH,44094-5198,Public       ,1146,1671,2817,1146,1671,2817
00686700,COLUMBUS STATE COMMUNITY COLLEGE        ,OH,43215-1786,Public       ,6084,7316,13400,6084,7316,13400
00703500,KETTERING COLLEGE OF MEDICAL ARTS       ,OH,45429-1299,Private      ,336,343,679,336,343,679
00708500,MOUNT VERNON NAZARENE UNIVERSITY        ,OH,43050-9500,Private      ,1075,390,1465,1075,390,1465
00708501,MOUNT VERNON NAZARENE UNIV - AGS        ,OH,43050-0000,Private      ,43,137,180,43,137,180
00727500,EASTERN GATEWAY COMMUNITY COLLEGE       ,OH,43952-3598,Public       ,449,748,1197,449,748,1197
00732920,ITT TECHNICAL INSTITUTE                 ,OH,45414-3456,Proprietary  ,87,367,454,87,367,454
00732992,ITT TECHNICAL INSTITUTE                 ,OH,44509-4098,Proprietary  ,149,551,700,149,551,700
00759800,HOCKING TECHNICAL COLLEGE               ,OH,45764-9582,Public       ,1273,790,2063,1273,790,2063
00812900,ADULT AND COMMUNITY EDUCATION @ HUDSON  ,OH,43211-2017,Public       ,16,115,131,16,115,131
00813200,TOLEDO SCHOOL OF PRACTICAL NURSING      ,OH,43613-5110,Public       ,48,142,190,48,142,190
00813300,ZANE STATE COLLEGE                      ,OH,43701-2626,Public       ,551,515,1066,551,515,1066
00819400,AKRON SCHOOL OF PRACTICAL NRSG          ,OH,44311-0000,Public       ,93,95,188,93,95,188
00827800,TERRA COMMUNITY COLLEGE                 ,OH,43420-9670,Public       ,286,413,699,286,413,699
00867700,NORTHWEST STATE COMMUNITY COLLEGE       ,OH,43502-9542,Public       ,494,535,1029,494,535,1029
00888600,PORTAGE LAKES CAREER CENTER             ,OH,44685-9554,Public       ,11,32,43,11,32,43
00915600,WAYNE COUNTY SCHOOLS CAREER CENTER      ,OH,44677-9672,Public       ,20,53,73,20,53,73
00941200,FORTIS COLLEGE                          ,OH,44221-2998,Proprietary  ,48,264,312,48,264,312
00953000,GERBER AKRON BEAUTY SCHOOL              ,OH,44313-6995,Proprietary  ,13,48,61,13,48,61
00953100,SPA SCHOOL (THE)                        ,OH,43214-1524,Proprietary  ,24,66,90,24,66,90
00966000,TIFFIN ACADEMY OF HAIR DESIGN           ,OH,44883-2833,Proprietary  ,11,11,22,11,11,22
00982805,EVEREST INSTITUTE - COLUMBUS            ,OH,43230-6653,Proprietary  ,14,84,98,14,84,98
00994100,BELMONT TECHNICAL COLLEGE               ,OH,43950-9766,Public       ,223,227,450,223,227,450
00994200,SHAWNEE STATE UNIVERSITY                ,OH,45662-4344,Public       ,2551,828,3379,2551,828,3379
01001700,PAYNE THEOLOGICAL SEMINARY              ,OH,45384-0474,Private      ,0,37,37,0,37,37
01002700,JAMES A. RHODES STATE COLLEGE           ,OH,45804-3597,Public       ,738,597,1335,738,597,1335
01016800,NATIONWIDE BEAUTY ACADEMY               ,OH,43228-1000,Proprietary  ,28,80,108,28,80,108
01028000,OHIO STATE BEAUTY ACADEMY               ,OH,45801-0000,Proprietary  ,36,30,66,36,30,66
01032300,HANNAH E MULLINS SCH-PRAC NRSG          ,OH,44460-2906,Public       ,5,24,29,5,24,29
01034500,CINCINNATI STATE TECH & COMM CLG        ,OH,45223-2690,Public       ,2189,3831,6020,2189,3831,6020
01045300,WASHINGTON STATE CMTY COLLEGE           ,OH,45750-9225,Public       ,363,303,666,363,303,666
01063000,NORTHERN INSTITUTE OF COSMETOLOGY       ,OH,44052-1803,Proprietary  ,5,11,16,5,11,16
01073600,MARION TECHNICAL COLLEGE                ,OH,43302-5694,Public       ,413,646,1059,413,646,1059
01088000,CHATFIELD COLLEGE                       ,OH,45118-9705,Private      ,48,101,149,48,101,149
01088100,STARK STATE COLLEGE                     ,OH,44720-7299,Public       ,1504,3001,4505,1504,3001,4505
01090600,CINCINNATI CLG OF MORTUARY SCIENCE      ,OH,45224-1428,Private      ,47,64,111,47,64,111
01092300,UNION INSTITUTE & UNIVERSITY            ,OH,45206-1925,Private      ,21,564,585,21,564,585
01099300,HOBART INSTITUTE OF WELDING TECHNOLOGY  ,OH,45373-2400,Private      ,275,106,381,275,106,381
01104600,CENTRAL OHIO TECHNICAL COLLEGE          ,OH,43055-1767,Public       ,850,1785,2635,850,1785,2635
01170300,PENTA COUNTY JOINT VOCATIONAL SCH       ,OH,43551-0000,Public       ,8,18,26,8,18,26
01174400,NATIONAL BEAUTY COLLEGE                 ,OH,44720-0000,Proprietary  ,15,40,55,15,40,55
01174500,OHIO TECHNICAL COLLEGE                  ,OH,44103-1228,Proprietary  ,745,377,1122,745,377,1122
01216600,CAROUSEL BEAUTY COLLEGE                 ,OH,45402-8935,Proprietary  ,18,44,62,18,44,62
01216603,CAROUSEL BEAUTY COLLEGE - OF MIAMI VALLE,OH,45424-2063,Proprietary  ,2,9,11,2,9,11
01224800,CENTRAL SCHOOL OF PRACTICAL NURSING     ,OH,44131-2155,Private      ,15,81,96,15,81,96
01267200,CAROUSEL BEAUTY COLLEGE                 ,OH,45044-5113,Proprietary  ,2,5,7,2,5,7
01275000,EDISON COMMUNITY COLLEGE                ,OH,45356-9239,Public       ,423,642,1065,423,642,1065
01283800,LAURA AND ALVIN SIEGAL COLLEGE OF JUDAIC,OH,44122-7197,Private      ,2,4,6,2,4,6
01284800,MOLER-HOLLYWOOD BEAUTY COLLEGE          ,OH,45202-2577,Proprietary  ,8,25,33,8,25,33
01287000,SOUTHERN STATE COMMUNITY COLLEGE        ,OH,45133-9406,Public       ,389,492,881,389,492,881
01289100,ANTONELLI COLLEGE                       ,OH,45202-2592,Proprietary  ,41,143,184,41,143,184
01289600,VIRGINIA MARTI COLLEGE OF ART AND DESIGN,OH,44107-0778,Proprietary  ,46,48,94,46,48,94
01303922,SOUTH UNIVERSITY - CLEVELAND            ,OH,44128-5919,Proprietary  ,24,171,195,24,171,195
01313200,INTERNATIONAL CLG OF BROADCASTING       ,OH,45431-1898,Proprietary  ,16,40,56,16,40,56
02052000,KAPLAN COLLEGE                          ,OH,45439-1984,Proprietary  ,59,391,450,59,391,450
02054300,TRUMBULL BUSINESS COLLEGE               ,OH,44484-0000,Proprietary  ,11,78,89,11,78,89
02056800,DAYMAR COLLEGE                          ,OH,45601-1038,Proprietary  ,5,29,34,5,29,34
02056802,DAYMAR COLLEGE - LANCASTER              ,OH,43130-0000,Proprietary  ,5,46,51,5,46,51
02056803,DAYMAR COLLEGE - NEW BOSTON             ,OH,45662-4900,Proprietary  ,4,21,25,4,21,25
02056804,DAYMAR COLLEGE - JACKSON                ,OH,45640-1728,Proprietary  ,1,13,14,1,13,14
02066100,OHIO STATE COLLEGE/BARBER STYLING       ,OH,43213-0000,Proprietary  ,65,109,174,65,109,174
02073300,GALLIA-JACKSON-VINTON SCH ADULT ED      ,OH,45674-0000,Public       ,30,66,96,30,66,96
02110700,CLEVELAND INST OF DENTAL-MED ASST       ,OH,44115-2285,Proprietary  ,37,126,163,37,126,163
02116009,SANFORD-BROWN COLLEGE - MIDDLEBURG HEIGH,OH,44130-8362,Proprietary  ,1,12,13,1,12,13
02116900,UPPER VALLEY JVS                        ,OH,45356-0000,Public       ,15,70,85,15,70,85
02117300,GREAT OAKS INSTITUTE OF TECHNOLOGY      ,OH,45241-1581,Public       ,58,223,281,58,223,281
02128600,THE ART INSTITUTE OF CINCINNATI         ,OH,45246-0000,Proprietary  ,221,117,338,221,117,338
02140700,CANTON CITY SCHOOLS ADULT CAREER & TECH ,OH,44702-1710,Public       ,15,56,71,15,56,71
02158417,"HARRISON COLLEGE - COLUMBUS, OH         ",OH,43123-0000,Proprietary  ,29,225,254,29,225,254
02158500,OHIO BUSINESS COLLEGE                   ,OH,44035-0701,Proprietary  ,19,174,193,19,174,193
02158501,OHIO BUSINESS COLLEGE                   ,OH,44870-9953,Proprietary  ,17,80,97,17,80,97
02158503,OHIO BUSINESS COLLEGE - COLUMBUS        ,OH,43229-3523,Proprietary  ,54,174,228,54,174,228
02158504,OHIO BUSINESS COLLEGE - DAYTON          ,OH,45417-4094,Proprietary  ,12,48,60,12,48,60
02168100,TRI-COUNTY JOINT VOCATIONAL SCHOOL      ,OH,45764-0000,Public       ,10,37,47,10,37,47
02187900,ASHTABULA CO JOINT VOC SCH ADULT ED     ,OH,44047-0000,Public       ,4,31,35,4,31,35
02189000,MID-EAST CAREER & TECH CENTERS-ADULT ED ,OH,43701-4600,Public       ,50,89,139,50,89,139
02190700,FORTIS COLLEGE                          ,OH,45459-0000,Proprietary  ,57,637,694,57,637,694
02192100,BUTLER TECHNOLOGY AND CAREER DEVELOPMENT,OH,45011-0000,Public       ,74,158,232,74,158,232
02196300,COLLINS CAREER CENTER                   ,OH,45619-0000,Public       ,79,192,271,79,192,271
02210800,MEDINA COUNTY CAREER CENTER             ,OH,44256-0000,Public       ,7,25,32,7,25,32
02220500,GOD'S BIBLE SCHOOL & COLLEGE            ,OH,45210-0000,Private      ,50,28,78,50,28,78
02220800,CAREER & TECHNOLOGY EDUCATION CENTERS OF,OH,43055-0000,Public       ,54,118,172,54,118,172
02239800,PIONEER CAREER & TECHNOLOGY CENTER      ,OH,44875-9704,Public       ,5,12,17,5,12,17
02245600,WARREN COUNTY CAREER CENTER             ,OH,45036-0000,Public       ,19,58,77,19,58,77
02246300,INSTITUTE OF MEDICAL-DENTAL TECH        ,OH,45246-3317,Proprietary  ,42,185,227,42,185,227
02263700,MIAMI VALLEY CAREER TECHNOLOGY CTR      ,OH,45315-0000,Public       ,32,122,154,32,122,154
02269400,EASTERN HILLS ACAD OF HAIR DESIGN       ,OH,45255-0000,Proprietary  ,4,13,17,4,13,17
02269500,WESTERN HILLS SCHOOL OF BEAUTY & HAIR DE,OH,45211-0000,Proprietary  ,13,54,67,13,54,67
02272700,COLUMBIANA COUNTY CAREER CENTER         ,OH,44432-0000,Public       ,10,35,45,10,35,45
02287900,RAPHAEL'S SCHOOL OF BEAUTY CULTURE      ,OH,44446-0000,Proprietary  ,17,31,48,17,31,48
02301400,OHIO VALLEY COLLEGE OF TECHNOLOGY       ,OH,43920-9139,Proprietary  ,25,39,64,25,39,64
02304700,TRI-RIVERS CAREER CENTER                ,OH,43302-0000,Public       ,22,107,129,22,107,129
02311200,AMERICAN SCHOOL OF TECHNOLOGY           ,OH,43229-0000,Proprietary  ,30,129,159,30,129,159
02315500,TOLEDO ACADEMY OF BEAUTY CULTURE - EAST ,OH,43616-0000,Proprietary  ,5,27,32,5,27,32
02324400,ALLSTATE HAIRSTYLING & BARBER CLG       ,OH,44113-0000,Proprietary  ,27,103,130,27,103,130
02328500,MOLER-PICKENS BEAUTY COLLEGE            ,OH,45014-0000,Proprietary  ,3,11,14,3,11,14
02334300,EMPIRE BEAUTY SCHOOL                    ,OH,45239-3926,Proprietary  ,18,41,59,18,41,59
02336300,KNOX COUNTY CAREER CENTER               ,OH,43050-4298,Public       ,21,92,113,21,92,113
02336700,CUYAHOGA VALLEY CAREER CENTER           ,OH,44141-1296,Public       ,21,64,85,21,64,85
02337700,PROFESSIONAL SKILLS INSTITUTE           ,OH,43607-0000,Proprietary  ,34,180,214,34,180,214
02351500,WILLOUGHBY EASTLAKE SCH OF PRAC NSG     ,OH,44094-0000,Public       ,10,41,51,10,41,51
02352800,POLARIS CAREER CENTER-ADULT ED DEPT     ,OH,44130-0000,Public       ,22,96,118,22,96,118
02354200,SCIOTO COUNTY JOINT VOCATIONAL SCH      ,OH,45648-0000,Public       ,36,71,107,36,71,107
02454400,NORTHEAST OHIO MEDICAL UNIVERSITY       ,OH,44272-9621,Public       ,118,777,895,118,777,895
02497800,GREENE COUNTY CAREER CENTER             ,OH,45385-0000,Public       ,10,16,26,10,16,26
02519300,OHIO STATE SCH COSMETOLOGY              ,OH,43110-2754,Proprietary  ,26,58,84,26,58,84
02522700,EASTLAND-FAIRFIELD CAREER AND TECHNICAL ,OH,43125-0000,Public       ,16,62,78,16,62,78
02528300,TDDS TECHNICAL INSTITUTE                ,OH,44429-0000,Proprietary  ,13,96,109,13,96,109
02529500,HAMRICK SCHOOL                          ,OH,44256-0000,Proprietary  ,3,37,40,3,37,40
02545800,INNER STATE BEAUTY SCHOOLS              ,OH,44124-0000,Proprietary  ,5,44,49,5,44,49
02553000,SCHOOL OF ADVERTISING ART               ,OH,45440-0000,Proprietary  ,185,19,204,185,19,204
02560000,CASAL AVEDA INSTITUTE                   ,OH,44515-0000,Proprietary  ,49,53,102,49,53,102
02560700,PICKAWAY ROSS CO JOINT VOC TECH SCH     ,OH,45601-0000,Public       ,30,110,140,30,110,140
02562300,APOLLO CAREER CENTER-ADULT EDUC         ,OH,45806-0000,Public       ,26,92,118,26,92,118
02563000,RAPHAELS SCHOOL OF BEAUTY CULTURE       ,OH,44601-2847,Proprietary  ,6,25,31,6,25,31
02568600,MAHONING COUNTY CAREER & TECH CENTR     ,OH,44406-0000,Public       ,15,27,42,15,27,42
02582900,KAPLAN CAREER INSTITUTE                 ,OH,44129-6810,Proprietary  ,6,54,60,6,54,60
02586400,TRUMBULL CAREER & TECH CENTER-ADULT     ,OH,44483-1997,Public       ,12,45,57,12,45,57
02588500,OHIO STATE SCHOOL OF COSMETOLOGY        ,OH,43081-0000,Proprietary  ,35,52,87,35,52,87
02599711,VATTEROTT COLLEGE - CLEVELAND           ,OH,44147-3502,Proprietary  ,7,43,50,7,43,50
02603800,LORAIN COUNTY JVS ADULT CAREER CTR      ,OH,44074-9799,Public       ,17,54,71,17,54,71
02611007,HERITAGE COLLEGE - COLUMBUS             ,OH,43213-4440,Proprietary  ,69,277,346,69,277,346
02620000,SANDUSKY CAREER CENTER                  ,OH,44870-4786,Public       ,8,27,35,8,27,35
03007900,GALLIPOLIS CAREER COLLEGE               ,OH,45631-2600,Proprietary  ,4,3,7,4,3,7
03015100,ALLIANCE HIGH SCH-CMTY SERVICES DIV     ,OH,44601-2899,Public       ,3,14,17,3,14,17
03015300,EHOVE CAREER CENTER                     ,OH,44846-9500,Public       ,27,101,128,27,101,128
03023700,MADISON ADULT CAREER CENTER             ,OH,44905-2718,Public       ,18,57,75,18,57,75
03024300,VALLEY BEAUTY SCHOOL                    ,OH,43725-2332,Proprietary  ,2,3,5,2,3,5
03026511,REMINGTON COLLEGE - CLEVELAND           ,OH,44125-1957,Private      ,52,191,243,52,191,243
03027100,FAIRVIEW ACADEMY                        ,OH,44126-2214,Proprietary  ,4,13,17,4,13,17
03034200,WASHINGTON COUNTY CAREER CENTER ADULT TE,OH,45750-9290,Public       ,38,89,127,38,89,127
03035801,HERITAGE INSTITUTE - HERITAGE COLLEGE/CL,OH,44130-3304,Proprietary  ,2,32,34,2,32,34
03051400,AUBURN CAREER CENTER                    ,OH,44077-9723,Public       ,14,71,85,14,71,85
03051500,US GRANT JOINT VOCATIONAL SCHOOL        ,OH,45106-9502,Public       ,3,5,8,3,5,8
03065900,BUCKEYE CAREER CENTER                   ,OH,44663-9437,Public       ,22,51,73,22,51,73
03067600,RAPHAEL'S SCHOOL OF BEAUTY CULTURE      ,OH,44512-2222,Proprietary  ,7,20,27,7,20,27
03068200,OHIO CENTER FOR BROADCASTING            ,OH,44125-6273,Proprietary  ,13,25,38,13,25,38
03068202,OHIO CENTER FOR BROADCASTING - COLUMBUS ,OH,43213-2571,Proprietary  ,29,55,84,29,55,84
03071900,MOUNT CARMEL COLLEGE OF NURSING         ,OH,43222-1598,Private      ,489,394,883,489,394,883
03078000,OHIO CENTER FOR BROADCASTING            ,OH,45227-1509,Proprietary  ,15,46,61,15,46,61
03079000,ETI TECHNICAL COLLEGE                   ,OH,44446-4398,Proprietary  ,14,57,71,14,57,71
03084800,DELAWARE AREA CAREER CENTER             ,OH,43015-8969,Public       ,7,15,22,7,15,22
03084801,DELAWARE AREA CAREER CENTER -           ,OH,43015-9001,Public       ,2,7,9,2,7,9
03095600,VANTAGE CAREER CENTER                   ,OH,45891-1378,Public       ,4,26,30,4,26,30
03097000,MERCY COLLEGE OF OHIO                   ,OH,43604-1132,Private      ,330,594,924,330,594,924
03100100,PARAMOUNT BEAUTY ACADEMY                ,OH,45662-4136,Proprietary  ,10,31,41,10,31,41
03116200,DAYTON BARBER COLLEGE                   ,OH,45342-4196,Proprietary  ,2,19,21,2,19,21
03116300,OHIO COLLEGE OF MASSOTHERAPY            ,OH,44321-1363,Private      ,13,39,52,13,39,52
03116400,VANGUARD-SENTINELL VOC SCH DISTRICT     ,OH,43420-1197,Public       ,3,17,20,3,17,20
03117000,ASHLAND COUNTY-W HOLMES CAREER CTR      ,OH,44805-0000,Public       ,3,21,24,3,21,24
03319300,CREATIVE IMAGES-A CERTIFIED MATRIX      ,OH,45414-2557,Proprietary  ,28,57,85,28,57,85
03319301,CREATIVE IMAGES-A CERTIFIED MATRIX      ,OH,45459-0000,Proprietary  ,22,45,67,22,45,67
03425300,ROSEDALE BIBLE COLLEGE                  ,OH,43029-9517,Private      ,23,2,25,23,2,25
03457300,ALLEGHENY WESLEYAN COLLEGE              ,OH,44460-9598,Private      ,17,7,24,17,7,24
03468400,NATIONAL INSTITUTE OF MASSOTHERAPY      ,OH,44319-2100,Proprietary  ,5,30,35,5,30,35
03468500,ATS INSTITUTE OF TECHNOLOGY             ,OH,44143-2216,Proprietary  ,16,142,158,16,142,158
03475400,TRI-STATE BIBLE COLLEGE                 ,OH,45680-8402,Private      ,3,10,13,3,10,13
03534400,AMERICAN INST OF ALTERNATIVE MEDICI     ,OH,43229-1113,Proprietary  ,32,276,308,32,276,308
03583300,OHIO INSTITUTE OF ALLIED HEALTH         ,OH,45424-3646,Private      ,0,44,44,0,44,44
03626300,BROWN AVEDA INSTITUTE                   ,OH,44060-6212,Proprietary  ,57,111,168,57,111,168
03700300,REGENCY BEAUTY INSTITUTE - CLEVELAND    ,OH,44094-0000,Proprietary  ,41,103,144,41,103,144
03726300,TEMPLE BAPTIST COLLEGE                  ,OH,45240-0000,Private      ,1,8,9,1,8,9
03747300,BEXLEY HALL SEMINARY                    ,OH,43209-2325,Private      ,1,17,18,1,17,18
03776400,HEALING ARTS INSTITUTE                  ,OH,43551-3138,Proprietary  ,7,14,21,7,14,21
03837300,AVEDA FREDRIC'S INSTITUTE               ,OH,45208-1304,Proprietary  ,45,74,119,45,74,119
04051307,ART INSTITUTE OF PHOENIX (THE) - BROWN M,OH,45215-1107,Proprietary  ,48,208,256,48,208,256
04051308,ART INSTITUTE OF PHOENIX (THE) - BROWN M,OH,44320-4420,Proprietary  ,43,156,199,43,156,199
04051317,ART INSTITUTE OF PHOENIX (THE) - BROWN M,OH,45840-6848,Proprietary  ,119,658,777,119,658,777
04051326,ART INSTITUTE OF PHOENIX (THE) - BROWN M,OH,44718-3674,Proprietary  ,20,105,125,20,105,125
04068300,FOUR COUNTY CAREER CENTER               ,OH,43512-9541,Public       ,2,16,18,2,16,18
04074300,HONDROS COLLEGE                         ,OH,43081-3855,Proprietary  ,151,1151,1302,151,1151,1302
04117300,DAYTON SCHOOL OF MEDICAL MASSAGE        ,OH,45429-1111,Proprietary  ,39,102,141,39,102,141
04118300,NORTHCOAST MEDICAL TRAINING ACADEMY     ,OH,44240-4174,Proprietary  ,20,38,58,20,38,58
04124500,TECHSKILLS                              ,OH,43231-0000,Proprietary  ,17,92,109,17,92,109
04126000,OHIO ACADEMY PAUL MITCHELL PARTNER SCHOO,OH,44087-3107,Proprietary  ,32,54,86,32,54,86
04137800,AVEDA INSTITUTE COLUMBUS                ,OH,43201-2333,Proprietary  ,104,120,224,104,120,224
04138000,INSTITUTE OF THERAPEUTIC MASSAGE        ,OH,45875-0350,Proprietary  ,5,7,12,5,7,12
04149100,PAUL MITCHELL THE SCHOOL CINCINNATI     ,OH,45241-1702,Proprietary  ,45,70,115,45,70,115
04149101,PAUL MITCHELL THE SCHOOL CINCINNATI - TO,OH,43560-2539,Proprietary  ,19,35,54,19,35,54
04151400,VANITY SCHOOL OF COSMETOLOGY            ,OH,44035-0000,Proprietary  ,8,19,27,8,19,27
04152100,TOLEDO RESTAURANT TRAINING CENTER       ,OH,43604-6508,Private      ,3,25,28,3,25,28
04152600,PIKE COUNTY CAREER TECHNOLOGY CENTER    ,OH,45661-9114,Public       ,2,9,11,2,9,11
04153300,OHIO ACADEMY COLUMBUS (THE)             ,OH,43231-6038,Proprietary  ,51,63,114,51,63,114
04166800,SALON PROFESSIONAL ACADEMY (THE)        ,OH,45551-0000,Proprietary  ,14,16,30,14,16,30
04167700,ARTISAN COLLEGE OF COSMETOLOGY (THE)    ,OH,45840-6848,Proprietary  ,7,13,20,7,13,20
04177300,OHIO MEDICAL CAREER COLLEGE             ,OH,45417-4094,Proprietary  ,40,179,219,40,179,219
04185900,ELITE SCHOOL OF COSMETOLOGY             ,OH,44857-2714,Proprietary  ,2,18,20,2,18,20
04189100,TONI & GUY HAIRDRESSING ACADEMY         ,OH,43615-1731,Proprietary  ,13,25,38,13,25,38
04192200,ATHENA CAREER ACADEMY                   ,OH,43560-2796,Proprietary  ,14,124,138,14,124,138
04206700,ELITE WELDING ACADEMY                   ,OH,45246-1013,Proprietary  ,26,28,54,26,28,54
04220900,NATIONAL PERSONAL TRAINING INSTITUTE OF ,OH,43235-5739,Proprietary  ,9,37,46,9,37,46
04224300,VALOR CHRISTIAN COLLEGE                 ,OH,43216-0800,Private      ,49,126,175,49,126,175
04225700,LABARBERIA INSTITUTE OF HAIR            ,OH,44106-1923,Proprietary  ,9,38,47,9,38,47
        ,INVALID SCHOOL CODE                     ,  ,00000-0000,,197,685,882,197,685,882
00134500,ADAMS STATE COLLEGE                     ,CO,81102-2373,Public       ,1673,733,2406,1673,733,2406
00134600,ARAPAHOE COMMUNITY COLLEGE              ,CO,80160-9002,Public       ,1204,1737,2941,1204,1737,2941
00134700,COLORADO COLLEGE                        ,CO,80903-3294,Private      ,2819,393,3212,2819,393,3212
00134800,COLORADO SCHOOL OF MINES                ,CO,80401-1887,Public       ,5915,769,6684,5915,769,6684
00134900,UNIVERSITY OF NORTHERN COLORADO         ,CO,80639-0001,Public       ,8361,2461,10822,8361,2461,10822
00135000,COLORADO STATE UNIVERSITY               ,CO,80523-0100,Public       ,20013,5551,25564,20013,5551,25564
00135200,DENVER  SEMINARY                        ,CO,80120-2192,Private      ,5,254,259,5,254,259
00135300,FORT LEWIS COLLEGE                      ,CO,81301-3999,Public       ,3122,750,3872,3122,750,3872
00135400,ILIFF SCHOOL OF THEOLOGY                ,CO,80210-0000,Private      ,7,173,180,7,173,180
00135500,LAMAR COMMUNITY COLLEGE                 ,CO,81052-3999,Public       ,192,71,263,192,71,263
00135800,COLORADO MESA UNIVERSITY                ,CO,81501-3122,Public       ,4977,1296,6273,4977,1296,6273
00135900,COLORADO NORTHWESTERN COMMUNITY COLLEGE ,CO,81648-3598,Public       ,245,114,359,245,114,359
00136000,METROPOLITAN STATE UNIVERSITY OF DENVER ,CO,80204-3362,Public       ,6456,5806,12262,6456,5806,12262
00136100,NORTHEASTERN JUNIOR COLLEGE             ,CO,80751-2399,Public       ,576,146,722,576,146,722
00136200,OTERO JUNIOR COLLEGE                    ,CO,81050-3346,Public       ,282,156,438,282,156,438
00136300,REGIS UNIVERSITY                        ,CO,80221-1099,Private      ,3067,3178,6245,3067,3178,6245
00136500,COLORADO STATE UNIVERSITY-PUEBLO        ,CO,81001-4901,Public       ,4795,1414,6209,4795,1414,6209
00136800,TRINIDAD STATE JR COLLEGE               ,CO,81082-2396,Public       ,339,242,581,339,242,581
00137000,UNIVERSITY OF COLORADO-BOULDER          ,CO,80309-0077,Public       ,23620,5517,29137,23620,5517,29137
00137100,UNIVERSITY OF DENVER                    ,CO,80208-2000,Private      ,9253,6221,15474,9253,6221,15474
00137200,WESTERN STATE COLORADO UNIVERSITY       ,CO,81231-0000,Public       ,1773,284,2057,1773,284,2057
00405702,NATIONAL AMERICAN UNIVERSITY - COLORADO ,CO,80920-4001,Proprietary  ,14,121,135,14,121,135
00405703,NATIONAL AMERICAN UNIVERSITY            ,CO,80222-0000,Proprietary  ,8,78,86,8,78,86
00450300,EVEREST COLLEGE                         ,CO,80916-3548,Proprietary  ,35,249,284,35,249,284
00450600,COLORADO MOUNTAIN COLLEGE               ,CO,81602-0000,Public       ,1065,713,1778,1065,713,1778
00450700,EVEREST COLLEGE                         ,CO,80229-4339,Proprietary  ,27,101,128,27,101,128
00450701,"EVEREST COLLEGE- EVEREST COLLEGE, AURORA",CO,80012-5692,Proprietary  ,24,106,130,24,106,130
00450800,UNIVERSITY OF COLORADO DENVER           ,CO,80204-2029,Public       ,7557,7394,14951,7557,7394,14951
00450900,UNIV OF COLORADO AT COLO SPRINGS        ,CO,80918-3735,Public       ,7657,3398,11055,7657,3398,11055
00559600,EMILY GRIFFITH OPPORTUNITY SCH          ,CO,80204-2197,Public       ,306,522,828,306,522,828
00729700,REDSTONE COLLEGE                        ,CO,80020-9988,Proprietary  ,51,195,246,51,195,246
00732912,ITT TECHNICAL INSTITUTE                 ,CO,80229-5338,Proprietary  ,41,185,226,41,185,226
00754800,WESTWOOD COLLEGE - DENVER NORTH         ,CO,80221-3653,Proprietary  ,47,278,325,47,278,325
00754801,WESTWOOD COLLEGE - DENVER SOUTH         ,CO,80227-3653,Proprietary  ,33,220,253,33,220,253
00758200,AIMS COMMUNITY COLLEGE                  ,CO,80632-0000,Public       ,977,1139,2116,977,1139,2116
00764900,ROCKY MOUNTAIN COLG OF ART & DESIGN     ,CO,80214-0000,Proprietary  ,402,447,849,402,447,849
00793300,FRONT RANGE COMMUNITY COLLEGE           ,CO,80031-2199,Public       ,2948,3794,6742,2948,3794,6742
00793806,LINCOLN COLLEGE OF TECHNOLOGY - DENVER  ,CO,80239-3006,Proprietary  ,348,285,633,348,285,633
00863500,INTELLITEC MEDICAL INSTITUTE            ,CO,80909-0000,Proprietary  ,21,126,147,21,126,147
00887100,CONCORDE CAREER INSTITUTE               ,CO,80203-0000,Proprietary  ,87,392,479,87,392,479
00889600,PIKES PEAK COMMUNITY COLLEGE            ,CO,80906-5498,Public       ,1899,3529,5428,1899,3529,5428
00940100,COLORADO CHRISTIAN UNIVERSITY           ,CO,80226-7449,Private      ,1367,1714,3081,1367,1714,3081
00954200,COMMUNITY COLLEGE OF DENVER             ,CO,80217-2026,Public       ,2703,3183,5886,2703,3183,5886
00954300,RED ROCKS COMMUNITY COLLEGE             ,CO,80228-1255,Public       ,1298,1656,2954,1298,1656,2954
00998100,MORGAN COMMUNITY COLLEGE                ,CO,80701-4399,Public       ,176,203,379,176,203,379
01014800,COLORADO TECHNICAL UNIVERSITY           ,CO,80907-3896,Proprietary  ,181,1487,1668,181,1487,1668
01014802,COLORADO TECHNICAL UNIV - DENVER        ,CO,80111-3201,Proprietary  ,53,310,363,53,310,363
01014805,COLORADO TECH UNIV - ON LINE            ,CO,80907-0000,Proprietary  ,472,12156,12628,472,12156,12628
01014812,COLORADO TECHNICAL UNIVERSITY - WESTMINS,CO,80021-3498,Proprietary  ,25,136,161,25,136,161
01157200,COLORADO SCHOOL OF TRADES               ,CO,80215-2996,Proprietary  ,35,86,121,35,86,121
01267000,BEL-REA INST OF ANIMAL TECH             ,CO,80247-3048,Proprietary  ,138,179,317,138,179,317
01285000,INTERNATIONAL SALON AND SPA ACADEMY     ,CO,80918-3684,Proprietary  ,11,63,74,11,63,74
01287500,PICKENS TECHNICAL COLLEGE               ,CO,80011-9307,Public       ,166,209,375,166,209,375
01300700,NAZARENE BIBLE COLLEGE                  ,CO,80910-3704,Private      ,23,183,206,23,183,206
02078900,ART INSTITUTE OF COLORADO (THE)         ,CO,80203-2983,Proprietary  ,616,481,1097,616,481,1097
02116300,PUEBLO COMMUNITY COLLEGE                ,CO,81004-0000,Public       ,775,1467,2242,775,1467,2242
02117500,NAROPA UNIVERSITY                       ,CO,80302-0000,Private      ,277,721,998,277,721,998
02156200,DELTA - MONTROSE TECHNICAL COLLEGE      ,CO,81416-0000,Public       ,24,46,70,24,46,70
02165200,SALON PROFESSIONAL ACADEMY (THE)        ,CO,81504-5309,Proprietary  ,25,23,48,25,23,48
02211901,CHEEKS INTERNATIONAL ACADEMY OF BEAUTY C,CO,80525-3053,Proprietary  ,11,11,22,11,11,22
02211902,CHEEKS INTERNATIONAL ACDMY BTY CULT     ,CO,80631-0000,Proprietary  ,10,10,20,10,10,20
02253700,INTELLITEC COLLEGE                      ,CO,80909-0000,Proprietary  ,41,142,183,41,142,183
02267500,GLENWOOD BEAUTY ACADEMY                 ,CO,81601-0000,Proprietary  ,5,11,16,5,11,16
02276900,COMMUNITY COLLEGE OF AURORA             ,CO,80011-9036,Public       ,1222,1784,3006,1222,1784,3006
02296004,PRINCE INSTITUTE - SOUTHEAST - PRINCE IN,CO,80031-2943,Proprietary  ,0,7,7,0,7,7
02518500,HAIR DYNAMICS EDUCATION CENTER          ,CO,80525-0000,Proprietary  ,27,30,57,27,30,57
02594300,COLLEGE AMERICA - DENVER                ,CO,80222-3380,Proprietary  ,60,353,413,60,353,413
02611000,HERITAGE COLLEGE                        ,CO,80212-7413,Proprietary  ,37,107,144,37,107,144
03006300,INST OF BUSINESS & MEDICAL CAREERS      ,CO,80525-3044,Proprietary  ,78,411,489,78,411,489
03010622,VIRGINIA COLLEGE - ECOTECH INSTITUTE - A,CO,80012-4627,Proprietary  ,23,87,110,23,87,110
03014900,PLATT COLLEGE                           ,CO,80014-3141,Proprietary  ,21,99,120,21,99,120
03027400,XENON INTERNATIONAL ACADEMY III         ,CO,80014-1193,Proprietary  ,12,23,35,12,23,35
03030606,UTAH COLLEGE OF MASSAGE THERAPY - DENVER,CO,80031-2921,Proprietary  ,10,29,39,10,29,39
03030607,UTAH COLLEGE OF MASSAGE THERAPY - DENVER,CO,80012-2523,Proprietary  ,13,45,58,13,45,58
03066900,INTELLITEC COLLEGE                      ,CO,81506-3994,Proprietary  ,35,119,154,35,119,154
03068201,OHIO CENTER FOR BROADCASTING - COLORADO ,CO,80214-4129,Proprietary  ,11,27,38,11,27,38
03289300,COLORADO HEIGHTS UNIVERSITY             ,CO,80236-2711,Private      ,60,82,142,60,82,142
03306300,MONTESSORI EDUC CRT OF THE ROCKIES      ,CO,80301-2587,Private      ,6,20,26,6,20,26
03534300,JONES INTERNATIONAL UNIVERSITY          ,CO,80112-3446,Proprietary  ,16,432,448,16,432,448
03545300,UNIVERSITY OF THE ROCKIES               ,CO,80903-3612,Proprietary  ,45,818,863,45,818,863
03584400,COLORADO SCHOOL OF HEALING ARTS         ,CO,80226-4332,Proprietary  ,15,58,73,15,58,73
03670300,TONI & GUY HAIRDRESSING ACADEMY         ,CO,80911-0000,Proprietary  ,24,34,58,24,34,58
03686300,COLORADO SCHOOL OF TRADITIONAL CHINESE M,CO,80206-2127,Proprietary  ,12,49,61,12,49,61
03776300,AUGUSTE ESCOFFIER SCHOOL OF CULINARY ART,CO,80305-5961,Proprietary  ,108,113,221,108,113,221
03976300,MASSAGE THERAPY INSTITUTE OF COLORADO   ,CO,80206-2127,Proprietary  ,24,63,87,24,63,87
04080300,ASPEN UNIVERSITY                        ,CO,80246-1930,Proprietary  ,66,409,475,66,409,475
04093300,ACADEMY OF NATURAL THERAPY              ,CO,80631-3425,Proprietary  ,18,44,62,18,44,62
04121200,INSTITUTE OF TAOIST EDUCATION AND ACUPUN,CO,80027-1028,Private      ,3,7,10,3,7,10
04125100,MONTESSORI CASA INTERNATIONAL           ,CO,80111-5263,Private      ,0,3,3,0,3,3
04127700,AMERICAN SENTINEL UNIVERSITY            ,CO,80014-6510,Proprietary  ,7,395,402,7,395,402
04139300,NATIONAL BEAUTY COLLEGE                 ,CO,80221-0000,Proprietary  ,8,26,34,8,26,34
04148300,DENVER SCHOOL OF NURSING                ,CO,80202-1213,Proprietary  ,191,450,641,191,450,641
04167100,AVEDA INSTITUTE DENVER                  ,CO,80202-0000,Proprietary  ,85,127,212,85,127,212
04170200,PAUL MITCHELL THE SCHOOL COLORADO SPRING,CO,80903-0000,Proprietary  ,43,94,137,43,94,137
04172500,ROLF INSTITUTE OF STRUCTURAL INTEGRATION,CO,80301-0000,Private      ,1,38,39,1,38,39
04173800,SALON PROFESSIONAL ACADEMY (THE)        ,CO,80918-2932,Proprietary  ,10,36,46,10,36,46
04177100,PIMA MEDICAL INSTITUTE-SOUTH DENVER     ,CO,80231-0000,Proprietary  ,109,235,344,109,235,344
04179700,UNITED BEAUTY COLLEGE                   ,CO,80223-2936,Proprietary  ,13,38,51,13,38,51
04183700,HEALING ARTS INSTITUTE                  ,CO,80525-3479,Proprietary  ,17,34,51,17,34,51
04184900,COLLEGE OF INTERNATIONAL ESTHETICS      ,CO,80002-3754,Proprietary  ,16,43,59,16,43,59
04185000,COLORADO ACADEMY OF VETERINARY TECHNOLOG,CO,80906-4944,Proprietary  ,38,75,113,38,75,113
04185400,NATIONAL PERSONAL TRAINING INSTITUTE OF ,CO,80401-3304,Proprietary  ,11,31,42,11,31,42
04195300,LONGS PEAK ACADEMY                      ,CO,80501-6458,Proprietary  ,11,31,42,11,31,42
04202600,NEW DIMENSIONS BEAUTY ACADEMY           ,CO,80138-9801,Proprietary  ,7,19,26,7,19,26
04208700,COLORADO STATE UNIVERSITY - GLOBAL CAMPU,CO,80111-0000,Public       ,252,3025,3277,252,3025,3277
04218900,ROCKY VISTA UNIVERSITY COLLEGE OF OSTEOP,CO,80134-9498,Proprietary  ,1,287,288,1,287,288
04221400,PAUL MITCHELL THE SCHOOL DENVER         ,CO,80226-7395,Proprietary  ,48,52,100,48,52,100
00267811,BRYANT & STRATTON COLLEGE - VIRGINIA BEA,VA,23462-4417,Proprietary  ,117,482,599,117,482,599
00370200,AVERETT UNIVERSITY                      ,VA,24541-3692,Private      ,1142,450,1592,1142,450,1592
00370300,BLUEFIELD COLLEGE                       ,VA,24605-1799,Private      ,657,307,964,657,307,964
00370400,BRIDGEWATER COLLEGE                     ,VA,22812-1599,Private      ,3282,143,3425,3282,143,3425
00370500,COLLEGE OF WILLIAM & MARY               ,VA,23187-8795,Public       ,10176,2887,13063,10176,2887,13063
00370600,CHRISTOPHER NEWPORT UNIVERSITY          ,VA,23606-3072,Public       ,7042,611,7653,7042,611,7653
00370700,RICHARD BLAND COLLEGE                   ,VA,23805-7100,Public       ,926,291,1217,926,291,1217
00370800,EASTERN MENNONITE UNIVERSITY            ,VA,22802-2462,Private      ,982,294,1276,982,294,1276
00370900,EMORY & HENRY COLLEGE                   ,VA,24327-0010,Private      ,1236,121,1357,1236,121,1357
00371100,FERRUM COLLEGE                          ,VA,24088-2612,Private      ,1976,154,2130,1976,154,2130
00371200,TIDEWATER COMMUNITY COLLEGE             ,VA,23510-1910,Public       ,4919,8050,12969,4919,8050,12969
00371300,HAMPDEN-SYDNEY COLLEGE                  ,VA,23943-0128,Private      ,1375,41,1416,1375,41,1416
00371400,HAMPTON UNIVERSITY                      ,VA,23668-0099,Private      ,7216,1611,8827,7216,1611,8827
00371500,HOLLINS UNIVERSITY                      ,VA,24020-0000,Private      ,1122,323,1445,1122,323,1445
00371900,LONGWOOD UNIVERSITY                     ,VA,23909-1899,Public       ,5173,638,5811,5173,638,5811
00372000,LYNCHBURG COLLEGE                       ,VA,24501-3199,Private      ,2660,582,3242,2660,582,3242
00372100,JAMES MADISON UNIVERSITY                ,VA,22807-3780,Public       ,21074,2069,23143,21074,2069,23143
00372300,MARY BALDWIN COLLEGE                    ,VA,24401-3610,Private      ,1174,593,1767,1174,593,1767
00372400,MARYMOUNT UNIVERSITY                    ,VA,22207-4224,Private      ,2037,1155,3192,2037,1155,3192
00372600,AMERICAN NATIONAL UNIVERSITY            ,VA,24153-4524,Proprietary  ,151,1376,1527,151,1376,1527
00372700,NORTHERN VA CMTY CLG                    ,VA,22003-3743,Public       ,7482,6647,14129,7482,6647,14129
00372800,OLD DOMINION UNIVERSITY                 ,VA,23529-0052,Public       ,14509,7522,22031,14509,7522,22031
00373200,RADFORD UNIVERSITY                      ,VA,24142-6905,Public       ,8993,1609,10602,8993,1609,10602
00373300,RANDOLPH-MACON COLLEGE                  ,VA,23005-5505,Private      ,2082,100,2182,2082,100,2182
00373400,RANDOLPH COLLEGE                        ,VA,24503-1526,Private      ,843,103,946,843,103,946
00373500,VIRGINIA COMMONWEALTH UNIVERSITY        ,VA,23284-9004,Public       ,20392,7759,28151,20392,7759,28151
00373600,ROANOKE COLLEGE                         ,VA,24153-3794,Private      ,2949,156,3105,2949,156,3105
00373700,SHENANDOAH UNIVERSITY                   ,VA,22601-5195,Private      ,2466,1202,3668,2466,1202,3668
00373800,SOUTHERN VIRGINIA UNIVERSITY            ,VA,24416-3038,Private      ,697,109,806,697,109,806
00374200,SWEET BRIAR COLLEGE                     ,VA,24595-9998,Private      ,650,40,690,650,40,690
00374300,UNION PRESBYTERIAN SEMINARY             ,VA,23227-0000,Private      ,0,31,31,0,31,31
00374400,UNIVERSITY OF RICHMOND                  ,VA,23173-0001,Private      ,5911,1414,7325,5911,1414,7325
00374500,UNIVERSITY OF VIRGINIA - SFS            ,VA,22903-0000,Public       ,20480,5520,26000,20480,5520,26000
00374600,UNIVERSITY OF MARY WASHINGTON           ,VA,22401-5358,Public       ,4997,764,5761,4997,764,5761
00374700,UNIV OF VIRGINIA'S COLLEGE AT WISE      ,VA,24293-4412,Public       ,1296,254,1550,1296,254,1550
00374800,EASTERN SHORE COMMUNITY COLLEGE         ,VA,23410-3001,Public       ,124,135,259,124,135,259
00374900,GEORGE MASON UNIVERSITY                 ,VA,22030-4444,Public       ,21829,9523,31352,21829,9523,31352
00375100,PATRICK HENRY COMMUNITY COLLEGE         ,VA,24112-5311,Public       ,464,461,925,464,461,925
00375300,VIRGINIA MILITARY INSTITUTE             ,VA,24450-2138,Public       ,1702,57,1759,1702,57,1759
00375400,VIRGINIA POLYTECH INST & STATE UNIV     ,VA,24061-2000,Public       ,24746,3147,27893,24746,3147,27893
00375800,DANVILLE COMMUNITY COLLEGE              ,VA,24541-4004,Public       ,520,515,1035,520,515,1035
00375900,J. SARGEANT REYNOLDS COMMUNITY CLG      ,VA,23285-0000,Public       ,2236,3905,6141,2236,3905,6141
00376000,VIRGINIA WESTERN CMTY COLLEGE           ,VA,24038-0000,Public       ,1722,1292,3014,1722,1292,3014
00376100,WYTHEVILLE COMMUNITY COLLEGE            ,VA,24382-3308,Public       ,515,467,982,515,467,982
00376200,VIRGINIA UNIVERSITY OF LYNCHBURG        ,VA,24501-6400,Private      ,213,157,370,213,157,370
00376400,VIRGINIA STATE UNIVERSITY               ,VA,23806-0001,Public       ,6552,1627,8179,6552,1627,8179
00376500,NORFOLK STATE UNIVERSITY                ,VA,23504-8000,Public       ,4132,2739,6871,4132,2739,6871
00376600,VIRGINIA UNION UNIVERSITY               ,VA,23220-1711,Private      ,2651,734,3385,2651,734,3385
00376700,VIRGINIA WESLEYAN COLLEGE               ,VA,23502-5599,Private      ,1617,334,1951,1617,334,1951
00376800,WASHINGTON & LEE UNIVERSITY             ,VA,24450-0303,Private      ,2386,701,3087,2386,701,3087
00400400,JOHN TYLER COMMUNITY COLLEGE            ,VA,23831-5316,Public       ,1804,2009,3813,1804,2009,3813
00450301,EVEREST COLLEGE -  MCLEAN               ,VA,22182-2214,Proprietary  ,5,32,37,5,32,37
00498800,CENTRAL VIRGINIA COMMUNITY COLLEGE      ,VA,24502-2498,Public       ,694,735,1429,694,735,1429
00499200,MILLER-MOTTE TECHNICAL COLLEGE          ,VA,24505-0000,Proprietary  ,51,144,195,51,144,195
00499600,DABNEY S LANCASTER COMMUNITY CLG        ,VA,24422-1000,Public       ,325,222,547,325,222,547
00522300,NEW RIVER COMMUNITY COLLEGE             ,VA,24084-1127,Public       ,711,722,1433,711,722,1433
00662200,COLLEGE OF HEALTH SCIENCES - CHRV       ,VA,24031-0000,Private      ,394,496,890,394,496,890
00681900,BLUE RIDGE COMMUNITY COLLEGE            ,VA,24486-0080,Public       ,1181,928,2109,1181,928,2109
00687100,THOMAS NELSON COMMUNITY COLLEGE         ,VA,23670-0000,Public       ,1638,3027,4665,1638,3027,4665
00709900,VIRGINIA HIGHLANDS COMMUNITY CLG        ,VA,24210-4210,Public       ,414,446,860,414,446,860
00726000,SOUTHWEST VIRGINIA COMMUNITY CLG        ,VA,24641-0000,Public       ,472,441,913,472,441,913
00865900,LORD FAIRFAX COMMUNITY COLLEGE          ,VA,22645-0047,Public       ,928,906,1834,928,906,1834
00866000,GERMANNA COMMUNITY COLLEGE              ,VA,22508-0339,Public       ,1278,1312,2590,1278,1312,2590
00866100,SOUTHSIDE VIRGINIA CMTY CLG             ,VA,23821-2930,Public       ,406,557,963,406,557,963
00915900,PAUL D CAMP COMMUNITY COLLEGE           ,VA,23851-0737,Public       ,195,333,528,195,333,528
00916000,RAPPAHANNOCK COMMUNITY COLLEGE          ,VA,23149-2616,Public       ,390,410,800,390,410,800
00926700,EVEREST COLLEGE                         ,VA,23606-4203,Proprietary  ,32,185,217,32,185,217
00926701,EVEREST COLLEGE - CHESAPEAKE            ,VA,23320-2637,Proprietary  ,28,149,177,28,149,177
00942000,SANFORD-BROWN COLLEGE                   ,VA,22102-4301,Proprietary  ,4,15,19,4,15,19
00953500,STAUNTON SCHOOL OF COSMETOLOGY          ,VA,24401-4323,Proprietary  ,14,13,27,14,13,27
00953700,VIRGINIA SCH OF HAIR DESIGN             ,VA,23669-0000,Proprietary  ,12,44,56,12,44,56
00962900,MOUNTAIN EMPIRE COMMUNITY COLLEGE       ,VA,24219-0700,Public       ,364,350,714,364,350,714
00992800,PIEDMONT VIRGINIA COMMUNITY COLLEGE     ,VA,22902-7589,Public       ,779,879,1658,779,879,1658
01004300,BON SECOURS MEMORIAL COLLEGE OF NURSING ,VA,23227-4612,Private      ,144,338,482,144,338,482
01019800,ECPI UNIVERSITY                         ,VA,23462-6542,Proprietary  ,276,1663,1939,276,1663,1939
01019802,ECPI UNIVERSITY - NEWPORT NEWS          ,VA,23606-4298,Proprietary  ,149,580,729,149,580,729
01019807,ECPI UNIVERSITY - MANASSAS              ,VA,20109-2665,Proprietary  ,50,215,265,50,215,265
01019813,ECPI UNIVERSITY - CULINARY INSTITUTE OF ,VA,23513-2448,Proprietary  ,99,148,247,99,148,247
01019814,ECPI UNIVERSITY - VIRGINIA BEACH HEALTH ,VA,23462-6540,Proprietary  ,40,307,347,40,307,347
01019815,ECPI UNIVERSITY - RICHMOND SOUTH        ,VA,23236-3659,Proprietary  ,97,306,403,97,306,403
01019816,ECPI UNIVERSITY - INNSBROOK             ,VA,23060-3359,Proprietary  ,56,126,182,56,126,182
01019817,ECPI UNIVERSITY - RICHMOND WEST         ,VA,23294-3730,Proprietary  ,86,236,322,86,236,322
01033800,EASTERN VIRGINIA MEDICAL SCHOOL         ,VA,23501-1980,Public       ,44,1275,1319,44,1275,1319
01159600,SYLVAIN MELLOUL INTERNATIONAL HAIR ACADE,VA,24502-2652,Proprietary  ,19,34,53,19,34,53
01162601,WESTWOOD COLLEGE - SOUTH BAY - ARLINGTON,VA,22203-4167,Proprietary  ,35,155,190,35,155,190
01162602,WESTWOOD COLLEGE - SOUTH BAY - ANNANDALE,VA,22003-2602,Proprietary  ,20,106,126,20,106,126
01274400,SOUTHSIDE REGIONAL MED CTR PROF SCHOOLS ,VA,23803-5133,Proprietary  ,60,101,161,60,101,161
02053000,LIBERTY UNIVERSITY                      ,VA,24502-0000,Private      ,14858,26026,40884,14858,26026,40884
02108800,WARDS CORNER BEAUTY ACADEMY             ,VA,23505-0000,Proprietary  ,13,58,71,13,58,71
02111600,DANVILLE REGIONAL MEDICAL CENTER SCHOOL ,VA,24541-0000,Proprietary  ,17,26,43,17,26,43
02128700,CENTRAL SCHOOL OF PRACTICAL NURSING     ,VA,23502-2230,Public       ,30,108,138,30,108,138
02140000,RIVERSIDE SCHOOL OF HEALTH CAREERS      ,VA,23608-3802,Private      ,80,254,334,80,254,334
02149901,PAUL MITCHELL THE SCHOOL-JACKSONVILLE - ,VA,22102-0000,Proprietary  ,18,39,57,18,39,57
02149902,PAUL MITCHELL THE SCHOOL-JACKSONVILLE - ,VA,22192-0000,Proprietary  ,31,43,74,31,43,74
02175800,LYNCHBURG GENERAL HOSP SCH OF NURSG     ,VA,24501-0000,Private      ,57,86,143,57,86,143
02197600,WOODROW WILSON REHABILITATION CTR       ,VA,22939-0000,Public       ,10,9,19,10,9,19
02242400,HENRICO CTY ST MARYS HOSP PRAC NRSG     ,VA,23075-0000,Public       ,4,29,33,4,29,33
02320900,TIDEWATER TECH                          ,VA,23502-1747,Proprietary  ,83,237,320,83,237,320
02334400,CENTURA COLLEGE                         ,VA,23452-0000,Proprietary  ,70,431,501,70,431,501
02342700,FORTIS COLLEGE                          ,VA,23502-4101,Proprietary  ,55,241,296,55,241,296
02342701,FORTIS COLLEGE - RICHMOND CAMPUS        ,VA,23230-0000,Proprietary  ,57,237,294,57,237,294
02358500,BON SECOURS SAINT MARY'S HOSPITAL SCHOOL,VA,23227-4612,Private      ,50,116,166,50,116,166
02538800,SUFFOLK BEAUTY ACADEMY                  ,VA,23434-0000,Proprietary  ,14,32,46,14,32,46
02541200,STRATFORD UNIVERSITY                    ,VA,22043-0000,Proprietary  ,230,990,1220,230,990,1220
02541201,STRATFORD UNIVERSITY-WOODBRIDGE         ,VA,22192-0000,Proprietary  ,54,246,300,54,246,300
02588900,MEDTECH INSTITUTE                       ,VA,22042-3013,Proprietary  ,59,229,288,59,229,288
02610100,WASHINGTON COUNTY ADULT SKILL CTR       ,VA,24210-2346,Public       ,12,36,48,12,36,48
02617508,EVEREST COLLEGE - WOODBRIDGE            ,VA,22192-6808,Proprietary  ,33,138,171,33,138,171
03002400,GRAHAM WEBB INTERNATIONAL ACAD HAIR     ,VA,22209-2129,Proprietary  ,6,34,40,6,34,40
03010700,BAR PALMA BEAUTY CAREERS  ACADEMY       ,VA,24014-2255,Proprietary  ,15,24,39,15,24,39
03042800,"VIRGINIA BEACH CITY SCHOOLS, SCH.-PR.NSG",VA,23456-0038,Public       ,22,65,87,22,65,87
03091300,REGENT UNIVERSITY                       ,VA,23464-9800,Private      ,1239,2726,3965,1239,2726,3965
03092700,SKYLINE COLLEGE                         ,VA,24012-1603,Proprietary  ,15,66,81,15,66,81
03096500,SPRINGFIELD BEAUTY ACADEMY              ,VA,22003-3016,Proprietary  ,2,7,9,2,7,9
03106500,SENTARA COLLEGE OF HEALTH SCIENCES      ,VA,23320-2843,Private      ,114,318,432,114,318,432
03116900,BAPTIST THEOLOGICAL SEM.-RICHMOND       ,VA,23227-0000,Private      ,1,43,44,1,43,44
03126300,AVIATION INSTITUTE OF MAINTENANCE       ,VA,23320-5987,Proprietary  ,35,121,156,35,121,156
03126400,CENTURA COLLEGE                         ,VA,23235-5230,Proprietary  ,32,239,271,32,239,271
03127500,ADVANCED TECHNOLOGY INSTITUTE           ,VA,23462-2409,Proprietary  ,158,215,373,158,215,373
03280400,VIRGINIA SCHOOL OF MASSAGE              ,VA,22903-0000,Proprietary  ,8,10,18,8,10,18
03409500,CHESTER CAREER COLLEGE                  ,VA,23836-2516,Proprietary  ,30,97,127,30,97,127
03455300,CRESCENT COSMETOLOGY UNIVERSITY         ,VA,23666-3115,Proprietary  ,5,15,20,5,15,20
03559300,APPALACHIAN SCHOOL OF LAW               ,VA,24614-0000,Private      ,7,137,144,7,137,144
03645400,RUDY & KELLY ACADEMY OF HAIR AND NA     ,VA,23464-6857,Proprietary  ,37,100,137,37,100,137
03654300,CAREER TRAINING SOLUTIONS               ,VA,22406-1014,Proprietary  ,42,189,231,42,189,231
03709300,EDWARD VIA VIRGINIA CLG OSTEOPATHIC MED ,VA,24060-6360,Private      ,2,535,537,2,535,537
03862600,VIRGINIA BAPTIST COLLEGE                ,VA,22407-0000,Private      ,10,28,38,10,28,38
03872400,INSTITUTE FOR THE PSYCHOLOGICAL SCIENCES,VA,22202-3609,Private      ,8,79,87,8,79,87
03876300,CULPEPER COSMETOLOGY TRAINING CENTER    ,VA,22701-3155,Public       ,6,15,21,6,15,21
03883400,AVIATION INSTITUTE OF MAINTENANCE       ,VA,20110-4156,Proprietary  ,23,61,84,23,61,84
03966300,CENTRAL BAPTIST THEOLOGICAL SEMINARY OF ,VA,23464-6847,Private      ,0,16,16,0,16,16
04038400,AVI CAREER INSTITUTE                    ,VA,22066-1839,Proprietary  ,1,12,13,1,12,13
04110300,UNIVERSITY OF MANAGEMENT AND TECHNOLOGY ,VA,22209-1609,Proprietary  ,13,125,138,13,125,138
04124000,DOMINION SCHOOL OF HAIR DESIGN          ,VA,23062-2221,Proprietary  ,8,16,24,8,16,24
04127300,COLUMBIA COLLEGE                        ,VA,22031-4413,Proprietary  ,18,69,87,18,69,87
04137300,CAYCE/REILLY SCHOOL OF MASSOTHERAPY     ,VA,23451-2061,Private      ,4,28,32,4,28,32
04140000,GLOBAL HEALTH NURSE TRAINING SERVICES   ,VA,22314-4585,Proprietary  ,25,216,241,25,216,241
04153800,BETHEL COLLEGE                          ,VA,23666-3122,Private      ,13,41,54,13,41,54
04156200,INSTITUTE OF ADVANCED MEDICAL ESTHETICS ,VA,23294-4701,Proprietary  ,8,30,38,8,30,38
04169400,NORTHERN VIRGINIA SCHOOL OF THERAPEUTIC ,VA,22046-4302,Proprietary  ,22,39,61,22,39,61
04171500,COSMOPOLITAN BEAUTY & TECH SCHOOL       ,VA,22003-3204,Proprietary  ,5,18,23,5,18,23
04179900,TOMORROW'S IMAGE BARBER ACADEMY OF VIRGI,VA,23602-5532,Proprietary  ,4,16,20,4,16,20
04180600,APPALACHIAN COLLEGE OF PHARMACY         ,VA,24631-9210,Private      ,14,128,142,14,128,142
04214700,LUCKES BEAUTY ACADEMY                   ,VA,23601-1303,Proprietary  ,11,23,34,11,23,34
04218600,VIRGINIA TECH CARILION SCHOOL OF MEDICIN,VA,24016-4950,Private      ,147,292,439,147,292,439
04219000,IGLOBAL UNIVERSITY                      ,VA,22003-2400,Proprietary  ,2,12,14,2,12,14
04220100,NATIONAL PERSONAL TRAINING INSTITUTE    ,VA,22182-2412,Proprietary  ,4,20,24,4,20,24
04220400,CHRYSM INSTITUTE OF ESTHETICS (THE)     ,VA,23462-3650,Proprietary  ,3,53,56,3,53,56
04221000,"STANDARD HEALTHCARE SERVICES, COLLEGE OF",VA,22046-4612,Proprietary  ,6,108,114,6,108,114
04235400,SAINT MICHAEL COLLEGE OF ALLIED HEALTH  ,VA,22309-2348,Proprietary  ,8,49,57,8,49,57
04238700,DERMAL SCIENCE INTERNATIONAL AESTHETICS ,VA,20190-5226,Proprietary  ,2,35,37,2,35,37
04241500,WAVE LEADERSHIP COLLEGE                 ,VA,23454-2140,Private      ,2,6,8,2,6,8
00107000,THUNDERBIRD SCHOOL OF GLOBAL MANAGEMENT ,AZ,85306-6000,Private      ,5,51,56,5,51,56
00107100,ARIZONA WESTERN COLLEGE                 ,AZ,85366-0000,Public       ,1865,1262,3127,1865,1262,3127
00107200,COCHISE COLLEGE                         ,AZ,85607-6190,Public       ,648,780,1428,648,780,1428
00107300,EASTERN ARIZONA COLLEGE                 ,AZ,85552-0769,Public       ,743,363,1106,743,363,1106
00107400,GRAND CANYON UNIVERSITY                 ,AZ,85017-3030,Proprietary  ,14030,18951,32981,14030,18951,32981
00107600,GLENDALE COMMUNITY COLLEGE              ,AZ,85302-3090,Public       ,4359,4134,8493,4359,4134,8493
00107700,MESA COMMUNITY COLLEGE                  ,AZ,85202-4866,Public       ,3912,4715,8627,3912,4715,8627
00107800,PHOENIX COLLEGE                         ,AZ,85013-4234,Public       ,2838,3904,6742,2838,3904,6742
00107900,YAVAPAI COLLEGE                         ,AZ,86301-3297,Public       ,920,1395,2315,920,1395,2315
00108100,ARIZONA STATE UNIV (ALL CAMPUSES)       ,AZ,85287-0412,Public       ,47233,27815,75048,47233,27815,75048
00108200,NORTHERN ARIZONA UNIVERSITY             ,AZ,86011-0001,Public       ,24949,7629,32578,24949,7629,32578
00108300,UNIVERSITY OF ARIZONA                   ,AZ,85721-0066,Public       ,28428,9228,37656,28428,9228,37656
00165701,MIDWESTERN UNIVERSITY                   ,AZ,85308-0000,Private      ,122,2901,3023,122,2901,3023
00446700,TUCSON COLLEGE                          ,AZ,85711-3781,Proprietary  ,87,160,247,87,160,247
00711300,ARIZONA CHRISTIAN UNIVERSITY            ,AZ,85032-7097,Private      ,798,231,1029,798,231,1029
00726600,PIMA COUNTY COMMUNITY COLLEGE           ,AZ,85709-1110,Public       ,4322,4336,8658,4322,4336,8658
00728300,CENTRAL ARIZONA COLLEGE                 ,AZ,85228-9779,Public       ,963,1114,2077,963,1114,2077
00732911,ITT TECHNICAL INSTITUTE                 ,AZ,85282-9272,Proprietary  ,139,607,746,139,607,746
00732990,ITT TECHNICAL INSTITUTE                 ,AZ,85704-5829,Proprietary  ,161,624,785,161,624,785
00822100,UNIVERSAL TECHNICAL INSTITUTE           ,AZ,85323-7946,Proprietary  ,8368,5691,14059,8368,5691,14059
00824600,DINÉ COLLEGE                            ,AZ,86556-0126,Public       ,144,265,409,144,265,409
00830300,GATEWAY COMMUNITY COLLEGE               ,AZ,85034-1795,Public       ,1574,2384,3958,1574,2384,3958
00830302,MARICOPA SKILL CENTER                   ,AZ,85034-0000,Public       ,164,359,523,164,359,523
00830400,SCOTTSDALE COMMUNITY COLLEGE            ,AZ,85250-0000,Public       ,1692,1388,3080,1692,1388,3080
00886400,ARIZONA ACADEMY OF BEAUTY               ,AZ,85712-5021,Proprietary  ,33,46,79,33,46,79
01085800,AVALON SCHOOL OF COSMETOLOGY            ,AZ,85210-4010,Proprietary  ,109,166,275,109,166,275
01168900,REFRIGERATION SCHOOL                    ,AZ,85034-0000,Proprietary  ,21,203,224,21,203,224
01180200,ARIZONA ACADEMY OF BEAUTY-NORTH         ,AZ,85705-2720,Proprietary  ,18,25,43,18,25,43
01186200,NORTHLAND PIONEER COLLEGE               ,AZ,86025-0610,Public       ,209,486,695,209,486,695
01186400,MOHAVE COMMUNITY COLLEGE                ,AZ,86409-1238,Public       ,406,938,1344,406,938,1344
01218400,INTERNATIONAL ACAD OF HAIR DESIGN       ,AZ,85225-7198,Proprietary  ,13,30,43,13,30,43
02065300,PRESCOTT COLLEGE                        ,AZ,86301-0000,Private      ,284,332,616,284,332,616
02098800,UNIVERSITY OF PHOENIX                   ,AZ,85040-0000,Proprietary  ,3484,53146,56630,3484,53146,56630
02100500,UNIVERSAL TECHNICAL INSTITUTE           ,AZ,85027-0000,Proprietary  ,7867,5612,13479,7867,5612,13479
02100600,CARRINGTON COLLEGE                      ,AZ,85015-4096,Proprietary  ,474,1285,1759,474,1285,1759
02113800,ROBERTO-VENN SCH OF LUTHIERY            ,AZ,85040-0000,Proprietary  ,9,13,22,9,13,22
02146600,SOUTH MOUNTAIN COMMUNITY COLLEGE        ,AZ,85040-0000,Public       ,1046,1160,2206,1046,1160,2206
02160305,COLLINS COLLEGE                         ,AZ,85040-4000,Proprietary  ,31,74,105,31,74,105
02160306,INTERNATIONAL ACADEMY OF DESIGN AND TECH,AZ,85281-6705,Proprietary  ,17,31,48,17,31,48
02171500,WESTERN INTERNATIONAL UNIVERSITY        ,AZ,85021-0000,Proprietary  ,36,360,396,36,360,396
02177500,RIO SALADO COMMUNITY COLLEGE            ,AZ,85281-6948,Public       ,1019,4134,5153,1019,4134,5153
02199900,AMERICAN INDIAN CLG-ASSEMBLIES GOD      ,AZ,85021-0000,Private      ,28,47,75,28,47,75
02217100,PIMA MEDICAL INSTITUTE                  ,AZ,85716-0000,Proprietary  ,1023,2481,3504,1023,2481,3504
02218800,BROOKLINE COLLEGE                       ,AZ,85021-5815,Proprietary  ,108,502,610,108,502,610
02218804,BROOKLINE COLLEGE - MESA                ,AZ,85204-4448,Proprietary  ,56,162,218,56,162,218
02218805,BROOKLINE COLLEGE - TUCSON              ,AZ,85711-5444,Proprietary  ,55,155,210,55,155,210
02263100,ANTHEM COLLEGE                          ,AZ,85014-4973,Proprietary  ,55,92,147,55,92,147
02280500,CHARLES OF ITALY BEAUTY COLLEGE         ,AZ,86403-0000,Proprietary  ,15,27,42,15,27,42
02295000,EVEREST COLLEGE                         ,AZ,85021-1610,Proprietary  ,143,1332,1475,143,1332,1475
02295002,EVEREST COLLEGE - MESA                  ,AZ,85206-4704,Proprietary  ,59,298,357,59,298,357
02306807,ARIZONA AUTOMOTIVE INSTITUTE            ,AZ,85301-3503,Proprietary  ,97,247,344,97,247,344
02317800,AMERICAN INSTITUTE OF TECHNOLOGY        ,AZ,85043-0000,Proprietary  ,83,172,255,83,172,255
02491500,SOUTHWEST UNIVERSITY OF VISUAL ARTS     ,AZ,85716-0000,Proprietary  ,66,65,131,66,65,131
02533200,FRANK LLOYD WRIGHT SCHOOL OF ARCHITECTUR,AZ,85261-4430,Private      ,11,18,29,11,18,29
02559000,UNIVERSITY OF ADVANCING TECHNOLOGY      ,AZ,85283-0000,Proprietary  ,568,247,815,568,247,815
02582700,CORTIVA INSTITUTE - TUCSON              ,AZ,85710-3503,Proprietary  ,25,75,100,25,75,100
02616700,LE CORDON BLEU COLLEGE OF CULINARY ARTS ,AZ,85251-2729,Proprietary  ,269,1214,1483,269,1214,1483
02623600,PARADISE VALLEY COMMUNITY COLLEGE       ,AZ,85032-1210,Public       ,1465,1427,2892,1465,1427,2892
02623800,CORTIVA INSTITUTE - SCOTTSDALE          ,AZ,85257-4218,Proprietary  ,3,30,33,3,30,33
03005000,SAFFORD COLLEGE OF BEAUTY CULTURE       ,AZ,85546-3309,Proprietary  ,8,10,18,8,10,18
03010613,VIRGINIA COLLEGE - GOLF ACADEMY OF AMERI,AZ,85225-3412,Proprietary  ,14,27,41,14,27,41
03030604,UTAH COLLEGE OF MASSAGE THERAPY - ARIZON,AZ,85282-0000,Proprietary  ,13,40,53,13,40,53
03030605,UTAH COLLEGE OF MASSAGE THERAPY - ARIZON,AZ,85051-3470,Proprietary  ,17,62,79,17,62,79
03034400,CONSERVATORY RECORDING ARTS & SCIS      ,AZ,85282-1707,Proprietary  ,208,236,444,208,236,444
03072200,CHANDLER-GILBERT COMMUNITY COLLEGE      ,AZ,85225-2499,Public       ,2168,1802,3970,2168,1802,3970
03076400,BRYMAN SCHOOL OF ARIZONA (THE)          ,AZ,85029-4919,Proprietary  ,16,73,89,16,73,89
03097800,CARSTEN INSTITUTE OF HAIR & BEAUTY      ,AZ,85282-5404,Proprietary  ,34,52,86,34,52,86
03100400,COCONINO COUNTY COMMUNITY COLLEGE       ,AZ,86001-0000,Public       ,1063,689,1752,1063,689,1752
03107000,SOUTHWEST CLG OF NATUROPATHIC MED       ,AZ,85282-0000,Private      ,4,209,213,4,209,213
03115000,ARIZONA COLLEGE OF ALLIED HEALTH        ,AZ,85302-3843,Proprietary  ,73,218,291,73,218,291
03120300,COLLEGE AMERICA                         ,AZ,86004-3936,Proprietary  ,70,313,383,70,313,383
03156300,ESTRELLA MOUNTAIN COMMUNITY COLLEGE     ,AZ,85392-1010,Public       ,2017,2116,4133,2017,2116,4133
03347300,INTERNATIONAL BAPTIST COLLEGE           ,AZ,85282-6799,Private      ,9,5,14,9,5,14
03445300,HDS TRUCK DRIVING INSTITUTE             ,AZ,85731-0000,Proprietary  ,4,36,40,4,36,40
03478400,PHOENIX SEMINARY                        ,AZ,85018-7611,Private      ,4,83,87,4,83,87
03572300,EAST VALLEY INSTITUTE OF TECHNOLOGY     ,AZ,85201-6910,Public       ,137,206,343,137,206,343
03593300,SOUTHWEST INSTITUTE OF HEALING ARTS     ,AZ,85281-3658,Proprietary  ,58,489,547,58,489,547
03617500,PHOENIX INSTITUTE OF HERBAL MEDICINE & A,AZ,85012-0000,Proprietary  ,22,120,142,22,120,142
03695500,ARIZONA SCHOOL OF ACUPUNCTURE AND ORIENT,AZ,85712-1100,Proprietary  ,9,32,41,9,32,41
03784400,TOHONO O'ODHAM COMMUNITY COLLEGE        ,AZ,85634-3129,Public       ,27,20,47,27,20,47
03813300,NORTHCENTRAL UNIVERSITY                 ,AZ,86314-2336,Proprietary  ,30,2430,2460,30,2430,2460
03814300,TURNING POINT BEAUTY COLLEGE            ,AZ,85222-4229,Proprietary  ,7,9,16,7,9,16
04051300,ART INSTITUTE OF PHOENIX (THE)          ,AZ,85021-2859,Proprietary  ,1633,4470,6103,1633,4470,6103
04051306,ART INSTITUTE OF PHOENIX (THE) - ART INS,AZ,85712-2732,Proprietary  ,187,217,404,187,217,404
04051325,ART INSTITUTE OF PHOENIX (THE) - BROWN M,AZ,85712-5300,Proprietary  ,44,149,193,44,149,193
04051327,ART INSTITUTE OF PHOENIX (THE) - BROWN M,AZ,85029-1348,Proprietary  ,69,156,225,69,156,225
04059300,TUCSON COLLEGE OF BEAUTY                ,AZ,85705-2451,Proprietary  ,27,34,61,27,34,61
04120900,ARIZONA CULINARY INSTITUTE              ,AZ,85259-4939,Proprietary  ,92,111,203,92,111,203
04131400,ARIZONA SUMMIT LAW SCHOOL               ,AZ,85004-4418,Proprietary  ,35,464,499,35,464,499
04148700,AMERICAN INSTITUTE OF INTERIOR DESIGN   ,AZ,85268-3827,Proprietary  ,14,27,41,14,27,41
04152900,STUDIO ACADEMY OF BEAUTY (THE)          ,AZ,85224-3600,Proprietary  ,34,52,86,34,52,86
04157400,NATIONAL PARALEGAL COLLEGE              ,AZ,85014-1262,Proprietary  ,30,521,551,30,521,551
04174100,PAUL MITCHELL THE SCHOOL PHOENIX        ,AZ,85017-1919,Proprietary  ,62,100,162,62,100,162
04174200,ALL BEAUTY COLLEGE                      ,AZ,86426-8326,Proprietary  ,12,56,68,12,56,68
04175300,PENROSE ACADEMY                         ,AZ,85254-4065,Proprietary  ,21,45,66,21,45,66
04177500,PURE AESTHETICS                         ,AZ,85711-2328,Proprietary  ,11,29,40,11,29,40
04194500,AVEDA INSTITUTE TUCSON                  ,AZ,85719-4876,Proprietary  ,38,49,87,38,49,87
04194501,AVEDA INSTITUTE TUCSON - PHOENIX        ,AZ,85284-1064,Proprietary  ,28,58,86,28,58,86
04217600,SESSIONS COLLEGE FOR PROFESSIONAL DESIGN,AZ,85281-2840,Proprietary  ,9,56,65,9,56,65
04233100,ARIZONA SCHOOL OF INTEGRATIVE STUDIES   ,AZ,86324-3106,Proprietary  ,3,18,21,3,18,21
04233101,ARIZONA SCHOOL OF INTEGRATIVE STUDIES - ,AZ,86001-5510,Proprietary  ,12,26,38,12,26,38
04233102,ARIZONA SCHOOL OF INTEGRATIVE STUDIES - ,AZ,86303-4711,Proprietary  ,14,27,41,14,27,41
04233103,ARIZONA SCHOOL OF INTEGRATIVE STUDIES - ,AZ,85705-8330,Proprietary  ,11,45,56,11,45,56
04246400,AVENTIS COLLEGE                         ,AZ,85282-1118,Proprietary  ,1,4,5,1,4,5
00142800,DELAWARE STATE UNIVERSITY               ,DE,19901-2277,Public       ,6395,1279,7674,6395,1279,7674
00142900,GOLDEY BEACOM COLLEGE                   ,DE,19808-1993,Private      ,364,216,580,364,216,580
00143100,UNIVERSITY OF DELAWARE                  ,DE,19716-0099,Public       ,20951,1563,22514,20951,1563,22514
00143300,WESLEY COLLEGE                          ,DE,19901-3875,Private      ,1969,407,2376,1969,407,2376
00331301,WIDENER UNIV SCHOOL OF LAW - DE         ,DE,19803-0000,Private      ,30,523,553,30,523,553
00794800,WILMINGTON UNIVERSITY                   ,DE,19720-6491,Private      ,1529,3378,4907,1529,3378,4907
01172700,DELAWARE TECHNICAL COMMUNITY COLLEGE    ,DE,19901-8736,Public       ,2928,3053,5981,2928,3053,5981
02125200,BEEBE SCHOOL OF NURSING                 ,DE,19958-1462,Private      ,37,46,83,37,46,83
02190400,SCHILLING DOUGLAS SCH OF HAIR DSGN      ,DE,19711-0000,Proprietary  ,17,22,39,17,22,39
02586902,STAR TECHNICAL INSTITUTE -              ,DE,19901-4615,Proprietary  ,8,36,44,8,36,44
03025800,DAWN TRAINING CENTRE                    ,DE,19805-1511,Proprietary  ,27,138,165,27,138,165
03543300,HARRIS SCHOOL OF BUSINESS               ,DE,19803-5341,Proprietary  ,20,64,84,20,64,84
03702300,DELAWARE LEARNING INSTITUTE OF COSMETOLO,DE,19939-9759,Proprietary  ,12,29,41,12,29,41
04130700,ACADEMY OF MASSAGE AND BODYWORK         ,DE,19701-1321,Proprietary  ,9,19,28,9,19,28
04139800,DELAWARE COLLEGE OF ART & DESIGN        ,DE,19801-3007,Private      ,267,79,346,267,79,346
04171100,PAUL MITCHELL THE SCHOOL-DELAWARE       ,DE,19702-5108,Proprietary  ,18,26,44,18,26,44
        ,FEDERAL STUDENT AID USE ONLY            ,DC,20202-0000,,0,1,1,0,1,1
00143400,AMERICAN UNIVERSITY                     ,DC,20016-8020,Private      ,12029,6081,18110,12029,6081,18110
00143700,CATHOLIC UNIVERSITY OF AMERICA          ,DC,20064-0002,Private      ,4433,1163,5596,4433,1163,5596
00143711,"CATHOLIC UNIV AMERICA, LAW SCHOOL       ",DC,20064-0000,Private      ,36,625,661,36,625,661
00144100,UNIV OF THE DISTRICT OF COLUMBIA        ,DC,20008-0000,Public       ,1481,2467,3948,1481,2467,3948
00144102,UNIV OF THE DIST OF COLU -SCHOOL OF LAW ,DC,20008-1173,Public       ,50,519,569,50,519,569
00144300,GALLAUDET UNIVERSITY                    ,DC,20002-3695,Private      ,553,553,1106,553,553,1106
00144400,GEORGE WASHINGTON UNIVERSITY            ,DC,20052-2353,Private      ,12143,6209,18352,12143,6209,18352
00144402,GEORGE WASHINGTON UNIV LAW SCHL         ,DC,20052-0000,Private      ,52,2756,2808,52,2756,2808
00144403,GEORGE WASHINGTON UNIV SCH MED          ,DC,20052-0000,Private      ,72,983,1055,72,983,1055
00144437,GEORGE WASHINGTON UNIVERSITY            ,DC,20006-4804,Private      ,524,281,805,524,281,805
00144500,GEORGETOWN UNIVERSITY                   ,DC,20057-1252,Private      ,10709,2283,12992,10709,2283,12992
00144501,"GEORGETOWN UNIV, SCH OF MEDICINE        ",DC,20007-0000,Private      ,53,798,851,53,798,851
00144502,GEORGETOWN UNIVERSITY - GRADUATE SCHOOL ,DC,20057-0004,Private      ,43,2394,2437,43,2394,2437
00144503,GEORGETOWN UNIV LAW CENTER              ,DC,20001-0000,Private      ,40,3702,3742,40,3702,3742
00144800,HOWARD UNIVERSITY                       ,DC,20059-0001,Private      ,13488,5540,19028,13488,5540,19028
00145900,STRAYER UNIVERSITY                      ,DC,20005-2603,Proprietary  ,425,11712,12137,425,11712,12137
00146000,TRINITY UNIVERSITY                      ,DC,20017-1004,Private      ,1006,1050,2056,1006,1050,2056
00146400,WESLEY THEOLOGICAL SEMINARY             ,DC,20016-0000,Private      ,0,160,160,0,160,160
00207701,JOHNS HOPKINS UNIV SCH ADV INTL STU     ,DC,20036-0000,Private      ,59,1055,1114,59,1055,1114
01280300,DOMINICAN HOUSE OF STUDIES              ,DC,20017-1584,Private      ,0,8,8,0,8,8
02132800,NAT'L CONSERVATORY DRAMATIC ARTS        ,DC,20007-2758,Private      ,7,20,27,7,20,27
03104300,CAREER BLAZERS LEARNING CENTER OF WASHIN,DC,20037-1881,Proprietary  ,5,54,59,5,54,59
03218300,POTOMAC COLLEGE                         ,DC,20016-1860,Proprietary  ,25,78,103,25,78,103
03409600,BENNETT CAREER INSTITUTE                ,DC,20017-1754,Proprietary  ,36,103,139,36,103,139
03750300,TECHNICAL LEARNING CENTERS              ,DC,20006-3749,Proprietary  ,15,81,96,15,81,96
04114400,INSTITUTE OF WORLD POLITICS (THE)       ,DC,20036-1464,Private      ,6,66,72,6,66,72
04142700,PONTIFICAL JOHN PAUL II INSTITUTE FOR ST,DC,20064-0001,Private      ,1,9,10,1,9,10
04190000,RADIANS COLLEGE                         ,DC,20005-3542,Proprietary  ,29,413,442,29,413,442
04202500,GRADUATE SCHOOL                         ,DC,20024-2520,Private      ,4,52,56,4,52,56
00154100,ABRAHAM BALDWIN AGRICULTURAL CLG        ,GA,31794-0000,Public       ,1175,460,1635,1175,460,1635
00154200,AGNES SCOTT COLLEGE                     ,GA,30030-3770,Private      ,1168,250,1418,1168,250,1418
00154300,DARTON COLLEGE                          ,GA,31707-3098,Public       ,1148,1743,2891,1148,1743,2891
00154400,ALBANY STATE UNIVERSITY                 ,GA,31705-2796,Public       ,3241,1514,4755,3241,1514,4755
00154500,ANDREW COLLEGE                          ,GA,39840-1395,Private      ,152,30,182,152,30,182
00154600,ARMSTRONG ATLANTIC STATE UNIVERSITY     ,GA,31419-1997,Public       ,3621,2716,6337,3621,2716,6337
00154700,POINT UNIVERSITY                        ,GA,30344-1999,Private      ,454,443,897,454,443,897
00155400,BERRY COLLEGE                           ,GA,30149-5007,Private      ,3036,165,3201,3036,165,3201
00155500,THOMAS UNIVERSITY                       ,GA,31792-7499,Private      ,183,359,542,183,359,542
00155600,BRENAU UNIVERSITY                       ,GA,30501-3668,Private      ,1033,1339,2372,1033,1339,2372
00155700,BREWTON PARKER COLLEGE                  ,GA,30445-0000,Private      ,170,42,212,170,42,212
00155800,COLLEGE OF COASTAL GEORGIA              ,GA,31520-3644,Public       ,950,671,1621,950,671,1621
00155900,CLARK ATLANTA UNIVERSITY                ,GA,30314-4385,Private      ,6921,2504,9425,6921,2504,9425
00156000,COLUMBIA THEOLOGICAL SEMINARY           ,GA,30031-0000,Private      ,3,63,66,3,63,66
00156100,COLUMBUS STATE UNIVERSITY               ,GA,31907-5645,Public       ,3338,2399,5737,3338,2399,5737
00156200,GEORGIA PERIMETER COLLEGE               ,GA,30021-0000,Public       ,5274,6874,12148,5274,6874,12148
00156300,EMMANUEL COLLEGE                        ,GA,30639-0000,Private      ,417,53,470,417,53,470
00156400,EMORY UNIVERSITY                        ,GA,30322-1960,Private      ,11764,6321,18085,11764,6321,18085
00156600,FORT VALLEY STATE UNIVERSITY            ,GA,31030-3298,Public       ,1958,948,2906,1958,948,2906
00156800,INTERDENOMINATIONAL THEOLOGY CENTER     ,GA,30314-0000,Private      ,2,176,178,2,176,178
00156900,GEORGIA INSTITUTE OF TECHNOLOGY         ,GA,30332-0325,Public       ,17931,2912,20843,17931,2912,20843
00157000,SOUTHERN POLYTECHNIC STATE UNIV         ,GA,30060-2896,Public       ,2358,1303,3661,2358,1303,3661
00157100,GEORGIA MILITARY COLLEGE                ,GA,31061-3398,Public       ,1674,1862,3536,1674,1862,3536
00157200,GEORGIA SOUTHERN UNIVERSITY             ,GA,30460-8065,Public       ,12335,3059,15394,12335,3059,15394
00157300,GEORGIA SOUTHWESTERN STATE UNIV         ,GA,31709-4693,Public       ,1224,734,1958,1224,734,1958
00157400,GEORGIA STATE UNIVERSITY                ,GA,30303-3010,Public       ,18845,11237,30082,18845,11237,30082
00157500,GORDON COLLEGE                          ,GA,30204-1762,Public       ,1585,885,2470,1585,885,2470
00157700,KENNESAW STATE UNIVERSITY               ,GA,30144-5591,Public       ,16598,7297,23895,16598,7297,23895
00157800,LAGRANGE COLLEGE                        ,GA,30240-2999,Private      ,977,208,1185,977,208,1185
00157900,GEORGIA REGENTS UNIVERSITY              ,GA,30912-0004,Public       ,2936,3206,6142,2936,3206,6142
00158000,MERCER UNIVERSITY                       ,GA,31207-0003,Private      ,4392,3195,7587,4392,3195,7587
00158100,MIDDLE GEORGIA STATE COLLEGE            ,GA,31014-1599,Public       ,3084,2466,5550,3084,2466,5550
00158200,MOREHOUSE COLLEGE                       ,GA,30314-3773,Private      ,2902,592,3494,2902,592,3494
00158500,UNIVERSITY OF NORTH GEORGIA             ,GA,30597-0001,Public       ,7212,2270,9482,7212,2270,9482
00158600,OGLETHORPE UNIVERSITY                   ,GA,30319-2737,Private      ,1752,282,2034,1752,282,2034
00158700,PAINE COLLEGE                           ,GA,30901-3182,Private      ,454,212,666,454,212,666
00158800,PIEDMONT COLLEGE                        ,GA,30535-5644,Private      ,641,522,1163,641,522,1163
00158900,REINHARDT UNIVERSITY                    ,GA,30183-2981,Private      ,812,230,1042,812,230,1042
00159000,SAVANNAH STATE UNIVERSITY               ,GA,31404-5298,Public       ,3649,1312,4961,3649,1312,4961
00159100,SHORTER UNIVERSITY                      ,GA,30165-4298,Private      ,911,660,1571,911,660,1571
00159200,SOUTH GEORGIA STATE COLLEGE             ,GA,31533-8104,Public       ,613,404,1017,613,404,1017
00159400,SPELMAN COLLEGE                         ,GA,30314-4399,Private      ,5057,836,5893,5057,836,5893
00159600,TOCCOA FALLS COLLEGE                    ,GA,30598-0001,Private      ,410,88,498,410,88,498
00159700,TRUETT MCCONNELL COLLEGE                ,GA,30528-1264,Private      ,384,72,456,384,72,456
00159800,UNIVERSITY OF GEORGIA                   ,GA,30602-6114,Public       ,19681,5465,25146,19681,5465,25146
00159900,VALDOSTA STATE UNIVERSITY               ,GA,31698-0001,Public       ,5489,2327,7816,5489,2327,7816
00160000,WESLEYAN COLLEGE                        ,GA,31210-4407,Private      ,338,230,568,338,230,568
00160100,UNIV OF WEST GEORGIA                    ,GA,30118-0002,Public       ,6658,2401,9059,6658,2401,9059
00160200,GEORGIA COLLEGE & STATE UNIVERSITY      ,GA,31061-0490,Public       ,4133,815,4948,4133,815,4948
00160400,YOUNG HARRIS COLLEGE                    ,GA,30582-4137,Private      ,880,67,947,880,67,947
00348400,COVENANT COLLEGE                        ,GA,30750-4164,Private      ,955,65,1020,955,65,1020
00395600,DALTON STATE COLLEGE                    ,GA,30720-3797,Public       ,1720,1064,2784,1720,1064,2784
00402400,GEORGIA NORTHWESTERN TECHNICAL COLLEGE  ,GA,30161-6757,Public       ,680,1456,2136,680,1456,2136
00411700,GRADY HEALTH SYSTEM                     ,GA,30303-3050,Public       ,77,318,395,77,318,395
00489808,MCCANN SCHOOL OF BUSINESS & TECHNOLOGY -,GA,31210-0246,Proprietary  ,12,63,75,12,63,75
00525400,LANIER TECHNICAL COLLEGE                ,GA,30566-3499,Public       ,506,1076,1582,506,1076,1582
00525500,MOULTRIE TECHNICAL COLLEGE              ,GA,31768-0000,Public       ,76,268,344,76,268,344
00525600,WIREGRASS GEORGIA TECHNICAL COLLEGE     ,GA,31602-0929,Public       ,344,1054,1398,344,1054,1398
00551100,OKEFENOKEE TECHNICAL COLLEGE            ,GA,31501-4016,Public       ,90,292,382,90,292,382
00551102,COASTAL PINES TECHNICAL COLLEGE - JESUP ,GA,31545-4465,Public       ,68,248,316,68,248,316
00559900,AUGUSTA TECHNICAL COLLEGE               ,GA,30906-3399,Public       ,586,1445,2031,586,1445,2031
00560000,ATHENS TECHNICAL COLLEGE                ,GA,30601-1579,Public       ,793,1311,2104,793,1311,2104
00560100,ALBANY TECHNICAL COLLEGE                ,GA,31701-2648,Public       ,343,1201,1544,343,1201,1544
00561500,SOUTHWEST GEORGIA TECHNICAL COLLEGE     ,GA,31792-2622,Public       ,220,643,863,220,643,863
00561700,SOUTH GEORGIA TECHNICAL COLLEGE         ,GA,31709-8167,Public       ,200,265,465,200,265,465
00561800,SAVANNAH TECHNICAL COLLEGE              ,GA,31405-5594,Public       ,653,1949,2602,653,1949,2602
00561900,NORTH GEORGIA TECHNICAL COLLEGE         ,GA,30523-0000,Public       ,472,706,1178,472,706,1178
00562000,CHATTAHOOCHEE TECHNICAL COLLEGE         ,GA,30060-3398,Public       ,1571,2773,4344,1571,2773,4344
00562100,SOUTHERN CRESCENT TECHNICAL COLLEGE     ,GA,30223-2097,Public       ,516,1511,2027,516,1511,2027
00562200,GEORGIA PIEDMONT TECHNICAL COLLEGE      ,GA,30021-2397,Public       ,369,1825,2194,369,1825,2194
00562400,COLUMBUS TECHNICAL COLLEGE              ,GA,31904-6572,Public       ,516,1222,1738,516,1222,1738
00576300,CENTRAL GEORGIA TECHNICAL COLLEGE       ,GA,31206-3628,Public       ,628,1802,2430,628,1802,2430
00854300,ATLANTA TECHNICAL COLLEGE               ,GA,30310-4499,Public       ,981,3740,4721,981,3740,4721
00897600,CLAYTON STATE UNIVERSITY                ,GA,30260-0285,Public       ,2740,2999,5739,2740,2999,5739
00927000,ART INSTITUTE OF ATLANTA (THE)          ,GA,30328-1649,Proprietary  ,2757,1947,4704,2757,1947,4704
00950700,GEORGIA HIGHLANDS COLLEGE               ,GA,30162-0000,Public       ,1505,1183,2688,1505,1183,2688
00982806,EVEREST INSTITUTE - JONESBORO           ,GA,30236-0000,Proprietary  ,24,136,160,24,136,160
00982807,EVEREST INSTITUTE - MARIETTA            ,GA,30067-8340,Proprietary  ,28,174,202,28,174,202
00982808,EVEREST INSTITUTE - EVEREST COLLEGE- ATL,GA,30331-2620,Proprietary  ,82,349,431,82,349,431
00982811,EVEREST INSTITUTE - NORCROSS            ,GA,30093-2813,Proprietary  ,42,199,241,42,199,241
01031903,FORTIS INSTITUTE - FORTIS COLLEGE       ,GA,30080-7630,Proprietary  ,44,170,214,44,170,214
01048700,WEST GEORGIA TECHNICAL COLLEGE          ,GA,30182-6476,Public       ,1074,2091,3165,1074,2091,3165
01077100,GUPTON JONES COLLEGE                    ,GA,30035-4022,Private      ,50,103,153,50,103,153
01099700,EAST GEORGIA COLLEGE                    ,GA,30401-2699,Public       ,1002,407,1409,1002,407,1409
01107400,BAINBRIDGE COLLEGE                      ,GA,39819-8400,Public       ,257,628,885,257,628,885
01157400,BAUDER COLLEGE                          ,GA,30313-2439,Proprietary  ,47,214,261,47,214,261
01205100,PRO WAY HAIR SCHOOL                     ,GA,30083-2884,Proprietary  ,15,48,63,15,48,63
01216500,ATLANTA METROPOLITAN COLLEGE            ,GA,30310-4498,Public       ,1255,2377,3632,1255,2377,3632
01246109,LINCOLN COLLEGE OF TECHNOLOGY - MARIETTA,GA,30067-8638,Proprietary  ,38,104,142,38,104,142
01303900,SOUTH UNIVERSITY                        ,GA,31406-4881,Proprietary  ,616,4558,5174,616,4558,5174
02060900,BROWN CLG OF COURT REPORTING & M.T.     ,GA,30318-2570,Proprietary  ,16,114,130,16,114,130
02074800,LIFE UNIVERSITY                         ,GA,30060-0000,Private      ,323,1675,1998,323,1675,1998
02113613,AMERICAN INTERCONTINENTAL UNIVERSITY    ,GA,30328-1649,Proprietary  ,210,933,1143,210,933,1143
02116000,SANFORD-BROWN COLLEGE                   ,GA,30328-4803,Proprietary  ,65,308,373,65,308,373
02141500,SAVANNAH COLLEGE OF ART & DESIGN        ,GA,31402-3146,Private      ,7259,1864,9123,7259,1864,9123
02202800,AUGUSTA AREA DIET INTERN UNIV HOSP      ,GA,30901-0000,Private      ,11,35,46,11,35,46
02217200,PORTFOLIO CENTER                        ,GA,30309-0000,Proprietary  ,9,35,44,9,35,44
02266200,AMERICAN PROFESSIONAL INSTITUTE         ,GA,31201-3185,Private      ,9,65,74,9,65,74
02284300,INTERACTIVE COLLEGE OF TECHNOLOGY       ,GA,30341-0000,Proprietary  ,31,259,290,31,259,290
02284308,INTERACTIVE LEARNING SYSTEMS            ,GA,30260-0000,Proprietary  ,4,38,42,4,38,42
02284309,INTERACTIVE COLLEGE OF TECHNOLOGY       ,GA,30501-0000,Proprietary  ,28,61,89,28,61,89
02285500,"CREATIVE CIRCUS, THE                    ",GA,30324-0000,Proprietary  ,36,140,176,36,140,176
02288400,GWINNETT TECHNICAL COLLEGE              ,GA,30043-5702,Public       ,1153,2731,3884,1153,2731,3884
02313902,WESTWOOD COLLEGE - O'HARE AIRPORT - ATLA,GA,30345-2807,Proprietary  ,42,247,289,42,247,289
02321400,ROFFLER-MOLER HAIRSTYLING COLLEGE       ,GA,30062-0000,Proprietary  ,8,27,35,8,27,35
02482100,MOREHOUSE SCHOOL OF MEDICINE            ,GA,30310-0000,Private      ,90,585,675,90,585,675
02520000,INTERNATIONAL SCH SKIN & NAILCARE       ,GA,30342-1119,Proprietary  ,24,96,120,24,96,120
02559315,(UNITED EDUCATION INSTITUTE) - UEI MORRO,GA,30260-2941,Proprietary  ,9,58,67,9,58,67
02577000,PAUL MITCHELL THE SCHOOL - ESANI        ,GA,30076-1507,Proprietary  ,38,67,105,38,67,105
02577700,BEAUTY COLLEGE OF AMERICA               ,GA,30297-0000,Proprietary  ,16,32,48,16,32,48
02580200,ATLANTA SCHOOL OF MASSAGE               ,GA,30338-0000,Proprietary  ,63,232,295,63,232,295
02583000,GWINNETT COLLEGE OF BUSINESS            ,GA,30047-3447,Proprietary  ,33,142,175,33,142,175
02614206,MILLER - MOTTE TECHNICAL COLLEGE - COLUM,GA,31907-3222,Proprietary  ,51,263,314,51,263,314
02614207,MILLER - MOTTE TECHNICAL COLLEGE - AUGUS,GA,30907-0921,Proprietary  ,50,294,344,50,294,344
03005400,GEORGIA CAREER INSTITUTE                ,GA,30013-2076,Proprietary  ,52,144,196,52,144,196
03010619,VIRGINIA COLLEGE - AUGUSTA              ,GA,30909-5515,Proprietary  ,79,364,443,79,364,443
03010623,VIRGINIA COLLEGE - MACON                ,GA,31206-3180,Proprietary  ,47,230,277,47,230,277
03022601,WESTERN CULINARY INSTITUTE - LE CORDON B,GA,30084-5893,Proprietary  ,181,440,621,181,440,621
03030000,OGEECHEE TECHNICAL COLLEGE              ,GA,30458-8049,Public       ,358,777,1135,358,777,1135
03042700,LAURUSTECHNICAL INSTITUTE               ,GA,30030-1506,Proprietary  ,16,94,110,16,94,110
03066500,SOUTHEASTERN TECHNICAL COLLEGE          ,GA,30474-8817,Public       ,166,337,503,166,337,503
03076300,BEULAH HEIGHTS BIBLE COLLEGE            ,GA,30316-1873,Private      ,16,176,192,16,176,192
03079202,WESTWOOD COLLEGE - ATLANTA MIDTOWN      ,GA,30309-2848,Proprietary  ,116,399,515,116,399,515
03089100,GEORGIA INSTITUTE OF COSMETOLOGY        ,GA,30606-3152,Proprietary  ,41,76,117,41,76,117
03090600,COBB BEAUTY COLLEGE                     ,GA,30144-2828,Proprietary  ,27,56,83,27,56,83
03100900,LUTHER RICE UNIVERSITY                  ,GA,30038-2454,Private      ,14,334,348,14,334,348
03102000,RIVERTOWN SCHOOL OF BEAUTY              ,GA,31904-4747,Proprietary  ,14,69,83,14,69,83
03104500,ATLANTA INSTITUTE OF MUSIC              ,GA,30096-4988,Proprietary  ,110,105,215,110,105,215
03116100,VOGUE BEAUTY AND BARBER SCHOOL          ,GA,30141-2226,Proprietary  ,16,66,82,16,66,82
03155500,OCONEE FALL LINE TECHNICAL COLLEGE      ,GA,31082-6179,Public       ,88,262,350,88,262,350
03173300,ATLANTA'S JOHN MARSHALL LAW SCHOOL      ,GA,30309-0000,Proprietary  ,40,610,650,40,610,650
03418300,GWINNETT COLLEGE-SANDY SPRINGS          ,GA,30328-3161,Proprietary  ,32,84,116,32,84,116
03445500,FAYETTE BEAUTY ACADEMY                  ,GA,30214-1191,Proprietary  ,11,41,52,11,41,52
03523300,AVIATION INSTITUTE OF MAINTENANCE       ,GA,30096-5038,Proprietary  ,57,204,261,57,204,261
03635300,CARVER BIBLE COLLEGE                    ,GA,30331-1300,Private      ,17,69,86,17,69,86
03804400,MEDTECH INSTITUTE                       ,GA,30339-6040,Proprietary  ,38,157,195,38,157,195
03812300,OMNITECH INSTITUTE                      ,GA,30035-1206,Proprietary  ,5,36,41,5,36,41
04021300,AUGUSTA SCHOOL OF MASSAGE               ,GA,30809-0000,Proprietary  ,6,23,29,6,23,29
04051331,ART INSTITUTE OF PHOENIX (THE) - BROWN M,GA,30319-3054,Proprietary  ,58,147,205,58,147,205
04142900,GEORGIA GWINNETT COLLEGE                ,GA,30043-7409,Public       ,4407,2877,7284,4407,2877,7284
04147000,PAUL MITCHELL THE SCHOOL ATLANTA        ,GA,30318-5241,Proprietary  ,131,216,347,131,216,347
04147700,LAKE LANIER SCHOOL OF MASSAGE           ,GA,30501-4546,Proprietary  ,7,24,31,7,24,31
04149900,PROFILE INSTITUTE OF BARBER-STYLING     ,GA,30315-8459,Proprietary  ,11,76,87,11,76,87
04150900,PROCESS INSTITUTE OF COSMETOLOGY (THE)  ,GA,30043-7344,Proprietary  ,21,40,61,21,40,61
04152300,GEORGIA BEAUTY ACADEMY                  ,GA,30721-3952,Proprietary  ,23,36,59,23,36,59
04156500,GEORGIA CHRISTIAN UNIVERSITY            ,GA,30047-3778,Private      ,23,33,56,23,33,56
04160200,ATLANTA BEAUTY ACADEMY                  ,GA,30340-1334,Proprietary  ,37,74,111,37,74,111
04203800,WOODRUFF MEDICAL TRAINING AND TESTING   ,GA,30033-6103,Proprietary  ,14,71,85,14,71,85
04204500,ELAINE STERLING INSTITUTE(THE)          ,GA,30342-2633,Proprietary  ,14,64,78,14,64,78
04206400,HELMS COLLEGE                           ,GA,31206-5309,Private      ,30,92,122,30,92,122
04206600,SAE INSTITUTE OF TECHNOLOGY - ATLANTA   ,GA,30303-1736,Proprietary  ,123,202,325,123,202,325
04218000,UNITED MEDICAL AND BUSINESS INSTITUTE   ,GA,30344-6977,Proprietary  ,8,35,43,8,35,43
04221100,NEW HORIZONS MEDICAL INSTITUTE          ,GA,30071-2965,Proprietary  ,18,142,160,18,142,160
00149911,EVEREST COLLEGE - MERRIONETTE PARK      ,IL,60803-4517,Proprietary  ,14,34,48,14,34,48
00162800,AMERICAN ACADEMY OF ART                 ,IL,60604-4302,Proprietary  ,701,196,897,701,196,897
00163300,AUGUSTANA COLLEGE                       ,IL,61201-2296,Private      ,4471,194,4665,4471,194,4665
00163400,AURORA UNIVERSITY                       ,IL,60506-4892,Private      ,3791,2109,5900,3791,2109,5900
00163600,SOUTHWESTERN ILLINOIS COLLEGE           ,IL,62221-5899,Public       ,2324,2474,4798,2324,2474,4798
00163800,BLACK HAWK COLLEGE                      ,IL,61265-5899,Public       ,1525,1050,2575,1525,1050,2575
00163900,BLACKBURN COLLEGE                       ,IL,62626-1498,Private      ,851,141,992,851,141,992
00164000,PRAIRIE STATE COLLEGE                   ,IL,60411-8226,Public       ,1986,2422,4408,1986,2422,4408
00164100,BRADLEY UNIVERSITY                      ,IL,61625-0002,Private      ,7888,758,8646,7888,758,8646
00164300,SPOON RIVER COLLEGE                     ,IL,61520-8907,Public       ,568,470,1038,568,470,1038
00164700,CITY COLLEGES OF CHICAGO                ,IL,60606-6998,Public       ,2955,3540,6495,2955,3540,6495
00164800,TRUMAN COLLEGE                          ,IL,60640-5691,Public       ,2063,2739,4802,2063,2739,4802
00164900,RICHARD J DALEY COLLEGE                 ,IL,60652-1299,Public       ,2612,2330,4942,2612,2330,4942
00165000,CITY COLLEGES OF CHICAGO-MALCOLM X      ,IL,60612-3197,Public       ,3436,4618,8054,3436,4618,8054
00165200,HAROLD WASHINGTON COLLEGE               ,IL,60601-2403,Public       ,6385,4840,11225,6385,4840,11225
00165400,KENNEDY KING COLLEGE                    ,IL,60621-3798,Public       ,1833,3513,5346,1833,3513,5346
00165500,WRIGHT COLLEGE                          ,IL,60634-1591,Public       ,4192,3278,7470,4192,3278,7470
00165700,MIDWESTERN UNIVERSITY                   ,IL,60515-1200,Private      ,103,2639,2742,103,2639,2742
00165900,ROSALIND FRANKLIN UNIVERSITY OF MEDICINE,IL,60064-3095,Private      ,53,2006,2059,53,2006,2059
00166100,CHICAGO THEOLOGICAL SEMINARY            ,IL,60637-0000,Private      ,14,135,149,14,135,149
00166300,SPERTUS COLLEGE                         ,IL,60605-1995,Private      ,1,27,28,1,27,28
00166400,UNIVERSITY OF ST FRANCIS                ,IL,60435-6188,Private      ,1778,1257,3035,1778,1257,3035
00166500,COLUMBIA COLLEGE                        ,IL,60605-1996,Private      ,11015,3075,14090,11015,3075,14090
00166600,CONCORDIA UNIVERSITY                    ,IL,60305-1499,Private      ,2825,1861,4686,2825,1861,4686
00166900,DANVILLE AREA COMMUNITY COLLEGE         ,IL,61832-5199,Public       ,521,548,1069,521,548,1069
00167100,DEPAUL UNIVERSITY                       ,IL,60604-2287,Private      ,22153,10832,32985,22153,10832,32985
00167400,EASTERN ILLINOIS UNIVERSITY             ,IL,61920-3099,Public       ,9013,2212,11225,9013,2212,11225
00167500,ELGIN COMMUNITY COLLEGE                 ,IL,60123-7193,Public       ,2531,1626,4157,2531,1626,4157
00167600,ELMHURST COLLEGE                        ,IL,60126-3296,Private      ,3461,966,4427,3461,966,4427
00167800,EUREKA COLLEGE                          ,IL,61530-9976,Private      ,1057,126,1183,1057,126,1183
00168100,HIGHLAND COMMUNITY COLLEGE              ,IL,61032-9341,Public       ,544,360,904,544,360,904
00168200,GARRETT-EVANGELICAL THEOLOGICAL SEM     ,IL,60201-0000,Private      ,3,85,88,3,85,88
00168400,GREENVILLE COLLEGE                      ,IL,62246-1199,Private      ,1367,247,1614,1367,247,1614
00168500,HEBREW THEOLOGICAL COLLEGE              ,IL,60077-3263,Private      ,266,21,287,266,21,287
00168800,ILLINOIS COLLEGE                        ,IL,62650-2299,Private      ,1724,175,1899,1724,175,1899
00168900,ILLINOIS COLLEGE OF OPTOMETRY           ,IL,60616-3878,Private      ,34,481,515,34,481,515
00169100,ILLINOIS INSTITUTE OF TECHNOLOGY        ,IL,60616-0000,Private      ,3635,1377,5012,3635,1377,5012
00169103,CHICAGO KENT COLLEGE OF LAW             ,IL,60661-0000,Private      ,53,958,1011,53,958,1011
00169200,ILLINOIS STATE UNIVERSITY               ,IL,61790-1000,Public       ,21167,3211,24378,21167,3211,24378
00169300,NORTHEASTERN ILLINOIS UNIV              ,IL,60625-4699,Public       ,6336,5111,11447,6336,5111,11447
00169400,CHICAGO STATE UNIVERSITY                ,IL,60628-1598,Public       ,4612,6727,11339,4612,6727,11339
00169600,ILLINOIS WESLEYAN UNIVERSITY            ,IL,61701-0000,Private      ,3161,152,3313,3161,152,3313
00169800,JOHN MARSHALL LAW SCHOOL                ,IL,60604-0000,Private      ,51,1034,1085,51,1034,1085
00169900,JOLIET JUNIOR COLLEGE                   ,IL,60431-8938,Public       ,4704,2749,7453,4704,2749,7453
00170000,JUDSON UNIVERSITY                       ,IL,60123-1498,Private      ,943,479,1422,943,479,1422
00170100,KASKASKIA COLLEGE                       ,IL,62801-7878,Public       ,836,560,1396,836,560,1396
00170300,KENDALL COLLEGE                         ,IL,60622-4278,Proprietary  ,722,875,1597,722,875,1597
00170400,KNOX COLLEGE                            ,IL,61401-4999,Private      ,2730,117,2847,2730,117,2847
00170500,ILLINOIS VALLEY COMMUNITY COLLEGE       ,IL,61348-9692,Public       ,961,718,1679,961,718,1679
00170600,LAKE FOREST COLLEGE                     ,IL,60045-2399,Private      ,2445,205,2650,2445,205,2650
00170700,LEWIS UNIVERSITY                        ,IL,60446-2200,Private      ,5490,2140,7630,5490,2140,7630
00170800,LINCOLN CHRISTIAN UNIVERSITY            ,IL,62656-2167,Private      ,331,316,647,331,316,647
00170900,LINCOLN COLLEGE                         ,IL,62656-1699,Private      ,1095,446,1541,1095,446,1541
00171000,LOYOLA UNIVERSITY CHICAGO               ,IL,60626-0000,Private      ,18189,7191,25380,18189,7191,25380
00171200,LUTHERAN SCHOOL OF THEOL AT CHICAGO     ,IL,60615-0000,Private      ,5,29,34,5,29,34
00171600,MACCORMAC COLLEGE                       ,IL,60602-4405,Private      ,40,135,175,40,135,175
00171700,MACMURRAY COLLEGE                       ,IL,62650-2590,Private      ,753,190,943,753,190,943
00172100,MCCORMICK THEOLOGICAL SEMINARY          ,IL,60615-5108,Private      ,3,59,62,3,59,62
00172200,MCKENDREE UNIVERSITY                    ,IL,62254-1299,Private      ,1794,770,2564,1794,770,2564
00172300,MEADVILLE LOMBARD THEOLOGICAL SCHOOL    ,IL,60637-1602,Private      ,0,88,88,0,88,88
00172400,MILLIKIN UNIVERSITY                     ,IL,62522-2084,Private      ,2896,522,3418,2896,522,3418
00172500,MONMOUTH COLLEGE                        ,IL,61462-1963,Private      ,2136,148,2284,2136,148,2284
00172700,MOODY BIBLE INSTITUTE                   ,IL,60610-3214,Private      ,1217,691,1908,1217,691,1908
00172800,MORTON COLLEGE                          ,IL,60804-4398,Public       ,1886,1014,2900,1886,1014,2900
00173200,NATIONAL UNIV OF HEALTH SCIENCES        ,IL,60148-4583,Private      ,32,328,360,32,328,360
00173300,NATIONAL-LOUIS UNIVERSITY               ,IL,60603-3032,Private      ,378,2749,3127,378,2749,3127
00173400,NORTH CENTRAL COLLEGE                   ,IL,60540-4690,Private      ,4815,556,5371,4815,556,5371
00173500,NORTH PARK UNIVERSITY                   ,IL,60625-4895,Private      ,3168,1221,4389,3168,1221,4389
00173600,NORTHERN BAPTIST THEOL SEMINARY         ,IL,60148-0000,Private      ,2,26,28,2,26,28
00173700,NORTHERN ILLINOIS UNIVERSITY            ,IL,60115-2854,Public       ,19725,6444,26169,19725,6444,26169
00173900,NORTHWESTERN UNIV                       ,IL,60208-0001,Private      ,17651,6125,23776,17651,6125,23776
00174100,OLIVET NAZARENE UNIVERSITY              ,IL,60914-2271,Private      ,3594,1238,4832,3594,1238,4832
00174200,IL EASTERN COMM COLGS-OLNEY CENTRAL     ,IL,62450-1099,Public       ,377,238,615,377,238,615
00174500,QUINCY UNIVERSITY                       ,IL,62301-2699,Private      ,1381,277,1658,1381,277,1658
00174600,ROBERT MORRIS UNIVERSITY ILLINOIS       ,IL,60605-1225,Private      ,4577,2978,7555,4577,2978,7555
00174700,ROCK VALLEY COLLEGE                     ,IL,61114-5699,Public       ,2309,1973,4282,2309,1973,4282
00174800,ROCKFORD UNIVERSITY                     ,IL,61108-2393,Private      ,1256,703,1959,1256,703,1959
00174900,ROOSEVELT UNIVERSITY                    ,IL,60605-1394,Private      ,4733,3722,8455,4733,3722,8455
00175000,DOMINICAN UNIVERSITY                    ,IL,60305-1066,Private      ,3882,1130,5012,3882,1130,5012
00175200,SAUK VALLEY COMMUNITY COLLEGE           ,IL,61021-9112,Public       ,635,392,1027,635,392,1027
00175300,SCHOOL OF ART INSTITUTE OF CHICAGO      ,IL,60603-3013,Private      ,3613,1707,5320,3613,1707,5320
00175600,SHIMER COLLEGE                          ,IL,60616-3893,Private      ,73,39,112,73,39,112
00175700,SOUTHEASTERN ILLINOIS COLLEGE           ,IL,62946-4925,Public       ,417,364,781,417,364,781
00175800,SOUTHERN ILL UNIV-CARBONDALE            ,IL,62901-0000,Public       ,15446,4785,20231,15446,4785,20231
00175900,SOUTHERN ILL UNIV-EDWARDSVILLE          ,IL,62026-1060,Public       ,11713,3467,15180,11713,3467,15180
00175924,SO IL UNIV-SCHL OF DENTAL MEDICINE      ,IL,62002-0000,Public       ,7,95,102,7,95,102
00176500,UNIVERSITY OF ST MARY OF THE LAKE       ,IL,60060-0000,Private      ,3,9,12,3,9,12
00176700,BENEDICTINE UNIVERSITY                  ,IL,60532-0900,Private      ,3138,1905,5043,3138,1905,5043
00176800,ST XAVIER UNIVERSITY                    ,IL,60655-3199,Private      ,6263,1900,8163,6263,1900,8163
00176900,SOUTH SUBURBAN COLLEGE                  ,IL,60473-9978,Public       ,1884,2512,4396,1884,2512,4396
00177100,TRINITY CHRISTIAN COLLEGE               ,IL,60463-0929,Private      ,1190,559,1749,1190,559,1749
00177200,TRINITY INTERNATIONAL UNIVERSITY        ,IL,60015-1283,Private      ,744,504,1248,744,504,1248
00177300,TRITON COLLEGE                          ,IL,60171-1995,Public       ,3010,2275,5285,3010,2275,5285
00177400,UNIVERSITY OF CHICAGO                   ,IL,60637-1476,Private      ,16034,2545,18579,16034,2545,18579
00177401,UNIV OF CHICAGO PRITZKER SCH OF MED     ,IL,60637-0000,Private      ,64,398,462,64,398,462
00177403,"UNIV OF CHICAGO, BOOTH SCH OF BUS       ",IL,60637-0000,Private      ,82,470,552,82,470,552
00177405,UNIVERSITY OF CHICAGO GRADUATE          ,IL,60637-0000,Private      ,115,3235,3350,115,3235,3350
00177500,UNIV OF ILLINOIS @ URBANA-CHAMPAIGN     ,IL,61820-5796,Public       ,31316,6021,37337,31316,6021,37337
00177600,UNIV OF ILLINOIS AT CHICAGO             ,IL,60607-0000,Public       ,25689,12778,38467,25689,12778,38467
00177800,VANDERCOOK COLLEGE OF MUSIC             ,IL,60616-3731,Private      ,137,62,199,137,62,199
00177900,IL EASTERN COMM COLGS-WABASH VALLEY     ,IL,62863-2699,Public       ,340,138,478,340,138,478
00178000,WESTERN ILLINOIS UNIVERSITY             ,IL,61455-1390,Public       ,11832,2984,14816,11832,2984,14816
00178100,WHEATON COLLEGE                         ,IL,60187-5535,Private      ,2553,258,2811,2553,258,2811
00178300,WORSHAM COLLEGE OF MORTUARY SCIENCE     ,IL,60090-2646,Proprietary  ,53,81,134,53,81,134
00396100,HARPER COLLEGE                          ,IL,60067-7398,Public       ,3590,1807,5397,3590,1807,5397
00456000,GEM CITY COLLEGE                        ,IL,62301-4949,Proprietary  ,13,12,25,13,12,25
00456800,MIDSTATE COLLEGE                        ,IL,61614-3558,Proprietary  ,69,478,547,69,478,547
00621400,BLESSING RIEMAN COLLEGE OF NURSING      ,IL,62301-0000,Private      ,132,125,257,132,125,257
00621401,BLESSING HOSPITAL - SCHOOL OF MEDICAL LA,IL,62305-7005,Private      ,6,19,25,6,19,25
00621402,BLESSING HOSPITAL - SCHOOL OF RADIOLOGIC,IL,62305-7005,Private      ,20,14,34,20,14,34
00622500,TRINITY COLLEGE OF NURSING AND HEALTH SC,IL,61201-5317,Private      ,118,158,276,118,158,276
00622800,METHODIST MED CTR OF ILL SCH NRSNG      ,IL,61636-0000,Private      ,238,399,637,238,399,637
00624000,ST FRANCIS MED CLG OF NRSG              ,IL,61603-3783,Private      ,295,337,632,295,337,632
00638500,CHAMBERLAIN COLLEGE OF NURSING          ,IL,60101-0000,Proprietary  ,1553,11961,13514,1553,11961,13514
00665600,COLLEGE OF DUPAGE                       ,IL,60137-6599,Public       ,7772,4271,12043,7772,4271,12043
00675300,ILLINOIS CENTRAL COLLEGE                ,IL,61635-0001,Public       ,2934,1949,4883,2934,1949,4883
00693100,WAUBONSEE COMMUNITY COLLEGE             ,IL,60554-0000,Public       ,2196,1517,3713,2196,1517,3713
00711800,PARKLAND COLLEGE                        ,IL,61821-1899,Public       ,2910,1607,4517,2910,1607,4517
00711900,REND LAKE COLLEGE                       ,IL,62846-9801,Public       ,695,435,1130,695,435,1130
00717000,LINCOLN LAND COMMUNITY COLLEGE          ,IL,62794-9256,Public       ,1820,1513,3333,1820,1513,3333
00726500,CARL SANDBURG COLLEGE                   ,IL,61401-9576,Public       ,929,700,1629,929,700,1629
00730307,LINCOLN COLLEGE OF TECHNOLOGY - MELROSE ,IL,60160-1605,Proprietary  ,335,171,506,335,171,506
00754900,COYNE AMERICAN INSTITUTE                ,IL,60607-1300,Proprietary  ,137,315,452,137,315,452
00764400,LAKE LAND COLLEGE                       ,IL,61938-9366,Public       ,1466,896,2362,1466,896,2362
00768400,KISHWAUKEE COLLEGE                      ,IL,60150-9699,Public       ,1477,1010,2487,1477,1010,2487
00769000,KANKAKEE COMMUNITY COLLEGE              ,IL,60901-6505,Public       ,899,878,1777,899,878,1777
00769100,MCHENRY COUNTY COLLEGE                  ,IL,60012-2761,Public       ,1318,823,2141,1318,823,2141
00769200,MORAINE VALLEY COMMUNITY COLLEGE        ,IL,60465-0937,Public       ,4957,2800,7757,4957,2800,7757
00769300,SHAWNEE COMMUNITY COLLEGE               ,IL,62992-9725,Public       ,381,305,686,381,305,686
00769400,COLLEGE OF LAKE COUNTY                  ,IL,60030-1198,Public       ,2854,1727,4581,2854,1727,4581
00807600,JOHN A LOGAN COLLEGE                    ,IL,62918-2500,Public       ,1108,923,2031,1108,923,2031
00825900,EDUCATORS OF BEAUTY                     ,IL,61081-3611,Proprietary  ,11,12,23,11,12,23
00825901,EDUCATORS OF BEAUTY                     ,IL,61104-0000,Proprietary  ,30,37,67,30,37,67
00832800,ALVAREITA'S COLLEGE OF COSMETOLOGY      ,IL,62025-2041,Proprietary  ,29,36,65,29,36,65
00869402,RASMUSSEN COLLEGE - ROCKFORD            ,IL,61108-2513,Proprietary  ,101,506,607,101,506,607
00869403,RASMUSSEN COLLEGE - AURORA              ,IL,60506-6219,Proprietary  ,65,265,330,65,265,330
00869404,RASMUSSEN COLLEGE - ROMEOVILLE          ,IL,60446-0000,Proprietary  ,83,435,518,83,435,518
00869418,RASMUSSEN COLLEGE -  MOKENA             ,IL,60448-0000,Proprietary  ,17,230,247,17,230,247
00888000,MORRISON INSTITUTE OF TECHNOLOGY        ,IL,61270-2959,Private      ,106,23,129,106,23,129
00893800,GRAHAM HOSPITAL SCH OF NURSING          ,IL,61520-2497,Private      ,20,53,73,20,53,73
00893900,CANNELLA SCHOOL OF HAIR DESIGN          ,IL,60406-2130,Proprietary  ,11,30,41,11,30,41
00914500,GOVERNORS STATE UNIVERSITY              ,IL,60466-0975,Public       ,2110,4316,6426,2110,4316,6426
00923200,CATHOLIC THEOLOGICAL UNION              ,IL,60615-0000,Private      ,6,20,26,6,20,26
00933300,UNIV OF ILLINOIS AT SPRINGFIELD         ,IL,62703-5407,Public       ,2435,1717,4152,2435,1717,4152
00947500,EDUCATORS OF BEAUTY                     ,IL,61301-2404,Proprietary  ,12,9,21,12,9,21
00959500,CANNELLA SCHOOL OF HAIR DESIGN          ,IL,60617-4303,Proprietary  ,44,81,125,44,81,125
00976700,OLIVE-HARVEY COLLEGE                    ,IL,60628-1696,Public       ,1291,2303,3594,1291,2303,3594
00978600,IL EASTERN COMM COLGS-LINCOLN TRAIL     ,IL,62454-5708,Public       ,271,177,448,271,177,448
00980000,RUSH UNIVERSITY                         ,IL,60612-3806,Private      ,305,2435,2740,305,2435,2740
00982810,EVEREST INSTITUTE - EVEREST COLLEGE- BED,IL,60629-5819,Proprietary  ,33,55,88,33,55,88
00989600,OAKTON COMMUNITY COLLEGE                ,IL,60016-1268,Public       ,2738,1566,4304,2738,1566,4304
00998700,SAINT ANTHONY COLLEGE OF NURSING        ,IL,61108-2468,Private      ,150,292,442,150,292,442
01002000,LEWIS AND CLARK COMMUNITY COLLEGE       ,IL,62035-2466,Public       ,1264,888,2152,1264,888,2152
01050100,LAKEVIEW  COLLEGE OF NURSING            ,IL,61832-3781,Private      ,163,206,369,163,206,369
01069500,TRI-COUNTY BEAUTY ACADEMY               ,IL,62056-2036,Proprietary  ,8,4,12,8,4,12
01071000,CAPITAL AREA SCH OF PRAC NRSG           ,IL,62707-0000,Public       ,38,183,221,38,183,221
01072700,DEVRY UNIVERSITY                        ,IL,60618-5994,Proprietary  ,4138,27511,31649,4138,27511,31649
01083600,PIVOT POINT ACADEMY                     ,IL,60626-0000,Proprietary  ,95,137,232,95,137,232
01087900,RICHLAND COMMUNITY COLLEGE              ,IL,62521-8513,Public       ,638,793,1431,638,793,1431
01091303,ROCKFORD CAREER COLLEGE                 ,IL,61108-3900,Proprietary  ,143,318,461,143,318,461
01181000,TAYLOR BUSINESS INSTITUTE               ,IL,60606-5111,Proprietary  ,25,73,98,25,73,98
01185800,EVEREST COLLEGE                         ,IL,60077-1074,Proprietary  ,25,43,68,25,43,68
01185802,EVEREST COLLEGE - BURR RIDGE            ,IL,60527-7826,Proprietary  ,12,22,34,12,22,34
01185803,EVEREST COLLEGE - MELROSE PARK          ,IL,60160-1526,Proprietary  ,43,70,113,43,70,113
01236200,NORTHWESTERN COLLEGE                    ,IL,60630-2298,Proprietary  ,1247,1991,3238,1247,1991,3238
01238500,BLOOMINGTON-NORMAL SCH RADIOGRAPHY      ,IL,61761-4604,Private      ,16,14,30,16,14,30
01258400,ILLINOIS INSTITUTE OF ART (THE)         ,IL,60654-1593,Proprietary  ,2401,1597,3998,2401,1597,3998
01281300,JOHN WOOD COMMUNITY COLLEGE             ,IL,62305-0401,Public       ,785,564,1349,785,564,1349
01308800,CAPRI OAK FOREST COLLEGE OF BEAUTY      ,IL,60452-2798,Proprietary  ,44,36,80,44,36,80
02055200,HARRINGTON COLLEGE OF DESIGN            ,IL,60606-3433,Proprietary  ,149,261,410,149,261,410
02068100,ADLER SCH OF PROFESSIONAL PSYCHLGY      ,IL,60601-0000,Private      ,76,859,935,76,859,935
02069300,VATTEROTT COLLEGE                       ,IL,62305-5938,Proprietary  ,29,76,105,29,76,105
02073200,TELSHE YESHIVA-CHICAGO                  ,IL,60625-0000,Private      ,33,5,38,33,5,38
02074400,IL EASTERN COMM COLGS-FRONTIER          ,IL,62837-0000,Public       ,106,117,223,106,117,223
02113600,AMERICAN INTERCONTINENTAL UNIVERSITY    ,IL,60192-3713,Proprietary  ,341,6852,7193,341,6852,7193
02117400,BECK AREA CAREER CENTER                 ,IL,62278-0000,Public       ,13,48,61,13,48,61
02124400,UNIVERSITY OF SPA & COSMETOLOGY ART     ,IL,62704-0000,Proprietary  ,35,52,87,35,52,87
02150600,COSMETOLOGY AND SPA INSTITUTE (THE)     ,IL,60014-4003,Proprietary  ,33,49,82,33,49,82
02155300,THE CHICAGO SCHOOL OF PROF PSYCHOLOGY   ,IL,60610-4705,Private      ,61,2962,3023,61,2962,3023
02160300,INTERNATIONAL ACAD OF DESIGN & TECH     ,IL,60602-3319,Proprietary  ,102,107,209,102,107,209
02168600,EAST WEST UNIVERSITY                    ,IL,60605-0000,Private      ,1052,890,1942,1052,890,1942
02179900,ARGOSY UNIVERSITY                       ,IL,60601-7757,Proprietary  ,1955,8090,10045,1955,8090,10045
02185400,ST AUGUSTINE COLLEGE                    ,IL,60640-0000,Private      ,531,1469,2000,531,1469,2000
02192400,MR JOHNS SCHOOL OF COSMETOLOGY          ,IL,62521-0000,Proprietary  ,7,16,23,7,16,23
02202600,CANNELLA SCHOOL OF HAIR DESIGN          ,IL,60181-1321,Proprietary  ,9,19,28,9,19,28
02214100,RESURRECTION UNIVERSITY                 ,IL,60302-2519,Private      ,214,595,809,214,595,809
02228100,MAC DANIEL'S BEAUTY SCHOOL              ,IL,60640-0000,Proprietary  ,24,50,74,24,50,74
02261200,HAIR PROFESSIONALS ACAD COSMETOLOGY     ,IL,60118-0000,Proprietary  ,11,32,43,11,32,43
02261201,HAIR PROFESSIONALS ACADEMY OF COSMETOLOG,IL,60118-9333,Proprietary  ,1,3,4,1,3,4
02262100,HAIR PROFESSIONALS SCH COSMETOLOGY      ,IL,60543-0000,Proprietary  ,8,10,18,8,10,18
02291200,CANNELLA SCHOOL OF HAIR DESIGN          ,IL,60639-0000,Proprietary  ,39,82,121,39,82,121
02295500,CANNELLA SCHOOL OF HAIR DESIGN          ,IL,60120-0000,Proprietary  ,8,26,34,8,26,34
02297500,OEHRLEIN SCHOOL OF COSMETOLOGY          ,IL,61611-0000,Proprietary  ,24,29,53,24,29,53
02312300,LA' JAMES COLLEGE HAIRSTYLING           ,IL,61244-0000,Proprietary  ,5,16,21,5,16,21
02313900,WESTWOOD COLLEGE - O'HARE AIRPORT       ,IL,60631-2801,Proprietary  ,118,286,404,118,286,404
02317300,CONCEPT COLLEGE OF COSMETOLOGY          ,IL,61832-0000,Proprietary  ,11,32,43,11,32,43
02319200,LAKE FOREST GRAD SCHL OF MGMT           ,IL,60045-4824,Private      ,5,58,63,5,58,63
02323300,PROFESSIONAL'S CHOICE HAIR DSN ACAD     ,IL,60435-0000,Proprietary  ,12,22,34,12,22,34
02332200,HAIR PROFESSIONALS CAREER COLLEGE       ,IL,60178-0000,Proprietary  ,4,10,14,4,10,14
02349400,ALVAREITA'S COLLEGE OF COSMETOLOGY      ,IL,62035-0000,Proprietary  ,5,3,8,5,3,8
02349500,CANNELLA SCHOOL OF HAIR DESIGN          ,IL,60632-0000,Proprietary  ,53,82,135,53,82,135
02352200,LE CORDON BLEU COLLEGE OF CULINARY ARTS ,IL,60610-3050,Proprietary  ,428,619,1047,428,619,1047
02498200,G SKIN & BEAUTY INSTITUTE               ,IL,60523-1805,Proprietary  ,30,57,87,30,57,87
02498201,HAIR PROFESSIONALS ACADEMY OF COSMETOLOG,IL,60563-0000,Proprietary  ,11,14,25,11,14,25
02522800,FOX COLLEGE                             ,IL,60638-1999,Proprietary  ,288,324,612,288,324,612
02536700,BELL MAR BEAUTY COLLEGE                 ,IL,60650-0000,Proprietary  ,16,26,42,16,26,42
02556100,ENVIRONMENTAL TECHNICAL INSTITUTE       ,IL,60143-0000,Proprietary  ,13,27,40,13,27,40
02556600,NILES SCHOOL OF COSMETOLOGY             ,IL,60714-0000,Proprietary  ,9,9,18,9,9,18
02573700,INSTITUTE FOR CLINICAL SOCIAL WORK      ,IL,60605-1229,Private      ,32,134,166,32,134,166
02584900,"FIRST INSTITUTE, INC.                   ",IL,60014-7489,Proprietary  ,20,47,67,20,47,67
02587700,HAIR PROFESSIONALS CAREER COLLEGE       ,IL,60465-1929,Proprietary  ,17,16,33,17,16,33
02599716,VATTEROTT COLLEGE - FAIRVIEW HEIGHTS    ,IL,62208-2029,Proprietary  ,43,121,164,43,121,164
02622700,KNOWLEDGE SYSTEMS INSTITUTE             ,IL,60076-0000,Private      ,1,3,4,1,3,4
03002000,HAIRMASTERS INST OF COSMETOLOGY         ,IL,61701-5547,Proprietary  ,13,5,18,13,5,18
03027702,PACIFIC COLLEGE OF ORIENTAL MEDICINE - C,IL,60601-7296,Proprietary  ,7,112,119,7,112,119
03065300,TREND SETTERS COLL OF COSMETOLOGY       ,IL,60915-0000,Proprietary  ,14,20,34,14,20,34
03065301,PAUL MITCHELL THE SCHOOL TINLEY PARK    ,IL,60477-6273,Proprietary  ,68,98,166,68,98,166
03072701,WESTWOOD COLLEGE - RIVER OAKS           ,IL,60409-5503,Proprietary  ,66,207,273,66,207,273
03072702,WESTWOOD COLLEGE OF TECHNOLOGY          ,IL,60602-0000,Proprietary  ,125,367,492,125,367,492
03078400,CAMEO BEAUTY ACADEMY                    ,IL,60453-3196,Proprietary  ,19,31,50,19,31,50
03079200,WESTWOOD COLLEGE - DUPAGE               ,IL,60517-2321,Proprietary  ,66,168,234,66,168,234
03082900,ROSEL SCHOOL OF COSMETOLOGY             ,IL,60659-1913,Proprietary  ,29,38,67,29,38,67
03083800,HEARTLAND COMMUNITY COLLEGE             ,IL,61761-9446,Public       ,1748,971,2719,1748,971,2719
03098000,ST JOHN'S COLLEGE OF NURSING            ,IL,62702-5321,Private      ,105,136,241,105,136,241
03098002,ST JOHN'S HOSP SCH MED TECH             ,IL,62769-5324,Private      ,16,28,44,16,28,44
03099700,CAIN'S BARBER COLLEGE                   ,IL,60615-3510,Proprietary  ,60,151,211,60,151,211
03099800,ILLINOIS SCHOOL OF HEALTH CAREERS       ,IL,60604-0000,Proprietary  ,122,285,407,122,285,407
03101800,ILLINOIS CENTER FOR BROADCASTING        ,IL,60148-7015,Proprietary  ,40,68,108,40,68,108
03128500,NATIONAL LATINO EDUCATION INSTITUTE     ,IL,60609-2205,Private      ,36,54,90,36,54,90
03199300,CHRISTIAN LIFE COLLEGE                  ,IL,60056-2522,Private      ,7,9,16,7,9,16
03368300,MIDWEST TECHNICAL INSTITUTE             ,IL,62707-8805,Proprietary  ,378,754,1132,378,754,1132
03416300,COMPUTER SYSTEMS INSTITUTE              ,IL,60077-0000,Proprietary  ,116,208,324,116,208,324
03455700,CORTIVA INSTITUTE - CHICAGO             ,IL,60602-3315,Proprietary  ,60,110,170,60,110,170
03455701,CORTIVA INSTITUTE - CHICAGO             ,IL,60014-6285,Proprietary  ,10,16,26,10,16,26
03490301,PAUL MITCHELL THE SCHOOL CHICAGO        ,IL,60607-0000,Proprietary  ,290,264,554,290,264,554
03490302,PAUL MITCHELL THE SCHOOL ESCANABA - PAUL,IL,60148-0000,Proprietary  ,45,45,90,45,45,90
03510300,ERIKSON INSTITUTE                       ,IL,60654-4510,Private      ,7,244,251,7,244,251
03643300,"MR. JOHN'S SCHOOL OF JACKSONVILLE,  INC,",IL,62650-3488,Proprietary  ,6,7,13,6,7,13
03684300,NORTHSHORE UNIVERSITY HEALTHSYSTEM SCHOO,IL,60201-9872,Private      ,8,43,51,8,43,51
03881400,EUROPEAN MASSAGE THERAPY SCHOOL         ,IL,60077-2269,Proprietary  ,7,25,32,7,25,32
03891300,SOMA INSTITUTE - THE NATIONAL SCHOOL OF ,IL,60604-4466,Proprietary  ,14,39,53,14,39,53
03914300,"CALC, INSTITUTE OF TECHNOLOGY           ",IL,62002-5946,Proprietary  ,10,45,55,10,45,55
04117500,SOLEX MEDICAL ACADEMY                   ,IL,60090-3104,Proprietary  ,4,6,10,4,6,10
04117600,LARRY'S BARBER COLLEGE                  ,IL,60628-2322,Proprietary  ,59,162,221,59,162,221
04118400,CHICAGO ORT TECHNICAL INSTITUTE         ,IL,60077-3210,Private      ,25,59,84,25,59,84
04124700,AMBRIA COLLEGE OF NURSING               ,IL,60192-3712,Proprietary  ,56,352,408,56,352,408
04136900,UNIVERSITY OF AESTHETICS (THE)          ,IL,60622-2151,Proprietary  ,7,23,30,7,23,30
04137000,UNIVERSITY OF AESTHETICS & COSMETOLOGY (,IL,60515-4607,Proprietary  ,7,19,26,7,19,26
04137500,TRICOCI UNIVERSITY OF BEAUTY CULTURE    ,IL,60656-1805,Proprietary  ,130,144,274,130,144,274
04139000,MIDWESTERN CAREER COLLEGE               ,IL,60606-3103,Proprietary  ,33,202,235,33,202,235
04141000,AVEDA INSTITUTE CHICAGO                 ,IL,60647-0000,Proprietary  ,131,183,314,131,183,314
04147100,TRICOCI UNIVERSITY OF BEAUTY CULTURE    ,IL,60048-2906,Proprietary  ,38,38,76,38,38,76
04147200,TRICOCI UNIVERSITY OF BEAUTY CULTURE    ,IL,60455-1824,Proprietary  ,41,67,108,41,67,108
04147300,TRICOCI UNIVERSITY OF BEAUTY CULTURE    ,IL,60139-3119,Proprietary  ,49,43,92,49,43,92
04147400,TRICOCI UNIVERSITY OF BEAUTY CULTURE    ,IL,61614-4831,Proprietary  ,31,49,80,31,49,80
04147500,TRICOCI UNIVERSITY OF BEAUTY CULTURE    ,IL,61108-2337,Proprietary  ,35,65,100,35,65,100
04160600,PAUL MITCHELL THE SCHOOL NORMAL         ,IL,61761-0000,Proprietary  ,36,32,68,36,32,68
04167800,INNOVATIONS DESIGN ACADEMY              ,IL,61520-2625,Proprietary  ,9,24,33,9,24,33
04168500,SOLEX COLLEGE                           ,IL,60090-3192,Proprietary  ,6,47,53,6,47,53
04170800,UNITY COSMETOLOGY COLLEGE               ,IL,61764-9652,Proprietary  ,2,6,8,2,6,8
04174900,SKIN CARE AND SPA INSTITUTE             ,IL,60077-2200,Proprietary  ,2,17,19,2,17,19
04175000,UNIVERSAL SPA TRAINING ACADEMY          ,IL,60515-0000,Proprietary  ,12,40,52,12,40,52
04175800,J RENEE CAREER FACILITATION             ,IL,60014-7986,Proprietary  ,6,52,58,6,52,58
04179100,PCCTI  IT & HEALTHCARE                  ,IL,60523-0000,Proprietary  ,10,162,172,10,162,172
04187400,COSMETOLOGY CONCEPTS                    ,IL,60452-2501,Proprietary  ,33,63,96,33,63,96
04189200,SALON PROFESSIONAL ACADEMY (THE)        ,IL,60404-8789,Proprietary  ,12,21,33,12,21,33
04189400,SHEAR LEARNING ACADEMY OF COSMETOLOGY   ,IL,62523-1208,Proprietary  ,4,6,10,4,6,10
04189600,STATE CAREER SCHOOL                     ,IL,60085-5129,Proprietary  ,21,39,60,21,39,60
04192000,CURVE METRIC SCHOOL OF HAIR DESIGN      ,IL,60707-1118,Proprietary  ,2,3,5,2,3,5
04195600,TRIBECA FLASHPOINT MEDIA ARTS ACADEMY   ,IL,60602-2716,Proprietary  ,271,110,381,271,110,381
04224400,NETWORKS BARBER COLLEGE                 ,IL,60409-3401,Proprietary  ,4,10,14,4,10,14
04224500,TRENZ BEAUTY ACADEMY                    ,IL,60409-0000,Proprietary  ,6,21,27,6,21,27
04225300,CREATIVE TOUCH COSMETOLOGY SCHOOL       ,IL,62298-1609,Proprietary  ,5,3,8,5,3,8
04227900,MORTHLAND COLLEGE                       ,IL,62896-2742,Private      ,78,13,91,78,13,91
04229900,DEBUTANTES SCHOOL OF COSMETOLOGY AND NAI,IL,60115-3301,Proprietary  ,16,15,31,16,15,31
04232300,HVAC TECHNICAL INSTITUTE                ,IL,60632-4457,Proprietary  ,24,41,65,24,41,65
11072707,DEVRY UNIVERSITY - DOWNERS              ,IL,60515-0000,Proprietary  ,258,2591,2849,258,2591,2849
00195100,ALICE LLOYD COLLEGE                     ,KY,41844-9703,Private      ,1134,178,1312,1134,178,1312
00195200,ASBURY COLLEGE                          ,KY,40390-1198,Private      ,1451,367,1818,1451,367,1818
00195300,ASBURY THEOLOGICAL SEMINARY             ,KY,40390-0000,Private      ,15,541,556,15,541,556
00195400,BELLARMINE UNIVERSITY                   ,KY,40205-1877,Private      ,5078,1131,6209,5078,1131,6209
00195500,BEREA COLLEGE                           ,KY,40403-0000,Private      ,2810,590,3400,2810,590,3400
00195800,BRESCIA UNIVERSITY                      ,KY,42301-3023,Private      ,976,569,1545,976,569,1545
00195900,CAMPBELLSVILLE UNIVERSITY               ,KY,42718-2799,Private      ,2475,980,3455,2475,980,3455
00196000,SPALDING UNIVERSITY                     ,KY,40203-2188,Private      ,1245,1713,2958,1245,1713,2958
00196100,CENTRE COLLEGE                          ,KY,40422-1394,Private      ,2351,92,2443,2351,92,2443
00196200,UNIVERSITY OF THE CUMBERLANDS           ,KY,40769-1372,Private      ,2377,1776,4153,2377,1776,4153
00196300,EASTERN KENTUCKY UNIVERSITY             ,KY,40475-3102,Public       ,12119,5772,17891,12119,5772,17891
00196400,GEORGETOWN COLLEGE                      ,KY,40324-1628,Private      ,1679,301,1980,1679,301,1980
00196500,KENTUCKY CHRISTIAN UNIVERSITY           ,KY,41143-2205,Private      ,856,161,1017,856,161,1017
00196800,KENTUCKY STATE UNIVERSITY               ,KY,40601-2355,Public       ,2122,1021,3143,2122,1021,3143
00196900,KENTUCKY WESLEYAN COLLEGE               ,KY,42301-6057,Private      ,1155,223,1378,1155,223,1378
00197100,LEXINGTON THEOLOGICAL SEMINARY          ,KY,40508-0000,Private      ,6,27,33,6,27,33
00197200,LINDSEY WILSON COLLEGE                  ,KY,42728-1223,Private      ,2774,1072,3846,2774,1072,3846
00197400,LOUISVILLE PRESBYTERIAN THEOL SEM       ,KY,40205-0000,Private      ,10,54,64,10,54,64
00197500,MIDWAY UNIVERSITY                       ,KY,40347-1120,Private      ,443,805,1248,443,805,1248
00197600,MOREHEAD STATE UNIVERSITY               ,KY,40351-1689,Public       ,6815,2432,9247,6815,2432,9247
00197700,MURRAY STATE UNIVERSITY                 ,KY,42071-0009,Public       ,6110,2173,8283,6110,2173,8283
00197900,WEST KENTUCKY CMNTY & TECHNICAL COLG    ,KY,42002-7380,Public       ,1373,1701,3074,1373,1701,3074
00198000,UNIVERSITY OF PIKEVILLE                 ,KY,41501-1194,Private      ,2166,1140,3306,2166,1140,3306
00198300,ST. CATHARINE COLLEGE                   ,KY,40061-9499,Private      ,635,190,825,635,190,825
00198700,TRANSYLVANIA UNIVERSITY                 ,KY,40508-1797,Private      ,1903,173,2076,1903,173,2076
00198800,UNION COLLEGE                           ,KY,40906-1499,Private      ,1103,374,1477,1103,374,1477
00198900,UNIVERSITY OF KENTUCKY                  ,KY,40506-0054,Public       ,21944,5951,27895,21944,5951,27895
00198901,UNIV OF KY-COLLEGE OF DENTISTRY         ,KY,40536-0000,Public       ,50,131,181,50,131,181
00198902,UNIV OF KY-COLLEGE OF MEDICINE          ,KY,40536-0000,Public       ,77,403,480,77,403,480
00199000,ASHLAND COMMUNITY AND TECHNICAL COLLEGE ,KY,41101-3683,Public       ,840,1077,1917,840,1077,1917
00199100,ELIZABETHTOWN COMMUNITY  AND TECHNICAL C,KY,42701-3081,Public       ,1701,1903,3604,1701,1903,3604
00199300,HENDERSON COMMUNITY COLLEGE             ,KY,42420-4699,Public       ,405,577,982,405,577,982
00199400,HOPKINSVILLE COMMUNITY COLLEGE          ,KY,42241-2621,Public       ,531,1437,1968,531,1437,1968
00199600,BIG SANDY COMMUNITY AND TECHNICAL COLG  ,KY,41653-1815,Public       ,1583,1548,3131,1583,1548,3131
00199700,SOMERSET COMMUNITY COLLEGE              ,KY,42501-2973,Public       ,2052,2929,4981,2052,2929,4981
00199800,SOUTHEAST KENTUCKY COMMUNITY AND TECHNIC,KY,40823-1099,Public       ,823,866,1689,823,866,1689
00199900,UNIVERSITY OF LOUISVILLE                ,KY,40292-0000,Public       ,13906,7414,21320,13906,7414,21320
00200100,THOMAS MORE COLLEGE                     ,KY,41017-3495,Private      ,1341,400,1741,1341,400,1741
00200200,WESTERN KENTUCKY UNIVERSITY             ,KY,42101-3576,Public       ,13054,4799,17853,13054,4799,17853
00461800,SPENCERIAN COLLEGE                      ,KY,40216-2605,Proprietary  ,282,661,943,282,661,943
00461900,SULLIVAN UNIVERSITY                     ,KY,40205-3000,Proprietary  ,1252,2756,4008,1252,2756,4008
00493402,DAYMAR COLLEGE - BOWLING GREEN          ,KY,42101-4063,Proprietary  ,51,113,164,51,113,164
00493406,DAYMAR COLLEGE - RUSSELLVILLE           ,KY,42276-1622,Proprietary  ,5,27,32,5,27,32
00524400,BLUEGRASS COMMUNITY & TECHNICAL COLLEGE ,KY,40506-0235,Public       ,3517,3892,7409,3517,3892,7409
00527100,BOWLING GREEN TECHNICAL COLLEGE         ,KY,42101-3601,Public       ,1292,1610,2902,1292,1610,2902
00527300,GATEWAY COMMUNITY & TECHNOLOGY COLL     ,KY,41011-0000,Public       ,967,1614,2581,967,1614,2581
00696000,MAYSVILLE CMNTY & TECHNCL COLG          ,KY,41056-8910,Public       ,766,1191,1957,766,1191,1957
00696100,JEFFERSON COMMUNITY AND TECHNICAL COLLEG,KY,40202-2005,Public       ,4448,6164,10612,4448,6164,10612
00696200,HAZARD COMMUNITY COLLEGE                ,KY,41701-2402,Public       ,999,1091,2090,999,1091,2090
00696203,KY TECH-KNOTT CO. TECHNOLOGY CTR        ,KY,41822-0000,Public       ,3,10,13,3,10,13
00696204,KY TECH-LESLIE COUNTY AREA TECH CTR     ,KY,41749-0000,Public       ,5,7,12,5,7,12
00696205,KY TECH-LEE COUNTY AREA TECH CTR        ,KY,41311-0000,Public       ,1,4,5,1,4,5
00696206,KY TECH-LETCHER CNTY AREA TECH CTR      ,KY,41858-0000,Public       ,15,25,40,15,25,40
00696207,KY TECH-BREATHITT COUNTY VOC ED CTR     ,KY,41339-0000,Public       ,13,25,38,13,25,38
00736205,MEDTECH COLLEGE - LEXINGTON             ,KY,40511-1200,Proprietary  ,44,161,205,44,161,205
00842500,DAYMAR COLLEGE                          ,KY,42001-0000,Proprietary  ,17,49,66,17,49,66
00901000,MADISONVILLE COMMUNITY COLLEGE          ,KY,42431-9199,Public       ,665,868,1533,665,868,1533
00927500,NORTHERN KENTUCKY UNIVERSITY            ,KY,41099-0001,Public       ,8475,3477,11952,8475,3477,11952
00931300,DAYMAR COLLEGE                          ,KY,42301-5830,Proprietary  ,27,297,324,27,297,324
00931302,DAYMAR COLLEGE - LOUISVILLE             ,KY,40219-1973,Proprietary  ,34,61,95,34,61,95
00931305,DAYMAR COLLEGE - BELLEVUE               ,KY,41073-2416,Proprietary  ,2,9,11,2,9,11
00931309,DAYMAR COLLEGE - LOUISVILLE EAST        ,KY,40245-1629,Proprietary  ,11,28,39,11,28,39
00931310,DAYMAR COLLEGE -  MADISONVILLE          ,KY,42431-0000,Proprietary  ,11,46,57,11,46,57
01042400,SALON PROFESSIONAL ACADEMY THE          ,KY,40502-0000,Proprietary  ,60,93,153,60,93,153
01048901,NATIONAL COLLEGE - FLORENCE CAMPUS      ,KY,41042-1812,Proprietary  ,21,103,124,21,103,124
01048902,NATIONAL COLLEGE - PIKEVILLE CAMPUS     ,KY,41501-1518,Proprietary  ,118,289,407,118,289,407
01048903,NATIONAL COLLEGE - DANVILLE CAMPUS      ,KY,40422-1517,Proprietary  ,26,127,153,26,127,153
01048904,NATIONAL COLLEGE - RICHMOND CAMPUS      ,KY,40475-2309,Proprietary  ,32,129,161,32,129,161
01048906,NATIONAL COLLEGE - LOUISVILLE CAMPUS    ,KY,40216-4147,Proprietary  ,45,307,352,45,307,352
01048907,NATIONAL COLLEGE - LEXINGTON CAMPUS     ,KY,40509-2256,Proprietary  ,38,203,241,38,203,241
01172500,COLLINS SCHOOL OF COSMETOLOGY           ,KY,40965-2809,Proprietary  ,18,23,41,18,23,41
01208800,SULLIVAN COLLEGE OF TECHNOLOGY AND DESIG,KY,40218-4528,Proprietary  ,378,406,784,378,406,784
01272300,KY TECH-WAYNE COUNTY AREA TECH CTR      ,KY,42633-1088,Public       ,4,5,9,4,5,9
02159100,"APPALACHIAN BEAUTY SCHOOL, INC.         ",KY,41503-0000,Proprietary  ,17,31,48,17,31,48
02251500,TREND SETTERS ACAD OF BEAUTY CULT       ,KY,40258-0000,Proprietary  ,31,64,95,31,64,95
02275000,JENNY LEA ACADEMY OF COSMETOLOGY        ,KY,40831-0000,Proprietary  ,18,56,74,18,56,74
02284306,INTERACTIVE LEARNING SYSTEMS            ,KY,41042-0000,Proprietary  ,4,20,24,4,20,24
02323700,PAT WILSON'S BEAUTY COLLEGE             ,KY,42420-0000,Proprietary  ,2,17,19,2,17,19
02337200,PJ'S COLLEGE OF COSMETOLOGY             ,KY,42101-0000,Proprietary  ,61,144,205,61,144,205
02340800,PAUL MITCHELL THE SCHOOL LEXINGTON      ,KY,40514-1545,Proprietary  ,100,97,197,100,97,197
02351700,PAUL MITCHELL THE SCHOOL - LOUISVILLE   ,KY,40222-0000,Proprietary  ,131,131,262,131,131,262
02491100,BECKFIELD COLLEGE                       ,KY,41042-0000,Proprietary  ,116,770,886,116,770,886
02518900,BARRETT & COMPANY SCH HAIR DESIGN       ,KY,40356-0000,Proprietary  ,16,36,52,16,36,52
02526100,JENNY LEA ACADEMY OF COSMETOLOGY        ,KY,41858-0000,Proprietary  ,17,27,44,17,27,44
02535600,CLEAR CREEK BAPTIST BIBLE COLLEGE       ,KY,40977-0000,Private      ,21,36,57,21,36,57
02551100,PJ'S COLLEGE OF COSMETOLOGY             ,KY,42141-2434,Proprietary  ,23,29,52,23,29,52
02560800,SOUTHEAST SCHOOL OF COSMETOLOGY         ,KY,40962-0000,Proprietary  ,19,19,38,19,19,38
03002100,KENTUCKY MOUNTAIN BIBLE COLLEGE         ,KY,41385-0010,Private      ,23,12,35,23,12,35
03007000,FRONTIER SCH OF MIDWIFERY&FAMILY NU     ,KY,41749-0000,Private      ,9,621,630,9,621,630
03026200,HEAD'S WEST KENTUCKY BEAUTY COLLEGE     ,KY,42431-0000,Proprietary  ,14,24,38,14,24,38
03029200,NU-TEK ACADEMY OF BEAUTY                ,KY,40353-9767,Proprietary  ,6,14,20,6,14,20
03034500,OWENSBORO COMMUNITY & TECHNICAL COLLEGE ,KY,42303-1899,Public       ,1122,985,2107,1122,985,2107
03083700,GALEN HEALTH INSTITUTES                 ,KY,40207-1047,Proprietary  ,396,2438,2834,396,2438,2834
03611300,BRIGHTON CENTER'S CENTER FOR EMPLOY     ,KY,41071-1968,Private      ,4,14,18,4,14,18
03804300,BELLEFONTE ACADEMY OF BEAUTY            ,KY,41169-2015,Proprietary  ,10,23,33,10,23,33
03885300,EMPLOYMENT SOLUTIONS                    ,KY,40517-3260,Private      ,23,83,106,23,83,106
04038300,ATA CAREER EDUCATION                    ,KY,40223-3832,Proprietary  ,85,347,432,85,347,432
04038701,IDEAL BEAUTY ACADEMY - LOUISVILLE       ,KY,40223-5606,Proprietary  ,40,46,86,40,46,86
04051316,ART INSTITUTE OF PHOENIX (THE) - ATS - (,KY,41017-2136,Proprietary  ,22,97,119,22,97,119
04051319,ART INSTITUTE OF PHOENIX (THE) - BROWN M,KY,40219-1916,Proprietary  ,96,259,355,96,259,355
04051320,ART INSTITUTE OF PHOENIX (THE) - BROWN M,KY,42240-3579,Proprietary  ,16,130,146,16,130,146
04123900,LEXINGTON HEALING ARTS ACADEMY          ,KY,40503-1932,Proprietary  ,27,69,96,27,69,96
04177600,LINDSEY INSTITUTE OF COSMETOLOGY        ,KY,42103-8036,Proprietary  ,49,36,85,49,36,85
04177700,TRI-STATE INSTITUTE OF HAIR DESIGN      ,KY,40744-5234,Proprietary  ,16,40,56,16,40,56
04178000,SIMMONS COLLEGE OF KENTUCKY             ,KY,40203-3322,Private      ,37,95,132,37,95,132
04204800,AMERICAN COLLEGE OF BARBERING           ,KY,40229-2862,Proprietary  ,28,74,102,28,74,102
04229300,MEDQUEST COLLEGE                        ,KY,40243-1882,Proprietary  ,31,66,97,31,66,97
00200300,CENTENARY COLLEGE OF LOUISIANA          ,LA,71104-3396,Private      ,458,116,574,458,116,574
00200400,DILLARD UNIVERSITY                      ,LA,70122-3097,Private      ,1771,528,2299,1771,528,2299
00200500,NICHOLLS STATE UNIVERSITY               ,LA,70310-0001,Public       ,2471,910,3381,2471,910,3381
00200600,GRAMBLING STATE UNIVERSITY              ,LA,71245-2215,Public       ,2200,1136,3336,2200,1136,3336
00200700,LOUISIANA COLLEGE                       ,LA,71359-0000,Private      ,423,171,594,423,171,594
00200800,LOUISIANA TECH UNIVERSITY               ,LA,71272-0001,Public       ,3748,915,4663,3748,915,4663
00201000,LOUISIANA STATE UNIV & A&M COLG         ,LA,70803-5710,Public       ,14829,3364,18193,14829,3364,18193
00201100,LOUISIANA STATE UNIV-ALEXANDRIA         ,LA,71302-9121,Public       ,1069,758,1827,1069,758,1827
00201200,LOUISIANA STATE UNIV-EUNICE             ,LA,70535-6726,Public       ,804,591,1395,804,591,1395
00201300,LOUISIANA STATE UNIV-SHREVEPORT         ,LA,71115-2399,Public       ,1075,1167,2242,1075,1167,2242
00201400,LA STATE UNIV HEALTH SCIENCES CTR       ,LA,70112-2223,Public       ,257,1231,1488,257,1231,1488
00201500,(THE) UNIVERSITY OF NEW ORLEANS         ,LA,70148-0001,Public       ,2990,2105,5095,2990,2105,5095
00201600,LOYOLA UNIVERSITY NEW ORLEANS           ,LA,70118-6195,Private      ,3005,966,3971,3005,966,3971
00201700,MCNEESE STATE UNIVERSITY                ,LA,70609-4510,Public       ,2324,1117,3441,2324,1117,3441
00201900,NEW ORLEANS BAPTIST THEOL SEMINARY      ,LA,70126-0000,Private      ,23,79,102,23,79,102
00202000,UNIVERSITY OF LOUISIANA AT MONROE       ,LA,71209-9001,Public       ,3070,1418,4488,3070,1418,4488
00202100,NORTHWESTERN STATE UNIVERSITY           ,LA,71497-0001,Public       ,2543,1601,4144,2543,1601,4144
00202200,NOTRE DAME SEMINARY                     ,LA,70118-0000,Private      ,7,11,18,7,11,18
00202300,OUR LADY OF HOLY CROSS COLLEGE          ,LA,70131-7399,Private      ,270,358,628,270,358,628
00202400,SOUTHEASTERN LOUISIANA UNIV             ,LA,70402-0001,Public       ,4490,1634,6124,4490,1634,6124
00202500,SOUTHERN UNIVERSITY A & M COLLEGE       ,LA,70813-9374,Public       ,3907,2258,6165,3907,2258,6165
00202600,SOUTHERN UNIV NEW ORLEANS               ,LA,70126-0002,Public       ,909,1267,2176,909,1267,2176
00202700,ST JOSEPH SEMINARY COLLEGE              ,LA,70457-9990,Private      ,16,0,16,16,0,16
00202900,TULANE UNIVERSITY                       ,LA,70118-5698,Private      ,10704,3195,13899,10704,3195,13899
00203100,UNIV OF LOUISIANA AT LAFAYETTE          ,LA,70504-0001,Public       ,7019,2284,9303,7019,2284,9303
00203200,XAVIER UNIVERSITY OF LOUISIANA          ,LA,70125-1098,Private      ,3336,731,4067,3336,731,4067
00462100,AYERS CAREER COLLEGE                    ,LA,71108-5845,Proprietary  ,16,118,134,16,118,134
00462500,DELGADO COMMUNITY COLLEGE               ,LA,70119-0000,Public       ,2360,4874,7234,2360,4874,7234
00546700,SOWELA TECHNICAL COMMUNITY COLLEGE      ,LA,70616-6950,Public       ,465,532,997,465,532,997
00546702,SOWELA TECHNICAL COMMUNITY COLLEGE - MOR,LA,70546-1327,Public       ,35,36,71,35,36,71
00548800,CAPITAL AREA TECHNICAL COLLEGE          ,LA,70807-0000,Public       ,89,224,313,89,224,313
00548812,LOUISIANA TECH COLG-FOLKES CAMPUS       ,LA,70748-0000,Public       ,8,17,25,8,17,25
00548817,LOUISIANA TEC CLG-JUMONVILLE MEM CP     ,LA,70760-0000,Public       ,7,8,15,7,8,15
00548842,LOUISIANA TECHNICAL COLLEGE - WESTSIDE C,LA,70765-0733,Public       ,14,22,36,14,22,36
00548900,CENTRAL LOUISIANA TECHNICAL COLLEGE     ,LA,71302-3137,Public       ,145,354,499,145,354,499
00552600,SOUTH CENTRAL LOUISIANA TECHNICAL COLG  ,LA,70381-2148,Public       ,28,88,116,28,88,116
00552602,SOUTH CENTRAL LOUISIANA TECHNICAL COLG  ,LA,70302-4336,Public       ,36,85,121,36,85,121
00552603,SOUTH CENTRAL LOUISIANA TECHNICAL COLG  ,LA,70084-6632,Public       ,129,139,268,129,139,268
00576100,L. E. FLETCHER TECHNICAL COMMUNITY COLLE,LA,70360-2863,Public       ,389,353,742,389,353,742
00675600,NORTHSHORE TECHNICAL COLLEGE            ,LA,70427-5866,Public       ,203,255,458,203,255,458
00768600,SOUTHERN UNIV AT SHREVEPORT/BOSSIER     ,LA,71107-4795,Public       ,468,679,1147,468,679,1147
00806700,LSU HEALTH SCIENCES CENTR-SHREVEPOR     ,LA,71130-3932,Public       ,148,418,566,148,418,566
00989800,DEMMON SCHOOL OF BEAUTY                 ,LA,70607-2128,Proprietary  ,13,31,44,13,31,44
00997500,NORTHWEST LOUISIANA TECHNICAL COLLEGE   ,LA,71055-2422,Public       ,52,113,165,52,113,165
00997503,NORTHWEST LOUISIANA TECHNICAL COLLEGE   ,LA,71137-8527,Public       ,77,264,341,77,264,341
00997504,NORTHWEST LOUISIANA TECHNICAL COLLEGE   ,LA,71052-1236,Public       ,15,32,47,15,32,47
00997505,NORTHWEST LOUISIANA TECHNICAL COLLEGE   ,LA,71449-0790,Public       ,16,21,37,16,21,37
00997506,NORTHWEST LOUISIANA TECHNICAL COLLEGE   ,LA,71458-0657,Public       ,60,71,131,60,71,131
01109700,CLOYD'S BEAUTY SCHOOL #1                ,LA,71291-3131,Proprietary  ,7,35,42,7,35,42
01163100,"D-JAY'S SCHL OF BEAUTY, ARTS & SCI      ",LA,70806-0000,Proprietary  ,17,40,57,17,40,57
01184100,JOHN JAY BEAUTY COLLEGE                 ,LA,70124-2592,Proprietary  ,33,54,87,33,54,87
01282300,PAT GOINS RUSTON BEAUTY SCHOOL          ,LA,71270-4301,Proprietary  ,10,12,22,10,12,22
01287900,PAT GOINS BENTON ROAD BEAUTY SCHOOL     ,LA,71111-4838,Proprietary  ,3,25,28,3,25,28
01288000,CELEBRITY STYLIST BEAUTY SCHOOL         ,LA,71201-5167,Proprietary  ,9,29,38,9,29,38
02055400,BOSSIER PARISH COMMUNITY COLLEGE        ,LA,71111-0000,Public       ,829,1447,2276,829,1447,2276
02055500,DELTA SCH OF BUSINESS & TECHNOLOGY      ,LA,70601-0000,Proprietary  ,35,92,127,35,92,127
02117800,AVEDA INSTITUTE LAFAYETTE               ,LA,70503-3246,Proprietary  ,51,94,145,51,94,145
02166100,NUNEZ COMMUNITY COLLEGE                 ,LA,70043-0000,Public       ,177,439,616,177,439,616
02166200,ITI TECHNICAL COLLEGE                   ,LA,70817-0000,Proprietary  ,131,196,327,131,196,327
02197500,BATON ROUGE SCHOOL OF COMPUTERS         ,LA,70809-8188,Proprietary  ,28,47,75,28,47,75
02234000,CAMERON COLLEGE                         ,LA,70119-0000,Proprietary  ,20,88,108,20,88,108
02258400,AVEDA INSTITUTE BATON ROUGE             ,LA,70816-2246,Proprietary  ,58,67,125,58,67,125
02260200,DIESEL DRIVING ACADEMY                  ,LA,71109-5617,Proprietary  ,12,73,85,12,73,85
02265600,JOHN JAY KENNER ACADEMY                 ,LA,70062-0000,Proprietary  ,8,23,31,8,23,31
02269300,STEVENSON'S ACADEMY OF HAIR DESIGN      ,LA,70116-0000,Proprietary  ,15,45,60,15,45,60
02327800,PINEVILLE BEAUTY SCHOOL                 ,LA,71360-0000,Proprietary  ,19,16,35,19,16,35
02335700,BATON ROUGE GENERAL MEDICAL CENTER      ,LA,70806-3889,Private      ,37,59,96,37,59,96
02335701,BATON ROUGE GEN MED CTR SCH NSG         ,LA,70821-0000,Private      ,37,104,141,37,104,141
02335702,BATON ROUGE GEN MED CTR-RAD TECH        ,LA,70806-0000,Private      ,25,52,77,25,52,77
02338000,"CLOYD'S BEAUTY SCHOOL #2, INC           ",LA,71202-3539,Proprietary  ,8,21,29,8,21,29
02352500,"CLOYD'S BEAUTY SCHOOL #3, INC           ",LA,71201-3211,Proprietary  ,8,25,33,8,25,33
02358600,"STAGE ONE THE HAIR SCHOOL, INC.         ",LA,70605-0000,Proprietary  ,24,51,75,24,51,75
02518300,SOUTH LOUISIANA BEAUTY COLLEGE          ,LA,70363-0000,Proprietary  ,9,15,24,9,15,24
02536400,LOUISIANA ACADEMY OF BEAUTY             ,LA,70535-0000,Proprietary  ,5,14,19,5,14,19
02538300,DELTA COLLEGE OF ARTS & TECH INC        ,LA,70806-1529,Proprietary  ,65,206,271,65,206,271
02538301,DELTA COLLEGE OF ARTS & TECHNOLOGY - LAF,LA,70508-6831,Proprietary  ,42,115,157,42,115,157
02548500,COSMETOLOGY TRAINING CENTER             ,LA,70503-0000,Proprietary  ,28,49,77,28,49,77
02554800,VANGUARD COLLEGE OF COSMETOLOGY         ,LA,70458-8823,Proprietary  ,33,59,92,33,59,92
02582200,"GUY'S ACADEMY HAIR, SKIN & NAILS        ",LA,71105-2404,Proprietary  ,11,30,41,11,30,41
02600900,AVEDA INSTITUTE                         ,LA,70433-2922,Proprietary  ,257,374,631,257,374,631
02601000,AMERICAN SCHOOL OF BUSINESS             ,LA,71105-5646,Proprietary  ,12,40,52,12,40,52
02601100,OPELOUSAS SCHOOL OF COSMETOLOGY         ,LA,70570-6156,Proprietary  ,5,27,32,5,27,32
02619200,DENHAM SPRINGS BEAUTY COLLEGE           ,LA,70726-3829,Proprietary  ,15,31,46,15,31,46
03010400,CRESCENT CITY SCH GAMING & BARTENDG     ,LA,70119-5507,Proprietary  ,30,134,164,30,134,164
03010624,VIRGINIA COLLEGE - BATON ROUGE          ,LA,70815-8604,Proprietary  ,45,172,217,45,172,217
03023500,CAMELOT CAREER COLLEGE                  ,LA,70805-7539,Proprietary  ,24,52,76,24,52,76
03026514,REMINGTON COLLEGE - LAFAYETTE           ,LA,70508-5760,Private      ,60,113,173,60,113,173
03026515,REMINGTON COLLEGE - BATON ROUGE         ,LA,70816-4040,Private      ,42,84,126,42,84,126
03027300,BLALOCK'S PROFESSIONAL BEAUTY COLLEGE   ,LA,71108-3246,Proprietary  ,9,13,22,9,13,22
03030900,DIESEL DRIVING ACADEMY                  ,LA,70815-8109,Proprietary  ,13,79,92,13,79,92
03106200,OUR LADY OF THE LAKE COLLEGE            ,LA,70808-4345,Private      ,413,565,978,413,565,978
03294300,BLUE CLIFF SCH THERAPEUTIC MASSAGE      ,LA,70002-3458,Proprietary  ,79,337,416,79,337,416
03294303,BLUE CLIFF COLLEGE - LAFAYETTE          ,LA,70508-3256,Proprietary  ,48,105,153,48,105,153
03294306,BLUE CLIFF COLLEGE - SHREVEPORT         ,LA,71105-6520,Proprietary  ,18,85,103,18,85,103
03332600,DELTA COLLEGE                           ,LA,70433-9042,Proprietary  ,49,88,137,49,88,137
03332601,DELTA COLLEGE - SLIDELL                 ,LA,70460-2624,Proprietary  ,36,151,187,36,151,187
03356300,MEDICAL TRAINING COLLEGE                ,LA,70816-5820,Proprietary  ,45,77,122,45,77,122
03480300,FORTIS COLLEGE - BATON ROUGE            ,LA,70809-1908,Proprietary  ,20,99,119,20,99,119
03498400,OMEGA INSTITUTE OF COSMETOLOGY          ,LA,70360-0000,Proprietary  ,12,18,30,12,18,30
03727500,MOORE CAREER COLLEGE                    ,LA,70808-4191,Proprietary  ,9,16,25,9,16,25
03730300,BATON ROUGE COMMUNITY COLLEGE           ,LA,78806-4129,Public       ,1843,2157,4000,1843,2157,4000
03789300,UNITECH TRAINING ACADEMY                ,LA,70503-5132,Proprietary  ,46,114,160,46,114,160
03789301,UNITECH TRAINING ACADEMY - WEST MONROE  ,LA,71291-2913,Proprietary  ,22,102,124,22,102,124
03789302,UNITECH TRAINING ACADEMY - HOUMA        ,LA,70363-5556,Proprietary  ,14,40,54,14,40,54
03789303,UNITECH TRAINING ACADEMY -  ALEXANDRIA  ,LA,71303-3625,Proprietary  ,20,44,64,20,44,64
03789304,UNITECH TRAINING ACADEMY - LAKE CHARLES ,LA,70601-7887,Proprietary  ,22,53,75,22,53,75
03789400,RIVER PARISHES COMMUNITY COLLEGE        ,LA,70778-0310,Public       ,289,267,556,289,267,556
03795300,CASSIA BEAUTY COLLEGE                   ,LA,70126-0000,Proprietary  ,13,26,39,13,26,39
03810500,COURT REPORTING INSTITUTE OF LOUISI     ,LA,70816-0000,Proprietary  ,6,23,29,6,23,29
03956300,SOUTH LOUISIANA COMMUNITY COLLEGE       ,LA,70506-0000,Public       ,1173,1598,2771,1173,1598,2771
04040300,COMPASS CAREER COLLEGE                  ,LA,70403-0653,Proprietary  ,38,88,126,38,88,126
04112300,LOUISIANA CULINARY INSTITUTE            ,LA,70816-4109,Proprietary  ,91,114,205,91,114,205
04130100,LOUISIANA DELTA COMMUNITY COLLEGE       ,LA,71203-3618,Public       ,569,1043,1612,569,1043,1612
04149500,A & W HEALTHCARE EDUCATORS              ,LA,70122-3146,Proprietary  ,10,112,122,10,112,122
04151600,MY-LE'S BEAUTY COLLEGE                  ,LA,70056-3150,Proprietary  ,7,13,20,7,13,20
04217000,HEALTHCARE TRAINING INSTITUTE           ,LA,70062-7630,Proprietary  ,9,39,48,9,39,48
04225900,SETTING THE STANDARD BARBERING AND NATUR,LA,71109-4124,Proprietary  ,1,11,12,1,11,12
04226000,BOS-MAN'S BARBER COLLEGE                ,LA,71106-2653,Proprietary  ,6,26,32,6,26,32
04234600,PARK PLACE PREMIER BARBER SCHOOL        ,LA,70122-3808,Proprietary  ,9,29,38,9,29,38
00143600,CAPITOL COLLEGE                         ,MD,20708-9759,Private      ,386,284,670,386,284,670
00205700,ALLEGANY COLLEGE OF MARYLAND            ,MD,21502-2596,Public       ,1829,913,2742,1829,913,2742
00205800,ANNE ARUNDEL COMMUNITY COLLEGE          ,MD,21012-1895,Public       ,2937,3690,6627,2937,3690,6627
00206100,BALTIMORE CITY COMMUNITY COLLEGE        ,MD,21215-7893,Public       ,2244,4633,6877,2244,4633,6877
00206200,BOWIE STATE UNIVERSITY                  ,MD,20715-9465,Public       ,5489,3311,8800,5489,3311,8800
00206300,COMMUNITY COLLEGE OF BALTIMORE COUNTY   ,MD,21228-5381,Public       ,5844,7999,13843,5844,7999,13843
00206400,COLLEGE OF SOUTHERN MARYLAND            ,MD,20646-0910,Public       ,2223,2175,4398,2223,2175,4398
00206500,NOTRE DAME OF MARYLAND UNIVERSITY       ,MD,21210-2476,Private      ,910,1208,2118,910,1208,2118
00206700,WASHINGTON ADVENTIST UNIVERSITY         ,MD,20912-7796,Private      ,447,396,843,447,396,843
00206800,COPPIN STATE UNIVERSITY                 ,MD,21216-3698,Public       ,2785,3191,5976,2785,3191,5976
00207100,FREDERICK COMMUNITY COLLEGE             ,MD,21702-9745,Public       ,1313,1228,2541,1313,1228,2541
00207200,FROSTBURG STATE UNIVERSITY              ,MD,21532-1099,Public       ,5811,1236,7047,5811,1236,7047
00207300,GOUCHER COLLEGE                         ,MD,21204-2794,Private      ,2736,531,3267,2736,531,3267
00207400,HAGERSTOWN COMMUNITY COLLEGE            ,MD,21742-6514,Public       ,1170,1227,2397,1170,1227,2397
00207500,HARFORD COMMUNITY COLLEGE               ,MD,21015-1696,Public       ,1508,1323,2831,1508,1323,2831
00207600,HOOD COLLEGE                            ,MD,21701-8575,Private      ,1890,477,2367,1890,477,2367
00207700,JOHNS HOPKINS UNIVERSITY                ,MD,21218-2693,Private      ,9246,1415,10661,9246,1415,10661
00207702,JOHNS HOPKINS UNIV SCH ARTS/SCI/ENG     ,MD,21218-0000,Private      ,4508,1065,5573,4508,1065,5573
00207703,JOHNS HOPKINS UNIV SCH OF BUS/ED        ,MD,21046-0000,Private      ,55,604,659,55,604,659
00207705,JOHNS HOPKINS BLOOMBERG SCH OF PH       ,MD,21205-0000,Private      ,63,1191,1254,63,1191,1254
00207706,JOHNS HOPKINS UNIV SCH OF MEDICINE      ,MD,21205-0000,Private      ,247,782,1029,247,782,1029
00207707,JOHNS HOPKINS UNIV SCH OF NURSING       ,MD,21205-0000,Private      ,250,1199,1449,250,1199,1449
00207708,JOHNS HOPKINS UNIV PEABODY CONSERV      ,MD,21202-2397,Private      ,442,317,759,442,317,759
00207764,JOHNS HOPKINS UNIVERSITY - CAREY BUSINES,MD,21202-4649,Private      ,44,383,427,44,383,427
00207800,LOYOLA UNIVERSITY MARYLAND              ,MD,21210-2699,Private      ,8758,1627,10385,8758,1627,10385
00208000,MARYLAND INST COLLEGE OF ART            ,MD,21217-4191,Private      ,2250,671,2921,2250,671,2921
00208300,MORGAN STATE UNIVERSITY                 ,MD,21251-0002,Public       ,8458,4098,12556,8458,4098,12556
00208600,MOUNT SAINT MARY'S UNIVERSITY           ,MD,21727-7799,Private      ,3648,334,3982,3648,334,3982
00208700,NER ISRAEL RABBINICAL COLLEGE           ,MD,21208-1198,Private      ,57,25,82,57,25,82
00208900,PRINCE GEORGES COMMUNITY COLLEGE        ,MD,20774-2199,Public       ,4047,5432,9479,4047,5432,9479
00209100,SALISBURY UNIVERSITY                    ,MD,21801-6862,Public       ,9760,1815,11575,9760,1815,11575
00209200,ST JOHN'S COLLEGE                       ,MD,21404-0000,Private      ,454,93,547,454,93,547
00209500,ST. MARY'S COLLEGE OF MARYLAND          ,MD,20686-3001,Public       ,2216,231,2447,2216,231,2447
00209600,ST MARY'S SEMINARY & UNIV               ,MD,21210-1994,Private      ,18,42,60,18,42,60
00209900,TOWSON UNIVERSITY                       ,MD,21252-0002,Public       ,20311,6155,26466,20311,6155,26466
00210200,UNIVERSITY OF BALTIMORE                 ,MD,21201-5779,Public       ,1808,4582,6390,1808,4582,6390
00210300,"UNIVERSITY OF MARYLAND, COLLEGE PARK    ",MD,20742-5145,Public       ,31330,8513,39843,31330,8513,39843
00210400,"UNIVERSITY OF MARYLAND, BALTIMORE       ",MD,21201-1691,Public       ,4154,7528,11682,4154,7528,11682
00210500,UMBC                                    ,MD,21250-0002,Public       ,9660,3917,13577,9660,3917,13577
00210600,UNIVERSITY MARYLAND EASTERN SHORE       ,MD,21853-4053,Public       ,4617,1646,6263,4617,1646,6263
00210700,STEVENSON UNIVERSITY                    ,MD,21153-0641,Private      ,6068,1331,7399,6068,1331,7399
00210800,WASHINGTON COLLEGE                      ,MD,21620-1197,Private      ,2812,96,2908,2812,96,2908
00210900,MCDANIEL COLLEGE                        ,MD,21157-4390,Private      ,2974,500,3474,2974,500,3474
00458612,KAPLAN COLLEGE                          ,MD,21742-2797,Proprietary  ,86,833,919,86,833,919
00465000,CHESAPEAKE COLLEGE                      ,MD,21679-0008,Public       ,827,726,1553,827,726,1553
00691100,MONTGOMERY COLLEGE                      ,MD,20850-1195,Public       ,7632,6128,13760,7632,6128,13760
00734100,INTERNATIONAL BEAUTY SCHOOL             ,MD,21502-2370,Proprietary  ,4,11,15,4,11,15
00744700,DEL-MAR-VA BEAUTY ACADEMY               ,MD,21804-0000,Proprietary  ,20,48,68,20,48,68
00749100,TESST COLLEGE OF TECHNOLOGY             ,MD,21227-1063,Proprietary  ,138,503,641,138,503,641
00793600,LINCOLN TECHNICAL INSTITUTE             ,MD,21046-1544,Proprietary  ,157,218,375,157,218,375
00817500,HOWARD COMMUNITY COLLEGE                ,MD,21044-3197,Public       ,2733,2566,5299,2733,2566,5299
00826300,AWARD BEAUTY SCHOOL                     ,MD,21740-5624,Proprietary  ,13,24,37,13,24,37
00830800,CECIL COLLEGE                           ,MD,21901-1999,Public       ,745,666,1411,745,666,1411
00907906,EVEREST COLLEGE- EVEREST INSTITUTE      ,MD,20910-3737,Proprietary  ,38,159,197,38,159,197
01001400,GARRETT COMMUNITY COLLEGE               ,MD,21541-1265,Public       ,629,175,804,629,175,804
01031900,FORTIS INSTITUTE                        ,MD,21204-2538,Proprietary  ,188,909,1097,188,909,1097
01041000,TESST COLLEGE OF TECHNOLOGY             ,MD,21286-2201,Proprietary  ,55,198,253,55,198,253
01164400,UNIV OF MARYLAND UNIVERSITY COLLEGE     ,MD,20783-8078,Public       ,1592,16562,18154,1592,16562,18154
01164402,U OF MD UNIVERSITY COLLEGE - EUROPE     ,MD,20832-0000,Public       ,303,407,710,303,407,710
01164404,U OF MD UNIVERSITY COLLEGE - ASIA       ,MD,31207-0000,Public       ,66,407,473,66,407,473
02073900,WOR-WIC COMMUNITY COLLEGE               ,MD,21804-0000,Public       ,993,1152,2145,993,1152,2145
02083600,TESST COLLEGE OF TECHNOLOGY             ,MD,20705-2698,Proprietary  ,43,121,164,43,121,164
02127900,SOJOURNER DOUGLASS COLLEGE              ,MD,21205-0000,Private      ,44,541,585,44,541,585
02155100,MARYLAND COLLEGE OF ART AND DESIGN      ,MD,20902-0000,Private      ,74,70,144,74,70,144
02269700,"COLORLAB ACADEMY OF HAIR, THE           ",MD,21014-3639,Proprietary  ,12,30,42,12,30,42
02331000,MARYLAND BEAUTY ACADEMY OF ESSEX        ,MD,21221-0000,Proprietary  ,35,63,98,35,63,98
02333000,HAIR ACADEMY                            ,MD,20784-0000,Proprietary  ,29,47,76,29,47,76
02343800,MONTGOMERY BEAUTY SCHOOL                ,MD,20901-0000,Proprietary  ,45,72,117,45,72,117
02494700,BALTIMORE STUDIO OF HAIR DESIGN         ,MD,21201-0000,Proprietary  ,51,95,146,51,95,146
02495000,ROBERT PAUL ACAD COSMTGY ARTS & SCI     ,MD,21093-0000,Proprietary  ,13,21,34,13,21,34
02495100,MARYLAND BEAUTY ACADEMY                 ,MD,21136-0000,Proprietary  ,10,18,28,10,18,28
02545400,NORTH AMERICAN TRADE SCHOOLS            ,MD,21244-0069,Proprietary  ,53,234,287,53,234,287
02573800,"L' ACADEMIE DE CUISINE, INC.            ",MD,20877-0000,Proprietary  ,33,99,132,33,99,132
02578400,MARYLAND UNIVERSITY OF INTEGRATIVE HEALT,MD,20723-6010,Private      ,22,345,367,22,345,367
03027200,BLADES SCHOOL OF HAIR DESIGN            ,MD,20619-0226,Proprietary  ,16,39,55,16,39,55
03064900,AARON'S ACADEMY OF BEAUTY               ,MD,20602-2715,Proprietary  ,23,49,72,23,49,72
03097200,AESTHETICS INSTITUTE OF COSMETOLOGY     ,MD,20877-1305,Proprietary  ,9,34,43,9,34,43
03100700,CARROLL COMMUNITY COLLEGE               ,MD,21157-6913,Public       ,825,634,1459,825,634,1459
03148300,AMERICAN BEAUTY ACADEMY                 ,MD,20902-1911,Proprietary  ,35,60,95,35,60,95
03296300,BALTIMORE SCHOOL OF MASSAGE             ,MD,21090-2261,Proprietary  ,33,118,151,33,118,151
03327300,NEW CREATIONS ACADEMY OF HAIR DSN       ,MD,20746-0000,Proprietary  ,20,20,40,20,20,40
03493300,ALL-STATE CAREER SCHOOL                 ,MD,21224-6658,Proprietary  ,130,463,593,130,463,593
03667300,FAITH THEOLOGICAL SEMINARY              ,MD,21212-2624,Private      ,3,71,74,3,71,74
03822400,MAPLE SPRINGS BAPTIST BIBLE COLLEGE & SE,MD,20743-5711,Private      ,3,22,25,3,22,25
03937300,YESHIVA COLLEGE OF THE NATION'S CAPITAL ,MD,20902-1700,Private      ,1,12,13,1,12,13
03965500,HAIR EXPRESSIONS ACADEMY                ,MD,20852-1729,Proprietary  ,25,68,93,25,68,93
04139700,FREDERICK SCHOOL OF COSMETOLOGY         ,MD,21701-0000,Proprietary  ,11,25,36,11,25,36
04141600,OMEGA STUDIOS' SCHOOL OF APPLIED RECORDI,MD,20852-1731,Proprietary  ,16,43,59,16,43,59
04151800,TEMPLE (THE): A PAUL MITCHELL PARTNER SC,MD,21701-5409,Proprietary  ,60,65,125,60,65,125
04167602,FINGER LAKES SCHOOL OF MASSAGE (THE)    ,MD,21701-3030,Proprietary  ,9,31,40,9,31,40
04168900,HOLISTIC MASSAGE TRAINING INSTITUTE     ,MD,21218-2407,Proprietary  ,8,68,76,8,68,76
04171501,COSMOPOLITAN BEAUTY & TECH SCHOOL -     ,MD,20143-3370,Proprietary  ,13,25,38,13,25,38
04188400,BAIS HAMEDRASH AND MESIVTA OF BALTIMORE ,MD,21209-1613,Private      ,30,7,37,30,7,37
04204000,ASPEN BEAUTY ACADEMY - LAUREL           ,MD,20724-2013,Proprietary  ,17,45,62,17,45,62
04209600,INSTITUTE OF HEALTH SCIENCES            ,MD,21031-1408,Proprietary  ,14,70,84,14,70,84
04211700,HARMON'S BEAUTY SCHOOL                  ,MD,20785-2135,Proprietary  ,11,23,34,11,23,34
00211400,AMERICAN INTERNATIONAL COLLEGE          ,MA,01109-3189,Private      ,1579,1185,2764,1579,1185,2764
00211500,AMHERST COLLEGE                         ,MA,01002-5000,Private      ,4013,195,4208,4013,195,4208
00211600,ANDOVER NEWTON THEOLOGICAL SCHOOL       ,MA,02459-0000,Private      ,0,64,64,0,64,64
00211700,ANNA MARIA COLLEGE                      ,MA,01612-1198,Private      ,1302,271,1573,1302,271,1573
00211800,ASSUMPTION COLLEGE                      ,MA,01615-1294,Private      ,4161,476,4637,4161,476,4637
00212000,MERRIMACK COLLEGE                       ,MA,01845-5800,Private      ,5944,382,6326,5944,382,6326
00212100,BABSON COLLEGE                          ,MA,02457-0310,Private      ,2665,256,2921,2665,256,2921
00212200,BAY PATH COLLEGE                        ,MA,01106-2212,Private      ,902,1222,2124,902,1222,2124
00212300,BECKER COLLEGE-WORCESTER                ,MA,01615-0071,Private      ,2372,514,2886,2372,514,2886
00212400,BENTLEY UNIVERSITY                      ,MA,02452-4705,Private      ,5714,362,6076,5714,362,6076
00212600,BERKLEE COLLEGE OF MUSIC                ,MA,02215-3693,Private      ,3051,864,3915,3051,864,3915
00212800,BOSTON COLLEGE                          ,MA,02467-3800,Private      ,16109,3874,19983,16109,3874,19983
00212900,BOSTON CONSERVATORY OF MUSIC            ,MA,02215-9830,Private      ,943,259,1202,943,259,1202
00213000,BOSTON UNIVERSITY                       ,MA,02215-1789,Private      ,33208,10003,43211,33208,10003,43211
00213300,BRANDEIS UNIVERSITY                     ,MA,02453-2700,Private      ,5332,835,6167,5332,835,6167
00213900,CLARK UNIVERSITY                        ,MA,01610-1473,Private      ,4297,456,4753,4297,456,4753
00214000,ELMS COLLEGE                            ,MA,01013-2839,Private      ,1098,692,1790,1098,692,1790
00214100,COLLEGE OF THE HOLY CROSS               ,MA,01610-2395,Private      ,4725,122,4847,4725,122,4847
00214300,CURRY COLLEGE                           ,MA,02186-2395,Private      ,4324,592,4916,4324,592,4916
00214400,DEAN COLLEGE                            ,MA,02038-1994,Private      ,1306,159,1465,1306,159,1465
00214500,EASTERN NAZARENE COLLEGE                ,MA,02170-2999,Private      ,567,264,831,567,264,831
00214507,EASTERN NAZARENE COLLEGE - OLD COLONY CA,MA,02170-3831,Private      ,3,5,8,3,5,8
00214600,EMERSON COLLEGE                         ,MA,02116-4624,Private      ,6413,902,7315,6413,902,7315
00214700,EMMANUEL COLLEGE                        ,MA,02115-5798,Private      ,4801,264,5065,4801,264,5065
00214800,ENDICOTT COLLEGE                        ,MA,01915-2098,Private      ,4738,336,5074,4738,336,5074
00214900,EPISCOPAL DIVINITY SCHOOL               ,MA,02138-0000,Private      ,0,21,21,0,21,21
00215000,FISHER COLLEGE                          ,MA,02116-1500,Private      ,1064,585,1649,1064,585,1649
00215100,BENJAMIN FRANKLIN INSTITUTE OF TECH     ,MA,02116-6296,Public       ,358,136,494,358,136,494
00215300,GORDON COLLEGE                          ,MA,01984-1899,Private      ,1734,86,1820,1734,86,1820
00215400,HELLENIC COLLEGE                        ,MA,02445-7496,Private      ,41,45,86,41,45,86
00215500,HARVARD UNIVERSITY                      ,MA,02138-3800,Private      ,3269,473,3742,3269,473,3742
00215501,AMRCN REPERTORY THTR INST ADV THTR      ,MA,02138-0000,Private      ,1,76,77,1,76,77
00215502,HARVARD BUSINESS SCHOOL                 ,MA,02163-0000,Private      ,186,864,1050,186,864,1050
00215503,HARVARD EXTENSION SCHOOL                ,MA,02138-0000,Private      ,109,795,904,109,795,904
00215504,HARVARD SCH OF DENTAL MEDICINE          ,MA,02115-0000,Private      ,12,99,111,12,99,111
00215505,HARVARD UNIV GRAD SCH DESIGN            ,MA,02138-0000,Private      ,8,669,677,8,669,677
00215506,HARVARD DIVINITY SCHOOL                 ,MA,02138-0000,Private      ,15,364,379,15,364,379
00215507,HARVARD UNIV GRAD SCH ED                ,MA,02138-0000,Private      ,8,976,984,8,976,984
00215508,HARVARD UNIV GRAD S OF ARTS & SCIEN     ,MA,02138-0000,Private      ,54,493,547,54,493,547
00215509,HARVARD KENNEDY SCHOOL                  ,MA,02138-0000,Private      ,9,1043,1052,9,1043,1052
00215510,HARVARD LAW SCHOOL                      ,MA,02138-0000,Private      ,82,1830,1912,82,1830,1912
00215511,HARVARD UNIV MEDICAL SCHOOL             ,MA,02115-0000,Private      ,105,622,727,105,622,727
00215512,HARVARD UNIV SCH PUBLIC HEALTH          ,MA,02115-0000,Private      ,17,752,769,17,752,769
00215513,HARVARD UNIVERSITY-HARVARD COLLEGE      ,MA,02138-0000,Private      ,18814,1033,19847,18814,1033,19847
00215700,HEBREW COLLEGE                          ,MA,02459-2237,Private      ,1,77,78,1,77,78
00215800,LASELL COLLEGE                          ,MA,02466-2716,Private      ,2665,281,2946,2665,281,2946
00216000,LESLEY UNIVERSITY                       ,MA,02138-2790,Private      ,2470,1374,3844,2470,1374,3844
00216100,UMASS LOWELL                            ,MA,01854-3089,Public       ,12708,3019,15727,12708,3019,15727
00216400,NEW ENGLAND COLLEGE OF OPTOMETRY        ,MA,02115-1129,Private      ,8,332,340,8,332,340
00216500,MASS. COLLEGE OF PHARMACY  & HEALTH SCIE,MA,02115-5804,Private      ,5052,3038,8090,5052,3038,8090
00216700,BERKSHIRE COMMUNITY COLLEGE             ,MA,01201-5786,Public       ,371,384,755,371,384,755
00216800,CAPE COD COMMUNITY COLLEGE              ,MA,02668-1599,Public       ,618,624,1242,618,624,1242
00216900,GREENFIELD COMMUNITY COLLEGE            ,MA,01301-9739,Public       ,386,516,902,386,516,902
00217000,HOLYOKE COMMUNITY COLLEGE               ,MA,01040-1099,Public       ,1702,1520,3222,1702,1520,3222
00217100,MASSACHUSETTS BAY COMMUNITY COLLEGE     ,MA,02181-0000,Public       ,927,864,1791,927,864,1791
00217200,MOUNT WACHUSETT COMMUNITY COLLEGE       ,MA,01440-1000,Public       ,906,1256,2162,906,1256,2162
00217300,NORTH SHORE COMMUNITY COLLEGE           ,MA,01923-4093,Public       ,1304,1294,2598,1304,1294,2598
00217400,NORTHERN ESSEX COMMUNITY COLLEGE        ,MA,01830-2399,Public       ,1300,1340,2640,1300,1340,2640
00217500,QUINSIGAMOND COMMUNITY COLLEGE          ,MA,01606-2092,Public       ,2144,2308,4452,2144,2308,4452
00217600,BRISTOL COMMUNITY COLLEGE               ,MA,02720-7399,Public       ,2082,2214,4296,2082,2214,4296
00217700,MASSASOIT COMMUNITY COLLEGE             ,MA,02302-3996,Public       ,1590,1515,3105,1590,1515,3105
00217800,MASSACHUSETTS INST OF TECHNOLOGY        ,MA,02139-4307,Private      ,10828,1691,12519,10828,1691,12519
00218000,MASSACHUSETTS COLLEGE OF ART AND DESIGN ,MA,02115-5803,Public       ,1885,445,2330,1885,445,2330
00218100,MASSACHUSETTS MARITIME ACADEMY          ,MA,02532-3400,Public       ,1175,82,1257,1175,82,1257
00218300,BRIDGEWATER STATE UNIVERSITY            ,MA,02325-0001,Public       ,9505,2203,11708,9505,2203,11708
00218400,FITCHBURG STATE UNIVERSITY              ,MA,01420-2697,Public       ,5620,992,6612,5620,992,6612
00218500,FRAMINGHAM STATE COLLEGE                ,MA,01702-2471,Public       ,5807,920,6727,5807,920,6727
00218700,MASSACHUSETTS CLG OF LIBERAL ARTS       ,MA,01247-4100,Public       ,2172,319,2491,2172,319,2491
00218800,SALEM STATE UNIVERSITY                  ,MA,01970-5353,Public       ,7503,2198,9701,7503,2198,9701
00218900,WESTFIELD STATE UNIVERSITY              ,MA,01086-1630,Public       ,6875,1162,8037,6875,1162,8037
00219000,WORCESTER STATE COLLEGE                 ,MA,01602-2597,Public       ,5536,1570,7106,5536,1570,7106
00219200,MOUNT HOLYOKE COLLEGE                   ,MA,01075-1492,Private      ,2229,254,2483,2229,254,2483
00219300,MOUNT IDA COLLEGE                       ,MA,02459-3323,Private      ,1530,259,1789,1530,259,1789
00219400,NEW ENGLAND CONSERVATORY OF MUSIC       ,MA,02115-5018,Private      ,649,512,1161,649,512,1161
00219700,NICHOLS COLLEGE                         ,MA,01571-6346,Private      ,1773,190,1963,1773,190,1963
00219900,NORTHEASTERN UNIVERSITY                 ,MA,02115-5000,Private      ,28074,6525,34599,28074,6525,34599
00220100,PINE MANOR COLLEGE                      ,MA,02167-0000,Private      ,310,72,382,310,72,382
00220500,QUINCY COLLEGE                          ,MA,02169-4324,Public       ,785,1393,2178,785,1393,2178
00220600,REGIS COLLEGE                           ,MA,02193-0000,Private      ,1733,422,2155,1733,422,2155
00220800,SIMMONS COLLEGE                         ,MA,02115-5898,Private      ,3211,3221,6432,3211,3221,6432
00220900,SMITH COLLEGE                           ,MA,01063-2936,Private      ,3521,375,3896,3521,375,3896
00220901,"SMITH COLLEGE, SCH FOR SOCIAL WORK      ",MA,01063-0000,Private      ,13,438,451,13,438,451
00221000,UNIV OF MASSACHUSETTS-DARTMOUTH         ,MA,02747-2300,Public       ,10566,2392,12958,10566,2392,12958
00221100,SPRINGFIELD COLLEGE                     ,MA,01109-3797,Private      ,4022,1854,5876,4022,1854,5876
00221400,ST JOHN'S SEMINARY                      ,MA,02135-8839,Private      ,0,9,9,0,9,9
00221700,STONEHILL COLLEGE                       ,MA,02357-6110,Private      ,5290,150,5440,5290,150,5440
00221800,SUFFOLK UNIVERSITY                      ,MA,02108-2770,Private      ,6228,2429,8657,6228,2429,8657
00221900,TUFTS UNIVERSITY                        ,MA,02155-5808,Private      ,9687,1583,11270,9687,1583,11270
00221901,TUFTS UNIV SCH OF DENTAL MEDICINE       ,MA,02111-0000,Private      ,17,486,503,17,486,503
00221902,TUFTS UNIVERSITY - CUMMINGS SCHOOL OF VE,MA,01536-0000,Private      ,27,372,399,27,372,399
00221904,TUFTS UNIV SCHOOL OF MEDICINE           ,MA,02111-0000,Private      ,59,1604,1663,59,1604,1663
00222100,UNIV OF MASSACHUSETTS-AMHERST           ,MA,01003-0000,Public       ,36220,4489,40709,36220,4489,40709
00222200,UNIV OF MASSACHUSETTS-BOSTON            ,MA,02125-3393,Public       ,10190,5118,15308,10190,5118,15308
00222400,WELLESLEY COLLEGE                       ,MA,02481-8203,Private      ,2769,148,2917,2769,148,2917
00222500,WENTWORTH INSTITUTE OF TECHNOLOGY       ,MA,02115-5998,Private      ,5606,498,6104,5606,498,6104
00222600,WESTERN NEW ENGLAND UNIVERSITY          ,MA,01119-2654,Private      ,5111,948,6059,5111,948,6059
00222700,WHEATON COLLEGE                         ,MA,02766-2322,Private      ,2286,60,2346,2286,60,2346
00222800,WHEELOCK COLLEGE                        ,MA,02215-4176,Private      ,1233,415,1648,1233,415,1648
00222900,WILLIAMS COLLEGE                        ,MA,01267-2600,Private      ,3189,118,3307,3189,118,3307
00223300,WORCESTER POLYTECHNIC INSTITUTE         ,MA,01609-2280,Private      ,7454,406,7860,7454,406,7860
00267104,BARD COLLEGE - LONGY SCHOOL OF MUSIC    ,MA,02138-3599,Private      ,16,99,115,16,99,115
00396500,BAY STATE COLLEGE                       ,MA,02116-2901,Proprietary  ,684,659,1343,684,659,1343
00396600,BOSTON ARCHITECTURAL COLLEGE            ,MA,02115-2795,Private      ,155,230,385,155,230,385
00466100,HAMPSHIRE COLLEGE                       ,MA,01002-3359,Private      ,1647,117,1764,1647,117,1764
00466600,SALTER COLLEGE                          ,MA,01583-1700,Proprietary  ,48,321,369,48,321,369
00466700,SCHOOL OF MUSEUM OF FINE ARTS           ,MA,02115-5534,Private      ,295,150,445,295,150,445
00466900,UPPER CAPE COD REGIONAL VOC TECH        ,MA,02532-3310,Public       ,4,67,71,4,67,71
00527900,GREATER LOWELL REGNL VOC TECH SCH       ,MA,01879-0000,Public       ,11,51,62,11,51,62
00551900,DIMAN REGIONAL VOC TECH INST            ,MA,02723-3519,Public       ,21,69,90,21,69,90
00552300,BLUE HILLS REGIONAL VOC TECH            ,MA,02021-1398,Public       ,9,51,60,9,51,60
00555700,MCCANN TECHNICAL SCHOOL                 ,MA,01247-0000,Public       ,7,16,23,7,16,23
00613600,NATIONAL AVIATION ACADEMY - NEW ENGLAND ,MA,01730-2620,Proprietary  ,34,101,135,34,101,135
00632200,BROCKTON HOSPITAL SCH OF NURSING        ,MA,02302-0000,Private      ,87,272,359,87,272,359
00632400,LABOURE COLLEGE                         ,MA,02124-0000,Private      ,129,440,569,129,440,569
00633100,LAWRENCE MEM HOSPITAL SCH OF NRSNG      ,MA,02155-1643,Private      ,30,156,186,30,156,186
00635200,BAYSTATE MEDICAL CENTER                 ,MA,01199-0001,Private      ,23,40,63,23,40,63
00687300,MARIAN COURT COLLEGE                    ,MA,01907-2896,Private      ,42,44,86,42,44,86
00748400,NEWBURY COLLEGE                         ,MA,02445-5796,Private      ,1414,180,1594,1414,180,1594
00748600,THE NEW ENGLAND INSTITUTE OF ART        ,MA,02445-7295,Proprietary  ,286,120,406,286,120,406
00807800,SPRINGFIELD TECHNICAL COMMUNITY CLG     ,MA,01105-0000,Public       ,1515,1740,3255,1515,1740,3255
00891600,NEW ENGLAND SCHOOL OF LAW               ,MA,02116-0000,Private      ,9,778,787,9,778,787
00964500,BARD COLLEGE AT SIMON'S ROCK            ,MA,01230-9702,Private      ,208,5,213,208,5,213
00974700,GORDON-CONWELL THEOLOGICAL SEMINARY     ,MA,01982-0000,Private      ,5,196,201,5,196,201
00975600,UNIVERSITY OF MASS MEDICAL CENTER       ,MA,01655-0000,Public       ,32,453,485,32,453,485
00982809,EVEREST INSTITUTE - CHELSEA             ,MA,02150-2333,Proprietary  ,7,20,27,7,20,27
00987700,HENRI'S SCHOOL OF HAIR DESIGN           ,MA,01420-5675,Proprietary  ,4,6,10,4,6,10
00989900,LOWELL ACADEMY HAIRSTYLING INST         ,MA,01852-1909,Proprietary  ,8,23,31,8,23,31
00993600,MIDDLESEX COMMUNITY COLLEGE             ,MA,01730-1197,Public       ,829,582,1411,829,582,1411
00993602,"MIDDLESEX COMMUNITY COLLEGE, LOWELL     ",MA,01852-0000,Public       ,1299,1034,2333,1299,1034,2333
01121000,BUNKER HILL COMMUNITY COLLEGE           ,MA,02129-2991,Public       ,2677,3340,6017,2677,3340,6017
01193000,ROXBURY COMMUNITY COLLEGE               ,MA,02120-3400,Public       ,352,898,1250,352,898,1250
01204200,MANSFIELD BEAUTY SCHOOLS                ,MA,02169-5061,Proprietary  ,6,28,34,6,28,34
01206800,MANSFIELD BEAUTY SCHOOL                 ,MA,01103-1410,Proprietary  ,2,11,13,2,11,13
01218700,BLACKSTONE VALLEY VOCATIONAL REGIONAL SC,MA,01568-1499,Public       ,8,19,27,8,19,27
01238600,SOUTHEASTERN TECHNICAL INSTITUTE        ,MA,02375-1780,Public       ,21,52,73,21,52,73
01246108,LINCOLN TECHNICAL INSTITUTE - BROCKTON  ,MA,02401-1818,Proprietary  ,41,108,149,41,108,149
01246114,LINCOLN TECHNICAL INSTITUTE - LOWELL    ,MA,01852-5119,Proprietary  ,50,138,188,50,138,188
01246115,LINCOLN TECHNICAL INSTITUTE - SOMERVILLE,MA,02145-1102,Proprietary  ,55,115,170,55,115,170
01288100,MONTACHUSETT REG VOC TECH SCH           ,MA,01420-4649,Public       ,11,39,50,11,39,50
01294800,ROB ROY ACADEMY                         ,MA,02721-5330,Proprietary  ,10,16,26,10,16,26
02063000,MONTSERRAT COLLEGE OF ART               ,MA,01915-0000,Private      ,488,34,522,488,34,522
02079400,EMPIRE BEAUTY SCHOOL                    ,MA,01702-5232,Proprietary  ,184,418,602,184,418,602
02092100,MASSACHUSETTS SCHOOL OF BARBERING       ,MA,02169-5058,Proprietary  ,3,32,35,3,32,35
02122000,NEW ENGLAND HAIR ACADEMY                ,MA,02148-0000,Proprietary  ,7,37,44,7,37,44
02137000,ROB ROY ACADEMY                         ,MA,02780-0000,Proprietary  ,3,11,14,3,11,14
02137200,MASS GEN HOSP DIETETIC INTERNSHIP       ,MA,02114-0000,Private      ,6,20,26,6,20,26
02163500,NEW ENGLAND SCHOOL OF PHOTOGRAPHY       ,MA,02215-0000,Proprietary  ,48,27,75,48,27,75
02163600,MASS SCH OF PROFESSIONAL PSYCHOLOGY     ,MA,02132-0000,Private      ,12,507,519,12,507,519
02169900,ASSABET VALLEY REGIONAL VOC SCHOOL      ,MA,01752-0000,Public       ,8,33,41,8,33,41
02181600,ROB ROY ACADEMY                         ,MA,01609-0000,Proprietary  ,10,15,25,10,15,25
02182900,CAMBRIDGE COLLEGE                       ,MA,02138-5304,Private      ,134,675,809,134,675,809
02197900,NORTH BENNET STREET SCHOOL              ,MA,02113-0000,Private      ,25,83,108,25,83,108
02215100,HALLMARK INSTITUTE OF PHOTOGRAPHY       ,MA,01376-0000,Proprietary  ,48,29,77,48,29,77
02219501,MILDRED ELLEY - PITTSFIELD              ,MA,01201-5300,Proprietary  ,6,26,32,6,26,32
02220400,CATHERINE HINDS INST OF ESTHETICS       ,MA,01801-0000,Proprietary  ,13,37,50,13,37,50
02231600,MGH INSTITUTE OF HEALTH PROFESSION      ,MA,02129-0000,Private      ,66,924,990,66,924,990
02274300,CONWAY SCHOOL OF LANDSCAPE DESIGN       ,MA,01341-0179,Private      ,0,17,17,0,17,17
02325700,LABARON HAIRDRESSING ACADEMY            ,MA,02740-0000,Proprietary  ,3,7,10,3,7,10
02325800,LABARON HAIRDRESSING ACAD-BROCKTON      ,MA,02301-0000,Proprietary  ,4,14,18,4,14,18
02337400,BANCROFT SCHOOL OF MASSAGE THERAPY      ,MA,01604-4614,Proprietary  ,6,21,27,6,21,27
02338200,BAY STATE SCHOOL OF TECHNOLOGY          ,MA,02021-0000,Proprietary  ,14,21,35,14,21,35
02339400,ROB ROY ACADEMY                         ,MA,02746-0000,Proprietary  ,4,6,10,4,6,10
02491700,CORTIVA INSTITUTE -  BOSTON             ,MA,02472-2577,Proprietary  ,5,9,14,5,9,14
02523900,ELIZABETH GRADY SCHOOL OF ESTHETICS     ,MA,02155-0000,Proprietary  ,17,32,49,17,32,49
02579800,NEW ENGLAND SCHOOL OF ACUPUNCTURE       ,MA,02458-0000,Private      ,0,45,45,0,45,45
02616704,LE CORDON BLEU COLLEGE OF CULINARY ARTS ,MA,02142-1221,Proprietary  ,55,79,134,55,79,134
03066700,AILANO SCHOOL OF COSMETOLOGY            ,MA,02303-4740,Proprietary  ,7,13,20,7,13,20
03104000,SHAWSHEEN ADULT TECHNICAL INSTITUTE     ,MA,01821-5499,Public       ,6,14,20,6,14,20
03115200,MOTORING TECHNICAL TRAINING INST        ,MA,02771-5933,Proprietary  ,57,74,131,57,74,131
03120800,KAY HARVEY HAIRDRESSING ACADEMY         ,MA,01089-2701,Proprietary  ,2,4,6,2,4,6
03130500,URBAN COLLEGE OF BOSTON                 ,MA,02111-1093,Private      ,24,176,200,24,176,200
03194300,BOSTON GRAD SCH OF PSYCHOANALYSIS       ,MA,02446-4602,Private      ,0,22,22,0,22,22
03205400,JOLIE HAIR & BEAUTY ACADEMY             ,MA,01056-2769,Proprietary  ,4,8,12,4,8,12
03235300,MASSACHUSETTS SCHOOL OF LAW             ,MA,01810-1094,Private      ,5,133,138,5,133,138
03240300,TONI & GUY HAIRDRESSING ACADEMY         ,MA,01605-2213,Proprietary  ,18,22,40,18,22,40
03240301,TONI & GUY HAIRDRESSING ACADEMY - BRAINT,MA,02184-2807,Proprietary  ,19,18,37,19,18,37
03248300,BOSTON BAPTIST COLLEGE                  ,MA,02136-4030,Private      ,34,18,52,34,18,52
03316400,FUNERAL INSTITUTE OF THE NORTHEAST      ,MA,02062-4766,Proprietary  ,9,36,45,9,36,45
03504300,NATL GRAD SCH OF QUALITY SYSTM MGMT     ,MA,02540-0000,Private      ,0,7,7,0,7,7
03570500,NORTHPOINT BIBLE COLLEGE                ,MA,01835-0000,Private      ,90,49,139,90,49,139
03763300,MEDICAL PROFESSIONAL INSTITUTE          ,MA,02148-8143,Proprietary  ,7,99,106,7,99,106
03859300,E.I.N.E.                                ,MA,01876-4709,Proprietary  ,1,14,15,1,14,15
03927303,MARINELLO SCHOOL OF BEAUTY - NORTHAMPTON,MA,01060-3947,Proprietary  ,12,14,26,12,14,26
03946300,FRANKLIN W. OLIN COLLEGE OF ENGINEERING ,MA,02492-1200,Private      ,591,14,605,591,14,605
03965300,NEW ENGLAND COLLEGE OF FINANCE          ,MA,02110-1605,Proprietary  ,55,478,533,55,478,533
04116900,DIGRIGOLI SCHOOL OF COSMETOLOGY         ,MA,01089-4623,Proprietary  ,17,20,37,17,20,37
04122000,TRI COUNTY REGIONAL VOCATIONAL TECHNICAL,MA,02038-0000,Public       ,10,22,32,10,22,32
04128000,MILLENNIUM TRAINING INSTITUTE           ,MA,01801-6386,Proprietary  ,1,6,7,1,6,7
04143200,HULT INTERNATIONAL BUSINESS SCHOOL      ,MA,02141-1805,Private      ,87,109,196,87,109,196
04153200,SOUTHERN WORCESTER COUNTY REGIONAL VOC S,MA,01507-1331,Public       ,5,13,18,5,13,18
04193100,ALEXANDER ACADEMY                       ,MA,01420-0000,Proprietary  ,6,13,19,6,13,19
04229200,JUPITER BEAUTY ACADEMY                  ,MA,02122-2834,Proprietary  ,5,9,14,5,9,14
00401200,HEBREW UNIVERSITY OF JERUSALEM (THE)    ,FC,00000-0000,Public       ,7,27,34,7,27,34
00403000,UNIVERSITY OF CAMBRIDGE                 ,FC,00000-0000,Public       ,3,46,49,3,46,49
00503400,AMERICAN UNIVERSITY OF CAIRO            ,FC,00000-0000,Private      ,18,40,58,18,40,58
00669000,UNIVERSITY OF COPENHAGEN                ,FC,00000-0000,Public       ,1,49,50,1,49,50
00669100,UNIVERSITY OF CAMBRIDGE - PEMBROKE      ,FC,00000-0000,Public       ,1,4,5,1,4,5
00669200,UNIVERSITY OF LEEDS                     ,FC,00000-0000,Public       ,21,61,82,21,61,82
00669300,UNIV OF LONDON-LONDON SCHOOL ECON       ,FC,00000-0000,Public       ,13,206,219,13,206,219
00669400,UNIVERSITY OF LONDON - SCHOOL OF ORIENTA,FC,00000-0000,Public       ,8,86,94,8,86,94
00669500,UNIV OF LONDON-UNIVERSITY COLLEGE       ,FC,00000-0000,Public       ,34,211,245,34,211,245
00669600,UNIV OF LONDON-SCH ADVANCED STUDY       ,FC,00000-0000,Public       ,0,7,7,0,7,7
00669700,"QUEEN MARY, UNIVERSITY OF LONDON        ",FC,00000-0000,Public       ,27,83,110,27,83,110
00669900,UNIVERSITY OF SUSSEX                    ,FC,00000-0000,Public       ,8,44,52,8,44,52
00670000,"UNIVERSITY OF YORK, THE                 ",FC,00000-0000,Public       ,16,71,87,16,71,87
00670400,UNIVERSITY COLLEGE CORK                 ,FC,00000-0000,Public       ,13,37,50,13,37,50
00671300,UPPSALA UNIVERSITY                      ,FC,00000-0000,Public       ,1,22,23,1,22,23
00671500,UNIVERSITY OF GENEVA                    ,FC,00000-0000,Public       ,2,51,53,2,51,53
00683900,UNIVERSITY OF EDINBURGH                 ,FC,00000-0000,Public       ,180,399,579,180,399,579
00684200,UNIVERSITY OF DUBLIN TRINITY COLLEG     ,FC,00000-0000,Public       ,37,108,145,37,108,145
00685000,UNIVERSITY OF CAMBRIDGE - DOWNING C     ,FC,00000-0000,Public       ,1,2,3,1,2,3
00763200,UNIVERSITY OF BRISTOL                   ,FC,00000-0000,Public       ,18,43,61,18,43,61
00770500,ROYAL COLLEGE OF SURGEONS IN IRELAN     ,FC,00000-0000,Private      ,2,21,23,2,21,23
00788100,AMERICAN UNIVERSITY OF PARIS            ,FC,00000-0000,Private      ,418,186,604,418,186,604
00837100,AMERICAN UNIVERSITY OF BEIRUT           ,FC,00000-0000,Private      ,40,27,67,40,27,67
00837300,TEL-AVIV UNIVERSITY                     ,FC,00000-0000,Public       ,19,44,63,19,44,63
00837600,VRIJE UNIVERSITEIT AMSTERDAM            ,FC,00000-0000,Public       ,4,28,32,4,28,32
00837700,UNIVERSITEIT VAN AMSTERDAM(UNIVERSI     ,FC,00000-0000,Public       ,12,79,91,12,79,91
00838000,UNIVERSITY OF WARWICK                   ,FC,00000-0000,Public       ,8,35,43,8,35,43
00838300,UNIVERSITY OF GLASGOW                   ,FC,00000-0000,Public       ,61,231,292,61,231,292
00839400,UNIVERSITY OF OXFORD                    ,FC,00000-0000,Public       ,13,111,124,13,111,124
00839800,UNIVERSITY OF SHEFFIELD (THE)           ,FC,00000-0000,Public       ,11,56,67,11,56,67
00839900,UNIVERSITY OF SOUTHAMPTON               ,FC,00000-0000,Public       ,10,35,45,10,35,45
00845200,ABERYSTWYTH UNIVERSITY                  ,FC,00000-0000,Public       ,9,21,30,9,21,30
00845800,LOUGHBOROUGH UNIVERSITY                 ,FC,00000-0000,Public       ,1,9,10,1,9,10
00846000,UNIVERSITY OF NEWCASTLE UPON TYNE       ,FC,00000-0000,Public       ,20,51,71,20,51,71
00846100,UNIVERSITY OF SAINT ANDREWS             ,FC,00000-0000,Private      ,203,78,281,203,78,281
00850500,UNIVERSITY OF MELBOURNE                 ,FC,00000-0000,Public       ,10,81,91,10,81,91
00858600,SWANSEA UNIVERSITY                      ,FC,00000-0000,Public       ,20,30,50,20,30,50
00858700,UNIVERSITY OF DURHAM                    ,FC,00000-0000,Public       ,22,86,108,22,86,108
00866500,UNIVERSITY OF KENT AT CANTERBURY (THE)  ,FC,00000-0000,Public       ,25,81,106,25,81,106
00867000,UNIVERSITY OF NEW SOUTH WALES           ,FC,00000-0000,Public       ,14,39,53,14,39,53
00868700,UNIVERSITY OF ESSEX                     ,FC,00000-0000,Public       ,23,68,91,23,68,91
00869300,CITY UNIVERSITY                         ,FC,00000-0000,Public       ,18,107,125,18,107,125
00890800,THE UNIVERSITY OF BIRMINGHAM            ,FC,00000-0000,Public       ,15,51,66,15,51,66
00891000,UNIVERSITY OF HULL                      ,FC,00000-0000,Public       ,4,5,9,4,5,9
00892000,UNIVERSITY OF NOTTINGHAM                ,FC,00000-0000,Public       ,16,52,68,16,52,68
00900600,UNIVERSITY OF SALFORD (THE)             ,FC,00000-0000,Public       ,3,12,15,3,12,15
00908400,"UNIV OF LONDON, BIRKBECK                ",FC,00000-0000,Public       ,7,48,55,7,48,55
00908500,UNIV OF LONDON KING'S COLLEGE           ,FC,00000-0000,Public       ,95,228,323,95,228,323
00908600,UNIVERSITY OF LONDON - ROYAL HOLLOWAY   ,FC,00000-0000,Public       ,27,47,74,27,47,74
00914300,BAR-ILAN UNIVERSITY                     ,FC,00000-0000,Private      ,10,9,19,10,9,19
00924900,UNIVERSITY OF LIVERPOOL                 ,FC,00000-0000,Public       ,12,44,56,12,44,56
00936800,UNIVERSITY OF ABERDEEN                  ,FC,00000-0000,Public       ,44,72,116,44,72,116
00942300,ROYAL COLLEGE OF ART                    ,FC,00000-0000,Public       ,4,32,36,4,32,36
00942800,TECHNION-ISRAEL INST OF TECHLGY         ,FC,00000-0000,Public       ,5,23,28,5,23,28
00944200,UNIVERSITY OF EXETER                    ,FC,00000-0000,Public       ,16,35,51,16,35,51
00944400,UNIVERSITY OF LANCASTER                 ,FC,00000-0000,Public       ,6,21,27,6,21,27
00963400,UNIVERSITY OF OXFORD ST CATHERINE'S     ,FC,00000-0000,Public       ,1,1,2,1,1,2
00980800,UNIVERSITY OF STRATHCLYDE               ,FC,00000-0000,Public       ,6,31,37,6,31,37
00986000,UNIVERSITY OF SURREY                    ,FC,00000-0000,Public       ,14,25,39,14,25,39
00992700,UNIVERSITY OF CAMBRIDGE - FITZWILLI     ,FC,00000-0000,Public       ,1,5,6,1,5,6
01006700,LUND UNIVERSITY                         ,FC,00000-0000,Public       ,3,58,61,3,58,61
01008400,UNIVERSITY OF CAPE TOWN                 ,FC,00000-0000,Public       ,7,31,38,7,31,38
01008700,UNIVERSITY OF OXFORD ST PETER'S COL     ,FC,00000-0000,Public       ,0,1,1,0,1,1
01008800,UNIVERSITY OF OXFORD - CORPUS CHRIS     ,FC,00000-0000,Public       ,0,2,2,0,2,2
01008900,CENTRAL SCHOOL OF SPEECH AND DRAMA      ,FC,00000-0000,Private      ,8,22,30,8,22,30
01009000,UNIVERSITY OF OXFORD - BALLIOL COLL     ,FC,00000-0000,Public       ,0,5,5,0,5,5
01014300,UNIVERSITY OF READING                   ,FC,00000-0000,Public       ,9,31,40,9,31,40
01015700,CARDIFF UNIVERSITY                      ,FC,00000-0000,Public       ,17,36,53,17,36,53
01016000,CG JUNG INST                            ,FC,00000-0000,Private      ,0,1,1,0,1,1
01018800,UNIVERSITY COLLEGE DUBLIN               ,FC,00000-0000,Public       ,59,145,204,59,145,204
01019000,UNIVERSITY OF CAMBRIDGE CHURCHILL C     ,FC,00000-0000,Public       ,1,5,6,1,5,6
01022800,UNIVERSITY OF STIRLING                  ,FC,00000-0000,Public       ,18,20,38,18,20,38
01033200,UNIVERSITY OF CAMBRIDGE - CLARE COL     ,FC,00000-0000,Public       ,1,3,4,1,3,4
01045600,UNIVERSITY OF HAIFA                     ,FC,00000-0000,Public       ,1,23,24,1,23,24
01047200,INST EUROPEEN OPEEN D'ADMINISTRATIO     ,FC,00000-0000,Private      ,0,15,15,0,15,15
01049300,CRANFIELD UNIVERSITY                    ,FC,00000-0000,Public       ,0,7,7,0,7,7
01052000,TRINITY LABAN CONSERVATOIRE OF MUSIC AND,FC,00000-0000,Public       ,5,9,14,5,9,14
01052500,UNIVERSITY OF HERTFORDSHIRE             ,FC,00000-0000,Public       ,21,18,39,21,18,39
01057400,LONDON INTRNTL FILM SCHOOL              ,FC,00000-0000,Private      ,2,7,9,2,7,9
01058800,AUSTRALIAN NATIONAL UNIVERSITY          ,FC,00000-0000,Public       ,9,21,30,9,21,30
01058900,BANGOR UNIVERSITY                       ,FC,00000-0000,Public       ,16,16,32,16,16,32
01059400,"RICHMOND, THE AMERICAN INT UNI IN LONDON",FC,00000-0000,Private      ,231,31,262,231,31,262
01059900,INST D'ETUDES POLITIQUES DE PARIS       ,FC,00000-0000,Public       ,8,65,73,8,65,73
01068100,MACQUARIE UNIVERSITY                    ,FC,00000-0000,Public       ,5,19,24,5,19,24
01069200,UNIVERSITY OF QUEENSLAND (THE)          ,FC,00000-0000,Public       ,14,93,107,14,93,107
01079700,"NATIONAL UNIVERSITY OF IRELAND, MAY     ",FC,00000-0000,Public       ,10,14,24,10,14,24
01081600,KINGSTON UNIVERSITY                     ,FC,00000-0000,Public       ,45,104,149,45,104,149
01086400,UNIV OF DUNDEE                          ,FC,00000-0000,Public       ,4,19,23,4,19,23
01086600,UNIVERSITY OF OXFORD - MAGDALEN COLLEGE ,FC,00000-0000,Public       ,1,5,6,1,5,6
01086700,UNIVERSITY OF OXFORD ST JOHN'S COLL     ,FC,00000-0000,Public       ,0,1,1,0,1,1
01091400,MONASH UNIVERSITY                       ,FC,00000-0000,Public       ,5,16,21,5,16,21
01091500,UNIV OF EAST ANGLIA                     ,FC,00000-0000,Public       ,20,35,55,20,35,55
01094200,UNIVERSITY OF OXFORD - ST HUGH'S CO     ,FC,00000-0000,Public       ,0,3,3,0,3,3
01097700,UNIVERSIDAD CENTRAL DEL ESTE            ,FC,00000-0000,Private      ,6,50,56,6,50,56
01098000,SOMERVILLE COLLEGE                      ,FC,00000-0000,Public       ,1,1,2,1,1,2
01099900,UNIV OF OXFORD - WADHAM COLLEGE         ,FC,00000-0000,Public       ,0,3,3,0,3,3
01105400,UNIVERSITY OF OXFORD - ST ANNE'S CO     ,FC,00000-0000,Public       ,0,1,1,0,1,1
01105600,UNIVERSITY OF OXFORD - UNIVERSITY C     ,FC,00000-0000,Public       ,10,37,47,10,37,47
01105700,UNIVERSITY OF OXFORD - TRINITY COLL     ,FC,00000-0000,Public       ,0,1,1,0,1,1
01105800,UNIVERSITY OF OXFORD-ST EDMUND HALL     ,FC,00000-0000,Public       ,1,1,2,1,1,2
01105900,UNIVERSITY OF OXFORD ST ANTONY'S CO     ,FC,00000-0000,Public       ,0,3,3,0,3,3
01106000,UNIVERSITY OF OXFORD - QUEEN'S COLL     ,FC,00000-0000,Public       ,1,1,2,1,1,2
01106200,UNIVERSITY OF OXFORD - ORIEL COLLEG     ,FC,00000-0000,Public       ,1,2,3,1,2,3
01106300,UNIVERSITY OF OXFORD - NUFFIELD COL     ,FC,00000-0000,Public       ,0,2,2,0,2,2
01106400,UNIVERSITY OF OXFORD - NEW COLLEGE      ,FC,00000-0000,Public       ,2,2,4,2,2,4
01106500,UNIVERSITY OF OXFORD MERTON COLLEGE     ,FC,00000-0000,Public       ,0,5,5,0,5,5
01106600,UNIVERSITY OF OXFORD - LINCOLN COLL     ,FC,00000-0000,Public       ,0,2,2,0,2,2
01106800,UNIVERSITY OF OXFORD - JESUS COLLEG     ,FC,00000-0000,Public       ,1,2,3,1,2,3
01106900,UNIVERSITY OF OXFORD - HERTFORD COL     ,FC,00000-0000,Public       ,1,4,5,1,4,5
01107000,UNIVERSITY OF OXFORD EXETER COLLEGE     ,FC,00000-0000,Public       ,0,1,1,0,1,1
01107100,UNIV OF OXFORD - CHRIST CHURCH          ,FC,00000-0000,Public       ,0,6,6,0,6,6
01107200,UNIVERSITY OF OXFORD - BRASENOSE CO     ,FC,00000-0000,Public       ,1,2,3,1,2,3
01109100,FLINDERS UNIVERSITY OF S AUSTRALIA      ,FC,00000-0000,Public       ,4,11,15,4,11,15
01109400,UNIVERSITY OF WESTERN AUSTRALIA (THE)   ,FC,00000-0000,Public       ,2,12,14,2,12,14
01121400,UNIVERSITY OF THE WITWATERSRAND         ,FC,00000-0000,Public       ,1,12,13,1,12,13
01122600,AARHUS UNIVERSITY                       ,FC,00000-0000,Public       ,2,18,20,2,18,20
01156700,"IMPERIAL COLLEGE OF SCIENCE, TECHNOLOGY ",FC,00000-0000,Public       ,12,30,42,12,30,42
01167900,UNIVERSITY OF BATH                      ,FC,00000-0000,Public       ,8,23,31,8,23,31
01168300,FRANKLIN COLLEGE  SWITZERLAND           ,FC,00000-0000,Private      ,211,25,236,211,25,236
01175800,UNIV OF CAMBRIDGE - PETERHOUSE          ,FC,00000-0000,Public       ,0,2,2,0,2,2
01176400,ROYAL ACADEMY OF MUSIC                  ,FC,00000-0000,Public       ,3,8,11,3,8,11
01176500,GOLDSMITHS' COLLEGE-UNIV OF LONDON      ,FC,00000-0000,Public       ,30,93,123,30,93,123
01176600,UNIV OF LONDON - INST OF EDUC           ,FC,00000-0000,Public       ,1,25,26,1,25,26
01178000,BRUNEL UNIVERSITY                       ,FC,00000-0000,Public       ,11,37,48,11,37,48
01183800,UNIVERSITY OF OXFORD - MANSFIELD CO     ,FC,00000-0000,Public       ,0,2,2,0,2,2
01207500,UNIVERSITY CAMBRIDGE - TRINITY COLL     ,FC,00000-0000,Public       ,1,4,5,1,4,5
01207800,VICTORIA UNIV OF WELLINGTON             ,FC,00000-0000,Public       ,5,23,28,5,23,28
01209600,ECOLE HÔTELIERE DE LAUSANNE             ,FC,00000-0000,Private      ,3,5,8,3,5,8
01210100,UNIVERSITY OF CAMBRIDGE - GIRTON CO     ,FC,00000-0000,Public       ,1,2,3,1,2,3
01213600,VICTORIA UNIV OF MANCHESTER (THE)       ,FC,00000-0000,Public       ,20,61,81,20,61,81
01219800,UNIVERSITY OF BRADFORD                  ,FC,00000-0000,Public       ,3,13,16,3,13,16
01220600,JAMES COOK UNIVERSITY                   ,FC,00000-0000,Public       ,8,19,27,8,19,27
01221500,BIRMINGHAM CITY UNIVERSITY              ,FC,00000-0000,Public       ,3,24,27,3,24,27
01222300,JAGIELLONIAN UNIVERSITY COLLEGIUM M     ,FC,00000-0000,Public       ,1,9,10,1,9,10
01225800,ASTON UNIVERSITY                        ,FC,00000-0000,Public       ,4,3,7,4,3,7
01227500,UNIVERSITY OF OXFORD - WOLFSON COLL     ,FC,00000-0000,Public       ,0,4,4,0,4,4
01230200,GONVILLE & CAIUS COLLEGE                ,FC,00000-0000,Public       ,0,1,1,0,1,1
01233500,ROYAL COLLEGE OF MUSIC                  ,FC,00000-0000,Public       ,3,9,12,3,9,12
01234100,UNIVERSITY OF WALES - ST DAVID'S UN     ,FC,00000-0000,Public       ,1,3,4,1,3,4
01242100,UNIV OF AUCKLAND                        ,FC,00000-0000,Public       ,15,47,62,15,47,62
01254000,UNIVERSIDAD DE NAVARRA                  ,FC,00000-0000,Private      ,6,10,16,6,10,16
01276500,UNIVERSITY OF OXFORD - LINACRE COLL     ,FC,00000-0000,Public       ,0,3,3,0,3,3
01276600,"NATIONAL UNIVERSITY IRELAND, GALWAY     ",FC,00000-0000,Public       ,14,56,70,14,56,70
01280200,PONTIFICIA UNIV CATOLICA MAD Y MAES     ,FC,00000-0000,Private      ,21,25,46,21,25,46
01281100,INST TECNOLOGICO DE SANTO DOMINGO       ,FC,00000-0000,Private      ,11,19,30,11,19,30
01283900,UNIVERSITY OF CAMBRIDGE - SAINT JOH     ,FC,00000-0000,Public       ,0,4,4,0,4,4
01297800,UNIVERSITY OF HUDDERSFIELD (THE)        ,FC,00000-0000,Public       ,5,6,11,5,6,11
01315300,MASSEY UNIVERSITY                       ,FC,00000-0000,Public       ,3,30,33,3,30,33
02052400,DARWIN COLLEGE                          ,FC,00000-0000,Public       ,0,3,3,0,3,3
02082400,UNIVERSITY OF CAMBRIDGE - QUEEN'S C     ,FC,00000-0000,Public       ,1,5,6,1,5,6
02083400,UNIVERSITY OF CAMBRIDGE - WOLFSON C     ,FC,00000-0000,Public       ,0,6,6,0,6,6
02087900,OXFORD BROOKES UNIVERSITY               ,FC,00000-0000,Public       ,15,48,63,15,48,63
02094100,BEN-GURION UNIV                         ,FC,00000-0000,Public       ,1,50,51,1,50,51
02094400,UNIV OF CAMBRIDGE - ST EDMUND'S HOU     ,FC,00000-0000,Public       ,0,4,4,0,4,4
02095500,LONDON BUS SCHOOL                       ,FC,00000-0000,Public       ,1,36,37,1,36,37
02101900,ROEHAMPTON UNIVERSITY                   ,FC,00000-0000,Public       ,25,51,76,25,51,76
02108600,LONDON ACADEMY OF MUSIC & DRAMATIC      ,FC,00000-0000,Private      ,22,33,55,22,33,55
02115900,UNIVERSITY OF PORTSMOUTH                ,FC,00000-0000,Public       ,13,4,17,13,4,17
02116700,UNIVERSITY OF CAMBRIDGE - LUCY CAVE     ,FC,00000-0000,Public       ,0,2,2,0,2,2
02120000,UNIV OF LONDON - COURTALD INST OF A     ,FC,00000-0000,Public       ,0,16,16,0,16,16
02133400,UNIVERSITY OF CAMBRIDGE - SIDNEY SU     ,FC,00000-0000,Public       ,2,3,5,2,3,5
02142000,UNIVERSITY OF CAMBRIDGE - HOMERTON      ,FC,00000-0000,Public       ,0,1,1,0,1,1
02149700,UNIVERSITY OF WINCHESTER (THE)          ,FC,00000-0000,Public       ,9,8,17,9,8,17
02156800,UNIV OF OTAGO                           ,FC,00000-0000,Public       ,4,23,27,4,23,27
02162300,"IESE BUSINESS SCH, UNIV OF NAVARRA      ",FC,00000-0000,Private      ,2,18,20,2,18,20
02167400,UNIVERSITY OF CAMBRIDGE - CORPUS CH     ,FC,00000-0000,Public       ,0,2,2,0,2,2
02177700,KING'S COLLEGE- UNIV OF CAMBRIDGE       ,FC,00000-0000,Public       ,9,16,25,9,16,25
02180500,MIDDLESEX UNIVERSITY                    ,FC,00000-0000,Public       ,31,38,69,31,38,69
02183500,UNIV OF OXFORD - WYCLIFFE HALL          ,FC,00000-0000,Public       ,0,6,6,0,6,6
02186000,UNIVERSITY OF CAMBRIDGE - MAGDALENE     ,FC,00000-0000,Public       ,3,1,4,3,1,4
02186100,UNIVERSITY OF CAMBRIDGE - EMMANUEL      ,FC,00000-0000,Public       ,0,4,4,0,4,4
02194800,UNIVERSITY OF THE WEST OF ENGLAND -     ,FC,00000-0000,Public       ,4,10,14,4,10,14
02195100,UNIV OF WESTMINSTER                     ,FC,00000-0000,Public       ,45,74,119,45,74,119
02196700,GUILDHALL SCHOOL OF MUSIC & DRAMA       ,FC,00000-0000,Public       ,7,11,18,7,11,18
02207300,UNIVERSITY OF CAMBRIDGE - CHRIST'S      ,FC,00000-0000,Public       ,0,5,5,0,5,5
02207400,CHINESE UNIVERSITY OF HONG KONG (THE)   ,FC,00000-0000,Public       ,8,14,22,8,14,22
02209500,UNIVERSITEIT UTRECHT                    ,FC,00000-0000,Public       ,10,33,43,10,33,43
02210000,UNIV OF LONDON - LONDON SCHOOL OF H     ,FC,00000-0000,Public       ,0,41,41,0,41,41
02225300,UNIVERSITY OF CANTERBURY                ,FC,00000-0000,Public       ,2,10,12,2,10,12
02229100,UNIVERSITY OF LEICESTER                 ,FC,00000-0000,Public       ,11,60,71,11,60,71
02229600,SACKLER SCHOOL OF MEDICINE              ,FC,00000-0000,Public       ,0,36,36,0,36,36
02232100,UNIVERSITY OF CAMBRIDGE                 ,FC,00000-0000,Public       ,2,19,21,2,19,21
02233300,"ST GEORGE'S UNIVERSITY, SCHOOL OF MEDICI",FC,00000-0000,Proprietary  ,18,1342,1360,18,1342,1360
02235300,LONDON METROPOLITAN UNIVERSITY          ,FC,00000-0000,Public       ,31,28,59,31,28,59
02244400,AMERICAN UNIV OF THE CARIBBEAN          ,FC,00000-0000,Proprietary  ,7,690,697,7,690,697
02266600,UNIVERSITY OF LONDON - SAINT GEORGE     ,FC,00000-0000,Public       ,0,23,23,0,23,23
02271700,UNIVERSITY OF CAMBRIDGE - CLARE HAL     ,FC,00000-0000,Public       ,0,3,3,0,3,3
02271900,UNIVERSITY OF OXFORD - BLACKFRIARS      ,FC,00000-0000,Public       ,0,1,1,0,1,1
02273600,QUEEN'S UNIV OF BELFAST (THE)           ,FC,00000-0000,Public       ,13,37,50,13,37,50
02273900,HERIOT WATT UNIVERSITY                  ,FC,00000-0000,Public       ,5,16,21,5,16,21
02293400,ECOLE DES HAUTES ETUDES COMERCIALS      ,FC,00000-0000,Public       ,0,11,11,0,11,11
02296300,UNIVERSITY OF CAMBRIDGE - JESUS COL     ,FC,00000-0000,Public       ,0,4,4,0,4,4
02310500,DE MONTFORT UNIVERSITY                  ,FC,00000-0000,Public       ,5,5,10,5,5,10
02320500,ROYAL NORTHERN COLLEGE OF MUSIC         ,FC,00000-0000,Public       ,1,5,6,1,5,6
02335100,UNIV OF CAMBRIDGE - TRINITY HALL        ,FC,00000-0000,Public       ,1,6,7,1,6,7
02338900,UNIVERSITY  FOR THE CREATIVE ARTS       ,FC,00000-0000,Public       ,6,5,11,6,5,11
02351800,UNIVERSIDAD IBEROAMERICANA (UNIBE       ,FC,00000-0000,Private      ,34,111,145,34,111,145
02352100,UNIVERSITY OF PLYMOUTH                  ,FC,00000-0000,Public       ,12,7,19,12,7,19
02496700,NATIONAL FILM & TV SCHOOL               ,FC,00000-0000,Public       ,1,3,4,1,3,4
02545700,GLASGOW SCHOOL OF ART                   ,FC,00000-0000,Public       ,4,10,14,4,10,14
02561600,SOUTHAMPTON SOLENT UNIVERSITY           ,FC,00000-0000,Public       ,3,2,5,3,2,5
02579600,MURDOCH UNIVERSITY                      ,FC,00000-0000,Public       ,2,15,17,2,15,17
02588000,UNIVERSITY OF ULSTER                    ,FC,00000-0000,Public       ,3,9,12,3,9,12
02611700,DUBLIN CITY UNIVERSITY                  ,FC,00000-0000,Public       ,5,18,23,5,18,23
03012700,UNIVERSITY OF BUCKINGHAM                ,FC,00000-0000,Private      ,4,3,7,4,3,7
03029400,KEELE UNIVERSITY                        ,FC,00000-0000,Public       ,12,8,20,12,8,20
03029500,NORTHUMBRIA UNIVERSITY                  ,FC,00000-0000,Public       ,6,21,27,6,21,27
03033300,MANCHESTER METROPOLITAN UNIV            ,FC,00000-0000,Public       ,22,34,56,22,34,56
03045000,UNIVERSITY OF EAST LONDON               ,FC,00000-0000,Public       ,19,22,41,19,22,41
03050100,STUDIO ART CENTERS INTERNATIONAL        ,FC,00000-0000,Private      ,13,43,56,13,43,56
03067200,UNIVERSITY OF SYDNEY                    ,FC,00000-0000,Public       ,18,69,87,18,69,87
03073800,UNIV OF DEBRECEN MED & HEALTH SCI       ,FC,00000-0000,Public       ,3,6,9,3,6,9
03078700,UNIVERSITA COMMERCIALE L BOCCONI        ,FC,00000-0000,Private      ,7,14,21,7,14,21
03080300,SHEFFIELD HALLAM UNIVERSITY             ,FC,00000-0000,Public       ,6,4,10,6,4,10
03084300,UNIVERSITY OF LIMERICK                  ,FC,00000-0000,Public       ,11,31,42,11,31,42
03088700,ROYAL SCOTTISH ACAD MUSIC & DRAMA       ,FC,00000-0000,Public       ,10,15,25,10,15,25
03091400,UNIVERSITY OF WOLLONGONG                ,FC,00000-0000,Public       ,6,9,15,6,9,15
03091500,UNIVERSITY OF CANBERRA                  ,FC,00000-0000,Public       ,1,3,4,1,3,4
03091700,POZNAN UNIVERSITY OF MEDICAL SCIENCES   ,FC,00000-0000,Public       ,4,16,20,4,16,20
03092500,NOTTINGHAM TRENT UNIVERSITY             ,FC,00000-0000,Public       ,10,13,23,10,13,23
03095000,RMIT UNIVERSITY                         ,FC,00000-0000,Public       ,4,19,23,4,19,23
03095400,BOND UNIVERSITY                         ,FC,00000-0000,Private      ,9,15,24,9,15,24
03095900,ESSEC BUSINESS SCHOOL                   ,FC,00000-0000,Private      ,2,6,8,2,6,8
03096100,LA TROBE UNIVERSITY                     ,FC,00000-0000,Public       ,4,12,16,4,12,16
03100000,UNIVERSITY OF ADELAIDE (THE)            ,FC,00000-0000,Public       ,4,6,10,4,6,10
03101600,ASIAN INSTITUTE OF MANAGEMENT           ,FC,00000-0000,Private      ,1,13,14,1,13,14
03102500,AMERICAN UNIVERSITY OF ROME             ,FC,00000-0000,Private      ,87,52,139,87,52,139
03102800,ROBERT GORDON UNIVERSITY (THE)          ,FC,00000-0000,Public       ,1,18,19,1,18,19
03104800,GRIFFITH UNIVERSITY                     ,FC,00000-0000,Public       ,6,15,21,6,15,21
03140600,SOUTHERN CROSS UNIVERSITY               ,FC,00000-0000,Public       ,0,2,2,0,2,2
03150400,"UNIVERSITY OF TECHNOLOGY, SYDNEY        ",FC,00000-0000,Public       ,1,11,12,1,11,12
03287300,LIVERPOOL INSTITUTE FOR PERFORMING ARTS ,FC,00000-0000,Public       ,15,3,18,15,3,18
03300300,"2ND SCHOOL OF MEDICINE, CHARLES UNI     ",FC,00000-0000,Public       ,2,7,9,2,7,9
03300400,"FIRST FACULTY OF MEDICINE, CHARLES UNIV.",FC,00000-0000,Public       ,3,10,13,3,10,13
03329300,JOHN CABOT UNIVERSITY                   ,FC,00000-0000,Private      ,142,25,167,142,25,167
03333300,MEDICAL UNIVERSITY SCHOOL OF LUBLIN     ,FC,00000-0000,Public       ,4,53,57,4,53,57
03334300,UNIVERSIDAD NORDESTANA                  ,FC,00000-0000,Private      ,0,20,20,0,20,20
03335300,MEDICAL UNIVERSITY OF SILESIA           ,FC,00000-0000,Public       ,5,21,26,5,21,26
03342300,GLASGOW CALEDONIAN UNIVERSITY           ,FC,00000-0000,Public       ,4,19,23,4,19,23
03349400,"QUEEN MARGARET UNIVERSITY, EDINBURGH    ",FC,00000-0000,Public       ,2,19,21,2,19,21
03350300,BOURNEMOUTH UNIVERSITY                  ,FC,00000-0000,Public       ,13,16,29,13,16,29
03352300,LONDON SOUTH BANK UNIVERSITY            ,FC,00000-0000,Private      ,12,18,30,12,18,30
03378300,"THE 3RD FACULTY OF MEDICINE, CHARLE     ",FC,00000-0000,Public       ,1,3,4,1,3,4
03418400,NAPIER UNIVERSITY                       ,FC,00000-0000,Public       ,5,29,34,5,29,34
03435300,ANGLIA  RUSKIN UNIVERSITY               ,FC,00000-0000,Private      ,9,13,22,9,13,22
03460300,INTERNATIONALES THEOLOGISCHES INSTI     ,FC,00000-0000,Private      ,3,5,8,3,5,8
03473300,UNIVERSITY OF THE ARTS LONDON           ,FC,00000-0000,Public       ,61,49,110,61,49,110
03478300,ROYAL WELSH COLLEGE OF MUSIC AND DRAMA  ,FC,00000-0000,Public       ,13,15,28,13,15,28
03492300,UNIVERSITY OF OXFORD - GREEN TEMPLETON C,FC,00000-0000,Public       ,0,5,5,0,5,5
03492400,UNIV OF CAMBRIDGE-ST CATHERINE'S CG     ,FC,00000-0000,Public       ,0,1,1,0,1,1
03494400,UNIV OF CAMBRIDGE-SELWYN COLLEGE        ,FC,00000-0000,Public       ,0,1,1,0,1,1
03494600,UNIV OF OXFORD-HARRIS MANCHESTER        ,FC,00000-0000,Public       ,0,2,2,0,2,2
03501400,LEEDS METROPOLITAN UNIVERSITY           ,FC,00000-0000,Public       ,5,19,24,5,19,24
03507300,UNIVERSITY OF SUNDERLAND                ,FC,00000-0000,Public       ,2,5,7,2,5,7
03515300,UNIVERSITY OF CENTRAL LANCASHIRE        ,FC,00000-0000,Public       ,8,16,24,8,16,24
03517300,UNIVERSITY OF BRIGHTON                  ,FC,00000-0000,Public       ,17,23,40,17,23,40
03518300,EUROPEAN GRADUATE SCHOOL (EGS)          ,FC,00000-0000,Private      ,0,46,46,0,46,46
03527300,SOFIA UNIVERSITY ST. KLIMENT OHRIDSKI   ,FC,00000-0000,Public       ,1,6,7,1,6,7
03533300,BATH SPA UNIVERSITY                     ,FC,00000-0000,Public       ,6,15,21,6,15,21
03547300,UNIVERSITY OF SOUTH WALES               ,FC,00000-0000,Public       ,7,7,14,7,7,14
03547303,"UNIVERSITY OF SOUTH WALES - NEWPORT, CAE",FC,00000-0000,Public       ,0,1,1,0,1,1
03565300,MASARYKOVA UNIVERZITA                   ,FC,00000-0000,Public       ,0,2,2,0,2,2
03580300,LIVERPOOL JOHN MOORES UNIVERSITY        ,FC,00000-0000,Public       ,0,5,5,0,5,5
03589400,ARTS INSTITUTE AT BOURNEMOUTH (THE)     ,FC,00000-0000,Public       ,9,6,15,9,6,15
03594300,GROUP ESC GRENOBLE GRAD SCH OF BUS.     ,FC,00000-0000,Private      ,0,16,16,0,16,16
03597300,JAGIELLONIAN UNIVERSITY                 ,FC,00000-0000,Public       ,1,8,9,1,8,9
03619300,UNIVERSITY OF GREENWICH                 ,FC,00000-0000,Public       ,30,24,54,30,24,54
03653400,UNIVERSIDAD DE IBEROAMERICA - UNIBE     ,FC,00000-0000,Private      ,2,9,11,2,9,11
03674300,UNIVERSITY OF ABERTAY DUNDEE            ,FC,00000-0000,Public       ,3,4,7,3,4,7
03684400,UNIVERSITY OF LINCOLN                   ,FC,00000-0000,Public       ,8,8,16,8,8,16
03684500,MEDICAL UNIVERSITY OF GDANSK            ,FC,00000-0000,Public       ,3,3,6,3,3,6
03694300,UNIVERSITY OF CHICHESTER                ,FC,00000-0000,Public       ,1,3,4,1,3,4
03728300,UNIVERSITY OF DERBY                     ,FC,00000-0000,Public       ,1,3,4,1,3,4
03738300,LONDON SCHOOL OF THEOLOGY               ,FC,00000-0000,Private      ,0,1,1,0,1,1
03770300,NAZARENE THEOLOGICAL COLLEGE            ,FC,00000-0000,Private      ,0,2,2,0,2,2
03780300,SABA UNIVERSITY SCHOOL OF MEDICINE      ,FC,00000-0000,Proprietary  ,1,206,207,1,206,207
03784300,MEDICAL UNIVERSITY OF BIALYSTOK         ,FC,00000-0000,Public       ,2,4,6,2,4,6
03794400,ANGLO EUROPEAN COLLEGE OF CHIROPRACTIC  ,FC,00000-0000,Private      ,0,1,1,0,1,1
03807300,ROSE BRUFORD COLLEGE                    ,FC,00000-0000,Public       ,5,4,9,5,4,9
03816400,AMERICAN GRAD SCH OF INTERNTL REL & DIPL,FC,00000-0000,Private      ,1,22,23,1,22,23
03818300,LEIPZIG GRADUATE SCHOOL OF MANAGEMENT   ,FC,00000-0000,Private      ,0,4,4,0,4,4
03824300,"ROYAL VETERINARY COLLEGE (THE), UNIVERSI",FC,00000-0000,Public       ,1,44,45,1,44,45
03859400,UNIVERSITY COLLEGE FALMOUTH             ,FC,00000-0000,Public       ,16,7,23,16,7,23
03873300,COPENHAGEN BUSINESS SCHOOL              ,FC,00000-0000,Public       ,3,10,13,3,10,13
03880300,UNIVERSITY OF GLOUCESTERSHIRE (THE)     ,FC,00000-0000,Public       ,6,3,9,6,3,9
03897400,INTERNATIONAL SPACE UNIVERSITY          ,FC,00000-0000,Private      ,0,3,3,0,3,3
03900300,MEDICAL UNIVERSITY OF THE AMERICAS      ,FC,00000-0000,Proprietary  ,0,95,95,0,95,95
03945300,UNIVERSITY OF WEST LONDON               ,FC,00000-0000,Public       ,9,10,19,9,10,19
03974300,"ST. GEORGE'S UNIVERSITY, SCHOOL OF VETER",FC,00000-0000,Proprietary  ,2,325,327,2,325,327
04015300,FRANKFURT SCHOOL OF FINANCE & MANAGEMENT,FC,00000-0000,Private      ,2,13,15,2,13,15
04021400,"AMERICAN COLLEGE, DUBLIN LIMITED (THE)  ",FC,00000-0000,Private      ,11,17,28,11,17,28
04021500,CENTRAL EUROPEAN UNIVERSITY             ,FC,00000-0000,Private      ,0,40,40,0,40,40
04032300,YORK ST JOHN UNIVERSITY                 ,FC,00000-0000,Public       ,4,3,7,4,3,7
04046300,HK UNIVERSITY OF SCI & TECH (HKUST)     ,FC,00000-0000,Public       ,3,9,12,3,9,12
04070300,"RAPHAEL RECANATI INTERNATIONAL SCHOOL, T",FC,00000-0000,Private      ,18,16,34,18,16,34
04076300,NEWCASTLE COLLEGE                       ,FC,00000-0000,Public       ,0,4,4,0,4,4
04085400,NEW ZEALAND COLLEGE OF CHIROPRACTIC     ,FC,00000-0000,Private      ,0,2,2,0,2,2
04113300,LEBANESE AMERICAN UNIVERSITY            ,FC,00000-0000,Private      ,24,8,32,24,8,32
04115900,LIVERPOOL HOPE UNIVERSITY               ,FC,00000-0000,Public       ,2,5,7,2,5,7
04116300,EDHEC BUSINESS SCHOOL                   ,FC,00000-0000,Private      ,1,7,8,1,7,8
04128600,UNIVERSITY OF WORCESTER                 ,FC,00000-0000,Public       ,6,3,9,6,3,9
04128700,HERTIE SCHOOL OF GOVERNANCE             ,FC,00000-0000,Private      ,4,20,24,4,20,24
04134200,LONDON CONTEMPORARY DANCE SCHOOL        ,FC,00000-0000,Private      ,6,1,7,6,1,7
04139100,UNIVERSITA DEGLI STUDI DI SCIENZE GASTRO,FC,00000-0000,Private      ,0,5,5,0,5,5
04143700,ST MARY'S UNIVERSITY COLLEGE TWICKENHAM ,FC,00000-0000,Public       ,9,7,16,9,7,16
04160800,CORK INSTITUTE OF TECHNOLOGY            ,FC,00000-0000,Public       ,0,3,3,0,3,3
04168200,EUROPEAN UNIVERSITY AT ST. PETERSBURG   ,FC,00000-0000,Private      ,1,3,4,1,3,4
04170900,UNIVERSITY OF CHESTER                   ,FC,00000-0000,Public       ,1,0,1,1,0,1
04176500,ESMT EUROPEAN SCHOOL OF MANAGEMENT AND T,FC,00000-0000,Private      ,3,13,16,3,13,16
04180700,"HEYTHROP COLLEGE, UNIVERSITY OF LONDON  ",FC,00000-0000,Public       ,2,2,4,2,2,4
04218800,REGENT'S UNIVERSITY LONDON              ,FC,00000-0000,Private      ,55,23,78,55,23,78
04219400,UNIVERSIDAD TORCUATO DI TELLA           ,FC,00000-0000,Private      ,3,2,5,3,2,5
04227300,UNIVERSITY OF OXFORD-ST. STEPHEN'S HOUSE,FC,00000-0000,Public       ,0,1,1,0,1,1
00380600,ALDERSON BROADDUS UNIVERSITY            ,WV,26416-1051,Private      ,1657,265,1922,1657,265,1922
00380700,MOUNTAIN STATE UNIVERSITY               ,WV,25801-5624,Private      ,49,63,112,49,63,112
00380800,BETHANY COLLEGE                         ,WV,26032-0417,Private      ,738,76,814,738,76,814
00380900,BLUEFIELD STATE COLLEGE                 ,WV,24701-2198,Public       ,893,666,1559,893,666,1559
00381000,CONCORD UNIVERSITY                      ,WV,24712-0000,Public       ,1921,715,2636,1921,715,2636
00381100,DAVIS & ELKINS COLLEGE                  ,WV,26241-3996,Private      ,875,161,1036,875,161,1036
00381200,FAIRMONT STATE UNIVERSITY               ,WV,26554-2470,Public       ,3556,1339,4895,3556,1339,4895
00381300,GLENVILLE STATE COLLEGE                 ,WV,26351-1292,Public       ,1125,298,1423,1125,298,1423
00381500,MARSHALL UNIVERSITY                     ,WV,25755-3300,Public       ,7930,3553,11483,7930,3553,11483
00381600,SOUTHERN WV COMMUNITY COLLEGE           ,WV,25637-2900,Public       ,829,667,1496,829,667,1496
00381800,UNIVERSITY OF CHARLESTON                ,WV,25304-1099,Private      ,1318,884,2202,1318,884,2202
00381900,OHIO VALLEY COLLEGE                     ,WV,26105-8000,Private      ,293,64,357,293,64,357
00382000,SALEM INTERNATIONAL UNIVERSITY          ,WV,26426-0500,Proprietary  ,169,145,314,169,145,314
00382200,SHEPHERD UNIVERSITY                     ,WV,25443-5000,Public       ,3153,852,4005,3153,852,4005
00382300,WEST LIBERTY UNIVERSITY                 ,WV,26074-0295,Public       ,1846,401,2247,1846,401,2247
00382600,WEST VIRGINIA STATE UNIVERSITY          ,WV,25112-0000,Public       ,1864,898,2762,1864,898,2762
00382700,WEST VIRGINIA UNIVERSITY                ,WV,26506-6201,Public       ,22038,6426,28464,22038,6426,28464
00382711,WEST VIRGINIA UNIVERSITY - POTOMAC STATE,WV,26726-3000,Public       ,1370,323,1693,1370,323,1693
00382721,WEST VIRGINIA UNIV INST OF TECH         ,WV,25136-2436,Public       ,1115,351,1466,1115,351,1466
00382800,WEST VIRGINIA UNIV AT PARKERSBURG       ,WV,26101-9577,Public       ,946,910,1856,946,910,1856
00383000,WEST VIRGINIA WESLEYAN COLLEGE          ,WV,26201-2600,Private      ,1755,182,1937,1755,182,1937
00383100,WHEELING JESUIT UNIVERSITY              ,WV,26003-6243,Private      ,784,345,1129,784,345,1129
00500700,WEST VIRGINIA JUNIOR COLLEGE            ,WV,26505-5596,Proprietary  ,159,280,439,159,280,439
00500800,MOUNTAIN STATE COLLEGE                  ,WV,26101-3993,Proprietary  ,30,119,149,30,119,149
00754400,APPALACHIAN BIBLE COLLEGE               ,WV,25818-1353,Private      ,132,23,155,132,23,155
00760000,INTERNATIONAL BEAUTY SCHOOL             ,WV,25401-3231,Proprietary  ,11,23,34,11,23,34
00835500,JAMES RUMSEY TECHNICAL INSTITUTE        ,WV,25403-0259,Public       ,71,138,209,71,138,209
00895900,CLARKSBURG BEAUTY ACADEMY               ,WV,26301-2903,Proprietary  ,21,35,56,21,35,56
00904700,HUNTINGTON JUNIOR COLLEGE               ,WV,25701-2004,Proprietary  ,85,363,448,85,363,448
00905400,WEST VIRGINIA NORTHERN CMTY COLLEGE     ,WV,26003-0000,Public       ,555,519,1074,555,519,1074
01014000,MINERAL COUNTY VOCATIONAL TECH CTR      ,WV,26726-0000,Public       ,20,28,48,20,28,48
01057300,WEST VIRGINIA JUNIOR COLLEGE            ,WV,25322-0000,Proprietary  ,117,186,303,117,186,303
01057302,WEST VIRGINIA JUNIOR COLLEGE            ,WV,26330-0000,Proprietary  ,120,137,257,120,137,257
01086100,WEST VIRGINIA BUSINESS COLLEGE          ,WV,26301-0000,Proprietary  ,10,64,74,10,64,74
01124500,WEST VIRGINIA SCH OSTEOPATHIC MED       ,WV,24901-1128,Public       ,11,560,571,11,560,571
01174900,WOOD COUNTY SCH OF PRAC NURSING         ,WV,26101-6424,Public       ,26,52,78,26,52,78
01235900,B M SPURR SCHOOL OF PRAC NURSING        ,WV,26038-1660,Private      ,8,20,28,8,20,28
01257300,WEST VIRGINIA UNIV-HOSP-RAD TECH        ,WV,26506-8062,Private      ,103,73,176,103,73,176
01274300,BENJAMIN FRANKLIN CAREER&TECH           ,WV,25064-0000,Public       ,34,56,90,34,56,90
01290400,MONONGALIA CNTY TECH ED CTR             ,WV,26501-6841,Public       ,46,62,108,46,62,108
01290500,ACADEMY OF CAREERS AND TECHNOLOGY       ,WV,25801-0000,Public       ,94,158,252,94,158,252
02057400,ROANE-JACKSON TECHNICAL CENTER          ,WV,25252-0000,Public       ,21,24,45,21,24,45
02068000,UNITED TECHNICAL CENTER                 ,WV,26301-0000,Public       ,31,44,75,31,44,75
02073400,CARVER CAREER TECH ED CTR               ,WV,25306-6397,Public       ,119,143,262,119,143,262
02145100,SCOTT COLLEGE OF COSMETOLOGY            ,WV,26003-0000,Proprietary  ,27,39,66,27,39,66
02178200,CHARLESTON SCHOOL OF BEAUTY CULTURE     ,WV,25301-0000,Proprietary  ,36,56,92,36,56,92
02218200,GARNET CAREER CENTER                    ,WV,25301-0000,Public       ,60,158,218,60,158,218
02275300,CABELL COUNTY CAREER TECHNOLOGY CTR     ,WV,25705-0000,Public       ,84,111,195,84,111,195
02524500,RALPH R WILLIS VOCATIONAL CENTER        ,WV,25601-0000,Public       ,16,32,48,16,32,48
02534800,FRED W EBERLE TECHNICAL CENTER          ,WV,26201-0000,Public       ,34,28,62,34,28,62
02535500,MERCER COUNTY TECH EDUC CNTR            ,WV,24740-0000,Public       ,53,95,148,53,95,148
02579900,NORTH CENTRAL OPPORTUNITIES INDUSTRIALIZ,WV,26554-2936,Private      ,11,21,32,11,21,32
02609400,VALLEY COLLEGE                          ,WV,25404-5711,Proprietary  ,34,113,147,34,113,147
03052000,MEREDITH MANOR EQUESTRIAN CENTRE        ,WV,26184-9707,Proprietary  ,93,42,135,93,42,135
03076500,FAYETTE INSTITUTE OF TECHNOLOGY         ,WV,25901-2174,Public       ,18,38,56,18,38,56
03084200,VALLEY COLLEGE                          ,WV,24740-3141,Proprietary  ,27,68,95,27,68,95
03084400,VALLEY COLLEGE                          ,WV,25801-2643,Proprietary  ,55,181,236,55,181,236
03098300,PUTNAM CAREER & TECHNICAL CENTER        ,WV,25070-0000,Public       ,33,32,65,33,32,65
03102100,MORGANTOWN BEAUTY COLLEGE               ,WV,26505-5430,Proprietary  ,48,49,97,48,49,97
03734300,JOHN D. ROCKEFELLER IV CAREER CENTER    ,WV,26047-9424,Public       ,4,13,17,4,13,17
03819300,AMERICAN PUBLIC UNIVERSITY SYSTEM       ,WV,25414-1621,Proprietary  ,609,17729,18338,609,17729,18338
03957300,BLUE RIDGE COMMUNITY AND TECHNICAL COLLE,WV,25401-3244,Public       ,586,868,1454,586,868,1454
03960300,NEW RIVER COMMUNITY AND TECHNICAL COLLEG,WV,25801-2636,Public       ,684,826,1510,684,826,1510
04028300,MOUNTAIN STATE SCHOOL OF MASSAGE        ,WV,25304-2025,Proprietary  ,18,24,42,18,24,42
04038500,PIERPONT COMMUNITY & TECHNICAL COLLEGE  ,WV,26554-2451,Public       ,918,655,1573,918,655,1573
04038600,BRIDGEVALLEY COMMUNITY AND TECHNICAL COL,WV,25303-2735,Public       ,620,703,1323,620,703,1323
04038601,BRIDGEVALLEY COMMUNITY AND TECHNICAL COL,WV,25136-2435,Public       ,61,48,109,61,48,109
04041400,MOUNTWEST COMMUNITY AND TECHNICAL COLLEG,WV,25755-3300,Public       ,613,698,1311,613,698,1311
04119000,EASTERN WEST VIRGINIA COMMUNITY & TECHNI,WV,26836-0000,Public       ,135,219,354,135,219,354
04212400,MINGO EXTENDED LEARNING CENTER          ,WV,25670-9797,Public       ,4,15,19,4,15,19
04234800,RANDOLPH TECHNICAL CENTER               ,WV,26241-9527,Public       ,8,8,16,8,8,16
00106100,ALASKA PACIFIC UNIVERSITY               ,AK,99508-4672,Private      ,377,350,727,377,350,727
00106300,UNIVERSITY OF ALASKA FAIRBANKS          ,AK,99775-7500,Public       ,2312,1730,4042,2312,1730,4042
00106500,UNIVERSITY OF ALASKA SOUTHEAST          ,AK,99801-8680,Public       ,508,548,1056,508,548,1056
00884300,ALASKA BIBLE COLLEGE                    ,AK,99588-0000,Private      ,14,24,38,14,24,38
01146200,UNIVERSITY OF ALASKA ANCHORAGE          ,AK,99514-1608,Public       ,3677,3338,7015,3677,3338,7015
02541000,ALASKA CAREER COLLEGE                   ,AK,99507-1033,Proprietary  ,99,304,403,99,304,403
02576900,CHARTER COLLEGE                         ,AK,99508-0000,Proprietary  ,134,787,921,134,787,921
03160300,AVTEC - ALASKA'S INSTITUTE OF TECHNOLOGY,AK,99664-0889,Public       ,108,123,231,108,123,231
03461300,ILISAGVIK COLLEGE                       ,AK,99723-0749,Public       ,9,16,25,9,16,25
04138600,ALASKA CHRISTIAN COLLEGE                ,AK,99669-9755,Private      ,18,17,35,18,17,35
00108500,UNIV ARKANSAS MONTICELLO                ,AR,71656-0000,Public       ,864,435,1299,864,435,1299
00108600,UNIV OF ARKANSAS AT PINE BLUFF          ,AR,71601-2790,Public       ,1689,549,2238,1689,549,2238
00108700,ARKANSAS BAPTIST COLLEGE                ,AR,72202-6099,Private      ,364,276,640,364,276,640
00108800,LYON COLLEGE                            ,AR,72501-3699,Private      ,694,69,763,694,69,763
00108900,ARKANSAS TECH UNIVERSITY                ,AR,72801-2222,Public       ,3445,1501,4946,3445,1501,4946
00109000,ARKANSAS STATE UNIVERSITY               ,AR,72467-0000,Public       ,4374,2829,7203,4374,2829,7203
00109100,ARKANSAS STATE UNIVERSITY - BEEBE       ,AR,72012-1000,Public       ,841,800,1641,841,800,1641
00109200,UNIVERSITY OF CENTRAL ARKANSAS          ,AR,72035-0001,Public       ,5116,1567,6683,5116,1567,6683
00109300,CENTRAL BAPTIST COLLEGE                 ,AR,72034-6470,Private      ,241,187,428,241,187,428
00109400,UNIVERSITY OF THE OZARKS                ,AR,72830-2880,Private      ,502,58,560,502,58,560
00109500,CROWLEYS RIDGE COLLEGE                  ,AR,72450-9775,Private      ,82,37,119,82,37,119
00109700,HARDING UNIVERSITY                      ,AR,72149-0001,Private      ,2019,491,2510,2019,491,2510
00109800,HENDERSON STATE UNIVERSITY              ,AR,71999-0001,Public       ,1771,511,2282,1771,511,2282
00109900,HENDRIX COLLEGE                         ,AR,72032-3080,Private      ,1854,146,2000,1854,146,2000
00110000,JOHN BROWN UNIVERSITY                   ,AR,72761-2747,Private      ,1167,419,1586,1167,419,1586
00110100,UNIV ARKANSAS LITTLE ROCK               ,AR,72204-1099,Public       ,2477,2963,5440,2477,2963,5440
00110200,OUACHITA BAPTIST UNIVERSITY             ,AR,71998-0001,Private      ,1001,85,1086,1001,85,1086
00110300,PHILANDER SMITH COLLEGE                 ,AR,72202-3718,Private      ,577,232,809,577,232,809
00110400,PHILLIPS COUNTY COMMUNITY COLLEGE       ,AR,72342-0000,Public       ,121,155,276,121,155,276
00110500,SHORTER COLLEGE                         ,AR,72114-4885,Private      ,21,198,219,21,198,219
00110600,WILLIAMS BAPTIST COLLEGE                ,AR,72476-4661,Private      ,276,54,330,276,54,330
00110700,SOUTHERN ARKANSAS UNIVERSITY            ,AR,71754-0000,Public       ,1491,510,2001,1491,510,2001
00110800,UNIV ARKANSAS FAYETTEVILLE              ,AR,72701-0000,Public       ,10582,2609,13191,10582,2609,13191
00110900,UNIVERSITY OF ARKANSAS FOR MEDICAL SCIEN,AR,72205-7102,Public       ,251,1178,1429,251,1178,1429
00111000,UNIVERSITY OF ARKANSAS-FORT SMITH       ,AR,72904-7397,Public       ,1960,1224,3184,1960,1224,3184
00524500,U OF A COMM COLLEGE AT MORRILTON        ,AR,72110-9601,Public       ,413,409,822,413,409,822
00570700,SEARK COLLEGE                           ,AR,71603-0000,Public       ,211,385,596,211,385,596
00573200,UNIV AR COMMUNITY COLLEGE AT HOPE       ,AR,71801-0000,Public       ,183,234,417,183,234,417
00704400,CROWLEYS RIDGE TECHNICAL INSTITUTE      ,AR,72336-0000,Public       ,31,45,76,31,45,76
00732967,ITT TECHNICAL INSTITUTE                 ,AR,72204-7739,Proprietary  ,56,150,206,56,150,206
00773800,SOUTHERN ARKANSAS UNIVERSITY TECH       ,AR,71701-1900,Public       ,178,230,408,178,230,408
00792100,PAUL MITCHELL THE SCHOOL ARKANSAS       ,AR,72701-0000,Proprietary  ,27,36,63,27,36,63
00997600,COLLEGE OF THE OUACHITAS                ,AR,72104-0816,Public       ,123,264,387,123,264,387
01074100,MELLIE'S BEAUTY COLLEGE                 ,AR,72901-3833,Proprietary  ,13,42,55,13,42,55
01210500,NATIONAL PARK COMMUNITY COLLEGE         ,AR,71913-9174,Public       ,320,427,747,320,427,747
01226000,EAST ARKANSAS COMMUNITY COLLEGE         ,AR,72335-2204,Public       ,135,141,276,135,141,276
01226100,NORTH ARKANSAS COLLEGE                  ,AR,72601-5508,Public       ,388,400,788,388,400,788
01286000,ARKANSAS NORTHEASTERN COLLEGE           ,AR,72316-1109,Public       ,244,259,503,244,259,503
02052200,BLACK RIVER TECHNICAL COLLEGE           ,AR,72455-0000,Public       ,212,314,526,212,314,526
02073500,UNIVERSITY OF ARKANSAS COMMUNITY COLLEGE,AR,72503-0000,Public       ,212,273,485,212,273,485
02073700,NORTHWEST TECHNICAL INSTITUTE           ,AR,72765-0000,Public       ,86,163,249,86,163,249
02074600,SOUTH ARKANSAS COMMUNITY COLLEGE        ,AR,71731-0000,Public       ,199,439,638,199,439,638
02075300,PULASKI TECHNICAL COLLEGE               ,AR,72118-0000,Public       ,1036,2531,3567,1036,2531,3567
02087000,OZARKA COLLEGE                          ,AR,72556-0000,Public       ,130,231,361,130,231,361
02111100,RICH MOUNTAIN COMMUNITY COLLEGE         ,AR,71953-0000,Public       ,143,73,216,143,73,216
02202400,PROFESSIONAL COSMETOLOGY EDUC CTR       ,AR,71730-5828,Proprietary  ,9,30,39,9,30,39
02220900,COSSATOT COMMUNITY COLLEGE              ,AR,71832-0000,Public       ,221,241,462,221,241,462
02272400,EASTERN COLLEGE OF HEALTH VOCATIONS     ,AR,72205-3535,Proprietary  ,29,123,152,29,123,152
02284200,NEW TYLER BARBER COLLEGE INC            ,AR,72114-0000,Proprietary  ,3,24,27,3,24,27
02330800,JEFFERSON SCHOOL OF NURSING             ,AR,71603-0000,Private      ,28,53,81,28,53,81
02339800,SOUTHERN INSTITUTE OF COSMETOLOGY       ,AR,72301-0000,Proprietary  ,4,7,11,4,7,11
02341700,CAREER ACADEMY OF HAIR DESIGN           ,AR,72764-4304,Proprietary  ,8,21,29,8,21,29
02341701,CAREER ACADEMY OF HAIR DESIGN - ROGERS  ,AR,72756-2102,Proprietary  ,4,13,17,4,13,17
02341702,CAREER ACADEMY OF HAIR DESIGN - SILOAM  ,AR,72761-4217,Proprietary  ,1,10,11,1,10,11
02341703,CAREER ACADEMY OF HAIR DESIGN - FAYETTEV,AR,72701-7731,Proprietary  ,6,18,24,6,18,24
02348200,MID-SOUTH COMMUNITY COLLEGE             ,AR,72301-0000,Public       ,210,344,554,210,344,554
02363500,ARTHUR'S BEAUTY COLLEGE                 ,AR,72901-0000,Proprietary  ,15,59,74,15,59,74
02525800,LEE'S SCHOOL OF COSMETOLOGY             ,AR,72114-0000,Proprietary  ,10,30,40,10,30,40
02538500,ARTHUR'S BEAUTY COLLEGE                 ,AR,72076-0000,Proprietary  ,19,53,72,19,53,72
02569600,SEARCY BEAUTY COLLEGE                   ,AR,72143-0000,Proprietary  ,5,23,28,5,23,28
03005100,ARKANSAS BEAUTY SCHOOL                  ,AR,72209-5116,Proprietary  ,17,56,73,17,56,73
03007100,HOT SPRINGS BEAUTY COLLEGE              ,AR,71901-5432,Proprietary  ,9,28,37,9,28,37
03007600,ARKANSAS BEAUTY SCHOOL-CONWAY           ,AR,72032-4354,Proprietary  ,15,30,45,15,30,45
03023400,ARKANSAS COLLEGE OF BARBERING           ,AR,72114-5615,Proprietary  ,11,55,66,11,55,66
03063300,NORTHWEST ARKANSAS COMMUNITY COLLEG     ,AR,72712-5190,Public       ,1206,1325,2531,1206,1325,2531
03065100,ABC BEAUTY COLLEGE                      ,AR,71923-4206,Proprietary  ,8,20,28,8,20,28
03066302,BRYAN UNIVERSITY - ROGERS               ,AR,72756-1825,Proprietary  ,13,61,74,13,61,74
03105200,BAPTIST HEALTH SCHOOLS LITTLE ROCK      ,AR,72210-2820,Private      ,167,471,638,167,471,638
03115102,HERITAGE COLLEGE - LITTLE ROCK          ,AR,72227-5544,Proprietary  ,40,200,240,40,200,240
03124900,IMAGINE -  PAUL MITCHELL PARTNER SCHOOL ,AR,72117-2516,Proprietary  ,48,97,145,48,97,145
03214300,VELVATEX COLLEGE OF BEAUTY CULTURE      ,AR,72202-5452,Proprietary  ,5,14,19,5,14,19
03254300,MARGARET'S HAIR ACADEMY                 ,AR,71655-4905,Proprietary  ,5,24,29,5,24,29
03855300,ECCLESIA COLLEGE                        ,AR,72762-8159,Private      ,64,33,97,64,33,97
03912300,CROSSETT SCHOOL OF COSMETOLOGY          ,AR,71635-0000,Proprietary  ,3,7,10,3,7,10
03997300,ARKANSAS BEAUTY COLLEGE                 ,AR,72801-3741,Proprietary  ,5,18,23,5,18,23
04183100,WASHINGTON BARBER COLLEGE               ,AR,72209-3820,Proprietary  ,4,25,29,4,25,29
04183400,SALON PROFESSIONAL ACADEMY (THE)        ,AR,72116-7310,Proprietary  ,16,29,45,16,29,45
04203400,ARKANSAS STATE UNIVERSITY - NEWPORT     ,AR,72112-9073,Public       ,314,438,752,314,438,752
04220000,DESIGNER BARBER & STYLIST SCHOOL        ,AR,72903-3753,Proprietary  ,5,22,27,5,22,27
04241800,ACADEMY OF PROFESSIONAL COSMETOLOGY     ,AR,72756-2028,Proprietary  ,10,20,30,10,20,30
00133900,CORBAN UNIVERSITY                       ,OR,97301-9392,Private      ,1825,399,2224,1825,399,2224
00318600,BLUE MOUNTAIN COMMUNITY COLLEGE         ,OR,97801-0000,Public       ,847,753,1600,847,753,1600
00318800,CENTRAL OREGON COMMUNITY COLLEGE        ,OR,97701-5998,Public       ,2076,2595,4671,2076,2595,4671
00318900,CLATSOP COMMUNITY COLLEGE               ,OR,97103-3698,Public       ,321,384,705,321,384,705
00319100,CONCORDIA UNIVERSITY                    ,OR,97211-6099,Private      ,1741,3150,4891,1741,3150,4891
00319300,EASTERN OREGON UNIVERSITY               ,OR,97850-2899,Public       ,2438,1758,4196,2438,1758,4196
00319400,GEORGE FOX UNIVERSITY                   ,OR,97132-2697,Private      ,3728,1230,4958,3728,1230,4958
00319600,LANE COMMUNITY COLLEGE                  ,OR,97405-0640,Public       ,4049,5187,9236,4049,5187,9236
00319700,LEWIS & CLARK COLLEGE                   ,OR,97219-7899,Private      ,5580,2387,7967,5580,2387,7967
00319800,LINFIELD COLLEGE                        ,OR,97128-6894,Private      ,3249,622,3871,3249,622,3871
00319801,LINFIELD COLLEGE - PORTLAND CAMPUS      ,OR,97210-0000,Private      ,633,698,1331,633,698,1331
00319900,MARYLHURST UNIVERSITY                   ,OR,97036-7036,Private      ,93,648,741,93,648,741
00320300,MOUNT ANGEL SEMINARY                    ,OR,97373-9700,Private      ,11,9,20,11,9,20
00320400,MOUNT HOOD COMMUNITY COLLEGE            ,OR,97030-3300,Public       ,3438,4093,7531,3438,4093,7531
00320600,MULTNOMAH UNIVERSITY                    ,OR,97220-5898,Private      ,387,385,772,387,385,772
00320700,PACIFIC NORTHWEST COLLEGE OF ART        ,OR,97209-3023,Private      ,604,416,1020,604,416,1020
00320800,NORTHWEST CHRISTIAN UNIVERSITY          ,OR,97401-3727,Private      ,563,450,1013,563,450,1013
00320900,WESTERN OREGON UNIVERSITY               ,OR,97361-1394,Public       ,6526,2109,8635,6526,2109,8635
00321000,OREGON STATE UNIVERSITY                 ,OR,97331-8507,Public       ,23525,9742,33267,23525,9742,33267
00321100,OREGON INSTITUTE OF TECHNOLOGY          ,OR,97601-8801,Public       ,2544,1669,4213,2544,1669,4213
00321200,PACIFIC UNIVERSITY                      ,OR,97116-1797,Private      ,3868,2656,6524,3868,2656,6524
00321300,PORTLAND COMMUNITY COLLEGE              ,OR,97219-7198,Public       ,9786,16566,26352,9786,16566,26352
00321600,PORTLAND STATE UNIVERSITY               ,OR,97207-0000,Public       ,14849,15857,30706,14849,15857,30706
00321700,REED COLLEGE                            ,OR,97202-8199,Private      ,3719,450,4169,3719,450,4169
00321800,CHEMEKETA COMMUNITY COLLEGE             ,OR,97309-1500,Public       ,4744,5953,10697,4744,5953,10697
00321900,SOUTHERN OREGON UNIVERSITY              ,OR,97520-5010,Public       ,5010,2228,7238,5010,2228,7238
00322000,SOUTHWESTERN OREGON COMMUNITY CLG       ,OR,97420-2956,Public       ,1234,822,2056,1234,822,2056
00322100,TREASURE VALLEY COMMUNITY COLLEGE       ,OR,97914-3423,Public       ,921,810,1731,921,810,1731
00322200,UMPQUA COMMUNITY COLLEGE                ,OR,97470-0226,Public       ,861,1116,1977,861,1116,1977
00322300,UNIVERSITY OF OREGON                    ,OR,97403-1226,Public       ,23399,7088,30487,23399,7088,30487
00322400,UNIVERSITY OF PORTLAND                  ,OR,97203-5798,Private      ,10312,1945,12257,10312,1945,12257
00322500,WARNER PACIFIC COLLEGE                  ,OR,97215-4099,Private      ,1062,940,2002,1062,940,2002
00322700,WILLAMETTE UNIVERSITY                   ,OR,97301-3930,Private      ,4768,970,5738,4768,970,5738
00487800,CLACKAMAS COMMUNITY COLLEGE             ,OR,97045-7998,Public       ,2688,2898,5586,2688,2898,5586
00488200,OREGON HEALTH & SCIENCE UNIVERSITY      ,OR,97239-0000,Public       ,891,3365,4256,891,3365,4256
00693800,LINN BENTON COMMUNITY COLLEGE           ,OR,97321-3774,Public       ,2629,2486,5115,2629,2486,5115
00717800,WESTERN SEMINARY                        ,OR,97215-0000,Private      ,11,233,244,11,233,244
00723402,HEALD COLLEGE - PORTLAND                ,OR,97205-3432,Proprietary  ,89,323,412,89,323,412
00732969,ITT TECHNICAL INSTITUTE                 ,OR,97220-6819,Proprietary  ,226,651,877,226,651,877
00781900,ART INSTITUTE OF PORTLAND (THE)         ,OR,97209-2911,Proprietary  ,956,758,1714,956,758,1714
00888700,CONCORDE CAREER INSTITUTE               ,OR,97232-2242,Proprietary  ,168,379,547,168,379,547
00907900,EVEREST COLLEGE                         ,OR,97204-2296,Proprietary  ,94,274,368,94,274,368
00958100,SPRINGFIELD COLLEGE OF BEAUTY           ,OR,97477-5474,Proprietary  ,32,74,106,32,74,106
01012200,PHAGANS' MEDFORD BEAUTY SCHOOL          ,OR,97504-5297,Proprietary  ,21,69,90,21,69,90
01018200,ROGUE COMMUNITY COLLEGE                 ,OR,97527-0000,Public       ,1843,3146,4989,1843,3146,4989
01050700,ACADEMY OF HAIR DESIGN                  ,OR,97301-3526,Proprietary  ,36,85,121,36,85,121
01230900,UNIVERSITY OF WESTERN STATES            ,OR,97230-3099,Private      ,99,359,458,99,359,458
01234700,PHAGANS CENTRAL OREGON BEAUTY CLG       ,OR,97701-5175,Proprietary  ,44,76,120,44,76,120
01234800,PHAGANS BEAUTY COLLEGE                  ,OR,97333-4716,Proprietary  ,43,38,81,43,38,81
01235000,PHAGANS SCHOOL OF HAIR DESIGN           ,OR,97086-7721,Proprietary  ,37,82,119,37,82,119
01235100,PHAGANS SCHOOL OF BEAUTY                ,OR,97301-4732,Proprietary  ,43,100,143,43,100,143
01300800,PHAGANS TIGARD BEAUTY SCHOOL            ,OR,97223-0000,Proprietary  ,12,28,40,12,28,40
02101000,NORTHWEST COLLEGE OF HAIR DESIGN        ,OR,97086-7702,Proprietary  ,79,197,276,79,197,276
02101002,NORTHWEST COLLEGE                       ,OR,97007-3954,Proprietary  ,20,38,58,20,38,58
02104900,SUMNER COLLEGE                          ,OR,97219-4063,Proprietary  ,41,223,264,41,223,264
02106100,COLLEGE OF COSMETOLOGY                  ,OR,97601-0000,Proprietary  ,20,37,57,20,37,57
02154400,BEAU MONDE CLG OF HAIR DESIGN           ,OR,97205-0000,Proprietary  ,53,105,158,53,105,158
02154401,BEAU MONDE COLLEGE OF HAIR DESIGN - BEAU,OR,97232-1315,Proprietary  ,50,78,128,50,78,128
02159700,NEW HOPE CHRISTIAN COLLEGE              ,OR,97405-1194,Private      ,132,126,258,132,126,258
02201900,PHAGANS' SCHOOL OF HAIR DESIGN          ,OR,97232-0000,Proprietary  ,56,134,190,56,134,190
02311000,PAUL MITCHELL THE SCHOOL                ,OR,97205-3724,Proprietary  ,128,150,278,128,150,278
02330100,PIONEER PACIFIC COLLEGE                 ,OR,97070-0000,Proprietary  ,146,352,498,146,352,498
02330102,PIONEER PACIFIC COLLEGE                 ,OR,97403-0000,Proprietary  ,125,412,537,125,412,537
02337900,COLLEGE OF HAIR DESIGN CAREERS          ,OR,97301-0000,Proprietary  ,36,79,115,36,79,115
02344100,ROSEBURG BEAUTY COLLEGE                 ,OR,97470-0000,Proprietary  ,24,41,65,24,41,65
02534000,NATIONAL COLLEGE OF NATURAL MEDICINE    ,OR,97201-0000,Private      ,45,783,828,45,783,828
02578800,NORTHWEST NANNIES INSTITUTE             ,OR,97035-0000,Proprietary  ,9,9,18,9,9,18
02603700,OREGON COL OF ORIENTAL MEDICINE         ,OR,97216-0000,Private      ,26,218,244,26,218,244
02617506,EVEREST COLLEGE - EVEREST INSTITUTE     ,OR,97223-6581,Proprietary  ,36,100,136,36,100,136
03007300,OREGON COLLEGE OF ART & CRAFT           ,OR,97225-6399,Private      ,215,272,487,215,272,487
03022600,LE CORDON BLEU COLLEGE OF CULINARY ARTS ,OR,97205-2793,Proprietary  ,276,464,740,276,464,740
03042500,CARRINGTON COLLEGE                      ,OR,97232-1302,Proprietary  ,90,289,379,90,289,379
03074400,PHAGANS NEWPORT ACAD CSMTLGY CAREER     ,OR,97365-4963,Proprietary  ,10,16,26,10,16,26
03074500,EAST-WEST COLLEGE OF THE HEALING ARTS   ,OR,97232-2765,Proprietary  ,37,166,203,37,166,203
03185300,PHAGANS GRANTS PASS COLLEGE OF BTY      ,OR,97527-0000,Proprietary  ,26,36,62,26,36,62
03428300,KLAMATH COMMUNITY COLLEGE               ,OR,97603-7121,Public       ,413,681,1094,413,681,1094
03642300,INSTITUTE OF TECHNOLOGY                 ,OR,97305-1373,Proprietary  ,115,217,332,115,217,332
03668300,BIRTHINGWAY COLLEGE OF MIDWIFERY        ,OR,97266-4042,Private      ,23,136,159,23,136,159
03783400,ABDILL CAREER COLLEGE                   ,OR,97504-7137,Proprietary  ,33,125,158,33,125,158
04146500,PORTLAND ACTORS CONSERVATORY            ,OR,97201-2557,Private      ,26,73,99,26,73,99
04151900,COLUMBIA GORGE COMMUNITY COLLEGE        ,OR,97058-3434,Public       ,384,422,806,384,422,806
04167400,SAGE SCHOOL OF MASSAGE & HEALING ARTS   ,OR,97701-4082,Proprietary  ,18,56,74,18,56,74
04171400,AVEDA INSTITUTE PORTLAND                ,OR,97209-3144,Proprietary  ,181,225,406,181,225,406
04194400,AMERICAN COLLEGE OF HEALTHCARE SCIENCES ,OR,97239-3719,Proprietary  ,126,544,670,126,544,670
04194900,TILLAMOOK BAY COMMUNITY COLLEGE         ,OR,97141-2807,Public       ,128,192,320,128,192,320
00137400,ALBERTUS MAGNUS COLLEGE                 ,CT,06511-1189,Private      ,703,885,1588,703,885,1588
00137800,CENTRAL CONNECTICUT STATE UNIV          ,CT,06050-2490,Public       ,9469,2512,11981,9469,2512,11981
00137900,CONNECTICUT COLLEGE                     ,CT,06320-4196,Private      ,2783,125,2908,2783,125,2908
00138000,WESTERN CONNECTICUT STATE UNIV          ,CT,06810-6826,Public       ,5577,1144,6721,5577,1144,6721
00138500,FAIRFIELD UNIVERSITY                    ,CT,06430-0000,Private      ,7057,577,7634,7057,577,7634
00138700,HARTFORD SEMINARY                       ,CT,06105-0000,Private      ,22,44,66,22,44,66
00138900,HOLY APOSTLES COLLEGE & SEMINARY        ,CT,06416-2027,Private      ,18,42,60,18,42,60
00139200,MANCHESTER COMMUNITY COLLEGE            ,CT,06045-1046,Public       ,1863,1306,3169,1863,1306,3169
00139300,MITCHELL COLLEGE                        ,CT,06320-4498,Private      ,568,133,701,568,133,701
00139700,UNIVERSITY OF NEW HAVEN                 ,CT,06516-1999,Private      ,9611,1349,10960,9611,1349,10960
00139800,NORTHWESTERN CT COMMUNITY COLLEGE       ,CT,06098-1747,Public       ,270,227,497,270,227,497
00139900,NORWALK COMMUNITY TECHNICAL COLLEGE     ,CT,06854-1655,Public       ,1060,1025,2085,1060,1025,2085
00140100,POST UNIVERSITY                         ,CT,06723-3240,Proprietary  ,924,3784,4708,924,3784,4708
00140200,QUINNIPIAC UNIVERSITY                   ,CT,06518-1908,Private      ,16125,2352,18477,16125,2352,18477
00140300,SACRED HEART UNIVERSITY                 ,CT,06825-1000,Private      ,7982,1487,9469,7982,1487,9469
00140600,SOUTHERN CONNECTICUT STATE UNIV         ,CT,06515-1355,Public       ,9814,3487,13301,9814,3487,13301
00140900,UNIVERSITY OF SAINT JOSEPH              ,CT,06117-2791,Private      ,890,938,1828,890,938,1828
00141400,TRINITY COLLEGE                         ,CT,06106-3100,Private      ,3114,221,3335,3114,221,3335
00141600,UNIVERSITY OF BRIDGEPORT                ,CT,06601-5650,Private      ,2728,1891,4619,2728,1891,4619
00141700,UNIVERSITY OF CONNECTICUT-STORRS        ,CT,06269-2151,Public       ,32096,4277,36373,32096,4277,36373
00141702,UNIV CONN STAMFORD                      ,CT,06901-0000,Public       ,865,361,1226,865,361,1226
00141703,UNIV OF CONNECTICUT - TORINGTON         ,CT,06790-0000,Public       ,294,83,377,294,83,377
00141706,UNIV OF CONNECTICUT SCH LAW             ,CT,06105-0000,Public       ,48,590,638,48,590,638
00141707,UNIV OF CT - SCH OF SOCIAL WORK         ,CT,06117-0000,Public       ,120,413,533,120,413,533
00141708,UNIVERSITY OF CONNECTICUT - SCHOOL OF ME,CT,06030-1920,Public       ,134,323,457,134,323,457
00141709,UNIVERSITY OF CONNECTICUT - SCHOOL OF DE,CT,06030-1920,Public       ,247,163,410,247,163,410
00142200,UNIVERSITY OF HARTFORD                  ,CT,06117-1599,Private      ,9378,1396,10774,9378,1396,10774
00142400,WESLEYAN UNIVERSITY                     ,CT,06459-3208,Private      ,4544,207,4751,4544,207,4751
00142500,EASTERN CONNECTICUT STATE UNIV          ,CT,06226-2295,Public       ,6262,884,7146,6262,884,7146
00142600,YALE UNIVERSITY                         ,CT,06520-8288,Private      ,16371,6121,22492,16371,6121,22492
00280301,RENSSELAER POLYTECHNIC INSTITUTE-RENSSEL,CT,06120-2991,Private      ,23,13,36,23,13,36
00451300,HOUSATONIC COMMUNITY COLLEGE            ,CT,06604-4704,Public       ,1187,1408,2595,1187,1408,2595
00618100,BRIDGEPORT HOSP SCHL OF NURSING         ,CT,06610-2896,Private      ,111,257,368,111,257,368
00619100,ST. VINCENT'S COLLEGE                   ,CT,06606-9966,Private      ,159,344,503,159,344,503
00698200,NAUGATUCK VALLEY COMM-TECH COLG         ,CT,06708-3089,Public       ,1488,1462,2950,1488,1462,2950
00730000,ELI WHITNEY TECHNICAL HIGH SCHOOL       ,CT,06514-0000,Public       ,10,19,29,10,19,29
00730300,LINCOLN TECHNICAL INSTITUTE             ,CT,06051-0000,Proprietary  ,111,270,381,111,270,381
00730306,LINCOLN TECHNICAL INSTITUTE - EAST WINDS,CT,06088-9631,Proprietary  ,231,122,353,231,122,353
00730500,PORTER AND CHESTER INSTITUTE OF BRANFORD,CT,06405-4022,Proprietary  ,62,86,148,62,86,148
00731100,WINDHAM TECHNICAL HIGH SCHOOL           ,CT,06226-2100,Public       ,1,3,4,1,3,4
00745900,PAIER COLLEGE OF ART                    ,CT,06514-3902,Proprietary  ,70,23,93,70,23,93
00763500,CAPITAL COMMUNITY COLLEGE               ,CT,06103-1207,Public       ,765,1291,2056,765,1291,2056
00803700,GATEWAY COMMUNITY-TECHNICAL COLLEGE     ,CT,06511-0000,Public       ,1800,2180,3980,1800,2180,3980
00803800,MIDDLESEX COMMUNITY CLG                 ,CT,06457-4889,Public       ,577,582,1159,577,582,1159
00887300,PAUL MITCHELL THE SCHOOL                ,CT,06810-6716,Proprietary  ,41,21,62,41,21,62
00887400,MARINELLO SCHOOL OF BEAUTY              ,CT,06450-4836,Proprietary  ,7,11,18,7,11,18
00887401,MARINELLO SCHOOL OF BEAUTY - HAMDEN     ,CT,06514-4132,Proprietary  ,8,12,20,8,12,20
00887402,MARINELLO SCHOOL OF BEAUTY - FAIRFIELD  ,CT,06825-4847,Proprietary  ,21,24,45,21,24,45
00887403,MARINELLO SCHOOL OF BEAUTY - WILLIMANTIC,CT,06226-1940,Proprietary  ,6,6,12,6,6,12
00927700,E C GOODWIN TECHNICAL HIGH SCHOOL       ,CT,06053-0000,Public       ,14,15,29,14,15,29
00940700,LINCOLN COLLEGE OF NEW ENGLAND          ,CT,06489-1057,Proprietary  ,244,208,452,244,208,452
00976400,TUNXIS COMMUNITY COLLEGE                ,CT,06032-3187,Public       ,1114,803,1917,1114,803,1917
00976500,THREE RIVERS COMMUNITY COLLEGE          ,CT,06360-6598,Public       ,993,1070,2063,993,1070,2063
00982200,ALBERT I PRINCE TECHNICAL HIGH SCHOOL   ,CT,06106-3799,Public       ,8,26,34,8,26,34
01041700,MARINELLO SCHOOL OF BEAUTY              ,CT,06108-2220,Proprietary  ,27,27,54,27,27,54
01053000,QUINEBAUG VALLEY COMMUNITY COLLEGE      ,CT,06239-1440,Public       ,390,399,789,390,399,789
01077900,PORTER AND CHESTER INSTITUTE-ALLCAMPUSES,CT,06615-7158,Proprietary  ,351,860,1211,351,860,1211
01115000,ASNUNTUCK COMMUNITY COLLEGE             ,CT,06082-3800,Public       ,232,232,464,232,232,464
01149600,BULLARD HAVENS VOC TECH SCHOOL          ,CT,06610-3499,Public       ,12,48,60,12,48,60
01169700,VINAL REGIONAL VOC TECH SCHOOL          ,CT,06457-4918,Public       ,2,7,9,2,7,9
01184300,NORWICH TECHNICAL HIGH SCHOOL           ,CT,06360-7097,Public       ,9,30,39,9,30,39
01242500,STONE ACADEMY                           ,CT,06516-4049,Proprietary  ,44,218,262,44,218,262
01242503,STONE ACADEMY -WATERBURY                ,CT,06705-3823,Proprietary  ,15,41,56,15,41,56
01242504,STONE ACADEMY -  EAST HARTFORD          ,CT,06118-0000,Proprietary  ,23,70,93,23,70,93
02074000,BRANFORD HALL CAREER INSTITUTE          ,CT,06405-0000,Proprietary  ,70,252,322,70,252,322
02106600,AMERICAN INSTITUTE                      ,CT,06110-1922,Proprietary  ,27,80,107,27,80,107
02112300,RIDLEY LOWELL BUSINESS & TECH INST      ,CT,06320-0000,Proprietary  ,50,216,266,50,216,266
02112700,NORTH HAVEN ACADEMY                     ,CT,06473-3108,Proprietary  ,34,35,69,34,35,69
02148700,CONNECTICUT INST OF HAIR DESIGN         ,CT,06716-0000,Proprietary  ,2,9,11,2,9,11
02202500,NEW ENGLAND TRACTOR TRAILER SCH         ,CT,06071-2036,Proprietary  ,4,28,32,4,28,32
02244900,GOODWIN COLLEGE                         ,CT,06118-9980,Private      ,524,1842,2366,524,1842,2366
02245300,HOWELL CHENEY TECHNICAL HIGH SCHOOL     ,CT,06040-0000,Public       ,9,11,20,9,11,20
02265900,WINDHAM COMMUNITY MEM HOSP-RAD TECH     ,CT,06226-0000,Private      ,5,10,15,5,10,15
02296100,YALE-NEW HAVEN HOSP DIETETIC INTERN     ,CT,06510-8900,Private      ,7,30,37,7,30,37
02300000,W F KAYNOR TECHNICAL HIGH SCHOOL        ,CT,06708-0000,Public       ,6,25,31,6,25,31
02316600,CONNECTICUT CTR FOR MASSAGE THERAPY     ,CT,06111-3975,Proprietary  ,12,31,43,12,31,43
02316601,CONNECTICUT CENTER FOR MASSAGE THERAPY -,CT,06880-4619,Proprietary  ,5,18,23,5,18,23
02316603,CONNECTICUT CENTER FOR MASSAGE THERAPY -,CT,06340-4619,Proprietary  ,6,24,30,6,24,30
02565000,PLATT TECHNICAL HIGH SCHOOL             ,CT,06460-2105,Public       ,6,6,12,6,6,12
03079400,LYME ACADEMY COLLEGE OF FINE ARTS       ,CT,06371-2333,Private      ,73,21,94,73,21,94
03094800,INDUSTRIAL MANAGEMENT & TRAINING        ,CT,06706-1211,Proprietary  ,7,34,41,7,34,41
03234300,CHARTER OAK STATE COLLEGE               ,CT,06053-2150,Public       ,75,844,919,75,844,919
03316300,LINCOLN TECHNICAL INSTITUTE - HARTFORD  ,CT,06105-3630,Proprietary  ,125,105,230,125,105,230
03927300,MARINELLO SCHOOL OF BEAUTY              ,CT,06357-2447,Proprietary  ,3,11,14,3,11,14
03927301,MARINELLO SCHOOL OF BEAUTY  - TORRINGTON,CT,06790-5425,Proprietary  ,4,4,8,4,4,8
04104300,ACADEMY DI CAPELLI - SCHOOL OF COSMETOLO,CT,06492-0000,Proprietary  ,11,12,23,11,12,23
04128800,BRANFORD ACADEMY OF HAIR & COSMETOLOGY  ,CT,06405-0000,Proprietary  ,5,11,16,5,11,16
04145400,OXFORD ACADEMY OF HAIR DESIGN           ,CT,06483-2911,Proprietary  ,2,5,7,2,5,7
04148400,EUROPEAN ACADEMY OF COSMETOLOGY AND HAIR,CT,06437-0000,Proprietary  ,4,3,7,4,3,7
04152400,INTERNATIONAL INSTITUTE OF COSMETOLOGY  ,CT,06109-0000,Proprietary  ,27,18,45,27,18,45
04219200,ACE COSMETOLOGY & BARBERING TRAINING CEN,CT,06716-0000,Proprietary  ,3,7,10,3,7,10
04224200,BELLE ACADEMY OF COSMETOLOGY            ,CT,06704-0135,Proprietary  ,5,20,25,5,20,25
04230900,RICCI'S ACADEMY OF COSMETOLOGY          ,CT,06470-0000,Proprietary  ,16,6,22,16,6,22
00146600,BARRY UNIVERSITY                        ,FL,33161-6695,Private      ,3054,3135,6189,3054,3135,6189
00146601,BARRY UNIVERSITY - ORLANDO              ,FL,32807-3673,Private      ,229,755,984,229,755,984
00146700,BETHUNE COOKMAN UNIVERSITY              ,FL,32114-3099,Private      ,5009,998,6007,5009,998,6007
00146800,ST THOMAS UNIVERSITY                    ,FL,33054-0000,Private      ,883,1071,1954,883,1071,1954
00146900,FLORIDA INSTITUTE OF TECHNOLOGY         ,FL,32901-6988,Private      ,3634,2625,6259,3634,2625,6259
00147000,EASTERN FLORIDA STATE COLLEGE           ,FL,32922-6503,Public       ,2027,2746,4773,2027,2746,4773
00147100,COLLEGE OF CENTRAL FLORIDA              ,FL,34474-4415,Public       ,1802,2452,4254,1802,2452,4254
00147200,CHIPOLA  COLLEGE                        ,FL,32446-2053,Public       ,367,364,731,367,364,731
00147300,CLEARWATER CHRISTIAN COLLEGE            ,FL,33759-0000,Private      ,360,71,431,360,71,431
00147500,DAYTONA STATE COLLEGE                   ,FL,32114-2800,Public       ,2885,3774,6659,2885,3774,6659
00147700,EDISON STATE COLLEGE                    ,FL,33906-6210,Public       ,3167,2754,5921,3167,2754,5921
00147800,EDWARD WATERS COLLEGE                   ,FL,32209-6199,Private      ,683,387,1070,683,387,1070
00147900,EMBRY-RIDDLE AERONAUTICAL UNIV          ,FL,32114-3900,Private      ,5782,3647,9429,5782,3647,9429
00148000,FLORIDA A & M UNIVERSITY                ,FL,32307-3100,Public       ,10881,4180,15061,10881,4180,15061
00148100,FLORIDA ATLANTIC UNIVERSITY             ,FL,33431-6498,Public       ,17369,7670,25039,17369,7670,25039
00148101,FLORIDA ATLANTIC UNIVERSITY/DAVIE       ,FL,33314-0000,Public       ,1657,2230,3887,1657,2230,3887
00148103,FLORIDA ATLANTIC UNIV-JUPITER/PSL       ,FL,33458-0000,Public       ,1005,571,1576,1005,571,1576
00148200,FLORIDA COLLEGE                         ,FL,33617-5578,Private      ,271,30,301,271,30,301
00148400,FLORIDA STATE COLLEGE AT JACKSONVILLE   ,FL,32202-4030,Public       ,5007,8632,13639,5007,8632,13639
00148500,FLORIDA KEYS COMMUNITY COLLEGE          ,FL,33040-4397,Public       ,222,194,416,222,194,416
00148600,FLORIDA MEMORIAL UNIVERSITY             ,FL,33054-6199,Private      ,1713,628,2341,1713,628,2341
00148700,ECKERD COLLEGE                          ,FL,33711-4744,Private      ,2666,355,3021,2666,355,3021
00148800,FLORIDA SOUTHERN COLLEGE                ,FL,33801-5698,Private      ,3294,508,3802,3294,508,3802
00148900,FLORIDA STATE UNIVERSITY                ,FL,32306-2430,Public       ,34546,9664,44210,34546,9664,44210
00149000,GULF COAST STATE COLLEGE                ,FL,32401-1058,Public       ,1071,1528,2599,1071,1528,2599
00149300,INDIAN RIVER STATE COLLEGE              ,FL,34981-5596,Public       ,2471,3231,5702,2471,3231,5702
00149500,JACKSONVILLE UNIVERSITY                 ,FL,32211-3394,Private      ,2412,1664,4076,2412,1664,4076
00149700,JONES COLLEGE                           ,FL,32205-5395,Private      ,42,295,337,42,295,337
00149900,EVEREST UNIVERSITY                      ,FL,32810-5601,Proprietary  ,167,1610,1777,167,1610,1777
00149901,EVEREST UNIVERSITY - ORLANDO SOUTH      ,FL,32819-7666,Proprietary  ,348,5086,5434,348,5086,5434
00149902,EVEREST UNIVERSITY - MELBOURNE          ,FL,32905-6609,Proprietary  ,36,258,294,36,258,294
00149904,EVEREST UNIVERSITY - TAMPA              ,FL,33614-5801,Proprietary  ,127,853,980,127,853,980
00149905,EVEREST UNIVERSITY - BRANDON            ,FL,33619-1354,Proprietary  ,86,1127,1213,86,1127,1213
00149906,EVEREST UNIVERSITY - ORANGE PARK        ,FL,32073-1111,Proprietary  ,33,306,339,33,306,339
00149907,EVEREST UNIVERSITY - LARGO              ,FL,33770-2556,Proprietary  ,12,210,222,12,210,222
00149908,EVEREST UNIVERSITY - LAKELAND           ,FL,33801-3801,Proprietary  ,41,248,289,41,248,289
00149909,EVEREST UNIVERSITY - JACKSONVILLE       ,FL,32256-0000,Proprietary  ,97,457,554,97,457,554
00149910,EVEREST UNIVERSITY - POMPANO            ,FL,33062-2522,Proprietary  ,38,451,489,38,451,489
00150000,BROWARD COLLEGE- DOWNTOWN CTR           ,FL,33301-2298,Public       ,9853,12133,21986,9853,12133,21986
00150100,FLORIDA GATEWAY COLLEGE                 ,FL,32025-2007,Public       ,453,650,1103,453,650,1103
00150200,LAKE SUMTER COMMUNITY COLLEGE           ,FL,34788-8751,Public       ,1125,1079,2204,1125,1079,2204
00150400,"STATE COLLEGE OF FLORIDA, MANATEE-SARASO",FL,34207-3596,Public       ,2045,2366,4411,2045,2366,4411
00150500,LYNN UNIVERSITY                         ,FL,33431-5598,Private      ,2080,474,2554,2080,474,2554
00150600,MIAMI DADE COLLEGE ADMINISTRATION ONLY  ,FL,33176-3393,Public       ,228,314,542,228,314,542
00150601,MIAMI DADE COLLEGE - NORTH CAMPUS       ,FL,33167-3495,Public       ,6118,5112,11230,6118,5112,11230
00150602,MIAMI DADE COLLEGE - KENDALL CAMPUS     ,FL,33176-3393,Public       ,7869,4729,12598,7869,4729,12598
00150603,MIAMI DADE COLLEGE - WOLFSON CAMPUS     ,FL,33132-2297,Public       ,5026,3802,8828,5026,3802,8828
00150604,MIAMI DADE COLLEGE - MEDICAL CAMPUS     ,FL,33127-4693,Public       ,1706,2308,4014,1706,2308,4014
00150605,MIAMI DADE COLLEGE - HOMESTEAD CAMPUS   ,FL,33030-6009,Public       ,1321,1251,2572,1321,1251,2572
00150606,MIAMI DADE COLLEGE -INTERAMERICAN CAMPUS,FL,33135-0000,Public       ,1690,2145,3835,1690,2145,3835
00150607,MIAMI DADE COLLEGE - HIALEAH CAMPUS     ,FL,33012-2918,Public       ,2066,1465,3531,2066,1465,3531
00150800,NORTH FLORIDA COMMUNITY COLLEGE         ,FL,32340-1699,Public       ,188,228,416,188,228,416
00150900,NOVA SOUTHEASTERN UNIVERSITY            ,FL,33314-7796,Private      ,4849,12501,17350,4849,12501,17350
00151000,NORTHWEST FLORIDA STATE COLLEGE         ,FL,32578-1295,Public       ,788,1435,2223,788,1435,2223
00151200,PALM BEACH COMMUNITY COLLEGE            ,FL,33461-4796,Public       ,5254,4611,9865,5254,4611,9865
00151300,PENSACOLA STATE COLLEGE                 ,FL,32504-8998,Public       ,1761,2625,4386,1761,2625,4386
00151400,POLK STATE COLLEGE                      ,FL,33881-4256,Public       ,1866,2708,4574,1866,2708,4574
00151500,ROLLINS COLLEGE                         ,FL,32789-4499,Private      ,2563,588,3151,2563,588,3151
00151900,SANTA FE COLLEGE                        ,FL,32606-6200,Public       ,4873,3311,8184,4873,3311,8184
00152000,SEMINOLE STATE COLLEGE OF FLORIDA       ,FL,32773-6199,Public       ,3423,3952,7375,3423,3952,7375
00152100,SOUTHEASTERN UNIVERSITY                 ,FL,33801-6099,Private      ,2872,751,3623,2872,751,3623
00152200,SOUTH FLORIDA COMMUNITY COLLEGE         ,FL,33825-9399,Public       ,554,578,1132,554,578,1132
00152300,SAINT JOHNS RIVER STATE COLLEGE         ,FL,32177-3897,Public       ,1118,1526,2644,1118,1526,2644
00152600,SAINT LEO UNIVERSITY                    ,FL,33574-6665,Private      ,3547,7481,11028,3547,7481,11028
00152800,ST. PETERSBURG COLLEGE                  ,FL,33760-3768,Public       ,3755,8279,12034,3755,8279,12034
00153100,STETSON UNIVERSITY                      ,FL,32723-3761,Private      ,5753,581,6334,5753,581,6334
00153101,STETSON UNIVERSITY - COLLEGE OF LAW     ,FL,33707-3299,Private      ,80,949,1029,80,949,1029
00153300,TALLAHASSEE COMMUNITY COLLEGE           ,FL,32304-2895,Public       ,4637,2919,7556,4637,2919,7556
00153500,UNIVERSITY OF FLORIDA                   ,FL,32611-3150,Public       ,35569,12151,47720,35569,12151,47720
00153600,UNIVERSITY OF MIAMI                     ,FL,33146-6531,Private      ,18845,3625,22470,18845,3625,22470
00153601,UNIV OF MIAMI SCHOOL OF LAW             ,FL,33124-0000,Private      ,122,1062,1184,122,1062,1184
00153602,UNIV OF MIAMI-SCH OF MEDICINE           ,FL,33136-0000,Private      ,577,1038,1615,577,1038,1615
00153700,UNIVERSITY OF SOUTH FLORIDA             ,FL,33620-6960,Public       ,30792,13302,44094,30792,13302,44094
00153701,UNIV OF SOUTH FLORIDA-ST PETERSBURG     ,FL,33701-0000,Public       ,3359,1723,5082,3359,1723,5082
00153702,UNIV OF SOUTH FLORIDA-SARASOTA          ,FL,34243-2025,Public       ,845,838,1683,845,838,1683
00153705,UNIV OF SOUTH FLORIDA                   ,FL,33803-0000,Public       ,627,403,1030,627,403,1030
00153706,UNIV OF SOUTH FLORIDA- MEDICINE         ,FL,33612-0000,Public       ,899,1483,2382,899,1483,2382
00153800,UNIVERSITY OF TAMPA                     ,FL,33606-1490,Private      ,11337,1742,13079,11337,1742,13079
00154000,WEBBER INTERNATIONAL UNIVERSITY         ,FL,33827-0096,Private      ,822,153,975,822,153,975
00173308,NATIONAL-LOUIS UNIVERSITY               ,FL,33609-0000,Private      ,16,31,47,16,31,47
00177201,TRINITY INTERNATIONAL UNIVERSITY - SOUTH,FL,33324-4611,Private      ,29,186,215,29,186,215
00395400,UNIV OF CENTRAL FLORIDA                 ,FL,32816-0001,Public       ,46360,15725,62085,46360,15725,62085
00395500,UNIVERSITY OF WEST FLORIDA              ,FL,32514-5750,Public       ,6297,3852,10149,6297,3852,10149
00407215,NORTHWOOD UNIVERSITY                    ,FL,33409-0000,Private      ,364,163,527,364,163,527
00491005,KAPLAN COLLEGE JACKSONVILLE             ,FL,32216-3216,Proprietary  ,77,729,806,77,729,806
00558500,LIVELY TECHNICAL CENTER                 ,FL,32304-0000,Public       ,168,494,662,168,494,662
00558600,LINDSEY HOPKINS TECHNICAL ED CENTER     ,FL,33127-4692,Public       ,75,219,294,75,219,294
00559400,D G ERWIN TECHNICAL CENTER              ,FL,33610-8255,Public       ,202,583,785,202,583,785
00560500,PINELLAS TECH ED CTR-CLEARWATER         ,FL,33760-2194,Public       ,94,339,433,94,339,433
00560700,SARASOTA COUNTY TECHNICAL INSTITUTE     ,FL,34233-0000,Public       ,117,245,362,117,245,362
00560800,MAYNARD A. TRAVISS CAREER CENTER        ,FL,33803-9709,Public       ,88,312,400,88,312,400
00561200,MANATEE TECHNICAL INSTITUTE             ,FL,34210-0000,Public       ,122,339,461,122,339,461
00561201,MANATEE TECHNICAL INSTITUTE-EAST        ,FL,34211-0000,Public       ,90,242,332,90,242,332
00675000,VALENCIA COMMUNITY COLLEGE              ,FL,32802-3028,Public       ,14361,9882,24243,14361,9882,24243
00732910,ITT TECHNICAL INSTITUTE                 ,FL,33634-7515,Proprietary  ,192,1034,1226,192,1034,1226
00732947,ITT TECHNICAL INSTITUTE                 ,FL,32746-1607,Proprietary  ,79,528,607,79,528,607
00736206,MEDTECH COLLEGE - MEDTECH INSTITUTE - OR,FL,32826-4906,Proprietary  ,82,395,477,82,395,477
00752500,SUWANNEE-HAMILTON AREA VOC TECH CTR     ,FL,32060-0000,Public       ,18,82,100,18,82,100
00752600,WASHINGTON HOLMES TECHNICAL CENTER      ,FL,32428-1699,Public       ,38,94,132,38,94,132
00755800,LEE COUNTY HIGH TECH CENTER CENTRAL     ,FL,33916-2299,Public       ,129,238,367,129,238,367
00787000,HILLSBOROUGH COMMUNITY COLLEGE          ,FL,33606-3572,Public       ,5990,7439,13429,5990,7439,13429
00789300,FLAGLER COLLEGE                         ,FL,32085-1027,Private      ,3037,309,3346,3037,309,3346
00789301,FLAGLER COLLEGE - TALLAHASSEE COMMUNITY ,FL,32304-2895,Private      ,236,308,544,236,308,544
00807500,ST JOHN VIANNEY COLLEGE SEMINARY        ,FL,33165-3244,Private      ,13,9,22,13,9,22
00822300,ST VINCENT DE PAUL REGIONL SEMINARY     ,FL,33436-0000,Private      ,2,8,10,2,8,10
00841700,STENOTYPE INST OF JACKSONVILLE          ,FL,32207-0000,Proprietary  ,7,61,68,7,61,68
00869410,RASMUSSEN COLLEGE - OCALA               ,FL,34471-7051,Proprietary  ,283,2370,2653,283,2370,2653
00869411,RASMUSSEN COLLEGE - NEW PORT RICHEY     ,FL,34690-4554,Proprietary  ,33,394,427,33,394,427
00869413,RASMUSSEN COLLEGE - FORT MYERS          ,FL,33905-7805,Proprietary  ,108,465,573,108,465,573
00869420,RASMUSSEN COLLEGE - TAMPA               ,FL,33610-9558,Proprietary  ,90,430,520,90,430,520
00869422,RASMUSSEN COLLEGE - PASCO               ,FL,33558-0000,Proprietary  ,21,123,144,21,123,144
00884800,WARNER UNIVERSITY                       ,FL,33859-8725,Private      ,520,235,755,520,235,755
00884900,PALM BEACH ATLANTIC UNIVERSITY          ,FL,33401-6505,Private      ,2369,937,3306,2369,937,3306
00887800,MIAMI INTERNATIONAL UNIV ART&DESIGN     ,FL,33132-1418,Proprietary  ,848,714,1562,848,714,1562
00910400,TONI & GUY HAIRDRESSING ACADEMY         ,FL,32256-3810,Proprietary  ,20,38,58,20,38,58
00963500,FLORIDA INTERNATIONAL UNIVERSITY        ,FL,33199-0001,Public       ,28162,17500,45662,28162,17500,45662
00984100,UNIVERSITY OF NORTH FLORIDA             ,FL,32224-2645,Public       ,9805,4110,13915,9805,4110,13915
00990200,SHERIDAN TECHNICAL CENTER               ,FL,33021-3399,Public       ,211,581,792,211,581,792
01016100,"LORAINE'S ACADEMY, INC                  ",FL,33710-0000,Proprietary  ,14,38,52,14,38,52
01019500,ART INSTITUTE OF FT LAUDERDALE          ,FL,33316-3000,Proprietary  ,642,468,1110,642,468,1110
01065200,PASCO-HERNANDO COMMUNITY CLG            ,FL,34654-5199,Public       ,1970,2279,4249,1970,2279,4249
01072401,CARLOS ALBIZU UNIVERSITY                ,FL,33172-0000,Private      ,50,296,346,50,296,346
01082600,TOM P. HANEY TECHNICAL CENTER           ,FL,32405-5099,Public       ,64,309,373,64,309,373
01112700,GOODING INST OF NUR ANES BAY MED CT     ,FL,32401-0000,Proprietary  ,6,48,54,6,48,54
01226300,ATLANTIC TECHNICAL CENTER               ,FL,33063-3902,Public       ,177,430,607,177,430,607
01246117,LINCOLN COLLEGE OF TECHNOLOGY - WEST PAL,FL,33407-3105,Proprietary  ,151,174,325,151,174,325
01254400,FIRST COAST TECHNICAL COLLEGE           ,FL,32084-1921,Public       ,131,302,433,131,302,433
01257400,RINGLING SCHOOL OF ART AND DESIGN       ,FL,34234-5895,Private      ,1515,253,1768,1515,253,1768
01303904,SOUTH UNIVERSITY - WEST PALM BEACH CAMPU,FL,33409-5149,Proprietary  ,224,604,828,224,604,828
01323400,LORENZO WALKER INST OF TECHNOLOGY       ,FL,34104-4405,Public       ,115,187,302,115,187,302
02089600,CONCORDE CAREER INSTITUTE               ,FL,32211-0000,Proprietary  ,53,367,420,53,367,420
02113609,AMERICAN INTERCONTINENTAL UNIV - WESTON ,FL,33326-3233,Proprietary  ,9,71,80,9,71,80
02115300,PINELLAS TECHNICAL EDUCATION CENTERS - S,FL,33711-0000,Public       ,131,525,656,131,525,656
02116006,SANFORD-BROWN INSTITUTE - FT. LAUDERDALE,FL,33309-1906,Proprietary  ,66,184,250,66,184,250
02148200,FASHION FOCUS HAIR ACADEMY              ,FL,34231-0000,Proprietary  ,9,20,29,9,20,29
02148300,MANHATTAN BEAUTY SCHOOL                 ,FL,33611-0000,Proprietary  ,16,54,70,16,54,70
02149900,PAUL MITCHELL THE SCHOOL-JACKSONVILLE   ,FL,32205-0000,Proprietary  ,47,91,138,47,91,138
02151900,KEISER  UNIVERSITY                      ,FL,33309-0000,Private      ,1561,5304,6865,1561,5304,6865
02159600,BAPTIST COLLEGE OF FLORIDA (THE)        ,FL,32440-0000,Private      ,70,67,137,70,67,137
02172700,CONCORDE CAREER INSTITUTE               ,FL,33607-0000,Proprietary  ,48,187,235,48,187,235
02188900,HOBE SOUND BIBLE COLLEGE                ,FL,33475-0000,Private      ,27,25,52,27,25,52
02200100,BRADENTON BEAUTY & BARBER ACADEMY       ,FL,34209-0000,Proprietary  ,2,33,35,2,33,35
02215900,ATI CAREER TRAINING CENTER              ,FL,33309-1785,Proprietary  ,15,52,67,15,52,67
02218700,FLORIDA TECHNICAL COLLEGE               ,FL,32826-2707,Proprietary  ,278,806,1084,278,806,1084
02218707,FLORIDA TECHNICAL COLLEGE - LAKELAND    ,FL,33813-2101,Proprietary  ,110,182,292,110,182,292
02218709,FLORIDA TECHNICAL COLLEGE - DELAND      ,FL,32720-7415,Proprietary  ,43,199,242,43,199,242
02228300,LAKE TECHNICAL CENTER                   ,FL,32726-0000,Public       ,168,378,546,168,378,546
02245500,FORTIS COLLEGE                          ,FL,32789-4679,Proprietary  ,11,135,146,11,135,146
02257900,INTERNATIONAL ACADEMY                   ,FL,32119-3541,Proprietary  ,14,32,46,14,32,46
02275100,CONCORDE CAREER INSTITUTE               ,FL,33025-0000,Proprietary  ,34,121,155,34,121,155
02278800,SOUTHWEST FLORIDA COLLEGE               ,FL,33907-0000,Proprietary  ,730,824,1554,730,824,1554
02278801,SOUTHWEST FLORIDA COLLEGE - TAMPA       ,FL,33619-1344,Proprietary  ,177,267,444,177,267,444
02278802,SOUTHWEST FLORIDA COLLEGE - INSTITUTUE O,FL,33928-9469,Proprietary  ,33,43,76,33,43,76
02278803,SOUTHWEST FLORIDA COLLEGE - PORT CHARLOT,FL,33953-3100,Proprietary  ,88,244,332,88,244,332
02279600,CORTIVA INSTITUTE - FLORIDA             ,FL,33781-0000,Proprietary  ,11,56,67,11,56,67
02283800,BEAUTY SCHOOLS OF AMERICA               ,FL,33012-3322,Proprietary  ,47,155,202,47,155,202
02286502,ITT TECHNICAL INSTITUTE                 ,FL,32244-6630,Proprietary  ,0,1,1,0,1,1
02287100,LA BELLE BEAUTY SCHOOL                  ,FL,33012-3224,Proprietary  ,9,5,14,9,5,14
02293200,ATI CAREER TRAINING CENTER              ,FL,33309-5916,Proprietary  ,3,12,15,3,12,15
02293201,ATI CAREER TRAINING CENTER - MIAMI      ,FL,33122-1707,Proprietary  ,24,53,77,24,53,77
02293202,ATI CAREER TAINING CENTER - ATI COLLEGE ,FL,87109-2016,Proprietary  ,21,52,73,21,52,73
02293600,ADVANCED TECHNICAL CENTERS              ,FL,33266-1597,Private      ,31,40,71,31,40,71
02297000,CHARLOTTE TECHNICAL CENTER              ,FL,33948-0000,Public       ,55,123,178,55,123,178
02300900,WITHLACOOCHEE TECHNICAL INSTITUTE       ,FL,34450-0000,Public       ,47,145,192,47,145,192
02305800,FLORIDA CAREER COLLEGE                  ,FL,33012-7028,Proprietary  ,91,561,652,91,561,652
02305810,FLORIDA CAREER COLLEGE - CLEARWATER     ,FL,33759-3924,Proprietary  ,19,78,97,19,78,97
02307400,GEORGE STONE AREA VOCATIONAL TECHNICAL  ,FL,32526-0000,Public       ,93,349,442,93,349,442
02314100,SCHILLER INTERNATIONAL UNIVERSITY       ,FL,33770-0000,Proprietary  ,27,84,111,27,84,111
02316200,MIAMI LAKES TECHNICAL EDUCATION CTR     ,FL,33014-0000,Public       ,111,263,374,111,263,374
02321200,ORANGE TECH EDUC CTR- WESTSIDE TECH     ,FL,34787-0000,Public       ,74,159,233,74,159,233
02325100,KEY COLLEGE                             ,FL,33004-3046,Proprietary  ,3,16,19,3,16,19
02326303,MEDVANCE INSTITUTE - WEST PALM          ,FL,33461-2171,Proprietary  ,6,36,42,6,36,42
02326306,MEDVANCE INSTITUTE - MIAMI              ,FL,33173-3431,Proprietary  ,18,27,45,18,27,45
02326800,MERIDIAN COLLEGE                        ,FL,34240-8478,Proprietary  ,20,47,67,20,47,67
02326900,SUNSTATE ACADEMY OF HAIR DESIGN         ,FL,33907-1415,Proprietary  ,27,96,123,27,96,123
02329900,FLORIDA INSTITUTE OF ULTRASOUND         ,FL,32514-0000,Proprietary  ,37,105,142,37,105,142
02338400,FT PIERCE BEAUTY ACADEMY                ,FL,34982-0000,Proprietary  ,13,31,44,13,31,44
02346200,WYOTECH                                 ,FL,32174-1010,Proprietary  ,42,102,144,42,102,144
02362100,FULL SAIL UNIVERSITY                    ,FL,32792-0000,Proprietary  ,6229,8133,14362,6229,8133,14362
02499000,ACADEMY OF COSMETOLOGY                  ,FL,32953-3311,Proprietary  ,15,42,57,15,42,57
02501500,"O*TEC, MID-FLORIDA TECH                 ",FL,32809-0000,Public       ,133,379,512,133,379,512
02504600,WINTER PARK TECH                        ,FL,32789-0000,Public       ,49,145,194,49,145,194
02508900,TALMUDIC COLLEGE OF FLORIDA             ,FL,33139-0000,Private      ,5,1,6,5,1,6
02511700,RIDGE TECHNICAL CENTER                  ,FL,33881-0000,Public       ,72,253,325,72,253,325
02513200,ORLANDO TECHNICAL CENTER                ,FL,32801-0000,Public       ,173,468,641,173,468,641
02515400,CITY COLLEGE                            ,FL,33309-3073,Private      ,115,605,720,115,605,720
02517100,SARASOTA SCHOOL OF MASSAGE THERAPY      ,FL,34243-6130,Proprietary  ,14,31,45,14,31,45
02524000,SUNSTATE ACADEMY OF HAIR DESIGN         ,FL,34624-0000,Proprietary  ,17,23,40,17,23,40
02524002,SUNSTATE ACADEMY - JONES TECHNICAL INSTI,FL,32256-0367,Proprietary  ,14,35,49,14,35,49
02524200,ROBERT MORGAN EDUCATIONAL CENTER        ,FL,33177-0000,Public       ,119,220,339,119,220,339
02531803,PAUL MITCHELL THE SCHOOL - ORLANDO      ,FL,32765-6444,Proprietary  ,62,80,142,62,80,142
02531805,PAUL MITCHELL THE SCHOOL -TAMPA         ,FL,33613-0000,Proprietary  ,58,107,165,58,107,165
02547600,FLORIDA NATIONAL COLLEGE                ,FL,33012-0000,Proprietary  ,77,376,453,77,376,453
02547601,FLORIDA NATIONAL UNIVERSITY - SOUTH CAMP,FL,33175-2478,Proprietary  ,259,397,656,259,397,656
02547602,FLORIDA NATIONAL UNIVERSITY - TRAINING A,FL,33012-4108,Proprietary  ,35,118,153,35,118,153
02554200,RADFORD LOCKLIN TECH CENTER             ,FL,32570-0000,Public       ,32,99,131,32,99,131
02573200,LA BELLE BEAUTY ACADEMY                 ,FL,33135-0000,Proprietary  ,27,56,83,27,56,83
02597100,HERITAGE INSTITUTE                      ,FL,33912-7132,Proprietary  ,125,216,341,125,216,341
02598200,SOUTHERN CAREER COLLEGE                 ,FL,32225-9828,Proprietary  ,19,111,130,19,111,130
02601600,HENRY W BREWSTER TECHNICAL CENTER       ,FL,33602-0000,Public       ,33,142,175,33,142,175
02612700,"SALON PROFESSIONAL ACADEMY - MELBOURNE, ",FL,32904-3919,Proprietary  ,22,52,74,22,52,74
02616400,SANFORD-BROWN INSTITUTE                 ,FL,32256-3520,Proprietary  ,68,250,318,68,250,318
02616705,LE CORDON BLEU COLLEGE OF CULINARY ARTS ,FL,33025-3929,Proprietary  ,159,205,364,159,205,364
03003600,MCFATTER TECHNICAL CENTER               ,FL,33317-7499,Public       ,176,343,519,176,343,519
03008600,FLORIDA COLLEGE OF NATURAL HEALTH       ,FL,33064-1342,Proprietary  ,31,87,118,31,87,118
03010608,VIRGINIA COLLEGE - PENSACOLA            ,FL,32501-5650,Proprietary  ,65,301,366,65,301,366
03010612,VIRGINIA COLLEGE - GOLF ACADEMY OF AMERI,FL,32701-0000,Proprietary  ,7,26,33,7,26,33
03010618,VIRGINIA COLLEGE - JACKSONVILLE         ,FL,32207-5167,Proprietary  ,62,282,344,62,282,344
03012300,ASM BEAUTY WORLD ACADEMY                ,FL,33021-0000,Proprietary  ,7,13,20,7,13,20
03018500,BENE'S INTERNATIONAL SCHOOL OF BEAUTY   ,FL,34652-1636,Proprietary  ,17,100,117,17,100,117
03026508,REMINGTON COLLEGE - TAMPA               ,FL,33619-1177,Private      ,40,190,230,40,190,230
03028200,TRINITY COLLEGE OF FLORIDA              ,FL,34655-4401,Private      ,77,52,129,77,52,129
03031400,INTERNATIONAL ACADEMY OF DESIGN AND TECH,FL,33634-6313,Proprietary  ,228,819,1047,228,819,1047
03031402,INTERNATIONAL ACADEMY OF DESIGN AND TECH,FL,32809-4613,Proprietary  ,63,110,173,63,110,173
03031403,IADT - ORLANDO CULINARY ACADEMY         ,FL,32819-0000,Proprietary  ,90,144,234,90,144,234
03035800,HERITAGE INSTITUTE                      ,FL,32216-0948,Proprietary  ,23,120,143,23,120,143
03035900,NATIONAL AVIATION ACADEMY               ,FL,33760-3931,Proprietary  ,127,261,388,127,261,388
03037500,HODGES UNIVERSITY                       ,FL,34119-7932,Private      ,217,808,1025,217,808,1025
03071600,COLLEGE OF BUSINESS & TECHNOLOGY        ,FL,33176-0000,Proprietary  ,82,208,290,82,208,290
03078003,OHIO CENTER FOR BROADCASTING - MIAMI MED,FL,33130-3042,Proprietary  ,10,28,38,10,28,38
03079800,GEORGE T BAKER AVIATION                 ,FL,33142-5687,Public       ,94,125,219,94,125,219
03079900,CITY COLLEGE                            ,FL,32714-3129,Private      ,40,164,204,40,164,204
03089200,NOUVELLE INSTITUTE                      ,FL,33125-4141,Proprietary  ,4,9,13,4,9,13
03096300,FORTIS INSTITUTE                        ,FL,33860-0000,Proprietary  ,4,15,19,4,15,19
03099600,MERCY HOSPITAL SCHOOL OF PRACTICAL NSG  ,FL,33133-4237,Proprietary  ,42,91,133,42,91,133
03100800,TAYLOR TECHNICAL INSTITUTE              ,FL,32348-0894,Public       ,16,37,53,16,37,53
03101900,TRINITY BAPTIST COLLEGE                 ,FL,32221-1398,Private      ,158,95,253,158,95,253
03103900,MARION COUNTY COMMUNITY TECH & ADUL     ,FL,34474-3172,Public       ,144,481,625,144,481,625
03108500,EVERGLADES UNIVERSITY                   ,FL,33431-0000,Private      ,59,400,459,59,400,459
03108600,COM-PU-MED VOCATIONAL CAREERS           ,FL,33012-4861,Proprietary  ,7,23,30,7,23,30
03113400,ACADEMY OF HEALING ARTS                 ,FL,33463-2113,Proprietary  ,10,58,68,10,58,68
03114700,PRAXIS INSTITUTE                        ,FL,33135-2657,Proprietary  ,1,12,13,1,12,13
03115500,ADVENTIST UNIVERSITY OF HEALTH SCIENCES ,FL,32803-1237,Private      ,671,896,1567,671,896,1567
03123900,SOUTHEASTERN COLLEGE                    ,FL,33413-0000,Proprietary  ,23,213,236,23,213,236
03125600,MIAMI AD SCHOOL                         ,FL,33139-5203,Proprietary  ,48,134,182,48,134,182
03127900,TECHNICAL EDUCATION CTR OSCEOLA         ,FL,34744-4459,Public       ,141,265,406,141,265,406
03158300,LEE COUNTY HIGH TECH CENTER NORTH       ,FL,33993-2479,Public       ,43,115,158,43,115,158
03171300,UNIVERSITY OF ST. AUGUSTINE FOR HEALTH S,FL,32084-4215,Proprietary  ,55,758,813,55,758,813
03224300,NEW PROFESSIONS TECHNICAL INSTITUTE     ,FL,33134-1640,Proprietary  ,23,90,113,23,90,113
03230300,CHOICE HIGH SCHOOL AND TECHNICAL CENTER ,FL,32547-1299,Public       ,30,142,172,30,142,172
03238300,FLORIDA COLLEGE OF INTEGRATIVE MED      ,FL,32809-5721,Proprietary  ,45,115,160,45,115,160
03255300,FLORIDA GULF COAST UNIVERSITY           ,FL,33965-6565,Public       ,14032,2980,17012,14032,2980,17012
03256300,YESHIVA GEDOLAH RABBINICAL COLLEGE      ,FL,33139-4708,Private      ,2,1,3,2,1,3
03264300,SOUTH FLORIDA BIBLE COLLEGE AND THEOLOGI,FL,33441-5768,Private      ,1,28,29,1,28,29
03346300,ACAD FOR PRAC NURSING & HEALTH OCCP     ,FL,33417-4574,Private      ,96,245,341,96,245,341
03348400,PROFESSIONAL TRAINING CENTERS           ,FL,33184-0000,Proprietary  ,27,129,156,27,129,156
03373300,BEACON COLLEGE                          ,FL,34748-5224,Private      ,145,46,191,145,46,191
03374300,FLORIDA COASTAL SCHOOL OF LAW           ,FL,32256-0000,Proprietary  ,44,831,875,44,831,875
03382300,BRADFORD-UNION AREA CAREERTECHNICAL CENT,FL,32091-2434,Public       ,20,92,112,20,92,112
03390300,LINCOLN TECHNICAL INSTITUTE             ,FL,32730-2351,Proprietary  ,25,91,116,25,91,116
03411400,INTERNATIONAL TRAINING CAREERS          ,FL,33155-1462,Private      ,9,26,35,9,26,35
03414500,ACUPUNCTURE AND MASSAGE COLLEGE         ,FL,33176-1509,Proprietary  ,31,70,101,31,70,101
03429600,ATLANTIC INST OF ORIENTAL MEDICINE      ,FL,33316-0000,Private      ,10,59,69,10,59,69
03429700,EAST WEST COLLG OF NATURAL MEDICINE     ,FL,34236-4959,Proprietary  ,8,64,72,8,64,72
03433400,NEW CONCEPT MASSAGE AND BEAUTY SCHO     ,FL,33135-0000,Proprietary  ,5,15,20,5,15,20
03434300,FORTIS COLLEGE                          ,FL,32073-2999,Proprietary  ,44,189,233,44,189,233
03480301,FORTIS COLLEGE - FORTIS INSTITUTE       ,FL,33313-7261,Proprietary  ,8,48,56,8,48,56
03480302,FORTIS COLLEGE - FORTIS INSTITUTE       ,FL,34952-0000,Proprietary  ,31,166,197,31,166,197
03491400,AMERICAN ADVANCED TECHNICIANS INST      ,FL,33014-4430,Proprietary  ,12,41,53,12,41,53
03549300,ULTIMATE MEDICAL ACADEMY                ,FL,33756-4917,Proprietary  ,436,5000,5436,436,5000,5436
03553300,SOUTHEASTERN COLLEGE                    ,FL,32216-0000,Proprietary  ,64,164,228,64,164,228
03557300,NORTH FLORIDA COSMETOLOGY INSTITUTE     ,FL,32312-0000,Proprietary  ,38,112,150,38,112,150
03570400,ENGLISH CENTER (THE)                    ,FL,33133-2703,Public       ,6,35,41,6,35,41
03611400,FLORIDA BARBER ACADEMY                  ,FL,33441-0000,Proprietary  ,5,42,47,5,42,47
03618300,FLORIDA INSTITUTE OF ANIMAL ARTS        ,FL,32792-0000,Proprietary  ,49,56,105,49,56,105
03627400,JACKSONVILLE BEAUTY INSTITUTE           ,FL,32208-1885,Proprietary  ,26,77,103,26,77,103
03627600,FLORIDA EDUCATION INSTITUTE             ,FL,33144-5036,Proprietary  ,33,93,126,33,93,126
03661400,SOUTH FLORIDA INSTITUTE OF TECHNOLO     ,FL,33135-0000,Proprietary  ,71,251,322,71,251,322
03691400,AVE MARIA SCHOOL OF LAW                 ,FL,34119-1376,Private      ,40,219,259,40,219,259
03696400,SABER                                   ,FL,33134-1604,Private      ,14,172,186,14,172,186
03698308,WEST COAST UNIVERSITY - MIAMI           ,FL,33178-2431,Proprietary  ,75,92,167,75,92,167
03706300,AMERICAN INSTITUTE                      ,FL,33319-0000,Proprietary  ,12,36,48,12,36,48
03757300,ADVANCE SCIENCE INSTITUTE               ,FL,33012-0000,Proprietary  ,13,17,30,13,17,30
03801400,BEAUTY INSTITUTE (THE)                  ,FL,33409-2972,Proprietary  ,19,34,53,19,34,53
03801401,BEAUTY INSTITUTE (THE) - MARGATE        ,FL,33068-5704,Proprietary  ,7,15,22,7,15,22
03816300,ARTISTIC NAILS & BEAUTY ACADEMY         ,FL,33605-5919,Proprietary  ,28,80,108,28,80,108
03823300,FLORIDA ACADEMY OF HEALTH & BEAUTY      ,FL,33311-0000,Proprietary  ,3,8,11,3,8,11
03832300,DADE MEDICAL COLLEGE                    ,FL,33126-5534,Proprietary  ,318,968,1286,318,968,1286
03842500,CAMBRIDGE INSTITUTE OF ALLIED HEALTH    ,FL,32750-0000,Proprietary  ,17,84,101,17,84,101
03856300,UNIVERSAL BEAUTY SCHOOL                 ,FL,33174-4406,Proprietary  ,5,0,5,5,0,5
03856500,FLORIDA SCHOOL OF TRADITIONAL MIDWIFERY ,FL,32601-5507,Private      ,20,64,84,20,64,84
03875300,MCI INSTITUTE OF TECHNOLOGY             ,FL,33409-4937,Proprietary  ,14,38,52,14,38,52
03888300,DRAGON RISES COLLEGE OF ORIENTAL MEDICIN,FL,32601-5089,Private      ,7,44,51,7,44,51
03903500,SOUTHERN TECHNICAL COLLEGE              ,FL,32809-0000,Proprietary  ,91,524,615,91,524,615
03907301,PAUL MITCHELL THE SCHOOL FT MYERS       ,FL,33907-0000,Proprietary  ,36,39,75,36,39,75
03911300,TOTAL INTERNATIONAL CAREER INSTITUTE    ,FL,33012-0000,Proprietary  ,3,3,6,3,3,6
03939300,WOLFORD COLLEGE                         ,FL,34108-1931,Proprietary  ,14,48,62,14,48,62
03939400,CENTURA INSTITUTE                       ,FL,32807-3566,Proprietary  ,45,130,175,45,130,175
03939600,DAYTONA COLLEGE                         ,FL,32174-8445,Proprietary  ,48,120,168,48,120,168
03941300,AVE MARIA UNIVERSITY                    ,FL,34142-9505,Private      ,993,75,1068,993,75,1068
03957400,NEW COLLEGE OF FLORIDA                  ,FL,34243-2109,Public       ,1674,187,1861,1674,187,1861
03985300,COMMERCIAL DIVING ACADEMY               ,FL,32208-0000,Proprietary  ,103,238,341,103,238,341
03986300,AVIATOR COLLEGE OF AERONAUTICAL SCIENCE ,FL,34946-9022,Proprietary  ,32,73,105,32,73,105
04016500,AMERICAN INSTITUTE OF BEAUTY            ,FL,33773-0000,Proprietary  ,9,61,70,9,61,70
04029300,TRENDSETTERS OF FLORIDA SCHOOL OF BEAUTY,FL,32205-4737,Proprietary  ,8,31,39,8,31,39
04038302,ATA COLLEGE-ATA CAREER EDUCATION        ,FL,34606-4300,Proprietary  ,21,103,124,21,103,124
04039300,SULLIVAN AND COGLIANO TRAINING CENTERS  ,FL,33014-6427,Proprietary  ,8,127,135,8,127,135
04083400,CAMBRIDGE INSTITUTE OF ALLIED HEALTH & T,FL,33484-6543,Proprietary  ,35,140,175,35,140,175
04105400,PENSACOLA SCHOOL OF MASSAGE THERAPY & HE,FL,32504-7337,Proprietary  ,19,77,96,19,77,96
04106300,PALM BEACH ACADEMY OF HEALTH & BEAUTY   ,FL,33403-2130,Proprietary  ,6,27,33,6,27,33
04116400,FUTURE-TECH INSTITUTE                   ,FL,33135-4142,Proprietary  ,13,21,34,13,21,34
04116600,TAYLOR COLLEGE                          ,FL,34420-8714,Proprietary  ,27,167,194,27,167,194
04119400,AVEDA INSTITUTE - SAINT PETERSBURG      ,FL,33701-4242,Proprietary  ,153,180,333,153,180,333
04120400,HI-TECH SCHOOL OF COSMETOLOGY           ,FL,33174-0000,Proprietary  ,25,43,68,25,43,68
04126900,ACADEMY OF CAREER TRAINING              ,FL,34741-4644,Proprietary  ,38,93,131,38,93,131
04127400,DIGITAL MEDIA ARTS COLLEGE              ,FL,33431-5919,Proprietary  ,101,61,162,101,61,162
04128400,MANAGEMENT RESOURCES INSTITUTE          ,FL,33126-5473,Proprietary  ,13,142,155,13,142,155
04129900,FLORIDA SCHOOL OF MASSAGE               ,FL,32608-5419,Proprietary  ,19,83,102,19,83,102
04130400,SHEAR EXCELLENCE INTERNATIONAL HAIR ACAD,FL,33614-2783,Proprietary  ,10,43,53,10,43,53
04133500,ACADEMY FOR FIVE ELEMENT ACUPUNCTURE    ,FL,32601-6811,Private      ,8,59,67,8,59,67
04133900,FUTURA CAREER INSTITUTE                 ,FL,33012-3325,Proprietary  ,0,6,6,0,6,6
04134800,AVEDA INSTITUTE - TALLAHASSEE           ,FL,32304-3186,Proprietary  ,111,175,286,111,175,286
04135000,COZMO THE SCHOOL                        ,FL,34135-4810,Proprietary  ,0,7,7,0,7,7
04135900,ALLIED HEALTH INSTITUTE                 ,FL,33068-0000,Proprietary  ,19,244,263,19,244,263
04140800,NORTH FLORIDA ACADEMY                   ,FL,32065-7758,Proprietary  ,9,20,29,9,20,29
04143100,PROFESSIONAL HANDS INSTITUTE            ,FL,33135-1939,Proprietary  ,1,15,16,1,15,16
04145900,CELEBRITY SCHOOL OF BEAUTY              ,FL,33144-4153,Proprietary  ,35,37,72,35,37,72
04146200,WALTON CAREER DEVELOPMENT CENTER        ,FL,32433-1557,Public       ,21,63,84,21,63,84
04146300,MARCHMAN TECHNICAL EDUCATION CENTER     ,FL,34653-1211,Public       ,56,113,169,56,113,169
04148500,MEDICAL INSTITUTE OF PALM BEACH         ,FL,33463-3276,Proprietary  ,19,18,37,19,18,37
04150800,IMMOKALEE TECHNICAL CENTER              ,FL,34142-3146,Public       ,70,40,110,70,40,110
04151500,AMERICAN ACADEMY OF COSMETOLOGY         ,FL,32065-8026,Proprietary  ,13,36,49,13,36,49
04156300,UNIVERSITY OF FORT LAUDERDALE           ,FL,33313-5809,Private      ,30,32,62,30,32,62
04156400,AVIATION INSTITUTE OF MAINTENANCE       ,FL,32803-6487,Proprietary  ,76,141,217,76,141,217
04157100,AEROSIM FLIGHT ACADEMY                  ,FL,32773-9683,Proprietary  ,51,80,131,51,80,131
04158300,FLAGLER TECHNICAL INSTITUTE             ,FL,32137-4714,Public       ,36,77,113,36,77,113
04162000,JOSE MARIA VARGAS UNIVERSITY            ,FL,33025-4534,Proprietary  ,6,28,34,6,28,34
04162500,HOLLYWOOD INSTITUTE OF BEAUTY CAREERS   ,FL,33023-6720,Proprietary  ,24,83,107,24,83,107
04163000,SALON PROFESSIONAL ACADEMY (THE)        ,FL,33624-6321,Proprietary  ,22,49,71,22,49,71
04163100,SALON PROFESSIONAL ACADEMY (THE)        ,FL,32607-1672,Proprietary  ,17,54,71,17,54,71
04163200,SALON PROFESSIONAL ACADEMY (THE)        ,FL,32162-9311,Proprietary  ,11,41,52,11,41,52
04164500,EUREKA INSTITUTE OF HEALTH AND BEAUTY   ,FL,33174-4205,Proprietary  ,7,10,17,7,10,17
04164600,D. A. DORSEY EDUCATIONAL CENTER         ,FL,33147-6304,Public       ,12,54,66,12,54,66
04167300,SALON PROFESSIONAL ACADEMY (THE)        ,FL,33904-4824,Proprietary  ,8,25,33,8,25,33
04170300,BEAUTY ACADEMY OF SOUTH FLORIDA         ,FL,33012-3221,Proprietary  ,9,13,22,9,13,22
04172300,ETERNITY COSMETOLOGY SCHOOL             ,FL,33415-5719,Proprietary  ,11,20,31,11,20,31
04176900,AMERICAN HEALTH INSTITUTE               ,FL,34654-3743,Proprietary  ,9,50,59,9,50,59
04182500,MILLENNIA ATLANTIC UNIVERSITY           ,FL,33178-2369,Proprietary  ,1,8,9,1,8,9
04188300,FLORIDA ACADEMY                         ,FL,33966-1155,Proprietary  ,51,77,128,51,77,128
04192100,AMERICAN MEDICAL ACADEMY                ,FL,33186-4830,Proprietary  ,60,85,145,60,85,145
04194000,"SCHOOL DISTRICT OF INDIAN RIVER COUNTY, ",FL,32960-3527,Public       ,53,86,139,53,86,139
04194200,APARICIO-LEVY TECHNICAL CENTER          ,FL,33610-9666,Public       ,24,63,87,24,63,87
04195100,AMBIANCE BEAUTY & BARBER ACADEMY        ,FL,32935-8771,Proprietary  ,11,40,51,11,40,51
04197600,"FLORIDA INSTITUTE OF RECORDING, SOUND AN",FL,32804-3309,Proprietary  ,80,86,166,80,86,166
04204600,BEAUTY AND HEALTH INSTITUTE             ,FL,33626-2610,Proprietary  ,27,74,101,27,74,101
04206300,FLORIDA VOCATIONAL INSTITUTE            ,FL,33155-3762,Proprietary  ,16,68,84,16,68,84
04207900,SAE INSTITUTE OF TECHNOLOGY - MIAMI     ,FL,33160-4307,Proprietary  ,61,76,137,61,76,137
04209500,SHEAR FINESSE HAIRSTYLING ACADEMY       ,FL,32208-5005,Proprietary  ,10,22,32,10,22,32
04210800,ULTRASOUND MEDICAL INSTITUTE            ,FL,33462-4221,Proprietary  ,3,9,12,3,9,12
04212600,COSMIX SCHOOL OF MAKEUP ARTISTRY        ,FL,33306-1640,Proprietary  ,35,65,100,35,65,100
04213200,KAIZEN BEAUTY ACADEMY                   ,FL,33024-6609,Proprietary  ,7,9,16,7,9,16
04214500,PRESTIGE HEALTH & BEAUTY SCIENCES ACADEM,FL,33160-4102,Proprietary  ,14,16,30,14,16,30
04216600,AZURE COLLEGE                           ,FL,33169-5345,Proprietary  ,39,275,314,39,275,314
04216900,SAN IGNACIO COLLEGE                     ,FL,33178-2350,Proprietary  ,5,11,16,5,11,16
04217800,BOCA BEAUTY ACADEMY                     ,FL,33434-4178,Proprietary  ,25,56,81,25,56,81
04220200,MORE TECH INSTITUTE                     ,FL,33012-2165,Proprietary  ,1,5,6,1,5,6
04221200,BLY'S SCHOOL OF COSMETOLOGY             ,FL,32601-4021,Proprietary  ,16,41,57,16,41,57
04223400,INTERAMERICAN TECHNICAL INSTITUTE       ,FL,00174-2950,Proprietary  ,15,39,54,15,39,54
04225000,PARISIAN SPA INSTITUTE                  ,FL,32204-4127,Proprietary  ,11,60,71,11,60,71
04225200,YECHANLAZ INSTITUTO VOCACIONAL          ,FL,33144-4817,Proprietary  ,1,8,9,1,8,9
04225800,FRED D. LEAREY TECHNICAL CENTER         ,FL,33614-1892,Public       ,33,78,111,33,78,111
04227500,MERRYFIELD SCHOOL OF PET GROOMING       ,FL,33334-4925,Proprietary  ,1,23,24,1,23,24
04228900,BEAUTY ANATOMY INSTITUTE OF COSMETOLOGY ,FL,33069-4313,Proprietary  ,13,19,32,13,19,32
04229700,FIRST COAST BARBER ACADEMY              ,FL,32210-8054,Proprietary  ,4,39,43,4,39,43
04233200,UNILATINA INTERNATIONAL COLLEGE         ,FL,33025-3943,Proprietary  ,3,7,10,3,7,10
04233400,LEE PROFESSIONAL INSTITUTE              ,FL,33916-9320,Proprietary  ,23,49,72,23,49,72
04233900,ATLANTIS UNIVERSITY                     ,FL,33132-1417,Proprietary  ,93,58,151,93,58,151
04234500,BURNETT INTERNATIONAL COLLEGE           ,FL,33426-6591,Proprietary  ,5,24,29,5,24,29
04238400,FLORIDA INTERNATIONAL TRAINING INSTITUTE,FL,33172-1507,Proprietary  ,15,30,45,15,30,45
04242000,LATIN BEAUTY ACADEMY                    ,FL,33415-6104,Proprietary  ,0,2,2,0,2,2
04243600,INTERNATIONAL HAIR AND BARBER ACADEMY   ,FL,33433-3443,Proprietary  ,4,6,10,4,6,10
00160500,CHAMINADE UNIV OF HONOLULU              ,HI,96816-1578,Private      ,1529,958,2487,1529,958,2487
00160600,BRIGHAM YOUNG UNIV-HAWAII CAMPUS        ,HI,96762-1294,Private      ,1189,305,1494,1189,305,1494
00161000,UNIVERSITY OF HAWAII AT MANOA           ,HI,96822-2399,Public       ,11270,5539,16809,11270,5539,16809
00161100,UNIVERSITY OF HAWAII AT HILO            ,HI,96720-4091,Public       ,2695,1589,4284,2695,1589,4284
00161200,HONOLULU COMMUNITY COLLEGE              ,HI,96817-4598,Public       ,1154,1075,2229,1154,1075,2229
00161300,KAPIOLANI COMMUNITY COLLEGE             ,HI,96816-4421,Public       ,1899,1453,3352,1899,1453,3352
00161400,KAUAI COMMUNITY COLLEGE                 ,HI,96766-9591,Public       ,286,319,605,286,319,605
00161500,UNIVERSITY OF HAWAII MAUI COLLEGE       ,HI,96732-1644,Public       ,964,988,1952,964,988,1952
00454900,LEEWARD COMMUNITY COLLEGE               ,HI,96782-3393,Public       ,1464,1322,2786,1464,1322,2786
00525800,HAWAII COMMUNITY COLLEGE                ,HI,96720-4075,Public       ,936,1054,1990,936,1054,1990
00723401,HEALD COLLEGE - HONOLULU                ,HI,96814-0000,Proprietary  ,343,620,963,343,620,963
00727900,HAWAII PACIFIC UNIVERSITY               ,HI,96813-2882,Private      ,3719,1396,5115,3719,1396,5115
01122000,WINDWARD COMMUNITY COLLEGE              ,HI,96744-0000,Public       ,538,685,1223,538,685,1223
02100300,MED-ASSIST SCHOOL OF HAWAII             ,HI,96813-0000,Proprietary  ,52,93,145,52,93,145
02107800,UNIVERSITY OF HAWAII - WEST OAHU        ,HI,96707-0000,Public       ,1362,1213,2575,1362,1213,2575
02139500,HAWAII INSTITUTE OF HAIR DESIGN         ,HI,96817-5195,Proprietary  ,31,62,93,31,62,93
03017800,TRAVEL INSTITUTE OF THE PACIFIC         ,HI,96814-1946,Proprietary  ,28,52,80,28,52,80
03072500,WORLD MEDICINE INSTITUTE                ,HI,96826-0000,Private      ,24,56,80,24,56,80
03735300,INST OF CLINICAL ACUPUNCTURE & ORIENT MD,HI,96813-2307,Proprietary  ,7,41,48,7,41,48
04165200,MAUNA LOA HELICOPTERS                   ,HI,96740-2650,Proprietary  ,15,29,44,15,29,44
04175100,PAUL MITCHELL THE SCHOOL HONOLULU       ,HI,96816-2433,Proprietary  ,52,70,122,52,70,122
04182200,HAWAII MEDICAL INSTITUTE                ,HI,96814-3518,Proprietary  ,127,252,379,127,252,379
00161600,BOISE STATE UNIVERSITY                  ,ID,83725-1000,Public       ,10951,5765,16716,10951,5765,16716
00161700,"COLLEGE OF IDAHO, THE                   ",ID,83605-4432,Private      ,1460,246,1706,1460,246,1706
00161900,COLLEGE OF SOUTHERN IDAHO               ,ID,83301-0000,Public       ,1923,1202,3125,1923,1202,3125
00162000,IDAHO STATE UNIVERSITY                  ,ID,83209-5377,Public       ,3903,2590,6493,3903,2590,6493
00162100,LEWIS-CLARK STATE COLLEGE               ,ID,83501-2698,Public       ,2126,1209,3335,2126,1209,3335
00162300,NORTH IDAHO COLLEGE                     ,ID,83814-2199,Public       ,2053,1885,3938,2053,1885,3938
00162400,NORTHWEST NAZARENE UNIVERSITY           ,ID,83686-5897,Private      ,1153,602,1755,1153,602,1755
00162500,BRIGHAM YOUNG UNIVERSITY-IDAHO          ,ID,83460-1650,Private      ,7766,4388,12154,7766,4388,12154
00162600,UNIVERSITY OF IDAHO                     ,ID,83844-4291,Public       ,8145,2500,10645,8145,2500,10645
00732915,ITT TECHNICAL INSTITUTE                 ,ID,83713-1529,Proprietary  ,126,611,737,126,611,737
00987300,MR JUAN'S CLG OF HAIR DESIGN            ,ID,83301-4154,Proprietary  ,10,20,30,10,20,30
01113300,EASTERN IDAHO TECHNICAL COLLEGE         ,ID,83404-5788,Public       ,234,366,600,234,366,600
02218000,CARRINGTON COLLEGE                      ,ID,83704-0000,Proprietary  ,155,544,699,155,544,699
02234500,BOISE BIBLE COLLEGE                     ,ID,83714-1220,Private      ,91,45,136,91,45,136
02275800,MR LEONS SCHOOL OF HAIR DESIGN          ,ID,83843-8384,Proprietary  ,10,6,16,10,6,16
02275801,MR. LEON'S SCHOOL OF HAIR DESIGN        ,ID,83501-1910,Proprietary  ,3,6,9,3,6,9
02314000,SCHOOL OF HAIRSTYLING (THE)             ,ID,83202-0000,Proprietary  ,2,13,15,2,13,15
02319800,TONI&GUY HAIRDRESSING ACADEMY           ,ID,83814-2822,Proprietary  ,22,40,62,22,40,62
02319801,TONI&GUY HAIRDRESSING ACADEMY - BOISE   ,ID,83705-2636,Proprietary  ,39,38,77,39,38,77
02349200,HEADMASTERS SCHOOL OF HAIR DESIGN       ,ID,83501-0000,Proprietary  ,7,16,23,7,16,23
02559500,RAZZLE DAZZLE CLG OF HAIR DESIGN        ,ID,83686-5104,Proprietary  ,32,52,84,32,52,84
02607100,PAUL MITCHELL THE SCHOOL BOISE          ,ID,83709-1662,Proprietary  ,85,71,156,85,71,156
03098700,ACADEMY OF COURT REPORTING              ,ID,83704-8320,Proprietary  ,37,101,138,37,101,138
03832400,COSMETOLOGY SCHOOL OF ARTS & SCIENCES   ,ID,83318-1327,Proprietary  ,8,21,29,8,21,29
04051323,ART INSTITUTE OF PHOENIX (THE) - BROWN M,ID,83709-2746,Proprietary  ,33,67,100,33,67,100
04134300,EVANS HAIRSTYLING COLLEGE               ,ID,83440-5277,Proprietary  ,23,12,35,23,12,35
04144500,HAIR ACDMY PAUL MITCHELL PARTNER SCHOOL ,ID,83440-2600,Proprietary  ,21,28,49,21,28,49
04150600,D & L ACADEMY OF HAIR DESIGN            ,ID,83301-6229,Proprietary  ,9,15,24,9,15,24
04155200,OLIVER FINLEY ACADEMY OF COSMETOLOGY    ,ID,83704-8011,Proprietary  ,63,62,125,63,62,125
04163800,MASTER EDUCATORS BEAUTY SCHOOL          ,ID,83301-4118,Proprietary  ,14,16,30,14,16,30
04168600,COLLEGE OF MASSAGE THERAPY              ,ID,83221-1758,Proprietary  ,9,15,24,9,15,24
04176700,D'SHAW INSTITUTE OF COSMETOLOGY         ,ID,83704-4406,Proprietary  ,21,21,42,21,21,42
04194800,VELVET TOUCH ACADEMY OF COSMETOLOGY     ,ID,83687-5020,Proprietary  ,18,28,46,18,28,46
04203200,BOISE BARBER COLLEGE                    ,ID,83704-5919,Proprietary  ,9,39,48,9,39,48
04203500,AUSTIN KADE ACADEMY                     ,ID,83404-5540,Proprietary  ,15,44,59,15,44,59
04207200,ACADEMY DI FIRENZE                      ,ID,83338-2329,Proprietary  ,6,6,12,6,6,12
04211800,COLLEGE OF WESTERN IDAHO                ,ID,83687-5505,Public       ,2268,2528,4796,2268,2528,4796
00149912,EVEREST UNIVERSITY - EVEREST COLLEGE - K,MO,64114-3246,Proprietary  ,30,149,179,30,149,179
00163200,AQUINAS INSTITUTE OF THEOLOGY           ,MO,63108-3323,Private      ,0,20,20,0,20,20
00244900,AVILA UNIVERSITY                        ,MO,64145-1698,Private      ,1034,642,1676,1034,642,1676
00245000,CALVARY BIBLE COLLEGE                   ,MO,64147-1341,Private      ,93,73,166,93,73,166
00245300,CENTRAL METHODIST UNIVERSITY            ,MO,65248-1198,Private      ,1370,1052,2422,1370,1052,2422
00245400,UNIVERSITY OF CENTRAL MISSOURI          ,MO,64093-5178,Public       ,6044,1968,8012,6044,1968,8012
00245600,COLUMBIA COLLEGE                        ,MO,65216-4581,Private      ,1800,9351,11151,1800,9351,11151
00245700,CONCORDIA SEMINARY                      ,MO,63105-3199,Private      ,2,304,306,2,304,306
00245800,COTTEY COLLEGE                          ,MO,64772-2790,Private      ,302,30,332,302,30,332
00245900,CROWDER COLLEGE                         ,MO,64850-9165,Public       ,1264,968,2232,1264,968,2232
00246000,CULVER STOCKTON COLLEGE                 ,MO,63435-1299,Private      ,1093,111,1204,1093,111,1204
00246100,DRURY UNIVERSITY                        ,MO,65802-3791,Private      ,1576,1258,2834,1576,1258,2834
00246200,EDEN THEOLOGICAL SEMINARY               ,MO,63119-0000,Private      ,1,37,38,1,37,38
00246300,EVANGEL UNIVERSITY                      ,MO,65802-2125,Private      ,1489,425,1914,1489,425,1914
00246400,FONTBONNE UNIVERSITY                    ,MO,63105-3098,Private      ,908,895,1803,908,895,1803
00246600,HARRIS-STOWE STATE COLLEGE              ,MO,63103-2199,Public       ,873,753,1626,873,753,1626
00246700,CONCEPTION SEMINARY COLLEGE             ,MO,64433-0502,Private      ,31,4,35,31,4,35
00246800,JEFFERSON COLLEGE                       ,MO,63050-2441,Public       ,1161,841,2002,1161,841,2002
00247100,ST LOUIS COMMUNITY COLLEGE              ,MO,63102-0000,Public       ,4647,4243,8890,4647,4243,8890
00247300,KANSAS CITY ART INSTITUTE               ,MO,64111-1874,Private      ,902,193,1095,902,193,1095
00247400,KANSAS CITY UNIV OF MED AND BIOSCIENCES ,MO,64106-0000,Private      ,54,940,994,54,940,994
00247600,KENRICK-GLENNON SEMINARY                ,MO,63119-4330,Private      ,17,2,19,17,2,19
00247700,A.T. STILL UNIV OF HEALTH SCIENCES      ,MO,63501-0000,Private      ,12,1624,1636,12,1624,1636
00247900,LINCOLN UNIVERSITY                      ,MO,65101-3500,Public       ,1651,722,2373,1651,722,2373
00248000,LINDENWOOD UNIVERSITY                   ,MO,63301-1695,Private      ,4757,3115,7872,4757,3115,7872
00248200,MARYVILLE UNIVERSITY                    ,MO,63141-7299,Private      ,1982,1934,3916,1982,1934,3916
00248400,METROPOLITAN COMMUNITY COLLEGE          ,MO,64111-2408,Public       ,3956,3842,7798,3956,3842,7798
00248500,MIDWESTERN BAPTIST THEOL SEMINARY       ,MO,64118-4697,Private      ,59,128,187,59,128,187
00248600,MINERAL AREA COLLEGE                    ,MO,63601-1000,Public       ,905,651,1556,905,651,1556
00248800,MISSOURI SOUTHERN STATE UNIVERSITY      ,MO,64801-1595,Public       ,3028,1662,4690,3028,1662,4690
00248900,MISSOURI VALLEY COLLEGE                 ,MO,65340-3197,Private      ,1143,210,1353,1143,210,1353
00249000,MISSOURI WESTERN STATE UNIVERSITY       ,MO,64507-2294,Public       ,3138,1144,4282,3138,1144,4282
00249100,MOBERLY AREA COMMUNITY COLLEGE          ,MO,65270-1304,Public       ,1529,1039,2568,1529,1039,2568
00249400,NAZARENE THEOLOGICAL SEMINARY           ,MO,64131-1246,Private      ,4,70,74,4,70,74
00249500,TRUMAN STATE UNIVERSITY                 ,MO,63501-4221,Public       ,4656,385,5041,4656,385,5041
00249600,NORTHWEST MISSOURI STATE UNIV           ,MO,64468-6001,Public       ,4471,649,5120,4471,649,5120
00249800,PARK UNIVERSITY                         ,MO,64152-3795,Private      ,813,2961,3774,813,2961,3774
00249900,ROCKHURST UNIVERSITY                    ,MO,64110-2561,Private      ,1872,566,2438,1872,566,2438
00250000,COLLEGE OF THE OZARKS                   ,MO,65726-2502,Private      ,3005,250,3255,3005,250,3255
00250100,SOUTHEAST MISSOURI STATE UNIV           ,MO,63701-4799,Public       ,7067,2295,9362,7067,2295,9362
00250200,SOUTHWEST BAPTIST UNIVERSITY            ,MO,65613-2597,Private      ,1579,762,2341,1579,762,2341
00250300,MISSOURI STATE UNIVERSITY               ,MO,65897-0094,Public       ,12264,3999,16263,12264,3999,16263
00250400,ST LOUIS COLLEGE OF PHARMACY            ,MO,63110-1088,Private      ,613,495,1108,613,495,1108
00250600,SAINT LOUIS UNIVERSITY                  ,MO,63103-2097,Private      ,8470,3898,12368,8470,3898,12368
00250900,SAINT PAUL SCHOOL OF THEOLOGY           ,MO,64127-2499,Private      ,0,30,30,0,30,30
00251200,STEPHENS COLLEGE                        ,MO,65215-0001,Private      ,809,284,1093,809,284,1093
00251400,NORTH CENTRAL MISSOURI COLLEGE          ,MO,64683-1824,Public       ,544,297,841,544,297,841
00251600,UNIVERSITY OF MISSOURI - COLUMBIA       ,MO,65211-1600,Public       ,22893,4963,27856,22893,4963,27856
00251700,MISSOURI UNIVERSITY OF SCIENCE & TECHNOL,MO,65409-0250,Public       ,5457,911,6368,5457,911,6368
00251800,UNIVERSITY OF MISSOURI-KANSAS CITY      ,MO,64110-2497,Public       ,5843,4875,10718,5843,4875,10718
00251900,UNIVERSITY OF MISSOURI-ST LOUIS         ,MO,63121-4499,Public       ,4581,4648,9229,4581,4648,9229
00252000,WASHINGTON UNIVERSITY                   ,MO,63130-4899,Private      ,14539,3468,18007,14539,3468,18007
00252001,WASHINGTON UNIV-SCHOOL OF MEDICINE      ,MO,63110-0000,Private      ,112,924,1036,112,924,1036
00252100,WEBSTER UNIVERSITY                      ,MO,63119-3194,Private      ,2625,4377,7002,2625,4377,7002
00252200,WENTWORTH MILITARY ACADEMY              ,MO,64067-1799,Private      ,124,90,214,124,90,214
00252300,WESTMINSTER COLLEGE                     ,MO,65251-1299,Private      ,1034,93,1127,1034,93,1127
00252400,WILLIAM JEWELL COLLEGE                  ,MO,64068-1896,Private      ,989,151,1140,989,151,1140
00252500,WILLIAM WOODS UNIVERSITY                ,MO,65251-2388,Private      ,738,382,1120,738,382,1120
00405704,NATIONAL AMERICAN UNIVERSITY            ,MO,64057-1791,Proprietary  ,22,228,250,22,228,250
00470300,LOGAN COLLEGE OF CHIROPRACTIC           ,MO,63006-0000,Private      ,35,336,371,35,336,371
00470700,COVENANT THEOLOGICAL SEMINARY           ,MO,63141-8697,Private      ,4,208,212,4,208,212
00471100,STATE TECHNICAL COLLEGE OF MISSOURI     ,MO,65051-9607,Public       ,937,211,1148,937,211,1148
00471300,THREE RIVERS COMMUNITY COLLEGE          ,MO,63901-2393,Public       ,936,1120,2056,936,1120,2056
00528800,KIRKSVILLE AREA TECHNICAL CENTER        ,MO,63501-0000,Public       ,14,26,40,14,26,40
00528900,WAYNESVILLE CAREER CENTER               ,MO,65583-2131,Public       ,20,49,69,20,49,69
00542400,SOUTH CENTRAL CAREER CENTER             ,MO,65775-3052,Public       ,17,49,66,17,49,66
00542600,SIKESTON CAREER AND TECHNOLOGY CTR      ,MO,63801-0000,Public       ,46,83,129,46,83,129
00542900,ROLLA TECHNICAL INSTITUTE               ,MO,65401-3601,Public       ,146,146,292,146,146,292
00543000,POPLAR BLUFF TECHNICAL CAREER CNTR      ,MO,63901-0000,Public       ,38,92,130,38,92,130
00543800,SALINE COUNTY CAREER CENTER             ,MO,65340-0000,Public       ,10,43,53,10,43,53
00544500,TRUMAN MEDICAL CENTER SCHOOL OF NURSE AN,MO,64108-2677,Private      ,37,69,106,37,69,106
00553100,GRAND RIVER TECHNICAL SCHOOL            ,MO,64601-1299,Public       ,40,24,64,40,24,64
00553200,CAPE GIRARDEAU CAREER & TECHNOLOGY CENTE,MO,63703-7511,Public       ,140,211,351,140,211,351
00638900,BARNES JEWISH COLLEGE OF NURSING AND ALL,MO,63110-1091,Private      ,366,558,924,366,558,924
00639200,RESEARCH COLLEGE OF NURSING             ,MO,64132-1199,Proprietary  ,82,109,191,82,109,191
00639201,RESEARCH MEDICAL CENTER - COLLEGE OF NUR,MO,64132-1199,Proprietary  ,29,55,84,29,55,84
00639202,RESEARCH MED CTR SCHL OF RAD TECH       ,MO,64132-0000,Proprietary  ,13,30,43,13,30,43
00666600,LUTHERAN  SCHOOL OF NURSING             ,MO,63118-3909,Proprietary  ,54,187,241,54,187,241
00732923,ITT TECHNICAL INSTITUTE                 ,MO,63045-1122,Proprietary  ,165,753,918,165,753,918
00754000,MISSOURI BAPTIST UNIVERSITY             ,MO,63141-8698,Private      ,1236,875,2111,1236,875,2111
00808000,STATE FAIR COMMUNITY COLLEGE            ,MO,65301-0000,Public       ,1116,1018,2134,1116,1018,2134
00826900,HILLYARD TECHNICAL CENTER               ,MO,64506-0000,Public       ,111,88,199,111,88,199
00855200,STEVENS INSTITUTE OF BUSINESS & ARTS    ,MO,63103-0000,Proprietary  ,43,91,134,43,91,134
00886200,EAST CENTRAL COLLEGE                    ,MO,63084-0529,Public       ,1002,771,1773,1002,771,1773
00908900,HANNIBAL-LAGRANGE COLLEGE               ,MO,63401-1999,Private      ,475,211,686,475,211,686
00952000,NATIONAL ACADEMY OF BEAUTY ARTS         ,MO,63128-1307,Proprietary  ,25,52,77,25,52,77
00959000,INDEPENDENCE COLLEGE OF COSMETOLOGY     ,MO,64055-1105,Proprietary  ,18,32,50,18,32,50
00960700,HOUSE OF HEAVILIN BEAUTY COLLEGE        ,MO,64110-2826,Proprietary  ,19,50,69,19,50,69
00978200,SAINT LUKE'S COLLEGE OF HEALTH SCIENCES ,MO,64114-3237,Private      ,165,230,395,165,230,395
00979500,MISSOURI COLLEGE                        ,MO,63144-2901,Proprietary  ,61,186,247,61,186,247
01027900,HICKEY COLLEGE                          ,MO,63146-0000,Proprietary  ,260,167,427,260,167,427
01040500,PINNACLE CAREER INSTITUTE               ,MO,64131-3367,Proprietary  ,31,275,306,31,275,306
01040501,PINNACLE CAREER INSTITUTE - NORTH KANSAS,MO,64153-1151,Proprietary  ,13,98,111,13,98,111
01050303,WICHITA TECHNICAL INSTITUTE - WTI JOPLIN,MO,64801-2970,Proprietary  ,10,30,40,10,30,40
01102600,WARRENSBURG AREA VOC TECH SCH           ,MO,64093-0000,Public       ,24,33,57,24,33,57
01173500,PIKE/LINCOLN TECHNICAL CENTER           ,MO,63344-0000,Public       ,7,6,13,7,6,13
01250000,RANKEN TECHNICAL COLLEGE                ,MO,63113-2811,Private      ,772,562,1334,772,562,1334
01258000,ST LOUIS CHRISTIAN COLLEGE              ,MO,63033-6499,Private      ,50,61,111,50,61,111
01320800,BAPTIST BIBLE COLLEGE                   ,MO,65803-3498,Private      ,120,71,191,120,71,191
02056100,FOUR RIVERS CAREER CENTER               ,MO,63090-0000,Public       ,14,22,36,14,22,36
02068200,COX HEALTH - COX COLLEGE                ,MO,65802-0000,Private      ,212,534,746,212,534,746
02119200,COURT REPORTING INSTITUTE OF ST LOUIS   ,MO,63105-3329,Proprietary  ,9,113,122,9,113,122
02119204,COURT REPORTING INSTITUTE OF DALLAS - CO,MO,63105-3329,Proprietary  ,1,20,21,1,20,21
02121100,MIDWEST INSTITUTE                       ,MO,63122-0000,Proprietary  ,18,37,55,18,37,55
02124500,FRANKLIN TECHNOLOGY CENTER              ,MO,64801-0000,Public       ,44,129,173,44,129,173
02142200,LEX LA RAY TECHNICAL CENTER             ,MO,64067-0000,Public       ,10,50,60,10,50,60
02154900,MISSOURI SCH OF BARB & HAIR             ,MO,63031-0000,Proprietary  ,7,23,30,7,23,30
02164200,FOREST INSTITUTE OF PROFESSIONAL PSYCHOL,MO,65807-1445,Private      ,5,35,40,5,35,40
02165900,CHILLICOTHE BEAUTY ACADEMY              ,MO,64601-0000,Proprietary  ,4,4,8,4,4,8
02180200,METRO BUSINESS COLLEGE                  ,MO,63701-0000,Proprietary  ,29,140,169,29,140,169
02188100,NORTHLAND CAREER CENTER                 ,MO,64079-8333,Public       ,12,26,38,12,26,38
02202700,OZARK CHRISTIAN COLLEGE                 ,MO,64801-0000,Private      ,361,78,439,361,78,439
02203400,NEVADA REGIONAL TECHNICAL CENTER        ,MO,64772-0000,Public       ,20,24,44,20,24,44
02205200,SANFORD-BROWN COLLEGE                   ,MO,63026-7305,Proprietary  ,9,24,33,9,24,33
02214500,SALEM COLLEGE OF HAIRSTYLING            ,MO,65401-0000,Proprietary  ,2,14,16,2,14,16
02239200,ANTHEM COLLEGE                          ,MO,63043-0000,Proprietary  ,7,13,20,7,13,20
02250600,EVEREST COLLEGE                         ,MO,65807-2446,Proprietary  ,25,188,213,25,188,213
02263400,LAKE CAREER AND TECHNICAL CENTER        ,MO,65020-0000,Public       ,5,14,19,5,14,19
02266400,CENTRAL CHRISTIAN CLG OF THE BIBLE      ,MO,65270-0000,Private      ,104,43,147,104,43,147
02277500,HOUSE OF HEAVILIN BEAUTY COLLEGE        ,MO,64014-3953,Proprietary  ,26,40,66,26,40,66
02289200,COLUMBIA AREA CAREER CENTER             ,MO,65203-0000,Public       ,82,189,271,82,189,271
02295700,MISSOURI BEAUTY ACADEMY                 ,MO,63640-1827,Proprietary  ,7,28,35,7,28,35
02300105,EVEREST COLLEGE - EARTH CITY            ,MO,63045-1100,Proprietary  ,5,23,28,5,23,28
02304000,MISSOURI TECH                           ,MO,63303-3887,Proprietary  ,45,57,102,45,57,102
02309100,AMERICAN COLLEGE OF HAIR DESIGN         ,MO,65301-2144,Proprietary  ,9,9,18,9,9,18
02313000,CASS CAREER CENTER                      ,MO,64701-0000,Public       ,5,27,32,5,27,32
02340500,ST LOUIS COLLEGE OF HEALTH CAREERS      ,MO,63110-0000,Proprietary  ,102,300,402,102,300,402
02342100,CAREER & TECHNOLOGY CTR AT FT OSAGE     ,MO,64058-0000,Public       ,4,29,33,4,29,33
02361600,CONCORDE CAREER COLLEGE                 ,MO,64111-0000,Proprietary  ,89,338,427,89,338,427
02497500,CLINTON TECHNICAL SCHOOL                ,MO,64735-2966,Public       ,6,25,31,6,25,31
02520800,MERRELL UNIV OF BTY ARTS & SCIENCES     ,MO,65109-0000,Proprietary  ,24,40,64,24,40,64
02530600,SAINT CHARLES COMMUNITY COLLEGE         ,MO,63376-0975,Public       ,1920,921,2841,1920,921,2841
02543800,PARIS II EDUCATIONAL CENTER (THE)       ,MO,64118-0000,Proprietary  ,11,23,34,11,23,34
02564700,ELAINE STEVEN BEAUTY COLLEGE            ,MO,63136-0000,Proprietary  ,29,54,83,29,54,83
02564702,ELAINE STEVEN BEAUTY COLLEGE - ADVANCE B,MO,63401-2269,Proprietary  ,6,13,19,6,13,19
02568500,GRABBER SCHOOL OF HAIR DESIGN           ,MO,63011-0000,Proprietary  ,30,28,58,30,28,58
02599700,VATTEROTT COLLEGE                       ,MO,63134-2900,Proprietary  ,58,356,414,58,356,414
02599701,VATTEROTT COLLEGE - KANSAS CITY         ,MO,64117-0000,Proprietary  ,43,151,194,43,151,194
02599702,VATTEROTT COLLEGE - SPRINGFIELD LOCATION,MO,65807-5340,Proprietary  ,37,183,220,37,183,220
02599703,VATTEROTT COLLEGE - JOPLIN              ,MO,64801-5033,Proprietary  ,21,154,175,21,154,175
02599705,VATTEROTT COLLEGE - SUNSET HILLS        ,MO,63127-1516,Proprietary  ,26,152,178,26,152,178
02599712,VATTEROTT COLLEGE - O'FALLON            ,MO,63366-2748,Proprietary  ,15,105,120,15,105,120
02599714,VATTEROTT COLLEGE - EX'TREME INSTITUTE B,MO,63102-2115,Proprietary  ,71,127,198,71,127,198
02608000,NEOSHO BEAUTY COLLEGE                   ,MO,64850-1525,Proprietary  ,8,10,18,8,10,18
02609202,VATTEROTT COLLEGE-ST JOSEPH             ,MO,64501-2911,Proprietary  ,18,93,111,18,93,111
02609203,VATTEROTT COLLEGE - L'ECOLE CULINAIRE   ,MO,63124-1103,Proprietary  ,30,67,97,30,67,97
02609206,VATTEROTT COLLEGE - L'ECOLE CULINAIRE   ,MO,64112-2110,Proprietary  ,16,85,101,16,85,101
02611004,HERITAGE COLLEGE-KANSAS CITY            ,MO,64131-4203,Proprietary  ,25,140,165,25,140,165
03066300,BRYAN CAREER COLLEGE                    ,MO,65806-2507,Proprietary  ,14,125,139,14,125,139
03066303,BRYAN COLLEGE - COLUMBIA                ,MO,65201-8248,Proprietary  ,30,72,102,30,72,102
03068600,SPECIAL SCHOOL DISTRICT OF ST. LOUIS CO.,MO,63127-1324,Public       ,24,124,148,24,124,148
03070200,CENTRAL COLLEGE OF COSMETOLOGY          ,MO,65583-0000,Proprietary  ,9,18,27,9,18,27
03070900,SE MO HOSP CLG NURSING & HEALTH SCI     ,MO,63703-4507,Private      ,111,232,343,111,232,343
03077200,COSMETOLOGY CONCEPTS INSTITUTE          ,MO,65202-1972,Proprietary  ,27,36,63,27,36,63
03083000,OZARKS TECHNICAL COMMUNITY COLLEGE      ,MO,65802-3601,Public       ,3362,3655,7017,3362,3655,7017
03092600,MESSENGER COLLEGE                       ,MO,64804-0000,Private      ,47,38,85,47,38,85
03097600,ST LOUIS HAIR ACADEMY                   ,MO,63107-1737,Proprietary  ,17,41,58,17,41,58
03101000,NEW DIMENSION SCHOOL OF HAIR DESIGN     ,MO,64801-5017,Proprietary  ,9,23,32,9,23,32
03106000,MISSOURI STATE UNIVERSITY - WEST PLAINS ,MO,65775-2715,Public       ,781,433,1214,781,433,1214
03110900,HOUSE OF HEAVILIN BEAUTY COLLEGE        ,MO,64083-9195,Proprietary  ,5,17,22,5,17,22
03519300,MISSOURI COLLEGE OF COSMETOLOGY NORTH   ,MO,65803-0000,Proprietary  ,29,42,71,29,42,71
03579300,TEXAS COUNTY TECHNICAL INSTITUTE        ,MO,65483-2700,Private      ,21,106,127,21,106,127
03616300,AVIATION INSTITUTE OF MAINTENANCE       ,MO,64129-1811,Proprietary  ,22,87,109,22,87,109
03878300,PROFESSIONAL MASSAGE TRAINING CENTER    ,MO,65803-2939,Proprietary  ,6,26,32,6,26,32
03916300,ECLIPS SCHOOL OF COSMETOLOGY AND BARBERI,MO,63703-5809,Proprietary  ,8,41,49,8,41,49
03924300,HAIR ACADEMY 110 (THE)                  ,MO,63501-2915,Proprietary  ,4,7,11,4,7,11
03970400,WELLSPRING SCHOOL OF ALLIED HEALTH      ,MO,64114-3313,Proprietary  ,12,57,69,12,57,69
04037500,ACADEMY OF HAIR DESIGN                  ,MO,65804-2303,Proprietary  ,35,82,117,35,82,117
04051329,ART INSTITUTE OF PHOENIX (THE) - BROWN M,MO,63026-2564,Proprietary  ,41,78,119,41,78,119
04118700,AMERICAN COLLEGE OF TECHNOLOGY          ,MO,64506-2006,Proprietary  ,17,122,139,17,122,139
04119100,CITY VISION COLLEGE                     ,MO,64141-3188,Private      ,6,56,62,6,56,62
04122300,GRANTHAM UNIVERSITY                     ,MO,64153-2262,Proprietary  ,184,4190,4374,184,4190,4374
04130600,"CENTER FOR HEALING ARTS (THE), LLC      ",MO,63143-2103,Proprietary  ,6,32,38,6,32,38
04133300,TREND SETTERS SCHOOL OF COSMETOLOGY     ,MO,63702-7607,Proprietary  ,14,29,43,14,29,43
04145200,TRANSFORMED BARBER AND COSMETOLOGY ACADE,MO,64137-1207,Proprietary  ,15,45,60,15,45,60
04145700,THE SYSTEM A PAUL MITCHELL PARTNER SCHL ,MO,65807-5969,Proprietary  ,39,56,95,39,56,95
04146100,URSHAN GRADUATE SCHOOL OF THEOLOGY      ,MO,63031-7526,Private      ,15,13,28,15,13,28
04152200,CARTHAGE R-9 SCHOOL DISTRICT/CARTHAGE TE,MO,64836-1332,Public       ,3,20,23,3,20,23
04170600,SALON PROFESSIONAL ACADEMY (THE)        ,MO,63301-1021,Proprietary  ,22,19,41,22,19,41
04170700,PAUL MITCHELL THE SCHOOL ST LOUIS       ,MO,63108-1554,Proprietary  ,81,69,150,81,69,150
04173900,COSMETOLOGY COLLEGE OF FRANKLIN COUNTY  ,MO,63077-3448,Proprietary  ,6,10,16,6,10,16
04174000,SKIN INSTITUTE                          ,MO,63128-1307,Proprietary  ,17,30,47,17,30,47
04174800,AMERICAN TRADE SCHOOL                   ,MO,63074-1807,Proprietary  ,6,43,49,6,43,49
04179000,"SALON PROFESSIONAL ACADEMY, THE         ",MO,65616-7216,Proprietary  ,1,4,5,1,4,5
04184400,SEYMOUR BEAUTY ACADEMY                  ,MO,65746-8743,Proprietary  ,1,8,9,1,8,9
04187000,DONNA'S ACADEMY OF HAIR DESIGN          ,MO,64089-9042,Proprietary  ,10,5,15,10,5,15
04212100,ACADEMY OF SALON PROFESSIONALS          ,MO,65301-6910,Proprietary  ,6,18,24,6,18,24
04218400,CITY POINTE BEAUTY ACADEMY              ,MO,64870-2502,Proprietary  ,12,32,44,12,32,44
00314600,WESTERN OKLAHOMA STATE COLLEGE          ,OK,73521-1397,Public       ,256,272,528,256,272,528
00314700,BACONE COLLEGE                          ,OK,74403-1597,Private      ,311,219,530,311,219,530
00314900,SOUTHERN NAZARENE UNIVERSITY            ,OK,73008-2694,Private      ,842,606,1448,842,606,1448
00315000,CAMERON UNIVERSITY                      ,OK,73505-6377,Public       ,1072,1345,2417,1072,1345,2417
00315100,OKLAHOMA WESLEYAN UNIVERSITY            ,OK,74006-6299,Private      ,865,538,1403,865,538,1403
00315200,UNIV OF CENTRAL OKLAHOMA                ,OK,73034-5209,Public       ,6053,2781,8834,6053,2781,8834
00315300,CONNORS STATE COLLEGE                   ,OK,74469-2204,Public       ,749,572,1321,749,572,1321
00315400,EAST CENTRAL UNIVERSITY                 ,OK,74820-6999,Public       ,1893,945,2838,1893,945,2838
00315500,EASTERN OKLAHOMA STATE COLLEGE          ,OK,74578-4999,Public       ,467,371,838,467,371,838
00315600,REDLANDS COMMUNITY COLLEGE              ,OK,73036-5304,Public       ,368,324,692,368,324,692
00315700,LANGSTON UNIVERSITY                     ,OK,73050-0000,Public       ,2250,829,3079,2250,829,3079
00315800,MURRAY STATE COLLEGE                    ,OK,73460-3137,Public       ,733,514,1247,733,514,1247
00316000,NORTHEASTERN OKLAHOMA A & M COLLEGE     ,OK,74354-6497,Public       ,1057,398,1455,1057,398,1455
00316100,NORTHEASTERN STATE UNIVERSITY           ,OK,74464-2399,Public       ,3215,2574,5789,3215,2574,5789
00316200,NORTHERN OKLAHOMA COLLEGE               ,OK,74653-0310,Public       ,970,635,1605,970,635,1605
00316300,NORTHWESTERN OKLAHOMA STATE UNIV        ,OK,73717-2799,Public       ,868,356,1224,868,356,1224
00316400,OKLAHOMA BAPTIST UNIVERSITY             ,OK,74801-2590,Private      ,2049,246,2295,2049,246,2295
00316500,OKLAHOMA CHRISTIAN UNIVERSITY           ,OK,73131-0000,Private      ,1567,328,1895,1567,328,1895
00316600,OKLAHOMA CITY UNIVERSITY                ,OK,73106-1493,Private      ,1870,1137,3007,1870,1137,3007
00316700,UNIV OF SCIENCE & ARTS OF OKLAHOMA      ,OK,73018-5322,Public       ,556,184,740,556,184,740
00316800,ROGERS STATE UNIVERSITY                 ,OK,74017-3252,Public       ,1614,1028,2642,1614,1028,2642
00317000,OKLAHOMA STATE UNIVERSITY               ,OK,74078-1026,Public       ,13482,3795,17277,13482,3795,17277
00317200,OKLAHOMA STATE UNIVERSITY-OKMULGEE      ,OK,74447-3901,Public       ,1047,722,1769,1047,722,1769
00317400,OKLAHOMA PANHANDLE STATE UNIVERSITY     ,OK,73939-0000,Public       ,422,107,529,422,107,529
00317600,CARL ALBERT STATE COLLEGE               ,OK,74953-5208,Public       ,662,568,1230,662,568,1230
00317800,SEMINOLE STATE COLLEGE                  ,OK,74818-0351,Public       ,500,429,929,500,429,929
00317900,SOUTHEASTERN OKLAHOMA STATE UNIV        ,OK,74701-0609,Public       ,1360,861,2221,1360,861,2221
00318000,SOUTHWESTERN CHRISTIAN UNIVERSITY       ,OK,73008-2335,Private      ,245,165,410,245,165,410
00318100,SOUTHWESTERN OKLAHOMA STATE UNIV        ,OK,73096-3098,Public       ,2127,845,2972,2127,845,2972
00318101,SOUTHWESTERN OK STATE UNIV AT SAYRE     ,OK,73662-0000,Public       ,95,62,157,95,62,157
00318300,ST GREGORY'S UNIVERSITY                 ,OK,74804-2499,Private      ,304,148,452,304,148,452
00318308,SAINT GREGORY'S UNIVERSITY - IPD TULSA  ,OK,74135-2499,Private      ,26,47,73,26,47,73
00318400,UNIVERSITY OF OKLAHOMA                  ,OK,73019-4078,Public       ,13628,4389,18017,13628,4389,18017
00318401,UNIVERSITY OF OKLAHOMA-HLTH SCI CTR     ,OK,73190-0000,Public       ,464,1671,2135,464,1671,2135
00318500,UNIVERSITY OF TULSA                     ,OK,74104-3189,Private      ,2940,900,3840,2940,900,3840
00398500,ORAL ROBERTS UNIVERSITY                 ,OK,74171-0001,Private      ,1988,760,2748,1988,760,2748
00531100,TULSA COUNTY AREA VOC TECH SCHOOL       ,OK,74145-0000,Public       ,262,539,801,262,539,801
00531200,RED RIVER TECHNOLOGY CENTER             ,OK,73533-2700,Public       ,14,46,60,14,46,60
00533900,METRO TECHNOLOGY CENTERS SCH DIST22     ,OK,73111-0000,Public       ,73,346,419,73,346,419
00533903,METRO TECHNOLOGY CENTERS SCH DIST22     ,OK,73129-0000,Public       ,56,238,294,56,238,294
00694200,MID-AMERICA CHRISTIAN UNIVERSITY        ,OK,73170-4504,Private      ,291,1109,1400,291,1109,1400
00767800,SPARTAN COLLEGE OF AERONAUTICS AND TECHN,OK,74115-5800,Proprietary  ,397,212,609,397,212,609
00791100,VIRGILS BEAUTY COLLEGE                  ,OK,74401-6802,Proprietary  ,3,21,24,3,21,24
00834300,AUTRY TECHNOLOGY CENTER                 ,OK,73703-2598,Public       ,31,63,94,31,63,94
00861900,TRI COUNTY TECHNOLOGY CENTER            ,OK,74006-6029,Public       ,17,47,64,17,47,64
00918500,ROSE STATE COLLEGE                      ,OK,73110-2799,Public       ,1361,1521,2882,1361,1521,2882
00920400,KIAMICHI TECHNOLOGY CENTER              ,OK,74578-0548,Public       ,88,262,350,88,262,350
00961800,TULSA WELDING SCHOOL                    ,OK,74104-0000,Proprietary  ,767,648,1415,767,648,1415
00964700,"OKLAHOMA STATE UNIV, OKLA CITY          ",OK,73107-6159,Public       ,1510,2039,3549,1510,2039,3549
00970800,EVES COLLEGE OF HAIRSTYLING             ,OK,73501-0000,Proprietary  ,5,29,34,5,29,34
00976300,TULSA COMMUNITY COLLEGE                 ,OK,74135-6198,Public       ,3956,4141,8097,3956,4141,8097
00996300,CADDO KIOWA VOC TECH CENTER             ,OK,73038-0000,Public       ,29,80,109,29,80,109
00996400,CENTRAL OKLAHOMA AREA VOC TECH SCH      ,OK,74030-9613,Public       ,41,91,132,41,91,132
00996500,CANADIAN VALLEY TECHNOLOGY CENTER       ,OK,73036-9117,Public       ,28,103,131,28,103,131
00996800,GORDON COOPER TECHNOLOGY CENTER         ,OK,74804-9913,Public       ,55,143,198,55,143,198
01005300,INDIAN CAPITAL TECHNOLGY CENTER #4      ,OK,74403-9907,Public       ,87,202,289,87,202,289
01026600,HILLSDALE FREE WILL BAPTIST COLLEGE     ,OK,73153-0000,Private      ,127,26,153,127,26,153
01034200,SOUTHERN OKLAHOMA TECHNOLOGY CENTER     ,OK,73401-2100,Public       ,39,89,128,39,89,128
01039100,OKLAHOMA CITY COMMUNITY COLLEGE         ,OK,73159-4444,Public       ,2592,2936,5528,2592,2936,5528
01050304,WTI TULSA CAMPUS                        ,OK,74112-3140,Proprietary  ,13,46,59,13,46,59
01071700,GREAT PLAINS TECHNOLOGY CENTER SCHOOL DI,OK,73505-8399,Public       ,74,213,287,74,213,287
01076200,WESTERN OK AREA VOC TECH SCH DIST12     ,OK,73624-1469,Public       ,24,37,61,24,37,61
01120600,PIONEER TECHNOLOGY CENTER               ,OK,74601-1106,Public       ,10,53,63,10,53,63
01128200,OKLAHOMA STATE UNV CLG OSTEOPTHC MD     ,OK,74107-0000,Public       ,72,248,320,72,248,320
01153700,MID-AMERICA TECHNOLOGY CENTER           ,OK,73095-0210,Public       ,19,50,69,19,50,69
01227200,MOORE-NORMAN TECHNOLOGY CENTER          ,OK,73069-8399,Public       ,98,293,391,98,293,391
02052700,NORTHEAST TECHNOLOGY CENTER             ,OK,74361-0487,Public       ,50,148,198,50,148,198
02060800,MERIDIAN TECHNOLOGY CENTER              ,OK,74074-0000,Public       ,66,85,151,66,85,151
02126500,ENID BEAUTY COLLEGE                     ,OK,73701-0000,Proprietary  ,6,7,13,6,7,13
02184400,SAND SPRINGS BEAUTY COLLEGE             ,OK,74063-0000,Proprietary  ,6,24,30,6,24,30
02197300,HOLLYWOOD COSMETOLOGY CENTER            ,OK,73189-0000,Proprietary  ,11,18,29,11,18,29
02222700,FRANCIS TUTTLE TECHNOLOGY CENTER        ,OK,73142-0000,Public       ,119,469,588,119,469,588
02238500,CENTRAL STATE BEAUTY ACADEMY            ,OK,73162-6007,Proprietary  ,21,59,80,21,59,80
02250900,E OK COUNTY AREA VO-TECH                ,OK,73020-0000,Public       ,23,23,46,23,23,46
02256200,"BROKEN ARROW BEAUTY COLLEGE, INC        ",OK,74012-0000,Proprietary  ,19,46,65,19,46,65
02282100,HIGH PLAINS AREA VOC-TECH               ,OK,73801-0000,Public       ,12,22,34,12,22,34
02306800,PLATT COLLEGE                           ,OK,74145-0000,Proprietary  ,54,267,321,54,267,321
02306811,PLATT COLLEGE - LAWTON                  ,OK,73501-3808,Proprietary  ,24,101,125,24,101,125
02510300,BEAUTY TECHNICAL COLLEGE                ,OK,74465-0000,Proprietary  ,3,15,18,3,15,18
02531200,WOODWARD BEAUTY COLLEGE                 ,OK,73801-0000,Proprietary  ,1,11,12,1,11,12
02556500,YUKON BEAUTY COLLEGE                    ,OK,73099-4108,Proprietary  ,3,8,11,3,8,11
02560200,PHILLIPS THEOLOGICAL SEMINARY -         ,OK,74116-5612,Private      ,1,25,26,1,25,26
02581100,CLAREMORE BEAUTY COLLEGE                ,OK,74017-7034,Proprietary  ,4,5,9,4,5,9
02581200,CC'S COSMETOLOGY COLLEGE                ,OK,74129-0000,Proprietary  ,17,41,58,17,41,58
02591101,CAREER POINT INSTITUTE                  ,OK,74146-0000,Proprietary  ,34,111,145,34,111,145
02596501,ATI-CAREER TRAINING CENTER - OKLAHOMA CI,OK,73107-2442,Proprietary  ,6,35,41,6,35,41
02596502,ATI- CAREER TRAINING CENTER - OKLAHOMA C,OK,76101-2740,Proprietary  ,11,42,53,11,42,53
02597400,PONTOTOC TECHNOLOGY CENTER SCHOOL       ,OK,74820-8621,Public       ,38,56,94,38,56,94
02599706,VATTEROTT COLLEGE - TULSA               ,OK,74146-2205,Proprietary  ,17,80,97,17,80,97
02600000,NORTHWEST TECHNOLOG CTR SCH DIST 10     ,OK,73717-9600,Public       ,8,12,20,8,12,20
02600500,WES WATKINS TECHNOLOGY CENTER           ,OK,74883-9660,Public       ,14,44,58,14,44,58
02609205,VATTEROTT COLLEGE - OKLAHOMA CITY       ,OK,73127-2103,Proprietary  ,19,132,151,19,132,151
03008700,SOUTHWEST TECHNOLOGY CENTER             ,OK,73521-1527,Public       ,16,49,65,16,49,65
03024700,STILLWATER BEAUTY ACADEMY               ,OK,74075-3467,Proprietary  ,6,6,12,6,6,12
03030700,OKLAHOMA SCHOOL OF PHOTOGRAPHY          ,OK,73160-3320,Proprietary  ,22,26,48,22,26,48
03030800,AMERICAN BROADCASTING SCHOOL            ,OK,73115-3334,Proprietary  ,16,71,87,16,71,87
03051100,CHISHOLM TRAIL TECHNOLOGY CENTER        ,OK,73764-6335,Public       ,4,20,24,4,20,24
03078500,TECH INST OF COSMETOLOGY ARTS & SCI     ,OK,74120-3610,Proprietary  ,14,25,39,14,25,39
03103800,SOUTHERN SCHOOL OF BEAUTY               ,OK,74701-5008,Proprietary  ,6,7,13,6,7,13
03109800,PONCA CITY BEAUTY COLLEGE               ,OK,74601-4201,Proprietary  ,6,9,15,6,9,15
03109801,BARTLESVILLE BEAUTY COLLEGE             ,OK,74003-2835,Proprietary  ,3,14,17,3,14,17
03115100,HERITAGE COLLEGE                        ,OK,73119-0000,Proprietary  ,50,226,276,50,226,276
03124901,IMAGINE -  PAUL MITCHELL PARTNER SCHOOL ,OK,73072-4831,Proprietary  ,23,39,62,23,39,62
03126200,GREEN COUNTRY AREA VOC TECH SCHOOL      ,OK,74447-1217,Public       ,26,56,82,26,56,82
03198400,MID-DEL AREA VOCATIONAL & TECH SCH      ,OK,73110-4825,Public       ,18,54,72,18,54,72
03329400,PRYOR BEAUTY COLLEGE                    ,OK,74361-0000,Proprietary  ,4,2,6,4,2,6
03329401,PRYOR BEAUTY COLLEGE - GROVE BEAUTY COLL,OK,74345-0009,Proprietary  ,0,1,1,0,1,1
03329402,PRYOR BEAUTY COLLEGE - NORTH EAST OKLAHO,OK,74338-0000,Proprietary  ,0,1,1,0,1,1
03367400,COMMUNITY CARE COLLEGE                  ,OK,74145-6420,Proprietary  ,122,365,487,122,365,487
03453400,SHAWNEE BEAUTY COLLEGE                  ,OK,74801-7014,Proprietary  ,2,13,15,2,13,15
03676300,FAMILY OF FAITH COLLEGE                 ,OK,74802-1805,Private      ,3,11,14,3,11,14
03831300,INSTITUTE OF HAIR DESIGN                ,OK,74804-0000,Proprietary  ,1,9,10,1,9,10
03928300,CENTRAL STATE MASSAGE ACADEMY           ,OK,73162-6007,Proprietary  ,9,32,41,9,32,41
04051324,ART INSTITUTE OF PHOENIX (THE) - BROWN M,OK,74146-5234,Proprietary  ,26,124,150,26,124,150
04060300,AMERICAN INSTITUTE OF MEDICAL TECHNOLOGY,OK,74146-5201,Proprietary  ,46,91,137,46,91,137
04133600,CUTTER'S EDGE SCHOOL OF COSMETOLOGY     ,OK,74023-2905,Proprietary  ,1,7,8,1,7,8
04144400,ACADEMY OF HAIR DESIGN (THE)            ,OK,73120-6808,Proprietary  ,19,59,78,19,59,78
04184300,PAUL MITCHELL THE SCHOOL ARDMORE        ,OK,73401-3912,Proprietary  ,7,20,27,7,20,27
04213600,RIVER VALLEY COSMETOLOGY INSTITUTE      ,OK,74953-5260,Proprietary  ,5,20,25,5,20,25
04224700,JB'S HAIR DESIGN AND BARBER COLLEGE     ,OK,73139-1602,Proprietary  ,7,46,53,7,46,53
04224900,COLLEGE OF THE MUSCOGEE NATION          ,OK,74447-0917,Public       ,42,55,97,42,55,97
04225100,COMANCHE NATION COLLEGE                 ,OK,73501-7434,Public       ,10,42,52,10,42,52
04240500,PAUL MITCHELL THE SCHOOL TULSA          ,OK,74134-1410,Proprietary  ,31,61,92,31,61,92
00163700,BETHANY THEOLOGICAL SEMINARY            ,IN,47374-0000,Private      ,1,13,14,1,13,14
00178400,ANCILLA COLLEGE-FINANCIAL AID OFFC      ,IN,46513-0001,Private      ,462,286,748,462,286,748
00178500,ANDERSON UNIVERSITY                     ,IN,46012-3495,Private      ,2325,696,3021,2325,696,3021
00178600,BALL STATE UNIVERSITY                   ,IN,47306-0880,Public       ,22486,6428,28914,22486,6428,28914
00178700,BETHEL COLLEGE INC                      ,IN,46545-5591,Private      ,1668,982,2650,1668,982,2650
00178800,BUTLER UNIVERSITY                       ,IN,46208-3487,Private      ,7564,1649,9213,7564,1649,9213
00178900,CHRISTIAN THEOLOGICAL SEMINARY          ,IN,46208-0000,Private      ,13,173,186,13,173,186
00179200,DEPAUW UNIVERSITY                       ,IN,46135-0037,Private      ,3026,130,3156,3026,130,3156
00179300,EARLHAM COLLEGE                         ,IN,47374-4095,Private      ,1363,105,1468,1363,105,1468
00179301,EARLHAM SCHOOL OF RELIGION              ,IN,47374-0000,Private      ,13,26,39,13,26,39
00179500,UNIVERSITY OF EVANSVILLE                ,IN,47722-0002,Private      ,3138,557,3695,3138,557,3695
00179800,FRANKLIN COLLEGE OF INDIANA             ,IN,46131-2623,Private      ,1878,276,2154,1878,276,2154
00179900,GOSHEN COLLEGE                          ,IN,46526-4794,Private      ,790,381,1171,790,381,1171
00180000,GRACE COLLEGE & THEO SEMINARY           ,IN,46590-1224,Private      ,2075,490,2565,2075,490,2565
00180100,HANOVER COLLEGE                         ,IN,47243-0108,Private      ,2098,102,2200,2098,102,2200
00180300,HUNTINGTON UNIVERSITY                   ,IN,46750-1299,Private      ,1238,399,1637,1238,399,1637
00180400,UNIVERSITY OF INDIANAPOLIS              ,IN,46227-3697,Private      ,6402,3700,10102,6402,3700,10102
00180500,INDIANA INSTITUTE OF TECHNOLOGY         ,IN,46803-1297,Private      ,2377,5150,7527,2377,5150,7527
00180700,INDIANA STATE UNIVERSITY                ,IN,47809-2501,Public       ,13923,5327,19250,13923,5327,19250
00180800,UNIVERSITY OF SOUTHERN INDIANA          ,IN,47712-3596,Public       ,7721,2422,10143,7721,2422,10143
00180900,INDIANA UNIVERSITY-BLOOMINGTON          ,IN,47405-7000,Public       ,32527,8131,40658,32527,8131,40658
00181100,INDIANA UNIV-EAST                       ,IN,47374-1289,Public       ,1838,1997,3835,1838,1997,3835
00181300,INDIANA UNIV-PURDUE UNIV INDPLS         ,IN,46202-5145,Public       ,22695,16576,39271,22695,16576,39271
00181301,INDIANA UNIVERSITY - PURDUE UNIVERSITY I,IN,47203-1769,Public       ,1930,1387,3317,1930,1387,3317
00181400,INDIANA UNIV KOKOMO                     ,IN,46902-3557,Public       ,2616,1857,4473,2616,1857,4473
00181500,INDIANA UNIV-NORTHWEST                  ,IN,46408-1197,Public       ,3636,3217,6853,3636,3217,6853
00181600,INDIANA UNIVERSITY - SOUTH BEND         ,IN,46615-0000,Public       ,4708,3714,8422,4708,3714,8422
00181700,INDIANA UNIVERSITY-SOUTHEAST            ,IN,47150-6405,Public       ,3632,2270,5902,3632,2270,5902
00182000,MANCHESTER UNIVERSITY                   ,IN,46962-1276,Private      ,2567,481,3048,2567,481,3048
00182100,MARIAN UNIVERSITY                       ,IN,46222-1997,Private      ,2294,2302,4596,2294,2302,4596
00182200,INDIANA WESLEYAN UNIVERSITY             ,IN,46953-4974,Private      ,3827,9506,13333,3827,9506,13333
00182300,ASSOCIATED MENNONITE BIBLICAL SEM       ,IN,46517-1999,Private      ,3,38,41,3,38,41
00182400,OAKLAND CITY UNIVERSITY                 ,IN,47660-1099,Private      ,427,408,835,427,408,835
00182500,PURDUE UNIVERSITY                       ,IN,47907-2050,Public       ,33389,5598,38987,33389,5598,38987
00182600,PURDUE UNIV NORTH CENTRAL CAMPUS        ,IN,46391-9542,Public       ,3046,1596,4642,3046,1596,4642
00182700,PURDUE UNIV CALUMET                     ,IN,46323-2094,Public       ,5086,4002,9088,5086,4002,9088
00182800,INDIANA UNIV-PURDUE UNIV FORT WAYNE     ,IN,46805-1499,Public       ,8815,4834,13649,8815,4834,13649
00183000,ROSE HULMAN INSTITUTE OF TECHNOLOGY     ,IN,47803-3999,Private      ,3056,157,3213,3056,157,3213
00183200,UNIVERSITY OF SAINT FRANCIS             ,IN,46808-3994,Private      ,2196,1536,3732,2196,1536,3732
00183300,ST JOSEPH'S COLLEGE                     ,IN,47978-0000,Private      ,1407,165,1572,1407,165,1572
00183400,CALUMET COLLEGE OF SAINT JOSEPH         ,IN,46394-2195,Private      ,434,457,891,434,457,891
00183500,SAINT MARY-OF-THE-WOODS COLLEGE         ,IN,47876-0067,Private      ,377,648,1025,377,648,1025
00183600,ST MARY'S COLLEGE                       ,IN,46556-5007,Private      ,1759,159,1918,1759,159,1918
00183800,TAYLOR UNIVERSITY                       ,IN,46989-1001,Private      ,2259,153,2412,2259,153,2412
00183900,TRINE UNIVERSITY                        ,IN,46703-1764,Private      ,2861,839,3700,2861,839,3700
00184000,UNIVERSITY OF NOTRE DAME                ,IN,46556-5602,Private      ,11925,2242,14167,11925,2242,14167
00184200,VALPARAISO UNIVERSITY                   ,IN,46383-6493,Private      ,5301,1289,6590,5301,1289,6590
00184300,VINCENNES UNIVERSITY                    ,IN,47591-1523,Public       ,6669,2831,9500,6669,2831,9500
00184400,WABASH COLLEGE                          ,IN,47933-0352,Private      ,1241,47,1288,1241,47,1288
00457900,INTERNATIONAL BUSINESS COLLEGE          ,IN,46804-0000,Proprietary  ,535,267,802,535,267,802
00457901,INTERNATIONAL BUSINESS COLLEGE          ,IN,46256-0000,Proprietary  ,561,352,913,561,352,913
00625700,SAINT ELIZABETH SCHOOL OF NURSING       ,IN,47904-2198,Private      ,143,267,410,143,267,410
00638510,CHAMBERLAIN COLLEGE OF NURSING - INDIANA,IN,46240-2158,Proprietary  ,149,962,1111,149,962,1111
00726300,HOLY CROSS COLLEGE                      ,IN,46556-0308,Private      ,656,105,761,656,105,761
00727600,SAINT MEINRAD SCHOOL OF THEOLOGY        ,IN,47577-1002,Private      ,1,28,29,1,28,29
00732900,ITT TECHNICAL INSTITUTE                 ,IN,46268-1119,Proprietary  ,941,4821,5762,941,4821,5762
00732933,ITT TECHNICAL INSTITUTE                 ,IN,46635-1512,Proprietary  ,232,450,682,232,450,682
00732962,ITT TECHNICAL INSTITUTE                 ,IN,47630-7430,Proprietary  ,174,918,1092,174,918,1092
00732968,ITT TECHNICAL INSTITUTE                 ,IN,46410-0000,Proprietary  ,170,512,682,170,512,682
00732993,ITT TECHNICAL INSTITUTE                 ,IN,46825-2393,Proprietary  ,414,887,1301,414,887,1301
00736200,MEDTECH COLLEGE                         ,IN,46250-3970,Proprietary  ,198,997,1195,198,997,1195
00736202,MEDTECH COLLEGE - GREENWOOD             ,IN,46143-6478,Proprietary  ,71,358,429,71,358,429
00736204,MEDTECH COLLEGE - FORT WAYNE            ,IN,46804-2209,Proprietary  ,138,598,736,138,598,736
00793800,LINCOLN COLLEGE OF TECHNOLOGY           ,IN,46202-0000,Proprietary  ,1018,540,1558,1018,540,1558
00951500,J MICHAEL HARROLD BEAUTY ACADEMY        ,IN,47807-3390,Proprietary  ,30,64,94,30,64,94
00961200,"APEX SCHOOL OF BEAUTY CULTURE, INC      ",IN,46016-0000,Proprietary  ,19,37,56,19,37,56
00961300,MERRILLVILLE BEAUTY COLLEGE             ,IN,46410-3401,Proprietary  ,22,64,86,22,64,86
00967300,RUDAE'S SCHOOL OF BEAUTY CULTURE        ,IN,46825-5444,Proprietary  ,80,97,177,80,97,177
00991700,IVY TECH COMMUNITY COLLEGE OF INDIANA   ,IN,46208-1763,Public       ,33900,51285,85185,33900,51285,85185
01015100,VINCENNES BEAUTY COLLEGE                ,IN,47591-1297,Proprietary  ,78,44,122,78,44,122
01040900,LAFAYETTE BEAUTY ACADEMY                ,IN,47901-1149,Proprietary  ,36,92,128,36,92,128
01048900,NATIONAL COLLEGE                        ,IN,46250-1930,Proprietary  ,39,243,282,39,243,282
01048910,NATIONAL COLLEGE - SOUTH BEND           ,IN,46617-3123,Proprietary  ,49,227,276,49,227,276
01048911,NATIONAL COLLEGE - FORT WAYNE           ,IN,46826-4905,Proprietary  ,35,129,164,35,129,164
01061800,MID-AMERICA CLG FUNERAL SERVICE         ,IN,47130-9990,Private      ,38,60,98,38,60,98
01150500,CREATIVE HAIR STYLING ACADEMY           ,IN,46322-1554,Proprietary  ,64,82,146,64,82,146
02084800,RAVENSCROFT BEAUTY COLLEGE              ,IN,46815-0000,Proprietary  ,65,94,159,65,94,159
02087600,CONCORDIA THEOLOGICAL SEMINARY          ,IN,46825-0000,Private      ,8,96,104,8,96,104
02100402,EVEREST INSTITUTE - EVEREST COLLEGE     ,IN,46410-7064,Proprietary  ,64,193,257,64,193,257
02140800,MARTIN UNIVERSITY                       ,IN,46218-0000,Private      ,124,767,891,124,767,891
02158400,HARRISON COLLEGE                        ,IN,46204-2611,Proprietary  ,453,1805,2258,453,1805,2258
02158401,HARRISON COLLEGE - COLUMBUS             ,IN,47203-1843,Proprietary  ,120,391,511,120,391,511
02158402,HARRISON COLLEGE - LAFAYETTE            ,IN,47905-4859,Proprietary  ,131,355,486,131,355,486
02158405,HARRISON COLLEGE - TERRE HAUTE          ,IN,47802-0000,Proprietary  ,94,419,513,94,419,513
02158407,HARRISON COLLEGE - ANDERSON             ,IN,46013-0000,Proprietary  ,114,361,475,114,361,475
02158409,HARRISON COLLEGE - EVANSVILLE           ,IN,47715-3901,Proprietary  ,140,310,450,140,310,450
02158410,HARRISON COLLEGE - EAST                 ,IN,46239-8903,Proprietary  ,175,744,919,175,744,919
02158412,HARRISON COLLEGE - FORT WAYNE           ,IN,46825-0000,Proprietary  ,107,407,514,107,407,514
02158413,HARRISON COLLEGE - NORTHWEST            ,IN,46278-0000,Proprietary  ,205,312,517,205,312,517
02158415,HARRISON COLLEGE - MUNCIE               ,IN,47303-0000,Proprietary  ,76,131,207,76,131,207
02158416,HARRISON COLLEGE - ELKHART              ,IN,46516-0000,Proprietary  ,52,188,240,52,188,240
02158800,DON ROBERTS BEAUTY SCHOOLS              ,IN,46383-0000,Proprietary  ,28,34,62,28,34,62
02164300,DON ROBERTS SCHOOL OF HAIR DESIGN       ,IN,46375-9999,Proprietary  ,15,25,40,15,25,40
02180108,ROSS MEDICAL EDUCATION CENTER -         ,IN,46530-4479,Proprietary  ,49,115,164,49,115,164
02201800,KAPLAN COLLEGE                          ,IN,46324-3347,Proprietary  ,129,349,478,129,349,478
02201806,KAPLAN COLLEGE - SOUTHEAST INDIANAPOLIS ,IN,46227-1493,Proprietary  ,256,943,1199,256,943,1199
02241700,PJ'S COLLEGE OF COSMETOLOGY             ,IN,47129-0000,Proprietary  ,41,65,106,41,65,106
02245505,FORTIS COLLEGE - INDIANAPOLIS CAMPUS    ,IN,46268-0000,Proprietary  ,68,423,491,68,423,491
02304800,PJ'S COLLEGE OF COSMETOLOGY             ,IN,47374-0000,Proprietary  ,38,52,90,38,52,90
02308900,MASTER'S OF COSMETOLOGY COLLEGE         ,IN,46809-0000,Proprietary  ,76,87,163,76,87,163
02339600,ROGER'S ACADEMY OF HAIR DESIGN          ,IN,47712-0000,Proprietary  ,45,42,87,45,42,87
02351300,KNOX BEAUTY COLLEGE                     ,IN,46534-0000,Proprietary  ,6,15,21,6,15,21
02490500,HAIR FASHIONS BY KAYE BEAUTY CLG        ,IN,46250-0000,Proprietary  ,64,150,214,64,150,214
02490800,HAIR FASHIONS BY KAYE BEAUTY CLG        ,IN,46060-0000,Proprietary  ,21,26,47,21,26,47
02607000,HAIR ARTS ACADEMY                       ,IN,47404-2419,Proprietary  ,46,63,109,46,63,109
02615800,COLLEGE OF COURT REPORTING              ,IN,46342-5969,Proprietary  ,17,100,117,17,100,117
03176300,AVIATION INSTITUTE OF MAINTENANCE       ,IN,46241-1445,Proprietary  ,103,203,306,103,203,306
03456700,CROSSROADS BIBLE COLLEGE                ,IN,46219-4912,Private      ,50,332,382,50,332,382
03538300,ALEXANDRIA SCH OF SCIENTIFIC THERAP     ,IN,46001-0287,Proprietary  ,15,30,45,15,30,45
04038700,IDEAL BEAUTY ACADEMY                    ,IN,47130-4215,Proprietary  ,14,23,37,14,23,37
04051304,ART INSTITUTE OF PHOENIX (THE) - ART  IN,IN,46268-1170,Proprietary  ,792,552,1344,792,552,1344
04051311,ART INSTITUTE OF PHOENIX (THE) - BROWN M,IN,46410-5608,Proprietary  ,72,324,396,72,324,396
04051312,ART INSTITUTE OF PHOENIX (THE) - BROWN M,IN,46360-7362,Proprietary  ,32,81,113,32,81,113
04051318,ART INSTITUTE OF PHOENIX (THE) - BROWN M,IN,46204-1017,Proprietary  ,186,775,961,186,775,961
04051321,ART INSTITUTE OF PHOENIX (THE) - BROWN M,IN,46635-1176,Proprietary  ,90,323,413,90,323,413
04051322,ART INSTITUTE OF PHOENIX (THE) - BROWN M,IN,46805-0000,Proprietary  ,116,362,478,116,362,478
04100300,SUCCESS SCHOOLS                         ,IN,46410-5310,Proprietary  ,35,93,128,35,93,128
04121000,TECHSKILLS - INDIANAPOLIS               ,IN,46240-4302,Proprietary  ,66,171,237,66,171,237
04130900,HONORS BEAUTY COLLEGE                   ,IN,46256-3317,Proprietary  ,64,147,211,64,147,211
04155900,AVEDA FREDRIC'S INSTITUTE               ,IN,46250-4746,Proprietary  ,140,158,298,140,158,298
04166700,REM SPA INC                             ,IN,46013-3136,Proprietary  ,38,73,111,38,73,111
04171700,AVANT GARD THE SCHOOL                   ,IN,46214-6500,Proprietary  ,19,44,63,19,44,63
04172700,SALON PROFESSIONAL ACADEMY (THE)        ,IN,47715-7822,Proprietary  ,80,61,141,80,61,141
04184000,PAUL MITCHELL THE SCHOOL INDIANAPOLIS   ,IN,46227-6252,Proprietary  ,128,170,298,128,170,298
04186600,SALON PROFESSIONAL ACADEMY (THE)        ,IN,46901-6248,Proprietary  ,43,64,107,43,64,107
04205500,LIL LOU'S BARBER COLLEGE                ,IN,46409-2645,Proprietary  ,25,61,86,25,61,86
04230300,EXCEL ACADEMIES OF COSMETOLOGY - MERRILL,IN,46410-5540,Proprietary  ,52,51,103,52,51,103
00190100,ALLEN COUNTY COMMUNITY COLLEGE          ,KS,66749-1607,Public       ,548,383,931,548,383,931
00190200,COWLEY COUNTY COMMUNITY COLLEGE & AREA V,KS,67005-2662,Public       ,715,527,1242,715,527,1242
00190300,BAKER UNIVERSITY                        ,KS,66006-0065,Private      ,983,603,1586,983,603,1586
00190400,BETHANY COLLEGE                         ,KS,67456-1897,Private      ,591,66,657,591,66,657
00190500,BETHEL COLLEGE                          ,KS,67117-8061,Private      ,501,87,588,501,87,588
00190600,BUTLER COUNTY COMMUNITY COLLEGE         ,KS,67042-3280,Public       ,1973,1311,3284,1973,1311,3284
00190700,CENTRAL BAPTIST THEOLOGY SEMINARY       ,KS,66226-3513,Private      ,0,10,10,0,10,10
00190800,CENTRAL CHRISTIAN COLLEGE OF KANSAS     ,KS,67460-5799,Private      ,200,232,432,200,232,432
00190900,CLOUD COUNTY COMMUNITY COLLEGE          ,KS,66901-1002,Public       ,355,310,665,355,310,665
00191000,COFFEYVILLE COMMUNITY COLLEGE           ,KS,67337-5064,Public       ,478,138,616,478,138,616
00191100,COLBY COMMUNITY COLLEGE                 ,KS,67701-4099,Public       ,302,173,475,302,173,475
00191300,DODGE CITY COMMUNITY COLLEGE            ,KS,67801-2399,Public       ,372,186,558,372,186,558
00191400,DONNELLY COLLEGE                        ,KS,66102-4298,Private      ,173,164,337,173,164,337
00191500,FORT HAYS STATE UNIVERSITY              ,KS,67601-4099,Public       ,2930,2891,5821,2930,2891,5821
00191600,FORT SCOTT COMMUNITY COLLEGE            ,KS,66701-3199,Public       ,514,224,738,514,224,738
00191700,BARCLAY COLLEGE                         ,KS,67059-0288,Private      ,71,54,125,71,54,125
00191800,FRIENDS UNIVERSITY                      ,KS,67213-3397,Private      ,884,601,1485,884,601,1485
00191900,GARDEN CITY COMMUNITY COLLEGE           ,KS,67846-6398,Public       ,558,195,753,558,195,753
00192000,HESSTON COLLEGE                         ,KS,67062-2093,Private      ,304,88,392,304,88,392
00192100,HIGHLAND COMMUNITY COLLEGE              ,KS,66035-4062,Public       ,616,440,1056,616,440,1056
00192300,HUTCHINSON COMMUNITY COLLEGE            ,KS,67501-5894,Public       ,1217,779,1996,1217,779,1996
00192400,INDEPENDENCE COMMUNITY COLLEGE          ,KS,67301-0708,Public       ,245,94,339,245,94,339
00192500,KANSAS CITY KANSAS COMMUNITY CLG        ,KS,66112-9978,Public       ,946,1316,2262,946,1316,2262
00192600,PITTSBURG STATE UNIVERSITY              ,KS,66762-7500,Public       ,3451,1086,4537,3451,1086,4537
00192700,EMPORIA STATE UNIVERSITY                ,KS,66801-5415,Public       ,2328,1212,3540,2328,1212,3540
00192800,KANSAS STATE UNIVERSITY                 ,KS,66506-1104,Public       ,12748,3621,16369,12748,3621,16369
00192900,KANSAS WESLEYAN UNIVERSITY              ,KS,67401-6196,Private      ,783,155,938,783,155,938
00193000,LABETTE COMMUNITY COLLEGE               ,KS,67357-4299,Public       ,286,211,497,286,211,497
00193100,MANHATTAN CHRISTIAN COLLEGE             ,KS,66502-4081,Private      ,241,46,287,241,46,287
00193300,MCPHERSON COLLEGE                       ,KS,67460-3899,Private      ,610,86,696,610,86,696
00193600,NEOSHO COUNTY COMMUNITY COLLEGE         ,KS,66720-2699,Public       ,356,352,708,356,352,708
00193700,OTTAWA UNIVERSITY                       ,KS,66067-3399,Private      ,697,723,1420,697,723,1420
00193800,PRATT COMMUNITY COLLEGE                 ,KS,67124-8432,Public       ,269,208,477,269,208,477
00193900,NEWMAN UNIVERSITY                       ,KS,67213-2084,Private      ,822,622,1444,822,622,1444
00194000,SOUTHWESTERN COLLEGE                    ,KS,67156-2499,Private      ,518,415,933,518,415,933
00194300,UNIVERSITY OF ST MARY                   ,KS,66048-5023,Private      ,542,320,862,542,320,862
00194500,STERLING COLLEGE                        ,KS,67579-1533,Private      ,774,82,856,774,82,856
00194600,TABOR COLLEGE                           ,KS,67063-1799,Private      ,591,102,693,591,102,693
00194800,UNIVERSITY OF KANSAS                    ,KS,66045-7535,Public       ,14661,6017,20678,14661,6017,20678
00194900,WASHBURN UNIVERSITY                     ,KS,66621-1110,Public       ,2720,1918,4638,2720,1918,4638
00194901,WASHBURN INSTITUTE OF TECHNOLOGY        ,KS,66604-2199,Public       ,168,318,486,168,318,486
00195000,WICHITA STATE UNIVERSITY                ,KS,67208-0000,Public       ,5777,3206,8983,5777,3206,8983
00460800,BARTON COUNTY COMMUNITY COLLEGE         ,KS,67530-9283,Public       ,457,673,1130,457,673,1130
00526400,FLINT HILLS TECHNICAL COLLEGE           ,KS,66801-5999,Public       ,118,129,247,118,129,247
00526500,NORTH CENTRAL KANSAS TECH COLG          ,KS,67420-0000,Public       ,185,90,275,185,90,275
00526700,NORTHWEST KANSAS TECHNICAL SCHOOL       ,KS,67735-3441,Public       ,161,37,198,161,37,198
00549800,WICHITA AREA TECHNICAL COLLEGE          ,KS,67211-2099,Public       ,305,697,1002,305,697,1002
00549900,SALINA AREA TECHNICAL COLLEGE           ,KS,67401-8195,Public       ,68,96,164,68,96,164
00550000,MANHATTAN AREA TECHNICAL COLLEGE        ,KS,66503-2499,Public       ,184,208,392,184,208,392
00675500,BROWN MACKIE COLLEGE (THE)              ,KS,67401-7307,Proprietary  ,151,590,741,151,590,741
00703200,MID AMERICA NAZARENE UNIVERSITY         ,KS,66062-1899,Private      ,837,513,1350,837,513,1350
00822800,SEWARD CO COMM CO/AREA TECHNICAL SCHOOL ,KS,67905-0000,Public       ,190,113,303,190,113,303
00824400,JOHNSON COUNTY COMMUNITY COLLEGE        ,KS,66210-1299,Public       ,3037,2269,5306,3037,2269,5306
00833200,MARINELLO SCHOOL OF BEAUTY              ,KS,66502-6082,Proprietary  ,15,24,39,15,24,39
00833201,MARINELLO SCHOOL OF BEAUTY - LAWRENCE   ,KS,66046-2743,Proprietary  ,9,18,27,9,18,27
00869423,RASMUSSEN COLLEGE - OVERLAND PARK       ,KS,66210-2786,Proprietary  ,15,84,99,15,84,99
00869424,RASMUSSEN COLLEGE - TOPEKA              ,KS,66606-2339,Proprietary  ,27,150,177,27,150,177
01025600,BENEDICTINE COLLEGE                     ,KS,66002-1499,Private      ,1985,88,2073,1985,88,2073
01043800,HASKELL INDIAN NATIONS UNIVERSITY       ,KS,66046-4800,Public       ,391,233,624,391,233,624
01050300,WICHITA TECHNICAL INSTITUTE             ,KS,67213-1927,Proprietary  ,52,227,279,52,227,279
01050302,WICHITA TECHNICAL INSTITUTE - WTI TOPEKA,KS,66609-1217,Proprietary  ,14,44,58,14,44,58
01050305,WICHITA TECHNICAL INSTITUTE - EAST CAMPU,KS,67208-4243,Proprietary  ,27,105,132,27,105,132
02090700,CLEVELAND CHIROPRACTIC COLLEGE          ,KS,66210-1613,Private      ,27,183,210,27,183,210
02134800,OLD TOWN BARBER AND BEAUTY COLLEGE      ,KS,67211-0000,Proprietary  ,12,34,46,12,34,46
02168900,KANSAS CITY COLLEGE & BIBLE SCHOOL      ,KS,66204-1975,Private      ,4,18,22,4,18,22
02257700,HAYS ACADEMY OF HAIR DESIGN             ,KS,67601-3685,Proprietary  ,20,13,33,20,13,33
02257702,HAYS ACADEMY OF HAIR DESIGN -           ,KS,67401-0000,Proprietary  ,21,18,39,21,18,39
02340700,LABARON HAIRDRESSING ACADEMY            ,KS,66204-0000,Proprietary  ,3,9,12,3,9,12
02590900,WRIGHT CAREER COLLEGE                   ,KS,66212-0000,Private      ,43,647,690,43,647,690
02599709,VATTEROTT COLLEGE - WICHITA             ,KS,67226-1304,Proprietary  ,16,127,143,16,127,143
02603100,XENON INTERNATIONAL ACADEMY             ,KS,67203-5428,Proprietary  ,30,64,94,30,64,94
02606300,PAUL MITCHELL THE SCHOOL WICHITA        ,KS,67226-2803,Proprietary  ,47,61,108,47,61,108
02611005,HERITAGE COLLEGE - WICHITA              ,KS,67210-1879,Proprietary  ,42,140,182,42,140,182
02613000,PINNACLE CAREER INSTITUTE               ,KS,66046-2703,Proprietary  ,20,76,96,20,76,96
03066200,BRYAN COLLEGE                           ,KS,66604-2496,Proprietary  ,13,60,73,13,60,73
03450300,MARINELLO SCHOOL OF BEAUTY              ,KS,66611-1101,Proprietary  ,23,37,60,23,37,60
03450301,MARINELLO SCHOOL OF BEAUTY - WICHITA    ,KS,67207-5148,Proprietary  ,19,33,52,19,33,52
03450302,MARINELLO SCHOOL OF BEAUTY - OVERLAND PA,KS,66212-5451,Proprietary  ,19,40,59,19,40,59
03529300,SIDNEY'S HAIRDRESSING COLLEGE           ,KS,67501-7094,Proprietary  ,9,5,14,9,5,14
04132900,Z HAIR ACADEMY                          ,KS,66046-4040,Proprietary  ,12,10,22,12,10,22
04162700,ERIC FISHER ACADEMY                     ,KS,67212-3376,Proprietary  ,48,58,106,48,58,106
04179600,ENTOURAGE INSTITUTE OF BEAUTY AND ESTHET,KS,66215-3803,Proprietary  ,10,36,46,10,36,46
04205300,MITSU SATO HAIR ACADEMY                 ,KS,66212-1457,Proprietary  ,5,10,15,5,10,15
04209300,PAUL MITCHELL THE SCHOOL - OVERLAND PARK,KS,66212-4050,Proprietary  ,40,43,83,40,43,83
00203300,UNIVERSITY OF MAINE-PRESQUE ISLE        ,ME,04769-2888,Public       ,921,262,1183,921,262,1183
00203600,BATES COLLEGE                           ,ME,04240-6028,Private      ,2742,80,2822,2742,80,2822
00203800,BOWDOIN COLLEGE                         ,ME,04011-8451,Private      ,3515,76,3591,3515,76,3591
00203900,COLBY COLLEGE                           ,ME,04901-8841,Private      ,3251,67,3318,3251,67,3318
00204000,UNIVERSITY OF MAINE-FARMINGTON          ,ME,04938-1990,Public       ,2292,296,2588,2292,296,2588
00204100,UNIVERSITY OF MAINE-FORT KENT           ,ME,04743-1292,Public       ,567,343,910,567,343,910
00204300,HUSSON UNIVERSITY                       ,ME,04401-2999,Private      ,2680,866,3546,2680,866,3546
00204400,MAINE MARITIME ACADEMY                  ,ME,04420-0001,Public       ,1032,141,1173,1032,141,1173
00205000,UNIVERSITY OF NEW ENGLAND               ,ME,04005-9599,Private      ,4215,3010,7225,4215,3010,7225
00205100,SAINT JOSEPH'S COLLEGE                  ,ME,04084-5236,Private      ,1459,592,2051,1459,592,2051
00205200,THOMAS COLLEGE                          ,ME,04901-5097,Private      ,1000,167,1167,1000,167,1167
00205300,UNIVERSITY OF MAINE                     ,ME,04469-0001,Public       ,12685,1965,14650,12685,1965,14650
00205400,UNIVERSITY OF SOUTHERN MAINE            ,ME,04104-0000,Public       ,4819,3335,8154,4819,3335,8154
00205500,UNIVERSITY OF MAINE-MACHIAS             ,ME,04654-1397,Public       ,466,223,689,466,223,689
00458615,KAPLAN UNIVERSITY - PORTLAND            ,ME,04106-2415,Proprietary  ,44,357,401,44,357,401
00458616,KAPLAN UNIVERSITY - LEWISTON            ,ME,04240-0000,Proprietary  ,44,471,515,44,471,515
00458617,KAPLAN UNIVERSITY - AUGUSTA             ,ME,04330-8038,Proprietary  ,66,406,472,66,406,472
00520400,BEAL COLLEGE                            ,ME,04401-6896,Proprietary  ,109,287,396,109,287,396
00527600,CENTRAL MAINE COMMUNITY COLLEGE         ,ME,04210-6498,Public       ,980,917,1897,980,917,1897
00527700,EASTERN MAINE COMMUNITY COLLEGE         ,ME,04401-4280,Public       ,1104,806,1910,1104,806,1910
00552500,SOUTHERN MAINE COMMUNITY  COLLEGE       ,ME,04106-1698,Public       ,2122,1402,3524,2122,1402,3524
00576000,NORTHERN MAINE COMMUNITY COLLEGE        ,ME,04769-2016,Public       ,291,202,493,291,202,493
00630500,CENTRAL MAINE MEDICAL CENTER COLLEGE OF ,ME,04243-9986,Private      ,84,158,242,84,158,242
00676000,UNIVERSITY OF MAINE-AUGUSTA             ,ME,04330-9410,Public       ,1035,2619,3654,1035,2619,3654
00685800,UNITY COLLEGE                           ,ME,04988-9502,Private      ,912,77,989,912,77,989
00903800,MR BERNARD'S SCH HAIR FASHION INC       ,ME,04243-1163,Proprietary  ,1,3,4,1,3,4
00923100,WASHINGTON COUNTY COMMUNITY COLLEGE     ,ME,04619-9704,Public       ,197,120,317,197,120,317
00945900,EMPIRE BEAUTY SCHOOL                    ,ME,04101-3348,Proprietary  ,143,324,467,143,324,467
00982600,KENNEBEC VALLEY  COMMUNITY  COLLEGE     ,ME,04937-1367,Public       ,591,751,1342,591,751,1342
01138500,COLLEGE OF THE ATLANTIC                 ,ME,04609-1105,Private      ,543,65,608,543,65,608
01167300,MAINE COLLEGE OF ART                    ,ME,04101-3987,Private      ,634,123,757,634,123,757
02104400,SPA TECH INSTITUTE                      ,ME,04093-0000,Proprietary  ,44,96,140,44,96,140
02347100,NEW ENGLAND SCHOOL OF COMMUNICATIONS    ,ME,04401-0000,Private      ,127,41,168,127,41,168
02361300,LANDING SCHOOL OF BOATBUILDING & DESIGN ,ME,04046-1490,Private      ,22,14,36,22,14,36
03122900,YORK COUNTY COMMUNITY COLLEGE           ,ME,04090-0529,Public       ,396,425,821,396,425,821
03429300,SEACOAST CAREER SCHOOLS                 ,ME,04073-0000,Proprietary  ,16,62,78,16,62,78
03612300,BIRTHWISE MIDWIFERY SCHOOL              ,ME,04009-1110,Proprietary  ,10,42,52,10,42,52
04177400,CAPILO SCHOOL OF HAIR DESIGN            ,ME,04330-0000,Proprietary  ,41,26,67,41,26,67
04185100,NORTHEAST TECHNICAL INSTITUTE           ,ME,04074-0000,Proprietary  ,37,155,192,37,155,192
04188800,INSTITUTE FOR DOCTORAL STUDIES IN THE VI,ME,04102-0000,Private      ,2,20,22,2,20,22
04214100,COSMOTECH SCHOOL OF COSMETOLOGY         ,ME,04092-2878,Proprietary  ,12,16,28,12,16,28
00209300,ST JOHN'S COLLEGE                       ,NM,87505-4599,Private      ,262,95,357,262,95,357
00264900,SANTA FE UNIVERSITY OF ART AND DESIGN   ,NM,87505-7634,Proprietary  ,966,197,1163,966,197,1163
00265000,UNIVERSITY OF THE SOUTHWEST             ,NM,88240-9129,Private      ,123,245,368,123,245,368
00265100,EASTERN NEW MEXICO UNIV PORTALES        ,NM,88130-6000,Public       ,1641,856,2497,1641,856,2497
00265101,EASTERN NEW MEXICO UNIV-ROSWELL CAM     ,NM,88202-0000,Public       ,350,367,717,350,367,717
00265300,NEW MEXICO HIGHLANDS UNIVERSITY         ,NM,87701-4436,Public       ,1223,961,2184,1223,961,2184
00265400,NEW MEXICO INST OF MINING & TECH        ,NM,87801-4796,Public       ,953,217,1170,953,217,1170
00265500,NEW MEXICO JUNIOR COLLEGE               ,NM,88240-9123,Public       ,300,227,527,300,227,527
00265600,NEW MEXICO MILITARY INSTITUTE           ,NM,88201-5173,Public       ,229,20,249,229,20,249
00265700,NEW MEXICO STATE UNIVERSITY             ,NM,88003-8001,Public       ,7087,3058,10145,7087,3058,10145
00265701,NEW MEXICO STATE UNIV-ALAMOGORDO        ,NM,88311-0000,Public       ,204,303,507,204,303,507
00265702,NEW MEXICO STATE UNIV.-DONA ANA CLG     ,NM,88003-0000,Public       ,1550,1387,2937,1550,1387,2937
00265703,NEW MEXICO STATE UNIV-CARLSBAD          ,NM,88220-0000,Public       ,95,143,238,95,143,238
00265704,NEW MEXICO STATE UNIV-GRANTS            ,NM,87020-0000,Public       ,71,112,183,71,112,183
00266000,SAN JUAN COLLEGE                        ,NM,87402-4699,Public       ,676,1341,2017,676,1341,2017
00266300,THE UNIVERSITY OF NEW MEXICO            ,NM,87131-0001,Public       ,13583,9686,23269,13583,9686,23269
00266400,WESTERN NEW MEXICO UNIVERSITY           ,NM,88061-5417,Public       ,831,733,1564,831,733,1564
00405701,NATIONAL AMERICAN UNIVERSITY            ,NM,87110-0000,Proprietary  ,38,190,228,38,190,228
00474200,CENTRAL NEW MEXICO COMMUNITY COLLEGE    ,NM,87106-4096,Public       ,3811,4784,8595,3811,4784,8595
00474300,CLOVIS COMMUNITY COLLEGE                ,NM,88101-8381,Public       ,246,321,567,246,321,567
00996200,LUNA COMMUNITY COLLEGE                  ,NM,87701-0000,Public       ,167,110,277,167,110,277
01063200,DEWOLFF CLG HAIRSTYLING/COSMETOLOGY     ,NM,87112-4113,Proprietary  ,24,40,64,24,40,64
01300500,OLYMPIAN UNIVERSITY OF COSMETOLOGY      ,NM,88310-5051,Proprietary  ,56,169,225,56,169,225
02083900,NORTHERN NEW MEXICO COLLEGE             ,NM,87530-0000,Public       ,210,200,410,210,200,410
02146400,INSTITUTE OF AMERICAN INDIAN ARTS       ,NM,87508-0000,Public       ,82,131,213,82,131,213
02218808,BROOKLINE COLLEGE - ALBUQUERQUE         ,NM,87105-1649,Proprietary  ,74,179,253,74,179,253
02278100,SANTA FE COMMUNITY COLLEGE              ,NM,87507-0000,Public       ,425,643,1068,425,643,1068
02293203,ATI CAREER TRAINING CENTER - ALBUQUERQUE,NM,87109-2016,Proprietary  ,27,48,75,27,48,75
02357600,NAVAJO TECHNICAL COLLEGE                ,NM,87313-0000,Public       ,99,195,294,99,195,294
02511000,SOUTHWESTERN INDIAN POLYTECH INST       ,NM,87184-0000,Public       ,87,110,197,87,110,197
02572003,COMPUTER CAREER CENTER - LAS CRUCES CAMP,NM,88011-8220,Proprietary  ,42,107,149,42,107,149
02622000,SOUTHWEST ACUPUNCTURE COLLEGE           ,NM,87505-0000,Proprietary  ,4,59,63,4,59,63
03076100,SOUTHWESTERN COLLEGE                    ,NM,87507-0000,Private      ,10,121,131,10,121,131
03206300,MESALANDS COMMUNITY COLLEGE             ,NM,88401-3352,Public       ,54,50,104,54,50,104
03430300,UNIVERSAL THERAPEUTIC MASSAGE INSTITUTE ,NM,87107-4403,Proprietary  ,19,57,76,19,57,76
03678300,PIMA MEDICAL INSTITUTE                  ,NM,87110-0000,Proprietary  ,181,244,425,181,244,425
03944300,MASSAGE THERAPY TRAINING INSTITUTE      ,NM,88007-0000,Proprietary  ,22,32,54,22,32,54
04162400,TONI AND GUY HAIRDRESSING  ACADEMY      ,NM,87110-4404,Proprietary  ,58,75,133,58,75,133
04174500,AVEDA INSTITUTE OF NEW MEXICO (THE)     ,NM,87110-3640,Proprietary  ,70,86,156,70,86,156
04178500,VOGUE COLLEGE OF COSMETOLOGY            ,NM,87505-7636,Proprietary  ,27,24,51,27,24,51
00223400,ADRIAN COLLEGE                          ,MI,49221-2575,Private      ,2445,216,2661,2445,216,2661
00223500,ALBION COLLEGE                          ,MI,49224-1831,Private      ,2061,96,2157,2061,96,2157
00223600,ALMA COLLEGE                            ,MI,48801-1599,Private      ,2228,98,2326,2228,98,2326
00223700,ALPENA COMMUNITY COLLEGE                ,MI,49707-1495,Public       ,650,329,979,650,329,979
00223800,ANDREWS UNIVERSITY                      ,MI,49104-0750,Private      ,1130,532,1662,1130,532,1662
00223900,AQUINAS COLLEGE                         ,MI,49506-1799,Private      ,2202,281,2483,2202,281,2483
00224000,BAY DE NOC COMMUNITY COLLEGE            ,MI,49829-2524,Public       ,663,382,1045,663,382,1045
00224100,CALVIN COLLEGE                          ,MI,49546-4388,Private      ,4268,329,4597,4268,329,4597
00224200,CALVIN THEOLOGICAL SEMINARY             ,MI,49546-4387,Private      ,11,122,133,11,122,133
00224300,CENTRAL MICHIGAN UNIVERSITY             ,MI,48859-0001,Public       ,18788,5475,24263,18788,5475,24263
00224600,CLEARY UNIVERSITY                       ,MI,48105-2659,Private      ,195,211,406,195,211,406
00224800,CRANBROOK ACADEMY OF ART                ,MI,48303-0000,Private      ,26,176,202,26,176,202
00224900,DAVENPORT UNIVERSITY                    ,MI,49503-0000,Private      ,3026,4472,7498,3026,4472,7498
00225100,DELTA COLLEGE                           ,MI,48710-0001,Public       ,3525,2530,6055,3525,2530,6055
00225400,MICHIGAN STATE UNIVERSITY COLLEGE OF LAW,MI,48824-1300,Private      ,238,1277,1515,238,1277,1515
00225900,EASTERN MICHIGAN UNIVERSITY             ,MI,48197-2214,Public       ,14579,6467,21046,14579,6467,21046
00226000,FERRIS STATE UNIVERSITY                 ,MI,49307-2251,Public       ,12385,4326,16711,12385,4326,16711
00226100,CHARLES STEWART MOTT COMMUNITY CLG      ,MI,48503-2089,Public       ,2832,2795,5627,2832,2795,5627
00226200,KETTERING UNIVERSITY                    ,MI,48504-4898,Private      ,2148,253,2401,2148,253,2401
00226300,GLEN OAKS COMMUNITY COLLEGE             ,MI,49032-9784,Public       ,380,251,631,380,251,631
00226400,GOGEBIC COMMUNITY COLLEGE               ,MI,49938-1365,Public       ,396,145,541,396,145,541
00226500,GRACE BIBLE COLLEGE                     ,MI,49509-1998,Private      ,369,351,720,369,351,720
00226600,CORNERSTONE UNIVERSITY                  ,MI,49525-5897,Private      ,1863,750,2613,1863,750,2613
00226700,GRAND RAPIDS COMMUNITY COLLEGE          ,MI,49503-3295,Public       ,6740,3653,10393,6740,3653,10393
00226800,GRAND VALLEY STATE UNIVERSITY           ,MI,49401-9403,Public       ,23079,5203,28282,23079,5203,28282
00226900,GREAT LAKES CHRISTIAN COLLEGE           ,MI,48917-1299,Private      ,97,61,158,97,61,158
00227000,HENRY FORD COMMUNITY COLLEGE            ,MI,48128-1495,Public       ,5024,5012,10036,5024,5012,10036
00227300,HOPE COLLEGE                            ,MI,49423-3607,Private      ,4447,132,4579,4447,132,4579
00227400,JACKSON COMMUNITY COLLEGE               ,MI,49201-8399,Public       ,2259,1546,3805,2259,1546,3805
00227500,KALAMAZOO COLLEGE                       ,MI,49006-3295,Private      ,2044,143,2187,2044,143,2187
00227600,KELLOGG COMMUNITY COLLEGE               ,MI,49017-3397,Public       ,1559,1508,3067,1559,1508,3067
00227700,LAKE MICHIGAN COLLEGE                   ,MI,49022-1899,Public       ,1284,985,2269,1284,985,2269
00227800,LANSING COMMUNITY COLLEGE               ,MI,48933-1293,Public       ,5285,3453,8738,5285,3453,8738
00227900,LAWRENCE TECHNOLOGICAL UNIVERSITY       ,MI,48075-1058,Private      ,1873,531,2404,1873,531,2404
00228200,MADONNA UNIVERSITY                      ,MI,48150-1173,Private      ,1205,1344,2549,1205,1344,2549
00228400,MARYGROVE COLLEGE                       ,MI,48221-2599,Private      ,770,1034,1804,770,1034,1804
00228800,ROCHESTER COLLEGE                       ,MI,48307-2764,Private      ,537,333,870,537,333,870
00229000,MICHIGAN STATE UNIVERSITY               ,MI,48824-1113,Public       ,33521,8394,41915,33521,8394,41915
00229200,MICHIGAN TECHNOLOGICAL UNIV             ,MI,49931-1295,Public       ,5565,518,6083,5565,518,6083
00229300,LAKE SUPERIOR STATE UNIVERSITY          ,MI,49783-1691,Public       ,2197,492,2689,2197,492,2689
00229400,MONROE COUNTY COMMUNITY CLG             ,MI,48161-9746,Public       ,851,632,1483,851,632,1483
00229500,MONTCALM COMMUNITY COLLEGE              ,MI,48885-9723,Public       ,593,511,1104,593,511,1104
00229700,MUSKEGON COMMUNITY COLLEGE              ,MI,49442-1432,Public       ,2034,1106,3140,2034,1106,3140
00229900,NORTH CENTRAL MICHIGAN COLLEGE          ,MI,49770-8740,Public       ,751,454,1205,751,454,1205
00230100,NORTHERN MICHIGAN UNIVERSITY            ,MI,49855-5316,Public       ,6105,1271,7376,6105,1271,7376
00230200,NORTHWESTERN MICHIGAN COLLEGE           ,MI,49686-3061,Public       ,1679,1072,2751,1679,1072,2751
00230301,OAKLAND COMMUNITY COLLEGE - ORCHARD RIDG,MI,48334-4579,Public       ,1862,2005,3867,1862,2005,3867
00230302,OAKLAND COMMUNITY COLLEGE - ROYAL OAK CA,MI,48067-3898,Public       ,2386,2708,5094,2386,2708,5094
00230303,OAKLAND COMMUNITY COLLEGE - SOUTHFIELD C,MI,48075-4793,Public       ,1796,3022,4818,1796,3022,4818
00230304,OAKLAND COMMUNITY COLLEGE - AUBURN HILLS,MI,48323-2845,Public       ,2876,2297,5173,2876,2297,5173
00230305,OAKLAND COMMUNITY COLLEGE - HIGHLAND LAK,MI,48327-4187,Public       ,1374,1394,2768,1374,1394,2768
00230700,OAKLAND UNIVERSITY                      ,MI,48309-4401,Public       ,13470,5166,18636,13470,5166,18636
00230800,OLIVET COLLEGE                          ,MI,49076-9902,Private      ,1357,139,1496,1357,139,1496
00231000,ST. CLAIR COUNTY COMMUNITY COLLEGE      ,MI,48061-0000,Public       ,1231,706,1937,1231,706,1937
00231100,KUYPER COLLEGE                          ,MI,49525-9749,Private      ,279,82,361,279,82,361
00231300,SACRED HEART MAJOR SEMINARY             ,MI,48206-1799,Private      ,21,75,96,21,75,96
00231400,SAGINAW VALLEY STATE UNIV               ,MI,48710-0001,Public       ,8303,2201,10504,8303,2201,10504
00231500,SCHOOLCRAFT COLLEGE                     ,MI,48152-2696,Public       ,3813,3482,7295,3813,3482,7295
00231600,SIENA HEIGHTS UNIVERSITY                ,MI,49221-1796,Private      ,1404,1072,2476,1404,1072,2476
00231700,SOUTHWESTERN MICHIGAN COLLEGE           ,MI,49047-9793,Public       ,1548,677,2225,1548,677,2225
00231800,SPRING ARBOR UNIVERSITY                 ,MI,49283-9984,Private      ,1538,1216,2754,1538,1216,2754
00232200,FINLANDIA UNIVERSITY                    ,MI,49930-1882,Private      ,574,145,719,574,145,719
00232300,UNIVERSITY OF DETROIT MERCY             ,MI,48221-3038,Private      ,2968,1731,4699,2968,1731,4699
00232303,UNIV OF DETROIT MERCY - LAW SCHOOL      ,MI,48226-0000,Private      ,36,340,376,36,340,376
00232330,UNIV OF DETROIT MERCY - DENTAL SCHOOL   ,MI,48208-2576,Private      ,137,342,479,137,342,479
00232500,UNIVERSITY OF MICHIGAN - ANN ARBOR      ,MI,48109-1316,Public       ,32599,8014,40613,32599,8014,40613
00232501,UNIVERSITY OF MICHIGAN-MEDICAL SCH      ,MI,48109-0000,Public       ,238,816,1054,238,816,1054
00232503,UNIVERSITY OF MICHIGAN LAW SCHOOL       ,MI,48109-0000,Public       ,62,1665,1727,62,1665,1727
00232600,UNIVERSITY OF MICHIGAN-DEARBORN         ,MI,48128-2406,Public       ,5754,2896,8650,5754,2896,8650
00232700,UNIVERSITY OF MICHIGAN-FLINT            ,MI,48502-1950,Public       ,4177,3480,7657,4177,3480,7657
00232800,WASHTENAW COMMUNITY COLLEGE             ,MI,48106-0000,Public       ,2757,2663,5420,2757,2663,5420
00232900,WAYNE STATE UNIVERSITY                  ,MI,48202-0000,Public       ,13843,10309,24152,13843,10309,24152
00232901,WAYNE STATE UNIV SCH OF MEDICINE        ,MI,48201-3359,Public       ,497,1333,1830,497,1333,1830
00232902,WAYNE STATE UNIVERSITY - LAW SCHOOL     ,MI,48202-3424,Public       ,106,566,672,106,566,672
00233000,WESTERN MICHIGAN UNIVERSITY             ,MI,49008-3899,Public       ,17433,5454,22887,17433,5454,22887
00233100,WESTERN THEOLOGICAL SEMINARY            ,MI,49423-0000,Private      ,3,78,81,3,78,81
00384256,CONCORDIA UNIVERSITY - WISCONSIN - ANN A,MI,48105-2750,Private      ,827,173,1000,827,173,1000
00407100,WALSH COLLEGE OF ACCT & BUS ADMN        ,MI,48007-7006,Private      ,222,810,1032,222,810,1032
00407200,NORTHWOOD UNIVERSITY                    ,MI,48640-2398,Private      ,1734,820,2554,1734,820,2554
00467300,BAKER COLLEGE - FLINT                   ,MI,48507-5508,Private      ,1317,2306,3623,1317,2306,3623
00467301,BAKER COLLEGE OF CADILLAC               ,MI,49601-0000,Private      ,366,571,937,366,571,937
00467302,BAKER COLLEGE OF CLINTON TOWNSHIP       ,MI,48035-0000,Private      ,691,1452,2143,691,1452,2143
00467303,BAKER COLLEGE OF MUSKEGON               ,MI,49442-0000,Private      ,1232,1087,2319,1232,1087,2319
00467304,BAKER COLLEGE OF OWOSSO                 ,MI,48867-0000,Private      ,740,663,1403,740,663,1403
00467305,BAKER COLLEGE OF AUBURN HILLS           ,MI,48326-0000,Private      ,503,1102,1605,503,1102,1605
00467306,BAKER COLLEGE OF PORT HURON             ,MI,48060-0000,Private      ,228,237,465,228,237,465
00467309,BAKER COLLEGE OF JACKSON                ,MI,49202-0000,Private      ,475,804,1279,475,804,1279
00467311,BAKER COLLEGE-CASS CITY                 ,MI,48726-0000,Private      ,83,106,189,83,106,189
00467313,BAKER COLLEGE - GRADUATE ON-LINE        ,MI,48507-0000,Private      ,204,2141,2345,204,2141,2345
00467317,BAKER COLLEGE-ALLEN PARK                ,MI,48101-0000,Private      ,586,1543,2129,586,1543,2129
00467330,BAKER COLLEGE - CULINARY INSTITUTE OF MI,MI,49440-1246,Private      ,359,101,460,359,101,460
00467343,BAKER COLLEGE - CULINARY INSTITUTE OF MI,MI,48060-0000,Private      ,128,46,174,128,46,174
00467348,BAKER COLLEGE - AUTO DIESEL INSTITUTE OF,MI,48867-0000,Private      ,253,77,330,253,77,330
00469200,DORSEY SCHOOL OF BUSINESS               ,MI,48195-2334,Proprietary  ,33,78,111,33,78,111
00469201,DORSEY SCHOOL OF BUSINESS               ,MI,48184-0000,Proprietary  ,18,63,81,18,63,81
00469202,DORSEY SCHOOL OF BUSINESS               ,MI,48071-0000,Proprietary  ,29,133,162,29,133,162
00469204,DORSEY SCHOOL OF BUSINESS               ,MI,48066-0000,Proprietary  ,41,148,189,41,148,189
00469205,DORSEY BUSINESS SCHOOL - FARMINGTON HILL,MI,48334-3385,Proprietary  ,17,62,79,17,62,79
00469206,DORSEY BUSINESS SCHOOL - ROSEVILLE CULIN,MI,48066-4555,Proprietary  ,43,88,131,43,88,131
00469207,DORSEY BUSINESS SCHOOL - WATERFORD/PONTI,MI,48341-1037,Proprietary  ,23,80,103,23,80,103
00469208,DORSEY BUSINESS SCHOOL - SAGINAW CAMPUS ,MI,48603-5201,Proprietary  ,27,93,120,27,93,120
00469209,DORSEY SCHOOL OF BUSINESS - LANSING     ,MI,48911-5744,Proprietary  ,22,68,90,22,68,90
00469210,DORSEY SCHOOL OF BUSINESS - DEARBORN    ,MI,48228-3858,Proprietary  ,80,189,269,80,189,269
00676800,MID MICHIGAN COMMUNITY COLLEGE          ,MI,48625-9447,Public       ,1276,803,2079,1276,803,2079
00677100,COLLEGE FOR CREATIVE STUDIES            ,MI,48202-4034,Private      ,1437,434,1871,1437,434,1871
00694900,KALAMAZOO VALLEY COMMUNITY COLLEGE      ,MI,49003-4070,Public       ,3025,1999,5024,3025,1999,5024
00717100,KIRTLAND COMMUNITY COLLEGE              ,MI,48653-0000,Public       ,458,545,1003,458,545,1003
00732991,ITT TECHNICAL INSTITUTE                 ,MI,49519-1851,Proprietary  ,171,627,798,171,627,798
00761700,CARNEGIE INSTITUTE                      ,MI,48083-1159,Proprietary  ,18,103,121,18,103,121
00795000,WEST SHORE COMMUNITY COLLEGE            ,MI,49454-0000,Public       ,367,271,638,367,271,638
00817800,EMPIRE BEAUTY SCHOOL                    ,MI,49525-2440,Proprietary  ,169,359,528,169,359,528
00890600,MACOMB COMMUNITY COLLEGE                ,MI,48088-3896,Public       ,6628,4975,11603,6628,4975,11603
00894600,PORT HURON COSMETOLOGY COLLEGE          ,MI,48329-1618,Proprietary  ,7,21,28,7,21,28
00923000,WAYNE COUNTY COMMUNITY CLG-DISTRICT     ,MI,48226-3010,Public       ,3595,7576,11171,3595,7576,11171
00982800,EVEREST INSTITUTE                       ,MI,48033-4400,Proprietary  ,55,273,328,55,273,328
00982801,EVEREST INSTITUTE- DEARBORN             ,MI,48124-1927,Proprietary  ,65,184,249,65,184,249
00982803,EVEREST INSTITUTE - DETROIT             ,MI,48207-4291,Proprietary  ,86,241,327,86,241,327
01047000,KALAMAZOO BEAUTY ACADEMY                ,MI,49002-5220,Proprietary  ,9,16,25,9,16,25
01082700,DAVID PRESSLEY PROF SCH OF COSMTLGY     ,MI,48067-3219,Proprietary  ,45,102,147,45,102,147
01109800,FLINT INSTITUTE OF BARBERING            ,MI,48504-4395,Proprietary  ,15,49,64,15,49,64
01229100,WRIGHT BEAUTY ACADEMY                   ,MI,49015-2696,Proprietary  ,11,34,45,11,34,45
01262700,THOMAS M. COOLEY LAW SCHOOL             ,MI,48901-1586,Private      ,14,822,836,14,822,836
01321800,M J MURPHY BTY CLG MT PLEASANT          ,MI,48858-2502,Proprietary  ,16,25,41,16,25,41
02060300,MICHIGAN INSTITUTE OF AERONAUTICS       ,MI,48188-2533,Proprietary  ,177,109,286,177,109,286
02099700,ROSS MEDICAL EDUCATION CENTER           ,MI,48532-0000,Proprietary  ,93,315,408,93,315,408
02099701,ROSS MEDICAL EDUCATION CENTER-SAGINAW   ,MI,48603-5227,Proprietary  ,25,60,85,25,60,85
02099702,ROSS MEDICAL EDUCATION CENTER-PORT HURON,MI,48060-1958,Proprietary  ,23,20,43,23,20,43
02099703,ROSS MEDICAL EDUCATION CENTER-ROOSEVELT ,MI,49441-4156,Proprietary  ,5,16,21,5,16,21
02100400,EVEREST INSTITUTE                       ,MI,49525-2301,Proprietary  ,33,79,112,33,79,112
02100401,EVEREST INSTITUTE - KALAMAZOO           ,MI,49009-3307,Proprietary  ,21,60,81,21,60,81
02125600,MICHIGAN COLLEGE OF BEAUTY              ,MI,48083-0000,Proprietary  ,54,71,125,54,71,125
02158600,MR BELA'S SCHOOL OF COSMETOLOGY         ,MI,48092-4637,Proprietary  ,14,33,47,14,33,47
02160303,INTERNATIONAL ACADEMY OF DESIGN AND TECH,MI,48083-2160,Proprietary  ,50,83,133,50,83,133
02180100,ROSS MEDICAL EDUCATION CENTER           ,MI,48092-0000,Proprietary  ,75,210,285,75,210,285
02180105,ROSS MEDICAL EDUCATION CENTER-REDFORD   ,MI,48239-1260,Proprietary  ,8,36,44,8,36,44
02198900,MICHIGAN SCHOOL OF PROFESSIONAL PSYCHOLO,MI,48334-4512,Private      ,10,88,98,10,88,98
02209200,TAYLORTOWN SCHOOL OF BEAUTY             ,MI,48180-0000,Proprietary  ,28,57,85,28,57,85
02237800,SPECS HOWARD SCHOOL OF MEDIA ARTS       ,MI,48075-0000,Proprietary  ,218,238,456,218,238,456
02285700,BAYSHIRE BEAUTY ACADEMY                 ,MI,48708-5614,Proprietary  ,17,36,53,17,36,53
02324500,MICHIGAN COLLEGE OF BEAUTY              ,MI,48161-3901,Proprietary  ,30,39,69,30,39,69
02339700,ROSS MEDICAL EDUCATION CENTER           ,MI,48116-0000,Proprietary  ,60,343,403,60,343,403
02339701,ROSS MEDICAL EDUCATION CENTER-ANN ARBOR ,MI,48108-1411,Proprietary  ,20,36,56,20,36,56
02339703,ROSS MEDICAL EDUCATION CENTER - DAVISON ,MI,48423-1751,Proprietary  ,12,27,39,12,27,39
02361500,MICHIGAN BARBER COLLEGE                 ,MI,48204-2244,Private      ,44,129,173,44,129,173
02363800,YESHIVA GEDOLAH OF GREATER DETROIT      ,MI,48237-0000,Private      ,4,0,4,4,0,4
02491000,WEST MI COLG OF BARBERING & BEAUTY      ,MI,49008-0000,Proprietary  ,14,35,49,14,35,49
02531806,PAUL MITCHELL THE SCHOOL -MICHIGAN      ,MI,48313-0000,Proprietary  ,87,91,178,87,91,178
02533600,ROSS MEDICAL EDUCATION CENTER           ,MI,48917-2108,Proprietary  ,56,177,233,56,177,233
02533601,ROSS MEDICAL EDUCATION CENTER - GRAND RA,MI,49546-2430,Proprietary  ,49,79,128,49,79,128
02588200,DOUGLAS J AVEDA INSTITUTE               ,MI,48823-4351,Proprietary  ,315,229,544,315,229,544
02588201,DOUGLAS J AVEDA INSTITUTE - ANN ARBOR   ,MI,48104-2211,Proprietary  ,66,71,137,66,71,137
02595700,HILLSDALE BEAUTY COLLEGE                ,MI,49242-0000,Proprietary  ,40,17,57,40,17,57
02618400,MICHIGAN CAREER & TECHNICAL INST        ,MI,49080-9254,Public       ,153,49,202,153,49,202
03005700,DETROIT BUSINESS INST. DOWNRIVER        ,MI,48193-6761,Proprietary  ,11,48,59,11,48,59
03066600,BAY MILLS COMMUNITY COLLEGE             ,MI,49715-9750,Public       ,122,164,286,122,164,286
03075200,TWIN CITY BEAUTY COLLEGE                ,MI,49085-3305,Proprietary  ,35,39,74,35,39,74
03075201,TWIN CITY BEAUTY COLLEGE - TRAVERSE CITY,MI,49686-5119,Proprietary  ,13,22,35,13,22,35
03090000,SHARP'S ACADEMY OF HAIRSTYLING          ,MI,48439-1838,Proprietary  ,10,11,21,10,11,21
03109700,HOUGHTON LAKE INST OF COSMETOLOGY       ,MI,48629-0669,Proprietary  ,9,19,28,9,19,28
03110300,THE SCHOOL OF CREATIVE HAIR DESIGN      ,MI,49036-1139,Proprietary  ,8,13,21,8,13,21
03124000,NORTHWESTERN TECHNOLOGICAL INST         ,MI,48075-2412,Proprietary  ,23,78,101,23,78,101
03284300,MICHIGAN JEWISH INSTITUTE               ,MI,48237-0000,Private      ,82,34,116,82,34,116
03490300,PAUL MITCHELL THE SCHOOL ESCANABA       ,MI,49829-0000,Proprietary  ,30,18,48,30,18,48
03588300,IRENE'S MYOMASSOLOGY INSTITUTE          ,MI,48033-2404,Proprietary  ,23,84,107,23,84,107
03704300,BLUE WATER COLLEGE OF COSMETOLOGY       ,MI,48040-2093,Proprietary  ,9,5,14,9,5,14
03772300,SAGINAW CHIPPEWA TRIBAL COLLEGE         ,MI,48858-0000,Public       ,18,24,42,18,24,42
03815300,IN SESSION-ARTS OF COSMETOLOGY BEAU     ,MI,48609-0000,Proprietary  ,17,32,49,17,32,49
03907300,PAUL MITCHELL THE SCHOOL GREAT LAKES    ,MI,48060-0000,Proprietary  ,34,23,57,34,23,57
03915300,CAREER QUEST LEARNING CENTER            ,MI,48910-4732,Proprietary  ,38,130,168,38,130,168
03915301,CAREER QUEST LEARNING CENTER - JACKSON  ,MI,49201-2475,Proprietary  ,22,94,116,22,94,116
03915302,CAREER QUEST LEARNING CENTER - KALAMAZOO,MI,49002-1711,Proprietary  ,6,26,32,6,26,32
03968300,LAKEWOOD SCHOOL OF THERAPEUTIC MASSAGE  ,MI,48060-0000,Proprietary  ,6,15,21,6,15,21
03976500,ANN ARBOR INSTITUTE OF MASSAGE THERAPY  ,MI,48103-0000,Proprietary  ,21,32,53,21,32,53
04002400,ECUMENICAL THEOLOGICAL SEMINARY         ,MI,48201-3035,Private      ,4,37,41,4,37,41
04006300,NUVO COLLEGE OF COSMETOLOGY             ,MI,49441-3822,Proprietary  ,11,33,44,11,33,44
04014300,P&A SCHOLARS BEAUTY SCHOOL              ,MI,48204-0000,Proprietary  ,71,188,259,71,188,259
04094300,ROBERT B. MILLER COLLEGE (THE)          ,MI,49017-3306,Private      ,66,161,227,66,161,227
04121100,GALLERY COLLEGE OF BEAUTY (THE)         ,MI,48036-3591,Proprietary  ,14,47,61,14,47,61
04136300,FOCUS:  HOPE INFORMATION TECHNOLOGIES CE,MI,48238-2949,Private      ,61,157,218,61,157,218
04138400,SCHOOL OF DESIGNING ARTS                ,MI,49015-2853,Proprietary  ,26,36,62,26,36,62
04140900,INTERNATIONAL COSMETOLOGY ACADEMY       ,MI,49508-1308,Proprietary  ,26,29,55,26,29,55
04141100,FRENCH ACADEMY OF COSMETOLOGY           ,MI,49456-3207,Proprietary  ,10,14,24,10,14,24
04158400,L'ESPRIT ACADEMY                        ,MI,48150-0000,Proprietary  ,32,39,71,32,39,71
04159300,MARKETTI ACADEMY OF COSMETOLOGY         ,MI,48329-3506,Proprietary  ,21,25,46,21,25,46
04163300,COMPASS COLLEGE OF CINEMATIC ARTS       ,MI,49503-4227,Private      ,128,37,165,128,37,165
04164700,KEWEENAW BAY OJIBWA COMMUNITY COLLEGE   ,MI,49908-0000,Public       ,7,13,20,7,13,20
04183300,ABCOTT INSTITUTE                        ,MI,48075-5227,Proprietary  ,16,37,53,16,37,53
04184700,PROTEGE ACADEMY                         ,MI,48823-8660,Proprietary  ,21,42,63,21,42,63
04207000,SCHOOL OF MISSIONARY AVIATION TECHNOLOGY,MI,48846-7412,Private      ,15,15,30,15,15,30
04211200,BRIGHTON INSTITUTE OF COSMETOLOGY       ,MI,48116-8360,Proprietary  ,11,13,24,11,13,24
04222300,MANTHANO CHRISTIAN COLLEGE              ,MI,48185-1919,Private      ,5,16,21,5,16,21
04230200,EXCEL ACADEMIES OF COSMETOLOGY          ,MI,48085-1300,Proprietary  ,20,19,39,20,19,39
04230400,EXCEL ACADEMIES OF COSMETOLOGY          ,MI,48912-4686,Proprietary  ,21,16,37,21,16,37
04230500,EXCEL ACADEMIES OF COSMETOLOGY          ,MI,49512-1781,Proprietary  ,31,8,39,31,8,39
04231800,PRINCESS BEAUTY SCHOOL                  ,MI,48127-2999,Proprietary  ,35,37,72,35,37,72
00233200,ANOKA-RAMSEY CC-CAMBRIDGE/COONRAPID     ,MN,55433-3499,Public       ,942,957,1899,942,957,1899
00233400,AUGSBURG COLLEGE                        ,MN,55454-1351,Private      ,1822,663,2485,1822,663,2485
00233500,RIVERLAND COMMUNITY COLLEGE             ,MN,55912-1473,Public       ,266,295,561,266,295,561
00233600,BEMIDJI STATE UNIVERSITY                ,MN,56601-2699,Public       ,2336,829,3165,2336,829,3165
00233700,BETHANY LUTHERAN COLLEGE INC            ,MN,56001-6163,Private      ,342,26,368,342,26,368
00233900,CENTRAL LAKES COLG-BRAINERD/STAPLES     ,MN,56401-3900,Public       ,328,313,641,328,313,641
00234000,CARLETON COLLEGE                        ,MN,55057-4001,Private      ,3220,59,3279,3220,59,3279
00234100,COLLEGE OF ST BENEDICT                  ,MN,56374-2099,Private      ,1459,22,1481,1459,22,1481
00234200,ST. CATHERINE UNIVERSITY                ,MN,55105-1789,Private      ,1645,1093,2738,1645,1093,2738
00234300,COLLEGE OF ST SCHOLASTICA               ,MN,55811-4199,Private      ,1508,712,2220,1508,712,2220
00234500,UNIVERSITY OF ST THOMAS                 ,MN,55105-1096,Private      ,5032,1008,6040,5032,1008,6040
00234600,CONCORDIA COLLEGE-MOORHEAD              ,MN,56562-0001,Private      ,1630,80,1710,1630,80,1710
00234700,"CONCORDIA UNIVERSITY, ST PAUL, MN       ",MN,55104-5494,Private      ,951,837,1788,951,837,1788
00235000,VERMILION COMMUNITY COLLEGE             ,MN,55731-1996,Public       ,196,49,245,196,49,245
00235300,GUSTAVUS ADOLPHUS COLLEGE               ,MN,56082-1498,Private      ,2319,57,2376,2319,57,2376
00235400,HAMLINE UNIVERSITY                      ,MN,55104-1284,Private      ,2399,697,3096,2399,697,3096
00235500,HIBBING COMMUNITY COLLEGE               ,MN,55746-3300,Public       ,133,211,344,133,211,344
00235600,ITASCA COMMUNITY COLLEGE                ,MN,55744-3397,Public       ,284,146,430,284,146,430
00235700,LUTHER SEMINARY                         ,MN,55108-0000,Private      ,3,149,152,3,149,152
00235800,MACALESTER COLLEGE                      ,MN,55105-1899,Private      ,2869,79,2948,2869,79,2948
00236000,"MINNESOTA STATE UNIVERSITY, MANKATO     ",MN,56002-0000,Public       ,7034,1580,8614,7034,1580,8614
00236100,MARTIN LUTHER COLLEGE                   ,MN,56073-3965,Private      ,366,15,381,366,15,381
00236200,MINNEAPOLIS COMM AND TECH COLLEGE       ,MN,55403-1779,Public       ,1099,1923,3022,1099,1923,3022
00236500,MINNEAPOLIS COLLEGE OF ART & DESIGN     ,MN,55404-4343,Private      ,685,255,940,685,255,940
00236600,CROSSROADS COLLEGE                      ,MN,55902-2382,Private      ,33,14,47,33,14,47
00236700,MINNESOTA STATE UNIVERSITY MOORHEAD     ,MN,56563-0001,Public       ,2209,743,2952,2209,743,2952
00236900,NORTH CENTRAL UNIVERSITY                ,MN,55404-1391,Private      ,590,162,752,590,162,752
00237000,NORTH HENNEPIN COMMUNITY COLLEGE        ,MN,55445-2299,Public       ,833,1182,2015,833,1182,2015
00237100,UNIVERSITY OF NORTHWESTERN- ST PAUL     ,MN,55113-1598,Private      ,1218,200,1418,1218,200,1418
00237300,ROCHESTER COMMUNITY/TECH COLLEGE        ,MN,55904-4999,Public       ,756,717,1473,756,717,1473
00237500,SOUTHWEST MINNESOTA STATE UNIVERSITY    ,MN,56258-1598,Public       ,1289,278,1567,1289,278,1567
00237700,ST CLOUD STATE UNIVERSITY               ,MN,56301-4498,Public       ,4705,1429,6134,4705,1429,6134
00237900,SAINT JOHNS UNIVERSITY                  ,MN,56321-0000,Private      ,1241,42,1283,1241,42,1283
00238000,SAINT MARY'S UNIVERSITY                 ,MN,55987-1399,Private      ,1316,843,2159,1316,843,2159
00238200,ST OLAF COLLEGE                         ,MN,55057-1098,Private      ,3172,101,3273,3172,101,3273
00238300,CROWN COLLEGE                           ,MN,55375-9001,Private      ,463,177,640,463,177,640
00238500,NORTHLAND COMMUNITY & TECHNICAL CLG     ,MN,56701-2598,Public       ,331,333,664,331,333,664
00238600,UNITED THEOLGCL SEMINRY TWIN CITIES     ,MN,55112-0000,Private      ,2,20,22,2,20,22
00238800,"UNIVERSITY OF MINNESOTA, DULUTH         ",MN,55812-2496,Public       ,5440,791,6231,5440,791,6231
00238900,"UNIVERSITY OF MINNESOTA, MORRIS         ",MN,56267-2113,Public       ,1479,122,1601,1479,122,1601
00239100,WILLIAM MITCHELL COLLEGE OF LAW         ,MN,55105-0000,Private      ,2,374,376,2,374,376
00239300,MINNESOTA STATE COLLEGE-SE TECH         ,MN,55987-0409,Public       ,201,251,452,201,251,452
00239400,WINONA STATE UNIVERSITY                 ,MN,55987-5838,Public       ,3886,479,4365,3886,479,4365
00396900,UNIVERSITY OF MINNESOTA-TWIN CITIES     ,MN,55455-0422,Public       ,23978,6917,30895,23978,6917,30895
00400900,MESABI RANGE CMNTY & TECH COLLEGE       ,MN,55792-0000,Public       ,124,105,229,124,105,229
00405708,NATIONAL AMERICAN UNIVERSITY            ,MN,55113-0000,Proprietary  ,6,67,73,6,67,73
00405715,NATIONAL AMERICAN UNIVERSITY - BLOOMINGT,MN,55425-5550,Proprietary  ,7,117,124,7,117,124
00406900,UNIVERSITY OF MINNESOTA-CROOKSTON       ,MN,56716-5001,Public       ,583,327,910,583,327,910
00438600,VETERAN'S MEDICAL CTR- SCH RAD TECH     ,MN,55417-2399,Public       ,3,8,11,3,8,11
00464100,DUNWOODY COLLEGE OF TECHNOLOGY          ,MN,55403-1192,Private      ,245,250,495,245,250,495
00464200,GLOBE UNIVERSITY                        ,MN,55125-5408,Proprietary  ,201,580,781,201,580,781
00464500,MINNEAPOLIS BUSINESS COLLEGE            ,MN,55113-4036,Proprietary  ,96,74,170,96,74,170
00464600,MINNESOTA SCHOOL OF BUSINESS            ,MN,55423-0000,Proprietary  ,128,383,511,128,383,511
00525200,RIDGEWATER COLLEGE                      ,MN,56201-2098,Public       ,563,352,915,563,352,915
00526300,MINNESOTA WEST CMNTY & TECH COLG        ,MN,56241-1096,Public       ,233,249,482,233,249,482
00553300,"SAINT PAUL COLLEGE, COMMUNITY/TECHNICAL ",MN,55102-1800,Public       ,1082,1445,2527,1082,1445,2527
00553400,SAINT CLOUD TECHNICAL COLLEGE AND COMMUN,MN,56303-1240,Public       ,780,560,1340,780,560,1340
00553500,PINE TECHNICAL COLLEGE                  ,MN,55063-2198,Public       ,70,133,203,70,133,203
00553700,SOUTH CENTRAL COLLEGE                   ,MN,56003-0000,Public       ,451,422,873,451,422,873
00554100,MINNESOTA STATE COMMUNITY AND TECHNICAL ,MN,56573-1405,Public       ,501,623,1124,501,623,1124
00554400,ALEXANDRIA TECHNICAL COLLEGE            ,MN,56308-3799,Public       ,403,199,602,403,199,602
00575700,LAKE SUPERIOR COLLEGE                   ,MN,55811-3399,Public       ,502,521,1023,502,521,1023
00575900,NORTHWEST TECHNICAL COLLEGE - BEMIDJI   ,MN,56601-4907,Public       ,113,221,334,113,221,334
00677500,RAINY RIVER COMMUNITY COLLEGE           ,MN,56649-2187,Public       ,45,25,70,45,25,70
00735000,ANOKA-HENNEPIN TECHNICAL COLLEGE        ,MN,55303-1590,Public       ,250,467,717,250,467,717
00735100,BROWN COLLEGE                           ,MN,55120-1004,Proprietary  ,28,102,130,28,102,130
00795400,NORMANDALE COMMUNITY COLLEGE            ,MN,55431-4399,Public       ,1621,1400,3021,1621,1400,3021
00869400,RASMUSSEN COLLEGE - ST. CLOUD           ,MN,56301-3713,Proprietary  ,53,323,376,53,323,376
00869401,RASMUSSEN COLLEGE - BROOKLYN PARK       ,MN,55445-1512,Proprietary  ,28,255,283,28,255,283
00869406,RASMUSSEN COLLEGE - EAGAN               ,MN,55122-1346,Proprietary  ,37,267,304,37,267,304
00869407,RASMUSSEN COLLEGE - BLOOMINGTON         ,MN,55435-5444,Proprietary  ,51,422,473,51,422,473
00869409,RASMUSSEN COLLEGE - MANKATO             ,MN,56001-8658,Proprietary  ,63,257,320,63,257,320
00869412,RASMUSSEN COLLEGE - LAKE ELMO           ,MN,55042-8624,Proprietary  ,27,174,201,27,174,201
00869416,RASMUSSEN COLLEGE - MOORHEAD            ,MN,56560-4513,Proprietary  ,46,158,204,46,158,204
00869417,RASMUSSEN COLLEGE - BLAINE              ,MN,55014-0000,Proprietary  ,36,280,316,36,280,316
00905800,BETHEL UNIVERSITY                       ,MN,55112-6999,Private      ,1698,530,2228,1698,530,2228
00960000,COSMETOLOGY CAREERS UNLTD-DULUTH        ,MN,55802-2031,Proprietary  ,7,10,17,7,10,17
00974000,INVER HILLS COMMUNITY COLLEGE           ,MN,55076-3224,Public       ,738,978,1716,738,978,1716
00983100,MODEL COLLEGE OF HAIR DESIGN            ,MN,56301-4280,Proprietary  ,18,16,34,18,16,34
00989200,"DULUTH BUSINESS UNIV, INC.              ",MN,55807-0000,Proprietary  ,25,84,109,25,84,109
00999200,OAK HILLS CHRISTIAN COLLEGE             ,MN,56601-0000,Private      ,68,33,101,68,33,101
01024800,ART INSTITUTES INTL MINNESOTA           ,MN,55402-3137,Proprietary  ,291,207,498,291,207,498
01037400,METROPOLITAN STATE UNIVERSITY           ,MN,55106-5000,Public       ,906,2295,3201,906,2295,3201
01040200,DAKOTA COUNTY TECHNICAL COLLEGE         ,MN,55068-2999,Public       ,343,397,740,343,397,740
01049000,REGENCY BEAUTY INSTITUTE                ,MN,55428-0000,Proprietary  ,617,1083,1700,617,1083,1700
01049100,HENNEPIN TECHNICAL COLLEGE              ,MN,55445-2399,Public       ,451,1074,1525,451,1074,1525
01054600,CENTURY COLLEGE                         ,MN,55110-1894,Public       ,1282,1426,2708,1282,1426,2708
01173200,"MAYO CLINIC, COLLEGE OF MEDICINE        ",MN,55905-0000,Private      ,27,257,284,27,257,284
01173201,MAYO SCHOOL OF HEALTH-RELATED SCIEN     ,MN,55905-0000,Private      ,40,93,133,40,93,133
01173206,MAYO GRAD SCHOOL                        ,MN,55901-0000,Private      ,1,20,21,1,20,21
01173207,MAYO MEDICAL SCHOOL                     ,MN,55901-0000,Private      ,13,110,123,13,110,123
01232800,NORTHWESTERN HEALTH SCIENCES UNIV       ,MN,55431-1599,Private      ,29,184,213,29,184,213
02050300,ACADEMY COLLEGE                         ,MN,55420-1554,Proprietary  ,16,23,39,16,23,39
02097300,HASTINGS BEAUTY SCHOOL                  ,MN,55033-1205,Proprietary  ,3,8,11,3,8,11
02123200,AVEDA INSTITUTE                         ,MN,55414-0000,Proprietary  ,133,136,269,133,136,269
02159800,COSMETOLOGY CAREERS UNLTD - HIBBING     ,MN,55746-0000,Proprietary  ,1,8,9,1,8,9
02160901,PCI ACADEMY - PCI ACADEMY               ,MN,55446-4928,Proprietary  ,15,31,46,15,31,46
02238100,MINNESOTA SCHOOL OF COSMETOLOGY         ,MN,55125-0000,Proprietary  ,32,70,102,32,70,102
02260500,SUMMIT ACAD OPPORTUNITIES IND CTR       ,MN,55405-0000,Private      ,11,79,90,11,79,90
02504200,WALDEN UNIVERSITY                       ,MN,55401-2511,Proprietary  ,94,17256,17350,94,17256,17350
02514100,AMERICAN INDIAN OPPORTUNITIES CTR       ,MN,55404-0000,Private      ,5,22,27,5,22,27
03001200,MCNALLY SMITH COLLEGE OF MUSIC          ,MN,55101-2220,Proprietary  ,262,77,339,262,77,339
03051900,ALFRED ADLER GRADUATE SCHOOL            ,MN,55305-0000,Private      ,1,70,71,1,70,71
03096400,LEECH LAKE TRIBAL COLLEGE               ,MN,56633-0000,Public       ,5,53,58,5,53,58
03129100,FOND DU LAC TRIBAL & COMMUNITY CLG      ,MN,55720-2984,Public       ,113,136,249,113,136,249
03267300,CAPELLA UNIVERSITY                      ,MN,55402-3389,Proprietary  ,143,16676,16819,143,16676,16819
03833300,AMERICAN ACADEMY OF ACUPUNCTURE AND ORIE,MN,55113-0000,Proprietary  ,1,14,15,1,14,15
03921400,WHITE EARTH TRIBAL AND COMMUNITY COLLEGE,MN,56557-0478,Private      ,3,23,26,3,23,26
04044300,HAZELDEN GRADUATE SCHOOL OF ADDICTION ST,MN,55012-0000,Private      ,1,59,60,1,59,60
04130200,INST. OF PRODUCTION AND RECORDING       ,MN,55401-1315,Proprietary  ,92,59,151,92,59,151
04148800,CENTERPOINT MASSAGE & SHIATSU THERAPY SC,MN,55414-4525,Proprietary  ,5,25,30,5,25,30
04157600,NOVA ACADEMY OF COSMETOLOGY             ,MN,55906-4103,Proprietary  ,2,8,10,2,8,10
04160500,AVALON SCHOOL OF COSMETOLOGY            ,MN,56187-1930,Proprietary  ,9,10,19,9,10,19
04174400,ROCHESTER SCHOOL OF HAIR DESIGN         ,MN,55901-4310,Proprietary  ,6,10,16,6,10,16
04175600,PARK AVENUE SCHOOL OF COSMETOLOGY       ,MN,56470-3361,Proprietary  ,3,16,19,3,16,19
04227800,BETHANY GLOBAL UNIVERSITY               ,MN,55438-2849,Private      ,61,8,69,61,8,69
00239600,ALCORN STATE UNIVERSITY                 ,MS,39096-7500,Public       ,2296,1056,3352,2296,1056,3352
00239700,BELHAVEN UNIVERSITY                     ,MS,39202-1789,Private      ,1210,1662,2872,1210,1662,2872
00239800,BLUE MOUNTAIN COLLEGE                   ,MS,38610-9370,Private      ,258,103,361,258,103,361
00240100,COAHOMA COMMUNITY COLLEGE               ,MS,38614-9799,Public       ,576,412,988,576,412,988
00240200,COPIAH-LINCOLN COMMUNITY COLLEGE        ,MS,39191-0649,Public       ,751,478,1229,751,478,1229
00240300,DELTA STATE UNIVERSITY                  ,MS,38733-0000,Public       ,1767,806,2573,1767,806,2573
00240400,EAST CENTRAL COMMUNITY COLLEGE          ,MS,39327-0129,Public       ,930,426,1356,930,426,1356
00240500,EAST MISSISSIPPI COMM COLLEGE           ,MS,39358-0000,Public       ,1165,643,1808,1165,643,1808
00240700,HINDS COMMUNITY COLLEGE                 ,MS,39154-9799,Public       ,2721,2300,5021,2721,2300,5021
00240800,HOLMES COMMUNITY COLLEGE                ,MS,39079-0000,Public       ,1432,1426,2858,1432,1426,2858
00240900,ITAWAMBA COMMUNITY COLLEGE              ,MS,38843-1099,Public       ,1464,703,2167,1464,703,2167
00241000,JACKSON STATE UNIVERSITY                ,MS,39217-0001,Public       ,5453,2944,8397,5453,2944,8397
00241100,JONES COUNTY JUNIOR COLLEGE             ,MS,39437-3999,Public       ,1678,736,2414,1678,736,2414
00241300,MERIDIAN COMMUNITY COLLEGE              ,MS,39307-5890,Public       ,737,593,1330,737,593,1330
00241400,MILLSAPS COLLEGE                        ,MS,39201-0000,Private      ,1207,230,1437,1207,230,1437
00241500,MISSISSIPPI COLLEGE                     ,MS,39058-0001,Private      ,1697,976,2673,1697,976,2673
00241501,MISSISSIPPI COLLEGE - SCHOOL OF LAW     ,MS,39201-1391,Private      ,47,229,276,47,229,276
00241600,MISSISSIPPI DELTA CMTY COLLEGE          ,MS,38761-0000,Public       ,738,485,1223,738,485,1223
00241700,MISSISSIPPI GULF CST CLG-PERKINSTON     ,MS,39573-0000,Public       ,2005,1676,3681,2005,1676,3681
00242200,MISSISSIPPI UNIV FOR WOMEN              ,MS,39701-5818,Public       ,886,741,1627,886,741,1627
00242300,MISSISSIPPI STATE UNIVERSITY            ,MS,39762-9698,Public       ,11401,2738,14139,11401,2738,14139
00242400,MISSISSIPPI VALLEY STATE UNIVERSITY     ,MS,38941-1400,Public       ,1596,803,2399,1596,803,2399
00242600,NORTHEAST MS CMNTY COLLEGE              ,MS,38829-1731,Public       ,1188,473,1661,1188,473,1661
00242700,NORTHWEST MISSISSIPPI COMMUNITY CLG     ,MS,38668-1703,Public       ,2668,1571,4239,2668,1571,4239
00243000,PEARL RIVER COMMUNITY COLLEGE           ,MS,39470-2201,Public       ,1338,803,2141,1338,803,2141
00243300,RUST COLLEGE                            ,MS,38635-2328,Private      ,794,293,1087,794,293,1087
00243500,SOUTHEASTERN BAPTIST COLLEGE            ,MS,39440-0000,Private      ,5,11,16,5,11,16
00243600,SOUTHWEST MISSISSIPPI CMNTY CLG         ,MS,39666-8099,Public       ,480,294,774,480,294,774
00243900,TOUGALOO COLLEGE                        ,MS,39174-9799,Private      ,729,264,993,729,264,993
00244000,UNIVERSITY OF MISSISSIPPI               ,MS,38677-1848,Public       ,11175,2468,13643,11175,2468,13643
00244001,UNIVERSITY OF MISSISSIPPI - MED CTR     ,MS,39216-0000,Public       ,416,1065,1481,416,1065,1481
00244100,UNIVERSITY OF SOUTHERN MISSISSIPPI      ,MS,39406-0001,Public       ,6827,3912,10739,6827,3912,10739
00244700,WILLIAM CAREY UNIVERSITY                ,MS,39401-5499,Private      ,952,1288,2240,952,1288,2240
00489809,MCCANN SCHOOL OF BUSINESS & TECHNOLOGY -,MS,39503-3167,Proprietary  ,10,68,78,10,68,78
01289101,ANTONELLI COLLEGE - JACKSON             ,MS,39232-9514,Proprietary  ,42,328,370,42,328,370
01289102,ANTONELLI COLLEGE - HATTIESBURG         ,MS,39401-3056,Proprietary  ,44,205,249,44,205,249
02074900,CHRIS' BEAUTY COLLEGE                   ,MS,39501-0000,Proprietary  ,6,37,43,6,37,43
02160500,NORTH MISSISSIPPI MED CTR MED TECH      ,MS,38801-0000,Private      ,14,36,50,14,36,50
02235900,ACADEMY OF HAIR DESIGN #4               ,MS,39208-0000,Proprietary  ,12,31,43,12,31,43
02244300,ACADEMY OF HAIR DESIGN #1               ,MS,39204-5008,Proprietary  ,25,93,118,25,93,118
02244305,ACADEMY OF HAIR DESIGN #1-ACADEMY OF HAI,MS,38901-5108,Proprietary  ,13,25,38,13,25,38
02249900,DELTA BEAUTY COLLEGE                    ,MS,38701-0000,Proprietary  ,10,25,35,10,25,35
02251600,ACADEMY OF HAIR DESIGN #6               ,MS,39401-7581,Proprietary  ,21,61,82,21,61,82
02251700,FOSTER'S COSMETOLOGY COLLEGE            ,MS,38663-0000,Proprietary  ,3,7,10,3,7,10
02302800,MISSISSIPPI COLLEGE OF BEAUTY CULT      ,MS,39440-0000,Proprietary  ,11,28,39,11,28,39
02320800,MAGNOLIA COLLEGE OF COSMETOLOGY         ,MS,39206-0000,Proprietary  ,25,79,104,25,79,104
02502100,CREATIONS COLLEGE OF COSMETOLOGY        ,MS,38803-0000,Proprietary  ,10,24,34,10,24,34
02516200,WESLEY BIBLICAL SEMINARY                ,MS,39206-0000,Private      ,1,34,35,1,34,35
02586000,J & J HAIR DESIGN COLLEGE               ,MS,39051-3716,Proprietary  ,7,18,25,7,18,25
03010603,VIRGINIA COLLEGE - JACKSON              ,MS,39206-5602,Proprietary  ,34,210,244,34,210,244
03010610,VIRGINIA COLLEGE - BILOXI               ,MS,39532-2124,Proprietary  ,31,160,191,31,160,191
03032400,KC'S SCHOOL OF HAIR DESIGN              ,MS,38863-0000,Proprietary  ,7,16,23,7,16,23
03263300,TRAXLER'S SCHOOL OF HAIR                ,MS,39212-2529,Proprietary  ,6,13,19,6,13,19
03294305,BLUE CLIFF COLLEGE - GULFPORT           ,MS,39503-0000,Proprietary  ,26,99,125,26,99,125
03464300,ACADEMY OF HAIR DESIGN                  ,MS,39562-0000,Proprietary  ,5,14,19,5,14,19
03848300,DAY SPA CAREER COLLEGE                  ,MS,39564-0000,Proprietary  ,5,23,28,5,23,28
03963300,HEALING TOUCH CAREER COLLEGE            ,MS,39402-1300,Proprietary  ,14,87,101,14,87,101
04131300,CORINTH ACADEMY OF COSMETOLOGY          ,MS,38834-4813,Proprietary  ,10,30,40,10,30,40
04140200,"MISSISSIPPI INSTITUTE OF AESTHETICS, NAI",MS,39056-5628,Proprietary  ,11,25,36,11,25,36
00252600,CARROLL COLLEGE                         ,MT,59625-0002,Private      ,2168,156,2324,2168,156,2324
00252700,UNIVERSITY OF GREAT FALLS               ,MT,59405-4996,Private      ,807,232,1039,807,232,1039
00252800,MILES COMMUNITY COLLEGE                 ,MT,59301-4799,Public       ,159,98,257,159,98,257
00252900,DAWSON COMMUNITY COLLEGE                ,MT,59330-1405,Public       ,114,43,157,114,43,157
00253000,MONTANA STATE UNIVERSITY - BILLINGS     ,MT,59101-0298,Public       ,1776,1256,3032,1776,1256,3032
00253100,MONTANA TECH OF THE UNIV OF MONTANA     ,MT,59701-8997,Public       ,1172,589,1761,1172,589,1761
00253200,MONTANA STATE UNIVERSITY - BOZEMAN      ,MT,59717-4160,Public       ,10714,2398,13112,10714,2398,13112
00253300,MONTANA STATE UNIVERSITY-NORTHERN       ,MT,59501-3148,Public       ,548,293,841,548,293,841
00253400,ROCKY MOUNTAIN COLLEGE                  ,MT,59102-1796,Private      ,970,205,1175,970,205,1175
00253600,UNIVERSITY OF MONTANA (THE)             ,MT,59812-0001,Public       ,6440,3781,10221,6440,3781,10221
00253700,UNIVERSITY OF MONTANA WESTERN (THE)     ,MT,59725-3598,Public       ,1063,263,1326,1063,263,1326
00677700,FLATHEAD VALLEY COMMUNITY COLLEGE       ,MT,59901-2699,Public       ,550,603,1153,550,603,1153
00757000,HELENA COLLEGE OF TECHNOLOGY            ,MT,59601-3098,Public       ,289,383,672,289,383,672
00790000,BUTTE ACADEMY OF BEAUTY CULTURE         ,MT,59701-9197,Proprietary  ,8,9,17,8,9,17
00931400,GREAT FALLS COLLEGE MONTANA STATE UNIVER,MT,59405-4907,Public       ,381,607,988,381,607,988
02143400,SALISH KOOTENAI COLLEGE                 ,MT,59855-0000,Public       ,188,292,480,188,292,480
02286600,LITTLE BIG HORN COLLEGE                 ,MT,59022-0000,Public       ,59,44,103,59,44,103
02343000,FT PECK COMMUNITY COLLEGE               ,MT,59255-0000,Public       ,22,49,71,22,49,71
02510600,BLACKFEET COMMUNITY COLLEGE             ,MT,59417-0000,Private      ,78,107,185,78,107,185
02517500,FORT BELKNAP COLLEGE                    ,MT,59526-0000,Public       ,24,34,58,24,34,58
02545200,CHIEF DULL KNIFE COLLEGE                ,MT,59043-0098,Public       ,35,42,77,35,42,77
02610900,STONE CHILD COLLEGE                     ,MT,59521-9796,Public       ,45,45,90,45,45,90
02621300,ACADEMY OF COSMETOLOGY                  ,MT,59715-3544,Proprietary  ,32,18,50,32,18,50
03205300,MODERN BEAUTY SCHOOL                    ,MT,59801-8386,Proprietary  ,27,19,46,27,19,46
03763400,"ACADEMY OF NAIL, SKIN & HAIR            ",MT,59101-0000,Proprietary  ,37,39,76,37,39,76
03778300,HEALTH WORKS INSTITUTE                  ,MT,59715-0000,Proprietary  ,22,45,67,22,45,67
04163700,BITTERROOT SCHOOL OF COSMETOLOGY        ,MT,59840-3118,Proprietary  ,5,11,16,5,11,16
04164100,MONTANA ACADEMY OF SALON                ,MT,59405-0000,Proprietary  ,21,28,49,21,28,49
04187700,CREVIER'S SCHOOL OF COSMETOLOGY         ,MT,59901-4402,Proprietary  ,20,40,60,20,40,60
00253900,CHADRON STATE COLLEGE                   ,NE,69337-2690,Public       ,1080,442,1522,1080,442,1522
00254000,COLLEGE OF ST MARY                      ,NE,68106-2606,Private      ,374,437,811,374,437,811
00254100,CONCORDIA UNIVERSITY                    ,NE,68434-1594,Private      ,1076,371,1447,1076,371,1447
00254200,CREIGHTON UNIVERSITY                    ,NE,68178-0001,Private      ,5367,2839,8206,5367,2839,8206
00254400,DOANE COLLEGE                           ,NE,68333-2421,Private      ,1133,369,1502,1133,369,1502
00254700,GRACE UNIVERSITY                        ,NE,68108-3629,Private      ,192,123,315,192,123,315
00254800,HASTINGS COLLEGE                        ,NE,68901-7621,Private      ,982,103,1085,982,103,1085
00255100,UNIVERSITY OF NEBRASKA AT KEARNEY       ,NE,68849-0001,Public       ,2798,756,3554,2798,756,3554
00255200,MCCOOK COMMUNITY COLLEGE                ,NE,69001-2631,Public       ,23,17,40,23,17,40
00255300,MIDLAND UNIVERSITY                      ,NE,68025-4254,Private      ,1020,138,1158,1020,138,1158
00255400,UNIVERSITY OF NEBRASKA-OMAHA            ,NE,68182-0001,Public       ,6280,3145,9425,6280,3145,9425
00255500,NEBRASKA WESLEYAN UNIVERSITY            ,NE,68504-2796,Private      ,1259,343,1602,1259,343,1602
00255700,MID-PLAINS COMM. COLLEGE-ALL CAMPUSES   ,NE,69101-9420,Public       ,276,220,496,276,220,496
00255900,PERU STATE COLLEGE                      ,NE,68421-0010,Public       ,742,363,1105,742,363,1105
00256000,WESTERN NEBRASKA COMMUNITY COLLEGE      ,NE,69361-1815,Public       ,397,265,662,397,265,662
00256300,UNION COLLEGE                           ,NE,68506-4387,Private      ,464,183,647,464,183,647
00256500,UNIVERSITY OF NEBRASKA-LINCOLN          ,NE,68588-0419,Public       ,11472,2499,13971,11472,2499,13971
00256596,UNIVERSITY OF NEBRASKA - CURTIS         ,NE,69025-9522,Public       ,179,17,196,179,17,196
00256600,WAYNE STATE COLLEGE                     ,NE,68787-1172,Public       ,1954,328,2282,1954,328,2282
00256700,YORK COLLEGE                            ,NE,68467-2699,Private      ,169,36,205,169,36,205
00443600,REGNL WST MEDCL CTR SCHL RAD            ,NE,69361-0000,Private      ,10,7,17,10,7,17
00458608,KAPLAN UNIVERSITY - OMAHA               ,NE,68134-1002,Proprietary  ,62,461,523,62,461,523
00458609,KAPLAN UNIVERSITY - LINCOLN             ,NE,68508-2668,Proprietary  ,39,360,399,39,360,399
00639900,BRYANLGH COLLEGE OF HEALTH SCIENCES     ,NE,68506-1398,Private      ,224,183,407,224,183,407
00640400,NEBR METHODIST CLG OF NURS ALLD HLTH    ,NE,68114-2852,Private      ,268,373,641,268,373,641
00689500,UNIVERSITY OF NEBRASKA-MED CTR          ,NE,68198-4265,Public       ,431,1277,1708,431,1277,1708
00750100,VATTEROTT COLLEGE                       ,NE,68137-1237,Proprietary  ,14,69,83,14,69,83
00849200,ALEGENT HEALTH SCHOOLS                  ,NE,68114-2767,Private      ,47,90,137,47,90,137
00952300,BAHNER COLLEGE OF HAIRSTYLING           ,NE,68025-3297,Proprietary  ,3,13,16,3,13,16
00961700,CAPITOL BEAUTY SCHOOL                   ,NE,68144-0000,Proprietary  ,48,53,101,48,53,101
00974300,BELLEVUE UNIVERSITY                     ,NE,68005-0000,Private      ,312,2547,2859,312,2547,2859
00986200,CLARKSON COLLEGE                        ,NE,68131-2739,Private      ,320,538,858,320,538,858
01151900,JOSEPH'S COLLEGE OF BEAUTY/ALL CAMPUSES ,NE,68510-2226,Proprietary  ,61,69,130,61,69,130
01166700,NORTHEAST COMMUNITY COLLEGE             ,NE,68702-0000,Public       ,1034,383,1417,1034,383,1417
01258600,METROPOLITAN COMMUNITY COLLEGE          ,NE,68103-0000,Public       ,2260,3750,6010,2260,3750,6010
01297600,NEBRASKA CHRISTIAN COLLEGE              ,NE,68046-4256,Private      ,52,16,68,52,16,68
02079700,COLLEGE OF HAIR DESIGN                  ,NE,68508-0000,Proprietary  ,46,43,89,46,43,89
02099500,CENTRAL COMMUNITY COLLEGE-ALL CAMPUSES  ,NE,68801-7299,Public       ,899,657,1556,899,657,1556
02508300,SOUTHEAST COMM. COLLEGE-ALL CAMPUSES    ,NE,68520-0000,Public       ,1862,1724,3586,1862,1724,3586
02550800,NEBRASKA INDIAN COMMUNITY COLLEGE       ,NE,68039-0000,Public       ,11,23,34,11,23,34
02610500,XENON INTERNATIONAL ACADEMY II          ,NE,68127-3522,Proprietary  ,72,75,147,72,75,147
03164300,THE CREATIVE CENTER                     ,NE,68164-2911,Proprietary  ,46,30,76,46,30,76
03279300,MYOTHERAPY INSTITUTE                    ,NE,68516-0000,Proprietary  ,9,20,29,9,20,29
03323300,LITTLE PRIEST TRIBAL COLLEGE            ,NE,68071-0000,Private      ,12,24,36,12,24,36
03821400,UNIVERSAL COLLEGE OF HEALING ARTS       ,NE,68112-1810,Proprietary  ,8,43,51,8,43,51
00256800,UNIVERSITY OF NEVADA RENO               ,NV,89557-0002,Public       ,15460,4386,19846,15460,4386,19846
00256900,UNIVERSITY OF NEVADA-LAS VEGAS          ,NV,89154-1001,Public       ,15920,9149,25069,15920,9149,25069
00697700,GREAT BASIN COLLEGE                     ,NV,89801-3348,Public       ,374,383,757,374,383,757
00732954,ITT TECHNICAL INSTITUTE                 ,NV,89014-6712,Proprietary  ,89,246,335,89,246,335
00736700,MARINELLO SCHOOLS OF BEAUTY             ,NV,89110-3563,Proprietary  ,78,169,247,78,169,247
00736701,MARINELLO SCHOOLS OF BEAUTY -           ,NV,89014-2244,Proprietary  ,29,62,91,29,62,91
00737100,MARINELLO SCHOOL OF BEAUTY              ,NV,89502-6530,Proprietary  ,44,75,119,44,75,119
00919200,SIERRA NEVADA COLLEGE                   ,NV,89451-0000,Private      ,371,270,641,371,270,641
01036200,COLLEGE OF SOUTHERN NEVADA              ,NV,89146-1139,Public       ,8113,9609,17722,8113,9609,17722
01036300,WESTERN NEVADA COLLEGE                  ,NV,89703-0000,Public       ,482,836,1318,482,836,1318
01246110,LINCOLN TECHNICAL INSTITUTE-EUPH INST OF,NV,89117-8803,Proprietary  ,28,96,124,28,96,124
01246111,LINCOLN TECHNICAL INSTITUTE-EUPH INS OFB,NV,89052-4964,Proprietary  ,11,24,35,11,24,35
01323200,ACADEMY OF HAIR DESIGN                  ,NV,89146-1617,Proprietary  ,81,156,237,81,156,237
02107700,TRUCKEE MEADOWS COMMUNITY CLG           ,NV,89512-0000,Public       ,2458,2490,4948,2458,2490,4948
02237500,EVEREST COLLEGE                         ,NV,89103-0000,Proprietary  ,202,536,738,202,536,738
02338512,GLENDALE CAREER COLLEGE - NEVADA CAREER ,NV,89131-3268,Proprietary  ,36,94,130,36,94,130
02616703,SCOTTSDALE CULINARY INSTITUTE - LE CORDO,NV,89144-7047,Proprietary  ,84,156,240,84,156,240
02621500,CAREER COLLEGE OF NORTHERN NEVADA       ,NV,89434-7905,Proprietary  ,77,181,258,77,181,258
03030603,UTAH CLG OF MASSAGE THERAPY-NSMT        ,NV,89123-0000,Proprietary  ,34,111,145,34,111,145
03031405,INTERNATIONAL ACADEMY OF DESIGN AND TECH,NV,89074-7750,Proprietary  ,35,73,108,35,73,108
03043200,KAPLAN COLLEGE                          ,NV,89102-8618,Proprietary  ,264,695,959,264,695,959
03787300,EXPERTISE SCHOOL OF BEAUTY              ,NV,89106-2516,Private      ,37,75,112,37,75,112
03838500,NORTHWEST HEALTH CAREERS                ,NV,89128-0255,Proprietary  ,99,245,344,99,245,344
03975300,INSTITUTE OF PROFESSIONAL CAREERS       ,NV,89119-7825,Proprietary  ,52,134,186,52,134,186
04051303,ART INSTITUTE OF PHOENIX (THE) - ART INS,NV,89074-7737,Proprietary  ,228,184,412,228,184,412
04065300,ROSEMAN UNIVERSITY OF HEALTH SCIENCES   ,NV,89014-2333,Private      ,88,974,1062,88,974,1062
04114300,NEVADA STATE COLLEGE                    ,NV,89002-9455,Public       ,1507,1781,3288,1507,1781,3288
04142601,TOURO UNIVERSITY - NEVADA               ,NV,89014-8800,Private      ,88,583,671,88,583,671
04144800,INTERNATIONAL ACADEMY OF STYLE          ,NV,89509-3450,Proprietary  ,26,54,80,26,54,80
04147600,AVEDA INSTITUTE LAS VEGAS               ,NV,89119-6103,Proprietary  ,66,128,194,66,128,194
04171000,ADVANCED TRAINING INSTITUTE             ,NV,89115-7504,Proprietary  ,63,162,225,63,162,225
04180500,ADVANCED BEAUTY SCHOOL OF COSMETOLOGY   ,NV,89103-5864,Proprietary  ,34,73,107,34,73,107
04186300,PAUL MITCHELL THE SCHOOL LAS VEGAS      ,NV,89123-8014,Proprietary  ,105,131,236,105,131,236
04190300,AMERICAN INSTITUTE OF MEDICAL SONOGRAPHY,NV,89146-6597,Proprietary  ,83,178,261,83,178,261
04203100,PAUL MITCHELL THE SCHOOL RENO           ,NV,89501-3356,Proprietary  ,44,63,107,44,63,107
04226200,HEALTHCARE PREPARATORY INSTITUTE        ,NV,89130-2580,Proprietary  ,71,150,221,71,150,221
00257200,COLBY-SAWYER COLLEGE                    ,NH,03257-4648,Private      ,2017,76,2093,2017,76,2093
00257300,DARTMOUTH COLLEGE                       ,NH,03755-3529,Private      ,10672,1154,11826,10672,1154,11826
00257500,FRANKLIN PIERCE UNIVERSITY              ,NH,03461-0060,Private      ,2758,560,3318,2758,560,3318
00257900,NEW ENGLAND COLLEGE                     ,NH,03242-3293,Private      ,1972,644,2616,1972,644,2616
00258000,SOUTHERN NEW HAMPSHIRE UNIVERSITY       ,NH,03106-1045,Private      ,5697,20480,26177,5697,20480,26177
00258100,NHTI  - CONCORD'S COMMUNITY COLLEGE     ,NH,03301-7412,Public       ,1346,670,2016,1346,670,2016
00258200,MANCHESTER COMMUNITY COLLEGE            ,NH,03102-8518,Public       ,592,600,1192,592,600,1192
00258300,GREAT BAY COMMUNITY COLLEGE             ,NH,03801-0000,Public       ,458,444,902,458,444,902
00258600,RIVIER UNIVERSITY                       ,NH,03060-5086,Private      ,1081,513,1594,1081,513,1594
00258700,SAINT ANSELM COLLEGE                    ,NH,03102-1310,Private      ,3422,85,3507,3422,85,3507
00258900,UNIVERSITY OF NEW HAMPSHIRE             ,NH,03824-2511,Public       ,20653,2816,23469,20653,2816,23469
00258903,UNIVERSITY OF NEW HAMPSHIRE - SCHOOL OF ,NH,03301-4115,Public       ,0,14,14,0,14,14
00259000,KEENE STATE COLLEGE                     ,NH,03431-0000,Public       ,6288,433,6721,6288,433,6721
00259100,PLYMOUTH STATE UNIVERSITY               ,NH,03264-1595,Public       ,6170,780,6950,6170,780,6950
00301004,ANTIOCH UNIVERSITY                      ,NH,03431-0000,Private      ,8,455,463,8,455,463
00472900,HESSER COLLEGE                          ,NH,03103-7230,Proprietary  ,74,291,365,74,291,365
00472901,HESSER COLLEGE - NASHUA CAMPUS          ,NH,03063-1286,Proprietary  ,0,2,2,0,2,2
00473100,DANIEL WEBSTER COLLEGE                  ,NH,03063-1300,Proprietary  ,534,125,659,534,125,659
00529100,WHITE MOUNTAINS COMMUNITY COLLEGE       ,NH,03570-3799,Public       ,193,158,351,193,158,351
00702500,LEBANON COLLEGE                         ,NH,03766-0000,Private      ,0,1,1,0,1,1
00755500,LAKES REGION COMMUNITY COLLEGE          ,NH,03246-1326,Public       ,311,248,559,311,248,559
00756000,RIVER VALLEY COMMUNITY COLLEGE          ,NH,03743-9707,Public       ,143,317,460,143,317,460
00864500,EMPIRE BEAUTY SCHOOL                    ,NH,03220-0000,Proprietary  ,22,28,50,22,28,50
00923600,NASHUA COMMUNITY COLLEGE                ,NH,03063-2052,Public       ,445,296,741,445,296,741
01318900,CONTINENTAL ACADEMIE OF HAIR DESIGN     ,NH,03051-3754,Proprietary  ,12,9,21,12,9,21
02140400,ST JOSEPH SCH OF PRAC NRSG              ,NH,03060-0000,Private      ,40,118,158,40,118,158
02174800,MICHAEL'S SCHOOL OF HAIR DESIGN & ESTHET,NH,03110-0000,Proprietary  ,33,25,58,33,25,58
02179600,EMPIRE BEAUTY SCHOOL                    ,NH,03878-0000,Proprietary  ,20,17,37,20,17,37
02211600,PORTSMOUTH BTY SCH OF HAIR DESIGN       ,NH,03801-4084,Proprietary  ,14,8,22,14,8,22
02223300,NORTHEAST CATHOLIC COLLEGE              ,NH,03278-4012,Private      ,47,6,53,47,6,53
02245400,KEENE BEAUTY ACADEMY                    ,NH,03431-0000,Proprietary  ,23,20,43,23,20,43
02247000,NEW ENGLAND SCHOOL OF HAIR DESIGN       ,NH,03784-0000,Proprietary  ,10,12,22,10,12,22
03043100,THOMAS MORE COLLEGE OF LIBERAL ARTS     ,NH,03054-4818,Private      ,56,7,63,56,7,63
03101300,GRANITE STATE COLLEGE                   ,NH,03301-6400,Public       ,195,835,1030,195,835,1030
03182300,NEW HAMPSHIRE INSTITUTE OF ART          ,NH,03104-4858,Private      ,422,82,504,422,82,504
03437300,UPPER VALLEY TEACHER TRANING PROGRAM    ,NH,03766-1358,Private      ,0,15,15,0,15,15
03729300,NH INSTITUTE FOR THERAPEUTIC ARTS       ,NH,03051-4906,Proprietary  ,6,14,20,6,14,20
04162200,LAIRD INSTITUTE OF SPA THERAPY          ,NH,03102-5263,Proprietary  ,5,13,18,5,13,18
00267000,BAPTIST BIBLE COLG OF PENNSYLVANIA      ,PA,18411-1297,Private      ,260,149,409,260,149,409
00322800,BRYN ATHYN COLLEGE OF THE NEW CHURCH    ,PA,19009-0717,Private      ,189,27,216,189,27,216
00322900,ALBRIGHT COLLEGE                        ,PA,19612-5234,Private      ,3950,547,4497,3950,547,4497
00323000,ALLEGHENY COLLEGE                       ,PA,16335-3902,Private      ,2647,77,2724,2647,77,2724
00323100,COMM CLG OF ALLEGHENY-ALLEGHENY CMP     ,PA,15212-0000,Public       ,1032,1705,2737,1032,1705,2737
00323101,"COMM CLG OF ALLEGHENY, BOYCE CAMPUS     ",PA,15146-0000,Public       ,467,663,1130,467,663,1130
00323102,"COMM CLG OF ALLEGHENY, NORTH CAMPUS     ",PA,15237-0000,Public       ,661,661,1322,661,661,1322
00323103,"COMM CLG OF ALLEGHENY, SOUTH CAMPUS     ",PA,15122-0000,Public       ,577,585,1162,577,585,1162
00323300,ALVERNIA UNIVERSITY                     ,PA,19607-1799,Private      ,1607,755,2362,1607,755,2362
00323500,ARCADIA UNIVERSITY                      ,PA,19038-3295,Private      ,5311,1051,6362,5311,1051,6362
00323700,BRYN MAWR COLLEGE                       ,PA,19010-2899,Private      ,1649,303,1952,1649,303,1952
00323800,BUCKNELL UNIVERSITY                     ,PA,17837-2122,Private      ,5675,152,5827,5675,152,5827
00323900,BUCKS COUNTY COMMUNITY COLLEGE          ,PA,18940-1320,Public       ,1611,1300,2911,1611,1300,2911
00324000,BUTLER COUNTY COMMUNITY COLLEGE         ,PA,16001-0000,Public       ,705,505,1210,705,505,1210
00324100,CABRINI COLLEGE                         ,PA,19087-3698,Private      ,1571,294,1865,1571,294,1865
00324200,CARNEGIE MELLON UNIVERSITY              ,PA,15213-3890,Private      ,11920,940,12860,11920,940,12860
00324201,CARNEGIE MELLON UNIV- THE HEINZ COLLEGE ,PA,15213-0000,Private      ,120,356,476,120,356,476
00324202,CARNEGIE MELLON- TEPPER SCHOOL OF BUSINE,PA,15213-0000,Private      ,219,181,400,219,181,400
00324300,CEDAR CREST COLLEGE                     ,PA,18104-6196,Private      ,791,500,1291,791,500,1291
00324400,CHATHAM UNIVERSITY                      ,PA,15232-2826,Private      ,853,790,1643,853,790,1643
00324500,CHESTNUT HILL COLLEGE                   ,PA,19118-2693,Private      ,1172,914,2086,1172,914,2086
00324700,MISERICORDIA  UNIVERSITY                ,PA,18612-1008,Private      ,1774,583,2357,1774,583,2357
00324900,COMMUNITY COLLEGE OF PHILADELPHIA       ,PA,19130-3991,Public       ,5554,8088,13642,5554,8088,13642
00325100,CURTIS INSTITUTE OF MUSIC               ,PA,19103-6187,Private      ,237,106,343,237,106,343
00325200,DELAWARE VALLEY COLLEGE                 ,PA,18901-2697,Private      ,1910,207,2117,1910,207,2117
00325300,DICKINSON COLLEGE                       ,PA,17013-2896,Private      ,3092,134,3226,3092,134,3226
00325600,DREXEL UNIVERSITY                       ,PA,19104-2875,Private      ,21921,10056,31977,21921,10056,31977
00325800,DUQUESNE UNIVERSITY                     ,PA,15282-0001,Private      ,5830,1721,7551,5830,1721,7551
00325900,EASTERN UNIVERSITY                      ,PA,19087-3696,Private      ,1591,897,2488,1591,897,2488
00326200,ELIZABETHTOWN COLLEGE                   ,PA,17022-2298,Private      ,2462,356,2818,2462,356,2818
00326300,EVANGELICAL SCHOOL OF THEOLOGY          ,PA,17067-0000,Private      ,0,34,34,0,34,34
00326500,FRANKLIN & MARSHALL COLLEGE             ,PA,17604-0000,Private      ,3556,132,3688,3556,132,3688
00326600,GANNON UNIVERSITY                       ,PA,16541-0001,Private      ,3062,766,3828,3062,766,3828
00326700,GENEVA COLLEGE                          ,PA,15010-3599,Private      ,1331,312,1643,1331,312,1643
00326800,GETTYSBURG COLLEGE                      ,PA,17325-1486,Private      ,3751,128,3879,3751,128,3879
00326900,GROVE CITY COLLEGE                      ,PA,16127-2104,Private      ,1312,30,1342,1312,30,1342
00327000,GWYNEDD-MERCY COLLEGE                   ,PA,19437-0901,Private      ,1009,798,1807,1009,798,1807
00327200,HARCUM COLLEGE                          ,PA,19010-3476,Private      ,413,719,1132,413,719,1132
00327300,HARRISBURG AREA COMMUNITY COLLEGE       ,PA,17110-2999,Public       ,3576,5211,8787,3576,5211,8787
00327400,HAVERFORD COLLEGE                       ,PA,19041-1392,Private      ,1847,41,1888,1847,41,1888
00327500,HOLY FAMILY UNIVERSITY                  ,PA,19114-2094,Private      ,1455,899,2354,1455,899,2354
00327600,IMMACULATA UNIVERSITY                   ,PA,19345-0647,Private      ,1138,559,1697,1138,559,1697
00327700,INDIANA UNIVERSITY OF PENNSYLVANIA      ,PA,15705-1097,Public       ,8870,1533,10403,8870,1533,10403
00327900,JUNIATA COLLEGE                         ,PA,16652-2196,Private      ,2209,86,2295,2209,86,2295
00328000,KEYSTONE COLLEGE                        ,PA,18440-0200,Private      ,908,209,1117,908,209,1117
00328200,KINGS COLLEGE                           ,PA,18711-0801,Private      ,2344,265,2609,2344,265,2609
00328300,LACKAWANNA COLLEGE                      ,PA,18509-9961,Private      ,687,387,1074,687,387,1074
00328400,LAFAYETTE COLLEGE                       ,PA,18042-1768,Private      ,4056,102,4158,4056,102,4158
00328500,LANCASTER BIBLE COLLEGE                 ,PA,17601-5036,Private      ,512,417,929,512,417,929
00328600,LANCASTER THEOLOGICAL SEMINARY          ,PA,17603-0000,Private      ,1,42,43,1,42,43
00328700,LASALLE UNIVERSITY                      ,PA,19141-1199,Private      ,4662,1881,6543,4662,1881,6543
00328800,LEBANON VALLEY COLLEGE                  ,PA,17003-1400,Private      ,2534,185,2719,2534,185,2719
00328900,LEHIGH UNIVERSITY                       ,PA,18015-1588,Private      ,8011,442,8453,8011,442,8453
00329000,LINCOLN UNIVERSITY                      ,PA,19352-0999,Public       ,2560,546,3106,2560,546,3106
00329100,LUTHERAN THEOLOG SEMINARY-GETTYSBRG     ,PA,17325-0000,Private      ,1,31,32,1,31,32
00329200,LUTHERAN THEOLOGICAL SEMINARY           ,PA,19119-0000,Private      ,0,62,62,0,62,62
00329300,LYCOMING COLLEGE                        ,PA,17701-5192,Private      ,1431,97,1528,1431,97,1528
00329400,MANOR COLLEGE                           ,PA,19046-3399,Private      ,455,302,757,455,302,757
00329600,MARYWOOD UNIVERSITY                     ,PA,18509-1598,Private      ,1974,674,2648,1974,674,2648
00329700,MERCYHURST UNIVERSITY                   ,PA,16546-0001,Private      ,2827,673,3500,2827,673,3500
00329800,MESSIAH COLLEGE                         ,PA,17027-0000,Private      ,2833,295,3128,2833,295,3128
00330000,MOORE COLLEGE OF ART & DESIGN           ,PA,19103-1179,Private      ,531,195,726,531,195,726
00330100,MORAVIAN COLLEGE                        ,PA,18018-6650,Private      ,2099,242,2341,2099,242,2341
00330101,MORAVIAN THEOLOGICAL SEMINARY           ,PA,18018-0000,Private      ,5,22,27,5,22,27
00330200,MOUNT ALOYSIUS COLLEGE                  ,PA,16630-1999,Private      ,982,393,1375,982,393,1375
00330300,CARLOW UNIVERSITY                       ,PA,15213-3165,Private      ,890,831,1721,890,831,1721
00330400,MUHLENBERG COLLEGE                      ,PA,18104-5586,Private      ,3241,169,3410,3241,169,3410
00330600,VALLEY FORGE CHRISTIAN COLLEGE          ,PA,19460-2399,Private      ,436,142,578,436,142,578
00330900,PEIRCE COLLEGE                          ,PA,19102-4699,Private      ,192,860,1052,192,860,1052
00331100,SALUS UNIVERSITY                        ,PA,19027-1598,Private      ,20,880,900,20,880,900
00331300,WIDENER UNIVERSITY                      ,PA,19013-5792,Private      ,3981,1360,5341,3981,1360,5341
00331302,WIDENER UNIV SCH OF LAW- HARRISBURG     ,PA,17106-9381,Private      ,14,261,275,14,261,275
00331500,BLOOMSBURG UNIVERSITY OF PA             ,PA,17815-1301,Public       ,8844,1104,9948,8844,1104,9948
00331600,CALIFORNIA UNIV OF PENNSYLVANIA         ,PA,15419-1394,Public       ,3455,1746,5201,3455,1746,5201
00331700,CHEYNEY UNIVERSITY OF PENNSYLVANIA      ,PA,19319-0200,Public       ,898,338,1236,898,338,1236
00331800,CLARION UNIVERSITY OF PENNSYLVANIA      ,PA,16214-1232,Public       ,2546,873,3419,2546,873,3419
00332000,EAST STROUDSBURG UNIVERSITY             ,PA,18301-2999,Public       ,5447,985,6432,5447,985,6432
00332100,EDINBORO UNIVERSITY OF PENNSYLVANIA     ,PA,16444-0001,Public       ,4262,1614,5876,4262,1614,5876
00332200,KUTZTOWN UNIVERSITY OF PENNSYLVANIA     ,PA,19530-9339,Public       ,7928,1020,8948,7928,1020,8948
00332300,LOCK HAVEN UNIV OF PENNSYLVANIA         ,PA,17745-2439,Public       ,3994,777,4771,3994,777,4771
00332400,MANSFIELD UNIVERSITY                    ,PA,16933-1123,Public       ,1669,305,1974,1669,305,1974
00332500,MILLERSVILLE UNIVERSITY OF PA           ,PA,17551-1800,Public       ,5985,1187,7172,5985,1187,7172
00332600,SHIPPENSBURG UNIVERSITY                 ,PA,17257-2299,Public       ,5751,806,6557,5751,806,6557
00332700,SLIPPERY ROCK UNIVERSITY                ,PA,16057-1326,Public       ,5357,885,6242,5357,885,6242
00332800,WEST CHESTER UNIVERSITY                 ,PA,19383-0001,Public       ,13456,2766,16222,13456,2766,16222
00332900,PENNSYLVANIA STATE UNIVERSITY (THE)     ,PA,16802-1503,Public       ,54044,14222,68266,54044,14222,68266
00335000,UNIVERSITY OF THE ARTS (THE)            ,PA,19102-9493,Private      ,2165,346,2511,2165,346,2511
00335100,CAIRN UNIVERSITY                        ,PA,19047-2942,Private      ,501,149,650,501,149,650
00335200,PHILADELPHIA CLG OSTEOPATHIC MED        ,PA,19131-0000,Private      ,36,2477,2513,36,2477,2513
00335300,UNIVERSITY OF THE SCIENCES IN PHILADELPH,PA,19104-4495,Private      ,2716,1173,3889,2716,1173,3889
00335400,PHILADELPHIA UNIVERSITY                 ,PA,19144-5497,Private      ,3145,1198,4343,3145,1198,4343
00335600,PITTSBURGH THEOLOGICAL SEMINARY         ,PA,15206-0000,Private      ,5,90,95,5,90,95
00335700,POINT PARK UNIVERSITY                   ,PA,15222-1912,Private      ,3149,1154,4303,3149,1154,4303
00335800,REFORMED PRESBYTERIAN THEOL SEMINAR     ,PA,15208-0000,Private      ,1,7,8,1,7,8
00335900,ROBERT MORRIS UNIVERSITY                ,PA,15108-1189,Private      ,3604,807,4411,3604,807,4411
00336000,ROSEMONT COLLEGE                        ,PA,19010-1699,Private      ,504,238,742,504,238,742
00336200,SETON HILL UNIVERSITY                   ,PA,15601-1599,Private      ,1392,379,1771,1392,379,1771
00336400,ST. CHARLES BORROMEO SEMINARY           ,PA,19096-0000,Private      ,14,5,19,14,5,19
00336600,SAINT FRANCIS UNIVERSITY                ,PA,15940-0600,Private      ,1526,369,1895,1526,369,1895
00336700,SAINT JOSEPH'S UNIVERSITY               ,PA,19131-1395,Private      ,6255,1331,7586,6255,1331,7586
00336800,ST VINCENT COLLEGE                      ,PA,15650-2690,Private      ,1378,111,1489,1378,111,1489
00336900,SUSQUEHANNA UNIVERSITY                  ,PA,17870-1001,Private      ,3472,95,3567,3472,95,3567
00337000,SWARTHMORE COLLEGE                      ,PA,19081-1397,Private      ,3731,79,3810,3731,79,3810
00337100,TEMPLE UNIVERSITY                       ,PA,19122-6003,Private      ,29034,11070,40104,29034,11070,40104
00337600,THIEL COLLEGE                           ,PA,16125-2181,Private      ,1092,61,1153,1092,61,1153
00337800,UNIVERSITY OF PENNSYLVANIA              ,PA,19104-6216,Private      ,20053,7582,27635,20053,7582,27635
00337900,UNIVERSITY OF PITTSBURGH                ,PA,15260-0000,Public       ,25602,5273,30875,25602,5273,30875
00337906,UNIVERSITY OF PITTSBURGH - SCHOOL OF MED,PA,15261-0001,Public       ,137,613,750,137,613,750
00337907,UNIVERSITY OF PITTSBURGH - SCHOOL OF DEN,PA,15261-2523,Public       ,68,195,263,68,195,263
00338400,UNIVERSITY OF SCRANTON                  ,PA,18510-4622,Private      ,6694,582,7276,6694,582,7276
00338500,URSINUS COLLEGE                         ,PA,19426-1000,Private      ,2046,61,2107,2046,61,2107
00338600,VALLEY FORGE MILITARY COLLEGE           ,PA,19087-3695,Private      ,307,46,353,307,46,353
00338800,VILLANOVA UNIVERSITY                    ,PA,19085-1699,Private      ,11001,1264,12265,11001,1264,12265
00338801,VILLANOVA UNIV SCH OF LAW               ,PA,19085-0000,Private      ,21,649,670,21,649,670
00338900,WASHINGTON & JEFFERSON COLLEGE          ,PA,15301-4801,Private      ,2112,71,2183,2112,71,2183
00339100,WAYNESBURG UNIVERSITY                   ,PA,15370-1222,Private      ,1357,214,1571,1357,214,1571
00339200,WESTMINSTER COLLEGE                     ,PA,16172-0002,Private      ,1319,78,1397,1319,78,1397
00339300,WESTMINSTER THEOLOGICAL SEMINARY        ,PA,19038-0000,Private      ,5,115,120,5,115,120
00339400,WILKES UNIVERSITY                       ,PA,18766-0998,Private      ,2648,586,3234,2648,586,3234
00339500,PENNSYLVANIA COLLEGE OF TECHNOLOGY      ,PA,17701-5779,Public       ,2543,856,3399,2543,856,3399
00339600,WILSON COLLEGE                          ,PA,17201-1285,Private      ,480,226,706,480,226,706
00339900,YORK COLLEGE OF PENNSYLVANIA            ,PA,17405-7199,Private      ,5399,577,5976,5399,577,5976
00398600,DESALES UNIVERSITY                      ,PA,18034-9568,Private      ,2144,680,2824,2144,680,2824
00398700,LA ROCHE COLLEGE                        ,PA,15237-5898,Private      ,720,195,915,720,195,915
00398800,NEUMANN UNIVERSITY                      ,PA,19014-1298,Private      ,1873,630,2503,1873,630,2503
00405800,GRATZ COLLEGE                           ,PA,19027-3097,Private      ,0,26,26,0,26,26
00445200,MONTGOMERY COUNTY COMMUNITY COLLEGE     ,PA,19422-6300,Public       ,2061,2002,4063,2061,2002,4063
00488900,CAMBRIA-ROWE BUSINESS COLLEGE           ,PA,15902-2494,Proprietary  ,37,51,88,37,51,88
00488901,CAMBRIA ROWE BUSINESS COLLEGE - INDIANA ,PA,15701-2804,Proprietary  ,36,49,85,36,49,85
00488902,CAMBRIA ROWE BUSINESS COLLEGE - SCHOOL O,PA,15904-1945,Proprietary  ,1,3,4,1,3,4
00489000,CENTRAL PENN COLLEGE                    ,PA,17093-0309,Proprietary  ,554,725,1279,554,725,1279
00489300,DU BOIS BUSINESS COLLEGE                ,PA,15801-2401,Proprietary  ,41,70,111,41,70,111
00489800,MCCANN SCHOOL OF BUSINESS & TECHNOL     ,PA,17901-1335,Proprietary  ,206,875,1081,206,875,1081
00489807,MCCANN SCHOOL OF BUSINESS & TECHNOLOGY -,PA,17013-3180,Proprietary  ,13,57,70,13,57,70
00489900,MERCY HOSP SCH OF NURSING               ,PA,15219-5166,Private      ,59,69,128,59,69,128
00490200,PENN COMMERCIAL BUSINESS/TECHNICAL SCHL ,PA,15301-2871,Proprietary  ,72,124,196,72,124,196
00491000,KAPLAN CAREER INSTITUTE                 ,PA,17111-3571,Proprietary  ,66,166,232,66,166,232
00491001,THOMPSON INSTITUTE-PHILADEPHIA CAMPUS   ,PA,19104-3386,Proprietary  ,54,183,237,54,183,237
00500701,WEST VIRGINIA CAREER INSTITUTE          ,PA,15456-0000,Proprietary  ,16,30,46,16,30,46
00531000,PITTSBURGH INST OF AERONAUTICS          ,PA,15236-0000,Private      ,168,85,253,168,85,253
00533000,FAYETTE CNTY AREA VOC TECH PRC NRSG     ,PA,15401-0000,Public       ,13,36,49,13,36,49
00533500,CENTRAL PENN INST OF SCI & TECH PNP     ,PA,16823-0000,Public       ,26,48,74,26,48,74
00536500,YORK CO AREA VOC-TECH SCH-PRAC NSG      ,PA,17402-0000,Public       ,40,103,143,40,103,143
00653400,CITIZENS SCHOOL OF NURSING              ,PA,15068-6591,Private      ,42,59,101,42,59,101
00655100,ST MARGARET SCHL OF NURSING             ,PA,15238-3205,Private      ,40,67,107,40,67,107
00656000,OHIO VALLEY HOSP SCH OF NURSING         ,PA,15136-1694,Private      ,18,19,37,18,19,37
00656500,READING HOSPITAL SCHOOL OF HEALTH SCIENC,PA,19611-1744,Private      ,129,181,310,129,181,310
00657400,"ST LUKE'S HOSPITAL OF BETHLEHEM, PA     ",PA,18015-1065,Private      ,46,114,160,46,114,160
00657700,UPMC SHADYSIDE SCHOOL OF NURSING        ,PA,15232-1381,Private      ,108,123,231,108,123,231
00657800,SHARON REGIONAL HEALTH SYSTEM SCHOOL OF ,PA,16146-3395,Private      ,19,25,44,19,25,44
00658200,WASHINGTON HOSP SCH OF NURSING          ,PA,15301-3398,Private      ,22,30,52,22,30,52
00658202,WASHINGTON HOSP SCH OF RAD TECH         ,PA,15301-3398,Private      ,5,7,12,5,7,12
00658300,WESTERN PENN HOSP-SCH OF NURSING        ,PA,15224-1790,Private      ,70,75,145,70,75,145
00680700,COMMUNITY COLLEGE OF BEAVER COUNTY      ,PA,15061-2588,Public       ,399,407,806,399,407,806
00681000,LEHIGH CARBON COMMUNITY COLLEGE         ,PA,18078-2598,Public       ,1324,1329,2653,1324,1329,2653
00681100,LUZERNE COUNTY COMMUNITY COLLEGE        ,PA,18634-3899,Public       ,1162,1249,2411,1162,1249,2411
00708700,ABINGTON MEM HOSP SCHL OF NURSING       ,PA,19090-1284,Private      ,92,190,282,92,190,282
00709100,EVEREST INSTITUTE                       ,PA,15222-1320,Proprietary  ,28,155,183,28,155,183
00711000,DELAWARE COUNTY COMMUNITY COLLEGE       ,PA,19063-1094,Public       ,2357,2813,5170,2357,2813,5170
00719100,NORTHAMPTON COMMUNITY COLLEGE           ,PA,18020-7599,Public       ,3465,2835,6300,3465,2835,6300
00730305,LINCOLN TECHNICAL INSTITUTE - PHILADELPH,PA,19136-1530,Proprietary  ,86,140,226,86,140,226
00732955,ITT TECHNICAL INSTITUTE                 ,PA,19406-1212,Proprietary  ,93,287,380,93,287,380
00743000,ANTONELLI INST OF ART & PHOTOGRAPHY     ,PA,19038-8242,Proprietary  ,144,16,160,144,16,160
00743600,KAPLAN CAREER INSTITUTE - ICM CAMPUS    ,PA,15222-1977,Proprietary  ,52,242,294,52,242,294
00743700,PITTSBURGH TECHNICAL INSTITUTE          ,PA,15071-3205,Proprietary  ,1340,635,1975,1340,635,1975
00746900,"HUSSIAN SCHOOL OF ART, INC.             ",PA,19106-0000,Proprietary  ,58,15,73,58,15,73
00747000,"ART INSTITUTE OF PITTSBURGH, THE        ",PA,15219-1328,Proprietary  ,1007,2360,3367,1007,2360,3367
00752900,"CHESTER COUNTY INTERMEDIATE UNIT, PNP   ",PA,19335-3043,Public       ,14,50,64,14,50,64
00777900,LANSDALE SCHOOL OF BUSINESS             ,PA,19454-4114,Proprietary  ,16,103,119,16,103,119
00778000,NEW CASTLE SCHOOL OF TRADES             ,PA,16143-0000,Proprietary  ,97,148,245,97,148,245
00778100,CHI INSTITUTE/RETS CAMPUS               ,PA,19008-3516,Proprietary  ,17,71,88,17,71,88
00783900,TRIANGLE TECH                           ,PA,15214-3897,Proprietary  ,76,114,190,76,114,190
00791200,THADDEUS STEVENS CLG OF TECHNOLOGY      ,PA,17602-0000,Public       ,770,287,1057,770,287,1057
00791600,FRANKLIN CNTY CAREER & TECH CTR-PNP     ,PA,17201-0000,Public       ,16,38,54,16,38,54
00793807,LINCOLN TECHNICAL INSITUTE - ALLENTOWN  ,PA,18104-3212,Proprietary  ,87,163,250,87,163,250
00820000,JAMESON MEMORIAL HOSP SCH NURSING       ,PA,16105-2595,Private      ,16,21,37,16,21,37
00835000,ART INSTITUTE OF PHILADELPHIA           ,PA,19103-5198,Proprietary  ,1112,910,2022,1112,910,2022
00844100,ANTHEM INSTITUTE                        ,PA,19064-1243,Proprietary  ,2,8,10,2,8,10
00856800,VET TECH INSTITUTE                      ,PA,15222-3400,Proprietary  ,186,88,274,186,88,274
00865300,JEFFERSON CO DUBOIS VOC TECH-PR NSG     ,PA,15851-0000,Public       ,5,5,10,5,5,10
00895500,SALON PROFESSIONAL ACADEMY (THE)        ,PA,16602-0000,Proprietary  ,7,9,16,7,9,16
00915705,WYOTECH - BLAIRSVILLE                   ,PA,15717-8060,Proprietary  ,183,155,338,183,155,338
00918600,DEAN INSTITUTE OF TECHNOLOGY            ,PA,15226-1197,Proprietary  ,9,25,34,9,25,34
00944900,PENNCO TECH                             ,PA,19007-0000,Proprietary  ,43,101,144,43,101,144
00966400,EMPIRE BEAUTY SCHOOL                    ,PA,18052-5730,Proprietary  ,132,294,426,132,294,426
00972100,BRADFORD SCHOOL                         ,PA,15219-2602,Proprietary  ,352,81,433,352,81,433
00972300,ARIA HEALTH SCHOOL OF NURSING           ,PA,19053-6939,Private      ,70,139,209,70,139,209
00986300,PENNSYLVANIA COLLEGE OF HEALTH SCIENCES ,PA,17602-4955,Private      ,345,422,767,345,422,767
01000600,GREATER JOHNSTOWN AREA VOC TECH SCH     ,PA,15904-0000,Public       ,16,72,88,16,72,88
01005500,CRAWFORD CNTY AREA VO-TECH PRAC NUR     ,PA,16335-0000,Public       ,6,13,19,6,13,19
01017600,WESTMORELAND COUNTY COMMUNITY CLG       ,PA,15697-1895,Public       ,993,913,1906,993,913,1906
01038800,READING AREA COMMUNITY COLLEGE          ,PA,19603-1706,Public       ,717,1035,1752,717,1035,1752
01054200,EMPIRE BEAUTY SCHOOL                    ,PA,18701-0000,Proprietary  ,149,366,515,149,366,515
01081400,PITTSBURGH INST MORTUARY SCIENCE        ,PA,15206-3706,Private      ,53,137,190,53,137,190
01086000,GREATER ALTOONA CAREER/TECH CENTER      ,PA,16602-0000,Public       ,25,64,89,25,64,89
01096300,GREENE COUNTY VOC-TECH SCHOOL           ,PA,15370-0000,Public       ,2,9,11,2,9,11
01099800,PENNSYLVANIA INSTITUTE OF TECH          ,PA,19063-4098,Private      ,128,305,433,128,305,433
01162100,AUTOMOTIVE TRAINING CENTER              ,PA,19341-1310,Proprietary  ,321,125,446,321,125,446
01162200,WELDER TRAINING & TESTING INST          ,PA,18109-3253,Proprietary  ,13,28,41,13,28,41
01171500,SCHUYLKILL HEALTH SCHOOL OF NURSING     ,PA,17901-3692,Private      ,38,32,70,38,32,70
01191900,BEAVER FALLS BEAUTY ACADEMY             ,PA,15010-4208,Proprietary  ,8,8,16,8,8,16
01205000,ROSEDALE TECHNICAL INSTITUTE            ,PA,15205-9791,Private      ,118,143,261,118,143,261
01239300,THOMAS JEFF UNIV-CLG ALLIED HEALTH      ,PA,19107-0000,Private      ,185,950,1135,185,950,1135
01239301,THOMAS JEFFERSON UNIVERSITY - JEFFERSON ,PA,19107-5001,Private      ,260,1519,1779,260,1519,1779
01239303,THOMAS JEFFERSON UNIVERSITY - COLLEGE OF,PA,19107-6731,Private      ,143,375,518,143,375,518
01246104,LINCOLN TECHNICAL INSTITUTE             ,PA,19104-0202,Proprietary  ,91,173,264,91,173,264
01246105,LINCOLN TECHNICAL INSTITUTE             ,PA,19116-4202,Proprietary  ,62,158,220,62,158,220
01252300,TALMUDICAL YESHIVA OF PHILA             ,PA,19131-1296,Private      ,0,1,1,0,1,1
01260600,EMPIRE BEAUTY SCHOOL                    ,PA,17901-3859,Proprietary  ,118,282,400,118,282,400
01292900,SOUTH HILLS BEAUTY ACADEMY              ,PA,15216-2335,Proprietary  ,17,41,58,17,41,58
01313400,YESHIVATH BETH MOSHE                    ,PA,18505-2196,Private      ,5,3,8,5,3,8
01321400,ROXBOROUGH MEM HOSP SCH OF NURSING      ,PA,19128-0000,Proprietary  ,54,173,227,54,173,227
01326300,SOUTH HILLS SCHOOL OF BUSINESS & TECHNOL,PA,16801-4516,Proprietary  ,126,120,246,126,120,246
02061000,VENUS BEAUTY ACADEMY                    ,PA,19079-0000,Proprietary  ,5,8,13,5,8,13
02068300,DOUGLAS SCHOOL OF BUSINESS              ,PA,15062-0000,Proprietary  ,93,72,165,93,72,165
02090200,TRIANGLE TECH                           ,PA,16502-0000,Proprietary  ,25,23,48,25,23,48
02092500,LAUREL TECHNICAL INSTITUTE              ,PA,16146-0000,Proprietary  ,43,89,132,43,89,132
02092502,BUSINESS INSTITUTE OF PENNSYLVANIA      ,PA,16335-0000,Proprietary  ,8,8,16,8,8,16
02104003,HARRIS SCHOOL OF BUSINESS - UPPER DARBY ,PA,19082-2528,Proprietary  ,6,20,26,6,20,26
02107300,PENNSYLVANIA ACADEMY OF FINE ARTS       ,PA,19102-1424,Private      ,214,191,405,214,191,405
02112200,GREAT LAKES INSTITUTE OF TECHNOLOGY     ,PA,16509-0000,Proprietary  ,88,116,204,88,116,204
02114200,JOHNSON COLLEGE                         ,PA,18508-0000,Private      ,228,109,337,228,109,337
02118000,LEVITTOWN BEAUTY ACADEMY LLC            ,PA,19054-1713,Proprietary  ,5,8,13,5,8,13
02119300,PA ACAD OF COSMETOLOGY ARTS & SCI       ,PA,15904-0000,Proprietary  ,12,15,27,12,15,27
02120800,"YORKTOWNE BUSINESS INSTITUTE, INC.      ",PA,17404-0000,Proprietary  ,34,54,88,34,54,88
02127400,YORK TECHNICAL INSTITUTE                ,PA,17402-0000,Proprietary  ,367,494,861,367,494,861
02129000,TRIANGLE TECH                           ,PA,15601-0000,Proprietary  ,43,60,103,43,60,103
02129001,TRIANGLE TECH - BUSINESS CAREERS INSTITU,PA,15601-3304,Proprietary  ,3,1,4,3,1,4
02144000,"VISION ACADEMY, THE                     ",PA,18103-0000,Proprietary  ,5,10,15,5,10,15
02151500,CENTRAL SUSQUEHANNA LPN CENTER          ,PA,17837-8818,Public       ,22,62,84,22,62,84
02158300,JUNIATA-MIFFLIN CO AREA VOC TECH        ,PA,17044-0000,Public       ,5,22,27,5,22,27
02161400,NORTHEASTERN HOSP SCH OF NRSG           ,PA,19134-0000,Private      ,19,66,85,19,66,85
02169600,CLEARFIELD CTY CAREER AND TECH CNTR     ,PA,16830-0000,Public       ,22,44,66,22,44,66
02174400,TRIANGLE TECH                           ,PA,15801-0000,Proprietary  ,102,59,161,102,59,161
02178900,ACADEMY OF HAIR DESIGN                  ,PA,18202-1465,Proprietary  ,13,32,45,13,32,45
02183000,ORLEANS TECHNICAL INSTITUTE             ,PA,19111-0000,Private      ,55,116,171,55,116,171
02192800,WALNUT HILL COLLEGE                     ,PA,19104-0000,Proprietary  ,286,162,448,286,162,448
02202300,PITTSBURGH CAREER INSTITUTE             ,PA,15219-1907,Proprietary  ,48,92,140,48,92,140
02203900,ERIE INSTITUTE OF TECHNOLOGY            ,PA,16565-1002,Proprietary  ,65,110,175,65,110,175
02206200,"VISION ACADEMY, THE                     ",PA,19002-0000,Proprietary  ,16,22,38,16,22,38
02206300,STROUDSBURG SCHOOL OF COSMETOLOGY       ,PA,18360-0000,Proprietary  ,9,9,18,9,9,18
02212700,LANCASTER SCHOOL OF COSMETOLOGY         ,PA,17602-0000,Proprietary  ,10,27,37,10,27,37
02234200,ACADEMY OF MEDICAL ARTS & BUSINESS      ,PA,17112-0000,Proprietary  ,72,103,175,72,103,175
02251200,SCHUYLKILL COUNTY AREA VOC TECH SCH     ,PA,17931-0000,Public       ,8,22,30,8,22,30
02251202,SCHUYLKILL COUNTY AREA VOC TECH SCH     ,PA,17931-0000,Public       ,1,10,11,1,10,11
02253900,BERKS TECHNICAL INSTITUTE               ,PA,19610-1168,Proprietary  ,236,354,590,236,354,590
02269900,PENNSYLVANIA COLLEGE OF ART & DESIGN    ,PA,17603-3528,Private      ,301,60,361,301,60,361
02270500,BUCKS COUNTY SCHOOL OF BEAUTY CULT      ,PA,19053-0000,Proprietary  ,6,12,18,6,12,18
02273400,RECONSTRUCTIONIST RABBINICAL COLLEG     ,PA,19095-0000,Private      ,0,10,10,0,10,10
02276600,HANOVER PUBLIC SCH DIST PRAC NURSG      ,PA,17331-0000,Public       ,0,1,1,0,1,1
02282500,LENAPE SCHOOL OF PRACTICAL NURSING      ,PA,16226-0000,Public       ,32,72,104,32,72,104
02289500,PACE INSTITUTE                          ,PA,19601-0000,Proprietary  ,2,0,2,2,0,2
02289600,CONSOLIDATED SCHOOL OF BUSINESS         ,PA,17404-0000,Proprietary  ,24,59,83,24,59,83
02289700,ACADEMY OF CREATIVE HAIR DESIGN         ,PA,18702-0000,Proprietary  ,13,14,27,13,14,27
02289800,CHI INSTITUTE - FRANKLIN MILLS          ,PA,19154-0000,Proprietary  ,55,134,189,55,134,189
02290400,"ALTOONA BEAUTY SCHOOL, INC              ",PA,16602-0000,Proprietary  ,8,8,16,8,8,16
02292700,LANSDALE SCHOOL OF COSMETOLOGY          ,PA,19446-0000,Proprietary  ,6,9,15,6,9,15
02299300,TRINITY EPISCOPAL SCHOOL MINISTRY       ,PA,15003-0000,Private      ,1,26,27,1,26,27
02301300,PRISM CAREER INSTITUTE                  ,PA,19082-2448,Proprietary  ,19,71,90,19,71,90
02306200,VENANGO COUNTY AREA VOC TECH SCHOOL     ,PA,16301-0000,Public       ,9,13,22,9,13,22
02310800,LANCASTER COUNTY CAREER & TECH CTR      ,PA,17584-0000,Public       ,64,152,216,64,152,216
02323000,BIBLICAL THEOLOGICAL SEMINARY           ,PA,19440-2421,Private      ,0,26,26,0,26,26
02330300,LEBANON CO CAREER & TECHNOLOGY CTR      ,PA,17042-0000,Public       ,28,60,88,28,60,88
02330600,PENNSYLVANIA GUNSMITH SCHOOL            ,PA,15202-0000,Proprietary  ,26,28,54,26,28,54
02350100,WESTERN AREA CAREER & TECHNOLOGY CT     ,PA,15317-0000,Public       ,6,10,16,6,10,16
02350200,INDIANA COUNTY TECH CTR SCH PR NSG      ,PA,15701-1465,Public       ,11,36,47,11,36,47
02353100,NORTHERN TIER CAREER CENTER             ,PA,18848-0000,Public       ,9,17,26,9,17,26
02362300,MERCER COUNTY AREA VOC TECH SCHOOL      ,PA,16137-0000,Public       ,3,16,19,3,16,19
02492600,EASTERN CTR ARTS AND TECH PR NSG        ,PA,19090-0000,Public       ,13,25,38,13,25,38
02495500,ALL-STATE CAREER SCHOOL                 ,PA,19029-0000,Proprietary  ,36,158,194,36,158,194
02529800,WILKES BARRE AREA CAREER AND TECHNICAL C,PA,18705-0000,Public       ,28,75,103,28,75,103
02536600,COMMONWEALTH TECH INSTIT @ HIRAM G      ,PA,15905-0000,Public       ,50,18,68,50,18,68
02544300,BUTLER BEAUTY SCHOOL                    ,PA,16001-0000,Proprietary  ,3,13,16,3,13,16
02546200,LAUREL BUSINESS INSTITUTE               ,PA,15401-0877,Proprietary  ,50,57,107,50,57,107
02550000,CLARION CO AREA VOC-TECH PRAC NRSG      ,PA,16254-4637,Public       ,9,16,25,9,16,25
02554500,HAZLETON AREA CAREER CENTER PRACTICAL NU,PA,18201-0000,Public       ,10,23,33,10,23,33
02557800,ART INSTITUTE OF YORK (THE) - PENNSYLVAN,PA,17402-9012,Proprietary  ,176,64,240,176,64,240
02574800,PENNSYLVANIA INSTITUTE OF TAXIDERMY     ,PA,15931-0000,Proprietary  ,3,9,12,3,9,12
02609500,CAREER TRAINING ACADEMY                 ,PA,15068-6308,Proprietary  ,18,25,43,18,25,43
02609501,CAREER TRAINING ACADEMY                 ,PA,15146-0000,Proprietary  ,5,13,18,5,13,18
02616100,JEAN MADELINE ED CTR FOR COSM           ,PA,19147-1542,Proprietary  ,63,91,154,63,91,154
02617507,EVEREST COLLEGE - EVEREST INSTITUTE - BE,PA,19020-2062,Proprietary  ,7,30,37,7,30,37
03010800,FORTIS INSTITUTE                        ,PA,16506-1013,Proprietary  ,158,506,664,158,506,664
03011500,FORTIS INSTITUTE                        ,PA,18702-0000,Proprietary  ,19,32,51,19,32,51
03011600,FORTIS INSTITUTE                        ,PA,18509-2903,Proprietary  ,51,168,219,51,168,219
03029900,CONSOLIDATED SCHOOL OF BUSINESS         ,PA,17603-2389,Proprietary  ,27,42,69,27,42,69
03067000,ANTONELLI MEDICAL & PROF INST           ,PA,19464-9244,Proprietary  ,10,17,27,10,17,27
03072600,DCI CAREER INSTITUTE                    ,PA,15061-2307,Proprietary  ,8,15,23,8,15,23
03081900,YTI CAREER INSTITUTE - ALTOONA          ,PA,16602-4457,Proprietary  ,103,192,295,103,192,295
03090800,LAKE ERIE COLL OF OSTEOPATHIC MED       ,PA,16509-0000,Private      ,47,2782,2829,47,2782,2829
03098600,CAREER TECH CTR OF LACKAWANNA CNTY      ,PA,18508-0000,Public       ,21,54,75,21,54,75
03101400,FORBES ROAD CAREER & TECHNOLOGY CTR     ,PA,15146-1550,Public       ,6,7,13,6,7,13
03101500,BIDWELL TRAINING CENTER                 ,PA,15233-2233,Private      ,15,33,48,15,33,48
03103300,JNA INSTITUTE OF CULINARY ARTS          ,PA,19146-3119,Proprietary  ,34,62,96,34,62,96
03109100,METROPOLITAN CAREER CENTER              ,PA,19144-0000,Private      ,7,17,24,7,17,24
03110700,AVIATION INSTITUTE OF MAINTENANCE       ,PA,19114-1017,Proprietary  ,53,120,173,53,120,173
03120400,REGIONAL CAREER & TECHNICAL CENTER      ,PA,16509-4699,Public       ,8,6,14,8,6,14
03128400,DELAWARE COUNTY TECHNICAL SCHOOL        ,PA,19008-1928,Public       ,19,48,67,19,48,67
03180400,PENNSYLVANIA HIGHLANDS COMMUNITY COLLEGE,PA,15904-2927,Public       ,448,302,750,448,302,750
03236400,L T INTERNATIONAL BEAUTY SCHOOL         ,PA,19130-2235,Proprietary  ,11,36,47,11,36,47
03353300,ACADEMY OF VOCAL ARTS                   ,PA,19103-6685,Private      ,22,50,72,22,50,72
03380301,STAR CAREER ACADEMY - STAR PHILADELPHIA ,PA,19114-2204,Proprietary  ,95,225,320,95,225,320
03380304,STAR CAREER ACADEMY - STAR NORRISTOWN   ,PA,19403-2422,Proprietary  ,15,57,72,15,57,72
03493302,ALL-STATE CAREER - WEST MIFFLIN CAMPUS  ,PA,15122-0000,Proprietary  ,8,20,28,8,20,28
03535300,HUNTINGDON COUNTY CAREER AND TECHNO     ,PA,17060-0905,Public       ,7,13,20,7,13,20
03561400,SUSQUEHANNA COUNTY CAREER & TECHNOL     ,PA,18816-0100,Public       ,11,12,23,11,12,23
03766300,PENNSYLVANIA SCHOOL OF MUSCLE THERAPY   ,PA,19406-3101,Proprietary  ,10,22,32,10,22,32
03781300,PRINCETON INFORMATION TECHNOLOGY CENTER ,PA,19038-4535,Proprietary  ,10,61,71,10,61,71
03923300,PRECISION MANUFACTURING INSTITUTE       ,PA,16335-8380,Private      ,9,13,22,9,13,22
03948300,HARRISBURG UNIVERSITY OF SCIENCE AND TEC,PA,17101-2116,Private      ,321,100,421,321,100,421
03949300,WON INSTITUTE OF GRADUATE STUDIES       ,PA,19038-4535,Private      ,0,11,11,0,11,11
03950500,NORTHWEST REGIONAL TECHNOLOGY INSTITUTE ,PA,16508-2820,Proprietary  ,12,11,23,12,11,23
03952300,NATIONAL MASSAGE THERAPY INSTITUTE      ,PA,19116-3965,Proprietary  ,9,27,36,9,27,36
04024300,EDUCATION AND TECHNOLOGY INSTITUTE      ,PA,15601-9214,Private      ,5,5,10,5,5,10
04041300,BERKS CAREER & TECHNOLOGY CENTER        ,PA,19533-9112,Public       ,11,14,25,11,14,25
04118000,BYZANTINE CATHOLIC SEMINARY OF SAINTS CY,PA,15214-2229,Private      ,1,5,6,1,5,6
04124600,PROFESSIONAL ACADEMY OF COSMETOLOGY     ,PA,19401-0000,Proprietary  ,1,3,4,1,3,4
04127500,CDE CAREER INSTITUTE                    ,PA,18372-9034,Proprietary  ,20,30,50,20,30,50
04145800,PULSE BEAUTY ACADEMY A PAUL MITCHELL PAR,PA,19335-0000,Proprietary  ,11,23,34,11,23,34
04149800,SOMERSET COUNTY TECHNOLOGY CENTER       ,PA,15501-1444,Public       ,15,29,44,15,29,44
04151700,BELLA CAPELLI ACADEMY                   ,PA,15146-2388,Proprietary  ,10,6,16,10,6,16
04151701,BELLA CAPELLI ACADEMY -                 ,PA,15205-2388,Proprietary  ,24,24,48,24,24,48
04155100,INSTITUTE OF MEDICAL CAREERS            ,PA,15235-3718,Proprietary  ,14,52,66,14,52,66
04158000,METRO BEAUTY ACADEMY                    ,PA,18106-9693,Proprietary  ,24,37,61,24,37,61
04164900,BARONE BEAUTY ACADEMY                   ,PA,17701-5316,Proprietary  ,7,13,20,7,13,20
04167200,COMMONWEALTH MEDICAL COLLEGE (THE)      ,PA,18509-3240,Private      ,6,534,540,6,534,540
04175900,LEWISTOWN HOSPITAL SCHOOL OF NURSING    ,PA,17044-1167,Private      ,9,15,24,9,15,24
04215500,CHAMP'S BARBER SCHOOL                   ,PA,17603-3809,Proprietary  ,5,11,16,5,11,16
04221300,PHILADELPHIA TECHNICIAN TRAINING        ,PA,19138-1324,Private      ,24,112,136,24,112,136
04224600,BARBER SCHOOL OF PITTSBURGH             ,PA,15220-5537,Proprietary  ,10,30,40,10,30,40
04226300,DIVINE CROWN ACADEMY OF COSMETOLOGY     ,PA,17104-2103,Proprietary  ,7,16,23,7,16,23
04232000,STUDIO INCAMMINATI                      ,PA,19107-1105,Private      ,0,4,4,0,4,4
04236800,FOUNTAIN OF YOUTH ACADEMY OF COSMETOLOGY,PA,16046-2430,Proprietary  ,1,0,1,1,0,1
00267813,BRYANT & STRATTON COLLEGE - MIL DOWNTOWN,WI,53203-2608,Proprietary  ,235,940,1175,235,940,1175
00383200,ALVERNO COLLEGE                         ,WI,53234-3922,Private      ,932,996,1928,932,996,1928
00383500,BELOIT COLLEGE                          ,WI,53511-5595,Private      ,2136,93,2229,2136,93,2229
00383700,CARDINAL STRITCH UNIVERSITY             ,WI,53217-9884,Private      ,940,1216,2156,940,1216,2156
00383800,CARROLL UNIVERSITY                      ,WI,53186-5593,Private      ,3231,457,3688,3231,457,3688
00383900,CARTHAGE COLLEGE                        ,WI,53141-0000,Private      ,4411,408,4819,4411,408,4819
00384000,WESTERN TECHNICAL COLLEGE               ,WI,54601-0908,Public       ,794,586,1380,794,586,1380
00384200,CONCORDIA UNIVERSITY WISCONSIN          ,WI,53097-2402,Private      ,2833,1917,4750,2833,1917,4750
00384800,EDGEWOOD COLLEGE                        ,WI,53711-1958,Private      ,1519,610,2129,1519,610,2129
00385000,SILVER LAKE COLLEGE                     ,WI,54220-9319,Private      ,129,107,236,129,107,236
00385400,LAKELAND COLLEGE                        ,WI,53082-0000,Private      ,907,657,1564,907,657,1564
00385600,LAWRENCE UNIVERSITY                     ,WI,54912-0599,Private      ,2089,76,2165,2089,76,2165
00386100,MARIAN UNIVERSITY                       ,WI,54935-4699,Private      ,1131,403,1534,1131,403,1534
00386300,MARQUETTE UNIVERSITY                    ,WI,53201-1881,Private      ,14916,2683,17599,14916,2683,17599
00386600,MILWAUKEE AREA TECH COLLEGE             ,WI,53233-1443,Public       ,2497,4828,7325,2497,4828,7325
00386800,MILWAUKEE SCHOOL OF ENGINEERING         ,WI,53202-3109,Private      ,2656,498,3154,2656,498,3154
00386900,MOUNT MARY UNIVERSITY                   ,WI,53222-4597,Private      ,720,681,1401,720,681,1401
00387400,NASHOTAH HOUSE                          ,WI,53058-0000,Private      ,0,9,9,0,9,9
00387500,NORTHLAND COLLEGE                       ,WI,54806-3999,Private      ,526,55,581,526,55,581
00388400,RIPON COLLEGE                           ,WI,54971-0248,Private      ,1226,54,1280,1226,54,1280
00389200,ST. NORBERT COLLEGE                     ,WI,54115-2099,Private      ,2810,65,2875,2810,65,2875
00389500,UNIVERSITY OF WISCONSIN-MADISON         ,WI,53715-1382,Public       ,19907,5128,25035,19907,5128,25035
00389600,UNIVERSITY OF WISCONSIN-MILWAUKEE       ,WI,53201-3165,Public       ,12500,6342,18842,12500,6342,18842
00389700,UNIVERSITY OF WISCONSIN COLLEGES        ,WI,53708-8680,Public       ,3251,1033,4284,3251,1033,4284
00389701,UNIVERSITY OF WISCONSIN-BARABOO         ,WI,53913-1098,Public       ,233,64,297,233,64,297
00389702,UNIVERSITY OF WISCONSIN-BARRON          ,WI,54868-2497,Public       ,225,63,288,225,63,288
00389703,UNIVERSITY OF WISCONSIN-FOND DU LAC     ,WI,54935-2998,Public       ,241,74,315,241,74,315
00389704,UNIVERSITY OF WISCONSIN-FOX VALLEY      ,WI,54952-1297,Public       ,556,152,708,556,152,708
00389705,UNIVERSITY OF WISCONSIN-MANITOWOC       ,WI,54220-6699,Public       ,147,51,198,147,51,198
00389706,UNIVERSITY OF WISCONSIN-MARATHON        ,WI,54401-5396,Public       ,354,94,448,354,94,448
00389707,UNIVERSITY OF WISCONSIN-MARINETTE       ,WI,54143-4299,Public       ,188,46,234,188,46,234
00389708,UNIVERSITY OF WISCONSIN-MARSHFIELD      ,WI,54449-3310,Public       ,162,56,218,162,56,218
00389709,UNIVERSITY OF WISCONSIN-RICHLAND        ,WI,53581-1399,Public       ,130,43,173,130,43,173
00389710,UNIVERSITY OF WISCONSIN COLLEGES - ROCK ,WI,53546-5699,Public       ,353,186,539,353,186,539
00389711,UNIVERSITY OF WISCONSIN-SHEBOYGAN       ,WI,53081-4789,Public       ,242,101,343,242,101,343
00389712,UNIVERSITY OF WISCONSIN-WASHINGTON      ,WI,53095-3699,Public       ,305,80,385,305,80,385
00389713,UNIVERSITY OF WISCONSIN-WAUKESHA        ,WI,53188-2799,Public       ,943,249,1192,943,249,1192
00389900,UNIVERSITY OF WISCONSIN-GREEN BAY       ,WI,54311-7001,Public       ,2973,1152,4125,2973,1152,4125
00391100,VITERBO UNIVERSITY                      ,WI,54601-4777,Private      ,1420,589,2009,1420,589,2009
00391500,UNIVERSITY OF WISCONSIN-STOUT           ,WI,54751-0790,Public       ,3917,795,4712,3917,795,4712
00391700,UNIVERSITY OF WISCONSIN-EAU CLAIRE      ,WI,54702-4004,Public       ,5930,722,6652,5930,722,6652
00391900,UNIVERSITY OF WISCONSIN-LA CROSSE       ,WI,54601-3742,Public       ,6849,862,7711,6849,862,7711
00392000,UNIVERSITY OF WISCONSIN-OSHKOSH         ,WI,54901-8604,Public       ,5887,1294,7181,5887,1294,7181
00392100,UNIVERSITY OF WISCONSIN-PLATTEVILLE     ,WI,53818-3099,Public       ,5276,647,5923,5276,647,5923
00392300,UNIVERSITY OF WISCONSIN-RIVER FALLS     ,WI,54022-5013,Public       ,2579,427,3006,2579,427,3006
00392400,UNIVERSITY OF WISCONSIN-STEVENS POINT   ,WI,54481-3897,Public       ,5444,844,6288,5444,844,6288
00392500,UNIVERSITY OF WISCONSIN-SUPERIOR        ,WI,54880-2898,Public       ,863,511,1374,863,511,1374
00392600,UNIVERSITY OF WISCONSIN-WHITEWATER      ,WI,53190-1792,Public       ,7323,1190,8513,7323,1190,8513
00400700,MADISON AREA TECHNICAL COLLEGE          ,WI,53704-2599,Public       ,1935,2215,4150,1935,2215,4150
00501500,UNIVERSITY OF WISCONSIN-PARKSIDE        ,WI,53141-2000,Public       ,2192,914,3106,2192,914,3106
00529400,WAUKESHA COUNTY TECHNICAL COLLEGE       ,WI,53072-4696,Public       ,638,1007,1645,638,1007,1645
00530100,NORTHEAST WISCONSIN TECHNICAL COLLEGE   ,WI,54307-9042,Public       ,1168,1344,2512,1168,1344,2512
00530400,CHIPPEWA VALLEY TECHNICAL COLLEGE       ,WI,54701-6162,Public       ,789,870,1659,789,870,1659
00538000,MID-STATE TECHNICAL COLLEGE             ,WI,54494-5512,Public       ,322,455,777,322,455,777
00538400,NICOLET AREA TECHNICAL COLLEGE          ,WI,54501-0000,Public       ,193,200,393,193,200,393
00538700,NORTHCENTRAL TECHNICAL COLLEGE          ,WI,54401-1899,Public       ,511,721,1232,511,721,1232
00538900,GATEWAY TECHNICAL COLLEGE               ,WI,53144-1690,Public       ,948,2560,3508,948,2560,3508
00539000,BLACKHAWK TECHNICAL COLLEGE             ,WI,53547-5009,Public       ,392,856,1248,392,856,1248
00663900,BELLIN COLLEGE                          ,WI,54305-0000,Private      ,219,85,304,219,85,304
00732934,ITT TECHNICAL INSTITUTE                 ,WI,53220-4612,Proprietary  ,50,250,300,50,250,300
00766900,SOUTHWEST WISCONSIN TECH COLLEGE        ,WI,53809-0000,Public       ,325,247,572,325,247,572
00821700,PAUL MITCHELL THE SCHOOL GREEN BAY      ,WI,54324-0257,Proprietary  ,31,16,47,31,16,47
00869405,RASMUSSEN COLLEGE - WAUSAU              ,WI,54401-7804,Proprietary  ,27,190,217,27,190,217
00869414,RASMUSSEN COLLEGE - GREEN BAY           ,WI,54303-2349,Proprietary  ,54,227,281,54,227,281
00869419,RASMUSSEN COLLEGE - APPLETON            ,WI,54915-7305,Proprietary  ,22,201,223,22,201,223
00919400,LAKESHORE TECHNICAL COLLEGE             ,WI,53015-1412,Public       ,257,461,718,257,461,718
00925600,MORAINE PARK TECHNICAL COLLEGE          ,WI,54936-0000,Public       ,418,904,1322,418,904,1322
00941900,STATE CLG OF BEAUTY CULT-WAUSAU         ,WI,54403-4667,Proprietary  ,14,18,32,14,18,32
00962100,HERZING UNIVERSITY                      ,WI,53718-4236,Proprietary  ,327,4029,4356,327,4029,4356
00974400,FOX VALLEY TECHNICAL COLLEGE            ,WI,54913-0000,Public       ,1198,1611,2809,1198,1611,2809
01091300,MADISON MEDIA INSTITUTE                 ,WI,53718-6787,Proprietary  ,154,121,275,154,121,275
01148400,ADVANCED INSTITUTE OF HAIR DESIGN       ,WI,53225-0000,Proprietary  ,59,42,101,59,42,101
01182400,WISCONSIN INDIANHEAD TECH CLG WITC      ,WI,54871-9300,Public       ,386,558,944,386,558,944
02077100,MILWAUKEE INST OF ART & DESIGN          ,WI,53202-0000,Private      ,668,160,828,668,160,828
02078000,SACRED HEART SCHOOL OF THEOLOGY         ,WI,53130-0000,Private      ,0,1,1,0,1,1
02136600,WISCONSIN LUTHERAN COLLEGE              ,WI,53226-0000,Private      ,895,148,1043,895,148,1043
02271300,WI SCH OF PROFESSIONAL PSYCHOLOGY       ,WI,53225-0000,Private      ,12,53,65,12,53,65
02317200,MARANATHA BAPTIST BIBLE COLLEGE         ,WI,53094-0000,Private      ,329,56,385,329,56,385
02453500,MEDICAL COLLEGE OF WISCONSIN            ,WI,53226-0000,Private      ,54,924,978,54,924,978
02494300,GILL-TECH ACADEMY OF HAIR DESIGN        ,WI,54911-0000,Proprietary  ,7,14,21,7,14,21
02532200,LAC COURTE OREILLES OJIBWA CMTY CLG     ,WI,54843-0000,Public       ,10,70,80,10,70,80
03061200,MIDWEST COLLEGE OF ORIENTAL MEDICINE    ,WI,53403-9747,Proprietary  ,7,55,62,7,55,62
03125100,COLLEGE OF MENOMINEE NATION             ,WI,54135-0000,Private      ,21,70,91,21,70,91
03125102,COLLEGE OF  THE MENOMINEE NATION - GREEN,WI,54304-4964,Private      ,15,53,68,15,53,68
03220300,"SALON PROFESSIONAL ACADEMY, THE         ",WI,54701-7633,Proprietary  ,10,10,20,10,10,20
03309300,MONTESSORI INSTITUTE OF MILWAUKEE       ,WI,53207-0000,Private      ,4,12,16,4,12,16
03808300,INSTITUTE OF BEAUTY AND WELLNESS (THE)  ,WI,53202-5715,Proprietary  ,73,65,138,73,65,138
03822300,PAUL MITCHELL THE SCHOOL - MONROE       ,WI,53566-0000,Proprietary  ,9,10,19,9,10,19
03872500,NORTHLAND INTERNATIONAL UNIVERSITY      ,WI,54119-9285,Private      ,35,5,40,35,5,40
03925300,BLUE SKY SCHOOL OF PROFESSIONAL MASSAGE ,WI,53024-9699,Private      ,1,3,4,1,3,4
03925301,BLUE SKY SCHOOL OF PROFESSIONAL MASSAGE ,WI,54115-7407,Private      ,2,5,7,2,5,7
03925303,BLUE SKY SCHOOL OF PROFESSIONAL MASSAGE ,WI,53713-2366,Private      ,6,11,17,6,11,17
04117400,MILWAUKEE CAREER COLLEGE                ,WI,53222-4305,Proprietary  ,89,147,236,89,147,236
04118600,ACADEMY OF COSMETOLOGY                  ,WI,53548-3307,Proprietary  ,17,16,33,17,16,33
04124800,VISIONS IN HAIR DESIGN INSTITUTE OF COSM,WI,53210-1120,Proprietary  ,0,1,1,0,1,1
04132600,WISCONSIN ACADEMY (THE)                 ,WI,54157-1726,Proprietary  ,8,6,14,8,6,14
04137900,BRENSTEN EDUCATION                      ,WI,53186-0000,Proprietary  ,7,71,78,7,71,78
04138200,SALON PROFESSIONAL ACADEMY (THE)        ,WI,54914-3921,Proprietary  ,18,16,34,18,16,34
04157700,SALON PROFESSIONAL ACADEMY (THE)        ,WI,54650-8699,Proprietary  ,17,18,35,17,18,35
04159400,COLUMBIA COLLEGE OF NURSING             ,WI,53211-2952,Private      ,128,121,249,128,121,249
04165300,ACADEMY WAUKESHA (THE)                  ,WI,53072-5524,Proprietary  ,24,21,45,24,21,45
04179200,ADVANCED COLLEGE OF COSMETOLOGY         ,WI,53963-0000,Proprietary  ,6,7,13,6,7,13
04182100,FIRST CLASS COSMETOLOGY SCHOOL          ,WI,52511-0000,Proprietary  ,15,20,35,15,20,35
04183600,SALON PROFESSIONAL ACADEMY OF KENOSHA (T,WI,53142-4950,Proprietary  ,24,41,65,24,41,65
04193800,SHEPHERDS COLLEGE                       ,WI,53182-1527,Private      ,7,9,16,7,9,16
04202800,PANACHE ACADEMY OF BEAUTY               ,WI,53913-2596,Proprietary  ,5,12,17,5,12,17
04219300,EAST-WEST HEALING ARTS INSTITUTE        ,WI,53719-1133,Proprietary  ,10,30,40,10,30,40
04231400,BELLA ACADEMY OF COSMETOLOGY            ,WI,54901-4738,Proprietary  ,11,12,23,11,12,23
04237400,WRIGHT GRADUATE UNIVERSITY FOR THE REALI,WI,53121-2556,Private      ,6,12,18,6,12,18
00290500,NORTH CAROLINA A&T STATE UNIV           ,NC,27411-0001,Public       ,10851,3135,13986,10851,3135,13986
00290600,APPALACHIAN STATE UNIVERSITY            ,NC,28608-2059,Public       ,13728,2774,16502,13728,2774,16502
00290700,UNIVERSITY OF NC AT ASHEVILLE           ,NC,28804-3299,Public       ,3501,910,4411,3501,910,4411
00290800,BARTON COLLEGE                          ,NC,27893-3104,Private      ,1001,307,1308,1001,307,1308
00291000,BELMONT ABBEY COLLEGE                   ,NC,28012-1802,Private      ,1080,383,1463,1080,383,1463
00291100,BENNETT COLLEGE                         ,NC,27401-3239,Private      ,680,188,868,680,188,868
00291200,BREVARD COLLEGE                         ,NC,28712-3306,Private      ,873,86,959,873,86,959
00291300,CAMPBELL UNIVERSITY                     ,NC,27506-0036,Private      ,3896,2038,5934,3896,2038,5934
00291400,CATAWBA COLLEGE                         ,NC,28144-2488,Private      ,1422,267,1689,1422,267,1689
00291500,CENTRAL PIEDMONT COMMUNITY COLLEGE      ,NC,28204-2297,Public       ,4116,5052,9168,4116,5052,9168
00291600,CHOWAN UNIVERSITY                       ,NC,27855-1850,Private      ,1798,253,2051,1798,253,2051
00291700,COLLEGE OF THE ALBEMARLE                ,NC,27909-2327,Public       ,377,524,901,377,524,901
00291800,DAVIDSON COLLEGE                        ,NC,28035-7157,Private      ,3095,110,3205,3095,110,3205
00291900,DAVIDSON COUNTY COMMUNITY COLLEGE       ,NC,27293-0000,Public       ,715,1425,2140,715,1425,2140
00292000,DUKE UNIVERSITY                         ,NC,27708-0397,Private      ,15329,1720,17049,15329,1720,17049
00292001,DUKE UNIV - SCHOOL OF MEDICINE          ,NC,27710-0000,Private      ,164,625,789,164,625,789
00292002,DUKE UNIV - SCHOOL OF LAW               ,NC,27708-0000,Private      ,55,1621,1676,55,1621,1676
00292003,DUKE UNIV - GRAD SCH ARTS & SCIENCE     ,NC,27708-0000,Private      ,169,422,591,169,422,591
00292004,DUKE UNIV - FUQUA SCH OF BUSINESS       ,NC,27708-0000,Private      ,135,509,644,135,509,644
00292005,DUKE UNIV/NICHOLAS SCH OF ENVIRON.      ,NC,27708-0000,Private      ,38,255,293,38,255,293
00292006,DUKE UNIV - DIVINITY SCHOOL             ,NC,27708-0000,Private      ,712,428,1140,712,428,1140
00292007,DUKE UNIV - SCHOOL OF NURSING           ,NC,27710-0000,Private      ,123,809,932,123,809,932
00292010,DUKE UNIVERSITY - SCHOOL OF PUBLIC POLIC,NC,27708-0239,Private      ,22,158,180,22,158,180
00292300,EAST CAROLINA UNIVERSITY                ,NC,27858-1818,Public       ,18294,6132,24426,18294,6132,24426
00292600,ELIZABETH CITY STATE UNIVERSITY         ,NC,27909-7806,Public       ,1552,535,2087,1552,535,2087
00292700,ELON UNIVERSITY                         ,NC,27244-2010,Private      ,6340,680,7020,6340,680,7020
00292800,FAYETTEVILLE STATE UNIVERSITY           ,NC,28301-4298,Public       ,3250,2816,6066,3250,2816,6066
00292900,GARDNER-WEBB UNIVERSITY                 ,NC,28017-0000,Private      ,1900,1243,3143,1900,1243,3143
00293000,GREENSBORO COLLEGE                      ,NC,27401-1875,Private      ,1201,445,1646,1201,445,1646
00293100,GUILFORD COLLEGE                        ,NC,27410-4171,Private      ,1900,901,2801,1900,901,2801
00293300,HIGH POINT UNIVERSITY                   ,NC,27262-4221,Private      ,6055,366,6421,6055,366,6421
00293400,ISOTHERMAL COMMUNITY COLLEGE            ,NC,28160-0804,Public       ,350,322,672,350,322,672
00293500,LAUREL UNIVERSITY                       ,NC,27265-3197,Private      ,43,77,120,43,77,120
00293600,JOHNSON C SMITH UNIVERSITY              ,NC,28216-5398,Private      ,1796,820,2616,1796,820,2616
00293700,KING'S COLLEGE-CHARLOTTE                ,NC,28204-2435,Proprietary  ,338,230,568,338,230,568
00293900,LEES MCRAE COLLEGE                      ,NC,28604-0000,Private      ,810,224,1034,810,224,1034
00294000,LENOIR COMMUNITY COLLEGE                ,NC,28502-0188,Public       ,405,698,1103,405,698,1103
00294100,LENOIR-RHYNE UNIVERSITY                 ,NC,28603-0000,Private      ,2243,551,2794,2243,551,2794
00294200,LIVINGSTONE COLLEGE                     ,NC,28144-5298,Private      ,1192,293,1485,1192,293,1485
00294300,LOUISBURG COLLEGE                       ,NC,27549-2398,Private      ,599,93,692,599,93,692
00294400,MARS HILL COLLEGE                       ,NC,28754-0000,Private      ,1499,229,1728,1499,229,1728
00294500,MEREDITH COLLEGE                        ,NC,27607-5298,Private      ,1599,484,2083,1599,484,2083
00294600,METHODIST UNIVERSITY                    ,NC,28311-1420,Private      ,2075,766,2841,2075,766,2841
00294700,MITCHELL COMMUNITY COLLEGE              ,NC,28677-5264,Public       ,450,596,1046,450,596,1046
00294800,MONTREAT COLLEGE                        ,NC,28757-1267,Private      ,377,300,677,377,300,677
00294900,UNIVERSITY OF MOUNT OLIVE               ,NC,28365-1299,Private      ,946,1325,2271,946,1325,2271
00295000,NORTH CAROLINA CENTRAL UNIVERSITY       ,NC,27707-3198,Public       ,7415,3818,11233,7415,3818,11233
00295100,NORTH CAROLINA WESLEYAN COLLEGE         ,NC,27804-8699,Private      ,1030,704,1734,1030,704,1734
00295300,WILLIAM PEACE UNIVERSITY                ,NC,27604-1194,Private      ,995,300,1295,995,300,1295
00295400,UNIV OF NORTH CAROLINA AT PEMBROKE      ,NC,28372-1510,Public       ,4743,1804,6547,4743,1804,6547
00295500,PFEIFFER UNIVERSITY                     ,NC,28109-0000,Private      ,676,446,1122,676,446,1122
00295600,PIEDMONT INTERNATIONAL UNIVERSITY       ,NC,27101-5025,Private      ,66,144,210,66,144,210
00295700,QUEENS UNIVERSITY OF CHARLOTTE          ,NC,28274-0001,Private      ,1595,790,2385,1595,790,2385
00295800,ROCKINGHAM COMMUNITY COLLEGE            ,NC,27375-0000,Public       ,411,466,877,411,466,877
00296000,SALEM COLLEGE                           ,NC,27108-0000,Private      ,726,303,1029,726,303,1029
00296100,SANDHILLS COMMUNITY COLLEGE             ,NC,28374-8283,Public       ,633,857,1490,633,857,1490
00296200,SHAW UNIVERSITY                         ,NC,27601-2393,Private      ,1484,738,2222,1484,738,2222
00296300,SOUTHEASTERN BAPTIST THEOL SEMINARY     ,NC,27588-0000,Private      ,86,98,184,86,98,184
00296400,SOUTHEASTERN COMMUNITY COLLEGE          ,NC,28472-5422,Public       ,221,268,489,221,268,489
00296800,ST AUGUSTINES COLLEGE                   ,NC,27610-2298,Private      ,910,279,1189,910,279,1189
00297000,SURRY COMMUNITY COLLEGE                 ,NC,27017-0304,Public       ,589,520,1109,589,520,1109
00297200,NORTH CAROLINA STATE UNIV-RALEIGH       ,NC,27695-7001,Public       ,24443,6381,30824,24443,6381,30824
00297300,GASTON COLLEGE                          ,NC,28034-1499,Public       ,914,1316,2230,914,1316,2230
00297400,UNIVERSITY OF N C-CHAPEL HILL           ,NC,27514-0000,Public       ,24141,8101,32242,24141,8101,32242
00297500,UNIVERSITY OF NC AT CHARLOTTE           ,NC,28223-0001,Public       ,20414,6955,27369,20414,6955,27369
00297600,UNIVERSITY OF N C - GREENSBORO          ,NC,27412-0001,Public       ,13021,5623,18644,13021,5623,18644
00297800,WAKE FOREST UNIV - UNDERGRADUATE        ,NC,27109-7246,Private      ,7439,255,7694,7439,255,7694
00297801,WAKE FOREST UNIV - SCH OF MEDICINE      ,NC,27157-1090,Private      ,74,1097,1171,74,1097,1171
00297803,WAKE FOREST GRAD SCHOOLS OF BUSINESS    ,NC,27109-7659,Private      ,53,314,367,53,314,367
00297805,WAKE FOREST UNIV - SCH OF LAW           ,NC,27109-7206,Private      ,29,874,903,29,874,903
00297806,WAKE FOREST UNIV - GRAD A&S/DIVINITY    ,NC,27109-7246,Private      ,30,382,412,30,382,412
00297900,WARREN WILSON COLLEGE                   ,NC,28815-0000,Private      ,813,189,1002,813,189,1002
00298000,WAYNE COMMUNITY COLLEGE                 ,NC,27533-0000,Public       ,462,811,1273,462,811,1273
00298100,WESTERN CAROLINA UNIVERSITY             ,NC,28723-9731,Public       ,8095,2259,10354,8095,2259,10354
00298200,WESTERN PIEDMONT COMMUNITY COLLEGE      ,NC,28655-4504,Public       ,401,474,875,401,474,875
00298300,WILKES COMMUNITY COLLEGE                ,NC,28697-2100,Public       ,448,440,888,448,440,888
00298400,UNIVERSITY OF N C-WILMINGTON            ,NC,28403-3297,Public       ,11459,2977,14436,11459,2977,14436
00298500,WINGATE UNIVERSITY                      ,NC,28174-0159,Private      ,3602,775,4377,3602,775,4377
00298600,WINSTON-SALEM STATE UNIVERSITY          ,NC,27102-0000,Public       ,5559,2313,7872,5559,2313,7872
00398100,UNC SCHOOL OF THE ARTS                  ,NC,27127-2188,Public       ,1188,264,1452,1188,264,1452
00403300,ASHEVILLE BUNCOMBE TECH CMTY CLG        ,NC,28801-4897,Public       ,930,1448,2378,930,1448,2378
00406200,PITT COMMUNITY COLLEGE                  ,NC,28590-0000,Public       ,1749,2410,4159,1749,2410,4159
00483500,CALDWELL COMMUNITY CLG & TECH INST      ,NC,28638-2626,Public       ,613,728,1341,613,728,1341
00483800,GUILFORD TECHNICAL COMMUNITY CLG        ,NC,27282-0309,Public       ,2524,4321,6845,2524,4321,6845
00484400,WAKE TECHNICAL COMMUNITY COLLEGE        ,NC,27603-5696,Public       ,4276,6060,10336,4276,6060,10336
00484500,WILSON COMMUNITY COLLEGE                ,NC,27893-3310,Public       ,215,545,760,215,545,760
00499201,MILLER-MOTTE TECHNICAL COLLEGE - MILLER-,NC,27511-9209,Proprietary  ,22,119,141,22,119,141
00499202,MILLER-MOTTE TECHNICAL COLLEGE - MILLER-,NC,27604-6072,Proprietary  ,104,340,444,104,340,444
00499203,MILLER-MOTTE TECHNICAL COLLEGE - FAYETTE,NC,28311-7651,Proprietary  ,71,421,492,71,421,492
00499205,MILLER-MOTTE TECHNICAL COLLEGE - MILLER-,NC,28540-5901,Proprietary  ,30,241,271,30,241,271
00531600,COASTAL CAROLINA COMMUNITY COLLEGE      ,NC,28546-6816,Public       ,619,1330,1949,619,1330,1949
00531700,FORSYTH TECHNICAL COMMUNITY COLLEGE     ,NC,27103-5197,Public       ,1666,2830,4496,1666,2830,4496
00531800,CATAWBA VALLEY COMMUNITY COLLEGE        ,NC,28602-8302,Public       ,1105,1111,2216,1105,1111,2216
00532000,CAPE FEAR COMMUNITY COLLEGE             ,NC,28401-3910,Public       ,1637,1697,3334,1637,1697,3334
00544700,RANDOLPH COMMUNITY COLLEGE              ,NC,27204-1009,Public       ,497,676,1173,497,676,1173
00544800,DURHAM TECHNICAL CMNTY COLLEGE          ,NC,27703-5023,Public       ,849,1823,2672,849,1823,2672
00544900,CENTRAL CAROLINA COMMUNITY COLLEGE      ,NC,27330-9000,Public       ,693,1206,1899,693,1206,1899
00546300,ALAMANCE COMMUNITY COLLEGE              ,NC,27253-0000,Public       ,723,1170,1893,723,1170,1893
00546400,RICHMOND COMMUNITY COLLEGE              ,NC,28345-4522,Public       ,262,450,712,262,450,712
00575400,ROWAN-CABARRUS COMMUNITY COLLEGE        ,NC,28146-8357,Public       ,727,1290,2017,727,1290,2017
00647700,CABARRUS COLLEGE OF HEALTH SCIENCES     ,NC,28025-0000,Private      ,191,318,509,191,318,509
00647800,MERCY HOSP SCH OF NURSING               ,NC,28207-0000,Public       ,57,178,235,57,178,235
00648300,WATTS SCHOOL OF NURSING                 ,NC,27704-0000,Private      ,41,120,161,41,120,161
00679900,CRAVEN COMMUNITY COLLEGE                ,NC,28562-0000,Public       ,355,938,1293,355,938,1293
00703100,PAMLICO COMMUNITY COLLEGE               ,NC,28529-0000,Public       ,24,99,123,24,99,123
00764000,FAYETTEVILLE TECHNICAL CMTY COLLEGE     ,NC,28303-0236,Public       ,1268,4193,5461,1268,4193,5461
00768700,JAMES SPRUNT COMMUNITY COLLEGE          ,NC,28349-0398,Public       ,160,317,477,160,317,477
00781400,BROOKSTONE COLLEGE OF BUSINESS          ,NC,28262-1294,Proprietary  ,38,149,187,38,149,187
00781401,BROOKSTONE COLLEGE OF BUSINESS          ,NC,27409-0000,Proprietary  ,21,100,121,21,100,121
00789200,SAMPSON COMMUNITY COLLEGE               ,NC,28328-0000,Public       ,204,356,560,204,356,560
00798500,SOUTH PIEDMONT COMMUNITY COLLEGE        ,NC,28135-9703,Public       ,282,492,774,282,492,774
00798600,HALIFAX COMMUNITY COLLEGE               ,NC,27890-0089,Public       ,185,273,458,185,273,458
00798700,BLADEN COMMUNITY COLLEGE                ,NC,28332-0266,Public       ,133,322,455,133,322,455
00798800,MARTIN COMMUNITY COLLEGE                ,NC,27892-8307,Public       ,90,151,241,90,151,241
00808100,CARTERET COMMUNITY COLLEGE              ,NC,28557-2989,Public       ,228,458,686,228,458,686
00808200,CLEVELAND COMMUNITY COLLEGE             ,NC,28150-0000,Public       ,306,590,896,306,590,896
00808300,HAYWOOD COMMUNITY COLLEGE               ,NC,28721-0000,Public       ,186,406,592,186,406,592
00808500,MCDOWELL TECHNICAL COMMUNITY CLG        ,NC,28752-8728,Public       ,101,177,278,101,177,278
00808700,MONTGOMERY COMMUNITY COLLEGE            ,NC,27371-0787,Public       ,106,185,291,106,185,291
00846600,SOUTHWESTERN COMMUNITY COLLEGE          ,NC,28779-8581,Public       ,344,528,872,344,528,872
00855700,NASH COMMUNITY COLLEGE                  ,NC,27804-0488,Public       ,477,930,1407,477,930,1407
00855800,BEAUFORT COUNTY COMMUNITY COLLEGE       ,NC,27889-7889,Public       ,242,512,754,242,512,754
00861200,ROBESON COMMUNITY COLLEGE               ,NC,28359-2151,Public       ,325,671,996,325,671,996
00861300,ROANOKE-CHOWAN COMMUNITY COLLEGE        ,NC,27910-9522,Public       ,109,159,268,109,159,268
00885500,EDGECOMBE COMMUNITY COLLEGE             ,NC,27886-9399,Public       ,227,854,1081,227,854,1081
00933600,JOHNSTON COMMUNITY COLLEGE              ,NC,27577-0000,Public       ,633,925,1558,633,925,1558
00943000,TRI-COUNTY COMMUNITY COLLEGE            ,NC,28906-7919,Public       ,112,161,273,112,161,273
00964600,PIEDMONT COMMUNITY COLLEGE              ,NC,27573-1197,Public       ,150,244,394,150,244,394
00968400,BLUE RIDGE COMMUNITY COLLEGE            ,NC,28731-9624,Public       ,248,423,671,248,423,671
00974701,GORDON-CONWELL THEO SEM - CHARLOTTE     ,NC,28273-0000,Private      ,4,71,75,4,71,75
00990300,VANCE-GRANVILLE CMTY COLLEGE            ,NC,27536-0917,Public       ,352,655,1007,352,655,1007
01019804,ECPI UNIVERSITY - GREENSBORO            ,NC,27409-9048,Proprietary  ,112,325,437,112,325,437
01019805,ECPI UNIVERSITY - CHARLOTTE             ,NC,28208-5886,Proprietary  ,128,547,675,128,547,675
01019810,ECPI UNIVERSITY - RALEIGH               ,NC,27613-7387,Proprietary  ,93,352,445,93,352,445
01019812,ECPI UNIVERSITY - CONCORD               ,NC,28262-0000,Proprietary  ,48,161,209,48,161,209
01026400,SOUTH COLLEGE                           ,NC,28803-3152,Proprietary  ,50,156,206,50,156,206
01119400,STANLY COMMUNITY COLLEGE                ,NC,28001-7458,Public       ,300,665,965,300,665,965
01119700,MAYLAND COMMUNITY COLLEGE               ,NC,28777-2777,Public       ,137,128,265,137,128,265
01179900,PAUL MITCHELL THE SCHOOL FAYETTEVILLE   ,NC,28303-5364,Proprietary  ,35,139,174,35,139,174
01192600,LEON'S BEAUTY SCHOOL                    ,NC,27403-2812,Proprietary  ,55,87,142,55,87,142
01303918,SOUTH UNIVERSITY - THE ART INSTITUTE OF ,NC,28217-4536,Proprietary  ,483,339,822,483,339,822
02056500,MITCHELL'S HAIR STYLING ACADEMY         ,NC,27893-0000,Proprietary  ,10,19,29,10,19,29
02056501,MITCHELL'S HAIR STYLING ACADEMY - MITCHE,NC,27606-3326,Proprietary  ,25,63,88,25,63,88
02158414,HARRISON COLLEGE - THE CHEF'S ACADEMY - ,NC,27560-0000,Proprietary  ,52,88,140,52,88,140
02170700,BRUNSWICK COMMUNITY COLLEGE             ,NC,28422-0000,Public       ,258,324,582,258,324,582
02205000,COLLEGE OF WILMINGTON                   ,NC,28403-0000,Proprietary  ,126,157,283,126,157,283
02210400,FAYETTEVILLE BEAUTY COLLEGE             ,NC,28303-0000,Proprietary  ,29,114,143,29,114,143
02227800,MITCHELL'S HAIR STYLING ACADEMY         ,NC,27534-0000,Proprietary  ,8,29,37,8,29,37
02280900,MID-ATLANTIC CHRISTIAN UNIVERSITY       ,NC,27909-0000,Private      ,105,42,147,105,42,147
02326203,KAPLAN CAREER INSTITUTE - KAPLAN COLLEGE,NC,28212-6830,Proprietary  ,75,465,540,75,465,540
02560600,PINNACLE INSTITUTE OF COSMETOLOGY       ,NC,28115-8020,Proprietary  ,11,30,41,11,30,41
02614201,MILLER-MOTTE BUSINESS COLLEGE           ,NC,28403-0000,Proprietary  ,107,1252,1359,107,1252,1359
02614205,MILLER - MOTTE TECHNICAL COLLEGE - MILLE,NC,27834-5052,Proprietary  ,54,228,282,54,228,282
03009500,WINSTON-SALEM BARBER SCHOOL             ,NC,27107-0000,Proprietary  ,33,29,62,33,29,62
03064400,REGENCY BEAUTY INSTITUTE                ,NC,27127-0000,Proprietary  ,32,74,106,32,74,106
03089300,HERITAGE BIBLE COLLEGE                  ,NC,28335-0000,Private      ,7,22,29,7,22,29
03104200,CAROLINAS COLLEGE OF HEALTH SCIENCE     ,NC,28232-2861,Public       ,248,502,750,248,502,750
03109000,LIVING ARTS COLLEGE                     ,NC,27614-7076,Proprietary  ,179,164,343,179,164,343
03361300,MEDICAL ARTS MASSAGE SCHOOL             ,NC,27616-6453,Proprietary  ,14,89,103,14,89,103
03513400,APEX SCHOOL OF THEOLOGY                 ,NC,27703-8024,Private      ,6,286,292,6,286,292
03555300,SOUTHEASTERN INSTITUTE                  ,NC,28217-0000,Proprietary  ,24,147,171,24,147,171
03570300,CAROLINA CHRISTIAN COLLEGE              ,NC,27105-3241,Private      ,19,37,56,19,37,56
03663300,HOOD THEOLOGICAL SEMINARY               ,NC,28144-5768,Private      ,2,41,43,2,41,43
03748500,DURHAM BEAUTY ACADEMY                   ,NC,27707-3569,Proprietary  ,23,32,55,23,32,55
03777300,PAUL MITCHELL THE SCHOOL GASTONIA       ,NC,28054-0460,Proprietary  ,60,85,145,60,85,145
03827300,CHARLOTTE CHRISTIAN COLLEGE AND THEOLOGI,NC,28205-1648,Private      ,14,89,103,14,89,103
04073300,JUNG TAO SCHOOL OF CLASSICAL CHINESE MED,NC,28679-9657,Private      ,0,17,17,0,17,17
04101300,CAROLINA SCHOOL OF BROADCASTING         ,NC,28214-8085,Proprietary  ,53,108,161,53,108,161
04115700,REGINA'S COLLEGE OF BEAUTY              ,NC,28110-2831,Proprietary  ,5,29,34,5,29,34
04120300,HEALTH AND STYLE INSTITUTE              ,NC,27265-3114,Proprietary  ,25,67,92,25,67,92
04129400,CENTER FOR MASSAGE & NATURAL HEALTH     ,NC,28787-8331,Proprietary  ,4,29,33,4,29,33
04140700,AVEDA INSTITUTE CHAPEL HILL             ,NC,27516-2559,Proprietary  ,61,77,138,61,77,138
04143500,CHARLOTTE SCHOOL OF LAW                 ,NC,28208-2816,Proprietary  ,49,850,899,49,850,899
04146400,DAOIST TRADITIONS COLLEGE OF CHINESE MED,NC,28801-1060,Proprietary  ,1,25,26,1,25,26
04149300,PARK WEST BARBER SCHOOL                 ,NC,27701-4022,Proprietary  ,50,224,274,50,224,274
04154200,CAROLINA COLLEGE OF BIBLICAL STUDIES    ,NC,29303-5157,Private      ,6,102,108,6,102,108
04172800,BODY THERAPY INSTITUTE                  ,NC,27344-6728,Proprietary  ,6,9,15,6,9,15
04173000,SHEPHERDS THEOLOGICAL SEMINARY          ,NC,27518-9316,Private      ,1,8,9,1,8,9
04173700,GRACE COLLEGE OF DIVINITY               ,NC,28314-2343,Private      ,11,48,59,11,48,59
04178100,CAROLINA COLLEGE OF HAIR DESIGN         ,NC,28802-1232,Proprietary  ,11,38,49,11,38,49
04204700,PAUL MITCHELL THE SCHOOL RALEIGH        ,NC,27612-7358,Proprietary  ,41,65,106,41,65,106
04206500,MYCOMPUTERCAREER.COM                    ,NC,27606-3365,Proprietary  ,20,107,127,20,107,127
04214600,GRACE COLLEGE OF BARBERING              ,NC,28513-7178,Private      ,3,7,10,3,7,10
04219100,ALEXANDER PAUL INSTITUTE OF HAIR DESIGN ,NC,27858-3344,Proprietary  ,10,19,29,10,19,29
04227600,SHERRILL'S UNIVERSITY OF BARBER & COSMET,NC,27610-2431,Proprietary  ,24,68,92,24,68,92
04228400,BEYOND MEASURE BARBERING INSTITUTE      ,NC,27302-2323,Proprietary  ,4,14,18,4,14,18
00298800,BISMARCK STATE COLLEGE                  ,ND,58501-1299,Public       ,594,370,964,594,370,964
00298900,DICKINSON STATE UNIVERSITY              ,ND,58601-4896,Public       ,365,164,529,365,164,529
00299000,UNIVERSITY OF JAMESTOWN                 ,ND,58405-3401,Private      ,683,73,756,683,73,756
00299100,LAKE REGION STATE COLLEGE               ,ND,58301-1598,Public       ,128,115,243,128,115,243
00299200,UNIVERSITY OF MARY                      ,ND,58504-9652,Private      ,967,420,1387,967,420,1387
00299300,MAYVILLE STATE UNIVERSITY               ,ND,58257-1299,Public       ,343,137,480,343,137,480
00299400,MINOT STATE UNIVERSITY                  ,ND,58707-0001,Public       ,711,527,1238,711,527,1238
00299500,DAKOTA COLLEGE AT BOTTINEAU             ,ND,58318-1159,Public       ,124,60,184,124,60,184
00299600,NORTH DAKOTA STATE CLG OF SCIENCE       ,ND,58076-0002,Public       ,611,175,786,611,175,786
00299700,NORTH DAKOTA STATE UNIV - FARGO         ,ND,58102-0000,Public       ,5380,1148,6528,5380,1148,6528
00299702,NORTH DAKOTA STATE UNIV NURSING         ,ND,58501-4425,Public       ,3,4,7,3,4,7
00300500,UNIVERSITY OF NORTH DAKOTA              ,ND,58202-8193,Public       ,4187,2030,6217,4187,2030,6217
00300700,WILLISTON STATE COLLEGE                 ,ND,58802-1326,Public       ,135,137,272,135,137,272
00300800,VALLEY CITY STATE UNIVERSITY            ,ND,58072-0000,Public       ,367,110,477,367,110,477
00775600,JOSEF'S SCHOOL OF HAIR DESIGN INC       ,ND,58102-4977,Proprietary  ,11,15,26,11,15,26
00869408,RASMUSSEN COLLEGE - FARGO               ,ND,58103-7196,Proprietary  ,28,150,178,28,150,178
00869415,RASMUSSEN COLLEGE - BISMARCK            ,ND,58503-0000,Proprietary  ,9,96,105,9,96,105
01040600,JOSEF'S SCHOOL OF HAIR DESIGN           ,ND,58201-6394,Proprietary  ,12,27,39,12,27,39
01205900,TRINITY BIBLE COLLEGE                   ,ND,58436-7150,Private      ,140,37,177,140,37,177
01229500,JZ TREND ACADEMY PAUL MITCHELL PARTNER S,ND,58501-0000,Proprietary  ,4,10,14,4,10,14
02188200,SITTING BULL COLLEGE                    ,ND,58538-9701,Public       ,10,61,71,10,61,71
02236500,LITTLE HOOP COMMUNITY COLLEGE           ,ND,58335-0000,Public       ,7,36,43,7,36,43
02242900,UNITED TRIBES TECHNICAL COLLEGE         ,ND,58504-0000,Private      ,73,174,247,73,174,247
02298200,HEADQUARTERS ACADEMY OF HAIR DESIGN     ,ND,58701-0000,Proprietary  ,10,17,27,10,17,27
02301100,TURTLE MTN CMNTY COLG-FIN AID OFC       ,ND,58316-0000,Private      ,62,97,159,62,97,159
02553700,FORT BERTHOLD COMMUNITY COLLEGE         ,ND,58763-0000,Public       ,15,35,50,15,35,50
03087200,MOLER BARBER CLG OF HAIRSTYLING         ,ND,58103-0000,Proprietary  ,2,6,8,2,6,8
04031300,SALON PROFESSIONAL ACADEMY (THE)        ,ND,58103-3337,Proprietary  ,19,25,44,19,25,44
04139400,HAIR ACADEMY (THE)                      ,ND,58501-4929,Proprietary  ,15,8,23,15,8,23
04223500,LYNNES WELDING TRAINING                 ,ND,58102-4018,Proprietary  ,7,18,25,7,18,25
00301005,ANTIOCH UNIV/SEATTLE                    ,WA,98121-0000,Private      ,65,601,666,65,601,666
00376900,BELLEVUE COLLEGE                        ,WA,98007-6484,Public       ,3622,3831,7453,3622,3831,7453
00377000,BIG BEND COMMUNITY COLLEGE              ,WA,98837-3299,Public       ,830,794,1624,830,794,1624
00377100,CENTRAL WASHINGTON UNIVERSITY           ,WA,98926-7495,Public       ,10746,4262,15008,10746,4262,15008
00377200,CENTRALIA COLLEGE                       ,WA,98531-4099,Public       ,841,1084,1925,841,1084,1925
00377300,CLARK COLLEGE                           ,WA,98663-3598,Public       ,3174,4055,7229,3174,4055,7229
00377400,COLUMBIA BASIN COLLEGE                  ,WA,99301-3379,Public       ,2352,2309,4661,2352,2309,4661
00377500,EASTERN WASHINGTON UNIVERSITY           ,WA,99004-2447,Public       ,11990,5524,17514,11990,5524,17514
00377600,EVERETT COMMUNITY COLLEGE               ,WA,98201-1352,Public       ,2589,3560,6149,2589,3560,6149
00377700,HERITAGE UNIVERSITY                     ,WA,98948-9562,Private      ,630,861,1491,630,861,1491
00377800,GONZAGA UNIVERSITY                      ,WA,99258-0083,Private      ,7435,2029,9464,7435,2029,9464
00377900,GRAYS HARBOR COLLEGE                    ,WA,98520-7599,Public       ,512,810,1322,512,810,1322
00378000,GREEN RIVER COMMUNITY COLLEGE           ,WA,98092-3622,Public       ,2211,2584,4795,2211,2584,4795
00378100,HIGHLINE COMMUNITY COLLEGE              ,WA,98198-9800,Public       ,2349,2942,5291,2349,2942,5291
00378200,LOWER COLUMBIA COLLEGE                  ,WA,98632-0310,Public       ,771,1434,2205,771,1434,2205
00378300,NORTHWEST UNIVERSITY                    ,WA,98083-0000,Private      ,1172,592,1764,1172,592,1764
00378400,OLYMPIC COLLEGE                         ,WA,98337-1600,Public       ,1234,2653,3887,1234,2653,3887
00378500,PACIFIC LUTHERAN UNIVERSITY             ,WA,98447-0003,Private      ,4236,1589,5825,4236,1589,5825
00378600,PENINSULA COLLEGE                       ,WA,98362-6660,Public       ,426,854,1280,426,854,1280
00378700,SEATTLE CENTRAL COMMUNITY COLLEGE       ,WA,98122-2413,Public       ,2377,3661,6038,2377,3661,6038
00378703,SEATTLE VOCATIONAL INSTITUTE            ,WA,98144-0000,Public       ,84,249,333,84,249,333
00378800,SEATTLE PACIFIC UNIVERSITY              ,WA,98119-1997,Private      ,6704,1886,8590,6704,1886,8590
00379000,SEATTLE UNIVERSITY                      ,WA,98122-1090,Private      ,8840,4587,13427,8840,4587,13427
00379100,SHORELINE COMMUNITY COLLEGE             ,WA,98133-5696,Public       ,1877,2591,4468,1877,2591,4468
00379200,SKAGIT VALLEY COLLEGE                   ,WA,98273-5899,Public       ,1201,1668,2869,1201,1668,2869
00379300,SPOKANE COMMUNITY COLLEGE               ,WA,99207-5399,Public       ,2918,4904,7822,2918,4904,7822
00379400,ST MARTIN'S UNIVERSITY                  ,WA,98503-7500,Private      ,1194,781,1975,1194,781,1975
00379600,TACOMA COMMUNITY COLLEGE                ,WA,98466-6100,Public       ,2885,5253,8138,2885,5253,8138
00379700,UNIVERSITY OF PUGET SOUND               ,WA,98416-1039,Private      ,4979,1179,6158,4979,1179,6158
00379800,UNIVERSITY OF WASHINGTON                ,WA,98195-1122,Public       ,38826,22433,61259,38826,22433,61259
00379900,WALLA WALLA UNIVERSITY                  ,WA,99324-1198,Private      ,1288,433,1721,1288,433,1721
00380000,WASHINGTON STATE UNIVERSITY             ,WA,99164-1035,Public       ,27435,10489,37924,27435,10489,37924
00380100,WENATCHEE VALLEY COLLEGE                ,WA,98801-1799,Public       ,1236,1120,2356,1236,1120,2356
00380200,WESTERN WASHINGTON UNIVERSITY           ,WA,98225-5946,Public       ,16431,3887,20318,16431,3887,20318
00380300,WHITMAN COLLEGE                         ,WA,99362-2067,Private      ,2571,106,2677,2571,106,2677
00380400,WHITWORTH UNIVERSITY                    ,WA,99251-0001,Private      ,3804,886,4690,3804,886,4690
00380500,YAKIMA VALLEY COMMUNITY COLLEGE         ,WA,98907-2520,Public       ,2154,2622,4776,2154,2622,4776
00499900,BELLINGHAM TECHNICAL COLLEGE            ,WA,98225-0000,Public       ,766,1365,2131,766,1365,2131
00500000,PIERCE COLLEGE                          ,WA,98498-1919,Public       ,2268,3915,6183,2268,3915,6183
00500100,EDMONDS COMMUNITY COLLEGE               ,WA,98036-5999,Public       ,1761,2477,4238,1761,2477,4238
00500600,WALLA WALLA COMMUNITY COLLEGE           ,WA,99362-9267,Public       ,1443,1395,2838,1443,1395,2838
00530600,BATES TECHNICAL COLLEGE                 ,WA,98405-0000,Public       ,669,1694,2363,669,1694,2363
00537200,SOUTH PUGET SOUND COMMUNITY COLLEGE     ,WA,98512-6292,Public       ,1436,2412,3848,1436,2412,3848
00537300,LAKE WASHINGTON TECHNICAL COLLEGE       ,WA,98034-8505,Public       ,506,1158,1664,506,1158,1664
00575200,CLOVER PARK TECHNICAL COLLEGE           ,WA,98499-0000,Public       ,924,2888,3812,924,2888,3812
00815500,EVERGREEN STATE COLLEGE (THE)           ,WA,98505-0002,Public       ,3301,2968,6269,3301,2968,6269
00907901,EVEREST COLLEGE                         ,WA,98684-6950,Proprietary  ,97,162,259,97,162,259
00938700,PERRY TECHNICAL INSTITUTE               ,WA,98903-1239,Private      ,516,517,1033,516,517,1033
00954400,SPOKANE FALLS COMMUNITY COLLEGE         ,WA,99224-5204,Public       ,3192,3384,6576,3192,3384,6576
00970400,NORTH SEATTLE COMMUNITY COLLEGE         ,WA,98103-3599,Public       ,1341,2767,4108,1341,2767,4108
00970600,SOUTH SEATTLE COMMUNITY COLLEGE         ,WA,98106-1499,Public       ,1687,2250,3937,1687,2250,3937
00973900,GLEN DOW ACAD OF HAIR DESIGN            ,WA,99201-0209,Proprietary  ,71,109,180,71,109,180
01036400,WHATCOM COMMUNITY COLLEGE               ,WA,98226-8003,Public       ,1562,1689,3251,1562,1689,3251
01043400,RENTON TECHNICAL COLLEGE                ,WA,98056-0000,Public       ,720,1530,2250,720,1530,2250
01148100,DIVERS INSTITUTE OF TECHNOLOGY          ,WA,98107-0000,Proprietary  ,105,213,318,105,213,318
01231500,CORNISH COLLEGE OF THE ARTS             ,WA,98121-4604,Private      ,1263,332,1595,1263,332,1595
01249600,TONI & GUY HAIRDRESSING ACADEMY         ,WA,98133-5615,Proprietary  ,14,14,28,14,14,28
01302200,CITY UNIVERSITY OF SEATTLE              ,WA,98005-0000,Private      ,222,956,1178,222,956,1178
01309400,BELLINGHAM BEAUTY SCHOOL                ,WA,98226-5515,Proprietary  ,15,11,26,15,11,26
02105300,EVERGREEN BEAUTY AND BARBER COLLEGE     ,WA,98007-3722,Proprietary  ,36,61,97,36,61,97
02106700,TRINITY LUTHERAN COLLEGE                ,WA,98201-3569,Private      ,279,80,359,279,80,359
02180000,NORTHWEST INDIAN COLLEGE                ,WA,98226-9278,Public       ,84,341,425,84,341,425
02184200,PAROBA COLLEGE OF COSMETOLOGY           ,WA,98208-0000,Proprietary  ,23,52,75,23,52,75
02202200,STYLEMASTERS COLLEGE OF HAIR DESIGN     ,WA,98632-0000,Proprietary  ,16,51,67,16,51,67
02203300,GENE JUAREZ BEAUTY SCHOOLS              ,WA,98043-5427,Proprietary  ,128,139,267,128,139,267
02222900,INTERNATIONAL AIR & HOSPITALITY ACADEMY ,WA,98661-4835,Proprietary  ,135,234,369,135,234,369
02236800,PROFESSIONAL BEAUTY SCHOOL              ,WA,98902-0000,Proprietary  ,31,53,84,31,53,84
02242500,BASTYR UNIVERSITY                       ,WA,98028-0000,Private      ,174,1057,1231,174,1057,1231
02291300,ART INSTITUTE OF SEATTLE                ,WA,98121-1622,Proprietary  ,1197,891,2088,1197,891,2088
02300100,EVEREST COLLEGE                         ,WA,98367-1835,Proprietary  ,49,146,195,49,146,195
02300103,EVEREST COLLEGE - EVERETT               ,WA,98208-2610,Proprietary  ,87,219,306,87,219,306
02300104,EVEREST COLLEGE - TACOMA                ,WA,98402-3004,Proprietary  ,191,497,688,191,497,688
02326500,INTERFACE COLLEGE                       ,WA,99201-4326,Proprietary  ,28,90,118,28,90,118
02331400,NORTHWEST HAIR ACADEMY                  ,WA,98273-0000,Proprietary  ,15,26,41,15,26,41
02331402,NORTHWEST HAIR ACADEMY - EVERETT        ,WA,98204-0000,Proprietary  ,17,27,44,17,27,44
02331404,NORTHWEST HAIR ACADEMY - YAKIMA         ,WA,98901-2305,Proprietary  ,25,44,69,25,44,69
02504900,ACADEMY OF HAIR DESIGN (THE)            ,WA,98801-0000,Proprietary  ,19,40,59,19,40,59
02541900,BJ'S BEAUTY AND BARBER COLLEGE          ,WA,98409-0000,Proprietary  ,38,130,168,38,130,168
02602100,NORTHWEST COLLEGE OF ART & DESIGN       ,WA,98370-8625,Proprietary  ,150,44,194,150,44,194
02606200,EVEREST COLLEGE                         ,WA,98055-2990,Proprietary  ,96,214,310,96,214,310
02617500,EVEREST COLLEGE                         ,WA,98133-9018,Proprietary  ,120,190,310,120,190,310
03031406,INTERNATIONAL ACADEMY OF DESIGN & TECH  ,WA,98188-3319,Proprietary  ,108,173,281,108,173,281
03065000,LUCAS MARC ACADEMY                      ,WA,99352-9700,Proprietary  ,31,52,83,31,52,83
03071800,ITT TECHNICAL INSTITUTE                 ,WA,99216-1589,Proprietary  ,170,371,541,170,371,541
03071805,ITT TECHNICAL INSTITUTE - SEATTLE       ,WA,98168-3346,Proprietary  ,250,582,832,250,582,832
03099000,CORTIVA INSTITUTE - SEATTLE             ,WA,98109-5474,Proprietary  ,38,92,130,38,92,130
03110800,BAKKE GRADUATE UNIVERSITY               ,WA,98104-1222,Private      ,11,35,46,11,35,46
03139500,MONTESSORI SCHOOLS OF WASHINGTON        ,WA,98203-6600,Private      ,3,9,12,3,9,12
03280300,SEATTLE INST OF ORIENTAL MEDICINE       ,WA,98115-0000,Proprietary  ,32,75,107,32,75,107
03283300,NORTHWEST HVAC/R ASSOCIATION & TRAINING ,WA,99207-2125,Private      ,18,49,67,18,49,67
03466400,SEATTLE SCHOOL OF THEOLOGY AND PSYCHOLOG,WA,98121-1177,Private      ,59,212,271,59,212,271
03483500,CASCADIA COMMUNITY COLLEGE              ,WA,98011-9510,Public       ,958,730,1688,958,730,1688
03490400,EMIL FRIES PIANO HOSPITAL & TRAININ     ,WA,98661-4323,Private      ,3,7,10,3,7,10
03670301,TONI&GUY HAIRDRESSING ACADEMY -         ,WA,98225-4526,Proprietary  ,30,46,76,30,46,76
03689400,FAITH EVANGELICAL COLLEGE & SEMINARY    ,WA,98407-2607,Private      ,13,178,191,13,178,191
03724300,DIGIPEN INSTITUTE OF TECHNOLOGY         ,WA,98052-5170,Proprietary  ,986,285,1271,986,285,1271
03917300,EVERGREEN BEAUTY AND BARBER COLLEGE     ,WA,98208-3759,Proprietary  ,55,107,162,55,107,162
03932500,TOTAL COSMETOLOGY TRAINING CENTER       ,WA,99217-6231,Proprietary  ,31,56,87,31,56,87
04120000,SUNNYSIDE BEAUTY ACADEMY                ,WA,98944-8711,Proprietary  ,5,11,16,5,11,16
04127200,VICTORIA'S ACADEMY OF COSMETOLOGY       ,WA,99336-3826,Proprietary  ,36,63,99,36,63,99
04130500,PACIFIC NORTHWEST UNIV OF HEALTH SCIENCE,WA,98901-1471,Private      ,38,367,405,38,367,405
04130800,CASCADE BEAUTY COLLEGE                  ,WA,98002-5504,Proprietary  ,24,51,75,24,51,75
04132800,INLAND MASSAGE INSTITUTE                ,WA,99218-5016,Proprietary  ,24,62,86,24,62,86
04149400,GARY MANUEL AVEDA INSTITUTE             ,WA,98122-3807,Proprietary  ,84,138,222,84,138,222
04155000,NORTHWEST SCHOOL OF WOODEN BOAT BUILDING,WA,98339-8706,Private      ,7,35,42,7,35,42
04161200,PINCHOT UNIVERSITY                      ,WA,98104-2617,Private      ,10,43,53,10,43,53
04170100,SALON PROFESSIONAL ACADEMY (THE)        ,WA,98409-7360,Proprietary  ,59,124,183,59,124,183
04172900,ACADEMY OF COSMETOLOGY                  ,WA,99354-2651,Proprietary  ,32,44,76,32,44,76
04188900,NORTHWEST INSTITUTE OF LITERARY ARTS    ,WA,98249-0000,Private      ,3,20,23,3,20,23
04191900,PAUL MITCHELL THE SCHOOL SPOKANE        ,WA,99037-5041,Proprietary  ,90,111,201,90,111,201
04223600,ACADEMY OF INTERACTIVE ENTERTAINMENT    ,WA,98109-4623,Private      ,165,115,280,165,115,280
04231000,STUDIO BEAUTY SCHOOL                    ,WA,99205-3357,Proprietary  ,34,45,79,34,45,79
00340100,BROWN UNIVERSITY                        ,RI,02912-9127,Private      ,17198,751,17949,17198,751,17949
00340101,BROWN UNIVERSITY - GRADUATE SCHOOL      ,RI,02912-1827,Private      ,57,1094,1151,57,1094,1151
00340102,BROWN MEDICAL SCHOOL                    ,RI,02912-0000,Private      ,47,503,550,47,503,550
00340200,BRYANT UNIVERSITY                       ,RI,02917-1284,Private      ,5365,343,5708,5365,343,5708
00340400,JOHNSON & WALES UNIVERSITY              ,RI,02903-3703,Private      ,15423,3025,18448,15423,3025,18448
00340600,PROVIDENCE COLLEGE                      ,RI,02918-0001,Private      ,7262,576,7838,7262,576,7838
00340700,RHODE ISLAND COLLEGE                    ,RI,02908-1991,Public       ,7372,3269,10641,7372,3269,10641
00340800,COMMUNITY COLLEGE OF RI - WARWICK       ,RI,02906-0000,Public       ,5738,5893,11631,5738,5893,11631
00340900,RHODE ISLAND SCHOOL OF DESIGN           ,RI,02903-2784,Private      ,2299,769,3068,2299,769,3068
00341000,ROGER WILLIAMS UNIVERSITY               ,RI,02809-2921,Private      ,8389,1079,9468,8389,1079,9468
00341100,SALVE REGINA UNIVERSITY                 ,RI,02840-4192,Private      ,3964,398,4362,3964,398,4362
00341400,UNIVERSITY OF RHODE ISLAND              ,RI,02881-0000,Public       ,21124,2780,23904,21124,2780,23904
00659100,ST. JOSEPH HOSP SCH OF NURSING          ,RI,02904-5199,Private      ,52,187,239,52,187,239
00784500,NEW ENGLAND INSTITUTE OF TECHNOLOGY     ,RI,02886-0000,Private      ,1739,1560,3299,1739,1560,3299
01246116,LINCOLN TECHNICAL INSTITUTE - LINCOLN   ,RI,02865-4211,Proprietary  ,199,384,583,199,384,583
02531802,PAUL MITCHELL THE SCHOOL-CRANSTON       ,RI,02920-0000,Proprietary  ,41,47,88,41,47,88
02584400,NEW ENGLAND TRACTOR TRAILER TRAINING SCH,RI,02860-1752,Proprietary  ,13,51,64,13,51,64
03080000,NEWPORT SCHOOL OF HAIRDRESSING          ,RI,02860-4038,Proprietary  ,2,15,17,2,15,17
03732300,INTERNATIONAL YACHT RESTORATION SCH     ,RI,02840-6720,Private      ,21,18,39,21,18,39
04141200,TONI & GUY HAIRDRESSING ACADEMY         ,RI,02920-0000,Proprietary  ,38,25,63,38,25,63
04246000,MKG BEAUTY & BUSINESS                   ,RI,02920-4358,Proprietary  ,11,18,29,11,18,29
00294102,LENOIR-RHYNE UNIVERSITY - LUTHERAN THEOL,SC,29203-5863,Private      ,11,34,45,11,34,45
00341700,ALLEN UNIVERSITY                        ,SC,29204-1085,Private      ,413,208,621,413,208,621
00341800,ANDERSON UNIVERSITY                     ,SC,29621-4035,Private      ,2531,605,3136,2531,605,3136
00341900,CHARLESTON SOUTHERN UNIVERSITY          ,SC,29406-2160,Private      ,3102,1025,4127,3102,1025,4127
00342000,BENEDICT COLLEGE                        ,SC,29204-1086,Private      ,1801,661,2462,1801,661,2462
00342100,BOB JONES UNIVERSITY                    ,SC,29614-1000,Proprietary  ,1471,162,1633,1471,162,1633
00342200,SOUTHERN WESLEYAN UNIVERSITY            ,SC,29630-1020,Private      ,492,458,950,492,458,950
00342300,THE CITADEL                             ,SC,29409-0002,Public       ,2087,478,2565,2087,478,2565
00342400,CLAFLIN UNIVERSITY                      ,SC,29115-4498,Private      ,1429,377,1806,1429,377,1806
00342500,CLEMSON UNIVERSITY                      ,SC,29634-0001,Public       ,16439,1858,18297,16439,1858,18297
00342600,UNIV OF SC AT SUMTER                    ,SC,29150-2498,Public       ,375,217,592,375,217,592
00342700,COKER COLLEGE                           ,SC,29550-3797,Private      ,682,320,1002,682,320,1002
00342800,COLLEGE OF CHARLESTON                   ,SC,29424-0100,Public       ,8909,1354,10263,8909,1354,10263
00342900,COLUMBIA INTERNATIONAL UNIVERSITY       ,SC,29203-1599,Private      ,338,211,549,338,211,549
00343000,COLUMBIA COLLEGE                        ,SC,29203-5998,Private      ,656,697,1353,656,697,1353
00343100,CONVERSE COLLEGE                        ,SC,29302-1931,Private      ,767,239,1006,767,239,1006
00343200,ERSKINE COLLEGE                         ,SC,29639-0000,Private      ,527,27,554,527,27,554
00343201,ERSKINE THEOLOGICAL SEMINARY            ,SC,29639-0000,Private      ,4,24,28,4,24,28
00343400,FURMAN UNIVERSITY                       ,SC,29613-5253,Private      ,3026,180,3206,3026,180,3206
00343500,LANDER UNIVERSITY                       ,SC,29649-2099,Public       ,2671,412,3083,2671,412,3083
00343600,LIMESTONE COLLEGE                       ,SC,29340-3799,Private      ,1207,1067,2274,1207,1067,2274
00343800,MEDICAL UNIV OF SOUTH CAROLINA - FA     ,SC,29425-1760,Public       ,221,2063,2284,221,2063,2284
00343900,MORRIS COLLEGE                          ,SC,29150-3599,Private      ,457,183,640,457,183,640
00344000,NEWBERRY COLLEGE                        ,SC,29108-2197,Private      ,1333,168,1501,1333,168,1501
00344100,NORTH GREENVILLE COLLEGE                ,SC,29688-1892,Private      ,1386,203,1589,1386,203,1589
00344500,PRESBYTERIAN COLLEGE                    ,SC,29325-2503,Private      ,1226,192,1418,1226,192,1418
00344600,SOUTH CAROLINA STATE UNIVERSITY         ,SC,29117-4427,Public       ,1965,621,2586,1965,621,2586
00344700,SPARTANBURG METHODIST COLLEGE           ,SC,29301-5899,Private      ,636,93,729,636,93,729
00344800,UNIVERSITY OF SOUTH CAROLINA            ,SC,29208-3999,Public       ,22424,6196,28620,22424,6196,28620
00344900,UNIVERSITY OF SOUTH CAROLINA AIKEN      ,SC,29801-6399,Public       ,2096,651,2747,2096,651,2747
00345000,UNIV OF SC AT BEAUFORT                  ,SC,29902-0000,Public       ,1379,526,1905,1379,526,1905
00345100,COASTAL CAROLINA UNIVERSITY             ,SC,29528-0000,Public       ,10768,1479,12247,10768,1479,12247
00345300,UNIV OF SC AT LANCASTER                 ,SC,29721-0889,Public       ,474,225,699,474,225,699
00345400,UNIV OF SC SYSTEM SALKEHATCHIE          ,SC,29810-0617,Public       ,268,183,451,268,183,451
00345500,VOORHEES COLLEGE                        ,SC,29042-0000,Private      ,311,103,414,311,103,414
00345600,WINTHROP UNIVERSITY                     ,SC,29733-0001,Public       ,4500,972,5472,4500,972,5472
00345700,WOFFORD COLLEGE                         ,SC,29303-3663,Private      ,2270,96,2366,2270,96,2366
00399000,FLORENCE-DARLINGTON TECH COLLEGE        ,SC,29501-0548,Public       ,961,1610,2571,961,1610,2571
00399100,GREENVILLE TECHNICAL COLLEGE            ,SC,29607-2439,Public       ,2311,2882,5193,2311,2882,5193
00399200,PIEDMONT TECHNICAL COLLEGE              ,SC,29648-1467,Public       ,628,1136,1764,628,1136,1764
00399300,MIDLANDS TECHNICAL COLLEGE              ,SC,29202-0000,Public       ,2447,3357,5804,2447,3357,5804
00399400,SPARTANBURG COMMUNITY COLLEGE           ,SC,29305-0000,Public       ,985,1133,2118,985,1133,2118
00399500,CENTRAL CAROLINA TECHNICAL COLLEGE      ,SC,29150-2499,Public       ,547,998,1545,547,998,1545
00399600,YORK TECHNICAL COLLEGE                  ,SC,29730-3395,Public       ,886,1228,2114,886,1228,2114
00492000,TRIDENT TECHNICAL COLLEGE               ,SC,29423-8067,Public       ,2058,4086,6144,2058,4086,6144
00492300,CLINTON JR COLLEGE                      ,SC,29730-5152,Private      ,39,37,76,39,37,76
00492400,FORREST COLLEGE                         ,SC,29624-2405,Proprietary  ,7,45,52,7,45,52
00492500,HORRY-GEORGETOWN TECH COLLEGE           ,SC,29526-9521,Public       ,1524,2367,3891,1524,2367,3891
00492600,TRI-COUNTY TECHNICAL COLLEGE            ,SC,29670-9133,Public       ,1793,1042,2835,1793,1042,2835
00492700,UNIV OF SC AT UNION                     ,SC,29379-0729,Public       ,99,99,198,99,99,198
00499204,MILLER-MOTTE TECHNICAL COLLEGE - CONWAY ,SC,29526-9508,Proprietary  ,64,259,323,64,259,323
00536300,DENMARK TECHNICAL COLLEGE               ,SC,29042-0000,Public       ,110,278,388,110,278,388
00681500,ORANGEBURG-CALHOUN TECHNICAL COLG       ,SC,29118-8299,Public       ,478,622,1100,478,622,1100
00695100,UNIVERSITY OF SOUTH CAROLINA UPSTATE    ,SC,29303-9972,Public       ,3342,1223,4565,3342,1223,4565
00760200,NORTHEASTERN TECHNICAL COLLEGE          ,SC,29520-7015,Public       ,166,271,437,166,271,437
00922600,FRANCIS MARION UNIVERSITY               ,SC,29501-0000,Public       ,2511,707,3218,2511,707,3218
00932200,WILLIAMSBURG TECHNICAL COLLEGE          ,SC,29556-4197,Public       ,76,146,222,76,146,222
00991000,TECHNICAL COLLEGE OF THE LOWCOUNTRY     ,SC,29902-5441,Public       ,380,856,1236,380,856,1236
00991100,UNIV OF SC-REGIONAL CAMPUSES ADMIN      ,SC,29208-0001,Public       ,133,111,244,133,111,244
01005600,AIKEN TECHNICAL COLLEGE                 ,SC,29802-0696,Public       ,516,848,1364,516,848,1364
01019806,ECPI UNIVERSITY - GREENVILLE            ,SC,29615-4232,Proprietary  ,25,187,212,25,187,212
01019809,ECPI UNIVERSITY - CHARLESTON            ,SC,29420-4264,Proprietary  ,29,194,223,29,194,223
01019811,ECPI UNIVERSITY - COLUMBIA              ,SC,29210-6467,Proprietary  ,20,139,159,20,139,159
01179901,PAUL MITCHELL THE SCHOOL COLUMBIA       ,SC,29201-3126,Proprietary  ,47,84,131,47,84,131
01179902,PAUL MITCHELL THE SCHOOL CHARLESTON     ,SC,29418-6993,Proprietary  ,28,51,79,28,51,79
01179903,PAUL MITCHELL THE SCHOOL FAYETTEVILLE - ,SC,29607-0000,Proprietary  ,33,50,83,33,50,83
01209200,KENNETH SHULER SCHOOL OF COSMETOLOGY    ,SC,29732-2169,Proprietary  ,32,102,134,32,102,134
01303907,SOUTH UNIVERSITY                        ,SC,29203-6400,Proprietary  ,170,813,983,170,813,983
02063700,SHERMAN CLG STRAIGHT CHIROPRACTIC       ,SC,29316-0000,Private      ,11,184,195,11,184,195
02338600,CHARZANNE BEAUTY COLLEGE                ,SC,29649-0000,Proprietary  ,5,16,21,5,16,21
02341100,KENNETH SHULER SCHOOL OF COSMETOLOGY & N,SC,29210-0000,Proprietary  ,50,144,194,50,144,194
02356600,CHARLESTON COSMETOLOGY INSTITUTE        ,SC,29420-0000,Proprietary  ,12,27,39,12,27,39
02552400,ACADEMY OF HAIR TECHNOLOGY              ,SC,29615-2363,Proprietary  ,12,48,60,12,48,60
02567600,SUMTER BEAUTY COLLEGE                   ,SC,29150-0000,Proprietary  ,6,28,34,6,28,34
02614202,MILLER - MOTTE TECHNICAL COLLEGE - NORTH,SC,29406-9239,Proprietary  ,49,229,278,49,229,278
03010614,VIRGINIA COLLEGE - GOLF ACADEMY OF AMERI,SC,29579-0000,Proprietary  ,37,51,88,37,51,88
03010617,VIRGINIA COLLEGE - GREENVILLE           ,SC,29607-7200,Proprietary  ,45,211,256,45,211,256
03010620,VIRGINIA COLLEGE - CHARLESTON           ,SC,29406-4999,Proprietary  ,42,202,244,42,202,244
03010621,VIRGINIA COLLEGE - COLUMBIA             ,SC,29223-7527,Proprietary  ,41,255,296,41,255,296
03052300,KENNETH SHULER SCH COSM & HAIR DESG     ,SC,29841-2013,Proprietary  ,25,67,92,25,67,92
03293300,STRAND COLLEGE OF HAIR DESIGN           ,SC,29572-4310,Proprietary  ,8,21,29,8,21,29
03304300,CENTURA COLLEGE                         ,SC,29406-9235,Proprietary  ,22,117,139,22,117,139
03555400,SOUTHEASTERN INSTITUTE                  ,SC,29406-0000,Proprietary  ,15,78,93,15,78,93
03709301,EDWARD VIA VIRGINIA COLLEGE OF OSTEOPATH,SC,29303-3639,Private      ,4,258,262,4,258,262
03746300,LEGRAND INSTITUTE OF COSMETOLOGY        ,SC,29020-0000,Proprietary  ,4,5,9,4,5,9
03746400,SOUTHEASTERN INSTITUTE                  ,SC,29210-0000,Proprietary  ,14,78,92,14,78,92
03768400,STYLETRENDS BARBER AND HAIRSTYLING ACADE,SC,29730-4511,Proprietary  ,2,6,8,2,6,8
04083300,MARION COUNTY TECHNICAL EDUCATION CENTER,SC,29571-0000,Public       ,14,53,67,14,53,67
04096300,CHARLESTON SCHOOL OF LAW                ,SC,29402-0535,Proprietary  ,21,370,391,21,370,391
04158100,AIKEN SCHOOL OF COSMETOLOGY             ,SC,29801-4554,Proprietary  ,18,29,47,18,29,47
04166900,COSMETIC ARTS INSTITUTE                 ,SC,29488-4216,Proprietary  ,10,7,17,10,7,17
04172600,SALON 496 BARBER ACADEMY                ,SC,29607-2548,Proprietary  ,3,25,28,3,25,28
04192600,PALMETTO BEAUTY SCHOOL                  ,SC,29307-1424,Proprietary  ,7,14,21,7,14,21
04202900,JOLEI'S HAIR INSTITUTE                  ,SC,29114-9337,Proprietary  ,0,8,8,0,8,8
00345800,AUGUSTANA COLLEGE                       ,SD,57197-0001,Private      ,949,101,1050,949,101,1050
00345900,BLACK HILLS STATE UNIVERSITY            ,SD,57799-9670,Public       ,1154,566,1720,1154,566,1720
00346100,DAKOTA WESLEYAN UNIVERSITY              ,SD,57301-4398,Private      ,465,139,604,465,139,604
00346300,DAKOTA STATE UNIVERSITY                 ,SD,57042-1799,Public       ,766,362,1128,766,362,1128
00346500,MOUNT MARTY COLLEGE                     ,SD,57078-3724,Private      ,315,105,420,315,105,420
00346600,NORTHERN STATE UNIVERSITY               ,SD,57401-7198,Public       ,1096,351,1447,1096,351,1447
00346700,PRESENTATION COLLEGE                    ,SD,57401-1299,Private      ,306,226,532,306,226,532
00346900,UNIVERSITY OF SIOUX FALLS               ,SD,57105-1699,Private      ,1050,260,1310,1050,260,1310
00347000,SOUTH DAKOTA SCH OF MINES & TECH        ,SD,57701-3995,Public       ,1353,223,1576,1353,223,1576
00347100,SOUTH DAKOTA STATE UNIVERSITY           ,SD,57007-2298,Public       ,4599,1011,5610,4599,1011,5610
00347400,UNIVERSITY OF SOUTH DAKOTA              ,SD,57069-2390,Public       ,3099,1594,4693,3099,1594,4693
00405600,SIOUX FALLS SEMINARY                    ,SD,57105-2729,Private      ,1,19,20,1,19,20
00405700,NATIONAL AMERICAN UNIVERSITY            ,SD,57701-3692,Proprietary  ,81,1618,1699,81,1618,1699
00405707,NATIONAL AMERICAN UNIVERSITY - SIOUX FAL,SD,57108-4293,Proprietary  ,24,254,278,24,254,278
00492900,MCKENNAN HOSP-RADOLOGICAL TECH          ,SD,57101-0000,Private      ,10,7,17,10,7,17
00530900,LAKE AREA TECHNICAL INSTITUTE           ,SD,57201-0730,Public       ,638,220,858,638,220,858
00598700,AVERA SACRED HEART HOSPITAL SCHOOL OF RA,SD,57078-3899,Private      ,10,2,12,10,2,12
00776400,SOUTHEAST TECHNICAL INST                ,SD,57107-0000,Public       ,522,432,954,522,432,954
00828400,MITCHELL TECHNICAL INSTITUTE            ,SD,57301-9931,Public       ,346,95,441,346,95,441
01013800,STEWART SCHOOL                          ,SD,57104-0000,Proprietary  ,35,28,63,35,28,63
01014804,COLORADO TECHNICAL UNIVERSITY           ,SD,57108-2272,Proprietary  ,15,48,63,15,48,63
01017000,WESTERN DAKOTA TECHNICAL INSTITUTE      ,SD,57701-4018,Public       ,192,239,431,192,239,431
01147701,SANFORD MEDICAL CENTER -RAD TECH        ,SD,57117-5039,Private      ,13,9,22,13,9,22
01465900,OGLALA LAKOTA COLLEGE                   ,SD,57752-0490,Public       ,63,222,285,63,222,285
02137100,BLACK HILLS BEAUTY COLLEGE              ,SD,57701-0000,Proprietary  ,25,33,58,25,33,58
02143700,SINTE GLESKA UNIVERSITY                 ,SD,57570-0000,Public       ,23,104,127,23,104,127
02144600,KILIAN COMMUNITY COLLEGE                ,SD,57103-7020,Private      ,23,55,78,23,55,78
02277300,SISSETON WAHPETON COLLEGE               ,SD,57262-0000,Public       ,5,16,21,5,16,21
02297800,HEADLINES ACADEMY                       ,SD,57701-2733,Proprietary  ,20,34,54,20,34,54
00347700,AQUINAS COLLEGE                         ,TN,37205-2086,Private      ,242,244,486,242,244,486
00347800,AUSTIN PEAY STATE UNIVERSITY            ,TN,37044-0002,Public       ,7079,3578,10657,7079,3578,10657
00347900,BELMONT UNIVERSITY                      ,TN,37212-3757,Private      ,6970,1851,8821,6970,1851,8821
00348000,BETHEL UNIVERSITY                       ,TN,38201-1705,Private      ,1731,3637,5368,1731,3637,5368
00348100,CARSON - NEWMAN UNIVERSITY              ,TN,37760-2204,Private      ,3343,631,3974,3343,631,3974
00348200,CHRISTIAN BROTHERS UNIVERSITY           ,TN,38104-5581,Private      ,2178,983,3161,2178,983,3161
00348300,COLUMBIA STATE COMMUNITY COLLEGE        ,TN,38401-5653,Public       ,3456,1317,4773,3456,1317,4773
00348500,CUMBERLAND UNIVERSITY                   ,TN,37087-3554,Private      ,1294,504,1798,1294,504,1798
00348600,LIPSCOMB UNIVERSITY                     ,TN,37204-3951,Private      ,3292,1159,4451,3292,1159,4451
00348700,EAST TENNESSEE STATE UNIV - MAIN CAMPUS ,TN,37614-2857,Public       ,9980,4087,14067,9980,4087,14067
00348701,EAST TENNESSEE STATE UNIV - MEDICINE    ,TN,37614-1708,Public       ,287,428,715,287,428,715
00348709,EAST TENNESSEE STATE UNIV - PHARMACY    ,TN,37614-1704,Public       ,123,236,359,123,236,359
00349000,FISK UNIVERSITY                         ,TN,37208-3045,Private      ,1642,414,2056,1642,414,2056
00349200,FREED-HARDEMAN UNIVERSITY               ,TN,38340-2399,Private      ,1199,375,1574,1199,375,1574
00349400,HIWASSEE COLLEGE                        ,TN,37354-4001,Private      ,384,115,499,384,115,499
00349500,JOHNSON UNIVERSITY                      ,TN,37998-9775,Private      ,805,295,1100,805,295,1100
00349600,KING UNIVERSITY                         ,TN,37620-2699,Private      ,1062,1618,2680,1062,1618,2680
00349900,LANE COLLEGE                            ,TN,38301-4598,Private      ,1459,557,2016,1459,557,2016
00350000,LEE UNIVERSITY                          ,TN,37320-0000,Private      ,3116,686,3802,3116,686,3802
00350100,LEMOYNE-OWEN COLLEGE                    ,TN,38126-6510,Private      ,1451,1245,2696,1451,1245,2696
00350200,LINCOLN MEMORIAL UNIVERSITY             ,TN,37752-7920,Private      ,1605,2058,3663,1605,2058,3663
00350400,MARTIN METHODIST COLLEGE                ,TN,38478-2799,Private      ,875,247,1122,875,247,1122
00350500,MARYVILLE COLLEGE                       ,TN,37804-5907,Private      ,1611,215,1826,1611,215,1826
00350600,MEHARRY MEDICAL COLLEGE                 ,TN,37208-0000,Private      ,104,822,926,104,822,926
00350700,MEMPHIS COLLEGE OF ART                  ,TN,38104-2764,Private      ,707,270,977,707,270,977
00350900,UNIVERSITY OF MEMPHIS (THE)             ,TN,38152-4611,Public       ,14354,8600,22954,14354,8600,22954
00351000,MIDDLE TENNESSEE STATE UNIV             ,TN,37130-0000,Public       ,17777,6261,24038,17777,6261,24038
00351100,MILLIGAN COLLEGE                        ,TN,37682-4001,Private      ,972,333,1305,972,333,1305
00351700,SOUTHERN COLLEGE OF OPTOMETRY           ,TN,38104-2222,Private      ,48,508,556,48,508,556
00351800,SOUTHERN ADVENTIST UNIVERSITY           ,TN,37315-0370,Private      ,1835,568,2403,1835,568,2403
00351900,RHODES COLLEGE                          ,TN,38112-1690,Private      ,2814,355,3169,2814,355,3169
00352200,TENNESSEE STATE UNIVERSITY              ,TN,37209-1561,Public       ,9421,4361,13782,9421,4361,13782
00352300,TENNESSEE TECHNOLOGICAL UNIV            ,TN,38505-0001,Public       ,8863,1781,10644,8863,1781,10644
00352400,TENNESSEE TEMPLE UNIVERSITY             ,TN,37404-3587,Private      ,231,204,435,231,204,435
00352500,TENNESSEE WESLEYAN COLLEGE              ,TN,37371-0040,Private      ,1076,395,1471,1076,395,1471
00352600,TREVECCA NAZARENE UNIVERSITY            ,TN,37210-2877,Private      ,1521,874,2395,1521,874,2395
00352700,TUSCULUM COLLEGE                        ,TN,37743-0001,Private      ,1592,804,2396,1592,804,2396
00352800,UNION UNIVERSITY                        ,TN,38305-3697,Private      ,2084,1407,3491,2084,1407,3491
00352900,UNIVERSITY OF TENNESSEE-CHATTANOOGA     ,TN,37403-2598,Public       ,11958,2660,14618,11958,2660,14618
00353000,UNIVERSITY OF TENNESSEE-KNOXVILLE       ,TN,37996-0150,Public       ,25445,5946,31391,25445,5946,31391
00353006,UNIVERSITY OF TENNESSEE-HEALTH SCI CTR  ,TN,38103-0000,Public       ,530,2567,3097,530,2567,3097
00353100,UNIVERSITY OF TENNESSEE-MARTIN          ,TN,38238-0002,Public       ,5994,1884,7878,5994,1884,7878
00353400,UNIVERSITY OF THE SOUTH                 ,TN,37383-1000,Private      ,2523,92,2615,2523,92,2615
00353500,VANDERBILT UNIVERSITY                   ,TN,37240-0001,Private      ,18237,4885,23122,18237,4885,23122
00353501,VANDERBILT UNIV MED CTR ALLIEDHEAL      ,TN,37232-5510,Private      ,201,369,570,201,369,570
00353600,BRYAN COLLEGE                           ,TN,37321-7000,Private      ,835,398,1233,835,398,1233
00399800,CHATTANOOGA STATE COMMUNITY COLLEGE     ,TN,37406-1097,Public       ,5027,3420,8447,5027,3420,8447
00399900,CLEVELAND STATE COMMUNITY COLLEGE       ,TN,37312-2858,Public       ,2135,1095,3230,2135,1095,3230
00402500,TENNESSEE COLLEGE OF APPLIED TECHNOLOGY ,TN,37919-2327,Public       ,943,868,1811,943,868,1811
00402600,TENNESSEE COLLEGE OF APPLIED TECHNOLOGY ,TN,38555-4142,Public       ,299,227,526,299,227,526
00461700,NATIONAL COLLEGE                        ,TN,37211-6605,Proprietary  ,121,624,745,121,624,745
00493400,DAYMAR INSTITUTE                        ,TN,37217-1056,Proprietary  ,50,166,216,50,166,216
00493401,DAYMAR INSTITUTE - CLARKSVILLE          ,TN,37040-6718,Proprietary  ,125,376,501,125,376,501
00493404,DAYMAR INSTITUTE - MURFREESBORO         ,TN,37128-5508,Proprietary  ,74,170,244,74,170,244
00493700,JACKSON STATE COMMUNITY COLLEGE         ,TN,38301-3797,Public       ,3238,1815,5053,3238,1815,5053
00493800,SOUTH COLLEGE                           ,TN,37909-3323,Proprietary  ,593,1041,1634,593,1041,1634
00494700,WEST TENNESSEE BUSINESS COLLEGE         ,TN,38301-3256,Proprietary  ,86,226,312,86,226,312
00528000,TENNESSEE COLLEGE OF APPLIED TECHNOLOGY ,TN,38019-0249,Public       ,143,183,326,143,183,326
00528100,TENNESSEE COLLEGE OF APPLIED TECHNOLOGY ,TN,37643-6054,Public       ,390,358,748,390,358,748
00528200,TENNESSEE COLLEGE OF APPLIED TECHNOLOGY-,TN,37074-2032,Public       ,271,145,416,271,145,416
00528300,TENNESSEE COLLEGE OF APPLIED TECHNOLOGY ,TN,38059-1198,Public       ,192,260,452,192,260,452
00530700,TENNESSEE COLLEGE OF APPLIED TECHNOLOGY-,TN,37110-1322,Public       ,247,172,419,247,172,419
00535100,TENNESSEE COLLEGE OF APPLIED TECHNOLOGY ,TN,37813-2094,Public       ,529,438,967,529,438,967
00535200,TENNESSEE COLLEGE OF APPLIED TECHNOLOGY-,TN,38201-1620,Public       ,157,139,296,157,139,296
00535300,TENNESSEE COLLEGE OF APPLIED TECHNOLOGY-,TN,38570-1291,Public       ,345,195,540,345,195,540
00535400,TENNESSEE COLLEGE OF APPLIED TECHNOLOGY-,TN,38301-9609,Public       ,460,546,1006,460,546,1006
00535600,TENNESSEE COLLEGE OF APPLIED TECHNOLOGY ,TN,38462-2201,Public       ,279,173,452,279,173,452
00535700,TENNESSEE COLLEGE OF APPLIED TECHNOLOGY ,TN,38327-3402,Public       ,155,174,329,155,174,329
00535800,TENNESSEE COLLEGE OF APPLIED TECHNOLOGY ,TN,37371-0848,Public       ,337,199,536,337,199,536
00535900,TENNESSEE COLLEGE OF APPLIED TECHNOLOGY ,TN,37209-4515,Public       ,689,669,1358,689,669,1358
00536000,TENNESSEE COLLEGE OF APPLIED TECHNOLOGY-,TN,38105-3604,Public       ,1042,1224,2266,1042,1224,2266
00537800,NORTHEAST STATE COMMUNITY COLLEGE       ,TN,37617-0246,Public       ,3213,1862,5075,3213,1862,5075
00537900,TENNESSEE COLLEGE OF APPLIED TECHNOLOGY-,TN,37160-3697,Public       ,386,265,651,386,265,651
00683500,DYERSBURG STATE COMMUNITY COLLEGE       ,TN,38024-0000,Public       ,1658,1127,2785,1658,1127,2785
00683600,MOTLOW STATE COMMUNITY COLLEGE          ,TN,37388-7972,Public       ,3975,1322,5297,3975,1322,5297
00732941,ITT TECHNICAL INSTITUTE                 ,TN,37932-3343,Proprietary  ,418,714,1132,418,714,1132
00732958,ITT TECHNICAL INSTITUTE                 ,TN,37214-3717,Proprietary  ,343,684,1027,343,684,1027
00743900,FOUNTAINHEAD COLLEGE OF TECHNOLOGY      ,TN,37918-0000,Proprietary  ,150,193,343,150,193,343
00778200,TENNESSEE COLLEGE OF APPLIED TECHNOLOGY ,TN,37055-2556,Public       ,470,423,893,470,423,893
00778300,MIDDLE TENNESSEE SCH OF ANESTHESIA      ,TN,37116-0000,Private      ,22,80,102,22,80,102
00793803,NASHVILLE AUTO DIESEL COLLEGE - NASHVILL,TN,37206-3210,Proprietary  ,793,289,1082,793,289,1082
00814500,NASHVILLE STATE TECH CMNTY COLLEGE      ,TN,37209-0000,Public       ,5021,4016,9037,5021,4016,9037
00865500,GENESIS CAREER COLLEGE                  ,TN,38501-1959,Proprietary  ,53,83,136,53,83,136
00885900,JOHN A GUPTON COLLEGE                   ,TN,37203-2934,Private      ,84,90,174,84,90,174
00886300,WALTERS STATE COMMUNITY COLLEGE         ,TN,37813-6899,Public       ,4321,1848,6169,4321,1848,6169
00946400,TENNESSEE COLLEGE OF APPLIED TECHNOLOGY-,TN,38478-4541,Public       ,215,114,329,215,114,329
00956700,TENNESSEE SCHOOL OF BEAUTY              ,TN,37921-3303,Proprietary  ,136,148,284,136,148,284
00971000,TENNESSEE COLLEGE OF APPLIED TECHNOLOGY ,TN,37756-4149,Public       ,95,85,180,95,85,180
00991200,VOLUNTEER STATE COMMUNITY COLLEGE       ,TN,37066-3188,Public       ,4697,1927,6624,4697,1927,6624
00991400,ROANE STATE COMMUNITY COLLEGE           ,TN,37748-8664,Public       ,4113,2084,6197,4113,2084,6197
01032600,TENNESSEE COLLEGE OF APPLIED TECHNOLOGY ,TN,37748-5849,Public       ,231,172,403,231,172,403
01043900,SOUTHWEST TENNESSEE COMMUNITY COLLG     ,TN,38104-3322,Public       ,7486,5964,13450,7486,5964,13450
01046000,AMERICAN BAPTIST THEOLOGICAL SEMINA     ,TN,37207-4994,Private      ,44,114,158,44,114,158
01052900,MEMPHIS THEOLOGICAL SEMINARY            ,TN,38104-0000,Private      ,25,133,158,25,133,158
01070000,TENNESSEE COLLEGE OF APPLIED TECHNOLOGY-,TN,37757-2461,Public       ,187,157,344,187,157,344
01155300,WM R MOORE COLLEGE OF TECHNOLOGY        ,TN,38104-0000,Private      ,148,182,330,148,182,330
01216400,TENNESSEE COLLEGE OF APPLIED TECHNOLOGY ,TN,38063-7359,Public       ,61,115,176,61,115,176
01254700,EMMANUEL SCHOOL OF RELIGION             ,TN,37601-0000,Private      ,4,18,22,4,18,22
01269300,PELLISSIPPI STATE COMMUNITY COLLEGE     ,TN,37933-0990,Public       ,6770,2731,9501,6770,2731,9501
02069303,VATTEROTT COLLEGE -                     ,TN,38016-5877,Proprietary  ,53,175,228,53,175,228
02092800,TENNESSEE COLLEGE OF APPLIED TECHNOLOGY ,TN,38075-0489,Public       ,134,131,265,134,131,265
02103500,TENNESSEE COLLEGE OF APPLIED TECHNOLOGY ,TN,37129-3311,Public       ,566,350,916,566,350,916
02106400,O'MORE COLLEGE OF DESIGN                ,TN,37064-0000,Private      ,121,39,160,121,39,160
02125300,NASHVILLE CLG OF MEDICAL CAREERS        ,TN,37115-0000,Proprietary  ,27,61,88,27,61,88
02153100,JON NAVE UNIVERSITY OF COSMETOLOGY      ,TN,37013-3347,Proprietary  ,34,58,92,34,58,92
02157100,CONCORDE CAREER COLLEGE                 ,TN,38137-0000,Proprietary  ,440,1162,1602,440,1162,1602
02160307,INTERNATIONAL ACADEMY OF DESIGN & TECH  ,TN,37212-0000,Proprietary  ,85,72,157,85,72,157
02188300,PENTECOSTAL THEOLOGICAL SEMINARY        ,TN,37320-0000,Private      ,5,96,101,5,96,101
02204200,"CHATTANOOGA COLLEGE - MEDICAL, DENTAL AN",TN,37411-0000,Proprietary  ,159,290,449,159,290,449
02237900,TENNESSEE COLLEGE OF APPLIED TECHNOLOGY-,TN,38242-5023,Public       ,156,245,401,156,245,401
02255000,KNOXVILLE INSTITUTE OF HAIR DESIGN      ,TN,37917-0000,Proprietary  ,55,82,137,55,82,137
02257400,ARNOLD'S BEAUTY SCHOOL                  ,TN,38358-0000,Proprietary  ,29,34,63,29,34,63
02275500,REUBEN-ALLEN COLLEGE                    ,TN,37922-0000,Proprietary  ,44,65,109,44,65,109
02278700,MR WAYNES SCH OF UNISEX HAIR DESIGN     ,TN,38501-0000,Proprietary  ,22,17,39,22,17,39
02293900,VOLUNTEER BEAUTY ACADEMY-NASHVILLE      ,TN,37115-2112,Proprietary  ,9,15,24,9,15,24
02294000,VOLUNTEER BEAUTY ACADEMY-DYERSBURG      ,TN,38024-1622,Proprietary  ,17,28,45,17,28,45
02326200,KAPLAN CAREER INSTITUTE                 ,TN,37212-5318,Proprietary  ,109,425,534,109,425,534
02326300,MEDVANCE INSTITUTE                      ,TN,38501-4305,Proprietary  ,38,89,127,38,89,127
02335900,VOLUNTEER BEAUTY ACADEMY-NASHVILLE      ,TN,37209-3033,Proprietary  ,55,65,120,55,65,120
02539800,QUEEN CITY COLLEGE                      ,TN,37042-0000,Proprietary  ,46,112,158,46,112,158
02540000,TENNESSEE ACADEMY OF COSMETOLOGY        ,TN,38133-0000,Proprietary  ,130,152,282,130,152,282
02578200,NOSSI COLLEGE OF ART                    ,TN,37115-5138,Proprietary  ,311,170,481,311,170,481
02595000,FAYETTEVILLE BEAUTY SCHOOL              ,TN,37334-2909,Proprietary  ,21,12,33,21,12,33
02599710,VATTEROTT COLLEGE - MEMPHIS             ,TN,38132-1714,Proprietary  ,235,768,1003,235,768,1003
02609204,VATTEROTT COLLEGE - VATTEROTT CAREER COL,TN,38133-4727,Proprietary  ,187,381,568,187,381,568
02614200,MILLER MOTTE BUSINESS COLLEGE           ,TN,37040-6023,Proprietary  ,92,275,367,92,275,367
02614203,MILLER - MOTTE TECHNICAL COLLEGE - CHATT,TN,37421-7220,Proprietary  ,122,269,391,122,269,391
02614204,MILLER - MOTTE TECHNICAL COLLEGE - MADIS,TN,37072-1870,Proprietary  ,47,89,136,47,89,136
03001800,FREE WILL BAPTIST BIBLE COLLEGE         ,TN,37205-2498,Private      ,140,55,195,140,55,195
03008800,FRANKLIN ACADEMY                        ,TN,37312-3939,Private      ,13,32,45,13,32,45
03010606,VIRGINIA COLLEGE - SCH OF BUSNSS & HLTH ,TN,37411-5600,Proprietary  ,120,442,562,120,442,562
03024900,TENNESSEE ACADEMY OF COSMETOLOGY        ,TN,38125-3442,Proprietary  ,176,183,359,176,183,359
03026517,REMINGTON COLLEGE - MEMPHIS             ,TN,38132-2107,Private      ,274,495,769,274,495,769
03061100,GENESIS CAREER COLLEGE OF LEBANON       ,TN,37087-2718,Proprietary  ,30,46,76,30,46,76
03079100,NORTH CENTRAL INSTITUTE                 ,TN,37042-3116,Proprietary  ,46,74,120,46,74,120
03088800,"WATKINS COLLEGE OF ART, DESIGN & FILM   ",TN,37228-1306,Private      ,421,135,556,421,135,556
03126900,STYLES & PROFILES BEAUTY COLLEGE        ,TN,38375-2109,Proprietary  ,8,14,22,8,14,22
03253300,PAUL MITCHELL THE SCHOOL MEMPHIS        ,TN,38133-4067,Proprietary  ,69,68,137,69,68,137
03355400,RICHMONT GRADUATE UNIVERSITY            ,TN,37404-0000,Private      ,9,80,89,9,80,89
03440300,BAPTIST MEMORIAL COLLEGE OF HEALTH      ,TN,38104-3104,Private      ,934,1332,2266,934,1332,2266
03480303,FORTIS INSTITUTE - NASHVILLE            ,TN,37211-1536,Proprietary  ,36,165,201,36,165,201
03513500,WILLIAMSON CHRISTIAN COLLEGE            ,TN,37067-8237,Private      ,17,27,44,17,27,44
03647300,NEW CONCEPTS SCHOOL OF COSMETOLOGY      ,TN,37311-7373,Proprietary  ,17,17,34,17,17,34
03683300,INTERNATIONAL BARBER & STYLE COLLEGE    ,TN,37209-2205,Proprietary  ,30,42,72,30,42,72
03701300,MEMPHIS INSTITUTE OF BARBERING          ,TN,38107-4334,Proprietary  ,120,152,272,120,152,272
03774400,SHEAR ACADEMY                           ,TN,38555-4177,Proprietary  ,16,15,31,16,15,31
03830300,SAE INSTITUTE OF TECHNOLOGY             ,TN,37203-4310,Proprietary  ,121,141,262,121,141,262
03840300,OXFORD GRADUATE SCHOOL                  ,TN,37321-6736,Private      ,6,12,18,6,12,18
03841300,CAREER BEAUTY COLLEGE                   ,TN,38464-3634,Proprietary  ,11,14,25,11,14,25
03920300,INSTITUTE OF HAIR DESIGN                ,TN,38310-1801,Proprietary  ,18,18,36,18,18,36
03930300,BUCHANAN BEAUTY COLLEGE                 ,TN,37160-2741,Proprietary  ,18,26,44,18,26,44
03982300,VISIBLE SCHOOL - MUSIC AND WORSHIPS ARTS,TN,38104-5814,Private      ,95,53,148,95,53,148
04035300,TENNESSEE CAREER INSTITUTE              ,TN,38401-6335,Proprietary  ,71,58,129,71,58,129
04124100,ELITE COLLEGE OF COSMETOLOGY            ,TN,38351-1431,Proprietary  ,12,21,33,12,21,33
04142000,AUSTIN'S BEAUTY COLLEGE                 ,TN,37040-3107,Proprietary  ,5,15,20,5,15,20
04157200,LOVE BEAUTY SCHOOL                      ,TN,37355-2950,Proprietary  ,22,14,36,22,14,36
04165000,MERIDIAN INSTITUTE OF SURGICAL ASSISTING,TN,37080-0758,Proprietary  ,7,84,91,7,84,91
04174600,NASHVILLE BARBER AND STYLE ACADEMY      ,TN,37208-2826,Proprietary  ,42,61,103,42,61,103
04210200,MID-SOUTH CHRISTIAN COLLEGE             ,TN,38118-3151,Private      ,53,98,151,53,98,151
04213800,SALON PROFESSIONAL ACADEMY (THE)        ,TN,37214-2163,Proprietary  ,48,54,102,48,54,102
04215200,VIBE BARBER COLLEGE                     ,TN,38107-2538,Proprietary  ,45,64,109,45,64,109
04223900,MIND BODY INSTITUTE                     ,TN,37214-1012,Proprietary  ,16,52,68,16,52,68
04236400,SANDRA ACADEMY OF SALON SERVICES        ,TN,37825-7239,Proprietary  ,7,16,23,7,16,23
04238600,GOULD'S ACADEMY                         ,TN,38119-5317,Proprietary  ,60,82,142,60,82,142
00353700,ABILENE CHRISTIAN UNIVERSITY            ,TX,79699-3701,Private      ,4596,648,5244,4596,648,5244
00353900,ALVIN COMMUNITY COLLEGE                 ,TX,77511-4807,Public       ,554,798,1352,554,798,1352
00354000,AMARILLO COLLEGE                        ,TX,79109-2446,Public       ,1184,1367,2551,1184,1367,2551
00354100,ANGELO STATE UNIVERSITY                 ,TX,76909-5069,Public       ,3866,1237,5103,3866,1237,5103
00354300,AUSTIN COLLEGE                          ,TX,75090-4440,Private      ,1667,126,1793,1667,126,1793
00354400,AUSTIN PRESBYTERIAN THEOLOGICAL SEM     ,TX,78705-5797,Private      ,2,48,50,2,48,50
00354500,BAYLOR UNIVERSITY                       ,TX,76798-7048,Private      ,21709,2955,24664,21709,2955,24664
00354600,COASTAL BEND COLLEGE                    ,TX,78102-2197,Public       ,597,509,1106,597,509,1106
00354900,BLINN COLLEGE                           ,TX,77833-4098,Public       ,7682,1833,9515,7682,1833,9515
00355300,CISCO JUNIOR COLLEGE                    ,TX,76437-9803,Public       ,667,584,1251,667,584,1251
00355400,CLARENDON COLLEGE                       ,TX,79226-0000,Public       ,180,123,303,180,123,303
00355600,COMMONWEALTH INST OF FUNERAL SVC        ,TX,77090-5918,Private      ,27,156,183,27,156,183
00355700,CONCORDIA UNIVERSITY TEXAS              ,TX,78726-4141,Private      ,1034,818,1852,1034,818,1852
00355800,NORTH CENTRAL TEXAS COLLEGE             ,TX,76240-4699,Public       ,1317,1481,2798,1317,1481,2798
00356000,DALLAS BAPTIST UNIVERSITY               ,TX,75211-9299,Private      ,1989,1136,3125,1989,1136,3125
00356100,CEDAR VALLEY COLLEGE                    ,TX,75134-0000,Public       ,810,1217,2027,810,1217,2027
00356200,DALLAS THEOLOGICAL SEM                  ,TX,75204-0000,Private      ,14,334,348,14,334,348
00356300,DEL MAR COLLEGE                         ,TX,78404-3897,Public       ,1969,2204,4173,1969,2204,4173
00356400,EAST TEXAS BAPTIST UNIVERSITY           ,TX,75670-1423,Private      ,994,196,1190,994,196,1190
00356500,TEXAS A&M UNIVERSITY - COMMERCE         ,TX,75429-3011,Public       ,4362,2813,7175,4362,2813,7175
00356600,EPISCOPAL THEOLOGICAL SEMINARY OF THE SO,TX,78705-3128,Private      ,1,19,20,1,19,20
00356800,FRANK PHILLIPS COLLEGE                  ,TX,79008-0000,Public       ,133,112,245,133,112,245
00357000,GRAYSON COUNTY COLLEGE                  ,TX,75020-8299,Public       ,549,777,1326,549,777,1326
00357100,HARDIN-SIMMONS UNIVERSITY               ,TX,79698-6050,Private      ,1143,352,1495,1143,352,1495
00357200,TRINITY VALLEY COMMUNITY COLLEGE        ,TX,75751-2734,Public       ,930,1147,2077,930,1147,2077
00357300,HILL COLLEGE                            ,TX,76645-2711,Public       ,408,334,742,408,334,742
00357301,HILL COLLEGE                            ,TX,76031-0000,Public       ,350,469,819,350,469,819
00357400,HOWARD COUNTY JUNIOR COLLEGE DISTRICT   ,TX,79720-0213,Public       ,466,533,999,466,533,999
00357500,HOWARD PAYNE UNIVERSITY                 ,TX,76801-2715,Private      ,940,134,1074,940,134,1074
00357600,HOUSTON BAPTIST UNIVERSITY              ,TX,77074-3298,Private      ,4010,1459,5469,4010,1459,5469
00357700,HUSTON - TILLOTSON UNIVERSITY           ,TX,78702-2795,Private      ,614,433,1047,614,433,1047
00357800,UNIVERSITY OF THE INCARNATE WORD        ,TX,78209-6398,Private      ,4587,2922,7509,4587,2922,7509
00357900,JACKSONVILLE COLLEGE                    ,TX,75766-4759,Private      ,80,58,138,80,58,138
00358000,KILGORE COLLEGE                         ,TX,75662-3299,Public       ,1042,1012,2054,1042,1012,2054
00358100,LAMAR UNIVERSITY-BEAUMONT               ,TX,77710-0042,Public       ,5171,3172,8343,5171,3172,8343
00358200,LAREDO COMMUNITY COLLEGE                ,TX,78040-4395,Public       ,2727,919,3646,2727,919,3646
00358300,LEE COLLEGE                             ,TX,77520-4796,Public       ,771,1053,1824,771,1053,1824
00358400,LETOURNEAU UNIVERSITY                   ,TX,75607-0000,Private      ,1015,779,1794,1015,779,1794
00358600,LUBBOCK CHRISTIAN UNIVERSITY            ,TX,79407-2099,Private      ,783,509,1292,783,509,1292
00358800,UNIVERSITY OF MARY HARDIN-BAYLOR        ,TX,76513-2599,Private      ,4464,923,5387,4464,923,5387
00359000,MCLENNAN COMMUNITY COLLEGE              ,TX,76708-1498,Public       ,1971,1847,3818,1971,1847,3818
00359100,MCMURRY UNIVERSITY                      ,TX,79697-0001,Private      ,781,217,998,781,217,998
00359200,MIDWESTERN STATE UNIVERSITY             ,TX,76308-2099,Public       ,3363,1118,4481,3363,1118,4481
00359300,NAVARRO COLLEGE                         ,TX,75110-4818,Public       ,1814,1469,3283,1814,1469,3283
00359400,UNIVERSITY OF NORTH TEXAS               ,TX,76203-5017,Public       ,22467,7803,30270,22467,7803,30270
00359412,UNIVERSITY OF NORTH TEXAS AT DALLAS     ,TX,75241-4605,Public       ,2930,2591,5521,2930,2591,5521
00359500,OBLATE SCHOOL OF THEOLOGY               ,TX,78216-0000,Private      ,7,21,28,7,21,28
00359600,ODESSA COLLEGE                          ,TX,79764-7127,Public       ,512,755,1267,512,755,1267
00359800,OUR LADY OF THE LAKE UNIVERSITY         ,TX,78207-4689,Private      ,2895,1515,4410,2895,1515,4410
00359900,UNIVERSITY OF TEXAS - PAN AMERICAN      ,TX,78541-2999,Public       ,17292,6909,24201,17292,6909,24201
00360000,PANOLA COLLEGE                          ,TX,75633-2397,Public       ,427,490,917,427,490,917
00360100,PARIS JR COLLEGE                        ,TX,75460-6298,Public       ,708,641,1349,708,641,1349
00360200,PAUL QUINN COLLEGE                      ,TX,75241-4398,Private      ,399,249,648,399,249,648
00360300,RANGER COLLEGE                          ,TX,76470-3298,Public       ,274,222,496,274,222,496
00360305,RANGER COLLEGE-STEPHENVILE BEAUTY COLLEG,TX,76401-5136,Public       ,60,38,98,60,38,98
00360400,RICE UNIVERSITY                         ,TX,77251-1892,Private      ,9883,1505,11388,9883,1505,11388
00360600,SAM HOUSTON STATE UNIVERSITY            ,TX,77340-0000,Public       ,14888,4572,19460,14888,4572,19460
00360700,ALAMO CMTY CLG DISTRICT PROGRAM         ,TX,78207-0000,Public       ,760,791,1551,760,791,1551
00360800,ST PHILLIPS COLLEGE                     ,TX,78203-2098,Public       ,2328,3171,5499,2328,3171,5499
00360900,SAN JACINTO CLG-CENTRAL-NORTH-SOUTH     ,TX,77501-0000,Public       ,4152,4164,8316,4152,4164,8316
00361000,SCHREINER UNIVERSITY                    ,TX,78028-5697,Private      ,989,224,1213,989,224,1213
00361100,SOUTH PLAINS COLLEGE                    ,TX,79336-6504,Public       ,1921,1392,3313,1921,1392,3313
00361200,UNIV OF HOUSTON-DOWNTOWN                ,TX,77002-1001,Public       ,7250,7326,14576,7250,7326,14576
00361300,SOUTHERN METHODIST UNIVERSITY           ,TX,75275-0181,Private      ,6723,2374,9097,6723,2374,9097
00361400,SOUTHWEST TEXAS JR COLLEGE              ,TX,78801-6221,Public       ,981,647,1628,981,647,1628
00361500,TEXAS STATE UNIVERSITY--SAN MARCOS      ,TX,78666-4602,Public       ,29706,8643,38349,29706,8643,38349
00361600,SOUTHWESTERN ASSEMBLIES OF GOD UNIV     ,TX,75165-2397,Private      ,711,335,1046,711,335,1046
00361800,SOUTHWESTERN CHRISTIAN COLLEGE          ,TX,75160-3400,Private      ,54,38,92,54,38,92
00361900,SOUTHWESTERN ADVENTIST UNIVERSITY       ,TX,76059-1922,Private      ,454,157,611,454,157,611
00362000,SOUTHWESTERN UNIVERSITY                 ,TX,78626-6111,Private      ,2160,200,2360,2160,200,2360
00362100,ST EDWARDS UNIVERSITY                   ,TX,78704-0000,Private      ,4717,1058,5775,4717,1058,5775
00362300,ST MARY'S UNIV OF SAN ANTONIO           ,TX,78228-8500,Private      ,3834,1652,5486,3834,1652,5486
00362400,STEPHEN F AUSTIN STATE UNIVERSITY       ,TX,75962-0001,Public       ,9997,2001,11998,9997,2001,11998
00362500,SUL ROSS STATE UNIVERSITY               ,TX,79832-0113,Public       ,1222,663,1885,1222,663,1885
00362600,TARRANT COUNTY COLLEGE                  ,TX,76102-6599,Public       ,7434,9024,16458,7434,9024,16458
00362700,TEMPLE COLLEGE                          ,TX,76504-7435,Public       ,943,1437,2380,943,1437,2380
00362800,TEXARKANA COLLEGE                       ,TX,75599-0001,Public       ,417,701,1118,417,701,1118
00363000,PRAIRIE VIEW A&M UNIVERSITY             ,TX,77446-2967,Public       ,7516,2547,10063,7516,2547,10063
00363100,TARLETON STATE UNIVERSITY               ,TX,76402-0000,Public       ,7118,2876,9994,7118,2876,9994
00363200,TEXAS A&M UNIVERSITY                    ,TX,77843-1246,Public       ,39732,8217,47949,39732,8217,47949
00363208,TEXAS A&M UNIVERSITY - BRYAN            ,TX,77807-3260,Public       ,45,49,94,45,49,94
00363400,TEXAS STATE TECHNICAL CLG AT WACO       ,TX,76705-1695,Public       ,1357,1069,2426,1357,1069,2426
00363500,TEXAS CHIROPRACTIC COLLEGE              ,TX,77505-1699,Private      ,7,109,116,7,109,116
00363600,TEXAS CHRISTIAN UNIVERSITY              ,TX,76129-0001,Private      ,10935,2012,12947,10935,2012,12947
00363700,JARVIS CHRISTIAN COLLEGE                ,TX,75765-1470,Private      ,236,90,326,236,90,326
00363800,TEXAS COLLEGE                           ,TX,75702-4500,Private      ,405,251,656,405,251,656
00363900,TEXAS A&M UNIVERSITY-KINGSVILLE         ,TX,78363-8203,Public       ,7991,3379,11370,7991,3379,11370
00364100,TEXAS LUTHERAN UNIVERSITY               ,TX,78155-5999,Private      ,1342,149,1491,1342,149,1491
00364200,TEXAS SOUTHERN UNIVERSITY               ,TX,77004-4598,Public       ,6777,4934,11711,6777,4934,11711
00364400,TEXAS TECH UNIVERSITY                   ,TX,79409-2011,Public       ,20919,5304,26223,20919,5304,26223
00364500,TEXAS WESLEYAN UNIVERSITY               ,TX,76105-1536,Private      ,1361,1285,2646,1361,1285,2646
00364600,TEXAS WOMAN'S UNIVERSITY                ,TX,76204-5587,Public       ,6606,5901,12507,6606,5901,12507
00364700,TRINITY UNIVERSITY                      ,TX,78212-7200,Private      ,2893,437,3330,2893,437,3330
00364800,TYLER JUNIOR COLLEGE                    ,TX,75701-3436,Public       ,3737,2189,5926,3737,2189,5926
00365100,UNIVERSITY OF DALLAS                    ,TX,75062-4799,Private      ,2132,554,2686,2132,554,2686
00365200,UNIVERSITY OF HOUSTON                   ,TX,77204-2010,Public       ,23066,12005,35071,23066,12005,35071
00365400,UNIVERSITY OF ST THOMAS                 ,TX,77006-4626,Private      ,1218,887,2105,1218,887,2105
00365600,UNIVERSITY OF TEXAS-ARLINGTON           ,TX,76019-0000,Public       ,15992,12887,28879,15992,12887,28879
00365800,UNIVERSITY OF TEXAS-AUSTIN              ,TX,78713-7758,Public       ,39911,11625,51536,39911,11625,51536
00365900,UT HEALTH CENTER-SAN ANTONIO            ,TX,78229-3900,Public       ,837,2098,2935,837,2098,2935
00366100,UNIVERSITY OF TEXAS-EL PASO             ,TX,79968-0629,Public       ,11508,5915,17423,11508,5915,17423
00366200,VICTORIA COLLEGE                        ,TX,77901-4494,Public       ,625,698,1323,625,698,1323
00366300,WAYLAND BAPTIST UNIVERSITY              ,TX,79072-6998,Private      ,613,1132,1745,613,1132,1745
00366400,WEATHERFORD COLLEGE                     ,TX,76086-5699,Public       ,940,999,1939,940,999,1939
00366500,WEST TEXAS A&M UNIVERSITY               ,TX,79016-0000,Public       ,3752,1490,5242,3752,1490,5242
00366800,WHARTON COUNTY JR COLLEGE               ,TX,77488-3298,Public       ,1473,884,2357,1473,884,2357
00366900,WILEY COLLEGE                           ,TX,75670-5199,Private      ,377,231,608,377,231,608
00400300,CENTRAL TEXAS COLLEGE                   ,TX,76540-4199,Public       ,1134,5487,6621,1134,5487,6621
00407221,NORTHWOOD UNIVERSITY                    ,TX,75104-0000,Private      ,31,167,198,31,167,198
00445300,EL CENTRO COLLEGE                       ,TX,75202-3604,Public       ,2098,3459,5557,2098,3459,5557
00450303,EVEREST COLLEGE - FORT WORTH SOUTH      ,TX,76115-1407,Proprietary  ,60,247,307,60,247,307
00494900,BAYLOR COLLEGE OF MEDICINE              ,TX,77030-0000,Private      ,526,1288,1814,526,1288,1814
00495100,UNIV OF TEXAS HEALTH SCIENCE CENTER     ,TX,77225-0000,Public       ,718,2282,3000,718,2282,3000
00495200,UNIV OF TEXAS MEDICAL BRANCH            ,TX,77550-0000,Public       ,563,1432,1995,563,1432,1995
00497200,GALVESTON COLLEGE                       ,TX,77550-7447,Public       ,387,455,842,387,455,842
00497700,SOUTH TEXAS COLLEGE OF LAW              ,TX,77002-0000,Private      ,65,967,1032,65,967,1032
00660600,BAPTIST HS SCHOOL OF HEALTH PROFESSIONS ,TX,78229-3234,Proprietary  ,156,663,819,156,663,819
00661200,COVENANT SCH OF NSG & ALLIED HEALTH     ,TX,79410-0000,Private      ,77,142,219,77,142,219
00666100,ANGELINA COLLEGE                        ,TX,75902-0000,Public       ,951,892,1843,951,892,1843
00694100,DALLAS CHRISTIAN COLLEGE                ,TX,75234-7229,Private      ,149,170,319,149,170,319
00709600,COLLEGE OF THE MAINLAND                 ,TX,77591-2499,Public       ,443,789,1232,443,789,1232
00728700,BRAZOSPORT COLLEGE                      ,TX,77566-3199,Public       ,481,541,1022,481,541,1022
00732907,ITT TECHNICAL INSTITUTE                 ,TX,77063-3751,Proprietary  ,168,387,555,168,387,555
00732913,ITT TECHNICAL INSTITUTE                 ,TX,76011-3919,Proprietary  ,103,350,453,103,350,453
00732975,ITT TECHNICAL INSTITUTE                 ,TX,78249-3303,Proprietary  ,142,329,471,142,329,471
00793804,LINCOLN COLLEGE OF TECHNOLOGY - GRAND PR,TX,75052-7605,Proprietary  ,172,149,321,172,149,321
00849800,MIMS CLASSIC BEAUTY COLLEGE             ,TX,78216-0000,Proprietary  ,15,17,32,15,17,32
00850300,MOUNTAIN VIEW COLLEGE                   ,TX,75211-6599,Public       ,1709,1779,3488,1709,1779,3488
00850400,RICHLAND COLLEGE                        ,TX,75243-2199,Public       ,2485,2652,5137,2485,2652,5137
00851000,EASTFIELD COLLEGE                       ,TX,75150-2099,Public       ,1921,2327,4248,1921,2327,4248
00907905,EVEREST COLLEGE                         ,TX,75206-5209,Proprietary  ,102,385,487,102,385,487
00908200,INTERNATIONAL BUSINESS COLLEGE          ,TX,79903-0000,Proprietary  ,56,102,158,56,102,158
00916300,SAN ANTONIO COLLEGE                     ,TX,78212-4299,Public       ,5545,6072,11617,5545,6072,11617
00922500,TEXAS STATE TECHNICAL COLLEGE  HARLINGEN,TX,78550-3697,Public       ,2261,1239,3500,2261,1239,3500
00946600,KAPLAN COLLEGE                          ,TX,78216-1899,Proprietary  ,112,407,519,112,407,519
00946607,KAPLAN COLLEGE - MCALLEN                ,TX,78503-1622,Proprietary  ,135,168,303,135,168,303
00946609,KAPLAN COLLEGE - CAREER CENTERS OF TEXAS,TX,78416-9900,Proprietary  ,54,221,275,54,221,275
00946610,KAPLAN COLLEGE - CAREER CENTERS OF TEXAS,TX,76103-2310,Proprietary  ,44,220,264,44,220,264
00954900,WESTERN TEXAS COLLEGE                   ,TX,79549-9501,Public       ,230,104,334,230,104,334
00965100,TEXAS A&M INTERNATIONAL UNIVERSITY      ,TX,78041-1900,Public       ,4943,1351,6294,4943,1351,6294
00974100,UNIVERSITY OF TEXAS AT DALLAS           ,TX,75083-0000,Public       ,10204,4459,14663,10204,4459,14663
00976800,UNIVERSITY OF NORTH TEXAS HEALTH SCIENCE,TX,76107-2699,Public       ,279,1618,1897,279,1618,1897
00979700,MIDLAND COLLEGE                         ,TX,79705-6397,Public       ,541,588,1129,541,588,1129
00982802,EVEREST INSTITUTE- AUSTIN               ,TX,78754-0000,Proprietary  ,54,188,242,54,188,242
00993000,UNIVERSITY OF TEXAS-PERMIAN BASIN       ,TX,79762-0001,Public       ,1185,1032,2217,1185,1032,2217
00993200,TEXAS STATE TECH CLG-WEST TEXAS         ,TX,79556-4108,Public       ,248,343,591,248,343,591
01001900,UNIV OF TEXAS SOUTHWESTERN MED CTR      ,TX,75390-9096,Public       ,214,1387,1601,214,1387,1601
01006000,VERNON COLLEGE                          ,TX,76384-4092,Public       ,489,721,1210,489,721,1210
01011500,UNIVERSITY OF TEXAS-SAN ANTONIO         ,TX,78249-0600,Public       ,26344,8709,35053,26344,8709,35053
01013000,WADE COLLEGE                            ,TX,75207-3199,Proprietary  ,75,108,183,75,108,183
01038700,EL PASO COMMUNITY COLLEGE               ,TX,79998-0000,Public       ,7725,5192,12917,7725,5192,12917
01050900,HALLMARK COLLEGE OF AERONAUTICS         ,TX,78214-0000,Private      ,66,207,273,66,207,273
01062400,LIGHTHOUSE CAREER INSTITUTE             ,TX,75231-5033,Private      ,2,17,19,2,17,19
01063300,HOUSTON COMMUNITY COLLEGE               ,TX,77002-0000,Public       ,9728,15423,25151,9728,15423,25151
01067400,TEXAS TECH U HEALTH SCIENCES CENTER     ,TX,79430-0000,Public       ,975,2454,3429,975,2454,3429
01076100,DALLAS INSTITUTE OF FUNERAL SERVICE     ,TX,75227-4314,Private      ,37,111,148,37,111,148
01114500,LONE STAR COLLEGE SYSTEM                ,TX,77073-3499,Public       ,9435,12884,22319,9435,12884,22319
01116100,TEXAS A&M UNIV CORPUS CHRISTI           ,TX,78412-5599,Public       ,9264,2511,11775,9264,2511,11775
01116300,UNIVERSITY OF TEXAS AT TYLER            ,TX,75799-6699,Public       ,3173,2345,5518,3173,2345,5518
01171100,UNIVERSITY OF HOUSTON-CLEAR LAKE        ,TX,77058-1002,Public       ,1965,3226,5191,1965,3226,5191
01201500,AUSTIN COMMUNITY COLLEGE                ,TX,78752-4390,Public       ,8460,7728,16188,8460,7728,16188
01202000,VICTORIA BEAUTY COLLEGE                 ,TX,77901-6233,Proprietary  ,9,26,35,9,26,35
01226800,BALDWIN BEAUTY SCHOOL #5                ,TX,78704-4785,Proprietary  ,59,105,164,59,105,164
01229700,LAREDO BEAUTY COLLEGE                   ,TX,78040-1051,Proprietary  ,36,50,86,36,50,86
01248200,ATI TECHNICAL TRAINING CENTER           ,TX,75235-4622,Proprietary  ,34,88,122,34,88,122
01248209,ATI CAREER TRAINING CENTER - GARLAND    ,TX,75041-2497,Proprietary  ,8,22,30,8,22,30
01248210,ATI CAREER TRAINING CENTER - WACO       ,TX,76711-1682,Proprietary  ,33,57,90,33,57,90
01248300,COSMETOLOGY CAREER CENTER-A PAUL MITCHEL,TX,75006-2567,Proprietary  ,110,148,258,110,148,258
01248800,INTERNATIONAL BEAUTY COLLEGE NO 3       ,TX,75040-0000,Proprietary  ,4,19,23,4,19,23
01276400,METROPLEX BEAUTY SCHOOL                 ,TX,75149-0000,Proprietary  ,6,23,29,6,23,29
01293000,CHARLES & SUE'S SCH OF HAIR DESIGN      ,TX,77801-0000,Proprietary  ,17,31,48,17,31,48
01293200,TINT SCHOOL OF MAKEUP & COSMETOLOGY     ,TX,75061-4235,Proprietary  ,19,50,69,19,50,69
01300300,NEILSON BEAUTY COLLEGE                  ,TX,75208-4637,Proprietary  ,12,27,39,12,27,39
01301600,OGLE SCHOOL HAIR SKIN NAILS             ,TX,76013-7400,Proprietary  ,89,157,246,89,157,246
01303912,SOUTH UNIVERSITY - THE ART INSTITUTE OF ,TX,75231-5993,Proprietary  ,461,260,721,461,260,721
01303915,SOUTH UNIVERSITY - AUSTIN               ,TX,78729-8101,Proprietary  ,118,252,370,118,252,370
01323100,UNIVERSITY OF HOUSTON-VICTORIA          ,TX,77901-5731,Public       ,2094,1489,3583,2094,1489,3583
02058600,CONLEE'S COLLEGE OF COSMETOLOGY         ,TX,78028-0000,Proprietary  ,2,14,16,2,14,16
02077400,NORTH LAKE COLLEGE                      ,TX,75038-0000,Public       ,1279,1716,2995,1279,1716,2995
02081400,ARLINGTON BAPTIST COLLEGE               ,TX,76012-0000,Private      ,91,94,185,91,94,185
02098300,WESTERN TECHNICAL COLLEGE               ,TX,79927-2105,Proprietary  ,314,523,837,314,523,837
02100200,BROOKHAVEN COLLEGE                      ,TX,75244-0000,Public       ,1184,1819,3003,1184,1819,3003
02113610,AMERICAN INTERCONTINENTAL UNIV - HOUSTON,TX,77042-4516,Proprietary  ,89,378,467,89,378,467
02116008,SANFORD-BROWN COLLEGE - HOUSTON         ,TX,77042-8900,Proprietary  ,119,354,473,119,354,473
02117100,ART INSTITUTE OF HOUSTON                ,TX,77056-0000,Proprietary  ,1601,1342,2943,1601,1342,2943
02128302,INSTITUTE FOR BUSINESS & TECHNOLOGY - LA,TX,78230-2520,Proprietary  ,45,96,141,45,96,141
02144800,VET TECH INSTITUTE OF HOUSTON           ,TX,77027-9881,Proprietary  ,166,144,310,166,144,310
02176100,PIPO ACADEMY OF HAIR DESIGN             ,TX,79903-0000,Proprietary  ,23,28,51,23,28,51
02218300,SOUTHWEST SCHOOL OF BUSINESS & TECHNICAL,TX,78221-0000,Proprietary  ,25,53,78,25,53,78
02218305,SOUTHWEST SCHOOL OF BUSINESS AND TECHNIC,TX,78501-6053,Proprietary  ,20,38,58,20,38,58
02224600,TRI-STATE BEAUTY SCHOOL #1              ,TX,79915-0000,Proprietary  ,46,56,102,46,56,102
02230500,OGLE SCHOOL HAIR SKIN NAILS             ,TX,76132-3638,Proprietary  ,101,195,296,101,195,296
02230600,OGLE SCHOOL HAIR SKIN NAILS             ,TX,76053-4650,Proprietary  ,46,72,118,46,72,118
02239100,CENTRAL TEXAS BEAUTY COLLEGE #2         ,TX,78664-4204,Proprietary  ,30,78,108,30,78,108
02248200,MILAN INSTITUTE OF COSMETOLOGY          ,TX,79103-0000,Proprietary  ,88,236,324,88,236,324
02250603,EVEREST COLLEGE - ARLINGTON             ,TX,76011-6630,Proprietary  ,43,188,231,43,188,231
02254800,TEXAS VOCATIONAL SCHOOLS                ,TX,77901-0000,Proprietary  ,7,38,45,7,38,45
02259400,AMBERTON UNIVERSITY                     ,TX,75041-0000,Private      ,20,125,145,20,125,145
02261300,EVEREST INSTITUTE                       ,TX,78213-3841,Proprietary  ,35,177,212,35,177,212
02261302,EVEREST INSTITUTE - HOUSTON GREENSPOINT ,TX,77060-3249,Proprietary  ,64,279,343,64,279,343
02261303,EVEREST INSTITUTE - HOUSTON HOBBY       ,TX,77087-2737,Proprietary  ,40,179,219,40,179,219
02267100,EXPOSITO SCHOOL OF HAIR DESIGN          ,TX,79109-0000,Proprietary  ,6,21,27,6,21,27
02285900,UNIVERSITY OF COSMETOLOGY ARTS&SCI      ,TX,78504-0000,Proprietary  ,77,86,163,77,86,163
02298501,EVEREST COLLEGE- FORT WORTH             ,TX,76137-2472,Proprietary  ,33,153,186,33,153,186
02305300,PARKER COLLEGE OF CHIROPRACTIC          ,TX,75229-0000,Private      ,38,593,631,38,593,631
02306700,FORT WORTH BEAUTY SCHOOL                ,TX,76116-3299,Proprietary  ,28,86,114,28,86,114
02306809,SOUTH TEXAS VOCATIONAL TECHNICAL INSTITU,TX,78501-2400,Proprietary  ,146,134,280,146,134,280
02306810,SOUTH TEXAS VOCATIONAL TECHNICAL INSTITU,TX,78416-1141,Proprietary  ,29,108,137,29,108,137
02312200,TEXAS SCHOOL OF BUSINESS                ,TX,77073-6032,Proprietary  ,108,294,402,108,294,402
02312202,TEXAS SCHOOL OF BUSINESS - FRIENDSWOOD C,TX,77546-8938,Proprietary  ,9,86,95,9,86,95
02313901,WESTWOOD COLLEGE - DALLAS               ,TX,75243-0000,Proprietary  ,43,111,154,43,111,154
02315400,NORTHEAST TEXAS COMMUNITY COLLEGE       ,TX,75456-0000,Public       ,556,495,1051,556,495,1051
02318200,"KD STUDIO, ACTOR'S CONSERVATORY         ",TX,75207-2111,Proprietary  ,60,66,126,60,66,126
02320200,HOUSTON GRADUATE SCHOOL OF THEOLOGY     ,TX,77092-0000,Private      ,6,60,66,6,60,66
02326000,SAN ANTONIO BEAUTY COLLEGE NO 3         ,TX,78217-0000,Proprietary  ,33,48,81,33,48,81
02331200,BAPTIST MISSIONARY ASSN THEOL SEM       ,TX,75766-0000,Private      ,2,24,26,2,24,26
02331300,INTERACTIVE LEARNING SYSTEMS            ,TX,77502-1201,Proprietary  ,2,11,13,2,11,13
02331301,INTERACTIVE LEARNING SYSTEMS            ,TX,77081-0000,Proprietary  ,15,101,116,15,101,116
02331304,INTERACTIVE LEARNING SYSTEMS            ,TX,77060-0000,Proprietary  ,8,31,39,8,31,39
02341300,PALO ALTO COLLEGE                       ,TX,78224-0000,Public       ,2546,2205,4751,2546,2205,4751
02348500,LAMAR STATE COLLEGE-PORT ARTHUR         ,TX,77640-0000,Public       ,406,547,953,406,547,953
02357700,PAUL MITCHELL THE SCHOOL                ,TX,77043-3412,Proprietary  ,132,219,351,132,219,351
02358200,LAMAR STATE COLLEGE-ORANGE              ,TX,77630-0000,Public       ,322,452,774,322,452,774
02361400,COLLIN COUNTY COMMUNITY COLLEGE         ,TX,75071-0000,Public       ,3326,3485,6811,3326,3485,6811
02362000,UNIVERSAL TECHNICAL INSTITUTE           ,TX,77073-0000,Proprietary  ,7375,5119,12494,7375,5119,12494
02362800,AUSTIN GRADUATE SCHOOL OF THEOLOGY      ,TX,78752-1333,Private      ,13,31,44,13,31,44
02521200,ARLINGTON CAREER INSTITUTE              ,TX,75050-0000,Proprietary  ,22,102,124,22,102,124
02521800,SEGUIN BEAUTY SCHOOL                    ,TX,78155-0000,Proprietary  ,11,31,42,11,31,42
02527500,HOUSTON TRAINING SCHOOLS                ,TX,77029-0000,Proprietary  ,49,148,197,49,148,197
02530700,SEBRING CAREER SCHOOLS                  ,TX,77083-1510,Proprietary  ,5,15,20,5,15,20
02548800,SOUTH TEXAS VO-TECH INSTITUTE           ,TX,78596-0000,Proprietary  ,92,54,146,92,54,146
02548802,SOUTH TEXAS VOCATIONAL TECHNICAL INSTITU,TX,78520-8710,Proprietary  ,115,76,191,115,76,191
02555400,UNIV OF TX MD ANDERSON CANCER CTR       ,TX,77030-0000,Public       ,148,263,411,148,263,411
02568100,TEXAS BARBER COLLEGE                    ,TX,77063-3949,Proprietary  ,29,119,148,29,119,148
02568101,TEXAS BARBER COLLEGES & HAIRSTYLING SCHO,TX,75228-3841,Proprietary  ,17,82,99,17,82,99
02568106,TEXAS BARBER COLLEGES & HAIRSTYLING SCHO,TX,77009-0000,Proprietary  ,33,101,134,33,101,134
02568107,TEXAS BARBER COLLEGES & HAIRSTYLING SCHO,TX,77063-3951,Proprietary  ,25,104,129,25,104,129
02568108,TEXAS BARBER COLLEGES & HAIRSTYLING SCHO,TX,75241-1327,Proprietary  ,26,85,111,26,85,111
02568109,TEXAS BARBER COLLEGES & HAIRSTYLING SCHO,TX,77301-4407,Proprietary  ,0,4,4,0,4,4
02569300,LE CORDON BLEU COLLEGE OF CULINARY ARTS ,TX,78758-3647,Proprietary  ,393,878,1271,393,878,1271
02572000,COMPUTER CAREER CENTER                  ,TX,79925-2021,Proprietary  ,100,234,334,100,234,334
02572004,COMPUTER CAREER CENTER - AMARILLO CAMPUS,TX,79101-2404,Proprietary  ,5,45,50,5,45,50
02572005,COMPUTER CAREER CENTER - LUBBOCK CAMPUS ,TX,79414-3517,Proprietary  ,8,62,70,8,62,70
02572008,VISTA COLLEGE - BEAUMONT                ,TX,77701-3717,Proprietary  ,27,197,224,27,197,224
02572009,VISTA COLLEGE - LONGVIEW                ,TX,75604-1905,Proprietary  ,28,156,184,28,156,184
02572011,VISTA COLLEGE - KILLEEN                 ,TX,76541-7436,Proprietary  ,47,400,447,47,400,447
02572012,VISTA COLLEGE - COLLEGE STATION         ,TX,77840-5107,Proprietary  ,83,147,230,83,147,230
02591100,CAREER POINT COLLEGE                    ,TX,78201-2027,Proprietary  ,69,375,444,69,375,444
02591900,KAPLAN COLLEGE                          ,TX,79907-1525,Proprietary  ,152,310,462,152,310,462
02591905,KAPLAN COLLEGE - BROWNSVILLE            ,TX,78521-9905,Proprietary  ,83,112,195,83,112,195
02596500,ATI CAREER TRAINING CENTER              ,TX,76180-1599,Proprietary  ,7,25,32,7,25,32
02596503,ATI- CAREER TRAINING CENTER - HOUSTON (#,TX,77029-1978,Proprietary  ,18,64,82,18,64,82
02596600,ATI-CAREER TRAINING CENTER              ,TX,75220-4443,Proprietary  ,9,50,59,9,50,59
02596601,ATI CAREER TRAINING CENTER - RICHARDSON ,TX,75081-1948,Proprietary  ,7,17,24,7,17,24
02596602,ATI CAREER TRAINING CENTER - DALLAS (STE,TX,75247-6103,Proprietary  ,21,112,133,21,112,133
02600200,OCEAN CORPORATION (THE)                 ,TX,77099-3479,Proprietary  ,52,210,262,52,210,262
02604700,CENTER FOR ADVANCED LEGAL STUDIES       ,TX,77098-4151,Proprietary  ,16,195,211,16,195,211
02606202,EVEREST COLLEGE - EVEREST INSTITUTE - BI,TX,77036-8014,Proprietary  ,93,321,414,93,321,414
02615000,SANFORD-BROWN COLLEGE                   ,TX,75247-6931,Proprietary  ,72,255,327,72,255,327
03009400,SW SCH BUS & TECH CAREERS               ,TX,78212-2840,Proprietary  ,10,31,41,10,31,41
03010604,VIRGINIA COLLEGE - VIRGINIA COLLEGE AT A,TX,78723-0000,Proprietary  ,65,237,302,65,237,302
03011800,UNIVERSITY OF COSMETOLOGY ARTS & SCIENCE,TX,78226-1194,Proprietary  ,54,64,118,54,64,118
03019800,PCI HEALTH TRAINING CENTER              ,TX,75247-4720,Proprietary  ,61,161,222,61,161,222
03019801,PCI HEALTH TRAINING CENTER - RICHARDSON ,TX,75081-2321,Proprietary  ,18,50,68,18,50,68
03021500,SW SCH BUS & TECH CAREERS               ,TX,78852-4859,Proprietary  ,67,48,115,67,48,115
03025000,TEXAS COLLEGE OF COSMETOLOGY            ,TX,79605-2001,Proprietary  ,23,45,68,23,45,68
03025001,TEXAS COLLEGE OF COSMETOLOGY - SAN ANGEL,TX,76903-4708,Proprietary  ,15,34,49,15,34,49
03026500,REMINGTON COLLEGE - HOUSTON CAMPUS      ,TX,77082-1849,Private      ,309,1396,1705,309,1396,1705
03026501,REMINGTON COLLEGE - NORTH HOUSTON CAMPUS,TX,77067-1849,Private      ,81,206,287,81,206,287
03026506,REMINGTON COLLEGE - FT. WORTH CAMPUS    ,TX,76112-1280,Private      ,69,277,346,69,277,346
03028800,CIRCLE J BEAUTY SCHOOL                  ,TX,77587-3714,Proprietary  ,18,34,52,18,34,52
03030608,UTAH COLLEGE OF MASSAGE THERAPY - TEXAS ,TX,75801-4848,Proprietary  ,12,48,60,12,48,60
03030609,UTAH COLLEGE OF MASSAGE THERAPY - TEXAS ,TX,77040-6307,Proprietary  ,23,83,106,23,83,106
03031408,INTERNATIONAL ACADEMY OF DESIGN & TECHNO,TX,78229-2263,Proprietary  ,55,130,185,55,130,185
03032300,SCHOOL OF AUTOMOTIVE MACHINISTS         ,TX,77055-1803,Proprietary  ,65,114,179,65,114,179
03035200,TINT SCHOOL OF MAKEUP & COSMETOLOGY     ,TX,75229-3734,Proprietary  ,40,88,128,40,88,128
03035300,SOUTHERN CAREERS INSTITUTE              ,TX,78704-5252,Proprietary  ,70,297,367,70,297,367
03035301,SOUTHERN CAREERS INSTITUTE-PHARR        ,TX,78577-2118,Proprietary  ,21,56,77,21,56,77
03035302,SOUTHERN CAREERS INSTITUTE - CORPUS CHRI,TX,78414-2904,Proprietary  ,27,90,117,27,90,117
03035303,SOUTHERN CAREERS INSTITUTE - SAN ANTONIO,TX,78221-4351,Proprietary  ,20,60,80,20,60,80
03035305,SOUTHERN CAREERS INSTITUTE - BROWNSVILLE,TX,78520-8680,Proprietary  ,66,53,119,66,53,119
03035306,SOUTHERN CAREERS INSTITUTE - HARLINGEN  ,TX,78550-7911,Proprietary  ,43,49,92,43,49,92
03035308,SOUTHERN CAREERS INSTITUTE - SAN ANTONIO,TX,78238-4114,Proprietary  ,15,92,107,15,92,107
03061800,STAR COLLEGE OF COSMETOLOGY             ,TX,75702-8214,Proprietary  ,36,64,100,36,64,100
03064600,UNIVERSITY OF TEXAS AT BROWNSVILLE      ,TX,78520-4993,Public       ,3956,2357,6313,3956,2357,6313
03073402,ITT TECHNICAL INSTITUTE                 ,TX,75080-2208,Proprietary  ,0,1,1,0,1,1
03103400,SOUTH TEXAS COLLEGE                     ,TX,78501-6699,Public       ,8514,3842,12356,8514,3842,12356
03108700,ROYAL BEAUTY CAREERS                    ,TX,77069-4611,Proprietary  ,24,77,101,24,77,101
03115800,KAPLAN COLLEGE                          ,TX,78238-4203,Proprietary  ,57,323,380,57,323,380
03115802,KAPLAN COLLEGE - LAREDO                 ,TX,78041-6181,Proprietary  ,40,68,108,40,68,108
03115803,KAPLAN COLLEGE - BEAUMONT               ,TX,77706-3706,Proprietary  ,28,142,170,28,142,170
03115804,KAPLAN COLLEGE - LUBBOCK                ,TX,79401-2601,Proprietary  ,18,113,131,18,113,131
03128100,COLLEGE OF HEALTH CARE PROFESSIONS (THE),TX,77092-8108,Proprietary  ,263,1013,1276,263,1013,1276
03144300,NATIONAL BEAUTY COLLEGE                 ,TX,75043-4046,Proprietary  ,4,21,25,4,21,25
03153300,AMER COLL OF ACUPUNCTURE & O.M.         ,TX,77063-4104,Proprietary  ,10,52,62,10,52,62
03156400,AOMA                                    ,TX,78745-1479,Proprietary  ,8,79,87,8,79,87
03159300,ARLINGTON MEDICAL INSTITUTE             ,TX,76006-2317,Proprietary  ,73,142,215,73,142,215
03170300,TEXAS A&M UNIVERSITY-TEXARKANA          ,TX,75503-5518,Public       ,846,617,1463,846,617,1463
03179500,TEXAS HEALTH AND SCIENCE UNIVERSITY     ,TX,78704-6748,Proprietary  ,196,260,456,196,260,456
03237400,FARIS TECHNICAL INSTITUTE               ,TX,77627-3829,Proprietary  ,1,2,3,1,2,3
03272300,KAPLAN COLLEGE                          ,TX,75234-7288,Proprietary  ,81,396,477,81,396,477
03272303,KAPLAN COLLEGE - ARLINGTON              ,TX,76010-8121,Proprietary  ,47,250,297,47,250,297
03275300,TOUCH OF CLASS SCHOOL OF COSM           ,TX,75402-6314,Proprietary  ,9,35,44,9,35,44
03276300,ACADEMY OF HAIR DESIGN                  ,TX,75901-4900,Proprietary  ,14,49,63,14,49,63
03277300,ACADEMY OF HAIR DESIGN                  ,TX,77701-4650,Proprietary  ,12,36,48,12,36,48
03303300,NORTHWEST EDUCATIONAL CENTER            ,TX,77092-7055,Proprietary  ,10,43,53,10,43,53
03371300,TONI&GUY HAIRDRESSING ACADEMY           ,TX,75006-0000,Proprietary  ,33,48,81,33,48,81
03372300,NORTHWEST VISTA COLLEGE                 ,TX,78251-4217,Public       ,4570,3506,8076,4570,3506,8076
03396500,TEXAS STATE TECHNICAL COLG/MARSHALL     ,TX,75672-7402,Public       ,156,127,283,156,127,283
03400300,CAREER QUEST                            ,TX,78229-3539,Proprietary  ,20,90,110,20,90,110
03412300,ADVANCED BARBER COLLEGE & HAIR DESI     ,TX,78596-0000,Proprietary  ,29,28,57,29,28,57
03416500,DALLAS NURSING INSTITUTE                ,TX,75243-5502,Private      ,114,453,567,114,453,567
03422300,MILAN INSTITUTE                         ,TX,78238-3327,Proprietary  ,175,441,616,175,441,616
03422400,COLLEGE OF BIBLICAL STUDIES-HOUSTON     ,TX,77036-3211,Private      ,41,289,330,41,289,330
03424400,MEDVANCE INSTITUTE                      ,TX,77057-7386,Proprietary  ,24,151,175,24,151,175
03426300,COLLEGE OF HEALTH CARE PROFESSIONS (THE),TX,78752-3630,Proprietary  ,92,246,338,92,246,338
03480304,FORTIS COLLEGE - FORTIS INSTITUTE       ,TX,75050-2342,Proprietary  ,12,106,118,12,106,118
03520300,LUBBOCK HAIR ACADEMY                    ,TX,79410-3524,Proprietary  ,13,40,53,13,40,53
03542300,CONCORDE CAREER INSTITUTE               ,TX,76011-4016,Proprietary  ,78,357,435,78,357,435
03556400,KUSSAD INSTITUTE OF COURT REPORTING     ,TX,78704-5712,Proprietary  ,4,5,9,4,5,9
03573300,AVIATION INSTITUTE OF MAINTENANCE       ,TX,75062-6303,Proprietary  ,30,101,131,30,101,131
03610300,MJ'S BEAUTY ACADEMY INC                 ,TX,75224-0000,Proprietary  ,22,55,77,22,55,77
03612400,VALLEY GRANDE INSTITUTE FOR ACADEMI     ,TX,78596-0000,Private      ,39,91,130,39,91,130
03627300,LAMAR INSTITUTE OF TECHNOLOGY           ,TX,77705-4142,Public       ,711,792,1503,711,792,1503
03680300,JAY'S TECHNICAL INSTITUTE               ,TX,77031-3509,Proprietary  ,14,37,51,14,37,51
03682400,DALLAS BARBER & STYLIST COLLEGE         ,TX,75231-0000,Proprietary  ,35,138,173,35,138,173
03714300,TREND BARBER COLLEGE                    ,TX,77071-2104,Proprietary  ,19,88,107,19,88,107
03723300,CULINARY INST ALAIN & MARIE LENOTRE     ,TX,77022-4322,Proprietary  ,106,176,282,106,176,282
03727600,AUGUSTE ESCOFFIER SCHOOL OF CULINARY ART,TX,78752-0000,Proprietary  ,194,117,311,194,117,311
03733300,BAPTIST UNIVERSITY OF THE AMERICAS      ,TX,78224-1336,Private      ,49,108,157,49,108,157
03922300,SOUTH TEXAS BARBER COLLEGE              ,TX,78415-3463,Proprietary  ,16,29,45,16,29,45
03944400,PROFESSIONAL CAREERS INSTITUTE          ,TX,77036-2252,Proprietary  ,14,46,60,14,46,60
03944401,PROFESSIONAL CAREERS INSTITUTE          ,TX,77090-3914,Proprietary  ,10,29,39,10,29,39
03970300,HANDS ON THERAPY                        ,TX,75149-2294,Proprietary  ,2,27,29,2,27,29
03987300,TEXAS HEALTH SCHOOL                     ,TX,77079-2106,Proprietary  ,128,220,348,128,220,348
04036300,SOUTHEAST TEXAS CAREER INSTITUTE        ,TX,77656-8601,Proprietary  ,7,25,32,7,25,32
04045300,NORTHWEST BEAUTY SCHOOL                 ,TX,77091-1208,Proprietary  ,21,61,82,21,61,82
04045400,MAI-TRIX BEAUTY COLLEGE                 ,TX,77040-0000,Proprietary  ,20,43,63,20,43,63
04082300,PROFESSIONAL CAREER TRAINING INSTITUTE  ,TX,77090-0000,Proprietary  ,14,58,72,14,58,72
04089400,CCI TRAINING CENTER                     ,TX,76011-4857,Proprietary  ,8,85,93,8,85,93
04117900,CHAMPION BEAUTY COLLEGE                 ,TX,77069-4611,Proprietary  ,31,95,126,31,95,126
04121800,CRISWELL COLLEGE                        ,TX,75246-1537,Private      ,37,110,147,37,110,147
04125400,ACADEMY AT AUSTIN (THE)                 ,TX,78660-3287,Proprietary  ,23,35,58,23,35,58
04125500,MANUEL AND THERESA'S SCHOOL OF HAIR DESI,TX,77803-3236,Proprietary  ,5,15,20,5,15,20
04129800,MEDIATECH INSTITUTE DALLAS              ,TX,75039-3105,Proprietary  ,39,61,100,39,61,100
04129801,MEDIATECH INSTITUTE - AUSTIN            ,TX,78704-8933,Proprietary  ,27,38,65,27,38,65
04129802,MEDIATECH INSTITUTE - HOUSTON           ,TX,77042-4712,Proprietary  ,25,64,89,25,64,89
04131700,SOUTHWEST CAREER COLLEGE                ,TX,79925-6230,Proprietary  ,352,471,823,352,471,823
04136500,PCCENTER                                ,TX,75115-4214,Proprietary  ,1,11,12,1,11,12
04138500,CARDIOTECH ULTRASOUND SCHOOL            ,TX,77099-1440,Proprietary  ,39,155,194,39,155,194
04142300,AVEDA INSTITUTE SAN ANTONIO             ,TX,78215-1260,Proprietary  ,93,137,230,93,137,230
04146700,AVIATION INSTITUTE OF MAINTENANCE       ,TX,77061-4004,Proprietary  ,44,95,139,44,95,139
04146800,SOUTH TEXAS TRAINING CENTER             ,TX,78586-7721,Proprietary  ,4,19,23,4,19,23
04152700,ASTRODOME CAREER CENTERS                ,TX,77054-2678,Proprietary  ,14,40,54,14,40,54
04154800,DUVALL'S SCHOOL OF COSMETOLOGY          ,TX,76021-4159,Proprietary  ,5,18,23,5,18,23
04155800,ADVANCED BEAUTY COLLEGE                 ,TX,75061-1918,Proprietary  ,10,15,25,10,15,25
04158500,TEXAS BEAUTY COLLEGE                    ,TX,76117-3201,Proprietary  ,3,7,10,3,7,10
04160700,AVENUE FIVE INSTITUTE                   ,TX,78757-7000,Proprietary  ,57,109,166,57,109,166
04165800,SALON PROFESSIONAL ACADEMY (THE)        ,TX,75067-2348,Proprietary  ,12,17,29,12,17,29
04168700,LAWYER'S ASSISTANT SCHOOL OF DALLAS     ,TX,75201-2829,Proprietary  ,22,102,124,22,102,124
04168800,ABC BEAUTY ACADEMY                      ,TX,75042-8682,Proprietary  ,10,27,37,10,27,37
04169100,DIAMONDS COSMETOLOGY COLLEGE            ,TX,75090-2657,Proprietary  ,4,10,14,4,10,14
04177900,BUCKNER BARBER SCHOOL                   ,TX,75217-1775,Proprietary  ,15,44,59,15,44,59
04178200,VOGUE COLLEGE - SAN ANTONIO             ,TX,78201-5035,Proprietary  ,27,37,64,27,37,64
04178300,VOGUE BEAUTY ACADEMY                    ,TX,78238-4402,Proprietary  ,33,45,78,33,45,78
04178400,VOGUE COLLEGE - MCALLEN                 ,TX,78501-1945,Proprietary  ,42,29,71,42,29,71
04179500,NORTH AMERICAN UNIVERSITY               ,TX,77038-1221,Private      ,159,107,266,159,107,266
04184800,EXCEL LEARNING CENTER                   ,TX,79907-1400,Proprietary  ,28,52,80,28,52,80
04187800,CYBERTEX INSTITUTE OF TECHNOLOGY        ,TX,78752-3825,Proprietary  ,20,93,113,20,93,113
04193000,RGV CAREERS AN INSTITUTE FOR HIGHER LEAR,TX,78577-2106,Proprietary  ,19,56,75,19,56,75
04205200,WADE GORDON HAIRDRESSING ACADEMY        ,TX,79121-0548,Proprietary  ,19,40,59,19,40,59
04206501,MYCOMPUTERCAREER.COM - DALLAS           ,TX,75062-8173,Proprietary  ,5,102,107,5,102,107
04206502,MYCOMPUTERCAREER.COM - HOUSTON          ,TX,77056-6764,Proprietary  ,24,85,109,24,85,109
04213300,SPA PROFESSIONALS ACADEMY (THE)         ,TX,78504-2569,Proprietary  ,19,13,32,19,13,32
04215000,TOTAL TRANSFORMATION INSTITUTE OF COSMET,TX,78666-8115,Proprietary  ,22,22,44,22,22,44
04215400,GRACE SCHOOL OF THEOLOGY                ,TX,77384-4894,Private      ,3,37,40,3,37,40
04219700,GEMINI SCHOOL OF VISUAL ARTS & COMMUNICA,TX,78613-2642,Proprietary  ,11,7,18,11,7,18
04222600,HEATHCARE INSTITUTE (THE)               ,TX,78201-5035,Proprietary  ,49,85,134,49,85,134
04224100,COSMETOLOGY ACADEMY OF TEXARKANA        ,TX,75503-4855,Proprietary  ,16,40,56,16,40,56
04226400,MT TRAINING CENTER                      ,TX,75051-3542,Proprietary  ,5,22,27,5,22,27
04229000,BARBER INSTITUTE OF TEXAS               ,TX,75602-3456,Proprietary  ,0,17,17,0,17,17
04229500,TEXAS A&M UNIVERSITY - CENTRAL TEXAS    ,TX,76549-5901,Public       ,1011,1655,2666,1011,1655,2666
04231200,NEECEE'S COLLEGE OF COSMETOLOGY         ,TX,79605-4735,Proprietary  ,5,23,28,5,23,28
04231300,YAHWEH BEAUTY ACADEMY                   ,TX,76543-4153,Proprietary  ,13,50,63,13,50,63
04231900,ALAMO CITY BARBER COLLEGE               ,TX,78250-3227,Proprietary  ,49,107,156,49,107,156
04232400,EXCEL LEARNING CENTER - SAN ANTONIO     ,TX,78230-4823,Proprietary  ,7,37,44,7,37,44
04232900,PREPARING PEOPLE BARBER STYLING COLLEGE ,TX,75215-2415,Proprietary  ,4,38,42,4,38,42
04235900,BELLA COSMETOLOGY COLLEGE               ,TX,75494-2408,Proprietary  ,6,12,18,6,12,18
04236900,K&G 5 STAR BARBER COLLEGE               ,TX,77591-3689,Proprietary  ,3,21,24,3,21,24
04238200,LAREDO CHI ACADEMY BEAUTY SCHOOL        ,TX,78041-6540,Proprietary  ,30,36,66,30,36,66
04239700,"VOCATIONAL NURSING INSTITUTE, (THE)     ",TX,77065-5399,Private      ,20,93,113,20,93,113
00367000,BRIGHAM YOUNG UNIVERSITY                ,UT,84602-8406,Private      ,8886,4449,13335,8886,4449,13335
00367100,DIXIE STATE COLLEGE OF UTAH             ,UT,84770-3876,Public       ,3109,1076,4185,3109,1076,4185
00367200,LDS BUSINESS COLLEGE                    ,UT,84101-3500,Private      ,507,319,826,507,319,826
00367400,STEVENS HENAGER COLLEGE                 ,UT,84401-1420,Proprietary  ,300,3658,3958,300,3658,3958
00367500,UNIVERSITY OF UTAH                      ,UT,84112-9055,Public       ,9767,7547,17314,9767,7547,17314
00367700,UTAH STATE UNIVERSITY                   ,UT,84322-1400,Public       ,7555,4150,11705,7555,4150,11705
00367800,SOUTHERN UTAH UNIVERSITY                ,UT,84720-2470,Public       ,3103,965,4068,3103,965,4068
00367900,SNOW COLLEGE                            ,UT,84627-1299,Public       ,1601,331,1932,1601,331,1932
00368000,WEBER STATE UNIVERSITY                  ,UT,84408-1136,Public       ,3832,3982,7814,3832,3982,7814
00368100,WESTMINSTER COLLEGE                     ,UT,84105-3697,Private      ,1833,566,2399,1833,566,2399
00402700,UTAH VALLEY UNIVERSITY                  ,UT,84058-5999,Public       ,4733,4332,9065,4733,4332,9065
00522000,SALT LAKE COMMUNITY COLLEGE             ,UT,84123-0000,Public       ,3004,4243,7247,3004,4243,7247
00732953,ITT TECHNICAL INSTITUTE                 ,UT,84123-2500,Proprietary  ,73,441,514,73,441,514
00943300,SHERMAN KENDALL'S ACADEMY OF BEAUTY     ,UT,84106-1836,Proprietary  ,4,27,31,4,27,31
01009800,NEUMONT UNIVERSITY                      ,UT,84095-0000,Proprietary  ,598,69,667,598,69,667
01116500,UINTAH BASIN APPLIED TECHNOLOGY CLG     ,UT,84066-0000,Public       ,12,39,51,12,39,51
01116600,BROADVIEW UNIVERSITY                    ,UT,84088-4021,Proprietary  ,73,191,264,73,191,264
02078800,SHERMAN KENDALL'S ACADEMY OF BEAUTY     ,UT,84047-0000,Proprietary  ,0,5,5,0,5,5
02115400,BRIDGERLAND APPLIED TECHNOLOGY COLLEGE  ,UT,84321-0000,Public       ,174,270,444,174,270,444
02156600,DAVIS APPLIED TECHNOLOGY COLLEGE        ,UT,84037-0000,Public       ,199,426,625,199,426,625
02178500,EAGLE GATE COLLEGE                      ,UT,84123-0000,Proprietary  ,20,172,192,20,172,192
02270800,AMERITECH COLLEGE                       ,UT,84604-6927,Proprietary  ,20,126,146,20,126,146
02270802,AMERITECH COLLEGE - DRAPER              ,UT,84020-6545,Proprietary  ,22,172,194,22,172,194
02298500,EVEREST COLLEGE                         ,UT,84119-2668,Proprietary  ,25,110,135,25,110,135
02346500,OGDEN-WEBER APPLIED TECHNOLOGY COLG     ,UT,84404-0000,Public       ,235,559,794,235,559,794
02360800,PROVO COLLEGE                           ,UT,84601-0000,Proprietary  ,47,139,186,47,139,186
02531800,PAUL MITCHELL THE SCHOOL - PROVO        ,UT,84606-0000,Proprietary  ,36,34,70,36,34,70
02556800,PAUL MITCHELL THE SCHOOL                ,UT,84117-7204,Proprietary  ,52,62,114,52,62,114
02556801,PAUL MITCHELL THE SCHOOL                ,UT,84780-0000,Proprietary  ,16,16,32,16,16,32
02572700,EVANS HAIRSTYLING COLLEGE               ,UT,84770-0000,Proprietary  ,8,12,20,8,12,20
02572800,VISTA COLLEGE                           ,UT,84015-0000,Proprietary  ,13,90,103,13,90,103
02573100,EVANS HAIRSTYLING COLLEGE OF CEDAR CITY ,UT,84720-0000,Proprietary  ,13,12,25,13,12,25
02612200,MARINELLO SCHOOL OF BEAUTY              ,UT,84604-1585,Proprietary  ,11,23,34,11,23,34
03030600,UTAH COLLEGE OF MASSAGE THERAPY         ,UT,84111-1606,Proprietary  ,41,97,138,41,97,138
03030601,UTAH CLG OF MASSAGE THER-PROVO CMPS     ,UT,84042-0000,Proprietary  ,9,27,36,9,27,36
03082100,MYOTHERAPY COLLEGE OF UTAH              ,UT,84115-2522,Proprietary  ,3,30,33,3,30,33
03108200,FRANCOIS D. COLLEGE OF HAIR SKIN & NAILS,UT,84070-2004,Proprietary  ,3,10,13,3,10,13
03110400,HAIRITAGE HAIR ACADEMY                  ,UT,84770-5233,Proprietary  ,11,9,20,11,9,20
03339400,WESTERN GOVERNORS UNIVERSITY            ,UT,84107-2533,Private      ,839,21279,22118,839,21279,22118
03413300,MOUNTAINLAND APPLIED TECHNOLOGY COLLEGE ,UT,84043-0000,Public       ,89,194,283,89,194,283
03463300,CAREERS UNLIMITED                       ,UT,84058-0000,Proprietary  ,19,77,96,19,77,96
03467308,MARINELLO SCHOOL OF BEAUTY - OGDEN      ,UT,84405-1501,Proprietary  ,15,29,44,15,29,44
03467309,MARINELLO SCHOOL OF BEAUTY - LAYTON     ,UT,84041-3002,Proprietary  ,6,32,38,6,32,38
03617300,HEALING MOUNTAIN MASSAGE SCHOOL         ,UT,84102-4006,Proprietary  ,14,52,66,14,52,66
03829500,SKINWORKS SCHOOL OF ADVANCED SKINCARE   ,UT,84115-0000,Proprietary  ,9,35,44,9,35,44
03838300,NIGHTINGALE COLL. SCH. OF NURSING SCH. O,UT,84403-0000,Proprietary  ,15,117,132,15,117,132
03909300,PAUL MITCHELL THE SCHOOL LOGAN          ,UT,84323-4679,Proprietary  ,37,31,68,37,31,68
03921300,CAMEO COLLEGE OF ESSENTIAL BEAUTY       ,UT,84115-0000,Proprietary  ,28,65,93,28,65,93
04054300,SOUTHWEST APPLIED TECHNOLOGY COLLEGE    ,UT,84720-6608,Public       ,28,67,95,28,67,95
04072300,AVEDA INSTITUTE PROVO                   ,UT,84604-1008,Proprietary  ,25,30,55,25,30,55
04121700,DIXIE APPLIED TECHNOLOGY COLLEGE        ,UT,84770-3025,Public       ,122,119,241,122,119,241
04145500,SKIN SCIENCE INSTITUTE (THE)            ,UT,84115-0000,Proprietary  ,7,46,53,7,46,53
04153000,RENAISSANCE ACADEMIE                    ,UT,84604-0000,Proprietary  ,10,21,31,10,21,31
04161900,MANDALYN ACADEMY                        ,UT,84003-2161,Proprietary  ,4,17,21,4,17,21
04165500,ACAYDIA SCHOOL OF AESTHETICS            ,UT,84601-0000,Proprietary  ,9,16,25,9,16,25
04169900,AMERICAN BEAUTY ACADEMY                 ,UT,84651-0000,Proprietary  ,6,9,15,6,9,15
04173200,TAYLOR ANDREWS ACADEMY OF HAIR DESIGN   ,UT,84088-6577,Proprietary  ,17,32,49,17,32,49
04173201,TAYLOR ANDREWS ACADEMY -  OREM          ,UT,84004-1872,Proprietary  ,27,24,51,27,24,51
04183000,TOP NAILS & HAIR BEAUTY SCHOOL          ,UT,84118-0000,Proprietary  ,3,21,24,3,21,24
04184200,TAYLOR ANDREWS ACADEMY-ST. GEORGE       ,UT,84790-2139,Proprietary  ,20,30,50,20,30,50
04192700,BARBER SCHOOL (THE)                     ,UT,84047-3723,Proprietary  ,10,49,59,10,49,59
04193200,ROCKY MOUNTAIN UNIVERSITY OF HEALTH PROF,UT,84606-7312,Proprietary  ,14,156,170,14,156,170
04210300,MEDSPA ACADEMIES                        ,UT,84095-3519,Proprietary  ,15,40,55,15,40,55
04211500,BEAUTIFUL YOU SCHOOL OF NAIL TECHNOLOGY ,UT,84720-8360,Proprietary  ,9,8,17,9,8,17
04215700,COLE HOLLAND COLLEGE                    ,UT,84102-2959,Proprietary  ,6,24,30,6,24,30
04216800,BONNIE JOSEPH ACADEMY OF COSMETOLOGY & B,UT,84032-2044,Proprietary  ,1,2,3,1,2,3
04218300,MIDWIVES COLLEGE OF UTAH                ,UT,84106-2671,Private      ,15,107,122,15,107,122
00368200,BENNINGTON COLLEGE                      ,VT,05201-6001,Private      ,830,105,935,830,105,935
00368300,CASTLETON STATE COLLEGE                 ,VT,05735-0000,Public       ,2274,240,2514,2274,240,2514
00368400,CHAMPLAIN COLLEGE                       ,VT,05401-3950,Private      ,3674,669,4343,3674,669,4343
00368500,COLLEGE OF ST JOSEPH                    ,VT,05701-3899,Private      ,138,74,212,138,74,212
00368600,GODDARD COLLEGE                         ,VT,05667-0000,Private      ,31,257,288,31,257,288
00368700,GREEN MOUNTAIN COLLEGE                  ,VT,05764-1199,Private      ,514,125,639,514,125,639
00368800,JOHNSON STATE COLLEGE                   ,VT,05656-9898,Public       ,867,353,1220,867,353,1220
00368900,LYNDON STATE COLLEGE                    ,VT,05851-0919,Public       ,1389,162,1551,1389,162,1551
00369000,MARLBORO COLLEGE                        ,VT,05344-0300,Private      ,228,47,275,228,47,275
00369100,MIDDLEBURY COLLEGE                      ,VT,05753-0000,Private      ,3699,376,4075,3699,376,4075
00369200,NORWICH UNIVERSITY                      ,VT,05663-1035,Private      ,2485,551,3036,2485,551,3036
00369300,SOUTHERN VERMONT COLLEGE                ,VT,05201-6002,Private      ,444,83,527,444,83,527
00369400,ST MICHAELS COLLEGE                     ,VT,05439-0001,Private      ,3559,87,3646,3559,87,3646
00369600,UNIVERSITY OF VERMONT                   ,VT,05405-0160,Public       ,18817,2287,21104,18817,2287,21104
00369700,VERMONT COLLEGE OF FINE ARTS            ,VT,05602-3128,Private      ,9,169,178,9,169,178
00369800,VERMONT TECHNICAL COLLEGE               ,VT,05061-0000,Public       ,713,474,1187,713,474,1187
00865800,O'BRIENS AVEDA INSTITUTE                ,VT,05403-7747,Proprietary  ,25,25,50,25,25,50
00886000,SIT                                     ,VT,05301-4801,Private      ,124,268,392,124,268,392
01116700,COMMUNITY COLLEGE OF VERMONT            ,VT,05676-0000,Public       ,626,1176,1802,626,1176,1802
01193400,VERMONT LAW SCHOOL                      ,VT,05068-0000,Private      ,5,493,498,5,493,498
01218300,BURLINGTON COLLEGE                      ,VT,05401-8477,Private      ,129,55,184,129,55,184
02143500,STERLING COLLEGE                        ,VT,05827-0000,Private      ,104,41,145,104,41,145
02254000,NEW ENGLAND CULINARY INSTITUTE          ,VT,05602-0000,Proprietary  ,188,75,263,188,75,263
02532600,LANDMARK COLLEGE                        ,VT,05346-0000,Private      ,324,75,399,324,75,399
04146900,ADVANCED WELDING INSTITUTE              ,VT,05403-0000,Proprietary  ,24,10,34,24,10,34
00392800,CASPER COLLEGE                          ,WY,82601-4612,Public       ,726,430,1156,726,430,1156
00392900,EASTERN WYOMING COLLEGE                 ,WY,82240-1603,Public       ,260,92,352,260,92,352
00393000,SHERIDAN COLLEGE                        ,WY,82801-9133,Public       ,524,288,812,524,288,812
00393100,NORTHWEST COLLEGE                       ,WY,82435-1895,Public       ,428,144,572,428,144,572
00393200,UNIVERSITY OF WYOMING                   ,WY,82071-2000,Public       ,4921,1961,6882,4921,1961,6882
00393300,WESTERN WYOMING COMMUNITY COLLEGE       ,WY,82902-0000,Public       ,395,309,704,395,309,704
00728900,CENTRAL WYOMING COLLEGE                 ,WY,82501-0000,Public       ,295,228,523,295,228,523
00915700,WYOTECH                                 ,WY,82072-9519,Proprietary  ,290,163,453,290,163,453
00925900,LARAMIE COUNTY COMMUNITY CLG            ,WY,82007-3299,Public       ,746,739,1485,746,739,1485
02211900,CHEEKS INTERNATIONAL ACDMY              ,WY,82001-0000,Proprietary  ,8,33,41,8,33,41
00393500,UNIV OF GUAM                            ,GU,96923-0000,Public       ,740,513,1253,740,513,1253
01536100,GUAM COMMUNITY COLLEGE                  ,GU,96921-0000,Public       ,344,408,752,344,408,752
03438300,PACIFIC ISLANDS UNIVERSITY              ,GU,96913-2619,Private      ,13,37,50,13,37,50
00393600,PONTIFICAL CATHOLIC UNIV OF PR          ,PR,00717-0777,Private      ,1369,562,1931,1369,562,1931
00393700,UNIVERSITY OF THE SACRED HEART          ,PR,00914-0383,Private      ,703,403,1106,703,403,1106
00393800,INTER-AMER UNIV PR-CNTRL ADMN           ,PR,00936-0000,Private      ,408,588,996,408,588,996
00393801,INTER-AMER UNIV PR SCHL LAW             ,PR,00936-8351,Private      ,14,68,82,14,68,82
00393802,INTER AMERICAN UNIVERSITY OF PUERTO RICO,PR,00926-0000,Private      ,283,200,483,283,200,483
00393803,INTER AMERICAN UNIVERSITY OF PR         ,PR,00683-0000,Private      ,578,272,850,578,272,850
00393804,INTER-AMER UNIV PR-RECINTO AGUADILA     ,PR,00605-2000,Private      ,388,208,596,388,208,596
00393805,INTER-AMER UNIV PR-ARECIBO CAMPUS       ,PR,00614-4050,Private      ,533,284,817,533,284,817
00393806,INTER-AMER UNIV PR-BARRANQUITAS REG     ,PR,00794-0517,Private      ,451,117,568,451,117,568
00393807,INTER-AMER UNIV PR-FAJARDO REGIONAL     ,PR,00738-0000,Private      ,169,123,292,169,123,292
00393808,INTER-AMER UNIV PR - GUAYAMA CAMPUS     ,PR,00785-4004,Private      ,264,215,479,264,215,479
00393809,INTER-AMER UNIV PR-PONCE REGIONAL       ,PR,00715-0000,Private      ,443,306,749,443,306,749
00393811,INTER-AMER UNIV PR-BAYAMON REG CLG      ,PR,00959-0000,Private      ,738,233,971,738,233,971
00394100,UNIVERSIDAD DEL ESTE                    ,PR,00984-2010,Private      ,1080,828,1908,1080,828,1908
00394200,UNIVERSITY OF PR-CENTRAL ADMINISTRATION ,PR,00936-4984,Public       ,116,41,157,116,41,157
00394300,UNIVERSITY OF PUERTO RICO - HUMACAO UNIV,PR,00791-4300,Public       ,546,82,628,546,82,628
00394400,UNIVERSITY OF PUERTO RICO - MAYAGUEZ    ,PR,00680-0000,Public       ,2399,473,2872,2399,473,2872
00501900,UNIV ADVENTISTA DE LAS ANTILLAS         ,PR,00681-0118,Private      ,181,115,296,181,115,296
00502200,BAYAMON CENTRAL UNIVERSITY              ,PR,00960-0000,Private      ,149,111,260,149,111,260
00710800,UNIVERSITY OF PUERTO RICO - RIO PIEDRAS ,PR,00931-3300,Public       ,2217,634,2851,2217,634,2851
00720600,UNIVERSITY OF PUERTO RICO - CAYEY UNIVER,PR,00736-5534,Public       ,1096,140,1236,1096,140,1236
00722800,UNIVERSITY OF PUERTO RICO - ARECIBO     ,PR,00614-4010,Public       ,1040,135,1175,1040,135,1175
00890200,COLUMBIA CENTRO UNIVERSITARIO           ,PR,00726-0000,Proprietary  ,170,116,286,170,116,286
00965200,"UNIVERSITY OF PUERTO RICO, PONCE TECH UN",PR,00716-0000,Public       ,1279,150,1429,1279,150,1429
01056700,COLEGIO TECNOLOGICO DE SAN JUAN         ,PR,00918-2973,Public       ,55,68,123,55,68,123
01072400,CARLOS ALBIZU UNIVERSITY                ,PR,00902-3711,Private      ,50,228,278,50,228,278
01081900,CONSERVATORIO DE MUSICA DE PUERTO RICO  ,PR,00907-3373,Public       ,45,12,57,45,12,57
01092200,UNIVERSITY OF PUERTO RICO - UTUADO      ,PR,00641-2500,Public       ,235,42,277,235,42,277
01097500,UNIVERSITY OF PUERTO RICO BAYAMON TECHNI,PR,00959-1911,Public       ,1081,155,1236,1081,155,1236
01120300,RYDER MEMORIAL HOSP SCH OF NURSING      ,PR,00792-0000,Private      ,2,2,4,2,2,4
01171900,UNIVERSIDAD DEL TURABO                  ,PR,00778-0000,Private      ,1360,1228,2588,1360,1228,2588
01194000,ICPR JUNIOR COLLEGE                     ,PR,00919-0000,Proprietary  ,62,105,167,62,105,167
01194100,AMERICAN UNIVERSITY OF PUERTO RICO      ,PR,00960-2037,Private      ,113,57,170,113,57,170
01194101,AMERICAN UNIVERSITY OF PUERTO RICO      ,PR,00674-0000,Private      ,169,90,259,169,90,259
01212300,"UNIVERSITY OF PUERTO RICO, AGUADILLA REG",PR,00604-0160,Public       ,498,102,600,498,102,600
01252500,CARIBBEAN UNIVERSITY                    ,PR,00960-0493,Private      ,430,304,734,430,304,734
02063100,MBTI BUSINESS TRNG INSTITUTE            ,PR,00907-3917,Proprietary  ,82,437,519,82,437,519
02100000,POLYTECHNIC UNIVERSITY OF PR            ,PR,00917-0000,Private      ,421,363,784,421,363,784
02163300,UNIVERSIDAD CENTRAL DEL CARIBE          ,PR,00960-0000,Private      ,29,75,104,29,75,104
02165100,EDP COLLEGE OF PUERTO RICO              ,PR,00919-0000,Private      ,45,119,164,45,119,164
02166000,CENTER FOR ADVANCED STUDIES OF PUER     ,PR,00902-0000,Private      ,3,29,32,3,29,32
02166400,INSTITUTO DE BANCA Y COMERCIO           ,PR,00925-0000,Proprietary  ,1624,2699,4323,1624,2699,4323
02170300,INST EDUC TECNIA OCUP LA REINA          ,PR,00674-0000,Proprietary  ,3,7,10,3,7,10
02189100,CENTRO DE ESTUDIOS MULTIDISCIPLIN       ,PR,00926-0000,Proprietary  ,76,100,176,76,100,176
02189300,EMMA'S BEAUTY ACADEMY                   ,PR,00680-0000,Proprietary  ,4,2,6,4,2,6
02195400,MODERN HAIRSTYLING INSTITUTE            ,PR,00961-0000,Proprietary  ,7,3,10,7,3,10
02195500,MODERN HAIRSTYLING INSTITUTE            ,PR,00612-0000,Proprietary  ,4,2,6,4,2,6
02195800,LICEO E ARTE Y TECNOLGIA                ,PR,00919-0000,Proprietary  ,203,168,371,203,168,371
02195900,MODERN HAIRSTYLING INSTITUTE            ,PR,00980-0000,Proprietary  ,2,2,4,2,2,4
02234900,ANTILLES SCHOOL OF TECH CAREERS         ,PR,00909-3006,Proprietary  ,19,43,62,19,43,62
02241904,COMMONWEALTH OF PR DEPT OF EDUC - ITPR R,PR,00655-0000,Public       ,56,53,109,56,53,109
02241907,COMMONWEALTH OF PR DEPT OF EDUC - ITPR R,PR,00928-0000,Public       ,40,35,75,40,35,75
02241908,COMMONWEALTH OF PR DEPT OF EDUC - ITPR R,PR,00732-0000,Public       ,58,44,102,58,44,102
02241909,COMMONWEALTH OF PR DEPT OF EDUC - TROQUE,PR,00959-0000,Public       ,11,2,13,11,2,13
02241910,COMMONWEALTH OF PR DEPT OF EDUC - ITPR R,PR,00701-1091,Public       ,280,106,386,280,106,386
02260600,NATIONAL COLLEGE OF BUSINESS & TECH     ,PR,00960-2036,Proprietary  ,852,2095,2947,852,2095,2947
02260800,HUERTAS COLLEGE                         ,PR,00726-0000,Proprietary  ,26,29,55,26,29,55
02297700,AUTOMECA TECHNICAL COLLEGE              ,PR,00957-0000,Proprietary  ,92,64,156,92,64,156
02303800,AMERICAN EDUCATIONAL COLLEGE            ,PR,00961-0000,Proprietary  ,5,11,16,5,11,16
02335500,COLEGIO BIBLICO PENTECOSTAL DE PR       ,PR,00978-0000,Private      ,3,18,21,3,18,21
02340600,HUMACAO COMMUNITY COLLEGE               ,PR,00792-0000,Private      ,23,37,60,23,37,60
02343600,INSTITUTE OF BEAUTY CAREERS             ,PR,00613-0000,Proprietary  ,5,6,11,5,6,11
02460000,UNIVERSITY OF PUERTO RICO - MEDICAL SCIE,PR,00936-0000,Public       ,156,172,328,156,172,328
02482400,PONCE SCHOOL OF MEDICINE AND HEALTH SCIE,PR,00716-2347,Private      ,19,166,185,19,166,185
02504500,INSTITUCION CHAVIANO DE MAYAGUEZ        ,PR,00708-0000,Proprietary  ,0,2,2,0,2,2
02505400,ATLANTIC COLLEGE                        ,PR,00970-0000,Private      ,88,23,111,88,23,111
02534900,PONCE PARAMEDICAL COLLEGE (POPAC)       ,PR,00731-0000,Proprietary  ,112,98,210,112,98,210
02552300,COLEGIO MAYOR DE TECHNOLOGIA            ,PR,00714-0000,Proprietary  ,8,9,17,8,9,17
02562500,INTERNATIONAL TECHNICAL COLLEGE         ,PR,00918-0000,Proprietary  ,8,18,26,8,18,26
02569400,ESCUELA DE ARTES PLASTICAS              ,PR,00902-1112,Public       ,100,46,146,100,46,146
02570400,EDUCATIONAL TECHNICAL COLLEGE           ,PR,00925-3404,Proprietary  ,6,1,7,6,1,7
02576100,ESCUELA TECNICA DE ELECTRICIDAD         ,PR,00731-0000,Proprietary  ,8,8,16,8,8,16
02587500,UNIVERSIDAD METROPOLITANA               ,PR,00928-0000,Private      ,1513,1085,2598,1513,1085,2598
02588600,SEMINARIO EVANGELICO DE PUERTO RICO     ,PR,00925-0000,Private      ,2,9,11,2,9,11
02593700,HISPANIC AMERICAN COLLEGE               ,PR,00725-0000,Proprietary  ,1,5,6,1,5,6
03016000,UNIVERSITY OF PUERTO RICO CAROLINA REGIO,PR,00985-0000,Public       ,717,119,836,717,119,836
03021900,EDIC COLLEGE                            ,PR,00726-0000,Proprietary  ,121,84,205,121,84,205
03025500,MECH TECH COLLEGE                       ,PR,00725-6118,Proprietary  ,231,119,350,231,119,350
03025900,"LICEO DE ARTE, DISENOS Y COMERCIO       ",PR,00726-0000,Proprietary  ,4,4,8,4,4,8
03029700,"UNIVERSAL TECHNOLOGY CLG OF PR, INC     ",PR,00605-0000,Private      ,98,166,264,98,166,264
03061900,COLEGIO TECHNOLOGICO Y COMERCIAL        ,PR,00602-0960,Proprietary  ,2,1,3,2,1,3
03068400,STAR BEAUTY ACADEMY                     ,PR,00961-6312,Proprietary  ,2,4,6,2,4,6
03070500,D'MART INSTITUTE                        ,PR,00794-3517,Proprietary  ,198,186,384,198,186,384
03075600,EMMA'S BEAUTY ACADEMY                   ,PR,00795-0000,Proprietary  ,5,5,10,5,5,10
03085700,PROFESSIONAL TECHNICAL INSTITUTION      ,PR,00960-7061,Proprietary  ,7,5,12,7,5,12
03104400,PROFESSIONAL ELECTRIC SCHOOL            ,PR,00674-1797,Proprietary  ,7,0,7,7,0,7
03106900,ESCUELA DE PERITOS ELECTRICITAS         ,PR,00662-0457,Proprietary  ,2,4,6,2,4,6
03112100,JOHN DEWEY COLLEGE                      ,PR,00915-9538,Private      ,68,139,207,68,139,207
03112101,JOHN DEWEY COLLEGE                      ,PR,00986-0000,Private      ,10,23,33,10,23,33
03112102,JOHN DEWEY COLLEGE-BAYAMON CAMPUS       ,PR,00959-0000,Private      ,8,5,13,8,5,13
03112105,JOHN DEWEY COLLEGE - FAJARDO BRANCH     ,PR,00738-0738,Private      ,17,57,74,17,57,74
03112106,JOHN DEWEY COLLEGE - ARROYO BRANCH      ,PR,00714-0714,Private      ,3,17,20,3,17,20
03112107,JOHN DEWEY COLLEGE - JUANA DIAZ BRANCH  ,PR,00795-0000,Private      ,45,55,100,45,55,100
03112108,JOHN DEWEY COLLEGE - HATILLO CAMPUS     ,PR,00659-0000,Private      ,3,1,4,3,1,4
03112109,JOHN DEWEY COLLEGE - MANATI             ,PR,00674-0000,Private      ,8,4,12,8,4,12
03112110,DEWEY UNIVERSITY - MAYAGUEZ             ,PR,00682-0000,Private      ,3,5,8,3,5,8
03115900,TRINITY COLLEGE OF PUERTO RICO          ,PR,00734-0000,Private      ,5,6,11,5,6,11
03122500,ACADEMIA SERRANT INC.                   ,PR,00717-1568,Proprietary  ,24,27,51,24,27,51
03123100,GLOBELLE TECHNICAL INSTITUTE            ,PR,00693-4218,Proprietary  ,0,2,2,0,2,2
03124200,NOVA COLLEGE DE PUERTO RICO             ,PR,00960-4016,Proprietary  ,4,11,15,4,11,15
03157600,"COLEGIO DE CINEMATOGRAFIA, ARTES Y TELEV",PR,00961-6345,Proprietary  ,35,24,59,35,24,59
03177300,SAN JUAN BAUTISTA SCH OF MEDICINE       ,PR,00726-0000,Private      ,10,104,114,10,104,114
03336300,CENTURY COLLEGE                         ,PR,00603-0000,Proprietary  ,4,7,11,4,7,11
03414300,MONTECLARO                              ,PR,00745-9612,Private      ,0,5,5,0,5,5
03452300,INSTITUTO PRE-VOCACIONAL E INDUSTRI     ,PR,00613-1800,Private      ,3,3,6,3,3,6
03469300,IVAEM COLLEGE                           ,PR,00725-0000,Proprietary  ,19,7,26,19,7,26
03531300,UNIVERSIDAD PENTECOSTAL MIZPA           ,PR,00928-0966,Private      ,1,20,21,1,20,21
03544300,ATENAS COLLEGE                          ,PR,00674-0000,Private      ,194,132,326,194,132,326
03552300,LESTON COLLEGE                          ,PR,00961-6309,Proprietary  ,2,1,3,2,1,3
03608300,CARIBBEAN FORENSIC & TECHNICAL COLL     ,PR,00926-0000,Proprietary  ,3,8,11,3,8,11
03638300,ROSSLYN TRAINING ACADEMY OF COSMETOLOGY ,PR,00602-3225,Proprietary  ,0,1,1,0,1,1
03735400,"CHARLIES GUARD,DETECTIVE BUREAU&ACA     ",PR,00605-0000,Proprietary  ,4,2,6,4,2,6
03751300,ESCUELA HOTELERA DE SAN JUAN            ,PR,00917-0091,Proprietary  ,52,28,80,52,28,80
03758300,BAYAMON COMMUNITY COLLEGE               ,PR,00960-0000,Proprietary  ,4,7,11,4,7,11
03781400,INDUSTRIAL TECHNICAL COLLEGE            ,PR,00792-0000,Proprietary  ,2,2,4,2,2,4
03785300,J.G. GUAYNABO TECHNICAL COLLEGE         ,PR,00960-0000,Proprietary  ,19,53,72,19,53,72
03800300,COLEGIO TECNICO DE ELECTRICIDAD GALLOSA ,PR,00602-0000,Proprietary  ,1,0,1,1,0,1
03800400,INSTITUTE OF BEAUTY OCCUPATIONS AND TECH,PR,00676-5071,Proprietary  ,28,43,71,28,43,71
03849300,AGUADILLA TECHNICAL COLLEGE             ,PR,00603-0000,Proprietary  ,4,6,10,4,6,10
04107300,CARIB TECHNOLOGICAL INSTITUTE           ,PR,00960-0000,Proprietary  ,1,3,4,1,3,4
04117200,INSTITUTO EDUCATIVO PREMIER             ,PR,00731-0000,Proprietary  ,5,2,7,5,2,7
04131600,LIBERTY TECHNICAL COLLEGE               ,PR,00737-1298,Proprietary  ,2,6,8,2,6,8
04164300,GLOBAL INSTITUTE                        ,PR,00725-6485,Proprietary  ,1,1,2,1,1,2
04176000,AMERICAN TECHNICAL INSTITUTE            ,PR,00957-0000,Proprietary  ,2,6,8,2,6,8
04240900,PPG TECHNICAL COLLEGE                   ,PR,00726-3164,Proprietary  ,18,22,40,18,22,40
00394600,UNIVERSITY OF THE VIRGIN ISLANDS        ,VI,00802-9990,Public       ,874,351,1225,874,351,1225
00394601,UNIV OF THE VIRGIN ISLANDS-ST CROIX     ,VI,00850-0000,Public       ,318,279,597,318,279,597
00667700,MCGILL UNIVERSITY                       ,CN,00000-0000,Public       ,1125,181,1306,1125,181,1306
00667900,QUEEN'S UNIVERSITY AT KINGSTON          ,CN,00000-0000,Public       ,73,19,92,73,19,92
00668100,ST FRANCIS XAVIER UNIVERSITY            ,CN,00000-0000,Public       ,16,2,18,16,2,18
00668200,ST THOMAS UNIVERSITY                    ,CN,00000-0000,Public       ,18,3,21,18,3,21
00668300,UNIVERSITY OF GUELPH                    ,CN,00000-0000,Public       ,30,33,63,30,33,63
00668400,UNIVERSITY OF MANITOBA                  ,CN,00000-0000,Public       ,50,9,59,50,9,59
00668500,UNIVERSITY OF NEW BRUNSWICK (THE)       ,CN,00000-0000,Public       ,20,4,24,20,4,24
00668600,UNIVERSITY OF OTTAWA                    ,CN,00000-0000,Public       ,27,23,50,27,23,50
00668800,UNIVERSITY OF TORONTO                   ,CN,00000-0000,Public       ,354,195,549,354,195,549
00668900,UNIVERSITY OF WINDSOR                   ,CN,00000-0000,Public       ,13,11,24,13,11,24
00683700,UNIVERSITE LAVAL                        ,CN,00000-0000,Public       ,7,9,16,7,9,16
00683800,DALHOUSIE UNIVERSITY                    ,CN,00000-0000,Public       ,80,35,115,80,35,115
00685200,BISHOP'S UNIVERSITY                     ,CN,00000-0000,Private      ,37,4,41,37,4,41
00767900,YORK UNIVERSITY                         ,CN,00000-0000,Public       ,56,48,104,56,48,104
00787400,UNIVERSITY AT CALGARY (THE)             ,CN,00000-0000,Public       ,38,32,70,38,32,70
00814800,UNIVERSITY OF WINNIPEG                  ,CN,00000-0000,Public       ,10,4,14,10,4,14
00836300,MOUNT SAINT VINCENT UNIVERSITY          ,CN,00000-0000,Public       ,4,2,6,4,2,6
00836400,SAINT MARY'S UNIVERSITY                 ,CN,00000-0000,Public       ,11,9,20,11,9,20
00836500,CONCORDIA UNIVERSITY - SIR GEORGE W     ,CN,00000-0000,Public       ,244,61,305,244,61,305
00836600,UNIVERSITE DE MONTREAL                  ,CN,00000-0000,Public       ,13,32,45,13,32,45
00836800,CARLETON UNIVERSITY                     ,CN,00000-0000,Public       ,42,19,61,42,19,61
00836900,UNIVERSITY OF BRITISH COLUMBIA          ,CN,00000-0000,Public       ,731,238,969,731,238,969
00837000,"SAFA, UNIVERSITY OF VICTORIA            ",CN,00000-0000,Public       ,148,44,192,148,44,192
00844400,SIMON FRASER UNIVERSITY                 ,CN,00000-0000,Public       ,107,39,146,107,39,146
00844600,UNIVERSITY OF WESTERN ONTARIO (THE)     ,CN,00000-0000,Public       ,35,28,63,35,28,63
00844900,ACADIA UNIVERSITY                       ,CN,00000-0000,Public       ,12,9,21,12,9,21
00858200,WILFRID LAURIER UNIVERSITY              ,CN,00000-0000,Public       ,9,12,21,9,12,21
00891300,LAKEHEAD UNIVERSITY                     ,CN,00000-0000,Public       ,0,5,5,0,5,5
00936700,UNIVERSITY OF PRINCE EDWARD ISLAND      ,CN,00000-0000,Public       ,13,52,65,13,52,65
00942100,BRANDON UNIVERSITY                      ,CN,00000-0000,Public       ,6,3,9,6,3,9
00948600,TRINITY WESTERN UNIVERSITY              ,CN,00000-0000,Private      ,102,31,133,102,31,133
00950000,MEMORIAL UNIVERSITY OF NEWFOUNDLAND     ,CN,00000-0000,Public       ,12,20,32,12,20,32
00950100,UNIVERSITY OF KING'S COLLEGE            ,CN,00000-0000,Public       ,14,4,18,14,4,18
00950300,MOUNT ALLISON UNIVERSITY                ,CN,00000-0000,Public       ,25,4,29,25,4,29
01022100,SAINT PAUL UNIVERSITY                   ,CN,00000-0000,Public       ,3,3,6,3,3,6
01045800,SHERIDAN COLLEGE OF APPLIED ARTS AN     ,CN,00000-0000,Public       ,43,16,59,43,16,59
01067500,REGENT COLLEGE                          ,CN,00000-0000,Private      ,2,20,22,2,20,22
01072000,RYERSON UNIVERSITY                      ,CN,00000-0000,Public       ,53,30,83,53,30,83
01172200,BRIERCREST BIBLE COLLEGE                ,CN,00000-0000,Private      ,4,0,4,4,0,4
01222800,HUMBER COLLEGE INSTITUTE OF TECHNOLOGY A,CN,00000-0000,Public       ,24,21,45,24,21,45
01227400,PROVIDENCE COLLEGE                      ,CN,00000-0000,Private      ,2,5,7,2,5,7
02102100,KINGSWOOD UNIVERSITY                    ,CN,00000-0000,Private      ,12,5,17,12,5,17
02167000,PRAIRIE BIBLE INST                      ,CN,00000-0000,Private      ,9,0,9,9,0,9
02201100,COLUMBIA BIBLE COLLEGE                  ,CN,00000-0000,Private      ,8,6,14,8,6,14
02216400,TYNDALE COLLEGE & SEMINARY              ,CN,00000-0000,Private      ,4,8,12,4,8,12
02219200,UNIVERSITY OF SASKATCHEWAN              ,CN,00000-0000,Public       ,13,6,19,13,6,19
02324900,EMMANUEL BIBLE COLLEGE                  ,CN,00000-0000,Private      ,2,3,5,2,3,5
02338800,EMILY CARR UNIVERSITY OF ART AND DESIGN ,CN,00000-0000,Public       ,45,18,63,45,18,63
02577200,SALVATION ARMY WM & CATHERINE BOOTH     ,CN,00000-0000,Private      ,2,0,2,2,0,2
02593800,CONCORDIA UNIVERSITY COLLEGE            ,CN,00000-0000,Private      ,8,5,13,8,5,13
02611900,THE KING'S UNIVERSITY COLLEGE           ,CN,00000-0000,Private      ,2,0,2,2,0,2
03033800,UNIVERSITY COLLEGE OF CAPE BRETON       ,CN,00000-0000,Public       ,4,0,4,4,0,4
03078300,VANCOUVER SCHOOL OF THEOLOGY            ,CN,00000-0000,Private      ,1,3,4,1,3,4
03273300,CANADIAN COLLEGE OF NATUROPATHIC ME     ,CN,00000-0000,Private      ,4,11,15,4,11,15
03298300,ALBERTA COLLEGE OF ART & DESIGN         ,CN,00000-0000,Public       ,14,11,25,14,11,25
03332500,KWANTLEN UNIVERSITY COLLEGE             ,CN,00000-0000,Public       ,5,5,10,5,5,10
03335400,CANADIAN UNIVERSITY COLLEGE             ,CN,00000-0000,Private      ,24,7,31,24,7,31
03339300,ST. STEPHENS UNIVERSITY                 ,CN,00000-0000,Private      ,2,1,3,2,1,3
03348500,REDEEMER UNIVERSITY COLLEGE             ,CN,00000-0000,Private      ,4,3,7,4,3,7
03420300,HOLLAND COLLEGE                         ,CN,00000-0000,Public       ,5,1,6,5,1,6
03560400,NIAGARA COLLEGE-WELLAND CAMPUS          ,CN,00000-0000,Public       ,10,8,18,10,8,18
03613300,UNIV OF NORTHERN BRITISH COLUMBIA       ,CN,00000-0000,Public       ,8,5,13,8,5,13
03644400,CANADIAN MENNONITE UNIVERSITY           ,CN,00000-0000,Private      ,2,0,2,2,0,2
03846300,PACIFIC LIFE BIBLE COLLEGE              ,CN,00000-0000,Private      ,6,4,10,6,4,10
03847300,CRANDALL UNIVERSITY                     ,CN,00000-0000,Private      ,1,1,2,1,1,2
04075300,QUEST UNIVERSITY CANADA                 ,CN,00000-0000,Private      ,128,10,138,128,10,138
04123100,ATLANTIC SCHOOL OF THEOLOGY             ,CN,00000-0000,Public       ,1,3,4,1,3,4
04156700,AMBROSE UNIVERSITY COLLEGE              ,CN,00000-0000,Private      ,2,10,12,2,10,12
00814700,UNIVERSIDAD AUTONOMA DE GUADALAJARA     ,MX,00000-0000,Private      ,44,377,421,44,377,421
01041800,INST TEC Y DE ESTSUPER DE MONTERRE      ,MX,00000-0000,Private      ,36,29,65,36,29,65
01067600,UNIVERSIDAD DE MONTERREY                ,MX,00000-0000,Private      ,19,13,32,19,13,32
01302100,"UNIVERSIDAD DEL NORESTE, A.C.           ",MX,00000-0000,Private      ,3,12,15,3,12,15
02053300,CENTRO DE ESTUDIOS UNIVERSITARIOS D     ,MX,00000-0000,Private      ,12,23,35,12,23,35
03776500,"UNIVERSIDAD DE LA SALLE BAJIO, A.C.     ",MX,00000-0000,Private      ,0,2,2,0,2,2
04183900,CETYS UNIVERSIDAD                       ,MX,00000-0000,Private      ,73,32,105,73,32,105
01001000,AMERICAN SAMOA CMNTY COLLEGE            ,AS,96799-2609,Public       ,114,68,182,114,68,182
01034300,COLLEGE OF MICRONESIA - FSM             ,FM,96941-0159,Public       ,117,97,214,117,97,214
01100900,PALAU COMMUNITY COLLEGE                 ,PW,96940-0009,Public       ,223,12,235,223,12,235
03022400,COLLEGE OF THE MARSHALL ISLANDS         ,MH,96960-1258,Public       ,15,34,49,15,34,49
03033000,NORTHERN MARIANAS COLLEGE               ,MP,96950-0000,Public       ,127,85,212,127,85,212
